time,x,y,z
1741507200.021481,3,3,-80
1741507200.0674808,-96,-36,-36
1741507200.1124809,55,-76,28
1741507200.158481,-34,12,-89
1741507200.204481,-44,2,-45
1741507200.250481,73,1,-55
1741507200.295481,0,-12,-151
1741507200.341481,12,-45,-186
1741507200.387481,34,-51,-162
1741507200.4324808,-13,-49,-44
1741507200.4784808,-52,-41,-18
1741507200.5244808,15,-62,-156
1741507200.5704808,-46,-36,-184
1741507200.615481,-34,-34,-282
1741507200.661481,-26,-17,43
1741507200.707481,66,-37,-110
1741507200.752481,-59,-53,-66
1741507200.798481,28,-49,-5
1741507200.844481,-13,24,-116
1741507200.890481,-3,-24,-80
1741507200.9354808,10,23,-116
1741507200.9814808,-87,-47,-128
1741507201.0274808,24,12,-62
1741507201.072481,52,84,55
1741507201.118481,-25,-69,-148
1741507201.164481,50,-37,-118
1741507201.210481,96,66,-70
1741507201.255481,-31,-69,-118
1741507201.301481,-11,-25,41
1741507201.347481,-39,26,-12
1741507201.3924809,-11,4,9
1741507201.4384809,32,-7,-20
1741507201.4844809,-12,-11,11
1741507201.5304809,27,-17,-64
1741507201.575481,2,22,-56
1741507201.621481,-60,12,-58
1741507201.6724808,-11,-15,-62
1741507201.7184808,-66,46,-200
1741507201.7644808,21,2,-100
1741507201.8104808,20,-25,13
1741507201.855481,-27,22,-20
1741507201.901481,-83,-18,-76
1741507201.947481,6,-106,5
1741507201.992481,0,43,-128
1741507202.038481,-18,-34,-58
1741507202.084481,34,-10,-80
1741507202.130481,10,-24,91
1741507202.1754808,22,25,-28
1741507202.220481,9,-49,71
1741507202.266481,-64,40,-100
1741507202.311481,-58,-105,-62
1741507202.357481,-23,69,-42
1741507202.403481,-13,-16,-30
1741507202.4484808,42,-34,-40
1741507202.4944808,38,-8,-10
1741507202.5404809,90,11,7
1741507202.5864809,-32,-9,-28
1741507202.631481,-38,-97,-140
1741507202.677481,-10,-39,-92
1741507202.723481,4,-21,-104
1741507202.768481,-11,20,-130
1741507202.814481,-75,38,-14
1741507202.860481,-15,-19,5
1741507202.906481,46,-25,-62
1741507202.9514809,172,-25,-186
1741507202.9974809,80,6,-130
1741507203.0434809,-55,-11,7
1741507203.088481,22,-6,-146
1741507203.134481,-53,-30,-88
1741507203.180481,-65,0,-36
1741507203.226481,26,39,-40
1741507203.271481,14,35,-132
1741507203.3174808,52,86,9
1741507203.3634808,-1,-10,-54
1741507203.408481,-35,-14,-14
1741507203.454481,-1,-59,-110
1741507203.500481,-15,-27,-34
1741507203.546481,-3,42,-158
1741507203.591481,92,64,-46
1741507203.637481,-20,-8,-78
1741507203.683481,2,-67,43
1741507203.7284808,12,-63,-100
1741507203.7744808,-13,67,-26
1741507203.8204808,-39,37,-94
1741507203.8664808,-5,1,-80
1741507203.911481,-7,17,-102
1741507203.957481,8,-56,-18
1741507204.003481,-73,19,-146
1741507204.048481,-13,13,67
1741507204.094481,-9,11,-22
1741507204.140481,39,1,-72
1741507204.186481,-27,0,-88
1741507204.2314808,-7,-36,-30
1741507204.2774808,110,9,-82
1741507204.3234808,12,31,-98
1741507204.368481,-76,-13,31
1741507204.414481,45,-19,-62
1741507204.460481,-58,-15,-124
1741507204.506481,3,48,97
1741507204.551481,31,-78,-186
1741507204.597481,1,-55,-34
1741507204.643481,41,-31,-38
1741507204.6884809,9,26,-203
1741507204.7344809,-47,-65,-56
1741507204.7804809,-4,-26,-95
1741507204.825481,-6,31,-50
1741507204.871481,-78,-2,-84
1741507204.917481,35,9,13
1741507204.963481,13,-38,11
1741507205.008481,53,-16,-62
1741507205.054481,-110,1,-106
1741507205.100481,-6,-14,-90
1741507205.1454809,39,79,67
1741507205.1914809,75,25,-94
1741507205.2374809,-76,99,-24
1741507205.283481,-68,-72,-172
1741507205.328481,49,45,-184
1741507205.374481,34,-13,-30
1741507205.420481,-69,-5,-38
1741507205.4654808,-79,36,-70
1741507205.5114808,-77,-17,-198
1741507205.5574808,-49,4,-94
1741507205.6034808,22,12,-128
1741507205.648481,-66,-6,-84
1741507205.694481,-129,66,-250
1741507205.740481,-59,-23,-84
1741507205.785481,7,-30,-74
1741507205.831481,25,-62,-56
1741507205.877481,55,-28,-152
1741507205.923481,111,-20,-138
1741507205.9684808,99,-20,-48
1741507206.0144808,40,-49,19
1741507206.0604808,-101,-25,-182
1741507206.105481,-43,61,-98
1741507206.151481,-3,1,-94
1741507206.197481,-6,9,-50
1741507206.243481,19,77,-150
1741507206.288481,27,49,19
1741507206.334481,21,-34,-92
1741507206.380481,0,-10,-166
1741507206.4254808,11,29,-56
1741507206.4714808,-2,-36,-48
1741507206.5174809,83,45,15
1741507206.5634809,31,-52,-24
1741507206.608481,7,23,-160
1741507206.654481,8,27,-114
1741507206.700481,6,44,-10
1741507206.745481,44,-53,15
1741507206.791481,72,-21,7
1741507206.837481,-35,92,-22
1741507206.883481,74,-95,-70
1741507206.9284809,14,-67,-78
1741507206.9744809,-125,-27,-30
1741507207.0204809,4,61,-100
1741507207.065481,-117,0,-146
1741507207.111481,52,55,-156
1741507207.157481,26,47,-20
1741507207.203481,14,0,-60
1741507207.248481,19,-31,-150
1741507207.2944808,25,58,-35
1741507207.3404808,9,70,-35
1741507207.3854809,43,118,-109
1741507207.431481,23,-4,-53
1741507207.477481,-88,-18,-106
1741507207.523481,-8,21,-14
1741507207.568481,41,-48,-20
1741507207.614481,13,-34,-90
1741507207.660481,9,-12,-140
1741507207.7054808,26,6,-100
1741507207.7514808,-71,64,-122
1741507207.7974808,38,4,-90
1741507207.8434808,-45,-105,-62
1741507207.888481,-8,52,-76
1741507207.934481,-89,-27,-133
1741507207.980481,-18,1,-46
1741507208.025481,49,1,-124
1741507208.071481,11,-2,-198
1741507208.117481,-40,-106,-90
1741507208.163481,-38,1,-18
1741507208.2084808,-92,49,-46
1741507208.2544808,-15,28,133
1741507208.3004808,3,33,-30
1741507208.345481,-2,11,-148
1741507208.391481,17,-16,-39
1741507208.437481,35,-6,-55
1741507208.483481,13,-62,-129
1741507208.528481,31,38,-75
1741507208.574481,-48,36,-71
1741507208.620481,25,40,-53
1741507208.6654809,9,46,-105
1741507208.7114809,19,-68,-175
1741507208.7574809,69,27,-192
1741507208.8034809,11,21,-54
1741507208.848481,45,-34,-76
1741507208.894481,56,-19,-96
1741507208.940481,-15,3,-26
1741507208.985481,-25,16,-58
1741507209.031481,48,-18,-42
1741507209.077481,-41,26,-138
1741507209.123481,12,-4,-182
1741507209.1684809,50,-19,-96
1741507209.2144809,4,-77,-184
1741507209.2604809,-7,-23,-12
1741507209.305481,28,-5,-114
1741507209.351481,-45,20,-134
1741507209.397481,14,2,41
1741507209.443481,22,-27,-111
1741507209.4884808,-62,-11,-99
1741507209.5344808,-13,-75,-214
1741507209.5804808,4,-134,7
1741507209.625481,122,95,43
1741507209.671481,-45,17,-106
1741507209.717481,-73,-18,-10
1741507209.763481,-21,-4,-43
1741507209.808481,-71,-10,-29
1741507209.854481,-22,-26,4
1741507209.900481,11,55,-127
1741507209.9454808,-40,-86,-131
1741507209.9914808,27,-8,-134
1741507210.0374808,71,31,16
1741507210.0834808,-22,-93,-63
1741507210.128481,-16,52,-95
1741507210.174481,-46,-13,-113
1741507210.220481,-26,-65,-79
1741507210.265481,-16,2,-41
1741507210.311481,-22,-43,-35
1741507210.357481,-8,-53,-1
1741507210.403481,17,-22,-145
1741507210.4484808,1,-4,-49
1741507210.4944808,67,-26,-97
1741507210.5404809,33,11,-130
1741507210.585481,33,-28,-72
1741507210.631481,-24,47,-98
1741507210.677481,-6,-12,-20
1741507210.723481,1,-42,-42
1741507210.768481,-44,55,-94
1741507210.814481,-42,41,-114
1741507210.860481,69,-94,-114
1741507210.9054809,55,22,-84
1741507210.9514809,-134,24,-52
1741507210.9974809,-42,-5,-19
1741507211.0434809,23,-31,-197
1741507211.088481,-12,-4,-49
1741507211.134481,-67,-46,-127
1741507211.180481,-13,49,-177
1741507211.225481,-15,-54,-83
1741507211.271481,30,-2,-121
1741507211.3174808,0,-34,-21
1741507211.3634808,-23,-6,-169
1741507211.408481,-21,21,-77
1741507211.454481,1,-52,-137
1741507211.500481,15,51,-9
1741507211.545481,-6,-10,-75
1741507211.591481,-38,7,-85
1741507211.637481,-6,-28,-205
1741507211.6884809,7,-4,-83
1741507211.7344809,35,54,-141
1741507211.7804809,-58,-5,-74
1741507211.825481,-6,-33,-98
1741507211.871481,22,-2,-70
1741507211.917481,-19,15,-73
1741507211.962481,-32,-53,3
1741507212.008481,-58,-8,-184
1741507212.054481,-58,51,-134
1741507212.100481,-19,-78,-117
1741507212.1454809,2,43,21
1741507212.1914809,-13,31,-74
1741507212.2374809,-30,-50,-60
1741507212.282481,-40,33,-128
1741507212.328481,-12,-21,-48
1741507212.374481,-56,-19,17
1741507212.420481,51,-1,-184
1741507212.4654808,-40,-13,33
1741507212.5114808,21,32,41
1741507212.5574808,-7,26,-188
1741507212.602481,-31,-13,-84
1741507212.648481,-47,0,-112
1741507212.694481,8,-17,-98
1741507212.740481,-9,-66,-66
1741507212.785481,-28,33,-56
1741507212.831481,-12,53,-60
1741507212.877481,-44,13,-108
1741507212.9224808,35,-54,-162
1741507212.9684808,-54,61,13
1741507213.0144808,55,-20,-136
1741507213.0604808,0,4,-186
1741507213.105481,41,-18,-44
1741507213.151481,13,-88,12
1741507213.197481,-24,0,-143
1741507213.242481,-6,39,-93
1741507213.288481,-2,-32,-143
1741507213.334481,67,29,-81
1741507213.380481,33,11,-119
1741507213.4254808,19,-58,-172
1741507213.4714808,17,-56,-4
1741507213.5174809,-42,31,-62
1741507213.562481,-36,17,-173
1741507213.608481,-16,-62,-6
1741507213.654481,31,-6,-175
1741507213.700481,-22,-29,-136
1741507213.745481,-8,30,34
1741507213.791481,-1,38,-65
1741507213.837481,-3,2,-135
1741507213.8824809,38,18,-39
1741507213.9284809,15,39,-145
1741507213.9744809,41,57,-146
1741507214.0204809,-34,3,-72
1741507214.065481,-56,-28,-116
1741507214.111481,-33,-6,-166
1741507214.157481,40,58,-162
1741507214.202481,-2,-14,-150
1741507214.248481,6,-23,-83
1741507214.2944808,57,-24,-70
1741507214.3404808,-4,-32,-8
1741507214.3854809,97,-10,-112
1741507214.431481,-18,1,-136
1741507214.477481,-59,34,-82
1741507214.522481,-25,2,-10
1741507214.568481,52,-5,-90
1741507214.614481,4,69,-46
1741507214.660481,49,-18,-106
1741507214.7054808,-10,-41,91
1741507214.7514808,-26,40,-104
1741507214.7974808,35,58,-120
1741507214.842481,-83,27,-72
1741507214.888481,11,12,-182
1741507214.934481,7,-9,-144
1741507214.980481,79,32,-182
1741507215.025481,-28,12,-64
1741507215.071481,-46,6,43
1741507215.117481,8,86,-98
1741507215.1624808,28,-13,-82
1741507215.2084808,2,-31,-182
1741507215.2544808,-49,-65,-56
1741507215.3004808,-5,-25,-56
1741507215.345481,55,63,-182
1741507215.391481,68,-13,-42
1741507215.437481,-1,10,-266
1741507215.482481,-6,27,-60
1741507215.528481,-37,-13,-68
1741507215.574481,-96,24,1
1741507215.620481,6,-37,-62
1741507215.6654809,118,-31,-34
1741507215.7114809,-5,-65,-45
1741507215.7574809,92,-17,-123
1741507215.802481,-117,18,50
1741507215.848481,67,43,-57
1741507215.894481,-42,7,-31
1741507215.940481,-32,0,4
1741507215.985481,-9,-3,-59
1741507216.031481,86,-19,70
1741507216.077481,-63,56,-195
1741507216.1224809,-14,-35,30
1741507216.1684809,20,18,-7
1741507216.2144809,2,56,-83
1741507216.2604809,5,45,-57
1741507216.305481,1,33,-79
1741507216.351481,-29,-19,-19
1741507216.397481,29,-48,-158
1741507216.4424808,-28,-38,-170
1741507216.4884808,-22,-37,-14
1741507216.5344808,-17,50,-100
1741507216.5804808,2,70,-84
1741507216.625481,2,-23,-64
1741507216.671481,60,-32,-114
1741507216.717481,32,48,-62
1741507216.762481,-3,-19,-54
1741507216.808481,-47,3,-76
1741507216.854481,-29,37,-122
1741507216.900481,-19,1,57
1741507216.9454808,66,37,-76
1741507216.9914808,48,-56,-114
1741507217.0374808,113,92,11
1741507217.082481,-125,-6,-96
1741507217.128481,-53,-18,-174
1741507217.174481,81,-44,-132
1741507217.220481,-13,67,-74
1741507217.265481,4,23,-176
1741507217.311481,-19,-14,-76
1741507217.357481,27,-4,-66
1741507217.4024808,-43,-41,-120
1741507217.4484808,49,39,-80
1741507217.4944808,77,7,24
1741507217.5404809,-18,25,-48
1741507217.585481,63,3,31
1741507217.631481,-12,19,-121
1741507217.677481,53,0,-194
1741507217.722481,23,-22,-202
1741507217.768481,20,12,-128
1741507217.814481,-14,-68,-122
1741507217.860481,-96,-60,-8
1741507217.9054809,-52,-34,-82
1741507217.9514809,103,43,-28
1741507217.9974809,-24,15,-168
1741507218.042481,47,21,-78
1741507218.088481,24,-43,-122
1741507218.134481,53,48,-90
1741507218.180481,-38,-19,-82
1741507218.225481,0,49,-76
1741507218.271481,-8,50,-116
1741507218.3174808,36,59,-36
1741507218.3624809,48,3,-18
1741507218.408481,32,-30,-60
1741507218.454481,23,-14,0
1741507218.499481,-7,43,-28
1741507218.545481,-79,-60,-50
1741507218.591481,22,51,-132
1741507218.637481,28,3,-90
1741507218.6824808,-44,31,-36
1741507218.729481,-2,-8,-106
1741507218.775481,4,46,-30
1741507218.821481,-37,-53,-130
1741507218.8664808,44,-53,-190
1741507218.9124808,-97,-41,-236
1741507218.9584808,-69,-9,-58
1741507219.003481,56,-35,-7
1741507219.049481,8,44,-67
1741507219.095481,28,84,-35
1741507219.141481,-55,72,-27
1741507219.186481,-55,39,-97
1741507219.232481,18,-55,-31
1741507219.278481,-38,-28,-41
1741507219.3234808,-3,-68,-69
1741507219.3694808,36,-89,-137
1741507219.4154809,-15,4,-167
1741507219.4614809,-33,-13,-113
1741507219.506481,64,48,-41
1741507219.552481,24,-24,-123
1741507219.598481,-9,35,-129
1741507219.643481,12,97,-85
1741507219.689481,-5,-44,4
1741507219.735481,14,-2,-89
1741507219.781481,4,1,-113
1741507219.8264809,62,-38,-113
1741507219.8724809,-17,24,-105
1741507219.9184809,-112,57,-97
1741507219.963481,-71,26,-207
1741507220.009481,46,-11,-57
1741507220.055481,31,13,-71
1741507220.101481,6,-13,46
1741507220.146481,-1,4,0
1741507220.1924808,-55,4,-17
1741507220.2384808,46,56,-97
1741507220.283481,102,-5,-47
1741507220.329481,-17,-104,-109
1741507220.375481,-15,-8,-93
1741507220.421481,8,73,-91
1741507220.466481,-26,10,-15
1741507220.512481,0,-70,-149
1741507220.558481,39,-86,4
1741507220.6034808,50,-65,-122
1741507220.6494808,-31,62,-142
1741507220.6954808,13,78,-49
1741507220.7414808,-15,-9,-188
1741507220.786481,12,16,32
1741507220.832481,102,77,-126
1741507220.878481,-53,-24,-29
1741507220.923481,-7,0,10
1741507220.969481,10,13,-102
1741507221.015481,-17,-8,-15
1741507221.061481,-49,-14,-67
1741507221.1064808,48,-36,-209
1741507221.1524808,0,51,36
1741507221.1984808,22,29,6
1741507221.243481,42,-54,-19
1741507221.289481,29,-30,-99
1741507221.335481,50,35,-99
1741507221.381481,6,11,-52
1741507221.426481,-23,81,-50
1741507221.472481,40,-30,-154
1741507221.518481,-33,51,-64
1741507221.5634809,-45,-48,-12
1741507221.6094809,66,-78,-22
1741507221.6554809,60,27,-98
1741507221.706481,-79,-68,-64
1741507221.752481,-37,-52,19
1741507221.798481,-23,31,-150
1741507221.8434808,32,39,-136
1741507221.8894808,-79,-33,-52
1741507221.9354808,-21,-63,-125
1741507221.9814808,78,-4,-59
1741507222.026481,2,29,-70
1741507222.072481,-46,5,-59
1741507222.118481,-49,-40,-15
1741507222.163481,16,29,-139
1741507222.209481,2,47,-79
1741507222.255481,12,48,-197
1741507222.301481,-9,-23,-67
1741507222.3464808,-39,-29,-39
1741507222.3924809,20,30,-75
1741507222.4384809,2,32,-135
1741507222.483481,17,-50,-23
1741507222.529481,-16,9,-83
1741507222.575481,123,-52,-77
1741507222.621481,105,-4,-63
1741507222.666481,-14,-52,-73
1741507222.712481,-34,-32,-148
1741507222.758481,53,-14,-98
1741507222.8034809,-30,11,-118
1741507222.8494809,63,-51,-58
1741507222.8954809,-86,-29,-117
1741507222.9414809,93,74,-126
1741507222.986481,-14,1,-107
1741507223.032481,-10,-45,-109
1741507223.078481,64,-26,-100
1741507223.123481,-36,28,-46
1741507223.1694808,-11,-56,-160
1741507223.2154808,61,0,-88
1741507223.2614808,-21,17,-20
1741507223.306481,63,-67,-84
1741507223.352481,-25,-13,-78
1741507223.398481,-27,-39,-34
1741507223.443481,-1,-11,-5
1741507223.489481,17,-51,-130
1741507223.535481,5,20,-2
1741507223.581481,54,-12,23
1741507223.6264808,-2,12,-90
1741507223.6724808,-102,-13,-82
1741507223.7184808,15,-3,-36
1741507223.763481,11,40,-88
1741507223.809481,31,61,-90
1741507223.855481,-68,-27,-82
1741507223.901481,-98,-22,1
1741507223.946481,-44,2,21
1741507223.992481,74,-1,-108
1741507224.038481,72,-41,-92
1741507224.0834808,-33,-45,-128
1741507224.1294808,-8,38,51
1741507224.1754808,49,-25,28
1741507224.2214808,11,-12,-87
1741507224.266481,13,-31,-109
1741507224.312481,-30,27,-1
1741507224.358481,25,-52,-79
1741507224.403481,-24,21,20
1741507224.449481,7,-61,-85
1741507224.495481,15,-19,-45
1741507224.541481,-16,2,26
1741507224.5864809,86,2,50
1741507224.6324809,-40,-55,-107
1741507224.6784809,79,-33,-61
1741507224.723481,-22,26,-89
1741507224.769481,-60,-49,-105
1741507224.815481,0,2,-141
1741507224.861481,13,18,-165
1741507224.906481,-56,26,-79
1741507224.952481,49,-33,-47
1741507224.998481,27,6,-107
1741507225.0434809,-30,-49,-129
1741507225.0894809,47,-13,-16
1741507225.1354809,-47,-18,-166
1741507225.180481,-67,-37,-6
1741507225.226481,14,-22,73
1741507225.272481,-8,-70,-96
1741507225.318481,-14,-36,-98
1741507225.3634808,-66,-41,-114
1741507225.4094808,35,54,95
1741507225.4554808,11,13,-130
1741507225.500481,79,19,-44
1741507225.546481,-10,21,-102
1741507225.592481,-26,9,-142
1741507225.638481,13,5,-80
1741507225.683481,35,57,35
1741507225.729481,-72,-21,-71
1741507225.775481,15,-33,-43
1741507225.8204808,-80,-1,-5
1741507225.8664808,-61,8,-147
1741507225.9124808,90,26,22
1741507225.9584808,64,-75,20
1741507226.003481,-45,-13,-153
1741507226.049481,94,32,-39
1741507226.095481,-78,30,-147
1741507226.140481,79,-33,-141
1741507226.186481,-78,-35,60
1741507226.232481,-52,24,32
1741507226.278481,6,66,-103
1741507226.3234808,-25,0,-71
1741507226.3694808,-49,-55,-91
1741507226.4154809,5,-65,-217
1741507226.460481,19,10,-93
1741507226.506481,96,18,-95
1741507226.552481,-3,32,-53
1741507226.598481,26,0,-97
1741507226.643481,-11,-27,-73
1741507226.689481,-39,-33,-111
1741507226.735481,8,-43,-13
1741507226.7804809,32,-17,-189
1741507226.8264809,54,26,-78
1741507226.8724809,-25,-37,-14
1741507226.9184809,14,-13,-42
1741507226.963481,-57,-22,-126
1741507227.009481,24,75,-222
1741507227.055481,-66,-3,-86
1741507227.100481,65,-37,-22
1741507227.146481,-63,1,-52
1741507227.1924808,-44,10,-116
1741507227.2384808,-22,10,39
1741507227.283481,-38,-79,-120
1741507227.329481,-78,-23,-24
1741507227.375481,79,-47,-158
1741507227.420481,50,-4,-66
1741507227.466481,12,-74,5
1741507227.512481,16,-50,-126
1741507227.558481,-89,11,-96
1741507227.6034808,77,-9,-50
1741507227.6494808,-20,-73,-99
1741507227.6954808,25,126,-80
1741507227.740481,-106,-3,-114
1741507227.786481,33,-23,-52
1741507227.832481,94,29,-50
1741507227.878481,62,14,-118
1741507227.923481,-27,36,-18
1741507227.969481,-10,69,-22
1741507228.015481,13,-12,-56
1741507228.0604808,-78,-2,-85
1741507228.1064808,-6,-50,-125
1741507228.1524808,-5,75,-37
1741507228.1984808,40,0,-41
1741507228.243481,-59,41,-45
1741507228.289481,58,17,-203
1741507228.335481,-27,-66,-47
1741507228.380481,18,27,-109
1741507228.426481,-7,1,-109
1741507228.472481,-79,-55,-101
1741507228.518481,-17,98,-96
1741507228.5634809,3,14,-2
1741507228.6094809,7,-29,-22
1741507228.6554809,-32,42,-141
1741507228.700481,51,2,-65
1741507228.746481,-28,28,-33
1741507228.792481,-8,68,-117
1741507228.838481,-40,-52,12
1741507228.883481,-4,-50,-41
1741507228.929481,23,-39,-129
1741507228.975481,81,-128,-61
1741507229.0204809,-6,-30,-143
1741507229.0664809,-57,-28,-91
1741507229.1124809,46,27,-83
1741507229.158481,11,38,-60
1741507229.203481,-82,3,15
1741507229.249481,-27,-37,-42
1741507229.295481,-10,-26,-41
1741507229.3404808,-20,-13,39
1741507229.3864808,-52,-41,-74
1741507229.4324808,-38,36,-156
1741507229.4784808,67,-51,49
1741507229.523481,69,-61,-140
1741507229.569481,11,-34,-186
1741507229.615481,-11,60,-12
1741507229.660481,-55,0,-122
1741507229.706481,0,57,-64
1741507229.752481,3,44,13
1741507229.798481,31,26,-38
1741507229.8434808,-22,4,-144
1741507229.8894808,34,-47,-202
1741507229.9354808,-11,22,-20
1741507229.980481,112,-19,-4
1741507230.026481,68,-51,-146
1741507230.072481,26,16,-4
1741507230.118481,74,-74,-92
1741507230.163481,49,9,-30
1741507230.209481,28,-6,5
1741507230.255481,-32,1,9
1741507230.3004808,58,15,-100
1741507230.3464808,-71,5,-68
1741507230.3924809,10,-12,-27
1741507230.4384809,72,-12,-71
1741507230.483481,19,-21,-116
1741507230.529481,11,10,-54
1741507230.575481,-10,42,-129
1741507230.620481,-8,-26,-129
1741507230.666481,9,-35,-135
1741507230.712481,49,-1,-145
1741507230.758481,38,22,-21
1741507230.8034809,-1,4,-65
1741507230.8494809,41,-33,-137
1741507230.8954809,-64,12,-71
1741507230.940481,18,5,-105
1741507230.986481,-38,-46,-75
1741507231.032481,-8,3,-95
1741507231.078481,-16,63,6
1741507231.123481,31,29,-119
1741507231.1694808,15,35,-103
1741507231.2154808,52,8,-107
1741507231.2604809,34,-43,-61
1741507231.306481,-49,34,30
1741507231.352481,22,18,-73
1741507231.398481,-11,10,-13
1741507231.443481,10,12,-65
1741507231.489481,125,33,-137
1741507231.535481,-46,51,-51
1741507231.5804808,-14,65,-9
1741507231.6264808,76,-31,-69
1741507231.677481,92,4,20
1741507231.723481,-48,9,-61
1741507231.769481,54,-25,-67
1741507231.815481,22,0,82
1741507231.860481,-17,-61,-101
1741507231.906481,57,-38,-107
1741507231.952481,19,19,-157
1741507231.998481,-6,15,-65
1741507232.0434809,37,13,-67
1741507232.0894809,54,-39,-17
1741507232.1354809,50,-23,-59
1741507232.180481,24,6,-55
1741507232.226481,-35,48,-119
1741507232.272481,74,14,-39
1741507232.3174808,-11,49,30
1741507232.3634808,44,-18,-69
1741507232.4094808,-65,3,-187
1741507232.4554808,28,-25,-215
1741507232.500481,-13,-11,-147
1741507232.546481,0,-26,-93
1741507232.592481,70,27,-49
1741507232.637481,-8,-22,-83
1741507232.683481,0,-10,-81
1741507232.729481,43,0,-3
1741507232.775481,-66,-12,-37
1741507232.8204808,-38,63,16
1741507232.8664808,15,34,-93
1741507232.9124808,27,8,-57
1741507232.957481,17,6,-125
1741507233.003481,-64,-8,-43
1741507233.049481,-38,-70,-151
1741507233.095481,23,29,-145
1741507233.140481,-83,-13,-101
1741507233.186481,5,11,-57
1741507233.232481,7,-28,-85
1741507233.2774808,-54,-14,-55
1741507233.3234808,63,-54,-119
1741507233.3694808,64,49,30
1741507233.4154809,-2,37,-59
1741507233.460481,-3,-21,-73
1741507233.506481,-27,-34,-107
1741507233.552481,32,3,-61
1741507233.597481,54,51,-129
1741507233.643481,79,-35,-49
1741507233.689481,51,-21,-139
1741507233.735481,-5,-47,-133
1741507233.7804809,-40,-7,-161
1741507233.8264809,4,0,-61
1741507233.8724809,-11,-60,-111
1741507233.917481,-2,-56,18
1741507233.963481,44,44,-135
1741507234.009481,6,4,-57
1741507234.055481,80,30,91
1741507234.100481,82,48,-58
1741507234.146481,32,10,-32
1741507234.1924808,-21,0,22
1741507234.2374809,30,44,-51
1741507234.283481,-5,-51,-91
1741507234.329481,18,41,-169
1741507234.375481,-29,25,-31
1741507234.420481,10,18,-123
1741507234.466481,-53,20,-249
1741507234.512481,-19,4,-181
1741507234.5574808,22,-54,-94
1741507234.6034808,27,-8,-56
1741507234.6494808,64,25,-31
1741507234.6954808,36,4,-163
1741507234.740481,12,-68,-68
1741507234.786481,77,36,-64
1741507234.832481,36,-1,-184
1741507234.877481,168,-58,-98
1741507234.923481,57,39,-9
1741507234.969481,-28,-13,-139
1741507235.015481,23,-62,-143
1741507235.0604808,28,-62,-51
1741507235.1064808,76,-33,-89
1741507235.1524808,-21,-25,-9
1741507235.197481,-23,-11,-29
1741507235.243481,-32,-18,-199
1741507235.289481,-36,-8,-143
1741507235.335481,29,59,-163
1741507235.380481,-24,-54,-59
1741507235.426481,-61,-37,-75
1741507235.472481,-81,-1,-127
1741507235.5174809,-3,-17,-21
1741507235.5634809,-46,-4,-31
1741507235.6094809,-24,-16,-133
1741507235.6554809,-4,-20,-41
1741507235.700481,17,-78,-137
1741507235.746481,30,2,-37
1741507235.792481,-7,9,-37
1741507235.837481,12,43,4
1741507235.883481,-50,-13,-99
1741507235.929481,66,78,-77
1741507235.975481,30,-45,8
1741507236.0204809,-18,27,-27
1741507236.0664809,56,-11,10
1741507236.1124809,-17,30,-17
1741507236.157481,20,14,-53
1741507236.203481,-13,6,-37
1741507236.249481,11,20,-73
1741507236.295481,9,-9,-125
1741507236.3404808,-62,-45,-83
1741507236.3864808,29,46,-66
1741507236.4324808,-20,24,-9
1741507236.477481,6,24,-64
1741507236.523481,45,-62,-42
1741507236.569481,-18,-34,-32
1741507236.615481,-56,23,-158
1741507236.660481,-44,21,-42
1741507236.706481,-5,-41,-134
1741507236.752481,38,-53,17
1741507236.7974808,70,-41,-72
1741507236.8434808,-86,33,-130
1741507236.8894808,10,-47,-114
1741507236.9354808,82,28,-130
1741507236.980481,32,-23,-18
1741507237.026481,40,-8,-44
1741507237.072481,-2,-49,-64
1741507237.117481,-45,-6,45
1741507237.163481,48,-22,-128
1741507237.209481,8,69,-154
1741507237.255481,31,-2,13
1741507237.3004808,-10,0,5
1741507237.3464808,23,-30,-56
1741507237.3924809,-24,20,43
1741507237.437481,29,4,-162
1741507237.483481,77,21,53
1741507237.529481,13,74,-32
1741507237.575481,23,-47,-48
1741507237.620481,-28,-31,-38
1741507237.666481,-31,-2,-52
1741507237.712481,-61,7,-28
1741507237.7574809,-15,-68,-60
1741507237.8034809,-21,4,27
1741507237.8494809,-81,-17,-16
1741507237.8954809,-1,-45,-108
1741507237.940481,34,-39,-32
1741507237.986481,33,2,-9
1741507238.032481,-20,69,-167
1741507238.077481,-48,73,-35
1741507238.123481,17,-8,-105
1741507238.1694808,9,27,-37
1741507238.2154808,139,-50,-111
1741507238.2604809,-38,27,-45
1741507238.306481,-38,17,-239
1741507238.352481,27,10,-135
1741507238.397481,-4,-27,-61
1741507238.443481,33,66,-21
1741507238.489481,71,-17,-17
1741507238.535481,-30,-69,-73
1741507238.5804808,-7,10,-95
1741507238.6264808,-68,10,-15
1741507238.6724808,24,-7,-55
1741507238.717481,29,-54,-11
1741507238.763481,-54,-21,-93
1741507238.809481,-24,-24,10
1741507238.854481,-118,35,-49
1741507238.900481,-41,-41,-109
1741507238.946481,22,4,-57
1741507238.992481,34,-71,-109
1741507239.0374808,22,-21,-23
1741507239.0834808,-23,-7,-25
1741507239.1294808,0,-83,-153
1741507239.174481,55,-21,-241
1741507239.220481,-14,96,-117
1741507239.266481,-36,-12,-129
1741507239.312481,-92,72,20
1741507239.357481,-87,66,-43
1741507239.403481,-35,-17,-81
1741507239.449481,-9,-7,-101
1741507239.4944808,65,-2,-27
1741507239.5404809,17,25,-55
1741507239.5864809,-6,49,-137
1741507239.6324809,-28,86,36
1741507239.677481,3,-56,-101
1741507239.723481,4,-3,-103
1741507239.769481,-37,30,-57
1741507239.814481,40,50,-67
1741507239.860481,48,-1,-163
1741507239.906481,2,50,-69
1741507239.952481,-6,25,-1
1741507239.9974809,38,18,-193
1741507240.0434809,22,-37,2
1741507240.0894809,8,6,-127
1741507240.134481,70,10,-45
1741507240.180481,34,-53,-121
1741507240.226481,84,50,-53
1741507240.272481,68,42,-89
1741507240.3174808,-8,-23,-153
1741507240.3634808,15,70,-15
1741507240.4094808,1,47,-123
1741507240.454481,84,8,-165
1741507240.500481,-34,31,-161
1741507240.546481,18,14,-147
1741507240.592481,-38,25,60
1741507240.637481,-21,-33,-57
1741507240.683481,27,-6,-24
1741507240.729481,37,37,-26
1741507240.7744808,-12,-10,23
1741507240.8204808,21,15,-45
1741507240.8664808,-2,-44,-31
1741507240.9124808,5,-58,-89
1741507240.957481,32,18,-84
1741507241.003481,11,15,-200
1741507241.049481,-49,-1,-106
1741507241.094481,24,0,-28
1741507241.140481,-66,-30,-149
1741507241.186481,111,-8,-51
1741507241.232481,61,17,-93
1741507241.2774808,-6,-23,-9
1741507241.3234808,23,-1,28
1741507241.3694808,-39,4,38
1741507241.414481,20,-51,-37
1741507241.460481,39,8,-31
1741507241.506481,-38,-67,-59
1741507241.552481,75,41,-32
1741507241.597481,-28,9,-125
1741507241.643481,31,-64,-119
1741507241.694481,19,35,-115
1741507241.740481,24,-100,-55
1741507241.786481,1,-86,-13
1741507241.832481,59,-12,-3
1741507241.877481,31,-38,-113
1741507241.923481,-18,-11,-115
1741507241.969481,-24,-60,-57
1741507242.0144808,-110,-46,-91
1741507242.0604808,-35,-51,-39
1741507242.1064808,44,34,-167
1741507242.1524808,67,29,-7
1741507242.197481,64,-19,-27
1741507242.243481,12,-48,-167
1741507242.289481,4,27,-135
1741507242.334481,-27,5,-189
1741507242.380481,-36,-17,-65
1741507242.426481,-6,0,-161
1741507242.472481,35,21,-145
1741507242.5174809,-126,53,-27
1741507242.5634809,26,42,-40
1741507242.6094809,-11,58,-65
1741507242.654481,-17,-69,-183
1741507242.700481,-8,93,-111
1741507242.746481,-57,34,-121
1741507242.792481,-53,-5,-79
1741507242.837481,-2,-16,-99
1741507242.883481,6,85,-43
1741507242.929481,-15,33,-57
1741507242.9744809,-7,41,-215
1741507243.0204809,-39,-23,-47
1741507243.0664809,-19,15,-1
1741507243.1124809,-4,39,-113
1741507243.157481,2,17,26
1741507243.203481,4,-44,-29
1741507243.249481,-32,-8,-31
1741507243.2934809,-77,50,-93
1741507243.3394809,46,-7,-123
1741507243.3854809,-13,96,-8
1741507243.430481,-17,40,-109
1741507243.476481,88,8,-59
1741507243.522481,16,14,-107
1741507243.568481,16,-90,-121
1741507243.6134808,-22,33,-39
1741507243.6594808,8,-56,-199
1741507243.7054808,3,1,-143
1741507243.750481,-7,39,-167
1741507243.796481,1,63,-121
1741507243.842481,-70,30,-111
1741507243.888481,7,-51,-69
1741507243.933481,-30,-9,-143
1741507243.979481,-12,2,-127
1741507244.025481,-7,-18,-121
1741507244.0704808,27,-47,-61
1741507244.1164808,-70,-47,86
1741507244.1624808,-25,-12,-45
1741507244.2084808,45,-120,-5
1741507244.253481,-35,-69,-119
1741507244.299481,-25,-6,-69
1741507244.345481,-75,59,-37
1741507244.390481,-20,52,-35
1741507244.436481,22,97,-129
1741507244.482481,40,-68,-51
1741507244.528481,-27,-3,-140
1741507244.5734808,-5,-79,-42
1741507244.6194808,-100,28,3
1741507244.6654809,-84,-47,-123
1741507244.710481,47,30,6
1741507244.756481,51,36,-104
1741507244.802481,-42,24,-170
1741507244.848481,-20,18,-92
1741507244.893481,55,18,-58
1741507244.939481,77,-21,-152
1741507244.985481,19,-9,-62
1741507245.0304809,7,-7,47
1741507245.0764809,21,-37,3
1741507245.1224809,27,16,-68
1741507245.1684809,-32,32,-100
1741507245.213481,-10,-41,-70
1741507245.259481,-14,-9,-52
1741507245.305481,-105,-49,-42
1741507245.350481,97,-14,-48
1741507245.396481,27,-78,-92
1741507245.4424808,49,52,-70
1741507245.4884808,0,2,-108
1741507245.533481,-19,50,-98
1741507245.579481,-13,79,23
1741507245.625481,-40,-15,-42
1741507245.670481,67,30,-58
1741507245.716481,-3,14,-126
1741507245.762481,47,-63,-22
1741507245.8074808,-30,48,-72
1741507245.8534808,-34,40,-72
1741507245.8994808,-29,-23,-88
1741507245.9454808,-5,-3,5
1741507245.990481,48,-40,-92
1741507246.036481,22,4,-9
1741507246.082481,24,-22,-125
1741507246.127481,65,-67,-63
1741507246.173481,27,-41,-53
1741507246.219481,-52,62,20
1741507246.265481,23,-12,-69
1741507246.3104808,43,56,-139
1741507246.3564808,-64,-25,-189
1741507246.4024808,21,32,-25
1741507246.447481,25,-29,-5
1741507246.493481,-67,69,-77
1741507246.539481,10,27,-29
1741507246.585481,-89,40,-146
1741507246.630481,52,34,-167
1741507246.676481,27,-43,-57
1741507246.722481,0,12,-73
1741507246.7674809,-12,26,-115
1741507246.8134809,-72,57,-115
1741507246.8594809,91,-14,-48
1741507246.9054809,46,7,-156
1741507246.950481,26,-32,-82
1741507246.996481,78,27,-88
1741507247.042481,-37,-14,-40
1741507247.087481,-43,-26,-154
1741507247.133481,68,59,-78
1741507247.179481,22,-32,-86
1741507247.225481,58,69,-64
1741507247.2704809,-85,-44,-196
1741507247.3164809,12,61,-152
1741507247.3624809,-43,9,-198
1741507247.407481,-25,-67,-190
1741507247.453481,16,-6,-116
1741507247.499481,-19,27,-104
1741507247.545481,-12,-9,-88
1741507247.5904808,1,16,61
1741507247.6364808,-8,-25,-156
1741507247.6824808,79,27,-52
1741507247.727481,-52,63,19
1741507247.773481,-50,-58,69
1741507247.819481,-33,-61,-108
1741507247.865481,109,-14,-18
1741507247.910481,12,44,-152
1741507247.956481,44,-25,-94
1741507248.002481,34,-25,-98
1741507248.0474808,21,6,-106
1741507248.0934808,-63,0,-152
1741507248.1394808,-87,-13,45
1741507248.1854808,-37,-32,-150
1741507248.230481,-5,-26,63
1741507248.276481,-7,-2,-26
1741507248.322481,20,-3,-184
1741507248.367481,50,54,-18
1741507248.413481,-5,14,-74
1741507248.459481,62,42,-65
1741507248.505481,-8,13,-177
1741507248.5504808,-52,-4,-87
1741507248.5964808,-24,-37,-237
1741507248.6424809,-80,69,-163
1741507248.687481,61,-22,24
1741507248.733481,35,-4,-131
1741507248.779481,17,-8,-93
1741507248.825481,-24,25,-71
1741507248.870481,-110,-8,-26
1741507248.916481,-38,-25,-156
1741507248.962481,5,23,-110
1741507249.0074809,-10,3,5
1741507249.0534809,-51,-2,-192
1741507249.0994809,2,-2,-22
1741507249.1454809,-37,-14,-44
1741507249.190481,21,32,-6
1741507249.236481,-36,44,-28
1741507249.282481,-8,-45,-186
1741507249.327481,3,66,-32
1741507249.373481,18,-22,-112
1741507249.4194808,66,-72,39
1741507249.4654808,-34,9,-160
1741507249.5104809,88,46,1
1741507249.556481,26,36,-116
1741507249.602481,10,-14,-100
1741507249.647481,26,43,45
1741507249.693481,-67,29,-115
1741507249.739481,32,-30,-201
1741507249.785481,42,-58,-55
1741507249.8304808,12,33,-77
1741507249.8764808,12,57,-207
1741507249.9224808,38,5,-23
1741507249.967481,-69,34,-131
1741507250.013481,-11,-27,16
1741507250.059481,-12,-48,-85
1741507250.105481,123,21,-99
1741507250.150481,-52,-14,-90
1741507250.196481,71,-102,-94
1741507250.242481,19,-68,-110
1741507250.2874808,-44,-30,-94
1741507250.3334808,41,41,-40
1741507250.3794808,-22,67,-80
1741507250.4254808,9,81,-84
1741507250.470481,-30,-82,-68
1741507250.516481,-14,-28,-120
1741507250.562481,78,-50,-110
1741507250.607481,-89,-4,-18
1741507250.653481,17,-27,-30
1741507250.699481,-18,30,-14
1741507250.745481,79,2,-90
1741507250.7904809,87,-5,-66
1741507250.8364809,51,46,-106
1741507250.8824809,-56,-59,-156
1741507250.927481,-28,-27,-58
1741507250.973481,45,4,-88
1741507251.019481,-96,-30,-60
1741507251.065481,-32,31,-6
1741507251.110481,-8,-9,-70
1741507251.156481,8,6,-40
1741507251.202481,-33,-6,-22
1741507251.2474809,46,18,-40
1741507251.2934809,-5,-83,-156
1741507251.3394809,4,-87,79
1741507251.3854809,42,-58,-86
1741507251.430481,42,5,-38
1741507251.476481,-71,-17,42
1741507251.522481,-65,-14,-69
1741507251.5674808,16,-47,-76
1741507251.6134808,50,26,-178
1741507251.6594808,-6,-43,-54
1741507251.710481,-5,-1,-75
1741507251.756481,38,79,-75
1741507251.802481,-3,21,18
1741507251.847481,-34,-24,-17
1741507251.893481,-29,3,-69
1741507251.939481,-63,31,-131
1741507251.985481,-85,32,-143
1741507252.0304809,-16,-35,1
1741507252.0764809,-56,-35,-43
1741507252.1224809,19,-39,-267
1741507252.167481,-6,-7,-41
1741507252.213481,-50,30,-57
1741507252.259481,19,38,-51
1741507252.305481,17,-63,-177
1741507252.350481,23,-25,-103
1741507252.396481,15,-9,-151
1741507252.4424808,17,18,10
1741507252.4874809,43,-51,-123
1741507252.533481,13,28,-65
1741507252.579481,-16,16,2
1741507252.624481,-42,-72,22
1741507252.670481,-76,-59,-95
1741507252.716481,14,-24,-109
1741507252.762481,78,-48,-173
1741507252.8074808,-19,65,90
1741507252.8534808,67,-31,-99
1741507252.8994808,-4,-29,-11
1741507252.944481,75,-27,-135
1741507252.990481,93,79,-63
1741507253.036481,1,-7,-59
1741507253.082481,27,11,-269
1741507253.127481,12,3,-195
1741507253.173481,10,27,-35
1741507253.219481,85,-23,-69
1741507253.2644808,-42,101,-51
1741507253.3104808,8,-8,2
1741507253.3564808,-13,-12,-135
1741507253.4024808,72,84,22
1741507253.447481,52,3,-125
1741507253.493481,4,-49,-251
1741507253.539481,26,-33,-49
1741507253.584481,-17,12,-131
1741507253.630481,91,19,-155
1741507253.676481,13,-62,-101
1741507253.722481,-37,-55,2
1741507253.7674809,73,-33,-81
1741507253.8134809,-55,-15,12
1741507253.8594809,22,-11,-25
1741507253.904481,-63,-57,33
1741507253.950481,30,-19,-28
1741507253.996481,4,16,-94
1741507254.042481,-33,28,-20
1741507254.087481,25,13,-74
1741507254.133481,129,-19,-126
1741507254.179481,62,-103,-92
1741507254.2244809,80,-17,-146
1741507254.2704809,30,30,-111
1741507254.3164809,-14,-97,-79
1741507254.3624809,-42,-97,-67
1741507254.407481,-38,34,-3
1741507254.453481,87,-10,-62
1741507254.499481,16,25,-162
1741507254.5444808,38,19,-74
1741507254.5904808,37,8,-10
1741507254.6364808,119,48,-26
1741507254.6824808,30,-8,-174
1741507254.727481,-27,9,-44
1741507254.773481,5,5,-44
1741507254.819481,-48,19,-46
1741507254.864481,-24,13,43
1741507254.910481,-8,47,-42
1741507254.956481,-66,52,5
1741507255.002481,35,13,9
1741507255.0474808,18,-14,-50
1741507255.0934808,3,49,-114
1741507255.1394808,0,52,-70
1741507255.184481,27,-19,-102
1741507255.230481,61,11,-118
1741507255.276481,-4,66,-120
1741507255.322481,15,-73,-178
1741507255.367481,1,2,-16
1741507255.413481,-2,-56,19
1741507255.459481,33,-24,-30
1741507255.5044808,3,-14,-40
1741507255.5504808,-56,7,-30
1741507255.5964808,78,-12,-160
1741507255.6424809,-8,-54,-52
1741507255.687481,106,-6,-122
1741507255.733481,72,47,-138
1741507255.779481,69,37,-60
1741507255.824481,95,29,-63
1741507255.870481,-19,55,-39
1741507255.916481,-47,-30,-51
1741507255.962481,-19,29,-21
1741507256.0074809,29,28,-31
1741507256.0534809,-56,-95,-96
1741507256.0994809,88,-48,-175
1741507256.144481,48,-58,-173
1741507256.190481,-63,-54,-64
1741507256.236481,32,-26,-108
1741507256.282481,4,-12,-146
1741507256.327481,11,-22,-62
1741507256.373481,-10,-19,-129
1741507256.4194808,-44,2,18
1741507256.4644809,61,52,-15
1741507256.5104809,25,-19,-219
1741507256.556481,-64,43,-171
1741507256.602481,79,16,-175
1741507256.647481,-15,22,-127
1741507256.693481,13,68,-17
1741507256.739481,-28,-26,-33
1741507256.7844808,-75,-5,-39
1741507256.8304808,86,50,-177
1741507256.8764808,23,-101,-151
1741507256.9224808,-58,-27,-61
1741507256.967481,-8,15,-109
1741507257.013481,11,11,-131
1741507257.059481,55,-40,-21
1741507257.104481,1,110,-105
1741507257.150481,-26,22,-33
1741507257.196481,-14,8,116
1741507257.242481,-66,-27,-205
1741507257.2874808,81,-1,-193
1741507257.3334808,33,-30,-77
1741507257.3794808,-3,-134,-73
1741507257.424481,-17,-26,-87
1741507257.470481,8,4,-15
1741507257.516481,-39,3,102
1741507257.562481,-23,1,-144
1741507257.607481,54,-4,-180
1741507257.653481,-84,-42,-132
1741507257.699481,-19,33,-112
1741507257.7444808,-60,15,-44
1741507257.7904809,37,-66,-42
1741507257.8364809,27,41,-106
1741507257.8824809,-69,22,-14
1741507257.927481,5,-126,-102
1741507257.973481,-41,36,-62
1741507258.019481,-23,-27,63
1741507258.064481,-35,-59,-44
1741507258.110481,-57,-3,-54
1741507258.156481,10,-21,-38
1741507258.202481,-77,-57,-60
1741507258.2474809,-51,-59,-48
1741507258.2934809,49,-30,-122
1741507258.3394809,28,-6,31
1741507258.384481,-39,-30,-142
1741507258.430481,-43,-6,-108
1741507258.476481,8,-44,-112
1741507258.522481,-44,8,-114
1741507258.5674808,84,-10,-18
1741507258.6134808,5,12,8
1741507258.6594808,47,2,-163
1741507258.704481,45,-25,6
1741507258.750481,-16,-9,-91
1741507258.796481,3,2,-33
1741507258.842481,-30,17,-83
1741507258.887481,0,11,28
1741507258.933481,-37,-8,22
1741507258.979481,2,117,-85
1741507259.0244808,12,6,-73
1741507259.0704808,-59,6,-27
1741507259.1164808,70,11,1
1741507259.1624808,-7,-6,-52
1741507259.207481,-53,11,-46
1741507259.253481,14,33,-16
1741507259.299481,48,-10,-153
1741507259.344481,76,-42,-38
1741507259.390481,-43,-86,11
1741507259.436481,-69,-31,-70
1741507259.4814808,14,0,7
1741507259.5274808,40,3,-17
1741507259.5734808,4,28,-16
1741507259.6194808,-91,-57,-86
1741507259.664481,24,4,-96
1741507259.710481,12,-44,15
1741507259.756481,22,-23,-56
1741507259.801481,-35,-21,-32
1741507259.847481,19,-7,-72
1741507259.893481,89,-59,-136
1741507259.939481,-10,-47,-87
1741507259.9844809,89,-33,-67
1741507260.0304809,-49,91,-69
1741507260.0764809,43,-21,-79
1741507260.121481,38,-46,-181
1741507260.167481,33,48,-119
1741507260.213481,-56,30,-131
1741507260.259481,-44,10,-57
1741507260.304481,30,-94,-95
1741507260.350481,-9,55,-93
1741507260.396481,-17,-2,-43
1741507260.4414809,-60,-75,56
1741507260.4874809,-32,-35,-109
1741507260.533481,31,-16,16
1741507260.579481,87,-23,-177
1741507260.624481,-58,-57,-21
1741507260.670481,-50,-1,-195
1741507260.716481,11,-1,-161
1741507260.7614808,0,28,52
1741507260.8074808,-9,-3,-115
1741507260.8534808,40,-71,-45
1741507260.8994808,-43,-49,-50
1741507260.944481,36,-57,-8
1741507260.990481,-7,-21,23
1741507261.036481,-85,-69,-72
1741507261.081481,61,-31,-12
1741507261.127481,31,-3,-70
1741507261.173481,2,-21,-162
1741507261.219481,32,36,-4
1741507261.2644808,-25,52,-42
1741507261.3104808,-22,27,-144
1741507261.3564808,12,46,-92
1741507261.401481,11,-15,1
1741507261.447481,-11,48,-104
1741507261.493481,-9,-39,-126
1741507261.539481,-17,12,-98
1741507261.584481,16,-13,-140
1741507261.630481,56,-41,-104
1741507261.676481,6,-31,-22
1741507261.727481,32,54,-16
1741507261.773481,14,36,-118
1741507261.819481,62,-97,-56
1741507261.864481,20,-40,-10
1741507261.910481,-33,-37,-182
1741507261.956481,28,6,-36
1741507262.0014808,103,35,5
1741507262.0474808,0,33,-202
1741507262.0934808,-28,-23,-156
1741507262.1394808,25,0,-136
1741507262.184481,9,25,-97
1741507262.230481,-34,63,-88
1741507262.276481,-22,23,-74
1741507262.321481,-30,59,-44
1741507262.367481,-50,-28,-26
1741507262.413481,-38,27,-106
1741507262.459481,-54,-10,-122
1741507262.5044808,-38,-22,-42
1741507262.5504808,31,35,-224
1741507262.5964808,143,25,-50
1741507262.641481,93,20,1
1741507262.687481,-25,-35,-112
1741507262.733481,54,-44,29
1741507262.779481,60,109,-78
1741507262.824481,36,53,-186
1741507262.870481,-50,4,-12
1741507262.916481,17,68,-104
1741507262.9614809,9,30,-32
1741507263.0074809,25,50,31
1741507263.0534809,41,-16,-48
1741507263.0994809,25,-19,-118
1741507263.144481,-42,46,69
1741507263.190481,-17,81,-68
1741507263.236481,59,-75,-102
1741507263.281481,-8,-3,-132
1741507263.327481,23,-67,-159
1741507263.373481,5,-5,-121
1741507263.4194808,-80,63,-13
1741507263.4644809,-83,21,-1
1741507263.5104809,11,31,-131
1741507263.556481,-43,-17,-3
1741507263.601481,-20,1,-148
1741507263.647481,2,33,-48
1741507263.693481,1,-27,-52
1741507263.739481,52,4,-37
1741507263.7844808,-24,28,-131
1741507263.8304808,-22,16,-15
1741507263.8764808,27,30,-143
1741507263.921481,12,44,-119
1741507263.967481,12,-1,-223
1741507264.013481,-33,-15,132
1741507264.059481,-11,40,24
1741507264.104481,-4,22,-169
1741507264.150481,-3,-24,12
1741507264.196481,9,-138,-151
1741507264.2414808,-51,18,-41
1741507264.2874808,36,22,-169
1741507264.3334808,44,-21,-239
1741507264.3794808,-31,64,28
1741507264.424481,46,32,-49
1741507264.470481,22,20,84
1741507264.516481,-31,-87,-87
1741507264.561481,64,-17,-17
1741507264.607481,32,-11,-143
1741507264.653481,51,68,-99
1741507264.699481,2,-21,34
1741507264.7444808,15,4,-31
1741507264.7904809,47,-13,-123
1741507264.8364809,10,-75,-65
1741507264.881481,-37,-9,-45
1741507264.927481,-4,-4,-125
1741507264.973481,-7,31,2
1741507265.019481,8,-44,-143
1741507265.064481,-6,46,-111
1741507265.110481,-66,-29,-89
1741507265.156481,57,92,-43
1741507265.2014809,-85,55,-9
1741507265.2474809,-67,5,-91
1741507265.2934809,44,-36,-123
1741507265.3394809,39,-23,-151
1741507265.384481,13,20,-95
1741507265.430481,0,23,-119
1741507265.476481,-38,8,-93
1741507265.521481,31,21,-100
1741507265.5674808,-18,-22,-104
1741507265.6134808,-24,15,-18
1741507265.6594808,-35,-16,-162
1741507265.704481,36,-84,-146
1741507265.750481,61,-14,-120
1741507265.796481,-8,-68,-8
1741507265.841481,7,-93,-28
1741507265.887481,-48,46,-82
1741507265.933481,34,55,-88
1741507265.979481,-11,-14,-18
1741507266.0244808,24,53,-24
1741507266.0704808,29,36,-116
1741507266.1164808,-18,-29,-188
1741507266.161481,21,3,-102
1741507266.207481,-42,-70,-12
1741507266.253481,25,33,-178
1741507266.298481,30,70,-118
1741507266.344481,6,-13,-80
1741507266.390481,-9,58,-104
1741507266.436481,-35,-19,-156
1741507266.4814808,7,-34,-106
1741507266.5274808,-27,-5,-159
1741507266.5734808,-87,54,-39
1741507266.618481,25,-6,-167
1741507266.664481,-9,-33,-159
1741507266.710481,-70,-26,-49
1741507266.756481,11,-52,-87
1741507266.801481,-14,29,-55
1741507266.847481,37,-72,-53
1741507266.893481,5,3,-97
1741507266.9384809,27,3,-42
1741507266.9844809,29,31,-145
1741507267.0304809,71,-6,48
1741507267.0764809,22,-29,-73
1741507267.121481,-24,13,20
1741507267.167481,-49,-17,10
1741507267.213481,-30,45,-23
1741507267.258481,3,-8,-139
1741507267.304481,30,16,-51
1741507267.350481,62,-51,-123
1741507267.396481,-55,16,-143
1741507267.4414809,11,-93,-139
1741507267.4874809,87,-47,-59
1741507267.533481,33,98,-29
1741507267.578481,77,34,68
1741507267.624481,-45,-14,-81
1741507267.670481,32,-19,-131
1741507267.716481,-45,-33,-173
1741507267.7614808,-3,-47,-95
1741507267.8074808,11,-26,-190
1741507267.8534808,-57,77,-19
1741507267.898481,-43,-24,-95
1741507267.944481,34,28,-47
1741507267.990481,6,56,-92
1741507268.036481,-14,25,-50
1741507268.081481,3,5,-38
1741507268.127481,16,-20,-34
1741507268.173481,-14,-57,-98
1741507268.2184808,45,-31,7
1741507268.2644808,59,34,-68
1741507268.3104808,35,-5,-50
1741507268.3564808,-60,26,-98
1741507268.401481,58,8,-98
1741507268.447481,-30,24,-89
1741507268.493481,27,52,-27
1741507268.538481,-42,-1,-43
1741507268.584481,-45,-47,-195
1741507268.630481,18,-15,-59
1741507268.676481,13,-52,32
1741507268.7214808,32,-19,-215
1741507268.7674809,-15,38,19
1741507268.8134809,42,44,-36
1741507268.858481,11,21,-102
1741507268.903481,32,-27,-122
1741507268.949481,-1,-31,27
1741507268.9944808,-65,-35,-108
1741507269.0404809,64,14,-72
1741507269.0864809,16,26,-40
1741507269.1324809,-25,34,-70
1741507269.177481,-21,-13,-142
1741507269.223481,-60,0,-112
1741507269.269481,46,-25,-39
1741507269.314481,-43,-21,44
1741507269.360481,10,-75,-169
1741507269.406481,14,-2,-48
1741507269.452481,-74,-39,-46
1741507269.4974809,-34,-33,44
1741507269.5434809,-21,31,-196
1741507269.5894809,-21,-4,-146
1741507269.634481,44,-35,-5
1741507269.680481,-58,-29,-109
1741507269.726481,-10,6,-70
1741507269.772481,5,-2,-86
1741507269.8174808,9,35,-92
1741507269.8634808,5,-28,-102
1741507269.9094808,-50,-16,-17
1741507269.954481,51,3,-61
1741507270.000481,-42,-24,-103
1741507270.046481,69,7,-61
1741507270.092481,-22,5,6
1741507270.137481,-24,9,-5
1741507270.183481,-16,31,-53
1741507270.229481,-10,71,-27
1741507270.2744808,-46,15,-55
1741507270.3204808,-20,-3,-85
1741507270.3664808,23,-19,-171
1741507270.4124808,-20,-41,-39
1741507270.457481,45,20,-25
1741507270.503481,-86,60,-43
1741507270.549481,-72,-10,61
1741507270.594481,47,10,35
1741507270.640481,49,10,-228
1741507270.686481,-8,-25,-70
1741507270.732481,33,-115,-108
1741507270.7774808,15,30,-100
1741507270.8234808,-2,-43,-154
1741507270.8694808,3,21,-5
1741507270.914481,14,100,-37
1741507270.960481,-5,-47,-43
1741507271.006481,30,-19,-107
1741507271.052481,-83,2,-111
1741507271.097481,-2,21,-91
1741507271.143481,57,7,-1
1741507271.189481,110,8,-63
1741507271.2344809,43,13,-91
1741507271.2804809,-32,-46,-177
1741507271.3264809,43,61,-195
1741507271.3724809,21,17,-153
1741507271.417481,-48,52,-171
1741507271.463481,97,20,-130
1741507271.509481,34,35,-132
1741507271.554481,-2,-3,-34
1741507271.600481,41,-7,-68
1741507271.646481,0,-47,-22
1741507271.6924808,71,59,-172
1741507271.743481,13,-70,-12
1741507271.789481,51,-12,-22
1741507271.834481,53,0,-82
1741507271.880481,1,73,53
1741507271.926481,24,6,-152
1741507271.972481,38,48,-56
1741507272.0174809,8,30,-28
1741507272.0634809,2,0,-27
1741507272.1094809,0,71,-94
1741507272.154481,-21,-32,-40
1741507272.200481,4,5,-98
1741507272.246481,6,-86,-10
1741507272.292481,-29,33,-156
1741507272.337481,4,-10,-92
1741507272.383481,27,90,2
1741507272.429481,-34,26,-129
1741507272.4744809,-58,-17,-89
1741507272.5204809,121,34,-47
1741507272.5664809,17,23,-69
1741507272.6124809,-18,-7,-65
1741507272.657481,-34,34,12
1741507272.703481,0,0,-23
1741507272.749481,-19,-44,-131
1741507272.7944808,-65,67,-125
1741507272.8404808,-27,-54,-61
1741507272.8864808,-56,85,-97
1741507272.9324808,28,55,-141
1741507272.977481,-62,0,-119
1741507273.023481,-1,-10,-119
1741507273.069481,-59,-31,-7
1741507273.114481,-49,6,-79
1741507273.160481,0,0,-69
1741507273.206481,-53,-41,-31
1741507273.2514808,-43,-21,-157
1741507273.2974808,36,54,-281
1741507273.3434808,-8,6,-105
1741507273.3894808,-37,35,-13
1741507273.434481,-10,19,-137
1741507273.480481,-47,-48,-127
1741507273.526481,-47,37,-123
1741507273.571481,48,-72,-63
1741507273.617481,7,67,-87
1741507273.663481,-94,-35,-133
1741507273.709481,21,-16,-175
1741507273.7544808,0,33,-29
1741507273.8004808,-12,37,16
1741507273.8464808,-69,-28,26
1741507273.891481,-28,76,-81
1741507273.937481,53,27,-11
1741507273.983481,22,-43,-21
1741507274.029481,44,53,-153
1741507274.074481,26,1,-165
1741507274.120481,112,-8,10
1741507274.166481,-66,25,-39
1741507274.210481,-16,-14,-79
1741507274.256481,16,-31,52
1741507274.302481,-20,-18,-53
1741507274.347481,61,-8,4
1741507274.393481,155,15,-23
1741507274.439481,0,3,-197
1741507274.485481,104,-26,-63
1741507274.5304809,-53,17,-129
1741507274.5764809,8,25,-33
1741507274.6224809,-28,-48,-29
1741507274.667481,-24,-4,-19
1741507274.713481,22,89,-110
1741507274.759481,37,-3,-103
1741507274.805481,12,33,-24
1741507274.850481,-62,-43,-19
1741507274.896481,-100,4,-95
1741507274.9424808,-76,2,-129
1741507274.9874809,-22,-39,-123
1741507275.033481,49,-29,-69
1741507275.079481,10,48,26
1741507275.125481,-31,-32,-113
1741507275.170481,-97,-11,-107
1741507275.216481,-23,34,-41
1741507275.262481,-33,14,-37
1741507275.3074808,68,67,20
1741507275.3534808,-75,2,0
1741507275.3994808,-26,25,-87
1741507275.4454808,28,-2,-13
1741507275.490481,-17,-50,-181
1741507275.536481,66,-8,-41
1741507275.582481,-75,-40,-63
1741507275.627481,-9,49,-51
1741507275.673481,18,17,-33
1741507275.719481,-11,7,-79
1741507275.765481,30,-56,-95
1741507275.8104808,-19,37,-105
1741507275.8564808,-49,23,34
1741507275.9024808,-49,87,-159
1741507275.947481,-41,-6,-37
1741507275.993481,62,18,-27
1741507276.039481,52,60,-27
1741507276.085481,-9,-55,-55
1741507276.130481,-1,16,-101
1741507276.176481,8,18,-145
1741507276.222481,16,-43,-33
1741507276.2674809,-12,-59,-89
1741507276.3134809,-37,-33,-133
1741507276.3594809,14,-29,-97
1741507276.4054809,-29,-65,-177
1741507276.450481,-16,-4,-143
1741507276.496481,8,13,18
1741507276.542481,-49,4,-91
1741507276.587481,86,2,-113
1741507276.633481,-12,-1,-137
1741507276.679481,33,64,-141
1741507276.725481,-40,-9,-113
1741507276.7704809,68,24,-85
1741507276.8164809,-11,8,-125
1741507276.8624809,-3,-55,-9
1741507276.907481,-69,-55,-61
1741507276.953481,-5,20,-39
1741507276.999481,-83,22,-93
1741507277.045481,-57,50,-9
1741507277.0904808,59,49,-55
1741507277.1364808,11,-8,-133
1741507277.1824808,46,31,-129
1741507277.227481,34,20,-31
1741507277.273481,79,-81,-7
1741507277.319481,78,-31,-51
1741507277.365481,-24,-22,64
1741507277.410481,-4,42,-114
1741507277.456481,-65,-41,-28
1741507277.502481,70,-37,-108
1741507277.5474808,-27,-43,-62
1741507277.5934808,32,12,-70
1741507277.6394808,72,19,-108
1741507277.6854808,-9,22,-113
1741507277.730481,-27,44,-115
1741507277.776481,26,47,28
1741507277.822481,-1,-12,-249
1741507277.867481,8,-34,-83
1741507277.913481,37,38,-103
1741507277.959481,-8,-25,-21
1741507278.005481,-8,-33,32
1741507278.0504808,62,-5,-33
1741507278.0964808,4,0,-65
1741507278.1424809,70,3,-221
1741507278.187481,-43,-18,-59
1741507278.233481,67,45,-71
1741507278.279481,49,6,-61
1741507278.325481,27,69,-141
1741507278.370481,27,67,6
1741507278.416481,37,31,22
1741507278.462481,-32,-26,-133
1741507278.5074809,99,-63,-45
1741507278.5534809,-46,-43,-55
1741507278.5994809,5,-39,-1
1741507278.6454809,20,-28,30
1741507278.690481,-33,51,-245
1741507278.736481,79,23,-8
1741507278.782481,-2,19,-55
1741507278.827481,9,70,-54
1741507278.873481,7,23,-148
1741507278.9194808,68,-11,-98
1741507278.9654808,10,-67,-140
1741507279.0104809,52,-24,-120
1741507279.056481,-17,18,-90
1741507279.102481,43,-12,-54
1741507279.147481,-52,23,-118
1741507279.193481,49,29,-98
1741507279.239481,-6,-30,-48
1741507279.285481,-4,19,-2
1741507279.3304808,10,54,-74
1741507279.3764808,-51,34,-140
1741507279.4224808,24,-24,-54
1741507279.467481,44,-24,-50
1741507279.513481,23,-45,-86
1741507279.559481,11,85,-36
1741507279.605481,6,36,-96
1741507279.650481,19,65,-62
1741507279.696481,17,-28,-8
1741507279.742481,68,74,-37
1741507279.7874808,0,-62,-135
1741507279.8334808,37,27,-35
1741507279.8794808,41,44,-95
1741507279.9254808,51,44,-49
1741507279.970481,-66,103,-85
1741507280.016481,17,-3,-51
1741507280.062481,-18,-68,34
1741507280.107481,61,18,-85
1741507280.153481,33,-12,-25
1741507280.199481,-60,47,-83
1741507280.2444808,3,-25,-67
1741507280.2904809,-56,34,-31
1741507280.3364809,27,-23,-1
1741507280.3824809,27,-35,-175
1741507280.427481,-36,22,-117
1741507280.473481,13,30,-125
1741507280.519481,-57,36,-5
1741507280.564481,-9,1,-5
1741507280.610481,-65,-9,-85
1741507280.656481,44,-19,-51
1741507280.702481,-65,18,-75
1741507280.7474809,-58,-27,-161
1741507280.7934809,-34,-30,-69
1741507280.8394809,-35,7,-34
1741507280.884481,97,41,-28
1741507280.930481,38,-10,-54
1741507280.976481,-55,-42,-106
1741507281.022481,43,65,-122
1741507281.0674808,-84,-68,-58
1741507281.1134808,-9,-44,-76
1741507281.1594808,-15,-29,-106
1741507281.204481,-7,-21,-82
1741507281.250481,10,-7,-76
1741507281.296481,50,-4,51
1741507281.342481,-79,62,5
1741507281.387481,-40,-39,-108
1741507281.433481,0,40,-36
1741507281.479481,60,-5,-102
1741507281.5244808,-45,-13,-40
1741507281.5704808,32,40,-50
1741507281.6164808,87,37,-76
1741507281.6624808,44,-6,-46
1741507281.713481,63,-13,-157
1741507281.759481,-23,63,-131
1741507281.804481,22,-58,-94
1741507281.850481,4,-38,-198
1741507281.896481,37,34,-148
1741507281.9424808,37,-3,-103
1741507281.9874809,-22,-35,-35
1741507282.033481,59,-41,-133
1741507282.079481,-71,21,-9
1741507282.124481,32,-8,-126
1741507282.170481,-95,-28,-102
1741507282.216481,-35,1,-78
1741507282.262481,-67,29,-44
1741507282.3074808,-59,7,-163
1741507282.3534808,154,135,-10
1741507282.3994808,51,-26,-130
1741507282.444481,-24,47,-140
1741507282.490481,21,-4,-11
1741507282.536481,31,11,-25
1741507282.582481,59,-30,-189
1741507282.627481,-83,-3,-85
1741507282.673481,2,48,-53
1741507282.719481,-13,-65,-31
1741507282.7644808,-6,44,-7
1741507282.8104808,7,23,-9
1741507282.8564808,-48,9,-89
1741507282.9024808,107,-16,-155
1741507282.947481,-44,-26,-85
1741507282.993481,29,0,-49
1741507283.039481,37,-28,-81
1741507283.084481,5,-3,-73
1741507283.130481,17,-41,-19
1741507283.176481,-22,-11,-43
1741507283.222481,35,30,-109
1741507283.2674809,25,20,-21
1741507283.3134809,-70,2,-113
1741507283.3594809,-24,-4,-9
1741507283.404481,133,-9,-37
1741507283.450481,27,-35,-133
1741507283.496481,-42,-25,-121
1741507283.542481,-68,-23,-33
1741507283.587481,-50,-23,-137
1741507283.633481,13,-27,-33
1741507283.679481,-64,-74,-61
1741507283.7244809,83,27,-21
1741507283.7704809,3,-52,-95
1741507283.8164809,-16,83,-183
1741507283.8624809,39,54,-49
1741507283.907481,36,43,-99
1741507283.953481,24,-18,-85
1741507283.999481,49,-61,-95
1741507284.0444808,-110,34,-109
1741507284.0904808,-21,47,-116
1741507284.1364808,68,43,-86
1741507284.1824808,92,-5,-68
1741507284.227481,-43,14,-132
1741507284.273481,7,48,-84
1741507284.319481,-50,62,-92
1741507284.364481,8,51,-118
1741507284.410481,83,20,-16
1741507284.456481,76,35,-282
1741507284.502481,-49,-36,-140
1741507284.5474808,6,49,-66
1741507284.5934808,-53,-34,-86
1741507284.6394808,12,-22,-176
1741507284.684481,28,-10,-130
1741507284.730481,30,59,-132
1741507284.776481,-43,-44,-88
1741507284.822481,17,-16,-4
1741507284.867481,1,-30,-18
1741507284.913481,-23,-26,33
1741507284.959481,-45,-22,-52
1741507285.0044808,24,45,-88
1741507285.0504808,-15,-28,-28
1741507285.0964808,-44,-46,-226
1741507285.1424809,-94,45,-76
1741507285.187481,-92,0,-86
1741507285.233481,42,-43,0
1741507285.279481,110,37,-88
1741507285.324481,20,-93,-142
1741507285.370481,-3,-30,-52
1741507285.416481,26,29,-14
1741507285.462481,-41,-7,-50
1741507285.5074809,-3,36,-128
1741507285.5534809,-26,-3,-147
1741507285.5994809,-42,-25,-7
1741507285.644481,47,6,-45
1741507285.690481,-26,72,-73
1741507285.736481,-31,17,-83
1741507285.782481,-9,-22,-173
1741507285.827481,98,-2,-85
1741507285.873481,90,-26,-79
1741507285.9194808,62,27,-31
1741507285.9644809,27,-10,-81
1741507286.0104809,-31,-8,-95
1741507286.056481,-22,-46,-171
1741507286.102481,-30,11,-167
1741507286.147481,-104,29,28
1741507286.193481,19,13,-95
1741507286.239481,-26,5,-161
1741507286.2844808,-12,-48,68
1741507286.3304808,18,-83,-13
1741507286.3764808,12,23,-41
1741507286.4224808,-17,29,-69
1741507286.467481,8,-20,-99
1741507286.513481,-3,78,-87
1741507286.559481,-26,6,46
1741507286.604481,5,-47,-15
1741507286.650481,20,-73,-67
1741507286.696481,51,-17,-29
1741507286.742481,-28,14,-65
1741507286.7874808,-70,72,-25
1741507286.8334808,-30,32,-39
1741507286.8794808,33,-52,-133
1741507286.924481,-46,-37,36
1741507286.970481,-30,1,-119
1741507287.016481,-16,79,-65
1741507287.061481,-1,20,-9
1741507287.107481,76,-5,-134
1741507287.153481,-73,22,-162
1741507287.199481,-58,-16,-84
1741507287.2444808,10,-57,-84
1741507287.2904809,-7,4,-204
1741507287.3364809,-21,18,-54
1741507287.381481,-5,20,-12
1741507287.427481,-67,23,-34
1741507287.473481,28,-62,-80
1741507287.519481,0,3,-108
1741507287.564481,8,-14,-16
1741507287.610481,-29,21,-106
1741507287.656481,4,11,-70
1741507287.7014809,-43,33,-12
1741507287.7474809,30,9,37
1741507287.7934809,22,48,-82
1741507287.8394809,18,-29,81
1741507287.884481,-33,20,-36
1741507287.930481,-66,-38,-94
1741507287.976481,20,7,11
1741507288.021481,-21,33,-88
1741507288.0674808,28,-40,-39
1741507288.1134808,17,11,21
1741507288.1594808,-22,-26,-151
1741507288.204481,3,-12,-103
1741507288.250481,71,25,-87
1741507288.296481,-80,-46,-55
1741507288.341481,23,-28,-47
1741507288.387481,31,-31,-13
1741507288.433481,-38,40,-33
1741507288.479481,6,5,-195
1741507288.5244808,9,-1,-21
1741507288.5704808,7,4,-129
1741507288.6164808,35,-45,-39
1741507288.661481,51,-5,-135
1741507288.707481,9,-17,-61
1741507288.753481,6,-5,-139
1741507288.799481,0,-42,-169
1741507288.844481,47,0,-89
1741507288.890481,-106,-10,-141
1741507288.936481,35,22,-65
1741507288.9814808,89,36,110
1741507289.0274808,-35,11,-125
1741507289.0734808,43,-72,-163
1741507289.1194808,-46,-42,-209
1741507289.164481,-8,35,-123
1741507289.210481,-16,71,-129
1741507289.256481,2,-20,-125
1741507289.301481,-16,-52,-35
1741507289.347481,34,39,38
1741507289.393481,-63,15,-65
1741507289.439481,-56,-19,-87
1741507289.4844809,59,-21,-243
1741507289.5304809,-30,-35,10
1741507289.5764809,25,0,28
1741507289.621481,5,80,-140
1741507289.667481,-18,-37,17
1741507289.713481,-12,-28,-154
1741507289.759481,55,-108,-114
1741507289.804481,-14,-6,-176
1741507289.850481,60,38,-204
1741507289.896481,-93,92,51
1741507289.9414809,-28,-75,-38
1741507289.9874809,24,15,-48
1741507290.033481,-5,7,-186
1741507290.079481,-49,-54,-62
1741507290.124481,82,20,-204
1741507290.170481,28,-42,-18
1741507290.216481,-14,-23,-100
1741507290.2614808,6,-10,-130
1741507290.3074808,-60,6,-132
1741507290.3534808,-48,-44,-162
1741507290.3994808,11,34,-174
1741507290.444481,17,10,-40
1741507290.490481,39,74,-40
1741507290.536481,1,-3,-52
1741507290.581481,-13,33,9
1741507290.627481,-5,33,-196
1741507290.673481,88,-18,-56
1741507290.719481,-46,-55,-88
1741507290.7644808,51,-21,-50
1741507290.8104808,-50,-55,-110
1741507290.8564808,-1,15,-210
1741507290.901481,24,-20,-220
1741507290.947481,-13,57,43
1741507290.993481,40,-53,-210
1741507291.039481,14,58,-198
1741507291.084481,3,0,-114
1741507291.130481,30,11,-106
1741507291.176481,-12,-48,-97
1741507291.2214808,95,19,-181
1741507291.2674809,17,56,-78
1741507291.3134809,2,-35,41
1741507291.3594809,-8,32,-154
1741507291.404481,-28,-47,51
1741507291.450481,103,-7,-162
1741507291.496481,-4,-23,-70
1741507291.541481,-58,6,-76
1741507291.587481,3,-27,-140
1741507291.633481,15,-58,-80
1741507291.679481,69,-2,-186
1741507291.730481,7,-14,-82
1741507291.776481,-16,35,6
1741507291.821481,29,25,-149
1741507291.867481,-81,17,-103
1741507291.913481,25,-18,-29
1741507291.959481,39,17,-83
1741507292.0044808,-14,-34,-65
1741507292.0504808,-38,-4,36
1741507292.0964808,-99,-20,-159
1741507292.141481,-48,-16,-147
1741507292.187481,2,-8,-35
1741507292.233481,62,47,-31
1741507292.279481,3,57,-19
1741507292.324481,43,-66,-81
1741507292.370481,13,72,-161
1741507292.416481,-8,-67,-177
1741507292.4614809,10,-17,-151
1741507292.5074809,-76,0,-125
1741507292.5534809,58,-28,-51
1741507292.5994809,-51,-46,-89
1741507292.644481,-71,-12,4
1741507292.690481,14,-14,-25
1741507292.736481,-20,-50,-127
1741507292.781481,5,-40,-25
1741507292.827481,74,27,-77
1741507292.873481,92,-51,74
1741507292.9194808,28,-7,-107
1741507292.9644809,-5,24,-35
1741507293.0104809,118,50,-19
1741507293.056481,16,18,-151
1741507293.101481,12,36,-55
1741507293.147481,-90,-20,-173
1741507293.193481,-41,-79,44
1741507293.239481,-8,66,-135
1741507293.2844808,33,-13,-77
1741507293.3304808,-58,-27,-115
1741507293.3764808,1,38,-101
1741507293.421481,7,-57,-123
1741507293.467481,41,-41,-43
1741507293.513481,-18,-15,-21
1741507293.559481,1,-13,-123
1741507293.604481,-28,6,-85
1741507293.650481,-61,-4,-33
1741507293.696481,64,-46,20
1741507293.7414808,8,71,-115
1741507293.7874808,42,49,-133
1741507293.8334808,-5,-8,-29
1741507293.878481,-13,55,-73
1741507293.924481,-29,-50,-153
1741507293.970481,48,-10,-17
1741507294.016481,-13,3,-63
1741507294.061481,-65,19,-59
1741507294.107481,-29,-20,-201
1741507294.153481,-96,64,-101
1741507294.1984808,-17,-46,-147
1741507294.2444808,-85,38,-23
1741507294.2904809,66,-25,-99
1741507294.3364809,68,6,-159
1741507294.381481,8,74,-59
1741507294.427481,12,14,-37
1741507294.473481,96,45,-101
1741507294.518481,44,35,-23
1741507294.564481,78,25,-167
1741507294.610481,-25,5,-53
1741507294.656481,-48,-35,-135
1741507294.7014809,38,3,-87
1741507294.7474809,82,35,-95
1741507294.7934809,-79,27,-71
1741507294.838481,20,-8,-107
1741507294.884481,115,85,42
1741507294.930481,-30,-20,-97
1741507294.976481,23,-60,-46
1741507295.021481,15,51,-35
1741507295.0674808,-32,16,-137
1741507295.1134808,70,11,-153
1741507295.158481,-18,-27,40
1741507295.204481,67,5,-71
1741507295.250481,-124,39,-165
1741507295.296481,-16,-50,20
1741507295.341481,-10,45,-58
1741507295.387481,-86,-79,-98
1741507295.433481,-36,-7,-177
1741507295.4784808,5,-117,38
1741507295.5244808,-26,-35,-14
1741507295.5704808,29,92,-78
1741507295.6164808,25,40,45
1741507295.661481,46,-8,-132
1741507295.707481,15,-38,-26
1741507295.753481,-63,-22,-44
1741507295.798481,-3,1,-104
1741507295.844481,94,-54,-138
1741507295.890481,81,-16,-116
1741507295.936481,73,7,-78
1741507295.9814808,-21,-17,59
1741507296.0274808,12,-20,-80
1741507296.0734808,-12,26,29
1741507296.118481,71,-11,-92
1741507296.164481,-2,8,-70
1741507296.210481,-88,33,-132
1741507296.256481,-16,-18,-25
1741507296.301481,-58,49,26
1741507296.347481,-8,27,-207
1741507296.393481,72,9,-211
1741507296.4384809,61,-1,-33
1741507296.4844809,-2,-31,-85
1741507296.5304809,4,-6,-125
1741507296.5764809,27,5,-150
1741507296.621481,-36,-15,9
1741507296.667481,41,6,-50
1741507296.713481,-18,43,-134
1741507296.758481,-20,47,-24
1741507296.804481,-4,-38,-82
1741507296.850481,47,27,39
1741507296.896481,3,-12,-203
1741507296.9414809,-35,-28,-5
1741507296.9874809,22,47,-91
1741507297.033481,-30,-107,-121
1741507297.078481,42,-1,-19
1741507297.124481,52,12,-67
1741507297.170481,28,126,-7
1741507297.216481,51,-1,-29
1741507297.2614808,-12,-42,-119
1741507297.3074808,68,39,34
1741507297.3534808,0,50,-127
1741507297.398481,-71,-15,-91
1741507297.444481,-73,28,-109
1741507297.490481,100,-61,18
1741507297.536481,4,24,-203
1741507297.581481,-83,18,-181
1741507297.627481,-3,-21,-95
1741507297.673481,-61,-27,-135
1741507297.7184808,25,41,-99
1741507297.7644808,24,34,-43
1741507297.8104808,-27,-83,-117
1741507297.8564808,42,-57,-139
1741507297.901481,5,-10,-95
1741507297.947481,-26,113,32
1741507297.993481,46,-12,-171
1741507298.038481,17,56,-114
1741507298.084481,10,27,-111
1741507298.130481,-107,-40,-29
1741507298.176481,-55,-15,-97
1741507298.2214808,33,-14,-115
1741507298.2674809,-30,-4,0
1741507298.3134809,52,-35,-12
1741507298.358481,28,-29,-26
1741507298.404481,-19,56,-158
1741507298.450481,16,-3,-18
1741507298.496481,20,72,-110
1741507298.541481,-52,25,-176
1741507298.587481,-50,-34,19
1741507298.633481,35,32,-56
1741507298.6784809,-20,-8,-202
1741507298.7244809,-102,13,-96
1741507298.7704809,25,3,25
1741507298.8164809,57,25,-134
1741507298.861481,-61,43,-172
1741507298.907481,-47,73,-44
1741507298.953481,31,-98,-18
1741507298.998481,43,3,-58
1741507299.0444808,55,17,47
1741507299.0904808,-32,-28,-100
1741507299.1364808,81,-36,-266
1741507299.181481,43,-18,-44
1741507299.227481,23,18,-84
1741507299.273481,-86,12,-124
1741507299.318481,-32,-7,-132
1741507299.364481,21,18,19
1741507299.410481,-12,-37,-84
1741507299.456481,-6,-17,-136
1741507299.5014808,9,36,-104
1741507299.5474808,13,56,-60
1741507299.5934808,9,-75,-39
1741507299.638481,-36,-41,-73
1741507299.684481,47,9,-117
1741507299.730481,44,-52,-43
1741507299.776481,64,-3,8
1741507299.821481,32,-15,-103
1741507299.867481,-1,-33,-103
1741507299.913481,47,21,-83
1741507299.9584808,31,-4,10
1741507300.0044808,-46,-82,-25
1741507300.0504808,14,-9,-165
1741507300.0964808,-2,-10,-93
1741507300.141481,41,-62,-31
1741507300.187481,-3,-23,-49
1741507300.233481,4,-22,-149
1741507300.278481,-21,17,-123
1741507300.3234808,-17,-73,-119
1741507300.3694808,-27,-7,-33
1741507300.414481,-16,27,-173
1741507300.460481,-150,-4,6
1741507300.506481,-2,-28,-41
1741507300.552481,21,-22,-113
1741507300.597481,56,-58,-111
1741507300.643481,10,27,-195
1741507300.689481,-1,-4,-217
1741507300.7344809,28,-6,-103
1741507300.7804809,6,-8,-45
1741507300.8264809,97,42,4
1741507300.871481,35,9,-205
1741507300.917481,-56,-22,-117
1741507300.963481,59,11,-145
1741507301.009481,-16,-44,-99
1741507301.054481,11,-10,-169
1741507301.100481,-6,-26,-147
1741507301.146481,61,-6,-33
1741507301.1914809,-70,1,-119
1741507301.2374809,33,29,-55
1741507301.283481,-58,37,26
1741507301.329481,36,-31,-181
1741507301.374481,30,-7,-73
1741507301.420481,76,-95,-17
1741507301.466481,-48,-32,-15
1741507301.5114808,-10,-20,-109
1741507301.5574808,-80,-59,-47
1741507301.6034808,-18,2,-99
1741507301.6494808,-59,10,-225
1741507301.694481,35,0,10
1741507301.746481,57,-6,-165
1741507301.791481,123,-26,-129
1741507301.837481,-86,25,-103
1741507301.883481,-53,34,-71
1741507301.929481,90,40,-93
1741507301.9744809,-49,10,18
1741507302.0204809,-33,62,-23
1741507302.0664809,-61,2,-111
1741507302.111481,-49,-43,-19
1741507302.157481,18,-58,-103
1741507302.203481,18,15,-207
1741507302.249481,24,-18,-151
1741507302.2944808,-39,-10,-53
1741507302.3404808,31,-4,18
1741507302.3864808,-22,-4,-157
1741507302.431481,-22,-24,-67
1741507302.477481,-2,17,-83
1741507302.523481,-69,-54,-133
1741507302.569481,-85,37,-3
1741507302.614481,52,17,-17
1741507302.660481,-73,0,-83
1741507302.706481,12,-32,-129
1741507302.7514808,56,-6,-25
1741507302.7974808,-10,-32,-73
1741507302.8434808,-48,-15,-33
1741507302.8894808,29,-85,-41
1741507302.934481,-25,73,-93
1741507302.980481,51,-10,-55
1741507303.026481,-67,10,-141
1741507303.071481,-33,-19,-135
1741507303.117481,4,20,-129
1741507303.163481,-58,-64,48
1741507303.209481,-12,-8,-53
1741507303.2544808,-32,-52,-102
1741507303.3004808,22,-48,-42
1741507303.3464808,44,33,-106
1741507303.391481,32,-22,-97
1741507303.437481,40,30,-2
1741507303.483481,-54,120,23
1741507303.529481,-6,72,-146
1741507303.574481,71,82,-110
1741507303.620481,3,8,-42
1741507303.666481,23,-69,-114
1741507303.7114809,-23,-28,29
1741507303.7574809,70,59,-1
1741507303.8034809,28,5,-51
1741507303.8494809,50,-26,-105
1741507303.894481,46,-4,-49
1741507303.940481,-62,-51,-33
1741507303.986481,51,8,-59
1741507304.031481,115,-25,-91
1741507304.077481,-41,33,-31
1741507304.123481,-69,13,-165
1741507304.1694808,-28,21,66
1741507304.2144809,8,19,-175
1741507304.2604809,16,45,-61
1741507304.306481,58,-46,-121
1741507304.351481,-105,-34,-157
1741507304.397481,138,-40,-89
1741507304.443481,-1,-64,-16
1741507304.489481,54,-58,-180
1741507304.5344808,-57,27,35
1741507304.5804808,-46,18,-64
1741507304.6264808,0,11,-38
1741507304.671481,23,31,29
1741507304.717481,41,29,-132
1741507304.763481,-21,-76,-52
1741507304.809481,-19,107,47
1741507304.854481,60,49,-114
1741507304.900481,-17,49,-112
1741507304.946481,-17,-24,-86
1741507304.9914808,80,-8,-80
1741507305.0374808,46,0,-16
1741507305.0834808,-3,-60,-42
1741507305.1294808,-13,5,-70
1741507305.174481,38,5,-80
1741507305.220481,0,-56,-64
1741507305.266481,26,-2,-32
1741507305.311481,-50,55,-30
1741507305.357481,21,-11,-116
1741507305.403481,37,42,-130
1741507305.449481,-1,-1,-88
1741507305.4944808,25,89,-97
1741507305.5404809,3,7,-117
1741507305.5864809,61,5,-107
1741507305.631481,137,3,-327
1741507305.677481,-20,35,-207
1741507305.723481,-28,20,-111
1741507305.769481,-33,-26,-153
1741507305.814481,-5,-30,-29
1741507305.860481,27,15,54
1741507305.906481,58,-24,-25
1741507305.9514809,10,-42,-107
1741507305.9974809,76,23,-139
1741507306.0434809,14,43,-37
1741507306.0894809,44,29,-65
1741507306.134481,10,9,-67
1741507306.180481,10,27,-33
1741507306.226481,-31,-25,-171
1741507306.271481,3,11,-155
1741507306.3174808,-18,0,-11
1741507306.3634808,4,38,-9
1741507306.4094808,-17,-18,-117
1741507306.454481,14,-78,-19
1741507306.500481,-17,2,-57
1741507306.546481,-9,22,-159
1741507306.591481,101,23,-5
1741507306.637481,23,37,-27
1741507306.683481,-3,-37,-97
1741507306.729481,34,3,-113
1741507306.7744808,34,51,-169
1741507306.8204808,68,19,68
1741507306.8664808,-3,-6,-85
1741507306.911481,47,-13,-79
1741507306.957481,6,-46,-9
1741507307.003481,-33,55,-135
1741507307.049481,-15,41,-35
1741507307.094481,-135,16,-36
1741507307.140481,-18,-57,-126
1741507307.186481,-7,-7,-98
1741507307.2314808,-73,21,1
1741507307.2774808,-37,-58,-118
1741507307.3234808,-15,-14,-190
1741507307.3694808,-23,19,51
1741507307.414481,55,32,-36
1741507307.460481,-11,-64,69
1741507307.506481,-13,-52,-32
1741507307.551481,-69,3,-20
1741507307.597481,-129,-62,1
1741507307.643481,-13,-57,-198
1741507307.6884809,4,-65,-186
1741507307.7344809,-55,0,-42
1741507307.7804809,16,30,57
1741507307.8264809,18,-25,-221
1741507307.871481,34,20,36
1741507307.917481,-3,35,-103
1741507307.963481,36,8,4
1741507308.008481,60,36,-309
1741507308.054481,11,-48,-33
1741507308.100481,-25,-17,0
1741507308.146481,26,-27,-67
1741507308.1914809,-27,26,-179
1741507308.2374809,24,-18,-123
1741507308.283481,58,43,-57
1741507308.328481,66,17,-33
1741507308.374481,-8,43,-133
1741507308.420481,-56,-2,-89
1741507308.466481,-28,21,-1
1741507308.5114808,-68,-31,-95
1741507308.5574808,42,-22,-99
1741507308.6034808,-75,-23,-35
1741507308.648481,-69,86,-87
1741507308.694481,20,44,-59
1741507308.740481,42,28,-83
1741507308.786481,15,-28,-99
1741507308.831481,-36,-38,-47
1741507308.877481,-50,63,-147
1741507308.923481,-12,-12,-74
1741507308.9684808,23,-28,-62
1741507309.0144808,62,40,-36
1741507309.0604808,-30,-22,-32
1741507309.1064808,-50,-2,-70
1741507309.151481,-29,17,73
1741507309.197481,6,-42,-160
1741507309.243481,22,-44,1
1741507309.288481,-24,29,-34
1741507309.334481,40,-14,-10
1741507309.380481,28,0,-92
1741507309.426481,5,-1,-132
1741507309.4714808,-28,-59,-50
1741507309.5174809,33,-13,-136
1741507309.5634809,54,-7,-146
1741507309.608481,-16,30,-38
1741507309.654481,58,-17,-35
1741507309.700481,42,22,-9
1741507309.746481,20,-23,-137
1741507309.791481,28,-11,-53
1741507309.837481,-11,-59,-132
1741507309.883481,-15,26,-184
1741507309.9284809,54,28,-26
1741507309.9744809,42,-5,18
1741507310.0204809,21,49,-118
1741507310.0664809,25,45,-165
1741507310.111481,-42,-32,-156
1741507310.157481,-4,-16,-230
1741507310.203481,-51,-3,-32
1741507310.248481,-15,28,-244
1741507310.2944808,-3,40,0
1741507310.3404808,-62,3,-72
1741507310.3864808,44,12,-38
1741507310.431481,34,-9,-115
1741507310.477481,-15,-23,-75
1741507310.523481,3,-36,-92
1741507310.568481,5,40,-83
1741507310.614481,-20,-21,-154
1741507310.660481,28,40,29
1741507310.706481,23,60,37
1741507310.7514808,-38,-77,-124
1741507310.7974808,-30,-43,21
1741507310.8434808,5,-41,-4
1741507310.888481,15,82,-22
1741507310.934481,-7,-15,-108
1741507310.980481,32,50,-136
1741507311.026481,-1,10,-104
1741507311.071481,15,-45,-142
1741507311.117481,10,62,-128
1741507311.163481,-35,-52,-192
1741507311.2084808,56,-14,-8
1741507311.2544808,3,-28,-166
1741507311.3004808,16,17,-64
1741507311.3464808,-29,33,23
1741507311.391481,-5,41,-48
1741507311.437481,-67,41,-110
1741507311.483481,10,25,-86
1741507311.528481,-23,-49,-78
1741507311.574481,66,18,-90
1741507311.620481,50,50,-79
1741507311.666481,-68,-6,-25
1741507311.7114809,23,-52,-9
1741507311.763481,3,-38,-157
1741507311.808481,35,17,-117
1741507311.854481,-13,-26,54
1741507311.900481,-5,-97,-111
1741507311.946481,-53,-13,-63
1741507311.9914808,6,52,-129
1741507312.0374808,-33,-57,-1
1741507312.0834808,-77,-11,-77
1741507312.128481,-59,9,-52
1741507312.174481,20,-9,-119
1741507312.220481,-1,2,-39
1741507312.266481,54,-57,-193
1741507312.311481,-35,21,-13
1741507312.357481,-27,41,-117
1741507312.403481,20,-50,14
1741507312.4484808,30,-25,-109
1741507312.4944808,20,-28,-121
1741507312.5404809,-37,-50,-107
1741507312.5864809,62,11,-55
1741507312.631481,42,-24,-47
1741507312.677481,12,-44,-29
1741507312.723481,9,4,-107
1741507312.768481,33,-23,-67
1741507312.814481,-40,-25,-83
1741507312.860481,-16,40,-101
1741507312.906481,27,-49,-53
1741507312.9514809,11,-77,-49
1741507312.9974809,53,76,8
1741507313.0434809,31,-19,-123
1741507313.088481,28,-29,-117
1741507313.134481,-19,10,-73
1741507313.180481,-54,92,-64
1741507313.226481,-56,16,-111
1741507313.271481,-58,21,-119
1741507313.3174808,13,17,-71
1741507313.3634808,31,29,-125
1741507313.408481,-13,22,-125
1741507313.454481,-95,68,-128
1741507313.500481,60,18,-22
1741507313.546481,-15,11,-101
1741507313.591481,30,-92,2
1741507313.637481,-22,40,-221
1741507313.683481,-1,45,14
1741507313.7284808,8,15,-120
1741507313.7744808,8,49,-126
1741507313.8204808,-13,59,-110
1741507313.8664808,6,-13,-22
1741507313.911481,23,-23,-114
1741507313.957481,-7,15,-42
1741507314.003481,32,43,-128
1741507314.048481,-58,22,-156
1741507314.094481,31,-5,89
1741507314.140481,50,-101,-27
1741507314.186481,-23,44,-33
1741507314.2314808,76,-8,-141
1741507314.2774808,12,-42,-65
1741507314.3234808,54,-3,-23
1741507314.368481,38,2,-45
1741507314.414481,18,10,67
1741507314.460481,-109,12,-135
1741507314.505481,-85,-55,-33
1741507314.551481,-31,20,-19
1741507314.597481,-34,-1,-77
1741507314.643481,-18,28,-23
1741507314.6884809,-34,82,-35
1741507314.7344809,40,-6,-27
1741507314.7804809,10,-86,14
1741507314.825481,-185,-3,-9
1741507314.871481,76,87,-69
1741507314.917481,-52,14,34
1741507314.963481,17,22,-105
1741507315.008481,-62,-17,4
1741507315.054481,-28,-57,-43
1741507315.100481,-78,-26,-63
1741507315.1454809,123,-16,-5
1741507315.1914809,-25,-2,-55
1741507315.2374809,12,-72,-109
1741507315.283481,-10,-19,-175
1741507315.328481,-47,-12,-75
1741507315.374481,-94,-57,-195
1741507315.420481,73,50,-3
1741507315.4654808,56,-46,-153
1741507315.5114808,25,42,-56
1741507315.5574808,-36,-7,7
1741507315.6034808,-6,12,67
1741507315.648481,-22,40,-96
1741507315.694481,-30,2,-46
1741507315.740481,-10,32,-146
1741507315.785481,7,-31,-112
1741507315.831481,-88,-21,-112
1741507315.877481,49,-41,-4
1741507315.923481,67,18,1
1741507315.9684808,2,-20,-14
1741507316.0144808,8,14,-4
1741507316.0604808,41,34,0
1741507316.105481,7,-1,-78
1741507316.151481,-30,-6,-138
1741507316.197481,-1,50,-78
1741507316.243481,90,5,-24
1741507316.288481,-51,1,15
1741507316.334481,-21,-26,-112
1741507316.380481,34,-13,-58
1741507316.4254808,-73,41,-128
1741507316.4714808,14,-41,-106
1741507316.5174809,64,-50,-50
1741507316.5634809,-11,-48,-70
1741507316.608481,-56,48,-62
1741507316.654481,-36,-1,-60
1741507316.700481,29,30,-90
1741507316.745481,57,30,-64
1741507316.791481,29,-41,31
1741507316.837481,95,-51,-26
1741507316.883481,-16,42,-68
1741507316.9284809,37,42,-89
1741507316.9744809,-74,-4,-54
1741507317.0204809,59,45,4
1741507317.065481,-30,3,-32
1741507317.111481,26,50,37
1741507317.157481,40,12,19
1741507317.203481,16,-11,-6
1741507317.248481,30,-11,-60
1741507317.2944808,-33,38,52
1741507317.3404808,-63,46,-109
1741507317.3854809,-75,-37,-109
1741507317.431481,29,39,-152
1741507317.477481,30,-59,-114
1741507317.523481,-57,-9,-76
1741507317.568481,47,7,-88
1741507317.614481,-6,8,-37
1741507317.660481,-74,-2,-95
1741507317.7054808,27,-54,-47
1741507317.7514808,23,-9,-55
1741507317.7974808,0,-38,38
1741507317.8434808,74,10,-5
1741507317.888481,19,-2,-25
1741507317.934481,9,0,-80
1741507317.980481,-84,-36,-56
1741507318.025481,28,33,5
1741507318.071481,72,37,-93
1741507318.117481,3,-27,-131
1741507318.163481,-62,-22,-157
1741507318.2084808,31,53,-57
1741507318.2544808,-20,-64,-29
1741507318.3004808,15,-30,-39
1741507318.345481,-47,-15,-187
1741507318.391481,-39,25,-39
1741507318.437481,-101,-29,-41
1741507318.483481,28,-31,-17
1741507318.528481,42,94,-265
1741507318.574481,94,-109,-39
1741507318.620481,33,-19,-3
1741507318.6654809,-10,18,12
1741507318.7114809,-9,6,-165
1741507318.7574809,-21,8,-155
1741507318.8034809,-31,18,46
1741507318.848481,17,-39,-87
1741507318.894481,14,12,42
1741507318.940481,-29,10,-123
1741507318.985481,80,-81,-143
1741507319.031481,-62,54,-61
1741507319.077481,-24,1,-91
1741507319.123481,-13,-12,-73
1741507319.1684809,-9,-92,-57
1741507319.2144809,32,-40,-3
1741507319.2604809,-73,43,-59
1741507319.305481,-101,58,-101
1741507319.351481,-13,-1,-25
1741507319.397481,-2,-76,-115
1741507319.443481,-45,84,-62
1741507319.4884808,15,0,-136
1741507319.5344808,-32,-1,-132
1741507319.5804808,-7,6,-67
1741507319.625481,90,74,26
1741507319.671481,6,66,-52
1741507319.717481,-39,-101,-25
1741507319.763481,-36,19,-13
1741507319.808481,-7,48,8
1741507319.854481,-48,24,-117
1741507319.900481,-37,-19,-121
1741507319.9454808,24,-39,-61
1741507319.9914808,-25,-61,42
1741507320.0374808,-57,-107,-19
1741507320.0834808,-22,-45,36
1741507320.128481,17,24,-119
1741507320.174481,11,6,-33
1741507320.220481,0,-3,-61
1741507320.265481,-5,-16,-153
1741507320.311481,-26,15,-139
1741507320.357481,-33,47,-115
1741507320.403481,14,60,-92
1741507320.4484808,28,-3,-84
1741507320.4944808,27,-13,45
1741507320.5404809,15,10,27
1741507320.585481,37,-87,-53
1741507320.631481,-12,13,-33
1741507320.677481,-30,-36,54
1741507320.723481,-4,15,-115
1741507320.768481,63,-2,-33
1741507320.814481,76,-48,-193
1741507320.860481,-39,37,16
1741507320.9054809,-15,-12,14
1741507320.9514809,16,-24,-251
1741507320.9974809,84,1,-31
1741507321.042481,-25,-22,-7
1741507321.088481,-21,5,-43
1741507321.134481,29,-28,-13
1741507321.180481,11,-1,-9
1741507321.225481,-10,-14,-25
1741507321.271481,41,-8,-49
1741507321.3174808,13,-42,-193
1741507321.3624809,-8,-38,-94
1741507321.408481,21,-43,-113
1741507321.454481,83,-33,-48
1741507321.500481,33,0,35
1741507321.545481,63,6,63
1741507321.591481,10,-20,-84
1741507321.637481,-33,-94,-106
1741507321.6824808,35,-24,-68
1741507321.7284808,57,-6,-90
1741507321.7804809,-67,-104,-18
1741507321.825481,19,-84,-50
1741507321.871481,34,-34,-126
1741507321.917481,66,12,-134
1741507321.962481,18,-53,-18
1741507322.008481,-35,-7,-16
1741507322.054481,2,-23,-166
1741507322.100481,-82,-16,-34
1741507322.144481,-48,1,-107
1741507322.190481,39,-25,-83
1741507322.236481,62,59,-41
1741507322.281481,23,67,-81
1741507322.327481,0,-16,-25
1741507322.373481,17,1,-189
1741507322.4184809,1,-78,-123
1741507322.4644809,-27,-18,-63
1741507322.5104809,52,-56,-49
1741507322.556481,64,10,-193
1741507322.601481,-79,32,-163
1741507322.647481,-29,-47,-105
1741507322.693481,112,52,-39
1741507322.7384808,-47,-25,-8
1741507322.7844808,9,-79,-130
1741507322.8304808,-11,54,43
1741507322.8764808,2,-35,27
1741507322.921481,17,7,-58
1741507322.967481,-30,-15,-188
1741507323.013481,-40,1,-168
1741507323.058481,-26,32,-150
1741507323.104481,-16,-75,-20
1741507323.150481,100,-72,-138
1741507323.196481,0,63,43
1741507323.2414808,-95,53,-226
1741507323.2874808,-78,21,-76
1741507323.3334808,-1,82,-96
1741507323.378481,-43,-47,-6
1741507323.424481,53,57,-50
1741507323.470481,-14,19,-10
1741507323.516481,-83,-32,-100
1741507323.561481,-47,-16,-50
1741507323.607481,0,61,-136
1741507323.653481,86,-43,-32
1741507323.6984808,72,-45,19
1741507323.7444808,-37,-19,-158
1741507323.7904809,38,90,-84
1741507323.8364809,0,14,-95
1741507323.881481,5,4,-163
1741507323.927481,0,14,102
1741507323.973481,-70,-25,-3
1741507324.018481,75,-95,-11
1741507324.064481,-5,-13,-83
1741507324.110481,34,30,-92
1741507324.156481,-83,14,-100
1741507324.2014809,36,-13,-39
1741507324.2474809,76,-11,-105
1741507324.2934809,38,-55,-163
1741507324.338481,56,-55,-117
1741507324.384481,-87,-12,-245
1741507324.430481,-55,2,-113
1741507324.476481,32,-38,0
1741507324.521481,-51,-13,-13
1741507324.5674808,22,-71,-35
1741507324.6134808,-49,50,-49
1741507324.658481,-35,-95,-115
1741507324.704481,24,4,-108
1741507324.750481,-7,19,-10
1741507324.796481,0,25,-88
1741507324.841481,55,21,-98
1741507324.887481,47,-21,-124
1741507324.933481,29,76,-106
1741507324.9784808,25,36,-164
1741507325.0244808,-30,28,-50
1741507325.0704808,31,-1,71
1741507325.1164808,31,10,21
1741507325.161481,25,-27,-100
1741507325.207481,-25,-44,-66
1741507325.253481,-32,-20,-118
1741507325.298481,107,-35,-179
1741507325.344481,-2,-17,-25
1741507325.390481,57,27,-107
1741507325.436481,-10,17,-151
1741507325.4814808,-29,22,-122
1741507325.5274808,-24,18,-10
1741507325.5734808,-36,-15,56
1741507325.618481,30,12,-105
1741507325.664481,-9,-1,-171
1741507325.710481,86,-77,-131
1741507325.756481,-23,-4,-27
1741507325.801481,-16,-75,-129
1741507325.847481,-25,-13,-19
1741507325.893481,-28,-51,-117
1741507325.9384809,28,-109,-114
1741507325.9844809,-75,23,-50
1741507326.0304809,2,-38,-58
1741507326.0764809,-53,-10,-14
1741507326.121481,18,3,-56
1741507326.167481,-9,-44,-100
1741507326.213481,-65,92,23
1741507326.258481,-103,-74,-26
1741507326.304481,-29,17,31
1741507326.350481,-23,-11,-58
1741507326.396481,64,-37,-70
1741507326.4414809,54,24,-51
1741507326.4874809,30,-53,-155
1741507326.533481,16,40,-57
1741507326.578481,-23,-63,-129
1741507326.624481,-7,44,-39
1741507326.670481,-15,-77,-45
1741507326.716481,-51,4,20
1741507326.7614808,-17,-33,-85
1741507326.8074808,64,10,-71
1741507326.8534808,27,-24,-79
1741507326.898481,-72,-16,-151
1741507326.944481,77,42,-95
1741507326.990481,49,15,-141
1741507327.036481,39,88,-1
1741507327.081481,-44,15,-145
1741507327.127481,1,-34,-123
1741507327.173481,23,-6,-89
1741507327.2184808,3,3,-60
1741507327.2644808,5,33,-74
1741507327.3104808,-34,-16,17
1741507327.3564808,75,-51,45
1741507327.401481,-76,76,-190
1741507327.447481,-40,18,3
1741507327.493481,21,22,-64
1741507327.538481,45,-7,-10
1741507327.584481,5,28,-14
1741507327.630481,-56,60,-80
1741507327.676481,-74,-36,-58
1741507327.7214808,5,4,-80
1741507327.7674809,63,3,-18
1741507327.8134809,53,0,-16
1741507327.858481,-10,-38,-34
1741507327.904481,37,15,-164
1741507327.950481,-54,52,7
1741507327.995481,-53,63,-147
1741507328.041481,-27,47,-117
1741507328.087481,-39,17,-149
1741507328.133481,-41,47,-119
1741507328.1784809,-7,49,-49
1741507328.2244809,-61,44,-134
1741507328.2704809,-23,20,-69
1741507328.315481,42,-2,-109
1741507328.361481,-6,72,76
1741507328.407481,2,44,-177
1741507328.453481,36,0,-15
1741507328.498481,5,-1,-95
1741507328.5444808,-12,14,-57
1741507328.5904808,-24,49,-5
1741507328.6354809,-5,0,-147
1741507328.681481,40,-11,-42
1741507328.727481,-71,23,-102
1741507328.773481,-44,24,47
1741507328.818481,-40,-1,-60
1741507328.864481,-124,-2,51
1741507328.910481,-36,25,-124
1741507328.9554808,-22,-12,-200
1741507329.0014808,-9,-47,-88
1741507329.0474808,37,65,-91
1741507329.0934808,25,78,-27
1741507329.138481,-2,75,-81
1741507329.184481,-21,14,-91
1741507329.230481,-36,69,-65
1741507329.275481,58,-17,-107
1741507329.321481,0,12,-81
1741507329.367481,-37,-33,-147
1741507329.413481,-24,-52,-115
1741507329.4584808,-44,27,-35
1741507329.5044808,37,5,-109
1741507329.5504808,0,7,-69
1741507329.595481,81,-32,-136
1741507329.641481,-32,-11,-100
1741507329.687481,19,51,-68
1741507329.733481,67,-64,-84
1741507329.778481,-66,49,-68
1741507329.824481,-44,-2,-90
1741507329.870481,-88,-6,-41
1741507329.9154809,21,0,-27
1741507329.9614809,-16,34,8
1741507330.0074809,29,-95,-151
1741507330.0534809,-30,22,-47
1741507330.098481,81,-19,-59
1741507330.144481,-44,-2,2
1741507330.190481,-14,15,-23
1741507330.235481,-72,-4,-153
1741507330.281481,-44,-13,-74
1741507330.327481,63,-9,11
1741507330.373481,-42,74,42
1741507330.4184809,-94,-13,-26
1741507330.4644809,29,72,-40
1741507330.5104809,-3,3,19
1741507330.555481,35,-49,-102
1741507330.601481,53,-11,31
1741507330.647481,-12,38,-126
1741507330.693481,-52,22,-36
1741507330.7384808,23,-1,-10
1741507330.7844808,25,-27,-90
1741507330.8304808,-22,54,-94
1741507330.875481,18,55,-32
1741507330.921481,-69,29,-90
1741507330.967481,-73,33,15
1741507331.013481,40,-30,1
1741507331.058481,98,11,13
1741507331.104481,-61,9,-94
1741507331.150481,-7,-32,7
1741507331.1954808,10,-2,-89
1741507331.2414808,-31,57,-179
1741507331.2874808,-23,-82,-197
1741507331.3334808,-45,21,-107
1741507331.378481,-29,17,-107
1741507331.424481,-44,2,-7
1741507331.470481,-4,48,-189
1741507331.515481,1,16,-153
1741507331.561481,-12,36,-135
1741507331.607481,58,-41,-127
1741507331.653481,-85,64,-21
1741507331.6984808,44,88,-33
1741507331.750481,-1,-105,-115
1741507331.795481,10,-14,-99
1741507331.841481,-8,50,-9
1741507331.887481,67,-19,-61
1741507331.933481,29,24,-13
1741507331.9784808,17,-1,-215
1741507332.0244808,7,36,-47
1741507332.0704808,59,-45,-163
1741507332.115481,-60,10,-53
1741507332.161481,-68,-20,-37
1741507332.207481,5,-18,50
1741507332.253481,-35,8,-83
1741507332.298481,52,2,-57
1741507332.344481,86,2,-147
1741507332.390481,10,12,-47
1741507332.4354808,-75,-22,-247
1741507332.4814808,36,2,-3
1741507332.5274808,-65,19,-83
1741507332.5734808,15,14,110
1741507332.618481,30,2,-89
1741507332.664481,15,-32,-227
1741507332.710481,-30,75,-135
1741507332.755481,69,33,-53
1741507332.801481,-32,13,-111
1741507332.847481,23,-8,44
1741507332.893481,-27,-79,-211
1741507332.9384809,60,52,60
1741507332.9844809,17,-20,-43
1741507333.0304809,21,-16,-121
1741507333.075481,34,-29,-33
1741507333.121481,-60,25,-49
1741507333.167481,19,19,-61
1741507333.213481,20,52,-158
1741507333.258481,8,-59,-80
1741507333.304481,17,-33,-36
1741507333.350481,-30,-55,-90
1741507333.3954809,-32,10,-230
1741507333.4414809,-24,-58,-44
1741507333.4874809,17,-10,-108
1741507333.533481,111,61,45
1741507333.578481,34,-5,-34
1741507333.624481,35,8,-88
1741507333.670481,2,-69,-18
1741507333.7154808,-31,-15,-138
1741507333.7614808,-42,11,-82
1741507333.8074808,-48,-32,-102
1741507333.8534808,-47,-73,-112
1741507333.898481,-25,4,19
1741507333.944481,47,-36,-202
1741507333.990481,-54,1,-146
1741507334.035481,-46,9,-144
1741507334.081481,15,-32,-110
1741507334.127481,-100,-10,-176
1741507334.173481,17,33,-40
1741507334.2184808,-18,-24,-116
1741507334.2644808,47,-24,-200
1741507334.3104808,-4,-93,-154
1741507334.355481,37,-25,-57
1741507334.401481,25,3,70
1741507334.447481,41,50,-13
1741507334.493481,-36,14,-65
1741507334.538481,0,24,-31
1741507334.584481,67,42,-131
1741507334.630481,17,8,-95
1741507334.6754808,39,-57,-19
1741507334.7214808,-4,3,-23
1741507334.7674809,63,-11,-223
1741507334.812481,-28,-49,-27
1741507334.858481,33,-35,-75
1741507334.904481,-14,-1,-169
1741507334.950481,18,-59,-91
1741507334.995481,72,-1,-129
1741507335.041481,-25,14,46
1741507335.087481,15,-45,-21
1741507335.1324809,-28,52,4
1741507335.1784809,41,30,88
1741507335.2244809,38,-11,-113
1741507335.2704809,-5,-15,-209
1741507335.315481,-43,58,-133
1741507335.361481,-53,-37,-85
1741507335.407481,52,-37,-112
1741507335.452481,-35,28,-70
1741507335.498481,0,-17,-38
1741507335.5444808,-31,24,3
1741507335.5904808,-101,96,-114
1741507335.6354809,62,-11,-198
1741507335.681481,16,-46,-44
1741507335.727481,-21,43,1
1741507335.772481,-27,-44,-24
1741507335.818481,84,84,-38
1741507335.864481,22,20,-112
1741507335.910481,-15,-77,-220
1741507335.9554808,-29,-29,41
1741507336.0014808,24,64,17
1741507336.0474808,10,-27,-78
1741507336.092481,-23,-11,-102
1741507336.138481,-49,54,7
1741507336.184481,-1,36,-44
1741507336.230481,-129,-25,55
1741507336.275481,-33,14,-68
1741507336.321481,-15,-87,25
1741507336.367481,-19,-45,-66
1741507336.4124808,-3,-77,-144
1741507336.4584808,50,-1,-170
1741507336.5044808,32,96,-90
1741507336.5504808,38,26,-152
1741507336.595481,28,19,-146
1741507336.641481,42,28,-148
1741507336.687481,-18,-2,-12
1741507336.732481,-16,73,-98
1741507336.778481,-61,-17,-40
1741507336.824481,-19,8,-15
1741507336.870481,99,-30,-123
1741507336.9154809,-16,17,-42
1741507336.9614809,124,-3,-78
1741507337.0074809,-12,-38,-152
1741507337.052481,-24,-66,-124
1741507337.098481,59,61,-8
1741507337.144481,-33,-49,-110
1741507337.190481,40,-35,-82
1741507337.235481,52,-59,-36
1741507337.281481,37,50,-40
1741507337.327481,26,10,-94
1741507337.3724809,34,21,-92
1741507337.4184809,-18,-36,31
1741507337.4644809,12,2,-120
1741507337.5104809,6,-15,-176
1741507337.555481,19,-58,-32
1741507337.601481,-68,39,-106
1741507337.647481,33,-66,11
1741507337.6924808,5,1,-163
1741507337.7384808,3,-56,-37
1741507337.7844808,23,27,-40
1741507337.8304808,45,-64,-134
1741507337.875481,-22,-16,-142
1741507337.921481,-32,-38,-91
1741507337.967481,13,32,-1
1741507338.012481,-2,74,-169
1741507338.058481,-1,-23,44
1741507338.104481,7,-11,-79
1741507338.150481,-22,16,-13
1741507338.1954808,-38,-27,-165
1741507338.2414808,53,13,-193
1741507338.2874808,78,85,-69
1741507338.332481,-22,-18,-177
1741507338.378481,-10,0,-35
1741507338.424481,-24,-47,-83
1741507338.470481,-80,-30,-103
1741507338.515481,-4,-28,-97
1741507338.561481,42,-33,-55
1741507338.607481,36,-37,-51
1741507338.6524808,-44,-24,46
1741507338.6984808,-30,9,-65
1741507338.7444808,71,21,-97
1741507338.7904809,5,11,-197
1741507338.835481,47,-42,-133
1741507338.881481,23,11,-1
1741507338.927481,23,-6,-127
1741507338.972481,-69,-6,-34
1741507339.018481,43,15,-90
1741507339.064481,-24,-5,-62
1741507339.110481,33,-27,-28
1741507339.1554809,-58,-72,-32
1741507339.2014809,55,-23,-150
1741507339.2474809,-12,-69,-62
1741507339.292481,43,-2,-110
1741507339.338481,-6,14,-162
1741507339.384481,-8,-1,-204
1741507339.430481,5,-17,-122
1741507339.475481,-4,26,-82
1741507339.521481,15,-29,-65
1741507339.5674808,102,60,-169
1741507339.6124809,41,10,-3
1741507339.658481,65,-27,-75
1741507339.704481,14,32,-193
1741507339.750481,63,-86,-11
1741507339.795481,3,-126,-115
1741507339.841481,-37,2,-49
1741507339.887481,80,26,-47
1741507339.9324808,-4,-24,-93
1741507339.9784808,58,46,6
1741507340.0244808,47,-20,-159
1741507340.0704808,-40,-50,-83
1741507340.115481,-12,-6,-185
1741507340.161481,-12,-46,-53
1741507340.207481,61,-42,-47
1741507340.252481,0,-103,-64
1741507340.298481,62,-3,-201
1741507340.344481,-23,38,22
1741507340.390481,67,0,-89
1741507340.4354808,36,57,-17
1741507340.4814808,-52,39,-63
1741507340.5274808,-52,-90,-61
1741507340.572481,-9,42,-99
1741507340.618481,20,4,-77
1741507340.664481,-31,64,-45
1741507340.710481,-52,31,16
1741507340.755481,-20,-50,-70
1741507340.801481,-56,-10,1
1741507340.847481,-62,51,-142
1741507340.8924809,0,43,-16
1741507340.9384809,21,-64,5
1741507340.9844809,-4,-54,1
1741507341.0304809,-15,30,81
1741507341.075481,10,-37,-14
1741507341.121481,-30,32,-94
1741507341.167481,7,14,-104
1741507341.212481,-7,12,-154
1741507341.258481,-81,2,39
1741507341.304481,-5,4,-153
1741507341.350481,-65,43,-193
1741507341.3954809,12,-44,-84
1741507341.4414809,22,-38,-24
1741507341.4874809,18,31,-56
1741507341.532481,32,15,-40
1741507341.578481,-12,-1,-172
1741507341.624481,10,-90,-180
1741507341.6694808,128,11,-80
1741507341.7154808,-5,-40,-108
1741507341.7674809,-17,6,-25
1741507341.812481,6,18,-165
1741507341.858481,9,33,10
1741507341.904481,-28,-49,-43
1741507341.949481,-4,1,24
1741507341.995481,35,30,-58
1741507342.041481,-21,40,-111
1741507342.087481,0,-12,-96
1741507342.1324809,-27,-62,30
1741507342.1784809,-15,0,-133
1741507342.2244809,20,-44,-59
1741507342.269481,3,-48,-9
1741507342.315481,-16,-22,-83
1741507342.361481,-20,49,-9
1741507342.407481,-10,-92,-177
1741507342.452481,9,-56,-163
1741507342.498481,6,-21,-73
1741507342.5444808,6,50,-93
1741507342.5894809,-23,-37,56
1741507342.6354809,-39,44,4
1741507342.681481,4,-35,6
1741507342.727481,-26,-30,-99
1741507342.772481,-15,35,-100
1741507342.818481,30,41,55
1741507342.864481,-37,-60,85
1741507342.9094808,41,5,-146
1741507342.9554808,-34,-35,-10
1741507343.0014808,-4,-51,-132
1741507343.0474808,25,-51,-169
1741507343.092481,60,-2,-19
1741507343.138481,2,-38,-107
1741507343.184481,-19,31,-47
1741507343.229481,-17,15,-83
1741507343.275481,-51,25,-3
1741507343.321481,0,3,-27
1741507343.367481,-11,-18,-211
1741507343.4124808,-15,-31,-69
1741507343.4584808,26,92,0
1741507343.5044808,0,-27,-87
1741507343.549481,44,52,-136
1741507343.595481,25,-38,-48
1741507343.641481,-9,26,-80
1741507343.687481,40,40,17
1741507343.732481,-18,-20,-132
1741507343.778481,-8,47,-94
1741507343.824481,-57,30,-142
1741507343.8694808,22,26,-10
1741507343.9154809,86,-5,-78
1741507343.9614809,-4,9,-110
1741507344.0074809,11,17,-102
1741507344.052481,-4,3,-124
1741507344.098481,34,42,-98
1741507344.144481,22,-21,-184
1741507344.189481,-32,-15,-13
1741507344.235481,9,-23,-3
1741507344.281481,-18,8,-37
1741507344.327481,-4,-53,-107
1741507344.3724809,55,40,-103
1741507344.4184809,90,2,-123
1741507344.4644809,76,-1,-171
1741507344.509481,42,-15,-223
1741507344.555481,-21,2,2
1741507344.601481,-33,-62,-7
1741507344.647481,-61,-1,-35
1741507344.6924808,-5,-5,-111
1741507344.7384808,-57,0,-45
1741507344.7844808,96,4,-97
1741507344.829481,6,-9,-81
1741507344.875481,104,-33,-67
1741507344.921481,21,-20,-83
1741507344.967481,-40,-38,-3
1741507345.012481,-6,57,-21
1741507345.058481,-55,-35,-59
1741507345.104481,20,-37,-121
1741507345.1494808,-11,-33,-87
1741507345.1954808,11,-60,-15
1741507345.2414808,8,-37,-141
1741507345.2874808,45,25,-147
1741507345.332481,34,-9,-151
1741507345.378481,44,-26,-77
1741507345.424481,31,14,-127
1741507345.469481,122,10,30
1741507345.515481,33,-113,170
1741507345.561481,-89,-35,-123
1741507345.607481,-7,38,-165
1741507345.6524808,-76,7,-31
1741507345.6984808,3,5,2
1741507345.7444808,-40,-8,-31
1741507345.789481,15,35,-49
1741507345.835481,-22,-4,20
1741507345.881481,-36,-50,-132
1741507345.927481,45,47,-116
1741507345.972481,101,-34,-104
1741507346.018481,51,53,-168
1741507346.064481,26,-51,-80
1741507346.1094809,-4,-45,-14
1741507346.1554809,2,48,-110
1741507346.2014809,-29,-13,-92
1741507346.2474809,6,-13,-70
1741507346.292481,71,59,1
1741507346.338481,3,14,79
1741507346.384481,-88,18,-112
1741507346.429481,-51,-29,-87
1741507346.475481,10,-7,-105
1741507346.521481,18,39,-25
1741507346.5674808,62,-101,-83
1741507346.6124809,34,-37,-163
1741507346.658481,0,13,-61
1741507346.704481,-29,-46,-59
1741507346.749481,58,43,-57
1741507346.795481,42,0,16
1741507346.841481,42,71,28
1741507346.887481,-42,-23,-189
1741507346.9324808,47,22,-157
1741507346.9784808,-2,-21,10
1741507347.0244808,7,-71,-53
1741507347.069481,-22,-49,-75
1741507347.115481,-11,-32,-129
1741507347.161481,33,-34,-9
1741507347.207481,20,10,-15
1741507347.2514808,-32,8,-19
1741507347.2974808,-50,-6,-57
1741507347.3434808,7,-50,-123
1741507347.388481,91,27,-29
1741507347.434481,-31,-5,-111
1741507347.480481,28,0,-55
1741507347.525481,10,-19,-135
1741507347.571481,-33,16,-179
1741507347.617481,45,57,-85
1741507347.663481,-28,12,-20
1741507347.7084808,-38,14,-123
1741507347.7544808,-8,-82,-55
1741507347.8004808,-2,-64,-25
1741507347.845481,15,-61,-195
1741507347.891481,-32,4,-51
1741507347.937481,43,0,-111
1741507347.983481,57,-42,-97
1741507348.028481,-68,30,-116
1741507348.074481,7,14,-47
1741507348.120481,-3,-65,-19
1741507348.1654809,-11,15,-115
1741507348.2114809,-67,24,-65
1741507348.2574809,-15,60,-65
1741507348.302481,24,28,-21
1741507348.348481,-34,-7,-61
1741507348.394481,-10,-3,-189
1741507348.440481,46,-9,-103
1741507348.485481,38,2,-157
1741507348.531481,-55,23,-85
1741507348.577481,2,23,-91
1741507348.6224809,-99,65,-125
1741507348.6684809,67,-18,-92
1741507348.7144809,-34,4,-145
1741507348.7604809,19,51,-33
1741507348.805481,27,-36,-137
1741507348.851481,6,-12,-21
1741507348.897481,-57,21,-89
1741507348.9424808,-20,1,12
1741507348.9884808,-36,36,-85
1741507349.0344808,-14,-47,-53
1741507349.0804808,32,0,-15
1741507349.125481,-12,-20,-75
1741507349.171481,-50,13,-27
1741507349.217481,24,1,-167
1741507349.262481,24,0,-51
1741507349.308481,19,-24,-57
1741507349.354481,-33,17,-57
1741507349.400481,55,-30,-86
1741507349.4454808,23,-50,-96
1741507349.4914808,-76,-2,-19
1741507349.5374808,-22,26,-31
1741507349.582481,35,37,-107
1741507349.628481,1,-38,-27
1741507349.674481,1,-10,-93
1741507349.720481,82,-56,-139
1741507349.765481,32,-20,-57
1741507349.811481,57,-25,-101
1741507349.857481,-30,0,-131
1741507349.9024808,-36,68,-109
1741507349.9484808,39,10,2
1741507349.9944808,-11,27,6
1741507350.0404809,18,-24,-75
1741507350.085481,45,-20,-23
1741507350.131481,14,-27,-111
1741507350.177481,30,-4,-1
1741507350.222481,-34,78,-123
1741507350.268481,-43,19,-169
1741507350.314481,-2,30,-233
1741507350.360481,-37,15,-161
1741507350.4054809,-19,-38,-73
1741507350.4514809,9,44,-1
1741507350.4974809,1,0,-25
1741507350.542481,-18,21,-9
1741507350.588481,-56,-31,-219
1741507350.634481,-27,76,-93
1741507350.680481,106,88,-43
1741507350.725481,16,-3,28
1741507350.771481,-29,44,22
1741507350.8174808,-14,31,114
1741507350.8624809,38,46,-111
1741507350.908481,36,-79,-59
1741507350.954481,6,9,-85
1741507351.000481,78,29,-47
1741507351.045481,-41,7,-41
1741507351.091481,63,102,-17
1741507351.137481,83,36,-73
1741507351.1824808,20,-30,-79
1741507351.2284808,66,-50,-93
1741507351.2744808,-12,-40,-131
1741507351.3204808,1,-39,6
1741507351.365481,-83,-20,-39
1741507351.411481,-2,-41,-7
1741507351.457481,-22,-11,-171
1741507351.502481,56,38,-131
1741507351.548481,-18,35,-165
1741507351.594481,3,1,-155
1741507351.640481,31,41,-47
1741507351.6854808,41,49,-9
1741507351.7314808,59,26,-29
1741507351.782481,6,44,-109
1741507351.828481,94,-43,-39
1741507351.874481,46,28,-79
1741507351.920481,0,70,-73
1741507351.9654808,0,14,2
1741507352.0114808,-47,18,-85
1741507352.056481,39,-26,-225
1741507352.101481,-30,27,-67
1741507352.147481,-40,-42,-141
1741507352.193481,-27,-13,-5
1741507352.2384808,-41,14,-33
1741507352.2844808,64,-31,57
1741507352.3304808,2,-1,-44
1741507352.3764808,66,-7,-81
1741507352.421481,-37,24,52
1741507352.467481,-59,-69,-153
1741507352.513481,20,14,-21
1741507352.558481,-37,-93,-19
1741507352.604481,-29,37,-49
1741507352.650481,13,27,-131
1741507352.696481,-14,-14,-85
1741507352.7414808,41,7,74
1741507352.7874808,29,24,-9
1741507352.8334808,62,50,-39
1741507352.878481,-37,-23,-95
1741507352.924481,40,68,-99
1741507352.970481,8,32,10
1741507353.016481,-12,-43,-43
1741507353.061481,-164,-69,-57
1741507353.107481,-50,52,-153
1741507353.153481,79,-33,16
1741507353.1984808,-22,22,-115
1741507353.2444808,-34,-45,-13
1741507353.2904809,69,-45,-113
1741507353.3364809,-59,36,-25
1741507353.381481,-3,48,-1
1741507353.427481,68,-33,-141
1741507353.473481,18,-87,-35
1741507353.518481,-9,50,-169
1741507353.564481,-47,0,46
1741507353.610481,18,-13,-99
1741507353.656481,-1,-13,-85
1741507353.7014809,22,24,-91
1741507353.7474809,-13,-49,-7
1741507353.7934809,0,42,-185
1741507353.838481,12,40,-49
1741507353.884481,26,-53,-97
1741507353.930481,-88,-30,-15
1741507353.976481,-3,4,-153
1741507354.021481,-31,14,-109
1741507354.0674808,-21,-54,-27
1741507354.1134808,-14,19,-115
1741507354.158481,40,6,-13
1741507354.204481,33,-44,-111
1741507354.250481,7,41,-21
1741507354.296481,18,-3,-221
1741507354.341481,8,12,12
1741507354.387481,-37,78,20
1741507354.433481,6,21,-147
1741507354.4784808,39,-10,-31
1741507354.5244808,-50,-86,-9
1741507354.5704808,19,13,-115
1741507354.6164808,-8,51,-271
1741507354.661481,8,7,-37
1741507354.707481,39,11,-153
1741507354.753481,2,23,0
1741507354.798481,-21,75,-25
1741507354.844481,21,31,-121
1741507354.890481,8,14,-145
1741507354.936481,-27,-17,-13
1741507354.9814808,-7,30,-71
1741507355.0274808,19,-22,-29
1741507355.0734808,51,15,-133
1741507355.118481,-57,-111,-1
1741507355.164481,45,-2,-107
1741507355.210481,40,-1,20
1741507355.256481,-25,14,-115
1741507355.301481,-62,-30,-71
1741507355.347481,-55,0,66
1741507355.393481,64,-17,-109
1741507355.4384809,46,62,-122
1741507355.4844809,58,82,6
1741507355.5304809,2,28,-113
1741507355.575481,17,8,-29
1741507355.621481,-5,-21,-33
1741507355.667481,-9,-47,-83
1741507355.713481,8,-45,-41
1741507355.758481,0,8,-9
1741507355.804481,44,-55,-151
1741507355.850481,46,-41,-59
1741507355.8954809,67,19,-39
1741507355.9414809,27,13,-77
1741507355.9874809,51,-14,-95
1741507356.033481,-8,-6,-65
1741507356.078481,23,65,-157
1741507356.124481,91,-8,-147
1741507356.170481,-6,4,-89
1741507356.2154808,12,35,18
1741507356.2614808,54,-1,-31
1741507356.3074808,34,-57,-121
1741507356.3534808,6,30,-44
1741507356.398481,-57,-35,-122
1741507356.444481,-1,52,-26
1741507356.490481,-51,34,-243
1741507356.535481,79,-32,-101
1741507356.581481,67,37,-28
1741507356.627481,-7,26,-47
1741507356.673481,-17,28,-6
1741507356.7184808,-43,-7,-246
1741507356.7644808,-17,-63,-92
1741507356.8104808,45,2,-78
1741507356.855481,-59,1,-94
1741507356.901481,-10,-2,-142
1741507356.947481,37,27,-78
1741507356.993481,6,45,-89
1741507357.038481,24,65,-141
1741507357.084481,-60,-58,15
1741507357.130481,-90,-36,-182
1741507357.1754808,-7,-62,-56
1741507357.2214808,45,24,-29
1741507357.2674809,11,-16,-147
1741507357.3134809,-88,37,-47
1741507357.358481,-24,6,-101
1741507357.404481,9,-24,-35
1741507357.450481,-42,40,-129
1741507357.495481,22,-44,-69
1741507357.541481,-80,-11,-47
1741507357.587481,37,-25,-61
1741507357.633481,-24,46,2
1741507357.6784809,-36,-17,-235
1741507357.7244809,-32,-18,-73
1741507357.7704809,-18,43,34
1741507357.815481,37,9,2
1741507357.861481,53,-4,-51
1741507357.907481,-37,63,-9
1741507357.953481,-50,-34,-115
1741507357.998481,65,5,-109
1741507358.0444808,59,5,-197
1741507358.0904808,-31,-4,-61
1741507358.1354809,-42,65,-83
1741507358.181481,-55,-24,-29
1741507358.227481,-81,-14,18
1741507358.273481,64,-32,-93
1741507358.318481,57,0,-19
1741507358.364481,-14,33,-113
1741507358.410481,43,10,-23
1741507358.4554808,5,22,-104
1741507358.5014808,-26,-11,-148
1741507358.5474808,-60,-6,-64
1741507358.5934808,7,9,-98
1741507358.638481,38,-14,-18
1741507358.684481,-73,-30,-274
1741507358.730481,22,0,-108
1741507358.775481,0,-16,-12
1741507358.821481,54,-40,-97
1741507358.867481,-61,7,-78
1741507358.913481,-92,-84,-88
1741507358.9584808,-2,-60,-109
1741507359.0044808,-41,-20,-7
1741507359.0504808,24,7,-27
1741507359.095481,23,51,-5
1741507359.141481,23,-12,-25
1741507359.187481,74,-86,-7
1741507359.233481,-39,-86,-107
1741507359.278481,83,48,-83
1741507359.324481,-58,-12,-123
1741507359.370481,26,18,-81
1741507359.4154809,-4,29,-95
1741507359.4614809,0,-26,-71
1741507359.5074809,4,-35,-71
1741507359.5534809,-3,-39,-113
1741507359.598481,-35,20,-97
1741507359.644481,-67,6,-79
1741507359.690481,-15,34,58
1741507359.735481,-2,-20,-130
1741507359.781481,0,-3,-90
1741507359.827481,-55,-17,-40
1741507359.873481,-66,27,-30
1741507359.9184809,13,-8,-94
1741507359.9644809,-74,9,-58
1741507360.0104809,73,35,-162
1741507360.055481,48,45,-88
1741507360.101481,66,29,17
1741507360.147481,8,-74,-114
1741507360.193481,24,31,-102
1741507360.2384808,48,-34,-116
1741507360.2844808,20,0,-96
1741507360.3304808,73,33,-64
1741507360.375481,10,-12,-6
1741507360.421481,1,-48,-140
1741507360.467481,-62,28,-76
1741507360.513481,-27,-7,-72
1741507360.558481,32,6,-24
1741507360.604481,-1,-11,-50
1741507360.650481,-59,-55,-14
1741507360.6954808,30,-15,-57
1741507360.7414808,50,12,-15
1741507360.7874808,60,-43,-61
1741507360.8334808,-39,46,-61
1741507360.878481,73,-14,-205
1741507360.924481,4,-75,-105
1741507360.970481,11,-48,56
1741507361.015481,45,5,-61
1741507361.061481,31,13,-5
1741507361.107481,54,126,-77
1741507361.153481,68,72,-175
1741507361.1984808,14,-67,-23
1741507361.2444808,-19,-83,-31
1741507361.2904809,80,37,-105
1741507361.335481,-11,1,0
1741507361.381481,6,25,-1
1741507361.427481,14,-67,-83
1741507361.473481,53,-32,-3
1741507361.518481,30,-26,-97
1741507361.564481,-15,-22,-45
1741507361.610481,-32,-40,-41
1741507361.6554809,169,0,-23
1741507361.7014809,14,15,-47
1741507361.7474809,83,-84,-21
1741507361.798481,-22,-103,58
1741507361.844481,-35,16,36
1741507361.890481,-20,-89,-51
1741507361.9354808,105,4,-75
1741507361.9814808,70,-10,-67
1741507362.0274808,-56,-1,-111
1741507362.0734808,61,-31,20
1741507362.118481,-10,-17,-133
1741507362.164481,19,0,-122
1741507362.210481,-22,-3,-36
1741507362.255481,17,-45,-106
1741507362.301481,37,-5,-64
1741507362.347481,71,50,-146
1741507362.3924809,-29,-30,-52
1741507362.4384809,46,0,-94
1741507362.4844809,70,19,-76
1741507362.5304809,-39,97,123
1741507362.575481,34,-6,-10
1741507362.621481,-69,-44,-6
1741507362.667481,-21,29,-80
1741507362.712481,-4,1,-34
1741507362.758481,16,33,-122
1741507362.804481,-5,-13,-2
1741507362.850481,-34,86,-118
1741507362.8954809,-4,-7,-8
1741507362.9414809,-23,6,-60
1741507362.9874809,58,8,-50
1741507363.032481,28,31,-158
1741507363.078481,-49,36,-22
1741507363.124481,31,7,-106
1741507363.170481,40,45,-44
1741507363.2154808,26,-4,-123
1741507363.2614808,-41,-76,-109
1741507363.3074808,-53,63,-105
1741507363.352481,-15,-44,6
1741507363.398481,-7,49,-69
1741507363.444481,-43,-93,-31
1741507363.490481,8,37,-78
1741507363.535481,-79,31,-103
1741507363.581481,13,3,-21
1741507363.627481,68,-60,-19
1741507363.6724808,56,0,18
1741507363.7184808,22,-33,-137
1741507363.7644808,34,23,-23
1741507363.8104808,-22,27,-179
1741507363.855481,76,72,-83
1741507363.901481,-21,-36,-43
1741507363.947481,26,15,-113
1741507363.992481,-8,31,-115
1741507364.038481,35,-14,-157
1741507364.084481,-37,-7,-61
1741507364.130481,98,70,-177
1741507364.1754808,2,92,14
1741507364.2214808,52,-39,-59
1741507364.2674809,-53,10,20
1741507364.312481,38,64,-93
1741507364.358481,-1,-15,16
1741507364.404481,62,93,-23
1741507364.450481,8,61,-75
1741507364.495481,64,-50,-105
1741507364.541481,-23,31,-135
1741507364.587481,46,81,-21
1741507364.6324809,-14,-42,-52
1741507364.6784809,-69,19,-38
1741507364.7244809,-5,49,-34
1741507364.7704809,-9,19,21
1741507364.815481,-55,18,-161
1741507364.861481,-44,-38,18
1741507364.907481,-10,39,-31
1741507364.952481,-48,-24,-115
1741507364.998481,79,41,-63
1741507365.0444808,-32,-65,-72
1741507365.0904808,-18,12,17
1741507365.1354809,13,6,-102
1741507365.181481,18,49,-148
1741507365.227481,36,-32,-34
1741507365.272481,18,-10,-126
1741507365.318481,34,90,-68
1741507365.364481,-97,-20,-56
1741507365.410481,2,19,61
1741507365.4554808,-33,98,-132
1741507365.5014808,58,-5,-98
1741507365.5474808,6,27,-38
1741507365.592481,-21,45,-149
1741507365.638481,17,23,-75
1741507365.684481,-11,-48,32
1741507365.730481,37,21,-91
1741507365.775481,-6,-38,-25
1741507365.821481,65,61,-163
1741507365.867481,-57,-44,-57
1741507365.9124808,-55,-4,-119
1741507365.9584808,-19,1,-51
1741507366.0044808,27,10,-25
1741507366.0504808,-18,10,-59
1741507366.095481,47,10,16
1741507366.141481,13,-12,-93
1741507366.187481,-4,-12,37
1741507366.232481,55,-8,-99
1741507366.278481,-8,19,-80
1741507366.324481,38,62,-175
1741507366.370481,5,-30,-79
1741507366.4154809,-58,-10,-107
1741507366.4614809,63,-4,-169
1741507366.5074809,-67,-29,-77
1741507366.552481,57,-2,-77
1741507366.598481,19,-24,-70
1741507366.644481,-44,3,-35
1741507366.690481,-10,-51,-117
1741507366.735481,45,62,-57
1741507366.781481,37,40,-61
1741507366.827481,-22,-22,-53
1741507366.8724809,47,83,-121
1741507366.9184809,-20,-49,-161
1741507366.9644809,45,-9,-73
1741507367.0104809,-12,-15,-117
1741507367.055481,-8,-53,-123
1741507367.101481,18,-13,-89
1741507367.147481,-20,51,-85
1741507367.1924808,17,-48,-41
1741507367.2384808,30,67,-123
1741507367.2844808,43,91,-187
1741507367.3304808,-50,-44,-67
1741507367.375481,-10,3,-168
1741507367.421481,24,-92,26
1741507367.467481,-45,-8,-129
1741507367.512481,-58,-43,-39
1741507367.558481,55,-118,-123
1741507367.604481,11,4,-17
1741507367.650481,47,26,12
1741507367.6954808,-2,69,-121
1741507367.7414808,22,-34,-77
1741507367.7874808,-33,5,-35
1741507367.832481,-29,17,-115
1741507367.878481,30,-25,-142
1741507367.924481,-11,-55,-122
1741507367.970481,4,-28,9
1741507368.015481,58,-22,-110
1741507368.061481,-63,-6,-140
1741507368.107481,-9,-15,19
1741507368.1524808,-43,-69,-24
1741507368.1984808,51,-38,-196
1741507368.2444808,55,-6,-65
1741507368.2904809,38,-48,75
1741507368.335481,34,-48,-28
1741507368.381481,-7,1,-72
1741507368.427481,43,-18,-126
1741507368.472481,0,-87,-116
1741507368.518481,49,33,5
1741507368.564481,17,-10,-224
1741507368.610481,89,-7,53
1741507368.6554809,4,-21,-130
1741507368.7014809,-47,-13,-136
1741507368.7474809,56,-19,-152
1741507368.792481,20,75,7
1741507368.838481,32,15,-38
1741507368.884481,52,-50,11
1741507368.930481,15,-80,-92
1741507368.975481,83,11,23
1741507369.021481,17,-68,-108
1741507369.0674808,-28,-11,-204
1741507369.1124809,-54,-15,-40
1741507369.158481,-6,60,-130
1741507369.204481,-7,-3,-136
1741507369.249481,88,-19,-38
1741507369.295481,-19,-33,-184
1741507369.341481,-16,0,-114
1741507369.387481,24,92,93
1741507369.4324808,46,-5,-60
1741507369.4784808,-25,47,33
1741507369.5244808,5,-15,-10
1741507369.569481,111,-41,-130
1741507369.615481,43,-8,-174
1741507369.661481,37,31,-112
1741507369.707481,0,17,-121
1741507369.752481,9,49,-6
1741507369.798481,-10,-36,-120
1741507369.844481,61,2,-60
1741507369.8894808,43,-13,-192
1741507369.9354808,-2,-65,-146
1741507369.9814808,-34,62,-150
1741507370.0274808,0,-53,-128
1741507370.072481,20,30,-50
1741507370.118481,-7,2,-94
1741507370.164481,70,20,-88
1741507370.209481,90,2,69
1741507370.255481,-65,-49,-18
1741507370.301481,-65,14,-112
1741507370.347481,4,-30,-82
1741507370.3924809,-25,-2,-114
1741507370.4384809,62,-52,-141
1741507370.4844809,19,3,-129
1741507370.529481,-13,19,26
1741507370.575481,105,-49,34
1741507370.621481,-44,32,64
1741507370.667481,33,-37,-215
1741507370.712481,26,-27,-169
1741507370.758481,2,50,-151
1741507370.804481,74,-27,-99
1741507370.8494809,-16,-36,-27
1741507370.8954809,-59,-27,30
1741507370.9414809,8,10,-77
1741507370.9874809,-25,14,-121
1741507371.032481,49,5,-59
1741507371.078481,-15,-43,0
1741507371.124481,9,-50,-35
1741507371.1694808,-51,36,-19
1741507371.2154808,-18,-13,-25
1741507371.2614808,3,18,-104
1741507371.3074808,-94,26,-38
1741507371.352481,4,41,-120
1741507371.398481,-32,-30,-70
1741507371.444481,-6,59,-46
1741507371.489481,-28,-10,-130
1741507371.535481,-10,3,-70
1741507371.581481,21,13,-46
1741507371.627481,11,-10,-64
1741507371.6724808,-1,-36,-46
1741507371.7184808,-56,-47,39
1741507371.7644808,-34,47,-112
1741507371.815481,-4,-4,-50
1741507371.861481,-42,-8,-70
1741507371.907481,-9,-37,-135
1741507371.952481,0,0,-143
1741507371.998481,1,10,-21
1741507372.0444808,-119,-27,-39
1741507372.0894809,57,42,-9
1741507372.1354809,2,-32,-77
1741507372.181481,20,37,-117
1741507372.227481,-47,-10,-77
1741507372.272481,-31,-28,-157
1741507372.318481,48,-1,-23
1741507372.364481,-33,18,70
1741507372.4094808,-13,20,-5
1741507372.4554808,88,35,-57
1741507372.5014808,20,57,-53
1741507372.5474808,2,-55,-25
1741507372.592481,-132,-27,-181
1741507372.638481,-64,-85,-35
1741507372.684481,39,-12,-63
1741507372.729481,-71,-4,-93
1741507372.775481,53,-9,-51
1741507372.821481,-9,-50,-19
1741507372.867481,13,8,-139
1741507372.9124808,26,-43,-93
1741507372.9584808,10,-21,4
1741507373.0044808,94,-33,-69
1741507373.049481,-62,50,-259
1741507373.095481,-16,16,-35
1741507373.141481,-40,-27,-3
1741507373.187481,19,5,-69
1741507373.232481,9,50,-29
1741507373.278481,43,-25,-84
1741507373.324481,1,-18,-56
1741507373.3694808,41,-49,-65
1741507373.4154809,-76,-4,26
1741507373.4614809,21,65,-115
1741507373.5074809,-28,-30,-194
1741507373.552481,-87,-42,-32
1741507373.598481,38,-68,-4
1741507373.644481,-58,-48,133
1741507373.689481,3,43,83
1741507373.735481,-60,-10,-172
1741507373.781481,-85,5,-36
1741507373.827481,30,-8,-80
1741507373.8724809,-97,65,-164
1741507373.9184809,-95,-20,-162
1741507373.9644809,-37,42,-169
1741507374.009481,-7,-69,-73
1741507374.055481,-71,-45,39
1741507374.101481,-19,-28,-148
1741507374.147481,-41,88,-58
1741507374.1924808,7,12,-190
1741507374.2384808,43,-21,-122
1741507374.2844808,41,-88,-92
1741507374.329481,30,-6,-50
1741507374.375481,-9,-59,-98
1741507374.421481,75,-12,-44
1741507374.467481,-43,-44,-50
1741507374.512481,-111,28,-120
1741507374.558481,46,-57,-156
1741507374.604481,44,45,-74
1741507374.6494808,-10,10,-112
1741507374.6954808,-11,30,31
1741507374.7414808,22,40,19
1741507374.7874808,67,76,-124
1741507374.832481,15,100,-58
1741507374.878481,-65,16,-62
1741507374.924481,50,-9,-134
1741507374.969481,-45,0,79
1741507375.015481,-21,-27,-4
1741507375.061481,65,25,-128
1741507375.107481,-8,-66,-106
1741507375.1524808,17,79,-62
1741507375.1984808,-97,-19,-74
1741507375.2444808,-12,-32,-126
1741507375.289481,-4,-52,1
1741507375.335481,13,3,-24
1741507375.381481,53,-26,-50
1741507375.427481,10,44,-196
1741507375.472481,-29,-1,-150
1741507375.518481,19,68,55
1741507375.564481,9,-33,-38
1741507375.6094809,-38,30,-66
1741507375.6554809,7,-77,-90
1741507375.7014809,23,-57,-108
1741507375.7474809,-16,-16,-12
1741507375.792481,-103,0,-88
1741507375.838481,3,19,-78
1741507375.884481,0,13,-114
1741507375.929481,-60,-36,-44
1741507375.975481,-24,-34,-72
1741507376.021481,72,23,-14
1741507376.0664809,-39,18,-4
1741507376.1124809,-25,56,-48
1741507376.158481,-53,-71,-120
1741507376.204481,34,52,-158
1741507376.249481,-5,8,-146
1741507376.295481,7,40,-80
1741507376.341481,-78,0,-10
1741507376.3864808,146,-9,-60
1741507376.4324808,61,14,-40
1741507376.4784808,-52,-33,-40
1741507376.5244808,118,0,-96
1741507376.569481,38,53,-138
1741507376.615481,26,7,-34
1741507376.661481,-79,-30,-108
1741507376.706481,-53,-36,-22
1741507376.752481,62,27,-16
1741507376.798481,-31,-23,-60
1741507376.844481,54,-32,85
1741507376.8894808,-5,-22,-98
1741507376.9354808,20,-102,-166
1741507376.9814808,64,20,-38
1741507377.026481,8,44,-112
1741507377.072481,52,-65,-52
1741507377.118481,-33,12,1
1741507377.164481,-25,-5,-94
1741507377.209481,-10,25,-85
1741507377.255481,53,7,-99
1741507377.301481,25,45,-49
1741507377.3464808,31,-20,-183
1741507377.3924809,22,1,-34
1741507377.4384809,41,-56,-147
1741507377.4844809,41,36,34
1741507377.529481,-10,21,-47
1741507377.575481,-18,33,30
1741507377.621481,27,-25,26
1741507377.6654809,-46,50,-41
1741507377.7114809,-18,7,-13
1741507377.7574809,-34,-58,-79
1741507377.802481,-14,15,-69
1741507377.848481,55,3,14
1741507377.894481,-52,5,-51
1741507377.940481,109,-6,5
1741507377.985481,-74,-6,-72
1741507378.031481,3,-42,21
1741507378.077481,94,-36,26
1741507378.1224809,-59,31,-63
1741507378.1684809,5,-4,-1
1741507378.2144809,83,-24,18
1741507378.2604809,-14,-32,-63
1741507378.305481,66,-93,-87
1741507378.351481,-58,18,-1
1741507378.397481,9,69,-35
1741507378.4424808,28,-81,-79
1741507378.4884808,14,24,-105
1741507378.5344808,-48,-25,-57
1741507378.5804808,-46,-32,-163
1741507378.625481,-52,16,-25
1741507378.671481,32,38,-69
1741507378.717481,20,13,-75
1741507378.762481,-23,-54,-101
1741507378.808481,-7,-98,-225
1741507378.854481,-26,-26,-75
1741507378.900481,21,11,-87
1741507378.9454808,11,-2,-85
1741507378.9914808,25,-10,-91
1741507379.0374808,1,39,-1
1741507379.082481,-28,-40,-31
1741507379.128481,-130,26,-23
1741507379.174481,20,-23,-127
1741507379.220481,-26,-23,-53
1741507379.265481,67,0,-85
1741507379.311481,-12,1,-41
1741507379.357481,51,-36,-81
1741507379.4024808,-3,53,-53
1741507379.4484808,-33,43,-97
1741507379.4944808,-10,-53,-73
1741507379.5404809,5,3,-85
1741507379.585481,43,2,-127
1741507379.631481,4,-41,4
1741507379.677481,31,-37,-87
1741507379.722481,-23,40,-23
1741507379.768481,13,63,17
1741507379.814481,17,-59,-38
1741507379.860481,19,20,39
1741507379.9054809,30,-29,-62
1741507379.9514809,16,-11,-218
1741507379.9974809,-65,-21,-114
1741507380.042481,-57,-9,-84
1741507380.088481,26,-30,-96
1741507380.134481,-27,13,-28
1741507380.180481,-16,-2,-32
1741507380.225481,15,-65,-6
1741507380.271481,-18,22,-30
1741507380.3174808,-62,-43,-28
1741507380.3624809,47,12,-26
1741507380.408481,-80,39,-96
1741507380.454481,25,-4,-100
1741507380.500481,51,14,-32
1741507380.545481,16,-76,-66
1741507380.591481,-57,-42,-124
1741507380.637481,-55,-18,-138
1741507380.6824808,34,-68,-112
1741507380.7284808,10,60,-236
1741507380.7744808,-81,26,-53
1741507380.8204808,-33,-51,-105
1741507380.865481,30,100,-147
1741507380.911481,19,-43,-121
1741507380.957481,40,18,-118
1741507381.002481,-11,10,-19
1741507381.048481,67,-17,-21
1741507381.094481,-46,-21,-49
1741507381.140481,93,-84,-105
1741507381.1854808,7,22,12
1741507381.2314808,67,-11,-13
1741507381.2774808,9,20,-144
1741507381.322481,-2,-42,-124
1741507381.368481,-2,-15,-216
1741507381.414481,35,-69,15
1741507381.460481,-60,-97,-84
1741507381.505481,-32,44,-118
1741507381.551481,46,-41,-186
1741507381.597481,-53,-75,0
1741507381.6424809,64,4,-80
1741507381.6884809,-39,-1,-10
1741507381.7344809,-18,-55,-64
1741507381.785481,41,-8,-134
1741507381.831481,-8,47,-274
1741507381.877481,111,21,-92
1741507381.9224808,-68,9,-10
1741507381.9684808,-56,-14,-36
1741507382.0144808,-7,-49,-22
1741507382.0604808,8,-5,-84
1741507382.105481,24,-3,27
1741507382.151481,16,16,-101
1741507382.197481,-12,-101,-123
1741507382.242481,60,16,-165
1741507382.288481,24,12,-135
1741507382.334481,-23,10,-107
1741507382.380481,-24,-89,35
1741507382.4254808,-5,-67,-47
1741507382.4714808,0,-17,-249
1741507382.5174809,-29,8,-43
1741507382.562481,78,-47,-7
1741507382.608481,-17,-17,54
1741507382.654481,-7,-53,-103
1741507382.699481,-5,-83,-61
1741507382.745481,30,-69,-45
1741507382.791481,-3,-15,-73
1741507382.837481,8,-63,22
1741507382.8824809,4,-35,-133
1741507382.9284809,-27,12,-139
1741507382.973481,59,-72,32
1741507383.018481,-30,16,-116
1741507383.064481,35,-39,-107
1741507383.110481,59,49,-28
1741507383.1554809,-39,-23,-92
1741507383.2014809,42,55,19
1741507383.2474809,-1,7,-64
1741507383.2934809,-21,19,-109
1741507383.338481,-25,-118,-89
1741507383.384481,-60,65,16
1741507383.430481,-20,19,-65
1741507383.475481,11,15,-53
1741507383.521481,29,-34,-177
1741507383.5674808,-2,-26,-73
1741507383.6134808,36,8,10
1741507383.658481,11,-53,34
1741507383.704481,11,78,-111
1741507383.750481,-47,-1,-33
1741507383.795481,-31,-8,-89
1741507383.841481,-83,0,-129
1741507383.887481,41,-22,-213
1741507383.933481,50,3,-159
1741507383.9784808,-9,-18,-33
1741507384.0244808,-1,-56,-91
1741507384.0704808,-45,-22,-47
1741507384.115481,-3,-10,-93
1741507384.161481,-72,-54,-29
1741507384.207481,44,-26,-135
1741507384.253481,8,-4,82
1741507384.298481,96,48,-122
1741507384.344481,-25,35,-99
1741507384.390481,-7,-62,20
1741507384.4354808,-37,13,-83
1741507384.4814808,3,68,-64
1741507384.5274808,19,6,11
1741507384.5734808,-21,-25,19
1741507384.618481,-11,24,-20
1741507384.664481,25,-53,-100
1741507384.710481,-2,-71,-78
1741507384.755481,21,43,-38
1741507384.801481,56,-25,43
1741507384.847481,22,17,-114
1741507384.893481,-31,3,-114
1741507384.9384809,91,53,-18
1741507384.9844809,7,32,-90
1741507385.0304809,69,-48,-90
1741507385.075481,1,3,-50
1741507385.121481,46,-62,-226
1741507385.167481,38,-26,-46
1741507385.213481,28,37,-122
1741507385.258481,-19,109,-80
1741507385.304481,38,-16,-62
1741507385.350481,-45,-32,-208
1741507385.3954809,-41,12,-180
1741507385.4414809,-13,16,9
1741507385.4874809,34,-31,55
1741507385.533481,-19,-57,11
1741507385.578481,-79,-29,55
1741507385.624481,5,92,-54
1741507385.670481,-68,56,-36
1741507385.7154808,48,67,-100
1741507385.7614808,13,-101,-78
1741507385.8074808,-30,0,-116
1741507385.8534808,3,11,-44
1741507385.898481,1,33,-134
1741507385.944481,-49,8,-20
1741507385.990481,-42,-4,-160
1741507386.035481,-4,75,-42
1741507386.081481,3,-38,-254
1741507386.127481,80,56,-2
1741507386.173481,-81,-24,-49
1741507386.2184808,40,69,-146
1741507386.2644808,22,9,-129
1741507386.3104808,18,-30,-109
1741507386.355481,44,37,-27
1741507386.401481,12,-6,-13
1741507386.447481,28,-48,2
1741507386.493481,-22,-84,-105
1741507386.538481,77,-72,-143
1741507386.584481,87,-26,-77
1741507386.630481,61,-5,-147
1741507386.6754808,-12,30,-121
1741507386.7214808,-22,72,122
1741507386.7674809,49,-9,-47
1741507386.8134809,0,-128,-111
1741507386.858481,-2,15,6
1741507386.904481,73,-38,-76
1741507386.950481,10,20,-38
1741507386.995481,26,-37,-127
1741507387.041481,-29,-21,-179
1741507387.087481,-1,48,-7
1741507387.133481,-29,52,-139
1741507387.1784809,64,-47,-77
1741507387.2244809,16,8,-55
1741507387.2704809,-15,30,-35
1741507387.315481,30,26,-129
1741507387.361481,-23,-49,-131
1741507387.407481,16,0,66
1741507387.453481,17,6,-133
1741507387.498481,-22,-18,-181
1741507387.5444808,-50,67,-13
1741507387.5904808,-34,-50,-85
1741507387.6354809,-13,32,-23
1741507387.681481,40,14,-84
1741507387.727481,0,65,-131
1741507387.773481,103,-2,-118
1741507387.818481,35,-14,3
1741507387.864481,-1,-7,-76
1741507387.910481,13,15,-112
1741507387.9554808,37,-28,-6
1741507388.0014808,69,11,-81
1741507388.0474808,52,10,-55
1741507388.0934808,28,-71,-263
1741507388.138481,0,-1,-83
1741507388.184481,0,-41,-93
1741507388.230481,-18,65,-97
1741507388.275481,-38,-41,-105
1741507388.321481,-26,55,-19
1741507388.367481,-90,19,-1
1741507388.413481,81,-79,-127
1741507388.4584808,3,-13,-113
1741507388.5044808,57,12,8
1741507388.5504808,-46,50,-83
1741507388.595481,-32,10,-10
1741507388.641481,-54,-17,-167
1741507388.687481,-60,-9,-64
1741507388.733481,-9,104,-100
1741507388.778481,26,-63,-136
1741507388.824481,29,-53,-178
1741507388.870481,19,-47,-58
1741507388.9154809,40,76,-136
1741507388.9614809,10,8,-70
1741507389.0074809,20,-49,-122
1741507389.0534809,-11,32,-190
1741507389.098481,-5,36,-78
1741507389.144481,-28,8,-110
1741507389.190481,37,-15,-26
1741507389.235481,51,2,-134
1741507389.281481,25,-7,-52
1741507389.327481,109,-41,-67
1741507389.373481,-28,-47,-87
1741507389.4184809,13,-37,-163
1741507389.4644809,58,-59,-89
1741507389.5104809,-49,18,-133
1741507389.555481,10,-24,-35
1741507389.601481,11,-17,-165
1741507389.647481,35,-17,-125
1741507389.6924808,-25,74,-195
1741507389.7384808,-14,-49,-102
1741507389.7844808,-24,9,-82
1741507389.8304808,62,-62,-38
1741507389.875481,-11,57,-99
1741507389.921481,18,43,-71
1741507389.967481,58,-22,-139
1741507390.012481,18,62,-154
1741507390.058481,-13,-15,-96
1741507390.104481,-27,27,-259
1741507390.150481,28,67,-65
1741507390.1954808,52,-9,-7
1741507390.2414808,-3,-33,-103
1741507390.2874808,-35,-1,-85
1741507390.332481,19,54,12
1741507390.378481,-58,24,-103
1741507390.424481,74,-85,-119
1741507390.470481,27,80,-93
1741507390.515481,83,11,-3
1741507390.561481,15,12,-23
1741507390.607481,-12,12,-57
1741507390.6524808,-35,-21,-145
1741507390.6984808,-5,20,-101
1741507390.7444808,45,10,72
1741507390.7904809,9,4,-77
1741507390.835481,-14,-73,10
1741507390.881481,43,-33,-45
1741507390.927481,26,26,-43
1741507390.972481,-6,1,4
1741507391.018481,-96,2,72
1741507391.064481,120,47,66
1741507391.110481,88,-30,-43
1741507391.1554809,-44,-54,4
1741507391.2014809,-30,16,-29
1741507391.2474809,9,-14,-107
1741507391.292481,-117,24,-43
1741507391.338481,56,-5,-3
1741507391.384481,61,0,-173
1741507391.430481,23,-55,-123
1741507391.475481,-34,25,-135
1741507391.521481,-27,44,2
1741507391.5674808,47,20,42
1741507391.6124809,-64,60,-5
1741507391.658481,12,-2,-167
1741507391.704481,-25,13,-29
1741507391.750481,-37,-18,-141
1741507391.801481,-57,-64,-51
1741507391.847481,76,77,114
1741507391.8924809,20,25,-103
1741507391.9384809,44,1,-45
1741507391.9844809,-29,15,-157
1741507392.0304809,8,-86,-15
1741507392.075481,20,-32,-119
1741507392.121481,22,-18,26
1741507392.167481,18,81,10
1741507392.212481,20,-79,-89
1741507392.258481,49,-76,-13
1741507392.304481,-36,-69,-89
1741507392.350481,-24,6,-75
1741507392.3954809,33,-8,-47
1741507392.4414809,59,30,72
1741507392.4874809,29,-3,-121
1741507392.532481,91,-41,-77
1741507392.578481,31,-32,17
1741507392.624481,-16,-27,-26
1741507392.670481,35,-55,-70
1741507392.7154808,57,-31,-74
1741507392.7614808,-2,-32,-84
1741507392.8074808,15,-4,31
1741507392.852481,18,12,-14
1741507392.898481,8,-32,-44
1741507392.944481,72,-44,-152
1741507392.990481,-7,35,-48
1741507393.035481,-20,-16,17
1741507393.081481,55,0,-88
1741507393.127481,85,-28,3
1741507393.1724808,-8,59,-92
1741507393.2184808,-5,-19,-8
1741507393.2644808,-33,22,-7
1741507393.3104808,-11,1,43
1741507393.355481,-35,27,-70
1741507393.401481,-37,-12,-71
1741507393.447481,-21,29,-43
1741507393.492481,27,55,-189
1741507393.538481,-26,23,8
1741507393.584481,59,-40,-101
1741507393.630481,-16,43,-145
1741507393.6754808,53,-36,-97
1741507393.7214808,-24,-81,66
1741507393.7674809,38,-37,96
1741507393.812481,0,29,-79
1741507393.858481,-12,-50,-115
1741507393.904481,-50,-48,-117
1741507393.950481,33,-14,-177
1741507393.995481,108,-22,-46
1741507394.041481,-13,-20,46
1741507394.087481,30,-76,-140
1741507394.1324809,-18,-6,-139
1741507394.1784809,12,-26,76
1741507394.2244809,41,-46,-47
1741507394.2704809,42,-10,-93
1741507394.315481,53,45,-12
1741507394.361481,17,6,-154
1741507394.407481,-4,-73,-22
1741507394.452481,33,-73,-8
1741507394.498481,35,-14,-14
1741507394.5444808,-18,90,-117
1741507394.5904808,28,14,-59
1741507394.6354809,46,-61,-105
1741507394.681481,-109,-13,-81
1741507394.727481,4,29,-10
1741507394.772481,-29,-72,-8
1741507394.818481,0,-40,-100
1741507394.864481,-42,-21,10
1741507394.910481,-42,52,-47
1741507394.9554808,-97,28,-25
1741507395.0014808,-22,42,-43
1741507395.0474808,-2,-42,-133
1741507395.092481,-14,-15,-35
1741507395.138481,-18,8,-161
1741507395.184481,-6,46,-19
1741507395.230481,-18,10,-131
1741507395.275481,-70,36,4
1741507395.321481,53,-39,-79
1741507395.367481,27,-3,-101
1741507395.4124808,-12,32,-13
1741507395.4584808,-76,76,-115
1741507395.5044808,51,-15,-195
1741507395.5504808,19,-23,-149
1741507395.595481,51,73,-27
1741507395.641481,-12,-22,-101
1741507395.687481,-18,23,-125
1741507395.732481,-50,57,-7
1741507395.778481,-2,75,24
1741507395.824481,-35,7,-119
1741507395.870481,-35,-24,-93
1741507395.9154809,20,9,122
1741507395.9614809,0,-16,-3
1741507396.0074809,20,-38,-47
1741507396.052481,28,-34,0
1741507396.098481,-47,104,-85
1741507396.144481,98,12,-183
1741507396.190481,0,8,-105
1741507396.235481,12,-66,-37
1741507396.281481,0,9,-37
1741507396.327481,38,-30,-109
1741507396.3724809,-22,-26,-69
1741507396.4184809,-11,-21,-67
1741507396.4644809,-27,20,-67
1741507396.509481,16,-108,-81
1741507396.555481,26,-57,-43
1741507396.601481,32,13,-110
1741507396.647481,9,8,-72
1741507396.6924808,-36,4,-70
1741507396.7384808,53,42,-92
1741507396.7844808,41,26,-28
1741507396.829481,-71,-33,-56
1741507396.875481,-63,-18,-110
1741507396.921481,-48,0,-56
1741507396.967481,-46,22,-126
1741507397.012481,40,-25,-84
1741507397.058481,-21,-39,-28
1741507397.104481,-25,40,-88
1741507397.1494808,-68,66,-56
1741507397.1954808,-6,-83,-72
1741507397.2414808,33,42,35
1741507397.2874808,23,-45,-50
1741507397.332481,-5,7,4
1741507397.378481,-9,-39,-127
1741507397.424481,82,-17,-75
1741507397.469481,42,-17,-173
1741507397.515481,52,18,-23
1741507397.561481,6,22,-51
1741507397.607481,-25,-7,-274
1741507397.6524808,46,-19,-108
1741507397.6984808,-45,-15,-32
1741507397.7444808,-85,-7,-88
1741507397.789481,-1,-17,-76
1741507397.835481,-7,-15,-136
1741507397.881481,19,15,-106
1741507397.927481,27,-17,-20
1741507397.972481,-30,-37,-64
1741507398.018481,-5,-47,-136
1741507398.064481,28,-33,-124
1741507398.1094809,-11,86,0
1741507398.1554809,-9,-28,-200
1741507398.2014809,-1,11,-84
1741507398.2474809,-40,-62,-150
1741507398.292481,-34,89,-74
1741507398.338481,31,-90,-108
1741507398.384481,-5,-18,-18
1741507398.429481,-24,75,23
1741507398.475481,17,-38,-96
1741507398.521481,42,-2,-72
1741507398.5674808,-9,-17,-90
1741507398.6124809,-11,16,-134
1741507398.658481,-12,87,-48
1741507398.704481,-8,-52,-196
1741507398.749481,7,17,-102
1741507398.795481,-102,-8,-56
1741507398.841481,-50,7,-88
1741507398.887481,-46,-32,-8
1741507398.9324808,-48,47,-30
1741507398.9784808,42,24,-38
1741507399.0244808,22,46,-146
1741507399.069481,-33,-81,-16
1741507399.115481,36,-59,-86
1741507399.161481,-38,3,-132
1741507399.207481,8,17,-140
1741507399.252481,-57,-59,-52
1741507399.298481,-9,-3,-18
1741507399.344481,-45,-85,3
1741507399.3894808,28,20,-122
1741507399.4354808,40,-5,21
1741507399.4814808,8,-16,35
1741507399.5274808,112,-50,-66
1741507399.572481,16,-4,-79
1741507399.618481,130,-32,-89
1741507399.664481,-23,25,-169
1741507399.709481,-1,-16,-65
1741507399.755481,52,23,87
1741507399.801481,-38,7,25
1741507399.847481,7,-48,-188
1741507399.8924809,74,-41,-130
1741507399.9384809,-30,23,-106
1741507399.9844809,-38,60,-130
1741507400.029481,10,36,-116
1741507400.075481,-33,-30,-70
1741507400.121481,-23,19,-222
1741507400.167481,-27,-41,35
1741507400.212481,-33,-79,-138
1741507400.258481,-71,34,-142
1741507400.304481,-45,-9,77
1741507400.3494809,-3,30,-12
1741507400.3954809,-85,-10,-126
1741507400.4414809,20,-19,-44
1741507400.4874809,30,-103,-120
1741507400.532481,88,24,-122
1741507400.578481,22,-21,-74
1741507400.624481,28,-59,-110
1741507400.6694808,-37,40,13
1741507400.7154808,104,-111,-38
1741507400.7614808,20,-49,-100
1741507400.8074808,0,6,33
1741507400.852481,18,58,-32
1741507400.898481,28,43,-50
1741507400.944481,-29,-20,21
1741507400.989481,-67,-32,-44
1741507401.035481,42,19,-84
1741507401.081481,-11,7,-106
1741507401.127481,-7,19,-122
1741507401.1724808,-11,-34,-88
1741507401.2184808,46,21,-60
1741507401.2644808,52,1,-80
1741507401.309481,-10,-20,-158
1741507401.355481,11,-93,-34
1741507401.401481,0,-25,109
1741507401.447481,0,-47,-98
1741507401.492481,-20,2,-148
1741507401.538481,52,-38,-148
1741507401.584481,47,63,-124
1741507401.6294808,-46,13,-160
1741507401.6754808,-91,-29,-96
1741507401.7214808,16,-21,-66
1741507401.7674809,-25,46,-136
1741507401.818481,22,-31,-76
1741507401.864481,32,0,63
1741507401.9094808,10,-8,-112
1741507401.9554808,38,-7,-118
1741507402.0014808,34,39,-108
1741507402.0474808,82,-45,-66
1741507402.092481,69,-66,51
1741507402.138481,-64,-2,-92
1741507402.184481,88,-8,-82
1741507402.229481,4,57,-16
1741507402.275481,111,-93,-88
1741507402.321481,57,-65,-18
1741507402.367481,-20,31,-124
1741507402.4124808,69,35,-38
1741507402.4584808,-1,-17,-132
1741507402.5044808,-3,48,-88
1741507402.549481,-31,-35,-102
1741507402.595481,10,-38,-70
1741507402.641481,8,11,-40
1741507402.687481,-36,-19,35
1741507402.732481,10,36,11
1741507402.778481,60,-45,-152
1741507402.824481,-90,-51,-112
1741507402.8694808,-27,4,-62
1741507402.9154809,42,-55,-166
1741507402.9614809,46,-7,-36
1741507403.0074809,-17,44,-152
1741507403.052481,-31,12,-78
1741507403.098481,42,6,-70
1741507403.144481,23,-31,-192
1741507403.189481,-48,12,-10
1741507403.235481,-33,-17,-48
1741507403.281481,9,-9,-46
1741507403.3264809,4,72,-110
1741507403.3724809,-40,-24,89
1741507403.4184809,-24,-48,47
1741507403.4644809,1,-64,13
1741507403.509481,0,38,-128
1741507403.555481,-79,34,-190
1741507403.601481,-17,36,57
1741507403.646481,51,12,-128
1741507403.6924808,54,37,-30
1741507403.7384808,32,-43,-60
1741507403.7844808,6,-34,-114
1741507403.829481,-27,-34,-22
1741507403.875481,-17,37,-52
1741507403.921481,-25,-9,57
1741507403.966481,40,4,-50
1741507404.012481,35,-11,-76
1741507404.058481,49,4,-158
1741507404.104481,3,-27,-8
1741507404.1494808,-40,21,47
1741507404.1954808,26,31,-104
1741507404.2414808,44,22,105
1741507404.286481,-1,-41,-66
1741507404.332481,39,-13,-108
1741507404.378481,-24,-73,-84
1741507404.424481,23,-34,-84
1741507404.469481,-6,5,-134
1741507404.515481,-18,24,-108
1741507404.561481,5,7,-186
1741507404.6064808,-78,-41,-150
1741507404.6524808,-76,38,-68
1741507404.6984808,39,43,-72
1741507404.7444808,33,-19,-146
1741507404.789481,-33,-49,-60
1741507404.835481,-8,-25,-176
1741507404.881481,57,-40,-58
1741507404.926481,-78,-3,-172
1741507404.972481,67,-31,-120
1741507405.018481,36,-5,-114
1741507405.064481,10,-11,-56
1741507405.1094809,2,70,29
1741507405.1554809,-55,-44,-74
1741507405.2014809,1,31,4
1741507405.246481,5,-58,-32
1741507405.292481,5,71,64
1741507405.338481,61,3,-77
1741507405.384481,1,1,-59
1741507405.429481,-37,7,-83
1741507405.475481,41,-4,-127
1741507405.521481,6,3,-116
1741507405.5664809,22,59,-40
1741507405.6124809,14,-40,18
1741507405.658481,-15,19,-25
1741507405.704481,-65,-44,2
1741507405.749481,-15,-18,-45
1741507405.795481,40,13,-37
1741507405.841481,20,27,-69
1741507405.8864808,48,-34,-63
1741507405.9324808,-97,-21,-125
1741507405.9784808,82,-16,56
1741507406.0244808,-55,97,-85
1741507406.069481,-67,3,-153
1741507406.115481,4,-24,-13
1741507406.161481,11,-22,-27
1741507406.206481,-47,90,-101
1741507406.252481,14,-17,-49
1741507406.298481,-23,15,-9
1741507406.344481,-28,57,-57
1741507406.3894808,-6,-56,2
1741507406.4354808,21,13,9
1741507406.4814808,-21,16,-42
1741507406.526481,18,-45,-82
1741507406.572481,-49,40,-52
1741507406.618481,-17,-53,-145
1741507406.664481,-5,54,-94
1741507406.709481,21,78,-106
1741507406.755481,29,28,-18
1741507406.801481,53,0,-10
1741507406.8464808,-12,-5,-120
1741507406.8924809,59,-3,-79
1741507406.9384809,5,68,-43
1741507406.9844809,-76,-1,-68
1741507407.029481,15,-9,-177
1741507407.075481,10,-11,-149
1741507407.121481,-112,-63,-118
1741507407.166481,15,-4,-81
1741507407.212481,98,9,-96
1741507407.258481,8,11,-46
1741507407.304481,57,-6,-150
1741507407.3494809,-22,-2,-94
1741507407.3954809,-16,-6,-122
1741507407.4414809,-9,7,-109
1741507407.486481,-1,19,-195
1741507407.532481,4,-2,-29
1741507407.578481,19,60,0
1741507407.624481,-14,-11,-99
1741507407.6694808,45,-37,-67
1741507407.7154808,41,90,-97
1741507407.7614808,-36,43,-101
1741507407.806481,25,26,-113
1741507407.852481,30,-47,38
1741507407.898481,47,-51,-17
1741507407.944481,-13,7,-111
1741507407.989481,-1,-20,-169
1741507408.035481,12,19,-141
1741507408.081481,16,-6,-71
1741507408.1264808,30,-54,28
1741507408.1724808,4,-15,-55
1741507408.2184808,26,16,-207
1741507408.2644808,-20,4,-112
1741507408.309481,7,-48,-80
1741507408.355481,-18,8,-86
1741507408.401481,-11,-38,-64
1741507408.446481,54,-42,17
1741507408.492481,12,-14,-76
1741507408.538481,70,-8,-62
1741507408.584481,-10,-52,-158
1741507408.6294808,66,67,-82
1741507408.6754808,45,-42,-154
1741507408.7214808,26,-8,-112
1741507408.766481,-55,7,-142
1741507408.812481,14,-131,-152
1741507408.858481,56,-26,-78
1741507408.904481,88,-98,-26
1741507408.949481,-8,32,-46
1741507408.995481,65,-2,-114
1741507409.041481,3,47,-158
1741507409.0864809,-10,-71,33
1741507409.1324809,49,-110,-156
1741507409.1784809,-52,-40,-34
1741507409.2244809,-28,27,-190
1741507409.269481,-14,19,-2
1741507409.315481,38,37,-64
1741507409.361481,30,-20,-107
1741507409.406481,-17,-41,-1
1741507409.452481,23,-61,-77
1741507409.498481,-4,36,-163
1741507409.5444808,-38,53,-131
1741507409.588481,-62,61,-125
1741507409.634481,11,-10,-119
1741507409.680481,-70,-24,93
1741507409.725481,-62,-74,-50
1741507409.771481,11,35,-71
1741507409.8174808,25,31,-11
1741507409.8624809,43,-34,-147
1741507409.908481,-42,-2,-102
1741507409.954481,-12,-86,-70
1741507410.000481,94,27,-72
1741507410.045481,12,11,59
1741507410.091481,61,-19,-108
1741507410.137481,-44,-23,-74
1741507410.1824808,24,-5,-10
1741507410.2284808,-12,-16,44
1741507410.2744808,-57,34,-122
1741507410.319481,1,-28,-52
1741507410.365481,68,-13,-29
1741507410.411481,34,-13,15
1741507410.457481,-23,-59,-87
1741507410.502481,-64,-96,-91
1741507410.548481,13,-94,-103
1741507410.594481,-8,-6,-155
1741507410.6394808,-60,27,-223
1741507410.6854808,-20,-2,-29
1741507410.7314808,125,-16,-135
1741507410.7774808,62,-3,-53
1741507410.822481,37,39,-121
1741507410.868481,-15,-100,-29
1741507410.914481,20,-8,-75
1741507410.959481,46,-16,79
1741507411.005481,68,-18,-115
1741507411.051481,9,-52,-43
1741507411.097481,-39,41,-142
1741507411.1424809,-77,-8,-76
1741507411.1884809,-3,-7,-52
1741507411.2344809,-22,11,-82
1741507411.279481,29,-70,-80
1741507411.325481,10,-10,-52
1741507411.371481,8,-62,-98
1741507411.417481,38,3,-78
1741507411.462481,8,21,-36
1741507411.508481,-39,11,-50
1741507411.554481,33,-40,-42
1741507411.5994809,-60,39,5
1741507411.6454809,-68,-59,23
1741507411.6914809,-59,42,-170
1741507411.7374809,-9,-41,-118
1741507411.782481,-13,-66,-76
1741507411.834481,-13,-68,-50
1741507411.8794808,7,-29,-62
1741507411.9254808,-27,-20,-68
1741507411.9714808,82,17,-24
1741507412.0174809,-41,-20,-176
1741507412.062481,-4,-26,-28
1741507412.108481,35,109,-122
1741507412.154481,36,-24,-33
1741507412.199481,11,-40,39
1741507412.245481,49,-44,-32
1741507412.291481,23,21,-57
1741507412.337481,43,1,-113
1741507412.3824809,35,-56,-39
1741507412.4284809,31,16,-93
1741507412.4744809,-7,4,-101
1741507412.519481,46,47,-133
1741507412.565481,5,-92,-51
1741507412.611481,34,6,-100
1741507412.657481,-4,71,-43
1741507412.702481,-42,-54,-65
1741507412.748481,37,-6,-99
1741507412.7944808,11,6,-135
1741507412.8394809,24,25,-45
1741507412.8854809,52,-17,-33
1741507412.931481,9,-52,-97
1741507412.977481,-57,65,-91
1741507413.022481,23,0,-67
1741507413.068481,15,-23,-93
1741507413.114481,-57,-25,-39
1741507413.1594808,-60,15,14
1741507413.2054808,-12,4,42
1741507413.2514808,21,25,-39
1741507413.2974808,-58,36,-4
1741507413.342481,21,50,-96
1741507413.3894808,-28,72,-126
1741507413.4354808,0,52,-166
1741507413.4814808,103,-38,-90
1741507413.526481,-4,11,-228
1741507413.572481,0,-72,-8
1741507413.618481,-20,-12,-72
1741507413.663481,-48,-11,-130
1741507413.709481,65,5,-137
1741507413.755481,67,-6,-129
1741507413.801481,23,42,-133
1741507413.8464808,-50,35,-43
1741507413.8924809,-48,45,-57
1741507413.9384809,41,-71,-45
1741507413.983481,9,21,-153
1741507414.029481,-28,6,44
1741507414.075481,43,-53,-111
1741507414.121481,-26,-17,-95
1741507414.166481,75,-36,-142
1741507414.212481,19,-4,-17
1741507414.258481,29,21,-181
1741507414.3034809,-100,-86,-99
1741507414.3494809,11,25,-67
1741507414.3954809,1,19,-33
1741507414.4414809,-104,70,-50
1741507414.486481,75,68,-44
1741507414.532481,-66,-85,-149
1741507414.578481,55,30,-107
1741507414.623481,41,-15,-67
1741507414.6694808,41,-47,-167
1741507414.7154808,-28,14,-79
1741507414.7614808,3,0,5
1741507414.806481,-76,21,-39
1741507414.852481,39,-68,-117
1741507414.898481,-13,-23,-61
1741507414.943481,17,21,-25
1741507414.989481,-3,12,-137
1741507415.035481,-101,44,-123
1741507415.081481,-33,-27,-79
1741507415.1264808,-82,53,-181
1741507415.1724808,12,-26,-47
1741507415.2184808,57,-49,-201
1741507415.263481,-52,-3,-125
1741507415.309481,13,-5,-20
1741507415.355481,-17,59,-66
1741507415.401481,0,1,-46
1741507415.446481,77,-8,-116
1741507415.492481,-44,-38,-34
1741507415.538481,-51,20,-86
1741507415.5834808,-40,-42,-112
1741507415.6294808,-22,7,-76
1741507415.6754808,12,-4,-194
1741507415.7214808,-81,9,-78
1741507415.766481,-45,28,29
1741507415.812481,-39,-23,-92
1741507415.858481,74,2,-126
1741507415.903481,8,5,-40
1741507415.949481,-31,44,-60
1741507415.995481,-1,1,-94
1741507416.041481,72,2,-124
1741507416.0864809,22,16,-84
1741507416.1324809,-12,-72,-90
1741507416.1784809,-54,-14,-110
1741507416.223481,8,25,-75
1741507416.269481,-19,19,-84
1741507416.315481,-31,-8,-22
1741507416.361481,2,0,58
1741507416.406481,50,-24,-2
1741507416.452481,-39,-2,-4
1741507416.498481,24,-30,-113
1741507416.5434809,-13,-62,-19
1741507416.5894809,-7,-42,-219
1741507416.6354809,-31,71,-126
1741507416.681481,-27,-44,-90
1741507416.726481,-17,-20,-8
1741507416.772481,54,23,-40
1741507416.818481,50,15,-34
1741507416.8634808,-35,-8,-222
1741507416.9094808,-17,15,-82
1741507416.9554808,-11,-56,79
1741507417.000481,-32,-41,-80
1741507417.046481,25,-49,-74
1741507417.092481,-16,10,-94
1741507417.138481,21,-16,-104
1741507417.183481,7,-12,-56
1741507417.229481,3,-55,-78
1741507417.275481,-104,-11,-124
1741507417.3204808,-88,-11,35
1741507417.3664808,29,-51,-88
1741507417.4124808,33,-27,-79
1741507417.4584808,-4,-45,-29
1741507417.503481,-51,-26,-165
1741507417.549481,-74,-81,-135
1741507417.595481,-18,-112,4
1741507417.640481,48,46,18
1741507417.686481,-5,-66,-53
1741507417.732481,-11,-25,-57
1741507417.778481,-33,0,-51
1741507417.8234808,26,-49,0
1741507417.8694808,78,1,-191
1741507417.9154809,18,30,-42
1741507417.960481,28,-37,-130
1741507418.006481,-10,17,-124
1741507418.052481,-102,16,-18
1741507418.098481,59,70,-176
1741507418.143481,-108,34,-197
1741507418.189481,-108,-13,-61
1741507418.235481,-14,-3,-109
1741507418.2804809,71,14,-183
1741507418.3264809,-34,10,-77
1741507418.3724809,-24,22,-165
1741507418.4184809,-90,-59,18
1741507418.463481,29,46,-75
1741507418.509481,-6,7,-7
1741507418.555481,69,-42,-87
1741507418.600481,-22,-39,-19
1741507418.646481,-34,8,-115
1741507418.6924808,-38,-13,-117
1741507418.7384808,13,-10,-11
1741507418.783481,-42,-38,-79
1741507418.829481,-108,-66,-17
1741507418.875481,-30,45,-19
1741507418.920481,-47,66,-29
1741507418.966481,84,2,30
1741507419.012481,66,-3,-29
1741507419.058481,74,3,-147
1741507419.1034808,70,-12,-109
1741507419.1494808,6,-41,-65
1741507419.1954808,-67,4,-57
1741507419.240481,-24,-3,-27
1741507419.286481,19,66,-123
1741507419.332481,-72,55,-75
1741507419.378481,27,-20,-121
1741507419.423481,-83,77,-107
1741507419.469481,-38,-1,-167
1741507419.515481,-10,-17,-103
1741507419.5604808,-51,-29,-127
1741507419.6064808,-20,80,-37
1741507419.6524808,-46,26,-8
1741507419.6984808,-54,70,-99
1741507419.743481,19,24,-225
1741507419.789481,-32,48,-192
1741507419.835481,-77,-27,-208
1741507419.880481,51,12,-122
1741507419.926481,5,2,-12
1741507419.972481,7,-23,-173
1741507420.018481,-58,23,-117
1741507420.0634809,-34,-2,-121
1741507420.1094809,3,0,-133
1741507420.1554809,-136,-34,-175
1741507420.200481,-36,11,-37
1741507420.246481,-8,11,12
1741507420.292481,-18,-40,-75
1741507420.338481,-10,21,-145
1741507420.383481,31,-28,8
1741507420.429481,-26,17,-87
1741507420.475481,31,-50,-11
1741507420.5204809,-76,-52,22
1741507420.5664809,59,65,74
1741507420.6124809,74,46,-26
1741507420.658481,-7,32,-4
1741507420.703481,-11,40,-146
1741507420.749481,-74,4,-48
1741507420.795481,2,-67,-64
1741507420.8404808,15,-25,-177
1741507420.8864808,-2,6,-129
1741507420.9324808,-45,62,-11
1741507420.9784808,-19,-41,-119
1741507421.023481,36,34,-111
1741507421.069481,-13,30,-141
1741507421.115481,70,-1,-111
1741507421.160481,10,30,8
1741507421.206481,-8,15,-109
1741507421.252481,37,-72,-65
1741507421.298481,0,48,87
1741507421.3434808,-36,11,-124
1741507421.3894808,-36,-8,-110
1741507421.4354808,-30,-6,-178
1741507421.480481,17,-26,-36
1741507421.526481,23,-24,-148
1741507421.572481,-82,-18,-104
1741507421.618481,1,-119,33
1741507421.663481,-60,-34,-52
1741507421.709481,61,81,-106
1741507421.755481,-38,24,-80
1741507421.8004808,47,42,-46
1741507421.852481,44,4,-96
1741507421.898481,68,2,-106
1741507421.943481,-85,-59,-112
1741507421.989481,-43,-15,-62
1741507422.035481,-33,30,11
1741507422.0804808,34,9,-54
1741507422.1264808,18,-16,-94
1741507422.1724808,2,-26,-54
1741507422.2184808,38,5,-94
1741507422.263481,-54,34,-88
1741507422.309481,25,-33,-86
1741507422.355481,0,46,-174
1741507422.400481,48,26,-66
1741507422.446481,41,-7,-116
1741507422.492481,32,-13,-78
1741507422.538481,38,24,-142
1741507422.5834808,-9,51,14
1741507422.6294808,-62,71,-9
1741507422.6754808,-52,-45,-81
1741507422.720481,51,15,-113
1741507422.766481,-20,1,-141
1741507422.812481,20,7,-100
1741507422.858481,-3,-14,-160
1741507422.903481,6,-18,-96
1741507422.949481,-60,-3,-130
1741507422.995481,55,-7,-24
1741507423.0404809,5,-61,-150
1741507423.0864809,-34,-71,-76
1741507423.1324809,-23,-77,-22
1741507423.1784809,74,-95,-92
1741507423.223481,42,-87,-32
1741507423.269481,54,24,-174
1741507423.315481,30,-6,-116
1741507423.360481,-41,-70,-86
1741507423.406481,-54,-4,-56
1741507423.452481,-6,13,-96
1741507423.498481,47,-54,-78
1741507423.5434809,57,5,0
1741507423.5894809,7,11,-93
1741507423.6354809,-6,-36,12
1741507423.680481,25,-36,-85
1741507423.726481,-7,-10,-51
1741507423.772481,-17,-8,-147
1741507423.818481,-37,92,-107
1741507423.8634808,-63,-7,-57
1741507423.9094808,44,0,-137
1741507423.9554808,-15,-15,-127
1741507424.000481,-63,-93,-133
1741507424.046481,24,13,-23
1741507424.092481,-9,-67,-149
1741507424.137481,46,-9,-35
1741507424.183481,72,-8,0
1741507424.229481,-38,22,-29
1741507424.275481,-31,-47,-15
1741507424.3204808,32,19,-145
1741507424.3664808,46,44,-33
1741507424.4124808,120,-3,-171
1741507424.457481,66,-41,-17
1741507424.503481,-29,-1,-65
1741507424.549481,111,-26,-53
1741507424.595481,-30,-24,-178
1741507424.640481,24,-37,-162
1741507424.686481,-7,116,-94
1741507424.732481,30,-44,3
1741507424.7774808,16,-35,1
1741507424.8234808,-63,56,-10
1741507424.8694808,-79,-2,-112
1741507424.9154809,-23,-3,-80
1741507424.960481,-1,-45,-76
1741507425.006481,6,74,-2
1741507425.052481,32,-8,-60
1741507425.097481,-77,-2,-94
1741507425.143481,53,-40,-10
1741507425.189481,7,7,-22
1741507425.235481,27,17,-23
1741507425.2804809,-46,17,-183
1741507425.3264809,-4,7,-111
1741507425.3724809,15,1,-13
1741507425.417481,42,-35,-7
1741507425.463481,5,7,18
1741507425.509481,-9,-39,-115
1741507425.555481,-31,84,-167
1741507425.600481,7,-13,-43
1741507425.646481,7,24,-65
1741507425.6924808,-59,73,-57
1741507425.7374809,62,-4,-5
1741507425.783481,-91,-8,-29
1741507425.829481,-47,-20,2
1741507425.875481,-15,-50,-72
1741507425.920481,66,-81,-42
1741507425.966481,20,-49,-116
1741507426.012481,16,2,-58
1741507426.0574808,-35,-63,11
1741507426.1034808,-17,-29,-76
1741507426.1494808,-3,-90,45
1741507426.1954808,-48,57,-68
1741507426.240481,25,33,-2
1741507426.286481,68,-5,43
1741507426.332481,25,46,-98
1741507426.377481,4,26,-144
1741507426.423481,30,28,-210
1741507426.469481,-2,-81,-62
1741507426.515481,-55,44,3
1741507426.5604808,-19,-91,-52
1741507426.6064808,51,-15,-160
1741507426.6524808,39,31,-51
1741507426.697481,58,14,-69
1741507426.743481,-28,-89,-95
1741507426.789481,-27,-49,-141
1741507426.835481,13,-52,-35
1741507426.880481,37,-32,-89
1741507426.926481,21,-32,-77
1741507426.972481,118,-11,-231
1741507427.0174809,86,-51,-37
1741507427.0634809,54,-21,-119
1741507427.1094809,10,-29,-45
1741507427.1554809,-17,2,-13
1741507427.200481,79,-61,-49
1741507427.246481,-62,57,20
1741507427.292481,-34,-24,-159
1741507427.337481,-6,-19,-15
1741507427.383481,6,3,-139
1741507427.429481,-35,-94,-157
1741507427.475481,-16,26,-191
1741507427.5204809,43,30,-183
1741507427.5664809,87,107,-77
1741507427.6124809,-24,-41,-273
1741507427.657481,24,-33,-83
1741507427.703481,30,-17,-73
1741507427.749481,6,6,-100
1741507427.795481,2,-17,-109
1741507427.8404808,16,4,-107
1741507427.8864808,17,-45,-119
1741507427.9324808,-10,-29,-85
1741507427.977481,47,20,-99
1741507428.023481,-34,-27,-20
1741507428.069481,-16,8,-89
1741507428.115481,45,-72,-79
1741507428.160481,51,29,-93
1741507428.206481,55,-24,-169
1741507428.252481,37,-28,-65
1741507428.2974808,-62,61,-21
1741507428.3434808,-42,-68,-147
1741507428.3894808,-38,48,-33
1741507428.4354808,24,-19,-47
1741507428.480481,-18,0,-7
1741507428.526481,67,-33,32
1741507428.572481,45,0,-95
1741507428.617481,-70,27,-71
1741507428.663481,59,-7,-83
1741507428.709481,0,-63,24
1741507428.755481,-29,14,-147
1741507428.8004808,66,-51,-9
1741507428.8464808,-3,-9,22
1741507428.8924809,-84,-57,-67
1741507428.937481,1,-12,10
1741507428.983481,14,-18,-41
1741507429.029481,-26,59,12
1741507429.075481,21,25,-98
1741507429.120481,49,9,6
1741507429.166481,-35,0,-121
1741507429.212481,-37,-13,-139
1741507429.2574809,40,4,82
1741507429.3034809,34,-73,-85
1741507429.3494809,-65,26,-171
1741507429.3954809,-10,-39,-127
1741507429.440481,-56,-43,-95
1741507429.486481,-20,-13,-63
1741507429.532481,-46,9,-83
1741507429.577481,-81,23,-119
1741507429.623481,-53,-24,-41
1741507429.6694808,-89,-34,-67
1741507429.7154808,47,19,8
1741507429.7604809,37,-31,-33
1741507429.806481,57,8,-81
1741507429.852481,126,-71,-13
1741507429.897481,-1,-35,-77
1741507429.943481,2,72,62
1741507429.989481,-129,-41,-133
1741507430.035481,-49,-41,-75
1741507430.0804808,36,-57,-221
1741507430.1264808,-66,-2,-25
1741507430.1724808,7,67,-7
1741507430.217481,88,-11,-143
1741507430.263481,27,2,-95
1741507430.309481,-22,-21,-61
1741507430.355481,14,87,-59
1741507430.400481,82,5,-77
1741507430.446481,-6,23,-133
1741507430.492481,27,-18,-83
1741507430.5374808,-16,15,-115
1741507430.5834808,25,17,10
1741507430.6294808,-8,-18,-71
1741507430.6754808,-40,13,-43
1741507430.720481,105,41,-111
1741507430.766481,-4,22,-49
1741507430.812481,-22,48,-41
1741507430.857481,23,-17,60
1741507430.903481,-12,14,-129
1741507430.949481,-35,-60,-127
1741507430.9944808,11,49,-129
1741507431.0404809,10,-38,-137
1741507431.0864809,42,-1,-67
1741507431.1324809,-5,-23,-153
1741507431.177481,38,28,-129
1741507431.223481,-49,-34,-49
1741507431.269481,0,-12,12
1741507431.314481,34,7,-43
1741507431.360481,30,-145,-89
1741507431.406481,12,24,-31
1741507431.452481,28,25,-73
1741507431.4974809,-81,83,-115
1741507431.5434809,-13,43,-39
1741507431.5894809,35,99,-107
1741507431.634481,-29,-50,-11
1741507431.680481,7,13,-101
1741507431.726481,-76,-70,-75
1741507431.772481,8,-17,-81
1741507431.8234808,4,-10,-77
1741507431.8694808,120,-36,-259
1741507431.914481,38,33,-29
1741507431.960481,-47,17,-65
1741507432.006481,6,13,-57
1741507432.052481,-12,32,-131
1741507432.097481,-58,-55,-61
1741507432.143481,-5,41,-151
1741507432.189481,-37,-98,-51
1741507432.2344809,-51,-52,-157
1741507432.2804809,71,24,-84
1741507432.3264809,-53,-42,-27
1741507432.3724809,-47,40,-35
1741507432.417481,-47,37,-213
1741507432.463481,8,11,-73
1741507432.509481,-51,-25,-37
1741507432.554481,32,-1,-81
1741507432.600481,24,98,-9
1741507432.646481,-29,-24,-187
1741507432.6924808,-39,17,-135
1741507432.7374809,-100,-41,-107
1741507432.783481,-40,88,-83
1741507432.829481,91,-55,-221
1741507432.874481,-23,52,-165
1741507432.920481,46,8,-63
1741507432.966481,-48,39,-87
1741507433.012481,-33,40,-73
1741507433.0574808,24,42,22
1741507433.1034808,-11,68,-35
1741507433.1494808,-7,2,-137
1741507433.194481,97,61,-207
1741507433.240481,11,-46,50
1741507433.286481,-53,-87,-107
1741507433.332481,-24,-33,-79
1741507433.377481,-3,-54,-41
1741507433.423481,-54,-12,-47
1741507433.469481,1,29,-161
1741507433.5144808,100,54,18
1741507433.5604808,44,20,-99
1741507433.6064808,-1,-41,-121
1741507433.6524808,8,2,-53
1741507433.697481,-20,-75,-35
1741507433.743481,47,-3,-109
1741507433.789481,-24,52,-31
1741507433.834481,-110,10,-127
1741507433.880481,-1,30,-63
1741507433.926481,-16,9,6
1741507433.972481,-20,-6,-73
1741507434.0174809,49,-6,-235
1741507434.0634809,-8,5,-187
1741507434.1094809,59,-54,-19
1741507434.154481,22,-75,0
1741507434.200481,38,-31,-117
1741507434.246481,-109,-9,-97
1741507434.292481,-68,33,-129
1741507434.337481,4,-28,-107
1741507434.383481,-50,13,-105
1741507434.429481,13,-42,-73
1741507434.4744809,41,37,-129
1741507434.5204809,-66,17,-29
1741507434.5664809,51,-41,-41
1741507434.6124809,-16,-17,-85
1741507434.657481,-16,0,-147
1741507434.703481,60,-11,-61
1741507434.749481,-52,10,90
1741507434.7944808,5,66,-113
1741507434.8404808,-4,-105,-149
1741507434.8864808,31,7,-63
1741507434.9324808,23,-15,2
1741507434.977481,39,27,-89
1741507435.023481,24,58,-65
1741507435.069481,-29,-5,34
1741507435.114481,-13,26,-229
1741507435.160481,24,-23,-43
1741507435.206481,-1,88,-159
1741507435.252481,29,-66,-98
1741507435.2974808,47,-54,-80
1741507435.3434808,38,36,-44
1741507435.3894808,10,-7,-132
1741507435.434481,-79,-68,-34
1741507435.480481,6,-64,-62
1741507435.526481,-13,-38,-149
1741507435.572481,69,-82,-158
1741507435.617481,-8,-24,-103
1741507435.663481,0,20,-87
1741507435.709481,-1,-30,-113
1741507435.7544808,17,-4,-59
1741507435.8004808,-22,27,-131
1741507435.8464808,88,35,-25
1741507435.8924809,-43,-7,100
1741507435.937481,-59,56,-57
1741507435.983481,-51,-72,-65
1741507436.029481,44,32,-93
1741507436.074481,100,40,-133
1741507436.120481,38,-61,112
1741507436.166481,-7,6,-111
1741507436.212481,42,-28,-145
1741507436.2574809,-5,15,-7
1741507436.3034809,13,-71,14
1741507436.3494809,-48,16,-118
1741507436.394481,-39,47,-134
1741507436.440481,68,-88,-60
1741507436.486481,-23,-8,-28
1741507436.532481,-33,-68,-36
1741507436.577481,-55,29,-166
1741507436.623481,-43,79,-50
1741507436.6694808,-3,-4,-100
1741507436.7144809,6,-16,-90
1741507436.7604809,-3,-18,-78
1741507436.806481,-41,5,-85
1741507436.852481,16,-10,-91
1741507436.897481,4,9,-177
1741507436.943481,-101,-42,-123
1741507436.989481,-3,-2,-43
1741507437.0344808,-28,-9,-91
1741507437.0804808,-50,-53,-13
1741507437.1264808,14,32,-21
1741507437.1724808,56,4,-5
1741507437.217481,55,-28,-115
1741507437.263481,17,10,-3
1741507437.309481,41,-71,-53
1741507437.354481,-44,-65,-73
1741507437.400481,-34,16,-7
1741507437.446481,-17,-26,-45
1741507437.492481,21,-24,-69
1741507437.5374808,14,21,-77
1741507437.5834808,-69,-14,-27
1741507437.6294808,30,9,-11
1741507437.674481,-4,-19,-72
1741507437.720481,-25,55,-92
1741507437.766481,-63,-96,-64
1741507437.811481,1,-65,-102
1741507437.857481,-63,-34,25
1741507437.903481,46,5,-118
1741507437.949481,34,-111,-106
1741507437.9944808,-53,-25,-108
1741507438.0404809,-14,-2,69
1741507438.0864809,-16,-12,-118
1741507438.131481,-96,-64,-55
1741507438.177481,9,-15,-108
1741507438.223481,-67,26,8
1741507438.269481,-60,38,-5
1741507438.314481,-32,-25,8
1741507438.360481,-2,14,-77
1741507438.406481,13,12,-9
1741507438.4514809,39,-1,8
1741507438.4974809,181,16,-81
1741507438.5434809,-2,44,-41
1741507438.5894809,-3,-3,-89
1741507438.634481,-7,53,-95
1741507438.680481,48,59,-111
1741507438.726481,46,53,-51
1741507438.771481,73,31,40
1741507438.8174808,2,-22,-45
1741507438.8634808,10,29,-19
1741507438.9094808,74,45,-251
1741507438.954481,-5,-90,-94
1741507439.000481,-16,-30,-100
1741507439.046481,37,-2,-167
1741507439.091481,43,-39,-6
1741507439.137481,21,14,-66
1741507439.183481,78,20,-84
1741507439.229481,-25,15,-58
1741507439.2744808,-17,25,-64
1741507439.3204808,10,-56,-72
1741507439.3664808,-1,3,-36
1741507439.411481,42,-34,-72
1741507439.457481,-31,-70,-58
1741507439.503481,-7,-89,65
1741507439.549481,52,-8,-32
1741507439.594481,0,-32,45
1741507439.640481,-85,18,-26
1741507439.686481,76,-13,-116
1741507439.7314808,-5,7,-104
1741507439.7774808,-30,-16,-90
1741507439.8234808,7,68,-160
1741507439.8694808,39,20,-38
1741507439.914481,-46,-5,-112
1741507439.960481,36,0,-72
1741507440.006481,9,-9,-191
1741507440.051481,32,36,-71
1741507440.097481,7,52,46
1741507440.143481,-23,-5,-91
1741507440.189481,-31,72,-63
1741507440.2344809,16,-72,-145
1741507440.2804809,0,15,0
1741507440.3264809,0,-54,-159
1741507440.371481,-53,5,-187
1741507440.417481,16,1,-199
1741507440.463481,-29,27,-7
1741507440.509481,-57,-34,-79
1741507440.554481,34,-24,-39
1741507440.600481,-15,10,-53
1741507440.646481,42,34,-202
1741507440.6914809,10,-51,-26
1741507440.7374809,5,18,-38
1741507440.783481,11,-9,-167
1741507440.829481,-20,8,-21
1741507440.874481,19,32,-115
1741507440.920481,39,-34,-155
1741507440.966481,-26,33,-120
1741507441.0114808,-12,-52,-80
1741507441.0574808,-52,-8,-92
1741507441.1034808,87,87,43
1741507441.1494808,-10,45,-102
1741507441.194481,31,38,-86
1741507441.240481,-55,12,-8
1741507441.286481,18,22,-8
1741507441.331481,28,-53,-88
1741507441.377481,-98,8,51
1741507441.423481,-54,-23,33
1741507441.469481,1,2,-82
1741507441.5144808,-13,107,-60
1741507441.5604808,-25,-8,-22
1741507441.6064808,12,-6,-59
1741507441.651481,18,-42,-39
1741507441.697481,-63,24,-153
1741507441.743481,64,37,-97
1741507441.789481,-6,60,-169
1741507441.8404808,-9,-1,-69
1741507441.8864808,21,-3,-129
1741507441.931481,-62,-55,-55
1741507441.977481,-36,6,-73
1741507442.023481,10,-18,-19
1741507442.069481,-16,6,-147
1741507442.114481,46,-27,-117
1741507442.160481,55,-85,-33
1741507442.206481,-45,-31,2
1741507442.2514808,44,-95,-183
1741507442.2974808,-23,12,-46
1741507442.3434808,-15,32,-53
1741507442.3894808,-8,-1,-19
1741507442.434481,-30,-16,-79
1741507442.480481,27,13,22
1741507442.526481,49,25,-35
1741507442.571481,-21,-22,-45
1741507442.617481,77,-60,-33
1741507442.663481,-29,0,-87
1741507442.709481,59,15,-53
1741507442.7544808,17,73,-3
1741507442.8004808,77,-2,-85
1741507442.8464808,-53,36,-11
1741507442.891481,-74,29,-145
1741507442.937481,15,-6,-161
1741507442.983481,-2,41,-127
1741507443.029481,67,-46,-115
1741507443.074481,-9,-8,50
1741507443.120481,-47,-6,-125
1741507443.166481,50,-36,-23
1741507443.2114809,-35,-46,-119
1741507443.2574809,24,2,-197
1741507443.3034809,43,-9,-133
1741507443.3494809,-62,-47,26
1741507443.394481,33,-17,-21
1741507443.440481,84,0,-115
1741507443.486481,20,-85,28
1741507443.531481,32,-11,-129
1741507443.577481,42,-15,-79
1741507443.623481,80,-39,-99
1741507443.6694808,114,-30,-127
1741507443.7144809,-17,0,-125
1741507443.7604809,-47,-22,-61
1741507443.806481,-34,-17,58
1741507443.851481,27,-94,6
1741507443.897481,39,38,-119
1741507443.943481,27,-26,37
1741507443.989481,9,-8,-16
1741507444.0344808,27,-54,-43
1741507444.0804808,43,24,-201
1741507444.1264808,-36,-37,-61
1741507444.171481,-28,-15,-87
1741507444.217481,19,-107,-158
1741507444.263481,-10,-33,-120
1741507444.309481,-44,30,13
1741507444.354481,39,-3,-160
1741507444.400481,69,18,-58
1741507444.446481,-80,0,45
1741507444.4914808,-2,43,-144
1741507444.5374808,19,-20,-118
1741507444.5834808,45,5,-160
1741507444.628481,5,7,-104
1741507444.674481,15,-12,-6
1741507444.720481,11,95,-120
1741507444.766481,1,15,-102
1741507444.811481,-48,-40,-24
1741507444.857481,-14,-48,-100
1741507444.903481,43,1,-104
1741507444.9484808,-2,13,-100
1741507444.9944808,45,37,-160
1741507445.0404809,-90,-48,-81
1741507445.0864809,-35,9,-13
1741507445.131481,-11,-84,-151
1741507445.177481,76,25,-145
1741507445.223481,14,-40,-1
1741507445.268481,56,-62,-112
1741507445.314481,-7,-34,0
1741507445.360481,4,49,13
1741507445.406481,-16,9,-98
1741507445.4514809,-18,-12,-184
1741507445.4974809,91,-31,-50
1741507445.5434809,-2,-69,-14
1741507445.588481,39,-23,-20
1741507445.634481,52,12,-142
1741507445.680481,22,0,-82
1741507445.726481,21,-5,-110
1741507445.771481,-12,-33,-88
1741507445.8174808,-28,-32,-60
1741507445.8634808,1,-29,43
1741507445.908481,-14,3,-162
1741507445.954481,6,58,-102
1741507446.000481,43,-14,-138
1741507446.046481,-78,-118,-152
1741507446.091481,-52,-96,-110
1741507446.137481,0,5,49
1741507446.183481,-70,-44,33
1741507446.2284808,-22,-18,-164
1741507446.2744808,-14,9,-54
1741507446.3204808,-3,-28,-158
1741507446.3664808,3,5,47
1741507446.411481,-23,-25,-176
1741507446.457481,66,-78,-84
1741507446.503481,5,-14,-60
1741507446.548481,-73,60,-111
1741507446.594481,-33,26,-227
1741507446.640481,40,2,-72
1741507446.686481,28,40,-114
1741507446.7314808,40,18,-170
1741507446.7774808,13,11,-201
1741507446.8234808,41,11,-83
1741507446.868481,15,19,48
1741507446.914481,7,-48,-49
1741507446.960481,33,0,-133
1741507447.006481,-23,-44,-39
1741507447.051481,-11,13,8
1741507447.097481,26,19,4
1741507447.143481,40,-10,-141
1741507447.1884809,22,51,-117
1741507447.2344809,-37,-1,-27
1741507447.2804809,35,34,-24
1741507447.3264809,-15,44,-70
1741507447.371481,-9,9,-134
1741507447.417481,-23,13,-113
1741507447.463481,83,-2,45
1741507447.508481,111,-8,-36
1741507447.554481,-30,15,-172
1741507447.600481,58,-56,-67
1741507447.646481,167,49,-93
1741507447.6914809,-46,53,-117
1741507447.7374809,-34,-24,24
1741507447.783481,66,-26,-143
1741507447.828481,-14,-12,-119
1741507447.874481,75,29,-33
1741507447.920481,18,-27,-153
1741507447.966481,35,-17,-128
1741507448.0114808,-26,-6,-97
1741507448.0574808,-63,0,-73
1741507448.1034808,70,6,-133
1741507448.148481,-15,30,-171
1741507448.194481,32,-41,-85
1741507448.240481,-1,6,-79
1741507448.286481,15,10,-99
1741507448.331481,-4,-6,-127
1741507448.377481,25,1,-117
1741507448.423481,5,-20,-21
1741507448.4684808,-47,54,-51
1741507448.5144808,-27,-39,-1
1741507448.5604808,0,-49,-19
1741507448.6064808,38,-55,-25
1741507448.651481,88,6,-97
1741507448.697481,-29,-19,42
1741507448.743481,46,-21,-29
1741507448.788481,-98,-30,-103
1741507448.834481,17,31,-155
1741507448.880481,-6,29,-49
1741507448.926481,-60,27,-59
1741507448.9714808,-23,54,-25
1741507449.0174809,-34,-33,-17
1741507449.0634809,-62,-13,-27
1741507449.108481,8,42,-165
1741507449.154481,-27,-1,-91
1741507449.200481,0,-56,-141
1741507449.246481,-2,-69,0
1741507449.291481,17,24,-49
1741507449.337481,-15,64,-121
1741507449.383481,-2,46,-141
1741507449.4284809,-50,22,2
1741507449.4744809,-32,-17,-91
1741507449.5204809,-23,46,24
1741507449.5664809,-39,34,-13
1741507449.611481,22,19,-19
1741507449.657481,-23,20,-77
1741507449.703481,0,-19,-25
1741507449.748481,39,13,-63
1741507449.7944808,71,-16,-99
1741507449.8404808,35,41,61
1741507449.8864808,17,-48,-44
1741507449.931481,45,0,-52
1741507449.977481,-28,-32,-12
1741507450.023481,27,21,-80
1741507450.068481,-37,-4,33
1741507450.114481,-1,41,-80
1741507450.160481,6,13,3
1741507450.206481,-25,27,13
1741507450.2514808,0,47,-56
1741507450.2974808,-17,13,-162
1741507450.3434808,-41,81,21
1741507450.388481,16,-26,-72
1741507450.434481,-30,-44,-224
1741507450.480481,63,52,-115
1741507450.526481,-36,30,-16
1741507450.571481,-48,-33,-46
1741507450.617481,5,-84,-28
1741507450.6624808,123,-16,-46
1741507450.707481,23,-38,-64
1741507450.753481,-46,-18,4
1741507450.799481,-6,-16,-87
1741507450.844481,-6,-27,-47
1741507450.890481,23,-25,68
1741507450.936481,-3,-115,20
1741507450.982481,34,-29,-123
1741507451.0274808,28,-71,86
1741507451.0734808,-23,-13,-141
1741507451.1194808,94,-31,-189
1741507451.164481,75,-47,-109
1741507451.210481,-26,60,-19
1741507451.256481,-21,-22,24
1741507451.301481,18,53,-57
1741507451.347481,-9,-22,-55
1741507451.393481,-7,-28,-37
1741507451.439481,-28,-11,-75
1741507451.4844809,0,30,-117
1741507451.5304809,42,-14,-59
1741507451.5764809,45,-22,-23
1741507451.621481,11,46,-181
1741507451.667481,-14,24,-117
1741507451.713481,45,34,-65
1741507451.759481,-66,-15,-103
1741507451.804481,-54,8,34
1741507451.8564808,9,-27,-95
1741507451.901481,79,14,-69
1741507451.947481,-22,36,52
1741507451.993481,45,57,-77
1741507452.039481,-58,28,60
1741507452.084481,-28,-27,16
1741507452.130481,25,-20,-141
1741507452.176481,5,-58,-129
1741507452.2214808,9,49,-99
1741507452.2674809,-19,3,-173
1741507452.3134809,103,-4,-59
1741507452.3594809,25,-54,-67
1741507452.404481,-2,19,-173
1741507452.450481,87,-23,-230
1741507452.496481,43,5,-38
1741507452.541481,57,-62,-150
1741507452.587481,38,5,-24
1741507452.633481,64,47,-272
1741507452.679481,-40,79,-54
1741507452.7244809,42,31,-152
1741507452.7704809,-57,-43,29
1741507452.8164809,4,-29,-82
1741507452.861481,-27,20,-86
1741507452.907481,-1,44,-137
1741507452.953481,-41,-23,-23
1741507452.999481,-3,-51,26
1741507453.0444808,-25,-23,-49
1741507453.0904808,44,-19,-85
1741507453.1364808,64,-19,-85
1741507453.181481,-58,30,-89
1741507453.227481,17,-26,-9
1741507453.273481,-58,-80,-63
1741507453.319481,-30,-50,-75
1741507453.364481,19,26,-37
1741507453.410481,-8,48,-59
1741507453.456481,-11,0,-15
1741507453.5014808,32,-20,-157
1741507453.5474808,-17,-32,-177
1741507453.5934808,-3,-1,-191
1741507453.6394808,2,22,54
1741507453.684481,-87,19,76
1741507453.730481,-43,5,-51
1741507453.776481,-43,-21,-89
1741507453.821481,26,-21,-149
1741507453.867481,70,-1,-141
1741507453.913481,-58,-9,-109
1741507453.959481,35,-35,-17
1741507454.0044808,28,44,-151
1741507454.0504808,-25,-33,-97
1741507454.0964808,10,8,-95
1741507454.141481,41,2,-33
1741507454.187481,-18,8,-57
1741507454.233481,23,-23,20
1741507454.279481,-140,10,-37
1741507454.324481,-7,-23,-39
1741507454.370481,34,-21,-243
1741507454.416481,41,-9,-67
1741507454.4614809,58,-13,-101
1741507454.5074809,16,24,-161
1741507454.5534809,24,-11,-137
1741507454.5994809,-5,15,-173
1741507454.644481,14,-28,40
1741507454.690481,18,9,-15
1741507454.736481,3,81,-23
1741507454.781481,37,57,-89
1741507454.827481,11,99,-101
1741507454.873481,-8,37,-147
1741507454.9194808,-34,-36,-31
1741507454.9654808,-8,17,-99
1741507455.0114808,85,25,-119
1741507455.0574808,61,61,24
1741507455.1034808,11,-15,-123
1741507455.148481,-72,-39,-43
1741507455.194481,15,20,-137
1741507455.240481,-7,50,-135
1741507455.285481,18,-5,-117
1741507455.331481,39,-50,-101
1741507455.377481,15,25,-157
1741507455.423481,-96,-18,-33
1741507455.4684808,107,-85,-53
1741507455.5144808,-14,-21,-93
1741507455.5604808,75,-17,-6
1741507455.605481,-25,-15,-18
1741507455.651481,-11,12,-46
1741507455.697481,-16,-49,-266
1741507455.743481,-12,-9,19
1741507455.788481,-20,-9,-50
1741507455.834481,37,-51,3
1741507455.880481,-24,-9,-76
1741507455.9254808,1,64,-102
1741507455.9714808,-38,-24,-124
1741507456.0174809,29,-12,-6
1741507456.0634809,1,-12,-74
1741507456.108481,-21,32,-64
1741507456.154481,-17,4,-106
1741507456.200481,28,34,25
1741507456.245481,51,49,3
1741507456.291481,-10,-98,-84
1741507456.337481,-12,21,-18
1741507456.383481,64,-26,-62
1741507456.4284809,12,-20,-128
1741507456.4744809,8,21,-114
1741507456.5204809,-30,14,-78
1741507456.565481,-59,-8,-102
1741507456.611481,-96,-43,-188
1741507456.657481,42,-42,59
1741507456.703481,-8,-19,-92
1741507456.748481,4,-38,-138
1741507456.7944808,-27,-6,-52
1741507456.8404808,54,-18,-84
1741507456.8854809,-37,49,-186
1741507456.931481,1,38,-58
1741507456.977481,-64,-19,-9
1741507457.023481,0,-47,-49
1741507457.068481,-11,-67,-79
1741507457.114481,40,64,-141
1741507457.160481,-19,28,-169
1741507457.2054808,-27,-50,-87
1741507457.2514808,16,-3,-55
1741507457.2974808,0,30,-27
1741507457.3434808,33,-44,-213
1741507457.388481,51,-76,-65
1741507457.434481,-18,77,-135
1741507457.480481,21,69,-60
1741507457.525481,76,-52,-34
1741507457.571481,-47,-19,4
1741507457.617481,118,86,-166
1741507457.663481,-21,33,11
1741507457.7084808,44,-2,74
1741507457.7544808,-1,-48,-106
1741507457.8004808,-3,21,-6
1741507457.845481,-32,33,70
1741507457.891481,1,49,-245
1741507457.937481,-21,21,18
1741507457.983481,-25,30,-51
1741507458.028481,-28,0,-61
1741507458.074481,30,44,-81
1741507458.120481,2,-9,-55
1741507458.1654809,38,-7,-63
1741507458.2114809,-21,-31,-131
1741507458.2574809,28,-29,-29
1741507458.302481,44,6,-113
1741507458.348481,2,4,38
1741507458.394481,-35,-3,-71
1741507458.440481,0,-23,-11
1741507458.485481,-27,99,-79
1741507458.531481,-17,-33,44
1741507458.577481,-57,-17,-27
1741507458.6224809,22,6,-27
1741507458.6684809,-28,-15,-151
1741507458.7144809,43,-43,10
1741507458.7604809,79,8,-131
1741507458.805481,26,14,-93
1741507458.851481,-5,-35,-29
1741507458.897481,-9,-57,24
1741507458.9424808,58,-10,-43
1741507458.9884808,82,-36,-87
1741507459.0344808,29,61,-97
1741507459.0804808,11,28,-177
1741507459.125481,13,-61,-157
1741507459.171481,54,14,-23
1741507459.217481,70,10,-59
1741507459.262481,6,-26,16
1741507459.308481,-27,15,-9
1741507459.354481,19,-10,-51
1741507459.400481,-16,-22,-169
1741507459.4454808,-14,-80,-35
1741507459.4914808,-12,13,-45
1741507459.5374808,-23,-10,-217
1741507459.582481,29,-58,-43
1741507459.628481,-51,97,-39
1741507459.674481,12,-52,-58
1741507459.720481,-25,13,75
1741507459.765481,-57,19,-156
1741507459.811481,-19,-70,-118
1741507459.857481,12,64,-172
1741507459.9024808,40,-55,-116
1741507459.9484808,-5,82,-112
1741507459.9944808,18,10,-42
1741507460.0404809,-7,8,-30
1741507460.085481,3,-35,-122
1741507460.131481,-60,-54,-206
1741507460.177481,19,57,-94
1741507460.222481,1,-50,-16
1741507460.268481,-14,13,-94
1741507460.314481,-52,17,-100
1741507460.360481,-72,29,-70
1741507460.4054809,9,39,-56
1741507460.4514809,-35,90,3
1741507460.4974809,-28,-31,39
1741507460.542481,53,-2,31
1741507460.588481,-62,-16,-68
1741507460.634481,77,71,-100
1741507460.680481,28,18,-92
1741507460.725481,8,-41,-52
1741507460.771481,-19,-3,-74
1741507460.8174808,-5,-2,21
1741507460.8624809,8,-1,-132
1741507460.908481,23,65,-90
1741507460.954481,88,-45,-78
1741507461.000481,-24,-50,-32
1741507461.045481,-16,-67,-66
1741507461.091481,-8,-62,-136
1741507461.137481,-1,37,-124
1741507461.1824808,36,79,-136
1741507461.2284808,-65,61,-117
1741507461.2744808,-23,-34,-53
1741507461.3204808,-63,101,-131
1741507461.365481,24,55,-3
1741507461.411481,-1,8,-139
1741507461.457481,20,-8,-53
1741507461.502481,32,5,-181
1741507461.548481,16,-17,-157
1741507461.594481,-23,29,-161
1741507461.640481,-37,34,-101
1741507461.6854808,14,28,-9
1741507461.7314808,-73,-40,-45
1741507461.7774808,40,-11,-117
1741507461.822481,16,-35,-117
1741507461.874481,2,74,-19
1741507461.920481,-47,74,-95
1741507461.9654808,56,-7,-93
1741507462.0114808,-23,-9,-161
1741507462.0574808,29,-42,-34
1741507462.102481,10,30,-139
1741507462.148481,51,13,-133
1741507462.194481,-11,-16,-46
1741507462.240481,80,7,-10
1741507462.285481,2,-26,-106
1741507462.331481,-31,25,-102
1741507462.377481,22,3,-198
1741507462.4224808,19,16,-124
1741507462.4684808,25,8,-184
1741507462.5144808,-56,-12,-82
1741507462.5604808,0,-10,-77
1741507462.605481,26,-11,-89
1741507462.651481,22,-42,-175
1741507462.697481,-6,86,-124
1741507462.742481,87,-65,-151
1741507462.788481,-8,-71,-14
1741507462.834481,-56,58,46
1741507462.880481,41,78,-69
1741507462.9254808,-35,-52,-136
1741507462.9714808,-9,79,37
1741507463.0174809,-9,48,-30
1741507463.062481,-31,8,-108
1741507463.108481,-89,-46,-112
1741507463.154481,-53,26,-44
1741507463.200481,10,-13,-110
1741507463.245481,40,23,-140
1741507463.291481,-58,9,-28
1741507463.337481,29,-14,-164
1741507463.3824809,25,-64,-42
1741507463.4284809,97,31,-184
1741507463.4744809,-10,-43,-162
1741507463.5204809,-28,8,-60
1741507463.565481,11,22,-48
1741507463.611481,31,42,-68
1741507463.657481,0,6,-42
1741507463.702481,-30,-19,1
1741507463.748481,4,10,-110
1741507463.7944808,51,-6,-112
1741507463.8404808,-44,9,-84
1741507463.8854809,5,7,-128
1741507463.931481,-50,51,-124
1741507463.977481,-2,51,-13
1741507464.022481,47,16,-81
1741507464.068481,-25,-32,-61
1741507464.114481,78,-24,-35
1741507464.160481,-54,-48,-58
1741507464.2054808,-73,-12,-10
1741507464.2514808,-39,43,-108
1741507464.2974808,34,-40,-4
1741507464.342481,42,-14,-152
1741507464.388481,-5,-16,-30
1741507464.434481,-28,-40,-74
1741507464.480481,-31,-66,-46
1741507464.525481,-27,-44,-162
1741507464.571481,-63,-48,-76
1741507464.617481,30,-58,23
1741507464.6624808,13,43,-8
1741507464.7084808,-41,33,0
1741507464.7544808,-69,59,-24
1741507464.8004808,4,29,-94
1741507464.845481,18,60,-94
1741507464.891481,-16,24,-100
1741507464.937481,50,19,-178
1741507464.982481,20,-46,-76
1741507465.028481,6,25,-113
1741507465.074481,-23,-12,-25
1741507465.1194808,-47,-64,32
1741507465.1654809,-13,19,-94
1741507465.2114809,118,-56,-70
1741507465.2574809,18,7,71
1741507465.302481,-33,-18,-108
1741507465.348481,-89,33,-92
1741507465.394481,34,-75,-90
1741507465.439481,-7,-13,-125
1741507465.485481,36,0,37
1741507465.531481,23,61,-142
1741507465.577481,-40,44,-78
1741507465.6224809,17,-25,37
1741507465.6684809,15,4,-72
1741507465.7144809,58,-10,-67
1741507465.759481,31,-51,-205
1741507465.805481,-118,4,-123
1741507465.851481,30,-34,-29
1741507465.897481,-90,70,-67
1741507465.9424808,-85,-14,-28
1741507465.9884808,-10,26,-121
1741507466.0344808,-20,-75,137
1741507466.079481,49,4,-60
1741507466.125481,37,-15,-30
1741507466.171481,-47,63,51
1741507466.217481,51,12,-244
1741507466.262481,-64,-35,49
1741507466.308481,49,-19,17
1741507466.354481,45,-15,-48
1741507466.3994808,-38,36,85
1741507466.4454808,-118,20,-45
1741507466.4914808,60,8,-151
1741507466.5374808,-5,-21,-89
1741507466.582481,-2,-89,-35
1741507466.627481,-9,8,-97
1741507466.673481,-33,2,-47
1741507466.7184808,-53,-23,-99
1741507466.7644808,-37,102,-77
1741507466.8104808,-15,31,-97
1741507466.855481,33,-25,-107
1741507466.901481,-64,-3,-63
1741507466.947481,55,-15,-41
1741507466.993481,-44,-41,-173
1741507467.038481,-40,32,-71
1741507467.084481,-22,-90,-135
1741507467.130481,32,-12,-23
1741507467.1754808,3,16,-122
1741507467.2214808,51,0,-96
1741507467.2674809,13,3,-41
1741507467.3134809,37,33,-151
1741507467.358481,1,5,-67
1741507467.404481,-2,-24,-136
1741507467.450481,-4,-68,-50
1741507467.495481,-2,45,-56
1741507467.541481,-16,-22,-64
1741507467.587481,101,-105,-162
1741507467.633481,15,-57,-84
1741507467.6784809,75,-21,-190
1741507467.7244809,-20,-17,-116
1741507467.7704809,-49,-31,-86
1741507467.815481,63,-85,-28
1741507467.861481,1,-25,-178
1741507467.907481,-118,-61,-92
1741507467.953481,28,-59,-86
1741507467.998481,60,-35,-84
1741507468.0444808,2,-55,-66
1741507468.0904808,-54,-4,-172
1741507468.1354809,-42,55,-60
1741507468.181481,-46,-64,-118
1741507468.227481,0,-28,-36
1741507468.273481,58,-30,-36
1741507468.318481,-6,2,63
1741507468.364481,58,56,-120
1741507468.410481,70,-101,4
1741507468.4554808,-72,-26,-34
1741507468.5014808,3,-36,-137
1741507468.5474808,-74,20,-21
1741507468.5934808,-20,-69,-159
1741507468.638481,-12,-16,-15
1741507468.684481,-9,-106,-143
1741507468.730481,-1,-62,-119
1741507468.775481,33,42,-131
1741507468.821481,-74,26,-35
1741507468.867481,11,-17,-147
1741507468.913481,-87,0,-105
1741507468.9584808,61,34,-73
1741507469.0044808,-8,0,-143
1741507469.0504808,33,20,-51
1741507469.095481,-77,-29,-33
1741507469.141481,66,-8,-71
1741507469.187481,79,-22,-89
1741507469.233481,68,-42,-127
1741507469.278481,-3,-26,-115
1741507469.324481,58,-110,-181
1741507469.370481,-11,-6,64
1741507469.4154809,34,0,-79
1741507469.4614809,-10,11,-83
1741507469.5074809,-47,76,-105
1741507469.5534809,51,-17,-35
1741507469.598481,1,12,-119
1741507469.644481,-6,72,-3
1741507469.690481,-6,36,-173
1741507469.735481,-110,50,-87
1741507469.781481,-60,61,-55
1741507469.827481,-18,-14,-139
1741507469.873481,-6,-63,-117
1741507469.9184809,1,-53,-97
1741507469.9644809,-25,-33,-57
1741507470.0104809,18,-1,-145
1741507470.055481,-5,-39,-119
1741507470.101481,-31,-41,-223
1741507470.147481,16,-15,-63
1741507470.193481,6,-6,-3
1741507470.2384808,10,15,-73
1741507470.2844808,-53,-90,-187
1741507470.3304808,-7,5,-192
1741507470.375481,17,-80,-126
1741507470.421481,49,-33,-140
1741507470.467481,-14,2,0
1741507470.513481,7,22,12
1741507470.558481,19,-33,-13
1741507470.604481,43,2,-69
1741507470.650481,-4,51,-107
1741507470.6954808,41,-61,-175
1741507470.7414808,53,25,-73
1741507470.7874808,-38,-2,12
1741507470.8334808,-100,19,-78
1741507470.878481,-8,33,-91
1741507470.924481,0,-13,-33
1741507470.970481,-6,-15,-79
1741507471.015481,-18,20,-41
1741507471.061481,13,-17,-23
1741507471.107481,47,-12,-89
1741507471.153481,23,43,-139
1741507471.1984808,-88,-20,-139
1741507471.2444808,-2,-5,-6
1741507471.2904809,13,-8,-23
1741507471.335481,55,-11,-95
1741507471.381481,-16,-64,-89
1741507471.427481,-1,43,14
1741507471.473481,-28,30,-77
1741507471.518481,-79,32,16
1741507471.564481,50,12,-77
1741507471.610481,-65,44,-134
1741507471.6554809,-39,10,-170
1741507471.7014809,-47,6,-137
1741507471.7474809,-57,61,56
1741507471.7934809,-79,-20,-81
1741507471.838481,-11,-69,-71
1741507471.890481,-31,74,36
1741507471.9354808,-69,36,-121
1741507471.9814808,-25,92,-35
1741507472.0274808,-27,-4,-17
1741507472.072481,14,29,-133
1741507472.118481,71,10,-11
1741507472.164481,-46,-27,-121
1741507472.210481,19,16,-77
1741507472.255481,45,-29,-125
1741507472.301481,-56,-25,-189
1741507472.347481,-1,-10,-15
1741507472.3924809,102,-2,-133
1741507472.4384809,-52,-42,-113
1741507472.483481,71,15,-13
1741507472.528481,5,81,-81
1741507472.574481,-10,52,-87
1741507472.620481,39,-119,-111
1741507472.666481,21,-93,-205
1741507472.7114809,-46,-32,-49
1741507472.7574809,-14,-26,10
1741507472.8034809,-32,-14,16
1741507472.848481,-75,7,-59
1741507472.894481,70,5,-15
1741507472.940481,12,-26,-81
1741507472.986481,-40,26,28
1741507473.031481,6,-47,-31
1741507473.077481,-45,-114,-115
1741507473.123481,74,44,-151
1741507473.1684809,-45,-54,-31
1741507473.2144809,30,85,-27
1741507473.2604809,43,93,-9
1741507473.306481,-74,-2,-133
1741507473.351481,48,-5,58
1741507473.397481,-7,-37,-57
1741507473.443481,-23,40,-115
1741507473.4884808,-13,-3,-99
1741507473.5344808,64,34,-87
1741507473.5804808,53,59,-183
1741507473.6264808,19,37,-69
1741507473.671481,73,23,-81
1741507473.717481,31,61,-91
1741507473.763481,5,18,-121
1741507473.808481,27,-17,-29
1741507473.854481,-84,36,-35
1741507473.900481,-14,26,16
1741507473.946481,32,37,-83
1741507473.9914808,76,9,-105
1741507474.0374808,1,22,-23
1741507474.0834808,-99,-9,-169
1741507474.128481,40,-7,-15
1741507474.174481,-2,-47,-53
1741507474.220481,-33,-19,-159
1741507474.266481,-15,-7,2
1741507474.311481,68,0,-123
1741507474.357481,44,-9,-101
1741507474.403481,-3,38,-91
1741507474.4484808,10,-69,-147
1741507474.4944808,19,22,2
1741507474.5404809,64,63,-107
1741507474.5864809,16,-74,-137
1741507474.631481,56,6,-60
1741507474.677481,26,11,-38
1741507474.723481,-3,-19,-142
1741507474.768481,6,-45,-88
1741507474.814481,-21,-43,55
1741507474.860481,-49,-9,-172
1741507474.906481,-25,-50,-86
1741507474.9514809,-18,12,-98
1741507474.9974809,-32,3,-98
1741507475.0434809,-20,13,87
1741507475.088481,26,19,39
1741507475.134481,-61,-40,-112
1741507475.180481,-67,-19,-108
1741507475.226481,71,-63,-30
1741507475.271481,-55,22,-104
1741507475.3174808,38,18,-33
1741507475.3634808,68,38,-19
1741507475.408481,54,12,-11
1741507475.454481,-67,-39,-67
1741507475.500481,-49,6,-43
1741507475.546481,-41,4,44
1741507475.591481,28,-45,-57
1741507475.637481,52,-9,-103
1741507475.683481,-5,4,-79
1741507475.7284808,-35,44,-141
1741507475.7744808,30,52,-17
1741507475.8204808,104,-21,-160
1741507475.8664808,-21,-3,-94
1741507475.911481,56,-21,7
1741507475.957481,-11,-45,-52
1741507476.003481,6,-2,-130
1741507476.048481,0,64,-114
1741507476.094481,2,1,-84
1741507476.140481,-1,7,-18
1741507476.186481,32,-42,-108
1741507476.2314808,-72,-28,-72
1741507476.2774808,-45,17,-76
1741507476.3234808,73,23,-134
1741507476.368481,-21,7,0
1741507476.414481,-11,-15,-78
1741507476.460481,72,12,-84
1741507476.506481,30,-3,15
1741507476.551481,76,14,-84
1741507476.597481,24,-7,-142
1741507476.643481,36,-82,-102
1741507476.6884809,-29,11,-128
1741507476.7344809,2,-8,-32
1741507476.7804809,-7,-26,-156
1741507476.8264809,-9,-94,-136
1741507476.871481,-19,-2,-248
1741507476.917481,-17,23,-138
1741507476.963481,-3,-39,-98
1741507477.008481,48,30,-36
1741507477.054481,-47,-19,-120
1741507477.100481,-13,-45,27
1741507477.146481,-32,-15,-82
1741507477.1914809,17,-17,77
1741507477.2374809,-26,-47,-16
1741507477.283481,51,15,-115
1741507477.328481,-26,-51,-97
1741507477.374481,-50,-19,-87
1741507477.420481,-20,10,-143
1741507477.466481,-46,30,46
1741507477.5114808,3,2,18
1741507477.5574808,33,-9,-53
1741507477.6034808,-54,-17,-61
1741507477.648481,25,28,-77
1741507477.694481,-39,-20,-111
1741507477.740481,9,29,-109
1741507477.786481,-71,-31,-101
1741507477.831481,-37,-63,-109
1741507477.877481,-25,18,-171
1741507477.923481,-31,18,-75
1741507477.9684808,-52,49,-13
1741507478.0144808,8,8,-123
1741507478.0604808,-31,48,-13
1741507478.1064808,-26,-40,-125
1741507478.151481,-37,-13,-127
1741507478.197481,8,31,-26
1741507478.243481,-10,-16,-104
1741507478.288481,41,21,-126
1741507478.334481,87,12,-168
1741507478.380481,65,-3,-136
1741507478.426481,-22,-3,-68
1741507478.4714808,29,-23,-70
1741507478.5174809,23,-33,-8
1741507478.5634809,-12,-15,-194
1741507478.608481,32,0,-1
1741507478.654481,-41,13,-130
1741507478.700481,-5,-46,-76
1741507478.745481,51,20,27
1741507478.791481,95,0,-62
1741507478.837481,-22,-4,-20
1741507478.883481,-32,-30,-8
1741507478.9284809,20,-72,-14
1741507478.9744809,1,63,-74
1741507479.0204809,23,1,-88
1741507479.065481,-11,62,-132
1741507479.111481,56,48,-151
1741507479.157481,-27,-37,-65
1741507479.203481,-29,18,-169
1741507479.248481,62,-17,-105
1741507479.2944808,40,58,12
1741507479.3404808,32,58,48
1741507479.3854809,-14,12,-69
1741507479.431481,81,37,-43
1741507479.477481,-16,99,12
1741507479.523481,37,5,-75
1741507479.568481,-40,-107,-43
1741507479.614481,-20,-3,-120
1741507479.660481,-6,-35,-162
1741507479.7054808,-14,30,-50
1741507479.7514808,-22,29,-74
1741507479.7974808,-19,-5,-192
1741507479.8434808,74,28,-126
1741507479.888481,1,-1,-94
1741507479.934481,13,3,-124
1741507479.980481,-38,128,83
1741507480.025481,-28,-59,-202
1741507480.071481,-74,2,-28
1741507480.117481,43,54,-42
1741507480.163481,57,-21,-118
1741507480.2084808,-38,10,-198
1741507480.2544808,33,-65,77
1741507480.3004808,-23,-29,-30
1741507480.345481,7,8,-32
1741507480.391481,81,18,-136
1741507480.437481,-40,-41,51
1741507480.483481,66,2,-172
1741507480.528481,-15,-19,-28
1741507480.574481,-23,-39,25
1741507480.620481,36,-23,-170
1741507480.6654809,40,-10,-180
1741507480.7114809,-27,-34,-30
1741507480.7574809,18,-3,59
1741507480.8034809,-15,-12,-46
1741507480.848481,-57,19,-154
1741507480.894481,-57,-70,-58
1741507480.940481,76,-62,19
1741507480.985481,32,-46,-63
1741507481.031481,60,-70,52
1741507481.077481,-6,20,-53
1741507481.123481,6,-10,-81
1741507481.1684809,-40,-25,-47
1741507481.2144809,1,8,-41
1741507481.2604809,-30,8,-107
1741507481.305481,0,-21,-143
1741507481.351481,-26,-10,-115
1741507481.397481,109,-25,-165
1741507481.443481,-68,-21,-103
1741507481.4884808,-19,-40,-29
1741507481.5344808,52,115,-217
1741507481.5804808,27,-13,-1
1741507481.625481,-26,30,-63
1741507481.671481,-26,-69,36
1741507481.717481,26,-17,-121
1741507481.763481,9,-4,28
1741507481.808481,-29,24,-189
1741507481.860481,-71,-35,-208
1741507481.9054809,46,38,-47
1741507481.9514809,-1,-59,-125
1741507481.9974809,2,-21,-121
1741507482.0434809,50,38,-103
1741507482.088481,90,32,-51
1741507482.134481,-29,-67,46
1741507482.180481,-25,-33,-157
1741507482.225481,-35,-119,-45
1741507482.271481,30,-30,-53
1741507482.3174808,-29,-46,-74
1741507482.3634808,31,-15,-75
1741507482.408481,35,13,-105
1741507482.454481,17,2,-47
1741507482.500481,33,6,-173
1741507482.545481,0,-12,2
1741507482.591481,74,-24,-141
1741507482.637481,78,35,12
1741507482.683481,66,-24,-167
1741507482.7284808,-9,-20,18
1741507482.7744808,30,-2,-51
1741507482.8204808,0,-54,-83
1741507482.865481,11,66,-87
1741507482.911481,13,-37,26
1741507482.957481,0,13,-57
1741507483.003481,-71,31,-197
1741507483.048481,43,-45,-105
1741507483.094481,-32,18,6
1741507483.140481,38,51,-85
1741507483.1854808,5,-1,-91
1741507483.2314808,35,38,-51
1741507483.2774808,4,-26,-179
1741507483.3234808,-13,-2,-63
1741507483.368481,-1,17,-223
1741507483.414481,-73,17,-225
1741507483.460481,60,1,-133
1741507483.505481,-49,23,-115
1741507483.551481,35,-5,-145
1741507483.597481,9,26,-87
1741507483.643481,-103,-12,-1
1741507483.6884809,-9,10,-42
1741507483.7344809,-27,37,-132
1741507483.7804809,-21,-10,-64
1741507483.825481,16,0,15
1741507483.871481,-3,-56,-54
1741507483.917481,-28,35,-116
1741507483.963481,55,-14,-18
1741507484.008481,11,7,-132
1741507484.054481,17,-26,-40
1741507484.100481,3,40,-116
1741507484.1454809,21,20,61
1741507484.1914809,-33,-90,-96
1741507484.2374809,-61,6,-23
1741507484.283481,43,38,-127
1741507484.328481,66,-2,-107
1741507484.374481,-23,-2,-15
1741507484.420481,-59,-6,-153
1741507484.4654808,82,17,-9
1741507484.5114808,56,-34,-39
1741507484.5574808,78,-92,-132
1741507484.6034808,10,37,-101
1741507484.648481,10,30,-16
1741507484.694481,-25,66,-65
1741507484.740481,12,23,-111
1741507484.785481,-47,37,-129
1741507484.831481,14,-24,-143
1741507484.877481,68,21,-133
1741507484.923481,-27,-4,-139
1741507484.9684808,-3,-37,-43
1741507485.0144808,-81,2,-157
1741507485.0604808,96,-91,-73
1741507485.105481,12,90,-99
1741507485.151481,0,18,-47
1741507485.197481,8,33,-21
1741507485.243481,-7,8,-97
1741507485.288481,-37,64,-196
1741507485.334481,0,-51,-232
1741507485.380481,6,46,-45
1741507485.4254808,18,54,-10
1741507485.4714808,-35,-17,-102
1741507485.5174809,-77,64,-44
1741507485.562481,-39,-38,-52
1741507485.608481,28,35,-164
1741507485.654481,16,33,-136
1741507485.700481,16,-6,-34
1741507485.745481,14,25,-24
1741507485.791481,-15,-38,-162
1741507485.837481,13,-69,-176
1741507485.8824809,16,23,-38
1741507485.9284809,10,-20,-138
1741507485.9744809,38,0,-44
1741507486.0204809,14,121,-88
1741507486.065481,-5,-23,-74
1741507486.111481,-27,97,-94
1741507486.157481,-17,-63,-160
1741507486.202481,2,73,-92
1741507486.248481,44,39,-212
1741507486.2944808,-13,35,-206
1741507486.3404808,-47,39,-26
1741507486.3854809,-34,23,-154
1741507486.431481,33,45,-76
1741507486.477481,1,57,55
1741507486.522481,-14,-102,-124
1741507486.568481,-6,-6,-24
1741507486.614481,90,-36,-22
1741507486.660481,35,29,-79
1741507486.7054808,-42,43,-121
1741507486.7514808,0,-56,-181
1741507486.7974808,24,41,-275
1741507486.842481,-36,-10,-133
1741507486.888481,91,5,-107
1741507486.934481,14,-20,-59
1741507486.980481,-2,0,-9
1741507487.025481,33,52,-17
1741507487.071481,-53,9,-59
1741507487.117481,-66,7,-27
1741507487.1624808,21,61,-51
1741507487.2084808,25,-4,-125
1741507487.2544808,83,-18,2
1741507487.3004808,-47,70,-21
1741507487.345481,-62,16,-95
1741507487.391481,-36,88,-67
1741507487.437481,-14,-51,8
1741507487.482481,39,-19,-33
1741507487.528481,-1,-2,12
1741507487.574481,-15,19,-67
1741507487.620481,-63,-60,-101
1741507487.6654809,-55,-14,-121
1741507487.7114809,43,62,-77
1741507487.7574809,-68,-15,-157
1741507487.802481,-30,-53,-95
1741507487.848481,0,92,-103
1741507487.894481,75,70,-15
1741507487.940481,39,-4,-57
1741507487.985481,70,48,-43
1741507488.031481,-21,22,-47
1741507488.077481,-61,-41,-83
1741507488.1224809,-117,-87,-75
1741507488.1684809,22,4,-53
1741507488.2144809,18,-7,-73
1741507488.2604809,-51,76,-113
1741507488.305481,48,66,-189
1741507488.351481,74,1,-61
1741507488.397481,-25,20,46
1741507488.4424808,-26,-34,-107
1741507488.4884808,4,-2,-69
1741507488.5344808,3,15,-130
1741507488.5804808,-21,-32,-17
1741507488.625481,-14,25,-74
1741507488.671481,39,-11,-88
1741507488.717481,0,48,-158
1741507488.762481,37,-69,-168
1741507488.808481,52,-31,-42
1741507488.854481,12,0,1
1741507488.900481,-23,0,-42
1741507488.9454808,58,-66,-154
1741507488.9914808,-69,21,-92
1741507489.0374808,-2,21,-100
1741507489.082481,23,-8,-31
1741507489.128481,13,73,-169
1741507489.174481,-16,-72,-33
1741507489.220481,23,-48,-167
1741507489.265481,29,-40,-105
1741507489.311481,9,48,-91
1741507489.357481,-22,-20,-145
1741507489.4024808,-37,-31,-107
1741507489.4484808,-41,83,-47
1741507489.4944808,-47,39,96
1741507489.5404809,0,-37,-107
1741507489.585481,31,-3,-71
1741507489.631481,54,-28,118
1741507489.677481,12,3,-49
1741507489.722481,26,31,-119
1741507489.768481,-41,-24,-49
1741507489.814481,81,-67,-41
1741507489.860481,7,28,-63
1741507489.9054809,0,12,-75
1741507489.9514809,-18,36,-105
1741507489.9974809,73,12,-35
1741507490.042481,12,-3,-55
1741507490.088481,2,-25,-151
1741507490.134481,80,-67,-27
1741507490.180481,4,-1,-73
1741507490.225481,-34,-29,-199
1741507490.271481,69,-95,-95
1741507490.3174808,-120,94,-81
1741507490.3624809,-26,-17,-15
1741507490.408481,71,-44,-131
1741507490.454481,73,-10,-141
1741507490.500481,43,9,-157
1741507490.545481,32,17,-117
1741507490.591481,-27,23,10
1741507490.637481,22,-19,-113
1741507490.6824808,-27,8,-73
1741507490.7284808,1,21,4
1741507490.7744808,32,28,-97
1741507490.8204808,64,-35,6
1741507490.865481,26,40,-5
1741507490.911481,-25,24,-53
1741507490.957481,16,14,-87
1741507491.002481,4,-102,-87
1741507491.048481,62,35,-71
1741507491.094481,38,27,-59
1741507491.140481,-32,-18,-143
1741507491.1854808,9,-24,-41
1741507491.2314808,-4,-22,-207
1741507491.2774808,41,-21,-67
1741507491.322481,23,64,-51
1741507491.368481,-28,-1,-115
1741507491.414481,-84,31,14
1741507491.460481,8,-14,-113
1741507491.505481,40,-38,56
1741507491.551481,-48,-57,-159
1741507491.597481,20,-95,-135
1741507491.6424809,-12,-53,-95
1741507491.6884809,21,-21,-63
1741507491.7344809,7,-35,-107
1741507491.7804809,-2,77,-53
1741507491.825481,-13,16,-55
1741507491.877481,19,-73,-93
1741507491.9224808,-60,47,-37
1741507491.9684808,57,-1,-57
1741507492.0144808,-18,-38,60
1741507492.0604808,-6,52,-47
1741507492.105481,-36,-43,-139
1741507492.151481,21,-4,30
1741507492.197481,-34,-40,-169
1741507492.242481,31,57,-77
1741507492.288481,-29,-18,-41
1741507492.334481,-39,-34,-87
1741507492.3794808,-15,-90,-20
1741507492.4254808,-19,17,23
1741507492.4714808,-114,15,-8
1741507492.5174809,45,45,-62
1741507492.562481,5,-4,-46
1741507492.608481,24,-25,-82
1741507492.654481,51,-22,-98
1741507492.699481,-66,-106,-86
1741507492.745481,-2,-34,-38
1741507492.791481,-56,57,-52
1741507492.837481,43,-12,-98
1741507492.8824809,9,35,-30
1741507492.9284809,-10,34,-154
1741507492.9744809,59,-11,-102
1741507493.019481,-44,-50,23
1741507493.065481,11,-52,25
1741507493.111481,-72,5,-24
1741507493.157481,21,41,33
1741507493.202481,28,-10,1
1741507493.248481,-61,47,-58
1741507493.2944808,-51,17,-26
1741507493.3394809,-43,5,-212
1741507493.3854809,-45,91,42
1741507493.431481,-71,5,-25
1741507493.477481,10,-56,-185
1741507493.522481,24,-10,-37
1741507493.568481,-25,29,-71
1741507493.614481,74,33,-139
1741507493.6594808,93,-93,-123
1741507493.7054808,11,-35,-97
1741507493.7514808,11,-47,-167
1741507493.7974808,-17,-31,-27
1741507493.842481,-41,10,12
1741507493.888481,-73,6,54
1741507493.934481,26,18,-61
1741507493.979481,-94,-10,-103
1741507494.025481,38,3,-163
1741507494.071481,29,-70,56
1741507494.117481,3,-48,-25
1741507494.1624808,1,-26,-145
1741507494.2084808,-54,47,-181
1741507494.2544808,43,-71,20
1741507494.299481,25,-19,-31
1741507494.345481,-5,-31,-3
1741507494.391481,-22,-29,-73
1741507494.437481,109,55,-35
1741507494.482481,-30,-19,-41
1741507494.528481,41,-11,-128
1741507494.574481,-22,17,-141
1741507494.6194808,-18,-47,-139
1741507494.6654809,75,-6,-48
1741507494.7114809,-14,-46,-202
1741507494.7574809,11,-83,33
1741507494.802481,31,18,-74
1741507494.848481,16,-61,-56
1741507494.894481,-40,6,-156
1741507494.939481,25,8,-136
1741507494.985481,3,-89,-124
1741507495.031481,63,-7,-36
1741507495.077481,-28,25,-136
1741507495.1224809,46,55,-38
1741507495.1684809,15,-8,-98
1741507495.2144809,91,3,-82
1741507495.259481,-9,-79,-40
1741507495.305481,24,49,-48
1741507495.351481,-60,-18,-42
1741507495.397481,69,29,-18
1741507495.4424808,10,0,-36
1741507495.4884808,88,54,-42
1741507495.5344808,28,11,-8
1741507495.579481,-17,-50,-140
1741507495.625481,87,15,-118
1741507495.671481,-16,19,-6
1741507495.717481,-3,19,-20
1741507495.762481,-15,1,-42
1741507495.808481,22,22,-22
1741507495.854481,49,32,-260
1741507495.8994808,-19,-19,-112
1741507495.9454808,-62,-23,-140
1741507495.9914808,43,8,-41
1741507496.0374808,43,15,-51
1741507496.082481,-48,65,16
1741507496.128481,-54,12,-39
1741507496.174481,95,22,-13
1741507496.219481,53,-24,-43
1741507496.265481,-22,-46,-109
1741507496.311481,26,71,-149
1741507496.357481,44,45,-137
1741507496.4024808,-24,6,-91
1741507496.4484808,31,-23,-99
1741507496.4944808,76,4,0
1741507496.539481,-5,50,-81
1741507496.585481,-29,39,-27
1741507496.631481,12,1,-121
1741507496.677481,-65,21,-261
1741507496.722481,-43,31,-87
1741507496.768481,16,-62,-9
1741507496.814481,-29,-37,-55
1741507496.8594809,-10,52,-135
1741507496.9054809,-19,16,-135
1741507496.9514809,36,10,-79
1741507496.9974809,-38,-52,-83
1741507497.042481,-20,41,-143
1741507497.088481,11,-5,92
1741507497.134481,-56,3,-13
1741507497.179481,15,-28,-120
1741507497.225481,23,-46,-46
1741507497.271481,-52,11,-131
1741507497.3174808,13,2,-103
1741507497.3624809,-7,-42,-197
1741507497.408481,28,69,-214
1741507497.454481,-67,-10,-208
1741507497.499481,10,-36,-47
1741507497.545481,-67,1,-34
1741507497.591481,-95,-64,-49
1741507497.637481,-9,39,-185
1741507497.6824808,10,-50,-15
1741507497.7284808,-59,61,-101
1741507497.7744808,-36,-61,-91
1741507497.819481,17,-9,-161
1741507497.865481,-60,-137,-5
1741507497.911481,91,-45,-57
1741507497.957481,0,76,-9
1741507498.002481,-16,-15,-27
1741507498.048481,-118,-23,-29
1741507498.0934808,-22,14,-43
1741507498.138481,-77,-111,-3
1741507498.184481,22,4,-21
1741507498.230481,12,40,-115
1741507498.275481,-17,-77,-91
1741507498.321481,6,-19,-55
1741507498.367481,-33,-31,-140
1741507498.413481,44,31,-181
1741507498.4584808,42,1,-223
1741507498.5044808,-23,-76,2
1741507498.5504808,62,-6,-29
1741507498.595481,42,-46,-31
1741507498.641481,-45,31,-25
1741507498.687481,-42,-61,-67
1741507498.733481,55,-15,-105
1741507498.778481,-6,20,-79
1741507498.824481,15,2,-165
1741507498.870481,-51,-20,-33
1741507498.9154809,-63,-3,-197
1741507498.9614809,-20,46,44
1741507499.0074809,-35,-24,-97
1741507499.0534809,-9,0,-115
1741507499.098481,4,-34,-37
1741507499.144481,-37,-32,-79
1741507499.190481,-35,-8,-207
1741507499.235481,-1,-26,-151
1741507499.281481,32,9,-15
1741507499.327481,64,-72,-119
1741507499.3724809,50,41,-67
1741507499.4184809,-45,27,-107
1741507499.4644809,-43,-2,-75
1741507499.5104809,46,-59,35
1741507499.555481,-17,0,-256
1741507499.601481,-31,20,-74
1741507499.647481,11,72,-140
1741507499.6924808,-2,38,-29
1741507499.7384808,-70,-23,18
1741507499.7844808,-33,-53,-69
1741507499.8304808,-33,27,10
1741507499.875481,20,-38,-61
1741507499.921481,-27,-60,-37
1741507499.967481,-45,33,-73
1741507500.012481,40,13,-1
1741507500.058481,-61,3,-58
1741507500.104481,1,36,-18
1741507500.150481,-20,-63,-118
1741507500.1954808,67,42,-164
1741507500.2414808,40,-42,-48
1741507500.2874808,-7,-18,-126
1741507500.332481,27,-67,-44
1741507500.378481,27,-117,-108
1741507500.424481,-47,59,-74
1741507500.470481,58,15,-46
1741507500.515481,18,5,-150
1741507500.561481,54,0,-104
1741507500.607481,0,-4,-100
1741507500.6524808,-69,60,-67
1741507500.6984808,21,-35,-31
1741507500.7444808,-69,58,-129
1741507500.7904809,-29,28,-116
1741507500.835481,-40,-35,-80
1741507500.881481,54,-85,-18
1741507500.927481,15,38,-128
1741507500.972481,27,23,-126
1741507501.018481,-24,-24,37
1741507501.064481,20,-6,-68
1741507501.110481,-41,-14,-113
1741507501.1554809,9,-36,-95
1741507501.2014809,-58,42,14
1741507501.2474809,33,-45,-81
1741507501.292481,99,42,-157
1741507501.338481,-74,-47,-95
1741507501.384481,7,-58,-119
1741507501.430481,-4,-82,-143
1741507501.475481,47,19,-93
1741507501.521481,22,-38,18
1741507501.5674808,-73,-40,-211
1741507501.6124809,-9,3,-163
1741507501.658481,14,63,-111
1741507501.704481,34,3,-63
1741507501.750481,-89,9,16
1741507501.795481,-35,-14,-23
1741507501.841481,44,-54,-125
1741507501.8924809,0,-2,32
1741507501.9384809,20,-64,-33
1741507501.9844809,60,-22,-91
1741507502.0304809,-27,81,2
1741507502.075481,36,7,-140
1741507502.121481,-69,-44,-64
1741507502.167481,-65,-66,-94
1741507502.212481,3,80,-136
1741507502.258481,-7,-97,-88
1741507502.304481,-45,30,-52
1741507502.350481,27,-17,-100
1741507502.396481,-12,-31,-76
1741507502.4424808,-6,24,-52
1741507502.4884808,-43,42,-150
1741507502.5344808,-5,-45,17
1741507502.579481,1,-2,-80
1741507502.625481,-49,30,-122
1741507502.671481,-3,-49,0
1741507502.716481,-23,3,-10
1741507502.762481,108,27,-129
1741507502.808481,4,11,-52
1741507502.854481,-54,18,-30
1741507502.8994808,25,-53,-108
1741507502.9454808,3,26,-120
1741507502.9914808,-7,27,-120
1741507503.036481,44,3,3
1741507503.082481,-67,-8,-104
1741507503.128481,-4,-62,-148
1741507503.174481,-56,-30,-122
1741507503.219481,102,45,-46
1741507503.265481,11,-28,17
1741507503.311481,40,72,-170
1741507503.3564808,60,17,-94
1741507503.4024808,-78,93,-160
1741507503.4484808,-44,39,-14
1741507503.4944808,-98,1,-38
1741507503.539481,53,25,-50
1741507503.585481,-47,21,-46
1741507503.631481,11,65,-27
1741507503.676481,-55,-14,-15
1741507503.722481,-17,-40,-193
1741507503.768481,2,0,-57
1741507503.814481,90,44,-5
1741507503.8594809,30,-46,-151
1741507503.9054809,-65,-20,-149
1741507503.9514809,-7,-10,-74
1741507503.996481,-21,2,-116
1741507504.042481,-75,60,-86
1741507504.088481,-8,-2,17
1741507504.134481,-56,79,-35
1741507504.179481,-66,-78,-59
1741507504.225481,-55,-35,-5
1741507504.271481,-101,51,-169
1741507504.3164809,57,13,-125
1741507504.3624809,-6,-36,-45
1741507504.408481,-25,31,-117
1741507504.454481,4,-29,-15
1741507504.499481,1,16,-29
1741507504.545481,-22,2,-133
1741507504.591481,-10,36,-95
1741507504.6364808,-86,-11,-103
1741507504.6824808,111,24,-91
1741507504.7284808,42,-69,-165
1741507504.7744808,6,40,-39
1741507504.819481,8,19,-49
1741507504.865481,-26,-61,18
1741507504.911481,-26,12,-27
1741507504.956481,42,15,-139
1741507505.002481,18,-62,-31
1741507505.048481,-29,-112,-1
1741507505.094481,-72,-82,-55
1741507505.1394808,50,51,-5
1741507505.1854808,25,-63,0
1741507505.2314808,7,-37,-115
1741507505.276481,19,-38,66
1741507505.322481,37,50,-91
1741507505.368481,40,48,-117
1741507505.414481,-51,-44,-115
1741507505.459481,122,11,-125
1741507505.505481,24,-24,-167
1741507505.551481,-81,3,-93
1741507505.5964808,-33,-40,-99
1741507505.6424809,-21,-38,-83
1741507505.6884809,-3,53,-53
1741507505.7344809,-27,-10,-39
1741507505.779481,16,-8,24
1741507505.825481,52,37,-95
1741507505.871481,-37,49,-78
1741507505.916481,12,-12,-96
1741507505.962481,-1,-36,-45
1741507506.008481,-19,42,-41
1741507506.0534809,-14,-55,-94
1741507506.0994809,33,11,-55
1741507506.1454809,12,-64,-114
1741507506.1914809,51,6,-32
1741507506.236481,-8,42,-140
1741507506.282481,1,52,-90
1741507506.328481,-28,2,-166
1741507506.373481,-13,0,-77
1741507506.4194808,86,-48,-160
1741507506.4654808,66,76,95
1741507506.5114808,33,-31,113
1741507506.556481,59,-11,-96
1741507506.602481,-37,-63,-64
1741507506.648481,16,-55,-26
1741507506.693481,-11,-4,-72
1741507506.739481,20,-20,-28
1741507506.785481,-1,-6,-66
1741507506.831481,-17,-64,-46
1741507506.8764808,-9,57,-74
1741507506.9224808,-89,21,-36
1741507506.9684808,-61,-6,-112
1741507507.013481,-21,-50,-36
1741507507.059481,-29,-38,-26
1741507507.105481,-31,2,-46
1741507507.151481,24,-2,-60
1741507507.196481,-11,-2,-142
1741507507.242481,16,-74,-204
1741507507.288481,-37,-22,-24
1741507507.3334808,-33,-52,27
1741507507.3794808,70,-88,-30
1741507507.4254808,-29,79,-73
1741507507.4714808,-83,-19,-97
1741507507.516481,84,8,-79
1741507507.562481,-5,48,-73
1741507507.608481,-69,-30,-35
1741507507.653481,-4,-7,-79
1741507507.699481,53,-33,-121
1741507507.745481,-1,4,-113
1741507507.791481,48,71,-69
1741507507.8364809,12,-25,-105
1741507507.8824809,14,65,-69
1741507507.9284809,-29,4,-133
1741507507.973481,42,-35,-39
1741507508.019481,24,6,-127
1741507508.065481,-12,42,-87
1741507508.111481,65,-3,-29
1741507508.156481,-52,-3,-43
1741507508.202481,58,93,-26
1741507508.248481,94,-32,-39
1741507508.2934809,-17,-20,10
1741507508.3394809,-45,-54,-209
1741507508.3854809,28,-33,-129
1741507508.431481,-31,69,-97
1741507508.476481,16,-22,-19
1741507508.522481,39,23,-61
1741507508.568481,-28,78,-89
1741507508.6134808,28,24,-19
1741507508.6594808,32,20,10
1741507508.7054808,96,-10,-76
1741507508.7514808,-50,-20,-105
1741507508.796481,67,-34,-77
1741507508.842481,-62,35,-80
1741507508.888481,1,48,-80
1741507508.933481,42,-33,-166
1741507508.979481,48,-37,-58
1741507509.025481,-40,14,-18
1741507509.071481,3,-67,-118
1741507509.1164808,-17,8,13
1741507509.1624808,-36,-103,-69
1741507509.2084808,6,-40,-115
1741507509.253481,-83,-20,-137
1741507509.299481,70,0,-29
1741507509.345481,-19,25,-61
1741507509.391481,73,20,-67
1741507509.436481,-62,66,-33
1741507509.482481,27,-5,-77
1741507509.528481,32,-39,-87
1741507509.5734808,54,50,-27
1741507509.6194808,-17,4,-97
1741507509.6654809,84,15,-93
1741507509.7114809,17,40,-137
1741507509.756481,-22,30,-107
1741507509.802481,-5,-91,-49
1741507509.848481,36,23,-163
1741507509.893481,-84,3,-195
1741507509.939481,25,13,-65
1741507509.985481,51,41,-33
1741507510.031481,-36,0,-31
1741507510.0764809,-48,17,-97
1741507510.1224809,12,47,-111
1741507510.1684809,54,-14,-145
1741507510.213481,-83,-50,-95
1741507510.259481,12,7,-35
1741507510.305481,46,-28,8
1741507510.351481,0,7,-141
1741507510.396481,8,-6,-97
1741507510.4424808,8,21,-138
1741507510.4884808,-22,-44,-124
1741507510.533481,-66,-76,-118
1741507510.579481,2,5,-84
1741507510.625481,4,-8,-118
1741507510.671481,36,19,-108
1741507510.716481,8,35,-70
1741507510.762481,-38,39,-133
1741507510.808481,41,-58,-7
1741507510.8534808,-4,-12,-70
1741507510.8994808,-84,-65,-95
1741507510.9454808,-4,41,-168
1741507510.9914808,34,14,-174
1741507511.036481,-67,10,-146
1741507511.082481,-26,-85,-180
1741507511.128481,3,-22,57
1741507511.173481,78,9,-120
1741507511.219481,-65,-79,-48
1741507511.265481,12,6,-163
1741507511.311481,9,-52,-13
1741507511.3564808,14,0,-139
1741507511.4024808,-25,-27,-29
1741507511.4484808,-37,-25,-28
1741507511.493481,-3,-40,-34
1741507511.539481,84,68,-108
1741507511.585481,8,27,9
1741507511.631481,-3,-18,-120
1741507511.676481,7,11,-64
1741507511.722481,76,-14,-152
1741507511.768481,66,23,-99
1741507511.8134809,42,-45,-83
1741507511.8594809,-31,-21,-47
1741507511.911481,-13,-6,-189
1741507511.956481,-19,-19,-87
1741507512.002481,22,-7,-43
1741507512.048481,52,11,-99
1741507512.0934808,32,9,-35
1741507512.1394808,12,-56,-105
1741507512.1854808,92,-10,-9
1741507512.2314808,-65,17,-125
1741507512.276481,36,9,8
1741507512.322481,-11,11,-127
1741507512.368481,4,-29,-161
1741507512.413481,-79,22,-81
1741507512.459481,14,50,-111
1741507512.505481,2,38,-83
1741507512.551481,11,-3,-155
1741507512.5964808,2,-71,-195
1741507512.6424809,-55,15,-121
1741507512.6884809,6,45,-41
1741507512.733481,-37,-24,-11
1741507512.779481,4,1,-57
1741507512.825481,0,8,-11
1741507512.870481,-4,110,118
1741507512.916481,11,50,-25
1741507512.962481,-51,74,-89
1741507513.008481,-27,-13,-35
1741507513.0534809,2,18,-35
1741507513.0994809,54,-25,-31
1741507513.1454809,18,-13,-59
1741507513.190481,49,9,-51
1741507513.236481,-18,-4,-239
1741507513.282481,-6,3,-29
1741507513.328481,0,35,-99
1741507513.373481,-14,-78,-37
1741507513.4194808,44,-62,-55
1741507513.4654808,0,17,-90
1741507513.5104809,138,23,88
1741507513.556481,8,-66,-95
1741507513.602481,14,20,-69
1741507513.648481,30,-34,-201
1741507513.693481,-63,71,-43
1741507513.739481,28,49,-45
1741507513.785481,19,-12,102
1741507513.8304808,-10,49,-57
1741507513.8764808,-18,47,-155
1741507513.9224808,40,-1,-115
1741507513.9684808,14,13,-115
1741507514.013481,-1,-3,-15
1741507514.059481,55,35,-65
1741507514.105481,6,0,-179
1741507514.150481,-37,-13,-65
1741507514.196481,24,17,-121
1741507514.242481,-59,-36,-53
1741507514.288481,0,55,-169
1741507514.3334808,-133,-3,-109
1741507514.3794808,-3,-25,-25
1741507514.4254808,4,-3,-175
1741507514.470481,-109,-37,-43
1741507514.516481,0,60,-85
1741507514.562481,40,-29,-64
1741507514.608481,-26,22,-82
1741507514.653481,2,8,-24
1741507514.699481,8,36,-62
1741507514.745481,-83,-43,-146
1741507514.7904809,-71,41,-137
1741507514.8364809,-29,24,-27
1741507514.8824809,6,-78,-13
1741507514.9284809,-59,20,-91
1741507514.973481,-33,16,-87
1741507515.019481,41,24,-69
1741507515.065481,27,-5,-226
1741507515.110481,99,-23,-72
1741507515.156481,-20,-85,23
1741507515.202481,-48,51,-56
1741507515.248481,39,-5,-116
1741507515.2934809,33,-35,-46
1741507515.3394809,-36,-19,-128
1741507515.3854809,57,60,-94
1741507515.430481,20,-63,-142
1741507515.476481,-1,-33,-144
1741507515.522481,29,-25,-116
1741507515.568481,29,-14,-118
1741507515.6134808,-17,-32,-103
1741507515.6594808,36,-8,6
1741507515.7054808,-13,21,-67
1741507515.750481,15,75,-149
1741507515.796481,-59,-31,-119
1741507515.842481,-90,34,-71
1741507515.888481,-62,-41,-131
1741507515.933481,-72,-57,-9
1741507515.979481,28,103,-23
1741507516.025481,25,-36,-139
1741507516.0704808,-34,51,-217
1741507516.1164808,-21,15,-19
1741507516.1624808,15,15,12
1741507516.2084808,37,29,-13
1741507516.253481,-6,15,-101
1741507516.299481,27,-13,-93
1741507516.345481,15,3,-75
1741507516.390481,-11,-18,-5
1741507516.436481,-5,-15,-61
1741507516.482481,-17,42,-69
1741507516.528481,-55,-11,8
1741507516.5734808,-15,-11,-43
1741507516.6194808,-47,46,-101
1741507516.6654809,-2,-70,-67
1741507516.710481,69,79,-105
1741507516.756481,52,-97,-147
1741507516.802481,-15,21,-29
1741507516.848481,-98,27,-168
1741507516.893481,-31,36,-86
1741507516.939481,6,28,19
1741507516.985481,-8,-24,-136
1741507517.0304809,-2,-11,-68
1741507517.0764809,11,-80,-14
1741507517.1224809,47,-35,-102
1741507517.1684809,-21,-4,-122
1741507517.213481,23,-81,-124
1741507517.259481,-67,42,-23
1741507517.305481,-58,4,-74
1741507517.350481,13,-35,-129
1741507517.396481,9,-21,-79
1741507517.4424808,0,0,-109
1741507517.4884808,29,66,-73
1741507517.533481,-25,21,-155
1741507517.579481,25,-78,-69
1741507517.625481,37,-44,-57
1741507517.670481,-34,17,-141
1741507517.716481,3,53,-79
1741507517.762481,0,10,-35
1741507517.808481,21,13,-31
1741507517.8534808,-42,50,-123
1741507517.8994808,71,-31,-49
1741507517.9454808,19,23,-89
1741507517.990481,-22,-32,-31
1741507518.036481,57,41,-25
1741507518.082481,-66,-12,-297
1741507518.128481,-23,36,6
1741507518.173481,-35,-2,-47
1741507518.219481,0,-1,-23
1741507518.265481,8,13,-69
1741507518.3104808,-68,-38,-63
1741507518.3564808,26,53,-33
1741507518.4024808,63,-55,-75
1741507518.4484808,-53,-54,-59
1741507518.493481,44,11,60
1741507518.539481,0,-22,-53
1741507518.585481,-19,-24,-69
1741507518.630481,47,-18,-73
1741507518.676481,53,-59,-49
1741507518.722481,36,-61,-201
1741507518.768481,-52,-5,-149
1741507518.8134809,-71,1,-85
1741507518.8594809,-28,-1,-35
1741507518.9054809,13,-3,-105
1741507518.950481,-9,4,-109
1741507518.996481,61,8,-42
1741507519.042481,11,-41,-23
1741507519.088481,-42,-55,-77
1741507519.133481,-94,17,-126
1741507519.179481,0,-43,-18
1741507519.225481,-73,-19,-115
1741507519.2704809,-73,-13,-91
1741507519.3164809,45,13,-221
1741507519.3624809,15,-46,-127
1741507519.408481,30,14,-38
1741507519.453481,-40,-23,-96
1741507519.499481,14,-67,-100
1741507519.545481,-27,18,-106
1741507519.5904808,66,22,-92
1741507519.6364808,-25,-13,-106
1741507519.6824808,78,-7,-24
1741507519.727481,24,-55,-172
1741507519.773481,-3,61,-8
1741507519.819481,-19,103,-62
1741507519.865481,-33,16,-2
1741507519.910481,46,30,-74
1741507519.956481,-19,43,-112
1741507520.002481,74,48,-112
1741507520.0474808,40,44,-12
1741507520.0934808,29,-80,-52
1741507520.1394808,13,-80,-20
1741507520.1854808,35,11,-69
1741507520.230481,62,-26,50
1741507520.276481,-9,-65,-211
1741507520.322481,35,105,-57
1741507520.367481,-6,35,-7
1741507520.413481,-8,-38,-105
1741507520.459481,46,13,-171
1741507520.505481,42,-58,-101
1741507520.5504808,-29,27,-141
1741507520.5964808,-9,29,-31
1741507520.6424809,-53,45,-109
1741507520.687481,35,35,-225
1741507520.733481,47,5,-81
1741507520.779481,61,-28,-39
1741507520.825481,-22,87,-29
1741507520.870481,-79,-27,-105
1741507520.916481,-33,42,-105
1741507520.962481,34,-5,-99
1741507521.0074809,3,-12,-11
1741507521.0534809,-16,75,-107
1741507521.0994809,-48,65,-71
1741507521.1454809,92,-26,-69
1741507521.190481,-8,49,-1
1741507521.236481,13,7,16
1741507521.282481,22,0,6
1741507521.327481,-54,-64,-197
1741507521.373481,39,-100,-35
1741507521.4194808,-3,-36,9
1741507521.4654808,22,50,-137
1741507521.5104809,-45,-9,-56
1741507521.556481,-15,72,-255
1741507521.602481,-69,19,-17
1741507521.647481,10,-6,-121
1741507521.693481,6,-16,-125
1741507521.739481,104,-6,-135
1741507521.785481,-53,-64,-167
1741507521.8304808,-45,-32,-111
1741507521.8764808,-25,-54,-123
1741507521.927481,-62,-125,-164
1741507521.973481,-46,-21,-74
1741507522.019481,-4,28,-119
1741507522.065481,-18,69,-89
1741507522.110481,0,75,-101
1741507522.156481,-10,37,-63
1741507522.202481,15,33,-71
1741507522.2474809,4,-7,-83
1741507522.2934809,-6,-39,-13
1741507522.3394809,4,-88,-91
1741507522.3854809,46,17,32
1741507522.430481,30,13,-59
1741507522.476481,22,-20,-73
1741507522.522481,-45,-32,-29
1741507522.5674808,0,-34,-133
1741507522.6134808,-7,49,-23
1741507522.6594808,-33,-84,-91
1741507522.7054808,-79,53,-89
1741507522.750481,3,-8,-81
1741507522.796481,-42,-26,18
1741507522.842481,-8,-30,-89
1741507522.887481,-42,45,-175
1741507522.933481,-80,-6,50
1741507522.979481,103,0,-87
1741507523.025481,29,-48,-53
1741507523.0704808,-62,-46,-115
1741507523.1164808,6,29,-83
1741507523.1624808,-42,28,-183
1741507523.207481,-2,13,-189
1741507523.253481,-36,-22,-57
1741507523.299481,112,-66,-65
1741507523.345481,18,-30,34
1741507523.390481,-16,47,-56
1741507523.436481,-14,-14,-82
1741507523.482481,-38,-4,61
1741507523.5274808,0,-24,-75
1741507523.5734808,-26,0,-77
1741507523.6194808,-27,14,-97
1741507523.6654809,-26,-20,-219
1741507523.710481,-36,-33,-1
1741507523.756481,-80,11,-65
1741507523.802481,-26,-6,-107
1741507523.847481,-45,10,-5
1741507523.893481,18,110,-7
1741507523.939481,-1,-84,-146
1741507523.985481,76,39,-178
1741507524.0304809,3,39,-21
1741507524.0764809,19,99,-125
1741507524.1224809,-27,-18,-5
1741507524.167481,0,67,-7
1741507524.213481,40,22,-29
1741507524.259481,68,56,-95
1741507524.305481,84,38,-193
1741507524.350481,-24,-35,-25
1741507524.396481,-103,15,0
1741507524.4424808,32,31,-57
1741507524.4874809,4,25,-95
1741507524.533481,-35,3,-61
1741507524.579481,17,15,-175
1741507524.625481,49,38,-103
1741507524.670481,-16,60,76
1741507524.716481,21,30,-59
1741507524.762481,31,-96,-101
1741507524.8074808,-25,-48,-21
1741507524.8534808,9,3,30
1741507524.8994808,19,65,-77
1741507524.9454808,-8,-66,26
1741507524.990481,-25,7,-77
1741507525.036481,-32,35,2
1741507525.082481,41,1,-155
1741507525.127481,97,29,-9
1741507525.173481,-21,21,-39
1741507525.219481,72,-50,-38
1741507525.265481,-124,-22,-20
1741507525.3104808,78,-72,45
1741507525.3564808,-6,47,14
1741507525.4024808,-84,-38,-81
1741507525.447481,-40,5,6
1741507525.493481,38,-9,-129
1741507525.539481,-4,1,-73
1741507525.585481,18,2,-161
1741507525.630481,-9,-20,-37
1741507525.676481,30,-2,-113
1741507525.722481,14,47,-165
1741507525.7674809,0,3,2
1741507525.8134809,-67,-12,-117
1741507525.8594809,-25,-46,-209
1741507525.9054809,21,-20,-27
1741507525.950481,-66,5,-135
1741507525.996481,54,13,-53
1741507526.042481,-28,-12,-197
1741507526.087481,34,-44,-81
1741507526.133481,16,0,-69
1741507526.179481,-9,-93,-153
1741507526.225481,40,-1,4
1741507526.2704809,-30,11,-17
1741507526.3164809,-15,-25,178
1741507526.3624809,37,-16,-171
1741507526.407481,-34,-30,-9
1741507526.453481,77,-6,64
1741507526.499481,21,3,-209
1741507526.5444808,-26,-22,-81
1741507526.5904808,-42,5,-51
1741507526.6364808,2,-37,12
1741507526.6824808,-11,-71,-91
1741507526.727481,-53,-29,10
1741507526.773481,-22,18,-155
1741507526.819481,10,32,-48
1741507526.864481,-19,14,-86
1741507526.910481,-20,-30,-89
1741507526.956481,70,-6,-181
1741507527.002481,-1,81,-95
1741507527.0474808,-4,-10,-65
1741507527.0934808,39,22,0
1741507527.1394808,-58,8,-61
1741507527.184481,47,-23,-97
1741507527.230481,-96,6,18
1741507527.276481,-62,-63,-137
1741507527.322481,-48,-35,16
1741507527.367481,45,16,-207
1741507527.413481,6,113,-93
1741507527.459481,-28,0,-51
1741507527.5044808,-62,30,-65
1741507527.5504808,-18,0,-19
1741507527.5964808,51,-100,6
1741507527.6424809,95,33,-21
1741507527.687481,-10,59,-97
1741507527.733481,28,-76,-87
1741507527.779481,-35,9,18
1741507527.824481,-35,63,-97
1741507527.870481,-36,-78,-43
1741507527.916481,61,-60,-241
1741507527.962481,47,-12,24
1741507528.0074809,1,5,-45
1741507528.0534809,46,35,-31
1741507528.0994809,54,39,-175
1741507528.144481,-19,-8,-133
1741507528.190481,-55,5,-169
1741507528.236481,-52,-72,-81
1741507528.282481,151,55,-159
1741507528.327481,-35,-36,-123
1741507528.373481,-139,-6,-27
1741507528.4194808,-103,-2,-119
1741507528.4644809,32,-14,-21
1741507528.5104809,-14,-44,-125
1741507528.556481,-16,-34,-31
1741507528.602481,-58,63,-97
1741507528.647481,-12,-10,-83
1741507528.693481,7,13,-147
1741507528.739481,-48,-32,-101
1741507528.7844808,-66,47,-31
1741507528.8304808,-34,-14,-33
1741507528.8764808,39,-46,-93
1741507528.9224808,-17,79,-145
1741507528.967481,117,103,-65
1741507529.013481,-27,-67,-71
1741507529.059481,22,-8,-19
1741507529.104481,-40,-7,-137
1741507529.150481,63,-34,-67
1741507529.196481,23,-3,-129
1741507529.242481,-46,83,-51
1741507529.2874808,11,-53,-59
1741507529.3334808,-11,19,-5
1741507529.3794808,58,43,-173
1741507529.424481,-3,-2,-69
1741507529.470481,-30,97,-99
1741507529.516481,-67,-47,-93
1741507529.562481,16,-9,-227
1741507529.607481,-71,-3,22
1741507529.653481,-17,-87,-61
1741507529.699481,-9,1,-51
1741507529.7444808,77,33,-89
1741507529.7904809,-60,-18,-43
1741507529.8364809,-29,-22,-157
1741507529.8824809,90,-28,-65
1741507529.927481,20,-2,-109
1741507529.973481,2,29,-43
1741507530.019481,-25,71,-27
1741507530.064481,12,-30,84
1741507530.110481,-43,9,-77
1741507530.156481,61,25,-111
1741507530.202481,-36,23,-43
1741507530.2474809,1,27,-17
1741507530.2934809,-35,-30,-65
1741507530.3394809,40,5,46
1741507530.384481,-40,55,38
1741507530.430481,119,-23,-109
1741507530.476481,-48,-17,-133
1741507530.522481,35,-21,-105
1741507530.5674808,-33,-74,26
1741507530.6134808,18,5,-143
1741507530.6594808,-27,47,-113
1741507530.704481,-51,35,-149
1741507530.750481,38,23,-115
1741507530.796481,-15,9,-81
1741507530.842481,82,36,-5
1741507530.887481,19,20,-69
1741507530.933481,-12,24,-173
1741507530.979481,35,-13,-27
1741507531.0244808,63,-61,-17
1741507531.0704808,0,-33,-5
1741507531.1164808,-40,32,-75
1741507531.1624808,-20,-49,-212
1741507531.207481,-94,18,-181
1741507531.253481,-1,-24,-84
1741507531.299481,-16,6,-2
1741507531.344481,19,36,-76
1741507531.390481,-31,-3,-98
1741507531.436481,4,4,-100
1741507531.482481,-130,58,-58
1741507531.5274808,-11,32,-70
1741507531.5734808,1,16,-66
1741507531.6194808,-70,26,20
1741507531.664481,-72,-77,24
1741507531.710481,22,-29,42
1741507531.756481,15,-17,-49
1741507531.802481,8,-50,-95
1741507531.847481,-24,-6,58
1741507531.8994808,1,-6,-89
1741507531.944481,-18,57,-163
1741507531.990481,31,25,24
1741507532.036481,-50,67,-147
1741507532.082481,33,-10,-1
1741507532.127481,-2,-52,12
1741507532.173481,-20,-42,10
1741507532.219481,-32,53,-17
1741507532.2644808,-34,-42,-183
1741507532.3104808,113,-18,-53
1741507532.3564808,-72,-12,-17
1741507532.4024808,-48,7,-99
1741507532.447481,28,-45,-120
1741507532.493481,-25,-30,45
1741507532.539481,-35,27,-207
1741507532.584481,83,50,-33
1741507532.630481,-38,30,-9
1741507532.676481,-11,23,-96
1741507532.722481,-100,4,-36
1741507532.7674809,13,10,-134
1741507532.8134809,13,-41,64
1741507532.8594809,41,-23,-86
1741507532.904481,-56,9,17
1741507532.950481,55,-62,17
1741507532.996481,81,29,-134
1741507533.042481,9,61,-152
1741507533.087481,-18,37,-86
1741507533.133481,12,-97,-148
1741507533.179481,9,-62,-66
1741507533.2244809,1,55,-70
1741507533.2704809,22,7,-126
1741507533.3164809,-71,-100,-48
1741507533.3624809,-33,63,-120
1741507533.407481,-53,47,91
1741507533.453481,58,3,-16
1741507533.499481,10,7,-172
1741507533.5444808,-33,-8,-30
1741507533.5904808,-13,-9,-252
1741507533.6364808,16,-2,-104
1741507533.681481,93,60,-146
1741507533.727481,-46,58,-116
1741507533.773481,57,-14,-118
1741507533.819481,-19,-26,-60
1741507533.864481,33,77,-176
1741507533.910481,31,22,-54
1741507533.956481,7,30,-56
1741507534.0014808,-22,-47,46
1741507534.0474808,-34,52,-75
1741507534.0934808,0,24,-31
1741507534.1394808,2,-21,-47
1741507534.184481,18,-47,-105
1741507534.230481,10,1,44
1741507534.276481,-22,-13,5
1741507534.321481,-10,6,-78
1741507534.367481,-67,53,-82
1741507534.413481,127,30,-30
1741507534.459481,-35,31,21
1741507534.5044808,-7,-4,59
1741507534.5504808,0,51,-166
1741507534.5964808,-20,8,-94
1741507534.641481,116,0,-92
1741507534.687481,-11,-53,3
1741507534.733481,-17,56,-54
1741507534.779481,-3,-21,-70
1741507534.824481,-39,32,-62
1741507534.870481,-29,22,-74
1741507534.916481,-3,-65,-74
1741507534.9614809,-21,26,-16
1741507535.0074809,21,-55,-172
1741507535.0534809,-69,-45,5
1741507535.0994809,0,-11,-118
1741507535.144481,-91,4,-26
1741507535.190481,22,-31,-176
1741507535.236481,8,48,9
1741507535.281481,-4,50,-112
1741507535.327481,-23,23,-80
1741507535.373481,-13,-28,-49
1741507535.4194808,68,-2,-136
1741507535.4644809,-53,7,-102
1741507535.5104809,-7,-56,-154
1741507535.556481,4,37,-56
1741507535.601481,12,-80,3
1741507535.647481,52,-67,1
1741507535.693481,2,32,-68
1741507535.739481,-27,52,-28
1741507535.7844808,6,-17,-42
1741507535.8304808,18,58,-159
1741507535.8764808,-23,-91,-104
1741507535.921481,-61,78,-74
1741507535.967481,-65,22,17
1741507536.013481,79,-33,-70
1741507536.059481,-50,28,-66
1741507536.104481,13,-82,-60
1741507536.150481,53,79,1
1741507536.196481,-67,33,-68
1741507536.2414808,-44,50,9
1741507536.2874808,44,78,-174
1741507536.3334808,66,11,-160
1741507536.3794808,-89,89,-50
1741507536.424481,-5,-6,-76
1741507536.470481,-17,0,-104
1741507536.516481,-5,-49,39
1741507536.561481,-21,40,-32
1741507536.607481,-73,0,49
1741507536.653481,64,-32,-214
1741507536.699481,6,-79,-50
1741507536.7444808,-31,9,-154
1741507536.7904809,-17,-7,-112
1741507536.8364809,-15,4,-84
1741507536.881481,-13,12,31
1741507536.927481,2,5,-44
1741507536.973481,-28,48,-69
1741507537.019481,50,-75,-141
1741507537.064481,53,78,-171
1741507537.110481,-70,-21,-109
1741507537.156481,49,66,-95
1741507537.2014809,31,4,16
1741507537.2474809,-44,-7,-159
1741507537.2934809,60,-15,2
1741507537.3394809,38,-24,-111
1741507537.384481,-54,53,-85
1741507537.430481,-40,-16,-119
1741507537.476481,41,-70,-157
1741507537.521481,19,39,-213
1741507537.5674808,63,31,-71
1741507537.6134808,67,19,-39
1741507537.6594808,-26,47,-77
1741507537.704481,12,-50,-15
1741507537.750481,-3,71,-81
1741507537.796481,26,2,-45
1741507537.841481,-35,14,-35
1741507537.887481,87,46,-15
1741507537.933481,-34,-5,-85
1741507537.979481,-40,-66,-113
1741507538.0244808,99,-5,-83
1741507538.0704808,35,-3,-11
1741507538.1164808,79,-41,14
1741507538.161481,15,34,-79
1741507538.207481,57,-29,-135
1741507538.253481,61,-15,-173
1741507538.299481,49,-5,-89
1741507538.344481,23,-23,-35
1741507538.390481,-37,-49,-33
1741507538.436481,8,-35,-104
1741507538.4814808,40,-17,-88
1741507538.5274808,-41,-55,-138
1741507538.5734808,52,-3,-118
1741507538.6194808,-17,-27,-16
1741507538.664481,-41,-29,-88
1741507538.710481,53,-7,-86
1741507538.756481,-18,-19,-71
1741507538.801481,18,45,-205
1741507538.847481,68,-10,-89
1741507538.893481,-43,-70,-123
1741507538.939481,28,18,-31
1741507538.9844809,-43,27,-85
1741507539.0304809,-67,15,100
1741507539.0764809,26,29,-9
1741507539.121481,-11,65,-105
1741507539.166481,44,23,-141
1741507539.212481,-3,-4,25
1741507539.2574809,24,39,-74
1741507539.3034809,-27,33,-47
1741507539.3494809,-3,-8,-103
1741507539.3954809,-30,-57,-47
1741507539.440481,-56,12,-79
1741507539.486481,51,18,-113
1741507539.532481,7,-19,-133
1741507539.577481,45,5,-89
1741507539.623481,-20,-4,-65
1741507539.6694808,-20,-88,-83
1741507539.7154808,31,61,-83
1741507539.7604809,-14,71,-67
1741507539.806481,78,43,-19
1741507539.852481,84,19,-81
1741507539.897481,30,5,-63
1741507539.943481,28,-48,-153
1741507539.989481,0,-12,-153
1741507540.035481,-34,-74,-151
1741507540.0804808,-38,-36,-89
1741507540.1264808,93,27,16
1741507540.1724808,-86,11,-59
1741507540.217481,21,4,-23
1741507540.263481,49,34,-53
1741507540.309481,34,31,-263
1741507540.354481,134,-120,-119
1741507540.400481,53,17,-23
1741507540.446481,48,36,-17
1741507540.492481,4,-16,-93
1741507540.5374808,48,71,-35
1741507540.5834808,-57,115,-41
1741507540.6294808,106,25,-35
1741507540.674481,-3,14,-103
1741507540.720481,10,-17,92
1741507540.766481,94,33,-33
1741507540.812481,-89,-41,-35
1741507540.857481,-25,-75,-237
1741507540.903481,-19,20,-135
1741507540.949481,-125,-11,-113
1741507540.9944808,-29,-58,-157
1741507541.0404809,-27,-29,-77
1741507541.0864809,8,24,-161
1741507541.1324809,-25,-15,-45
1741507541.177481,-5,32,-37
1741507541.223481,-33,-140,54
1741507541.269481,-43,3,-25
1741507541.314481,-79,30,-159
1741507541.360481,-105,-75,-135
1741507541.406481,24,30,-65
1741507541.452481,-33,36,4
1741507541.4974809,58,20,-87
1741507541.5434809,-19,-48,-129
1741507541.5894809,12,-22,-69
1741507541.634481,74,1,-189
1741507541.680481,14,3,-73
1741507541.726481,-11,-36,-67
1741507541.772481,-21,-4,-21
1741507541.8174808,44,5,-91
1741507541.8634808,-11,-22,20
1741507541.914481,44,71,-69
1741507541.960481,-11,89,-259
1741507542.006481,38,-40,-121
1741507542.052481,62,-46,-137
1741507542.097481,-45,-94,-45
1741507542.143481,43,-43,-109
1741507542.189481,-17,-26,-16
1741507542.2344809,-35,61,-128
1741507542.2804809,-17,1,-92
1741507542.3264809,-75,5,-40
1741507542.3724809,-30,26,-226
1741507542.417481,-12,2,-82
1741507542.463481,85,34,-6
1741507542.509481,71,57,-71
1741507542.554481,55,-9,-65
1741507542.600481,-60,51,-63
1741507542.646481,33,-2,-151
1741507542.6924808,43,21,-37
1741507542.7374809,-82,-22,-37
1741507542.783481,15,-36,-1
1741507542.829481,-32,73,92
1741507542.874481,73,9,-113
1741507542.920481,-24,1,-139
1741507542.966481,31,-60,-149
1741507543.012481,-18,81,-19
1741507543.0574808,-48,107,-27
1741507543.1034808,87,-14,-95
1741507543.1494808,23,-22,6
1741507543.194481,-6,4,-25
1741507543.240481,-18,42,-11
1741507543.286481,31,-27,-21
1741507543.332481,-16,4,-95
1741507543.377481,-36,53,-81
1741507543.424481,21,-62,-95
1741507543.470481,53,-24,-101
1741507543.516481,29,-28,22
1741507543.561481,-4,69,-79
1741507543.607481,-12,-30,-59
1741507543.653481,-33,30,-121
1741507543.6984808,14,27,-63
1741507543.7444808,-17,19,-17
1741507543.7904809,10,-20,-82
1741507543.8364809,-21,73,-88
1741507543.881481,-61,-41,-43
1741507543.927481,14,-40,-136
1741507543.973481,36,13,-30
1741507544.018481,-3,-100,-75
1741507544.064481,-61,41,-13
1741507544.110481,-75,19,-5
1741507544.156481,-45,-46,-131
1741507544.2014809,22,9,-43
1741507544.2474809,-1,-6,-25
1741507544.2934809,-39,-16,30
1741507544.338481,56,25,-65
1741507544.384481,20,-25,-53
1741507544.430481,-39,37,-3
1741507544.476481,4,-20,-81
1741507544.521481,-35,-108,8
1741507544.5674808,0,-20,-243
1741507544.6134808,18,-40,-163
1741507544.658481,0,-18,-97
1741507544.704481,-17,-8,-105
1741507544.750481,118,-56,12
1741507544.796481,46,-16,-94
1741507544.841481,-45,-24,-49
1741507544.887481,-47,47,-106
1741507544.933481,12,5,-4
1741507544.9784808,-21,-46,-181
1741507545.0244808,78,-42,-240
1741507545.0704808,-33,-30,-22
1741507545.1164808,-61,41,-44
1741507545.161481,-31,43,-56
1741507545.207481,-21,-6,-34
1741507545.253481,-60,17,-50
1741507545.298481,15,0,-56
1741507545.344481,-42,35,-76
1741507545.390481,41,-34,-128
1741507545.436481,-56,8,-52
1741507545.4814808,35,20,-114
1741507545.5274808,-18,-38,-76
1741507545.5734808,27,0,-104
1741507545.618481,-52,-38,-40
1741507545.664481,57,-20,-116
1741507545.710481,27,-8,-100
1741507545.756481,-28,29,-86
1741507545.801481,-94,53,-20
1741507545.847481,63,35,-214
1741507545.893481,13,35,-2
1741507545.9384809,49,0,-54
1741507545.9844809,7,-75,-112
1741507546.0304809,-40,63,-118
1741507546.0764809,15,67,-112
1741507546.121481,21,-28,-148
1741507546.167481,4,37,-144
1741507546.213481,52,-40,-74
1741507546.258481,62,-6,-124
1741507546.304481,2,-49,-122
1741507546.350481,5,-72,5
1741507546.396481,-34,-16,-138
1741507546.4414809,31,-14,-82
1741507546.4874809,9,0,-48
1741507546.533481,38,-33,-116
1741507546.578481,64,32,-42
1741507546.624481,-5,14,-85
1741507546.670481,88,37,-152
1741507546.716481,70,32,4
1741507546.7614808,-75,-25,0
1741507546.8074808,-61,-23,-5
1741507546.8534808,-81,0,-87
1741507546.898481,39,-41,-187
1741507546.944481,20,18,0
1741507546.990481,-67,38,-85
1741507547.036481,-43,-9,-23
1741507547.081481,44,22,-160
1741507547.127481,-9,2,-93
1741507547.173481,-16,24,4
1741507547.2184808,57,4,-87
1741507547.2644808,-51,39,-98
1741507547.3104808,-3,23,-78
1741507547.355481,-3,7,-115
1741507547.401481,-9,-38,-124
1741507547.447481,36,23,75
1741507547.493481,29,-59,-84
1741507547.538481,-16,55,-152
1741507547.584481,-9,-20,-10
1741507547.630481,-22,17,-86
1741507547.6754808,-60,7,-17
1741507547.7214808,4,111,-23
1741507547.7674809,-63,-2,-53
1741507547.8134809,12,-44,-9
1741507547.858481,-13,27,-157
1741507547.904481,16,-14,18
1741507547.950481,-90,-32,-73
1741507547.995481,-16,33,-107
1741507548.041481,1,7,-139
1741507548.087481,75,-20,-151
1741507548.133481,-56,35,10
1741507548.1784809,45,60,-131
1741507548.2244809,20,18,-187
1741507548.2704809,-91,2,-67
1741507548.315481,64,-7,-121
1741507548.361481,64,0,-103
1741507548.407481,-65,-38,-145
1741507548.453481,70,26,36
1741507548.498481,-31,-1,24
1741507548.5444808,-61,-49,-107
1741507548.5904808,54,-35,14
1741507548.6354809,-9,0,-33
1741507548.681481,-3,29,-77
1741507548.727481,-55,-37,-201
1741507548.773481,22,13,-27
1741507548.818481,-33,-38,-127
1741507548.864481,-5,103,-61
1741507548.910481,67,73,-71
1741507548.9554808,17,-12,-195
1741507549.0014808,23,19,-37
1741507549.0474808,51,-22,-93
1741507549.0934808,72,-14,-59
1741507549.138481,-13,-34,-186
1741507549.184481,-17,-40,-116
1741507549.230481,56,-36,-133
1741507549.275481,54,-34,9
1741507549.321481,-21,29,-78
1741507549.367481,-15,19,9
1741507549.413481,-65,-19,-46
1741507549.4584808,40,-54,51
1741507549.5044808,34,21,-50
1741507549.5504808,47,-29,-106
1741507549.595481,-98,32,-121
1741507549.641481,-8,-18,-49
1741507549.687481,71,21,-49
1741507549.733481,85,21,-79
1741507549.778481,17,-40,18
1741507549.824481,55,27,-97
1741507549.870481,15,-46,-77
1741507549.9154809,18,-31,-37
1741507549.9614809,35,-46,-46
1741507550.0074809,7,7,-142
1741507550.0534809,-42,-15,-110
1741507550.098481,71,-31,-135
1741507550.144481,-53,-20,-5
1741507550.190481,-61,22,-133
1741507550.235481,-93,10,54
1741507550.281481,28,-15,-37
1741507550.327481,-86,35,20
1741507550.373481,-7,-44,-23
1741507550.4184809,-21,-68,-145
1741507550.4644809,-45,-47,-28
1741507550.5104809,-3,-59,-90
1741507550.555481,-109,24,-210
1741507550.601481,103,3,-88
1741507550.647481,-10,61,-62
1741507550.693481,97,-3,-28
1741507550.7384808,18,-73,-146
1741507550.7844808,59,-21,-190
1741507550.8304808,-16,-53,33
1741507550.875481,65,-1,-16
1741507550.921481,-6,0,-28
1741507550.967481,21,43,-30
1741507551.013481,45,14,-74
1741507551.058481,-14,-17,-34
1741507551.104481,-13,-8,-96
1741507551.150481,-54,-11,-22
1741507551.1954808,40,28,-172
1741507551.2414808,-23,-72,-60
1741507551.2874808,-21,-32,-154
1741507551.3334808,28,27,-162
1741507551.378481,75,-63,-62
1741507551.424481,7,10,-230
1741507551.470481,-12,-5,-128
1741507551.515481,19,16,-70
1741507551.561481,23,36,-12
1741507551.607481,73,-7,-20
1741507551.653481,29,47,-54
1741507551.6984808,27,18,-72
1741507551.7444808,-58,-39,9
1741507551.7904809,-10,-22,-140
1741507551.835481,2,61,-42
1741507551.881481,25,57,-148
1741507551.933481,75,-36,29
1741507551.9784808,-28,-119,-122
1741507552.0244808,-131,24,-40
1741507552.0704808,-36,20,-124
1741507552.115481,46,-4,-160
1741507552.161481,-11,-45,-176
1741507552.207481,-67,-61,-150
1741507552.253481,-43,-45,-142
1741507552.298481,-35,-11,-102
1741507552.344481,40,12,-74
1741507552.390481,-71,11,-96
1741507552.4354808,30,-8,-186
1741507552.4814808,26,1,-53
1741507552.5274808,-27,-106,-11
1741507552.5734808,76,0,-47
1741507552.618481,-29,-36,-73
1741507552.664481,-22,-82,-149
1741507552.710481,-4,-6,-155
1741507552.755481,43,0,-43
1741507552.801481,13,-27,-71
1741507552.847481,14,-49,-89
1741507552.893481,23,31,-109
1741507552.9384809,-10,-33,-59
1741507552.9844809,29,-61,-137
1741507553.0304809,-58,-14,-167
1741507553.075481,83,-8,-83
1741507553.121481,-8,-65,-49
1741507553.167481,3,42,-105
1741507553.213481,5,26,-11
1741507553.258481,-30,-14,-55
1741507553.304481,70,-23,-89
1741507553.350481,-53,48,-77
1741507553.3954809,0,30,-87
1741507553.4414809,6,-93,-17
1741507553.4874809,-44,-3,-73
1741507553.533481,40,18,-65
1741507553.578481,36,-33,-111
1741507553.624481,56,-46,-249
1741507553.670481,15,34,-39
1741507553.7154808,3,-37,-101
1741507553.7614808,18,25,-51
1741507553.8074808,36,-20,-145
1741507553.8534808,6,39,-19
1741507553.898481,-23,-8,-237
1741507553.944481,-69,29,-41
1741507553.990481,-21,-40,-127
1741507554.035481,-25,55,-121
1741507554.081481,36,85,-5
1741507554.127481,84,17,-111
1741507554.1724808,32,75,-15
1741507554.2184808,-89,-52,-15
1741507554.2644808,-63,-86,-73
1741507554.3104808,-71,31,-41
1741507554.355481,-55,-36,-99
1741507554.401481,30,89,-121
1741507554.447481,34,-30,-159
1741507554.492481,-3,-14,-17
1741507554.538481,2,-56,-37
1741507554.584481,18,-48,-191
1741507554.630481,14,-6,96
1741507554.6754808,-3,-67,-161
1741507554.7214808,-41,-96,-101
1741507554.7674809,-73,-30,-115
1741507554.812481,23,20,12
1741507554.858481,-8,-53,-103
1741507554.904481,-77,-59,-145
1741507554.950481,-4,88,-75
1741507554.995481,29,92,-6
1741507555.041481,-6,32,-58
1741507555.087481,17,-62,-28
1741507555.131481,49,71,-78
1741507555.177481,101,7,-75
1741507555.223481,117,-32,-178
1741507555.268481,-46,29,-94
1741507555.314481,-60,-21,-178
1741507555.360481,-16,30,-44
1741507555.406481,0,56,-66
1741507555.4514809,-16,44,-54
1741507555.4974809,-82,0,-30
1741507555.5434809,21,43,-168
1741507555.588481,-20,-18,-170
1741507555.634481,-54,-14,5
1741507555.680481,-22,-69,-34
1741507555.726481,-34,-23,19
1741507555.771481,35,27,-150
1741507555.8174808,-25,28,-28
1741507555.8634808,26,-28,-28
1741507555.908481,-9,39,-11
1741507555.954481,47,7,-71
1741507556.000481,-36,11,-108
1741507556.046481,-50,-50,-132
1741507556.091481,-56,87,-30
1741507556.137481,11,-50,19
1741507556.183481,0,-67,-106
1741507556.2284808,18,48,-74
1741507556.2744808,-33,22,-153
1741507556.3204808,26,-23,-25
1741507556.3664808,12,-7,-208
1741507556.411481,-22,-32,-27
1741507556.457481,1,-14,-78
1741507556.503481,-75,-64,-98
1741507556.548481,-20,37,-100
1741507556.594481,0,-3,-54
1741507556.640481,-3,-19,-44
1741507556.686481,-7,14,-78
1741507556.7314808,-27,18,-51
1741507556.7774808,66,14,-220
1741507556.8234808,56,-29,35
1741507556.868481,106,-21,-52
1741507556.914481,14,22,-14
1741507556.960481,-25,-47,-90
1741507557.006481,-42,49,-112
1741507557.051481,-18,-27,-134
1741507557.097481,50,4,-98
1741507557.143481,-2,67,-62
1741507557.1884809,20,0,-170
1741507557.2344809,-7,23,-94
1741507557.2804809,30,19,-98
1741507557.3264809,26,32,-50
1741507557.371481,4,1,-40
1741507557.417481,-57,47,9
1741507557.463481,7,-23,-106
1741507557.508481,-13,55,-78
1741507557.554481,-37,21,-90
1741507557.600481,-27,-31,-42
1741507557.646481,46,-41,-56
1741507557.6914809,38,-13,-96
1741507557.7374809,-14,-31,-30
1741507557.783481,41,-9,57
1741507557.828481,49,18,-68
1741507557.874481,-6,24,-136
1741507557.920481,95,-8,-124
1741507557.966481,-4,-13,-108
1741507558.0114808,37,26,-157
1741507558.0574808,9,-105,-13
1741507558.1034808,16,-49,-29
1741507558.148481,-49,-63,2
1741507558.194481,96,35,-77
1741507558.240481,-12,-13,-49
1741507558.286481,12,46,-17
1741507558.331481,8,14,-105
1741507558.377481,58,-14,-67
1741507558.423481,-15,-26,-87
1741507558.4684808,-23,-72,-57
1741507558.5144808,102,-8,-75
1741507558.5604808,-61,-10,-23
1741507558.6064808,21,-19,49
1741507558.651481,-76,-22,-104
1741507558.697481,-38,7,-26
1741507558.743481,59,-40,-66
1741507558.788481,-62,42,-16
1741507558.834481,42,-39,-184
1741507558.880481,-45,-55,-47
1741507558.926481,42,-5,-23
1741507558.9714808,-71,50,-19
1741507559.0174809,12,30,-15
1741507559.0634809,-25,-43,30
1741507559.108481,-23,-45,-31
1741507559.154481,4,-61,-71
1741507559.200481,-13,-71,-53
1741507559.246481,82,-60,-101
1741507559.291481,-57,65,-3
1741507559.337481,-3,19,-63
1741507559.383481,-3,23,-109
1741507559.4284809,-3,-102,-183
1741507559.4744809,-36,54,-139
1741507559.5204809,28,25,-63
1741507559.5664809,-91,-32,-75
1741507559.611481,48,-26,-21
1741507559.657481,-33,-20,-49
1741507559.703481,-42,45,-83
1741507559.748481,-37,31,-68
1741507559.7944808,24,15,55
1741507559.8404808,-60,-46,-36
1741507559.8864808,53,-39,-164
1741507559.931481,44,-41,-154
1741507559.977481,-27,-36,-138
1741507560.023481,28,31,-108
1741507560.068481,-13,-32,-166
1741507560.114481,-5,-70,-62
1741507560.160481,66,-10,-18
1741507560.206481,50,31,-42
1741507560.2514808,52,-17,-90
1741507560.2974808,18,56,-100
1741507560.3434808,56,-7,25
1741507560.388481,-13,22,-130
1741507560.434481,-9,-6,-72
1741507560.480481,48,39,-104
1741507560.526481,6,-32,-94
1741507560.571481,106,-51,-39
1741507560.617481,31,2,-157
1741507560.663481,11,36,30
1741507560.7084808,51,4,-93
1741507560.7544808,11,7,-113
1741507560.8004808,-42,-46,-59
1741507560.845481,-91,-76,-165
1741507560.891481,-15,9,-95
1741507560.937481,-13,-32,-87
1741507560.983481,-41,-28,-43
1741507561.028481,2,-8,-139
1741507561.074481,28,-6,-121
1741507561.120481,-49,20,-125
1741507561.1654809,11,10,11
1741507561.2114809,-67,25,33
1741507561.2574809,-26,-76,-15
1741507561.3034809,57,11,-133
1741507561.348481,-30,23,-91
1741507561.394481,55,-44,-125
1741507561.440481,-23,51,-67
1741507561.485481,9,49,-21
1741507561.531481,58,64,30
1741507561.577481,64,-10,-63
1741507561.623481,76,34,-35
1741507561.6684809,-83,44,-25
1741507561.7144809,13,32,-41
1741507561.7604809,-24,24,-55
1741507561.805481,7,-21,-39
1741507561.851481,62,-35,-55
1741507561.897481,-19,-37,13
1741507561.9484808,16,62,-210
1741507561.9944808,-5,16,-134
1741507562.0404809,-59,6,-118
1741507562.085481,24,-13,-82
1741507562.131481,-29,-1,-80
1741507562.177481,88,0,-82
1741507562.223481,58,30,-166
1741507562.268481,-48,3,-104
1741507562.314481,-50,-51,-5
1741507562.360481,-18,46,-57
1741507562.4054809,47,-81,-101
1741507562.4514809,77,68,-109
1741507562.4974809,-12,-23,-125
1741507562.5434809,-50,-16,-159
1741507562.588481,-46,-24,-17
1741507562.634481,49,-37,-29
1741507562.680481,-52,11,-39
1741507562.725481,-14,-34,-111
1741507562.771481,67,27,-99
1741507562.8174808,13,-14,-65
1741507562.8634808,7,17,8
1741507562.908481,16,-23,-39
1741507562.954481,-96,-68,-29
1741507563.000481,67,10,-107
1741507563.045481,59,-27,-141
1741507563.091481,-25,-39,-46
1741507563.137481,-17,74,-140
1741507563.183481,90,53,31
1741507563.2284808,12,15,-62
1741507563.2744808,28,-52,-104
1741507563.3204808,-3,59,-88
1741507563.365481,-7,-8,-50
1741507563.411481,-49,-8,-14
1741507563.457481,6,29,-62
1741507563.503481,8,-60,-120
1741507563.548481,-9,39,-147
1741507563.594481,5,-12,-69
1741507563.640481,68,16,-91
1741507563.6854808,3,50,16
1741507563.7314808,-84,92,-103
1741507563.7774808,-22,12,-127
1741507563.8234808,-12,2,4
1741507563.868481,-43,-28,-41
1741507563.914481,-26,-3,-82
1741507563.960481,21,30,6
1741507564.005481,-2,18,-90
1741507564.051481,-21,-28,-73
1741507564.097481,20,23,40
1741507564.143481,42,27,-79
1741507564.1884809,26,-6,-77
1741507564.2344809,-47,23,-113
1741507564.2804809,-38,18,-175
1741507564.325481,-18,-11,-35
1741507564.371481,-28,-49,-21
1741507564.417481,49,-69,-21
1741507564.463481,0,-75,-81
1741507564.508481,20,-3,-85
1741507564.554481,16,-9,-223
1741507564.600481,73,-44,-55
1741507564.6454809,-54,-38,-170
1741507564.6914809,65,-6,-62
1741507564.7374809,-4,-44,-65
1741507564.783481,19,4,-187
1741507564.828481,-31,24,46
1741507564.874481,-2,21,-25
1741507564.920481,-33,1,-29
1741507564.9654808,18,17,26
1741507565.0114808,71,-21,16
1741507565.0574808,53,-111,-123
1741507565.1034808,91,-17,-87
1741507565.148481,-30,8,-81
1741507565.194481,-2,0,-87
1741507565.240481,39,-25,-175
1741507565.285481,37,-63,-25
1741507565.331481,79,-26,-55
1741507565.377481,-18,-6,-193
1741507565.423481,13,7,-129
1741507565.4684808,49,49,-46
1741507565.5144808,-66,-23,-39
1741507565.5604808,-54,-33,-137
1741507565.605481,5,26,-124
1741507565.651481,-4,30,-108
1741507565.697481,-54,-20,-126
1741507565.743481,-14,-40,-10
1741507565.788481,23,-47,0
1741507565.834481,-28,4,-36
1741507565.880481,95,4,-38
1741507565.9254808,29,7,7
1741507565.9714808,-24,-48,-26
1741507566.0174809,15,-26,-164
1741507566.0634809,96,-37,-152
1741507566.108481,-54,0,57
1741507566.154481,-29,63,-114
1741507566.200481,26,-10,-70
1741507566.245481,-1,-22,-18
1741507566.291481,-3,-6,-66
1741507566.337481,0,-30,-4
1741507566.383481,-16,-6,-162
1741507566.4284809,-2,-41,71
1741507566.4744809,2,39,14
1741507566.5204809,101,-16,-177
1741507566.565481,-3,25,-144
1741507566.611481,130,43,24
1741507566.657481,-23,-12,-156
1741507566.703481,3,-52,-189
1741507566.748481,-39,-8,-36
1741507566.7944808,-53,-56,-118
1741507566.8404808,-32,27,127
1741507566.8854809,-16,55,-227
1741507566.931481,54,-47,-147
1741507566.977481,-10,-56,-131
1741507567.023481,-48,-28,-55
1741507567.068481,21,31,-85
1741507567.114481,-20,17,-111
1741507567.160481,-61,2,-75
1741507567.2054808,-30,49,-131
1741507567.2514808,-6,-36,-39
1741507567.2974808,-27,44,-85
1741507567.3434808,2,12,-53
1741507567.388481,4,40,-51
1741507567.434481,57,-52,-161
1741507567.480481,-32,71,-47
1741507567.525481,29,-22,-35
1741507567.571481,21,-20,-23
1741507567.617481,57,17,-217
1741507567.6624808,33,61,-39
1741507567.7084808,57,0,4
1741507567.7544808,67,24,-7
1741507567.8004808,-40,-54,-63
1741507567.845481,33,8,-39
1741507567.891481,-42,-19,-8
1741507567.937481,-4,-25,-142
1741507567.982481,7,82,-198
1741507568.028481,-84,-69,-72
1741507568.074481,-40,54,-6
1741507568.120481,-24,32,1
1741507568.1654809,-70,-42,-38
1741507568.2114809,-40,5,-178
1741507568.2574809,71,14,-191
1741507568.302481,-23,36,-123
1741507568.348481,-75,-23,-71
1741507568.394481,-78,6,-35
1741507568.440481,38,6,-61
1741507568.485481,-33,-3,-78
1741507568.531481,-19,11,19
1741507568.577481,-31,55,-110
1741507568.6224809,6,23,-134
1741507568.6684809,-12,46,-102
1741507568.7144809,4,84,-24
1741507568.7604809,48,-42,-30
1741507568.805481,33,8,-142
1741507568.851481,-11,62,-74
1741507568.897481,-12,-15,-64
1741507568.9424808,151,4,-80
1741507568.9884808,-90,-15,-66
1741507569.0344808,-28,51,-98
1741507569.0804808,97,-6,29
1741507569.125481,-21,-24,-12
1741507569.171481,-46,-8,-22
1741507569.217481,-43,-2,-30
1741507569.262481,-47,-28,53
1741507569.308481,-67,71,-100
1741507569.354481,-65,-33,1
1741507569.400481,-16,-55,-48
1741507569.4454808,-14,-3,-210
1741507569.4914808,87,-47,-167
1741507569.5374808,5,-41,-71
1741507569.582481,55,-37,-169
1741507569.628481,-8,12,-115
1741507569.674481,17,-3,-47
1741507569.720481,-76,53,-31
1741507569.765481,62,-19,-49
1741507569.811481,0,54,-126
1741507569.857481,-17,-9,-36
1741507569.9024808,5,8,-134
1741507569.9484808,125,0,-14
1741507569.9944808,10,4,-56
1741507570.0404809,18,6,-191
1741507570.085481,-45,-9,27
1741507570.131481,-173,18,-86
1741507570.177481,6,0,-18
1741507570.222481,-92,10,-60
1741507570.268481,-105,18,-84
1741507570.314481,9,-1,-96
1741507570.360481,-34,22,-16
1741507570.4054809,33,-63,-110
1741507570.4514809,-52,-83,-35
1741507570.4974809,-3,11,82
1741507570.542481,31,-31,-97
1741507570.588481,81,32,16
1741507570.634481,9,44,-151
1741507570.680481,73,-57,-65
1741507570.725481,-6,-25,-135
1741507570.771481,27,-13,40
1741507570.8174808,-23,-4,-121
1741507570.8624809,65,-27,24
1741507570.908481,-49,-17,-151
1741507570.954481,84,-11,-1
1741507571.000481,36,-35,10
1741507571.045481,-39,-9,-89
1741507571.091481,-44,-29,-207
1741507571.137481,47,-3,-83
1741507571.1824808,85,-9,-107
1741507571.2284808,51,-7,14
1741507571.2744808,11,34,-83
1741507571.3204808,61,-13,-129
1741507571.365481,-35,-39,-57
1741507571.411481,-25,-19,-149
1741507571.457481,-20,25,-65
1741507571.502481,-8,19,-91
1741507571.548481,-40,-40,-97
1741507571.594481,-56,-46,-71
1741507571.640481,27,-18,-39
1741507571.6854808,-36,55,-97
1741507571.7314808,65,29,-95
1741507571.7774808,83,0,-51
1741507571.822481,33,-40,-125
1741507571.868481,3,3,-39
1741507571.914481,33,-34,-89
1741507571.9654808,57,-34,-175
1741507572.0114808,21,-52,-33
1741507572.0574808,86,-29,-57
1741507572.102481,28,16,-114
1741507572.148481,-9,-63,-111
1741507572.194481,13,-6,-249
1741507572.240481,73,7,34
1741507572.285481,-127,50,-35
1741507572.331481,-45,4,-159
1741507572.377481,-11,32,6
1741507572.4224808,44,-69,-153
1741507572.4684808,71,-14,-123
1741507572.5144808,-34,-4,42
1741507572.5604808,5,-48,-23
1741507572.605481,-23,92,-75
1741507572.651481,32,78,-171
1741507572.697481,6,-33,-27
1741507572.742481,10,-37,-99
1741507572.788481,-15,-1,-109
1741507572.834481,36,-67,-47
1741507572.880481,-25,62,-129
1741507572.9254808,23,38,-133
1741507572.9714808,-48,-33,4
1741507573.0174809,15,-12,-27
1741507573.062481,-18,63,-29
1741507573.108481,-32,-26,-223
1741507573.154481,-16,-16,-129
1741507573.200481,-18,25,-25
1741507573.245481,-20,-26,-123
1741507573.291481,-36,-9,-69
1741507573.337481,3,17,-7
1741507573.3824809,39,-68,-105
1741507573.4284809,-42,-84,-107
1741507573.4744809,-10,-2,-197
1741507573.5204809,81,-41,-99
1741507573.565481,-20,-39,-109
1741507573.611481,-4,26,-137
1741507573.657481,-32,58,-157
1741507573.702481,-24,22,-131
1741507573.748481,44,-3,4
1741507573.7944808,41,74,-73
1741507573.8404808,-8,59,78
1741507573.8854809,94,-81,-115
1741507573.931481,-33,32,-125
1741507573.977481,36,-3,-59
1741507574.022481,28,-43,-79
1741507574.068481,-49,5,-141
1741507574.114481,37,55,-65
1741507574.160481,27,15,-83
1741507574.2054808,-22,-41,-137
1741507574.2514808,-40,-11,-81
1741507574.2974808,-6,0,2
1741507574.342481,-48,-11,-103
1741507574.388481,-88,-97,-107
1741507574.434481,-32,20,-3
1741507574.479481,-14,68,-163
1741507574.525481,85,62,-97
1741507574.571481,37,-23,-119
1741507574.617481,39,26,-53
1741507574.6624808,9,-60,-167
1741507574.7084808,79,30,-103
1741507574.7544808,-8,0,-47
1741507574.799481,-34,55,10
1741507574.845481,-38,17,-133
1741507574.891481,-61,1,-131
1741507574.937481,-62,10,-37
1741507574.982481,-2,44,-103
1741507575.028481,-10,-64,-121
1741507575.074481,-90,-7,-41
1741507575.1194808,29,22,-77
1741507575.1654809,50,28,-7
1741507575.2114809,-24,22,-159
1741507575.2574809,-55,-77,18
1741507575.302481,62,11,6
1741507575.348481,-21,50,-63
1741507575.394481,80,-36,-29
1741507575.439481,24,-22,-61
1741507575.485481,-35,-86,-1
1741507575.531481,-24,-74,-81
1741507575.577481,35,5,-35
1741507575.6224809,15,-32,-21
1741507575.6684809,-34,25,-55
1741507575.7144809,-52,-12,-41
1741507575.759481,47,-18,-57
1741507575.805481,-6,49,-47
1741507575.851481,-56,53,-56
1741507575.897481,5,-80,-20
1741507575.9424808,7,43,-86
1741507575.9884808,-34,35,-137
1741507576.0344808,54,81,-135
1741507576.079481,25,-8,-35
1741507576.125481,5,-36,94
1741507576.171481,-2,0,30
1741507576.217481,-82,-11,-85
1741507576.262481,82,0,-72
1741507576.308481,-85,-19,-42
1741507576.354481,-9,-13,-14
1741507576.3994808,43,13,-112
1741507576.4454808,-44,-83,-38
1741507576.4914808,56,26,-126
1741507576.5374808,66,22,-190
1741507576.582481,122,-3,-54
1741507576.628481,13,-25,87
1741507576.674481,46,-8,-34
1741507576.719481,-5,-34,-174
1741507576.765481,99,-4,-174
1741507576.811481,-60,-4,-58
1741507576.857481,11,39,-136
1741507576.9024808,-80,59,-130
1741507576.9484808,67,86,-34
1741507576.9944808,40,-38,-82
1741507577.039481,-7,25,-44
1741507577.085481,-77,1,-36
1741507577.131481,6,44,-128
1741507577.177481,-7,-70,-120
1741507577.222481,51,-14,-54
1741507577.268481,-76,-26,0
1741507577.314481,23,-20,-216
1741507577.3594809,7,-51,-40
1741507577.4054809,13,-51,-90
1741507577.4514809,-45,56,-156
1741507577.4974809,-72,-19,-42
1741507577.542481,37,-54,17
1741507577.588481,87,-46,-28
1741507577.634481,-46,3,-46
1741507577.679481,-32,-6,-32
1741507577.725481,-62,-55,-66
1741507577.771481,19,53,-26
1741507577.8174808,49,-17,-150
1741507577.8624809,-4,22,-94
1741507577.908481,40,-36,-176
1741507577.954481,-5,56,-100
1741507577.999481,-35,9,-152
1741507578.045481,-1,9,-92
1741507578.091481,-81,-36,-101
1741507578.137481,-11,72,-85
1741507578.1824808,-66,-85,-140
1741507578.2284808,-81,19,-10
1741507578.2744808,-74,-37,-85
1741507578.319481,63,-63,-75
1741507578.365481,27,-13,-35
1741507578.411481,-3,27,-137
1741507578.457481,54,15,-25
1741507578.502481,104,27,-95
1741507578.548481,-8,-13,-16
1741507578.594481,-79,15,-148
1741507578.6394808,-38,72,-46
1741507578.6854808,-43,33,49
1741507578.7314808,97,-31,-58
1741507578.7774808,34,-8,-156
1741507578.822481,8,1,-170
1741507578.868481,27,-14,-108
1741507578.914481,20,29,-26
1741507578.959481,-13,-90,-110
1741507579.005481,-22,26,-58
1741507579.051481,-67,23,5
1741507579.097481,26,-22,-102
1741507579.1424809,-7,-98,7
1741507579.1884809,12,-12,37
1741507579.2344809,-23,-30,-128
1741507579.279481,70,-7,-10
1741507579.325481,10,-32,-70
1741507579.371481,-7,-16,-129
1741507579.417481,2,3,-59
1741507579.462481,-11,-68,-117
1741507579.508481,-31,31,-58
1741507579.554481,-11,-30,-22
1741507579.5994809,4,23,-100
1741507579.6454809,-73,11,24
1741507579.6914809,-61,-58,-69
1741507579.7374809,-11,-16,-73
1741507579.782481,-19,38,-35
1741507579.828481,-16,58,52
1741507579.874481,-74,18,-85
1741507579.9194808,-56,-1,32
1741507579.9654808,71,18,-80
1741507580.0114808,15,-24,-137
1741507580.0574808,-56,-67,-61
1741507580.102481,41,68,-20
1741507580.148481,-80,-70,-156
1741507580.194481,49,-23,-118
1741507580.239481,-42,10,-122
1741507580.285481,23,12,-90
1741507580.331481,-12,24,-20
1741507580.377481,-40,-33,-58
1741507580.4224808,-63,-44,29
1741507580.4684808,-43,25,-120
1741507580.5144808,22,-2,-69
1741507580.559481,59,-64,-131
1741507580.605481,3,-48,-123
1741507580.651481,-14,-29,-77
1741507580.697481,9,24,-95
1741507580.742481,17,6,-23
1741507580.788481,-34,0,-21
1741507580.834481,21,-11,-147
1741507580.8794808,28,22,-39
1741507580.9254808,-5,-19,-87
1741507580.9714808,6,11,-93
1741507581.0174809,24,-30,26
1741507581.062481,8,-22,-113
1741507581.108481,-49,-86,30
1741507581.154481,26,-79,-127
1741507581.199481,-43,16,-111
1741507581.245481,-14,-59,-99
1741507581.291481,9,51,-45
1741507581.3364809,21,5,-85
1741507581.3824809,-34,-24,32
1741507581.4284809,15,33,-79
1741507581.4744809,69,17,-17
1741507581.519481,-64,0,-155
1741507581.565481,-12,77,-153
1741507581.611481,-14,35,40
1741507581.656481,-20,7,-144
1741507581.702481,32,-14,-11
1741507581.748481,109,-38,-80
1741507581.7944808,-8,-44,-54
1741507581.8394809,7,-62,-140
1741507581.8854809,-46,29,-135
1741507581.936481,2,32,-153
1741507581.982481,-23,15,-137
1741507582.028481,-27,0,-29
1741507582.074481,24,11,-29
1741507582.1194808,30,-50,-171
1741507582.1654809,-95,-47,-209
1741507582.2114809,-18,-28,0
1741507582.256481,-25,-5,-130
1741507582.302481,-37,-47,-100
1741507582.348481,-49,6,-104
1741507582.394481,-43,-3,-158
1741507582.439481,-17,-19,-26
1741507582.485481,5,51,-127
1741507582.531481,-45,4,44
1741507582.5764809,10,-39,-128
1741507582.6224809,-59,30,18
1741507582.6684809,44,-47,-141
1741507582.7144809,2,10,-10
1741507582.759481,19,-71,-76
1741507582.805481,-66,-27,-25
1741507582.851481,-64,-21,-140
1741507582.896481,81,-8,-206
1741507582.9424808,44,-39,-66
1741507582.9884808,-47,-7,-54
1741507583.0344808,-17,10,3
1741507583.079481,-3,33,-84
1741507583.125481,20,25,5
1741507583.171481,-53,0,-112
1741507583.216481,-11,-42,-34
1741507583.262481,92,4,17
1741507583.308481,-12,29,-86
1741507583.354481,8,59,-77
1741507583.3994808,-5,9,-153
1741507583.4454808,22,-16,-75
1741507583.4914808,42,-20,-106
1741507583.536481,62,-36,-68
1741507583.582481,45,-5,-112
1741507583.628481,21,-5,-74
1741507583.674481,25,38,-42
1741507583.719481,72,-53,-58
1741507583.765481,-32,22,-56
1741507583.811481,11,-51,5
1741507583.8564808,-63,-57,-16
1741507583.9024808,-14,6,-110
1741507583.9484808,17,-23,-110
1741507583.9944808,41,12,-32
1741507584.039481,-76,35,-58
1741507584.085481,75,47,-124
1741507584.131481,22,-71,-54
1741507584.176481,56,-35,-154
1741507584.222481,-1,14,-64
1741507584.268481,15,75,-98
1741507584.314481,-31,-17,-156
1741507584.3594809,45,-34,11
1741507584.4054809,75,-46,-76
1741507584.4514809,-20,-6,-130
1741507584.496481,9,11,-85
1741507584.542481,-52,62,-133
1741507584.588481,-68,-25,-53
1741507584.634481,41,-11,2
1741507584.679481,-22,38,-79
1741507584.725481,-4,-39,-46
1741507584.771481,17,9,-98
1741507584.8164809,9,-42,-174
1741507584.8624809,19,43,-258
1741507584.908481,-20,-15,-138
1741507584.954481,57,-55,-152
1741507585.000481,35,16,-75
1741507585.046481,24,-18,-156
1741507585.092481,40,-22,-83
1741507585.138481,49,4,-21
1741507585.183481,-7,21,-71
1741507585.229481,-8,-3,-7
1741507585.275481,97,19,-171
1741507585.3204808,0,19,-23
1741507585.3664808,2,-38,18
1741507585.4124808,26,-12,-125
1741507585.4584808,-104,-53,-101
1741507585.503481,-72,10,78
1741507585.549481,61,4,-147
1741507585.595481,-4,2,-31
1741507585.640481,105,10,52
1741507585.686481,-46,-49,-55
1741507585.732481,20,-120,-92
1741507585.778481,-83,-80,-68
1741507585.8234808,78,-10,-134
1741507585.8694808,35,-31,-60
1741507585.9154809,-96,-47,-18
1741507585.960481,-24,-63,-54
1741507586.006481,11,-15,-194
1741507586.052481,-59,61,-12
1741507586.098481,-61,-101,-48
1741507586.143481,23,29,-62
1741507586.189481,0,23,-114
1741507586.235481,5,-9,-94
1741507586.2804809,47,76,-222
1741507586.3264809,21,-44,-74
1741507586.3724809,10,-40,-34
1741507586.4184809,-49,25,-84
1741507586.463481,-42,37,-126
1741507586.509481,110,-8,29
1741507586.555481,78,-63,-26
1741507586.600481,66,-32,-20
1741507586.646481,-11,27,-242
1741507586.6924808,10,-28,-66
1741507586.7384808,-30,24,30
1741507586.783481,36,-38,-109
1741507586.829481,17,3,-61
1741507586.875481,-26,-76,-191
1741507586.920481,61,-2,-69
1741507586.966481,3,-50,12
1741507587.012481,15,-18,-57
1741507587.058481,69,20,-53
1741507587.1034808,53,-35,-7
1741507587.1494808,-22,-25,16
1741507587.1954808,15,-5,-155
1741507587.240481,-10,6,-127
1741507587.286481,28,-9,-47
1741507587.332481,18,38,-43
1741507587.378481,-16,-18,6
1741507587.423481,-60,3,-44
1741507587.469481,11,53,-76
1741507587.515481,-52,-64,-154
1741507587.5604808,-30,-40,-32
1741507587.6064808,-106,17,-174
1741507587.6524808,-6,-6,-112
1741507587.6984808,56,-8,-320
1741507587.743481,-43,60,-80
1741507587.789481,35,-25,-164
1741507587.835481,72,-31,-140
1741507587.880481,-37,-59,-100
1741507587.926481,14,-2,-100
1741507587.972481,90,68,-84
1741507588.018481,15,-8,-88
1741507588.0634809,6,42,-140
1741507588.1094809,42,24,-210
1741507588.1554809,50,58,-69
1741507588.200481,20,-31,22
1741507588.246481,-1,16,-13
1741507588.292481,-51,-1,-113
1741507588.337481,-29,58,-76
1741507588.383481,66,-41,-122
1741507588.429481,-7,-17,-113
1741507588.475481,-3,-17,-228
1741507588.5204809,-127,18,58
1741507588.5664809,-69,9,-3
1741507588.6124809,23,42,-101
1741507588.657481,-70,8,-105
1741507588.703481,-54,24,-47
1741507588.749481,-91,-30,-88
1741507588.795481,-44,34,-209
1741507588.8404808,-49,-19,-24
1741507588.8864808,-33,42,-118
1741507588.9324808,-1,28,-12
1741507588.977481,-17,-8,-122
1741507589.023481,-34,8,-162
1741507589.069481,-33,-39,-76
1741507589.115481,8,36,3
1741507589.160481,39,-37,19
1741507589.206481,-95,-44,-98
1741507589.252481,30,67,0
1741507589.2974808,-32,-21,-86
1741507589.3434808,-28,-13,-40
1741507589.3894808,-120,23,-220
1741507589.4354808,0,43,-22
1741507589.480481,-8,-18,-172
1741507589.526481,0,-37,-18
1741507589.572481,-28,24,-132
1741507589.617481,-11,24,-130
1741507589.663481,58,38,-29
1741507589.709481,16,68,-13
1741507589.755481,-29,4,33
1741507589.8004808,-122,-62,43
1741507589.8464808,-2,-9,-34
1741507589.8924809,81,89,-140
1741507589.937481,-34,47,-84
1741507589.983481,-36,-14,-72
1741507590.029481,23,-42,-112
1741507590.075481,67,-4,-114
1741507590.120481,-32,17,-80
1741507590.166481,0,-60,-126
1741507590.212481,-4,33,-45
1741507590.2574809,-44,124,-63
1741507590.3034809,-28,14,-181
1741507590.3494809,40,-51,-125
1741507590.3954809,18,-31,-171
1741507590.440481,-65,-59,-129
1741507590.486481,15,-12,6
1741507590.532481,-10,-32,-171
1741507590.577481,-49,-4,-174
1741507590.623481,-19,63,-86
1741507590.6694808,-3,-40,-113
1741507590.7154808,3,-46,54
1741507590.7604809,-16,-76,-227
1741507590.806481,46,-36,-107
1741507590.852481,8,14,-157
1741507590.897481,85,-49,-152
1741507590.943481,77,-19,-56
1741507590.989481,-22,-32,-208
1741507591.035481,-32,64,-92
1741507591.0804808,-38,-69,-110
1741507591.1264808,-22,0,0
1741507591.1724808,-2,5,-100
1741507591.217481,19,15,-88
1741507591.263481,-10,1,-162
1741507591.309481,1,-23,-60
1741507591.355481,5,-34,-40
1741507591.400481,-20,-26,-64
1741507591.446481,47,89,-129
1741507591.492481,-11,3,-73
1741507591.5374808,-24,4,-31
1741507591.5834808,-24,-23,-137
1741507591.6294808,81,12,-109
1741507591.6754808,49,20,-51
1741507591.720481,-82,-77,-187
1741507591.766481,-30,-10,-113
1741507591.812481,-66,-8,-29
1741507591.857481,13,-30,10
1741507591.903481,-6,22,-95
1741507591.9554808,93,-53,-55
1741507592.000481,-26,-46,-171
1741507592.046481,-18,-19,-133
1741507592.092481,19,60,-169
1741507592.137481,75,-19,-167
1741507592.183481,-69,0,-238
1741507592.229481,14,-22,-88
1741507592.275481,-41,15,-24
1741507592.3204808,100,-14,-62
1741507592.3664808,-32,-106,-6
1741507592.4124808,2,7,-102
1741507592.457481,58,-8,-98
1741507592.503481,22,-9,-116
1741507592.549481,32,16,-84
1741507592.595481,4,-75,-117
1741507592.640481,-31,-1,-103
1741507592.686481,-31,62,-155
1741507592.732481,-22,30,-111
1741507592.7774808,-12,14,-137
1741507592.8234808,21,-11,-65
1741507592.8694808,44,45,-61
1741507592.9154809,22,63,-117
1741507592.960481,40,-68,-139
1741507593.006481,22,51,-199
1741507593.052481,-13,-13,-39
1741507593.097481,23,-20,-61
1741507593.143481,58,28,-45
1741507593.189481,-51,-4,-161
1741507593.235481,-31,23,-55
1741507593.2804809,-41,23,-115
1741507593.3264809,-59,-34,18
1741507593.3724809,-51,-38,-1
1741507593.417481,7,-41,-47
1741507593.463481,11,-77,-9
1741507593.509481,-22,5,-17
1741507593.555481,44,41,-105
1741507593.600481,14,-28,-25
1741507593.646481,-11,35,-59
1741507593.6924808,-7,27,-103
1741507593.7374809,-97,-30,-59
1741507593.783481,6,-38,104
1741507593.829481,22,47,-160
1741507593.875481,-57,-16,-40
1741507593.920481,-11,17,-20
1741507593.966481,-15,6,1
1741507594.012481,48,-39,15
1741507594.0574808,-11,-1,-212
1741507594.1034808,16,-23,-34
1741507594.1494808,0,12,-34
1741507594.1954808,92,22,-26
1741507594.240481,-15,-5,-50
1741507594.286481,56,4,-152
1741507594.332481,-17,4,-114
1741507594.377481,-30,-28,-31
1741507594.423481,-86,57,-161
1741507594.469481,55,-9,-63
1741507594.515481,-17,11,-99
1741507594.5604808,-15,90,-43
1741507594.6064808,-79,-23,-29
1741507594.6524808,40,57,-115
1741507594.697481,47,47,-109
1741507594.743481,-38,70,-93
1741507594.789481,16,-40,-187
1741507594.835481,-10,35,-1
1741507594.880481,86,-22,-89
1741507594.926481,-87,15,18
1741507594.972481,-15,-64,-21
1741507595.0174809,-81,-36,-80
1741507595.0634809,40,7,-106
1741507595.1094809,-29,5,-172
1741507595.154481,-29,5,-2
1741507595.200481,-3,45,-52
1741507595.246481,50,-48,-117
1741507595.292481,24,10,-13
1741507595.337481,68,29,-93
1741507595.383481,-15,-54,6
1741507595.429481,-21,17,42
1741507595.4744809,-10,-2,-57
1741507595.5204809,-32,11,-57
1741507595.5664809,-63,-118,-73
1741507595.6124809,-34,-14,-21
1741507595.656481,-60,-45,68
1741507595.702481,6,48,-89
1741507595.748481,-15,-21,-67
1741507595.7934809,-9,30,-172
1741507595.8394809,-17,-35,-55
1741507595.8854809,30,-23,-171
1741507595.930481,0,-28,-68
1741507595.976481,38,-25,-44
1741507596.022481,68,32,-66
1741507596.068481,44,-25,-49
1741507596.1134808,-31,58,-110
1741507596.1594808,-1,26,-192
1741507596.2054808,7,29,-154
1741507596.250481,-31,15,-114
1741507596.296481,83,-70,-58
1741507596.342481,23,-50,-78
1741507596.388481,6,-68,-170
1741507596.433481,2,11,-70
1741507596.479481,-21,57,-82
1741507596.525481,28,39,-172
1741507596.5704808,-75,85,-63
1741507596.6164808,2,-2,-67
1741507596.6624808,-58,-36,14
1741507596.7084808,0,-14,-119
1741507596.753481,88,20,-43
1741507596.799481,-69,10,-1
1741507596.845481,44,-59,16
1741507596.890481,-34,-55,-57
1741507596.936481,10,-58,-169
1741507596.982481,43,66,54
1741507597.028481,-4,-7,9
1741507597.0734808,-65,37,57
1741507597.1194808,-91,7,-100
1741507597.1654809,-7,-22,-40
1741507597.210481,68,0,-45
1741507597.256481,10,-2,-89
1741507597.302481,-33,43,-68
1741507597.348481,7,-39,-246
1741507597.393481,-5,52,-59
1741507597.439481,-8,-1,86
1741507597.485481,7,-51,-29
1741507597.5304809,42,-87,-227
1741507597.5764809,77,-23,-63
1741507597.6224809,-23,77,-85
1741507597.6684809,54,15,-23
1741507597.713481,-7,1,-20
1741507597.759481,10,-38,-100
1741507597.805481,-56,3,-60
1741507597.850481,76,-26,-157
1741507597.896481,58,11,-105
1741507597.9424808,-57,38,-69
1741507597.9884808,18,-9,-22
1741507598.033481,11,46,-126
1741507598.079481,-70,76,-94
1741507598.125481,63,-27,-54
1741507598.170481,47,14,-194
1741507598.216481,71,-5,-86
1741507598.262481,-32,-39,51
1741507598.308481,63,28,-52
1741507598.3534808,16,-38,-96
1741507598.3994808,-35,-77,-132
1741507598.4454808,-68,-15,-110
1741507598.490481,-2,-50,-100
1741507598.536481,31,8,58
1741507598.582481,-62,6,-147
1741507598.628481,48,-67,-7
1741507598.673481,24,-15,-39
1741507598.719481,-9,-62,36
1741507598.765481,-8,-12,-57
1741507598.8104808,13,21,-121
1741507598.8564808,26,0,-15
1741507598.9024808,31,-26,16
1741507598.9484808,-46,-33,-107
1741507598.993481,-10,-45,-185
1741507599.039481,47,2,34
1741507599.085481,1,-97,-146
1741507599.130481,43,35,-74
1741507599.176481,-34,-14,-112
1741507599.222481,51,15,-94
1741507599.268481,-58,15,-72
1741507599.3134809,-10,-39,-50
1741507599.3594809,21,-42,33
1741507599.4054809,-60,-26,7
1741507599.450481,3,5,-30
1741507599.496481,31,35,-32
1741507599.542481,13,-15,-60
1741507599.588481,9,-8,-50
1741507599.633481,15,29,-82
1741507599.679481,-18,-62,-66
1741507599.725481,-38,9,110
1741507599.7704809,-50,-8,-129
1741507599.8164809,-46,-92,-23
1741507599.8624809,-1,-4,-71
1741507599.908481,-27,-22,-13
1741507599.953481,16,-29,-5
1741507599.999481,42,-5,-53
1741507600.045481,-77,28,-135
1741507600.0904808,-49,-53,-55
1741507600.1364808,88,-9,-189
1741507600.1824808,-32,-7,-189
1741507600.2284808,-22,-19,-73
1741507600.273481,-65,-15,-176
1741507600.319481,-47,20,-61
1741507600.365481,9,-6,-131
1741507600.410481,-42,29,-11
1741507600.456481,-10,12,-115
1741507600.502481,-8,-35,-169
1741507600.548481,28,-17,-151
1741507600.5934808,-39,-68,-9
1741507600.6394808,-13,27,-111
1741507600.6854808,28,55,-113
1741507600.730481,37,-76,-25
1741507600.776481,14,43,-89
1741507600.822481,104,49,-49
1741507600.868481,2,-5,-147
1741507600.913481,17,-51,-65
1741507600.959481,-57,14,54
1741507601.005481,-44,-51,-113
1741507601.0504808,-52,50,-129
1741507601.0964808,0,-9,-19
1741507601.1424809,45,24,-129
1741507601.1884809,50,-11,-153
1741507601.233481,42,48,-13
1741507601.279481,84,-35,-73
1741507601.325481,14,-1,-23
1741507601.370481,-75,-21,-93
1741507601.416481,16,-7,-103
1741507601.462481,30,2,42
1741507601.508481,-63,-45,-45
1741507601.5534809,-60,-24,-31
1741507601.5994809,-6,-70,20
1741507601.6454809,-20,0,-147
1741507601.690481,41,-2,-73
1741507601.736481,-24,13,-105
1741507601.782481,87,-20,-53
1741507601.827481,101,-6,-31
1741507601.873481,-33,-23,-69
1741507601.9194808,64,12,-153
1741507601.970481,42,16,-159
1741507602.016481,60,-35,-25
1741507602.062481,22,36,-65
1741507602.107481,85,-49,-53
1741507602.153481,-40,48,-115
1741507602.199481,105,-59,-87
1741507602.245481,13,76,-21
1741507602.2904809,17,14,-27
1741507602.3364809,6,-48,18
1741507602.3824809,37,47,-141
1741507602.427481,-22,-97,-25
1741507602.473481,-76,-60,-81
1741507602.5204809,15,5,-163
1741507602.5664809,11,26,-93
1741507602.611481,-66,-3,-157
1741507602.657481,9,-28,-61
1741507602.703481,-16,-14,-73
1741507602.749481,-104,-28,-27
1741507602.7944808,-4,-34,-109
1741507602.8404808,-18,26,-55
1741507602.8864808,-50,15,-85
1741507602.931481,-32,11,-99
1741507602.977481,35,7,-129
1741507603.023481,-86,0,-75
1741507603.069481,41,-6,-145
1741507603.114481,99,-32,-153
1741507603.160481,28,83,-83
1741507603.206481,-39,118,-9
1741507603.2514808,-13,-8,-23
1741507603.2974808,62,4,-137
1741507603.3434808,2,-16,-73
1741507603.3894808,-14,-20,-80
1741507603.434481,23,39,-24
1741507603.480481,32,14,-30
1741507603.526481,32,-3,-96
1741507603.571481,-101,24,-175
1741507603.617481,40,-23,-149
1741507603.663481,18,-9,-143
1741507603.709481,-37,-28,-65
1741507603.7544808,-25,-14,-57
1741507603.8004808,-3,-33,-55
1741507603.8464808,-13,-27,-29
1741507603.891481,26,12,-25
1741507603.937481,16,31,-87
1741507603.983481,48,-46,-165
1741507604.029481,-19,-54,-51
1741507604.074481,-29,37,-179
1741507604.120481,34,17,-9
1741507604.166481,62,2,-13
1741507604.2114809,0,-17,-13
1741507604.2574809,121,26,-7
1741507604.3034809,12,16,-57
1741507604.3494809,-82,24,-179
1741507604.394481,53,-47,-47
1741507604.440481,-20,-20,-61
1741507604.486481,0,-24,-164
1741507604.531481,-40,28,-94
1741507604.577481,-38,65,-186
1741507604.623481,-4,41,-168
1741507604.6694808,-12,53,-52
1741507604.7144809,-50,45,-70
1741507604.7604809,-38,57,-67
1741507604.806481,-4,15,0
1741507604.851481,-5,19,-92
1741507604.897481,97,0,-40
1741507604.943481,61,31,-63
1741507604.989481,10,-104,-117
1741507605.0344808,-28,25,-10
1741507605.0804808,-49,40,-84
1741507605.1264808,44,20,-40
1741507605.171481,45,-20,-112
1741507605.217481,-28,14,-150
1741507605.263481,-72,42,-86
1741507605.309481,-118,20,-112
1741507605.354481,-18,-12,-162
1741507605.400481,58,66,-32
1741507605.446481,19,-50,-62
1741507605.4914808,-92,37,0
1741507605.5374808,-63,22,-151
1741507605.5834808,34,42,-55
1741507605.6294808,25,-6,-111
1741507605.674481,-35,-119,-81
1741507605.720481,20,4,-25
1741507605.766481,-96,9,-153
1741507605.811481,5,72,-5
1741507605.857481,-6,-57,-131
1741507605.903481,113,58,-44
1741507605.949481,17,28,-11
1741507605.9944808,15,-39,-131
1741507606.0404809,1,78,-85
1741507606.0864809,40,-16,-63
1741507606.131481,-44,-58,6
1741507606.177481,30,-22,-115
1741507606.223481,-27,-34,-83
1741507606.269481,0,4,0
1741507606.314481,50,-44,-39
1741507606.360481,-41,-59,-141
1741507606.406481,10,52,8
1741507606.4514809,31,0,-81
1741507606.4974809,35,34,-103
1741507606.5434809,-37,15,-41
1741507606.5894809,94,-64,36
1741507606.634481,-103,-38,-143
1741507606.680481,22,-28,10
1741507606.726481,44,-14,-87
1741507606.771481,44,-26,-115
1741507606.8174808,10,19,-177
1741507606.8634808,68,-31,-91
1741507606.9094808,103,38,-53
1741507606.954481,-10,-22,-47
1741507607.000481,-36,-23,-173
1741507607.046481,-4,42,-1
1741507607.091481,-51,-30,-121
1741507607.137481,-15,-6,-21
1741507607.183481,68,-59,-31
1741507607.229481,12,-65,-15
1741507607.2744808,22,-19,-45
1741507607.3204808,-13,-56,-42
1741507607.3664808,-5,69,-76
1741507607.411481,0,-32,-74
1741507607.457481,-59,61,-177
1741507607.503481,46,65,-67
1741507607.549481,-14,33,-133
1741507607.594481,13,-42,-101
1741507607.640481,1,36,-21
1741507607.686481,-50,-68,-193
1741507607.7314808,7,-72,-85
1741507607.7774808,-19,-24,-103
1741507607.8234808,-62,17,-27
1741507607.8694808,37,11,-119
1741507607.914481,36,-24,-87
1741507607.960481,16,-52,-181
1741507608.006481,-106,4,-166
1741507608.051481,4,-10,-64
1741507608.097481,22,-20,-204
1741507608.143481,-6,-44,-87
1741507608.189481,41,7,-12
1741507608.2344809,-40,-70,-129
1741507608.2804809,-18,-30,-17
1741507608.3264809,27,67,-69
1741507608.371481,-5,-3,-80
1741507608.417481,-88,1,-84
1741507608.463481,63,-90,73
1741507608.508481,-2,11,-36
1741507608.554481,9,-47,-162
1741507608.600481,-32,-22,20
1741507608.646481,119,43,-100
1741507608.6914809,-9,119,-90
1741507608.7374809,62,-64,-94
1741507608.783481,49,12,-134
1741507608.828481,21,-65,-60
1741507608.874481,23,-19,-28
1741507608.920481,48,-18,-158
1741507608.966481,-50,-89,-140
1741507609.0114808,-2,-71,-88
1741507609.0574808,-10,24,-82
1741507609.1034808,-95,-36,-34
1741507609.148481,-10,40,-8
1741507609.194481,-38,34,-148
1741507609.240481,-42,-5,-80
1741507609.286481,-50,-47,-28
1741507609.331481,-50,40,-138
1741507609.377481,13,-23,21
1741507609.423481,39,-51,-142
1741507609.4684808,-36,-74,-166
1741507609.5144808,-14,9,99
1741507609.5604808,11,-4,-232
1741507609.6064808,-20,11,-194
1741507609.651481,-59,38,-46
1741507609.697481,77,-20,-128
1741507609.743481,7,-55,-98
1741507609.788481,36,-36,-8
1741507609.834481,-26,0,-68
1741507609.880481,13,46,-78
1741507609.926481,38,-7,-54
1741507609.9714808,-12,17,-118
1741507610.0174809,53,39,-68
1741507610.0634809,63,-52,-124
1741507610.108481,17,1,-85
1741507610.154481,25,-20,-133
1741507610.200481,-10,-28,32
1741507610.246481,0,68,-139
1741507610.291481,109,-4,-151
1741507610.337481,43,43,-59
1741507610.383481,9,33,-99
1741507610.4284809,-64,125,-101
1741507610.4744809,13,-4,-25
1741507610.5204809,37,-48,-127
1741507610.5664809,19,43,72
1741507610.611481,27,1,-81
1741507610.657481,15,33,-57
1741507610.703481,7,72,-163
1741507610.748481,41,-49,0
1741507610.7944808,15,56,-21
1741507610.8404808,-52,-43,-149
1741507610.8864808,7,-19,-75
1741507610.931481,-4,40,6
1741507610.977481,0,-63,-55
1741507611.023481,-9,-69,-13
1741507611.068481,-35,-17,-47
1741507611.114481,-35,7,-3
1741507611.160481,-39,33,-109
1741507611.206481,-29,-5,-43
1741507611.2514808,-54,2,-69
1741507611.2974808,23,42,-123
1741507611.3434808,-52,-75,-119
1741507611.388481,29,18,-115
1741507611.434481,-3,17,-75
1741507611.480481,49,-57,26
1741507611.526481,-52,-21,0
1741507611.571481,-39,-22,-43
1741507611.617481,-99,23,15
1741507611.663481,24,80,-78
1741507611.7084808,-37,6,-20
1741507611.7544808,-17,-58,-124
1741507611.8004808,35,-30,-116
1741507611.8464808,-42,43,-80
1741507611.891481,3,2,-4
1741507611.937481,44,7,-101
1741507611.9884808,-5,-54,-87
1741507612.0344808,22,-44,-153
1741507612.0804808,-50,-5,36
1741507612.1264808,13,50,-69
1741507612.171481,64,-32,-131
1741507612.217481,16,62,-65
1741507612.263481,4,20,-42
1741507612.308481,18,-5,-150
1741507612.354481,0,-15,45
1741507612.400481,-3,50,-106
1741507612.446481,28,-46,-93
1741507612.4914808,62,-56,-128
1741507612.5374808,78,44,-36
1741507612.5834808,-13,-48,-48
1741507612.628481,-85,-56,107
1741507612.673481,-51,-22,-193
1741507612.719481,-25,-9,-45
1741507612.7644808,23,10,-106
1741507612.8104808,104,-5,-26
1741507612.8564808,-53,-46,-126
1741507612.9024808,6,46,-172
1741507612.947481,6,-17,-120
1741507612.993481,-49,12,-60
1741507613.039481,20,-16,-100
1741507613.084481,-54,3,-106
1741507613.130481,7,29,-214
1741507613.176481,-66,47,-8
1741507613.222481,0,35,-72
1741507613.2674809,31,-56,-128
1741507613.3134809,-1,-96,-120
1741507613.3594809,-70,83,-110
1741507613.404481,-6,-16,-122
1741507613.450481,29,-14,-96
1741507613.496481,-12,-38,-66
1741507613.542481,-53,28,-72
1741507613.587481,42,42,-38
1741507613.633481,-7,-28,-55
1741507613.679481,84,17,-11
1741507613.7244809,30,-66,-153
1741507613.7704809,14,55,-103
1741507613.8164809,-30,34,-127
1741507613.8624809,4,16,-11
1741507613.907481,-19,22,-75
1741507613.953481,-40,-47,-125
1741507613.999481,12,-41,-129
1741507614.0444808,-46,-5,-161
1741507614.0904808,-70,-19,-111
1741507614.1364808,52,-8,-85
1741507614.1824808,-59,-70,10
1741507614.227481,-64,-38,-171
1741507614.273481,33,13,-83
1741507614.319481,59,-48,-169
1741507614.364481,-25,31,-32
1741507614.410481,12,-92,-110
1741507614.456481,7,-52,-166
1741507614.502481,7,-14,103
1741507614.5474808,99,-84,-72
1741507614.5934808,-117,58,1
1741507614.6394808,28,74,-134
1741507614.684481,10,-61,-34
1741507614.730481,-81,98,-144
1741507614.776481,-16,-37,-54
1741507614.822481,17,-9,-8
1741507614.867481,-9,30,-64
1741507614.913481,0,-11,-30
1741507614.959481,46,70,-102
1741507615.0044808,56,-39,10
1741507615.0504808,6,42,-63
1741507615.0964808,-7,38,-79
1741507615.1424809,52,22,-11
1741507615.187481,106,-79,-97
1741507615.233481,14,78,-125
1741507615.279481,-13,-25,-37
1741507615.324481,-45,10,-195
1741507615.370481,32,-52,96
1741507615.416481,-3,-18,-83
1741507615.462481,2,130,-61
1741507615.5074809,-5,30,-91
1741507615.5534809,108,-31,-75
1741507615.5994809,-22,-109,-107
1741507615.644481,-21,-11,-21
1741507615.690481,8,21,-35
1741507615.736481,42,-7,-110
1741507615.781481,-45,-39,81
1741507615.827481,-70,9,-19
1741507615.873481,-20,-82,-42
1741507615.9194808,29,-28,-29
1741507615.9644809,-16,-76,-193
1741507616.0104809,-69,-15,-59
1741507616.056481,8,-85,44
1741507616.101481,1,-18,-113
1741507616.147481,-1,-23,-31
1741507616.193481,78,36,-63
1741507616.239481,20,-11,10
1741507616.2844808,79,-8,-159
1741507616.3304808,41,36,-17
1741507616.3764808,73,11,-77
1741507616.421481,57,-13,-111
1741507616.467481,-26,140,-25
1741507616.513481,-62,-11,-113
1741507616.559481,11,-51,-155
1741507616.604481,13,-43,-169
1741507616.650481,7,-52,12
1741507616.696481,-18,46,-131
1741507616.7414808,12,-18,-43
1741507616.7874808,105,-47,-53
1741507616.8334808,9,-21,-129
1741507616.8794808,63,46,-95
1741507616.924481,21,-75,-54
1741507616.970481,-1,-41,-99
1741507617.016481,-43,52,-11
1741507617.061481,102,4,50
1741507617.107481,-36,-72,-59
1741507617.153481,-24,-3,-72
1741507617.199481,-26,24,-76
1741507617.2444808,13,-39,-276
1741507617.2904809,-60,-16,-66
1741507617.3364809,0,-46,9
1741507617.381481,-18,-76,-102
1741507617.427481,67,-47,-130
1741507617.473481,59,-33,-92
1741507617.519481,-62,65,-112
1741507617.564481,13,-38,9
1741507617.610481,-28,-7,-96
1741507617.656481,-4,25,-110
1741507617.7014809,7,-34,-167
1741507617.7474809,7,-38,-105
1741507617.7934809,31,50,-73
1741507617.8394809,4,1,-51
1741507617.884481,-37,-2,-41
1741507617.930481,42,61,-29
1741507617.976481,-87,43,40
1741507618.021481,27,-14,-185
1741507618.0674808,9,0,-103
1741507618.1134808,-26,-22,-107
1741507618.1594808,37,29,-101
1741507618.204481,-15,47,-89
1741507618.250481,-3,-10,-25
1741507618.296481,25,-25,-185
1741507618.341481,-78,-65,-71
1741507618.387481,3,-7,-117
1741507618.433481,-54,31,-51
1741507618.479481,34,33,-131
1741507618.5244808,38,-22,-77
1741507618.5704808,-55,-6,-73
1741507618.6164808,64,-6,-43
1741507618.661481,16,-32,-7
1741507618.707481,-83,-50,-49
1741507618.753481,-11,34,-97
1741507618.799481,30,-5,-59
1741507618.844481,-27,1,-147
1741507618.890481,-16,10,-111
1741507618.936481,33,29,-147
1741507618.9814808,27,7,-39
1741507619.0274808,-30,-70,-73
1741507619.0734808,-22,23,-11
1741507619.1194808,71,45,-105
1741507619.164481,-14,21,-177
1741507619.210481,50,3,-217
1741507619.256481,-57,50,-144
1741507619.301481,-5,-9,-80
1741507619.347481,-60,-39,28
1741507619.393481,-48,-2,-109
1741507619.439481,-2,-35,-75
1741507619.4844809,-26,-39,-112
1741507619.5304809,-90,110,-67
1741507619.5764809,12,68,-104
1741507619.621481,-21,46,-133
1741507619.667481,59,-9,-125
1741507619.713481,-10,-9,-105
1741507619.759481,47,-53,-47
1741507619.804481,-32,12,-155
1741507619.850481,65,-37,18
1741507619.896481,-62,-95,28
1741507619.9414809,19,-43,-165
1741507619.9874809,-14,-23,-9
1741507620.033481,-32,37,-11
1741507620.079481,10,22,-39
1741507620.124481,-17,-17,-141
1741507620.170481,-67,-85,-85
1741507620.216481,-13,-65,14
1741507620.2614808,12,0,-87
1741507620.3074808,34,-77,-61
1741507620.3534808,-47,-25,-183
1741507620.3994808,-81,-25,-143
1741507620.444481,56,-23,68
1741507620.490481,90,-5,-207
1741507620.536481,-43,56,-5
1741507620.581481,-49,-7,-67
1741507620.627481,9,-57,1
1741507620.673481,-30,26,-158
1741507620.719481,3,-124,-20
1741507620.7644808,-2,1,-2
1741507620.8104808,28,-31,-10
1741507620.8564808,14,20,-58
1741507620.901481,-11,-40,-102
1741507620.947481,-17,-40,-66
1741507620.993481,40,88,-51
1741507621.039481,22,-49,-179
1741507621.084481,6,-5,-92
1741507621.130481,8,14,-15
1741507621.176481,-57,33,-154
1741507621.2214808,12,13,-93
1741507621.2674809,-5,-56,-155
1741507621.3134809,-101,-40,-37
1741507621.3594809,-3,-26,-109
1741507621.404481,30,19,-183
1741507621.450481,-23,-30,-123
1741507621.496481,-25,-4,-119
1741507621.541481,44,22,-109
1741507621.587481,65,10,-107
1741507621.633481,-18,42,33
1741507621.679481,-50,-61,-110
1741507621.7244809,1,22,7
1741507621.7704809,-4,-15,-12
1741507621.8164809,35,-35,-84
1741507621.861481,-20,-33,5
1741507621.907481,27,0,7
1741507621.953481,-11,21,-76
1741507622.0044808,-25,-26,-118
1741507622.0504808,62,-18,-64
1741507622.0964808,-43,25,-74
1741507622.141481,44,33,8
1741507622.187481,-24,21,-99
1741507622.233481,36,-39,24
1741507622.279481,3,15,-139
1741507622.324481,0,-29,-149
1741507622.370481,27,20,-217
1741507622.416481,30,-32,-89
1741507622.4614809,6,-29,-45
1741507622.5074809,11,55,-171
1741507622.5534809,-52,-25,-154
1741507622.598481,-6,-7,-16
1741507622.644481,20,-54,-220
1741507622.690481,-61,-4,-42
1741507622.736481,-55,35,-72
1741507622.781481,-7,33,-32
1741507622.827481,-25,-12,-108
1741507622.873481,12,45,-28
1741507622.9184809,-13,-22,-76
1741507622.9644809,-19,39,-132
1741507623.0104809,-3,19,-86
1741507623.056481,-25,59,-192
1741507623.101481,10,0,-30
1741507623.147481,-49,31,-6
1741507623.193481,-5,-30,-254
1741507623.2384808,26,39,-105
1741507623.2844808,56,-8,-39
1741507623.3304808,-21,-31,-9
1741507623.3764808,-9,100,-135
1741507623.421481,24,-1,-191
1741507623.467481,-75,38,-53
1741507623.513481,16,26,-67
1741507623.558481,30,-67,-113
1741507623.604481,24,-15,-22
1741507623.650481,104,24,-39
1741507623.696481,-25,-23,-19
1741507623.7414808,-25,-45,-27
1741507623.7874808,-27,-17,-164
1741507623.8334808,-41,-59,-33
1741507623.878481,-75,32,-113
1741507623.924481,4,50,-67
1741507623.970481,-39,32,-103
1741507624.016481,15,13,-149
1741507624.061481,-42,43,-137
1741507624.107481,-22,-18,-27
1741507624.153481,125,-50,-161
1741507624.1984808,-19,101,-44
1741507624.2444808,52,-40,-33
1741507624.2904809,12,-26,-174
1741507624.3364809,45,6,-72
1741507624.381481,-8,18,-23
1741507624.427481,63,-20,-105
1741507624.473481,-56,53,-153
1741507624.518481,16,-75,19
1741507624.564481,-30,-18,-94
1741507624.610481,-41,-2,-134
1741507624.656481,10,75,-30
1741507624.7014809,-53,7,-88
1741507624.7474809,16,79,-30
1741507624.7934809,-21,81,79
1741507624.838481,71,48,-86
1741507624.884481,55,34,-126
1741507624.930481,15,42,-66
1741507624.976481,-35,3,-62
1741507625.021481,-21,-44,-62
1741507625.0674808,17,-2,-132
1741507625.1134808,-84,-2,-8
1741507625.158481,-38,-2,-59
1741507625.204481,-69,10,-51
1741507625.250481,7,45,-125
1741507625.296481,63,1,-59
1741507625.341481,-36,45,-83
1741507625.387481,38,-39,-97
1741507625.433481,7,-105,-169
1741507625.4784808,-51,-46,-181
1741507625.5244808,64,-15,-77
1741507625.5704808,9,8,-79
1741507625.6164808,-30,17,-139
1741507625.661481,59,-26,-105
1741507625.707481,27,55,-95
1741507625.753481,102,71,-149
1741507625.798481,0,9,-27
1741507625.844481,30,34,-5
1741507625.890481,-23,-24,-65
1741507625.936481,-11,-42,-183
1741507625.9814808,-76,73,-161
1741507626.0274808,26,0,-103
1741507626.0734808,-3,-6,22
1741507626.118481,0,-40,-13
1741507626.164481,6,53,-127
1741507626.210481,114,-42,-151
1741507626.256481,-7,-22,-7
1741507626.301481,10,-47,-84
1741507626.347481,32,16,-114
1741507626.393481,-67,-10,-110
1741507626.4384809,-79,-64,-112
1741507626.4844809,-55,25,-48
1741507626.5304809,-23,-6,-184
1741507626.577481,-13,-5,-48
1741507626.6224809,23,-31,-92
1741507626.6684809,42,-81,-154
1741507626.7144809,-47,48,-48
1741507626.7604809,34,-111,-54
1741507626.805481,-27,-7,-81
1741507626.851481,26,12,-67
1741507626.897481,44,52,-77
1741507626.9424808,-15,-4,10
1741507626.9884808,120,35,18
1741507627.0344808,-5,51,-129
1741507627.0804808,-3,-6,-37
1741507627.125481,-61,-59,60
1741507627.171481,-35,-13,-219
1741507627.217481,-3,-40,-61
1741507627.262481,-21,-28,-73
1741507627.308481,-5,-26,-87
1741507627.354481,18,-18,-53
1741507627.400481,39,2,-9
1741507627.4454808,2,-27,14
1741507627.4914808,14,-15,-37
1741507627.5374808,-31,34,-159
1741507627.582481,-34,-37,-55
1741507627.628481,13,2,-57
1741507627.674481,80,19,-98
1741507627.720481,34,0,-34
1741507627.765481,-22,0,-2
1741507627.811481,-39,-48,13
1741507627.857481,-55,-24,-44
1741507627.9024808,63,-22,17
1741507627.9484808,-38,-67,-194
1741507627.9944808,-6,59,-4
1741507628.0404809,27,62,-62
1741507628.085481,-10,23,-26
1741507628.131481,35,-25,-62
1741507628.177481,59,-31,-178
1741507628.222481,-57,-30,-48
1741507628.268481,-30,13,-114
1741507628.314481,29,5,-68
1741507628.360481,-36,17,-76
1741507628.4054809,7,-10,-122
1741507628.4514809,36,19,4
1741507628.4974809,-51,-56,-147
1741507628.542481,-9,20,-115
1741507628.588481,46,-16,0
1741507628.634481,-3,-12,72
1741507628.680481,66,-12,-45
1741507628.725481,-5,-3,-29
1741507628.771481,-27,59,-9
1741507628.8174808,-71,-28,-31
1741507628.8624809,84,19,-159
1741507628.908481,-7,-75,-149
1741507628.954481,28,19,-125
1741507629.000481,-17,11,-83
1741507629.045481,65,-65,-41
1741507629.091481,-8,12,-73
1741507629.137481,-8,24,-144
1741507629.1824808,0,-46,-106
1741507629.2284808,-48,5,-130
1741507629.2744808,-4,-49,-47
1741507629.319481,-84,64,-14
1741507629.365481,7,-33,-57
1741507629.411481,73,-23,-255
1741507629.457481,-110,65,-117
1741507629.502481,-66,17,-101
1741507629.548481,-50,7,12
1741507629.594481,-50,77,0
1741507629.6394808,-44,-20,-37
1741507629.6854808,41,34,-53
1741507629.7314808,51,21,-49
1741507629.7774808,-20,-15,-77
1741507629.822481,70,4,-5
1741507629.868481,86,-2,-84
1741507629.914481,-43,-30,-91
1741507629.959481,-9,-41,-63
1741507630.005481,-67,56,-88
1741507630.051481,22,-35,22
1741507630.097481,36,40,-5
1741507630.1424809,12,-43,-187
1741507630.1884809,56,8,30
1741507630.2344809,-5,1,-1
1741507630.279481,-53,37,-139
1741507630.325481,-34,-46,-43
1741507630.371481,-18,5,-85
1741507630.417481,-41,71,-167
1741507630.462481,56,-22,-184
1741507630.508481,4,-24,-73
1741507630.554481,-41,-30,-82
1741507630.5994809,35,-27,-19
1741507630.6454809,-16,-19,-65
1741507630.6914809,105,18,-83
1741507630.7374809,-28,58,-175
1741507630.782481,43,20,-47
1741507630.828481,-37,75,-83
1741507630.874481,26,23,-79
1741507630.9194808,-9,9,-183
1741507630.9654808,-37,-41,-131
1741507631.0114808,24,-20,50
1741507631.0574808,-5,-19,-141
1741507631.102481,80,32,32
1741507631.148481,6,-52,-101
1741507631.194481,-48,-13,-35
1741507631.239481,-62,18,-139
1741507631.285481,24,11,-117
1741507631.331481,56,60,-109
1741507631.377481,22,7,-117
1741507631.4224808,-41,20,-105
1741507631.4684808,27,-2,2
1741507631.5144808,13,-12,-197
1741507631.559481,-36,47,-192
1741507631.605481,44,-19,-20
1741507631.651481,26,40,1
1741507631.697481,4,48,-84
1741507631.742481,12,14,-60
1741507631.788481,-111,-12,-112
1741507631.834481,-30,57,-95
1741507631.8794808,0,-15,-144
1741507631.9254808,-38,-28,-34
1741507631.977481,2,8,-94
1741507632.022481,15,-21,-132
1741507632.068481,-9,-5,-30
1741507632.114481,0,-13,-88
1741507632.1594808,27,6,-54
1741507632.2054808,-24,-38,-162
1741507632.2514808,67,-19,97
1741507632.2974808,0,6,-8
1741507632.342481,7,56,-126
1741507632.388481,-66,-62,-102
1741507632.434481,-34,56,-62
1741507632.479481,29,16,69
1741507632.525481,6,20,-86
1741507632.571481,39,11,-130
1741507632.617481,-25,-37,-42
1741507632.6624808,-77,-49,-92
1741507632.7084808,-5,30,-48
1741507632.7544808,66,4,-99
1741507632.799481,74,-63,28
1741507632.845481,-68,-31,-87
1741507632.891481,-20,-41,-37
1741507632.937481,41,-1,-17
1741507632.982481,-2,-18,-33
1741507633.028481,-94,30,-79
1741507633.074481,-21,73,-23
1741507633.1194808,12,-40,24
1741507633.1654809,94,-8,-63
1741507633.2114809,4,-14,-189
1741507633.2574809,91,-32,-21
1741507633.302481,53,-20,-157
1741507633.348481,57,-31,-111
1741507633.394481,63,-11,-69
1741507633.439481,35,16,-100
1741507633.485481,-10,28,-62
1741507633.531481,3,46,-66
1741507633.577481,41,30,5
1741507633.6224809,-58,34,-48
1741507633.6684809,29,-17,1
1741507633.7144809,-30,2,-150
1741507633.759481,-22,-31,-144
1741507633.805481,32,-41,-83
1741507633.851481,-5,10,-29
1741507633.897481,-57,-40,-55
1741507633.9424808,32,7,-89
1741507633.9884808,20,48,-129
1741507634.0344808,6,-30,-132
1741507634.079481,-37,3,-160
1741507634.125481,53,33,-86
1741507634.171481,-20,-74,-200
1741507634.217481,-24,77,0
1741507634.262481,-34,45,-188
1741507634.308481,-6,-82,-94
1741507634.354481,36,17,-38
1741507634.3994808,14,23,-8
1741507634.4454808,38,4,-64
1741507634.4914808,46,-20,-8
1741507634.5374808,58,-41,-80
1741507634.582481,16,-7,-40
1741507634.628481,-117,18,-120
1741507634.674481,-35,22,-134
1741507634.719481,45,-93,73
1741507634.765481,-70,-41,-217
1741507634.811481,-28,-23,-41
1741507634.857481,51,26,-163
1741507634.9024808,35,-78,25
1741507634.9484808,-4,-2,-128
1741507634.9944808,-18,-10,-159
1741507635.039481,-10,53,-89
1741507635.085481,39,6,-85
1741507635.131481,-18,-41,-53
1741507635.177481,-64,-39,-91
1741507635.222481,-72,26,-205
1741507635.268481,35,16,-127
1741507635.314481,55,48,88
1741507635.3594809,10,-43,-7
1741507635.4054809,-26,-80,-143
1741507635.4514809,42,17,-129
1741507635.4974809,72,55,-181
1741507635.542481,46,-12,-149
1741507635.588481,40,51,-3
1741507635.634481,45,-1,-25
1741507635.679481,19,-3,-19
1741507635.725481,-15,-53,-59
1741507635.771481,20,-37,-77
1741507635.8174808,-31,-25,-95
1741507635.8624809,32,-55,-95
1741507635.908481,-8,70,-111
1741507635.954481,52,-35,-61
1741507635.999481,54,0,-9
1741507636.045481,-1,-6,55
1741507636.091481,70,23,7
1741507636.1364808,32,39,-122
1741507636.1824808,61,-11,-37
1741507636.2284808,-104,-17,-75
1741507636.2744808,41,58,-105
1741507636.319481,31,-38,-21
1741507636.365481,94,25,-105
1741507636.411481,44,30,92
1741507636.456481,26,-29,-161
1741507636.502481,-51,-14,-184
1741507636.548481,-1,-36,-64
1741507636.594481,48,-22,-50
1741507636.6394808,9,-84,-120
1741507636.6854808,-42,-40,-150
1741507636.730481,-16,76,-212
1741507636.775481,-6,-54,-42
1741507636.821481,30,41,-42
1741507636.867481,53,35,-238
1741507636.9124808,-30,1,-178
1741507636.9584808,89,15,5
1741507637.0044808,5,-11,-14
1741507637.0504808,31,-8,-48
1741507637.095481,66,18,-46
1741507637.141481,-13,55,15
1741507637.187481,-45,-12,-84
1741507637.232481,-147,23,-126
1741507637.278481,-11,19,-135
1741507637.324481,34,59,-149
1741507637.370481,28,15,-121
1741507637.4154809,88,21,-55
1741507637.4614809,-43,-6,-207
1741507637.5074809,-19,-6,130
1741507637.552481,-13,-36,-7
1741507637.598481,-54,9,-67
1741507637.644481,81,31,-157
1741507637.690481,67,-62,-11
1741507637.735481,-10,16,-29
1741507637.781481,-11,20,-55
1741507637.827481,-25,-17,-73
1741507637.8724809,-19,-11,-191
1741507637.9184809,69,-26,-117
1741507637.9644809,113,73,-111
1741507638.0104809,-16,70,-47
1741507638.055481,23,-12,-13
1741507638.101481,-6,-2,-107
1741507638.147481,9,63,-83
1741507638.1924808,50,-49,-134
1741507638.2384808,-19,-61,-58
1741507638.2844808,21,-47,-140
1741507638.3304808,-42,-18,-38
1741507638.375481,-45,26,-82
1741507638.421481,42,-13,-70
1741507638.467481,2,39,-140
1741507638.512481,64,-52,55
1741507638.558481,-21,-6,-140
1741507638.604481,9,-3,-106
1741507638.650481,-13,-33,-136
1741507638.6954808,30,8,-86
1741507638.7414808,-3,-33,-180
1741507638.7874808,8,-3,-68
1741507638.832481,92,-33,-114
1741507638.878481,-2,-74,-190
1741507638.924481,10,4,-102
1741507638.970481,66,26,-118
1741507639.015481,44,-73,43
1741507639.061481,17,-15,-104
1741507639.107481,81,-13,-106
1741507639.1524808,-14,-43,-172
1741507639.1984808,-16,-43,-84
1741507639.2444808,-6,-72,-10
1741507639.2904809,-42,-25,-128
1741507639.335481,0,-75,7
1741507639.381481,-57,-49,-26
1741507639.427481,-19,-34,-94
1741507639.472481,73,45,-60
1741507639.518481,12,42,-196
1741507639.564481,50,10,-104
1741507639.610481,-39,-65,-20
1741507639.6554809,-119,35,-124
1741507639.7014809,22,15,-54
1741507639.7474809,122,-66,-126
1741507639.792481,-27,19,-114
1741507639.838481,32,-5,-90
1741507639.884481,-45,46,5
1741507639.930481,28,34,-98
1741507639.975481,-47,20,-13
1741507640.021481,76,-21,-25
1741507640.0674808,-41,25,-105
1741507640.1124809,-48,11,-17
1741507640.158481,-64,29,-57
1741507640.204481,25,-57,-129
1741507640.250481,-68,-11,-153
1741507640.295481,89,0,-71
1741507640.341481,27,-17,-185
1741507640.387481,-35,14,-53
1741507640.4324808,-15,-5,-95
1741507640.4784808,94,-15,-57
1741507640.5244808,22,-9,-143
1741507640.5704808,90,-70,-89
1741507640.615481,76,33,2
1741507640.661481,-46,38,-53
1741507640.707481,64,32,-163
1741507640.752481,54,-32,119
1741507640.798481,-87,-5,-26
1741507640.844481,7,70,-119
1741507640.890481,47,27,-129
1741507640.9354808,-68,-22,-9
1741507640.9814808,38,-83,-113
1741507641.0274808,-15,52,-73
1741507641.072481,42,-55,-135
1741507641.118481,-31,70,-235
1741507641.164481,74,-43,-15
1741507641.210481,92,-34,-110
1741507641.255481,87,-21,6
1741507641.301481,-5,-27,-68
1741507641.347481,-4,67,-102
1741507641.3924809,-41,22,-44
1741507641.4384809,-39,62,-161
1741507641.4844809,40,-17,-45
1741507641.5304809,46,-9,-81
1741507641.575481,-39,24,-126
1741507641.621481,50,-27,-164
1741507641.667481,9,-37,-104
1741507641.712481,-60,-38,-172
1741507641.758481,-58,57,-34
1741507641.804481,63,16,-36
1741507641.850481,-13,-19,-106
1741507641.8954809,40,38,-134
1741507641.9414809,-16,21,-88
1741507641.992481,4,-27,-20
1741507642.038481,-1,-12,-64
1741507642.084481,3,-10,-102
1741507642.130481,-77,18,-58
1741507642.1754808,-17,-5,-44
1741507642.2214808,17,76,-40
1741507642.2674809,15,46,21
1741507642.312481,16,-5,-168
1741507642.358481,67,-1,45
1741507642.404481,-23,40,-186
1741507642.450481,-53,80,-82
1741507642.495481,-21,-3,1
1741507642.541481,21,-17,-126
1741507642.588481,-74,-28,-96
1741507642.633481,-2,7,13
1741507642.679481,101,45,-56
1741507642.725481,-21,-27,-8
1741507642.771481,-11,-31,-82
1741507642.8164809,40,-89,-54
1741507642.8624809,40,-3,-26
1741507642.908481,4,-59,-140
1741507642.953481,38,35,-44
1741507642.999481,15,57,3
1741507643.045481,-47,55,-82
1741507643.091481,-51,48,-160
1741507643.1364808,-7,26,-122
1741507643.1824808,18,6,-70
1741507643.2284808,-17,66,-59
1741507643.273481,-13,-45,-123
1741507643.319481,-45,-5,-33
1741507643.365481,6,-9,-171
1741507643.411481,-56,25,-165
1741507643.456481,-31,-44,-87
1741507643.502481,-31,3,22
1741507643.548481,24,-26,-27
1741507643.5934808,42,37,30
1741507643.6394808,60,-2,-79
1741507643.6854808,66,6,-105
1741507643.7314808,41,20,0
1741507643.776481,25,32,-169
1741507643.822481,48,-65,-133
1741507643.868481,39,16,-22
1741507643.913481,-5,45,-73
1741507643.959481,-50,-38,-89
1741507644.005481,-129,-38,-125
1741507644.051481,68,67,-46
1741507644.0964808,-46,38,-38
1741507644.1424809,-24,-69,-66
1741507644.1884809,51,4,-54
1741507644.233481,53,36,-102
1741507644.279481,-38,-29,-96
1741507644.325481,31,18,31
1741507644.371481,1,8,-70
1741507644.416481,38,-26,-88
1741507644.462481,50,-12,-32
1741507644.508481,22,-60,-45
1741507644.5534809,-15,-44,-35
1741507644.5994809,2,-32,24
1741507644.6454809,-15,37,-117
1741507644.6914809,0,-30,-126
1741507644.736481,-36,-16,-112
1741507644.782481,-2,61,-11
1741507644.828481,62,-69,-158
1741507644.873481,-5,-29,-108
1741507644.9194808,-20,-13,-28
1741507644.9654808,28,-40,41
1741507645.0114808,2,-50,-98
1741507645.056481,-3,31,-176
1741507645.102481,40,-4,-44
1741507645.148481,-71,-6,-194
1741507645.193481,92,81,89
1741507645.239481,-11,3,-122
1741507645.285481,48,43,-58
1741507645.331481,46,-36,-6
1741507645.3764808,20,-2,-88
1741507645.4224808,128,-31,-134
1741507645.4684808,2,-57,-62
1741507645.513481,38,29,-66
1741507645.559481,-58,-67,-110
1741507645.605481,-54,-28,-74
1741507645.651481,124,-1,33
1741507645.696481,99,-28,-84
1741507645.742481,127,71,-116
1741507645.788481,1,23,-150
1741507645.8334808,-20,-57,-72
1741507645.8794808,30,-40,-74
1741507645.9254808,19,16,-204
1741507645.9714808,64,29,-122
1741507646.016481,-15,-6,-170
1741507646.062481,102,69,-158
1741507646.108481,-3,-54,-38
1741507646.153481,-58,10,-104
1741507646.199481,-74,-14,49
1741507646.245481,45,46,-60
1741507646.291481,13,83,-88
1741507646.3364809,-2,11,21
1741507646.3824809,-15,-35,-174
1741507646.4284809,-79,6,9
1741507646.473481,14,-17,-180
1741507646.519481,10,-59,-22
1741507646.565481,-32,22,-28
1741507646.611481,-31,-55,19
1741507646.656481,32,-51,-64
1741507646.702481,30,-13,-8
1741507646.748481,20,-9,-204
1741507646.7934809,-100,38,-16
1741507646.8394809,-63,27,-166
1741507646.8854809,-24,-11,-78
1741507646.931481,-40,-19,-86
1741507646.976481,-42,14,-86
1741507647.022481,-14,-49,-82
1741507647.068481,-81,-24,-72
1741507647.1134808,-62,13,-54
1741507647.1594808,-54,6,-94
1741507647.2054808,83,-56,-38
1741507647.2514808,-31,-65,-28
1741507647.296481,-65,36,-23
1741507647.342481,14,12,130
1741507647.388481,-76,21,-12
1741507647.433481,53,-64,-123
1741507647.479481,29,-50,-151
1741507647.525481,-138,-36,-63
1741507647.571481,-48,6,-163
1741507647.6164808,-59,56,-63
1741507647.6624808,40,36,-65
1741507647.7084808,-55,-13,-87
1741507647.753481,-21,2,-115
1741507647.799481,-61,-7,-141
1741507647.845481,-9,-66,-95
1741507647.891481,-13,39,-105
1741507647.936481,-5,37,-209
1741507647.982481,-59,107,-47
1741507648.028481,-63,-42,34
1741507648.0734808,-40,-33,-11
1741507648.1194808,18,36,-97
1741507648.1654809,4,-2,-129
1741507648.2114809,33,-19,-55
1741507648.256481,13,3,-133
1741507648.302481,-40,19,-75
1741507648.348481,-24,-38,4
1741507648.393481,3,-8,-107
1741507648.439481,-50,-20,-133
1741507648.485481,55,5,30
1741507648.531481,23,-122,8
1741507648.5764809,-96,37,-107
1741507648.6224809,75,-70,-207
1741507648.6684809,42,5,6
1741507648.713481,-22,63,-39
1741507648.759481,-29,-50,4
1741507648.805481,-32,15,-119
1741507648.851481,-57,-37,6
1741507648.896481,48,27,-167
1741507648.9424808,-35,-24,-64
1741507648.9884808,4,-8,-163
1741507649.033481,-5,-10,-71
1741507649.079481,-35,31,-171
1741507649.125481,92,26,-176
1741507649.171481,48,-37,-84
1741507649.216481,4,-9,-104
1741507649.262481,80,60,-142
1741507649.308481,-64,-54,-100
1741507649.3534808,67,21,-198
1741507649.3994808,-3,31,-46
1741507649.4454808,23,45,-110
1741507649.4914808,-36,15,-60
1741507649.536481,13,79,-50
1741507649.582481,7,-102,-48
1741507649.628481,34,46,25
1741507649.673481,-32,12,-117
1741507649.719481,102,-28,-79
1741507649.765481,-3,21,-234
1741507649.8104808,-53,-8,25
1741507649.8564808,62,-46,-130
1741507649.9024808,22,-2,-56
1741507649.9484808,-40,18,-116
1741507649.993481,30,47,-24
1741507650.039481,-28,-5,-86
1741507650.085481,29,-65,-118
1741507650.130481,-64,8,-100
1741507650.176481,-5,-10,-114
1741507650.222481,-23,-48,-66
1741507650.268481,-8,-24,-112
1741507650.3134809,-20,25,-110
1741507650.3594809,-44,-72,43
1741507650.4054809,96,-36,-106
1741507650.450481,78,7,-90
1741507650.496481,-43,-55,-54
1741507650.542481,40,-49,-62
1741507650.588481,16,-39,-118
1741507650.633481,-35,-11,-24
1741507650.679481,10,52,-98
1741507650.725481,-61,87,-104
1741507650.7704809,-57,-34,-122
1741507650.8164809,-27,-43,-74
1741507650.8624809,-45,-96,-58
1741507650.908481,-17,-30,-95
1741507650.953481,44,19,-55
1741507650.999481,18,-56,-9
1741507651.045481,4,-3,-125
1741507651.0904808,-47,23,-153
1741507651.1364808,-49,42,-134
1741507651.1824808,-16,-5,-33
1741507651.2284808,0,-1,-30
1741507651.273481,24,-38,-123
1741507651.319481,-29,-20,-101
1741507651.365481,-37,-4,-171
1741507651.410481,51,13,-153
1741507651.456481,-36,-24,-99
1741507651.502481,93,-121,-28
1741507651.548481,-53,46,-227
1741507651.5934808,34,19,-73
1741507651.6394808,12,-24,-115
1741507651.6854808,22,-8,-87
1741507651.730481,85,-43,-159
1741507651.776481,-28,8,14
1741507651.822481,-6,-87,-79
1741507651.868481,65,-10,-69
1741507651.913481,21,3,84
1741507651.959481,-40,8,-105
1741507652.0104809,-127,-64,-89
1741507652.056481,29,-21,-23
1741507652.102481,42,1,-49
1741507652.148481,0,23,-79
1741507652.193481,-22,-7,48
1741507652.239481,39,-99,-121
1741507652.285481,-64,-13,-178
1741507652.3304808,43,-29,-58
1741507652.3764808,105,86,-80
1741507652.4224808,96,-12,-110
1741507652.4684808,53,-7,-122
1741507652.513481,-46,-33,-12
1741507652.559481,-39,-8,-85
1741507652.605481,35,12,-80
1741507652.650481,89,40,-67
1741507652.6954808,7,-57,-51
1741507652.7414808,0,23,-11
1741507652.786481,-32,-4,76
1741507652.832481,19,1,-83
1741507652.878481,-3,-32,6
1741507652.924481,31,-72,-73
1741507652.969481,-7,15,-77
1741507653.015481,-73,4,-85
1741507653.061481,-5,12,-45
1741507653.1064808,-39,84,26
1741507653.1524808,-17,73,-55
1741507653.1984808,-39,68,8
1741507653.2444808,60,130,-97
1741507653.289481,-25,-57,-57
1741507653.335481,-27,48,-147
1741507653.381481,28,13,-145
1741507653.426481,-66,71,-15
1741507653.472481,17,15,-101
1741507653.518481,47,-16,-223
1741507653.564481,39,-86,-47
1741507653.6094809,-64,19,-107
1741507653.6554809,-40,21,-127
1741507653.7014809,-16,-36,-97
1741507653.746481,45,-2,-93
1741507653.792481,68,9,-103
1741507653.838481,47,89,38
1741507653.884481,-22,-85,-182
1741507653.929481,39,32,-6
1741507653.975481,63,28,-28
1741507654.021481,8,-26,63
1741507654.0664809,40,37,-128
1741507654.1124809,-63,13,-166
1741507654.158481,-54,-32,-22
1741507654.204481,11,-24,-156
1741507654.249481,44,11,-120
1741507654.295481,-15,45,-54
1741507654.341481,6,-41,-156
1741507654.3864808,-65,-7,-58
1741507654.4324808,63,-13,-32
1741507654.4784808,1,6,-100
1741507654.5244808,-70,-2,-160
1741507654.569481,35,21,-128
1741507654.615481,78,31,3
1741507654.661481,-34,-90,-110
1741507654.706481,39,-36,-70
1741507654.752481,19,21,-56
1741507654.798481,39,33,-148
1741507654.844481,41,13,-120
1741507654.8894808,23,3,-44
1741507654.9354808,-2,29,89
1741507654.9814808,-50,75,-162
1741507655.026481,-25,-67,-102
1741507655.072481,-64,-24,-54
1741507655.118481,-66,71,-109
1741507655.164481,67,-108,-146
1741507655.209481,-14,-51,-37
1741507655.255481,-36,-9,-43
1741507655.301481,91,-12,-15
1741507655.3464808,-60,14,-145
1741507655.3924809,-16,45,-163
1741507655.4384809,130,10,-35
1741507655.4844809,42,-37,-85
1741507655.529481,2,-65,-79
1741507655.575481,25,45,-117
1741507655.621481,15,11,-1
1741507655.666481,2,-5,6
1741507655.712481,31,63,-11
1741507655.758481,-28,-14,32
1741507655.804481,-7,8,-51
1741507655.8494809,64,48,-59
1741507655.8954809,115,0,-7
1741507655.9414809,-40,-23,-83
1741507655.986481,65,-12,-51
1741507656.032481,25,-55,-57
1741507656.078481,-38,-89,-143
1741507656.124481,95,48,26
1741507656.1694808,30,46,-79
1741507656.2154808,-85,38,-224
1741507656.2614808,-15,-21,-102
1741507656.306481,-66,28,-46
1741507656.352481,-17,-49,-36
1741507656.398481,-24,-41,-54
1741507656.444481,-20,-57,-76
1741507656.489481,134,-50,-46
1741507656.535481,-18,-6,-102
1741507656.581481,-53,24,-2
1741507656.6264808,-48,0,-158
1741507656.6724808,-89,-23,-16
1741507656.7184808,-22,1,-56
1741507656.763481,-2,-64,-60
1741507656.809481,13,15,-74
1741507656.855481,-45,-10,-4
1741507656.901481,-25,-95,-68
1741507656.946481,-3,-27,-112
1741507656.992481,-30,24,-64
1741507657.038481,18,-66,-92
1741507657.0834808,-84,-14,-34
1741507657.1294808,31,-6,-121
1741507657.1754808,-72,35,-161
1741507657.2214808,49,-48,0
1741507657.266481,-45,11,-123
1741507657.312481,64,-31,-41
1741507657.358481,-59,11,-19
1741507657.403481,29,-80,-39
1741507657.449481,23,-6,-43
1741507657.495481,33,-20,-19
1741507657.541481,27,9,-27
1741507657.5864809,79,14,-1
1741507657.6324809,-10,-37,-107
1741507657.6784809,-16,-113,-18
1741507657.723481,-70,-85,-108
1741507657.769481,3,28,-125
1741507657.815481,-35,-41,-63
1741507657.861481,-41,54,-123
1741507657.906481,-83,-61,-43
1741507657.952481,53,31,-225
1741507657.998481,18,16,-29
1741507658.0434809,52,7,-91
1741507658.0894809,-69,-8,-113
1741507658.1354809,20,17,56
1741507658.181481,-64,36,-180
1741507658.226481,19,-21,-141
1741507658.272481,-48,1,-20
1741507658.318481,-51,-5,-48
1741507658.3634808,51,-32,-148
1741507658.4094808,-6,39,-32
1741507658.4554808,13,-58,-46
1741507658.5014808,43,85,-4
1741507658.546481,64,-56,-75
1741507658.592481,-26,-24,-127
1741507658.638481,23,-62,28
1741507658.683481,-26,-27,-169
1741507658.729481,-25,10,92
1741507658.775481,50,-59,4
1741507658.821481,94,13,-129
1741507658.8664808,66,-50,-91
1741507658.9124808,-71,13,-67
1741507658.9584808,-12,-76,94
1741507659.003481,12,-48,-70
1741507659.049481,-24,-78,-150
1741507659.095481,-37,-46,-106
1741507659.141481,-81,-4,-126
1741507659.186481,-27,19,-40
1741507659.232481,-103,71,-80
1741507659.278481,-66,-8,-106
1741507659.3234808,4,-14,13
1741507659.3694808,26,-33,-134
1741507659.4154809,-79,-49,-10
1741507659.4614809,-39,6,-68
1741507659.506481,-57,-29,-94
1741507659.552481,-20,5,0
1741507659.598481,5,-26,-142
1741507659.643481,107,25,-186
1741507659.689481,24,-21,-158
1741507659.735481,60,-37,-124
1741507659.781481,-49,-33,-122
1741507659.8264809,-3,-7,-106
1741507659.8724809,-47,22,-48
1741507659.9184809,-125,24,-117
1741507659.963481,6,0,-49
1741507660.009481,45,8,-233
1741507660.055481,-28,-79,-181
1741507660.101481,-39,-46,-85
1741507660.146481,12,-14,-55
1741507660.1924808,26,-76,-59
1741507660.2384808,29,-45,12
1741507660.283481,-54,-1,-9
1741507660.329481,1,8,-5
1741507660.375481,80,47,-63
1741507660.421481,50,33,-97
1741507660.466481,86,0,-47
1741507660.512481,-48,13,-11
1741507660.558481,63,5,-133
1741507660.6034808,-5,17,-111
1741507660.6494808,28,41,-61
1741507660.6954808,7,13,-115
1741507660.7414808,-14,-107,-65
1741507660.786481,-60,-9,-151
1741507660.832481,-12,-60,7
1741507660.878481,4,-39,-93
1741507660.923481,0,0,-142
1741507660.969481,1,16,-126
1741507661.015481,7,-9,-92
1741507661.061481,51,0,-52
1741507661.1064808,-48,-15,-100
1741507661.1524808,25,54,-100
1741507661.1984808,-78,-43,-136
1741507661.243481,1,-4,-72
1741507661.289481,-68,15,45
1741507661.335481,19,-28,-116
1741507661.381481,43,12,-124
1741507661.426481,-22,26,-108
1741507661.472481,43,-37,-148
1741507661.518481,-51,-24,-42
1741507661.5634809,30,45,-122
1741507661.6094809,79,17,-1
1741507661.6554809,50,-70,-107
1741507661.7014809,62,32,-41
1741507661.746481,86,-77,-9
1741507661.792481,22,-17,-15
1741507661.838481,-12,-94,-105
1741507661.883481,-3,-6,-71
1741507661.929481,-14,0,-95
1741507661.975481,27,-20,40
1741507662.026481,-2,3,-103
1741507662.072481,-45,-18,-71
1741507662.118481,42,13,15
1741507662.163481,14,77,-143
1741507662.209481,22,-29,-61
1741507662.255481,12,23,22
1741507662.301481,-9,-69,-155
1741507662.3464808,39,31,-35
1741507662.3924809,7,-24,-15
1741507662.4384809,38,24,-113
1741507662.483481,64,4,-137
1741507662.529481,-42,39,-91
1741507662.575481,35,-4,-153
1741507662.620481,-12,29,-17
1741507662.666481,5,-76,-73
1741507662.712481,-4,-8,-25
1741507662.758481,15,16,4
1741507662.8034809,-24,-16,50
1741507662.8494809,-42,-30,-143
1741507662.8954809,-22,7,-102
1741507662.9414809,-132,-32,-40
1741507662.986481,13,-26,-58
1741507663.032481,35,-38,-34
1741507663.078481,7,-64,-112
1741507663.123481,16,25,-44
1741507663.1694808,-69,27,35
1741507663.2154808,4,-14,-154
1741507663.2614808,-23,33,-68
1741507663.306481,8,61,-78
1741507663.352481,38,-16,-108
1741507663.398481,-11,73,-66
1741507663.443481,69,0,-99
1741507663.489481,103,16,-315
1741507663.535481,-2,2,-115
1741507663.5804808,-100,-25,-97
1741507663.6264808,8,14,80
1741507663.6724808,1,-21,-109
1741507663.7184808,93,-3,-25
1741507663.763481,-103,-5,-25
1741507663.809481,26,21,2
1741507663.855481,-3,80,-177
1741507663.900481,-14,16,-191
1741507663.946481,-53,-79,-135
1741507663.992481,-17,20,-107
1741507664.038481,-23,14,-74
1741507664.0834808,74,-61,-94
1741507664.1294808,-43,-93,11
1741507664.1754808,-55,-16,-194
1741507664.220481,62,-17,-116
1741507664.266481,15,13,43
1741507664.312481,58,-36,37
1741507664.358481,-31,-22,-84
1741507664.403481,-75,9,25
1741507664.449481,-77,8,-88
1741507664.495481,45,36,-171
1741507664.5404809,-28,-33,-35
1741507664.5864809,1,-26,-101
1741507664.6324809,-98,27,-35
1741507664.6784809,63,-10,-83
1741507664.723481,-28,-39,-11
1741507664.769481,55,-1,-125
1741507664.815481,-20,48,-47
1741507664.860481,51,-63,-16
1741507664.906481,41,-9,-196
1741507664.952481,-33,-33,-138
1741507664.998481,44,-31,-132
1741507665.0434809,18,-100,-166
1741507665.0894809,4,-27,-32
1741507665.1354809,36,40,-194
1741507665.180481,-3,-27,-20
1741507665.226481,6,-91,-88
1741507665.272481,-45,-115,-84
1741507665.318481,-5,-45,-174
1741507665.3634808,-29,-11,-134
1741507665.4094808,13,37,-42
1741507665.4554808,36,24,-4
1741507665.500481,-61,20,-48
1741507665.546481,8,-77,-128
1741507665.592481,-13,-41,-94
1741507665.638481,36,-61,-162
1741507665.683481,-73,-79,-60
1741507665.729481,-2,-48,-166
1741507665.775481,-41,-48,-24
1741507665.8204808,-43,-7,-156
1741507665.8664808,-15,17,-90
1741507665.9124808,20,-82,-170
1741507665.9584808,72,0,-144
1741507666.003481,62,21,-122
1741507666.049481,-45,2,-102
1741507666.095481,78,26,-80
1741507666.140481,18,48,-128
1741507666.186481,15,-26,-4
1741507666.232481,-38,-42,-108
1741507666.278481,-19,-69,-44
1741507666.3234808,-6,-2,-119
1741507666.3694808,-2,-21,-153
1741507666.4154809,-11,-34,22
1741507666.460481,20,-25,-149
1741507666.506481,-23,-41,-143
1741507666.552481,-21,-22,-65
1741507666.598481,6,-33,-9
1741507666.643481,-45,-25,-47
1741507666.689481,38,0,-91
1741507666.735481,-41,19,-45
1741507666.7804809,10,51,-7
1741507666.8264809,8,3,-31
1741507666.8724809,50,-2,14
1741507666.9184809,42,-58,-177
1741507666.963481,8,-26,-73
1741507667.009481,-14,5,-91
1741507667.055481,54,-100,-21
1741507667.100481,0,22,-31
1741507667.146481,50,-98,-81
1741507667.1924808,58,53,-102
1741507667.2384808,46,-34,-33
1741507667.283481,-31,7,-91
1741507667.329481,22,7,-91
1741507667.375481,-25,57,-101
1741507667.420481,-27,45,10
1741507667.466481,9,-41,-77
1741507667.512481,59,38,-175
1741507667.558481,-4,14,-63
1741507667.6034808,-30,-47,-25
1741507667.6494808,72,-29,20
1741507667.6954808,-29,51,-109
1741507667.740481,81,70,-13
1741507667.786481,72,-35,-57
1741507667.832481,-63,98,22
1741507667.878481,-17,-76,-146
1741507667.923481,4,-64,-61
1741507667.969481,20,-11,-56
1741507668.015481,21,-25,-22
1741507668.0604808,-71,-35,-92
1741507668.1064808,34,-5,-92
1741507668.1524808,-63,-85,-26
1741507668.1984808,64,-35,-80
1741507668.243481,-58,62,-40
1741507668.289481,53,24,51
1741507668.335481,-22,75,-26
1741507668.380481,-14,-12,-48
1741507668.426481,95,-48,-6
1741507668.472481,41,-20,-64
1741507668.518481,17,17,101
1741507668.5634809,54,24,-28
1741507668.6094809,-53,16,-76
1741507668.6554809,-4,-67,-34
1741507668.700481,32,-1,-84
1741507668.746481,46,29,-96
1741507668.792481,30,-22,-86
1741507668.838481,-27,-38,-68
1741507668.883481,25,24,-78
1741507668.929481,-70,3,-94
1741507668.975481,66,-9,-82
1741507669.0204809,46,-21,-54
1741507669.0664809,-72,-92,-82
1741507669.1124809,-4,19,-124
1741507669.158481,-3,28,-52
1741507669.203481,-5,32,51
1741507669.249481,-103,-60,-24
1741507669.295481,-19,-16,-18
1741507669.3404808,2,24,-102
1741507669.3864808,10,14,81
1741507669.4324808,-33,34,-34
1741507669.4784808,-29,-26,-70
1741507669.523481,50,25,-124
1741507669.569481,-59,21,-42
1741507669.615481,4,8,-18
1741507669.660481,7,33,-90
1741507669.706481,12,-59,-96
1741507669.752481,143,-100,-54
1741507669.798481,-54,3,-190
1741507669.8434808,3,-64,-182
1741507669.8894808,-31,-5,-156
1741507669.9354808,71,20,-148
1741507669.980481,15,-19,-148
1741507670.026481,-20,26,-130
1741507670.072481,39,-5,7
1741507670.118481,36,-11,-74
1741507670.163481,47,-90,-148
1741507670.209481,-48,-65,-90
1741507670.255481,-7,27,-86
1741507670.3004808,-72,-53,-124
1741507670.3464808,29,70,-4
1741507670.3924809,7,-21,-174
1741507670.437481,19,-7,-98
1741507670.483481,-2,-5,1
1741507670.529481,-32,-31,-72
1741507670.575481,23,7,-112
1741507670.620481,-24,-52,-192
1741507670.666481,-56,28,-68
1741507670.712481,65,16,-160
1741507670.7574809,35,-7,-82
1741507670.8034809,-16,34,-84
1741507670.8494809,41,26,-178
1741507670.8954809,15,4,-64
1741507670.940481,-64,12,-106
1741507670.986481,25,-33,7
1741507671.032481,37,-16,-54
1741507671.077481,6,-5,-148
1741507671.123481,-16,-20,-126
1741507671.1694808,40,-72,-80
1741507671.2154808,-13,7,-136
1741507671.2604809,4,19,-150
1741507671.306481,-7,38,-66
1741507671.352481,-33,-32,-66
1741507671.397481,46,-22,-8
1741507671.443481,-67,-14,-28
1741507671.489481,-23,-88,-56
1741507671.535481,37,-2,-32
1741507671.5804808,11,59,73
1741507671.6264808,77,19,-16
1741507671.6724808,3,45,-75
1741507671.717481,-38,25,-58
1741507671.763481,6,13,-87
1741507671.809481,-63,-40,-37
1741507671.855481,-81,5,-145
1741507671.900481,-23,9,-101
1741507671.946481,-46,-22,-71
1741507671.992481,0,35,-83
1741507672.0434809,8,-18,-311
1741507672.0894809,44,-15,-81
1741507672.1354809,90,-1,-59
1741507672.180481,-11,12,-85
1741507672.226481,-1,0,-9
1741507672.272481,70,0,-99
1741507672.3174808,-11,25,-131
1741507672.3634808,-45,20,38
1741507672.4094808,68,0,-35
1741507672.4554808,14,-34,-77
1741507672.500481,12,-82,-51
1741507672.546481,-12,43,-101
1741507672.592481,-22,43,34
1741507672.637481,-2,-58,-175
1741507672.683481,0,14,-117
1741507672.729481,-4,24,-79
1741507672.775481,-30,-7,-121
1741507672.8204808,-3,19,-87
1741507672.8664808,13,-109,36
1741507672.9124808,70,7,-117
1741507672.957481,-4,52,-187
1741507673.003481,-50,-11,-103
1741507673.049481,3,24,-55
1741507673.095481,-6,48,0
1741507673.140481,19,2,-89
1741507673.186481,-88,-109,-77
1741507673.232481,31,-38,-33
1741507673.2774808,-68,-42,26
1741507673.3234808,-38,19,-125
1741507673.3694808,-19,3,-149
1741507673.4154809,14,-18,-40
1741507673.460481,-35,-44,-107
1741507673.506481,65,16,-88
1741507673.552481,63,26,0
1741507673.597481,13,-17,-153
1741507673.643481,-43,15,-159
1741507673.689481,74,-8,-119
1741507673.735481,-17,-30,-31
1741507673.7804809,18,-50,15
1741507673.8264809,-25,7,-168
1741507673.8724809,-5,-62,-44
1741507673.917481,44,-46,-110
1741507673.963481,41,3,-84
1741507674.009481,26,-13,-94
1741507674.055481,9,-25,-100
1741507674.100481,-1,0,-6
1741507674.146481,54,-6,-144
1741507674.1924808,-1,-38,-72
1741507674.2374809,46,-1,-18
1741507674.283481,38,-18,-152
1741507674.329481,-49,-16,-116
1741507674.375481,-51,21,-16
1741507674.420481,-36,0,-86
1741507674.466481,29,10,-112
1741507674.512481,65,0,-32
1741507674.5574808,-66,-27,-152
1741507674.6034808,-63,-14,-108
1741507674.6494808,-31,-9,-190
1741507674.6954808,-7,2,-88
1741507674.740481,-7,-29,-136
1741507674.786481,-8,20,26
1741507674.832481,-68,68,-171
1741507674.877481,-30,16,-175
1741507674.923481,5,50,-169
1741507674.969481,-22,73,-137
1741507675.015481,29,36,-85
1741507675.0604808,48,20,-31
1741507675.1064808,18,-37,-57
1741507675.1524808,32,23,-151
1741507675.197481,17,-10,36
1741507675.243481,5,7,-105
1741507675.289481,-6,88,-55
1741507675.335481,-49,48,-116
1741507675.380481,24,89,-178
1741507675.426481,74,-63,-192
1741507675.472481,-66,-8,5
1741507675.5174809,62,-109,-68
1741507675.5634809,-37,-33,-88
1741507675.6094809,12,17,-88
1741507675.6554809,17,5,-56
1741507675.700481,1,-70,0
1741507675.746481,-20,-38,-122
1741507675.792481,5,-6,11
1741507675.837481,38,-52,-92
1741507675.883481,-46,-42,-20
1741507675.929481,-29,-25,-70
1741507675.975481,18,46,27
1741507676.0204809,11,55,-162
1741507676.0664809,2,-51,-52
1741507676.1124809,20,-27,-52
1741507676.157481,-35,4,-164
1741507676.203481,-53,39,-58
1741507676.249481,-11,-24,-10
1741507676.295481,44,23,37
1741507676.3404808,124,-50,-102
1741507676.3864808,-23,-36,-44
1741507676.4324808,61,-48,-153
1741507676.477481,51,6,8
1741507676.523481,8,15,-79
1741507676.569481,-27,-14,-215
1741507676.615481,-61,0,-77
1741507676.660481,96,-56,-159
1741507676.706481,-21,39,-17
1741507676.752481,-60,-35,-67
1741507676.7974808,-44,-40,-143
1741507676.8434808,0,44,-97
1741507676.8894808,-111,-13,-41
1741507676.9354808,-21,-1,50
1741507676.980481,-1,-11,-113
1741507677.026481,-17,-19,-51
1741507677.072481,6,-46,-77
1741507677.117481,26,-27,-1
1741507677.163481,-7,0,-59
1741507677.209481,6,-86,-141
1741507677.2544808,10,-6,-107
1741507677.3004808,-23,35,-105
1741507677.3464808,-85,-17,-90
1741507677.3924809,28,8,-24
1741507677.437481,69,-85,-66
1741507677.483481,53,44,-186
1741507677.529481,-26,10,-182
1741507677.574481,-30,38,-18
1741507677.620481,-68,40,-88
1741507677.666481,-37,16,-88
1741507677.712481,51,18,-54
1741507677.7574809,31,-1,-56
1741507677.8034809,5,-85,-102
1741507677.8494809,-18,-47,-60
1741507677.894481,86,-73,21
1741507677.940481,77,5,-160
1741507677.986481,-118,85,9
1741507678.032481,69,25,-100
1741507678.077481,-4,-2,-122
1741507678.123481,-123,38,-66
1741507678.1694808,12,12,-108
1741507678.2144809,76,-23,-78
1741507678.2604809,-23,30,-95
1741507678.306481,4,-21,-37
1741507678.352481,39,-37,-106
1741507678.397481,2,-34,-130
1741507678.443481,-19,-25,-34
1741507678.489481,-31,-15,-62
1741507678.5344808,34,16,7
1741507678.5804808,-19,24,-103
1741507678.6264808,-75,46,-106
1741507678.6724808,41,58,-19
1741507678.717481,-12,-35,-115
1741507678.763481,19,-43,-145
1741507678.809481,-70,-23,-47
1741507678.854481,6,2,17
1741507678.900481,18,20,18
1741507678.946481,3,-33,-59
1741507678.992481,-26,-59,-149
1741507679.0374808,-8,8,-77
1741507679.0834808,-64,-47,18
1741507679.1294808,-33,-57,6
1741507679.174481,0,4,-3
1741507679.220481,-57,115,-221
1741507679.266481,-46,-3,-71
1741507679.312481,22,-81,-81
1741507679.357481,-47,-29,-157
1741507679.403481,-13,56,0
1741507679.449481,16,24,-151
1741507679.4944808,-5,32,-97
1741507679.5404809,-77,4,-129
1741507679.5864809,47,-19,-142
1741507679.6324809,-40,-79,-127
1741507679.677481,15,86,-131
1741507679.723481,-16,26,-167
1741507679.769481,-17,51,4
1741507679.814481,-56,58,-105
1741507679.860481,41,-17,-123
1741507679.906481,4,5,-17
1741507679.952481,-42,36,-121
1741507679.9974809,1,-13,-39
1741507680.0434809,16,-3,58
1741507680.0894809,25,-53,-21
1741507680.134481,86,-35,-13
1741507680.180481,55,8,-105
1741507680.226481,-4,32,-103
1741507680.272481,73,4,-19
1741507680.3174808,87,-13,-183
1741507680.3634808,-30,76,20
1741507680.4094808,-16,108,-29
1741507680.454481,5,47,-35
1741507680.500481,27,11,-137
1741507680.546481,-72,24,-97
1741507680.592481,23,-15,46
1741507680.637481,-70,-78,-87
1741507680.683481,-57,13,-119
1741507680.729481,-3,15,76
1741507680.7744808,-47,-4,-133
1741507680.8204808,-17,-36,-71
1741507680.8664808,-17,-8,-288
1741507680.9124808,12,-24,-30
1741507680.957481,-57,89,25
1741507681.003481,-35,5,13
1741507681.049481,-46,-81,-92
1741507681.094481,1,6,-128
1741507681.140481,65,-17,-100
1741507681.186481,84,-35,-48
1741507681.232481,32,-35,27
1741507681.2774808,-99,-23,-224
1741507681.3234808,-34,17,-30
1741507681.3694808,-54,-18,-111
1741507681.414481,43,-20,-73
1741507681.460481,-45,-21,-67
1741507681.506481,-3,20,-36
1741507681.552481,0,-22,-109
1741507681.597481,35,35,-63
1741507681.643481,-33,5,-123
1741507681.689481,46,27,-39
1741507681.7344809,15,-20,-137
1741507681.7804809,-34,29,-178
1741507681.8264809,13,-64,-87
1741507681.8724809,56,6,-97
1741507681.917481,-34,-16,-101
1741507681.963481,0,-27,-53
1741507682.0144808,40,76,10
1741507682.0604808,-89,18,69
1741507682.1064808,-17,-17,55
1741507682.1524808,40,32,-66
1741507682.197481,-15,-29,-7
1741507682.243481,26,-65,-125
1741507682.289481,-17,28,-32
1741507682.334481,-11,-9,49
1741507682.380481,-55,-33,-114
1741507682.426481,-24,-41,-144
1741507682.472481,35,-95,-76
1741507682.5174809,3,10,-146
1741507682.5634809,-56,-27,-52
1741507682.6094809,-104,-45,-52
1741507682.654481,43,15,-136
1741507682.700481,-58,0,-114
1741507682.746481,22,0,-2
1741507682.792481,-21,32,-186
1741507682.837481,36,5,-168
1741507682.883481,-71,19,-38
1741507682.929481,0,-29,-86
1741507682.9744809,21,8,-122
1741507683.0204809,24,-79,-94
1741507683.0664809,68,-4,-104
1741507683.1124809,125,49,-44
1741507683.157481,-27,38,-65
1741507683.203481,49,1,-89
1741507683.249481,-48,83,-47
1741507683.2944808,23,83,-137
1741507683.3404808,104,-35,-136
1741507683.3864808,0,-26,-56
1741507683.4324808,-51,33,-199
1741507683.477481,59,18,-31
1741507683.523481,3,-17,20
1741507683.569481,-4,0,-185
1741507683.6164808,-2,-7,-157
1741507683.661481,-10,110,46
1741507683.707481,32,-68,-43
1741507683.753481,-20,-37,-83
1741507683.798481,1,23,-74
1741507683.844481,-24,22,9
1741507683.890481,87,-44,-4
1741507683.936481,-28,3,-164
1741507683.9814808,21,-95,-60
1741507684.0274808,-49,-9,-24
1741507684.0734808,60,-33,-84
1741507684.118481,34,68,-38
1741507684.164481,43,0,-46
1741507684.210481,43,48,115
1741507684.255481,14,-36,-209
1741507684.301481,4,0,-74
1741507684.347481,-43,-72,-66
1741507684.393481,14,10,-82
1741507684.4384809,8,34,-80
1741507684.4844809,-35,76,-100
1741507684.5304809,-3,24,-36
1741507684.575481,31,23,-42
1741507684.621481,-36,38,-72
1741507684.667481,-36,-5,55
1741507684.713481,79,-13,-82
1741507684.758481,34,-23,43
1741507684.804481,9,16,-16
1741507684.850481,-30,-19,21
1741507684.8954809,-22,28,49
1741507684.9414809,-42,12,-16
1741507684.9874809,75,97,-133
1741507685.033481,27,23,20
1741507685.078481,1,85,-127
1741507685.124481,-50,54,-79
1741507685.170481,-32,-15,-165
1741507685.2154808,43,-31,-99
1741507685.2614808,93,38,10
1741507685.3074808,-22,-22,-75
1741507685.3534808,-20,0,-89
1741507685.398481,-2,49,-149
1741507685.444481,61,-62,-43
1741507685.490481,49,-48,-53
1741507685.535481,35,-4,53
1741507685.581481,23,37,-4
1741507685.627481,75,-8,-58
1741507685.673481,63,11,-88
1741507685.7184808,96,5,-28
1741507685.7644808,13,19,-20
1741507685.8104808,-4,-4,-90
1741507685.855481,81,25,-112
1741507685.901481,35,23,-60
1741507685.947481,9,-20,-119
1741507685.993481,-25,-21,-103
1741507686.038481,-11,-25,-129
1741507686.084481,38,-21,-143
1741507686.130481,7,24,-27
1741507686.1754808,-52,-5,-217
1741507686.2214808,-65,-37,-65
1741507686.2674809,-13,-39,-75
1741507686.3134809,19,-32,-137
1741507686.358481,-21,69,-116
1741507686.404481,-29,17,-118
1741507686.450481,6,-34,-26
1741507686.495481,2,41,-72
1741507686.541481,16,1,-81
1741507686.587481,-56,69,34
1741507686.633481,-3,8,-122
1741507686.6784809,8,28,-131
1741507686.7244809,24,30,-97
1741507686.7704809,48,2,-67
1741507686.815481,7,44,-87
1741507686.861481,26,-63,-101
1741507686.907481,-44,63,-137
1741507686.953481,-28,0,-33
1741507686.998481,-94,18,-175
1741507687.0444808,-36,16,-98
1741507687.0904808,25,52,-59
1741507687.1354809,-28,-15,-150
1741507687.181481,43,-27,-30
1741507687.227481,-51,64,-10
1741507687.273481,2,36,-104
1741507687.318481,-63,-63,-138
1741507687.364481,-19,-11,51
1741507687.410481,36,54,-72
1741507687.4554808,25,-32,-138
1741507687.5014808,-34,20,-90
1741507687.5474808,-25,10,-84
1741507687.5934808,10,-67,-106
1741507687.638481,-35,2,3
1741507687.684481,10,-15,-80
1741507687.730481,11,-12,-78
1741507687.775481,3,31,-117
1741507687.821481,-99,27,-56
1741507687.867481,12,-26,35
1741507687.913481,37,-66,-82
1741507687.9584808,62,-6,-90
1741507688.0044808,82,17,-73
1741507688.0504808,-4,-41,-43
1741507688.095481,26,-48,-63
1741507688.141481,-113,-40,-51
1741507688.187481,9,-14,-59
1741507688.233481,45,25,-66
1741507688.278481,15,-32,-132
1741507688.324481,27,50,-90
1741507688.370481,56,-6,45
1741507688.4154809,36,-76,-46
1741507688.4614809,39,-20,-130
1741507688.5074809,-20,-50,-56
1741507688.5534809,-55,30,35
1741507688.598481,16,-67,-74
1741507688.644481,55,0,-114
1741507688.690481,-63,0,-74
1741507688.735481,-31,10,-58
1741507688.781481,6,-4,51
1741507688.827481,14,-32,-70
1741507688.873481,-2,40,-12
1741507688.9184809,-66,-53,9
1741507688.9644809,49,-7,-74
1741507689.0104809,-9,-46,-218
1741507689.055481,-27,-6,-44
1741507689.101481,63,4,-24
1741507689.147481,-84,12,-6
1741507689.193481,5,-59,-122
1741507689.2384808,15,-1,-104
1741507689.2844808,5,-41,-80
1741507689.3304808,56,19,-57
1741507689.375481,107,9,-59
1741507689.421481,28,33,-81
1741507689.467481,22,-6,31
1741507689.513481,-49,-43,-130
1741507689.558481,50,-3,-114
1741507689.604481,0,-45,-2
1741507689.650481,-40,25,-186
1741507689.6954808,31,-26,-46
1741507689.7414808,-23,-9,-105
1741507689.7874808,-2,-6,-54
1741507689.8334808,-44,14,-69
1741507689.878481,27,10,40
1741507689.924481,0,-23,66
1741507689.970481,-24,-37,-237
1741507690.015481,32,-100,-81
1741507690.061481,60,-62,-135
1741507690.107481,-73,3,0
1741507690.153481,69,-33,-13
1741507690.1984808,2,-28,-23
1741507690.2444808,0,5,-89
1741507690.2904809,-25,-58,-147
1741507690.335481,74,-2,-85
1741507690.381481,62,-69,-49
1741507690.427481,20,-43,-95
1741507690.473481,-51,-62,-73
1741507690.518481,-27,0,-77
1741507690.564481,4,-4,-69
1741507690.610481,-51,-70,-3
1741507690.6554809,41,41,-193
1741507690.7014809,-119,49,28
1741507690.7474809,-35,-16,-61
1741507690.7934809,-3,48,-106
1741507690.838481,44,-7,-166
1741507690.884481,58,19,101
1741507690.930481,-41,-18,-113
1741507690.975481,47,23,48
1741507691.021481,61,-19,-147
1741507691.0674808,23,86,-75
1741507691.1124809,-66,-33,-85
1741507691.158481,-4,101,-91
1741507691.204481,133,27,-65
1741507691.250481,-11,5,6
1741507691.295481,12,67,-177
1741507691.341481,-36,-19,-87
1741507691.387481,67,-44,-30
1741507691.4324808,-34,-39,-58
1741507691.4784808,-17,43,41
1741507691.5244808,-62,-88,-74
1741507691.5704808,41,-30,-54
1741507691.615481,21,-66,-246
1741507691.661481,-8,-46,-90
1741507691.707481,-15,-15,53
1741507691.752481,-59,48,-40
1741507691.798481,50,-42,-108
1741507691.844481,-19,75,-64
1741507691.890481,-29,11,3
1741507691.9354808,-50,-53,-116
1741507691.9814808,-22,8,-96
1741507692.032481,12,43,49
1741507692.078481,13,28,47
1741507692.124481,-18,-17,-58
1741507692.170481,49,20,-82
1741507692.2154808,77,34,-8
1741507692.2614808,101,-33,-102
1741507692.3074808,-3,-19,-136
1741507692.352481,33,26,-30
1741507692.398481,20,-9,-129
1741507692.444481,-25,22,-21
1741507692.490481,-22,-61,-55
1741507692.535481,-53,34,-127
1741507692.581481,26,-5,-125
1741507692.627481,44,-29,-167
1741507692.6724808,34,36,-83
1741507692.7184808,-43,31,-11
1741507692.7644808,-15,-13,-15
1741507692.8104808,-32,18,-161
1741507692.855481,-48,-7,-41
1741507692.901481,50,6,-49
1741507692.947481,114,-3,-85
1741507692.992481,24,-9,-83
1741507693.038481,40,2,-63
1741507693.084481,8,22,-25
1741507693.130481,-31,-19,-35
1741507693.1754808,70,8,-10
1741507693.2214808,46,36,-70
1741507693.2674809,56,82,-26
1741507693.312481,-58,73,-66
1741507693.358481,67,-20,-38
1741507693.404481,-3,-1,-144
1741507693.450481,-32,-56,-116
1741507693.495481,-90,-8,-30
1741507693.541481,-65,41,-74
1741507693.587481,-13,41,-136
1741507693.6324809,103,53,-240
1741507693.6784809,-22,6,-160
1741507693.7244809,-50,-41,-210
1741507693.7704809,15,-63,-134
1741507693.815481,13,0,-112
1741507693.861481,43,0,-168
1741507693.907481,23,-30,-2
1741507693.952481,-72,33,-120
1741507693.998481,0,-24,-82
1741507694.0444808,35,-92,-10
1741507694.0904808,57,13,-38
1741507694.1354809,37,121,-190
1741507694.181481,-17,59,-118
1741507694.227481,-7,30,-214
1741507694.272481,39,30,-156
1741507694.318481,-6,70,-82
1741507694.364481,-8,52,-62
1741507694.410481,21,20,-8
1741507694.4554808,24,20,-140
1741507694.5014808,-83,-1,-30
1741507694.5474808,34,12,-106
1741507694.592481,-101,-21,-278
1741507694.638481,60,-19,-138
1741507694.684481,-17,-93,-76
1741507694.730481,-19,-8,-106
1741507694.775481,-4,5,19
1741507694.821481,-8,-56,0
1741507694.867481,-84,63,15
1741507694.9124808,-58,22,11
1741507694.9584808,23,-23,-222
1741507695.0044808,-10,48,-8
1741507695.0504808,83,-37,-94
1741507695.095481,-67,-47,-4
1741507695.141481,9,0,-236
1741507695.187481,81,21,37
1741507695.232481,-23,-3,7
1741507695.278481,46,54,-43
1741507695.3234808,-27,36,-51
1741507695.368481,-27,-37,-119
1741507695.414481,-54,-69,-43
1741507695.460481,1,12,-39
1741507695.506481,55,58,-35
1741507695.551481,67,-17,-53
1741507695.597481,-4,2,-169
1741507695.643481,47,-63,-151
1741507695.6884809,-52,28,-127
1741507695.7344809,-61,3,-163
1741507695.7804809,-77,37,-93
1741507695.8264809,6,-50,-38
1741507695.871481,-20,4,-70
1741507695.917481,-70,-27,-102
1741507695.963481,6,58,-84
1741507696.008481,87,14,-90
1741507696.054481,-57,-31,7
1741507696.100481,-11,-27,8
1741507696.146481,17,-47,-99
1741507696.1914809,7,-71,-175
1741507696.2374809,-58,-33,-17
1741507696.283481,-2,0,-71
1741507696.328481,-60,64,-103
1741507696.374481,19,-26,-62
1741507696.420481,-6,24,-126
1741507696.466481,-16,-55,47
1741507696.5114808,3,-73,-32
1741507696.5574808,27,-51,-62
1741507696.6034808,-5,63,-82
1741507696.648481,9,4,17
1741507696.694481,31,32,111
1741507696.740481,67,28,-170
1741507696.785481,35,-79,-136
1741507696.831481,-17,-69,-42
1741507696.877481,-19,12,-89
1741507696.923481,10,74,-203
1741507696.9684808,68,-45,-147
1741507697.0144808,35,15,72
1741507697.0604808,-25,-4,-1
1741507697.1064808,-31,25,-163
1741507697.151481,64,-16,-89
1741507697.197481,18,-24,-39
1741507697.243481,64,-43,-45
1741507697.288481,-75,-20,-81
1741507697.334481,12,4,-107
1741507697.380481,-3,68,-157
1741507697.426481,20,73,-103
1741507697.4714808,-1,18,-175
1741507697.5174809,0,62,-195
1741507697.5634809,-89,10,-85
1741507697.608481,-9,16,-155
1741507697.654481,48,9,-80
1741507697.700481,30,-37,-128
1741507697.745481,99,-17,-24
1741507697.791481,-78,-11,-108
1741507697.837481,24,-16,-34
1741507697.883481,-25,17,-112
1741507697.9284809,50,-84,-44
1741507697.9744809,44,-30,-151
1741507698.0204809,31,-60,-101
1741507698.065481,29,31,-37
1741507698.111481,-22,-10,-115
1741507698.157481,67,31,35
1741507698.203481,24,7,-38
1741507698.248481,90,13,-74
1741507698.2944808,42,15,-132
1741507698.3404808,33,-15,-40
1741507698.3854809,1,-65,-76
1741507698.431481,-38,0,-70
1741507698.477481,-32,20,-168
1741507698.523481,-22,-18,-34
1741507698.568481,-60,45,39
1741507698.614481,0,79,-40
1741507698.660481,-2,-5,66
1741507698.7054808,15,-45,-13
1741507698.7514808,50,-36,-193
1741507698.7974808,75,44,-109
1741507698.8434808,-9,4,-143
1741507698.888481,90,32,-119
1741507698.934481,-13,-42,41
1741507698.980481,-26,24,-104
1741507699.025481,55,2,-148
1741507699.071481,32,39,-101
1741507699.117481,-21,-15,-165
1741507699.163481,2,18,-161
1741507699.2084808,-4,-45,-97
1741507699.2544808,-6,0,-173
1741507699.3004808,0,-40,-107
1741507699.345481,12,-47,-123
1741507699.391481,-3,-5,-53
1741507699.437481,12,67,-21
1741507699.483481,71,-48,-70
1741507699.528481,33,25,-103
1741507699.574481,-26,-38,-29
1741507699.620481,-32,23,-36
1741507699.6654809,55,0,-50
1741507699.7114809,-30,-38,-156
1741507699.7574809,74,-14,-114
1741507699.8034809,12,9,-120
1741507699.848481,8,39,-150
1741507699.894481,83,69,-16
1741507699.940481,14,19,-36
1741507699.985481,24,-48,-80
1741507700.031481,-39,-2,-49
1741507700.077481,-18,-6,-78
1741507700.123481,60,6,35
1741507700.1684809,-1,-47,-8
1741507700.2144809,86,20,-30
1741507700.2604809,58,11,-10
1741507700.305481,-11,-27,-114
1741507700.351481,10,-65,-74
1741507700.397481,92,30,-146
1741507700.443481,110,52,-100
1741507700.4884808,14,-8,-6
1741507700.5344808,-36,0,-56
1741507700.5804808,-46,73,-86
1741507700.625481,-46,-2,-136
1741507700.671481,-4,47,-108
1741507700.717481,36,-36,1
1741507700.763481,-26,-11,-96
1741507700.808481,13,21,15
1741507700.854481,-18,37,-92
1741507700.900481,-74,-57,-151
1741507700.9454808,-12,-21,-188
1741507700.9914808,9,0,47
1741507701.0374808,-16,-52,-216
1741507701.0834808,72,-39,-35
1741507701.128481,-35,64,-105
1741507701.174481,-61,-1,-179
1741507701.220481,84,44,0
1741507701.265481,28,-9,-73
1741507701.311481,39,35,-135
1741507701.357481,41,-61,-65
1741507701.403481,-28,26,-89
1741507701.4484808,17,-37,-115
1741507701.4944808,83,-21,-133
1741507701.5404809,44,-4,-5
1741507701.585481,-28,-5,-141
1741507701.631481,39,-77,-69
1741507701.677481,-40,-37,-121
1741507701.723481,-58,-39,-111
1741507701.768481,-42,16,-121
1741507701.814481,40,7,-85
1741507701.860481,14,7,-76
1741507701.9054809,6,-30,-59
1741507701.9514809,-5,9,-127
1741507701.9974809,-41,7,-80
1741507702.048481,-19,-12,-84
1741507702.094481,8,53,-112
1741507702.140481,-7,31,15
1741507702.1854808,60,25,-134
1741507702.2314808,-39,29,-62
1741507702.2774808,-24,-35,-92
1741507702.3234808,-15,16,-70
1741507702.368481,23,-45,57
1741507702.414481,7,-39,-38
1741507702.460481,-36,-89,-44
1741507702.505481,29,-57,-100
1741507702.551481,-46,58,-90
1741507702.597481,-59,-74,-117
1741507702.643481,-100,-17,-63
1741507702.6884809,-76,26,-19
1741507702.7344809,7,-27,-111
1741507702.7804809,-41,-14,-109
1741507702.825481,-13,-97,-39
1741507702.871481,88,37,0
1741507702.917481,-5,-72,-115
1741507702.963481,90,31,-173
1741507703.008481,-45,63,-103
1741507703.054481,30,41,-145
1741507703.100481,-57,-16,-17
1741507703.1454809,71,51,-87
1741507703.1914809,-35,-23,-161
1741507703.2374809,32,-35,-31
1741507703.283481,7,-21,-98
1741507703.328481,-24,-76,-155
1741507703.374481,-60,-90,-145
1741507703.420481,-2,-30,-39
1741507703.4654808,-60,71,-101
1741507703.5114808,-24,8,-28
1741507703.5574808,29,32,-90
1741507703.6034808,0,2,33
1741507703.648481,15,-33,-111
1741507703.694481,-44,20,-138
1741507703.740481,33,46,-150
1741507703.785481,-8,-14,-6
1741507703.831481,94,-6,-99
1741507703.877481,-56,1,-53
1741507703.923481,-56,39,-131
1741507703.9684808,19,-14,-30
1741507704.0144808,15,21,-17
1741507704.0604808,-7,-10,-61
1741507704.105481,-21,-24,-173
1741507704.151481,-20,5,-145
1741507704.197481,57,-72,-131
1741507704.243481,17,25,-63
1741507704.288481,-56,-8,-175
1741507704.334481,33,65,-83
1741507704.380481,28,-7,-89
1741507704.4254808,-93,-28,-46
1741507704.4714808,-9,15,-85
1741507704.5174809,-81,49,-19
1741507704.562481,26,26,-71
1741507704.608481,98,6,1
1741507704.654481,52,-9,-119
1741507704.700481,-61,6,-83
1741507704.745481,-30,-81,8
1741507704.791481,-52,4,-59
1741507704.837481,15,14,-55
1741507704.8824809,-24,-11,-2
1741507704.9284809,-20,6,-191
1741507704.9744809,67,22,-126
1741507705.0204809,-26,-2,-136
1741507705.065481,79,32,-54
1741507705.111481,10,4,14
1741507705.157481,11,-5,-174
1741507705.202481,-20,50,-147
1741507705.248481,-59,-51,-61
1741507705.2944808,-9,15,-63
1741507705.3404808,12,-32,-134
1741507705.3854809,-63,9,-59
1741507705.431481,68,39,-165
1741507705.477481,0,-14,120
1741507705.522481,74,-35,-57
1741507705.568481,117,29,-65
1741507705.614481,-36,51,-25
1741507705.660481,-22,-82,-119
1741507705.7054808,3,-40,-95
1741507705.7514808,95,-4,-59
1741507705.7974808,-46,19,-43
1741507705.842481,13,0,-15
1741507705.888481,-43,38,-169
1741507705.934481,13,-6,-78
1741507705.980481,4,-51,0
1741507706.025481,-14,131,-55
1741507706.071481,26,-31,-29
1741507706.117481,28,-38,-38
1741507706.1624808,41,37,13
1741507706.2084808,67,11,-62
1741507706.2544808,-76,-12,-189
1741507706.3004808,-84,8,-117
1741507706.345481,-31,-76,-76
1741507706.391481,16,-10,-115
1741507706.437481,49,-32,-75
1741507706.482481,13,63,-121
1741507706.528481,-22,-28,-45
1741507706.574481,-26,45,-79
1741507706.620481,-58,15,-212
1741507706.6654809,-18,1,41
1741507706.7114809,8,-116,-189
1741507706.7574809,31,9,-85
1741507706.802481,-57,15,-24
1741507706.848481,-75,-46,-142
1741507706.894481,52,47,-49
1741507706.940481,85,17,-103
1741507706.985481,-4,-60,-110
1741507707.031481,-18,-22,-47
1741507707.077481,62,-16,14
1741507707.1224809,-59,7,-23
1741507707.1684809,-57,-21,-123
1741507707.2144809,-18,-7,-103
1741507707.2604809,25,-13,-109
1741507707.305481,-86,-43,-53
1741507707.351481,52,50,-11
1741507707.397481,16,-15,-49
1741507707.4424808,-58,-14,-153
1741507707.4884808,-70,36,1
1741507707.5344808,-36,-29,-133
1741507707.5804808,25,-43,-51
1741507707.625481,79,-59,-99
1741507707.671481,7,22,-63
1741507707.717481,-5,-45,-66
1741507707.762481,104,38,42
1741507707.808481,43,-10,30
1741507707.854481,87,42,-120
1741507707.900481,22,-3,-41
1741507707.9454808,-12,7,-141
1741507707.9914808,-120,62,-133
1741507708.0374808,-21,-8,22
1741507708.082481,98,11,-55
1741507708.128481,40,-52,10
1741507708.174481,8,-5,26
1741507708.220481,16,-44,6
1741507708.265481,-19,-56,18
1741507708.311481,-1,-12,-145
1741507708.357481,65,-29,-40
1741507708.4024808,25,15,-109
1741507708.4484808,-73,-56,-126
1741507708.4944808,-97,-14,-73
1741507708.5404809,0,-30,-188
1741507708.585481,-80,19,-52
1741507708.631481,-54,-66,-96
1741507708.677481,33,45,-74
1741507708.722481,-40,-61,-28
1741507708.768481,49,24,-64
1741507708.814481,-31,-28,-52
1741507708.860481,-13,39,-112
1741507708.9054809,-5,-14,-4
1741507708.9514809,34,17,28
1741507708.9974809,36,-20,-119
1741507709.042481,35,27,-77
1741507709.088481,27,-12,14
1741507709.134481,-46,0,-79
1741507709.180481,5,-34,18
1741507709.225481,3,29,-97
1741507709.271481,5,118,-45
1741507709.3174808,-4,-24,-103
1741507709.3624809,7,-53,26
1741507709.408481,54,18,-47
1741507709.454481,31,28,-77
1741507709.500481,10,-63,-57
1741507709.545481,-26,35,-1
1741507709.591481,11,5,-13
1741507709.637481,-4,-45,-15
1741507709.6824808,-28,22,-109
1741507709.7284808,-84,-33,-21
1741507709.7744808,-8,-29,-33
1741507709.8204808,61,26,-47
1741507709.865481,33,94,-125
1741507709.911481,38,-21,-127
1741507709.957481,22,-25,-177
1741507710.002481,-2,42,-87
1741507710.048481,73,-83,-117
1741507710.094481,23,-21,-135
1741507710.140481,-76,27,-101
1741507710.1854808,12,47,-161
1741507710.2314808,32,53,-77
1741507710.2774808,-30,-11,-75
1741507710.322481,47,14,-147
1741507710.368481,-4,36,-89
1741507710.414481,5,16,-95
1741507710.460481,13,-3,-125
1741507710.505481,3,-28,26
1741507710.551481,-114,-47,-91
1741507710.597481,32,65,-83
1741507710.6424809,-46,-78,-47
1741507710.6884809,25,17,-81
1741507710.7344809,51,2,-27
1741507710.7804809,6,20,-21
1741507710.825481,-25,52,-137
1741507710.871481,38,-23,-113
1741507710.917481,-23,0,-87
1741507710.962481,43,-22,-145
1741507711.008481,-30,-20,-3
1741507711.054481,105,31,-10
1741507711.100481,-2,33,-196
1741507711.1454809,55,-59,-71
1741507711.1914809,57,-17,-104
1741507711.2374809,-18,-23,-194
1741507711.282481,43,-26,-60
1741507711.328481,4,3,-44
1741507711.374481,8,0,-18
1741507711.4194808,24,23,-92
1741507711.4654808,21,-17,17
1741507711.5114808,26,20,-108
1741507711.5574808,0,39,3
1741507711.602481,40,-40,-100
1741507711.648481,25,-32,-140
1741507711.694481,-24,67,-96
1741507711.739481,-82,33,-132
1741507711.785481,-60,-20,-74
1741507711.831481,-16,17,-32
1741507711.877481,19,-46,-118
1741507711.9224808,1,-16,33
1741507711.9684808,-36,-48,-46
1741507712.0144808,23,-30,-80
1741507712.065481,7,32,-22
1741507712.111481,-14,47,-93
1741507712.157481,-30,-22,-32
1741507712.202481,-38,28,-169
1741507712.248481,-8,3,-153
1741507712.2944808,-85,49,-171
1741507712.3394809,28,9,-41
1741507712.3854809,28,-24,-141
1741507712.431481,28,21,-29
1741507712.477481,-55,21,42
1741507712.522481,15,57,-17
1741507712.568481,25,13,-135
1741507712.614481,27,-74,-93
1741507712.6594808,-30,23,-37
1741507712.7054808,31,79,-47
1741507712.7514808,-26,-30,16
1741507712.7974808,-13,-20,-130
1741507712.842481,-7,-18,-83
1741507712.888481,-31,-10,-83
1741507712.934481,-40,27,-144
1741507712.979481,-50,51,-202
1741507713.025481,14,-57,-8
1741507713.071481,-101,-15,-55
1741507713.117481,-29,-8,-101
1741507713.1624808,32,17,-97
1741507713.2084808,96,17,43
1741507713.2544808,51,58,-82
1741507713.299481,103,-35,-150
1741507713.345481,19,0,-62
1741507713.391481,14,12,-84
1741507713.437481,-18,-35,-68
1741507713.482481,73,-2,113
1741507713.528481,-1,-18,75
1741507713.574481,76,6,-2
1741507713.6194808,21,-50,-26
1741507713.6654809,1,12,-220
1741507713.7114809,-66,36,-88
1741507713.7574809,-26,-11,-112
1741507713.802481,-32,-21,3
1741507713.848481,0,-5,-40
1741507713.894481,-14,-83,29
1741507713.939481,34,5,-16
1741507713.985481,49,4,-122
1741507714.031481,-5,10,-122
1741507714.077481,-37,12,-122
1741507714.1224809,-26,-15,-100
1741507714.1684809,31,-65,-87
1741507714.2144809,-7,-19,-76
1741507714.259481,44,47,-172
1741507714.305481,-8,-20,-12
1741507714.351481,-22,27,-180
1741507714.397481,7,21,-30
1741507714.4424808,-14,0,-93
1741507714.4884808,31,9,-61
1741507714.5344808,100,27,-68
1741507714.579481,26,-22,-52
1741507714.625481,18,-10,-40
1741507714.671481,4,21,-118
1741507714.717481,-47,-30,-2
1741507714.762481,-103,11,-98
1741507714.808481,-91,11,-56
1741507714.854481,-31,-44,-64
1741507714.8994808,-9,37,-24
1741507714.9454808,-15,-62,-128
1741507714.9914808,18,33,11
1741507715.0374808,78,-20,-46
1741507715.082481,-29,-80,-60
1741507715.128481,-66,-14,-28
1741507715.174481,105,-66,-60
1741507715.219481,-41,63,-92
1741507715.265481,-51,9,-122
1741507715.311481,-130,-8,-132
1741507715.357481,45,0,-16
1741507715.4024808,2,0,-79
1741507715.4484808,125,-43,-154
1741507715.4944808,-14,0,-193
1741507715.539481,59,45,-238
1741507715.585481,-35,-69,-172
1741507715.631481,41,-14,-79
1741507715.677481,37,-40,14
1741507715.722481,9,11,-81
1741507715.768481,-6,-60,-103
1741507715.814481,29,-7,-93
1741507715.8594809,51,-31,-93
1741507715.9054809,29,-62,12
1741507715.9514809,54,-2,44
1741507715.9974809,-4,-10,-121
1741507716.042481,-33,39,-85
1741507716.088481,105,3,-31
1741507716.134481,-24,-79,-225
1741507716.179481,17,-65,-119
1741507716.225481,24,-18,34
1741507716.271481,4,-43,34
1741507716.3174808,50,-7,-63
1741507716.3624809,21,0,-23
1741507716.408481,9,-35,-163
1741507716.454481,44,58,-76
1741507716.499481,-67,16,-80
1741507716.545481,76,-57,-77
1741507716.591481,37,-14,-57
1741507716.637481,-60,31,-47
1741507716.6824808,74,5,-43
1741507716.7284808,25,-8,-183
1741507716.7744808,-13,57,-149
1741507716.819481,-3,-60,-107
1741507716.865481,-37,1,-143
1741507716.911481,0,-78,-175
1741507716.957481,26,-54,-125
1741507717.002481,2,-18,-39
1741507717.048481,-9,37,-81
1741507717.094481,-69,39,-169
1741507717.1394808,41,-29,-86
1741507717.1854808,24,2,-106
1741507717.2314808,-12,17,-42
1741507717.2774808,-67,7,-101
1741507717.322481,-17,-26,-63
1741507717.368481,-23,-101,33
1741507717.414481,-54,17,-76
1741507717.459481,103,26,5
1741507717.505481,5,-67,-70
1741507717.551481,-17,5,-18
1741507717.597481,80,-50,-80
1741507717.6424809,-79,17,-52
1741507717.6884809,12,-56,-164
1741507717.7344809,37,103,-88
1741507717.779481,8,8,1
1741507717.825481,-55,24,35
1741507717.871481,0,-35,-72
1741507717.917481,-63,-11,-148
1741507717.962481,89,48,-90
1741507718.008481,-11,83,-62
1741507718.054481,62,11,-47
1741507718.0994809,-47,-54,-29
1741507718.1454809,-15,29,-57
1741507718.1914809,21,16,-81
1741507718.236481,25,26,50
1741507718.282481,61,10,36
1741507718.328481,-20,-7,-269
1741507718.374481,2,28,-51
1741507718.4194808,38,-6,-51
1741507718.4654808,16,25,-25
1741507718.5114808,6,-51,-69
1741507718.556481,-36,-37,2
1741507718.602481,22,-41,-41
1741507718.648481,-5,-38,-133
1741507718.694481,119,-43,-151
1741507718.739481,-40,9,-17
1741507718.785481,6,34,22
1741507718.831481,-25,40,-71
1741507718.8764808,-55,-40,-187
1741507718.9224808,-33,13,54
1741507718.9684808,-13,-20,-53
1741507719.0144808,-26,-31,-111
1741507719.059481,-1,28,-72
1741507719.105481,-74,37,-91
1741507719.151481,-29,34,-133
1741507719.196481,-30,-14,-96
1741507719.242481,-18,21,-69
1741507719.288481,14,19,-51
1741507719.334481,13,58,-61
1741507719.3794808,103,-41,-27
1741507719.4254808,65,-41,-85
1741507719.4714808,-57,42,-89
1741507719.516481,-15,0,-151
1741507719.562481,-93,-16,-65
1741507719.608481,-44,8,-25
1741507719.654481,-1,14,-149
1741507719.699481,34,-33,-53
1741507719.745481,-69,-31,-19
1741507719.791481,4,34,-125
1741507719.8364809,-28,-49,-59
1741507719.8824809,29,-31,-5
1741507719.9284809,75,-1,-27
1741507719.9744809,23,-11,-135
1741507720.019481,10,42,50
1741507720.065481,24,34,-73
1741507720.111481,35,33,-9
1741507720.156481,-36,19,-109
1741507720.202481,-28,-7,-41
1741507720.248481,-70,-10,-111
1741507720.2944808,-6,-12,-19
1741507720.3394809,27,41,-81
1741507720.384481,52,-14,20
1741507720.430481,10,47,2
1741507720.475481,-7,21,-135
1741507720.521481,-27,57,-197
1741507720.5674808,33,31,-99
1741507720.6124809,-96,-3,-78
1741507720.658481,21,-55,-154
1741507720.704481,79,22,-64
1741507720.750481,-3,90,-78
1741507720.795481,-7,-19,-94
1741507720.841481,-7,-10,-70
1741507720.887481,-3,2,-149
1741507720.9324808,12,-13,-20
1741507720.9784808,68,-51,-44
1741507721.0244808,8,-33,-28
1741507721.0704808,-19,66,-60
1741507721.115481,48,-1,-216
1741507721.161481,-5,38,-28
1741507721.207481,50,-55,-121
1741507721.252481,-45,-59,-168
1741507721.298481,16,63,-78
1741507721.344481,10,-20,-96
1741507721.390481,50,11,-136
1741507721.4354808,40,-41,-44
1741507721.4814808,36,46,1
1741507721.5274808,8,33,-92
1741507721.572481,-113,-20,-70
1741507721.618481,19,13,1
1741507721.664481,-32,-56,-62
1741507721.710481,7,11,-48
1741507721.755481,-8,29,-132
1741507721.801481,37,-50,-154
1741507721.847481,-98,24,-52
1741507721.8924809,3,-64,1
1741507721.9384809,83,7,-52
1741507721.9844809,-12,-84,-154
1741507722.0304809,-26,3,13
1741507722.081481,23,2,45
1741507722.127481,73,-31,-78
1741507722.1724808,-18,-46,-108
1741507722.2184808,-4,76,-122
1741507722.2644808,67,24,-144
1741507722.3104808,97,38,-130
1741507722.355481,-24,-38,-62
1741507722.401481,25,-17,-24
1741507722.447481,-28,-65,-42
1741507722.492481,-6,6,-6
1741507722.538481,30,19,-96
1741507722.584481,-38,-45,-144
1741507722.630481,35,-10,-34
1741507722.6754808,55,47,-58
1741507722.7214808,48,-12,-172
1741507722.7674809,-37,-35,-158
1741507722.812481,-5,-42,3
1741507722.858481,32,10,-84
1741507722.904481,14,-29,-164
1741507722.950481,81,3,-130
1741507722.995481,4,-31,-2
1741507723.041481,-65,22,1
1741507723.087481,0,26,-24
1741507723.1324809,-67,68,25
1741507723.1784809,3,-90,-112
1741507723.2244809,34,36,-176
1741507723.2704809,32,56,-56
1741507723.315481,-37,35,-144
1741507723.361481,-21,1,-56
1741507723.407481,82,-96,-130
1741507723.452481,4,13,-32
1741507723.498481,44,7,-126
1741507723.5444808,16,-36,-108
1741507723.5904808,74,-18,-22
1741507723.6354809,-40,11,-50
1741507723.681481,19,-91,27
1741507723.727481,-29,-53,-16
1741507723.772481,-52,22,-72
1741507723.818481,11,38,-104
1741507723.864481,-32,22,-52
1741507723.910481,12,-45,-119
1741507723.9554808,-1,0,-113
1741507724.0014808,39,14,-63
1741507724.0474808,-56,-3,-135
1741507724.092481,33,-3,-67
1741507724.138481,-68,-15,-157
1741507724.184481,-53,63,38
1741507724.230481,70,4,-93
1741507724.275481,-9,-13,-165
1741507724.321481,26,-83,-87
1741507724.367481,50,52,-73
1741507724.4124808,-49,4,-58
1741507724.4584808,-13,25,-125
1741507724.5044808,-22,9,-151
1741507724.5504808,-45,-56,-9
1741507724.595481,60,-12,-207
1741507724.641481,16,11,-77
1741507724.687481,-73,-10,8
1741507724.732481,-55,-6,-109
1741507724.778481,-82,10,-181
1741507724.824481,-15,16,-61
1741507724.870481,14,26,-69
1741507724.9154809,-65,-15,-73
1741507724.9614809,-4,15,-94
1741507725.0074809,-32,-16,-50
1741507725.052481,129,-42,-86
1741507725.098481,58,-35,-92
1741507725.144481,16,-40,31
1741507725.189481,-23,-60,-110
1741507725.235481,23,-110,-10
1741507725.281481,-17,37,-208
1741507725.327481,21,4,-84
1741507725.3724809,8,3,-47
1741507725.4184809,22,33,50
1741507725.4644809,-53,11,-119
1741507725.509481,52,-40,-59
1741507725.555481,-19,-8,-255
1741507725.601481,-43,68,-125
1741507725.647481,66,-14,-111
1741507725.6924808,28,-88,8
1741507725.7374809,-13,-32,-57
1741507725.783481,-59,23,-47
1741507725.828481,8,-34,18
1741507725.874481,-13,109,-73
1741507725.920481,-51,9,5
1741507725.9654808,15,19,-72
1741507726.0114808,51,-14,-130
1741507726.0574808,-1,-27,-134
1741507726.1034808,-77,0,-50
1741507726.148481,-15,-5,-38
1741507726.194481,58,19,23
1741507726.240481,-17,-29,-6
1741507726.285481,-61,-39,-112
1741507726.331481,18,12,-90
1741507726.377481,21,-78,-38
1741507726.423481,-58,43,-92
1741507726.4684808,-13,-34,0
1741507726.5144808,38,-6,21
1741507726.5604808,26,1,-144
1741507726.605481,-23,-4,-90
1741507726.651481,48,-83,-22
1741507726.697481,9,28,-4
1741507726.743481,11,41,47
1741507726.788481,23,-40,11
1741507726.834481,31,47,-232
1741507726.880481,11,-98,32
1741507726.9254808,-10,-32,-41
1741507726.9714808,73,-6,32
1741507727.0174809,-17,-1,-31
1741507727.0634809,21,-16,-23
1741507727.108481,-38,-2,-163
1741507727.154481,-6,-80,-95
1741507727.200481,-37,-35,-53
1741507727.245481,-17,28,-183
1741507727.291481,-34,-37,-141
1741507727.337481,-13,10,-69
1741507727.383481,-36,48,-55
1741507727.4284809,61,34,-19
1741507727.4744809,39,42,-115
1741507727.5204809,-12,10,-71
1741507727.565481,47,-17,-101
1741507727.611481,5,0,-75
1741507727.657481,0,9,-117
1741507727.703481,49,-43,-219
1741507727.748481,-4,6,-47
1741507727.7944808,43,-20,-55
1741507727.8404808,-50,-41,-157
1741507727.8854809,9,-27,-149
1741507727.931481,-5,-18,2
1741507727.977481,168,81,-108
1741507728.023481,-65,-24,-97
1741507728.068481,60,-38,-55
1741507728.114481,62,-16,-72
1741507728.160481,74,53,69
1741507728.2054808,44,28,-80
1741507728.2514808,28,-13,-158
1741507728.2974808,64,-50,-124
1741507728.3434808,24,81,-50
1741507728.388481,-33,3,-170
1741507728.434481,-49,-16,-118
1741507728.480481,11,36,-58
1741507728.525481,30,-41,-76
1741507728.571481,-15,58,69
1741507728.617481,33,-3,-40
1741507728.663481,23,-71,-18
1741507728.7084808,-4,4,-72
1741507728.7544808,-2,-45,-71
1741507728.8004808,23,-25,-83
1741507728.845481,-36,36,-61
1741507728.891481,-9,-1,-143
1741507728.937481,12,-31,-81
1741507728.983481,10,18,-35
1741507729.028481,-49,-15,-93
1741507729.074481,56,16,-188
1741507729.120481,-5,18,-43
1741507729.1654809,40,7,-23
1741507729.2114809,-57,14,-53
1741507729.2574809,-35,14,-28
1741507729.3034809,44,-34,-106
1741507729.348481,-11,-34,-90
1741507729.394481,40,-60,-130
1741507729.440481,-45,-6,-56
1741507729.485481,42,-42,-80
1741507729.531481,-84,13,-42
1741507729.577481,59,41,-105
1741507729.623481,55,-3,-65
1741507729.6684809,49,10,-63
1741507729.7144809,-6,-27,-89
1741507729.7604809,32,-55,6
1741507729.805481,14,-21,-121
1741507729.851481,-15,-27,-113
1741507729.897481,-13,92,-59
1741507729.943481,-9,-59,-88
1741507729.9884808,32,16,-18
1741507730.0344808,-41,27,-104
1741507730.0804808,29,-96,-66
1741507730.125481,-14,-37,-60
1741507730.171481,69,30,-105
1741507730.217481,47,6,-263
1741507730.263481,-17,1,-47
1741507730.308481,66,-64,-122
1741507730.354481,23,42,-174
1741507730.400481,96,-73,-98
1741507730.4454808,60,11,-6
1741507730.4914808,-56,2,5
1741507730.5374808,67,-71,-166
1741507730.5834808,-14,-11,-163
1741507730.628481,103,6,-78
1741507730.674481,-51,0,-168
1741507730.720481,-21,-84,-154
1741507730.765481,13,-25,-126
1741507730.811481,23,6,-4
1741507730.857481,15,-69,-124
1741507730.903481,64,4,-32
1741507730.9484808,35,-22,-104
1741507730.9944808,17,-30,-130
1741507731.0404809,-31,-122,-110
1741507731.085481,-59,35,13
1741507731.131481,-19,-16,-98
1741507731.177481,27,-14,-56
1741507731.223481,-19,0,-18
1741507731.268481,-9,8,83
1741507731.314481,-11,30,-156
1741507731.360481,18,20,-120
1741507731.4054809,14,4,-114
1741507731.4514809,-1,-19,-44
1741507731.4974809,40,90,3
1741507731.5434809,2,26,11
1741507731.588481,18,-2,-164
1741507731.634481,84,17,-84
1741507731.680481,37,-15,-30
1741507731.725481,-15,32,-10
1741507731.771481,3,11,-152
1741507731.8174808,32,12,-24
1741507731.8634808,18,53,-72
1741507731.908481,47,-52,-62
1741507731.954481,-6,7,-96
1741507732.000481,-27,-66,-52
1741507732.051481,-6,-28,-100
1741507732.097481,9,-22,-212
1741507732.1424809,40,-70,-164
1741507732.1884809,51,60,-16
1741507732.2344809,64,5,-60
1741507732.2804809,-45,-6,-170
1741507732.325481,-54,-27,-96
1741507732.371481,-24,-25,-110
1741507732.417481,56,-36,-64
1741507732.462481,58,19,-46
1741507732.508481,63,14,-14
1741507732.554481,-50,20,15
1741507732.601481,-62,64,-100
1741507732.646481,-37,46,-190
1741507732.6924808,5,-32,3
1741507732.7384808,10,-8,-74
1741507732.7844808,-63,-40,-4
1741507732.829481,45,-47,-68
1741507732.875481,27,-11,-52
1741507732.921481,-14,-13,7
1741507732.966481,-56,-64,-52
1741507733.012481,-53,-59,-150
1741507733.058481,-11,-19,-102
1741507733.104481,34,-60,-96
1741507733.1494808,-17,83,-100
1741507733.1954808,34,-44,-168
1741507733.2414808,-21,-20,-132
1741507733.286481,-5,-54,-170
1741507733.332481,-3,20,9
1741507733.378481,-6,-47,-84
1741507733.424481,12,5,12
1741507733.469481,-118,34,-39
1741507733.515481,85,-35,-85
1741507733.561481,-20,-6,-113
1741507733.6064808,-14,-34,32
1741507733.6524808,-38,65,-85
1741507733.6984808,-56,-3,22
1741507733.7444808,7,36,-41
1741507733.789481,12,59,-135
1741507733.835481,10,31,-59
1741507733.881481,-13,-63,-94
1741507733.926481,-41,20,-117
1741507733.972481,18,-44,-193
1741507734.018481,56,44,-54
1741507734.064481,32,-77,-70
1741507734.1094809,-8,19,-75
1741507734.1554809,49,3,-137
1741507734.2014809,41,17,-11
1741507734.246481,-22,23,-64
1741507734.292481,93,64,-60
1741507734.338481,131,-6,-63
1741507734.384481,-2,80,-29
1741507734.429481,15,-65,-75
1741507734.475481,121,8,-37
1741507734.521481,13,-89,52
1741507734.5664809,73,-49,-113
1741507734.6124809,43,18,-87
1741507734.658481,-44,-49,-253
1741507734.704481,9,-44,-101
1741507734.749481,-2,10,102
1741507734.795481,-55,12,-83
1741507734.841481,32,34,-57
1741507734.8864808,-37,-7,-25
1741507734.9324808,-38,19,30
1741507734.9784808,13,-42,-21
1741507735.0244808,-20,-98,-19
1741507735.069481,-38,-22,-247
1741507735.115481,21,15,-181
1741507735.161481,-36,-83,-63
1741507735.206481,-14,-33,-157
1741507735.252481,43,46,-123
1741507735.298481,10,-11,-149
1741507735.344481,-2,18,-51
1741507735.3894808,-28,14,-83
1741507735.4354808,-6,2,-83
1741507735.4814808,5,-25,-21
1741507735.526481,-16,-1,-45
1741507735.572481,-21,32,-63
1741507735.618481,32,-7,-71
1741507735.664481,48,-14,-9
1741507735.709481,17,10,-31
1741507735.755481,-27,32,-61
1741507735.801481,-71,-35,68
1741507735.8464808,23,-29,12
1741507735.8924809,71,3,-83
1741507735.9384809,-38,-56,-73
1741507735.9844809,1,-51,-61
1741507736.029481,-72,-1,-55
1741507736.075481,-103,-22,-51
1741507736.121481,31,-29,-82
1741507736.166481,124,52,17
1741507736.212481,134,-13,65
1741507736.258481,-53,44,-73
1741507736.304481,-81,-67,-147
1741507736.3494809,26,32,-19
1741507736.3954809,46,13,-9
1741507736.4414809,114,-29,-93
1741507736.486481,44,-69,-99
1741507736.532481,-71,12,-99
1741507736.578481,-67,-48,-41
1741507736.624481,-45,-20,-5
1741507736.6694808,2,17,21
1741507736.7154808,52,27,-36
1741507736.7614808,-14,14,-60
1741507736.806481,62,-43,-59
1741507736.852481,-38,26,-3
1741507736.898481,-36,4,42
1741507736.944481,83,28,-218
1741507736.989481,-35,46,-24
1741507737.035481,-66,10,-14
1741507737.081481,52,10,-162
1741507737.1264808,22,-35,-192
1741507737.1724808,-37,-51,-62
1741507737.2184808,-48,33,-132
1741507737.2644808,0,-34,63
1741507737.309481,5,23,-58
1741507737.355481,-75,-62,25
1741507737.401481,-21,-54,-4
1741507737.446481,10,27,-40
1741507737.492481,47,76,-53
1741507737.538481,-16,-13,-43
1741507737.584481,53,-19,-17
1741507737.6294808,43,18,10
1741507737.6754808,-64,-5,-95
1741507737.7214808,71,-17,-179
1741507737.766481,37,-25,-61
1741507737.812481,23,-23,-59
1741507737.858481,10,-26,54
1741507737.904481,44,91,-149
1741507737.949481,-12,6,-107
1741507737.995481,-20,-29,-119
1741507738.041481,71,-7,-3
1741507738.0864809,63,26,-31
1741507738.1324809,-10,-33,-43
1741507738.1784809,3,-20,-76
1741507738.2244809,-67,-50,-69
1741507738.269481,-51,-14,-29
1741507738.315481,52,0,-33
1741507738.361481,-59,37,-41
1741507738.406481,15,28,-61
1741507738.452481,-35,11,8
1741507738.498481,-11,51,-181
1741507738.5444808,-13,-32,-103
1741507738.5894809,8,-54,-111
1741507738.6354809,56,-34,-89
1741507738.681481,-73,-28,-45
1741507738.726481,-52,-57,-109
1741507738.772481,63,-24,2
1741507738.818481,0,-26,-89
1741507738.8634808,-24,27,-119
1741507738.9094808,-10,67,-41
1741507738.9554808,-61,82,20
1741507739.0014808,-57,14,4
1741507739.046481,26,-9,-105
1741507739.092481,-37,42,-47
1741507739.138481,0,48,10
1741507739.183481,-5,54,-137
1741507739.229481,-5,-5,-101
1741507739.275481,8,24,-119
1741507739.321481,5,51,-35
1741507739.3664808,-17,93,-133
1741507739.4124808,60,-9,-63
1741507739.4584808,40,10,-249
1741507739.503481,16,-93,-7
1741507739.549481,-77,-43,-77
1741507739.595481,10,48,-37
1741507739.641481,-55,26,-85
1741507739.686481,0,-75,14
1741507739.732481,16,-21,-211
1741507739.778481,2,-28,-211
1741507739.8234808,58,0,-125
1741507739.8694808,-31,63,-137
1741507739.9154809,46,79,-25
1741507739.9614809,-27,-36,-93
1741507740.006481,-50,87,-91
1741507740.052481,-19,9,-25
1741507740.098481,-46,44,50
1741507740.143481,-74,-22,-11
1741507740.189481,24,15,60
1741507740.235481,-3,-28,-21
1741507740.281481,30,-4,-57
1741507740.3264809,-75,51,-149
1741507740.3724809,-7,-80,-75
1741507740.4184809,-41,-10,-41
1741507740.463481,-15,43,-189
1741507740.509481,26,27,-67
1741507740.555481,28,9,-133
1741507740.601481,-20,4,-125
1741507740.646481,-10,2,-115
1741507740.6924808,-33,-74,-125
1741507740.7384808,37,55,-31
1741507740.783481,-19,-22,-67
1741507740.829481,-63,-105,-85
1741507740.875481,-48,61,-49
1741507740.921481,-60,3,-121
1741507740.966481,-3,-61,-171
1741507741.012481,-35,0,28
1741507741.058481,-33,-38,-119
1741507741.1034808,36,4,-219
1741507741.1494808,50,-17,-61
1741507741.1954808,62,-23,-75
1741507741.2414808,-73,30,14
1741507741.286481,0,-73,8
1741507741.332481,-16,53,-63
1741507741.378481,27,52,18
1741507741.423481,-64,-58,-15
1741507741.469481,21,11,-125
1741507741.515481,-14,-48,-129
1741507741.561481,57,16,62
1741507741.6064808,-64,38,-59
1741507741.6524808,-17,-25,-15
1741507741.6984808,-46,45,-89
1741507741.743481,-20,-34,-83
1741507741.789481,32,12,-113
1741507741.835481,-53,1,-207
1741507741.881481,-7,25,68
1741507741.926481,58,-16,-145
1741507741.972481,-5,-27,-119
1741507742.018481,48,-47,-211
1741507742.069481,22,-8,-49
1741507742.115481,-23,-28,-81
1741507742.161481,12,-46,-149
1741507742.206481,-19,17,-183
1741507742.252481,26,-12,-43
1741507742.298481,2,21,42
1741507742.3434808,-30,45,-62
1741507742.3894808,-46,11,-22
1741507742.4354808,15,12,38
1741507742.4814808,1,-50,-62
1741507742.526481,-37,-67,16
1741507742.572481,85,86,-119
1741507742.618481,3,-39,-83
1741507742.663481,19,9,-167
1741507742.7084808,19,-56,-35
1741507742.7544808,-4,0,-67
1741507742.799481,-31,40,-25
1741507742.845481,55,49,-193
1741507742.891481,-84,5,-121
1741507742.937481,27,-20,-53
1741507742.982481,5,19,-57
1741507743.028481,-53,46,-71
1741507743.074481,-16,-46,-149
1741507743.1194808,5,33,-71
1741507743.1654809,79,23,-69
1741507743.2114809,37,-24,38
1741507743.2574809,18,14,-78
1741507743.302481,20,-19,-146
1741507743.348481,-6,31,-108
1741507743.394481,-58,-52,-40
1741507743.439481,15,25,-138
1741507743.485481,-85,19,21
1741507743.531481,-9,17,-78
1741507743.577481,-37,-48,-60
1741507743.6224809,12,33,-102
1741507743.6684809,16,-38,-16
1741507743.7144809,-7,-28,41
1741507743.759481,2,-20,-56
1741507743.805481,-49,-66,-108
1741507743.851481,-20,29,-114
1741507743.897481,-15,-73,-142
1741507743.9424808,15,39,-134
1741507743.9884808,21,-22,-182
1741507744.0344808,107,-81,-105
1741507744.079481,67,-50,18
1741507744.125481,-20,-16,-191
1741507744.171481,42,34,-61
1741507744.217481,-2,-8,-253
1741507744.262481,-8,45,-91
1741507744.308481,-7,-40,-29
1741507744.354481,108,-4,-97
1741507744.3994808,-67,-42,22
1741507744.4454808,-11,-6,-19
1741507744.4914808,-51,27,-77
1741507744.5374808,-30,10,-104
1741507744.582481,-10,10,-54
1741507744.628481,-9,-2,-123
1741507744.674481,33,-24,-109
1741507744.719481,-16,9,-129
1741507744.765481,37,95,-223
1741507744.811481,-73,19,66
1741507744.857481,-78,35,22
1741507744.9024808,-34,35,-183
1741507744.9484808,39,71,-87
1741507744.9944808,83,39,-89
1741507745.039481,-34,-14,-25
1741507745.085481,-12,-16,-51
1741507745.131481,47,25,-157
1741507745.177481,-27,-13,-99
1741507745.222481,49,-12,-227
1741507745.268481,-28,13,-50
1741507745.314481,24,50,-32
1741507745.3594809,18,40,-16
1741507745.4054809,-7,24,5
1741507745.4514809,36,80,-62
1741507745.4974809,-17,-83,-138
1741507745.542481,-55,-23,31
1741507745.588481,56,34,-40
1741507745.634481,29,54,-97
1741507745.679481,-36,-57,-86
1741507745.725481,-70,22,-142
1741507745.771481,-73,-33,-150
1741507745.8164809,-31,-23,-158
1741507745.8624809,93,-1,-166
1741507745.908481,-20,48,-134
1741507745.954481,-48,-41,19
1741507745.999481,101,-46,-190
1741507746.045481,8,-53,-126
1741507746.091481,-31,24,-136
1741507746.1364808,-8,1,-66
1741507746.1824808,5,-87,-86
1741507746.2284808,-24,66,-142
1741507746.2744808,15,-53,-80
1741507746.319481,18,14,-32
1741507746.365481,25,59,5
1741507746.411481,9,39,-52
1741507746.456481,61,-6,-68
1741507746.502481,51,-80,-202
1741507746.548481,-36,-20,-6
1741507746.594481,73,35,-18
1741507746.6394808,29,2,7
1741507746.6854808,0,91,-118
1741507746.7314808,15,-18,-172
1741507746.776481,0,0,-62
1741507746.822481,43,53,-136
1741507746.868481,-26,-48,-156
1741507746.914481,-6,-60,-120
1741507746.959481,-21,-8,-42
1741507747.005481,-17,19,-24
1741507747.051481,-11,7,57
1741507747.0964808,-31,7,-60
1741507747.1424809,-27,-34,-50
1741507747.1884809,-5,-2,-79
1741507747.2344809,2,-36,-133
1741507747.279481,26,-90,-107
1741507747.325481,64,-74,-93
1741507747.371481,72,-70,-93
1741507747.416481,85,-56,-123
1741507747.462481,19,11,-47
1741507747.508481,-104,45,-73
1741507747.554481,32,-85,-118
1741507747.5994809,12,14,38
1741507747.6454809,-35,-1,-58
1741507747.6914809,-2,21,-76
1741507747.736481,-7,49,-106
1741507747.782481,93,-16,-14
1741507747.828481,-18,-46,-106
1741507747.874481,19,-43,-126
1741507747.9194808,-21,18,-104
1741507747.9654808,-7,36,-90
1741507748.0114808,40,44,-142
1741507748.056481,-1,-33,-8
1741507748.102481,10,8,-86
1741507748.148481,-39,-73,15
1741507748.194481,20,4,-50
1741507748.239481,38,-33,19
1741507748.285481,-11,-43,11
1741507748.331481,42,-5,3
1741507748.3764808,-27,2,-42
1741507748.4224808,2,-10,-2
1741507748.4684808,-35,3,-148
1741507748.5144808,-15,43,-74
1741507748.559481,-21,60,-40
1741507748.605481,2,-40,-56
1741507748.651481,-66,56,-1
1741507748.696481,-65,-25,-39
1741507748.742481,-1,0,-169
1741507748.788481,45,56,-85
1741507748.834481,-12,-3,-109
1741507748.8794808,-85,-32,-113
1741507748.9254808,-1,-68,16
1741507748.9714808,0,2,-135
1741507749.016481,-23,-39,-7
1741507749.062481,-45,-91,-153
1741507749.108481,71,-67,58
1741507749.154481,107,-3,-77
1741507749.199481,-10,14,-45
1741507749.245481,-48,24,-33
1741507749.291481,-6,36,-23
1741507749.3364809,-14,22,-69
1741507749.3824809,7,82,-61
1741507749.4284809,-102,-55,-187
1741507749.4744809,3,-42,-133
1741507749.519481,-2,1,-101
1741507749.565481,85,29,-147
1741507749.611481,52,-2,-125
1741507749.656481,-105,12,-95
1741507749.702481,58,1,-19
1741507749.748481,19,19,-45
1741507749.7944808,-10,5,-137
1741507749.8394809,33,5,-49
1741507749.8854809,-22,-24,-131
1741507749.931481,-42,-22,-81
1741507749.976481,7,-32,10
1741507750.022481,19,-40,-33
1741507750.068481,-114,-2,-205
1741507750.114481,55,5,-76
1741507750.1594808,-72,43,-10
1741507750.2054808,5,-29,-93
1741507750.2514808,43,11,-169
1741507750.296481,36,-4,-97
1741507750.342481,-15,-132,-83
1741507750.388481,86,-4,-19
1741507750.434481,-50,-30,-54
1741507750.479481,-9,-17,-74
1741507750.525481,56,-47,-175
1741507750.571481,-31,45,-75
1741507750.6164808,64,1,-169
1741507750.6624808,-3,-62,6
1741507750.7084808,12,-6,-195
1741507750.7544808,-20,-33,-115
1741507750.799481,-29,9,-5
1741507750.845481,1,-18,-103
1741507750.891481,-38,-52,8
1741507750.936481,-108,-18,-75
1741507750.982481,28,24,-35
1741507751.028481,-6,-1,-241
1741507751.074481,-38,-5,-97
1741507751.1194808,43,34,-77
1741507751.1654809,50,-73,-47
1741507751.2114809,-41,-77,-49
1741507751.256481,18,0,-87
1741507751.302481,-8,43,-19
1741507751.348481,25,41,-76
1741507751.394481,3,9,-161
1741507751.439481,-29,-6,1
1741507751.485481,-19,0,-54
1741507751.531481,44,-51,-138
1741507751.5764809,102,-77,31
1741507751.6224809,-9,27,-10
1741507751.6684809,-31,14,-56
1741507751.7144809,69,-49,-158
1741507751.759481,47,-61,-94
1741507751.805481,-26,30,-8
1741507751.850481,35,20,-152
1741507751.8954809,-22,-10,13
1741507751.9414809,15,-49,-82
1741507751.9874809,-34,-70,12
1741507752.032481,38,-20,-77
1741507752.084481,29,81,-221
1741507752.130481,49,-16,-39
1741507752.1754808,-9,9,-231
1741507752.2214808,-83,-62,50
1741507752.2674809,52,-30,-12
1741507752.312481,-57,-28,-106
1741507752.358481,14,11,-107
1741507752.404481,76,35,-49
1741507752.449481,-23,6,44
1741507752.495481,16,25,-95
1741507752.541481,13,6,34
1741507752.587481,8,10,5
1741507752.6324809,-5,12,-145
1741507752.6784809,-1,30,-117
1741507752.7244809,50,43,-139
1741507752.769481,41,-43,-91
1741507752.815481,3,2,-25
1741507752.861481,-58,116,-123
1741507752.907481,21,-18,-85
1741507752.952481,31,-56,-155
1741507752.998481,-65,65,-201
1741507753.0444808,-9,25,54
1741507753.0894809,-53,-50,-117
1741507753.1354809,55,-7,-165
1741507753.181481,31,112,-203
1741507753.227481,-80,-13,-101
1741507753.272481,0,-43,-195
1741507753.318481,22,1,-41
1741507753.364481,22,41,-43
1741507753.4094808,-49,4,-95
1741507753.4554808,44,48,-57
1741507753.5014808,8,-15,-145
1741507753.5474808,102,27,-175
1741507753.592481,-53,3,-79
1741507753.638481,-45,23,-133
1741507753.684481,-14,-26,-61
1741507753.729481,-24,-12,-45
1741507753.775481,-4,0,-5
1741507753.821481,27,31,38
1741507753.867481,75,33,-19
1741507753.9124808,71,19,48
1741507753.9584808,-29,-9,-57
1741507754.0044808,2,-19,-139
1741507754.049481,-27,-57,-57
1741507754.095481,-4,15,-80
1741507754.141481,-15,11,-45
1741507754.187481,1,49,-127
1741507754.232481,-46,-48,-159
1741507754.278481,-20,-16,-41
1741507754.324481,-66,23,-69
1741507754.3694808,-6,23,-181
1741507754.4154809,-56,-18,-153
1741507754.4614809,13,16,54
1741507754.5074809,-10,-19,-57
1741507754.552481,-10,12,-3
1741507754.598481,-50,-91,-59
1741507754.644481,22,16,-73
1741507754.689481,-28,70,-133
1741507754.735481,32,-42,-33
1741507754.781481,14,7,-33
1741507754.827481,32,51,-53
1741507754.8724809,14,29,-139
1741507754.9184809,53,37,-31
1741507754.9644809,23,17,-110
1741507755.009481,-47,-32,-188
1741507755.055481,50,-57,53
1741507755.101481,-19,18,-136
1741507755.147481,14,66,-2
1741507755.1924808,43,18,-32
1741507755.2384808,-88,10,-42
1741507755.2844808,21,-11,-112
1741507755.329481,26,-11,-118
1741507755.375481,5,112,-118
1741507755.421481,84,39,-208
1741507755.467481,109,65,-50
1741507755.512481,32,7,-146
1741507755.558481,-36,-26,-22
1741507755.604481,-20,47,-40
1741507755.6494808,1,-56,-62
1741507755.6954808,22,35,-122
1741507755.7414808,-61,-133,-124
1741507755.7874808,14,-33,-188
1741507755.832481,-21,-37,40
1741507755.878481,45,-13,-11
1741507755.924481,73,-9,-61
1741507755.969481,39,-5,-133
1741507756.015481,40,-56,-153
1741507756.061481,46,-50,-27
1741507756.107481,-61,45,-133
1741507756.153481,-2,-37,69
1741507756.199481,-53,-44,-70
1741507756.245481,-19,-24,8
1741507756.291481,16,-34,-130
1741507756.3364809,74,-76,-83
1741507756.3824809,-26,54,-47
1741507756.4284809,-26,12,-153
1741507756.473481,-35,56,-121
1741507756.519481,-61,-34,-161
1741507756.565481,-30,-38,-129
1741507756.611481,38,39,-72
1741507756.656481,48,73,-149
1741507756.702481,8,-6,-32
1741507756.748481,-1,1,-61
1741507756.7934809,40,-44,-129
1741507756.8394809,-45,23,-153
1741507756.8854809,-65,-46,-171
1741507756.931481,2,-12,-101
1741507756.976481,41,48,-95
1741507757.022481,7,-37,33
1741507757.068481,10,-62,-92
1741507757.1134808,17,40,-68
1741507757.1594808,-13,17,-52
1741507757.2054808,-11,-28,-90
1741507757.2514808,-41,9,3
1741507757.296481,-41,-14,-80
1741507757.342481,66,-32,-92
1741507757.388481,-25,13,-64
1741507757.433481,137,-41,-30
1741507757.479481,55,-13,9
1741507757.525481,-96,28,-118
1741507757.571481,49,12,-8
1741507757.6164808,3,16,-54
1741507757.6624808,-81,3,27
1741507757.7084808,18,3,-128
1741507757.753481,65,-10,3
1741507757.799481,21,-30,-64
1741507757.845481,-38,-64,-73
1741507757.891481,-36,97,-57
1741507757.936481,28,-34,-135
1741507757.982481,18,-40,-3
1741507758.028481,-35,-5,-27
1741507758.0734808,63,-38,-75
1741507758.1194808,24,-32,-115
1741507758.1654809,63,76,-135
1741507758.2114809,-87,15,16
1741507758.256481,-7,49,-113
1741507758.302481,42,-12,-40
1741507758.348481,-29,-72,-104
1741507758.393481,10,-2,-182
1741507758.439481,-12,-45,-34
1741507758.485481,-36,-39,-64
1741507758.531481,-5,-29,-40
1741507758.5764809,57,26,-76
1741507758.6224809,-12,36,-84
1741507758.6684809,-8,-1,-110
1741507758.713481,-39,42,-190
1741507758.759481,-34,28,-176
1741507758.805481,-82,56,-134
1741507758.851481,-40,20,-78
1741507758.896481,47,-13,-46
1741507758.9424808,14,27,-126
1741507758.9884808,42,71,3
1741507759.033481,-28,-60,-66
1741507759.079481,-9,-11,-88
1741507759.125481,51,62,76
1741507759.171481,81,45,-67
1741507759.216481,-1,-22,-62
1741507759.262481,30,57,-57
1741507759.308481,-48,-71,-27
1741507759.3534808,-52,48,-175
1741507759.3994808,-18,32,14
1741507759.4454808,55,78,-45
1741507759.490481,-21,-8,-10
1741507759.536481,-53,101,-109
1741507759.582481,22,31,-185
1741507759.628481,42,7,-135
1741507759.673481,-31,-38,-52
1741507759.719481,-69,-10,-96
1741507759.765481,17,3,-112
1741507759.8104808,20,97,-122
1741507759.8564808,52,-16,-180
1741507759.9024808,-57,6,33
1741507759.9484808,98,29,-74
1741507759.993481,-91,-58,-160
1741507760.039481,-61,-32,-42
1741507760.085481,10,23,-56
1741507760.130481,9,-13,-28
1741507760.176481,47,18,-99
1741507760.222481,0,-27,42
1741507760.268481,-21,-98,-85
1741507760.3134809,29,16,27
1741507760.3594809,0,10,-54
1741507760.4054809,-83,8,-149
1741507760.450481,41,-30,-167
1741507760.496481,-66,19,-125
1741507760.542481,-14,47,-73
1741507760.588481,39,37,-123
1741507760.633481,30,-116,-59
1741507760.679481,39,1,-81
1741507760.725481,-11,-8,-81
1741507760.7704809,-2,-15,-39
1741507760.8164809,16,42,0
1741507760.8624809,14,-37,-51
1741507760.908481,-37,63,-89
1741507760.953481,-53,-10,-95
1741507760.999481,130,79,-65
1741507761.045481,-115,51,-125
1741507761.0904808,59,4,-69
1741507761.1364808,-44,67,-85
1741507761.1824808,-59,29,-135
1741507761.2284808,-51,-33,0
1741507761.273481,122,62,-67
1741507761.319481,122,78,-81
1741507761.365481,-21,-126,-61
1741507761.410481,-45,63,-187
1741507761.456481,-82,-2,-221
1741507761.502481,-5,11,-171
1741507761.548481,2,48,-21
1741507761.5934808,58,22,-59
1741507761.6394808,48,42,-71
1741507761.6854808,7,0,-200
1741507761.730481,19,3,43
1741507761.776481,44,-19,-72
1741507761.822481,59,8,-118
1741507761.868481,99,-9,-159
1741507761.913481,-66,39,-80
1741507761.959481,17,-26,-52
1741507762.005481,-23,43,-66
1741507762.0504808,-52,-18,-92
1741507762.102481,119,7,-68
1741507762.148481,1,-12,-140
1741507762.193481,-47,-46,-171
1741507762.239481,8,10,-73
1741507762.285481,42,-21,30
1741507762.3304808,-37,-11,-64
1741507762.3764808,16,-33,-30
1741507762.4224808,18,-81,-86
1741507762.4684808,-16,-55,81
1741507762.513481,-50,-45,-158
1741507762.559481,-83,6,-32
1741507762.605481,-55,4,-110
1741507762.650481,-71,40,-168
1741507762.696481,62,49,-66
1741507762.742481,-9,4,-136
1741507762.788481,2,47,-106
1741507762.8334808,36,21,-190
1741507762.8794808,16,-10,-44
1741507762.9254808,-21,5,-102
1741507762.970481,-58,61,-10
1741507763.016481,67,7,-144
1741507763.062481,-12,0,-46
1741507763.108481,69,-32,-46
1741507763.153481,33,43,-198
1741507763.199481,-66,-11,-90
1741507763.245481,121,46,-79
1741507763.2904809,1,-57,-59
1741507763.3364809,-104,-27,-65
1741507763.3824809,-38,14,-120
1741507763.4284809,36,44,-172
1741507763.473481,-48,48,3
1741507763.519481,81,-17,-128
1741507763.565481,-9,-77,-76
1741507763.610481,-9,10,-71
1741507763.656481,70,-11,-186
1741507763.702481,-45,4,37
1741507763.748481,-5,-15,-136
1741507763.7934809,-42,27,-74
1741507763.8394809,27,13,-74
1741507763.8854809,38,-30,9
1741507763.930481,14,29,-72
1741507763.976481,-57,-14,-172
1741507764.022481,-26,-11,-24
1741507764.068481,74,22,-94
1741507764.1134808,-8,-33,-12
1741507764.1594808,-16,-17,-4
1741507764.2054808,65,28,-58
1741507764.250481,7,-25,-174
1741507764.296481,-31,-21,-35
1741507764.342481,-3,19,-129
1741507764.388481,5,4,-107
1741507764.433481,16,-16,-153
1741507764.479481,-25,31,-83
1741507764.525481,-39,25,14
1741507764.5704808,7,49,-47
1741507764.6164808,100,10,-92
1741507764.6624808,25,13,21
1741507764.7084808,40,4,0
1741507764.753481,-39,28,0
1741507764.799481,76,-51,11
1741507764.845481,20,-11,-108
1741507764.890481,40,-11,-172
1741507764.936481,44,8,-30
1741507764.982481,-1,-3,-132
1741507765.028481,53,-23,-64
1741507765.0734808,-12,79,-66
1741507765.1194808,19,13,-28
1741507765.1654809,-42,-14,-52
1741507765.210481,-36,15,-222
1741507765.256481,53,9,-98
1741507765.302481,-46,5,-68
1741507765.348481,5,19,-36
1741507765.393481,-52,-4,-10
1741507765.439481,34,-10,93
1741507765.485481,42,-32,5
1741507765.5304809,14,41,-160
1741507765.5764809,48,31,-46
1741507765.6224809,62,-12,-12
1741507765.6684809,8,-11,-98
1741507765.713481,74,58,-140
1741507765.759481,9,-82,-60
1741507765.805481,25,-2,-136
1741507765.850481,40,-8,-216
1741507765.896481,56,9,-66
1741507765.9424808,20,-72,-94
1741507765.9884808,-41,-27,-80
1741507766.033481,44,-5,-164
1741507766.079481,-9,-53,-118
1741507766.125481,26,42,-140
1741507766.170481,38,-97,-50
1741507766.216481,-22,18,-28
1741507766.262481,55,-40,-114
1741507766.3074808,7,-6,19
1741507766.3534808,-12,-18,-38
1741507766.3994808,-27,-49,-42
1741507766.4454808,6,-29,-60
1741507766.490481,-8,-10,-54
1741507766.536481,74,10,-34
1741507766.582481,62,48,-156
1741507766.627481,69,-130,-104
1741507766.673481,-32,9,-140
1741507766.719481,78,-23,-190
1741507766.765481,3,63,-106
1741507766.8104808,-40,73,-94
1741507766.8564808,61,29,-102
1741507766.9024808,-62,-6,-212
1741507766.947481,49,-60,-10
1741507766.993481,-74,9,-40
1741507767.039481,39,-24,-96
1741507767.085481,15,-6,-14
1741507767.130481,25,77,-78
1741507767.176481,-18,-6,-6
1741507767.222481,33,11,-134
1741507767.2674809,61,-36,17
1741507767.3134809,-60,-100,-124
1741507767.3594809,17,-4,5
1741507767.4054809,-44,-45,-12
1741507767.450481,-32,38,-162
1741507767.496481,-2,-41,-149
1741507767.542481,-53,-31,-80
1741507767.587481,50,30,-22
1741507767.633481,40,0,-169
1741507767.679481,58,-37,-127
1741507767.725481,-97,-35,-55
1741507767.7704809,2,-15,-149
1741507767.8164809,-56,-14,-203
1741507767.8624809,29,-69,-65
1741507767.907481,-100,6,34
1741507767.953481,-40,26,-137
1741507767.999481,11,-19,-53
1741507768.045481,9,10,-193
1741507768.0904808,-8,48,-25
1741507768.1364808,47,-21,-214
1741507768.1824808,-2,31,-126
1741507768.227481,77,-37,-22
1741507768.273481,-50,63,-244
1741507768.319481,-42,-24,-78
1741507768.365481,8,-20,-76
1741507768.410481,32,-22,-64
1741507768.456481,-17,58,-52
1741507768.502481,151,-3,-173
1741507768.5474808,-51,52,-127
1741507768.5934808,-4,-56,-147
1741507768.6394808,-24,-91,-233
1741507768.6854808,37,-100,-220
1741507768.730481,-42,-42,-22
1741507768.776481,-38,-18,-23
1741507768.822481,67,-46,-129
1741507768.867481,-59,-50,-61
1741507768.913481,-28,45,-85
1741507768.959481,105,-9,22
1741507769.005481,-34,-17,-141
1741507769.0504808,43,-11,-69
1741507769.0964808,83,-7,-154
1741507769.1424809,16,-44,-155
1741507769.187481,28,34,-44
1741507769.233481,62,-5,-116
1741507769.279481,44,14,-182
1741507769.325481,-69,-1,-18
1741507769.370481,-23,-5,-70
1741507769.416481,50,25,-139
1741507769.462481,-5,49,62
1741507769.5074809,41,15,-105
1741507769.5534809,25,47,-53
1741507769.5994809,13,35,-123
1741507769.6454809,31,1,-75
1741507769.690481,-65,35,-13
1741507769.736481,20,73,-65
1741507769.782481,30,51,-121
1741507769.827481,8,-69,-99
1741507769.873481,-17,-26,-5
1741507769.9194808,-16,23,-63
1741507769.9654808,4,-30,-59
1741507770.0104809,14,87,-121
1741507770.056481,-112,41,-29
1741507770.102481,-5,-7,-125
1741507770.147481,-100,0,-151
1741507770.193481,0,-68,-13
1741507770.239481,22,34,-153
1741507770.285481,-23,42,-185
1741507770.3304808,-3,-9,60
1741507770.3764808,35,-5,-41
1741507770.4224808,59,-53,2
1741507770.467481,-19,-49,-73
1741507770.513481,12,-21,-127
1741507770.559481,46,2,-169
1741507770.605481,54,-21,-129
1741507770.650481,8,4,-115
1741507770.696481,48,-17,-39
1741507770.742481,1,-18,-163
1741507770.7874808,-15,26,-165
1741507770.8334808,12,10,4
1741507770.8794808,20,26,-95
1741507770.9254808,-6,-26,-87
1741507770.970481,-15,-41,-13
1741507771.016481,91,-46,-115
1741507771.062481,-29,-47,-221
1741507771.107481,6,-5,-63
1741507771.153481,-9,-15,-91
1741507771.199481,78,-13,-119
1741507771.245481,-21,34,-51
1741507771.2904809,-3,-13,76
1741507771.3364809,60,34,-142
1741507771.3824809,74,6,-38
1741507771.427481,-31,40,-126
1741507771.473481,9,-36,-118
1741507771.519481,-56,-68,-90
1741507771.565481,-18,19,-80
1741507771.610481,37,-26,5
1741507771.656481,12,17,-68
1741507771.702481,-70,-21,-78
1741507771.7474809,1,20,-114
1741507771.7934809,17,-27,-40
1741507771.8394809,15,2,-117
1741507771.8854809,59,-31,-104
1741507771.930481,-64,20,-105
1741507771.976481,19,10,-77
1741507772.022481,-67,59,-77
1741507772.0674808,-7,13,-35
1741507772.120481,-48,17,-29
1741507772.166481,-8,33,-125
1741507772.2114809,39,-10,86
1741507772.2574809,9,5,-89
1741507772.3034809,28,18,-89
1741507772.3494809,4,-9,-147
1741507772.394481,29,17,-17
1741507772.440481,-63,-49,-41
1741507772.486481,-6,17,32
1741507772.531481,43,67,10
1741507772.577481,-14,59,-97
1741507772.623481,61,45,-127
1741507772.6694808,64,-1,-37
1741507772.7144809,6,78,-1
1741507772.7604809,18,-22,-103
1741507772.806481,-33,31,-11
1741507772.851481,-43,-32,43
1741507772.897481,66,-30,-39
1741507772.943481,-51,-50,-44
1741507772.9884808,2,-18,-122
1741507773.0344808,16,-22,-86
1741507773.0804808,12,-44,-92
1741507773.1264808,36,-30,-188
1741507773.171481,-43,-52,-118
1741507773.217481,-18,-31,-52
1741507773.263481,1,-3,25
1741507773.308481,15,-10,-64
1741507773.354481,1,1,-98
1741507773.400481,31,-4,-94
1741507773.446481,24,40,-28
1741507773.4914808,74,-78,-180
1741507773.5374808,-29,55,-44
1741507773.5834808,46,67,-62
1741507773.628481,42,-8,-40
1741507773.674481,31,9,-106
1741507773.720481,5,-22,-156
1741507773.766481,-79,22,19
1741507773.811481,-15,44,-108
1741507773.857481,27,38,-34
1741507773.903481,6,20,-88
1741507773.9484808,-18,6,-50
1741507773.9944808,78,-65,-130
1741507774.0404809,-49,12,0
1741507774.0864809,-11,10,-168
1741507774.131481,30,26,-6
1741507774.177481,-43,-19,-74
1741507774.223481,-31,2,-9
1741507774.268481,17,12,-71
1741507774.314481,-23,0,-89
1741507774.360481,100,0,-35
1741507774.406481,-33,25,-239
1741507774.4514809,-33,-106,-61
1741507774.4974809,56,-108,-119
1741507774.5434809,10,-30,-153
1741507774.588481,6,17,-107
1741507774.634481,62,-65,-161
1741507774.680481,111,-41,-61
1741507774.726481,-48,-61,-63
1741507774.771481,99,14,-29
1741507774.8174808,-48,-63,-147
1741507774.8634808,58,-35,-55
1741507774.908481,30,-36,-101
1741507774.954481,16,-68,-19
1741507775.000481,0,62,-39
1741507775.046481,99,-89,32
1741507775.091481,75,14,-97
1741507775.137481,13,-51,-169
1741507775.183481,-38,30,-177
1741507775.2284808,-69,-18,-187
1741507775.2744808,-43,23,-73
1741507775.3204808,-77,-48,-75
1741507775.3664808,42,-8,12
1741507775.411481,4,-40,-103
1741507775.457481,42,7,-115
1741507775.503481,11,-80,10
1741507775.548481,6,57,-135
1741507775.594481,118,-49,-73
1741507775.640481,-28,-5,-69
1741507775.686481,12,-63,-119
1741507775.7314808,-35,-47,22
1741507775.7774808,-67,-7,-23
1741507775.8234808,-91,2,-29
1741507775.868481,18,26,-177
1741507775.914481,12,-51,-179
1741507775.960481,46,-16,-149
1741507776.006481,86,-28,8
1741507776.051481,-11,57,-110
1741507776.097481,-32,65,-83
1741507776.143481,85,-146,-157
1741507776.1884809,-39,-69,3
1741507776.2344809,-17,39,-120
1741507776.2804809,-39,-26,-50
1741507776.3264809,14,1,-92
1741507776.371481,34,-34,-74
1741507776.417481,-3,15,-118
1741507776.463481,32,26,-36
1741507776.508481,-7,-59,-66
1741507776.554481,34,26,-162
1741507776.600481,-23,30,5
1741507776.646481,103,-34,-22
1741507776.6914809,7,8,-202
1741507776.7374809,-16,0,-16
1741507776.783481,56,58,-68
1741507776.828481,-59,-30,-44
1741507776.874481,-27,57,-24
1741507776.920481,-50,33,-126
1741507776.966481,57,-40,-108
1741507777.0114808,-28,30,-114
1741507777.0574808,21,-27,-160
1741507777.1034808,-49,-35,-48
1741507777.148481,-8,-68,-104
1741507777.194481,-34,-24,11
1741507777.240481,8,6,-104
1741507777.286481,32,59,-106
1741507777.331481,36,-20,-196
1741507777.377481,-18,6,-42
1741507777.423481,16,37,115
1741507777.4684808,-85,55,-40
1741507777.5144808,42,-4,3
1741507777.5604808,-66,-18,-212
1741507777.6064808,37,-36,-86
1741507777.651481,25,-19,-308
1741507777.697481,28,-34,-92
1741507777.743481,26,-4,-172
1741507777.788481,-75,7,-48
1741507777.834481,64,27,-88
1741507777.880481,71,49,-74
1741507777.926481,-36,12,-136
1741507777.9714808,-30,-7,-104
1741507778.0174809,61,0,-42
1741507778.0634809,51,-61,-114
1741507778.108481,0,-13,43
1741507778.154481,0,-44,-142
1741507778.200481,-30,-33,-52
1741507778.246481,-50,-85,-196
1741507778.291481,28,33,-34
1741507778.337481,11,-31,-108
1741507778.383481,-50,-71,-86
1741507778.4284809,-116,24,-102
1741507778.4744809,-54,34,-100
1741507778.5204809,18,-63,-40
1741507778.5664809,-59,-47,-120
1741507778.611481,16,-19,-74
1741507778.657481,16,-7,-84
1741507778.703481,-21,-25,-192
1741507778.748481,-8,-32,-148
1741507778.7944808,31,19,63
1741507778.8404808,-58,-24,-76
1741507778.8864808,-14,-32,-128
1741507778.931481,-32,67,-12
1741507778.977481,-80,3,0
1741507779.023481,-25,-6,-81
1741507779.068481,-43,-23,-37
1741507779.114481,55,72,-187
1741507779.160481,2,-54,-82
1741507779.206481,-43,31,-14
1741507779.2514808,-59,-34,-64
1741507779.2974808,50,-93,-134
1741507779.3434808,-21,-15,7
1741507779.388481,42,18,-46
1741507779.434481,43,-28,-109
1741507779.480481,56,-23,-205
1741507779.526481,-55,-30,-161
1741507779.571481,-3,42,-163
1741507779.617481,-25,-9,-97
1741507779.663481,17,40,-3
1741507779.7084808,-48,-23,-19
1741507779.7544808,-46,55,0
1741507779.8004808,54,70,-153
1741507779.845481,-27,6,36
1741507779.891481,-35,-14,-9
1741507779.937481,55,6,36
1741507779.983481,49,0,-115
1741507780.028481,17,-27,-111
1741507780.074481,22,-53,-17
1741507780.120481,-1,-59,-27
1741507780.1654809,-27,-89,-209
1741507780.2114809,106,14,-81
1741507780.2574809,-53,-1,-75
1741507780.3034809,54,-32,-139
1741507780.348481,15,-66,-115
1741507780.394481,5,34,-131
1741507780.440481,19,4,-49
1741507780.485481,-20,30,32
1741507780.531481,-45,3,-196
1741507780.577481,5,-17,-87
1741507780.623481,-34,24,-53
1741507780.6684809,45,36,-169
1741507780.7144809,-20,30,-28
1741507780.7604809,12,-9,-60
1741507780.805481,-29,12,-35
1741507780.851481,-27,30,-71
1741507780.897481,98,-60,-161
1741507780.943481,-39,5,1
1741507780.9884808,38,43,-84
1741507781.0344808,-83,22,-39
1741507781.0804808,-39,14,-39
1741507781.125481,32,19,-114
1741507781.171481,-22,-10,-78
1741507781.217481,19,8,-78
1741507781.263481,33,-53,-11
1741507781.308481,3,-32,-166
1741507781.354481,-22,-17,-63
1741507781.400481,-16,6,-107
1741507781.4454808,-116,10,-147
1741507781.4914808,37,-3,-7
1741507781.5374808,113,-9,-131
1741507781.5834808,-12,-21,8
1741507781.628481,6,-8,-65
1741507781.674481,-65,59,-75
1741507781.720481,-4,14,-47
1741507781.765481,26,-38,-69
1741507781.811481,48,-38,-207
1741507781.857481,-23,31,-49
1741507781.903481,-48,-33,-29
1741507781.9484808,-14,82,-21
1741507781.9944808,21,48,-113
1741507782.0404809,-60,-13,-47
1741507782.091481,3,20,-191
1741507782.137481,101,-39,-159
1741507782.183481,57,72,-41
1741507782.2284808,-24,-47,-143
1741507782.2744808,-69,27,-41
1741507782.3204808,-38,-11,-172
1741507782.365481,62,31,-118
1741507782.411481,-51,47,-38
1741507782.457481,-38,-23,-92
1741507782.503481,55,-35,-40
1741507782.548481,-73,19,1
1741507782.594481,-72,-9,0
1741507782.640481,35,-27,-104
1741507782.6854808,7,-59,-50
1741507782.7314808,49,-145,-68
1741507782.776481,54,76,-8
1741507782.821481,61,-9,-140
1741507782.867481,3,51,-4
1741507782.913481,33,-9,-174
1741507782.959481,-54,75,113
1741507783.0044808,52,-33,-48
1741507783.0504808,0,67,-88
1741507783.0964808,-13,-22,-40
1741507783.141481,-16,-14,-68
1741507783.187481,-3,-32,-86
1741507783.233481,-34,-57,-190
1741507783.279481,-31,-38,-72
1741507783.324481,-54,-46,-192
1741507783.370481,19,-14,-54
1741507783.416481,7,-38,-96
1741507783.4614809,13,24,-66
1741507783.5074809,11,-24,-42
1741507783.5534809,-32,27,-137
1741507783.5994809,86,48,-149
1741507783.644481,-61,60,-203
1741507783.690481,2,-47,-107
1741507783.736481,44,-29,-69
1741507783.781481,-59,-49,26
1741507783.827481,23,29,-65
1741507783.873481,1,41,-134
1741507783.9194808,19,-34,-13
1741507783.9644809,71,-18,-149
1741507784.0104809,72,-72,-137
1741507784.056481,-18,13,-53
1741507784.101481,53,-18,-91
1741507784.147481,45,51,34
1741507784.193481,75,-44,-72
1741507784.239481,31,-30,-28
1741507784.2844808,127,71,-164
1741507784.3304808,57,-2,-101
1741507784.3764808,28,-16,-114
1741507784.421481,82,-44,-22
1741507784.467481,55,14,-100
1741507784.513481,0,12,-34
1741507784.559481,-32,92,21
1741507784.604481,-22,-95,-172
1741507784.650481,-73,-74,-60
1741507784.696481,-9,3,-66
1741507784.7414808,-20,15,-12
1741507784.7874808,35,13,-138
1741507784.8334808,-12,47,-80
1741507784.8794808,-12,-46,-110
1741507784.924481,-20,57,41
1741507784.970481,-32,-49,-160
1741507785.016481,23,-1,-88
1741507785.061481,-44,-17,-246
1741507785.107481,-55,-12,-138
1741507785.153481,12,-13,-30
1741507785.199481,2,-21,125
1741507785.2444808,-9,34,-70
1741507785.2904809,1,-33,-96
1741507785.3364809,-21,9,49
1741507785.381481,-18,-53,-94
1741507785.427481,-18,36,-134
1741507785.473481,26,34,-138
1741507785.519481,89,-31,-42
1741507785.564481,19,-50,-175
1741507785.610481,-16,-9,-97
1741507785.656481,37,-53,-66
1741507785.7014809,19,1,-76
1741507785.7474809,-3,20,-25
1741507785.7934809,46,12,-153
1741507785.8394809,-42,3,-139
1741507785.884481,-23,-29,-21
1741507785.930481,-83,-19,-29
1741507785.976481,50,107,-27
1741507786.021481,34,-24,-143
1741507786.0674808,-9,11,-61
1741507786.1134808,48,2,-61
1741507786.1594808,-20,-81,-57
1741507786.204481,-76,12,0
1741507786.250481,-8,0,33
1741507786.296481,1,-27,23
1741507786.341481,-24,-15,-23
1741507786.387481,-42,24,-69
1741507786.433481,6,-19,-73
1741507786.479481,10,30,-89
1741507786.5244808,14,-21,-79
1741507786.5704808,-67,36,-141
1741507786.6164808,10,-39,-101
1741507786.661481,-31,-33,-139
1741507786.707481,31,72,-154
1741507786.753481,15,-18,32
1741507786.798481,15,-31,-53
1741507786.844481,-37,-49,2
1741507786.890481,11,-19,-110
1741507786.936481,53,-29,-26
1741507786.9814808,9,10,-121
1741507787.0274808,-12,2,-97
1741507787.0734808,-70,0,-125
1741507787.118481,43,0,-102
1741507787.164481,15,-45,-132
1741507787.210481,-22,-80,-122
1741507787.256481,30,-84,-46
1741507787.301481,-8,-30,-30
1741507787.347481,5,19,-49
1741507787.393481,-42,-30,54
1741507787.4384809,-29,71,-69
1741507787.4844809,14,61,-121
1741507787.5304809,16,-18,-25
1741507787.5764809,51,-45,18
1741507787.621481,-18,-55,-35
1741507787.667481,59,-10,-105
1741507787.713481,39,-43,-133
1741507787.758481,-11,-56,-59
1741507787.804481,16,-2,-23
1741507787.850481,66,7,-71
1741507787.896481,32,-18,-29
1741507787.9414809,56,18,-157
1741507787.9874809,12,25,-49
1741507788.033481,25,-17,-63
1741507788.078481,81,27,-109
1741507788.124481,-64,9,-139
1741507788.170481,3,-76,22
1741507788.216481,61,-20,-85
1741507788.2614808,32,52,-133
1741507788.3074808,-9,52,-169
1741507788.3534808,-35,-63,-101
1741507788.398481,-35,-41,-33
1741507788.444481,4,4,-95
1741507788.490481,91,0,-75
1741507788.536481,33,42,-87
1741507788.581481,52,-2,-23
1741507788.627481,-8,-71,-143
1741507788.673481,14,-49,-23
1741507788.7184808,19,79,-101
1741507788.7644808,-28,31,-157
1741507788.8104808,30,29,18
1741507788.8564808,42,55,-213
1741507788.901481,-13,-1,-115
1741507788.947481,8,27,-183
1741507788.993481,0,53,-59
1741507789.038481,29,19,8
1741507789.084481,41,-22,-81
1741507789.130481,-26,-24,18
1741507789.176481,17,11,-148
1741507789.2214808,-27,51,73
1741507789.2674809,26,63,-12
1741507789.3134809,-23,-18,-33
1741507789.358481,26,-37,-44
1741507789.404481,-31,55,16
1741507789.450481,66,-6,-25
1741507789.496481,-99,65,-75
1741507789.541481,-62,-12,-99
1741507789.587481,60,-48,-125
1741507789.633481,9,-7,-183
1741507789.6784809,26,28,-87
1741507789.7244809,-4,26,-173
1741507789.7704809,-2,72,-65
1741507789.8164809,-95,34,-75
1741507789.861481,25,-66,-55
1741507789.907481,0,-33,-159
1741507789.953481,3,88,-127
1741507789.998481,-40,-71,45
1741507790.0444808,17,48,-90
1741507790.0904808,-14,4,-56
1741507790.1364808,-27,-37,19
1741507790.181481,-42,44,-92
1741507790.227481,-10,-11,-118
1741507790.273481,0,-9,-80
1741507790.318481,-52,-21,7
1741507790.364481,40,42,-150
1741507790.410481,26,-9,-220
1741507790.456481,2,36,-104
1741507790.5014808,-33,-7,-172
1741507790.5474808,30,38,-102
1741507790.5934808,16,14,-122
1741507790.638481,31,51,-22
1741507790.684481,69,-30,13
1741507790.730481,26,70,-202
1741507790.776481,-13,14,-32
1741507790.821481,-75,-7,-68
1741507790.867481,72,86,-56
1741507790.913481,-35,-39,-91
1741507790.9584808,-3,8,12
1741507791.0044808,-77,-15,-105
1741507791.0504808,-17,48,-15
1741507791.0964808,-63,-59,-127
1741507791.141481,6,145,-48
1741507791.187481,0,47,7
1741507791.233481,-25,-42,-22
1741507791.278481,54,27,-8
1741507791.324481,-22,10,-94
1741507791.370481,22,-63,-52
1741507791.416481,52,50,-104
1741507791.4614809,71,-55,9
1741507791.5074809,-24,32,-76
1741507791.5534809,0,-65,87
1741507791.598481,13,68,-102
1741507791.644481,55,26,-108
1741507791.690481,21,-27,-30
1741507791.736481,-65,41,-64
1741507791.781481,-28,19,-128
1741507791.827481,25,-29,-94
1741507791.873481,7,-39,-54
1741507791.9184809,-22,-32,-76
1741507791.9644809,67,73,-72
1741507792.0104809,89,41,19
1741507792.056481,17,27,-190
1741507792.107481,9,-25,-71
1741507792.153481,17,23,-44
1741507792.1984808,95,5,-146
1741507792.2444808,-37,30,-33
1741507792.2904809,13,12,-127
1741507792.3364809,27,-33,20
1741507792.381481,29,0,-65
1741507792.427481,-38,-45,-213
1741507792.473481,14,-76,-71
1741507792.518481,-1,15,-109
1741507792.564481,75,-10,-71
1741507792.610481,51,27,-77
1741507792.656481,-4,-78,-51
1741507792.7014809,-92,15,-111
1741507792.7474809,-13,1,-25
1741507792.7934809,32,3,-5
1741507792.838481,-55,-14,-179
1741507792.884481,1,-39,-95
1741507792.930481,29,0,-22
1741507792.976481,14,57,-138
1741507793.021481,57,-29,-158
1741507793.0674808,-40,-30,-119
1741507793.1134808,68,-9,-52
1741507793.158481,-21,-28,-113
1741507793.204481,47,11,-63
1741507793.250481,-38,87,-110
1741507793.296481,-26,-91,-134
1741507793.341481,-44,-27,-34
1741507793.387481,-32,12,-196
1741507793.433481,-2,-27,-116
1741507793.4784808,39,35,-76
1741507793.5244808,40,25,-116
1741507793.5704808,45,-58,-94
1741507793.615481,-14,31,-84
1741507793.661481,19,-2,-68
1741507793.707481,6,17,-54
1741507793.753481,88,-64,63
1741507793.798481,-11,41,-54
1741507793.844481,-60,37,-38
1741507793.890481,23,48,-204
1741507793.9354808,-10,0,-14
1741507793.9814808,-52,0,27
1741507794.0274808,-9,90,-8
1741507794.0734808,56,34,-122
1741507794.118481,-1,-53,-62
1741507794.164481,-11,6,-90
1741507794.210481,-13,-77,-144
1741507794.255481,-1,-19,-50
1741507794.301481,99,43,-90
1741507794.347481,-81,31,-54
1741507794.393481,-1,-18,-33
1741507794.4384809,-40,-51,-118
1741507794.4844809,-60,52,-86
1741507794.5304809,13,0,-94
1741507794.575481,-49,0,-116
1741507794.621481,29,-9,33
1741507794.667481,-32,4,-118
1741507794.713481,45,-11,15
1741507794.758481,16,77,131
1741507794.804481,-56,-21,7
1741507794.850481,27,-69,-34
1741507794.8954809,-6,22,-66
1741507794.9414809,9,10,-14
1741507794.9874809,-28,-31,-140
1741507795.033481,-14,-43,-62
1741507795.078481,37,-3,41
1741507795.124481,5,-35,-50
1741507795.170481,69,45,25
1741507795.2154808,18,51,-16
1741507795.2614808,-5,-4,19
1741507795.3074808,-25,23,-49
1741507795.3534808,44,0,-157
1741507795.398481,55,-26,-225
1741507795.444481,-1,14,-66
1741507795.490481,-61,14,-105
1741507795.535481,60,-34,-21
1741507795.581481,-20,61,-28
1741507795.627481,-52,55,-102
1741507795.673481,71,-48,-102
1741507795.7184808,27,83,-34
1741507795.7644808,-31,22,-4
1741507795.8104808,2,-53,-18
1741507795.855481,34,-123,-158
1741507795.901481,27,-38,7
1741507795.947481,10,10,-74
1741507795.993481,54,-5,-124
1741507796.038481,66,1,-92
1741507796.084481,69,-42,-106
1741507796.130481,-8,9,-64
1741507796.1754808,65,-24,-166
1741507796.2214808,-6,-14,-74
1741507796.2674809,-40,52,-4
1741507796.3134809,3,-51,-234
1741507796.358481,-45,72,-92
1741507796.404481,-25,-5,-69
1741507796.450481,6,-51,-139
1741507796.495481,-3,21,-111
1741507796.541481,55,-39,-197
1741507796.587481,106,49,-207
1741507796.633481,-36,-22,-139
1741507796.6784809,31,-14,-211
1741507796.7244809,4,-29,-75
1741507796.7704809,-88,72,0
1741507796.815481,-8,4,-93
1741507796.861481,61,-15,-15
1741507796.907481,9,-67,-179
1741507796.953481,63,-65,-123
1741507796.998481,-40,-5,-35
1741507797.0444808,22,-14,-21
1741507797.0904808,-29,4,-57
1741507797.1354809,-2,-19,-23
1741507797.181481,-20,-71,-69
1741507797.227481,-59,-18,-109
1741507797.273481,-79,-1,-157
1741507797.318481,12,-21,-31
1741507797.364481,-13,20,-91
1741507797.410481,4,-1,-25
1741507797.4554808,-3,-1,-201
1741507797.5014808,-10,-88,-55
1741507797.5474808,24,12,-71
1741507797.5934808,14,38,-151
1741507797.638481,10,-1,-115
1741507797.684481,-2,67,-65
1741507797.730481,1,69,32
1741507797.775481,2,24,-71
1741507797.821481,-11,13,68
1741507797.867481,28,13,-37
1741507797.913481,-26,-28,-57
1741507797.9584808,19,7,-23
1741507798.0044808,-42,73,-162
1741507798.0504808,-54,-2,-109
1741507798.095481,74,-15,-131
1741507798.141481,62,28,-125
1741507798.187481,-3,-7,-109
1741507798.233481,18,-53,-33
1741507798.278481,8,-8,-47
1741507798.324481,-28,90,-25
1741507798.370481,55,58,-105
1741507798.4154809,-17,-30,-65
1741507798.4614809,9,13,-121
1741507798.5074809,30,6,-159
1741507798.5534809,-15,-48,14
1741507798.598481,6,-21,-93
1741507798.644481,-64,-28,-61
1741507798.690481,-8,-17,-77
1741507798.735481,33,39,98
1741507798.781481,68,15,-77
1741507798.827481,-7,-15,-121
1741507798.873481,-9,52,-81
1741507798.9184809,-53,-91,-129
1741507798.9644809,67,-23,-39
1741507799.0104809,23,-16,-17
1741507799.055481,19,-51,-47
1741507799.101481,3,-21,-93
1741507799.147481,0,-1,-173
1741507799.193481,33,52,-175
1741507799.2384808,23,32,-95
1741507799.2844808,40,79,2
1741507799.3304808,-64,-37,-197
1741507799.375481,16,-10,-45
1741507799.421481,-90,-15,-43
1741507799.467481,-16,-55,20
1741507799.513481,-30,42,-125
1741507799.558481,-30,42,-27
1741507799.604481,-18,52,-103
1741507799.650481,21,-23,-75
1741507799.6954808,-6,90,-31
1741507799.7414808,-59,0,-179
1741507799.7874808,-75,-10,-25
1741507799.8334808,-53,-32,-57
1741507799.878481,-6,-27,-199
1741507799.924481,34,5,80
1741507799.970481,-78,-25,-119
1741507800.015481,18,45,-109
1741507800.061481,-13,-8,-169
1741507800.107481,-62,14,-41
1741507800.153481,3,28,-67
1741507800.1984808,43,16,-103
1741507800.2444808,62,14,-107
1741507800.2904809,-33,2,-93
1741507800.335481,36,-37,-139
1741507800.381481,32,-11,-25
1741507800.427481,-17,1,-23
1741507800.472481,-13,-60,-61
1741507800.518481,-67,-6,-33
1741507800.564481,-17,9,-93
1741507800.610481,62,71,-91
1741507800.6554809,-71,-8,4
1741507800.7014809,32,7,-81
1741507800.7474809,50,26,-23
1741507800.792481,-21,-45,-105
1741507800.838481,6,-57,-1
1741507800.884481,8,94,6
1741507800.930481,-68,-41,-133
1741507800.975481,40,27,34
1741507801.021481,-5,-18,-141
1741507801.0674808,8,-62,4
1741507801.1124809,36,-6,-135
1741507801.158481,52,-12,-143
1741507801.204481,-6,-54,-265
1741507801.250481,16,-44,-223
1741507801.295481,18,-32,-71
1741507801.341481,-5,3,36
1741507801.387481,-25,-45,-105
1741507801.4324808,24,46,-57
1741507801.4784808,-6,-22,-85
1741507801.5244808,-14,20,-113
1741507801.5704808,43,7,-85
1741507801.615481,69,77,-21
1741507801.661481,-64,49,-155
1741507801.707481,50,-62,-111
1741507801.752481,26,43,-27
1741507801.798481,99,-31,-102
1741507801.844481,-25,-30,-171
1741507801.890481,-15,5,-109
1741507801.9354808,50,31,-111
1741507801.9814808,-5,19,-97
1741507802.0274808,5,-22,-123
1741507802.072481,-4,59,20
1741507802.124481,78,-8,-95
1741507802.170481,-6,57,-61
1741507802.2154808,74,-70,-19
1741507802.2614808,72,49,-59
1741507802.3074808,-33,27,-175
1741507802.352481,6,-14,-49
1741507802.398481,47,-8,-17
1741507802.444481,-47,13,-89
1741507802.490481,28,1,-65
1741507802.535481,-47,23,-92
1741507802.581481,-81,-30,-47
1741507802.627481,68,26,-104
1741507802.6724808,48,-38,-61
1741507802.7184808,54,-8,-69
1741507802.7644808,51,-43,-91
1741507802.8104808,-46,-9,-20
1741507802.855481,-12,-11,39
1741507802.901481,9,-45,-174
1741507802.947481,63,-25,-16
1741507802.992481,5,20,25
1741507803.038481,-11,-29,-154
1741507803.084481,-53,32,-63
1741507803.130481,27,-23,-97
1741507803.1754808,69,28,-86
1741507803.2214808,14,-2,-160
1741507803.2674809,-19,57,-101
1741507803.312481,-63,-12,31
1741507803.358481,-36,63,-126
1741507803.404481,-23,-11,-52
1741507803.450481,50,-17,-60
1741507803.495481,62,-81,-139
1741507803.541481,40,-31,-85
1741507803.587481,5,32,-60
1741507803.6324809,-64,0,-49
1741507803.6784809,41,-35,-145
1741507803.7244809,-14,36,-51
1741507803.7704809,-68,-72,-91
1741507803.815481,17,47,-71
1741507803.861481,15,89,-139
1741507803.907481,-34,-40,34
1741507803.952481,35,97,-127
1741507803.998481,-54,49,-157
1741507804.0444808,13,-6,38
1741507804.0904808,9,32,-13
1741507804.1354809,94,8,-145
1741507804.181481,64,-73,2
1741507804.227481,30,-80,-77
1741507804.272481,-17,62,-93
1741507804.318481,-21,-27,-33
1741507804.364481,-16,-52,-47
1741507804.410481,-9,18,-105
1741507804.4554808,-57,-65,-178
1741507804.5014808,3,26,-123
1741507804.5474808,-56,-10,-213
1741507804.592481,0,28,-153
1741507804.638481,-36,42,-87
1741507804.684481,67,-9,-145
1741507804.730481,-13,24,-163
1741507804.775481,-47,-64,-71
1741507804.821481,-31,-53,-15
1741507804.867481,-23,-79,-47
1741507804.9124808,-49,16,-141
1741507804.9584808,-29,22,-53
1741507805.0044808,-35,44,-111
1741507805.0504808,61,-2,-81
1741507805.095481,21,-16,-19
1741507805.141481,-3,-79,52
1741507805.187481,-17,46,-81
1741507805.232481,14,29,-43
1741507805.278481,-19,100,-69
1741507805.324481,-6,9,-109
1741507805.370481,2,53,-3
1741507805.4154809,9,79,-27
1741507805.4614809,23,-4,-37
1741507805.5074809,-42,-86,-141
1741507805.552481,65,33,-161
1741507805.598481,7,-4,-169
1741507805.644481,-66,-42,-61
1741507805.690481,79,-32,-19
1741507805.735481,-33,-63,-93
1741507805.781481,-25,17,48
1741507805.827481,-47,31,-13
1741507805.8724809,5,45,-27
1741507805.9184809,-12,20,-111
1741507805.9644809,45,41,-241
1741507806.0104809,80,4,-95
1741507806.055481,9,-86,-59
1741507806.101481,69,-37,-103
1741507806.147481,-128,56,-109
1741507806.1924808,21,40,-35
1741507806.2384808,135,-28,30
1741507806.2844808,54,29,-83
1741507806.3304808,17,40,-121
1741507806.375481,11,-24,-121
1741507806.421481,67,12,-133
1741507806.467481,-50,72,-33
1741507806.512481,-24,-29,-155
1741507806.558481,-38,0,-89
1741507806.604481,-20,59,-153
1741507806.650481,-46,7,-115
1741507806.6954808,5,-56,-119
1741507806.7414808,7,17,-93
1741507806.7874808,81,-30,-53
1741507806.832481,27,-10,98
1741507806.878481,7,-49,-99
1741507806.924481,-44,-27,-57
1741507806.970481,69,72,-47
1741507807.015481,-24,55,-166
1741507807.061481,-74,31,3
1741507807.107481,77,-32,-118
1741507807.1524808,-26,-34,-186
1741507807.1984808,58,-27,-34
1741507807.2444808,-2,24,-50
1741507807.289481,-76,9,-48
1741507807.335481,-22,-55,-118
1741507807.381481,41,67,-66
1741507807.427481,11,-29,-18
1741507807.472481,-14,43,-4
1741507807.518481,13,15,-108
1741507807.564481,15,-2,-224
1741507807.6094809,18,49,-112
1741507807.6554809,-68,5,23
1741507807.7014809,30,-6,-68
1741507807.7474809,83,-96,-50
1741507807.792481,15,-20,-26
1741507807.838481,9,-22,-90
1741507807.884481,43,26,-5
1741507807.929481,21,48,-11
1741507807.975481,-14,-73,-36
1741507808.021481,-6,68,-63
1741507808.0674808,-14,42,-73
1741507808.1124809,-17,40,-7
1741507808.158481,54,37,-37
1741507808.204481,-3,74,-199
1741507808.249481,-4,-33,-128
1741507808.295481,119,-101,-145
1741507808.341481,67,-2,-35
1741507808.387481,4,-18,-145
1741507808.4324808,-3,-24,-1
1741507808.4784808,60,-34,-109
1741507808.5244808,43,-12,8
1741507808.569481,-16,-26,-111
1741507808.615481,-17,-3,-139
1741507808.661481,-31,39,46
1741507808.707481,-59,-42,-15
1741507808.752481,-41,26,-133
1741507808.798481,14,-11,-91
1741507808.844481,-68,-24,-57
1741507808.888481,-10,-48,-115
1741507808.934481,-12,50,-115
1741507808.980481,27,-21,32
1741507809.025481,-74,8,74
1741507809.071481,21,13,-87
1741507809.117481,11,-6,-109
1741507809.163481,-86,55,-77
1741507809.2084808,51,9,-147
1741507809.2544808,-15,39,-95
1741507809.3004808,-13,-28,-27
1741507809.345481,26,-40,-117
1741507809.391481,64,-54,-49
1741507809.437481,40,-11,-69
1741507809.483481,30,34,-108
1741507809.528481,-17,-29,-82
1741507809.574481,-46,3,51
1741507809.620481,54,-53,-136
1741507809.6654809,43,4,-40
1741507809.7114809,-44,-3,-142
1741507809.7574809,49,14,-100
1741507809.8034809,36,35,-8
1741507809.848481,61,-18,-88
1741507809.894481,-8,-50,-153
1741507809.940481,18,-46,-35
1741507809.985481,-17,16,-127
1741507810.031481,-37,-35,-57
1741507810.077481,-14,6,22
1741507810.123481,-76,17,-79
1741507810.1684809,-18,-2,-55
1741507810.2144809,-5,-42,-35
1741507810.2604809,-2,-18,-51
1741507810.305481,24,-46,-27
1741507810.351481,-29,-52,26
1741507810.397481,-2,-37,-155
1741507810.443481,32,59,-123
1741507810.4884808,-25,-114,-75
1741507810.5344808,-28,8,18
1741507810.5804808,-72,0,-155
1741507810.625481,-32,-21,-43
1741507810.671481,76,-87,-43
1741507810.717481,33,-53,9
1741507810.763481,129,2,-96
1741507810.808481,15,-13,-30
1741507810.854481,9,-5,-66
1741507810.900481,25,-61,-100
1741507810.9454808,-12,88,-18
1741507810.9914808,-72,34,-96
1741507811.0374808,-70,-59,13
1741507811.0834808,-46,12,-90
1741507811.128481,20,-2,-86
1741507811.174481,12,-42,-138
1741507811.220481,-69,19,-136
1741507811.265481,-27,51,-96
1741507811.311481,-1,-6,-204
1741507811.357481,19,-50,-94
1741507811.403481,32,-1,-108
1741507811.4484808,-9,50,-28
1741507811.4944808,-16,32,-148
1741507811.5404809,69,-88,-58
1741507811.585481,-14,27,-106
1741507811.631481,4,13,-100
1741507811.677481,2,-28,-140
1741507811.723481,-5,-16,-42
1741507811.768481,0,11,-120
1741507811.814481,48,-35,-26
1741507811.860481,-3,-75,-118
1741507811.9054809,0,-13,-156
1741507811.9514809,-11,8,-148
1741507811.9974809,-41,12,-121
1741507812.0434809,-15,-3,-81
1741507812.088481,64,50,-29
1741507812.140481,40,-22,-13
1741507812.1854808,-27,53,44
1741507812.2314808,-81,-34,-3
1741507812.2774808,-51,-48,-93
1741507812.3234808,20,16,-131
1741507812.368481,-11,-55,-133
1741507812.414481,22,4,-31
1741507812.460481,-35,-42,-51
1741507812.505481,58,19,-137
1741507812.551481,62,-36,-129
1741507812.597481,-33,97,-121
1741507812.643481,-55,45,-25
1741507812.6884809,12,-1,-55
1741507812.7344809,82,-1,24
1741507812.7804809,43,-2,-115
1741507812.825481,47,-46,-171
1741507812.871481,-42,-18,-95
1741507812.917481,-21,18,14
1741507812.963481,58,-31,-141
1741507813.008481,-49,2,-139
1741507813.054481,42,27,-103
1741507813.100481,-33,7,0
1741507813.1454809,-28,12,-165
1741507813.1914809,74,17,-265
1741507813.2374809,26,1,-27
1741507813.283481,-75,13,-101
1741507813.328481,47,-38,-129
1741507813.374481,-8,-49,-45
1741507813.420481,-38,-30,-139
1741507813.4654808,-12,-18,-31
1741507813.5114808,17,6,-35
1741507813.5574808,1,-51,-7
1741507813.6034808,27,-12,-199
1741507813.648481,-93,-52,-101
1741507813.694481,22,17,-133
1741507813.740481,84,-68,14
1741507813.785481,-21,25,-114
1741507813.831481,12,33,-237
1741507813.877481,5,45,2
1741507813.9224808,-22,-57,-143
1741507813.9684808,-26,42,-123
1741507814.0144808,19,59,-155
1741507814.0604808,25,13,-11
1741507814.105481,15,-18,-47
1741507814.151481,0,-34,-25
1741507814.196481,1,-22,-129
1741507814.2414808,-14,-10,-37
1741507814.2874808,22,0,2
1741507814.3334808,38,0,-117
1741507814.378481,12,2,6
1741507814.424481,46,2,-27
1741507814.470481,-31,46,108
1741507814.516481,56,-9,-51
1741507814.561481,-48,-53,-111
1741507814.607481,8,-1,6
1741507814.653481,4,-29,-41
1741507814.6984808,-72,0,-61
1741507814.7444808,45,25,-45
1741507814.7904809,117,1,-67
1741507814.8364809,19,3,-37
1741507814.881481,-80,-26,26
1741507814.927481,27,-36,-73
1741507814.973481,-42,9,-45
1741507815.018481,-43,-28,-75
1741507815.064481,-30,-11,-111
1741507815.110481,51,10,-61
1741507815.156481,13,16,-237
1741507815.2014809,6,-15,-21
1741507815.2474809,0,-1,-105
1741507815.2934809,69,23,-65
1741507815.338481,-48,37,-109
1741507815.384481,-102,11,-87
1741507815.430481,-54,-58,-61
1741507815.476481,-22,4,-69
1741507815.521481,37,32,-171
1741507815.5674808,-33,-32,-65
1741507815.6134808,130,41,52
1741507815.658481,8,-50,-177
1741507815.704481,-77,23,-102
1741507815.750481,6,-34,-43
1741507815.796481,-67,-48,-173
1741507815.841481,-91,55,-61
1741507815.887481,32,13,-83
1741507815.933481,-67,109,50
1741507815.9784808,68,56,34
1741507816.0244808,-41,30,-175
1741507816.0704808,-73,-23,-97
1741507816.1164808,100,19,-51
1741507816.161481,-3,54,-101
1741507816.207481,22,28,-15
1741507816.253481,40,56,-139
1741507816.298481,56,42,-86
1741507816.344481,3,57,-22
1741507816.390481,-24,-22,-31
1741507816.436481,-26,6,-89
1741507816.4814808,-94,-50,-159
1741507816.5274808,2,15,-81
1741507816.5734808,8,16,-222
1741507816.618481,53,56,-10
1741507816.664481,-60,36,-91
1741507816.710481,17,132,-30
1741507816.756481,53,52,-52
1741507816.801481,-19,-107,-82
1741507816.847481,46,60,-118
1741507816.893481,-7,-28,-96
1741507816.9384809,28,-12,-74
1741507816.9844809,-71,-66,59
1741507817.0304809,-39,-4,-94
1741507817.0764809,-41,-23,-32
1741507817.121481,-20,16,-158
1741507817.167481,-57,7,-146
1741507817.213481,0,-8,-44
1741507817.258481,-9,41,-20
1741507817.304481,88,-6,-14
1741507817.350481,-83,56,31
1741507817.396481,-73,-35,-51
1741507817.4414809,-51,70,-101
1741507817.4874809,40,1,-13
1741507817.533481,-103,9,-105
1741507817.578481,-3,9,-83
1741507817.624481,-41,45,42
1741507817.670481,-54,-54,-47
1741507817.716481,17,-59,-87
1741507817.7614808,53,0,-53
1741507817.8074808,-58,-8,-135
1741507817.8534808,-54,66,-95
1741507817.898481,-82,-13,-125
1741507817.944481,2,-83,-113
1741507817.990481,20,34,-99
1741507818.036481,-20,16,-51
1741507818.081481,107,-23,-97
1741507818.127481,15,24,-63
1741507818.173481,29,-107,-183
1741507818.2184808,-50,39,-59
1741507818.2644808,45,-9,-133
1741507818.3104808,1,-19,-49
1741507818.3564808,-49,28,-13
1741507818.401481,68,-43,-146
1741507818.447481,-24,-19,1
1741507818.493481,10,-43,17
1741507818.538481,-52,-15,-88
1741507818.584481,-2,-22,-18
1741507818.630481,27,0,-140
1741507818.676481,-72,-28,-88
1741507818.7214808,-32,5,-74
1741507818.7674809,36,-11,-90
1741507818.8134809,-97,12,-152
1741507818.858481,4,-99,-86
1741507818.904481,54,62,-67
1741507818.950481,4,-35,-17
1741507818.996481,73,-31,-139
1741507819.041481,51,14,-53
1741507819.087481,-83,-11,-95
1741507819.133481,-26,-40,-105
1741507819.1784809,-5,-37,-121
1741507819.2244809,-10,18,64
1741507819.2704809,-21,3,14
1741507819.3164809,-19,5,-171
1741507819.361481,6,-29,-23
1741507819.407481,31,28,-27
1741507819.453481,-65,-89,-35
1741507819.498481,0,-1,-55
1741507819.5444808,-10,36,-37
1741507819.5904808,81,-47,-31
1741507819.6364808,9,-1,-109
1741507819.681481,-57,35,-159
1741507819.727481,-40,24,-119
1741507819.773481,-53,-35,-87
1741507819.818481,38,-17,-179
1741507819.864481,75,59,-3
1741507819.910481,-44,19,-153
1741507819.956481,-14,19,-135
1741507820.0014808,-11,57,-81
1741507820.0474808,77,8,-113
1741507820.0934808,43,68,-4
1741507820.138481,21,-21,-91
1741507820.184481,-2,24,-121
1741507820.230481,-12,-107,-47
1741507820.276481,-43,-36,-143
1741507820.321481,-46,22,-119
1741507820.367481,29,3,-171
1741507820.413481,-114,11,-185
1741507820.4584808,2,9,-23
1741507820.5044808,-57,19,-117
1741507820.5504808,-53,-32,-101
1741507820.5964808,-85,41,30
1741507820.641481,52,-22,-25
1741507820.687481,-9,31,-69
1741507820.733481,-6,-13,-159
1741507820.778481,33,34,-17
1741507820.824481,4,-10,-51
1741507820.870481,-2,2,-83
1741507820.9154809,-34,-102,-105
1741507820.9614809,-29,11,-179
1741507821.0074809,32,-43,20
1741507821.0534809,-21,2,-39
1741507821.098481,6,86,-45
1741507821.144481,-1,-24,-121
1741507821.190481,4,-11,-125
1741507821.235481,2,28,-27
1741507821.281481,26,-39,-64
1741507821.327481,16,-12,-23
1741507821.373481,-70,45,-141
1741507821.4184809,5,3,-199
1741507821.4644809,65,-2,8
1741507821.5104809,19,-52,6
1741507821.555481,105,53,-59
1741507821.601481,-72,35,-203
1741507821.647481,-12,-2,-81
1741507821.693481,55,-56,-123
1741507821.7384808,43,-54,14
1741507821.7844808,-36,12,-29
1741507821.8304808,19,-77,-97
1741507821.875481,-56,-5,-65
1741507821.921481,5,38,-69
1741507821.967481,87,58,-35
1741507822.013481,39,-4,-47
1741507822.058481,49,13,67
1741507822.104481,-99,-28,3
1741507822.1554809,42,35,-110
1741507822.2014809,-26,64,-169
1741507822.2474809,54,36,-82
1741507822.2934809,-55,68,1
1741507822.338481,-65,42,-104
1741507822.384481,22,53,-32
1741507822.430481,54,-65,-192
1741507822.475481,-31,30,-72
1741507822.521481,28,-54,-54
1741507822.5674808,25,56,35
1741507822.6134808,-24,13,-102
1741507822.658481,31,-22,39
1741507822.704481,-63,74,-56
1741507822.750481,-37,-21,-176
1741507822.795481,-15,10,-16
1741507822.841481,84,-39,-34
1741507822.887481,0,11,-74
1741507822.933481,-44,47,-66
1741507822.9784808,-13,-40,-82
1741507823.0244808,-29,-28,-180
1741507823.0704808,-87,-14,-68
1741507823.115481,73,33,-102
1741507823.161481,48,-37,-18
1741507823.207481,-19,-34,-92
1741507823.253481,-22,15,-100
1741507823.298481,18,43,-120
1741507823.344481,-66,-44,-40
1741507823.390481,-85,31,-37
1741507823.4354808,2,35,-50
1741507823.4814808,35,-44,-197
1741507823.5274808,9,-26,-44
1741507823.5734808,25,9,-73
1741507823.618481,-39,-46,-156
1741507823.664481,-22,17,-96
1741507823.710481,75,47,-28
1741507823.755481,0,13,6
1741507823.801481,30,79,-105
1741507823.847481,-44,16,-25
1741507823.893481,49,26,-17
1741507823.9384809,3,-19,16
1741507823.9844809,-26,72,-107
1741507824.0304809,38,-79,-215
1741507824.075481,-10,-29,-71
1741507824.121481,20,-40,-229
1741507824.167481,-67,-50,8
1741507824.213481,62,5,17
1741507824.258481,-39,0,-49
1741507824.304481,-137,-61,-50
1741507824.350481,-28,25,-168
1741507824.3954809,0,4,-183
1741507824.4414809,-12,-1,-57
1741507824.4874809,26,-34,-27
1741507824.533481,53,-23,-35
1741507824.578481,-16,17,-175
1741507824.624481,-76,52,-99
1741507824.670481,39,-76,10
1741507824.7154808,4,44,-103
1741507824.7614808,0,-33,-123
1741507824.8074808,-26,64,-157
1741507824.8534808,-15,6,-77
1741507824.898481,70,-10,-33
1741507824.944481,0,2,-44
1741507824.990481,-85,-13,4
1741507825.035481,-21,44,-89
1741507825.081481,50,21,-149
1741507825.127481,46,-9,28
1741507825.173481,-73,24,-91
1741507825.2184808,52,-1,-158
1741507825.2644808,3,3,-125
1741507825.3104808,12,38,-87
1741507825.355481,-59,48,-80
1741507825.401481,-7,-23,-29
1741507825.447481,60,-37,67
1741507825.493481,-61,48,-21
1741507825.538481,64,-78,-83
1741507825.584481,-5,13,-93
1741507825.630481,3,79,-41
1741507825.6754808,16,2,-87
1741507825.7214808,70,-24,26
1741507825.7674809,-75,-51,-85
1741507825.8134809,35,21,-143
1741507825.858481,57,43,-27
1741507825.904481,-2,-50,-65
1741507825.950481,-14,-48,-71
1741507825.995481,-110,-20,-27
1741507826.041481,39,-8,-133
1741507826.087481,-44,40,-119
1741507826.133481,-5,34,-33
1741507826.1784809,15,-13,2
1741507826.2244809,12,45,-69
1741507826.2704809,24,47,-103
1741507826.315481,-21,28,-141
1741507826.361481,-20,-16,-103
1741507826.407481,45,0,-55
1741507826.453481,42,0,8
1741507826.498481,75,7,-53
1741507826.5444808,75,72,2
1741507826.5904808,75,-28,-111
1741507826.6354809,-13,-20,-39
1741507826.681481,-15,-28,12
1741507826.727481,-15,57,-145
1741507826.773481,76,1,-225
1741507826.818481,30,-6,-83
1741507826.864481,10,25,-159
1741507826.910481,-46,-8,-29
1741507826.9554808,33,33,-95
1741507827.0014808,59,51,-175
1741507827.0474808,1,7,-97
1741507827.0934808,-6,-34,-23
1741507827.138481,-16,-54,54
1741507827.184481,38,0,-141
1741507827.230481,-31,27,-183
1741507827.275481,-34,-40,-58
1741507827.321481,112,-28,-125
1741507827.367481,-15,-88,-115
1741507827.413481,70,14,-161
1741507827.4584808,-109,34,-161
1741507827.5044808,-17,39,-53
1741507827.5504808,-17,-8,-67
1741507827.595481,88,-84,-245
1741507827.641481,-53,-8,40
1741507827.687481,42,9,-37
1741507827.732481,-51,60,-201
1741507827.778481,18,44,-25
1741507827.824481,18,-88,-87
1741507827.870481,-1,11,-177
1741507827.9154809,118,-38,-87
1741507827.9614809,-24,-53,-225
1741507828.0074809,-42,27,-75
1741507828.052481,1,5,-49
1741507828.098481,-24,13,-125
1741507828.144481,28,-65,14
1741507828.190481,59,7,-121
1741507828.235481,-28,35,-113
1741507828.281481,-29,-13,-35
1741507828.327481,14,10,-61
1741507828.3724809,-15,-47,-89
1741507828.4184809,-25,-62,-65
1741507828.4644809,48,35,-17
1741507828.5104809,68,33,-9
1741507828.555481,6,-44,-131
1741507828.601481,12,65,-125
1741507828.647481,-11,84,6
1741507828.6924808,76,30,-75
1741507828.7384808,48,26,-189
1741507828.7844808,-22,-4,-109
1741507828.8304808,50,39,-95
1741507828.875481,-40,14,-145
1741507828.921481,-31,33,-7
1741507828.967481,-85,44,-33
1741507829.012481,45,-19,-179
1741507829.058481,90,46,-145
1741507829.104481,-11,-31,-19
1741507829.150481,45,38,-93
1741507829.1954808,-29,-65,-185
1741507829.2414808,-21,20,-33
1741507829.2874808,6,26,-23
1741507829.332481,12,-23,22
1741507829.378481,96,102,10
1741507829.424481,0,16,-21
1741507829.470481,-23,-53,-137
1741507829.515481,19,-71,-119
1741507829.561481,5,6,-75
1741507829.607481,-54,4,-127
1741507829.6524808,-8,-103,-63
1741507829.6984808,63,20,14
1741507829.7444808,-20,-47,-165
1741507829.7904809,37,39,-113
1741507829.835481,0,-48,-93
1741507829.881481,91,-14,-47
1741507829.927481,-53,0,-127
1741507829.972481,52,67,-65
1741507830.018481,22,30,-63
1741507830.064481,-27,-3,-108
1741507830.110481,38,-10,-118
1741507830.1554809,12,2,2
1741507830.2014809,-65,2,-61
1741507830.2474809,58,46,-39
1741507830.292481,116,20,-11
1741507830.338481,76,-9,-29
1741507830.384481,-18,-47,-5
1741507830.430481,1,0,-85
1741507830.475481,-40,40,-103
1741507830.521481,-4,-21,-143
1741507830.5674808,39,-5,-91
1741507830.6124809,0,18,-121
1741507830.658481,-22,-78,8
1741507830.704481,75,0,-159
1741507830.750481,26,15,-105
1741507830.795481,52,-30,-75
1741507830.841481,92,-30,-149
1741507830.887481,20,8,-71
1741507830.9324808,-46,20,-145
1741507830.9784808,-32,76,-87
1741507831.0244808,-20,54,-63
1741507831.0704808,-2,4,-79
1741507831.115481,33,-17,-19
1741507831.161481,42,52,-47
1741507831.207481,26,-32,4
1741507831.252481,-75,27,-109
1741507831.298481,21,15,-95
1741507831.344481,-42,9,-87
1741507831.390481,11,19,-163
1741507831.4354808,-10,-14,-69
1741507831.4814808,-16,-50,12
1741507831.5274808,77,27,-173
1741507831.572481,-22,79,-61
1741507831.618481,77,-96,-97
1741507831.664481,6,-24,-91
1741507831.710481,-65,-10,-79
1741507831.755481,25,15,-107
1741507831.801481,14,-12,-126
1741507831.847481,-29,42,-25
1741507831.8924809,25,-80,-113
1741507831.9384809,13,38,-81
1741507831.9844809,-71,-80,0
1741507832.0304809,35,63,-77
1741507832.075481,23,34,-33
1741507832.127481,-19,-11,-111
1741507832.1724808,-53,74,-96
1741507832.2184808,-37,22,-277
1741507832.2644808,-47,38,4
1741507832.3104808,4,10,-87
1741507832.355481,-69,22,-136
1741507832.401481,72,11,-64
1741507832.447481,33,42,-113
1741507832.492481,-96,8,-51
1741507832.538481,64,38,-25
1741507832.584481,6,-25,-201
1741507832.630481,-11,-5,-30
1741507832.6754808,-3,70,-193
1741507832.7214808,63,-24,-52
1741507832.7674809,36,24,-95
1741507832.812481,-90,-63,-67
1741507832.858481,-3,18,-17
1741507832.904481,-43,6,-224
1741507832.950481,-15,15,12
1741507832.995481,56,-26,-60
1741507833.041481,-25,23,-53
1741507833.087481,48,29,-65
1741507833.1324809,-75,-74,-53
1741507833.1784809,-15,-24,-137
1741507833.2244809,-29,45,-131
1741507833.2704809,61,62,-35
1741507833.315481,54,32,-129
1741507833.361481,42,-23,-99
1741507833.407481,-60,34,-145
1741507833.452481,-27,25,-167
1741507833.498481,0,32,-103
1741507833.5444808,62,-9,-6
1741507833.5904808,30,0,-105
1741507833.6354809,136,34,-229
1741507833.681481,-20,13,-71
1741507833.727481,21,11,-19
1741507833.772481,-29,83,-79
1741507833.818481,-20,9,-123
1741507833.864481,-66,0,-21
1741507833.910481,17,-32,-117
1741507833.9554808,-20,-68,-69
1741507834.0014808,-66,25,-189
1741507834.0474808,39,-56,-85
1741507834.092481,7,81,-87
1741507834.138481,-48,60,-107
1741507834.184481,-14,4,-137
1741507834.230481,-6,-55,-137
1741507834.275481,-40,57,-59
1741507834.321481,-32,-16,-7
1741507834.367481,23,-6,0
1741507834.4124808,73,17,-61
1741507834.4584808,-4,81,-207
1741507834.5044808,29,89,-45
1741507834.5504808,-43,-1,16
1741507834.595481,-24,99,35
1741507834.641481,-39,0,-93
1741507834.687481,24,-59,-85
1741507834.732481,104,67,66
1741507834.778481,0,-24,-69
1741507834.824481,-21,1,-81
1741507834.8694808,98,-92,-135
1741507834.9154809,42,21,-45
1741507834.9614809,-45,-92,-16
1741507835.0074809,128,-10,-95
1741507835.052481,-20,-11,-17
1741507835.098481,5,-27,-136
1741507835.144481,58,105,-83
1741507835.189481,70,-42,50
1741507835.235481,5,4,-45
1741507835.281481,-55,-9,-56
1741507835.327481,71,-51,-61
1741507835.3724809,9,-15,-162
1741507835.4184809,-32,-33,-85
1741507835.4644809,-26,10,-45
1741507835.509481,-79,-24,-91
1741507835.555481,-5,13,-201
1741507835.601481,16,-75,-67
1741507835.647481,-63,15,-97
1741507835.6924808,-35,14,-129
1741507835.7384808,80,-31,-47
1741507835.7844808,16,-61,-5
1741507835.829481,0,44,-77
1741507835.875481,-71,-31,-97
1741507835.921481,2,-17,-37
1741507835.967481,16,-61,-107
1741507836.012481,56,-31,-107
1741507836.058481,12,63,-127
1741507836.104481,2,-30,-109
1741507836.1494808,8,69,-153
1741507836.1954808,33,34,-155
1741507836.2414808,-6,-47,16
1741507836.2874808,-7,-35,-131
1741507836.332481,48,28,-81
1741507836.378481,29,-5,-87
1741507836.424481,70,12,-165
1741507836.469481,24,36,-31
1741507836.515481,24,36,-225
1741507836.561481,-117,20,-135
1741507836.607481,38,38,-127
1741507836.6524808,6,8,-105
1741507836.6984808,-35,-35,-151
1741507836.7444808,-34,-67,-27
1741507836.789481,-34,-15,-71
1741507836.835481,38,31,-86
1741507836.881481,2,-105,-176
1741507836.927481,-61,-9,-142
1741507836.972481,16,6,-14
1741507837.018481,-21,-22,-64
1741507837.064481,26,27,-136
1741507837.1094809,22,3,-146
1741507837.1554809,-82,27,-158
1741507837.2014809,10,-28,-116
1741507837.2474809,18,-50,-38
1741507837.292481,28,25,-118
1741507837.338481,-25,-21,-40
1741507837.384481,4,9,-71
1741507837.429481,66,5,-25
1741507837.475481,-3,7,-103
1741507837.521481,40,-22,-185
1741507837.5674808,-93,-28,-63
1741507837.6124809,-40,-23,-151
1741507837.658481,-37,7,-91
1741507837.704481,-53,-35,-9
1741507837.749481,24,-41,-103
1741507837.795481,-6,-29,-51
1741507837.841481,-90,14,-97
1741507837.887481,17,-17,-125
1741507837.9324808,25,20,-143
1741507837.9784808,23,-25,-50
1741507838.0244808,-18,77,-133
1741507838.069481,-12,31,2
1741507838.115481,-20,-72,-107
1741507838.161481,-32,7,-132
1741507838.207481,-8,-5,-14
1741507838.252481,5,24,-8
1741507838.298481,35,17,-82
1741507838.344481,65,-26,-48
1741507838.3894808,16,-30,115
1741507838.4354808,-33,-12,-134
1741507838.4814808,-31,-30,25
1741507838.5274808,-7,-83,-68
1741507838.572481,-15,48,-198
1741507838.618481,10,2,-42
1741507838.664481,-60,-58,-204
1741507838.709481,-45,2,-122
1741507838.755481,62,-53,-108
1741507838.801481,-40,-18,-156
1741507838.847481,-10,33,-70
1741507838.8924809,45,-20,-98
1741507838.9384809,67,-82,-124
1741507838.9844809,3,-24,-120
1741507839.029481,7,-14,-60
1741507839.075481,56,-22,-44
1741507839.121481,-13,21,-218
1741507839.167481,65,35,-58
1741507839.212481,13,29,48
1741507839.258481,5,3,-89
1741507839.304481,35,5,-125
1741507839.3494809,47,24,-19
1741507839.3954809,-77,-10,-5
1741507839.4414809,-85,-74,-39
1741507839.4874809,-51,-27,-77
1741507839.532481,14,-46,-147
1741507839.578481,-27,37,-33
1741507839.624481,80,48,-19
1741507839.6694808,58,59,-53
1741507839.7154808,20,21,-115
1741507839.7614808,99,28,-93
1741507839.805481,-50,-62,-75
1741507839.851481,71,15,-171
1741507839.897481,83,-46,-53
1741507839.943481,-84,-2,-17
1741507839.9884808,58,6,-43
1741507840.0344808,-77,24,-41
1741507840.0804808,37,27,-49
1741507840.125481,52,-12,-135
1741507840.171481,-31,-11,-13
1741507840.217481,-27,86,-79
1741507840.263481,6,-15,-151
1741507840.308481,-25,-35,-17
1741507840.354481,16,39,-67
1741507840.400481,6,-16,-51
1741507840.4454808,53,81,-93
1741507840.4914808,-68,-26,-129
1741507840.5374808,-26,-54,4
1741507840.5834808,123,-80,-111
1741507840.628481,-18,19,-105
1741507840.674481,-6,-2,-71
1741507840.720481,-82,21,-93
1741507840.765481,-30,17,26
1741507840.811481,-4,1,-97
1741507840.857481,11,9,32
1741507840.903481,10,-28,-109
1741507840.9484808,15,31,6
1741507840.9944808,77,35,58
1741507841.0404809,79,-26,-125
1741507841.085481,-58,-86,-21
1741507841.131481,-11,-40,-73
1741507841.177481,-43,-69,-37
1741507841.223481,-26,-23,-39
1741507841.268481,-2,20,74
1741507841.314481,-56,20,-59
1741507841.360481,3,-41,-65
1741507841.4054809,49,-57,-91
1741507841.4514809,45,-35,-139
1741507841.4974809,-132,2,-163
1741507841.542481,-50,-14,-91
1741507841.588481,-2,13,-151
1741507841.634481,41,24,-101
1741507841.680481,-16,-1,-17
1741507841.725481,-52,-59,-43
1741507841.771481,-10,58,-87
1741507841.8174808,45,-3,-173
1741507841.8624809,-58,-31,-101
1741507841.908481,-66,-73,-87
1741507841.954481,-71,-12,-95
1741507842.000481,31,-41,36
1741507842.045481,-81,48,-149
1741507842.091481,42,-3,-143
1741507842.1424809,-39,-1,-75
1741507842.1884809,20,-53,-5
1741507842.2344809,24,-27,-65
1741507842.2804809,2,-7,-69
1741507842.325481,-62,-2,-17
1741507842.371481,-61,6,-67
1741507842.417481,-51,14,-43
1741507842.462481,-49,-5,-25
1741507842.508481,45,-25,-73
1741507842.554481,32,21,-231
1741507842.600481,-47,49,-187
1741507842.6454809,35,-3,-149
1741507842.6914809,55,-33,-67
1741507842.7374809,45,54,-201
1741507842.782481,101,-32,-111
1741507842.828481,-22,40,-157
1741507842.874481,-22,32,-225
1741507842.920481,-19,55,-157
1741507842.9654808,-52,24,-11
1741507843.0114808,-39,15,-57
1741507843.0574808,4,51,-23
1741507843.102481,-9,5,22
1741507843.148481,62,19,-57
1741507843.194481,-40,-23,-31
1741507843.240481,8,-30,-93
1741507843.285481,-23,-64,36
1741507843.331481,-60,60,-77
1741507843.377481,66,-26,-131
1741507843.4224808,16,0,-39
1741507843.4684808,31,-47,16
1741507843.5144808,-3,-26,-79
1741507843.5604808,44,0,-109
1741507843.605481,34,-12,-29
1741507843.651481,0,24,-63
1741507843.697481,-20,-35,32
1741507843.742481,18,-2,-43
1741507843.788481,51,56,-31
1741507843.834481,62,-40,-161
1741507843.880481,36,43,-115
1741507843.9254808,20,4,-187
1741507843.9714808,66,-18,-109
1741507844.0174809,19,20,-157
1741507844.062481,-33,65,-45
1741507844.1094809,41,-49,40
1741507844.1554809,-34,20,-123
1741507844.2014809,95,62,-51
1741507844.246481,-60,40,-169
1741507844.292481,-42,-11,-79
1741507844.338481,-26,-83,-135
1741507844.384481,87,-63,-35
1741507844.429481,-14,-25,-1
1741507844.475481,-28,80,-79
1741507844.521481,15,8,-53
1741507844.5664809,-40,37,-147
1741507844.6124809,17,-23,-85
1741507844.658481,-19,21,-23
1741507844.704481,-25,24,-65
1741507844.749481,14,-12,-91
1741507844.795481,-7,31,-179
1741507844.841481,31,30,-175
1741507844.8864808,-47,84,-71
1741507844.9324808,28,-23,-53
1741507844.9784808,17,-65,-77
1741507845.0244808,-32,-1,-57
1741507845.069481,-20,-13,-147
1741507845.115481,1,10,-31
1741507845.161481,3,37,-77
1741507845.206481,46,-14,-17
1741507845.252481,56,-62,4
1741507845.298481,67,8,-15
1741507845.344481,83,-13,-61
1741507845.3894808,86,-22,-101
1741507845.4354808,-32,38,17
1741507845.4814808,72,-62,-61
1741507845.526481,22,0,-198
1741507845.572481,-1,-22,-148
1741507845.618481,25,4,-78
1741507845.664481,15,-3,-116
1741507845.709481,41,4,-226
1741507845.755481,2,4,-114
1741507845.801481,37,20,-74
1741507845.8464808,-16,-13,-60
1741507845.8924809,54,-8,-72
1741507845.9384809,-53,0,-100
1741507845.9844809,-47,-76,-74
1741507846.029481,53,23,-114
1741507846.075481,50,36,-30
1741507846.121481,29,-16,-126
1741507846.166481,-68,17,9
1741507846.212481,44,-43,-112
1741507846.258481,2,20,-148
1741507846.304481,-61,-19,-192
1741507846.3494809,46,18,-104
1741507846.3954809,32,20,15
1741507846.4414809,-39,30,-58
1741507846.486481,-16,52,-70
1741507846.532481,26,-45,-132
1741507846.578481,73,-19,-82
1741507846.624481,-50,40,-126
1741507846.6694808,99,66,-134
1741507846.7154808,-16,-19,-136
1741507846.7614808,-20,-23,-134
1741507846.806481,-2,-13,-60
1741507846.852481,-43,80,-92
1741507846.898481,-33,-1,-22
1741507846.944481,82,-39,-216
1741507846.989481,-36,32,-112
1741507847.035481,38,-35,-126
1741507847.081481,82,-41,-6
1741507847.1264808,-133,10,-80
1741507847.1724808,97,-17,-54
1741507847.2184808,17,-57,-160
1741507847.2644808,69,-43,-64
1741507847.309481,20,-125,-76
1741507847.355481,-29,56,-32
1741507847.401481,20,-55,-40
1741507847.446481,-15,25,-76
1741507847.492481,-59,-34,-32
1741507847.538481,88,-20,-68
1741507847.584481,-34,9,-96
1741507847.6294808,5,-32,-58
1741507847.6754808,17,-2,-116
1741507847.7214808,7,45,-76
1741507847.766481,-70,-7,-208
1741507847.812481,-53,-35,-136
1741507847.858481,-73,-24,-138
1741507847.904481,-43,1,-56
1741507847.949481,48,-39,-94
1741507847.995481,-31,5,-54
1741507848.041481,102,33,-126
1741507848.0864809,-17,25,-60
1741507848.1324809,-23,3,-194
1741507848.1784809,-5,3,-134
1741507848.2244809,-47,-58,-143
1741507848.269481,-43,153,-7
1741507848.315481,41,59,-153
1741507848.361481,-36,-32,-183
1741507848.406481,-19,24,-57
1741507848.452481,36,31,-153
1741507848.498481,-20,-23,-161
1741507848.5434809,1,11,-7
1741507848.5894809,-33,81,-103
1741507848.6354809,-65,-1,-21
1741507848.681481,18,42,-119
1741507848.726481,32,-5,-169
1741507848.772481,44,16,-33
1741507848.818481,-1,38,-153
1741507848.8634808,-33,-5,-129
1741507848.9094808,-7,18,-189
1741507848.9554808,-53,62,-111
1741507849.0014808,-25,2,-79
1741507849.046481,-107,-19,58
1741507849.092481,-57,5,-77
1741507849.138481,-58,-13,-9
1741507849.183481,46,-8,-19
1741507849.229481,24,-42,-87
1741507849.275481,-122,7,-29
1741507849.321481,50,54,-209
1741507849.3664808,-39,-107,-137
1741507849.4124808,49,-32,-215
1741507849.4584808,7,31,8
1741507849.503481,19,-8,-47
1741507849.549481,21,-70,-163
1741507849.595481,77,-38,-68
1741507849.641481,23,51,-124
1741507849.686481,1,13,-13
1741507849.732481,37,-108,-150
1741507849.778481,45,-10,47
1741507849.8234808,53,79,-49
1741507849.8694808,-27,-19,-61
1741507849.9154809,6,53,-88
1741507849.9614809,52,-19,-215
1741507850.006481,-74,-64,-63
1741507850.052481,-44,2,-19
1741507850.098481,-85,26,-13
1741507850.143481,12,-22,-139
1741507850.189481,10,21,-155
1741507850.235481,69,23,24
1741507850.281481,-36,18,-133
1741507850.3264809,20,83,-95
1741507850.3724809,38,-38,-29
1741507850.4184809,11,24,132
1741507850.463481,-8,-49,-43
1741507850.509481,-7,-60,-11
1741507850.555481,28,45,-73
1741507850.601481,-59,27,-19
1741507850.646481,-83,-28,-47
1741507850.6924808,-3,-59,-9
1741507850.7384808,56,-15,-139
1741507850.783481,-51,-43,-7
1741507850.829481,-9,-11,-44
1741507850.875481,-47,-73,-65
1741507850.921481,76,-8,-59
1741507850.966481,-49,14,-13
1741507851.012481,51,-45,-105
1741507851.058481,-35,-35,-5
1741507851.1034808,-99,-63,-37
1741507851.1494808,22,38,-157
1741507851.1954808,12,-5,-65
1741507851.2414808,31,56,2
1741507851.286481,-58,-81,-77
1741507851.332481,-3,-19,-17
1741507851.378481,37,28,28
1741507851.423481,38,39,-49
1741507851.469481,23,-53,-195
1741507851.515481,-10,-87,-53
1741507851.561481,33,-17,-97
1741507851.6064808,15,8,-49
1741507851.6524808,15,-33,-9
1741507851.6984808,79,-13,-26
1741507851.743481,-22,-25,-203
1741507851.789481,-52,-36,-53
1741507851.835481,-16,9,-139
1741507851.881481,-18,-3,-116
1741507851.926481,29,11,-142
1741507851.972481,-18,-28,-62
1741507852.018481,-30,-74,-85
1741507852.0634809,40,-63,-126
1741507852.1094809,0,-22,-93
1741507852.161481,-9,-19,-171
1741507852.206481,-22,-101,-3
1741507852.252481,1,-14,-101
1741507852.298481,49,-33,-5
1741507852.3434808,27,8,-28
1741507852.3894808,-29,44,-101
1741507852.4354808,45,-65,-80
1741507852.4814808,85,4,-56
1741507852.526481,17,-97,-40
1741507852.572481,81,-81,-82
1741507852.618481,-23,15,-57
1741507852.663481,0,-37,20
1741507852.709481,-22,10,-81
1741507852.755481,-90,36,-81
1741507852.801481,-62,-75,-39
1741507852.8464808,40,-18,-99
1741507852.8924809,-39,-38,14
1741507852.9384809,19,-38,-34
1741507852.983481,39,-34,-61
1741507853.029481,-39,-26,-59
1741507853.075481,-5,32,26
1741507853.121481,45,55,-137
1741507853.166481,11,-38,-103
1741507853.212481,-20,13,-69
1741507853.258481,-5,-26,-111
1741507853.3034809,8,-22,28
1741507853.3494809,-41,15,-29
1741507853.3954809,106,-56,-11
1741507853.4414809,-61,-122,-49
1741507853.486481,-75,-12,-147
1741507853.532481,18,63,-121
1741507853.578481,68,-12,-21
1741507853.623481,60,-44,-141
1741507853.6694808,6,-38,-61
1741507853.7154808,-36,75,-95
1741507853.7614808,-10,-21,133
1741507853.806481,41,-31,-18
1741507853.852481,-22,50,-102
1741507853.898481,73,22,-122
1741507853.943481,35,-69,-90
1741507853.989481,-44,19,-152
1741507854.035481,24,33,-114
1741507854.081481,60,-14,27
1741507854.1264808,-8,-39,-92
1741507854.1724808,-48,-42,-10
1741507854.2184808,-40,29,-92
1741507854.263481,16,-6,-116
1741507854.309481,101,-31,-94
1741507854.355481,35,2,-106
1741507854.401481,-20,20,-144
1741507854.446481,44,10,-138
1741507854.492481,-42,-4,-76
1741507854.538481,-80,-72,57
1741507854.5834808,-49,-43,-224
1741507854.6294808,7,-3,-80
1741507854.6754808,-41,-70,-10
1741507854.7214808,10,7,-116
1741507854.766481,-27,-66,-116
1741507854.812481,70,-32,0
1741507854.858481,-65,-3,-112
1741507854.903481,0,33,-96
1741507854.949481,35,-32,-67
1741507854.995481,-48,-56,-53
1741507855.041481,79,31,-155
1741507855.0864809,-5,-5,-245
1741507855.1324809,-45,-51,-97
1741507855.1784809,37,35,94
1741507855.223481,0,-32,-15
1741507855.269481,36,4,-19
1741507855.315481,-51,-61,-39
1741507855.360481,-45,24,-89
1741507855.406481,-14,-54,-121
1741507855.452481,-30,-16,14
1741507855.498481,61,-5,-81
1741507855.5434809,51,-45,-33
1741507855.5894809,99,-4,-195
1741507855.6354809,-26,38,-111
1741507855.680481,-27,0,-29
1741507855.726481,-84,-34,-93
1741507855.772481,32,3,-43
1741507855.818481,0,80,-71
1741507855.8634808,-17,26,-71
1741507855.9094808,2,-27,24
1741507855.9554808,-17,-123,-49
1741507856.000481,-9,-23,-33
1741507856.046481,-17,-46,-119
1741507856.092481,8,-7,-83
1741507856.138481,-27,-32,-133
1741507856.183481,35,127,-111
1741507856.229481,22,4,-165
1741507856.275481,54,10,-21
1741507856.3204808,66,36,-75
1741507856.3664808,23,0,-113
1741507856.4124808,35,-37,-115
1741507856.4584808,41,2,-167
1741507856.503481,-41,-109,-151
1741507856.549481,-28,-49,28
1741507856.595481,11,-10,-105
1741507856.640481,-47,11,-144
1741507856.686481,33,-8,-69
1741507856.732481,-115,-25,-100
1741507856.778481,58,24,-46
1741507856.8234808,82,6,-22
1741507856.8694808,50,-11,-32
1741507856.9154809,12,8,-84
1741507856.960481,-81,52,-58
1741507857.006481,4,-16,-2
1741507857.052481,22,-22,-12
1741507857.098481,-53,-76,-12
1741507857.143481,-59,-21,-248
1741507857.189481,-15,12,-141
1741507857.235481,19,52,-133
1741507857.2804809,7,58,-47
1741507857.3264809,-52,64,-109
1741507857.3724809,13,24,-105
1741507857.4184809,30,-51,-75
1741507857.463481,17,-4,-65
1741507857.509481,23,27,-45
1741507857.555481,119,-10,60
1741507857.600481,83,77,-21
1741507857.646481,3,-34,-34
1741507857.6924808,5,-12,-162
1741507857.7384808,-29,0,41
1741507857.783481,66,37,-88
1741507857.829481,19,-86,-120
1741507857.875481,0,5,-97
1741507857.920481,74,-6,-103
1741507857.966481,-43,-7,-77
1741507858.012481,14,42,-6
1741507858.058481,-31,-3,-115
1741507858.1034808,-54,-65,-128
1741507858.1494808,34,-21,-193
1741507858.1954808,-43,4,-115
1741507858.240481,-31,14,-55
1741507858.286481,59,-47,-185
1741507858.332481,-136,-9,-153
1741507858.378481,-50,16,-129
1741507858.423481,27,-31,-11
1741507858.469481,25,-19,-167
1741507858.515481,-2,-26,-123
1741507858.5604808,15,41,-7
1741507858.6064808,-42,-41,17
1741507858.6524808,9,32,-88
1741507858.6984808,-7,-1,-20
1741507858.743481,42,18,-72
1741507858.789481,31,-81,-176
1741507858.835481,-11,-23,-4
1741507858.880481,56,82,-46
1741507858.926481,-62,8,-178
1741507858.972481,-16,18,-172
1741507859.018481,52,-85,-50
1741507859.0634809,68,-85,-58
1741507859.1094809,-19,10,-70
1741507859.1554809,-27,6,-16
1741507859.200481,24,-13,-52
1741507859.246481,52,-47,-170
1741507859.292481,36,-26,-50
1741507859.338481,-59,-25,-136
1741507859.383481,66,2,-96
1741507859.429481,-81,-11,-52
1741507859.475481,60,5,60
1741507859.5204809,14,29,-53
1741507859.5664809,20,45,-13
1741507859.6124809,35,49,-23
1741507859.658481,76,-6,-81
1741507859.703481,4,-41,-33
1741507859.749481,-75,69,-123
1741507859.795481,-57,-72,-11
1741507859.8404808,-8,67,-191
1741507859.8864808,0,-46,-139
1741507859.9324808,63,-80,-143
1741507859.9784808,-80,0,-143
1741507860.023481,-15,-59,-68
1741507860.069481,8,52,-53
1741507860.115481,-4,50,32
1741507860.160481,-28,-5,-121
1741507860.206481,-101,51,-13
1741507860.252481,36,-12,-72
1741507860.298481,-33,-28,-135
1741507860.3434808,-63,-48,-101
1741507860.3894808,20,25,-109
1741507860.4354808,80,25,22
1741507860.480481,14,-26,-203
1741507860.526481,-5,-5,-113
1741507860.572481,45,-8,-105
1741507860.618481,3,-36,26
1741507860.663481,5,11,0
1741507860.709481,30,-94,64
1741507860.755481,30,29,-25
1741507860.8004808,-56,24,-111
1741507860.8464808,41,32,-33
1741507860.8924809,12,34,-62
1741507860.9384809,36,44,-41
1741507860.983481,41,-22,-24
1741507861.029481,0,-18,-234
1741507861.075481,-62,61,-98
1741507861.120481,62,-77,-58
1741507861.166481,-43,-10,-238
1741507861.212481,6,17,-74
1741507861.258481,-5,-24,-50
1741507861.3034809,50,8,-90
1741507861.3494809,-41,16,-10
1741507861.3954809,64,-23,-39
1741507861.440481,2,-3,-63
1741507861.486481,-72,44,-78
1741507861.532481,-45,96,-87
1741507861.578481,20,11,-139
1741507861.623481,-57,39,-29
1741507861.6694808,38,13,-63
1741507861.7154808,-18,-84,-111
1741507861.7604809,39,33,-83
1741507861.806481,-38,33,-65
1741507861.852481,-39,-11,-11
1741507861.898481,18,17,-39
1741507861.943481,50,7,-94
1741507861.989481,-27,-26,-196
1741507862.035481,24,46,-176
1741507862.0804808,24,-11,-140
1741507862.1264808,55,38,-72
1741507862.177481,-2,-16,-90
1741507862.223481,7,7,-64
1741507862.269481,-61,15,-110
1741507862.315481,8,53,-86
1741507862.360481,21,20,23
1741507862.406481,-24,-27,-118
1741507862.452481,-3,-40,13
1741507862.4974809,-41,11,3
1741507862.5434809,48,-44,41
1741507862.5894809,0,-51,-46
1741507862.6354809,-61,27,-62
1741507862.680481,-62,-15,37
1741507862.726481,-47,-68,25
1741507862.772481,18,0,-64
1741507862.8174808,-9,-37,69
1741507862.8634808,21,45,-212
1741507862.9094808,17,-8,-66
1741507862.9554808,-46,-18,-64
1741507863.000481,103,12,-80
1741507863.046481,55,-33,-25
1741507863.092481,9,20,-131
1741507863.137481,-19,26,-5
1741507863.183481,-54,-53,-21
1741507863.229481,-30,59,-113
1741507863.275481,43,30,-173
1741507863.3204808,74,44,0
1741507863.3664808,-59,-39,-111
1741507863.4124808,-9,4,-73
1741507863.457481,30,-15,-3
1741507863.503481,26,26,28
1741507863.549481,-29,-5,-87
1741507863.595481,20,-22,50
1741507863.640481,33,34,80
1741507863.686481,-8,-15,-153
1741507863.732481,-16,82,-105
1741507863.7774808,-12,-16,14
1741507863.8234808,19,79,-33
1741507863.8694808,93,50,-93
1741507863.9154809,21,-28,-104
1741507863.960481,26,-7,-174
1741507864.006481,-45,-23,-68
1741507864.052481,22,-26,-106
1741507864.097481,-111,-46,-90
1741507864.143481,-19,5,-124
1741507864.189481,-5,-34,-92
1741507864.235481,-21,0,-36
1741507864.2804809,-6,13,-114
1741507864.3264809,-26,35,-122
1741507864.3724809,-29,-80,-84
1741507864.417481,50,-8,-84
1741507864.463481,-1,83,-108
1741507864.509481,-35,1,-32
1741507864.555481,-29,6,-8
1741507864.600481,0,-78,-80
1741507864.646481,-15,-34,-20
1741507864.6924808,-80,-19,-114
1741507864.7374809,-32,-15,29
1741507864.783481,12,-96,-106
1741507864.829481,-67,45,35
1741507864.875481,62,47,-222
1741507864.920481,14,-52,-34
1741507864.966481,-122,10,-154
1741507865.012481,66,24,-4
1741507865.0574808,-37,6,-148
1741507865.1034808,-38,4,-126
1741507865.1494808,88,-41,-116
1741507865.1954808,-39,-71,-6
1741507865.240481,49,-20,-154
1741507865.286481,-37,-18,-92
1741507865.332481,-74,-24,-144
1741507865.377481,-82,-24,-98
1741507865.423481,-50,-78,-92
1741507865.469481,-129,-25,-88
1741507865.515481,-13,-63,-48
1741507865.5604808,-46,8,-40
1741507865.6064808,103,43,-2
1741507865.6524808,44,-2,-56
1741507865.697481,72,29,-90
1741507865.743481,41,24,63
1741507865.789481,91,-103,-159
1741507865.835481,-25,-26,-84
1741507865.880481,-77,44,-56
1741507865.926481,-58,74,-83
1741507865.972481,20,26,-114
1741507866.0174809,29,34,29
1741507866.0634809,-15,32,-80
1741507866.1094809,52,54,23
1741507866.1554809,20,-2,-40
1741507866.200481,-69,39,17
1741507866.246481,25,15,75
1741507866.292481,-66,-89,-151
1741507866.337481,8,-2,-125
1741507866.383481,-17,44,-65
1741507866.429481,-72,-27,4
1741507866.475481,57,20,-3
1741507866.5204809,13,14,-117
1741507866.5664809,14,-14,-55
1741507866.6124809,78,19,-35
1741507866.657481,78,4,-145
1741507866.703481,12,75,-133
1741507866.749481,24,-52,96
1741507866.795481,20,-16,-73
1741507866.8404808,30,19,-29
1741507866.8864808,-38,-20,-79
1741507866.9324808,-31,-40,18
1741507866.977481,61,0,-39
1741507867.023481,-24,-28,-3
1741507867.069481,-52,-22,-59
1741507867.115481,17,-8,-121
1741507867.160481,-19,-103,-119
1741507867.206481,-2,-66,-85
1741507867.252481,-102,-18,-113
1741507867.2974808,103,57,-21
1741507867.3434808,-10,9,-97
1741507867.3894808,43,33,-43
1741507867.4354808,-38,-58,0
1741507867.480481,40,-7,-23
1741507867.526481,26,2,20
1741507867.572481,-89,-97,-77
1741507867.617481,-62,-49,42
1741507867.663481,-10,-81,-75
1741507867.709481,35,90,-15
1741507867.755481,1,-21,-185
1741507867.8004808,25,31,-153
1741507867.8464808,22,36,-215
1741507867.8924809,66,32,120
1741507867.937481,76,39,-179
1741507867.983481,-40,23,-32
1741507868.029481,14,10,-165
1741507868.075481,-93,8,-68
1741507868.120481,88,-19,-99
1741507868.166481,60,-25,-137
1741507868.212481,-45,-62,-84
1741507868.2574809,56,-32,-102
1741507868.3034809,12,34,-180
1741507868.3494809,34,38,-67
1741507868.3954809,52,-47,-122
1741507868.440481,60,-83,92
1741507868.486481,58,8,-135
1741507868.532481,78,-7,-135
1741507868.577481,20,22,-90
1741507868.623481,-7,-27,-182
1741507868.6694808,-39,-11,-154
1741507868.7154808,97,3,-49
1741507868.7604809,15,-56,-135
1741507868.806481,49,-2,-81
1741507868.852481,-26,-2,-65
1741507868.897481,0,-6,-101
1741507868.943481,-42,39,-159
1741507868.989481,28,-13,10
1741507869.0344808,-25,-9,-117
1741507869.0804808,62,-59,-255
1741507869.1264808,-65,76,-183
1741507869.1724808,-21,-5,-31
1741507869.217481,104,8,-15
1741507869.263481,8,-9,-27
1741507869.309481,67,-1,-197
1741507869.354481,16,13,-137
1741507869.400481,44,51,-231
1741507869.446481,52,-38,-63
1741507869.492481,35,-4,-153
1741507869.5374808,-28,-5,-147
1741507869.5834808,-50,60,-13
1741507869.6294808,0,77,-173
1741507869.674481,-14,13,-125
1741507869.720481,54,-61,-225
1741507869.766481,-15,74,4
1741507869.812481,66,-30,38
1741507869.857481,93,90,28
1741507869.903481,-46,10,34
1741507869.949481,111,10,-147
1741507869.9944808,20,-7,-137
1741507870.0404809,41,-32,-79
1741507870.0864809,-42,-70,-115
1741507870.1324809,-23,7,-91
1741507870.177481,68,25,-125
1741507870.223481,-28,51,-47
1741507870.269481,-68,16,-61
1741507870.314481,48,3,-31
1741507870.360481,-13,-10,-175
1741507870.406481,33,11,-44
1741507870.452481,73,-16,-95
1741507870.4974809,-4,15,58
1741507870.5434809,35,6,-19
1741507870.5894809,-12,65,-153
1741507870.634481,42,-43,-55
1741507870.680481,-39,-33,-35
1741507870.726481,-30,-43,-85
1741507870.772481,16,49,-89
1741507870.8174808,39,38,36
1741507870.8634808,28,-48,-87
1741507870.9094808,58,59,-77
1741507870.954481,74,7,-99
1741507871.000481,58,-48,-79
1741507871.046481,42,15,-115
1741507871.092481,18,53,-101
1741507871.137481,-37,-32,-39
1741507871.183481,2,32,-117
1741507871.229481,-5,68,-101
1741507871.2744808,-11,2,-121
1741507871.3204808,97,0,-61
1741507871.3664808,122,11,14
1741507871.4124808,36,-56,-25
1741507871.457481,-24,-10,-27
1741507871.503481,17,-38,-189
1741507871.549481,22,-36,40
1741507871.594481,-37,-11,-71
1741507871.640481,-13,4,-53
1741507871.686481,-49,-3,-43
1741507871.732481,-69,-45,-31
1741507871.7774808,-43,8,0
1741507871.8234808,50,-55,-16
1741507871.8694808,-42,-77,-76
1741507871.914481,6,-4,-212
1741507871.960481,-16,0,-94
1741507872.006481,9,19,7
1741507872.052481,43,67,-184
1741507872.097481,0,17,-82
1741507872.143481,-64,67,-56
1741507872.194481,-3,-45,-50
1741507872.240481,51,-29,-66
1741507872.286481,35,-40,-94
1741507872.332481,51,24,17
1741507872.377481,63,-27,-44
1741507872.423481,26,-49,-80
1741507872.469481,32,12,-50
1741507872.5144808,-21,-21,-54
1741507872.5604808,-48,23,-109
1741507872.6064808,12,-40,20
1741507872.6524808,92,31,-87
1741507872.697481,-5,-70,-63
1741507872.743481,8,-28,-193
1741507872.789481,0,-46,-163
1741507872.834481,-27,9,48
1741507872.880481,-29,-62,-9
1741507872.926481,30,3,56
1741507872.972481,-14,18,-29
1741507873.0174809,-20,4,-87
1741507873.0634809,67,-64,-11
1741507873.1094809,-64,1,42
1741507873.154481,101,-8,-93
1741507873.200481,30,59,-119
1741507873.246481,37,-11,-113
1741507873.292481,-65,-39,-182
1741507873.337481,76,3,-60
1741507873.383481,7,-26,-108
1741507873.429481,-71,-21,-126
1741507873.4744809,40,8,-152
1741507873.5204809,3,-23,-156
1741507873.5664809,139,-28,-88
1741507873.6124809,-78,5,17
1741507873.657481,-30,9,1
1741507873.703481,12,24,-122
1741507873.749481,-129,42,-66
1741507873.7944808,55,-39,1
1741507873.8404808,-34,56,-42
1741507873.8864808,-10,-11,-132
1741507873.9324808,47,21,-66
1741507873.977481,0,59,83
1741507874.023481,39,14,-20
1741507874.069481,11,66,40
1741507874.114481,55,-16,-27
1741507874.160481,-18,-44,-53
1741507874.206481,1,-82,-155
1741507874.252481,-35,3,-61
1741507874.2974808,34,17,-117
1741507874.3434808,61,-25,-81
1741507874.3894808,37,-11,-79
1741507874.434481,-84,15,-152
1741507874.480481,-34,50,54
1741507874.526481,21,-17,-196
1741507874.572481,56,46,-60
1741507874.617481,28,-37,-88
1741507874.663481,8,-14,-158
1741507874.709481,2,-22,-138
1741507874.7544808,4,-12,-118
1741507874.8004808,26,-50,-114
1741507874.8464808,-29,-3,-28
1741507874.8924809,-77,-47,1
1741507874.937481,2,-8,-94
1741507874.983481,7,2,-90
1741507875.029481,-11,9,-158
1741507875.074481,0,16,-170
1741507875.120481,-13,109,-92
1741507875.166481,48,-10,-76
1741507875.212481,19,-87,-96
1741507875.2574809,51,-61,-108
1741507875.3034809,2,17,-166
1741507875.3494809,-26,28,-80
1741507875.394481,3,-49,-148
1741507875.440481,10,-11,-132
1741507875.486481,-44,22,-95
1741507875.532481,-34,10,-169
1741507875.577481,-123,81,-91
1741507875.623481,0,-30,-49
1741507875.6694808,-49,25,-108
1741507875.7144809,29,-45,-98
1741507875.7604809,5,-1,-118
1741507875.806481,2,95,-147
1741507875.851481,-14,-21,-169
1741507875.897481,76,6,46
1741507875.943481,-6,-9,-106
1741507875.989481,-36,36,-176
1741507876.0344808,12,37,11
1741507876.0804808,-23,49,-68
1741507876.1264808,83,-9,22
1741507876.171481,16,-48,4
1741507876.217481,-11,53,-87
1741507876.263481,90,45,-37
1741507876.309481,-29,13,-129
1741507876.354481,-20,22,4
1741507876.400481,-13,-51,-45
1741507876.446481,13,11,-139
1741507876.4914808,-17,23,-154
1741507876.5374808,32,-48,-14
1741507876.5834808,-35,-11,-38
1741507876.6294808,17,-57,-94
1741507876.674481,-16,-26,-52
1741507876.720481,47,-35,-15
1741507876.766481,-25,7,-75
1741507876.811481,72,31,-103
1741507876.857481,-33,-22,-45
1741507876.903481,-82,-97,-31
1741507876.949481,-25,18,-55
1741507876.9944808,0,24,-145
1741507877.0404809,-26,-11,-73
1741507877.0864809,46,-56,-163
1741507877.131481,117,27,-93
1741507877.177481,55,29,-60
1741507877.223481,39,-44,-188
1741507877.269481,53,27,-129
1741507877.314481,23,19,-60
1741507877.360481,74,-17,-108
1741507877.406481,-18,-41,-116
1741507877.4514809,-11,-45,-52
1741507877.4974809,24,-53,-136
1741507877.5434809,43,-11,-100
1741507877.5894809,-52,50,13
1741507877.634481,5,42,-64
1741507877.680481,-58,-23,13
1741507877.726481,-64,-55,-95
1741507877.771481,-8,14,-100
1741507877.8174808,65,42,59
1741507877.8634808,37,26,-49
1741507877.9094808,-74,51,-119
1741507877.954481,29,-16,-183
1741507878.000481,-40,75,-59
1741507878.046481,75,7,-77
1741507878.091481,6,-61,-117
1741507878.137481,-3,-27,-17
1741507878.183481,56,18,-155
1741507878.229481,-10,-25,-149
1741507878.2744808,-29,46,-91
1741507878.3204808,70,12,-101
1741507878.3664808,-13,8,-43
1741507878.411481,74,-21,-43
1741507878.457481,10,4,-77
1741507878.503481,-31,-17,-113
1741507878.549481,63,-29,-97
1741507878.594481,-105,-23,0
1741507878.640481,13,98,14
1741507878.686481,3,36,-6
1741507878.7314808,-43,-31,-132
1741507878.7774808,-66,0,-179
1741507878.8234808,37,61,-165
1741507878.8694808,-8,-8,-53
1741507878.914481,-20,17,-53
1741507878.960481,32,58,-215
1741507879.006481,60,-41,-27
1741507879.051481,28,64,-187
1741507879.097481,62,46,-71
1741507879.143481,50,-31,-197
1741507879.189481,-14,-6,-99
1741507879.2344809,20,-30,-159
1741507879.2804809,-16,-5,18
1741507879.3264809,0,16,-99
1741507879.371481,-24,-49,-83
1741507879.417481,33,-11,-107
1741507879.463481,-4,-1,-111
1741507879.509481,-42,64,-165
1741507879.554481,-1,37,-141
1741507879.600481,30,-52,18
1741507879.646481,-83,-27,-107
1741507879.6914809,-24,-8,-14
1741507879.7374809,-28,43,-40
1741507879.783481,-10,45,-76
1741507879.829481,17,9,29
1741507879.874481,-32,49,-180
1741507879.920481,-18,15,-130
1741507879.966481,10,-25,-28
1741507880.0114808,38,-11,-32
1741507880.0574808,66,-39,-124
1741507880.1034808,50,-1,-102
1741507880.1494808,-3,-49,-54
1741507880.194481,-92,47,-52
1741507880.240481,-6,-16,5
1741507880.286481,-60,19,-56
1741507880.331481,27,-8,-38
1741507880.377481,-47,-35,-48
1741507880.423481,29,23,-118
1741507880.469481,-8,-48,-102
1741507880.5144808,11,-17,9
1741507880.5604808,70,-11,13
1741507880.6064808,0,27,-46
1741507880.651481,-19,-26,-128
1741507880.697481,-81,27,-114
1741507880.743481,-3,74,-24
1741507880.789481,58,-62,1
1741507880.834481,36,-44,-114
1741507880.880481,11,23,43
1741507880.926481,61,-26,-58
1741507880.9714808,45,-40,-138
1741507881.0174809,-34,3,-205
1741507881.0634809,31,18,-116
1741507881.1094809,103,-37,67
1741507881.154481,-30,-19,33
1741507881.200481,-12,-89,-1
1741507881.246481,3,56,-79
1741507881.291481,-4,40,-91
1741507881.337481,35,-45,-192
1741507881.3824809,79,-19,-65
1741507881.427481,15,-41,-31
1741507881.473481,53,10,-99
1741507881.519481,56,3,-91
1741507881.565481,26,56,-165
1741507881.610481,36,-25,-71
1741507881.656481,-19,89,-143
1741507881.702481,24,-44,-137
1741507881.7474809,36,-8,-95
1741507881.7934809,76,12,-3
1741507881.8394809,-94,9,-37
1741507881.8854809,-43,84,-173
1741507881.930481,6,0,-137
1741507881.976481,-51,64,-61
1741507882.022481,34,-35,-71
1741507882.0674808,34,-17,8
1741507882.1134808,-53,-47,-43
1741507882.1654809,3,-13,-105
1741507882.210481,-10,-45,-173
1741507882.256481,1,2,12
1741507882.302481,30,-5,-61
1741507882.347481,-14,40,-87
1741507882.393481,55,-19,-65
1741507882.439481,-65,-5,-133
1741507882.485481,48,-7,-145
1741507882.5304809,22,16,-57
1741507882.5764809,75,-42,-161
1741507882.6224809,65,-17,-145
1741507882.667481,43,-19,-80
1741507882.713481,-14,18,-153
1741507882.759481,46,-37,-95
1741507882.804481,-6,-60,-124
1741507882.850481,7,53,-127
1741507882.896481,30,2,-67
1741507882.9424808,11,29,22
1741507882.9874809,-29,-20,-45
1741507883.033481,-10,-51,-39
1741507883.079481,-4,-11,-13
1741507883.124481,-9,-12,-111
1741507883.170481,-85,-64,-5
1741507883.216481,53,41,-107
1741507883.262481,-114,57,-143
1741507883.3074808,61,-24,-167
1741507883.3534808,8,56,-87
1741507883.3994808,52,-12,-219
1741507883.444481,24,-60,-133
1741507883.490481,-89,45,-169
1741507883.536481,-45,15,-53
1741507883.582481,-64,-50,-129
1741507883.627481,1,-6,-51
1741507883.673481,15,5,-89
1741507883.719481,21,-21,-1
1741507883.7644808,-48,77,-147
1741507883.8104808,62,-54,-153
1741507883.8564808,-40,-8,-41
1741507883.9024808,13,-14,-61
1741507883.947481,27,25,-123
1741507883.993481,94,40,-103
1741507884.039481,-23,-53,-111
1741507884.084481,-18,27,-59
1741507884.130481,-30,27,-79
1741507884.176481,25,57,-9
1741507884.222481,29,-54,-104
1741507884.2674809,-48,3,-92
1741507884.3134809,20,26,-128
1741507884.3594809,90,8,-120
1741507884.404481,8,-53,-180
1741507884.450481,13,-10,-46
1741507884.496481,55,-32,-126
1741507884.542481,-60,3,17
1741507884.587481,0,7,-44
1741507884.633481,-2,-14,-114
1741507884.679481,5,17,-234
1741507884.7244809,73,-25,-56
1741507884.7704809,-28,-40,87
1741507884.8164809,0,60,-68
1741507884.8624809,55,67,-48
1741507884.907481,-4,13,-116
1741507884.953481,3,8,-90
1741507884.999481,-2,0,-84
1741507885.0444808,-18,11,-52
1741507885.0904808,129,31,-150
1741507885.1364808,23,27,-54
1741507885.183481,5,28,-118
1741507885.2284808,19,66,0
1741507885.2744808,-32,-23,15
1741507885.3204808,81,2,-60
1741507885.3664808,-19,85,-184
1741507885.411481,2,-41,-36
1741507885.457481,-65,-48,-53
1741507885.503481,23,25,-101
1741507885.548481,27,-28,-65
1741507885.594481,49,63,-186
1741507885.640481,-17,9,-7
1741507885.686481,-38,29,-45
1741507885.7314808,-55,55,-123
1741507885.7774808,16,-22,-25
1741507885.8234808,2,29,-42
1741507885.868481,38,-6,-62
1741507885.914481,5,34,30
1741507885.960481,39,93,-57
1741507886.006481,5,27,-51
1741507886.051481,49,-56,-113
1741507886.097481,-2,47,-76
1741507886.143481,-22,31,-47
1741507886.1884809,-2,-3,-35
1741507886.2344809,-18,33,-143
1741507886.2804809,55,-38,-190
1741507886.3264809,-29,8,-24
1741507886.371481,-47,47,-132
1741507886.417481,-3,73,-48
1741507886.463481,-19,0,-182
1741507886.508481,-81,-34,-72
1741507886.554481,-28,23,-90
1741507886.600481,52,29,-129
1741507886.646481,32,-32,-175
1741507886.6914809,10,15,-83
1741507886.7374809,-23,-8,-89
1741507886.783481,-8,95,-91
1741507886.828481,29,19,-97
1741507886.874481,-27,-20,-63
1741507886.920481,9,-8,-129
1741507886.966481,-114,-3,0
1741507887.0114808,-119,76,-99
1741507887.0574808,-60,-19,-9
1741507887.1034808,-33,-21,-69
1741507887.148481,-61,-67,-135
1741507887.194481,-38,-101,-117
1741507887.240481,-4,-2,-170
1741507887.286481,-50,-49,-126
1741507887.331481,22,-6,-44
1741507887.377481,58,-90,-112
1741507887.423481,-24,-11,-203
1741507887.4684808,7,22,-57
1741507887.5144808,-9,-72,4
1741507887.5604808,-33,5,-157
1741507887.6064808,-62,-2,-75
1741507887.651481,52,28,-3
1741507887.697481,-21,-63,62
1741507887.743481,0,14,-21
1741507887.788481,-14,13,-57
1741507887.834481,-26,0,-91
1741507887.880481,0,5,-55
1741507887.926481,-33,-39,-59
1741507887.9714808,15,39,-55
1741507888.0174809,54,-23,-167
1741507888.0634809,-23,-35,-57
1741507888.108481,-35,22,38
1741507888.154481,-52,-32,-49
1741507888.200481,37,9,-25
1741507888.246481,58,-11,-41
1741507888.291481,42,-63,-67
1741507888.337481,-65,42,-169
1741507888.383481,-5,-15,-107
1741507888.4284809,6,-27,-88
1741507888.4744809,25,-24,12
1741507888.5204809,25,39,-36
1741507888.5664809,32,-15,-54
1741507888.611481,72,20,-63
1741507888.657481,-25,5,-112
1741507888.703481,8,87,51
1741507888.748481,38,52,9
1741507888.7944808,18,0,-219
1741507888.8404808,66,-37,-48
1741507888.8864808,45,67,-84
1741507888.931481,13,5,-136
1741507888.977481,-34,69,-94
1741507889.023481,-24,15,-52
1741507889.068481,-18,-24,-178
1741507889.114481,-20,39,-104
1741507889.160481,17,59,-106
1741507889.206481,-52,-37,-86
1741507889.2514808,29,50,-64
1741507889.2974808,31,-21,-54
1741507889.3434808,91,0,-14
1741507889.388481,-17,3,-88
1741507889.434481,-10,-28,-20
1741507889.480481,47,-12,11
1741507889.525481,-54,0,15
1741507889.571481,-46,-35,-29
1741507889.617481,-84,-41,-20
1741507889.663481,-54,30,-18
1741507889.7084808,41,-69,-142
1741507889.7544808,-32,-37,-164
1741507889.8004808,-19,-14,-143
1741507889.845481,34,-25,-48
1741507889.891481,62,-27,-52
1741507889.937481,50,-45,41
1741507889.983481,63,102,-108
1741507890.028481,-9,44,-92
1741507890.074481,30,-10,47
1741507890.120481,10,-10,-122
1741507890.1654809,29,28,-62
1741507890.2114809,-78,-18,-23
1741507890.2574809,-53,46,-216
1741507890.3034809,-23,-21,-45
1741507890.348481,10,2,-5
1741507890.394481,10,-5,-97
1741507890.440481,-52,-11,-63
1741507890.485481,-4,44,64
1741507890.531481,42,40,-193
1741507890.577481,-57,-37,-17
1741507890.623481,9,-44,-93
1741507890.6684809,15,-44,-37
1741507890.7144809,1,-28,-55
1741507890.7604809,-42,-26,-125
1741507890.805481,-30,-54,-49
1741507890.851481,-28,-46,-87
1741507890.897481,31,33,-45
1741507890.943481,66,22,-133
1741507890.9884808,4,18,-100
1741507891.0344808,14,54,51
1741507891.0804808,8,-17,-258
1741507891.125481,-59,-29,-14
1741507891.171481,-10,5,-82
1741507891.217481,54,-21,-82
1741507891.263481,-29,-25,-80
1741507891.308481,1,-13,-196
1741507891.354481,-1,12,-58
1741507891.400481,72,60,-10
1741507891.4454808,94,0,-96
1741507891.4914808,37,31,-22
1741507891.5374808,103,-20,-156
1741507891.5834808,-7,98,-44
1741507891.628481,-15,56,9
1741507891.674481,56,-15,-100
1741507891.720481,26,26,-84
1741507891.765481,-59,22,-8
1741507891.811481,50,26,-158
1741507891.857481,-71,26,-58
1741507891.903481,-7,0,-80
1741507891.9484808,11,51,-162
1741507891.9944808,-22,-38,-66
1741507892.0404809,-47,6,-166
1741507892.085481,84,16,-76
1741507892.131481,24,42,-88
1741507892.183481,19,27,-66
1741507892.2284808,-12,-10,-68
1741507892.2744808,13,-6,-148
1741507892.3204808,53,19,-160
1741507892.365481,67,37,-44
1741507892.411481,23,-50,78
1741507892.457481,6,8,-3
1741507892.503481,27,19,-57
1741507892.548481,-35,34,44
1741507892.594481,69,73,-69
1741507892.640481,60,47,-37
1741507892.6854808,-35,93,-112
1741507892.7314808,102,69,96
1741507892.7774808,-30,-18,-79
1741507892.8234808,-90,-16,-101
1741507892.868481,63,-38,-69
1741507892.914481,-20,51,-113
1741507892.960481,99,59,-120
1741507893.005481,-30,17,-48
1741507893.051481,-14,17,-138
1741507893.097481,-11,-51,-36
1741507893.143481,-23,56,-26
1741507893.1884809,14,-25,-112
1741507893.2344809,30,14,-63
1741507893.2804809,-49,34,27
1741507893.325481,45,5,8
1741507893.371481,16,-51,-52
1741507893.417481,15,-58,-224
1741507893.463481,-19,42,-200
1741507893.508481,23,-12,61
1741507893.554481,65,-50,-120
1741507893.600481,41,47,61
1741507893.6454809,-33,-10,-88
1741507893.6914809,-23,4,-12
1741507893.7374809,42,-86,-48
1741507893.783481,-44,44,-58
1741507893.828481,10,-51,-150
1741507893.874481,28,-31,-114
1741507893.920481,2,18,-34
1741507893.9654808,-11,36,-58
1741507894.0114808,-23,4,-168
1741507894.0574808,22,-112,-60
1741507894.1034808,-81,11,-36
1741507894.148481,66,-83,-146
1741507894.194481,-8,-75,-74
1741507894.240481,75,-1,-84
1741507894.285481,-38,4,-18
1741507894.331481,-12,-17,-44
1741507894.377481,9,-32,39
1741507894.423481,-46,-20,-34
1741507894.4684808,-59,-2,-236
1741507894.5144808,2,7,-28
1741507894.5604808,-20,22,-99
1741507894.605481,19,26,-115
1741507894.651481,23,-17,-94
1741507894.697481,37,-14,-18
1741507894.743481,-52,-20,-113
1741507894.788481,78,11,-117
1741507894.834481,59,15,-65
1741507894.880481,44,-23,-3
1741507894.9254808,9,-15,-99
1741507894.9714808,-6,-31,-19
1741507895.0174809,57,-111,46
1741507895.0634809,58,2,-28
1741507895.108481,81,26,-43
1741507895.154481,118,44,-5
1741507895.200481,-5,-7,-119
1741507895.245481,4,-49,-177
1741507895.291481,32,22,-127
1741507895.337481,-81,-1,-119
1741507895.383481,-45,-9,-81
1741507895.4284809,32,-9,-81
1741507895.4744809,-15,28,-51
1741507895.5204809,54,8,-99
1741507895.565481,29,-61,-73
1741507895.611481,-54,74,-118
1741507895.657481,-12,28,-110
1741507895.703481,12,-8,-64
1741507895.748481,-9,-87,-18
1741507895.7944808,11,-43,-110
1741507895.8404808,-9,-23,-160
1741507895.8854809,0,-57,-42
1741507895.931481,-35,12,-14
1741507895.977481,39,-9,-50
1741507896.023481,-9,38,22
1741507896.068481,-30,-23,-137
1741507896.114481,18,72,82
1741507896.160481,-13,-26,20
1741507896.2054808,-20,-35,-139
1741507896.2514808,31,16,-117
1741507896.2974808,-28,-22,-45
1741507896.342481,-1,-49,-35
1741507896.388481,-64,9,-133
1741507896.434481,12,36,-107
1741507896.480481,-31,-17,-125
1741507896.525481,-78,-12,-115
1741507896.571481,81,-24,-111
1741507896.617481,-68,-34,-145
1741507896.6624808,0,-28,-187
1741507896.7084808,-26,35,-143
1741507896.7544808,0,-4,-71
1741507896.8004808,-14,-10,-21
1741507896.844481,-30,13,-107
1741507896.890481,-50,-81,-125
1741507896.936481,-30,49,-129
1741507896.9814808,19,-18,-91
1741507897.0274808,-94,26,-17
1741507897.0734808,31,-55,-157
1741507897.118481,-34,-69,-59
1741507897.164481,15,-15,-75
1741507897.210481,-40,-15,-201
1741507897.256481,13,72,-83
1741507897.301481,-48,-13,-43
1741507897.347481,-28,12,-43
1741507897.393481,-26,34,-77
1741507897.4384809,23,-27,-125
1741507897.4844809,12,39,-103
1741507897.5304809,37,-58,-95
1741507897.5764809,33,0,-5
1741507897.621481,24,24,-111
1741507897.667481,80,-21,-141
1741507897.713481,-36,-32,-26
1741507897.758481,-25,-15,-84
1741507897.804481,20,-31,-174
1741507897.850481,31,13,-186
1741507897.896481,39,-62,-164
1741507897.9414809,11,19,-62
1741507897.9874809,-58,-12,-132
1741507898.033481,89,-22,-176
1741507898.078481,-23,42,-32
1741507898.124481,-47,-15,-58
1741507898.170481,49,-12,-122
1741507898.216481,-64,25,-200
1741507898.2614808,-19,-27,-6
1741507898.3074808,60,-35,-106
1741507898.3534808,-13,-5,-130
1741507898.398481,1,-14,-76
1741507898.444481,45,-54,-136
1741507898.490481,-42,34,-4
1741507898.536481,-15,4,-90
1741507898.581481,-49,38,-116
1741507898.627481,40,-45,-70
1741507898.673481,54,-20,-140
1741507898.7184808,-1,11,-66
1741507898.7644808,-19,23,-56
1741507898.8104808,-1,-26,-74
1741507898.8564808,-35,-66,-73
1741507898.901481,17,-41,-106
1741507898.947481,43,69,-60
1741507898.993481,35,33,-28
1741507899.038481,19,-1,63
1741507899.084481,5,-20,-200
1741507899.130481,6,-117,-2
1741507899.176481,-72,57,-111
1741507899.2214808,-39,64,-62
1741507899.2674809,-46,25,-57
1741507899.3134809,7,21,-107
1741507899.358481,44,36,-17
1741507899.404481,1,39,-57
1741507899.450481,-4,45,-37
1741507899.496481,72,-77,-95
1741507899.541481,-38,27,-99
1741507899.587481,-46,63,-125
1741507899.633481,-107,34,-100
1741507899.6784809,-70,-36,36
1741507899.7244809,7,19,-100
1741507899.7704809,57,35,-24
1741507899.8164809,-20,-40,-100
1741507899.861481,-48,18,-166
1741507899.907481,-2,22,-4
1741507899.953481,71,-65,-16
1741507899.998481,-56,40,-12
1741507900.0444808,37,16,-100
1741507900.0904808,-47,-43,39
1741507900.1364808,-25,-9,-16
1741507900.181481,24,2,-8
1741507900.227481,-16,-53,-160
1741507900.273481,-18,-13,-158
1741507900.318481,105,4,-155
1741507900.364481,-2,8,-45
1741507900.410481,-24,13,-53
1741507900.456481,8,-13,-27
1741507900.5014808,-34,15,-91
1741507900.5474808,42,-41,-136
1741507900.5934808,-1,-53,-70
1741507900.638481,7,-54,-36
1741507900.684481,31,-19,-68
1741507900.730481,93,-2,-94
1741507900.776481,-8,21,-174
1741507900.821481,-48,51,-112
1741507900.867481,21,63,-98
1741507900.913481,0,-54,-48
1741507900.9584808,60,-59,-90
1741507901.0044808,46,30,-72
1741507901.0504808,98,-115,-70
1741507901.0964808,0,42,-134
1741507901.141481,-42,34,-146
1741507901.187481,-88,120,-64
1741507901.233481,27,70,-70
1741507901.278481,1,4,-16
1741507901.324481,-43,-31,-94
1741507901.370481,-13,15,23
1741507901.416481,-59,53,-60
1741507901.4614809,-47,-41,-78
1741507901.5074809,-27,-7,-9
1741507901.5534809,-5,14,-115
1741507901.598481,51,-80,-43
1741507901.644481,-24,48,-39
1741507901.690481,-4,-41,-181
1741507901.736481,20,45,-23
1741507901.781481,-10,12,-11
1741507901.827481,99,-33,-105
1741507901.873481,55,42,-109
1741507901.9184809,-38,-51,-51
1741507901.9644809,-74,32,-145
1741507902.0104809,37,16,-41
1741507902.056481,-60,-69,-5
1741507902.101481,23,-1,-97
1741507902.147481,-74,-19,-1
1741507902.1984808,11,-23,-71
1741507902.2444808,-48,54,-57
1741507902.2904809,69,-9,-85
1741507902.3364809,-84,-80,-32
1741507902.381481,5,-22,-176
1741507902.427481,-32,9,-78
1741507902.473481,-10,-18,-120
1741507902.518481,-34,-30,21
1741507902.564481,0,-42,-2
1741507902.610481,31,-46,-90
1741507902.656481,-11,-111,-83
1741507902.7014809,52,58,-49
1741507902.7474809,10,-14,-1
1741507902.7934809,42,-40,-137
1741507902.838481,118,-15,-139
1741507902.884481,76,4,-131
1741507902.930481,-75,-15,-141
1741507902.976481,-17,-15,-137
1741507903.021481,-125,20,-81
1741507903.0674808,-3,78,42
1741507903.1134808,-5,-33,-137
1741507903.158481,4,58,-25
1741507903.203481,56,-110,-143
1741507903.249481,-79,59,-43
1741507903.2944808,90,-56,-49
1741507903.3404808,45,9,-69
1741507903.3864808,43,39,4
1741507903.431481,-11,5,-49
1741507903.477481,32,7,-119
1741507903.523481,17,-5,-9
1741507903.569481,-10,-18,-106
1741507903.614481,70,45,-142
1741507903.660481,-36,6,-36
1741507903.706481,-42,22,-242
1741507903.7514808,-66,12,-116
1741507903.7974808,41,-35,-136
1741507903.8434808,-27,20,-152
1741507903.8894808,35,-36,-88
1741507903.934481,-9,-32,-38
1741507903.980481,42,9,-54
1741507904.026481,-3,-22,-84
1741507904.071481,-89,-12,-114
1741507904.117481,-13,-4,-132
1741507904.163481,-45,-48,-142
1741507904.209481,43,-39,-144
1741507904.2544808,35,51,-130
1741507904.3004808,23,-22,-12
1741507904.3464808,-8,25,-74
1741507904.391481,-36,-29,-50
1741507904.437481,7,-2,-58
1741507904.483481,-36,-50,-56
1741507904.529481,19,-18,-150
1741507904.574481,-28,-57,-22
1741507904.620481,-36,-28,-16
1741507904.666481,-24,25,-88
1741507904.7114809,83,-60,-164
1741507904.7574809,83,-24,-68
1741507904.8034809,-90,1,-39
1741507904.8494809,-22,-56,-37
1741507904.894481,29,63,-47
1741507904.940481,0,-46,-99
1741507904.986481,-102,-12,-37
1741507905.031481,-16,43,-153
1741507905.077481,56,-29,-225
1741507905.123481,-43,-59,-65
1741507905.1694808,-76,-48,-140
1741507905.2144809,57,16,-74
1741507905.2604809,-22,-25,-16
1741507905.306481,-54,16,-104
1741507905.351481,14,3,-100
1741507905.397481,-15,-7,11
1741507905.443481,8,48,-76
1741507905.489481,46,-79,-155
1741507905.5344808,11,67,-1
1741507905.5804808,-16,-10,-131
1741507905.6264808,-8,11,-21
1741507905.671481,-5,49,-147
1741507905.717481,-19,21,-64
1741507905.763481,-8,70,-123
1741507905.809481,-36,-34,-107
1741507905.854481,-30,-8,-18
1741507905.900481,-6,-24,27
1741507905.946481,1,43,-116
1741507905.9914808,41,-14,18
1741507906.0374808,104,6,-175
1741507906.0834808,-15,24,-31
1741507906.1294808,43,-30,-87
1741507906.174481,-23,-19,-11
1741507906.220481,-51,8,-81
1741507906.266481,-26,-78,-11
1741507906.311481,-53,32,-23
1741507906.357481,-1,-3,-17
1741507906.403481,35,-6,-28
1741507906.449481,-41,-9,-90
1741507906.4944808,-75,74,-181
1741507906.5404809,-35,38,-72
1741507906.5864809,56,6,-79
1741507906.631481,34,-33,-108
1741507906.677481,42,-45,-63
1741507906.723481,25,7,-55
1741507906.769481,-13,-31,-113
1741507906.814481,-29,20,-19
1741507906.860481,47,22,13
1741507906.906481,-1,-20,-88
1741507906.9514809,30,-21,-83
1741507906.9974809,-51,6,-79
1741507907.0434809,72,64,-7
1741507907.0894809,30,-9,-105
1741507907.134481,-27,44,-48
1741507907.180481,-30,52,3
1741507907.226481,-88,-43,-7
1741507907.271481,28,-5,-19
1741507907.3174808,-65,-5,-100
1741507907.3634808,51,17,-88
1741507907.4094808,-20,11,-21
1741507907.454481,48,4,-49
1741507907.500481,33,-38,-139
1741507907.546481,55,-46,-181
1741507907.591481,3,9,58
1741507907.637481,50,-75,-201
1741507907.683481,-3,-66,-131
1741507907.729481,36,23,-99
1741507907.7744808,-79,-5,-43
1741507907.8204808,27,-42,-91
1741507907.8664808,8,-31,-34
1741507907.911481,113,0,31
1741507907.957481,-8,-24,-119
1741507908.003481,-46,15,-6
1741507908.049481,10,-44,-148
1741507908.094481,-31,-14,-110
1741507908.140481,27,-53,-182
1741507908.186481,15,-121,-84
1741507908.2314808,-54,76,-70
1741507908.2774808,-24,-20,-12
1741507908.3234808,-27,-72,-120
1741507908.3694808,20,-26,-100
1741507908.414481,104,5,19
1741507908.460481,-3,-16,-86
1741507908.506481,-61,87,0
1741507908.551481,49,-35,-80
1741507908.597481,1,6,-12
1741507908.643481,-7,-16,-58
1741507908.689481,27,47,17
1741507908.7344809,0,-6,-48
1741507908.7804809,39,41,-116
1741507908.8264809,-29,-27,-78
1741507908.871481,-83,-3,45
1741507908.917481,-67,6,-62
1741507908.963481,-16,108,-142
1741507909.009481,-22,-53,-42
1741507909.054481,-25,-30,-154
1741507909.100481,-22,-28,-176
1741507909.146481,-16,-20,-72
1741507909.1914809,5,-32,-116
1741507909.2374809,43,95,-100
1741507909.283481,2,18,-102
1741507909.329481,-34,-66,-150
1741507909.374481,7,-21,-4
1741507909.420481,13,-70,-84
1741507909.466481,-51,29,-24
1741507909.5114808,14,-62,-92
1741507909.5574808,0,-31,-8
1741507909.6034808,-14,-11,-14
1741507909.6494808,29,35,31
1741507909.694481,27,26,-36
1741507909.740481,-26,-9,-82
1741507909.786481,-38,32,-168
1741507909.831481,31,-11,-80
1741507909.877481,-66,-4,-56
1741507909.923481,-33,7,31
1741507909.9684808,-54,-24,-96
1741507910.0144808,8,-11,-118
1741507910.0604808,-6,68,-112
1741507910.1064808,-5,-21,-156
1741507910.151481,-21,-61,-147
1741507910.197481,26,-25,-105
1741507910.243481,-18,34,-45
1741507910.288481,57,-75,-113
1741507910.334481,-87,9,10
1741507910.380481,32,-54,-58
1741507910.426481,-43,-8,-130
1741507910.4714808,-3,-8,-132
1741507910.5174809,30,-8,-98
1741507910.5634809,35,-77,-100
1741507910.608481,-40,76,-98
1741507910.654481,61,-13,-18
1741507910.700481,-16,43,-88
1741507910.746481,63,11,-150
1741507910.791481,53,-8,-108
1741507910.837481,41,120,83
1741507910.883481,21,-23,-94
1741507910.9284809,-9,41,-36
1741507910.9744809,132,-48,-110
1741507911.0204809,-69,-62,-76
1741507911.0664809,-2,-17,-62
1741507911.111481,-6,-9,-178
1741507911.157481,219,-41,-56
1741507911.203481,-110,-5,-86
1741507911.248481,55,-63,-144
1741507911.2944808,56,54,-28
1741507911.3404808,48,-67,-84
1741507911.3864808,46,22,-138
1741507911.431481,-53,31,-170
1741507911.477481,-43,-74,-72
1741507911.523481,57,-30,-79
1741507911.568481,0,-45,-67
1741507911.614481,51,34,-67
1741507911.660481,13,20,-25
1741507911.706481,69,-48,-73
1741507911.7514808,27,-20,-55
1741507911.7974808,-10,-12,-51
1741507911.8434808,-5,-7,-103
1741507911.888481,-81,-19,-69
1741507911.934481,-41,-49,-21
1741507911.980481,0,14,-42
1741507912.026481,-22,-28,-58
1741507912.071481,-12,21,-64
1741507912.117481,47,-20,-32
1741507912.163481,-37,10,-13
1741507912.2144809,-61,30,-162
1741507912.2604809,28,22,-224
1741507912.306481,-17,-65,-72
1741507912.351481,45,-29,-68
1741507912.397481,21,-33,-112
1741507912.443481,-3,-43,-98
1741507912.4884808,28,12,-66
1741507912.5344808,-31,30,-104
1741507912.5804808,6,-3,-38
1741507912.6264808,4,54,-72
1741507912.671481,-19,-25,-96
1741507912.717481,-11,-55,-148
1741507912.763481,-8,-5,-190
1741507912.808481,20,-3,-74
1741507912.854481,-13,-5,-22
1741507912.900481,66,-19,-246
1741507912.946481,-4,-102,-18
1741507912.9914808,9,-102,-72
1741507913.0374808,69,-28,-44
1741507913.0834808,31,12,-10
1741507913.128481,-43,14,-96
1741507913.174481,88,-1,11
1741507913.220481,18,21,-192
1741507913.266481,-37,47,26
1741507913.311481,5,-51,-37
1741507913.357481,-25,1,38
1741507913.403481,-11,-16,-1
1741507913.4484808,74,-10,-117
1741507913.4944808,32,33,-89
1741507913.5404809,-11,-15,-47
1741507913.5864809,29,-50,-123
1741507913.631481,-26,-65,24
1741507913.677481,79,-23,-59
1741507913.723481,79,-3,-47
1741507913.768481,59,32,-65
1741507913.814481,9,-99,22
1741507913.860481,31,-17,-85
1741507913.906481,19,-8,-111
1741507913.9514809,-45,13,-115
1741507913.9974809,20,-25,-145
1741507914.0434809,26,4,-131
1741507914.088481,-4,-40,42
1741507914.134481,18,51,-85
1741507914.180481,20,-13,14
1741507914.226481,16,-57,-23
1741507914.271481,74,-3,-97
1741507914.3174808,22,-77,-11
1741507914.3634808,14,49,-119
1741507914.408481,-49,27,-299
1741507914.454481,32,57,-59
1741507914.500481,-5,-40,-147
1741507914.546481,54,29,-179
1741507914.591481,-75,-19,-107
1741507914.637481,-26,-64,-61
1741507914.683481,135,-34,0
1741507914.7284808,-64,-10,10
1741507914.7744808,-36,64,-43
1741507914.8204808,54,-70,-57
1741507914.8664808,68,-9,0
1741507914.911481,-1,-15,-165
1741507914.957481,-73,30,-143
1741507915.003481,-47,-2,-20
1741507915.048481,-63,-8,-34
1741507915.094481,-89,-30,-99
1741507915.140481,0,27,-122
1741507915.186481,-80,-34,49
1741507915.2314808,48,-4,-140
1741507915.2774808,-18,8,-76
1741507915.3234808,-11,8,-154
1741507915.368481,-4,-29,-86
1741507915.414481,-38,22,39
1741507915.460481,-12,0,-30
1741507915.506481,-3,59,-132
1741507915.551481,16,-9,-192
1741507915.597481,34,-20,-78
1741507915.643481,48,-58,-40
1741507915.6884809,-37,-20,-130
1741507915.7344809,-3,38,-56
1741507915.7804809,28,12,-16
1741507915.8264809,-5,-22,-22
1741507915.871481,28,-26,-56
1741507915.917481,-17,3,-132
1741507915.963481,40,-42,35
1741507916.008481,11,-5,-2
1741507916.054481,31,4,40
1741507916.100481,87,-51,4
1741507916.146481,27,3,-59
1741507916.1914809,3,5,-47
1741507916.2374809,-62,-46,-221
1741507916.283481,-86,19,-135
1741507916.328481,-22,-14,42
1741507916.374481,27,19,-343
1741507916.420481,42,-47,-101
1741507916.466481,-43,-5,-121
1741507916.5114808,4,-57,4
1741507916.5574808,-9,-7,-1
1741507916.6034808,-33,36,-69
1741507916.648481,-6,5,-75
1741507916.694481,63,49,-71
1741507916.740481,-48,-41,-29
1741507916.785481,80,21,-127
1741507916.831481,74,43,-75
1741507916.877481,-132,-35,-55
1741507916.923481,-28,26,-75
1741507916.9684808,-58,-17,-29
1741507917.0144808,25,-95,-185
1741507917.0604808,3,-27,-81
1741507917.105481,-62,-5,-73
1741507917.151481,-12,32,-121
1741507917.197481,-22,32,-129
1741507917.243481,-17,-86,14
1741507917.288481,44,-46,-63
1741507917.334481,-31,-2,-139
1741507917.380481,54,80,-117
1741507917.4254808,-15,-33,-49
1741507917.4714808,80,-6,-131
1741507917.5174809,39,-48,-107
1741507917.5634809,44,80,-103
1741507917.608481,-9,36,-107
1741507917.654481,-63,34,-71
1741507917.700481,-18,16,-87
1741507917.745481,-13,-101,-38
1741507917.791481,7,-8,-180
1741507917.837481,-26,-8,-28
1741507917.883481,-24,-32,-224
1741507917.9284809,16,-55,91
1741507917.9744809,15,12,-110
1741507918.0204809,-12,6,-60
1741507918.065481,113,26,-100
1741507918.111481,-34,2,-46
1741507918.157481,40,-1,-78
1741507918.203481,-67,-23,-22
1741507918.248481,-35,-23,-94
1741507918.2944808,-41,-9,-46
1741507918.3404808,-13,38,-82
1741507918.3854809,55,-85,-154
1741507918.431481,64,-17,1
1741507918.477481,-31,42,-125
1741507918.523481,50,-83,-73
1741507918.568481,46,-89,-53
1741507918.614481,-49,-1,-64
1741507918.660481,-1,41,-109
1741507918.7054808,-55,-63,-76
1741507918.7514808,-1,-19,-41
1741507918.7974808,-6,7,-113
1741507918.8434808,8,55,-185
1741507918.888481,-2,-27,-11
1741507918.934481,62,55,-91
1741507918.980481,40,15,21
1741507919.025481,90,55,-148
1741507919.071481,118,-16,-14
1741507919.117481,47,-21,-26
1741507919.163481,9,-39,7
1741507919.2084808,-48,-63,17
1741507919.2544808,-80,46,-124
1741507919.3004808,-24,6,-114
1741507919.345481,10,38,-24
1741507919.391481,9,-19,63
1741507919.437481,4,-5,-182
1741507919.483481,-85,-27,-110
1741507919.528481,-28,-58,0
1741507919.574481,31,-60,-80
1741507919.620481,37,-107,-80
1741507919.6654809,-20,-39,-58
1741507919.7114809,-45,94,-14
1741507919.7574809,-30,39,-128
1741507919.8034809,79,-14,-66
1741507919.848481,39,0,-160
1741507919.894481,-44,45,61
1741507919.940481,-53,22,-116
1741507919.985481,-15,10,-164
1741507920.031481,67,-33,15
1741507920.077481,19,75,-96
1741507920.123481,-22,-3,-164
1741507920.1684809,40,-24,-120
1741507920.2144809,-59,-8,-80
1741507920.2604809,-17,0,-154
1741507920.305481,-13,-64,-113
1741507920.351481,40,19,-21
1741507920.397481,3,13,-7
1741507920.443481,-9,-8,-151
1741507920.4884808,-39,49,-27
1741507920.5344808,34,-33,-145
1741507920.5804808,-59,36,-99
1741507920.625481,24,22,-19
1741507920.671481,-17,-48,-35
1741507920.717481,-41,-58,-95
1741507920.763481,-18,21,-127
1741507920.808481,35,6,-89
1741507920.854481,4,-18,-181
1741507920.900481,-41,-70,-179
1741507920.9454808,87,-32,-51
1741507920.9914808,-1,8,24
1741507921.0374808,25,-22,-75
1741507921.0834808,-18,12,62
1741507921.128481,-18,-16,38
1741507921.174481,-48,21,-107
1741507921.220481,61,83,-33
1741507921.265481,8,-12,-67
1741507921.311481,-33,-10,-95
1741507921.357481,4,-19,-1
1741507921.403481,-11,-39,-119
1741507921.4484808,-53,50,-23
1741507921.4944808,-96,24,-39
1741507921.5404809,52,-34,-153
1741507921.585481,17,1,16
1741507921.631481,-6,-4,-143
1741507921.677481,-12,19,-121
1741507921.723481,21,-33,30
1741507921.768481,6,6,-17
1741507921.814481,-5,-23,-55
1741507921.860481,-14,-21,2
1741507921.9054809,-80,26,-55
1741507921.9514809,39,-16,-125
1741507921.9974809,6,-28,74
1741507922.0434809,20,-15,-89
1741507922.088481,14,46,-53
1741507922.134481,-5,40,34
1741507922.180481,-11,-81,-29
1741507922.2314808,15,-48,-59
1741507922.2774808,30,1,-99
1741507922.3234808,14,9,-55
1741507922.368481,-41,69,-79
1741507922.414481,-54,11,-131
1741507922.460481,6,87,-107
1741507922.505481,25,-10,48
1741507922.551481,18,63,-107
1741507922.597481,-46,45,-39
1741507922.643481,-28,-88,-33
1741507922.6884809,-42,-54,-49
1741507922.7344809,37,9,-192
1741507922.7804809,-84,-52,17
1741507922.825481,-72,-84,-56
1741507922.871481,19,81,-54
1741507922.917481,-66,-18,-32
1741507922.963481,-48,51,23
1741507923.008481,-53,65,-80
1741507923.054481,-9,8,-40
1741507923.100481,44,-59,-120
1741507923.1454809,86,-5,-68
1741507923.1914809,-9,-65,-110
1741507923.2374809,52,-24,-40
1741507923.283481,30,29,-126
1741507923.328481,-45,13,-168
1741507923.374481,-53,0,39
1741507923.420481,-57,90,-60
1741507923.4654808,-1,42,-68
1741507923.5114808,-2,-39,-66
1741507923.5574808,18,-52,-116
1741507923.6034808,82,59,-112
1741507923.648481,-97,-65,-108
1741507923.694481,-21,-35,-130
1741507923.740481,6,-21,-127
1741507923.785481,-15,-43,-29
1741507923.831481,-5,-40,-69
1741507923.877481,32,-9,-124
1741507923.9224808,7,65,-92
1741507923.9684808,43,-83,-18
1741507924.0144808,-12,-59,-82
1741507924.0604808,83,-63,-52
1741507924.105481,-77,44,-38
1741507924.151481,-101,26,-182
1741507924.197481,28,-121,47
1741507924.242481,-83,-15,-192
1741507924.288481,14,-35,-90
1741507924.334481,-7,-8,-104
1741507924.380481,-76,54,-110
1741507924.4254808,-34,16,-158
1741507924.4714808,-58,-64,-8
1741507924.5174809,-10,5,-62
1741507924.562481,56,-24,87
1741507924.608481,-7,11,-168
1741507924.654481,-21,15,-184
1741507924.700481,8,61,165
1741507924.745481,-23,25,-26
1741507924.791481,8,34,-170
1741507924.837481,24,-23,-24
1741507924.8824809,80,0,-80
1741507924.9284809,76,-40,-156
1741507924.9744809,-4,-6,-208
1741507925.0204809,13,-14,-150
1741507925.065481,53,-32,-104
1741507925.111481,-32,36,-30
1741507925.157481,-86,-17,-60
1741507925.202481,-3,91,-74
1741507925.248481,-43,24,-136
1741507925.2944808,4,-23,-20
1741507925.3404808,35,9,-2
1741507925.3854809,-28,-66,-56
1741507925.431481,19,-4,-20
1741507925.477481,-10,-50,11
1741507925.522481,-20,-56,-4
1741507925.568481,-40,-15,-88
1741507925.614481,-16,-5,-80
1741507925.660481,0,18,-61
1741507925.7054808,-68,56,6
1741507925.7514808,39,26,-29
1741507925.7974808,10,-21,-74
1741507925.842481,75,-62,69
1741507925.888481,12,-30,-18
1741507925.934481,-33,-14,-106
1741507925.980481,-38,52,-119
1741507926.025481,-59,15,-67
1741507926.071481,76,63,-63
1741507926.117481,32,-19,-97
1741507926.1624808,-25,30,-75
1741507926.2084808,-67,-37,-53
1741507926.2544808,-93,42,-103
1741507926.3004808,-80,-10,-147
1741507926.345481,34,0,-163
1741507926.391481,-45,34,-215
1741507926.437481,-15,-23,-67
1741507926.482481,-31,-9,94
1741507926.528481,7,1,-111
1741507926.574481,15,25,-43
1741507926.620481,18,-63,-80
1741507926.6654809,-66,-9,-78
1741507926.7114809,15,-17,-148
1741507926.7574809,-12,-15,-49
1741507926.802481,22,21,38
1741507926.848481,-43,25,-109
1741507926.894481,-62,12,-115
1741507926.940481,73,16,-74
1741507926.985481,-24,-81,-28
1741507927.031481,103,-42,-30
1741507927.077481,85,-92,-118
1741507927.1224809,-4,7,-118
1741507927.1684809,33,-74,-70
1741507927.2144809,11,23,33
1741507927.258481,65,17,-34
1741507927.304481,10,-1,-42
1741507927.350481,-41,15,-134
1741507927.396481,76,-12,-90
1741507927.4414809,-17,49,-186
1741507927.4874809,-64,-42,-26
1741507927.533481,11,-14,25
1741507927.578481,-12,18,-48
1741507927.624481,-23,-15,-161
1741507927.670481,22,-14,-123
1741507927.716481,25,-20,-197
1741507927.7614808,-30,-50,-45
1741507927.8074808,-12,-55,-157
1741507927.8534808,10,-32,-41
1741507927.898481,71,36,4
1741507927.944481,41,-13,-65
1741507927.990481,0,-21,-39
1741507928.036481,-26,22,38
1741507928.081481,-8,45,-125
1741507928.127481,65,13,-155
1741507928.173481,31,-72,-151
1741507928.2184808,35,-26,-197
1741507928.2644808,36,3,-56
1741507928.3104808,10,52,-56
1741507928.3564808,-37,-39,-144
1741507928.401481,13,-29,9
1741507928.447481,37,-3,-48
1741507928.493481,-18,9,-84
1741507928.538481,-25,-13,-110
1741507928.584481,76,4,-4
1741507928.630481,66,16,-140
1741507928.676481,-1,-9,-130
1741507928.7214808,20,-19,-82
1741507928.7674809,8,9,-96
1741507928.8134809,30,-88,-86
1741507928.858481,37,57,-60
1741507928.904481,-66,-44,-198
1741507928.950481,19,-6,-118
1741507928.996481,-24,16,-13
1741507929.041481,-34,-51,-81
1741507929.087481,-9,53,-243
1741507929.133481,-4,-37,-12
1741507929.1784809,63,-9,-65
1741507929.2244809,-24,24,-5
1741507929.2704809,100,59,70
1741507929.3164809,-42,26,-39
1741507929.361481,11,16,-107
1741507929.407481,44,0,-109
1741507929.453481,7,-41,-69
1741507929.498481,-88,-65,-167
1741507929.5444808,-16,86,-75
1741507929.5904808,-40,-13,-75
1741507929.6364808,-30,30,-86
1741507929.681481,65,24,-160
1741507929.727481,-4,2,-76
1741507929.773481,-18,-7,-198
1741507929.818481,-20,16,-72
1741507929.864481,-32,-15,-44
1741507929.910481,80,17,-48
1741507929.956481,34,-18,-41
1741507930.0014808,-59,31,-91
1741507930.0474808,-71,29,-63
1741507930.0934808,6,5,-71
1741507930.138481,-25,18,-11
1741507930.184481,-57,-7,-21
1741507930.230481,38,40,-43
1741507930.276481,2,-40,-151
1741507930.321481,-35,-74,-35
1741507930.367481,10,55,-109
1741507930.413481,14,-86,-85
1741507930.4584808,-47,-23,-22
1741507930.5044808,-67,7,-92
1741507930.5504808,94,3,-102
1741507930.595481,-19,19,-16
1741507930.641481,74,-64,-88
1741507930.687481,-29,46,-58
1741507930.733481,73,-17,-56
1741507930.778481,5,72,-94
1741507930.824481,24,12,-70
1741507930.870481,38,0,-34
1741507930.9154809,-106,-9,-164
1741507930.9614809,-19,26,29
1741507931.0074809,-11,6,-126
1741507931.0534809,14,-55,-72
1741507931.098481,-17,-17,-103
1741507931.144481,28,-1,-105
1741507931.190481,5,-22,-245
1741507931.235481,-13,-17,-101
1741507931.281481,55,-120,-135
1741507931.327481,-21,-35,-23
1741507931.373481,-85,-9,-59
1741507931.4184809,-33,0,-93
1741507931.4644809,-59,-51,-43
1741507931.5104809,40,-27,-161
1741507931.555481,26,-13,-5
1741507931.601481,22,-31,-46
1741507931.647481,-29,-37,-144
1741507931.693481,49,-9,-174
1741507931.7384808,-29,-91,-92
1741507931.7844808,13,-65,-226
1741507931.8304808,-42,32,-68
1741507931.875481,-24,30,-92
1741507931.921481,61,68,-152
1741507931.967481,-32,-27,-158
1741507932.013481,31,34,3
1741507932.058481,-94,38,-10
1741507932.104481,-6,-63,-93
1741507932.150481,-18,28,63
1741507932.2014809,-53,22,19
1741507932.2474809,-43,12,-193
1741507932.2934809,60,-21,-47
1741507932.338481,-69,-15,-109
1741507932.384481,18,-3,-11
1741507932.430481,-21,-49,-103
1741507932.475481,30,68,-53
1741507932.521481,20,50,-171
1741507932.568481,-73,-43,-75
1741507932.614481,17,37,-81
1741507932.6594808,75,1,-135
1741507932.7054808,-69,22,-217
1741507932.7514808,8,40,-87
1741507932.7974808,46,-71,-153
1741507932.842481,-5,66,60
1741507932.888481,-13,-20,-183
1741507932.934481,-57,-27,-101
1741507932.979481,-98,-14,-110
1741507933.025481,-4,57,-154
1741507933.071481,21,-70,-108
1741507933.117481,19,5,-154
1741507933.1624808,-26,-57,-40
1741507933.2084808,75,8,-62
1741507933.2544808,25,48,-140
1741507933.299481,-9,-28,-114
1741507933.345481,-31,-22,-188
1741507933.391481,40,47,-136
1741507933.437481,-53,-22,-110
1741507933.482481,-29,-52,-150
1741507933.528481,27,24,-186
1741507933.574481,31,-2,-106
1741507933.6194808,111,26,31
1741507933.6654809,-18,-36,-134
1741507933.7114809,24,-25,-70
1741507933.7574809,-40,19,-32
1741507933.802481,0,61,-116
1741507933.848481,55,-27,-78
1741507933.894481,-26,-67,-194
1741507933.939481,1,2,-96
1741507933.985481,41,-9,-12
1741507934.031481,-78,-24,-76
1741507934.077481,9,5,-52
1741507934.1224809,-12,-19,-156
1741507934.1684809,4,-51,-120
1741507934.2144809,49,53,-112
1741507934.259481,77,26,41
1741507934.305481,14,-13,-94
1741507934.351481,-26,35,-154
1741507934.397481,-103,-14,69
1741507934.4424808,-16,-49,-152
1741507934.4884808,25,-1,-106
1741507934.5344808,-44,2,-4
1741507934.579481,-39,-53,-132
1741507934.625481,35,-35,-101
1741507934.671481,-46,-41,-183
1741507934.717481,-26,8,-71
1741507934.762481,51,-9,-119
1741507934.808481,25,48,-49
1741507934.854481,-20,40,-33
1741507934.8994808,1,-10,14
1741507934.9454808,19,-22,-113
1741507934.9914808,39,49,-115
1741507935.0374808,26,4,-163
1741507935.082481,-14,-62,32
1741507935.128481,5,143,-19
1741507935.174481,-52,-16,-165
1741507935.219481,15,9,-39
1741507935.265481,-4,72,-123
1741507935.311481,16,-29,-181
1741507935.357481,-40,-23,-61
1741507935.4024808,-26,-15,15
1741507935.4484808,28,-7,-198
1741507935.4944808,-1,-2,-171
1741507935.539481,-7,-6,-31
1741507935.585481,22,9,-89
1741507935.631481,0,17,55
1741507935.677481,-11,-57,-24
1741507935.722481,-47,-37,-93
1741507935.768481,18,26,-121
1741507935.814481,-75,-25,-31
1741507935.8594809,9,-9,52
1741507935.9054809,-12,-19,-13
1741507935.9514809,15,23,-101
1741507935.9974809,-22,-61,-143
1741507936.042481,0,146,-105
1741507936.088481,26,-50,-245
1741507936.134481,-9,35,-165
1741507936.179481,12,55,-49
1741507936.225481,-58,-21,14
1741507936.271481,13,-11,-59
1741507936.3174808,15,-37,-85
1741507936.3624809,8,36,-35
1741507936.408481,-2,3,-61
1741507936.454481,5,7,-31
1741507936.499481,-30,2,-63
1741507936.545481,77,4,-63
1741507936.591481,33,13,-13
1741507936.637481,8,63,-35
1741507936.6824808,89,25,-105
1741507936.7284808,77,-40,-31
1741507936.7744808,53,65,-111
1741507936.819481,-43,-10,-9
1741507936.865481,-1,-30,-79
1741507936.911481,28,41,-51
1741507936.957481,58,-8,-123
1741507937.002481,15,26,-95
1741507937.048481,39,53,-62
1741507937.094481,-14,7,-82
1741507937.1394808,32,-67,-166
1741507937.1854808,-1,-43,-194
1741507937.2314808,-20,19,-44
1741507937.276481,15,-28,-80
1741507937.322481,-105,-47,-129
1741507937.368481,-43,20,-101
1741507937.414481,-3,48,28
1741507937.459481,-12,13,-155
1741507937.505481,68,0,-67
1741507937.551481,-81,21,-13
1741507937.5964808,80,-15,-111
1741507937.6424809,6,24,-27
1741507937.6884809,46,9,-159
1741507937.7344809,44,87,-13
1741507937.779481,57,38,-55
1741507937.825481,-20,-13,-19
1741507937.871481,41,-19,-60
1741507937.916481,29,-17,-25
1741507937.962481,57,8,-64
1741507938.008481,29,9,-85
1741507938.054481,-10,-63,-7
1741507938.0994809,15,-11,-89
1741507938.1454809,13,19,-39
1741507938.1914809,21,20,-71
1741507938.236481,38,5,-141
1741507938.282481,17,-61,40
1741507938.328481,-24,-60,-181
1741507938.374481,0,38,54
1741507938.4194808,-57,-13,-109
1741507938.4654808,75,-47,-31
1741507938.5114808,17,-29,-37
1741507938.556481,89,-51,2
1741507938.602481,-22,-43,-105
1741507938.648481,-64,-23,-23
1741507938.694481,46,9,-61
1741507938.739481,33,-74,-49
1741507938.785481,-72,-11,-17
1741507938.831481,-6,-23,-77
1741507938.8764808,45,56,5
1741507938.9224808,97,-27,-112
1741507938.9684808,43,52,-92
1741507939.0144808,-15,39,-66
1741507939.059481,38,2,-144
1741507939.105481,-33,24,21
1741507939.151481,-1,-6,-212
1741507939.196481,-55,31,-10
1741507939.242481,-59,-78,-148
1741507939.288481,-26,-19,-12
1741507939.334481,11,-15,-106
1741507939.3794808,43,62,-12
1741507939.4254808,35,-71,-52
1741507939.4714808,-50,38,-22
1741507939.516481,21,-7,-158
1741507939.562481,-22,62,-30
1741507939.608481,39,-42,-38
1741507939.654481,5,-4,35
1741507939.699481,-6,41,-126
1741507939.745481,-83,21,101
1741507939.791481,-77,2,-52
1741507939.8364809,20,-31,-42
1741507939.8824809,16,-5,-102
1741507939.9284809,-79,8,-106
1741507939.9744809,-43,6,-34
1741507940.019481,-39,-37,3
1741507940.065481,2,6,27
1741507940.111481,8,-53,-32
1741507940.156481,-35,-90,0
1741507940.202481,-3,30,-46
1741507940.248481,-51,-13,-72
1741507940.2944808,40,-14,-100
1741507940.3394809,16,17,-36
1741507940.3854809,-53,23,-12
1741507940.431481,20,-44,-148
1741507940.476481,17,0,-98
1741507940.522481,-6,18,-60
1741507940.568481,53,-52,-28
1741507940.614481,79,0,-204
1741507940.6594808,-3,-35,-82
1741507940.7054808,47,20,-58
1741507940.7514808,-39,-29,-164
1741507940.796481,62,-26,-46
1741507940.842481,-92,-7,-16
1741507940.888481,-8,16,-113
1741507940.934481,5,-1,-4
1741507940.979481,35,88,52
1741507941.025481,-63,-4,-111
1741507941.071481,-66,-19,12
1741507941.1164808,7,-7,-137
1741507941.1624808,-22,-11,-157
1741507941.2084808,-42,-29,-93
1741507941.2544808,40,-43,-5
1741507941.299481,-3,62,22
1741507941.345481,33,26,-27
1741507941.391481,33,-27,-105
1741507941.436481,-36,-5,-59
1741507941.482481,19,-45,-123
1741507941.528481,51,-40,-27
1741507941.574481,16,-30,-131
1741507941.6194808,18,-30,8
1741507941.6654809,54,-75,-264
1741507941.7114809,19,69,91
1741507941.756481,37,-98,-216
1741507941.802481,-25,-13,-220
1741507941.848481,66,0,-138
1741507941.894481,42,-8,-1
1741507941.939481,84,-54,-109
1741507941.985481,-35,62,-47
1741507942.031481,-37,35,-15
1741507942.0764809,-25,21,-44
1741507942.1224809,-8,-59,-154
1741507942.1684809,44,21,-164
1741507942.219481,-132,-45,-4
1741507942.265481,43,32,-128
1741507942.311481,17,-70,-24
1741507942.3564808,61,0,-80
1741507942.4024808,-74,-11,-32
1741507942.4484808,40,-24,-28
1741507942.4944808,-69,-8,-56
1741507942.539481,-17,-20,-82
1741507942.585481,42,16,-90
1741507942.631481,-137,-81,-98
1741507942.676481,-19,-41,-218
1741507942.7214808,-64,49,5
1741507942.7674809,1,7,-48
1741507942.812481,-44,33,-48
1741507942.858481,-2,-54,-134
1741507942.904481,-54,-60,-114
1741507942.950481,-14,89,-82
1741507942.995481,86,5,-8
1741507943.041481,-16,-29,-34
1741507943.087481,99,11,-78
1741507943.1324809,-44,-100,-174
1741507943.1784809,13,0,-58
1741507943.2244809,15,-50,-88
1741507943.2704809,3,-37,-46
1741507943.315481,-40,45,-192
1741507943.361481,17,-36,-10
1741507943.407481,33,3,-200
1741507943.452481,33,-1,-94
1741507943.498481,-42,-12,-58
1741507943.5444808,44,40,-200
1741507943.5904808,49,-30,-162
1741507943.6354809,15,-38,-54
1741507943.681481,-66,-4,-30
1741507943.727481,-54,11,-152
1741507943.772481,-10,27,-22
1741507943.818481,77,-2,-18
1741507943.864481,20,18,-4
1741507943.910481,16,-31,39
1741507943.9554808,32,19,-110
1741507944.0014808,2,-6,-24
1741507944.0474808,-23,-99,-64
1741507944.092481,-51,3,-144
1741507944.138481,10,-40,-60
1741507944.184481,10,-40,-52
1741507944.229481,25,35,39
1741507944.275481,-1,50,-48
1741507944.321481,-26,-36,17
1741507944.367481,-43,-34,23
1741507944.4124808,102,-30,-76
1741507944.4584808,13,19,-69
1741507944.5044808,5,-56,-68
1741507944.549481,57,0,-53
1741507944.595481,11,39,-116
1741507944.641481,47,31,-93
1741507944.687481,-21,-85,-92
1741507944.732481,53,21,-119
1741507944.778481,47,-48,-98
1741507944.824481,29,35,-86
1741507944.8694808,-26,47,-104
1741507944.9154809,-71,0,-160
1741507944.9614809,31,13,15
1741507945.0074809,2,2,13
1741507945.052481,40,-45,-56
1741507945.098481,-35,36,-114
1741507945.144481,-1,22,-100
1741507945.189481,-21,-21,-44
1741507945.235481,64,-51,-120
1741507945.281481,-93,-73,-80
1741507945.327481,-9,10,-182
1741507945.3724809,40,22,-116
1741507945.4184809,-2,52,-122
1741507945.4644809,18,2,-124
1741507945.509481,-1,6,7
1741507945.555481,-79,70,-48
1741507945.601481,70,-61,-35
1741507945.647481,-35,8,-81
1741507945.6924808,67,71,-142
1741507945.7384808,15,-30,20
1741507945.7844808,31,55,-107
1741507945.829481,-56,-18,-75
1741507945.875481,4,10,-83
1741507945.921481,54,62,-55
1741507945.967481,79,-51,-29
1741507946.012481,-5,51,-75
1741507946.058481,25,-54,-5
1741507946.104481,-4,5,-1
1741507946.1494808,32,-20,-163
1741507946.1954808,-27,-12,-55
1741507946.2414808,2,59,-61
1741507946.2874808,-25,-24,-183
1741507946.332481,62,57,-123
1741507946.378481,40,34,-3
1741507946.424481,10,-9,-191
1741507946.469481,32,30,82
1741507946.515481,-60,3,-99
1741507946.561481,-22,1,-53
1741507946.607481,-22,-20,1
1741507946.6524808,43,-40,-126
1741507946.6984808,3,12,-74
1741507946.7444808,-28,20,-56
1741507946.789481,-25,23,3
1741507946.835481,19,46,-12
1741507946.881481,6,-3,-142
1741507946.927481,-83,50,-50
1741507946.972481,68,64,-26
1741507947.018481,65,-14,7
1741507947.064481,25,49,-120
1741507947.1094809,-8,-76,5
1741507947.1554809,11,-10,-102
1741507947.2014809,-21,-19,-56
1741507947.2474809,31,35,-194
1741507947.292481,-48,61,-8
1741507947.338481,-2,7,-128
1741507947.384481,-17,89,-76
1741507947.429481,55,-36,-186
1741507947.475481,-3,22,-106
1741507947.521481,-2,72,-136
1741507947.5674808,58,-36,-110
1741507947.6124809,-37,15,-94
1741507947.658481,6,-47,-2
1741507947.704481,-12,-90,-208
1741507947.749481,9,-32,-48
1741507947.795481,27,59,-80
1741507947.841481,44,-49,-144
1741507947.887481,52,-67,3
1741507947.9324808,-1,52,-112
1741507947.9784808,-10,-23,-60
1741507948.0244808,-20,-7,-40
1741507948.069481,45,34,-66
1741507948.115481,17,-5,-128
1741507948.161481,63,-39,-154
1741507948.207481,-8,4,-22
1741507948.252481,-30,40,-120
1741507948.298481,-12,-7,-74
1741507948.344481,33,25,-86
1741507948.3894808,-12,-2,-30
1741507948.4354808,25,10,-176
1741507948.4814808,-54,56,23
1741507948.5274808,-8,50,-88
1741507948.572481,-10,-28,-154
1741507948.618481,-59,-29,-94
1741507948.664481,7,-17,35
1741507948.709481,-2,-31,-86
1741507948.755481,-28,-55,-234
1741507948.801481,-23,15,-18
1741507948.847481,0,37,-120
1741507948.8924809,60,6,-62
1741507948.9384809,-41,62,-104
1741507948.9844809,-93,5,-34
1741507949.029481,4,-16,-85
1741507949.075481,32,-4,-119
1741507949.121481,-45,-70,-63
1741507949.167481,-57,3,-5
1741507949.212481,-33,9,-89
1741507949.258481,84,-14,-71
1741507949.304481,4,-1,-105
1741507949.3494809,24,-33,-197
1741507949.3954809,-13,22,-131
1741507949.4414809,-42,-31,-81
1741507949.4874809,42,0,-65
1741507949.532481,16,21,-71
1741507949.578481,-15,-6,-109
1741507949.624481,-7,-78,26
1741507949.6694808,66,-23,-5
1741507949.7154808,10,-22,-27
1741507949.7614808,-16,-29,-85
1741507949.8074808,23,-19,-153
1741507949.852481,11,-37,-159
1741507949.898481,-69,-45,-127
1741507949.944481,12,-37,-117
1741507949.989481,136,-11,-190
1741507950.035481,40,-25,-59
1741507950.081481,20,-35,-209
1741507950.127481,-21,-4,-71
1741507950.1724808,4,73,-105
1741507950.2184808,71,97,14
1741507950.2644808,65,-16,-87
1741507950.309481,-31,-78,-69
1741507950.355481,24,41,-131
1741507950.401481,25,26,-83
1741507950.447481,49,18,-57
1741507950.492481,22,-15,-111
1741507950.538481,0,32,-67
1741507950.584481,86,-55,-51
1741507950.6294808,-115,32,-91
1741507950.6754808,-47,-23,2
1741507950.7214808,-2,-109,-33
1741507950.7674809,-63,-31,2
1741507950.812481,70,-35,-45
1741507950.858481,47,-22,-49
1741507950.904481,-10,-32,18
1741507950.949481,-58,-10,-59
1741507950.995481,15,27,-101
1741507951.041481,-30,-18,-61
1741507951.0864809,-32,-16,-33
1741507951.1324809,44,10,2
1741507951.1784809,88,-53,-105
1741507951.2244809,39,-34,-13
1741507951.269481,1,39,-91
1741507951.315481,31,27,-69
1741507951.361481,-56,29,-129
1741507951.406481,32,-3,-107
1741507951.452481,52,-21,-137
1741507951.498481,-31,-25,-143
1741507951.5444808,-47,-53,-97
1741507951.5894809,-103,92,-135
1741507951.6354809,2,-33,-169
1741507951.681481,-56,11,-25
1741507951.726481,-42,61,-63
1741507951.772481,-2,-18,-21
1741507951.818481,-14,-18,-37
1741507951.864481,-90,31,-33
1741507951.9094808,-18,-33,-91
1741507951.9554808,-68,5,-99
1741507952.0014808,-52,21,-125
1741507952.046481,27,15,-189
1741507952.092481,-34,-60,-67
1741507952.138481,-23,43,22
1741507952.184481,45,0,-71
1741507952.235481,67,-51,-81
1741507952.281481,-6,-89,-53
1741507952.3264809,43,-33,-47
1741507952.3724809,-28,-55,69
1741507952.4184809,11,22,-36
1741507952.4644809,75,17,-91
1741507952.509481,39,-40,-95
1741507952.555481,63,5,-63
1741507952.601481,-21,-19,-118
1741507952.646481,-11,-71,-200
1741507952.6924808,-7,2,-111
1741507952.7384808,-20,-106,-45
1741507952.7844808,-4,17,-49
1741507952.829481,0,22,-171
1741507952.875481,66,44,-23
1741507952.921481,20,12,-193
1741507952.966481,-50,27,-19
1741507953.012481,-4,27,-103
1741507953.058481,-6,11,32
1741507953.104481,49,-2,-53
1741507953.1494808,40,-17,-127
1741507953.1954808,38,50,-179
1741507953.2414808,-56,-13,74
1741507953.286481,81,-13,-55
1741507953.332481,23,-5,-271
1741507953.378481,-12,-64,-87
1741507953.424481,10,-25,-88
1741507953.469481,-7,-15,-80
1741507953.515481,-51,18,-84
1741507953.561481,28,-37,-152
1741507953.6064808,0,-43,-154
1741507953.6524808,40,30,-72
1741507953.6984808,-90,-16,-3
1741507953.7444808,21,47,24
1741507953.789481,-16,-30,-198
1741507953.835481,-53,-39,-138
1741507953.881481,-17,16,-100
1741507953.926481,-7,-2,-129
1741507953.972481,52,2,-15
1741507954.018481,-35,40,-143
1741507954.064481,26,10,52
1741507954.1094809,16,-52,0
1741507954.1554809,82,7,-39
1741507954.2014809,-20,4,-23
1741507954.246481,5,-18,-131
1741507954.292481,41,43,-99
1741507954.338481,38,-38,-93
1741507954.384481,18,55,2
1741507954.429481,13,-16,-87
1741507954.475481,68,15,-69
1741507954.521481,22,43,49
1741507954.5664809,40,-24,81
1741507954.6124809,-71,-28,-24
1741507954.658481,84,57,-86
1741507954.704481,-35,-64,-9
1741507954.749481,-23,-68,-115
1741507954.795481,20,41,-109
1741507954.841481,-110,7,-5
1741507954.8864808,-54,51,-69
1741507954.9324808,5,3,-37
1741507954.9784808,31,-8,-89
1741507955.0244808,-30,39,-141
1741507955.069481,-37,20,-138
1741507955.115481,27,-22,-87
1741507955.161481,63,41,-217
1741507955.206481,39,39,-91
1741507955.252481,-3,-72,-27
1741507955.298481,-30,-54,8
1741507955.344481,63,25,-37
1741507955.3894808,52,-36,-119
1741507955.4354808,32,11,20
1741507955.4814808,-66,33,2
1741507955.526481,85,73,-129
1741507955.572481,5,15,-71
1741507955.618481,77,-22,-189
1741507955.664481,87,-70,-102
1741507955.709481,63,27,-75
1741507955.755481,24,-16,-167
1741507955.801481,29,-2,-43
1741507955.8464808,-4,-16,-121
1741507955.8924809,8,-53,10
1741507955.9384809,23,4,-29
1741507955.9844809,22,50,-93
1741507956.029481,35,34,-93
1741507956.075481,49,-19,-99
1741507956.121481,-18,2,-39
1741507956.166481,-17,-29,-41
1741507956.212481,15,96,-33
1741507956.258481,56,34,-59
1741507956.304481,-5,-11,-5
1741507956.3494809,-23,-77,-151
1741507956.3954809,6,38,-87
1741507956.4414809,30,-1,-19
1741507956.486481,37,27,54
1741507956.532481,-14,13,-138
1741507956.578481,19,-18,-132
1741507956.624481,18,-19,29
1741507956.6694808,6,-14,-44
1741507956.7154808,84,43,-62
1741507956.7614808,-16,25,-122
1741507956.806481,-68,-2,-96
1741507956.852481,67,-66,-76
1741507956.898481,-3,-7,-136
1741507956.944481,-19,-33,-82
1741507956.989481,69,67,-168
1741507957.035481,3,-27,-128
1741507957.081481,67,80,-96
1741507957.1264808,65,38,-130
1741507957.1724808,53,-1,27
1741507957.2184808,-50,37,21
1741507957.2644808,59,-36,-80
1741507957.309481,43,6,-52
1741507957.355481,35,20,-176
1741507957.401481,-15,-43,-60
1741507957.446481,-72,-32,-50
1741507957.492481,31,-16,-160
1741507957.538481,-76,20,-72
1741507957.584481,12,-47,-76
1741507957.6294808,-43,30,-124
1741507957.6754808,74,-27,-42
1741507957.7214808,88,-59,-26
1741507957.766481,31,-31,-102
1741507957.812481,-13,0,-186
1741507957.858481,48,-49,-184
1741507957.903481,58,-25,-8
1741507957.949481,-15,-13,-12
1741507957.995481,123,83,-57
1741507958.041481,-34,0,-29
1741507958.0864809,-36,61,-93
1741507958.1324809,11,7,-193
1741507958.179481,-6,-48,-87
1741507958.225481,-11,43,-61
1741507958.2704809,2,8,-91
1741507958.3164809,34,30,-141
1741507958.3624809,48,0,-7
1741507958.407481,11,-6,-60
1741507958.453481,-24,53,-139
1741507958.499481,-32,63,-37
1741507958.545481,-88,-93,-127
1741507958.5904808,25,-25,-81
1741507958.6364808,63,30,-111
1741507958.6824808,-3,-2,22
1741507958.727481,-31,33,-55
1741507958.773481,32,5,-127
1741507958.819481,-74,9,-105
1741507958.865481,-139,-32,-131
1741507958.910481,-79,-34,-57
1741507958.956481,61,-42,4
1741507959.002481,2,-2,-11
1741507959.0474808,0,-4,8
1741507959.0934808,-49,27,-107
1741507959.1394808,23,13,-103
1741507959.1854808,-7,-66,-7
1741507959.230481,70,-26,86
1741507959.276481,6,1,-51
1741507959.322481,36,-104,-87
1741507959.367481,12,43,-99
1741507959.413481,-57,37,-232
1741507959.459481,16,13,-108
1741507959.505481,137,-4,-118
1741507959.5504808,-8,-36,-142
1741507959.5964808,9,-26,-64
1741507959.6424809,1,19,-32
1741507959.687481,15,-34,-34
1741507959.733481,-14,-12,-169
1741507959.779481,3,3,84
1741507959.825481,-46,39,-13
1741507959.870481,17,-5,12
1741507959.916481,-34,-27,-25
1741507959.962481,59,-65,-151
1741507960.0074809,1,31,-151
1741507960.0534809,-102,27,-91
1741507960.0994809,33,9,-173
1741507960.1454809,-21,10,-7
1741507960.190481,-39,74,-67
1741507960.236481,0,-12,-67
1741507960.282481,18,-30,-119
1741507960.327481,27,-52,-135
1741507960.373481,6,24,-75
1741507960.4194808,-25,36,-144
1741507960.4654808,7,51,1
1741507960.5104809,-12,1,-174
1741507960.556481,7,-19,-180
1741507960.602481,65,-49,-14
1741507960.647481,-70,-33,-144
1741507960.693481,41,58,-59
1741507960.739481,0,-15,-121
1741507960.785481,-71,22,-57
1741507960.8304808,-13,-23,-115
1741507960.8764808,-26,-7,-3
1741507960.9224808,32,72,6
1741507960.967481,48,-10,-137
1741507961.013481,27,-23,-101
1741507961.059481,28,3,-109
1741507961.105481,-9,-26,-93
1741507961.150481,-35,-40,-73
1741507961.196481,2,-2,-173
1741507961.242481,34,50,-78
1741507961.2874808,28,10,-124
1741507961.3334808,-82,-15,-146
1741507961.3794808,-42,38,-48
1741507961.4254808,60,26,5
1741507961.470481,-72,-20,-154
1741507961.516481,-138,23,105
1741507961.562481,-54,-38,-60
1741507961.607481,5,-33,-194
1741507961.653481,9,-45,-58
1741507961.699481,-12,0,7
1741507961.745481,-51,-25,-44
1741507961.7904809,110,34,-120
1741507961.8364809,13,-9,59
1741507961.8824809,47,-30,-287
1741507961.927481,30,1,-21
1741507961.973481,32,3,8
1741507962.019481,-47,-84,36
1741507962.065481,30,-8,-89
1741507962.110481,28,13,21
1741507962.156481,58,12,-112
1741507962.202481,-3,13,-103
1741507962.253481,-46,24,-43
1741507962.299481,115,57,-5
1741507962.345481,-6,28,156
1741507962.390481,-22,64,-1
1741507962.436481,26,36,-9
1741507962.482481,18,8,-65
1741507962.5274808,34,-43,-139
1741507962.5734808,-2,-39,-140
1741507962.6194808,-19,-77,-60
1741507962.6654809,58,-25,-86
1741507962.710481,2,76,-66
1741507962.756481,8,-17,-36
1741507962.802481,-47,-19,-156
1741507962.847481,-17,-5,-143
1741507962.893481,26,-79,-109
1741507962.939481,-46,-61,-107
1741507962.985481,-63,-17,20
1741507963.0304809,29,88,-147
1741507963.0764809,43,83,10
1741507963.1224809,9,-26,-156
1741507963.167481,39,-16,-58
1741507963.213481,-71,-13,-75
1741507963.259481,6,4,-59
1741507963.305481,-27,14,-111
1741507963.350481,19,24,-96
1741507963.396481,1,66,-194
1741507963.4424808,3,6,49
1741507963.4874809,-10,-38,-70
1741507963.533481,25,-19,-176
1741507963.579481,23,32,19
1741507963.625481,-70,39,35
1741507963.670481,1,-7,-36
1741507963.716481,26,42,-180
1741507963.762481,-23,41,-16
1741507963.8074808,75,2,-62
1741507963.8534808,-12,-29,-206
1741507963.8994808,-30,12,-153
1741507963.9454808,3,90,-115
1741507963.990481,10,58,-149
1741507964.036481,-28,-13,-99
1741507964.082481,-116,-57,-113
1741507964.127481,-36,-29,-71
1741507964.173481,-12,-62,-193
1741507964.219481,59,-68,-79
1741507964.265481,9,-52,-27
1741507964.3104808,67,7,-47
1741507964.3564808,-20,-86,-92
1741507964.4024808,74,-4,10
1741507964.447481,3,-41,-1
1741507964.493481,66,-19,-3
1741507964.539481,13,1,-181
1741507964.585481,32,-59,-9
1741507964.630481,25,27,-37
1741507964.676481,-14,79,-43
1741507964.722481,-53,8,-25
1741507964.7674809,28,-59,-99
1741507964.8134809,10,-45,-51
1741507964.8594809,-34,13,-9
1741507964.904481,-108,-2,10
1741507964.950481,33,-90,-83
1741507964.996481,-48,19,-133
1741507965.042481,-148,131,-20
1741507965.087481,-19,28,-62
1741507965.133481,-31,36,-9
1741507965.179481,6,42,-67
1741507965.2244809,3,-18,-86
1741507965.2704809,-17,-3,8
1741507965.3164809,-44,59,34
1741507965.3624809,0,-8,10
1741507965.407481,-53,33,-95
1741507965.453481,8,-35,-55
1741507965.499481,48,-23,-13
1741507965.5444808,-13,0,-121
1741507965.5904808,-52,-51,-99
1741507965.6364808,-28,9,-85
1741507965.6824808,-16,41,-33
1741507965.727481,31,8,-125
1741507965.773481,43,-29,-111
1741507965.819481,71,-29,-55
1741507965.864481,-36,-59,-144
1741507965.910481,-56,50,23
1741507965.956481,-52,26,-70
1741507966.002481,61,-26,-66
1741507966.0474808,41,96,-20
1741507966.0934808,-38,-31,-120
1741507966.1394808,14,27,-72
1741507966.184481,-3,-64,-46
1741507966.230481,92,49,-62
1741507966.276481,8,-76,-98
1741507966.322481,34,-19,-32
1741507966.367481,34,28,-174
1741507966.413481,-67,30,-112
1741507966.459481,6,-81,-10
1741507966.5044808,-11,36,7
1741507966.5504808,-11,58,-120
1741507966.5964808,72,24,-202
1741507966.6424809,91,-85,-212
1741507966.687481,15,14,-30
1741507966.733481,-9,-68,-72
1741507966.779481,-25,-62,-13
1741507966.824481,-58,-74,-78
1741507966.870481,7,13,-78
1741507966.916481,-23,-33,-33
1741507966.962481,-1,-33,-71
1741507967.0074809,-39,46,-25
1741507967.0534809,4,14,-193
1741507967.0994809,-45,-57,-37
1741507967.144481,82,-15,48
1741507967.190481,58,-8,-49
1741507967.236481,52,14,-69
1741507967.282481,-39,42,-215
1741507967.327481,54,-63,63
1741507967.373481,18,-27,-62
1741507967.4194808,-59,90,-56
1741507967.4644809,6,42,5
1741507967.5104809,-47,-51,-150
1741507967.556481,26,10,-152
1741507967.602481,-7,14,-110
1741507967.647481,47,0,-69
1741507967.693481,-59,-33,-75
1741507967.739481,87,-20,-150
1741507967.7844808,19,47,-10
1741507967.8304808,-34,14,-26
1741507967.8764808,29,25,-48
1741507967.9224808,17,9,-88
1741507967.967481,51,-62,9
1741507968.013481,-56,-36,-106
1741507968.059481,13,-10,-198
1741507968.104481,17,0,-20
1741507968.150481,66,2,-54
1741507968.196481,-62,-24,-2
1741507968.242481,-24,-44,-134
1741507968.2874808,-67,1,-123
1741507968.3334808,61,6,-105
1741507968.3794808,21,-1,-35
1741507968.424481,-21,-27,-67
1741507968.470481,-28,38,-125
1741507968.516481,-52,-23,-59
1741507968.562481,5,36,-129
1741507968.607481,-5,-37,-113
1741507968.653481,64,40,-63
1741507968.699481,-31,14,-192
1741507968.7444808,-21,18,-28
1741507968.7904809,-23,3,-100
1741507968.8364809,-53,29,-104
1741507968.8824809,-78,22,-68
1741507968.927481,13,-9,-68
1741507968.973481,-32,60,29
1741507969.019481,-39,25,-168
1741507969.064481,-6,-25,-90
1741507969.110481,35,60,-94
1741507969.156481,-70,-11,-134
1741507969.202481,17,-7,-134
1741507969.2474809,17,46,-96
1741507969.2934809,15,-11,-90
1741507969.338481,-25,-40,-198
1741507969.383481,-37,-20,-146
1741507969.429481,48,-103,19
1741507969.475481,40,0,-100
1741507969.5204809,8,-5,3
1741507969.5664809,57,20,-42
1741507969.6124809,-68,-71,25
1741507969.658481,17,-23,-168
1741507969.703481,-70,4,-156
1741507969.749481,-7,60,-84
1741507969.795481,-91,-5,0
1741507969.8404808,-8,0,-50
1741507969.8864808,0,22,-18
1741507969.9324808,27,3,-12
1741507969.9784808,29,-20,-18
1741507970.023481,-47,23,-136
1741507970.069481,-61,-63,-52
1741507970.115481,-35,-2,-78
1741507970.160481,-41,15,-94
1741507970.206481,-54,-17,-46
1741507970.252481,-40,40,-54
1741507970.298481,23,-79,-160
1741507970.3434808,-128,-114,-60
1741507970.3894808,-35,-73,-88
1741507970.4354808,-11,16,16
1741507970.480481,-3,0,-43
1741507970.526481,58,56,-113
1741507970.572481,58,11,-97
1741507970.618481,11,28,-19
1741507970.663481,86,-46,-105
1741507970.709481,-24,-35,-85
1741507970.755481,-108,4,-39
1741507970.8004808,25,-33,-183
1741507970.8464808,-50,-47,-75
1741507970.8924809,19,-39,-149
1741507970.9384809,-70,10,-139
1741507970.983481,17,38,-84
1741507971.029481,-76,0,-112
1741507971.075481,-74,-2,-48
1741507971.120481,24,-58,-85
1741507971.166481,-7,41,-47
1741507971.212481,-46,18,-137
1741507971.258481,56,-23,-163
1741507971.3034809,-17,-71,-39
1741507971.3494809,-15,-29,-143
1741507971.3954809,14,16,-125
1741507971.440481,-21,-29,-117
1741507971.486481,36,-40,-71
1741507971.532481,50,20,12
1741507971.577481,24,67,-49
1741507971.623481,40,-41,-47
1741507971.6694808,8,-57,-211
1741507971.7154808,26,74,24
1741507971.7604809,-47,-10,-95
1741507971.806481,36,69,-119
1741507971.852481,0,-11,32
1741507971.897481,46,78,-63
1741507971.943481,27,9,-1
1741507971.989481,-3,74,-97
1741507972.035481,41,-19,-125
1741507972.0804808,-50,38,-35
1741507972.1264808,89,6,30
1741507972.1724808,-29,9,-89
1741507972.217481,-3,-44,-20
1741507972.269481,68,-70,-80
1741507972.315481,47,-20,-10
1741507972.360481,-29,-41,-70
1741507972.406481,76,37,73
1741507972.452481,72,12,-63
1741507972.4974809,25,12,-101
1741507972.5434809,-66,-57,-234
1741507972.5894809,61,48,-172
1741507972.6354809,-32,-23,-140
1741507972.680481,23,-37,13
1741507972.726481,-63,-47,-8
1741507972.772481,-39,50,-98
1741507972.8174808,3,-13,-140
1741507972.8634808,-30,50,-6
1741507972.9094808,-12,88,0
1741507972.9554808,1,-23,-114
1741507973.000481,-36,70,-214
1741507973.046481,26,13,-184
1741507973.092481,-27,82,-108
1741507973.137481,52,-73,57
1741507973.183481,70,-57,-92
1741507973.229481,-33,-29,-112
1741507973.275481,-9,-123,-120
1741507973.3204808,-23,-40,27
1741507973.3664808,-19,-42,-92
1741507973.4124808,-38,38,-54
1741507973.457481,18,-22,-100
1741507973.503481,-7,1,-112
1741507973.549481,24,-82,-28
1741507973.595481,-12,8,-180
1741507973.641481,-64,-1,-144
1741507973.687481,21,32,-66
1741507973.733481,-22,-121,-90
1741507973.779481,-2,-12,23
1741507973.824481,31,23,-114
1741507973.870481,-11,-12,37
1741507973.916481,49,3,13
1741507973.9614809,7,21,-20
1741507974.0074809,-20,-25,-94
1741507974.0534809,-18,-23,-162
1741507974.0994809,28,-22,-200
1741507974.144481,-17,9,-170
1741507974.190481,-10,-16,61
1741507974.236481,39,-20,-30
1741507974.281481,45,103,23
1741507974.327481,-2,29,0
1741507974.373481,30,10,-34
1741507974.4194808,-32,-18,-140
1741507974.4644809,0,35,-70
1741507974.5104809,9,35,-134
1741507974.556481,-41,-41,-58
1741507974.601481,-59,-15,-50
1741507974.647481,-21,12,33
1741507974.693481,36,13,-44
1741507974.739481,58,-23,-12
1741507974.7844808,20,51,-204
1741507974.8304808,-55,55,-110
1741507974.8764808,10,43,-40
1741507974.921481,8,-10,79
1741507974.967481,-19,101,-118
1741507975.013481,26,-17,-28
1741507975.059481,32,-2,-96
1741507975.104481,32,51,-71
1741507975.150481,-25,-100,-119
1741507975.196481,-29,61,-136
1741507975.2414808,84,36,-60
1741507975.2874808,14,-6,-20
1741507975.3334808,-33,65,-126
1741507975.3794808,27,-43,-48
1741507975.424481,-48,-28,154
1741507975.470481,3,-56,-56
1741507975.516481,93,0,-149
1741507975.561481,27,29,-101
1741507975.607481,-66,33,-153
1741507975.653481,84,34,-81
1741507975.699481,-55,14,-51
1741507975.7444808,32,20,-131
1741507975.7904809,17,-20,-151
1741507975.8364809,65,-128,-143
1741507975.881481,-11,-75,-175
1741507975.927481,58,6,-16
1741507975.973481,3,39,-151
1741507976.019481,-39,-87,-91
1741507976.064481,-3,-13,-3
1741507976.110481,-9,8,2
1741507976.156481,3,23,-129
1741507976.2014809,5,61,-3
1741507976.2474809,-15,-4,-95
1741507976.2934809,-22,-6,-79
1741507976.3394809,7,-74,-33
1741507976.384481,33,15,-93
1741507976.430481,37,31,16
1741507976.476481,-20,-6,12
1741507976.521481,57,-10,-153
1741507976.5674808,55,-13,-39
1741507976.6134808,-31,19,-77
1741507976.6594808,-35,0,-89
1741507976.704481,50,-20,-66
1741507976.750481,-67,-44,-76
1741507976.796481,-97,7,-96
1741507976.841481,-25,11,-20
1741507976.887481,-15,0,-44
1741507976.933481,-61,-18,-90
1741507976.979481,14,-60,-25
1741507977.0244808,28,27,-41
1741507977.0704808,48,83,-17
1741507977.1164808,-39,0,-121
1741507977.161481,-37,21,-95
1741507977.207481,48,67,-151
1741507977.253481,34,7,-33
1741507977.299481,104,-2,-177
1741507977.344481,38,-18,-119
1741507977.390481,-3,-24,-115
1741507977.436481,5,-53,-82
1741507977.4814808,52,63,-32
1741507977.5274808,-37,13,43
1741507977.5734808,-31,21,3
1741507977.6194808,47,46,-62
1741507977.664481,41,-6,-40
1741507977.710481,23,4,-100
1741507977.756481,5,-30,-120
1741507977.801481,41,-35,-84
1741507977.847481,-72,36,67
1741507977.893481,-38,-15,-190
1741507977.939481,8,52,44
1741507977.9844809,-22,-11,-210
1741507978.0304809,-22,-22,-97
1741507978.0764809,-35,-29,-39
1741507978.121481,-23,50,-261
1741507978.167481,32,40,-89
1741507978.213481,63,21,-115
1741507978.259481,-10,-28,-55
1741507978.304481,25,-40,-137
1741507978.350481,72,84,-53
1741507978.396481,-67,-19,-111
1741507978.4414809,37,51,-81
1741507978.4874809,-45,2,8
1741507978.533481,-24,-39,-201
1741507978.578481,41,-55,-105
1741507978.624481,-101,-22,-39
1741507978.670481,8,-36,-92
1741507978.716481,-15,-38,-124
1741507978.7614808,80,33,-44
1741507978.8074808,50,49,-52
1741507978.8534808,19,-44,-133
1741507978.898481,-28,-20,-69
1741507978.944481,0,-4,-75
1741507978.990481,-12,25,-121
1741507979.036481,102,5,-130
1741507979.081481,6,12,-20
1741507979.127481,68,44,-152
1741507979.173481,-33,-33,-50
1741507979.2184808,-44,13,-113
1741507979.2644808,29,6,-35
1741507979.3104808,24,-43,-193
1741507979.3564808,-8,5,-103
1741507979.401481,60,30,-85
1741507979.447481,-6,-24,-201
1741507979.493481,-41,-87,-85
1741507979.538481,-36,1,-91
1741507979.584481,42,-33,-149
1741507979.630481,-45,62,-81
1741507979.676481,-17,-18,-41
1741507979.7214808,2,-31,-103
1741507979.7674809,52,6,-47
1741507979.8134809,-25,-62,-53
1741507979.858481,-15,-12,-173
1741507979.904481,42,-70,-100
1741507979.950481,48,9,-9
1741507979.996481,2,-15,-55
1741507980.041481,-59,-55,-13
1741507980.087481,-74,-29,-54
1741507980.133481,102,10,-178
1741507980.1784809,14,24,16
1741507980.2244809,39,-6,-94
1741507980.2704809,6,102,-56
1741507980.3164809,-18,-12,-36
1741507980.361481,-22,33,-70
1741507980.407481,11,-60,11
1741507980.453481,6,11,-100
1741507980.498481,-27,-70,-58
1741507980.5444808,-34,74,-140
1741507980.5904808,-45,-30,-38
1741507980.6364808,-51,39,-56
1741507980.681481,-18,41,-164
1741507980.727481,20,25,35
1741507980.773481,53,65,-77
1741507980.818481,-3,13,-17
1741507980.864481,-23,-4,-85
1741507980.910481,-55,33,-31
1741507980.956481,-36,-38,-41
1741507981.0014808,-8,-26,-129
1741507981.0474808,-39,-33,-21
1741507981.0934808,31,-6,-163
1741507981.138481,68,-45,24
1741507981.184481,-61,-5,2
1741507981.230481,-11,-43,-1
1741507981.276481,-49,10,-201
1741507981.321481,-65,-91,62
1741507981.367481,38,-73,-81
1741507981.413481,50,-83,-68
1741507981.4584808,-50,-20,-2
1741507981.5044808,30,38,-114
1741507981.5504808,-35,30,-77
1741507981.5964808,-31,-43,-91
1741507981.641481,-41,-15,-96
1741507981.687481,-80,23,-218
1741507981.733481,-15,-68,-82
1741507981.778481,-54,-39,-80
1741507981.824481,0,-93,-96
1741507981.870481,69,-21,-152
1741507981.916481,-12,67,-98
1741507981.9614809,75,67,-22
1741507982.0074809,-14,55,-70
1741507982.0534809,89,-2,-124
1741507982.098481,17,-18,-138
1741507982.144481,9,0,-76
1741507982.190481,26,-43,119
1741507982.2414808,-39,22,-16
1741507982.2874808,-26,-100,-28
1741507982.3334808,22,-13,-128
1741507982.378481,-45,-21,-146
1741507982.424481,-39,28,-139
1741507982.470481,-43,8,-30
1741507982.516481,-27,70,-180
1741507982.561481,-74,37,-91
1741507982.607481,10,4,75
1741507982.653481,-63,76,-14
1741507982.6984808,50,58,-102
1741507982.7444808,6,-17,23
1741507982.7904809,38,-33,-29
1741507982.8364809,102,6,-127
1741507982.881481,14,-7,-69
1741507982.927481,-46,-6,-135
1741507982.973481,-22,-68,-11
1741507983.018481,-8,33,-75
1741507983.064481,-93,-20,-177
1741507983.110481,34,14,-95
1741507983.156481,-4,0,-69
1741507983.2014809,-13,34,-65
1741507983.2474809,-89,54,-37
1741507983.2934809,73,-37,-131
1741507983.338481,15,-71,38
1741507983.384481,-28,-53,-91
1741507983.430481,23,-10,-99
1741507983.476481,-13,-51,-109
1741507983.521481,40,44,32
1741507983.5674808,54,34,-61
1741507983.6134808,-41,-5,2
1741507983.658481,0,-15,-155
1741507983.704481,-26,32,-73
1741507983.750481,-4,67,-165
1741507983.796481,-48,1,-13
1741507983.841481,-52,-88,-89
1741507983.887481,-44,13,-53
1741507983.933481,-52,-52,-39
1741507983.9784808,14,41,-85
1741507984.0244808,-13,-86,-9
1741507984.0704808,-14,-87,-23
1741507984.1164808,0,10,-41
1741507984.161481,15,-5,-137
1741507984.207481,-7,52,-76
1741507984.253481,65,8,-86
1741507984.298481,-46,-101,-200
1741507984.344481,-74,-53,-138
1741507984.390481,-36,59,-34
1741507984.436481,-109,-26,-32
1741507984.4814808,46,-15,31
1741507984.5274808,-29,-48,21
1741507984.5734808,-17,-14,-102
1741507984.618481,-44,33,-104
1741507984.664481,28,4,-86
1741507984.710481,-48,16,-66
1741507984.756481,37,24,-112
1741507984.8004808,17,-3,3
1741507984.8464808,-59,-4,-28
1741507984.8924809,22,-28,58
1741507984.937481,71,39,-109
1741507984.983481,2,29,-30
1741507985.029481,24,-24,-108
1741507985.074481,-12,49,-158
1741507985.120481,-3,62,-40
1741507985.166481,-53,-6,-120
1741507985.212481,-50,8,-140
1741507985.2574809,25,-33,-92
1741507985.3034809,13,24,-10
1741507985.3494809,-55,-53,-14
1741507985.394481,6,-35,-152
1741507985.440481,16,3,-142
1741507985.486481,-9,23,-106
1741507985.531481,29,-40,-88
1741507985.577481,48,19,-126
1741507985.623481,-42,-18,-12
1741507985.6694808,81,-7,-100
1741507985.7144809,-22,53,-22
1741507985.7604809,-35,14,-136
1741507985.806481,0,0,-118
1741507985.851481,48,-51,-56
1741507985.897481,54,-81,-20
1741507985.943481,42,74,-12
1741507985.989481,70,42,-106
1741507986.0344808,8,1,-124
1741507986.0804808,48,-72,37
1741507986.1264808,40,-4,-80
1741507986.171481,-47,-25,-264
1741507986.217481,106,29,-40
1741507986.263481,-22,-22,-88
1741507986.309481,49,-34,-22
1741507986.354481,39,-10,-138
1741507986.400481,56,11,-152
1741507986.446481,-42,47,-18
1741507986.4914808,56,-68,-122
1741507986.5374808,36,32,-154
1741507986.5834808,2,80,-74
1741507986.6294808,-69,146,-88
1741507986.674481,66,22,-48
1741507986.720481,2,-49,-34
1741507986.766481,-1,-21,-102
1741507986.811481,4,102,-54
1741507986.857481,-83,0,-74
1741507986.903481,87,91,-96
1741507986.949481,-22,13,-80
1741507986.9944808,23,-108,-56
1741507987.0404809,-24,55,77
1741507987.0864809,79,83,-100
1741507987.131481,-16,47,-110
1741507987.177481,-11,70,5
1741507987.223481,-89,6,-46
1741507987.269481,-79,-84,-120
1741507987.314481,-1,-54,-78
1741507987.360481,22,-65,-98
1741507987.406481,-33,18,15
1741507987.4514809,91,2,-118
1741507987.4974809,14,35,-166
1741507987.5434809,-31,13,-84
1741507987.5894809,-16,36,-94
1741507987.634481,9,-41,-224
1741507987.680481,11,-109,-68
1741507987.726481,43,-9,-114
1741507987.771481,7,9,-50
1741507987.8174808,39,24,-29
1741507987.8634808,-90,-28,-167
1741507987.9094808,51,-16,-75
1741507987.954481,-3,-4,-187
1741507988.000481,32,-24,-123
1741507988.046481,77,-73,-1
1741507988.091481,39,-59,-105
1741507988.137481,-22,-21,8
1741507988.183481,41,-49,-89
1741507988.229481,24,10,-37
1741507988.2744808,22,-41,-35
1741507988.3204808,-81,-11,-15
1741507988.3664808,76,-51,-69
1741507988.411481,14,-35,-81
1741507988.457481,-20,-65,-107
1741507988.503481,-4,54,-55
1741507988.549481,27,-45,-241
1741507988.594481,-17,89,-165
1741507988.640481,18,-24,-133
1741507988.686481,-25,-22,-83
1741507988.7314808,46,-46,-43
1741507988.7774808,82,37,-105
1741507988.8234808,15,7,2
1741507988.8694808,109,3,-7
1741507988.914481,-100,-33,-101
1741507988.960481,19,-7,-189
1741507989.006481,77,62,-133
1741507989.051481,-34,-35,-127
1741507989.097481,0,-29,-79
1741507989.143481,-23,-47,-123
1741507989.189481,109,38,2
1741507989.2344809,18,0,-107
1741507989.2804809,-15,-10,-161
1741507989.3264809,23,-12,-175
1741507989.371481,22,99,-97
1741507989.417481,-103,-18,-65
1741507989.463481,97,-2,-79
1741507989.509481,51,-66,-33
1741507989.554481,27,27,-179
1741507989.600481,6,41,-47
1741507989.646481,21,19,-179
1741507989.6914809,5,35,-105
1741507989.7374809,-52,-30,-151
1741507989.783481,-62,49,86
1741507989.829481,17,1,-149
1741507989.874481,-12,45,-15
1741507989.920481,75,-92,-103
1741507989.966481,-8,-18,-21
1741507990.0114808,57,-24,-35
1741507990.0574808,-2,-6,-123
1741507990.1034808,71,-27,-165
1741507990.1494808,-74,66,4
1741507990.194481,75,42,-97
1741507990.240481,-12,-21,-151
1741507990.286481,70,38,-29
1741507990.331481,61,-1,-9
1741507990.377481,-22,24,-117
1741507990.423481,7,-40,-99
1741507990.469481,77,-30,-83
1741507990.5144808,65,-12,-53
1741507990.5604808,-50,27,-99
1741507990.6064808,25,25,-19
1741507990.651481,-38,-40,-37
1741507990.697481,-44,-4,-151
1741507990.743481,-72,43,-105
1741507990.789481,-115,35,-67
1741507990.834481,8,11,-127
1741507990.880481,-4,-112,-125
1741507990.926481,49,0,-49
1741507990.9714808,-30,71,-61
1741507991.0174809,-33,20,-63
1741507991.0634809,-7,-47,-63
1741507991.1094809,48,-41,-59
1741507991.154481,126,34,-125
1741507991.200481,64,40,-85
1741507991.246481,25,-5,-107
1741507991.291481,-18,-15,-25
1741507991.337481,-60,-35,-13
1741507991.383481,21,26,-115
1741507991.429481,49,-39,-62
1741507991.4744809,41,12,21
1741507991.5204809,20,-38,-132
1741507991.5664809,0,-44,-178
1741507991.611481,10,101,-66
1741507991.657481,-41,-7,-192
1741507991.703481,39,11,0
1741507991.749481,66,5,-82
1741507991.7944808,-7,37,-98
1741507991.8404808,49,-44,-170
1741507991.8864808,56,24,-70
1741507991.931481,-17,-19,-28
1741507991.977481,13,-53,-140
1741507992.023481,-77,-57,-68
1741507992.068481,52,92,-64
1741507992.114481,1,28,71
1741507992.160481,24,51,-31
1741507992.206481,-33,-64,-111
1741507992.2574809,4,-15,-59
1741507992.3034809,84,-27,-121
1741507992.348481,28,18,-103
1741507992.394481,-58,-1,-41
1741507992.440481,-28,-18,10
1741507992.486481,-38,-42,-129
1741507992.531481,27,-6,-61
1741507992.577481,99,1,-95
1741507992.623481,-51,-39,-187
1741507992.6684809,49,-53,-101
1741507992.7144809,-7,-87,-79
1741507992.7604809,-21,9,12
1741507992.806481,89,7,34
1741507992.851481,-47,-54,-63
1741507992.897481,12,-46,-5
1741507992.943481,14,-18,-167
1741507992.9884808,22,-24,-27
1741507993.0344808,-17,-6,-40
1741507993.0804808,10,28,-156
1741507993.1264808,8,-23,-106
1741507993.171481,46,-22,-20
1741507993.217481,30,1,-46
1741507993.263481,-40,0,-20
1741507993.308481,-34,64,-30
1741507993.354481,31,-59,-150
1741507993.400481,35,-41,-150
1741507993.446481,18,-39,-104
1741507993.4914808,-45,1,-86
1741507993.5374808,46,-47,-92
1741507993.5834808,6,11,-30
1741507993.628481,-36,61,-142
1741507993.674481,-24,-49,-108
1741507993.720481,-48,-15,-58
1741507993.766481,24,4,43
1741507993.811481,54,-16,-116
1741507993.857481,18,-44,-108
1741507993.903481,10,-54,-38
1741507993.9484808,11,-22,-14
1741507993.9944808,-18,11,-82
1741507994.0404809,11,69,-128
1741507994.0864809,42,-40,-10
1741507994.131481,30,18,-46
1741507994.177481,6,30,-72
1741507994.223481,-15,-39,-52
1741507994.268481,24,36,-60
1741507994.314481,-69,6,17
1741507994.360481,-65,-57,-124
1741507994.406481,4,2,-196
1741507994.4514809,92,-1,-38
1741507994.4974809,58,-85,-30
1741507994.5434809,-23,18,-116
1741507994.588481,55,20,-29
1741507994.634481,73,-23,-23
1741507994.680481,39,-11,-37
1741507994.726481,23,62,-115
1741507994.771481,-48,-41,-125
1741507994.8174808,49,2,-27
1741507994.8634808,-88,-21,-105
1741507994.908481,119,59,-93
1741507994.954481,15,56,-113
1741507995.000481,47,-64,-95
1741507995.046481,35,-25,-101
1741507995.091481,31,-3,-64
1741507995.137481,-17,-24,-24
1741507995.183481,-39,55,-40
1741507995.2284808,-27,-2,37
1741507995.2744808,-7,-3,-116
1741507995.3204808,-53,11,-54
1741507995.3664808,38,-28,-148
1741507995.411481,56,1,-38
1741507995.457481,-23,-3,-72
1741507995.503481,-49,-77,-12
1741507995.548481,18,-59,35
1741507995.594481,-53,24,-40
1741507995.640481,-1,20,-100
1741507995.686481,34,-15,-96
1741507995.7314808,50,14,-34
1741507995.7774808,32,29,-40
1741507995.8234808,50,-18,-6
1741507995.868481,-31,0,-156
1741507995.914481,-15,31,-152
1741507995.960481,-39,-30,-44
1741507996.006481,40,27,-88
1741507996.051481,-19,22,-150
1741507996.097481,2,-5,-38
1741507996.143481,-65,-65,9
1741507996.1884809,24,41,73
1741507996.2344809,84,1,-38
1741507996.2804809,-39,-2,3
1741507996.3264809,-33,30,-108
1741507996.371481,51,-16,-114
1741507996.417481,-16,-30,-229
1741507996.463481,-16,12,-247
1741507996.508481,-87,-18,44
1741507996.554481,-19,-6,-59
1741507996.600481,-77,40,-47
1741507996.646481,5,-38,-139
1741507996.6914809,99,-56,-83
1741507996.7374809,37,69,-89
1741507996.783481,-22,29,76
1741507996.828481,-36,-13,-65
1741507996.874481,-57,4,-67
1741507996.920481,14,-1,-75
1741507996.966481,8,36,-77
1741507997.0114808,-31,26,-103
1741507997.0574808,100,-17,-103
1741507997.1034808,11,-70,-139
1741507997.148481,31,-72,-65
1741507997.194481,-63,10,4
1741507997.240481,9,-2,-187
1741507997.286481,59,16,-111
1741507997.331481,7,24,-179
1741507997.377481,-4,-47,16
1741507997.423481,-50,18,30
1741507997.4684808,26,-37,-47
1741507997.5144808,19,-8,-173
1741507997.5604808,0,-14,-105
1741507997.6064808,-31,54,-137
1741507997.651481,-31,2,47
1741507997.697481,-21,22,-134
1741507997.743481,-57,-37,105
1741507997.788481,50,-29,-30
1741507997.834481,-47,-48,-14
1741507997.880481,-82,-33,-130
1741507997.9254808,7,-23,-72
1741507997.9714808,-47,1,-98
1741507998.0174809,22,43,-82
1741507998.0634809,20,-59,-36
1741507998.108481,23,-37,-62
1741507998.154481,-18,34,-18
1741507998.200481,33,-87,-154
1741507998.246481,-29,-54,-73
1741507998.291481,14,-50,64
1741507998.337481,-45,0,-41
1741507998.383481,16,-3,-23
1741507998.4284809,-22,-10,0
1741507998.4744809,-17,-13,-55
1741507998.5204809,54,-49,26
1741507998.5664809,-27,-55,-89
1741507998.611481,-33,48,-101
1741507998.657481,-61,29,34
1741507998.703481,-5,-58,-81
1741507998.748481,-37,-60,-35
1741507998.7944808,16,47,-25
1741507998.8404808,67,25,-143
1741507998.8864808,46,-47,-103
1741507998.931481,-9,60,-85
1741507998.977481,-90,-15,-49
1741507999.023481,-44,-7,-144
1741507999.068481,-78,67,-67
1741507999.114481,-6,-6,-60
1741507999.160481,35,-8,-112
1741507999.2054808,6,30,-120
1741507999.2514808,-20,-70,-98
1741507999.2974808,22,-25,-124
1741507999.3434808,0,-24,-142
1741507999.388481,-64,-48,-144
1741507999.434481,-10,-18,-28
1741507999.480481,0,12,-8
1741507999.525481,42,-17,-34
1741507999.571481,-68,-4,-56
1741507999.617481,-12,-38,-96
1741507999.663481,-32,22,-96
1741507999.7084808,9,-62,-52
1741507999.7544808,-34,-10,-38
1741507999.8004808,-94,14,-52
1741507999.845481,3,90,-72
1741507999.891481,89,59,-84
1741507999.937481,17,-22,-148
1741507999.983481,50,-2,-92
1741508000.028481,42,-13,-12
1741508000.074481,-45,30,-154
1741508000.120481,-104,21,-84
1741508000.1654809,-57,34,105
1741508000.2114809,-61,-25,-58
1741508000.2574809,53,-38,-64
1741508000.3034809,6,16,5
1741508000.348481,0,48,-70
1741508000.394481,-30,35,-178
1741508000.440481,23,-30,-57
1741508000.485481,35,-36,-75
1741508000.531481,-57,33,-93
1741508000.577481,-54,-1,27
1741508000.623481,-33,27,-165
1741508000.6684809,-13,37,-153
1741508000.7144809,44,-56,-65
1741508000.7604809,-43,20,-50
1741508000.805481,36,38,-148
1741508000.851481,20,-41,-170
1741508000.897481,-9,-78,-208
1741508000.943481,43,52,-148
1741508000.9884808,-44,55,-34
1741508001.0344808,29,55,-110
1741508001.0804808,8,31,-44
1741508001.125481,43,33,-162
1741508001.171481,-75,-3,-8
1741508001.217481,44,-21,-64
1741508001.263481,54,36,11
1741508001.308481,-99,1,-140
1741508001.354481,46,1,-122
1741508001.400481,2,0,-116
1741508001.4454808,39,57,-78
1741508001.4914808,85,-25,-104
1741508001.5374808,35,24,-83
1741508001.5834808,-63,-42,54
1741508001.628481,-13,-40,-155
1741508001.674481,-31,-10,-127
1741508001.720481,-7,-24,2
1741508001.765481,-51,-6,-75
1741508001.811481,-7,34,28
1741508001.857481,-62,0,-73
1741508001.903481,0,-47,-203
1741508001.9484808,69,14,-89
1741508001.9944808,-38,38,-43
1741508002.0404809,-30,62,-75
1741508002.085481,19,39,-7
1741508002.131481,-26,-28,-85
1741508002.177481,37,-70,-115
1741508002.223481,45,63,-35
1741508002.2744808,26,-13,-71
1741508002.3204808,-13,46,-65
1741508002.365481,-40,-67,-103
1741508002.411481,-52,-38,-237
1741508002.457481,27,-38,-25
1741508002.503481,-16,57,-107
1741508002.548481,-76,1,-115
1741508002.594481,8,-59,-174
1741508002.640481,26,68,-174
1741508002.6854808,-87,-19,11
1741508002.7314808,14,-23,-70
1741508002.7774808,19,-72,-60
1741508002.8234808,46,34,-30
1741508002.868481,31,-12,-58
1741508002.914481,-75,-43,-30
1741508002.960481,2,40,-54
1741508003.005481,6,-1,-40
1741508003.051481,21,65,33
1741508003.097481,16,10,-56
1741508003.143481,113,-58,-148
1741508003.1884809,-31,23,-58
1741508003.2344809,71,67,-92
1741508003.2804809,-56,-98,-124
1741508003.325481,43,-6,-58
1741508003.371481,-14,-34,-54
1741508003.417481,81,13,-128
1741508003.463481,-16,-58,-62
1741508003.508481,69,20,-3
1741508003.554481,73,-1,-129
1741508003.600481,-40,-5,-113
1741508003.6454809,-86,-59,-103
1741508003.6914809,-12,32,-61
1741508003.7374809,13,-5,-121
1741508003.783481,-12,22,-51
1741508003.828481,-26,-21,-45
1741508003.874481,-6,46,-43
1741508003.920481,-6,-28,-21
1741508003.9654808,-14,31,-123
1741508004.0114808,29,8,12
1741508004.0574808,-64,40,-163
1741508004.1034808,-25,-45,-32
1741508004.148481,48,20,-2
1741508004.194481,-49,44,-54
1741508004.240481,60,-1,-120
1741508004.285481,-19,-24,-140
1741508004.331481,-41,20,-116
1741508004.377481,19,-47,-172
1741508004.423481,-18,10,-168
1741508004.4684808,34,-51,-90
1741508004.5144808,53,40,-198
1741508004.5604808,-34,-17,-52
1741508004.605481,-54,-9,-146
1741508004.651481,38,48,-188
1741508004.697481,59,-2,-160
1741508004.743481,11,-6,-118
1741508004.788481,-18,6,-116
1741508004.834481,99,13,23
1741508004.880481,13,43,-164
1741508004.9254808,27,-16,-34
1741508004.9714808,33,-12,-58
1741508005.0174809,83,19,-46
1741508005.0634809,37,45,-170
1741508005.108481,43,-6,-86
1741508005.154481,1,59,-130
1741508005.200481,12,-6,-156
1741508005.245481,-17,-34,-50
1741508005.291481,-44,-26,-168
1741508005.337481,-50,-38,19
1741508005.383481,-68,83,22
1741508005.4284809,49,-104,-109
1741508005.4744809,23,-2,-131
1741508005.5204809,-19,-11,-89
1741508005.565481,-19,-48,-29
1741508005.611481,2,-56,46
1741508005.657481,-47,-4,-107
1741508005.703481,-41,74,-15
1741508005.748481,88,-1,-9
1741508005.7944808,-129,31,-41
1741508005.8404808,32,-26,-171
1741508005.8854809,-15,-66,-47
1741508005.931481,18,15,20
1741508005.977481,-11,39,-61
1741508006.022481,69,2,10
1741508006.068481,-123,-8,-95
1741508006.114481,-25,-30,-115
1741508006.160481,19,28,-37
1741508006.2054808,17,28,-95
1741508006.2514808,-12,8,-121
1741508006.2974808,8,4,-39
1741508006.342481,-27,42,-65
1741508006.388481,30,8,-73
1741508006.434481,-6,-36,-119
1741508006.480481,-69,-23,-17
1741508006.525481,-23,84,-77
1741508006.571481,62,30,-13
1741508006.617481,-21,4,-97
1741508006.6624808,-9,-15,-105
1741508006.7084808,77,-27,6
1741508006.7544808,33,-1,-59
1741508006.8004808,-34,-33,-33
1741508006.845481,-12,-55,-51
1741508006.891481,-34,-19,-81
1741508006.937481,-70,-25,-83
1741508006.982481,5,46,-131
1741508007.028481,-36,-61,-77
1741508007.074481,28,14,-93
1741508007.120481,64,-63,-151
1741508007.1654809,19,24,-23
1741508007.2114809,-58,7,-73
1741508007.2574809,61,-16,-69
1741508007.302481,-65,24,-123
1741508007.348481,-37,-91,70
1741508007.394481,-5,-21,-15
1741508007.440481,58,18,2
1741508007.485481,54,16,-113
1741508007.531481,-41,-67,-3
1741508007.577481,2,-15,-109
1741508007.6224809,10,-49,-33
1741508007.6684809,46,-43,-155
1741508007.7144809,26,-55,-89
1741508007.7604809,13,27,-285
1741508007.805481,-19,-64,-1
1741508007.851481,14,1,-5
1741508007.897481,32,-22,-113
1741508007.9424808,-91,-82,-51
1741508007.9884808,36,-7,-135
1741508008.0344808,-48,35,-39
1741508008.0804808,19,-8,-69
1741508008.125481,56,40,-14
1741508008.171481,-7,22,-88
1741508008.217481,-32,-46,-36
1741508008.262481,-1,10,-72
1741508008.308481,60,-47,-18
1741508008.354481,-42,19,-52
1741508008.400481,-54,19,-154
1741508008.4454808,-6,-11,-142
1741508008.4914808,32,-24,-184
1741508008.5374808,12,-24,-50
1741508008.582481,88,-50,57
1741508008.628481,-25,-46,-80
1741508008.674481,-25,83,-24
1741508008.720481,34,-20,-134
1741508008.765481,-7,31,9
1741508008.811481,-67,-42,-60
1741508008.857481,3,-22,0
1741508008.9024808,0,-13,-28
1741508008.9484808,-7,41,-64
1741508008.9944808,-51,-12,-48
1741508009.0404809,-3,-66,3
1741508009.085481,-38,-3,83
1741508009.131481,115,70,17
1741508009.177481,-42,-55,-100
1741508009.222481,-4,-29,-112
1741508009.268481,31,8,-82
1741508009.314481,34,-29,-68
1741508009.360481,66,16,-94
1741508009.4054809,4,-43,-106
1741508009.4514809,22,-29,-33
1741508009.4974809,-20,79,-119
1741508009.542481,8,10,-93
1741508009.588481,-25,-23,52
1741508009.634481,-15,-21,-107
1741508009.680481,24,-25,-139
1741508009.725481,8,-34,20
1741508009.771481,-47,-12,-103
1741508009.8174808,19,-15,-119
1741508009.8624809,9,8,-51
1741508009.908481,18,19,-33
1741508009.954481,41,103,-87
1741508010.000481,-50,12,-243
1741508010.045481,-40,46,-129
1741508010.091481,27,84,64
1741508010.137481,52,-17,-19
1741508010.1824808,-55,-4,-38
1741508010.2284808,74,-6,-27
1741508010.2744808,-41,46,-13
1741508010.3204808,-96,-45,-74
1741508010.365481,45,-75,-107
1741508010.411481,-34,9,-65
1741508010.457481,21,48,-150
1741508010.502481,-58,16,-41
1741508010.548481,-43,-59,-2
1741508010.594481,11,39,-42
1741508010.640481,59,13,-194
1741508010.6854808,-34,-8,-98
1741508010.7314808,-10,-104,-136
1741508010.7774808,-4,-6,-127
1741508010.822481,-110,27,-161
1741508010.868481,4,-21,-33
1741508010.914481,18,-94,-21
1741508010.960481,-53,-44,-159
1741508011.005481,4,72,-201
1741508011.051481,16,-31,-55
1741508011.097481,54,4,-93
1741508011.1424809,-45,-31,-51
1741508011.1884809,-22,43,22
1741508011.2344809,-26,50,-67
1741508011.2804809,83,5,-51
1741508011.325481,-31,-28,-29
1741508011.371481,-21,3,-131
1741508011.417481,16,51,-166
1741508011.462481,56,21,-71
1741508011.508481,25,-14,-108
1741508011.554481,39,-2,3
1741508011.600481,30,-41,-78
1741508011.6454809,0,114,-14
1741508011.6914809,76,28,-68
1741508011.7374809,-38,-8,-108
1741508011.782481,33,-5,-158
1741508011.828481,-6,-122,27
1741508011.874481,87,-51,-72
1741508011.920481,88,-1,-134
1741508011.9654808,24,-63,-96
1741508012.0114808,11,-34,-82
1741508012.0574808,-114,65,-42
1741508012.102481,2,37,-109
1741508012.148481,15,53,19
1741508012.194481,-1,101,-123
1741508012.240481,-83,-34,-79
1741508012.291481,-21,-4,-189
1741508012.337481,0,7,-67
1741508012.3824809,54,33,-51
1741508012.4284809,17,-7,-93
1741508012.4744809,-16,-7,14
1741508012.5204809,-6,-1,-7
1741508012.565481,33,-2,-113
1741508012.611481,-27,-20,-102
1741508012.657481,-49,29,-96
1741508012.702481,-17,14,3
1741508012.748481,10,39,-141
1741508012.7944808,-28,-17,-135
1741508012.8394809,27,75,-97
1741508012.8854809,129,55,-85
1741508012.931481,-44,2,-53
1741508012.977481,26,-18,-83
1741508013.022481,-68,23,-111
1741508013.068481,13,47,-117
1741508013.114481,28,-43,-71
1741508013.1594808,18,18,-23
1741508013.2054808,-43,-17,-225
1741508013.2514808,32,-60,-251
1741508013.2974808,-27,7,-11
1741508013.342481,54,-38,-9
1741508013.388481,-30,7,-152
1741508013.434481,34,25,29
1741508013.479481,-13,0,-112
1741508013.525481,104,-30,-116
1741508013.571481,-71,37,-120
1741508013.617481,-7,21,-68
1741508013.6624808,96,15,17
1741508013.7084808,24,7,-100
1741508013.7544808,-53,1,15
1741508013.799481,-63,-1,-41
1741508013.845481,-47,-15,-92
1741508013.891481,-66,23,-78
1741508013.937481,71,29,-122
1741508013.982481,23,25,-96
1741508014.028481,0,51,-106
1741508014.074481,39,-18,23
1741508014.1194808,53,53,-148
1741508014.1654809,-11,-87,-148
1741508014.2114809,-6,-34,-238
1741508014.2574809,13,45,-68
1741508014.302481,25,-12,-122
1741508014.348481,-27,42,-44
1741508014.394481,-63,-7,-212
1741508014.439481,-18,66,-194
1741508014.485481,-10,-39,-92
1741508014.531481,-64,-12,-14
1741508014.577481,-68,63,-66
1741508014.6224809,-31,-49,-102
1741508014.6684809,-69,38,-164
1741508014.7144809,-43,20,-54
1741508014.759481,-29,-53,-86
1741508014.805481,14,4,-42
1741508014.851481,0,4,5
1741508014.897481,-7,25,-84
1741508014.9424808,-29,-8,-93
1741508014.9884808,-94,26,-39
1741508015.0344808,9,-14,-8
1741508015.079481,55,-61,-114
1741508015.125481,3,-19,-78
1741508015.171481,21,-19,-82
1741508015.2184808,-24,-9,13
1741508015.263481,29,-40,-102
1741508015.309481,-29,-45,-118
1741508015.355481,-29,-43,-74
1741508015.401481,-13,10,-72
1741508015.446481,12,-71,-112
1741508015.492481,26,4,-100
1741508015.538481,-73,12,-112
1741508015.5834808,12,22,3
1741508015.6294808,-31,-13,-142
1741508015.6754808,5,84,-36
1741508015.7214808,38,-10,-146
1741508015.766481,38,-32,-112
1741508015.812481,35,-29,11
1741508015.858481,48,28,61
1741508015.903481,-1,-21,-78
1741508015.949481,-12,7,-88
1741508015.995481,9,21,-36
1741508016.041481,-78,22,-182
1741508016.0864809,27,-33,-4
1741508016.1324809,-17,24,-86
1741508016.1784809,-63,14,-70
1741508016.223481,12,-31,-216
1741508016.269481,-65,12,-94
1741508016.315481,29,39,-78
1741508016.361481,-22,57,-140
1741508016.406481,19,73,-92
1741508016.452481,-57,-34,-60
1741508016.498481,-10,30,1
1741508016.5434809,-4,-13,-68
1741508016.5894809,-17,46,-40
1741508016.6354809,32,15,-34
1741508016.681481,-31,-45,-58
1741508016.726481,-71,-47,-60
1741508016.772481,8,-23,21
1741508016.818481,-22,-17,-38
1741508016.8634808,47,-2,-74
1741508016.9094808,-18,-36,-80
1741508016.9554808,-1,30,-22
1741508017.0014808,132,-13,-110
1741508017.046481,62,-14,-74
1741508017.092481,57,-20,-26
1741508017.138481,71,-6,69
1741508017.183481,39,-8,-48
1741508017.229481,68,39,-134
1741508017.275481,60,-71,-42
1741508017.321481,-12,41,-160
1741508017.3664808,-59,-37,-64
1741508017.4124808,-13,75,-36
1741508017.4584808,-51,29,-130
1741508017.503481,12,-24,-106
1741508017.549481,-69,110,69
1741508017.595481,36,-47,39
1741508017.641481,12,50,-150
1741508017.686481,22,-1,-86
1741508017.732481,10,-29,-76
1741508017.778481,32,38,-70
1741508017.8234808,-70,-80,-42
1741508017.8694808,56,-28,-118
1741508017.9154809,3,11,-72
1741508017.9614809,71,0,3
1741508018.006481,-46,1,1
1741508018.052481,-56,-22,-122
1741508018.098481,39,23,-46
1741508018.143481,-26,19,-120
1741508018.189481,17,0,-6
1741508018.235481,33,-47,-125
1741508018.281481,-22,-27,-17
1741508018.3264809,37,-84,-1
1741508018.3724809,49,81,-33
1741508018.4184809,105,43,-3
1741508018.463481,79,27,-111
1741508018.509481,15,31,-53
1741508018.555481,11,45,-149
1741508018.601481,25,17,-167
1741508018.646481,-24,31,-87
1741508018.6924808,51,25,-105
1741508018.7384808,-81,23,-77
1741508018.783481,0,19,-69
1741508018.829481,-13,-64,-33
1741508018.875481,52,-75,-45
1741508018.921481,-27,50,-207
1741508018.966481,26,62,8
1741508019.012481,71,5,-93
1741508019.058481,-20,-28,12
1741508019.1034808,1,11,-53
1741508019.1494808,-56,-64,-77
1741508019.1954808,24,38,-17
1741508019.2414808,-33,58,-35
1741508019.286481,-2,-37,-77
1741508019.332481,61,28,-75
1741508019.378481,38,-35,-89
1741508019.423481,4,39,23
1741508019.469481,-8,-4,59
1741508019.515481,-5,-8,-93
1741508019.5604808,-110,-26,-77
1741508019.6064808,-20,-6,-137
1741508019.6524808,11,63,-85
1741508019.6984808,-56,63,-13
1741508019.743481,-84,-31,-205
1741508019.789481,-12,-40,10
1741508019.835481,-28,-30,-197
1741508019.880481,25,47,-39
1741508019.926481,-44,-4,-83
1741508019.972481,41,85,-55
1741508020.018481,-69,35,-159
1741508020.0634809,-43,-44,-37
1741508020.1094809,-48,-14,-115
1741508020.1554809,-49,-2,-45
1741508020.200481,-3,-82,36
1741508020.246481,-91,-20,10
1741508020.292481,12,9,-38
1741508020.338481,88,-29,11
1741508020.383481,-15,-3,20
1741508020.429481,30,-29,-139
1741508020.475481,2,85,-33
1741508020.5204809,56,64,-62
1741508020.5664809,-104,-6,-62
1741508020.6124809,52,56,-102
1741508020.658481,-34,19,-82
1741508020.703481,110,-1,-112
1741508020.749481,-37,64,-48
1741508020.795481,10,28,-56
1741508020.8404808,-15,45,-72
1741508020.8864808,-7,15,-17
1741508020.9324808,45,44,-73
1741508020.9784808,45,-43,-83
1741508021.023481,-49,-64,14
1741508021.069481,38,3,-157
1741508021.115481,86,-10,-1
1741508021.160481,33,-49,35
1741508021.206481,-10,-19,-57
1741508021.252481,12,-62,63
1741508021.298481,42,-60,-83
1741508021.3434808,52,-12,-121
1741508021.3894808,26,-6,122
1741508021.4354808,22,-10,10
1741508021.480481,-87,0,-61
1741508021.526481,38,-24,-117
1741508021.572481,40,-67,-71
1741508021.618481,-3,54,-57
1741508021.663481,34,-50,-75
1741508021.709481,38,-8,-95
1741508021.755481,30,72,-105
1741508021.8004808,34,-13,-123
1741508021.8464808,-47,-5,-237
1741508021.8924809,-2,19,-71
1741508021.9384809,57,-28,-59
1741508021.983481,-38,-30,-115
1741508022.029481,-33,3,-73
1741508022.075481,44,-84,98
1741508022.120481,7,-9,-155
1741508022.166481,-16,-34,6
1741508022.212481,-20,4,-99
1741508022.258481,-6,30,-53
1741508022.309481,105,20,-49
1741508022.355481,-50,44,-53
1741508022.400481,-4,26,-71
1741508022.446481,33,-12,-91
1741508022.492481,-36,45,24
1741508022.538481,55,31,-161
1741508022.5834808,57,31,-91
1741508022.6294808,-42,-22,-157
1741508022.6754808,52,12,35
1741508022.720481,26,3,-94
1741508022.766481,-39,28,-38
1741508022.812481,19,-20,-138
1741508022.858481,31,-1,-96
1741508022.903481,85,-13,-147
1741508022.949481,-14,14,-96
1741508022.995481,-16,-37,-37
1741508023.0404809,-57,-2,-54
1741508023.0864809,0,92,22
1741508023.1324809,58,-50,-101
1741508023.1784809,15,0,-182
1741508023.223481,25,4,-72
1741508023.269481,-10,-19,-78
1741508023.315481,63,-19,19
1741508023.360481,-24,-5,-72
1741508023.406481,-11,-40,25
1741508023.452481,-17,0,-90
1741508023.498481,-17,-1,-96
1741508023.5434809,-78,-22,-44
1741508023.5894809,-18,23,-42
1741508023.6354809,0,9,-98
1741508023.680481,64,-3,-78
1741508023.726481,33,-2,-11
1741508023.772481,-1,0,-120
1741508023.818481,60,-6,-44
1741508023.8634808,-65,1,-117
1741508023.9094808,56,71,-47
1741508023.9554808,25,40,-119
1741508024.000481,20,-12,-100
1741508024.046481,136,-38,-33
1741508024.092481,-47,9,-129
1741508024.138481,48,-34,-227
1741508024.183481,-4,96,-49
1741508024.229481,-18,10,-69
1741508024.275481,1,-21,-59
1741508024.3204808,40,-42,-91
1741508024.3664808,0,0,-55
1741508024.4124808,83,-46,-17
1741508024.4584808,-18,-20,-154
1741508024.503481,73,41,-22
1741508024.549481,44,-18,16
1741508024.595481,-25,61,-78
1741508024.640481,83,-41,-92
1741508024.686481,128,0,-80
1741508024.732481,28,-17,-118
1741508024.778481,-31,10,-188
1741508024.8234808,18,17,-112
1741508024.8694808,55,24,-76
1741508024.9154809,3,-51,-20
1741508024.960481,-29,-27,-115
1741508025.006481,64,0,-114
1741508025.052481,13,89,-34
1741508025.098481,47,15,-26
1741508025.143481,27,-24,-86
1741508025.189481,-6,0,-34
1741508025.235481,-36,-18,-38
1741508025.2804809,-16,25,-82
1741508025.3264809,34,5,-118
1741508025.3724809,-32,-22,-70
1741508025.4184809,-72,47,-16
1741508025.463481,5,-38,-112
1741508025.509481,0,48,-56
1741508025.555481,-100,12,-97
1741508025.600481,15,-65,-28
1741508025.646481,13,-3,-86
1741508025.6924808,29,19,-33
1741508025.7384808,15,1,-4
1741508025.783481,21,15,-42
1741508025.829481,31,-20,-138
1741508025.875481,-22,-2,-24
1741508025.920481,-34,45,-96
1741508025.966481,-7,27,-48
1741508026.012481,88,-6,-166
1741508026.058481,45,25,-54
1741508026.1034808,78,-9,-102
1741508026.1494808,-33,-19,-60
1741508026.1954808,32,24,-146
1741508026.240481,-5,-27,67
1741508026.286481,-85,40,-52
1741508026.332481,-26,-97,-126
1741508026.3764808,19,-27,-98
1741508026.4224808,0,4,-118
1741508026.4684808,-4,4,-88
1741508026.513481,-15,27,-154
1741508026.559481,-18,-35,-20
1741508026.605481,37,-37,-134
1741508026.651481,23,26,-7
1741508026.696481,-35,3,-89
1741508026.742481,-41,2,-3
1741508026.788481,62,34,20
1741508026.8334808,-53,-50,-43
1741508026.8794808,25,32,-89
1741508026.9254808,-71,26,-113
1741508026.9714808,33,-16,-3
1741508027.016481,-19,21,-84
1741508027.062481,24,101,-147
1741508027.108481,0,-18,-85
1741508027.153481,-43,-32,-85
1741508027.199481,-31,-58,-111
1741508027.245481,66,0,-97
1741508027.291481,52,3,-83
1741508027.3364809,-28,-24,-69
1741508027.3824809,5,-34,-77
1741508027.4284809,13,12,-107
1741508027.473481,31,-21,-19
1741508027.519481,65,0,-31
1741508027.565481,21,-15,-153
1741508027.611481,-82,-1,-153
1741508027.656481,-83,-16,-67
1741508027.702481,95,19,-73
1741508027.748481,-24,45,-121
1741508027.7934809,-48,-2,-85
1741508027.8394809,-38,33,-159
1741508027.8854809,13,0,16
1741508027.931481,3,-41,-39
1741508027.976481,-30,-65,52
1741508028.022481,-62,79,-39
1741508028.068481,-55,-56,-119
1741508028.1134808,103,65,-81
1741508028.1594808,-8,5,14
1741508028.2054808,-1,17,-123
1741508028.2514808,-37,25,-47
1741508028.296481,30,-26,-217
1741508028.342481,26,-2,-155
1741508028.388481,-63,-39,8
1741508028.433481,-85,-7,70
1741508028.479481,-4,-80,34
1741508028.525481,83,31,-169
1741508028.571481,51,41,-137
1741508028.6164808,-33,-31,-183
1741508028.6624808,5,-56,38
1741508028.7084808,-62,-56,-41
1741508028.753481,-1,32,-139
1741508028.799481,-1,-61,-99
1741508028.845481,-2,-4,-255
1741508028.891481,-40,-26,-84
1741508028.936481,-14,-66,-160
1741508028.982481,3,-9,-90
1741508029.028481,27,-15,-141
1741508029.0734808,59,12,-57
1741508029.1194808,39,-29,-136
1741508029.1654809,-50,-63,-28
1741508029.2114809,-14,23,-86
1741508029.256481,-16,23,23
1741508029.302481,33,-52,-37
1741508029.348481,-49,-17,-69
1741508029.393481,48,28,-95
1741508029.439481,33,-61,-91
1741508029.485481,-16,-6,-127
1741508029.531481,-52,-46,74
1741508029.5764809,7,3,-217
1741508029.6224809,-20,-78,-155
1741508029.6684809,-62,15,-139
1741508029.713481,11,-40,-183
1741508029.759481,8,-75,-49
1741508029.805481,-43,-11,-31
1741508029.851481,8,0,-28
1741508029.896481,17,34,-18
1741508029.9424808,-44,5,-52
1741508029.9884808,-25,-67,-140
1741508030.033481,-133,28,-74
1741508030.079481,23,52,-178
1741508030.125481,88,79,-142
1741508030.171481,15,44,-18
1741508030.216481,-52,-8,-10
1741508030.262481,77,29,-38
1741508030.308481,-8,79,0
1741508030.3534808,-54,9,79
1741508030.3994808,-99,-29,-160
1741508030.4454808,-1,-3,-70
1741508030.4914808,-59,-3,-128
1741508030.536481,16,26,-110
1741508030.582481,-53,-15,-16
1741508030.628481,-62,9,-50
1741508030.673481,18,4,-40
1741508030.719481,-29,-19,-170
1741508030.765481,68,-107,-80
1741508030.811481,32,16,13
1741508030.8564808,42,-27,27
1741508030.9024808,49,48,7
1741508030.9484808,2,23,-14
1741508030.993481,61,49,-16
1741508031.039481,-60,6,-62
1741508031.085481,51,94,-66
1741508031.131481,-12,-16,-4
1741508031.176481,79,31,-130
1741508031.222481,92,16,-176
1741508031.268481,36,-29,-60
1741508031.3134809,18,-33,8
1741508031.3594809,56,54,-133
1741508031.4054809,0,-17,-107
1741508031.4514809,-43,-60,56
1741508031.496481,-60,83,-93
1741508031.542481,52,41,-77
1741508031.588481,29,71,-77
1741508031.633481,-53,0,-121
1741508031.679481,-27,0,-137
1741508031.725481,-44,-97,-193
1741508031.771481,-28,50,-75
1741508031.8164809,83,-12,-7
1741508031.8624809,59,-10,-81
1741508031.908481,31,-8,-19
1741508031.953481,-15,-20,32
1741508031.999481,-9,81,-185
1741508032.045481,-6,-50,60
1741508032.091481,3,43,-101
1741508032.1364808,-16,5,-75
1741508032.1824808,-89,-10,-65
1741508032.2284808,0,-30,86
1741508032.279481,7,-36,-31
1741508032.325481,-66,62,-99
1741508032.371481,2,8,-101
1741508032.416481,4,12,-155
1741508032.462481,4,-33,-143
1741508032.508481,-45,2,-101
1741508032.5534809,-41,-23,4
1741508032.5994809,40,2,-13
1741508032.6454809,-50,101,-101
1741508032.6914809,-33,-47,-163
1741508032.7374809,-76,13,-141
1741508032.783481,46,-9,-99
1741508032.829481,-39,-83,-179
1741508032.875481,-19,4,-91
1741508032.920481,-21,66,-73
1741508032.966481,-81,12,-35
1741508033.012481,46,40,-149
1741508033.0574808,44,-21,-41
1741508033.1034808,24,70,-45
1741508033.1494808,-5,-49,-169
1741508033.1954808,116,-51,-109
1741508033.240481,5,27,-99
1741508033.286481,-52,5,-27
1741508033.332481,-1,-33,-67
1741508033.377481,8,24,-125
1741508033.423481,-16,29,-49
1741508033.469481,-82,-4,-119
1741508033.5144808,-18,-21,-135
1741508033.5604808,41,30,-41
1741508033.6064808,-35,-1,86
1741508033.6524808,-3,29,-55
1741508033.697481,-57,30,-31
1741508033.743481,-2,-18,50
1741508033.789481,-70,41,-141
1741508033.834481,53,-51,-67
1741508033.880481,0,-30,-69
1741508033.926481,35,22,-127
1741508033.972481,79,-55,-177
1741508034.0174809,-12,-20,-35
1741508034.0634809,53,-68,-93
1741508034.1094809,-106,-50,-161
1741508034.154481,47,15,-147
1741508034.200481,37,33,-49
1741508034.246481,109,-2,32
1741508034.292481,55,37,-145
1741508034.337481,5,-14,-61
1741508034.383481,-13,26,-43
1741508034.429481,24,24,-15
1741508034.4744809,35,-17,-113
1741508034.5204809,24,-39,-19
1741508034.5664809,-59,-26,-153
1741508034.6124809,-39,-128,-69
1741508034.657481,56,-38,-83
1741508034.703481,45,79,-173
1741508034.749481,-48,16,-21
1741508034.7944808,23,30,-105
1741508034.8404808,35,41,132
1741508034.8864808,-8,-78,-187
1741508034.9324808,40,-24,-113
1741508034.977481,-49,20,-89
1741508035.023481,-1,-31,-173
1741508035.069481,38,56,-7
1741508035.114481,-48,-14,-127
1741508035.160481,89,63,-123
1741508035.206481,4,-29,-9
1741508035.252481,52,-1,-185
1741508035.2974808,1,25,-59
1741508035.3434808,92,-11,-127
1741508035.3894808,-32,59,-93
1741508035.434481,29,19,-26
1741508035.480481,-43,-33,36
1741508035.526481,27,5,-149
1741508035.572481,33,-18,-15
1741508035.617481,-30,-6,-51
1741508035.663481,-14,-42,-179
1741508035.709481,-38,22,-107
1741508035.7544808,19,-49,-13
1741508035.8004808,80,11,-107
1741508035.8464808,-27,59,-80
1741508035.8924809,-13,-45,-142
1741508035.937481,-47,38,-154
1741508035.983481,-23,-14,-99
1741508036.029481,18,-2,-35
1741508036.074481,-72,23,-41
1741508036.120481,-21,27,-189
1741508036.166481,24,0,36
1741508036.212481,62,3,-85
1741508036.2574809,39,65,-119
1741508036.3034809,-108,-46,-55
1741508036.3494809,-13,-40,-83
1741508036.394481,66,11,-89
1741508036.440481,2,28,-101
1741508036.486481,-77,-26,-135
1741508036.532481,25,-36,-95
1741508036.577481,-13,10,-223
1741508036.623481,-9,-87,-29
1741508036.6694808,10,88,-201
1741508036.7144809,-64,-15,-69
1741508036.7604809,0,42,-199
1741508036.806481,23,-5,-169
1741508036.852481,-82,-28,-99
1741508036.897481,26,-30,-181
1741508036.943481,10,-12,59
1741508036.989481,-12,-41,-58
1741508037.0344808,11,-29,-136
1741508037.0804808,17,2,-37
1741508037.1264808,33,-15,-55
1741508037.1724808,-56,66,-39
1741508037.217481,-68,94,32
1741508037.263481,0,-58,-145
1741508037.309481,89,34,-51
1741508037.354481,-19,1,-91
1741508037.400481,-16,-119,-57
1741508037.446481,11,26,-11
1741508037.492481,-28,2,-67
1741508037.5374808,29,4,-99
1741508037.5834808,31,-5,-43
1741508037.6294808,-15,-13,-31
1741508037.674481,67,26,-169
1741508037.720481,35,-9,-23
1741508037.766481,-34,2,-81
1741508037.812481,51,0,-143
1741508037.857481,-68,-63,-111
1741508037.903481,-26,12,-115
1741508037.949481,-24,8,-113
1741508037.9944808,57,0,-103
1741508038.0404809,-4,91,-93
1741508038.0864809,-46,-66,-207
1741508038.1324809,64,34,-69
1741508038.177481,14,12,-60
1741508038.223481,60,-49,-149
1741508038.269481,24,50,30
1741508038.314481,-71,16,60
1741508038.360481,-9,0,-35
1741508038.406481,18,32,-31
1741508038.452481,15,-28,28
1741508038.4974809,68,-2,-47
1741508038.5434809,-21,60,-79
1741508038.5894809,25,-1,-11
1741508038.634481,19,26,-75
1741508038.680481,87,8,49
1741508038.726481,-6,22,-118
1741508038.772481,-20,4,-28
1741508038.8174808,31,14,16
1741508038.8634808,5,36,-35
1741508038.9094808,-20,74,-25
1741508038.954481,54,24,14
1741508039.000481,-12,-14,-137
1741508039.046481,91,-6,-85
1741508039.092481,-4,15,-79
1741508039.137481,89,-12,-143
1741508039.183481,-4,37,-75
1741508039.229481,19,38,-177
1741508039.2744808,-12,40,-143
1741508039.3204808,34,10,-43
1741508039.3664808,-68,57,-53
1741508039.411481,69,-2,-47
1741508039.457481,-47,91,76
1741508039.503481,-65,20,-99
1741508039.549481,71,-36,-181
1741508039.594481,39,61,-17
1741508039.640481,4,-2,-163
1741508039.686481,-11,-12,-62
1741508039.732481,-55,31,-87
1741508039.7774808,-25,13,-76
1741508039.8234808,-44,5,0
1741508039.8694808,15,29,-104
1741508039.914481,7,13,57
1741508039.960481,-66,-22,-100
1741508040.006481,21,19,-122
1741508040.052481,-12,0,14
1741508040.097481,45,99,-95
1741508040.143481,53,5,-154
1741508040.189481,19,1,-65
1741508040.2344809,-21,-10,-161
1741508040.2804809,43,-12,18
1741508040.3264809,23,1,26
1741508040.371481,-7,58,4
1741508040.417481,38,-13,-45
1741508040.463481,18,-17,-87
1741508040.509481,8,-29,-57
1741508040.554481,8,-63,-125
1741508040.600481,58,34,-135
1741508040.646481,-124,-24,8
1741508040.6914809,-8,25,-21
1741508040.7374809,-6,-78,-135
1741508040.783481,-37,59,-95
1741508040.829481,-19,-43,-143
1741508040.874481,-56,16,-93
1741508040.920481,16,27,-23
1741508040.966481,88,-4,26
1741508041.0114808,-93,67,-128
1741508041.0574808,94,19,-26
1741508041.1034808,26,-36,-24
1741508041.1494808,4,-8,-28
1741508041.194481,13,-9,-84
1741508041.240481,5,36,-18
1741508041.286481,26,4,-78
1741508041.331481,-4,-13,-100
1741508041.377481,-46,-13,-79
1741508041.423481,-1,34,-93
1741508041.469481,-63,26,-61
1741508041.5144808,10,-15,-79
1741508041.5604808,-37,10,-145
1741508041.6064808,8,-9,-139
1741508041.651481,4,42,-21
1741508041.697481,100,-33,-123
1741508041.743481,-19,0,-121
1741508041.789481,14,-56,-19
1741508041.834481,10,-62,-25
1741508041.880481,-29,9,-110
1741508041.926481,6,49,-62
1741508041.9714808,-5,77,-58
1741508042.0174809,4,-40,-56
1741508042.0634809,38,-5,-27
1741508042.1094809,70,57,-66
1741508042.154481,-43,37,-114
1741508042.200481,76,12,-74
1741508042.246481,-37,4,-158
1741508042.2974808,59,-9,-171
1741508042.3434808,35,-49,42
1741508042.3894808,35,-17,-31
1741508042.434481,-26,92,-24
1741508042.480481,77,31,23
1741508042.526481,-36,0,-42
1741508042.571481,-32,-4,-64
1741508042.617481,6,12,-62
1741508042.663481,0,17,-62
1741508042.709481,-8,15,-40
1741508042.7544808,-39,24,35
1741508042.8004808,-61,-21,-96
1741508042.8464808,7,-14,-108
1741508042.890481,-44,-66,-70
1741508042.936481,-52,53,-82
1741508042.982481,20,-87,-28
1741508043.0274808,-19,22,-132
1741508043.0734808,-7,5,-8
1741508043.1194808,-33,-30,-122
1741508043.1654809,11,-4,-100
1741508043.210481,8,-10,-84
1741508043.256481,21,-22,-86
1741508043.302481,40,-18,-138
1741508043.347481,52,-43,-30
1741508043.393481,19,-77,53
1741508043.439481,51,-7,-59
1741508043.485481,1,-41,-198
1741508043.5304809,-102,-35,-76
1741508043.5764809,6,6,-98
1741508043.6224809,-61,24,-208
1741508043.667481,-19,30,-83
1741508043.713481,-5,-33,-174
1741508043.759481,0,5,-47
1741508043.805481,-25,80,-32
1741508043.850481,-17,46,-30
1741508043.896481,-105,-43,-102
1741508043.9424808,-29,28,-70
1741508043.9874809,35,-58,37
1741508044.033481,71,-18,-92
1741508044.079481,-22,-12,-164
1741508044.125481,-56,-2,-94
1741508044.170481,119,-17,-54
1741508044.216481,57,18,-54
1741508044.262481,39,9,-64
1741508044.3074808,-64,11,9
1741508044.3534808,24,0,-98
1741508044.3994808,-5,15,-62
1741508044.4454808,32,-68,-96
1741508044.490481,-61,-10,-92
1741508044.536481,-58,33,-106
1741508044.582481,-12,-27,-104
1741508044.627481,35,-3,-83
1741508044.673481,27,2,-4
1741508044.719481,27,58,11
1741508044.765481,5,38,-194
1741508044.8104808,23,-23,-107
1741508044.8564808,60,23,-16
1741508044.9024808,-10,32,-68
1741508044.947481,83,-19,-116
1741508044.993481,44,-33,-15
1741508045.039481,-57,26,-137
1741508045.085481,-21,-72,81
1741508045.130481,-32,-49,-18
1741508045.176481,-21,17,29
1741508045.222481,2,9,-44
1741508045.2674809,0,3,-120
1741508045.3134809,32,-107,-152
1741508045.3594809,-43,-34,-68
1741508045.4054809,76,29,-94
1741508045.450481,48,27,-24
1741508045.496481,-25,3,-79
1741508045.542481,7,-52,-141
1741508045.587481,-18,-2,-171
1741508045.633481,-2,41,-67
1741508045.679481,-44,7,-105
1741508045.725481,-11,-4,-131
1741508045.7704809,-65,33,-51
1741508045.8164809,-43,41,20
1741508045.8624809,35,-63,-69
1741508045.907481,-45,-13,-81
1741508045.953481,-36,-31,-95
1741508045.999481,7,-22,-95
1741508046.045481,119,-12,-55
1741508046.0904808,-29,-56,-57
1741508046.1364808,-36,-6,-169
1741508046.1824808,-86,37,120
1741508046.227481,78,-45,-33
1741508046.273481,-37,-50,-205
1741508046.319481,67,-14,-35
1741508046.365481,-5,-54,-41
1741508046.410481,24,-6,-81
1741508046.456481,-9,23,-49
1741508046.502481,-15,23,-113
1741508046.5474808,-10,23,-59
1741508046.5934808,-60,10,-99
1741508046.6394808,-28,4,-169
1741508046.6854808,20,-25,-87
1741508046.730481,24,-7,-65
1741508046.776481,-36,-32,-141
1741508046.822481,49,-98,-123
1741508046.867481,-1,-11,-28
1741508046.913481,36,4,-113
1741508046.959481,5,-24,-117
1741508047.0044808,-63,42,-79
1741508047.0504808,-1,-33,-111
1741508047.0964808,20,-17,-121
1741508047.1424809,-101,-31,24
1741508047.187481,-11,-51,-25
1741508047.233481,-33,-13,-33
1741508047.279481,-7,-14,-31
1741508047.324481,13,24,12
1741508047.370481,-75,-58,-181
1741508047.416481,14,38,-51
1741508047.462481,-31,10,-47
1741508047.5074809,48,30,-81
1741508047.5534809,8,30,-53
1741508047.5994809,-21,-75,-191
1741508047.644481,50,-45,-53
1741508047.690481,2,23,-131
1741508047.736481,-6,-46,-73
1741508047.782481,29,-50,-75
1741508047.827481,-8,14,-103
1741508047.873481,-46,-6,-37
1741508047.9194808,-8,-36,-99
1741508047.9644809,-39,-62,-61
1741508048.0104809,21,15,-99
1741508048.056481,-88,9,66
1741508048.102481,3,58,-60
1741508048.147481,50,-51,-83
1741508048.193481,80,2,54
1741508048.239481,-1,-53,-49
1741508048.2844808,22,14,-1
1741508048.3304808,106,4,-91
1741508048.3764808,-113,30,-131
1741508048.4224808,2,-17,-62
1741508048.467481,79,2,-85
1741508048.513481,-7,18,-197
1741508048.559481,-14,-19,-7
1741508048.604481,-58,-49,-43
1741508048.650481,-4,-39,-63
1741508048.696481,35,-3,-13
1741508048.742481,-28,-29,29
1741508048.7874808,41,-27,67
1741508048.8334808,53,0,-42
1741508048.8794808,-25,24,-113
1741508048.924481,99,-4,-27
1741508048.970481,-74,3,-79
1741508049.016481,7,5,-152
1741508049.062481,-18,21,-108
1741508049.107481,-27,-14,-44
1741508049.153481,4,81,-138
1741508049.199481,8,-34,-116
1741508049.2444808,44,47,-174
1741508049.2904809,-19,-6,-64
1741508049.3364809,14,3,-170
1741508049.3824809,-23,-42,-204
1741508049.427481,8,-34,-140
1741508049.473481,-77,41,-14
1741508049.519481,-91,24,-110
1741508049.564481,24,41,-136
1741508049.610481,-43,-26,-158
1741508049.656481,-67,-102,-18
1741508049.702481,26,-19,7
1741508049.7474809,72,32,-118
1741508049.7934809,12,-27,-156
1741508049.8394809,-11,-47,-76
1741508049.884481,56,86,-134
1741508049.930481,86,5,-176
1741508049.976481,-3,17,51
1741508050.022481,68,-60,-114
1741508050.0674808,53,-15,-84
1741508050.1134808,52,39,-78
1741508050.1594808,54,52,-112
1741508050.204481,16,3,-126
1741508050.250481,-19,-24,-126
1741508050.296481,-3,-46,-30
1741508050.342481,-9,-32,-72
1741508050.387481,20,14,-101
1741508050.433481,-41,55,40
1741508050.479481,68,35,-151
1741508050.5244808,52,35,-97
1741508050.5704808,96,16,-133
1741508050.6164808,68,8,-18
1741508050.6624808,-23,-74,-36
1741508050.707481,-49,-46,-84
1741508050.753481,-5,46,-104
1741508050.799481,0,-5,-150
1741508050.844481,-13,-57,-4
1741508050.890481,-92,12,25
1741508050.936481,-62,-11,-14
1741508050.982481,32,-88,-126
1741508051.0274808,-6,-10,43
1741508051.0734808,36,33,15
1741508051.1194808,-7,19,-104
1741508051.164481,-75,0,-176
1741508051.210481,65,-58,31
1741508051.256481,-19,-33,0
1741508051.302481,-21,-47,-122
1741508051.347481,18,12,-28
1741508051.393481,38,-25,-76
1741508051.439481,-88,-13,-96
1741508051.4844809,-85,39,19
1741508051.5304809,22,-22,-142
1741508051.5764809,-1,-8,-90
1741508051.6224809,-51,-6,9
1741508051.667481,20,-29,-116
1741508051.713481,-44,-75,-120
1741508051.759481,-2,12,-104
1741508051.804481,52,-25,-94
1741508051.850481,26,24,-30
1741508051.896481,-2,104,-132
1741508051.9424808,42,56,-41
1741508051.9874809,-91,14,70
1741508052.033481,-3,-57,-52
1741508052.079481,-85,-57,-116
1741508052.124481,12,-72,31
1741508052.170481,28,-26,-90
1741508052.216481,34,11,-197
1741508052.262481,32,57,-73
1741508052.3134809,-5,-109,-41
1741508052.3594809,-43,-12,10
1741508052.404481,4,-20,-7
1741508052.450481,-37,53,-51
1741508052.496481,-35,0,-89
1741508052.542481,72,16,-159
1741508052.587481,-47,28,24
1741508052.633481,-3,12,-21
1741508052.679481,18,-49,-85
1741508052.7244809,-65,2,-127
1741508052.7704809,103,-40,-35
1741508052.8164809,9,-8,-12
1741508052.8624809,-14,-18,-18
1741508052.907481,-26,5,-64
1741508052.953481,35,45,-86
1741508052.999481,-32,37,-77
1741508053.0444808,-31,-5,-190
1741508053.0904808,-6,-66,-57
1741508053.1364808,34,14,-135
1741508053.1824808,-20,89,-133
1741508053.227481,25,-45,-21
1741508053.273481,15,-8,-81
1741508053.319481,4,-26,-75
1741508053.364481,45,41,-87
1741508053.410481,25,11,-17
1741508053.456481,7,-18,-51
1741508053.502481,-7,-80,36
1741508053.5474808,62,25,-115
1741508053.5934808,-17,-72,-79
1741508053.6394808,42,51,-157
1741508053.684481,-47,-24,8
1741508053.730481,-2,9,-49
1741508053.776481,3,13,-21
1741508053.821481,29,39,-151
1741508053.867481,-24,39,-151
1741508053.913481,-10,25,-19
1741508053.959481,3,97,-125
1741508054.0044808,61,-14,-115
1741508054.0504808,5,-78,-85
1741508054.0964808,-83,80,-103
1741508054.141481,-52,-46,-165
1741508054.187481,35,-46,-17
1741508054.233481,91,65,-15
1741508054.279481,2,8,-113
1741508054.324481,37,87,-103
1741508054.370481,-79,6,72
1741508054.416481,-29,74,-58
1741508054.4614809,-11,6,-122
1741508054.5074809,-24,-8,-126
1741508054.5534809,-1,12,22
1741508054.5994809,-65,-21,-83
1741508054.644481,-71,2,-111
1741508054.690481,78,4,-139
1741508054.736481,-59,-30,-44
1741508054.781481,18,10,-27
1741508054.827481,-81,-66,30
1741508054.873481,9,-24,-151
1741508054.9194808,-14,3,-11
1741508054.9644809,-34,-54,-79
1741508055.0104809,-34,33,-155
1741508055.056481,22,-4,-57
1741508055.101481,3,-17,-131
1741508055.147481,3,-41,6
1741508055.193481,23,-4,-49
1741508055.239481,-30,-90,-89
1741508055.2844808,-2,-17,-43
1741508055.3304808,-14,-36,-69
1741508055.3764808,-84,29,-111
1741508055.421481,85,-42,-5
1741508055.467481,-64,19,-49
1741508055.513481,55,75,-63
1741508055.559481,-8,-43,20
1741508055.604481,-34,-57,-91
1741508055.650481,35,29,-119
1741508055.696481,-64,3,-96
1741508055.7414808,-26,-2,-142
1741508055.7874808,8,-44,55
1741508055.8334808,-8,0,-148
1741508055.8794808,23,-81,-160
1741508055.924481,15,77,17
1741508055.970481,75,-72,-65
1741508056.016481,19,-16,11
1741508056.061481,59,-74,-74
1741508056.107481,-6,-26,-150
1741508056.153481,105,53,-88
1741508056.199481,34,-12,-114
1741508056.2444808,48,0,-104
1741508056.2904809,20,-41,-90
1741508056.3364809,46,-39,-68
1741508056.381481,20,46,-105
1741508056.427481,58,-53,-33
1741508056.473481,-120,17,-11
1741508056.519481,49,15,-137
1741508056.564481,-54,35,-227
1741508056.610481,19,-102,-163
1741508056.656481,-26,-4,-71
1741508056.7014809,-22,45,24
1741508056.7474809,35,3,-115
1741508056.7944808,27,-44,-125
1741508056.8404808,-2,25,-59
1741508056.8854809,-89,23,-155
1741508056.931481,71,6,-55
1741508056.977481,115,6,-153
1741508057.023481,0,-69,-78
1741508057.068481,120,-41,-112
1741508057.114481,47,-83,-154
1741508057.160481,-64,78,-16
1741508057.2054808,0,-14,-56
1741508057.2514808,0,-71,-80
1741508057.2974808,-68,-61,-104
1741508057.3434808,-31,10,-170
1741508057.388481,42,-2,-100
1741508057.434481,30,-8,-88
1741508057.480481,-3,13,-94
1741508057.525481,-27,-22,-64
1741508057.571481,21,29,-40
1741508057.617481,-1,-13,-132
1741508057.663481,-50,-19,-23
1741508057.7084808,41,-15,-175
1741508057.7544808,31,-45,-157
1741508057.8004808,12,21,12
1741508057.845481,-104,-39,-63
1741508057.891481,-29,34,-63
1741508057.937481,-15,74,-215
1741508057.983481,-113,-13,72
1741508058.028481,72,-3,-121
1741508058.074481,77,19,-1
1741508058.120481,3,-92,26
1741508058.1654809,-22,-10,-97
1741508058.2114809,-20,-43,-63
1741508058.2574809,-42,-12,-163
1741508058.3034809,-48,-22,-25
1741508058.348481,-43,17,-41
1741508058.394481,-15,-22,6
1741508058.440481,-15,35,-113
1741508058.485481,-49,49,-127
1741508058.531481,-31,100,-121
1741508058.577481,-33,-18,-129
1741508058.623481,-11,-98,-29
1741508058.6684809,40,61,-123
1741508058.7144809,21,75,-145
1741508058.7604809,11,-36,30
1741508058.805481,31,13,-57
1741508058.851481,47,47,-55
1741508058.897481,-48,16,44
1741508058.943481,6,-7,-39
1741508058.9884808,-52,6,-141
1741508059.0344808,5,72,-31
1741508059.0804808,21,-60,-67
1741508059.125481,-32,-15,-135
1741508059.171481,-18,-69,-59
1741508059.217481,-47,9,-29
1741508059.263481,-71,-32,-121
1741508059.308481,59,40,-135
1741508059.354481,-55,63,-49
1741508059.400481,-16,66,-9
1741508059.4454808,117,-45,-13
1741508059.4914808,19,38,-71
1741508059.5374808,-22,16,-191
1741508059.5834808,62,-26,-55
1741508059.628481,-39,9,-7
1741508059.674481,-15,-16,32
1741508059.720481,52,-30,-5
1741508059.765481,0,57,-31
1741508059.811481,32,65,-77
1741508059.857481,32,73,-103
1741508059.903481,17,0,-123
1741508059.9484808,-25,-4,-261
1741508059.9944808,-27,-30,0
1741508060.0404809,-45,61,-132
1741508060.085481,28,55,13
1741508060.131481,26,-40,-220
1741508060.177481,-19,-13,0
1741508060.223481,11,-58,-112
1741508060.268481,-16,39,-80
1741508060.314481,0,-71,-74
1741508060.360481,-46,-3,99
1741508060.4054809,7,-29,-66
1741508060.4514809,-2,-3,-134
1741508060.4974809,7,21,-92
1741508060.5434809,49,-20,-10
1741508060.588481,-9,16,-94
1741508060.634481,72,-9,-42
1741508060.680481,-31,-25,-26
1741508060.725481,24,-19,-108
1741508060.771481,-91,19,-180
1741508060.8174808,51,60,-116
1741508060.8624809,-28,-61,7
1741508060.908481,-22,-6,-120
1741508060.954481,-4,-11,-56
1741508061.000481,-22,65,-20
1741508061.045481,31,-37,-118
1741508061.091481,-24,-78,-92
1741508061.137481,9,39,-94
1741508061.1824808,-20,7,-30
1741508061.2284808,-32,-30,-76
1741508061.2744808,22,50,-94
1741508061.3204808,53,-48,-88
1741508061.365481,-47,66,-44
1741508061.411481,-20,-6,-138
1741508061.457481,27,-10,-178
1741508061.502481,25,-2,-30
1741508061.548481,12,-26,-110
1741508061.594481,30,-4,-60
1741508061.640481,60,15,-18
1741508061.6854808,-13,10,-54
1741508061.7314808,72,-52,-156
1741508061.7774808,-63,-23,-102
1741508061.822481,68,-1,-166
1741508061.868481,4,42,-56
1741508061.914481,13,-44,-18
1741508061.960481,27,45,-50
1741508062.005481,-36,-26,-30
1741508062.051481,0,9,-40
1741508062.097481,-38,-39,55
1741508062.1424809,-34,44,13
1741508062.1884809,-4,10,-138
1741508062.2344809,13,30,-52
1741508062.2804809,-6,28,-176
1741508062.331481,70,-5,-124
1741508062.377481,-87,1,-65
1741508062.4224808,34,-14,74
1741508062.4684808,100,-3,-41
1741508062.5144808,-3,-27,-65
1741508062.5604808,44,-72,-129
1741508062.605481,-17,-30,-107
1741508062.651481,-31,33,-119
1741508062.697481,-30,17,-93
1741508062.742481,-52,61,-165
1741508062.788481,5,-44,-215
1741508062.834481,-18,-32,-131
1741508062.880481,-14,-24,-31
1741508062.9254808,25,-1,-119
1741508062.9714808,-50,-5,-59
1741508063.0174809,13,48,-99
1741508063.062481,-27,1,-63
1741508063.108481,37,57,-149
1741508063.154481,71,-38,30
1741508063.200481,13,55,-131
1741508063.245481,13,-10,-95
1741508063.291481,9,69,-59
1741508063.337481,-36,-32,-13
1741508063.3824809,-2,33,-107
1741508063.4284809,6,23,-101
1741508063.4744809,-26,10,-93
1741508063.5204809,17,4,8
1741508063.565481,3,-21,-39
1741508063.611481,-11,72,-2
1741508063.657481,-59,-9,-82
1741508063.702481,28,-15,-120
1741508063.748481,18,73,-108
1741508063.7944808,8,25,-92
1741508063.8404808,-58,-39,-118
1741508063.8854809,41,-27,-70
1741508063.931481,16,67,-84
1741508063.977481,30,9,-18
1741508064.022481,20,8,-134
1741508064.068481,69,67,-132
1741508064.114481,0,-58,-118
1741508064.160481,16,-59,-149
1741508064.2054808,-39,56,-135
1741508064.2514808,-16,59,-83
1741508064.2974808,62,18,-145
1741508064.342481,-29,-23,-121
1741508064.388481,-13,-27,-81
1741508064.434481,36,8,-3
1741508064.480481,-26,-14,-113
1741508064.525481,79,25,-11
1741508064.571481,6,-67,-21
1741508064.617481,18,-19,-213
1741508064.6624808,-41,-75,-139
1741508064.7084808,3,19,32
1741508064.7544808,-76,40,-65
1741508064.8004808,-52,2,-125
1741508064.845481,15,14,-171
1741508064.891481,-47,4,-85
1741508064.937481,89,35,-46
1741508064.982481,-41,16,-132
1741508065.028481,-3,-49,-182
1741508065.074481,-7,64,-84
1741508065.120481,23,-91,-180
1741508065.1654809,-36,-1,-38
1741508065.2114809,-44,2,0
1741508065.2574809,-18,18,-159
1741508065.302481,21,-43,-131
1741508065.348481,93,-31,48
1741508065.394481,-38,-47,-86
1741508065.440481,-44,-15,-108
1741508065.485481,-12,44,-121
1741508065.531481,-12,44,-91
1741508065.577481,-13,-19,28
1741508065.6224809,-6,70,-75
1741508065.6684809,73,-47,-163
1741508065.7144809,37,39,-67
1741508065.7604809,-4,1,56
1741508065.805481,73,27,20
1741508065.851481,-2,-76,-105
1741508065.897481,-24,-66,-153
1741508065.9424808,-40,61,-111
1741508065.9884808,-22,-48,-183
1741508066.0344808,4,41,-77
1741508066.0804808,32,3,-29
1741508066.125481,-4,-12,-125
1741508066.171481,-6,41,-108
1741508066.217481,40,-74,31
1741508066.262481,26,-2,-110
1741508066.308481,16,-4,-12
1741508066.354481,-43,-78,19
1741508066.400481,80,-36,-42
1741508066.4454808,-39,15,-108
1741508066.4914808,-45,-34,-140
1741508066.5374808,-57,22,-115
1741508066.582481,-12,-3,-105
1741508066.628481,-45,-57,-89
1741508066.674481,-35,-65,-109
1741508066.720481,82,40,-57
1741508066.765481,18,-7,-177
1741508066.811481,0,58,-85
1741508066.857481,-27,85,-49
1741508066.9024808,-3,3,-131
1741508066.9484808,12,-82,-125
1741508066.9944808,-15,27,-175
1741508067.0404809,-31,-14,-75
1741508067.085481,-13,63,-91
1741508067.131481,2,19,12
1741508067.177481,10,23,-181
1741508067.222481,-3,-24,-79
1741508067.268481,80,-6,-243
1741508067.314481,-13,-4,-105
1741508067.360481,-19,-18,-83
1741508067.4054809,11,-29,-59
1741508067.4514809,-8,56,-150
1741508067.4974809,51,24,-94
1741508067.542481,53,28,-102
1741508067.588481,105,70,-218
1741508067.634481,-8,-7,41
1741508067.679481,50,3,-120
1741508067.725481,0,-34,-52
1741508067.771481,-31,4,-58
1741508067.8174808,-53,-58,11
1741508067.8624809,84,-106,-12
1741508067.908481,-44,-25,-18
1741508067.953481,20,-95,5
1741508067.998481,-22,-49,-138
1741508068.0444808,9,-29,-18
1741508068.0904808,-32,36,-38
1741508068.1354809,13,-19,-127
1741508068.181481,17,58,-141
1741508068.227481,-110,54,-111
1741508068.273481,-50,-49,-73
1741508068.318481,-50,2,-71
1741508068.364481,-26,-51,-173
1741508068.410481,9,16,4
1741508068.4554808,15,-39,-51
1741508068.5014808,-14,-38,-161
1741508068.5474808,13,1,-21
1741508068.5934808,66,-10,30
1741508068.638481,-23,-5,-107
1741508068.684481,2,-33,-25
1741508068.730481,67,61,-105
1741508068.775481,13,14,24
1741508068.821481,86,-18,-109
1741508068.867481,116,-12,-83
1741508068.913481,84,63,-76
1741508068.9584808,26,-8,58
1741508069.0044808,52,-20,8
1741508069.0504808,65,-21,-185
1741508069.095481,53,24,-95
1741508069.141481,-49,51,-113
1741508069.187481,-9,49,-11
1741508069.233481,10,72,10
1741508069.278481,-15,-1,-25
1741508069.324481,22,-10,-109
1741508069.370481,7,-7,-173
1741508069.4154809,43,-87,-45
1741508069.4614809,32,-41,-20
1741508069.5074809,61,23,-88
1741508069.5534809,16,52,-141
1741508069.598481,-46,-40,-79
1741508069.644481,-2,7,-97
1741508069.690481,-16,-12,-122
1741508069.735481,41,-68,-62
1741508069.781481,-82,41,-137
1741508069.827481,13,-60,8
1741508069.873481,-3,-68,2
1741508069.9184809,-18,19,31
1741508069.9644809,-24,21,-56
1741508070.0104809,-55,-33,-32
1741508070.055481,34,-69,-114
1741508070.101481,46,0,-102
1741508070.147481,103,-43,-1
1741508070.193481,0,91,-101
1741508070.2384808,10,-10,-105
1741508070.2844808,-29,-20,-155
1741508070.3304808,39,-10,-73
1741508070.375481,15,18,10
1741508070.421481,-81,-45,-31
1741508070.467481,-16,53,-75
1741508070.513481,-13,-38,-55
1741508070.558481,38,-26,-205
1741508070.604481,8,34,12
1741508070.650481,52,-1,-101
1741508070.6954808,24,96,-77
1741508070.7414808,-27,8,-7
1741508070.7874808,16,2,-81
1741508070.8334808,110,-21,-81
1741508070.878481,5,-32,-133
1741508070.924481,104,-24,-153
1741508070.970481,42,-22,-47
1741508071.015481,20,11,-63
1741508071.061481,6,-72,-146
1741508071.107481,-10,-17,-107
1741508071.153481,19,4,-3
1741508071.1984808,-26,-57,12
1741508071.2444808,-59,-15,-11
1741508071.2904809,44,57,-25
1741508071.335481,112,39,-149
1741508071.381481,-37,-13,-85
1741508071.427481,-27,-29,-1
1741508071.473481,-24,-15,-229
1741508071.518481,0,38,-81
1741508071.564481,-124,-45,-41
1741508071.610481,-34,28,-19
1741508071.6554809,-34,-35,-75
1741508071.7014809,-76,44,-29
1741508071.7474809,-60,33,-45
1741508071.7934809,-12,49,-19
1741508071.838481,19,17,-113
1741508071.884481,4,15,-41
1741508071.930481,-21,-30,-167
1741508071.975481,80,45,56
1741508072.021481,28,-48,-227
1741508072.0674808,50,26,-83
1741508072.1134808,20,52,-87
1741508072.158481,72,20,-53
1741508072.204481,67,18,-133
1741508072.250481,79,54,16
1741508072.295481,-41,-48,-65
1741508072.347481,100,-17,-96
1741508072.393481,-57,-37,19
1741508072.4384809,-57,-39,-116
1741508072.4844809,-25,14,-104
1741508072.5304809,-37,-43,-98
1741508072.575481,-24,-6,-154
1741508072.621481,22,-66,11
1741508072.667481,-25,-20,-58
1741508072.713481,44,-74,-146
1741508072.759481,94,-34,-176
1741508072.805481,62,23,-122
1741508072.851481,-37,-52,111
1741508072.897481,2,-16,-94
1741508072.9424808,-3,-48,-28
1741508072.9884808,18,-28,-86
1741508073.0344808,-66,-28,-202
1741508073.079481,29,81,-11
1741508073.125481,59,95,-91
1741508073.171481,56,-7,-227
1741508073.217481,-33,19,-123
1741508073.262481,50,9,-103
1741508073.308481,-15,-20,-69
1741508073.354481,-32,-11,70
1741508073.3994808,59,-17,-97
1741508073.4454808,2,-37,-99
1741508073.4914808,33,-90,94
1741508073.5374808,-40,37,-29
1741508073.582481,57,3,-75
1741508073.628481,116,-36,-129
1741508073.674481,20,51,-41
1741508073.719481,-9,43,-53
1741508073.765481,-19,-26,-151
1741508073.811481,-35,-46,-157
1741508073.857481,-79,26,-42
1741508073.9024808,14,37,-111
1741508073.9484808,50,3,-92
1741508073.9944808,46,17,-54
1741508074.039481,1,-34,-174
1741508074.085481,24,42,-12
1741508074.131481,48,-41,-156
1741508074.177481,-9,15,-184
1741508074.222481,18,61,-146
1741508074.268481,10,25,-30
1741508074.314481,-21,27,-142
1741508074.3594809,-32,-61,-104
1741508074.4054809,-48,-23,-60
1741508074.4514809,39,-55,-36
1741508074.496481,-4,-63,-30
1741508074.542481,82,34,-36
1741508074.588481,-24,20,-120
1741508074.634481,31,16,-50
1741508074.679481,96,7,-158
1741508074.725481,-41,17,-144
1741508074.771481,-28,-20,-149
1741508074.8164809,-5,-86,-144
1741508074.8624809,16,-74,-20
1741508074.908481,-30,-64,-121
1741508074.954481,37,-14,-96
1741508074.999481,23,24,-41
1741508075.045481,-48,-50,-43
1741508075.091481,-22,-46,-138
1741508075.1364808,23,45,-31
1741508075.1824808,-12,-35,-42
1741508075.2284808,-50,10,-150
1741508075.2744808,-80,22,-132
1741508075.319481,29,-15,-88
1741508075.365481,-9,24,3
1741508075.411481,-38,-3,-40
1741508075.456481,1,0,-144
1741508075.502481,-48,36,0
1741508075.548481,-10,-16,-68
1741508075.594481,-9,-48,43
1741508075.6394808,59,-13,-116
1741508075.6854808,-46,16,-2
1741508075.7314808,-34,-31,-125
1741508075.776481,-37,10,-149
1741508075.822481,-65,10,-29
1741508075.868481,32,39,-41
1741508075.914481,0,67,-48
1741508075.959481,-11,0,-2
1741508076.005481,1,46,-147
1741508076.051481,85,6,-54
1741508076.0964808,-18,-110,-64
1741508076.1424809,0,-16,-44
1741508076.1884809,36,32,-59
1741508076.2344809,-77,2,-87
1741508076.279481,8,12,-93
1741508076.325481,7,-64,-81
1741508076.371481,11,-70,-123
1741508076.416481,-3,-130,2
1741508076.462481,52,-6,-117
1741508076.508481,-67,-10,-101
1741508076.554481,31,-12,-45
1741508076.5994809,2,28,-107
1741508076.6454809,-3,-5,28
1741508076.6914809,6,18,-37
1741508076.736481,14,8,-55
1741508076.782481,18,12,-143
1741508076.828481,18,33,8
1741508076.874481,-36,97,-61
1741508076.9194808,11,65,-57
1741508076.9654808,-40,39,18
1741508077.0114808,3,11,-99
1741508077.056481,-30,0,-13
1741508077.102481,-38,-16,-47
1741508077.148481,41,-6,-19
1741508077.194481,-4,7,-117
1741508077.239481,-66,-40,-21
1741508077.285481,41,-65,-177
1741508077.331481,3,-4,-151
1741508077.3764808,-118,2,-84
1741508077.4224808,-62,-25,-142
1741508077.4684808,58,0,-80
1741508077.5144808,34,37,-36
1741508077.559481,20,5,-86
1741508077.605481,-33,-60,-76
1741508077.651481,-20,-38,-66
1741508077.696481,-4,53,-138
1741508077.742481,51,-12,-48
1741508077.788481,5,-111,-210
1741508077.834481,-24,-16,-28
1741508077.8794808,-1,38,-8
1741508077.9254808,-9,-31,-56
1741508077.9714808,32,-37,-120
1741508078.016481,51,77,-78
1741508078.062481,-49,36,-48
1741508078.108481,-7,-52,-106
1741508078.154481,-11,-134,-52
1741508078.199481,30,-14,153
1741508078.245481,-24,5,-44
1741508078.291481,23,65,-130
1741508078.3364809,63,-28,-194
1741508078.3824809,103,-4,-48
1741508078.4284809,-62,-58,-76
1741508078.4744809,-58,-78,0
1741508078.519481,-22,-24,-61
1741508078.565481,-17,-4,54
1741508078.611481,-11,27,43
1741508078.656481,34,13,-68
1741508078.702481,-17,-62,-42
1741508078.748481,-74,-28,-98
1741508078.7944808,-82,-18,3
1741508078.8394809,65,9,-8
1741508078.8854809,-36,7,-8
1741508078.931481,0,49,6
1741508078.976481,9,-40,-237
1741508079.022481,-25,33,6
1741508079.068481,-35,19,-47
1741508079.114481,52,55,-55
1741508079.1594808,48,-54,-153
1741508079.2054808,44,1,-163
1741508079.2514808,-53,-50,10
1741508079.296481,40,-58,-139
1741508079.342481,96,5,-33
1741508079.388481,-43,47,-185
1741508079.434481,50,6,-137
1741508079.479481,-15,31,-107
1741508079.525481,10,-73,-135
1741508079.571481,22,87,-97
1741508079.6164808,-71,-90,29
1741508079.6624808,27,48,-82
1741508079.7084808,-58,9,-74
1741508079.7544808,-43,57,-166
1741508079.799481,85,52,-122
1741508079.845481,-35,-45,-212
1741508079.891481,156,15,5
1741508079.936481,71,35,-169
1741508079.982481,38,-2,23
1741508080.028481,29,17,-86
1741508080.074481,77,-50,-84
1741508080.1194808,29,7,5
1741508080.1654809,28,-16,-24
1741508080.2114809,69,41,-80
1741508080.256481,15,-36,-156
1741508080.302481,-15,-1,-144
1741508080.348481,22,-41,-162
1741508080.394481,-29,66,-170
1741508080.439481,6,-81,-78
1741508080.485481,23,7,10
1741508080.531481,-10,47,-73
1741508080.5764809,61,-88,-183
1741508080.6224809,-4,-58,-129
1741508080.6684809,-76,-22,-165
1741508080.7144809,-33,2,-187
1741508080.759481,12,-47,-45
1741508080.805481,-25,14,-117
1741508080.851481,37,-59,-121
1741508080.896481,61,28,-63
1741508080.9424808,-71,-39,-173
1741508080.9884808,-13,6,-143
1741508081.0344808,35,-41,-29
1741508081.079481,-23,-50,-79
1741508081.125481,14,-98,-187
1741508081.171481,58,-6,-163
1741508081.216481,78,-120,-133
1741508081.262481,-113,-100,-91
1741508081.308481,4,0,-27
1741508081.3534808,-107,31,-76
1741508081.3994808,28,7,-54
1741508081.4454808,-13,17,-86
1741508081.4914808,-27,17,-58
1741508081.536481,-69,12,-116
1741508081.582481,-34,69,-46
1741508081.628481,21,19,-162
1741508081.673481,-14,-8,47
1741508081.719481,95,-16,-24
1741508081.765481,-47,15,-64
1741508081.811481,10,1,-70
1741508081.8564808,-42,61,-90
1741508081.9024808,19,39,-113
1741508081.9484808,-24,27,-119
1741508081.993481,-10,7,-110
1741508082.039481,-38,-62,15
1741508082.085481,-46,-43,-126
1741508082.131481,12,-25,-126
1741508082.176481,-41,-51,-30
1741508082.222481,-46,46,-100
1741508082.268481,-8,-7,-118
1741508082.319481,-30,-28,-72
1741508082.365481,-6,-2,-190
1741508082.411481,-18,-9,-82
1741508082.456481,5,30,-100
1741508082.502481,-11,13,-156
1741508082.548481,-19,8,-174
1741508082.5934808,14,6,-108
1741508082.6394808,58,0,-49
1741508082.6854808,-7,24,-85
1741508082.7314808,0,16,-194
1741508082.776481,-62,28,-68
1741508082.822481,-14,77,-180
1741508082.868481,25,-50,-188
1741508082.913481,-33,51,3
1741508082.959481,14,-40,-69
1741508083.005481,14,-12,-87
1741508083.051481,74,22,-73
1741508083.0964808,22,-6,-27
1741508083.1424809,-23,-20,-41
1741508083.1884809,24,-1,-75
1741508083.233481,-9,16,-163
1741508083.279481,-67,5,-95
1741508083.325481,-39,-47,-15
1741508083.371481,32,-57,-163
1741508083.4154809,-10,24,-215
1741508083.4614809,79,-9,-33
1741508083.5074809,-30,4,4
1741508083.552481,-42,-27,-131
1741508083.598481,-22,34,-105
1741508083.644481,-23,8,-139
1741508083.689481,-18,-41,-91
1741508083.735481,7,-61,-65
1741508083.781481,0,17,18
1741508083.827481,-55,-56,-77
1741508083.8724809,0,-11,-121
1741508083.9184809,-14,-53,-167
1741508083.9644809,7,-27,-91
1741508084.009481,-52,-54,6
1741508084.055481,20,90,-139
1741508084.101481,45,9,-89
1741508084.147481,29,-10,-183
1741508084.1924808,29,-38,-57
1741508084.2384808,-74,49,-97
1741508084.2844808,28,35,-33
1741508084.329481,11,-16,52
1741508084.375481,-42,-25,-152
1741508084.421481,16,-43,-86
1741508084.467481,62,-19,-14
1741508084.512481,-9,48,-102
1741508084.558481,4,8,-134
1741508084.604481,-14,-27,-94
1741508084.6494808,45,50,-92
1741508084.6954808,17,-10,83
1741508084.7414808,41,-84,83
1741508084.7874808,5,36,-94
1741508084.832481,41,-21,-82
1741508084.878481,-7,-5,-38
1741508084.924481,-9,44,39
1741508084.969481,-17,1,-112
1741508085.015481,-84,-33,-80
1741508085.061481,78,23,-132
1741508085.107481,-9,91,5
1741508085.1524808,62,7,-62
1741508085.1984808,-40,96,-88
1741508085.2444808,-56,50,-72
1741508085.289481,-64,-23,-106
1741508085.335481,1,80,-94
1741508085.381481,29,45,-94
1741508085.427481,-56,15,-104
1741508085.472481,101,-57,35
1741508085.518481,19,-83,-76
1741508085.564481,-10,-15,-101
1741508085.6094809,32,42,-202
1741508085.6554809,-51,16,-39
1741508085.7014809,-11,73,-81
1741508085.7474809,-7,23,-113
1741508085.792481,66,-36,-13
1741508085.838481,29,-64,-29
1741508085.884481,-93,-31,-189
1741508085.929481,-48,-43,-95
1741508085.975481,-20,-27,-57
1741508086.021481,3,6,52
1741508086.0674808,-12,30,-157
1741508086.1124809,-34,-9,-172
1741508086.158481,96,-15,-18
1741508086.204481,-25,46,25
1741508086.249481,46,86,-102
1741508086.295481,-80,30,9
1741508086.341481,-18,44,21
1741508086.387481,30,-38,15
1741508086.4324808,24,39,18
1741508086.4784808,18,4,-135
1741508086.5244808,96,1,-121
1741508086.569481,70,-28,-61
1741508086.615481,-2,-28,-57
1741508086.661481,-88,-16,-59
1741508086.707481,8,27,-83
1741508086.752481,24,-15,-58
1741508086.798481,-45,-11,-121
1741508086.844481,-37,-27,-59
1741508086.8894808,46,-12,-59
1741508086.9354808,-49,-17,-101
1741508086.9814808,54,-13,-173
1741508087.0274808,56,46,-95
1741508087.072481,52,-33,-87
1741508087.118481,-15,-65,-129
1741508087.164481,-83,-41,64
1741508087.209481,-69,-21,-115
1741508087.255481,36,30,-103
1741508087.301481,-87,20,-199
1741508087.347481,-33,-43,-98
1741508087.3924809,-20,41,-206
1741508087.4384809,-28,-58,-47
1741508087.4844809,53,33,-56
1741508087.529481,19,-4,-45
1741508087.575481,-8,13,-103
1741508087.621481,-28,-33,-89
1741508087.667481,37,-53,-77
1741508087.712481,39,-54,16
1741508087.758481,23,23,-21
1741508087.804481,-28,1,-111
1741508087.8494809,11,-4,-69
1741508087.8954809,74,12,-47
1741508087.9414809,21,-42,-43
1741508087.9874809,31,63,-55
1741508088.032481,-88,-30,-139
1741508088.078481,27,-20,-65
1741508088.124481,23,57,-39
1741508088.1694808,3,-8,-29
1741508088.2154808,-6,81,-139
1741508088.2614808,-15,-37,-89
1741508088.306481,3,1,-3
1741508088.352481,5,29,-145
1741508088.398481,89,25,-9
1741508088.444481,47,-24,-125
1741508088.489481,-20,33,-141
1741508088.535481,45,67,-69
1741508088.581481,-4,6,-53
1741508088.6264808,-20,20,-109
1741508088.6724808,15,-49,-45
1741508088.7184808,3,-63,-11
1741508088.7644808,58,-26,-95
1741508088.809481,-35,-31,-95
1741508088.855481,-41,-25,-41
1741508088.901481,-29,-47,-125
1741508088.946481,50,-61,-153
1741508088.992481,-46,-33,-103
1741508089.038481,-32,-3,-91
1741508089.084481,0,51,-67
1741508089.1294808,-61,-72,-97
1741508089.1754808,-105,-62,-141
1741508089.2214808,36,-4,-143
1741508089.266481,48,-50,6
1741508089.312481,27,-48,-31
1741508089.358481,-14,28,-99
1741508089.404481,74,44,8
1741508089.449481,47,26,18
1741508089.495481,5,32,-175
1741508089.541481,-66,-45,42
1741508089.5864809,15,-15,76
1741508089.6324809,-10,-28,-32
1741508089.6784809,35,-30,-71
1741508089.7244809,-68,-10,-218
1741508089.769481,41,61,-70
1741508089.815481,-17,15,-68
1741508089.861481,42,-48,-112
1741508089.906481,26,-60,-80
1741508089.952481,34,-18,-112
1741508089.998481,-35,-40,-116
1741508090.0444808,-13,-46,-110
1741508090.0894809,12,-82,-180
1741508090.1354809,-31,-85,-252
1741508090.181481,48,3,-42
1741508090.226481,26,48,-158
1741508090.272481,12,-21,-232
1741508090.318481,70,-6,-160
1741508090.364481,25,6,-133
1741508090.4094808,-20,-55,54
1741508090.4554808,-26,-25,92
1741508090.5014808,-72,-53,-111
1741508090.546481,2,1,-199
1741508090.592481,38,18,-25
1741508090.638481,-23,60,-57
1741508090.684481,32,-27,-151
1741508090.729481,6,-45,-183
1741508090.775481,-100,-7,-107
1741508090.821481,-3,77,-101
1741508090.8664808,-80,-36,-29
1741508090.9124808,54,-56,-5
1741508090.9584808,34,35,-95
1741508091.0044808,-49,45,-123
1741508091.049481,-33,3,-119
1741508091.095481,-22,-47,-95
1741508091.141481,43,12,28
1741508091.186481,-38,110,-121
1741508091.232481,29,-1,-103
1741508091.278481,56,-31,-31
1741508091.324481,-6,10,-39
1741508091.3694808,155,-45,-71
1741508091.4154809,25,32,-123
1741508091.4614809,48,51,-106
1741508091.506481,43,-15,-23
1741508091.552481,-23,-43,-41
1741508091.598481,-67,-82,-71
1741508091.644481,53,-16,16
1741508091.689481,-12,-36,-29
1741508091.735481,6,-34,-63
1741508091.781481,3,51,-59
1741508091.8264809,-7,-20,-39
1741508091.8724809,95,-10,-139
1741508091.9184809,38,-2,-71
1741508091.9644809,-24,68,-33
1741508092.009481,42,-3,-177
1741508092.055481,10,20,-37
1741508092.101481,9,-3,-104
1741508092.146481,53,-83,-116
1741508092.1924808,62,23,-66
1741508092.2384808,20,-2,-146
1741508092.2844808,-89,-34,-78
1741508092.335481,-22,-106,-88
1741508092.381481,75,-12,-58
1741508092.426481,-6,33,-70
1741508092.472481,49,-6,-86
1741508092.518481,9,33,-168
1741508092.564481,74,-11,-52
1741508092.6094809,-5,-57,-156
1741508092.6554809,-31,2,-150
1741508092.7014809,-55,23,-30
1741508092.746481,-2,-40,-134
1741508092.792481,48,9,17
1741508092.838481,65,37,-106
1741508092.884481,91,7,-202
1741508092.929481,21,-64,-68
1741508092.975481,-14,-12,3
1741508093.021481,87,-13,-16
1741508093.0664809,20,-58,-114
1741508093.1124809,-45,36,-120
1741508093.158481,-85,-44,-96
1741508093.204481,2,-64,-102
1741508093.249481,42,39,-204
1741508093.295481,2,-32,-85
1741508093.341481,-15,3,-224
1741508093.3864808,-45,20,-60
1741508093.4324808,14,65,-76
1741508093.4784808,-44,-18,-222
1741508093.5244808,21,5,-83
1741508093.569481,27,73,-133
1741508093.615481,43,-6,-47
1741508093.661481,-74,-63,-40
1741508093.706481,59,28,-58
1741508093.752481,9,40,-116
1741508093.798481,-43,-62,5
1741508093.844481,22,5,-40
1741508093.8894808,-9,-10,-118
1741508093.9354808,22,-4,-170
1741508093.9814808,-31,19,-160
1741508094.026481,31,-4,-88
1741508094.072481,43,3,-52
1741508094.118481,-10,52,-192
1741508094.164481,19,-29,-42
1741508094.209481,24,-27,-94
1741508094.255481,16,11,-34
1741508094.301481,37,-41,-26
1741508094.3464808,-31,-4,-19
1741508094.3924809,0,50,-103
1741508094.4384809,54,32,-127
1741508094.4844809,-45,69,-29
1741508094.529481,-38,-13,-133
1741508094.575481,25,-27,-97
1741508094.621481,4,-73,-105
1741508094.666481,-49,80,-61
1741508094.712481,0,-60,-75
1741508094.758481,70,41,50
1741508094.804481,49,12,-79
1741508094.8494809,36,-57,-113
1741508094.8954809,18,-43,-41
1741508094.9414809,78,39,5
1741508094.986481,-161,3,-83
1741508095.032481,-27,-32,-32
1741508095.078481,-21,-4,-119
1741508095.123481,0,1,-186
1741508095.1694808,32,14,-121
1741508095.2154808,-59,-60,-42
1741508095.2614808,38,17,-109
1741508095.306481,-7,-4,78
1741508095.352481,-42,25,-93
1741508095.398481,27,49,-111
1741508095.443481,-7,29,-141
1741508095.489481,3,-20,22
1741508095.535481,-28,-33,-73
1741508095.581481,19,-13,-41
1741508095.6264808,21,-20,-57
1741508095.6724808,-94,-62,-135
1741508095.7184808,25,-4,-77
1741508095.763481,-37,-30,-157
1741508095.809481,-11,-40,-45
1741508095.855481,70,-48,-167
1741508095.901481,-11,65,-73
1741508095.946481,39,15,-47
1741508095.992481,2,21,-95
1741508096.038481,78,49,22
1741508096.0834808,34,0,-7
1741508096.1294808,-56,22,-79
1741508096.1754808,-4,-21,-43
1741508096.2214808,-8,-7,-143
1741508096.266481,5,72,-43
1741508096.312481,53,-10,-79
1741508096.358481,-14,48,-39
1741508096.403481,45,-1,-47
1741508096.449481,1,-3,-70
1741508096.495481,-10,38,-129
1741508096.541481,21,-4,-117
1741508096.5864809,-83,-8,-143
1741508096.6324809,-16,-22,-83
1741508096.6784809,-51,-40,-32
1741508096.723481,-17,-64,-71
1741508096.769481,54,-36,-79
1741508096.815481,-55,37,-135
1741508096.861481,-7,25,-47
1741508096.906481,-15,2,-9
1741508096.952481,30,-34,-106
1741508096.998481,16,26,-92
1741508097.0434809,6,85,-132
1741508097.0894809,18,4,-126
1741508097.1354809,-46,56,-48
1741508097.181481,65,16,0
1741508097.226481,-23,72,-110
1741508097.272481,32,30,-96
1741508097.318481,-89,-63,-40
1741508097.3634808,30,27,-60
1741508097.4094808,-19,-12,-18
1741508097.4554808,21,-4,-14
1741508097.5014808,-22,-73,-76
1741508097.546481,-74,8,-206
1741508097.592481,-26,0,13
1741508097.638481,-3,-13,-92
1741508097.683481,4,-21,-34
1741508097.729481,-67,51,-66
1741508097.775481,7,-6,-104
1741508097.821481,21,-68,-12
1741508097.8664808,-19,-28,-2
1741508097.9124808,57,22,-86
1741508097.9584808,7,10,-40
1741508098.003481,35,-17,-68
1741508098.049481,-60,0,-70
1741508098.095481,19,8,-57
1741508098.141481,-8,81,-26
1741508098.186481,7,-30,12
1741508098.232481,13,-60,-11
1741508098.278481,-12,-59,-181
1741508098.3234808,75,-7,-129
1741508098.3694808,-47,47,-61
1741508098.4154809,-36,-6,-223
1741508098.4614809,15,17,4
1741508098.506481,-16,47,-31
1741508098.552481,40,4,-105
1741508098.598481,1,-15,-167
1741508098.643481,7,110,-59
1741508098.689481,103,9,-63
1741508098.735481,-10,-6,-117
1741508098.781481,57,-86,30
1741508098.8264809,28,-39,-103
1741508098.8724809,-40,-53,-111
1741508098.9184809,9,7,-147
1741508098.963481,31,-32,-135
1741508099.009481,21,72,-59
1741508099.055481,-4,52,-19
1741508099.101481,-69,-27,-107
1741508099.146481,-45,-23,-33
1741508099.1924808,-1,22,-57
1741508099.2384808,-4,-29,-81
1741508099.283481,49,67,-11
1741508099.329481,-39,-50,-31
1741508099.375481,45,-32,8
1741508099.421481,6,65,-65
1741508099.466481,52,-10,-109
1741508099.512481,-3,-33,-117
1741508099.558481,80,-19,-59
1741508099.6034808,-33,44,-55
1741508099.6494808,-22,15,-81
1741508099.6954808,85,-98,-25
1741508099.7414808,94,31,-87
1741508099.786481,14,-4,-29
1741508099.832481,61,-22,-9
1741508099.878481,29,-18,-97
1741508099.923481,-10,77,-45
1741508099.969481,0,73,-41
1741508100.015481,-24,-24,-49
1741508100.061481,-12,-52,36
1741508100.1064808,-24,-34,-23
1741508100.1524808,13,-34,-27
1741508100.1984808,16,-10,-17
1741508100.243481,56,29,-59
1741508100.289481,15,-48,-117
1741508100.335481,-16,-45,-147
1741508100.381481,94,66,-65
1741508100.426481,58,18,40
1741508100.472481,-15,-40,-27
1741508100.518481,115,-32,-103
1741508100.5634809,29,20,-87
1741508100.6094809,36,18,-65
1741508100.6554809,-29,16,21
1741508100.7014809,-49,38,-110
1741508100.746481,-65,66,-120
1741508100.792481,-5,10,-28
1741508100.838481,-37,-17,-166
1741508100.883481,-3,-15,-58
1741508100.929481,50,-13,-82
1741508100.975481,-4,36,-162
1741508101.021481,93,19,-30
1741508101.0664809,-55,-34,-14
1741508101.1124809,-11,68,1
1741508101.158481,50,0,-64
1741508101.203481,15,35,-34
1741508101.249481,-17,-11,-18
1741508101.295481,27,-13,-148
1741508101.341481,-30,47,-146
1741508101.3864808,9,25,-54
1741508101.4324808,-60,-2,-100
1741508101.4784808,9,35,39
1741508101.523481,-7,-66,-86
1741508101.569481,122,-68,-222
1741508101.615481,78,45,21
1741508101.661481,-68,-37,-50
1741508101.706481,-9,-16,-178
1741508101.752481,-9,-34,-140
1741508101.798481,-2,-33,49
1741508101.8434808,13,-31,-76
1741508101.8894808,-64,29,-144
1741508101.9354808,47,-16,-34
1741508101.980481,39,50,-122
1741508102.026481,20,39,-14
1741508102.072481,-10,26,-28
1741508102.118481,-23,-33,-74
1741508102.163481,24,59,11
1741508102.209481,-1,58,-28
1741508102.255481,46,40,-150
1741508102.3004808,-19,-2,37
1741508102.352481,-36,-4,-92
1741508102.398481,-86,17,-9
1741508102.443481,7,-78,22
1741508102.489481,-12,56,-106
1741508102.535481,17,29,-59
1741508102.5804808,14,-30,40
1741508102.6264808,-41,-71,-80
1741508102.6724808,-55,-27,-186
1741508102.7184808,-15,-35,-76
1741508102.763481,-51,-33,-81
1741508102.809481,-3,-25,-72
1741508102.855481,40,48,44
1741508102.900481,36,-11,-125
1741508102.946481,46,-7,-129
1741508102.992481,16,-33,2
1741508103.038481,-59,54,-169
1741508103.0834808,-75,-5,-123
1741508103.1294808,38,-39,-97
1741508103.1754808,66,49,-55
1741508103.220481,18,-8,6
1741508103.266481,108,-2,-153
1741508103.312481,50,21,-51
1741508103.358481,-1,54,-61
1741508103.403481,35,-51,-183
1741508103.449481,-2,-11,-145
1741508103.495481,-35,42,20
1741508103.5404809,-24,55,-109
1741508103.5864809,13,-34,-99
1741508103.6324809,-58,-4,-105
1741508103.6784809,-100,11,-117
1741508103.723481,-34,-8,-127
1741508103.769481,23,11,-75
1741508103.815481,-66,-20,-141
1741508103.860481,-44,65,4
1741508103.906481,-44,-71,-75
1741508103.952481,83,-9,-95
1741508103.998481,13,30,28
1741508104.0434809,91,-18,-73
1741508104.0894809,13,19,-9
1741508104.1354809,6,6,-35
1741508104.180481,-1,-37,-147
1741508104.226481,76,-34,-41
1741508104.272481,37,45,-83
1741508104.318481,58,8,-61
1741508104.3634808,72,30,-33
1741508104.4094808,0,32,-17
1741508104.4554808,12,-15,-39
1741508104.500481,-37,-35,-89
1741508104.546481,46,-19,-93
1741508104.592481,-12,84,-9
1741508104.638481,9,-15,-163
1741508104.683481,-54,-36,-83
1741508104.729481,0,0,-45
1741508104.775481,10,-22,-137
1741508104.8204808,-81,21,22
1741508104.8664808,42,1,-89
1741508104.9124808,89,9,-158
1741508104.9584808,-8,1,-104
1741508105.003481,-12,50,-78
1741508105.049481,25,-34,-90
1741508105.095481,-20,13,-123
1741508105.140481,131,31,-157
1741508105.186481,-16,17,-59
1741508105.232481,117,-17,-33
1741508105.278481,19,17,-68
1741508105.3234808,13,13,-152
1741508105.3694808,53,-70,-228
1741508105.4154809,-43,-61,-175
1741508105.460481,13,71,-68
1741508105.506481,-1,-7,-94
1741508105.552481,9,-5,-150
1741508105.598481,48,72,-120
1741508105.643481,-14,-65,-78
1741508105.689481,75,-95,-84
1741508105.735481,-33,-37,-94
1741508105.7804809,-5,10,-68
1741508105.8264809,-18,-12,-46
1741508105.8724809,-21,122,7
1741508105.9184809,-61,32,-156
1741508105.963481,0,46,-56
1741508106.009481,60,-3,-58
1741508106.055481,-27,-41,-26
1741508106.100481,-13,0,-36
1741508106.146481,42,-26,-78
1741508106.1924808,-2,-33,-72
1741508106.2384808,29,74,-150
1741508106.283481,55,4,-88
1741508106.329481,63,-11,-24
1741508106.375481,12,48,21
1741508106.420481,18,-4,-30
1741508106.466481,122,46,-98
1741508106.512481,-9,106,-52
1741508106.558481,-46,41,-60
1741508106.6034808,-89,-56,-105
1741508106.6494808,61,-35,-11
1741508106.6954808,-32,-15,32
1741508106.740481,-50,-65,-37
1741508106.786481,-18,6,-135
1741508106.832481,-18,14,-157
1741508106.878481,27,-17,-87
1741508106.923481,27,-6,18
1741508106.969481,24,-70,90
1741508107.015481,-9,45,-55
1741508107.0604808,-6,-56,-39
1741508107.1064808,-121,-44,-31
1741508107.1524808,-9,-48,-37
1741508107.1984808,56,2,21
1741508107.243481,-84,37,-42
1741508107.289481,-73,-59,-89
1741508107.335481,130,12,-114
1741508107.380481,54,-89,-119
1741508107.426481,62,60,-118
1741508107.472481,-35,34,-47
1741508107.518481,-9,94,-73
1741508107.5634809,22,48,-187
1741508107.6094809,64,34,-31
1741508107.6554809,18,4,-51
1741508107.700481,-61,-54,-7
1741508107.746481,-4,-25,-47
1741508107.792481,16,17,-53
1741508107.838481,-51,-28,-25
1741508107.883481,67,-43,-89
1741508107.929481,-7,12,-89
1741508107.975481,62,10,-95
1741508108.0204809,-9,-31,-165
1741508108.0664809,12,-72,-168
1741508108.1124809,-8,-34,-150
1741508108.158481,52,37,-162
1741508108.203481,-34,-26,-12
1741508108.249481,-39,-15,3
1741508108.295481,4,-21,64
1741508108.3404808,-14,17,-166
1741508108.3864808,-17,-17,-58
1741508108.4324808,7,-26,-80
1741508108.4784808,64,27,-164
1741508108.523481,-33,-69,-68
1741508108.569481,27,30,0
1741508108.615481,0,-78,-100
1741508108.660481,-39,61,-54
1741508108.706481,28,3,-160
1741508108.752481,54,-20,-112
1741508108.7974808,-33,-33,-42
1741508108.8434808,78,-5,-22
1741508108.8894808,-37,-24,-170
1741508108.9354808,24,-6,-144
1741508108.980481,-42,6,-32
1741508109.026481,56,6,-132
1741508109.072481,-41,-11,-122
1741508109.117481,103,26,-122
1741508109.163481,1,-32,-77
1741508109.209481,-36,-11,-62
1741508109.255481,-59,-5,-187
1741508109.3004808,-59,65,-77
1741508109.3464808,-5,13,-117
1741508109.3924809,-31,20,-127
1741508109.437481,-68,-29,-145
1741508109.483481,24,0,-177
1741508109.529481,31,-119,-189
1741508109.575481,-27,-28,-69
1741508109.620481,27,-17,-99
1741508109.666481,0,-32,-131
1741508109.712481,28,3,-169
1741508109.7574809,-55,-68,-35
1741508109.8034809,-37,-28,10
1741508109.8494809,9,23,-63
1741508109.8954809,-24,-16,-91
1741508109.940481,73,25,-79
1741508109.986481,-66,-62,-67
1741508110.032481,-4,51,-53
1741508110.077481,52,-25,-9
1741508110.123481,-2,35,-177
1741508110.1694808,-51,41,-65
1741508110.2154808,6,-72,-87
1741508110.2604809,-37,-26,-30
1741508110.306481,-33,-14,-88
1741508110.352481,-35,3,39
1741508110.397481,4,27,-122
1741508110.443481,18,-75,-18
1741508110.489481,-51,-17,-108
1741508110.535481,-39,50,-112
1741508110.5804808,57,-49,39
1741508110.6264808,-6,34,-100
1741508110.6724808,-59,46,-56
1741508110.717481,6,-12,-52
1741508110.763481,-56,-10,-110
1741508110.809481,-64,-24,-41
1741508110.855481,-22,-30,-87
1741508110.900481,-26,1,-41
1741508110.946481,-7,16,-139
1741508110.992481,-57,51,-71
1741508111.0374808,13,-5,-163
1741508111.0834808,-32,-17,-109
1741508111.1294808,-102,16,-153
1741508111.1754808,-14,24,-5
1741508111.220481,-17,25,-155
1741508111.266481,-44,-31,34
1741508111.312481,27,-13,-137
1741508111.357481,10,31,-63
1741508111.403481,-22,-11,-79
1741508111.449481,-48,-34,-19
1741508111.495481,-50,35,-83
1741508111.5404809,107,35,-97
1741508111.5864809,46,2,-125
1741508111.6324809,-46,-38,-35
1741508111.677481,-52,-16,-79
1741508111.723481,-56,-8,-37
1741508111.769481,-37,-18,-187
1741508111.815481,68,-46,-43
1741508111.860481,37,-9,47
1741508111.906481,33,-41,-12
1741508111.952481,-40,-15,-8
1741508111.9974809,37,30,-152
1741508112.0434809,19,-23,-120
1741508112.0894809,75,82,-72
1741508112.1354809,-66,28,-86
1741508112.180481,-20,-59,-60
1741508112.226481,-30,46,-150
1741508112.272481,-24,110,-132
1741508112.3174808,-6,54,-102
1741508112.3694808,-46,18,-54
1741508112.4154809,-80,-11,-126
1741508112.460481,47,1,-146
1741508112.506481,39,28,-190
1741508112.552481,40,-36,-180
1741508112.597481,25,-55,-181
1741508112.643481,21,-111,27
1741508112.689481,55,40,-196
1741508112.735481,-71,5,-90
1741508112.7804809,-1,59,-101
1741508112.8264809,28,-28,-122
1741508112.8724809,26,53,-35
1741508112.917481,-11,-64,-132
1741508112.963481,13,-59,-46
1741508113.009481,-3,11,-100
1741508113.055481,6,-58,-44
1741508113.100481,-15,35,-108
1741508113.146481,-34,15,-72
1741508113.1924808,-30,-52,-38
1741508113.2374809,39,13,-45
1741508113.283481,14,-15,-213
1741508113.329481,-19,50,2
1741508113.375481,5,18,-53
1741508113.420481,-69,16,-123
1741508113.466481,-3,3,82
1741508113.512481,-65,-17,6
1741508113.5574808,6,-39,-79
1741508113.6034808,152,-13,-157
1741508113.6494808,-37,-36,-19
1741508113.6954808,-16,29,-157
1741508113.740481,51,22,-11
1741508113.786481,-85,23,-69
1741508113.8334808,8,23,-238
1741508113.8794808,102,17,-2
1741508113.924481,6,-100,-30
1741508113.970481,64,-12,55
1741508114.016481,20,-30,-220
1741508114.061481,55,22,31
1741508114.107481,67,-11,-71
1741508114.153481,-7,-20,-26
1741508114.199481,-19,-106,-10
1741508114.2444808,-20,10,-46
1741508114.2904809,-30,-18,-142
1741508114.3364809,13,77,-56
1741508114.381481,20,-59,-12
1741508114.427481,-5,-5,-122
1741508114.473481,-27,-1,-70
1741508114.519481,30,50,-92
1741508114.564481,32,-19,-120
1741508114.610481,-8,17,-158
1741508114.656481,24,54,-42
1741508114.7014809,48,-13,-76
1741508114.7474809,20,20,11
1741508114.7934809,2,27,-26
1741508114.8394809,-26,-49,-136
1741508114.884481,45,30,-66
1741508114.930481,26,68,-72
1741508114.976481,30,10,-132
1741508115.021481,-51,25,-118
1741508115.0674808,72,39,-42
1741508115.1134808,-44,36,-90
1741508115.1594808,36,46,-230
1741508115.204481,54,-25,-98
1741508115.250481,-21,-7,-168
1741508115.296481,-83,1,-84
1741508115.341481,10,12,-58
1741508115.387481,2,-5,-74
1741508115.433481,46,12,33
1741508115.4784808,10,-21,-30
1741508115.5244808,60,-55,-42
1741508115.5704808,15,47,-40
1741508115.6164808,-29,51,-2
1741508115.661481,-15,9,-2
1741508115.707481,60,-2,-50
1741508115.753481,35,8,-74
1741508115.798481,2,-25,-138
1741508115.844481,49,36,-112
1741508115.890481,151,34,-112
1741508115.936481,5,22,-124
1741508115.9814808,-33,70,-80
1741508116.0274808,-54,-70,-60
1741508116.0734808,-41,2,-134
1741508116.118481,-4,14,0
1741508116.164481,63,-12,-148
1741508116.210481,33,-8,-26
1741508116.256481,-11,7,-190
1741508116.301481,-29,-44,21
1741508116.347481,-44,-72,-56
1741508116.393481,-14,36,-85
1741508116.4384809,-18,38,-31
1741508116.4844809,-42,77,-19
1741508116.5304809,5,5,-139
1741508116.5764809,-94,-50,-43
1741508116.621481,-19,-60,-163
1741508116.667481,0,11,-127
1741508116.713481,10,5,-63
1741508116.758481,36,-18,-109
1741508116.804481,-9,-38,-19
1741508116.850481,46,-34,-181
1741508116.896481,48,-36,-109
1741508116.9414809,6,-5,-119
1741508116.9874809,-7,-29,-35
1741508117.033481,-33,-57,-45
1741508117.078481,22,-13,-93
1741508117.124481,-37,-5,-35
1741508117.170481,-73,-47,-135
1741508117.216481,-15,-53,-1
1741508117.2614808,-8,31,-83
1741508117.3074808,-43,-13,-47
1741508117.3534808,37,9,-55
1741508117.398481,-10,-20,-43
1741508117.444481,13,-64,-19
1741508117.490481,0,-17,-65
1741508117.536481,-13,-17,-65
1741508117.581481,7,33,-209
1741508117.627481,-22,-15,-75
1741508117.673481,37,13,-161
1741508117.7184808,-22,53,-103
1741508117.7644808,-6,27,-97
1741508117.8104808,-20,-52,-81
1741508117.8564808,-10,39,-53
1741508117.901481,15,-20,-51
1741508117.947481,15,-21,-9
1741508117.993481,57,78,-123
1741508118.038481,27,107,8
1741508118.084481,-36,72,-91
1741508118.130481,-29,2,-29
1741508118.176481,-85,21,-79
1741508118.2214808,100,0,-87
1741508118.2674809,10,-3,-123
1741508118.3134809,-35,18,-51
1741508118.358481,-5,30,-84
1741508118.404481,-55,-31,-34
1741508118.450481,-35,68,-156
1741508118.496481,-92,-20,-106
1741508118.541481,38,-16,-134
1741508118.587481,-29,31,-138
1741508118.633481,33,-5,-28
1741508118.6784809,-34,41,-72
1741508118.7244809,-10,16,-104
1741508118.7704809,2,-1,7
1741508118.8164809,9,31,-82
1741508118.861481,-24,3,-10
1741508118.907481,-25,50,-36
1741508118.953481,-59,-97,-60
1741508118.998481,28,-105,-36
1741508119.0444808,-63,-47,-44
1741508119.0904808,-41,58,-174
1741508119.1364808,-101,-23,-66
1741508119.181481,-51,40,-86
1741508119.227481,-47,12,9
1741508119.273481,99,-41,-84
1741508119.318481,20,61,25
1741508119.364481,71,-29,-110
1741508119.410481,74,-27,-22
1741508119.456481,-21,20,-142
1741508119.5014808,34,4,-80
1741508119.5474808,36,-13,-28
1741508119.5934808,-35,28,-58
1741508119.638481,-3,10,-114
1741508119.684481,-38,58,-102
1741508119.730481,-20,12,48
1741508119.776481,-1,81,-9
1741508119.821481,-125,-12,-131
1741508119.867481,22,1,-165
1741508119.913481,-7,-20,-161
1741508119.9584808,-3,-72,6
1741508120.0044808,-69,9,6
1741508120.0504808,-79,-2,-31
1741508120.0964808,-70,39,-139
1741508120.141481,73,17,-67
1741508120.187481,35,5,-83
1741508120.233481,49,-40,46
1741508120.278481,11,25,-117
1741508120.324481,-45,-12,-6
1741508120.370481,-64,-2,-15
1741508120.416481,11,71,-101
1741508120.4614809,25,-30,-69
1741508120.5074809,-64,-62,-27
1741508120.5534809,41,-3,-101
1741508120.598481,-8,26,-109
1741508120.644481,-76,32,-129
1741508120.690481,-18,67,-123
1741508120.736481,-4,-69,-143
1741508120.781481,-42,26,-35
1741508120.827481,17,-17,-27
1741508120.873481,-33,-24,-43
1741508120.9184809,-25,-37,-57
1741508120.9644809,-51,-50,-91
1741508121.0104809,-27,-38,-194
1741508121.056481,90,69,-35
1741508121.101481,58,-1,-97
1741508121.147481,10,8,-123
1741508121.193481,98,8,42
1741508121.2384808,46,72,-55
1741508121.2844808,-45,78,-141
1741508121.3304808,-49,6,-101
1741508121.3764808,38,0,93
1741508121.421481,47,-18,-93
1741508121.467481,-30,3,-51
1741508121.513481,45,45,-67
1741508121.558481,63,-95,-3
1741508121.604481,3,-37,-73
1741508121.650481,-37,25,-5
1741508121.696481,-23,-34,-29
1741508121.7414808,20,-65,36
1741508121.7874808,34,58,-79
1741508121.8334808,-61,-25,-123
1741508121.878481,40,40,-85
1741508121.924481,-3,-37,-27
1741508121.970481,-35,-14,-81
1741508122.016481,19,88,-33
1741508122.061481,-56,-11,-111
1741508122.107481,-28,-7,-107
1741508122.153481,123,-21,-101
1741508122.1984808,25,-33,-115
1741508122.2444808,63,-18,-231
1741508122.2904809,69,-52,-59
1741508122.335481,-40,4,-131
1741508122.387481,24,6,-27
1741508122.433481,-101,-24,-127
1741508122.4784808,-55,32,-49
1741508122.5244808,90,75,-179
1741508122.5704808,-71,61,-151
1741508122.615481,-61,5,-43
1741508122.661481,0,-10,-137
1741508122.707481,28,-47,-11
1741508122.753481,-67,50,-115
1741508122.798481,-35,56,-97
1741508122.844481,-49,42,-127
1741508122.890481,16,-35,8
1741508122.9354808,66,-59,-79
1741508122.9814808,-39,-15,18
1741508123.0274808,-33,-5,-9
1741508123.0734808,22,-5,-73
1741508123.118481,50,-37,-59
1741508123.164481,-14,14,-123
1741508123.210481,-115,-43,-185
1741508123.255481,-7,11,-211
1741508123.301481,72,4,46
1741508123.347481,-23,-7,-151
1741508123.393481,-24,35,-163
1741508123.4384809,-43,-19,-93
1741508123.4844809,-59,-56,56
1741508123.5304809,-43,39,-79
1741508123.575481,-17,-9,-150
1741508123.621481,-31,30,-30
1741508123.667481,-21,-37,-76
1741508123.713481,0,24,-162
1741508123.758481,20,-7,-23
1741508123.804481,-67,12,-294
1741508123.850481,48,24,-39
1741508123.8954809,72,22,-167
1741508123.9414809,-8,-80,-99
1741508123.9874809,41,-42,-133
1741508124.033481,7,29,-121
1741508124.078481,-44,49,-65
1741508124.124481,105,43,36
1741508124.170481,-16,-18,-51
1741508124.2154808,72,-90,-97
1741508124.2614808,8,21,-1
1741508124.3074808,74,23,-143
1741508124.3534808,16,-58,48
1741508124.398481,47,-60,-63
1741508124.444481,51,-40,-65
1741508124.489481,0,-4,-23
1741508124.5344808,15,13,-85
1741508124.5804808,-23,40,-53
1741508124.6264808,29,-12,-159
1741508124.671481,6,4,-223
1741508124.717481,23,5,-83
1741508124.763481,-34,-6,-115
1741508124.809481,-36,11,-171
1741508124.854481,27,21,-19
1741508124.900481,-66,-60,-25
1741508124.946481,48,-35,-89
1741508124.9914808,20,36,-46
1741508125.0374808,-37,20,-117
1741508125.0834808,-49,24,-63
1741508125.1294808,68,58,6
1741508125.174481,72,50,-11
1741508125.220481,-57,4,-77
1741508125.266481,44,6,-102
1741508125.311481,-7,47,-105
1741508125.357481,-15,-39,-159
1741508125.403481,6,22,51
1741508125.449481,15,-27,-135
1741508125.4944808,-22,2,-145
1741508125.5404809,11,-25,-117
1741508125.5864809,28,-9,64
1741508125.631481,14,-37,-43
1741508125.677481,52,-3,-139
1741508125.723481,-38,-76,-97
1741508125.769481,0,-24,-67
1741508125.814481,-7,-25,-31
1741508125.860481,14,-59,-35
1741508125.906481,-39,-13,-47
1741508125.9514809,-50,9,-169
1741508125.9974809,84,20,-67
1741508126.0434809,75,-22,-97
1741508126.0894809,2,48,-37
1741508126.134481,77,39,-43
1741508126.180481,-25,24,-101
1741508126.226481,-3,32,-131
1741508126.271481,-1,20,-25
1741508126.3174808,26,10,-97
1741508126.3634808,-41,-11,-81
1741508126.4094808,21,-56,-57
1741508126.454481,45,1,-103
1741508126.500481,-7,28,-69
1741508126.546481,82,-11,-81
1741508126.591481,-24,-30,-45
1741508126.637481,33,-30,-203
1741508126.683481,28,-7,-133
1741508126.729481,8,2,-13
1741508126.7744808,1,22,-9
1741508126.8204808,-66,-11,-71
1741508126.8664808,-42,56,-5
1741508126.911481,64,4,-201
1741508126.957481,-84,18,-50
1741508127.003481,15,20,-82
1741508127.049481,-36,52,-90
1741508127.094481,43,34,-136
1741508127.140481,27,-15,-94
1741508127.186481,67,12,-170
1741508127.2314808,-12,-79,-68
1741508127.2774808,35,-81,-58
1741508127.3234808,-12,-13,-128
1741508127.3694808,73,-33,-112
1741508127.414481,-21,-10,-124
1741508127.460481,-27,24,-76
1741508127.506481,-28,35,-82
1741508127.551481,-28,-10,-34
1741508127.597481,23,81,-122
1741508127.643481,-60,45,-119
1741508127.689481,10,22,2
1741508127.7344809,6,-29,-11
1741508127.7804809,45,-61,-133
1741508127.8264809,31,-33,-129
1741508127.871481,-36,22,-51
1741508127.917481,35,18,-131
1741508127.963481,-67,-17,-37
1741508128.009481,46,56,-101
1741508128.054481,55,-15,56
1741508128.100481,5,8,56
1741508128.146481,5,-95,-177
1741508128.1914809,45,24,6
1741508128.2374809,-17,12,-79
1741508128.283481,13,-36,-121
1741508128.329481,-46,-27,-163
1741508128.374481,-54,-65,-91
1741508128.420481,-18,62,-85
1741508128.466481,-26,34,-147
1741508128.5114808,123,12,39
1741508128.5574808,17,-63,-106
1741508128.6034808,-60,16,-104
1741508128.6494808,-14,44,-32
1741508128.694481,15,-27,-100
1741508128.740481,-52,-7,-26
1741508128.786481,-28,0,-60
1741508128.831481,-60,0,-68
1741508128.877481,27,36,17
1741508128.923481,13,-18,-56
1741508128.969481,13,-15,-46
1741508129.0144808,29,18,-102
1741508129.0604808,-38,-4,-46
1741508129.1064808,50,57,-64
1741508129.151481,-50,-22,-152
1741508129.197481,14,-6,-152
1741508129.243481,-49,8,-108
1741508129.288481,-3,61,-128
1741508129.334481,23,23,-184
1741508129.380481,-32,-50,-46
1741508129.426481,-42,24,-128
1741508129.4714808,-48,-2,-8
1741508129.5174809,52,26,-46
1741508129.5634809,-65,-17,-80
1741508129.608481,-51,-28,-111
1741508129.654481,3,-13,-163
1741508129.700481,28,-8,-149
1741508129.746481,9,-39,-71
1741508129.791481,-2,-37,-126
1741508129.837481,-62,-29,-127
1741508129.883481,8,31,-61
1741508129.9284809,26,-44,-123
1741508129.9744809,-11,-16,-125
1741508130.0204809,37,-45,-163
1741508130.0664809,10,-2,-48
1741508130.111481,4,-26,-80
1741508130.157481,-56,14,-33
1741508130.203481,-36,21,-18
1741508130.248481,27,15,-102
1741508130.2944808,75,31,-22
1741508130.3404808,-49,14,-48
1741508130.3864808,2,53,-104
1741508130.431481,20,-69,-156
1741508130.477481,25,-53,-55
1741508130.523481,-3,-9,-73
1741508130.568481,-1,41,-100
1741508130.614481,14,15,-130
1741508130.660481,10,-32,-44
1741508130.706481,110,-10,-108
1741508130.7514808,38,-59,-24
1741508130.7974808,56,-33,-80
1741508130.8434808,16,46,-156
1741508130.888481,18,14,-39
1741508130.934481,-4,17,-31
1741508130.980481,-54,0,-33
1741508131.026481,41,-51,-10
1741508131.071481,53,44,-130
1741508131.117481,30,-44,-86
1741508131.163481,-23,9,-197
1741508131.2084808,90,39,31
1741508131.2544808,-5,-28,-70
1741508131.3004808,7,0,-57
1741508131.3464808,-92,-6,-157
1741508131.391481,82,6,-123
1741508131.437481,5,-56,-101
1741508131.483481,-52,-74,60
1741508131.528481,84,26,-77
1741508131.574481,28,-57,46
1741508131.620481,-17,36,-3
1741508131.666481,18,20,-155
1741508131.7114809,-48,-12,-143
1741508131.7574809,-25,-5,-67
1741508131.8034809,-2,-25,-41
1741508131.848481,-26,0,-145
1741508131.894481,24,23,-101
1741508131.940481,1,1,-15
1741508131.986481,-74,36,-71
1741508132.031481,27,-1,-97
1741508132.077481,-26,-10,-109
1741508132.123481,63,37,-11
1741508132.1684809,37,-29,-91
1741508132.2144809,33,28,-31
1741508132.2604809,64,-45,-163
1741508132.306481,-45,29,-75
1741508132.357481,10,-30,4
1741508132.403481,36,65,-15
1741508132.4484808,10,7,-91
1741508132.4944808,26,14,-23
1741508132.5404809,8,21,-43
1741508132.5864809,6,-16,-53
1741508132.631481,-135,-42,-185
1741508132.677481,28,55,-116
1741508132.723481,-13,-25,-120
1741508132.768481,67,-85,-154
1741508132.814481,-7,93,-47
1741508132.860481,38,9,-171
1741508132.906481,96,-7,-96
1741508132.9514809,52,-9,-70
1741508132.9974809,108,2,-81
1741508133.0434809,7,-32,-51
1741508133.088481,-34,15,36
1741508133.134481,28,-15,-29
1741508133.180481,-46,-69,-194
1741508133.226481,-39,-64,-40
1741508133.271481,8,-10,-8
1741508133.3174808,58,9,-118
1741508133.3634808,48,35,3
1741508133.408481,28,22,-8
1741508133.454481,6,30,-96
1741508133.500481,-29,-71,-86
1741508133.546481,15,3,-6
1741508133.591481,77,9,-62
1741508133.637481,78,-61,-32
1741508133.683481,-13,-14,-80
1741508133.7284808,36,4,-84
1741508133.7744808,0,-35,-128
1741508133.8204808,-95,-75,-28
1741508133.8664808,-35,-4,-88
1741508133.911481,52,-22,-70
1741508133.957481,8,9,-40
1741508134.003481,-81,27,-28
1741508134.048481,-55,-64,-70
1741508134.094481,-29,9,31
1741508134.140481,6,-5,-24
1741508134.186481,51,1,-146
1741508134.2314808,1,-26,-34
1741508134.2774808,-167,-38,59
1741508134.3234808,-34,7,-10
1741508134.368481,61,36,-74
1741508134.414481,21,-60,-196
1741508134.460481,-114,-14,-78
1741508134.506481,41,43,-28
1741508134.551481,-16,-55,-120
1741508134.597481,31,-53,-92
1741508134.643481,73,-5,-38
1741508134.6884809,13,-17,0
1741508134.7344809,54,-3,-152
1741508134.7804809,-2,99,-66
1741508134.8264809,54,3,-40
1741508134.871481,-45,47,-96
1741508134.917481,84,-24,9
1741508134.963481,48,-56,9
1741508135.008481,61,-42,-146
1741508135.054481,15,-61,-66
1741508135.100481,19,-11,107
1741508135.146481,-22,-22,-122
1741508135.1914809,24,-103,-36
1741508135.2374809,-18,-44,-76
1741508135.283481,-79,-53,-104
1741508135.328481,70,-63,-170
1741508135.374481,-11,42,-44
1741508135.420481,52,50,-58
1741508135.466481,-19,-50,-133
1741508135.5114808,36,0,-13
1741508135.5574808,24,0,-67
1741508135.6034808,-15,-29,-41
1741508135.648481,-33,50,-155
1741508135.694481,6,-54,-163
1741508135.740481,58,-44,-85
1741508135.786481,6,-39,-185
1741508135.831481,-17,-37,-133
1741508135.877481,-35,-60,-75
1741508135.923481,4,62,-85
1741508135.9684808,9,54,-49
1741508136.0144808,11,12,8
1741508136.0604808,-45,56,-87
1741508136.1064808,12,-81,-91
1741508136.151481,14,-19,-151
1741508136.197481,82,-59,-87
1741508136.243481,10,-33,-73
1741508136.288481,11,7,-87
1741508136.334481,-33,93,-143
1741508136.380481,39,-15,-117
1741508136.4254808,25,66,-53
1741508136.4714808,25,6,26
1741508136.5174809,10,-21,-19
1741508136.5634809,-28,2,20
1741508136.608481,-51,-44,-195
1741508136.654481,-78,24,38
1741508136.700481,35,38,-155
1741508136.745481,21,-23,-27
1741508136.791481,33,76,-29
1741508136.837481,51,-21,6
1741508136.883481,6,-34,-19
1741508136.9284809,136,27,-97
1741508136.9744809,-10,-29,92
1741508137.0204809,30,-25,-87
1741508137.065481,-48,38,-113
1741508137.111481,-23,78,-141
1741508137.157481,-57,-45,-51
1741508137.203481,-32,6,-167
1741508137.248481,43,-13,-71
1741508137.2944808,41,34,-19
1741508137.3404808,46,-61,-117
1741508137.3854809,14,44,-127
1741508137.431481,-39,48,-29
1741508137.477481,20,-39,-157
1741508137.523481,-44,61,-77
1741508137.568481,-12,3,90
1741508137.614481,41,-53,-189
1741508137.660481,-29,84,-91
1741508137.7054808,25,-6,-9
1741508137.7514808,58,-49,46
1741508137.7974808,41,41,-33
1741508137.8434808,-3,-24,-33
1741508137.888481,10,-33,-35
1741508137.934481,-44,9,-37
1741508137.980481,-7,-74,-181
1741508138.025481,70,3,-95
1741508138.071481,-7,-74,28
1741508138.117481,7,-31,-77
1741508138.163481,6,-32,-161
1741508138.2084808,-70,-32,-127
1741508138.2544808,2,9,-91
1741508138.3004808,65,-9,-99
1741508138.345481,47,-3,-107
1741508138.391481,-18,-1,-184
1741508138.437481,-8,-35,-84
1741508138.483481,1,-8,-32
1741508138.528481,17,0,-166
1741508138.574481,53,17,-110
1741508138.620481,57,-29,-6
1741508138.6654809,41,-29,-112
1741508138.7114809,77,10,-114
1741508138.7574809,11,38,-44
1741508138.8034809,53,8,-136
1741508138.848481,69,-28,-16
1741508138.894481,87,-74,-154
1741508138.940481,-21,91,-62
1741508138.985481,54,57,-48
1741508139.031481,14,-46,-24
1741508139.077481,64,55,-28
1741508139.123481,118,29,-108
1741508139.1684809,24,11,-68
1741508139.2144809,0,-82,-92
1741508139.2604809,-19,-74,-86
1741508139.305481,-19,-72,-54
1741508139.351481,-19,3,-216
1741508139.397481,22,-12,-70
1741508139.443481,-107,-23,-58
1741508139.4884808,20,-37,83
1741508139.5344808,4,-39,27
1741508139.5804808,-63,42,-42
1741508139.625481,96,2,-168
1741508139.671481,64,-12,-24
1741508139.717481,-31,-137,-180
1741508139.763481,-3,-66,-40
1741508139.808481,-27,-32,-200
1741508139.854481,-25,39,-160
1741508139.900481,-17,67,-146
1741508139.9454808,18,-34,1
1741508139.9914808,24,-42,-99
1741508140.0374808,48,-38,-129
1741508140.0834808,-33,25,-129
1741508140.128481,74,-26,-51
1741508140.174481,-89,10,-223
1741508140.220481,-25,30,-43
1741508140.265481,11,12,-101
1741508140.311481,9,22,-196
1741508140.357481,65,14,-48
1741508140.403481,-44,-101,10
1741508140.4484808,23,-35,-59
1741508140.4944808,-39,52,-124
1741508140.5404809,4,4,-84
1741508140.585481,-1,76,-118
1741508140.631481,0,-45,7
1741508140.677481,-34,-27,-68
1741508140.723481,-28,47,-56
1741508140.768481,-2,35,-42
1741508140.814481,-14,87,-2
1741508140.860481,63,25,-24
1741508140.9054809,-12,-38,15
1741508140.9514809,32,-34,-146
1741508140.9974809,-61,-94,-64
1741508141.0434809,15,12,-184
1741508141.088481,58,-63,-70
1741508141.134481,45,22,-188
1741508141.180481,13,-55,-108
1741508141.225481,39,72,-36
1741508141.271481,-10,2,-98
1741508141.3174808,18,-18,-22
1741508141.3634808,-35,49,17
1741508141.408481,76,19,-110
1741508141.454481,-41,-32,-150
1741508141.500481,31,6,-82
1741508141.545481,-15,-28,-152
1741508141.591481,-89,7,-28
1741508141.637481,23,-15,-18
1741508141.683481,-12,54,-142
1741508141.7284808,-10,12,-40
1741508141.7744808,-34,-121,-118
1741508141.8204808,55,28,-24
1741508141.865481,-38,-51,-36
1741508141.911481,-29,14,-128
1741508141.957481,-89,-99,-232
1741508142.003481,0,-29,-97
1741508142.048481,-18,-18,-84
1741508142.094481,12,19,-59
1741508142.140481,15,21,-37
1741508142.1854808,67,-62,-53
1741508142.2314808,-62,21,-71
1741508142.2774808,-34,73,-55
1741508142.3234808,-47,0,-117
1741508142.374481,-13,-19,-73
1741508142.420481,-25,-7,-77
1741508142.4654808,12,42,-127
1741508142.5114808,36,-17,66
1741508142.5574808,23,-37,-163
1741508142.6034808,-13,0,-87
1741508142.648481,-15,27,-71
1741508142.694481,-31,-60,-99
1741508142.740481,20,-2,-6
1741508142.785481,50,-20,-28
1741508142.831481,-9,10,-4
1741508142.877481,70,30,-2
1741508142.9224808,32,18,-16
1741508142.9684808,56,-73,49
1741508143.0144808,-87,34,-31
1741508143.0604808,10,-7,-119
1741508143.105481,-15,36,-173
1741508143.151481,10,21,-65
1741508143.197481,4,49,-85
1741508143.242481,-81,3,-71
1741508143.288481,-37,47,-201
1741508143.334481,-13,-68,14
1741508143.380481,50,13,-109
1741508143.4254808,-19,-46,-27
1741508143.4714808,6,50,-143
1741508143.5174809,-1,-1,-137
1741508143.562481,13,-36,-49
1741508143.608481,12,-47,-15
1741508143.654481,4,-17,-13
1741508143.700481,85,42,-59
1741508143.745481,-54,-37,-73
1741508143.791481,54,34,-49
1741508143.837481,38,32,-33
1741508143.8824809,20,4,-9
1741508143.9284809,92,2,-7
1741508143.9744809,1,21,-115
1741508144.0204809,-32,14,-153
1741508144.065481,-39,-1,-117
1741508144.111481,28,-61,-43
1741508144.157481,-17,-52,-87
1741508144.202481,-1,-10,-157
1741508144.248481,-25,-28,-39
1741508144.2944808,-23,5,-73
1741508144.3404808,-21,17,-115
1741508144.3854809,70,34,18
1741508144.431481,-43,4,-95
1741508144.477481,20,-16,-75
1741508144.522481,37,33,-139
1741508144.568481,3,-10,-48
1741508144.614481,44,10,-6
1741508144.660481,2,-13,-58
1741508144.7054808,0,54,-36
1741508144.7514808,-63,-18,-108
1741508144.7974808,-13,-21,-24
1741508144.842481,-53,59,-118
1741508144.888481,-12,-35,-166
1741508144.934481,60,75,-16
1741508144.980481,-17,-27,-174
1741508145.025481,53,-11,-34
1741508145.071481,57,-17,-32
1741508145.117481,-16,-21,-97
1741508145.1624808,-24,-75,-111
1741508145.2084808,12,28,-73
1741508145.2544808,-49,20,82
1741508145.3004808,38,56,-171
1741508145.345481,78,16,-25
1741508145.391481,42,48,-17
1741508145.437481,84,114,-57
1741508145.482481,69,40,-117
1741508145.528481,40,-35,-65
1741508145.574481,14,-67,-79
1741508145.620481,-62,-14,-33
1741508145.6654809,-76,-21,-7
1741508145.7114809,-21,-19,-137
1741508145.7574809,-23,-39,-77
1741508145.802481,31,36,-77
1741508145.848481,48,-1,-169
1741508145.894481,6,48,-107
1741508145.940481,24,-92,-87
1741508145.985481,-31,-50,-43
1741508146.031481,-39,0,-17
1741508146.077481,28,13,-107
1741508146.1224809,48,4,-21
1741508146.1684809,6,-53,-159
1741508146.2144809,-63,30,-79
1741508146.2604809,-81,14,-39
1741508146.305481,13,-34,-53
1741508146.351481,1,45,-153
1741508146.397481,87,23,-59
1741508146.4424808,-36,-16,14
1741508146.4884808,-16,57,-131
1741508146.5344808,98,4,-119
1741508146.5804808,-28,107,12
1741508146.625481,80,32,-117
1741508146.671481,-26,61,-91
1741508146.717481,7,-26,-97
1741508146.762481,-40,9,-105
1741508146.808481,-39,-85,-133
1741508146.854481,-27,2,12
1741508146.900481,16,-107,-17
1741508146.9454808,42,-11,-91
1741508146.9914808,-23,-9,-133
1741508147.0374808,8,17,-109
1741508147.082481,76,60,-139
1741508147.128481,1,-42,-131
1741508147.174481,-32,-8,-7
1741508147.220481,-12,-48,-127
1741508147.265481,25,91,71
1741508147.311481,62,-35,-37
1741508147.357481,-7,-23,-101
1741508147.4024808,38,36,-103
1741508147.4484808,38,2,-145
1741508147.4944808,44,-53,8
1741508147.5404809,8,18,-72
1741508147.585481,0,60,-87
1741508147.631481,60,22,41
1741508147.677481,14,94,-94
1741508147.722481,30,-49,-104
1741508147.768481,37,21,-76
1741508147.814481,5,20,-178
1741508147.860481,29,-25,27
1741508147.9054809,45,-58,-136
1741508147.9514809,-14,8,-122
1741508147.9974809,-54,22,-33
1741508148.042481,63,-59,-15
1741508148.088481,-78,-9,-77
1741508148.134481,78,8,-167
1741508148.180481,-19,-61,63
1741508148.225481,4,20,-136
1741508148.271481,-19,71,-76
1741508148.3174808,18,21,-68
1741508148.3624809,28,3,-14
1741508148.408481,-29,-32,-126
1741508148.454481,12,-80,-100
1741508148.500481,52,5,-96
1741508148.545481,54,-16,-54
1741508148.591481,32,19,-32
1741508148.637481,-4,23,97
1741508148.6824808,-18,0,-90
1741508148.7284808,-8,-17,-129
1741508148.7744808,-28,27,-63
1741508148.8204808,16,-84,-49
1741508148.865481,-1,-14,-141
1741508148.911481,62,-37,-93
1741508148.957481,-1,7,-113
1741508149.002481,-6,18,-7
1741508149.048481,21,37,-51
1741508149.094481,61,-70,66
1741508149.140481,5,47,-77
1741508149.1854808,-24,-58,-47
1741508149.2314808,107,0,-133
1741508149.2774808,-19,30,-25
1741508149.322481,5,46,-113
1741508149.368481,83,22,-45
1741508149.414481,21,69,-5
1741508149.460481,30,-34,-121
1741508149.505481,59,45,-185
1741508149.551481,49,107,-133
1741508149.597481,-89,-13,-155
1741508149.6424809,11,-29,12
1741508149.6884809,-38,-45,-137
1741508149.7344809,-62,75,-9
1741508149.779481,-11,-78,-93
1741508149.825481,70,12,-11
1741508149.871481,62,75,-73
1741508149.917481,-39,-7,-9
1741508149.962481,-87,-41,-241
1741508150.008481,36,-51,-77
1741508150.054481,28,26,-117
1741508150.0994809,27,99,-113
1741508150.1454809,38,-14,-73
1741508150.1914809,-45,62,-59
1741508150.2374809,-1,-65,-49
1741508150.282481,-21,6,-37
1741508150.328481,-57,55,-135
1741508150.374481,-43,-20,-149
1741508150.4194808,14,-44,-63
1741508150.4654808,57,-47,-59
1741508150.5114808,-26,26,-47
1741508150.5574808,101,20,-87
1741508150.602481,-16,-45,-84
1741508150.648481,-18,-1,-65
1741508150.694481,-72,-25,-101
1741508150.739481,13,55,-67
1741508150.785481,-9,-13,-129
1741508150.831481,-47,-25,-90
1741508150.877481,-15,33,-32
1741508150.9224808,38,-56,-128
1741508150.9684808,63,-44,-6
1741508151.0144808,-69,29,-106
1741508151.059481,-76,-6,-202
1741508151.104481,-9,-4,-56
1741508151.150481,18,7,-110
1741508151.1954808,-17,25,-66
1741508151.2414808,-39,-14,-80
1741508151.2874808,54,11,-30
1741508151.3334808,61,-24,-66
1741508151.378481,15,-70,-116
1741508151.424481,41,-4,-78
1741508151.470481,-12,-50,-146
1741508151.515481,-31,24,-46
1741508151.561481,22,-13,-152
1741508151.607481,0,70,-120
1741508151.653481,-13,-53,-190
1741508151.6984808,-27,-43,-178
1741508151.7444808,-2,6,-42
1741508151.7904809,47,-26,-180
1741508151.835481,-49,-76,-36
1741508151.881481,48,84,-92
1741508151.927481,6,-57,-106
1741508151.973481,-41,-121,-128
1741508152.018481,25,19,-118
1741508152.064481,61,-28,-44
1741508152.110481,108,12,-82
1741508152.1554809,-1,-64,-14
1741508152.2014809,21,47,-38
1741508152.2474809,-56,-46,-76
1741508152.2934809,-20,39,-236
1741508152.338481,-106,67,-138
1741508152.390481,-100,14,-78
1741508152.4354808,31,70,-95
1741508152.4814808,-46,54,-34
1741508152.5274808,19,-1,-181
1741508152.5734808,-32,88,-107
1741508152.618481,21,-9,-59
1741508152.664481,-50,-33,-59
1741508152.710481,-2,-83,-115
1741508152.755481,-84,20,-84
1741508152.801481,-3,-6,-59
1741508152.847481,-66,18,-147
1741508152.893481,43,50,-87
1741508152.9384809,9,44,-111
1741508152.9844809,-28,-61,-107
1741508153.0304809,-60,24,-231
1741508153.075481,82,51,-65
1741508153.121481,-13,17,-89
1741508153.167481,-63,75,-133
1741508153.213481,14,29,-105
1741508153.258481,-7,10,-29
1741508153.304481,-69,16,-55
1741508153.350481,-13,-17,-94
1741508153.3954809,-27,24,-155
1741508153.4414809,-1,-36,14
1741508153.4874809,30,23,-29
1741508153.533481,10,-14,31
1741508153.578481,71,12,-5
1741508153.624481,1,-1,-115
1741508153.670481,-30,76,-33
1741508153.7154808,-15,25,20
1741508153.7614808,-13,27,-51
1741508153.8074808,-3,-10,-143
1741508153.8534808,-43,-17,-281
1741508153.898481,32,-13,54
1741508153.944481,37,-41,-1
1741508153.990481,-78,2,-85
1741508154.035481,7,-27,2
1741508154.081481,21,20,-11
1741508154.127481,61,-21,18
1741508154.173481,-8,-7,-47
1741508154.2184808,-16,-55,-93
1741508154.2644808,-71,65,-51
1741508154.3104808,26,25,-161
1741508154.355481,32,-21,50
1741508154.401481,-13,-13,-21
1741508154.447481,-15,2,-53
1741508154.493481,50,-33,-43
1741508154.538481,-35,-7,22
1741508154.584481,-109,16,-87
1741508154.630481,36,14,-131
1741508154.6754808,-51,-13,-183
1741508154.7214808,70,-51,54
1741508154.7674809,56,-53,-65
1741508154.8134809,20,4,-37
1741508154.858481,-49,-48,-125
1741508154.904481,2,-4,40
1741508154.950481,79,-6,-91
1741508154.995481,47,-42,-76
1741508155.041481,-26,-2,-168
1741508155.087481,-16,37,-34
1741508155.133481,-57,49,5
1741508155.1784809,34,15,-120
1741508155.2244809,110,-18,-204
1741508155.2704809,-49,21,-136
1741508155.315481,-43,-12,-34
1741508155.361481,23,58,-26
1741508155.407481,34,16,-139
1741508155.453481,21,72,-71
1741508155.498481,-42,-51,-135
1741508155.5444808,-59,-17,-133
1741508155.5904808,-77,-11,-127
1741508155.6354809,70,-37,-301
1741508155.681481,-8,98,-37
1741508155.727481,-36,24,-124
1741508155.773481,43,-19,-119
1741508155.818481,-2,18,-117
1741508155.864481,0,-27,-106
1741508155.910481,5,-26,-50
1741508155.9554808,-30,15,-92
1741508156.0014808,57,13,-134
1741508156.0474808,1,1,-84
1741508156.0934808,27,53,-148
1741508156.138481,9,-22,-78
1741508156.184481,-21,39,-2
1741508156.230481,58,9,-88
1741508156.275481,-37,-22,-86
1741508156.321481,54,3,-86
1741508156.367481,-22,63,-86
1741508156.413481,-25,-5,-14
1741508156.4584808,-4,19,-30
1741508156.5044808,23,-35,0
1741508156.5504808,-32,24,-140
1741508156.595481,0,-3,-52
1741508156.641481,39,14,-28
1741508156.687481,-1,30,-106
1741508156.732481,-59,47,-134
1741508156.778481,-41,60,-170
1741508156.824481,-100,50,-111
1741508156.870481,-4,13,-70
1741508156.9154809,0,19,29
1741508156.960481,61,-7,-126
1741508157.006481,0,-26,-230
1741508157.051481,-42,-22,-238
1741508157.097481,29,39,-124
1741508157.143481,12,64,-116
1741508157.1884809,-40,4,-152
1741508157.2344809,-108,-47,-6
1741508157.2804809,-110,6,-75
1741508157.3264809,95,-40,-125
1741508157.371481,21,-46,-101
1741508157.417481,-8,25,11
1741508157.463481,-46,81,59
1741508157.508481,57,-52,33
1741508157.554481,29,25,-190
1741508157.600481,-91,21,-92
1741508157.646481,14,-16,-24
1741508157.6914809,-56,-29,-131
1741508157.7374809,73,-31,-72
1741508157.783481,-24,10,-148
1741508157.828481,-3,-13,-58
1741508157.874481,-69,-7,-34
1741508157.920481,-7,-7,-134
1741508157.966481,-23,-1,-62
1741508158.0114808,-135,64,41
1741508158.0574808,-70,-7,-64
1741508158.1034808,57,22,-84
1741508158.148481,-34,8,-6
1741508158.194481,27,-5,-48
1741508158.240481,11,40,-38
1741508158.286481,91,20,-84
1741508158.331481,11,-23,-70
1741508158.377481,-14,0,-66
1741508158.423481,21,44,-62
1741508158.4684808,0,-31,19
1741508158.5144808,57,-15,-152
1741508158.5604808,-98,-29,-60
1741508158.6064808,-12,-7,-37
1741508158.651481,13,-67,-54
1741508158.697481,7,10,-143
1741508158.743481,-42,-22,-27
1741508158.788481,47,36,-31
1741508158.834481,-97,27,-87
1741508158.880481,-94,-33,-99
1741508158.926481,-74,58,-53
1741508158.9714808,-37,-55,-59
1741508159.0174809,-65,-55,-68
1741508159.0634809,-31,-46,-115
1741508159.108481,10,-4,-117
1741508159.154481,-38,26,-85
1741508159.200481,-20,94,-29
1741508159.246481,15,-28,-95
1741508159.291481,65,6,54
1741508159.337481,-100,-31,-19
1741508159.383481,-45,-37,-157
1741508159.4284809,82,42,26
1741508159.4744809,13,-10,-75
1741508159.5204809,39,39,-67
1741508159.5664809,-16,-30,-7
1741508159.611481,52,-7,-135
1741508159.657481,-3,-69,72
1741508159.703481,-21,-49,8
1741508159.748481,-117,18,0
1741508159.7944808,17,-78,-19
1741508159.8404808,8,-19,-41
1741508159.8864808,-101,-37,-95
1741508159.931481,-25,-21,-55
1741508159.977481,-80,23,60
1741508160.023481,47,3,-115
1741508160.068481,-13,-41,-29
1741508160.114481,12,35,-41
1741508160.160481,-7,-88,-67
1741508160.206481,38,-8,-59
1741508160.2514808,-33,65,-13
1741508160.2974808,-3,-44,-52
1741508160.3434808,62,-50,-31
1741508160.388481,8,-56,-180
1741508160.434481,40,38,-60
1741508160.480481,16,-65,-204
1741508160.526481,-5,-97,-26
1741508160.571481,-1,-129,-58
1741508160.617481,-39,-25,-94
1741508160.663481,0,-23,-100
1741508160.7084808,-20,37,-98
1741508160.7544808,-12,-26,-154
1741508160.8004808,33,-20,11
1741508160.8464808,103,-32,-78
1741508160.891481,1,43,-74
1741508160.937481,-26,-30,-122
1741508160.983481,14,29,13
1741508161.028481,-32,-76,-86
1741508161.074481,0,-33,2
1741508161.120481,-20,71,-146
1741508161.166481,51,28,8
1741508161.2114809,57,41,-49
1741508161.2574809,-82,6,36
1741508161.3034809,43,-5,-7
1741508161.348481,57,40,-169
1741508161.394481,67,-31,-111
1741508161.440481,19,8,-185
1741508161.486481,-22,-81,-125
1741508161.531481,29,32,12
1741508161.577481,-36,-41,-73
1741508161.623481,23,11,-165
1741508161.6684809,4,19,-90
1741508161.7144809,-3,-16,-95
1741508161.7604809,10,-98,-103
1741508161.806481,28,-22,-57
1741508161.851481,35,-35,-107
1741508161.897481,-2,-50,-136
1741508161.943481,49,-20,-29
1741508161.9884808,-94,-62,-99
1741508162.0344808,37,60,-43
1741508162.0804808,45,10,-143
1741508162.1264808,121,66,-5
1741508162.171481,-3,10,-61
1741508162.217481,0,26,-59
1741508162.263481,114,-1,-105
1741508162.308481,-35,4,-47
1741508162.354481,8,-29,-115
1741508162.4054809,4,-9,-89
1741508162.4514809,72,2,-127
1741508162.4974809,-60,13,-165
1741508162.5434809,3,67,-119
1741508162.588481,53,-18,-85
1741508162.634481,-32,0,-63
1741508162.680481,-28,3,-183
1741508162.726481,-9,10,18
1741508162.772481,-7,56,-107
1741508162.818481,-5,46,-161
1741508162.864481,-73,4,-25
1741508162.910481,-67,-39,-30
1741508162.9554808,1,-12,-95
1741508163.0014808,-68,-14,-20
1741508163.0474808,51,-22,-148
1741508163.092481,-62,-6,26
1741508163.138481,-14,19,-157
1741508163.184481,26,76,-71
1741508163.230481,28,20,42
1741508163.275481,42,-5,-3
1741508163.321481,-46,23,46
1741508163.367481,-39,-9,-23
1741508163.4124808,-27,-37,33
1741508163.4584808,-1,1,-8
1741508163.5044808,-29,-43,-112
1741508163.549481,-37,-53,-70
1741508163.595481,32,17,-134
1741508163.641481,4,-10,52
1741508163.687481,8,29,-184
1741508163.732481,-27,-46,-190
1741508163.778481,17,-47,-146
1741508163.824481,31,-52,-202
1741508163.8694808,-38,19,-16
1741508163.9154809,-8,-20,-140
1741508163.9614809,16,106,-73
1741508164.0074809,-7,32,-50
1741508164.052481,-63,20,-98
1741508164.098481,10,-33,0
1741508164.144481,-56,-34,-192
1741508164.189481,0,-16,-70
1741508164.235481,-62,9,-94
1741508164.281481,-8,31,-170
1741508164.327481,-4,-26,-138
1741508164.3724809,-86,39,-94
1741508164.4184809,46,-33,-59
1741508164.4644809,21,-8,-171
1741508164.509481,-70,11,-101
1741508164.555481,-70,-10,-49
1741508164.601481,-63,-67,-65
1741508164.647481,70,-15,-83
1741508164.6924808,-23,-42,-37
1741508164.7384808,54,16,-15
1741508164.7844808,53,-92,-95
1741508164.829481,-41,18,-188
1741508164.875481,-63,-41,-270
1741508164.921481,-57,-43,11
1741508164.967481,-37,-41,-122
1741508165.012481,-7,-22,-15
1741508165.058481,-3,-2,27
1741508165.104481,26,-28,-168
1741508165.1494808,-37,55,13
1741508165.1954808,60,11,-78
1741508165.2414808,9,-7,-8
1741508165.2874808,-7,-11,-14
1741508165.332481,-21,-7,-80
1741508165.378481,-7,-19,-60
1741508165.424481,43,92,-112
1741508165.469481,25,6,0
1741508165.515481,-54,-41,3
1741508165.561481,-3,10,-148
1741508165.607481,39,24,-26
1741508165.6524808,-150,42,7
1741508165.6984808,-43,-25,-54
1741508165.7444808,-79,26,-62
1741508165.789481,42,-59,-58
1741508165.835481,-3,-69,-62
1741508165.881481,-27,-3,-172
1741508165.927481,68,-35,-58
1741508165.972481,44,18,-84
1741508166.018481,-11,-27,-53
1741508166.064481,0,34,-149
1741508166.1094809,6,56,-159
1741508166.1554809,-9,11,-77
1741508166.2014809,-63,30,-152
1741508166.2474809,25,12,-35
1741508166.292481,23,-49,62
1741508166.338481,-36,-33,-123
1741508166.384481,73,-35,-85
1741508166.429481,-32,1,-21
1741508166.475481,20,-7,-91
1741508166.521481,70,54,-39
1741508166.5674808,-51,18,-127
1741508166.6124809,-83,-27,-65
1741508166.658481,17,59,-131
1741508166.704481,83,-48,41
1741508166.749481,-34,-16,-13
1741508166.795481,-31,-53,-153
1741508166.841481,46,-33,2
1741508166.887481,20,24,-45
1741508166.9324808,48,-47,-105
1741508166.9784808,-13,-15,-91
1741508167.0244808,26,-73,-135
1741508167.069481,21,-24,28
1741508167.115481,32,7,-149
1741508167.161481,-11,55,-61
1741508167.207481,5,9,-83
1741508167.252481,13,-23,-45
1741508167.298481,-73,12,-23
1741508167.344481,-42,15,-56
1741508167.3894808,-83,22,-83
1741508167.4354808,-34,-63,-51
1741508167.4814808,-53,27,-13
1741508167.5274808,46,22,-151
1741508167.572481,26,52,-25
1741508167.618481,12,11,-59
1741508167.664481,10,1,-59
1741508167.709481,-78,-13,-21
1741508167.755481,-60,50,-155
1741508167.801481,9,-45,-47
1741508167.847481,58,-30,2
1741508167.8924809,26,7,-43
1741508167.9384809,-29,39,-107
1741508167.9844809,2,7,14
1741508168.029481,6,47,-201
1741508168.075481,28,-24,-37
1741508168.121481,70,-8,-75
1741508168.167481,38,-39,-39
1741508168.212481,-53,-35,-215
1741508168.258481,15,-20,-77
1741508168.304481,49,7,12
1741508168.3494809,22,21,-109
1741508168.3954809,14,19,-120
1741508168.4414809,-3,-8,-38
1741508168.4874809,-31,12,-101
1741508168.532481,50,55,-216
1741508168.578481,31,-86,-46
1741508168.624481,69,-28,-30
1741508168.6694808,12,-42,-42
1741508168.7154808,-28,32,-84
1741508168.7614808,-4,59,-44
1741508168.8074808,77,-70,-108
1741508168.852481,17,60,-14
1741508168.898481,-66,19,-98
1741508168.944481,9,-10,-42
1741508168.989481,-26,7,-58
1741508169.035481,-20,-29,-102
1741508169.081481,-52,83,-48
1741508169.127481,29,16,-62
1741508169.1724808,13,-59,-130
1741508169.2184808,-18,46,-166
1741508169.2644808,-56,-67,71
1741508169.309481,-4,-7,-28
1741508169.355481,31,-27,-26
1741508169.401481,-22,-3,39
1741508169.447481,-2,30,-64
1741508169.492481,25,34,-58
1741508169.538481,-71,5,-162
1741508169.584481,-73,21,-48
1741508169.6294808,-21,-10,-82
1741508169.6754808,28,17,-44
1741508169.7214808,-7,41,-72
1741508169.7674809,-39,67,-172
1741508169.812481,-90,-18,-2
1741508169.858481,9,41,-76
1741508169.904481,73,3,-78
1741508169.949481,-1,-14,-58
1741508169.995481,-41,-22,13
1741508170.041481,-1,-36,-88
1741508170.087481,-21,-9,19
1741508170.1324809,9,19,-120
1741508170.1784809,-82,-15,55
1741508170.2244809,23,30,-105
1741508170.269481,-25,28,-79
1741508170.315481,2,10,-68
1741508170.361481,-1,-31,-79
1741508170.406481,33,4,46
1741508170.452481,-54,54,-93
1741508170.498481,7,4,-103
1741508170.5444808,0,16,-55
1741508170.5894809,11,-69,8
1741508170.6354809,-22,2,-137
1741508170.681481,-56,20,-101
1741508170.726481,9,-9,-201
1741508170.772481,57,-7,-79
1741508170.818481,-35,63,-138
1741508170.864481,33,0,-114
1741508170.9094808,-16,7,33
1741508170.9554808,-66,37,-36
1741508171.0014808,41,21,16
1741508171.046481,3,-24,-85
1741508171.092481,3,-13,-161
1741508171.138481,-2,51,-103
1741508171.184481,-88,3,-67
1741508171.229481,31,-23,-49
1741508171.275481,68,19,-231
1741508171.321481,-60,30,20
1741508171.3664808,-60,-67,2
1741508171.4124808,-30,54,4
1741508171.4584808,-2,-9,-185
1741508171.5044808,85,-27,-89
1741508171.549481,-71,-81,-107
1741508171.595481,-12,24,-79
1741508171.641481,47,-7,-130
1741508171.686481,57,-29,-136
1741508171.732481,-10,4,-74
1741508171.778481,57,-21,-156
1741508171.824481,39,-39,-112
1741508171.8694808,40,-52,-56
1741508171.9154809,57,24,-178
1741508171.9614809,-39,-4,-158
1741508172.006481,23,-3,-152
1741508172.052481,89,-47,9
1741508172.098481,46,19,-48
1741508172.144481,7,11,-88
1741508172.189481,-47,-18,-114
1741508172.235481,-86,-15,7
1741508172.281481,34,-33,-108
1741508172.3264809,-31,19,-180
1741508172.3724809,12,23,-180
1741508172.424481,-35,43,23
1741508172.469481,36,5,-168
1741508172.515481,34,-42,-68
1741508172.561481,7,-68,-52
1741508172.6064808,-21,-11,-188
1741508172.6524808,30,27,-152
1741508172.6984808,25,-14,-100
1741508172.7444808,63,71,-20
1741508172.789481,-80,1,-40
1741508172.835481,-36,5,-144
1741508172.881481,18,-3,-78
1741508172.9254808,-13,-19,-178
1741508172.9714808,28,27,-53
1741508173.0174809,22,-24,8
1741508173.062481,46,3,-169
1741508173.108481,-9,-24,-63
1741508173.154481,-41,22,-109
1741508173.200481,41,34,-53
1741508173.245481,3,-13,-81
1741508173.291481,-92,-17,4
1741508173.337481,-28,6,-135
1741508173.3824809,-38,-23,-77
1741508173.4284809,13,38,-95
1741508173.4744809,81,4,-87
1741508173.5204809,13,-3,-71
1741508173.565481,-28,26,30
1741508173.611481,-5,-16,-90
1741508173.657481,-2,0,-64
1741508173.702481,18,-6,-101
1741508173.748481,27,44,-7
1741508173.7944808,42,44,-27
1741508173.8404808,-85,-7,-33
1741508173.8854809,38,30,-78
1741508173.931481,78,2,-31
1741508173.977481,-25,88,-100
1741508174.022481,44,16,-2
1741508174.068481,-87,-51,-48
1741508174.114481,42,-106,-90
1741508174.160481,-12,-45,-26
1741508174.2054808,-54,-63,-86
1741508174.2514808,-3,-10,-136
1741508174.2974808,28,3,-32
1741508174.342481,-85,-6,41
1741508174.388481,-23,31,0
1741508174.434481,-4,-3,-54
1741508174.480481,63,-51,-132
1741508174.525481,-12,58,15
1741508174.571481,25,46,-62
1741508174.617481,-12,-41,-174
1741508174.6624808,-16,-17,2
1741508174.7084808,7,18,36
1741508174.7544808,45,44,-5
1741508174.8004808,-12,78,-29
1741508174.845481,51,-41,-75
1741508174.891481,-8,-20,-89
1741508174.937481,7,47,-195
1741508174.982481,-22,-26,-51
1741508175.028481,-7,-24,-75
1741508175.074481,24,-24,-151
1741508175.120481,28,3,-125
1741508175.1654809,38,-46,-43
1741508175.2114809,-76,-35,-25
1741508175.2574809,-104,32,-63
1741508175.302481,-28,-27,-113
1741508175.348481,11,68,-23
1741508175.394481,37,58,-77
1741508175.440481,-16,-28,-95
1741508175.485481,-34,1,-97
1741508175.531481,13,53,-93
1741508175.577481,86,25,42
1741508175.6224809,72,27,-95
1741508175.6684809,57,46,-99
1741508175.7144809,4,-9,-115
1741508175.7604809,78,18,-33
1741508175.805481,20,26,-43
1741508175.851481,-13,-46,-107
1741508175.897481,-69,-70,-47
1741508175.9424808,-19,-64,-51
1741508175.9884808,74,-18,-71
1741508176.0344808,14,-48,-1
1741508176.0804808,-33,-40,-175
1741508176.125481,-41,-32,-139
1741508176.171481,27,8,-63
1741508176.217481,-30,-39,-77
1741508176.262481,29,-59,-85
1741508176.308481,13,-9,-169
1741508176.354481,-48,-4,32
1741508176.400481,-19,10,-91
1741508176.4454808,110,-59,60
1741508176.4914808,-16,45,-79
1741508176.5374808,39,34,64
1741508176.582481,40,-48,-37
1741508176.628481,-32,41,42
1741508176.674481,73,-46,-111
1741508176.720481,17,-74,-35
1741508176.765481,-73,-3,-109
1741508176.811481,-13,16,-177
1741508176.857481,64,10,-103
1741508176.9024808,70,36,-165
1741508176.9484808,20,-47,-53
1741508176.9944808,76,-1,-48
1741508177.0404809,0,9,-42
1741508177.085481,29,51,-6
1741508177.131481,3,11,23
1741508177.177481,-101,-29,-92
1741508177.222481,-78,-60,-160
1741508177.268481,-12,23,-208
1741508177.314481,-8,7,-46
1741508177.3594809,-62,-9,-196
1741508177.4054809,-58,-36,-122
1741508177.4514809,9,38,-42
1741508177.4974809,46,-27,-28
1741508177.542481,-1,3,56
1741508177.588481,-7,-16,-27
1741508177.634481,1,10,-101
1741508177.679481,-75,18,-89
1741508177.725481,-1,0,-63
1741508177.771481,30,-23,-109
1741508177.8174808,-92,-62,12
1741508177.8624809,-81,-52,-141
1741508177.908481,16,1,-41
1741508177.954481,-18,8,-125
1741508177.999481,31,-23,10
1741508178.045481,-34,-41,-57
1741508178.091481,-26,42,10
1741508178.137481,-96,0,-17
1741508178.1824808,-98,-24,-19
1741508178.2284808,-64,7,-121
1741508178.2744808,-28,-20,-121
1741508178.319481,9,-6,-141
1741508178.365481,-54,2,-82
1741508178.411481,12,-28,-24
1741508178.457481,-71,-58,-110
1741508178.502481,12,3,-18
1741508178.548481,-43,-26,-107
1741508178.594481,-11,30,-27
1741508178.6394808,25,11,-9
1741508178.6854808,-27,37,-71
1741508178.7314808,54,-53,-100
1741508178.7774808,28,-40,-137
1741508178.822481,20,57,-143
1741508178.868481,67,-19,-44
1741508178.914481,-8,-57,-133
1741508178.959481,21,34,-7
1741508179.005481,5,0,-143
1741508179.051481,53,78,-140
1741508179.097481,-16,-20,-98
1741508179.1424809,33,-22,-32
1741508179.1884809,18,-6,-234
1741508179.2344809,116,-52,-80
1741508179.279481,-4,-17,83
1741508179.325481,34,-9,-132
1741508179.371481,30,-23,-38
1741508179.417481,-43,46,-4
1741508179.462481,-5,-39,-88
1741508179.508481,-37,-3,-68
1741508179.554481,-13,4,-108
1741508179.5994809,102,34,-126
1741508179.6454809,22,-33,13
1741508179.6914809,65,-116,-22
1741508179.7374809,22,-19,-32
1741508179.782481,-21,-63,-78
1741508179.828481,58,-1,-22
1741508179.874481,-25,74,-136
1741508179.9194808,-5,30,-62
1741508179.9654808,57,-52,-106
1741508180.0114808,-43,21,-132
1741508180.0574808,8,19,-162
1741508180.102481,4,-48,-84
1741508180.148481,-55,12,-44
1741508180.194481,15,81,-68
1741508180.239481,31,-62,-228
1741508180.285481,-37,95,9
1741508180.331481,39,-27,8
1741508180.377481,-44,1,24
1741508180.4224808,-40,33,-119
1741508180.4684808,99,48,-27
1741508180.5144808,-15,-32,-75
1741508180.559481,72,-60,4
1741508180.605481,-21,-51,-177
1741508180.651481,-14,-70,-143
1741508180.697481,-8,81,-95
1741508180.742481,-68,-2,-163
1741508180.788481,-49,44,-109
1741508180.834481,13,-30,-63
1741508180.8794808,25,-16,26
1741508180.9254808,1,-4,-54
1741508180.9714808,1,-12,-56
1741508181.0174809,13,33,-22
1741508181.062481,30,67,-104
1741508181.108481,14,13,-120
1741508181.154481,-49,-10,25
1741508181.199481,-8,-26,3
1741508181.245481,-3,12,-160
1741508181.291481,-2,-6,-134
1741508181.337481,-49,18,-152
1741508181.3824809,-11,-75,-150
1741508181.4284809,-18,-2,-56
1741508181.4744809,-58,-14,-98
1741508181.519481,-8,-70,-194
1741508181.565481,67,43,-62
1741508181.611481,36,-3,-16
1741508181.657481,-3,-3,-148
1741508181.702481,53,-12,-118
1741508181.748481,2,-37,-152
1741508181.7944808,-17,22,-195
1741508181.8394809,-55,-63,-23
1741508181.8854809,-4,53,-41
1741508181.931481,-8,-70,-58
1741508181.977481,17,3,-114
1741508182.021481,-48,0,-46
1741508182.0674808,-82,49,-183
1741508182.1134808,71,63,2
1741508182.158481,-20,83,-13
1741508182.204481,-38,0,-63
1741508182.250481,21,-11,-97
1741508182.295481,-20,-7,24
1741508182.341481,-2,-95,-61
1741508182.393481,-58,-35,-127
1741508182.4384809,-38,18,-110
1741508182.4844809,13,-66,-69
1741508182.5304809,-51,-59,-33
1741508182.575481,-43,-53,-49
1741508182.621481,-2,-38,-161
1741508182.667481,-111,-133,-21
1741508182.713481,27,89,-119
1741508182.758481,9,51,-1
1741508182.804481,13,-26,-127
1741508182.850481,87,-2,-78
1741508182.8954809,-81,20,-79
1741508182.9414809,41,0,17
1741508182.9874809,34,-5,-122
1741508183.033481,73,3,-176
1741508183.078481,0,61,-44
1741508183.124481,9,23,-187
1741508183.170481,-34,-2,-141
1741508183.2154808,19,45,-27
1741508183.2614808,-22,-51,-53
1741508183.3074808,37,-34,-31
1741508183.3534808,1,-29,-158
1741508183.398481,93,-15,25
1741508183.444481,83,-61,-63
1741508183.490481,-4,-34,-193
1741508183.535481,-42,50,-75
1741508183.581481,-8,-26,-137
1741508183.627481,63,-12,-87
1741508183.673481,-10,0,-89
1741508183.7184808,-62,61,-47
1741508183.7644808,-65,24,-51
1741508183.8104808,-27,36,-123
1741508183.855481,-53,4,-37
1741508183.901481,14,35,16
1741508183.947481,12,-74,20
1741508183.993481,12,19,-87
1741508184.038481,-15,-2,-211
1741508184.084481,54,3,-123
1741508184.130481,33,-12,62
1741508184.1754808,86,-38,-41
1741508184.2214808,-11,-72,-103
1741508184.2674809,86,-68,-39
1741508184.312481,11,9,-3
1741508184.358481,21,-9,54
1741508184.404481,1,-33,-40
1741508184.450481,108,62,-124
1741508184.495481,17,25,-54
1741508184.541481,1,0,-43
1741508184.587481,11,-30,-3
1741508184.6324809,-70,-85,-117
1741508184.6784809,47,-23,-15
1741508184.7244809,47,-16,-57
1741508184.7704809,59,31,-77
1741508184.815481,-16,-54,-72
1741508184.861481,37,-8,-14
1741508184.907481,-20,-24,-66
1741508184.952481,-34,-2,-159
1741508184.998481,-10,-22,-183
1741508185.0444808,56,-48,-56
1741508185.0904808,-49,5,64
1741508185.1354809,-101,-16,-62
1741508185.181481,-64,-16,-19
1741508185.227481,-24,-16,-143
1741508185.272481,19,31,8
1741508185.318481,33,61,-101
1741508185.364481,2,66,-55
1741508185.410481,-45,-5,-11
1741508185.4554808,-5,-65,-70
1741508185.5014808,46,96,32
1741508185.5474808,-64,-6,-51
1741508185.592481,69,0,-36
1741508185.638481,-104,-17,-71
1741508185.684481,-40,51,31
1741508185.730481,61,13,-127
1741508185.775481,-22,0,14
1741508185.821481,-11,-15,-46
1741508185.867481,-15,59,-67
1741508185.9124808,-13,-28,-55
1741508185.9584808,-23,-8,-123
1741508186.0044808,66,-40,-11
1741508186.0504808,42,13,-91
1741508186.095481,-21,1,-115
1741508186.141481,-9,86,-39
1741508186.187481,44,58,-115
1741508186.232481,32,84,-191
1741508186.278481,2,-20,24
1741508186.325481,27,-51,-65
1741508186.371481,-44,-103,-127
1741508186.416481,1,-28,14
1741508186.462481,6,-11,-83
1741508186.508481,-6,-8,-111
1741508186.554481,-104,71,40
1741508186.5994809,36,10,-21
1741508186.6454809,-2,0,-103
1741508186.6914809,-12,-16,-65
1741508186.736481,32,146,-23
1741508186.782481,78,54,-59
1741508186.828481,-53,112,-183
1741508186.874481,38,-7,-157
1741508186.9194808,-24,93,10
1741508186.9654808,39,-14,70
1741508187.0114808,33,-16,-75
1741508187.056481,-15,-27,-123
1741508187.102481,88,-5,-87
1741508187.148481,6,-41,-89
1741508187.194481,-28,53,-27
1741508187.239481,-37,3,-11
1741508187.285481,46,-43,68
1741508187.331481,-45,-37,-101
1741508187.3764808,32,-3,-45
1741508187.4224808,-29,-51,-89
1741508187.4684808,-43,0,-117
1741508187.5144808,-57,-1,-109
1741508187.559481,41,-17,-147
1741508187.605481,10,-25,-147
1741508187.651481,-41,50,-93
1741508187.696481,-39,-71,-67
1741508187.742481,90,-5,-95
1741508187.788481,0,122,-90
1741508187.834481,50,22,-115
1741508187.8794808,2,61,-87
1741508187.9254808,4,-7,-51
1741508187.9714808,-105,-43,2
1741508188.016481,-16,48,-87
1741508188.062481,-12,58,-27
1741508188.108481,0,-47,-17
1741508188.154481,-26,-59,-29
1741508188.199481,0,-37,-129
1741508188.245481,37,29,24
1741508188.291481,76,16,-125
1741508188.3364809,8,-21,-37
1741508188.3824809,-25,-8,-265
1741508188.4284809,-29,-39,-81
1741508188.4744809,60,33,-35
1741508188.519481,-8,-24,-175
1741508188.565481,75,-2,12
1741508188.611481,1,-4,96
1741508188.656481,41,63,-191
1741508188.702481,23,43,-153
1741508188.748481,71,21,-61
1741508188.7944808,4,-81,-99
1741508188.8394809,54,24,-147
1741508188.8854809,-11,-5,-84
1741508188.931481,-60,15,69
1741508188.976481,34,-27,-210
1741508189.022481,-19,-13,-136
1741508189.068481,26,-35,11
1741508189.114481,30,-31,9
1741508189.1594808,-10,-26,-48
1741508189.2054808,27,-74,-116
1741508189.2514808,77,29,-127
1741508189.296481,-7,36,-34
1741508189.342481,-19,-41,-166
1741508189.388481,-18,-42,-92
1741508189.434481,14,50,-100
1741508189.479481,-27,32,13
1741508189.525481,-53,-21,-98
1741508189.571481,52,30,-30
1741508189.6164808,-25,12,4
1741508189.6624808,8,44,-33
1741508189.7084808,-59,30,-85
1741508189.7544808,8,14,-3
1741508189.799481,-59,24,-91
1741508189.845481,-25,-5,-121
1741508189.891481,-13,30,-23
1741508189.936481,24,-45,4
1741508189.982481,-39,-83,-41
1741508190.028481,18,-31,-137
1741508190.074481,56,-34,-157
1741508190.1194808,-17,-32,-217
1741508190.1654809,8,-82,-175
1741508190.2114809,-13,11,-31
1741508190.256481,-25,-26,-197
1741508190.302481,-14,9,-161
1741508190.348481,-6,-30,68
1741508190.394481,33,-10,-37
1741508190.439481,-81,122,0
1741508190.485481,-57,25,30
1741508190.531481,-51,-10,-147
1741508190.5764809,80,-60,21
1741508190.6224809,-51,30,-103
1741508190.6684809,-7,-40,-75
1741508190.713481,-37,-14,-227
1741508190.759481,-23,84,-125
1741508190.805481,80,47,-71
1741508190.851481,4,-74,-79
1741508190.896481,24,-76,-111
1741508190.9424808,-29,-1,-199
1741508190.9884808,-27,92,-35
1741508191.033481,-3,-19,-69
1741508191.079481,34,-41,-93
1741508191.125481,68,12,-63
1741508191.171481,1,43,-103
1741508191.216481,-70,0,-6
1741508191.262481,-26,47,-136
1741508191.308481,11,-15,17
1741508191.3534808,59,-17,-46
1741508191.3994808,47,12,-140
1741508191.4454808,-38,-29,-62
1741508191.4914808,-14,78,-28
1741508191.536481,33,80,-152
1741508191.582481,-78,-10,-88
1741508191.628481,51,22,-48
1741508191.673481,4,0,-112
1741508191.719481,63,10,17
1741508191.765481,-4,6,-96
1741508191.811481,16,-58,-112
1741508191.8564808,-17,-3,-36
1741508191.9024808,4,-50,-76
1741508191.9484808,28,11,-76
1741508191.993481,-53,31,-146
1741508192.039481,6,-87,-24
1741508192.085481,-101,63,-134
1741508192.131481,-27,51,39
1741508192.176481,26,27,-150
1741508192.222481,24,-58,-7
1741508192.268481,-47,-13,-111
1741508192.3134809,-3,8,-89
1741508192.3594809,12,-11,8
1741508192.411481,54,29,-65
1741508192.456481,4,12,-59
1741508192.502481,-65,47,-87
1741508192.548481,-6,-1,-105
1741508192.5934808,19,-87,-164
1741508192.6394808,-27,-87,-123
1741508192.6854808,-32,12,-73
1741508192.7314808,73,32,12
1741508192.776481,-65,11,-162
1741508192.822481,15,-29,-93
1741508192.868481,29,-55,-93
1741508192.913481,0,68,-78
1741508192.959481,-42,42,-40
1741508193.005481,-60,64,76
1741508193.051481,-12,10,-135
1741508193.0964808,-22,10,-136
1741508193.1424809,21,-28,-61
1741508193.1884809,57,57,-99
1741508193.233481,13,-13,-105
1741508193.279481,-64,-23,-9
1741508193.325481,-22,39,-139
1741508193.371481,49,44,-1
1741508193.416481,33,-41,-51
1741508193.462481,41,-33,-125
1741508193.508481,59,-105,-11
1741508193.5534809,0,-29,-39
1741508193.5994809,38,32,-105
1741508193.6454809,0,-45,56
1741508193.6914809,-13,21,-21
1741508193.736481,14,-29,-87
1741508193.782481,-35,30,-139
1741508193.828481,-39,-21,-69
1741508193.873481,69,30,-119
1741508193.9194808,-17,-16,-101
1741508193.9654808,-65,32,-83
1741508194.0114808,-28,-36,-51
1741508194.056481,16,17,-17
1741508194.102481,40,33,-51
1741508194.148481,60,3,-37
1741508194.193481,-21,7,-66
1741508194.239481,-5,-38,-152
1741508194.285481,12,-28,-199
1741508194.331481,20,-30,-59
1741508194.3764808,-47,-16,-112
1741508194.4224808,-2,21,-52
1741508194.4684808,9,-54,-82
1741508194.513481,-48,4,-90
1741508194.559481,-26,-36,-6
1741508194.605481,-85,51,13
1741508194.651481,20,-28,-120
1741508194.696481,50,63,-18
1741508194.742481,-29,-76,-210
1741508194.788481,-10,-31,-18
1741508194.8334808,41,-20,-4
1741508194.8794808,-46,-6,-62
1741508194.9254808,-16,1,-42
1741508194.9714808,-32,55,-166
1741508195.016481,-18,-20,-212
1741508195.062481,102,5,-96
1741508195.108481,-3,-59,-42
1741508195.153481,33,49,-81
1741508195.199481,35,-70,-29
1741508195.245481,1,-12,-17
1741508195.291481,-67,-63,-119
1741508195.3364809,24,-39,-11
1741508195.3824809,1,-11,-89
1741508195.4284809,-68,-5,-41
1741508195.473481,-70,8,-49
1741508195.519481,67,-49,-116
1741508195.565481,67,-25,-103
1741508195.611481,41,-35,-79
1741508195.656481,-62,34,51
1741508195.702481,44,-115,-75
1741508195.748481,40,14,-184
1741508195.7934809,30,4,-121
1741508195.8394809,-17,-15,-51
1741508195.8854809,2,-5,-23
1741508195.931481,-111,-19,36
1741508195.976481,-29,68,-165
1741508196.022481,83,43,-71
1741508196.068481,30,-41,56
1741508196.1134808,45,65,-7
1741508196.1594808,21,0,-159
1741508196.2054808,64,0,164
1741508196.2514808,-13,-26,-5
1741508196.296481,-14,7,-2
1741508196.342481,24,26,-54
1741508196.388481,-5,14,-52
1741508196.433481,-20,43,-158
1741508196.479481,6,10,7
1741508196.525481,-42,73,-114
1741508196.5704808,-135,-7,-138
1741508196.6164808,-73,-51,-56
1741508196.6624808,27,41,-180
1741508196.7084808,57,93,-48
1741508196.753481,40,56,-142
1741508196.799481,-5,2,-54
1741508196.845481,11,23,-22
1741508196.891481,-4,-20,-88
1741508196.936481,-8,47,-96
1741508196.9814808,-3,-41,-188
1741508197.0274808,42,-8,-64
1741508197.072481,-1,-58,19
1741508197.118481,8,-45,-42
1741508197.164481,-57,0,-126
1741508197.209481,-57,-53,-36
1741508197.255481,-5,30,-156
1741508197.301481,44,-35,-38
1741508197.347481,-10,-18,-198
1741508197.3924809,14,46,-76
1741508197.4384809,14,40,-183
1741508197.4844809,50,28,-166
1741508197.529481,24,-98,-94
1741508197.575481,-62,-6,-100
1741508197.621481,33,-26,-88
1741508197.667481,0,-54,-94
1741508197.712481,14,-47,-132
1741508197.758481,64,32,-120
1741508197.804481,20,30,57
1741508197.8494809,-63,-42,-46
1741508197.8954809,-45,-28,5
1741508197.9414809,-18,-6,-134
1741508197.986481,25,-9,-44
1741508198.032481,23,-23,-102
1741508198.078481,-56,-45,-48
1741508198.124481,-14,-21,-126
1741508198.1694808,-88,-37,-142
1741508198.2154808,-76,50,-60
1741508198.2614808,15,-5,-72
1741508198.306481,-16,64,13
1741508198.352481,-4,0,-100
1741508198.398481,8,17,-8
1741508198.444481,102,3,-94
1741508198.489481,52,-30,-39
1741508198.535481,22,-44,-107
1741508198.581481,-29,53,-61
1741508198.6264808,-33,37,-41
1741508198.6724808,41,16,-175
1741508198.7184808,31,-11,-228
1741508198.7644808,53,2,-102
1741508198.809481,-58,20,-34
1741508198.855481,29,12,-59
1741508198.901481,-42,-26,-149
1741508198.946481,2,51,-171
1741508198.992481,50,60,-97
1741508199.038481,-26,89,-45
1741508199.084481,65,-40,-113
1741508199.1294808,58,-17,-201
1741508199.1754808,32,46,-145
1741508199.2214808,-11,-43,-77
1741508199.266481,-27,-36,-127
1741508199.312481,8,-60,-53
1741508199.358481,7,-25,-69
1741508199.404481,61,-11,-5
1741508199.449481,-45,20,-163
1741508199.495481,-89,20,18
1741508199.541481,-49,10,-183
1741508199.5864809,13,56,-115
1741508199.6324809,7,-5,-159
1741508199.6784809,-28,7,-99
1741508199.7244809,-17,-35,-33
1741508199.769481,34,-25,-135
1741508199.815481,40,28,-115
1741508199.861481,36,-67,-1
1741508199.906481,-1,44,-17
1741508199.952481,-17,-17,-69
1741508199.998481,-3,38,52
1741508200.0444808,32,4,-105
1741508200.0894809,-95,17,-55
1741508200.1354809,4,67,-37
1741508200.181481,-5,12,-153
1741508200.226481,4,-36,20
1741508200.272481,56,-30,-129
1741508200.318481,-27,33,-109
1741508200.364481,-5,-8,-121
1741508200.4094808,40,-20,-69
1741508200.4554808,42,33,-69
1741508200.5014808,-41,72,-3
1741508200.546481,18,-33,24
1741508200.592481,18,-26,-35
1741508200.638481,-47,76,-57
1741508200.684481,-40,39,-115
1741508200.729481,33,-14,-23
1741508200.775481,-27,2,-161
1741508200.821481,-50,-30,-175
1741508200.8664808,-15,7,56
1741508200.9124808,8,39,-101
1741508200.9584808,-101,34,-109
1741508201.0044808,56,23,-191
1741508201.049481,80,-16,-77
1741508201.095481,19,7,-127
1741508201.141481,8,32,-37
1741508201.186481,18,-33,-173
1741508201.232481,18,-29,-37
1741508201.278481,-79,46,-121
1741508201.324481,34,54,-113
1741508201.3694808,100,-17,-103
1741508201.4154809,-13,28,-113
1741508201.4614809,8,-23,-15
1741508201.506481,-16,-24,-75
1741508201.552481,-33,-55,-143
1741508201.598481,104,-35,-107
1741508201.644481,69,0,-127
1741508201.689481,-28,-46,-57
1741508201.735481,-107,10,-33
1741508201.781481,-21,15,-107
1741508201.8264809,-13,3,-137
1741508201.8724809,-41,-14,10
1741508201.9184809,26,-166,-91
1741508201.9644809,14,-6,-71
1741508202.009481,-33,-9,-43
1741508202.055481,22,4,-137
1741508202.101481,8,-17,4
1741508202.146481,-43,-7,-141
1741508202.1924808,-9,-15,-77
1741508202.2384808,34,-51,-71
1741508202.2844808,39,-28,-130
1741508202.329481,39,-90,15
1741508202.375481,28,64,-192
1741508202.426481,-5,44,-200
1741508202.472481,6,28,-8
1741508202.518481,72,12,-126
1741508202.564481,-24,-24,-76
1741508202.6094809,-2,-6,-68
1741508202.6554809,35,-58,-102
1741508202.7014809,-6,21,5
1741508202.746481,-29,-15,29
1741508202.792481,62,49,-54
1741508202.837481,25,-26,-40
1741508202.8824809,47,-4,-130
1741508202.9284809,77,3,-46
1741508202.9744809,-36,0,-66
1741508203.0204809,-94,-42,-164
1741508203.065481,6,-21,55
1741508203.111481,-35,-27,-196
1741508203.157481,12,-27,-128
1741508203.202481,18,-41,-150
1741508203.248481,-63,-21,-64
1741508203.2944808,57,-15,-24
1741508203.3404808,-10,-31,15
1741508203.3854809,47,-59,-56
1741508203.431481,7,12,-54
1741508203.477481,-42,50,-141
1741508203.522481,-72,0,-150
1741508203.568481,54,-81,-31
1741508203.614481,83,13,36
1741508203.660481,-30,78,-73
1741508203.7054808,-47,84,-173
1741508203.7514808,-35,-21,-19
1741508203.7974808,42,-21,-38
1741508203.842481,-63,-39,-51
1741508203.888481,-33,-42,-217
1741508203.934481,-23,-54,-143
1741508203.980481,-29,-11,-253
1741508204.025481,-37,-3,-71
1741508204.071481,78,26,-25
1741508204.117481,-25,-63,1
1741508204.1624808,26,-14,-102
1741508204.2084808,-16,16,-86
1741508204.2544808,14,31,-56
1741508204.3004808,-10,-8,-134
1741508204.345481,-39,-20,-102
1741508204.391481,100,-5,-192
1741508204.437481,-10,-3,-100
1741508204.482481,46,38,-108
1741508204.528481,60,-23,-66
1741508204.574481,-53,-47,-10
1741508204.620481,-60,-28,-50
1741508204.6654809,1,-44,-154
1741508204.7114809,0,-26,-130
1741508204.7574809,7,-36,-224
1741508204.802481,87,33,-130
1741508204.848481,27,-72,-34
1741508204.894481,77,113,-88
1741508204.939481,47,-42,-128
1741508204.985481,38,16,-78
1741508205.031481,42,-61,51
1741508205.077481,-15,-15,-152
1741508205.1224809,-26,56,-114
1741508205.1684809,59,-71,-96
1741508205.2144809,-56,49,-146
1741508205.259481,3,-2,-68
1741508205.305481,13,-22,-16
1741508205.351481,-64,29,-108
1741508205.397481,57,-61,-40
1741508205.4424808,-32,-35,-112
1741508205.4884808,35,-45,-86
1741508205.5344808,15,15,-170
1741508205.579481,-1,30,-136
1741508205.625481,31,-32,-152
1741508205.671481,5,-55,-2
1741508205.717481,21,-85,-170
1741508205.762481,7,-45,-88
1741508205.808481,-16,-29,-118
1741508205.854481,25,-24,-102
1741508205.8994808,-2,-17,-150
1741508205.9454808,22,41,43
1741508205.9914808,-5,35,-164
1741508206.0374808,-11,-14,-132
1741508206.082481,-79,-24,-48
1741508206.128481,-54,-30,-147
1741508206.174481,61,-38,-131
1741508206.219481,13,-64,-47
1741508206.265481,2,-18,-155
1741508206.311481,38,14,-52
1741508206.357481,46,8,-14
1741508206.4024808,-50,2,-159
1741508206.4484808,-4,-33,-122
1741508206.4944808,77,-25,-161
1741508206.539481,15,-2,-135
1741508206.585481,-99,23,-77
1741508206.631481,-15,29,-165
1741508206.677481,-63,-4,-4
1741508206.722481,1,-38,-148
1741508206.768481,23,15,-50
1741508206.814481,-32,7,-144
1741508206.8594809,-6,11,-148
1741508206.9054809,-38,9,-144
1741508206.9514809,53,-28,-114
1741508206.9974809,33,-26,-130
1741508207.042481,73,-2,-112
1741508207.088481,28,4,13
1741508207.134481,49,7,15
1741508207.179481,-19,-7,-46
1741508207.225481,-18,-81,-216
1741508207.271481,43,44,-74
1741508207.3174808,47,25,-44
1741508207.3624809,-21,12,-24
1741508207.408481,116,-37,-111
1741508207.454481,6,26,-53
1741508207.499481,54,-15,-126
1741508207.545481,100,68,52
1741508207.591481,-39,-19,-115
1741508207.637481,28,0,-101
1741508207.6824808,52,-11,-151
1741508207.7284808,108,-9,-34
1741508207.7744808,12,-27,-12
1741508207.819481,54,-15,-172
1741508207.865481,-78,-1,-170
1741508207.911481,-8,28,-32
1741508207.957481,-3,70,-124
1741508208.002481,34,31,-114
1741508208.048481,-11,-116,-50
1741508208.094481,84,17,23
1741508208.1394808,-25,-48,-190
1741508208.1854808,-26,-37,11
1741508208.2314808,27,-27,-22
1741508208.2774808,-8,15,73
1741508208.322481,-96,-30,49
1741508208.368481,35,53,-87
1741508208.414481,-43,-24,-66
1741508208.459481,16,-16,-170
1741508208.505481,-43,17,-130
1741508208.551481,30,-60,-78
1741508208.597481,0,-28,49
1741508208.6424809,23,39,-34
1741508208.6884809,3,-13,-106
1741508208.7344809,27,-73,75
1741508208.779481,-10,7,-42
1741508208.825481,-22,23,-122
1741508208.871481,-62,-50,-62
1741508208.917481,-12,-26,-80
1741508208.962481,-42,-20,-104
1741508209.008481,-100,-6,-60
1741508209.054481,1,-37,-134
1741508209.0994809,1,37,-82
1741508209.1454809,-4,-19,-22
1741508209.1914809,5,73,-8
1741508209.2374809,73,17,-84
1741508209.282481,11,15,-94
1741508209.328481,-26,27,-48
1741508209.374481,-50,-113,9
1741508209.4194808,-50,2,-138
1741508209.4654808,-4,-7,-122
1741508209.5114808,32,22,-76
1741508209.5574808,16,-79,-132
1741508209.602481,-29,0,-202
1741508209.648481,84,-34,-108
1741508209.694481,16,-82,-149
1741508209.739481,11,3,-83
1741508209.785481,13,-48,-93
1741508209.831481,46,31,-99
1741508209.877481,32,15,14
1741508209.9224808,-9,7,-189
1741508209.9684808,42,-52,-151
1741508210.0144808,-33,9,-167
1741508210.059481,-31,-76,-45
1741508210.105481,-15,17,-215
1741508210.151481,-41,51,6
1741508210.197481,10,21,-44
1741508210.242481,22,51,-43
1741508210.288481,30,16,2
1741508210.334481,-19,87,-171
1741508210.3794808,15,-28,-39
1741508210.4254808,-18,15,-113
1741508210.4714808,-9,52,-147
1741508210.5174809,21,14,-103
1741508210.562481,19,-2,-121
1741508210.608481,-34,-72,-113
1741508210.654481,-12,19,-65
1741508210.699481,75,13,-91
1741508210.745481,-4,-34,-23
1741508210.791481,56,55,12
1741508210.837481,10,-8,-103
1741508210.8824809,-49,-6,-59
1741508210.9284809,18,28,-51
1741508210.9744809,12,19,-115
1741508211.019481,12,-48,-123
1741508211.065481,-25,-36,-85
1741508211.111481,75,17,-11
1741508211.157481,-22,38,-85
1741508211.202481,-60,36,-25
1741508211.248481,-3,-5,-73
1741508211.2944808,-3,42,-153
1741508211.3394809,68,6,-93
1741508211.3854809,-24,-42,-47
1741508211.431481,-1,16,-29
1741508211.476481,-45,40,-18
1741508211.522481,-46,7,-135
1741508211.568481,0,54,-149
1741508211.614481,-10,3,-75
1741508211.6594808,-8,-28,32
1741508211.7054808,35,-4,-89
1741508211.7514808,39,73,-79
1741508211.796481,-18,51,-95
1741508211.842481,-30,-14,-95
1741508211.888481,63,43,-43
1741508211.934481,53,25,110
1741508211.979481,14,-9,-85
1741508212.025481,-53,-5,-37
1741508212.071481,67,-84,-167
1741508212.1164808,-10,9,-105
1741508212.1624808,-36,15,-135
1741508212.2084808,-52,29,-109
1741508212.2544808,127,-52,-89
1741508212.299481,44,2,-41
1741508212.345481,54,11,-77
1741508212.391481,60,25,26
1741508212.4424808,0,-22,-9
1741508212.4884808,66,17,-107
1741508212.5344808,-28,1,-67
1741508212.579481,43,5,-77
1741508212.625481,-14,1,16
1741508212.671481,3,11,-59
1741508212.716481,75,83,-57
1741508212.762481,-28,-12,2
1741508212.808481,-2,-61,-177
1741508212.854481,51,-27,-131
1741508212.8994808,65,-19,-13
1741508212.9454808,-68,-2,-157
1741508212.9914808,71,7,-61
1741508213.036481,107,45,-45
1741508213.082481,-2,-56,-125
1741508213.128481,3,-98,-201
1741508213.174481,-64,49,-97
1741508213.219481,-22,1,-7
1741508213.265481,32,43,-57
1741508213.311481,-21,19,-51
1741508213.3564808,20,-30,-87
1741508213.4024808,-77,42,-67
1741508213.4484808,19,8,-27
1741508213.4944808,-4,4,-89
1741508213.539481,-12,24,-115
1741508213.585481,61,28,-71
1741508213.631481,-51,-25,-111
1741508213.676481,84,-34,-187
1741508213.722481,-4,8,-44
1741508213.768481,7,-45,-54
1741508213.814481,-10,-15,-174
1741508213.8594809,24,4,-68
1741508213.9054809,8,80,-154
1741508213.9514809,50,-63,-6
1741508213.996481,32,-73,-112
1741508214.042481,-32,2,-61
1741508214.088481,3,25,-101
1741508214.134481,3,19,-61
1741508214.179481,43,-42,0
1741508214.225481,-19,-68,-17
1741508214.271481,112,-28,-183
1741508214.3164809,-24,69,48
1741508214.3624809,12,54,-63
1741508214.408481,-9,70,-83
1741508214.454481,103,44,-127
1741508214.499481,43,-31,-31
1741508214.545481,-4,2,-103
1741508214.591481,61,19,-27
1741508214.6364808,-14,-5,-103
1741508214.6824808,9,-19,-131
1741508214.7284808,-26,68,-47
1741508214.7744808,-18,22,26
1741508214.819481,13,-3,-139
1741508214.865481,15,44,-81
1741508214.911481,-18,75,-13
1741508214.956481,32,-44,-19
1741508215.002481,23,5,-219
1741508215.048481,-90,-75,-157
1741508215.094481,-12,-20,-85
1741508215.1394808,41,-48,-125
1741508215.1854808,-20,-68,-119
1741508215.2314808,51,-50,-85
1741508215.276481,7,-18,-145
1741508215.322481,-67,21,-47
1741508215.368481,-13,29,-177
1741508215.414481,-30,28,98
1741508215.459481,-37,65,-83
1741508215.505481,-107,37,-205
1741508215.551481,8,40,-41
1741508215.5964808,76,-49,-51
1741508215.6424809,-64,-17,-35
1741508215.6884809,0,66,-25
1741508215.7344809,-36,58,-117
1741508215.779481,37,-117,-9
1741508215.825481,1,17,-183
1741508215.871481,21,5,-29
1741508215.916481,51,-12,-107
1741508215.962481,52,36,14
1741508216.008481,54,-23,-117
1741508216.054481,-7,26,-33
1741508216.0994809,0,-71,-46
1741508216.1454809,0,-59,-156
1741508216.1914809,78,-27,-9
1741508216.236481,14,-77,-73
1741508216.282481,-26,57,-1
1741508216.328481,-24,-18,-59
1741508216.374481,69,21,-61
1741508216.4194808,-36,-44,0
1741508216.4654808,1,-40,10
1741508216.5114808,-16,49,-59
1741508216.556481,34,-59,50
1741508216.602481,48,30,-53
1741508216.648481,92,10,-69
1741508216.694481,-36,-31,-87
1741508216.739481,47,-19,-107
1741508216.785481,-72,55,-71
1741508216.831481,-41,-12,14
1741508216.8764808,-48,9,-143
1741508216.9224808,59,-52,-159
1741508216.9684808,-14,20,12
1741508217.0144808,-33,-24,-105
1741508217.059481,-34,29,-119
1741508217.105481,39,-27,-35
1741508217.151481,-2,8,-19
1741508217.196481,5,48,-101
1741508217.242481,11,-23,-41
1741508217.288481,2,0,-17
1741508217.334481,-9,84,-95
1741508217.3794808,-69,-29,16
1741508217.4254808,22,10,-74
1741508217.4714808,-35,-3,-100
1741508217.516481,-5,13,-69
1741508217.562481,46,12,-60
1741508217.608481,-25,-97,-25
1741508217.654481,49,-1,-71
1741508217.699481,37,-33,-89
1741508217.745481,21,56,-33
1741508217.791481,17,-17,-60
1741508217.8364809,7,-22,21
1741508217.8824809,-25,36,-48
1741508217.9284809,91,-24,-116
1741508217.9744809,89,-90,-26
1741508218.019481,34,-9,-88
1741508218.065481,54,33,-160
1741508218.111481,6,2,-122
1741508218.156481,44,24,-154
1741508218.202481,42,-69,-92
1741508218.248481,-1,-65,-88
1741508218.2934809,34,-47,0
1741508218.3394809,-63,76,-28
1741508218.3854809,-55,38,15
1741508218.431481,38,-97,67
1741508218.476481,22,1,-91
1741508218.522481,30,12,-65
1741508218.568481,-9,94,-159
1741508218.6134808,-21,-23,-35
1741508218.6594808,-9,48,-77
1741508218.7054808,-74,-24,12
1741508218.7514808,-28,81,-95
1741508218.796481,0,-52,-7
1741508218.842481,83,1,-87
1741508218.888481,-74,41,-117
1741508218.933481,12,-81,-148
1741508218.979481,-24,-62,-50
1741508219.025481,-2,-64,-168
1741508219.071481,-15,-29,11
1741508219.1164808,32,94,-90
1741508219.1624808,-61,62,-132
1741508219.2084808,12,-11,-186
1741508219.253481,5,-18,-174
1741508219.299481,-19,32,-96
1741508219.345481,-39,14,-66
1741508219.391481,20,-51,-45
1741508219.436481,62,6,-1
1741508219.482481,-43,-61,-23
1741508219.528481,70,-45,-51
1741508219.5734808,60,-95,-77
1741508219.6194808,40,-35,-103
1741508219.6654809,-81,-24,8
1741508219.7114809,6,-1,-67
1741508219.756481,-43,0,-57
1741508219.802481,8,-17,54
1741508219.848481,-75,-52,-179
1741508219.893481,44,-20,-39
1741508219.939481,-57,5,-37
1741508219.985481,-15,4,-73
1741508220.031481,-41,-45,-63
1741508220.0764809,-3,50,-87
1741508220.1224809,26,33,-77
1741508220.1684809,3,27,-35
1741508220.213481,29,5,-33
1741508220.259481,-60,79,-119
1741508220.305481,-29,58,-65
1741508220.351481,41,81,-11
1741508220.396481,101,-36,-89
1741508220.4424808,48,-48,-181
1741508220.4884808,-7,-6,-143
1741508220.533481,-4,-16,18
1741508220.579481,16,-54,-198
1741508220.625481,42,-30,-23
1741508220.671481,-38,26,-64
1741508220.716481,70,-41,-90
1741508220.762481,3,-5,-108
1741508220.808481,-56,52,-62
1741508220.8534808,42,12,-28
1741508220.8994808,-9,-31,-148
1741508220.9454808,-20,15,-124
1741508220.9914808,3,-50,39
1741508221.036481,57,-26,-53
1741508221.082481,-48,-45,-20
1741508221.128481,-78,60,10
1741508221.173481,-34,22,-111
1741508221.219481,43,-23,-113
1741508221.265481,-59,80,-5
1741508221.311481,3,15,-83
1741508221.3564808,-78,52,-47
1741508221.4024808,-103,-52,-99
1741508221.4484808,81,-28,-35
1741508221.493481,-52,3,-115
1741508221.539481,-17,-42,-19
1741508221.585481,74,23,-179
1741508221.631481,2,-44,-35
1741508221.676481,27,18,-29
1741508221.722481,15,26,-99
1741508221.768481,29,14,-125
1741508221.8134809,37,128,-69
1741508221.8594809,25,30,-1
1741508221.9054809,-50,34,-178
1741508221.9514809,23,-19,-92
1741508221.996481,-91,-1,-30
1741508222.042481,21,0,-56
1741508222.088481,19,-4,-120
1741508222.133481,-76,-64,-34
1741508222.179481,51,18,-106
1741508222.225481,4,-25,-114
1741508222.271481,-69,-21,-74
1741508222.3164809,-17,-51,-44
1741508222.3624809,-89,-87,-34
1741508222.408481,-51,-5,-210
1741508222.459481,-5,44,-8
1741508222.505481,17,-43,-86
1741508222.551481,-19,70,-62
1741508222.5964808,44,-31,-62
1741508222.6424809,-27,-57,-60
1741508222.6884809,28,5,-69
1741508222.733481,22,-40,-101
1741508222.779481,30,-38,-87
1741508222.825481,39,17,-53
1741508222.871481,10,-11,-23
1741508222.916481,3,-30,-57
1741508222.962481,8,-68,-124
1741508223.008481,87,-25,7
1741508223.0534809,43,100,-154
1741508223.0994809,29,6,-88
1741508223.1454809,-28,-7,-30
1741508223.1914809,21,28,-84
1741508223.236481,-18,-12,-32
1741508223.282481,-80,-110,31
1741508223.328481,22,-19,-116
1741508223.373481,-51,42,-14
1741508223.4194808,-1,-11,-144
1741508223.4654808,3,-28,37
1741508223.5114808,-40,3,-24
1741508223.556481,49,-8,-20
1741508223.602481,-14,-12,-42
1741508223.648481,15,17,-78
1741508223.693481,-52,-51,-58
1741508223.739481,-98,81,-68
1741508223.785481,-68,-36,-28
1741508223.831481,-2,-106,-178
1741508223.8764808,70,6,-42
1741508223.9224808,-122,-28,-26
1741508223.9684808,35,-26,-190
1741508224.013481,13,59,19
1741508224.059481,-36,25,-80
1741508224.105481,-54,-60,-60
1741508224.151481,-19,-66,-24
1741508224.196481,0,-62,21
1741508224.242481,54,68,-168
1741508224.288481,100,18,-32
1741508224.3334808,-47,4,-100
1741508224.3794808,90,-27,-54
1741508224.4254808,-15,-42,-68
1741508224.4714808,-29,41,-108
1741508224.516481,-9,19,9
1741508224.562481,16,-20,-50
1741508224.608481,44,-22,15
1741508224.653481,-13,-70,-74
1741508224.699481,-33,25,-162
1741508224.745481,42,19,-16
1741508224.791481,-19,11,-82
1741508224.8364809,2,25,-28
1741508224.8824809,-19,-66,-22
1741508224.9284809,116,-42,-78
1741508224.973481,40,-10,3
1741508225.019481,-39,27,-86
1741508225.065481,24,-62,-104
1741508225.111481,17,0,-72
1741508225.156481,-18,-26,-30
1741508225.202481,56,12,-46
1741508225.248481,93,34,47
1741508225.2934809,15,93,-96
1741508225.3394809,74,-75,-120
1741508225.3854809,-15,14,-142
1741508225.430481,32,16,-36
1741508225.476481,-17,-29,-124
1741508225.522481,-9,-87,-82
1741508225.568481,30,0,-128
1741508225.6134808,142,-19,-10
1741508225.6594808,-45,18,-28
1741508225.7054808,-20,51,-62
1741508225.750481,22,-1,-38
1741508225.796481,19,-54,17
1741508225.842481,6,-57,-94
1741508225.888481,14,-24,-90
1741508225.933481,-79,41,55
1741508225.979481,-29,-6,-60
1741508226.025481,-25,-4,19
1741508226.0704808,36,-8,-128
1741508226.1164808,-55,-7,-140
1741508226.1624808,29,31,-162
1741508226.2084808,-57,42,-120
1741508226.253481,52,16,-132
1741508226.299481,-85,32,-83
1741508226.345481,66,54,-25
1741508226.390481,54,-47,-29
1741508226.436481,28,-27,60
1741508226.482481,-87,-61,-37
1741508226.528481,26,-31,-141
1741508226.5734808,-45,-23,-37
1741508226.6194808,21,31,-151
1741508226.6654809,-44,7,-41
1741508226.710481,19,57,-93
1741508226.756481,83,49,6
1741508226.802481,-12,-61,-85
1741508226.848481,5,21,-89
1741508226.893481,-15,-80,-89
1741508226.939481,-85,-19,-133
1741508226.985481,-9,22,-11
1741508227.0304809,32,-29,-105
1741508227.0764809,-20,-23,-69
1741508227.1224809,-29,10,-94
1741508227.1684809,47,12,-133
1741508227.213481,-8,58,-141
1741508227.259481,-2,-116,-102
1741508227.305481,-28,-68,-14
1741508227.350481,11,15,81
1741508227.396481,13,-63,-94
1741508227.4424808,7,10,-30
1741508227.4884808,3,-32,-32
1741508227.533481,-10,41,-2
1741508227.579481,-65,-77,-78
1741508227.625481,-11,-22,-72
1741508227.670481,58,-14,28
1741508227.716481,12,-72,-79
1741508227.762481,-8,-19,-133
1741508227.808481,15,-41,-153
1741508227.8534808,0,7,-15
1741508227.8994808,-4,39,-19
1741508227.9454808,15,-58,-45
1741508227.990481,-21,-17,-131
1741508228.036481,37,15,-27
1741508228.082481,-46,67,-63
1741508228.128481,27,-12,-78
1741508228.173481,-40,-38,-198
1741508228.219481,-56,-4,-176
1741508228.265481,100,-34,9
1741508228.3104808,12,3,-89
1741508228.3564808,-27,-2,-21
1741508228.4024808,32,49,-87
1741508228.4484808,20,-12,10
1741508228.493481,34,-19,-92
1741508228.539481,0,2,-85
1741508228.585481,-17,10,-176
1741508228.630481,28,32,-54
1741508228.676481,40,44,-122
1741508228.722481,62,-32,-80
1741508228.768481,-81,15,-80
1741508228.8134809,-44,-63,-122
1741508228.8594809,0,6,-132
1741508228.9054809,-15,-61,-44
1741508228.949481,-85,-15,-32
1741508228.995481,53,-2,-102
1741508229.041481,-8,41,-24
1741508229.0864809,30,33,-8
1741508229.1324809,-15,59,-104
1741508229.1784809,54,7,-88
1741508229.2244809,52,24,-104
1741508229.269481,15,6,-94
1741508229.315481,50,-11,-58
1741508229.361481,0,-59,-88
1741508229.406481,-31,59,77
1741508229.452481,-35,-16,-54
1741508229.498481,86,-80,-50
1741508229.5444808,42,-45,-178
1741508229.5894809,20,8,-60
1741508229.6354809,54,3,-80
1741508229.681481,32,6,3
1741508229.726481,-1,68,-143
1741508229.772481,2,41,-84
1741508229.818481,-3,-3,-54
1741508229.864481,2,-16,15
1741508229.9094808,66,-43,-181
1741508229.9554808,-21,-53,48
1741508230.0014808,82,-31,-79
1741508230.046481,-19,-5,0
1741508230.092481,-5,-17,-83
1741508230.138481,15,0,-117
1741508230.184481,24,51,-161
1741508230.229481,-89,-30,-97
1741508230.275481,52,-58,-191
1741508230.321481,-61,1,-3
1741508230.3664808,-37,67,-113
1741508230.4124808,48,-80,-33
1741508230.4584808,46,-39,-65
1741508230.5044808,-25,62,-159
1741508230.549481,-25,-33,-151
1741508230.595481,-51,26,-57
1741508230.641481,24,44,-145
1741508230.686481,-11,-13,-3
1741508230.732481,120,-15,-179
1741508230.778481,104,16,-163
1741508230.824481,-97,-4,-41
1741508230.8694808,-35,-9,-63
1741508230.9154809,-3,30,-61
1741508230.9614809,27,62,-85
1741508231.006481,40,2,-55
1741508231.052481,24,-25,-97
1741508231.098481,-35,30,-7
1741508231.144481,8,-27,-73
1741508231.189481,-19,52,-30
1741508231.235481,21,87,-33
1741508231.281481,-35,35,-21
1741508231.3264809,35,47,-47
1741508231.3724809,-5,13,-157
1741508231.4184809,55,-6,-23
1741508231.4644809,48,33,-85
1741508231.509481,32,-56,58
1741508231.555481,-69,-72,-93
1741508231.601481,-29,-62,24
1741508231.646481,83,-36,-101
1741508231.6924808,24,-38,-81
1741508231.7384808,-7,-102,-57
1741508231.7844808,-46,-26,-59
1741508231.829481,-19,31,-123
1741508231.875481,26,55,-27
1741508231.921481,10,-50,-93
1741508231.966481,-57,-26,-9
1741508232.012481,-4,17,-20
1741508232.058481,65,-52,-50
1741508232.1034808,-10,33,-28
1741508232.1494808,13,-46,-38
1741508232.1954808,-34,-20,-110
1741508232.2414808,-34,-22,-51
1741508232.286481,107,16,-19
1741508232.332481,-76,48,-155
1741508232.378481,-70,-11,-29
1741508232.429481,1,40,-60
1741508232.475481,45,-3,-24
1741508232.521481,5,51,-34
1741508232.5664809,-2,-12,-154
1741508232.6124809,9,-24,-26
1741508232.658481,-28,-6,-60
1741508232.703481,-32,9,-132
1741508232.748481,19,-22,-118
1741508232.7944808,25,-34,-155
1741508232.8394809,20,46,-47
1741508232.8854809,-48,43,-41
1741508232.931481,-28,-18,-79
1741508232.977481,22,31,-109
1741508233.022481,-13,-44,-151
1741508233.068481,62,67,-109
1741508233.114481,8,-6,-83
1741508233.1594808,22,38,-121
1741508233.2054808,9,-51,-91
1741508233.2514808,0,-15,-23
1741508233.2974808,-148,14,-117
1741508233.342481,61,-21,-185
1741508233.388481,-48,-33,-7
1741508233.434481,-52,8,-83
1741508233.479481,-7,-1,-96
1741508233.525481,-46,-67,14
1741508233.571481,79,61,-153
1741508233.617481,8,-21,18
1741508233.6624808,45,-4,-179
1741508233.7084808,-56,-6,-66
1741508233.7544808,95,-22,-158
1741508233.799481,-66,7,-86
1741508233.845481,-44,-80,7
1741508233.891481,-71,-86,-38
1741508233.937481,-101,37,-118
1741508233.982481,15,-11,-110
1741508234.028481,-36,27,-72
1741508234.074481,0,5,-40
1741508234.1194808,27,-5,69
1741508234.1654809,45,-6,13
1741508234.2114809,29,-37,-14
1741508234.2574809,-32,22,-144
1741508234.302481,47,-27,-108
1741508234.348481,0,-127,-124
1741508234.394481,58,-17,-101
1741508234.439481,-29,4,-147
1741508234.485481,-26,-30,-36
1741508234.531481,-46,-28,-30
1741508234.577481,-99,-61,18
1741508234.6224809,-21,18,18
1741508234.6684809,-62,2,-119
1741508234.7144809,25,-61,-55
1741508234.759481,63,25,-121
1741508234.805481,28,47,-65
1741508234.851481,-12,0,12
1741508234.897481,66,7,-131
1741508234.9424808,-40,1,-89
1741508234.9884808,-1,41,-67
1741508235.0344808,-7,44,-97
1741508235.079481,16,-25,110
1741508235.125481,-19,0,-9
1741508235.171481,-47,32,-11
1741508235.217481,-23,-63,-75
1741508235.262481,26,-47,-63
1741508235.308481,89,9,-3
1741508235.354481,10,-37,-45
1741508235.3994808,13,33,-17
1741508235.4454808,-28,-18,-165
1741508235.4914808,-18,15,66
1741508235.5374808,43,-34,28
1741508235.582481,-53,-20,24
1741508235.628481,-3,75,80
1741508235.674481,-81,-54,-73
1741508235.719481,78,-10,-69
1741508235.765481,13,-28,102
1741508235.811481,12,49,32
1741508235.857481,52,2,-61
1741508235.9024808,76,-62,-143
1741508235.9484808,63,-4,-45
1741508235.9944808,28,30,-107
1741508236.039481,82,-29,-171
1741508236.085481,-49,44,-93
1741508236.131481,-55,6,-15
1741508236.177481,-23,-25,-183
1741508236.222481,-43,-90,32
1741508236.268481,-76,-27,-113
1741508236.314481,-22,-50,18
1741508236.3594809,-46,-78,-119
1741508236.4054809,58,53,-131
1741508236.4514809,45,32,-105
1741508236.4974809,-28,-13,-145
1741508236.542481,-4,-3,-99
1741508236.588481,41,27,-39
1741508236.634481,-8,-11,-62
1741508236.679481,-40,20,-80
1741508236.725481,69,-43,-92
1741508236.771481,-47,27,-82
1741508236.8174808,-14,-13,-64
1741508236.8624809,19,-8,-102
1741508236.908481,-79,-21,-140
1741508236.954481,-147,-39,-106
1741508236.999481,-83,48,-148
1741508237.045481,8,24,-144
1741508237.091481,62,-53,-126
1741508237.137481,31,10,-138
1741508237.1824808,-68,-48,57
1741508237.2284808,77,42,-172
1741508237.2744808,12,-5,-78
1741508237.319481,-50,16,63
1741508237.365481,-98,-9,-114
1741508237.411481,-29,-89,-128
1741508237.457481,-56,24,-66
1741508237.502481,17,-47,-50
1741508237.548481,43,-55,-102
1741508237.594481,-76,-35,-78
1741508237.6394808,23,-55,-148
1741508237.6854808,42,3,-146
1741508237.7314808,17,35,-34
1741508237.7774808,-3,28,-104
1741508237.822481,18,-61,-128
1741508237.868481,-1,74,-48
1741508237.914481,11,49,-70
1741508237.959481,0,-49,-84
1741508238.005481,44,-5,-212
1741508238.051481,-9,24,-92
1741508238.097481,21,-24,-74
1741508238.1424809,-18,81,-138
1741508238.1884809,-9,-22,-68
1741508238.2344809,2,13,-52
1741508238.279481,-54,38,153
1741508238.325481,18,49,-14
1741508238.371481,21,-1,-116
1741508238.417481,-40,5,-132
1741508238.462481,-24,-54,-146
1741508238.508481,-15,10,10
1741508238.554481,-32,37,-31
1741508238.5994809,64,10,16
1741508238.6454809,-16,-64,-9
1741508238.6914809,-43,-25,-121
1741508238.7374809,-49,103,-63
1741508238.782481,70,-17,-79
1741508238.828481,-13,-27,-79
1741508238.874481,4,-39,-55
1741508238.9194808,16,-67,46
1741508238.9654808,38,-15,-129
1741508239.0114808,24,18,-133
1741508239.056481,-15,8,26
1741508239.102481,-41,32,-119
1741508239.148481,-5,-27,-29
1741508239.194481,-41,-69,-91
1741508239.239481,35,-37,62
1741508239.285481,51,-27,-89
1741508239.331481,-26,10,-155
1741508239.3764808,-38,81,-51
1741508239.4224808,77,12,-44
1741508239.4684808,-4,-35,-58
1741508239.5144808,-21,-12,-210
1741508239.559481,-44,-70,-122
1741508239.605481,-13,-51,-96
1741508239.651481,-45,-51,-40
1741508239.696481,22,4,-8
1741508239.742481,5,13,-94
1741508239.788481,107,12,0
1741508239.834481,3,61,-146
1741508239.8794808,53,-24,-156
1741508239.9254808,23,-45,19
1741508239.9714808,-71,-97,-86
1741508240.016481,-79,44,-140
1741508240.062481,28,21,-78
1741508240.108481,8,33,-154
1741508240.154481,46,51,-14
1741508240.199481,-13,-19,19
1741508240.245481,9,24,-78
1741508240.291481,63,34,-2
1741508240.3364809,64,10,15
1741508240.3824809,52,30,-112
1741508240.4284809,52,-81,-230
1741508240.4744809,-7,-11,-120
1741508240.519481,48,-27,-30
1741508240.565481,52,-11,-52
1741508240.611481,15,80,-102
1741508240.656481,-39,14,-182
1741508240.702481,95,36,5
1741508240.748481,106,-9,-46
1741508240.7944808,37,6,15
1741508240.8394809,-2,13,-32
1741508240.8854809,8,-40,-54
1741508240.931481,-85,7,-9
1741508240.976481,52,31,-115
1741508241.022481,15,-70,-67
1741508241.068481,34,-30,4
1741508241.114481,-63,35,-39
1741508241.1594808,32,-28,-39
1741508241.2054808,120,1,-21
1741508241.2514808,55,53,16
1741508241.296481,-46,4,-127
1741508241.342481,-26,0,-33
1741508241.388481,-10,28,-137
1741508241.434481,-10,-41,-121
1741508241.479481,-43,-43,-99
1741508241.525481,-21,48,-75
1741508241.571481,3,30,-43
1741508241.6164808,20,-23,-181
1741508241.6624808,26,-55,-7
1741508241.7084808,11,-35,-27
1741508241.7544808,-3,-7,-69
1741508241.799481,8,-53,-39
1741508241.845481,54,37,-81
1741508241.891481,-25,-29,-107
1741508241.936481,42,-37,-123
1741508241.982481,5,-4,-69
1741508242.028481,23,-14,-3
1741508242.074481,-58,20,-97
1741508242.1194808,87,34,-49
1741508242.1654809,18,-32,-113
1741508242.2114809,45,-15,64
1741508242.256481,0,20,-49
1741508242.302481,6,2,-24
1741508242.348481,81,-19,-58
1741508242.394481,-22,-5,-88
1741508242.4454808,-10,-3,-106
1741508242.4914808,-58,-31,-108
1741508242.536481,-56,-9,-92
1741508242.582481,-24,3,-116
1741508242.628481,25,13,-166
1741508242.674481,-3,-65,-52
1741508242.719481,-16,83,-30
1741508242.765481,102,-9,-42
1741508242.811481,41,-24,-137
1741508242.8564808,35,11,-133
1741508242.9024808,-6,29,-139
1741508242.9484808,-41,-28,-23
1741508242.9944808,-18,-8,-3
1741508243.039481,13,-16,-155
1741508243.085481,14,47,28
1741508243.131481,-9,5,-89
1741508243.176481,-59,13,-55
1741508243.222481,-11,-14,-51
1741508243.268481,64,69,-87
1741508243.314481,76,45,-83
1741508243.3594809,72,0,-101
1741508243.4054809,-43,52,-81
1741508243.4514809,48,-1,-1
1741508243.496481,-91,-50,-51
1741508243.542481,10,-25,-138
1741508243.588481,-21,-45,-67
1741508243.634481,-65,20,-91
1741508243.679481,26,-39,-107
1741508243.725481,-53,-53,-120
1741508243.771481,-15,55,-176
1741508243.8164809,14,27,31
1741508243.8624809,-37,17,-146
1741508243.908481,62,62,-50
1741508243.954481,-41,-38,-178
1741508243.999481,2,-70,-198
1741508244.045481,90,50,-112
1741508244.091481,-19,-5,-100
1741508244.1364808,54,-41,37
1741508244.1824808,-88,27,-50
1741508244.2284808,45,0,-176
1741508244.2744808,-32,27,-86
1741508244.319481,71,-54,-10
1741508244.365481,-9,42,-4
1741508244.411481,68,-9,-218
1741508244.456481,33,-5,-2
1741508244.502481,-9,-33,-90
1741508244.548481,24,-59,93
1741508244.594481,-23,-53,-18
1741508244.6394808,-5,40,-176
1741508244.6854808,12,45,-128
1741508244.7314808,-6,-10,-50
1741508244.776481,3,-52,-50
1741508244.822481,13,-8,-90
1741508244.868481,-10,-30,-130
1741508244.914481,9,-36,-64
1741508244.959481,28,-75,-76
1741508245.005481,40,22,-132
1741508245.051481,-35,87,-78
1741508245.0964808,-11,-19,-67
1741508245.1424809,-98,18,-63
1741508245.1884809,-13,-74,-93
1741508245.2344809,-6,-45,-118
1741508245.279481,-59,100,-55
1741508245.325481,48,-31,-67
1741508245.371481,-49,19,-61
1741508245.416481,39,-74,-85
1741508245.462481,-1,-50,-164
1741508245.508481,-33,2,-24
1741508245.554481,-15,14,-26
1741508245.5994809,-15,-5,-94
1741508245.6454809,-67,-3,-172
1741508245.6914809,64,-43,-130
1741508245.736481,-32,-13,70
1741508245.782481,-23,-28,-58
1741508245.828481,-5,-12,-124
1741508245.873481,0,-29,-200
1741508245.9194808,-27,3,-130
1741508245.9654808,-83,33,-4
1741508246.0114808,-67,8,-150
1741508246.056481,4,-67,-114
1741508246.102481,48,-33,-40
1741508246.148481,7,34,-53
1741508246.193481,-84,-24,-71
1741508246.239481,71,-21,-25
1741508246.285481,-9,18,22
1741508246.331481,-30,28,-92
1741508246.3764808,-30,38,-91
1741508246.4224808,-53,-11,-59
1741508246.4684808,67,-45,-36
1741508246.513481,-8,-33,-118
1741508246.559481,-22,-9,-116
1741508246.605481,-32,-101,-124
1741508246.651481,-56,2,-28
1741508246.696481,79,-3,-6
1741508246.742481,-32,51,-186
1741508246.788481,45,5,-192
1741508246.8334808,21,-15,-108
1741508246.8794808,70,-35,-154
1741508246.9254808,-54,-78,-10
1741508246.9714808,47,-44,-80
1741508247.016481,5,28,17
1741508247.062481,9,-15,-84
1741508247.108481,-37,43,-30
1741508247.153481,0,-47,-87
1741508247.199481,-41,-57,11
1741508247.245481,83,44,-91
1741508247.291481,60,35,-84
1741508247.3364809,-67,17,-112
1741508247.3824809,-7,-126,-92
1741508247.4284809,-46,15,-212
1741508247.473481,9,11,-200
1741508247.519481,50,-38,-62
1741508247.565481,-3,43,-170
1741508247.611481,-33,21,-10
1741508247.656481,-3,23,-103
1741508247.702481,40,-16,-177
1741508247.748481,-23,-19,-50
1741508247.7934809,96,-45,-84
1741508247.8394809,22,-85,-8
1741508247.8854809,45,53,-94
1741508247.931481,-53,-9,-4
1741508247.976481,24,29,-26
1741508248.022481,-5,127,-128
1741508248.068481,-87,39,-62
1741508248.1134808,18,21,-170
1741508248.1594808,48,-8,-178
1741508248.2054808,45,40,-46
1741508248.2514808,-38,6,-42
1741508248.296481,-68,-73,-82
1741508248.342481,3,34,-116
1741508248.388481,65,-57,-40
1741508248.433481,-14,-50,-18
1741508248.479481,35,-78,-88
1741508248.525481,17,-78,-140
1741508248.571481,-46,-58,-28
1741508248.6164808,3,61,-47
1741508248.6624808,-20,-69,-13
1741508248.7084808,-47,-76,-131
1741508248.753481,7,-29,-53
1741508248.799481,1,0,-89
1741508248.845481,-98,-50,-25
1741508248.891481,0,12,-221
1741508248.936481,-33,14,-115
1741508248.982481,22,7,-73
1741508249.028481,-50,13,-99
1741508249.0734808,25,0,-137
1741508249.1194808,15,-95,-99
1741508249.1654809,-26,-53,-169
1741508249.2114809,-17,13,-161
1741508249.256481,14,-43,-105
1741508249.302481,-77,0,-194
1741508249.348481,20,-39,-60
1741508249.393481,40,-19,-120
1741508249.439481,-21,50,-2
1741508249.485481,-66,20,-140
1741508249.531481,13,-10,-162
1741508249.5764809,17,48,-2
1741508249.6224809,-34,-23,-140
1741508249.6684809,10,-46,-4
1741508249.713481,18,-18,39
1741508249.759481,33,-15,-158
1741508249.805481,-84,88,-62
1741508249.851481,6,48,-52
1741508249.896481,2,-32,-30
1741508249.9424808,110,-45,-122
1741508249.9884808,-23,-16,-64
1741508250.033481,-71,-10,-92
1741508250.079481,-12,-35,-80
1741508250.125481,-12,0,-40
1741508250.171481,-24,24,99
1741508250.216481,71,-58,5
1741508250.262481,40,-68,-54
1741508250.308481,68,-34,-106
1741508250.3534808,8,7,-200
1741508250.3994808,24,-36,-2
1741508250.4454808,-35,37,-16
1741508250.4914808,22,-14,-78
1741508250.536481,4,-36,-172
1741508250.582481,2,-46,-90
1741508250.628481,30,11,-46
1741508250.673481,13,-22,-160
1741508250.719481,53,53,-128
1741508250.765481,65,17,-94
1741508250.811481,12,0,-116
1741508250.8564808,-20,-46,-110
1741508250.9024808,5,-34,-18
1741508250.9484808,42,-10,-196
1741508250.993481,14,-35,-86
1741508251.039481,38,-39,-48
1741508251.085481,-47,46,-50
1741508251.131481,40,-9,71
1741508251.176481,-45,-29,-122
1741508251.222481,63,-29,-80
1741508251.268481,24,40,-46
1741508251.3134809,62,-15,-174
1741508251.3594809,17,38,-138
1741508251.4054809,23,66,-78
1741508251.4514809,22,-1,-90
1741508251.496481,-13,10,-184
1741508251.542481,-41,8,3
1741508251.588481,48,-49,-68
1741508251.633481,-105,-32,-74
1741508251.679481,35,-22,-126
1741508251.725481,-2,-42,-88
1741508251.771481,1,-14,-18
1741508251.8164809,-12,-54,-4
1741508251.8624809,51,-40,-20
1741508251.908481,17,-21,-168
1741508251.953481,-2,14,-38
1741508251.999481,29,-50,-64
1741508252.045481,-14,36,-84
1741508252.091481,130,-9,-120
1741508252.1364808,-20,-3,-100
1741508252.1824808,29,-19,-148
1741508252.2284808,46,30,-106
1741508252.273481,75,28,-28
1741508252.319481,65,-3,-16
1741508252.365481,-37,-31,-56
1741508252.411481,-45,-68,-94
1741508252.462481,-29,-16,7
1741508252.508481,-10,-30,-102
1741508252.5534809,59,-41,-40
1741508252.5994809,89,20,-136
1741508252.6454809,24,-51,-4
1741508252.690481,61,2,-102
1741508252.736481,16,-31,-72
1741508252.782481,-29,-1,-132
1741508252.828481,-6,2,-144
1741508252.873481,28,8,-191
1741508252.9194808,-20,19,-105
1741508252.9654808,9,-25,32
1741508253.0104809,47,50,-105
1741508253.056481,-88,-5,-91
1741508253.102481,-27,-53,-71
1741508253.148481,41,-21,-15
1741508253.193481,-37,64,-123
1741508253.239481,-13,-3,-87
1741508253.285481,28,-35,-27
1741508253.3304808,78,48,-31
1741508253.3764808,-30,10,-63
1741508253.4224808,1,24,-57
1741508253.4684808,-14,-37,-67
1741508253.513481,59,-23,-133
1741508253.559481,23,-35,-47
1741508253.605481,61,3,-79
1741508253.650481,75,19,8
1741508253.696481,-86,74,-115
1741508253.742481,17,-23,-7
1741508253.788481,5,-31,-53
1741508253.8334808,-34,8,-93
1741508253.8794808,-74,14,-157
1741508253.9254808,67,-19,0
1741508253.970481,3,30,-71
1741508254.016481,-118,33,-77
1741508254.062481,-48,-7,-201
1741508254.108481,53,74,-93
1741508254.153481,-42,22,-53
1741508254.199481,9,-91,-89
1741508254.245481,35,29,-127
1741508254.2904809,-8,-89,-101
1741508254.3364809,21,-56,-157
1741508254.3824809,-64,56,-11
1741508254.4284809,-4,-75,-19
1741508254.473481,5,-22,-3
1741508254.519481,-30,-85,-141
1741508254.565481,-2,-56,-157
1741508254.610481,65,14,-99
1741508254.656481,45,-11,-92
1741508254.702481,16,64,-194
1741508254.748481,-38,-12,20
1741508254.7934809,13,6,-38
1741508254.8394809,-49,-62,-52
1741508254.8854809,0,22,-204
1741508254.930481,6,-81,-76
1741508254.976481,-43,-49,-188
1741508255.022481,-48,48,-50
1741508255.068481,-28,34,-122
1741508255.1134808,-22,-48,-6
1741508255.1594808,-2,-114,-62
1741508255.2054808,-50,-102,-164
1741508255.250481,81,-28,-38
1741508255.296481,-79,-7,1
1741508255.342481,2,26,27
1741508255.388481,-28,-26,-78
1741508255.433481,-4,-5,-90
1741508255.479481,-10,50,-130
1741508255.525481,-16,26,-198
1741508255.5704808,-52,-49,-4
1741508255.6164808,21,-9,-2
1741508255.6624808,61,-21,-38
1741508255.7084808,88,-15,-64
1741508255.753481,44,-33,-102
1741508255.799481,96,-21,-178
1741508255.845481,-63,2,-50
1741508255.890481,10,-19,-84
1741508255.936481,2,41,-74
1741508255.982481,36,-9,-168
1741508256.028481,-25,64,37
1741508256.0734808,-55,-83,-83
1741508256.1194808,51,-15,-81
1741508256.1654809,-47,-31,-109
1741508256.210481,-34,-53,-27
1741508256.256481,-94,-19,-21
1741508256.302481,-4,2,-61
1741508256.348481,13,-21,-147
1741508256.393481,103,4,-45
1741508256.439481,-40,-75,-105
1741508256.485481,3,32,-109
1741508256.5304809,-45,-45,-59
1741508256.5764809,-5,12,-167
1741508256.6224809,-37,-18,-55
1741508256.6684809,76,-37,-83
1741508256.713481,39,-7,-33
1741508256.759481,-56,-21,-37
1741508256.805481,16,-19,-63
1741508256.850481,7,38,0
1741508256.896481,72,-23,-99
1741508256.9424808,5,-23,-71
1741508256.9884808,53,24,-155
1741508257.033481,55,-5,-25
1741508257.079481,39,-5,-61
1741508257.125481,-2,66,-81
1741508257.170481,-26,6,-109
1741508257.216481,-10,40,-163
1741508257.262481,5,-16,-103
1741508257.308481,17,-42,-23
1741508257.3534808,0,-69,-84
1741508257.3994808,-87,-61,-179
1741508257.4454808,-26,-2,-96
1741508257.490481,-28,-44,-16
1741508257.536481,-38,-8,-88
1741508257.582481,-18,-58,-92
1741508257.628481,-8,-30,-58
1741508257.673481,85,-34,-8
1741508257.719481,125,-32,-58
1741508257.765481,57,-12,-172
1741508257.8104808,-14,19,-115
1741508257.8564808,-46,-34,18
1741508257.9024808,40,51,-47
1741508257.9484808,-37,-22,-195
1741508257.993481,-53,-10,-49
1741508258.039481,34,-11,-83
1741508258.085481,-60,70,-104
1741508258.130481,67,-51,-54
1741508258.176481,83,10,-36
1741508258.222481,41,10,-145
1741508258.268481,53,79,-35
1741508258.3134809,9,27,48
1741508258.3594809,-27,45,76
1741508258.4054809,-56,-70,-9
1741508258.450481,40,-35,-49
1741508258.496481,13,2,-81
1741508258.542481,42,-37,-37
1741508258.588481,-6,28,-27
1741508258.633481,27,-57,-81
1741508258.679481,61,-41,-11
1741508258.725481,21,50,-45
1741508258.7704809,-2,58,-125
1741508258.8164809,30,-24,-15
1741508258.8624809,-159,11,34
1741508258.908481,-49,-8,-55
1741508258.953481,12,-4,-7
1741508258.999481,-41,19,0
1741508259.045481,-94,63,-210
1741508259.0904808,17,-7,-98
1741508259.1364808,-11,-76,-187
1741508259.1824808,-56,-7,-70
1741508259.2284808,-64,-16,-50
1741508259.273481,65,26,-42
1741508259.319481,0,-21,-114
1741508259.365481,-61,16,-71
1741508259.410481,33,-45,-124
1741508259.456481,-27,0,-84
1741508259.502481,9,54,-36
1741508259.5474808,5,-27,-66
1741508259.5934808,41,-61,33
1741508259.6394808,61,-64,-161
1741508259.6854808,-46,37,-71
1741508259.730481,3,-62,-87
1741508259.776481,9,3,16
1741508259.822481,-3,-22,-155
1741508259.8664808,16,23,44
1741508259.9124808,-80,67,-175
1741508259.9584808,-2,57,40
1741508260.003481,-41,-16,-9
1741508260.049481,66,-30,-121
1741508260.095481,-15,-41,-205
1741508260.141481,-25,18,26
1741508260.186481,-2,-49,-199
1741508260.232481,27,29,22
1741508260.278481,31,36,-75
1741508260.3234808,7,-31,14
1741508260.3694808,-34,15,-49
1741508260.4154809,-44,-21,-85
1741508260.4614809,-28,56,-53
1741508260.506481,51,23,-21
1741508260.552481,20,-14,-49
1741508260.598481,6,-40,-89
1741508260.643481,44,1,-127
1741508260.689481,8,41,8
1741508260.735481,104,8,-77
1741508260.781481,-2,59,-105
1741508260.8264809,-43,31,52
1741508260.8724809,56,21,-57
1741508260.9184809,-15,-44,-59
1741508260.963481,-24,37,94
1741508261.009481,26,-24,-151
1741508261.055481,10,-130,-145
1741508261.101481,-23,-48,-171
1741508261.146481,7,31,-57
1741508261.1924808,-22,-13,-43
1741508261.2384808,67,-41,-3
1741508261.283481,13,44,-53
1741508261.329481,-18,-51,-41
1741508261.375481,-56,0,-114
1741508261.421481,41,-27,38
1741508261.466481,85,-43,-73
1741508261.512481,0,22,-189
1741508261.558481,-60,-7,54
1741508261.6034808,-34,-9,6
1741508261.6494808,15,16,-1
1741508261.6954808,12,51,-69
1741508261.7414808,82,-15,-167
1741508261.786481,-10,-49,58
1741508261.832481,-23,-45,-149
1741508261.878481,18,-13,-129
1741508261.923481,-15,10,24
1741508261.969481,-6,-39,0
1741508262.015481,73,-39,-69
1741508262.061481,-40,24,15
1741508262.1064808,74,-94,-84
1741508262.1524808,-45,-22,-130
1741508262.1984808,17,-24,-172
1741508262.243481,1,-44,-92
1741508262.289481,47,-56,-76
1741508262.335481,18,8,-68
1741508262.381481,6,46,-192
1741508262.426481,30,30,-52
1741508262.4784808,-37,16,-104
1741508262.523481,22,-23,67
1741508262.569481,-13,2,-100
1741508262.615481,88,1,-26
1741508262.661481,58,-15,-129
1741508262.706481,4,46,-59
1741508262.752481,58,62,-75
1741508262.798481,-83,-32,-195
1741508262.8434808,21,-1,-199
1741508262.8894808,17,46,-25
1741508262.9354808,117,13,-53
1741508262.9814808,-32,30,-89
1741508263.026481,-2,-3,18
1741508263.072481,9,-67,-67
1741508263.118481,26,-18,-39
1741508263.163481,-31,-24,-71
1741508263.209481,-65,-16,-79
1741508263.255481,-60,4,-101
1741508263.301481,-12,46,-71
1741508263.3464808,29,32,6
1741508263.3924809,-10,-90,-103
1741508263.4384809,1,-68,-147
1741508263.483481,63,29,-141
1741508263.529481,-6,78,-35
1741508263.575481,-54,-128,-215
1741508263.621481,-24,-19,-69
1741508263.666481,17,38,-59
1741508263.712481,59,-55,-49
1741508263.758481,73,30,66
1741508263.8034809,55,-1,-170
1741508263.8494809,0,-22,-108
1741508263.8954809,23,9,-30
1741508263.9414809,31,-34,18
1741508263.986481,-60,-56,-75
1741508264.032481,-28,15,-92
1741508264.078481,1,1,-142
1741508264.123481,41,33,-80
1741508264.170481,-17,-25,-180
1741508264.216481,-43,36,-52
1741508264.262481,44,-9,-162
1741508264.3074808,-29,26,-164
1741508264.3534808,26,-39,-4
1741508264.3994808,-26,-15,-87
1741508264.4454808,31,44,74
1741508264.490481,13,-47,-132
1741508264.536481,-70,38,-28
1741508264.582481,-40,4,-8
1741508264.627481,-44,-29,40
1741508264.673481,-44,-43,-64
1741508264.719481,1,-13,-164
1741508264.765481,13,-20,-102
1741508264.8104808,-42,-11,-132
1741508264.8564808,-106,-45,-58
1741508264.9024808,11,32,-130
1741508264.947481,45,-3,-84
1741508264.993481,-16,0,-86
1741508265.039481,24,-4,-10
1741508265.085481,-23,38,-128
1741508265.130481,-126,37,-132
1741508265.176481,-54,-30,47
1741508265.222481,-61,32,33
1741508265.2674809,6,-3,-174
1741508265.3134809,12,-15,-144
1741508265.3594809,-75,-26,-152
1741508265.4054809,56,-4,-144
1741508265.450481,-25,51,-163
1741508265.496481,-25,-72,-57
1741508265.542481,56,64,-75
1741508265.587481,8,22,-115
1741508265.633481,0,-31,100
1741508265.679481,42,106,-61
1741508265.725481,32,10,-87
1741508265.7704809,-7,40,-143
1741508265.8164809,16,14,-167
1741508265.8624809,-7,-13,-120
1741508265.907481,12,88,20
1741508265.953481,6,6,-64
1741508265.999481,-33,-41,-146
1741508266.045481,-17,-9,-104
1741508266.0904808,60,0,-80
1741508266.1364808,-1,4,-94
1741508266.1824808,-43,-29,-113
1741508266.227481,-21,-63,-65
1741508266.273481,-13,6,-63
1741508266.319481,4,14,-87
1741508266.364481,16,-71,-65
1741508266.410481,-79,-21,-139
1741508266.456481,-10,43,-123
1741508266.502481,-83,22,-135
1741508266.5474808,69,10,-111
1741508266.5934808,-38,5,-102
1741508266.6394808,-19,-29,-53
1741508266.684481,-3,-23,-108
1741508266.730481,70,-23,-63
1741508266.776481,28,7,-200
1741508266.822481,-14,5,-90
1741508266.867481,0,57,-116
1741508266.913481,29,-30,-66
1741508266.959481,11,5,-24
1741508267.0044808,-113,3,-94
1741508267.0504808,63,76,-180
1741508267.0964808,-14,72,-152
1741508267.1424809,-22,-31,-30
1741508267.187481,20,-34,-120
1741508267.233481,-31,-42,-88
1741508267.279481,8,50,-88
1741508267.324481,-21,0,-96
1741508267.370481,-29,66,47
1741508267.416481,-33,86,-84
1741508267.462481,26,-67,-68
1741508267.5074809,-55,-23,-52
1741508267.5534809,0,-63,-32
1741508267.5994809,-15,20,-38
1741508267.644481,55,-84,-134
1741508267.690481,63,12,-238
1741508267.736481,-22,80,3
1741508267.782481,-17,-20,-127
1741508267.827481,-22,50,-131
1741508267.873481,47,-37,-103
1741508267.9194808,-28,12,-33
1741508267.9644809,-20,53,-73
1741508268.0104809,-26,-15,-145
1741508268.056481,31,-7,-45
1741508268.102481,19,18,-91
1741508268.147481,-18,-9,-56
1741508268.193481,5,-101,-34
1741508268.239481,5,39,-110
1741508268.2844808,-92,11,21
1741508268.3304808,-8,-47,-92
1741508268.3764808,23,7,-198
1741508268.4224808,-22,-4,-148
1741508268.467481,5,-19,-134
1741508268.513481,-20,-50,-88
1741508268.559481,3,-34,-46
1741508268.604481,40,-26,-108
1741508268.650481,52,7,-38
1741508268.696481,-25,18,-186
1741508268.742481,-11,-13,-56
1741508268.7874808,-68,-10,-22
1741508268.8334808,35,16,3
1741508268.8794808,-14,70,-48
1741508268.924481,-18,43,-144
1741508268.970481,63,84,-28
1741508269.016481,15,-33,-12
1741508269.062481,-17,18,-90
1741508269.107481,-41,-7,-66
1741508269.153481,-14,-16,-138
1741508269.199481,55,-26,-162
1741508269.2444808,-46,0,-92
1741508269.2904809,-1,-51,-68
1741508269.3364809,58,26,-112
1741508269.3824809,45,-43,-4
1741508269.427481,39,-41,-162
1741508269.473481,-42,14,-186
1741508269.519481,-27,30,-31
1741508269.564481,-53,8,-133
1741508269.610481,-25,71,-83
1741508269.656481,3,0,-201
1741508269.702481,-52,-9,-45
1741508269.7474809,-32,-17,-139
1741508269.7934809,81,47,-146
1741508269.8394809,57,45,35
1741508269.884481,-25,6,-83
1741508269.930481,-3,-35,2
1741508269.976481,93,-70,-143
1741508270.022481,101,-40,38
1741508270.0674808,89,-26,-108
1741508270.1134808,-2,-10,31
1741508270.1594808,21,57,20
1741508270.204481,-102,-10,-80
1741508270.250481,59,-30,16
1741508270.296481,-32,-14,-59
1741508270.342481,3,56,-111
1741508270.387481,61,-67,2
1741508270.433481,-46,-35,-43
1741508270.479481,36,-33,-131
1741508270.5244808,-25,-13,-33
1741508270.5704808,9,11,-176
1741508270.6164808,-24,21,-74
1741508270.6624808,89,-97,-70
1741508270.707481,71,-49,37
1741508270.753481,-72,-13,-88
1741508270.799481,-24,10,43
1741508270.844481,99,-47,-10
1741508270.890481,33,0,-134
1741508270.936481,-8,-16,-58
1741508270.982481,33,-24,9
1741508271.0274808,3,3,-78
1741508271.0734808,-60,25,-46
1741508271.1194808,129,-32,-83
1741508271.164481,-6,-36,-12
1741508271.210481,-38,9,-80
1741508271.256481,85,0,-90
1741508271.302481,11,-52,-96
1741508271.347481,94,16,12
1741508271.393481,-29,-43,-52
1741508271.439481,-53,18,-84
1741508271.4844809,144,-53,-152
1741508271.5304809,29,4,-6
1741508271.5764809,9,-48,-104
1741508271.6224809,35,-19,-16
1741508271.667481,-4,-49,0
1741508271.713481,-34,-59,-12
1741508271.759481,13,-4,-48
1741508271.804481,-2,-65,-170
1741508271.850481,-12,-125,-66
1741508271.896481,-20,-13,-58
1741508271.9424808,7,36,-176
1741508271.9874809,-6,-49,-50
1741508272.033481,23,-26,-93
1741508272.079481,17,1,-59
1741508272.124481,37,-2,-69
1741508272.170481,31,-16,-83
1741508272.216481,-63,7,38
1741508272.262481,50,-28,-49
1741508272.3074808,-44,-24,-77
1741508272.3534808,41,31,-59
1741508272.3994808,-15,-33,-133
1741508272.444481,-12,-18,-11
1741508272.496481,4,28,-85
1741508272.542481,82,-31,-63
1741508272.587481,-1,-26,2
1741508272.633481,1,58,-109
1741508272.679481,-18,8,-137
1741508272.7244809,75,-9,-129
1741508272.769481,43,-59,-73
1741508272.815481,-12,30,-117
1741508272.860481,113,-20,-161
1741508272.906481,-7,38,-19
1741508272.952481,10,-35,-139
1741508272.998481,-44,40,-55
1741508273.0434809,49,-15,-91
1741508273.0894809,-46,66,-25
1741508273.1354809,57,8,-91
1741508273.180481,-27,8,-87
1741508273.226481,8,8,14
1741508273.272481,-73,14,4
1741508273.3174808,-27,-51,-1
1741508273.3634808,43,48,-89
1741508273.4094808,-97,-50,-115
1741508273.4554808,5,-36,12
1741508273.500481,51,16,-105
1741508273.546481,7,-38,-1
1741508273.592481,53,67,-67
1741508273.637481,-12,39,12
1741508273.683481,-74,71,-115
1741508273.729481,-45,-33,-163
1741508273.775481,69,8,-85
1741508273.8204808,21,-51,-105
1741508273.8664808,-44,38,-131
1741508273.9124808,89,-5,-33
1741508273.957481,-6,-29,-51
1741508274.003481,7,-25,-91
1741508274.049481,-46,51,-1
1741508274.095481,-22,-16,-129
1741508274.140481,11,-12,-45
1741508274.186481,-21,-64,-87
1741508274.232481,14,-4,8
1741508274.2774808,-19,-14,-63
1741508274.3234808,74,-14,-243
1741508274.3694808,14,120,-33
1741508274.4154809,76,-28,-101
1741508274.460481,-45,28,-47
1741508274.506481,26,0,64
1741508274.552481,30,60,-37
1741508274.597481,11,32,100
1741508274.643481,-39,16,-141
1741508274.689481,-118,-20,-91
1741508274.735481,-54,-29,-125
1741508274.7804809,21,140,-89
1741508274.8264809,-36,-9,-89
1741508274.8724809,87,60,-25
1741508274.917481,65,65,-52
1741508274.963481,-28,57,-101
1741508275.009481,63,-64,-59
1741508275.055481,36,23,-117
1741508275.100481,81,-15,-61
1741508275.146481,18,19,-163
1741508275.1924808,-43,-40,-79
1741508275.2374809,-44,31,40
1741508275.283481,-18,-28,-13
1741508275.329481,-11,-57,-1
1741508275.375481,-51,-29,-82
1741508275.420481,-105,-3,-66
1741508275.466481,-15,-61,-88
1741508275.512481,-26,-20,-140
1741508275.5574808,-3,-7,-114
1741508275.6034808,32,64,13
1741508275.6494808,13,95,-70
1741508275.6954808,-22,-36,-30
1741508275.740481,25,43,-90
1741508275.786481,49,8,-162
1741508275.832481,8,-43,-44
1741508275.877481,-27,-25,51
1741508275.923481,42,-29,-42
1741508275.969481,38,-7,61
1741508276.015481,71,60,19
1741508276.0604808,62,14,-68
1741508276.1064808,18,12,-118
1741508276.1524808,18,-51,-18
1741508276.197481,28,-29,11
1741508276.243481,-15,21,-38
1741508276.289481,32,22,-66
1741508276.335481,32,41,-10
1741508276.380481,-19,-59,-160
1741508276.426481,106,-39,-85
1741508276.472481,-3,-4,-67
1741508276.5174809,22,-42,-177
1741508276.5634809,108,-10,-191
1741508276.6094809,-25,-6,-69
1741508276.6554809,-19,-33,-23
1741508276.700481,15,-21,-211
1741508276.746481,-4,-1,-79
1741508276.792481,23,12,-43
1741508276.837481,-21,-24,56
1741508276.883481,-104,20,-133
1741508276.929481,-68,58,-43
1741508276.975481,-12,100,-29
1741508277.0204809,61,-70,-97
1741508277.0664809,-34,-50,-119
1741508277.1124809,-19,36,-79
1741508277.157481,-34,-51,-205
1741508277.203481,43,8,-215
1741508277.249481,-79,96,-109
1741508277.295481,40,40,-87
1741508277.3404808,-14,-32,-123
1741508277.3864808,-48,-17,-9
1741508277.4324808,-24,-23,62
1741508277.477481,5,27,12
1741508277.523481,57,0,-173
1741508277.569481,29,5,-73
1741508277.615481,21,47,-218
1741508277.660481,1,-50,-122
1741508277.706481,45,-65,-109
1741508277.752481,9,13,-52
1741508277.7974808,47,-10,-149
1741508277.8434808,-2,1,-68
1741508277.8894808,-10,101,-69
1741508277.9354808,0,-19,-161
1741508277.980481,101,-11,13
1741508278.026481,56,-54,-76
1741508278.072481,-22,40,-58
1741508278.117481,-30,-1,-106
1741508278.163481,50,-34,-53
1741508278.209481,0,-50,-89
1741508278.255481,-21,-2,-25
1741508278.3004808,-23,51,-37
1741508278.3464808,16,-44,-153
1741508278.3924809,80,-14,-45
1741508278.437481,-31,-12,-101
1741508278.483481,27,-39,-67
1741508278.529481,-20,-2,-133
1741508278.575481,9,78,-137
1741508278.620481,-28,-15,-141
1741508278.666481,-34,82,-17
1741508278.712481,17,-55,-141
1741508278.7574809,50,-2,-123
1741508278.8034809,32,-24,-105
1741508278.8494809,40,27,-60
1741508278.8954809,4,13,-155
1741508278.940481,62,-18,-129
1741508278.986481,-5,75,-72
1741508279.032481,-55,-14,-24
1741508279.077481,16,-58,-7
1741508279.123481,-45,19,-67
1741508279.1694808,50,-11,-132
1741508279.2154808,0,-1,-126
1741508279.2604809,13,-72,-104
1741508279.306481,-28,-9,-34
1741508279.352481,-41,18,-10
1741508279.397481,26,-35,-108
1741508279.443481,-80,-20,-206
1741508279.489481,10,-23,-28
1741508279.535481,41,47,-40
1741508279.5804808,-11,16,54
1741508279.6264808,-22,-15,-130
1741508279.6724808,-36,50,3
1741508279.717481,-28,-55,-76
1741508279.763481,-28,2,-73
1741508279.809481,93,21,-61
1741508279.855481,13,-16,-39
1741508279.900481,28,-27,-145
1741508279.946481,59,-67,-191
1741508279.992481,-41,-67,-61
1741508280.0374808,22,-23,-191
1741508280.0834808,-21,-41,-115
1741508280.1294808,34,-28,-227
1741508280.174481,52,-58,-83
1741508280.220481,-37,-2,-145
1741508280.266481,61,-1,-55
1741508280.312481,-40,-16,-49
1741508280.357481,-64,-10,-67
1741508280.403481,9,59,-105
1741508280.449481,11,-8,-135
1741508280.4944808,39,-12,-145
1741508280.5404809,-8,0,-87
1741508280.5864809,1,-40,-83
1741508280.6324809,-68,-28,-61
1741508280.677481,-46,-41,-63
1741508280.723481,-22,38,-39
1741508280.769481,43,-54,-147
1741508280.814481,-38,9,-118
1741508280.860481,-36,-30,-156
1741508280.906481,-59,45,-88
1741508280.952481,-61,-20,-63
1741508280.9974809,11,-27,-61
1741508281.0434809,55,-20,-108
1741508281.0894809,-40,27,-110
1741508281.134481,37,-26,-140
1741508281.180481,51,11,-60
1741508281.226481,-2,-10,-124
1741508281.272481,55,69,-24
1741508281.3174808,61,-6,-4
1741508281.3634808,-23,34,-92
1741508281.4094808,46,34,-20
1741508281.454481,52,10,-52
1741508281.500481,-11,-25,-122
1741508281.546481,-3,13,-138
1741508281.592481,12,-45,-154
1741508281.637481,54,48,-58
1741508281.683481,56,-21,-180
1741508281.729481,12,30,-60
1741508281.7744808,48,4,-12
1741508281.8204808,89,-74,-48
1741508281.8664808,17,-30,-62
1741508281.9124808,1,-22,69
1741508281.957481,19,-56,-148
1741508282.003481,10,-49,-40
1741508282.049481,-95,-75,-134
1741508282.094481,4,-25,-140
1741508282.140481,-15,-29,-18
1741508282.186481,10,-1,-200
1741508282.232481,4,-75,-130
1741508282.2774808,27,17,-222
1741508282.3234808,34,-1,-60
1741508282.3694808,45,45,-150
1741508282.414481,-22,-6,-118
1741508282.466481,-23,-23,-16
1741508282.512481,-50,22,-82
1741508282.5574808,37,41,-190
1741508282.6034808,19,26,-88
1741508282.6494808,31,-20,21
1741508282.694481,35,35,-226
1741508282.740481,-13,-10,-74
1741508282.786481,75,-38,9
1741508282.832481,59,-19,-70
1741508282.877481,1,-109,1
1741508282.923481,33,-17,-150
1741508282.969481,-78,-5,-100
1741508283.0144808,7,-21,-74
1741508283.0604808,-21,-23,-72
1741508283.1064808,3,-29,-54
1741508283.1524808,49,26,-82
1741508283.197481,5,-27,49
1741508283.243481,-14,34,-110
1741508283.289481,-30,42,-162
1741508283.334481,-36,-19,-146
1741508283.380481,-82,-82,-30
1741508283.426481,-59,47,-105
1741508283.472481,22,-48,-85
1741508283.5174809,-21,63,-47
1741508283.5634809,39,-20,-156
1741508283.6094809,69,71,-63
1741508283.654481,-32,35,-103
1741508283.700481,-14,0,-99
1741508283.746481,49,-32,-139
1741508283.792481,41,35,-37
1741508283.837481,-62,43,42
1741508283.883481,18,26,-119
1741508283.929481,-32,59,-13
1741508283.9744809,31,10,-111
1741508284.0204809,-54,-45,-139
1741508284.0664809,13,-31,-35
1741508284.1124809,69,20,-93
1741508284.157481,-14,-25,-11
1741508284.203481,89,49,-119
1741508284.249481,24,-26,-31
1741508284.2944808,1,-31,-133
1741508284.3404808,-44,-29,-43
1741508284.3864808,49,-101,-43
1741508284.4324808,64,-9,-37
1741508284.477481,-6,58,-59
1741508284.523481,25,52,-91
1741508284.569481,55,10,-153
1741508284.614481,73,-25,-43
1741508284.660481,-5,100,-71
1741508284.706481,-35,-22,40
1741508284.752481,60,-30,-191
1741508284.7974808,-25,11,-227
1741508284.8434808,48,-51,6
1741508284.8894808,-14,32,-75
1741508284.934481,35,10,-107
1741508284.980481,36,26,-95
1741508285.026481,-59,37,-105
1741508285.072481,0,-10,-11
1741508285.117481,16,64,-137
1741508285.163481,58,-6,-125
1741508285.209481,-81,33,40
1741508285.2544808,-77,-28,14
1741508285.3004808,-19,57,-141
1741508285.3464808,-36,37,-29
1741508285.3924809,-4,0,-193
1741508285.437481,22,6,-65
1741508285.483481,-74,24,-66
1741508285.529481,46,24,-30
1741508285.574481,-40,12,-179
1741508285.620481,-40,10,-152
1741508285.666481,19,-61,-82
1741508285.712481,23,-83,-104
1741508285.7574809,7,12,-135
1741508285.8034809,25,60,-117
1741508285.8494809,63,-55,-127
1741508285.894481,93,28,-151
1741508285.940481,39,-32,-117
1741508285.986481,-22,-21,-119
1741508286.032481,-21,20,-151
1741508286.077481,26,-79,-23
1741508286.123481,-4,27,-44
1741508286.1694808,-40,66,0
1741508286.2144809,-56,-109,-3
1741508286.2604809,-4,0,-75
1741508286.306481,-12,61,-1
1741508286.352481,-10,-58,-121
1741508286.397481,-6,53,-189
1741508286.443481,-54,-18,-69
1741508286.489481,-32,-110,-147
1741508286.5344808,48,0,-55
1741508286.5804808,18,73,-158
1741508286.6264808,-19,-97,-65
1741508286.6724808,60,-39,-23
1741508286.717481,-36,-31,-89
1741508286.763481,9,57,-154
1741508286.809481,-4,21,-95
1741508286.854481,-166,87,-17
1741508286.900481,87,23,-153
1741508286.946481,5,57,-57
1741508286.9914808,0,75,-95
1741508287.0374808,32,-67,-57
1741508287.0834808,-5,20,-171
1741508287.1294808,-29,-23,-115
1741508287.174481,16,-64,-40
1741508287.220481,-4,56,-121
1741508287.266481,39,-9,-81
1741508287.311481,-43,35,-83
1741508287.357481,64,-4,-43
1741508287.403481,-12,-43,-73
1741508287.449481,-36,32,-3
1741508287.4944808,47,2,-95
1741508287.5404809,-16,18,46
1741508287.5864809,-10,4,-41
1741508287.631481,-84,48,-147
1741508287.677481,1,-17,-33
1741508287.723481,10,-7,-127
1741508287.769481,-35,-55,-99
1741508287.814481,20,10,-2
1741508287.860481,-55,14,-5
1741508287.906481,5,-50,-103
1741508287.9514809,48,42,-167
1741508287.9974809,71,39,-101
1741508288.0434809,-17,-54,-35
1741508288.0894809,-24,4,-57
1741508288.134481,-24,22,-7
1741508288.180481,-84,28,-19
1741508288.226481,45,-53,-55
1741508288.271481,23,26,-145
1741508288.3174808,17,34,-71
1741508288.3634808,75,18,-99
1741508288.4094808,64,-16,84
1741508288.454481,-7,-20,-35
1741508288.500481,0,-6,-201
1741508288.546481,-43,3,-159
1741508288.591481,-75,-14,-161
1741508288.637481,4,-70,26
1741508288.683481,-41,-16,-199
1741508288.729481,16,-75,-83
1741508288.7744808,-59,36,-92
1741508288.8204808,-1,-11,-79
1741508288.8664808,8,6,-101
1741508288.911481,-4,23,-25
1741508288.957481,53,-14,32
1741508289.003481,-48,3,-41
1741508289.049481,-34,5,-73
1741508289.094481,37,-68,-59
1741508289.140481,-21,-24,-113
1741508289.186481,-43,4,-101
1741508289.233481,-27,36,-133
1741508289.278481,52,-67,-77
1741508289.324481,-33,-25,-76
1741508289.370481,15,20,-230
1741508289.4154809,2,-69,39
1741508289.4614809,2,-5,-214
1741508289.5074809,-37,-43,-100
1741508289.5534809,40,12,-162
1741508289.598481,-80,56,-87
1741508289.644481,-83,20,2
1741508289.690481,28,6,-113
1741508289.735481,-13,-35,78
1741508289.781481,-14,-20,-153
1741508289.827481,11,-50,-91
1741508289.873481,-40,9,-57
1741508289.9184809,21,-36,-75
1741508289.9644809,9,-55,18
1741508290.0104809,-20,4,-55
1741508290.055481,-22,12,-51
1741508290.101481,-16,-34,-177
1741508290.147481,15,-10,-239
1741508290.193481,-16,83,-27
1741508290.2384808,-6,11,-127
1741508290.2844808,-76,43,-103
1741508290.3304808,71,-65,-103
1741508290.375481,125,66,-149
1741508290.421481,-31,-35,-135
1741508290.467481,-59,98,-130
1741508290.513481,-47,-5,-165
1741508290.558481,-1,28,-83
1741508290.604481,111,-94,-32
1741508290.650481,-12,-26,-39
1741508290.6954808,21,52,-79
1741508290.7414808,51,90,-69
1741508290.7874808,-36,28,-67
1741508290.8334808,42,-32,-70
1741508290.878481,38,-15,-172
1741508290.924481,-29,24,-23
1741508290.970481,100,-6,-44
1741508291.015481,-47,39,-102
1741508291.061481,78,9,-9
1741508291.107481,42,19,22
1741508291.153481,6,37,-139
1741508291.1984808,52,51,16
1741508291.2444808,49,-23,-81
1741508291.2904809,-14,-22,-175
1741508291.335481,-104,8,-139
1741508291.381481,25,0,-145
1741508291.427481,-46,57,-83
1741508291.473481,-72,-24,-116
1741508291.518481,-11,6,-96
1741508291.564481,-9,20,123
1741508291.610481,40,12,-158
1741508291.6554809,74,28,19
1741508291.7014809,-54,4,-128
1741508291.7474809,0,6,-128
1741508291.7934809,35,111,-78
1741508291.838481,-8,-2,37
1741508291.884481,31,47,-131
1741508291.930481,84,-11,22
1741508291.975481,25,-39,-67
1741508292.021481,-118,-50,-201
1741508292.0674808,19,-12,-101
1741508292.1134808,-17,-75,-99
1741508292.158481,73,-38,-63
1741508292.204481,29,-16,42
1741508292.250481,-42,-10,-103
1741508292.295481,13,15,-99
1741508292.341481,-60,11,-152
1741508292.387481,39,17,-65
1741508292.433481,-74,111,-35
1741508292.4844809,-48,27,-31
1741508292.5304809,69,-41,-57
1741508292.575481,57,-43,-123
1741508292.621481,35,48,-63
1741508292.667481,11,20,-105
1741508292.713481,65,-15,-39
1741508292.758481,21,26,-85
1741508292.804481,0,-53,-109
1741508292.850481,29,-11,-61
1741508292.8954809,43,-17,-23
1741508292.9414809,23,-65,64
1741508292.9874809,-116,-55,-17
1741508293.033481,-11,-38,-93
1741508293.078481,42,125,-57
1741508293.124481,42,15,-101
1741508293.170481,52,42,-111
1741508293.2154808,59,12,58
1741508293.2614808,-100,-20,-90
1741508293.3074808,-54,8,57
1741508293.3534808,15,26,-71
1741508293.398481,-2,-7,-40
1741508293.444481,5,18,-88
1741508293.490481,44,32,-116
1741508293.535481,80,-27,-58
1741508293.581481,2,14,-114
1741508293.627481,10,24,-134
1741508293.6724808,21,30,-44
1741508293.7184808,87,-15,-122
1741508293.7644808,-53,-30,-72
1741508293.8104808,-20,8,13
1741508293.855481,-1,-20,-50
1741508293.901481,38,-18,-88
1741508293.947481,58,87,-141
1741508293.992481,-39,-6,-15
1741508294.038481,15,-51,-103
1741508294.084481,62,-36,8
1741508294.130481,19,63,-85
1741508294.1754808,52,-27,-75
1741508294.2214808,-23,-51,28
1741508294.2674809,-21,17,-95
1741508294.312481,-43,20,68
1741508294.358481,32,-43,-105
1741508294.404481,-87,6,-31
1741508294.450481,54,78,-83
1741508294.495481,22,-21,2
1741508294.541481,-19,29,-50
1741508294.587481,46,-36,-63
1741508294.6324809,-67,-54,-91
1741508294.6784809,11,-45,-155
1741508294.7244809,-13,-40,-37
1741508294.7704809,51,2,-171
1741508294.815481,23,36,-215
1741508294.861481,-73,27,-89
1741508294.907481,54,-12,-27
1741508294.952481,6,9,-16
1741508294.998481,-27,-24,-68
1741508295.0444808,7,29,-185
1741508295.0904808,5,32,-128
1741508295.1354809,84,-41,-78
1741508295.181481,35,-66,79
1741508295.227481,17,-26,-102
1741508295.272481,-42,-66,-134
1741508295.318481,-87,0,15
1741508295.364481,-64,3,-44
1741508295.410481,7,63,-200
1741508295.4554808,26,0,-118
1741508295.5014808,-63,-24,57
1741508295.5474808,-20,3,-202
1741508295.592481,29,15,-4
1741508295.638481,8,-10,-76
1741508295.684481,27,-56,-50
1741508295.730481,-28,-34,-120
1741508295.775481,-9,82,-118
1741508295.821481,-97,32,-66
1741508295.867481,-16,-3,-137
1741508295.9124808,0,-25,-113
1741508295.9584808,-41,-50,-37
1741508296.0044808,36,52,-61
1741508296.0504808,-37,-82,-59
1741508296.095481,25,33,-31
1741508296.141481,101,-29,-69
1741508296.187481,-19,-11,-101
1741508296.232481,24,-1,-49
1741508296.278481,-99,100,-111
1741508296.324481,-47,-5,-177
1741508296.370481,-110,-43,-69
1741508296.4154809,-9,67,32
1741508296.4614809,-13,-20,-45
1741508296.5074809,2,-2,-57
1741508296.552481,-37,3,-101
1741508296.598481,38,35,-167
1741508296.644481,2,27,-125
1741508296.690481,28,-20,-93
1741508296.735481,-33,-32,-19
1741508296.781481,-39,86,-15
1741508296.827481,24,14,-52
1741508296.8724809,8,2,-130
1741508296.9184809,-55,-59,41
1741508296.9644809,52,-7,17
1741508297.0104809,-9,-40,-34
1741508297.055481,-52,-25,-80
1741508297.101481,16,-19,-26
1741508297.147481,-111,28,-200
1741508297.1924808,14,-37,-152
1741508297.2384808,-25,8,-166
1741508297.2844808,74,-74,-72
1741508297.3304808,-3,-76,-60
1741508297.375481,-13,125,-162
1741508297.421481,0,61,-68
1741508297.467481,-45,11,9
1741508297.512481,-65,85,41
1741508297.558481,-21,-56,-102
1741508297.604481,76,55,-124
1741508297.650481,-40,-84,-50
1741508297.6954808,-68,53,-32
1741508297.7414808,0,-9,-16
1741508297.7874808,-55,4,45
1741508297.832481,-57,-13,-150
1741508297.878481,-24,41,-6
1741508297.924481,-38,53,-80
1741508297.970481,1,-34,-68
1741508298.015481,39,-34,-36
1741508298.061481,-21,72,-156
1741508298.107481,90,58,-102
1741508298.1524808,30,68,-144
1741508298.1984808,-82,6,-164
1741508298.2444808,-84,-14,33
1741508298.2904809,18,7,-88
1741508298.335481,14,-6,42
1741508298.381481,48,-27,26
1741508298.427481,11,-9,-119
1741508298.472481,33,-71,-115
1741508298.518481,12,-47,-51
1741508298.564481,56,80,-1
1741508298.610481,72,56,-109
1741508298.6554809,69,-33,4
1741508298.7014809,15,-33,-121
1741508298.7474809,75,-73,-45
1741508298.792481,-64,-11,24
1741508298.838481,67,-53,63
1741508298.884481,-6,90,-82
1741508298.930481,-57,26,-66
1741508298.975481,-10,-53,-109
1741508299.021481,47,-87,-28
1741508299.0674808,-6,-117,-62
1741508299.1124809,1,26,-38
1741508299.158481,-20,-3,-110
1741508299.204481,3,-9,-54
1741508299.250481,-38,32,-132
1741508299.295481,119,-51,-136
1741508299.341481,25,50,-54
1741508299.387481,-32,5,43
1741508299.4324808,-32,-32,-38
1741508299.4784808,-2,3,-82
1741508299.5244808,35,41,-93
1741508299.5704808,34,-30,-57
1741508299.615481,2,55,-85
1741508299.661481,-51,11,-112
1741508299.707481,-61,23,-112
1741508299.752481,-14,9,-61
1741508299.798481,61,-132,-143
1741508299.844481,10,-21,8
1741508299.890481,-83,32,-199
1741508299.9354808,53,6,-47
1741508299.9814808,19,1,-19
1741508300.0274808,87,10,-87
1741508300.072481,83,14,-55
1741508300.118481,29,35,12
1741508300.164481,-32,-16,40
1741508300.210481,18,-31,-59
1741508300.255481,10,29,-197
1741508300.301481,26,-62,-105
1741508300.347481,24,-5,-131
1741508300.3924809,-65,-71,-165
1741508300.4384809,-32,-27,12
1741508300.4844809,59,-37,-94
1741508300.529481,5,-37,-71
1741508300.575481,-56,-39,-102
1741508300.621481,-42,29,-42
1741508300.667481,13,-21,-220
1741508300.712481,69,14,9
1741508300.758481,65,-28,-60
1741508300.804481,-57,22,-58
1741508300.8494809,42,-69,-52
1741508300.8954809,14,59,-134
1741508300.9414809,52,-100,-58
1741508300.9874809,-2,67,-92
1741508301.032481,-32,44,-38
1741508301.078481,-72,-61,-162
1741508301.124481,-14,59,-50
1741508301.1694808,66,-30,-74
1741508301.2154808,22,15,-32
1741508301.2614808,-13,-60,41
1741508301.3074808,-18,-92,25
1741508301.352481,63,-20,-114
1741508301.398481,54,35,-186
1741508301.443481,9,-14,-158
1741508301.4884808,36,-68,-14
1741508301.5344808,11,13,-112
1741508301.5804808,11,-95,-62
1741508301.625481,49,-2,-12
1741508301.671481,-14,15,37
1741508301.717481,34,27,-136
1741508301.763481,-69,-33,-138
1741508301.808481,1,22,-144
1741508301.854481,-16,2,-76
1741508301.900481,30,57,-2
1741508301.9454808,-62,46,-154
1741508301.9914808,-16,51,-86
1741508302.0374808,3,3,-32
1741508302.0834808,-72,24,-136
1741508302.128481,5,17,-66
1741508302.174481,15,-39,9
1741508302.220481,45,84,11
1741508302.265481,126,8,-106
1741508302.311481,-49,-13,-54
1741508302.357481,0,15,-62
1741508302.403481,-57,7,-70
1741508302.4484808,11,-18,-4
1741508302.500481,-38,-48,-104
1741508302.545481,67,23,-80
1741508302.591481,19,27,-78
1741508302.637481,54,-21,-88
1741508302.684481,-21,-27,-174
1741508302.729481,98,-33,-56
1741508302.775481,26,20,-76
1741508302.821481,23,12,-114
1741508302.867481,51,-59,0
1741508302.9124808,-34,26,-74
1741508302.9584808,15,4,3
1741508303.0044808,38,8,-250
1741508303.049481,-38,41,-42
1741508303.095481,-43,-35,-109
1741508303.141481,2,-28,-73
1741508303.187481,86,-30,96
1741508303.232481,-9,5,-47
1741508303.278481,6,-9,-71
1741508303.324481,-45,28,-53
1741508303.3694808,11,4,-41
1741508303.4154809,-85,-79,-159
1741508303.4614809,-35,103,18
1741508303.5074809,-52,7,-80
1741508303.552481,0,-28,-84
1741508303.598481,72,-30,-103
1741508303.644481,-57,17,-147
1741508303.689481,-3,3,-9
1741508303.735481,-63,54,-103
1741508303.781481,-7,-24,-85
1741508303.827481,-14,-70,-101
1741508303.8724809,40,-14,-83
1741508303.9184809,-9,-14,106
1741508303.9644809,23,-7,-185
1741508304.009481,-2,15,-184
1741508304.055481,55,5,8
1741508304.101481,19,-36,-143
1741508304.147481,23,35,-103
1741508304.1924808,3,-10,-112
1741508304.2384808,45,-50,-48
1741508304.2844808,-6,2,-97
1741508304.329481,-12,67,-129
1741508304.375481,-23,-6,-87
1741508304.421481,-148,-20,-73
1741508304.467481,-60,-18,-161
1741508304.512481,-56,-58,-157
1741508304.558481,19,0,10
1741508304.604481,-7,31,-13
1741508304.6494808,-26,55,-21
1741508304.6954808,5,40,-1
1741508304.7414808,-6,0,-171
1741508304.7874808,31,-18,2
1741508304.832481,-118,0,-217
1741508304.878481,-28,-17,-107
1741508304.924481,-34,-62,-97
1741508304.969481,-10,-30,-53
1741508305.015481,-77,-62,-77
1741508305.061481,-61,-46,-29
1741508305.107481,44,15,22
1741508305.1524808,22,71,-121
1741508305.1984808,3,-41,154
1741508305.2444808,-22,44,-93
1741508305.289481,-37,-9,-63
1741508305.335481,11,16,-125
1741508305.381481,-26,30,-13
1741508305.427481,-27,33,4
1741508305.472481,54,-60,-77
1741508305.518481,71,63,-143
1741508305.564481,-58,17,0
1741508305.6094809,15,-56,-31
1741508305.6554809,119,24,-37
1741508305.7014809,-74,48,48
1741508305.7474809,92,5,-187
1741508305.792481,-63,-30,-151
1741508305.838481,-17,13,108
1741508305.884481,60,-44,-37
1741508305.929481,53,-56,-71
1741508305.975481,-16,-23,36
1741508306.021481,-8,-11,-79
1741508306.0674808,10,8,-71
1741508306.1124809,30,-28,-95
1741508306.158481,-23,17,-145
1741508306.204481,-27,-58,64
1741508306.249481,40,9,-123
1741508306.295481,55,76,-211
1741508306.341481,50,-22,-3
1741508306.3864808,-22,-54,-53
1741508306.4324808,37,53,-131
1741508306.4784808,-64,-36,-43
1741508306.5244808,-8,21,-121
1741508306.569481,-64,-30,-75
1741508306.615481,23,-27,-17
1741508306.661481,-7,-68,-31
1741508306.707481,22,-70,-79
1741508306.752481,-18,14,-225
1741508306.798481,-99,43,-29
1741508306.844481,45,-4,-55
1741508306.8894808,9,-26,-39
1741508306.9354808,-18,0,6
1741508306.9814808,26,18,-27
1741508307.0274808,-3,-52,-11
1741508307.072481,30,-20,-63
1741508307.118481,-94,-26,4
1741508307.164481,-18,19,-65
1741508307.209481,-16,-15,-3
1741508307.255481,-132,100,-123
1741508307.301481,-44,50,-135
1741508307.3464808,-42,42,-103
1741508307.3924809,-14,-98,-159
1741508307.4384809,30,21,-156
1741508307.4844809,-25,-14,-213
1741508307.529481,30,25,56
1741508307.575481,-51,-41,-131
1741508307.621481,90,-25,-152
1741508307.666481,-47,40,-100
1741508307.712481,46,-15,1
1741508307.758481,-35,-11,-80
1741508307.804481,60,-59,19
1741508307.8494809,-23,12,-138
1741508307.8954809,25,-27,-166
1741508307.9414809,-32,6,-68
1741508307.986481,-30,-3,-34
1741508308.032481,29,-7,-68
1741508308.078481,37,48,-106
1741508308.124481,8,-24,-194
1741508308.1694808,59,-71,-116
1741508308.2154808,-21,-32,-10
1741508308.2614808,19,42,-86
1741508308.306481,19,-59,-42
1741508308.352481,5,8,-124
1741508308.398481,-38,-90,-137
1741508308.444481,75,-48,-92
1741508308.489481,45,-54,-144
1741508308.535481,-123,20,41
1741508308.581481,-35,34,-134
1741508308.6264808,104,-55,-112
1741508308.6724808,-46,-63,-4
1741508308.7184808,-5,56,-178
1741508308.7644808,112,-64,-46
1741508308.809481,-85,-47,-212
1741508308.855481,0,-54,-160
1741508308.901481,-44,21,-6
1741508308.946481,-20,9,-144
1741508308.992481,42,-43,-100
1741508309.038481,46,14,-20
1741508309.084481,-41,-29,-118
1741508309.1294808,91,56,-86
1741508309.1754808,-50,-7,-36
1741508309.2214808,-35,9,-44
1741508309.266481,-27,-34,-214
1741508309.312481,-1,43,-144
1741508309.358481,-12,-6,-102
1741508309.404481,28,-9,-68
1741508309.449481,21,-45,33
1741508309.495481,-58,-19,-146
1741508309.541481,0,28,-76
1741508309.5864809,24,-69,-68
1741508309.6324809,39,-15,-238
1741508309.6784809,-6,0,-14
1741508309.7244809,41,52,-68
1741508309.769481,7,-19,-58
1741508309.815481,-17,-11,-102
1741508309.861481,37,21,-22
1741508309.906481,10,-20,7
1741508309.952481,35,-14,-68
1741508309.998481,0,3,41
1741508310.0444808,15,-6,-136
1741508310.0894809,8,1,17
1741508310.1354809,-52,45,-124
1741508310.181481,13,41,-88
1741508310.226481,-13,93,-16
1741508310.272481,55,-27,81
1741508310.318481,-21,11,-136
1741508310.364481,26,18,-134
1741508310.4094808,-12,-17,-46
1741508310.4554808,2,70,-64
1741508310.5014808,22,-90,-56
1741508310.546481,-39,0,-42
1741508310.592481,78,-93,-28
1741508310.638481,-11,-35,-46
1741508310.684481,30,-4,81
1741508310.729481,4,-29,-92
1741508310.775481,-5,-42,-96
1741508310.821481,56,17,-54
1741508310.8664808,-2,64,-88
1741508310.9124808,7,-12,-212
1741508310.9584808,31,41,3
1741508311.0044808,12,15,-156
1741508311.049481,-10,51,43
1741508311.095481,-35,-30,-88
1741508311.141481,48,-50,-44
1741508311.186481,-54,19,-94
1741508311.232481,8,-21,81
1741508311.278481,48,-51,-178
1741508311.324481,12,-103,-160
1741508311.3694808,-3,4,-62
1741508311.4154809,56,23,-122
1741508311.4614809,-17,5,-66
1741508311.506481,-35,33,-104
1741508311.552481,-97,-4,-98
1741508311.598481,12,0,21
1741508311.644481,53,11,13
1741508311.689481,37,3,-94
1741508311.735481,45,27,-56
1741508311.781481,-9,1,59
1741508311.8264809,-10,33,-32
1741508311.8724809,3,67,-46
1741508311.9184809,-16,57,-40
1741508311.9644809,0,0,-112
1741508312.009481,-42,-12,-32
1741508312.055481,-12,-33,-95
1741508312.101481,-4,73,-146
1741508312.146481,-26,-28,-97
1741508312.1924808,-51,-3,-96
1741508312.2384808,-51,7,-101
1741508312.2844808,5,-26,-23
1741508312.329481,85,0,-21
1741508312.375481,1,35,-89
1741508312.421481,-54,-33,-29
1741508312.466481,69,-25,-43
1741508312.518481,29,-27,-113
1741508312.564481,-14,-1,-143
1741508312.6094809,-58,-20,-165
1741508312.6554809,-30,57,-131
1741508312.7014809,-29,-37,-45
1741508312.746481,29,8,-78
1741508312.792481,21,-93,1
1741508312.838481,-9,-61,-118
1741508312.884481,0,-101,-20
1741508312.929481,-37,-63,-6
1741508312.975481,-29,6,-32
1741508313.021481,-31,-29,47
1741508313.0664809,-15,-106,-94
1741508313.1124809,30,23,-12
1741508313.158481,10,-44,-66
1741508313.204481,-6,35,-90
1741508313.249481,61,29,-84
1741508313.295481,-32,55,-2
1741508313.341481,-33,-10,-20
1741508313.3864808,38,5,-90
1741508313.4324808,45,17,-118
1741508313.4784808,49,79,-76
1741508313.5244808,124,11,-38
1741508313.569481,-12,-3,-128
1741508313.615481,-108,0,-56
1741508313.661481,-74,4,-50
1741508313.706481,21,-65,-58
1741508313.752481,19,45,-48
1741508313.798481,-28,5,-112
1741508313.844481,-25,0,-26
1741508313.8894808,-23,-83,-8
1741508313.9354808,-35,96,-102
1741508313.9814808,-61,14,-116
1741508314.026481,-7,-61,65
1741508314.072481,48,68,-134
1741508314.118481,4,77,-72
1741508314.164481,68,14,-73
1741508314.209481,17,69,-39
1741508314.255481,10,12,-73
1741508314.301481,-10,-34,-105
1741508314.3464808,-14,-60,-69
1741508314.3924809,67,-65,6
1741508314.4384809,77,-19,-77
1741508314.483481,-24,-16,60
1741508314.529481,19,26,-115
1741508314.575481,41,-17,-85
1741508314.621481,65,-59,-127
1741508314.666481,65,-31,-93
1741508314.712481,-62,-23,-25
1741508314.758481,-52,59,-21
1741508314.8034809,-3,-5,-89
1741508314.8494809,-13,12,-55
1741508314.8954809,-1,36,-67
1741508314.9414809,34,-57,-23
1741508314.986481,-53,-24,-67
1741508315.032481,35,14,-83
1741508315.078481,-17,7,-125
1741508315.123481,5,-32,-137
1741508315.1694808,18,-37,-91
1741508315.2154808,49,-4,-17
1741508315.2614808,-56,18,-75
1741508315.306481,1,-29,-130
1741508315.352481,15,-131,-119
1741508315.398481,-37,-23,-82
1741508315.443481,-49,-88,-138
1741508315.489481,-45,19,-96
1741508315.535481,-17,11,-174
1741508315.581481,12,-12,-64
1741508315.6264808,74,25,-139
1741508315.6724808,86,-56,-91
1741508315.7184808,-33,84,-83
1741508315.763481,8,26,-210
1741508315.809481,-55,-10,-34
1741508315.855481,-37,-38,-28
1741508315.901481,-29,11,-162
1741508315.946481,-42,-80,-18
1741508315.992481,0,-10,-108
1741508316.038481,-33,51,-72
1741508316.0834808,4,6,-18
1741508316.1294808,-29,32,-118
1741508316.1754808,-29,-49,-86
1741508316.2214808,-55,-63,-183
1741508316.266481,47,30,-167
1741508316.312481,45,-28,12
1741508316.358481,17,-18,4
1741508316.403481,-40,-53,-33
1741508316.449481,11,-65,-89
1741508316.495481,-3,-32,-27
1741508316.541481,-67,-44,-83
1741508316.5864809,-3,19,-81
1741508316.6324809,61,-13,-63
1741508316.6784809,11,44,0
1741508316.723481,67,-71,-93
1741508316.769481,-99,25,-93
1741508316.815481,-3,83,-133
1741508316.861481,-1,-24,-53
1741508316.9054809,118,15,20
1741508316.9514809,-67,-14,-111
1741508316.9974809,-79,13,-39
1741508317.042481,-28,-39,-43
1741508317.088481,-88,-17,-111
1741508317.134481,-56,-13,-77
1741508317.179481,2,9,-55
1741508317.225481,-44,-109,6
1741508317.271481,-10,-103,4
1741508317.3174808,30,-17,-31
1741508317.3624809,28,-47,-147
1741508317.408481,-53,20,-94
1741508317.454481,-47,24,-101
1741508317.499481,10,-1,-81
1741508317.545481,-18,-63,-159
1741508317.591481,-44,30,-33
1741508317.637481,-18,-45,-169
1741508317.6824808,23,6,24
1741508317.7284808,63,56,82
1741508317.7744808,-8,-83,-81
1741508317.819481,93,-3,36
1741508317.865481,55,-15,-35
1741508317.911481,73,12,-193
1741508317.957481,80,-28,-65
1741508318.002481,-57,21,-69
1741508318.048481,-53,-18,-55
1741508318.094481,52,9,-27
1741508318.1394808,60,-44,-45
1741508318.1854808,81,-57,-79
1741508318.2314808,79,46,-95
1741508318.2774808,77,-41,-85
1741508318.322481,6,-17,-47
1741508318.368481,-26,-29,-15
1741508318.414481,89,46,-79
1741508318.459481,61,-53,8
1741508318.505481,3,-81,-169
1741508318.551481,-100,-67,-47
1741508318.597481,59,78,-13
1741508318.6424809,-8,60,-43
1741508318.6884809,29,38,3
1741508318.7344809,1,20,-85
1741508318.779481,73,-13,-77
1741508318.825481,57,-54,30
1741508318.871481,36,18,-81
1741508318.917481,26,-59,-63
1741508318.962481,62,72,-53
1741508319.008481,-4,-32,-169
1741508319.054481,-40,-14,-45
1741508319.0994809,37,45,-25
1741508319.1454809,69,62,-89
1741508319.1914809,18,85,-73
1741508319.2374809,-47,-8,-63
1741508319.282481,-44,-89,-1
1741508319.328481,38,-22,-63
1741508319.374481,8,-52,-110
1741508319.4194808,-5,19,-61
1741508319.4654808,5,22,-32
1741508319.5114808,18,-32,-28
1741508319.5574808,53,40,-16
1741508319.602481,11,-107,-126
1741508319.648481,39,72,-134
1741508319.694481,9,46,-44
1741508319.739481,-36,-35,11
1741508319.785481,-40,14,-78
1741508319.831481,-27,-58,-46
1741508319.877481,-37,7,-242
1741508319.9224808,78,19,-10
1741508319.9684808,-34,-20,-23
1741508320.0144808,21,9,10
1741508320.059481,1,-20,-23
1741508320.105481,100,32,28
1741508320.151481,46,16,-93
1741508320.197481,-56,14,-183
1741508320.242481,-33,23,-5
1741508320.288481,58,-16,0
1741508320.334481,30,-36,-74
1741508320.3794808,54,33,-66
1741508320.4254808,-51,71,-24
1741508320.4714808,83,13,-107
1741508320.5174809,37,-44,-77
1741508320.562481,-22,18,-122
1741508320.608481,20,-66,-102
1741508320.654481,-48,9,-43
1741508320.699481,7,7,-9
1741508320.745481,-1,-6,-43
1741508320.791481,-33,59,-97
1741508320.837481,-22,-52,62
1741508320.8824809,69,8,0
1741508320.9284809,4,28,-95
1741508320.9744809,84,62,-171
1741508321.019481,-29,18,-79
1741508321.065481,42,-49,-175
1741508321.111481,-10,-14,-109
1741508321.156481,32,34,0
1741508321.202481,-18,25,-87
1741508321.248481,-24,31,-77
1741508321.2944808,77,-48,-13
1741508321.3394809,-66,-60,-6
1741508321.3854809,88,-75,46
1741508321.431481,31,67,-52
1741508321.476481,41,-42,-36
1741508321.522481,63,-73,-112
1741508321.568481,-29,9,-76
1741508321.614481,-57,5,-27
1741508321.6594808,-44,6,-103
1741508321.7054808,41,-45,-133
1741508321.7514808,-30,-49,-109
1741508321.796481,19,14,-129
1741508321.842481,-45,24,-61
1741508321.888481,-45,-12,7
1741508321.934481,10,35,-52
1741508321.979481,26,33,-54
1741508322.025481,63,40,-106
1741508322.071481,-44,23,-33
1741508322.1164808,43,37,-220
1741508322.1624808,-64,89,-157
1741508322.2084808,73,36,-82
1741508322.2544808,-41,52,-112
1741508322.299481,-48,63,-121
1741508322.345481,-38,21,-199
1741508322.391481,-18,44,-51
1741508322.436481,-3,6,-60
1741508322.482481,-27,45,-75
1741508322.5344808,61,-2,14
1741508322.579481,-22,-12,-161
1741508322.625481,-5,2,-105
1741508322.671481,-15,-3,-117
1741508322.716481,-27,-1,26
1741508322.7614808,24,-14,16
1741508322.8074808,61,-15,-3
1741508322.852481,33,58,-29
1741508322.898481,13,-49,28
1741508322.944481,-22,11,-125
1741508322.990481,53,30,-105
1741508323.035481,-80,-43,-59
1741508323.081481,5,-16,56
1741508323.127481,10,22,-47
1741508323.1724808,31,47,-68
1741508323.2184808,70,-34,20
1741508323.2644808,-14,20,-55
1741508323.3104808,-84,108,-113
1741508323.355481,13,38,-13
1741508323.401481,-80,24,-45
1741508323.447481,-88,58,-103
1741508323.492481,5,6,-177
1741508323.538481,3,-3,-115
1741508323.584481,33,17,-97
1741508323.630481,8,-71,-156
1741508323.6754808,12,4,-100
1741508323.7214808,2,-11,-11
1741508323.7674809,40,-9,-113
1741508323.812481,71,4,44
1741508323.858481,61,48,48
1741508323.904481,-26,24,-164
1741508323.950481,9,62,-215
1741508323.995481,37,58,46
1741508324.041481,-37,-4,-50
1741508324.087481,-18,-45,-151
1741508324.1324809,-12,-23,-129
1741508324.1784809,11,-36,-121
1741508324.2244809,3,19,-101
1741508324.2704809,49,37,-127
1741508324.315481,15,7,-69
1741508324.361481,27,5,22
1741508324.407481,26,8,86
1741508324.452481,-46,39,-61
1741508324.498481,46,-69,-189
1741508324.5444808,11,-54,-105
1741508324.5904808,-21,-84,-109
1741508324.6354809,11,-49,-87
1741508324.681481,-33,-58,-135
1741508324.727481,-82,4,-131
1741508324.772481,5,-5,-100
1741508324.818481,59,-55,-158
1741508324.864481,35,-99,-126
1741508324.910481,15,12,-122
1741508324.9554808,53,42,-8
1741508325.0014808,42,14,-52
1741508325.0474808,38,-55,-102
1741508325.092481,48,0,25
1741508325.138481,12,34,-184
1741508325.184481,-104,-15,-58
1741508325.230481,11,41,-24
1741508325.275481,-52,24,31
1741508325.321481,27,48,-90
1741508325.367481,25,-23,-32
1741508325.4124808,-20,22,-26
1741508325.4584808,19,16,-136
1741508325.5044808,-56,-15,-32
1741508325.5504808,17,6,-96
1741508325.595481,-5,-25,-164
1741508325.641481,-18,-1,-64
1741508325.687481,47,-70,-62
1741508325.732481,48,-40,-160
1741508325.778481,-3,-6,-154
1741508325.824481,-52,-38,-54
1741508325.870481,-187,-2,-82
1741508325.9154809,-95,5,-80
1741508325.9614809,-77,53,-66
1741508326.0074809,-65,91,21
1741508326.052481,7,5,-40
1741508326.098481,12,-86,-76
1741508326.144481,-75,-7,25
1741508326.190481,26,9,11
1741508326.235481,38,7,-80
1741508326.281481,-11,-17,-100
1741508326.327481,59,37,-130
1741508326.3724809,-58,19,-28
1741508326.4184809,40,0,-102
1741508326.4644809,-73,13,-77
1741508326.5104809,2,23,-205
1741508326.555481,13,-18,-166
1741508326.601481,-32,21,-128
1741508326.647481,-30,-30,-24
1741508326.6924808,41,11,-120
1741508326.7384808,-50,-24,-182
1741508326.7844808,-8,-30,-56
1741508326.8304808,-52,-30,-66
1741508326.875481,-38,67,-128
1741508326.921481,-34,29,-112
1741508326.967481,63,-18,-72
1741508327.012481,-36,-22,-28
1741508327.058481,45,69,-42
1741508327.104481,-4,19,-210
1741508327.150481,-36,37,-86
1741508327.1954808,-52,-10,-152
1741508327.2414808,-5,-20,-202
1741508327.2874808,-60,31,-108
1741508327.332481,13,56,-166
1741508327.378481,-4,-37,-78
1741508327.424481,0,62,-88
1741508327.470481,-56,-36,63
1741508327.515481,-54,71,-20
1741508327.561481,0,-46,-44
1741508327.607481,-27,-34,-24
1741508327.6524808,-21,47,-230
1741508327.6984808,-23,25,-52
1741508327.7444808,90,14,-66
1741508327.7904809,-38,-21,-98
1741508327.835481,26,-20,-44
1741508327.881481,-113,35,-96
1741508327.927481,-82,-15,-58
1741508327.972481,89,58,-62
1741508328.018481,24,11,47
1741508328.064481,36,-12,-56
1741508328.1094809,-63,23,-6
1741508328.1554809,44,-42,-92
1741508328.2014809,30,13,-121
1741508328.2474809,-90,20,-33
1741508328.292481,-53,0,-161
1741508328.338481,-40,-63,-103
1741508328.384481,21,36,-177
1741508328.429481,63,-32,-69
1741508328.475481,9,-26,-85
1741508328.521481,-8,-116,-47
1741508328.5674808,47,-27,-69
1741508328.6124809,9,-17,64
1741508328.658481,20,-54,-47
1741508328.704481,30,13,-145
1741508328.749481,-9,-34,-37
1741508328.795481,-67,35,27
1741508328.841481,-1,-26,-20
1741508328.887481,-14,18,35
1741508328.9324808,-49,7,-18
1741508328.9784808,0,30,-84
1741508329.0244808,-9,27,-132
1741508329.069481,20,-10,-8
1741508329.115481,63,0,-79
1741508329.161481,-33,-28,1
1741508329.207481,32,-28,-95
1741508329.252481,0,-81,-188
1741508329.298481,-30,-36,-87
1741508329.344481,-32,-10,-1
1741508329.3894808,11,33,-101
1741508329.4354808,-36,9,-83
1741508329.4814808,-74,51,-85
1741508329.5274808,-40,26,-189
1741508329.572481,-12,-1,-133
1741508329.618481,-52,68,-161
1741508329.664481,5,78,-161
1741508329.709481,-3,29,-125
1741508329.755481,27,-23,-101
1741508329.801481,-35,26,-65
1741508329.847481,23,-61,-25
1741508329.8924809,17,27,-93
1741508329.9384809,14,62,-139
1741508329.9844809,-33,62,-213
1741508330.029481,54,38,-205
1741508330.075481,10,-9,-141
1741508330.121481,-64,-6,-91
1741508330.167481,-78,-5,-5
1741508330.212481,11,-17,-59
1741508330.258481,53,7,4
1741508330.304481,117,-66,-5
1741508330.3494809,9,19,84
1741508330.3954809,8,20,-101
1741508330.4414809,14,22,-93
1741508330.4874809,-24,-48,-65
1741508330.532481,0,-53,72
1741508330.578481,52,14,-103
1741508330.624481,-65,34,-129
1741508330.6694808,42,20,-113
1741508330.7154808,-16,11,-69
1741508330.7614808,-47,-17,-38
1741508330.8074808,-31,-69,-134
1741508330.852481,14,16,25
1741508330.898481,56,58,-104
1741508330.944481,18,62,33
1741508330.989481,-75,90,-176
1741508331.035481,16,57,-2
1741508331.081481,8,14,-220
1741508331.127481,3,55,-161
1741508331.1724808,26,-9,-117
1741508331.2184808,-5,32,-45
1741508331.2644808,-79,-19,-54
1741508331.309481,81,15,-100
1741508331.355481,28,-31,72
1741508331.401481,6,-49,-89
1741508331.447481,-16,-8,-121
1741508331.492481,-5,-41,-29
1741508331.538481,72,-10,-107
1741508331.584481,0,5,-83
1741508331.6294808,104,-50,-107
1741508331.6754808,2,-18,36
1741508331.7214808,14,53,-31
1741508331.7674809,-52,-28,-105
1741508331.812481,1,27,-5
1741508331.858481,15,37,-161
1741508331.904481,-51,27,-57
1741508331.949481,52,37,-127
1741508331.995481,-20,-6,-119
1741508332.041481,-82,1,2
1741508332.087481,-63,8,-71
1741508332.1324809,-57,32,-31
1741508332.1784809,118,-1,-61
1741508332.2244809,9,5,-25
1741508332.269481,9,-7,40
1741508332.315481,25,-76,-77
1741508332.361481,-6,-7,-93
1741508332.407481,51,98,-84
1741508332.452481,77,-29,-47
1741508332.5044808,0,33,-49
1741508332.549481,-100,-61,-135
1741508332.595481,17,-61,-103
1741508332.641481,-60,63,-149
1741508332.687481,-8,-50,-161
1741508332.732481,-34,-6,-41
1741508332.778481,-3,55,-79
1741508332.824481,48,29,-67
1741508332.8694808,-11,-54,-29
1741508332.9154809,64,19,-93
1741508332.9614809,28,31,-89
1741508333.0074809,-3,39,-73
1741508333.052481,-82,-32,-135
1741508333.098481,9,51,-37
1741508333.144481,-76,69,-89
1741508333.189481,78,-13,-115
1741508333.235481,12,-41,-169
1741508333.281481,63,6,-91
1741508333.327481,-66,8,-99
1741508333.3724809,-74,-7,-123
1741508333.4184809,-28,-53,-105
1741508333.4644809,-63,26,8
1741508333.509481,52,4,-17
1741508333.555481,23,56,-152
1741508333.601481,91,-27,-173
1741508333.647481,-26,28,1
1741508333.6924808,-45,27,-78
1741508333.7384808,98,4,-112
1741508333.7844808,22,-21,-175
1741508333.829481,-48,-11,37
1741508333.875481,109,48,-79
1741508333.921481,43,44,-64
1741508333.967481,25,-77,-94
1741508334.012481,21,12,-166
1741508334.058481,41,-15,-32
1741508334.104481,61,1,-83
1741508334.1494808,51,41,-65
1741508334.1954808,3,-24,-131
1741508334.2414808,37,41,-27
1741508334.2874808,102,0,-133
1741508334.332481,-73,13,-25
1741508334.378481,4,20,-95
1741508334.424481,-14,72,-227
1741508334.469481,49,-31,-203
1741508334.515481,37,-17,-99
1741508334.561481,-45,27,-69
1741508334.607481,46,-70,-229
1741508334.6524808,8,29,-141
1741508334.6984808,-23,-4,-21
1741508334.7444808,-34,12,-105
1741508334.789481,12,-12,-73
1741508334.835481,77,54,-75
1741508334.881481,-117,45,-183
1741508334.926481,99,-53,-169
1741508334.972481,82,17,-31
1741508335.018481,32,-76,-11
1741508335.064481,28,101,30
1741508335.1094809,-30,21,-111
1741508335.1554809,-14,-31,-169
1741508335.2014809,-14,-27,-165
1741508335.246481,-20,-49,-69
1741508335.292481,-1,59,4
1741508335.338481,27,-19,-195
1741508335.384481,-42,0,8
1741508335.429481,75,-39,-113
1741508335.475481,-113,7,-51
1741508335.521481,56,18,-106
1741508335.5664809,-55,-105,-95
1741508335.6124809,-73,-19,-26
1741508335.658481,32,104,-12
1741508335.704481,-22,57,-134
1741508335.749481,-64,-18,-4
1741508335.795481,-27,-22,-36
1741508335.841481,-1,-28,-78
1741508335.8864808,13,-1,-80
1741508335.9324808,-23,95,-130
1741508335.9784808,-33,61,-12
1741508336.0244808,22,15,-122
1741508336.069481,-93,61,-134
1741508336.115481,6,-39,-132
1741508336.161481,-11,-1,7
1741508336.206481,23,-31,-128
1741508336.252481,48,46,-108
1741508336.298481,-23,25,-94
1741508336.344481,-29,14,-2
1741508336.3894808,103,17,22
1741508336.4354808,-39,-4,-165
1741508336.4814808,-72,-6,-91
1741508336.526481,-8,22,-113
1741508336.572481,-88,70,-3
1741508336.618481,-12,34,-51
1741508336.664481,53,-47,-69
1741508336.709481,-88,-12,-133
1741508336.755481,-46,47,-75
1741508336.801481,-24,-38,36
1741508336.8464808,-27,-42,-25
1741508336.8924809,-47,-40,-63
1741508336.9384809,-6,55,-103
1741508336.9844809,14,22,-81
1741508337.029481,-97,68,-79
1741508337.075481,-47,-9,-65
1741508337.121481,4,-3,-97
1741508337.166481,-67,-45,-49
1741508337.212481,22,16,-29
1741508337.258481,42,-13,-191
1741508337.304481,66,-38,-153
1741508337.3494809,44,-48,-37
1741508337.3954809,-14,15,-155
1741508337.4414809,-30,3,-21
1741508337.486481,13,67,-91
1741508337.532481,-8,39,-41
1741508337.578481,-32,63,-107
1741508337.624481,1,-40,22
1741508337.6694808,7,29,-37
1741508337.7154808,-24,-26,12
1741508337.7614808,21,57,-37
1741508337.806481,70,2,-137
1741508337.852481,-33,24,-79
1741508337.898481,74,-8,-65
1741508337.944481,-15,-18,-93
1741508337.989481,58,53,-13
1741508338.035481,22,-36,-1
1741508338.081481,104,8,-77
1741508338.1264808,-25,14,-105
1741508338.1724808,-27,-24,20
1741508338.2184808,-44,22,-27
1741508338.2644808,-30,38,-1
1741508338.309481,-20,3,-80
1741508338.355481,-26,-25,-140
1741508338.401481,-16,42,-27
1741508338.446481,-8,-52,-24
1741508338.492481,23,-2,-49
1741508338.538481,0,-18,-115
1741508338.584481,15,27,-92
1741508338.6294808,-44,11,-87
1741508338.6754808,-68,-32,-166
1741508338.7214808,-57,-32,-33
1741508338.766481,-33,29,34
1741508338.812481,-7,-20,-201
1741508338.858481,-27,6,-181
1741508338.904481,-28,6,-55
1741508338.949481,-20,44,-37
1741508338.995481,11,-27,59
1741508339.041481,-60,48,-24
1741508339.0864809,-78,18,-66
1741508339.1324809,-2,-49,-108
1741508339.1784809,16,-4,-58
1741508339.2244809,15,-5,-144
1741508339.269481,89,10,57
1741508339.315481,67,-3,-64
1741508339.361481,-8,44,-58
1741508339.406481,-4,-37,-74
1741508339.452481,-10,-41,-17
1741508339.498481,29,58,-81
1741508339.5444808,1,-73,-85
1741508339.5894809,45,40,-91
1741508339.6354809,5,8,-121
1741508339.681481,-4,54,-75
1741508339.726481,9,21,-71
1741508339.772481,43,53,-103
1741508339.818481,-91,-25,-26
1741508339.864481,15,-12,-63
1741508339.9094808,-47,54,-58
1741508339.9554808,43,-19,-32
1741508340.0014808,91,10,-107
1741508340.046481,43,30,-179
1741508340.092481,-8,-45,-139
1741508340.138481,3,-62,-89
1741508340.184481,-26,-6,-253
1741508340.229481,-14,-98,-107
1741508340.275481,15,23,72
1741508340.321481,58,51,-55
1741508340.3664808,-15,41,-215
1741508340.4124808,-47,-55,-47
1741508340.4584808,-35,6,-193
1741508340.5044808,43,-17,-7
1741508340.549481,23,24,-187
1741508340.595481,74,14,-111
1741508340.641481,-18,-26,-147
1741508340.686481,65,-51,-81
1741508340.732481,9,57,-141
1741508340.778481,3,23,-87
1741508340.824481,8,-73,-73
1741508340.8694808,-23,-30,-36
1741508340.9154809,-75,-18,-104
1741508340.9614809,58,-43,-126
1741508341.006481,-9,0,-128
1741508341.052481,54,-30,-38
1741508341.098481,-6,-12,-90
1741508341.144481,44,-36,27
1741508341.189481,54,-2,-30
1741508341.235481,30,-56,7
1741508341.281481,63,-4,-46
1741508341.3264809,27,-40,-132
1741508341.3724809,39,-21,-34
1741508341.4184809,-20,80,-56
1741508341.4644809,50,35,-174
1741508341.509481,-55,9,-182
1741508341.555481,16,55,-82
1741508341.601481,8,36,-228
1741508341.646481,-33,24,-78
1741508341.6924808,116,-109,-22
1741508341.7384808,-113,-46,-95
1741508341.783481,12,27,-61
1741508341.829481,-39,29,-85
1741508341.875481,38,34,-63
1741508341.921481,32,104,-67
1741508341.966481,-3,-51,-169
1741508342.012481,68,36,-57
1741508342.058481,54,-34,26
1741508342.1034808,60,45,-183
1741508342.1494808,2,-36,-155
1741508342.1954808,-33,13,-45
1741508342.2414808,32,21,0
1741508342.286481,14,45,-173
1741508342.332481,-36,-72,-51
1741508342.378481,-40,-38,-58
1741508342.423481,6,8,-104
1741508342.469481,72,-33,-102
1741508342.521481,-20,-15,-252
1741508342.5664809,-12,4,-41
1741508342.6124809,10,-35,-87
1741508342.658481,-33,-21,-130
1741508342.703481,8,-33,-76
1741508342.749481,106,-45,-94
1741508342.795481,-8,13,-54
1741508342.841481,36,42,-114
1741508342.8864808,36,6,-74
1741508342.9324808,52,-17,-86
1741508342.9784808,86,50,-16
1741508343.023481,-47,-25,-146
1741508343.069481,87,8,-64
1741508343.115481,-32,8,-16
1741508343.161481,89,11,-14
1741508343.206481,-49,-43,-134
1741508343.252481,40,42,-50
1741508343.298481,33,-45,-112
1741508343.3434808,64,19,-68
1741508343.3894808,74,-46,-158
1741508343.4354808,-112,36,-74
1741508343.4814808,110,11,-55
1741508343.526481,65,-56,-49
1741508343.572481,-41,85,-141
1741508343.618481,119,49,-115
1741508343.663481,-46,-20,-65
1741508343.709481,23,17,-93
1741508343.755481,68,73,-77
1741508343.801481,42,5,9
1741508343.8464808,0,11,-152
1741508343.8924809,-15,53,-202
1741508343.9384809,-29,-8,-68
1741508343.983481,48,-66,-24
1741508344.029481,-49,-2,-166
1741508344.075481,56,-50,-41
1741508344.121481,-23,25,-50
1741508344.166481,-9,57,-62
1741508344.212481,-3,11,6
1741508344.258481,76,61,-54
1741508344.3034809,9,11,-120
1741508344.3494809,37,-8,-46
1741508344.3954809,31,6,-35
1741508344.4414809,0,-46,12
1741508344.486481,21,-44,10
1741508344.532481,11,-50,-107
1741508344.578481,-28,31,38
1741508344.623481,77,47,38
1741508344.6694808,43,-56,-121
1741508344.7154808,-36,-16,-111
1741508344.7614808,-39,22,-131
1741508344.806481,0,-11,-109
1741508344.852481,18,56,-49
1741508344.898481,-66,43,-91
1741508344.943481,25,75,30
1741508344.989481,42,69,-53
1741508345.035481,28,-22,-181
1741508345.081481,54,31,-95
1741508345.1264808,88,-30,-75
1741508345.1724808,-67,-18,18
1741508345.2184808,-29,-48,-21
1741508345.263481,58,-16,-25
1741508345.309481,-24,31,-97
1741508345.355481,-24,19,-177
1741508345.401481,-81,32,-133
1741508345.446481,36,-80,-107
1741508345.492481,58,-48,0
1741508345.538481,34,43,-191
1741508345.5834808,-91,55,-109
1741508345.6294808,-3,15,8
1741508345.6754808,7,-20,-21
1741508345.7214808,13,-78,24
1741508345.766481,-54,-30,-69
1741508345.812481,21,47,64
1741508345.858481,-76,63,-85
1741508345.903481,60,3,-24
1741508345.949481,58,33,-158
1741508345.995481,-41,-32,109
1741508346.041481,-32,-16,-74
1741508346.0864809,42,-38,-24
1741508346.1324809,-11,-42,-192
1741508346.1784809,34,2,-36
1741508346.223481,92,-58,-132
1741508346.269481,-35,-41,-32
1741508346.315481,-9,4,-140
1741508346.361481,22,-25,-80
1741508346.406481,76,-1,-142
1741508346.452481,96,56,-64
1741508346.498481,31,22,-118
1741508346.5434809,67,-41,-190
1741508346.5894809,26,64,3
1741508346.6354809,26,86,-90
1741508346.681481,36,-10,-129
1741508346.726481,-31,17,-29
1741508346.772481,-9,-13,-85
1741508346.818481,-18,-9,-67
1741508346.8634808,0,37,-89
1741508346.9094808,-25,-3,-1
1741508346.9554808,-28,28,-129
1741508347.0014808,-96,18,-81
1741508347.046481,7,-83,56
1741508347.092481,9,26,-99
1741508347.138481,-19,-66,-33
1741508347.183481,58,-34,-87
1741508347.229481,-79,15,-43
1741508347.275481,70,20,-191
1741508347.319481,-13,11,-149
1741508347.365481,-57,-28,-17
1741508347.411481,-9,-60,-67
1741508347.457481,44,17,-121
1741508347.502481,8,-90,-41
1741508347.548481,-35,-50,-38
1741508347.594481,33,32,-160
1741508347.6394808,-39,-14,21
1741508347.6854808,14,-36,-20
1741508347.7314808,-24,24,-160
1741508347.7774808,-97,55,-26
1741508347.822481,-29,-18,-64
1741508347.868481,-3,57,-114
1741508347.914481,25,-10,-4
1741508347.959481,78,41,-144
1741508348.005481,92,65,-118
1741508348.051481,18,-9,-20
1741508348.097481,-71,33,-160
1741508348.1424809,-62,47,-26
1741508348.1884809,0,39,-202
1741508348.2344809,61,-36,-104
1741508348.279481,33,23,-114
1741508348.325481,23,-44,-124
1741508348.371481,-8,29,-38
1741508348.417481,57,51,-106
1741508348.462481,0,-24,-40
1741508348.508481,6,-24,-82
1741508348.554481,31,59,44
1741508348.5994809,-65,48,-158
1741508348.6454809,-13,58,-40
1741508348.6914809,-33,-45,-38
1741508348.736481,44,48,-48
1741508348.782481,24,-30,-31
1741508348.828481,6,61,-75
1741508348.874481,0,19,-41
1741508348.9194808,5,23,-79
1741508348.9654808,27,27,-103
1741508349.0114808,29,47,-96
1741508349.056481,-26,0,-151
1741508349.102481,49,41,-84
1741508349.148481,64,1,-183
1741508349.194481,76,-28,-33
1741508349.239481,36,24,-33
1741508349.285481,50,-87,-171
1741508349.331481,56,12,-15
1741508349.3764808,-1,24,-77
1741508349.4224808,-24,-67,-155
1741508349.4684808,39,-43,-27
1741508349.5144808,-34,-13,-93
1741508349.559481,-48,8,-47
1741508349.605481,1,-53,-123
1741508349.651481,-72,-39,-135
1741508349.696481,-88,84,-87
1741508349.742481,-72,-54,-57
1741508349.788481,-24,23,-10
1741508349.834481,-30,53,-74
1741508349.8794808,-32,13,-80
1741508349.9254808,-26,5,-204
1741508349.9714808,-8,-82,-66
1741508350.016481,78,-38,-144
1741508350.062481,-3,1,0
1741508350.108481,90,22,-180
1741508350.154481,66,-66,-110
1741508350.199481,63,-68,-108
1741508350.245481,27,-44,-62
1741508350.291481,-26,0,-66
1741508350.3364809,9,-30,-14
1741508350.3824809,-26,-4,-70
1741508350.4284809,0,5,-20
1741508350.4744809,45,63,-62
1741508350.519481,-24,-10,-132
1741508350.565481,17,-39,-4
1741508350.611481,145,-21,25
1741508350.656481,86,22,-189
1741508350.702481,42,30,-197
1741508350.748481,-55,34,-7
1741508350.7944808,67,3,12
1741508350.8394809,25,11,-7
1741508350.8854809,89,11,-5
1741508350.931481,-2,-36,-163
1741508350.976481,70,1,-189
1741508351.022481,-3,-17,36
1741508351.068481,10,47,-43
1741508351.114481,-41,38,-193
1741508351.1594808,0,4,-106
1741508351.2054808,-68,-59,-64
1741508351.2514808,23,-36,-72
1741508351.296481,-32,-36,-104
1741508351.342481,-38,39,-136
1741508351.388481,-86,-10,-60
1741508351.434481,75,62,21
1741508351.479481,-12,-11,-112
1741508351.525481,-12,16,-114
1741508351.571481,85,8,-66
1741508351.6164808,41,-57,-24
1741508351.6624808,101,-14,-120
1741508351.7084808,-17,44,-162
1741508351.7544808,60,-61,-188
1741508351.799481,-28,-56,-126
1741508351.845481,-15,22,-28
1741508351.891481,40,1,-138
1741508351.936481,50,-22,-16
1741508351.982481,30,-75,-154
1741508352.028481,0,-23,-164
1741508352.074481,24,-15,-74
1741508352.1194808,80,101,-88
1741508352.1654809,74,-8,-104
1741508352.2114809,4,-30,-84
1741508352.256481,40,-2,-170
1741508352.302481,12,42,6
1741508352.348481,-47,-33,-7
1741508352.394481,-69,-37,-57
1741508352.439481,-27,22,-159
1741508352.485481,-17,40,-141
1741508352.536481,-2,-21,-55
1741508352.582481,-52,-15,-77
1741508352.628481,61,-23,54
1741508352.674481,19,12,-65
1741508352.719481,6,-29,-39
1741508352.765481,6,-41,-117
1741508352.811481,34,32,-125
1741508352.8564808,-5,36,-149
1741508352.9024808,24,72,-5
1741508352.9484808,-11,38,-149
1741508352.9944808,24,64,-141
1741508353.039481,-45,33,-131
1741508353.085481,54,14,-75
1741508353.1324809,12,-9,-106
1741508353.1784809,12,-23,-152
1741508353.223481,80,47,-118
1741508353.269481,-27,-2,-188
1741508353.315481,10,45,-62
1741508353.360481,-17,-29,-196
1741508353.406481,108,-51,-82
1741508353.452481,-25,-37,-134
1741508353.498481,-31,-81,-66
1741508353.5434809,44,52,41
1741508353.5894809,64,-9,15
1741508353.6354809,-7,22,-174
1741508353.680481,10,-41,-62
1741508353.726481,80,-27,-138
1741508353.772481,26,-9,-158
1741508353.818481,-59,76,35
1741508353.8634808,-29,41,-86
1741508353.9094808,-23,-59,-92
1741508353.9554808,24,20,-134
1741508354.000481,38,0,-134
1741508354.046481,-27,17,-328
1741508354.092481,10,-32,-122
1741508354.138481,66,39,-38
1741508354.183481,-59,61,-136
1741508354.229481,0,47,29
1741508354.275481,-85,-1,-46
1741508354.3204808,-27,-3,-182
1741508354.3664808,-11,59,-112
1741508354.4124808,0,-23,-108
1741508354.4584808,11,-51,-156
1741508354.503481,-104,22,75
1741508354.549481,42,0,-94
1741508354.595481,-33,-11,-56
1741508354.640481,17,-19,-30
1741508354.686481,-24,0,-58
1741508354.732481,44,28,-150
1741508354.778481,105,-2,-22
1741508354.8234808,-12,71,-201
1741508354.8694808,13,-52,-103
1741508354.9154809,14,66,-5
1741508354.960481,-31,-72,-23
1741508355.006481,-63,57,-107
1741508355.052481,24,-6,0
1741508355.098481,-17,61,-31
1741508355.143481,-36,-35,-137
1741508355.189481,-60,-6,-3
1741508355.235481,-5,-81,-143
1741508355.2804809,54,28,-65
1741508355.3264809,-41,12,-91
1741508355.3724809,16,78,-87
1741508355.417481,72,-35,4
1741508355.463481,90,43,-103
1741508355.509481,40,3,-87
1741508355.555481,-7,89,-71
1741508355.600481,4,-40,2
1741508355.646481,-35,-51,-93
1741508355.6924808,49,-67,-103
1741508355.7374809,-50,38,-119
1741508355.783481,31,-1,48
1741508355.829481,27,28,-54
1741508355.875481,-10,28,-74
1741508355.920481,-34,-56,-6
1741508355.966481,25,-30,-168
1741508356.012481,-100,51,-152
1741508356.0574808,53,30,-66
1741508356.1034808,-34,22,-146
1741508356.1494808,71,-51,-31
1741508356.1954808,-2,46,2
1741508356.240481,-32,-83,-129
1741508356.286481,-10,-51,-185
1741508356.332481,-6,20,-117
1741508356.377481,1,-60,-183
1741508356.423481,-68,35,-105
1741508356.469481,-57,-82,-163
1741508356.515481,12,-10,-85
1741508356.5604808,-1,13,-63
1741508356.6064808,0,11,-85
1741508356.6524808,57,-8,-145
1741508356.697481,-44,-22,-69
1741508356.743481,5,3,-135
1741508356.789481,-72,-48,-33
1741508356.835481,10,30,-89
1741508356.880481,-7,-10,25
1741508356.926481,1,69,-82
1741508356.972481,-6,0,-50
1741508357.0174809,65,19,-126
1741508357.0634809,31,17,-102
1741508357.1094809,-127,17,-90
1741508357.1554809,38,48,-112
1741508357.200481,-1,46,29
1741508357.246481,-28,-35,-104
1741508357.292481,70,-13,-88
1741508357.337481,-55,62,-146
1741508357.383481,-75,28,-58
1741508357.429481,10,-9,-170
1741508357.475481,-8,0,-78
1741508357.5204809,33,-50,-90
1741508357.5664809,41,7,-74
1741508357.6124809,15,-34,-10
1741508357.657481,-32,-2,-72
1741508357.703481,-89,-19,57
1741508357.749481,55,31,1
1741508357.795481,8,-49,-160
1741508357.8404808,38,-5,-50
1741508357.8864808,-79,2,-103
1741508357.9324808,9,-46,-18
1741508357.977481,25,37,-143
1741508358.023481,63,-72,-84
1741508358.069481,-32,35,-224
1741508358.115481,56,75,-133
1741508358.160481,6,-36,-125
1741508358.206481,-11,-16,-143
1741508358.252481,25,21,-99
1741508358.2974808,-40,-4,-100
1741508358.3434808,30,-20,-46
1741508358.3894808,8,-68,-56
1741508358.4354808,12,6,-168
1741508358.480481,-83,68,-16
1741508358.526481,10,-68,-72
1741508358.572481,-27,12,27
1741508358.617481,-79,-21,-80
1741508358.663481,-92,-43,-88
1741508358.709481,-27,16,-24
1741508358.755481,30,46,-128
1741508358.8004808,131,4,81
1741508358.8464808,-74,-96,-74
1741508358.8924809,-13,35,-78
1741508358.937481,-23,-12,-109
1741508358.983481,-55,72,-58
1741508359.029481,-59,14,-115
1741508359.075481,64,28,-72
1741508359.120481,-72,-91,-60
1741508359.166481,3,-19,-24
1741508359.212481,21,46,-38
1741508359.2574809,37,6,-142
1741508359.3034809,-56,62,-60
1741508359.3494809,-43,-54,-84
1741508359.3954809,13,40,-82
1741508359.440481,33,40,-112
1741508359.486481,-22,-47,-104
1741508359.532481,6,3,0
1741508359.577481,-15,79,-102
1741508359.623481,51,50,-114
1741508359.6694808,-40,19,-74
1741508359.7154808,-18,17,-116
1741508359.7604809,-20,28,-8
1741508359.806481,-6,8,-54
1741508359.852481,-36,48,-116
1741508359.897481,0,-103,-128
1741508359.943481,-20,-41,-72
1741508359.989481,15,-27,-5
1741508360.035481,29,62,-65
1741508360.0804808,61,24,-51
1741508360.1264808,-29,4,-149
1741508360.1724808,-37,-54,-95
1741508360.217481,41,45,-106
1741508360.263481,26,19,-42
1741508360.309481,-9,29,-98
1741508360.355481,-15,-42,-42
1741508360.400481,56,-51,-86
1741508360.446481,-39,43,-40
1741508360.492481,-31,-10,-134
1741508360.5374808,-10,5,-110
1741508360.5834808,30,-6,-3
1741508360.6294808,32,-50,-99
1741508360.6754808,74,23,66
1741508360.720481,-11,30,-147
1741508360.766481,38,-7,-151
1741508360.812481,59,-58,-153
1741508360.857481,-159,-13,-63
1741508360.903481,26,24,-29
1741508360.949481,13,9,-111
1741508360.995481,-39,-74,-80
1741508361.0404809,-3,22,-62
1741508361.0864809,28,12,-10
1741508361.1324809,-21,-7,-96
1741508361.177481,-3,-26,3
1741508361.223481,10,-64,-46
1741508361.269481,0,-25,-64
1741508361.315481,-20,34,-138
1741508361.360481,-26,0,-12
1741508361.406481,69,33,61
1741508361.452481,-15,-25,-16
1741508361.4974809,48,-27,37
1741508361.5434809,2,-28,-97
1741508361.5894809,62,5,-145
1741508361.6354809,26,0,-95
1741508361.680481,64,-20,-4
1741508361.726481,-12,-36,-104
1741508361.772481,57,-16,0
1741508361.8174808,53,65,-119
1741508361.8634808,37,34,-104
1741508361.9094808,-48,32,-76
1741508361.9554808,-52,-2,-92
1741508362.000481,39,-20,17
1741508362.046481,11,-24,-84
1741508362.092481,31,-4,17
1741508362.137481,65,1,-108
1741508362.183481,-16,-10,-21
1741508362.229481,-47,-34,-101
1741508362.2744808,56,34,-3
1741508362.3204808,6,24,-35
1741508362.3664808,64,44,-11
1741508362.4124808,-21,-14,-63
1741508362.457481,-15,9,-5
1741508362.503481,22,-56,0
1741508362.554481,-39,0,-105
1741508362.600481,46,-14,-201
1741508362.646481,-19,-8,-129
1741508362.6924808,-36,21,-79
1741508362.7374809,-54,67,-91
1741508362.783481,0,-13,-159
1741508362.829481,-25,-13,-155
1741508362.874481,-23,-68,-37
1741508362.920481,60,-16,86
1741508362.966481,5,-48,-207
1741508363.012481,-32,-46,-33
1741508363.0574808,-82,-4,-85
1741508363.1034808,31,3,-125
1741508363.1494808,-33,-31,-97
1741508363.194481,22,-9,-23
1741508363.240481,-57,-9,-93
1741508363.286481,-7,6,-241
1741508363.332481,8,-57,-63
1741508363.377481,6,-11,-5
1741508363.423481,0,-23,-165
1741508363.469481,44,28,-71
1741508363.5144808,-119,-81,-87
1741508363.5604808,94,-49,-83
1741508363.6064808,-103,-11,-37
1741508363.6524808,-49,34,-5
1741508363.697481,15,38,-13
1741508363.743481,48,-14,-29
1741508363.789481,-7,9,-61
1741508363.834481,96,-29,-57
1741508363.880481,40,-16,-67
1741508363.926481,38,35,-43
1741508363.972481,45,-17,-133
1741508364.0174809,-58,19,-159
1741508364.0634809,-30,-28,-111
1741508364.1094809,7,-22,-59
1741508364.154481,17,-24,-97
1741508364.200481,6,-37,-181
1741508364.246481,-70,-51,50
1741508364.292481,31,1,-33
1741508364.337481,-46,-24,32
1741508364.383481,-37,-8,-13
1741508364.429481,-55,34,-13
1741508364.4744809,68,-39,10
1741508364.5204809,-44,-22,-9
1741508364.5664809,12,74,-267
1741508364.6124809,32,32,-4
1741508364.657481,-55,48,-228
1741508364.703481,2,3,-58
1741508364.749481,6,-36,-86
1741508364.7944808,22,29,-214
1741508364.8404808,-59,-36,-122
1741508364.8864808,-94,-47,-54
1741508364.9324808,-40,66,-94
1741508364.977481,-88,8,-56
1741508365.023481,-57,44,-36
1741508365.069481,-1,6,-52
1741508365.114481,-34,28,-44
1741508365.160481,-106,56,-66
1741508365.206481,-22,5,-140
1741508365.252481,-48,-18,-102
1741508365.2974808,67,54,67
1741508365.3434808,47,61,-112
1741508365.3894808,-8,-8,-26
1741508365.434481,27,-52,15
1741508365.480481,0,51,29
1741508365.526481,-33,-53,-54
1741508365.572481,14,-34,-92
1741508365.617481,-21,70,-120
1741508365.663481,-8,15,-118
1741508365.709481,23,-88,-94
1741508365.7544808,41,47,-126
1741508365.8004808,-23,-51,-56
1741508365.8464808,-37,15,-56
1741508365.8924809,-3,-39,-121
1741508365.937481,-108,21,-99
1741508365.983481,39,-25,4
1741508366.029481,5,-15,-171
1741508366.074481,22,-3,-81
1741508366.120481,-49,40,-91
1741508366.166481,-6,-1,-69
1741508366.212481,20,38,-85
1741508366.2574809,5,10,44
1741508366.3034809,18,8,-115
1741508366.3494809,-23,-23,-107
1741508366.394481,-14,-24,-45
1741508366.440481,96,9,-109
1741508366.486481,-103,65,-126
1741508366.532481,-95,-16,-86
1741508366.577481,28,23,-132
1741508366.623481,22,-34,-84
1741508366.6694808,-35,-42,-20
1741508366.7144809,-57,-44,-148
1741508366.7604809,-110,28,0
1741508366.806481,29,-33,-82
1741508366.852481,91,32,-148
1741508366.897481,-120,-23,-218
1741508366.943481,77,-63,-134
1741508366.989481,10,-57,0
1741508367.0344808,-73,42,27
1741508367.0804808,49,51,12
1741508367.1264808,38,-54,-131
1741508367.1724808,-7,-4,-121
1741508367.217481,45,-40,-195
1741508367.263481,-26,-35,-147
1741508367.309481,26,22,-77
1741508367.354481,-10,-9,-49
1741508367.400481,61,-99,-193
1741508367.446481,51,-82,-47
1741508367.492481,-11,76,20
1741508367.5374808,-29,80,34
1741508367.5834808,10,34,-1
1741508367.6294808,64,25,-81
1741508367.674481,32,-15,-9
1741508367.720481,-5,63,-117
1741508367.766481,20,53,56
1741508367.812481,30,-14,-88
1741508367.857481,-45,-68,-169
1741508367.903481,-23,-30,14
1741508367.949481,-93,-36,-113
1741508367.9944808,-23,33,-175
1741508368.0404809,7,49,-105
1741508368.0864809,41,-52,-11
1741508368.1324809,-27,-14,-51
1741508368.177481,-28,-32,-135
1741508368.223481,-72,23,-157
1741508368.269481,31,37,16
1741508368.314481,31,-22,-57
1741508368.360481,-28,29,31
1741508368.406481,-72,11,-126
1741508368.452481,64,-78,-102
1741508368.4974809,51,-62,-134
1741508368.5434809,3,3,159
1741508368.5894809,37,28,-122
1741508368.634481,-56,-27,-130
1741508368.680481,-30,25,-148
1741508368.726481,25,80,-94
1741508368.772481,-16,67,-53
1741508368.8174808,-4,-42,-129
1741508368.8634808,-20,-34,-33
1741508368.9094808,-82,-56,-23
1741508368.954481,3,60,-9
1741508369.000481,-4,-31,-57
1741508369.046481,1,78,-23
1741508369.091481,42,7,-125
1741508369.137481,-13,-49,-55
1741508369.183481,-23,-27,-137
1741508369.229481,-10,-25,-45
1741508369.2744808,0,30,-101
1741508369.3204808,73,-3,-7
1741508369.3664808,-26,74,-43
1741508369.411481,7,-11,-99
1741508369.457481,45,10,-27
1741508369.503481,-18,-13,-149
1741508369.549481,22,66,-115
1741508369.594481,14,-59,-159
1741508369.640481,-84,34,-191
1741508369.686481,-14,34,-109
1741508369.7314808,25,-9,32
1741508369.7774808,-6,38,-169
1741508369.8234808,41,27,14
1741508369.8694808,75,24,-135
1741508369.914481,-24,-9,-133
1741508369.960481,-29,24,-157
1741508370.006481,-32,-31,-40
1741508370.051481,85,-55,27
1741508370.097481,51,-49,-158
1741508370.143481,-48,-16,47
1741508370.189481,-35,25,-54
1741508370.2344809,13,7,-60
1741508370.2804809,45,17,-80
1741508370.3264809,13,7,-28
1741508370.371481,22,-10,-25
1741508370.417481,-55,-38,-35
1741508370.463481,-31,9,-169
1741508370.509481,-1,-66,4
1741508370.554481,54,15,-41
1741508370.600481,20,63,-17
1741508370.646481,5,-20,18
1741508370.6914809,17,73,-131
1741508370.7374809,-2,-41,-117
1741508370.783481,27,-5,-151
1741508370.829481,-11,-17,-215
1741508370.874481,-85,10,6
1741508370.920481,-86,10,-161
1741508370.966481,-44,30,68
1741508371.0114808,64,-37,-77
1741508371.0574808,-31,42,-61
1741508371.1034808,-18,-24,42
1741508371.1494808,-57,55,-147
1741508371.194481,-97,45,-104
1741508371.240481,-69,8,-103
1741508371.286481,21,-34,-11
1741508371.331481,-8,1,-107
1741508371.377481,19,-14,-151
1741508371.423481,1,-35,72
1741508371.469481,-48,-21,-163
1741508371.5144808,43,22,-95
1741508371.5604808,15,-5,-253
1741508371.6064808,-90,-3,-99
1741508371.651481,25,6,-71
1741508371.697481,-60,26,4
1741508371.743481,-16,2,-143
1741508371.789481,66,17,8
1741508371.834481,20,-47,-101
1741508371.880481,46,-9,-69
1741508371.926481,-73,66,44
1741508371.9714808,8,-15,-73
1741508372.0174809,86,22,-91
1741508372.0634809,40,40,44
1741508372.1094809,-19,-15,-23
1741508372.154481,-6,-9,-132
1741508372.200481,57,58,-63
1741508372.246481,5,-29,-188
1741508372.291481,101,22,-112
1741508372.337481,11,-11,-186
1741508372.383481,17,1,-194
1741508372.429481,62,-67,-204
1741508372.4744809,12,-43,-68
1741508372.5204809,-21,-19,-12
1741508372.571481,17,10,5
1741508372.617481,26,-3,-138
1741508372.663481,31,-17,-176
1741508372.709481,79,26,-58
1741508372.7544808,32,45,27
1741508372.8004808,87,-15,-176
1741508372.8464808,-6,9,-62
1741508372.891481,-18,6,-60
1741508372.937481,-18,-31,-108
1741508372.983481,49,4,-26
1741508373.029481,-6,-11,-6
1741508373.074481,0,-41,-126
1741508373.120481,50,-73,-150
1741508373.166481,-52,-55,-164
1741508373.2114809,65,64,-234
1741508373.2574809,27,-53,-156
1741508373.3034809,24,6,-122
1741508373.3494809,-69,-93,7
1741508373.394481,40,72,-64
1741508373.440481,22,9,-158
1741508373.486481,11,-18,9
1741508373.531481,11,-80,-116
1741508373.577481,12,71,-106
1741508373.623481,-28,40,1
1741508373.6694808,49,35,17
1741508373.7144809,7,6,-12
1741508373.7604809,52,-30,-82
1741508373.806481,47,-52,186
1741508373.851481,41,1,-119
1741508373.897481,67,9,-105
1741508373.943481,-29,-66,-105
1741508373.989481,-7,-58,2
1741508374.0344808,-15,19,-8
1741508374.0804808,20,59,-8
1741508374.1264808,-23,17,-42
1741508374.171481,-17,-8,45
1741508374.217481,-14,-12,-121
1741508374.263481,19,11,-89
1741508374.309481,21,-10,26
1741508374.354481,15,-38,-119
1741508374.400481,-64,26,-37
1741508374.446481,-35,45,-17
1741508374.4914808,-3,-65,-91
1741508374.5374808,-74,-72,-75
1741508374.5834808,-19,36,-115
1741508374.6294808,109,-45,-163
1741508374.674481,-7,34,-41
1741508374.720481,70,-17,8
1741508374.766481,8,-2,-37
1741508374.811481,-53,11,-45
1741508374.857481,-29,-20,-159
1741508374.903481,-56,-21,-31
1741508374.949481,13,70,-109
1741508374.9944808,-8,-53,-71
1741508375.0404809,-45,-8,-99
1741508375.0864809,51,-38,-41
1741508375.131481,-14,39,10
1741508375.177481,-38,-38,-135
1741508375.223481,45,-76,-92
1741508375.269481,-18,3,10
1741508375.314481,-65,-5,-25
1741508375.360481,-17,-27,-40
1741508375.406481,0,10,-170
1741508375.4514809,-35,-61,-36
1741508375.4974809,113,49,-129
1741508375.5434809,25,28,66
1741508375.5894809,77,-64,-120
1741508375.634481,-58,-22,72
1741508375.680481,59,5,-87
1741508375.726481,-7,-9,17
1741508375.771481,2,-119,-78
1741508375.8174808,14,-47,-150
1741508375.8634808,70,-71,-140
1741508375.908481,-4,-43,-8
1741508375.954481,31,10,-50
1741508376.000481,-40,83,-114
1741508376.046481,28,20,-148
1741508376.091481,14,58,-98
1741508376.137481,-23,2,-98
1741508376.183481,-39,1,-130
1741508376.2284808,-17,-33,-42
1741508376.2744808,28,60,-20
1741508376.3204808,-39,-24,-86
1741508376.3664808,36,-5,-38
1741508376.411481,-65,36,-120
1741508376.457481,-35,34,53
1741508376.503481,-7,32,37
1741508376.548481,-12,-8,-168
1741508376.594481,-74,96,-112
1741508376.640481,43,-155,-182
1741508376.686481,-142,-25,-62
1741508376.7314808,67,-35,-12
1741508376.7774808,104,-4,-27
1741508376.8234808,70,-20,-97
1741508376.868481,69,24,-93
1741508376.914481,14,-52,-23
1741508376.960481,92,17,52
1741508377.006481,86,15,-139
1741508377.051481,8,-40,-83
1741508377.097481,-22,32,-73
1741508377.143481,2,-10,-111
1741508377.1884809,94,42,-153
1741508377.2344809,-54,-2,-51
1741508377.2804809,-14,-68,-217
1741508377.3264809,9,-12,-47
1741508377.371481,34,-38,-51
1741508377.417481,-24,21,-111
1741508377.463481,9,-32,2
1741508377.508481,27,-26,-31
1741508377.554481,55,67,-53
1741508377.600481,-32,-10,-85
1741508377.646481,5,5,58
1741508377.6914809,5,5,-151
1741508377.7374809,27,13,-33
1741508377.783481,-6,32,-53
1741508377.828481,-4,-17,-63
1741508377.874481,22,-4,-103
1741508377.920481,-17,-12,76
1741508377.966481,-21,75,-113
1741508378.0114808,-9,21,-61
1741508378.0574808,-22,-7,-9
1741508378.1034808,-16,-65,4
1741508378.148481,21,-21,-51
1741508378.194481,52,-56,-81
1741508378.240481,-20,-1,-51
1741508378.286481,-36,-3,-7
1741508378.331481,63,-63,-7
1741508378.377481,-11,27,-39
1741508378.423481,12,-76,-15
1741508378.4684808,-58,22,10
1741508378.5144808,-8,36,-15
1741508378.5604808,-55,21,-214
1741508378.6064808,0,-21,-9
1741508378.651481,-30,-8,-65
1741508378.697481,-52,39,-133
1741508378.743481,-4,53,-51
1741508378.788481,5,-46,50
1741508378.834481,-22,73,-53
1741508378.880481,-6,-90,-67
1741508378.926481,11,-48,-75
1741508378.9714808,35,-24,-103
1741508379.0174809,43,-38,-183
1741508379.0634809,20,16,-39
1741508379.108481,34,-1,-70
1741508379.154481,91,-46,-140
1741508379.200481,19,9,-1
1741508379.246481,-23,-51,-147
1741508379.291481,69,-122,-139
1741508379.337481,7,-50,-99
1741508379.383481,-13,72,-182
1741508379.4284809,-11,-49,-92
1741508379.4744809,8,44,-14
1741508379.5204809,-4,40,-132
1741508379.5664809,-91,-25,-174
1741508379.611481,64,-81,-134
1741508379.657481,14,30,-46
1741508379.703481,0,5,-30
1741508379.748481,-33,-34,55
1741508379.7944808,2,-61,-118
1741508379.8404808,52,-15,-4
1741508379.8864808,-45,-9,-118
1741508379.931481,84,-5,-170
1741508379.977481,-79,18,25
1741508380.023481,50,44,-182
1741508380.068481,-11,31,81
1741508380.114481,-17,63,-112
1741508380.160481,71,5,-20
1741508380.206481,-24,43,-32
1741508380.2514808,-50,-48,17
1741508380.2974808,-2,12,-50
1741508380.3434808,49,58,-158
1741508380.388481,-26,-39,-68
1741508380.434481,8,-11,-90
1741508380.480481,8,53,-174
1741508380.526481,101,-40,-54
1741508380.571481,27,-70,-50
1741508380.617481,9,-4,-76
1741508380.663481,36,67,-106
1741508380.7084808,8,1,-194
1741508380.7544808,21,29,-136
1741508380.8004808,-25,13,-66
1741508380.8464808,16,-42,-120
1741508380.891481,-41,-43,-71
1741508380.937481,-10,-17,-6
1741508380.983481,-45,30,2
1741508381.028481,20,11,-101
1741508381.074481,0,-3,-142
1741508381.120481,-5,9,36
1741508381.166481,-60,20,-157
1741508381.2114809,42,-3,-113
1741508381.2574809,14,-67,-109
1741508381.3034809,-5,50,-85
1741508381.348481,20,-15,-99
1741508381.394481,-15,-13,48
1741508381.440481,47,-15,-61
1741508381.486481,97,-25,-33
1741508381.531481,-20,-29,-51
1741508381.577481,-18,56,-55
1741508381.623481,15,13,-33
1741508381.6684809,24,-16,-269
1741508381.7144809,0,-26,-111
1741508381.7604809,15,-56,-141
1741508381.806481,-4,31,-37
1741508381.851481,3,19,-21
1741508381.897481,-13,16,-79
1741508381.943481,96,48,78
1741508381.9884808,-113,4,-37
1741508382.0344808,42,8,-13
1741508382.0804808,-79,27,-117
1741508382.1264808,7,-93,-99
1741508382.171481,20,-1,-29
1741508382.217481,11,-71,-11
1741508382.263481,41,-25,-75
1741508382.308481,21,48,-55
1741508382.354481,-8,14,-154
1741508382.400481,69,-14,-122
1741508382.446481,36,25,-66
1741508382.4914808,-19,-46,-48
1741508382.5434809,-24,59,-38
1741508382.588481,39,-40,-32
1741508382.634481,47,15,-84
1741508382.680481,-10,-32,-68
1741508382.725481,23,49,-82
1741508382.771481,55,-90,-96
1741508382.8174808,-64,-4,-78
1741508382.8634808,19,-72,-116
1741508382.908481,29,59,-90
1741508382.954481,71,-6,52
1741508383.000481,-54,43,-101
1741508383.045481,-2,-8,-73
1741508383.091481,-40,-17,-25
1741508383.137481,13,-34,-47
1741508383.183481,35,21,-3
1741508383.2284808,-62,-8,20
1741508383.2744808,-6,9,-115
1741508383.3204808,-8,5,-81
1741508383.365481,-15,-50,-93
1741508383.411481,50,-40,26
1741508383.457481,22,23,-57
1741508383.503481,64,47,-59
1741508383.548481,33,7,-109
1741508383.594481,-32,61,-5
1741508383.640481,11,53,-87
1741508383.6854808,30,59,32
1741508383.7314808,-24,-22,-153
1741508383.7774808,23,-24,-103
1741508383.8234808,-12,-2,3
1741508383.868481,33,-12,-102
1741508383.914481,-6,-60,-124
1741508383.960481,-53,22,13
1741508384.005481,39,58,37
1741508384.051481,16,38,-32
1741508384.097481,-77,-75,-111
1741508384.143481,-70,-45,-3
1741508384.1884809,21,40,-35
1741508384.2344809,-79,-43,-139
1741508384.2804809,53,-30,-35
1741508384.325481,5,30,26
1741508384.371481,-8,3,28
1741508384.417481,-105,1,-168
1741508384.463481,-66,-15,-110
1741508384.508481,101,-23,-78
1741508384.554481,34,18,-138
1741508384.600481,-32,88,-36
1741508384.6454809,11,70,-162
1741508384.6914809,-6,112,-74
1741508384.7374809,-54,81,8
1741508384.783481,-38,25,-24
1741508384.828481,-82,-36,8
1741508384.874481,-64,-37,-173
1741508384.920481,-6,-21,-109
1741508384.9654808,-9,-15,-43
1741508385.0114808,-30,-22,32
1741508385.0574808,-42,42,-73
1741508385.1034808,20,43,-117
1741508385.148481,-23,2,-97
1741508385.194481,48,30,-68
1741508385.240481,-13,38,-158
1741508385.285481,16,16,-86
1741508385.331481,-25,8,-168
1741508385.377481,32,-19,-22
1741508385.423481,-3,-25,-108
1741508385.4684808,-5,-13,71
1741508385.5144808,-3,20,-102
1741508385.5604808,18,-29,-151
1741508385.605481,-5,48,-24
1741508385.651481,-13,-9,-104
1741508385.697481,19,-97,25
1741508385.743481,15,18,-54
1741508385.788481,81,-39,-64
1741508385.834481,18,5,-46
1741508385.880481,13,-53,-76
1741508385.9254808,-56,-42,-207
1741508385.9714808,33,-6,-139
1741508386.0174809,-24,-72,34
1741508386.0634809,51,65,-87
1741508386.108481,-56,73,44
1741508386.154481,-100,61,-59
1741508386.200481,59,-14,18
1741508386.245481,15,-23,-61
1741508386.291481,13,7,-15
1741508386.337481,-26,11,-79
1741508386.383481,13,-12,-79
1741508386.4284809,-50,-62,84
1741508386.4744809,-44,-14,-165
1741508386.5204809,-32,-28,-267
1741508386.565481,0,-94,-81
1741508386.611481,9,11,102
1741508386.657481,-64,-68,66
1741508386.703481,11,-22,-75
1741508386.748481,-117,18,-89
1741508386.7944808,-39,-15,-23
1741508386.8404808,-24,13,-73
1741508386.8854809,-9,-24,-88
1741508386.931481,-14,-24,-110
1741508386.977481,-50,47,-113
1741508387.023481,-20,49,-108
1741508387.068481,75,31,-106
1741508387.114481,-14,-59,30
1741508387.160481,51,30,-28
1741508387.2054808,37,2,-168
1741508387.2514808,-2,-45,90
1741508387.2974808,-71,27,-113
1741508387.3434808,42,18,-49
1741508387.388481,-12,60,-21
1741508387.434481,-33,37,-55
1741508387.480481,36,-2,-125
1741508387.525481,-101,30,103
1741508387.571481,56,46,-69
1741508387.617481,-83,0,-98
1741508387.663481,52,-107,-10
1741508387.7084808,16,-29,-98
1741508387.7544808,-31,-33,21
1741508387.8004808,9,-23,-38
1741508387.845481,-33,-41,-186
1741508387.891481,-31,6,-40
1741508387.937481,-13,60,-142
1741508387.983481,30,48,-20
1741508388.028481,22,54,-94
1741508388.074481,-33,-27,-54
1741508388.120481,-9,6,-158
1741508388.1654809,12,33,-48
1741508388.2114809,126,19,-136
1741508388.2574809,58,-16,-48
1741508388.3034809,43,-6,-52
1741508388.348481,1,32,-39
1741508388.394481,55,-57,-75
1741508388.440481,72,-119,-281
1741508388.485481,44,-65,-95
1741508388.531481,-22,-45,30
1741508388.577481,21,38,-64
1741508388.623481,0,-85,-140
1741508388.6684809,39,-83,23
1741508388.7144809,-13,15,-146
1741508388.7604809,-21,-32,-78
1741508388.805481,-83,1,-58
1741508388.851481,17,-6,-36
1741508388.897481,-22,-10,-70
1741508388.943481,-18,-3,-118
1741508388.9884808,-74,-1,-115
1741508389.0344808,-19,-34,-21
1741508389.0804808,-29,-89,-39
1741508389.125481,-60,-9,-149
1741508389.171481,-1,-53,-107
1741508389.217481,-65,32,-179
1741508389.263481,-7,34,-79
1741508389.308481,-23,-23,-149
1741508389.354481,-39,46,-49
1741508389.3994808,64,-13,56
1741508389.444481,50,18,-121
1741508389.490481,-44,74,-119
1741508389.536481,-16,-55,-85
1741508389.581481,7,-7,-107
1741508389.627481,-17,17,-115
1741508389.673481,43,-25,-72
1741508389.7184808,0,-67,9
1741508389.7644808,-24,24,-2
1741508389.8104808,-16,-21,-155
1741508389.8564808,-22,-5,-108
1741508389.901481,-20,16,47
1741508389.947481,39,-47,-184
1741508389.993481,56,-14,-166
1741508390.038481,-89,-5,-8
1741508390.084481,78,-6,-12
1741508390.130481,16,-64,-74
1741508390.176481,-21,17,-69
1741508390.2214808,96,31,-80
1741508390.2674809,51,-7,-136
1741508390.3134809,56,71,-68
1741508390.358481,46,25,-44
1741508390.404481,-17,19,-116
1741508390.450481,-23,-54,-152
1741508390.496481,-7,75,-172
1741508390.541481,32,-18,-74
1741508390.587481,-51,68,-188
1741508390.633481,59,0,-188
1741508390.6784809,-88,-49,-96
1741508390.7244809,35,-3,-174
1741508390.7704809,-1,56,-80
1741508390.8164809,26,52,-114
1741508390.861481,66,26,-50
1741508390.907481,-43,36,-44
1741508390.953481,28,19,-12
1741508390.998481,-81,-34,-34
1741508391.0444808,40,-16,-142
1741508391.0904808,-69,-68,-82
1741508391.1364808,-1,-60,-56
1741508391.181481,-57,-21,33
1741508391.227481,50,14,-56
1741508391.273481,22,-51,-133
1741508391.318481,0,-59,-47
1741508391.364481,-27,-46,-111
1741508391.410481,12,-21,-85
1741508391.456481,-25,26,26
1741508391.5014808,-23,-1,-89
1741508391.5474808,96,55,-201
1741508391.5934808,-51,11,-81
1741508391.638481,-1,-44,-83
1741508391.684481,-61,109,-1
1741508391.730481,56,25,44
1741508391.776481,84,-58,-81
1741508391.821481,-58,-11,-85
1741508391.867481,-22,-33,30
1741508391.913481,-37,15,-39
1741508391.9584808,-3,59,-53
1741508392.0044808,-11,7,-179
1741508392.0504808,-12,28,24
1741508392.0964808,-4,34,-171
1741508392.141481,0,54,-53
1741508392.187481,45,6,-67
1741508392.233481,29,60,4
1741508392.278481,-3,-31,-31
1741508392.324481,9,-54,-39
1741508392.370481,63,-4,-41
1741508392.416481,7,27,-85
1741508392.4614809,-72,-54,-33
1741508392.5074809,-33,77,-106
1741508392.558481,-19,-48,-72
1741508392.604481,-23,-34,-37
1741508392.650481,-47,-32,-27
1741508392.696481,42,85,-205
1741508392.7414808,-37,-62,-23
1741508392.7874808,29,-89,8
1741508392.8334808,-5,-48,-129
1741508392.878481,36,-15,-227
1741508392.924481,70,-25,14
1741508392.970481,-45,53,-99
1741508393.016481,41,-25,32
1741508393.061481,-125,-75,-109
1741508393.107481,94,66,-109
1741508393.153481,-70,48,-49
1741508393.200481,20,-49,-5
1741508393.245481,-46,54,-91
1741508393.291481,-51,-10,-21
1741508393.337481,-45,1,-45
1741508393.3824809,-35,-68,-95
1741508393.4284809,-55,27,-119
1741508393.4744809,-31,21,-135
1741508393.5204809,-43,64,-119
1741508393.565481,14,-61,-69
1741508393.611481,88,-39,-15
1741508393.657481,20,2,-169
1741508393.702481,47,9,-9
1741508393.748481,-33,-13,-33
1741508393.7944808,11,-63,-91
1741508393.8404808,-4,-41,-139
1741508393.8854809,5,-5,-67
1741508393.931481,10,-34,-169
1741508393.977481,-11,1,-165
1741508394.022481,48,-8,-35
1741508394.068481,49,-11,-11
1741508394.114481,19,21,-115
1741508394.160481,0,-49,-81
1741508394.2054808,27,-58,-65
1741508394.2514808,6,16,-55
1741508394.2974808,-26,12,-55
1741508394.342481,20,-11,-123
1741508394.388481,-37,51,-61
1741508394.434481,-6,-51,4
1741508394.480481,15,20,-93
1741508394.525481,-46,-37,-55
1741508394.571481,-40,-15,-23
1741508394.617481,-72,36,-154
1741508394.6624808,-8,-25,-136
1741508394.7084808,51,2,-21
1741508394.7544808,43,-27,-100
1741508394.8004808,55,16,-54
1741508394.845481,36,-20,-97
1741508394.891481,-34,30,-141
1741508394.937481,-72,26,-27
1741508394.982481,23,-65,-52
1741508395.028481,-62,30,7
1741508395.074481,3,-67,-34
1741508395.120481,49,44,5
1741508395.1654809,29,-17,-90
1741508395.2114809,-5,-9,-110
1741508395.2574809,26,-15,-106
1741508395.302481,44,0,-10
1741508395.348481,42,-75,-22
1741508395.394481,26,-43,41
1741508395.440481,-9,18,-61
1741508395.485481,-31,-9,-1
1741508395.531481,-21,-35,-52
1741508395.577481,94,50,-26
1741508395.6224809,-40,-19,-86
1741508395.6684809,40,-40,-2
1741508395.7144809,-3,-11,55
1741508395.7604809,0,-51,-140
1741508395.805481,63,-35,-96
1741508395.851481,-1,40,-66
1741508395.897481,28,-15,35
1741508395.9424808,26,37,-128
1741508395.9884808,-5,-5,-54
1741508396.0344808,44,24,-28
1741508396.0804808,-81,-3,-91
1741508396.125481,-17,30,-13
1741508396.171481,34,-10,-87
1741508396.217481,-18,-52,-121
1741508396.262481,28,11,-61
1741508396.308481,-64,-62,16
1741508396.354481,-6,-3,-133
1741508396.3994808,-40,2,-55
1741508396.4454808,-6,-23,-101
1741508396.4914808,-72,44,-27
1741508396.5374808,-59,-18,-95
1741508396.582481,8,63,30
1741508396.628481,-33,-15,30
1741508396.674481,-84,-35,-83
1741508396.719481,47,-45,-69
1741508396.765481,-25,37,-67
1741508396.811481,-6,-34,-157
1741508396.857481,88,7,-35
1741508396.9024808,-11,41,-19
1741508396.9484808,-27,-25,-67
1741508396.9944808,-25,-56,-121
1741508397.039481,36,-47,-1
1741508397.085481,30,48,-113
1741508397.131481,86,-57,-107
1741508397.177481,54,30,-61
1741508397.222481,-21,-20,70
1741508397.268481,42,-14,-61
1741508397.314481,-1,81,8
1741508397.3594809,-4,-54,-107
1741508397.4054809,-27,-63,-107
1741508397.4514809,21,-36,64
1741508397.4974809,-4,-47,-101
1741508397.542481,37,64,-147
1741508397.588481,40,33,-9
1741508397.634481,-1,35,-24
1741508397.679481,40,-28,-60
1741508397.725481,-22,9,-156
1741508397.771481,-12,-22,-8
1741508397.8174808,-27,85,-84
1741508397.8624809,-7,27,-54
1741508397.908481,75,11,-10
1741508397.954481,25,48,-76
1741508397.999481,37,3,-52
1741508398.045481,45,44,-8
1741508398.091481,5,20,-10
1741508398.137481,-12,-61,23
1741508398.1824808,4,30,-4
1741508398.2284808,37,-43,-70
1741508398.2744808,10,34,-98
1741508398.319481,68,-15,-12
1741508398.365481,76,-34,-40
1741508398.411481,-1,-28,-32
1741508398.457481,-52,6,-108
1741508398.502481,13,0,-14
1741508398.548481,-35,-44,-66
1741508398.594481,-31,-48,-169
1741508398.6394808,-29,-16,-27
1741508398.6854808,3,20,-79
1741508398.7314808,60,-26,-113
1741508398.7774808,-18,21,-149
1741508398.822481,-21,12,-191
1741508398.868481,12,-5,-85
1741508398.914481,-20,9,-72
1741508398.959481,30,86,42
1741508399.005481,57,43,-88
1741508399.051481,-16,45,-106
1741508399.097481,-52,35,-31
1741508399.1424809,44,-41,-119
1741508399.1884809,12,-27,-109
1741508399.2344809,-15,-49,-131
1741508399.279481,54,62,23
1741508399.325481,-12,34,-14
1741508399.371481,-84,-21,-45
1741508399.417481,-22,-71,-139
1741508399.462481,-30,-24,-107
1741508399.508481,-8,-32,-141
1741508399.554481,-64,5,-151
1741508399.5994809,-43,-69,-73
1741508399.6454809,10,-42,-81
1741508399.6914809,3,-36,-77
1741508399.7374809,-45,-7,-93
1741508399.782481,-73,19,-149
1741508399.828481,-10,-9,-45
1741508399.874481,89,2,-59
1741508399.9194808,-13,54,-147
1741508399.9654808,-10,59,-51
1741508400.0114808,-36,5,-155
1741508400.0574808,-2,-37,-35
1741508400.102481,-40,77,-13
1741508400.148481,-17,-54,-73
1741508400.194481,-11,15,-101
1741508400.239481,-126,-37,-87
1741508400.285481,47,-31,-119
1741508400.331481,-38,-1,-5
1741508400.377481,-25,40,-63
1741508400.4224808,-43,-15,-113
1741508400.4684808,56,42,-38
1741508400.5144808,30,-46,-8
1741508400.559481,8,12,15
1741508400.605481,12,-5,-88
1741508400.651481,-21,26,-78
1741508400.697481,-48,-36,-4
1741508400.742481,51,9,9
1741508400.788481,-8,25,-188
1741508400.834481,-40,-6,-80
1741508400.8794808,-5,-62,-50
1741508400.9254808,17,45,-110
1741508400.9714808,18,-1,-1
1741508401.0174809,87,39,-101
1741508401.062481,59,58,-58
1741508401.108481,21,30,-152
1741508401.154481,-6,-45,-32
1741508401.199481,-17,5,-48
1741508401.245481,-50,2,-104
1741508401.291481,-65,-10,-234
1741508401.337481,-4,6,-206
1741508401.3824809,32,-34,-30
1741508401.4284809,-2,-46,-150
1741508401.4744809,9,-100,15
1741508401.519481,50,-2,-66
1741508401.565481,-33,19,-86
1741508401.611481,12,-16,-206
1741508401.657481,-23,79,-42
1741508401.702481,-43,45,-164
1741508401.748481,8,-42,-84
1741508401.7944808,17,2,-4
1741508401.8394809,29,-25,-76
1741508401.8854809,-28,58,-172
1741508401.931481,-68,-27,-2
1741508401.977481,129,-43,-118
1741508402.022481,53,38,-83
1741508402.068481,-46,6,-63
1741508402.114481,-28,2,-117
1741508402.1594808,-2,-31,-144
1741508402.2054808,66,-30,-53
1741508402.2514808,-48,-7,-99
1741508402.2974808,40,43,-21
1741508402.342481,25,-53,-157
1741508402.388481,-24,-37,-145
1741508402.434481,45,26,10
1741508402.479481,-19,54,-87
1741508402.525481,-89,-22,-63
1741508402.577481,2,7,-87
1741508402.6224809,110,-110,-191
1741508402.6684809,47,-61,-185
1741508402.7144809,-38,-17,-89
1741508402.759481,53,94,-111
1741508402.804481,25,-39,-15
1741508402.850481,-30,-27,8
1741508402.8954809,-26,-27,-31
1741508402.9414809,37,-3,-151
1741508402.9874809,73,44,4
1741508403.033481,8,-70,-35
1741508403.078481,-14,11,-57
1741508403.124481,33,-6,-47
1741508403.170481,-52,3,-76
1741508403.2154808,9,-9,-106
1741508403.2614808,-32,-5,-114
1741508403.3074808,-68,52,-28
1741508403.352481,-4,16,-146
1741508403.398481,-12,-20,-14
1741508403.444481,121,31,67
1741508403.490481,-46,-81,-146
1741508403.535481,-76,-67,16
1741508403.581481,-40,-45,-73
1741508403.627481,-30,-28,-139
1741508403.6724808,21,-2,-41
1741508403.7184808,-25,2,-75
1741508403.7644808,-78,-24,-51
1741508403.8104808,-26,-30,38
1741508403.855481,20,-8,-71
1741508403.901481,-9,-5,-9
1741508403.947481,6,14,-53
1741508403.992481,-8,-18,-39
1741508404.038481,-22,31,2
1741508404.084481,-34,-32,-159
1741508404.130481,-37,-43,-89
1741508404.1754808,10,-43,-33
1741508404.2214808,31,80,-275
1741508404.2674809,49,-19,0
1741508404.312481,-28,40,-39
1741508404.358481,23,18,-87
1741508404.404481,-28,12,-85
1741508404.450481,-39,12,-37
1741508404.495481,-1,12,-127
1741508404.541481,22,-47,-64
1741508404.587481,-20,-8,-120
1741508404.6324809,23,21,-58
1741508404.6784809,2,-16,-76
1741508404.7244809,0,-4,-138
1741508404.7704809,41,9,-27
1741508404.815481,11,-32,-59
1741508404.861481,-56,-27,-47
1741508404.907481,14,65,-89
1741508404.952481,52,-36,-99
1741508404.998481,-73,0,-191
1741508405.0444808,-29,33,-155
1741508405.0904808,-9,9,-111
1741508405.1354809,-8,-23,-39
1741508405.181481,-46,2,-105
1741508405.227481,-13,100,-153
1741508405.272481,-30,-64,-195
1741508405.318481,13,28,-47
1741508405.364481,-37,74,-117
1741508405.410481,41,17,-25
1741508405.4554808,-20,-36,-47
1741508405.5014808,37,-86,-139
1741508405.5474808,3,74,-18
1741508405.592481,25,-37,-27
1741508405.638481,-71,9,36
1741508405.684481,19,-67,-123
1741508405.730481,32,-24,-195
1741508405.775481,-22,-71,-13
1741508405.821481,-56,-81,-11
1741508405.867481,53,-9,-49
1741508405.9124808,-40,-49,-195
1741508405.9584808,-10,13,-127
1741508406.0044808,12,39,-145
1741508406.0504808,-78,-19,-17
1741508406.095481,-32,82,-75
1741508406.141481,-6,54,-69
1741508406.187481,56,-56,-55
1741508406.232481,-20,10,-131
1741508406.278481,-60,36,-173
1741508406.324481,-4,4,-215
1741508406.370481,38,22,-53
1741508406.4154809,-38,-32,-179
1741508406.4614809,-26,27,32
1741508406.5074809,-45,44,-75
1741508406.552481,12,-20,-11
1741508406.598481,16,-13,-17
1741508406.644481,102,52,-91
1741508406.690481,87,-77,-143
1741508406.735481,25,-23,6
1741508406.781481,80,-29,-5
1741508406.827481,22,-2,-229
1741508406.8724809,27,-11,-86
1741508406.9184809,-6,-31,-40
1741508406.9644809,99,-1,-50
1741508407.0104809,-14,20,-56
1741508407.055481,-37,-8,-113
1741508407.101481,-55,-75,-87
1741508407.147481,-9,-80,-44
1741508407.1924808,36,40,-82
1741508407.2384808,45,6,-46
1741508407.2844808,23,68,-120
1741508407.3304808,-54,12,-150
1741508407.375481,77,-7,-42
1741508407.421481,35,-33,-24
1741508407.467481,-2,26,37
1741508407.512481,61,-9,-58
1741508407.558481,5,12,-76
1741508407.604481,30,18,-34
1741508407.650481,86,-58,-125
1741508407.6954808,15,-11,-143
1741508407.7414808,27,26,-59
1741508407.7874808,31,-3,-109
1741508407.832481,23,74,-5
1741508407.878481,15,62,-141
1741508407.924481,-72,42,-3
1741508407.970481,23,-45,-65
1741508408.015481,19,42,-23
1741508408.061481,-14,-23,-149
1741508408.107481,-22,-23,-59
1741508408.1524808,3,-29,-105
1741508408.1984808,-48,0,-57
1741508408.2444808,0,2,54
1741508408.2904809,-48,24,-107
1741508408.335481,-12,52,-241
1741508408.381481,51,6,-77
1741508408.427481,23,-25,-105
1741508408.472481,-36,-37,-105
1741508408.518481,-5,34,-135
1741508408.564481,81,-31,-41
1741508408.610481,51,-89,-39
1741508408.6554809,54,-27,-107
1741508408.7014809,-61,-24,-115
1741508408.7474809,-40,40,-50
1741508408.792481,3,14,-78
1741508408.838481,71,-5,-120
1741508408.884481,-44,-39,-90
1741508408.930481,39,-7,-126
1741508408.975481,45,-51,-94
1741508409.021481,-52,84,-68
1741508409.0674808,-48,-7,-120
1741508409.1124809,-21,-27,-106
1741508409.158481,-46,-67,-134
1741508409.204481,-14,-17,-77
1741508409.250481,-29,-42,-66
1741508409.295481,-19,13,-193
1741508409.341481,39,8,-25
1741508409.387481,-44,-33,-113
1741508409.4324808,81,90,-41
1741508409.4784808,-4,-41,-25
1741508409.5244808,9,6,26
1741508409.5704808,15,0,-127
1741508409.615481,77,-29,-165
1741508409.661481,58,-7,-71
1741508409.707481,0,-23,-81
1741508409.752481,44,-1,-127
1741508409.798481,25,-105,-79
1741508409.844481,-35,39,-73
1741508409.890481,2,-56,-61
1741508409.9354808,-33,-40,-99
1741508409.9814808,36,-51,-102
1741508410.0274808,118,-16,-124
1741508410.072481,-29,-12,-142
1741508410.118481,6,-19,-56
1741508410.164481,-11,16,-73
1741508410.209481,-96,18,-155
1741508410.255481,-21,-19,-63
1741508410.301481,-5,-12,-173
1741508410.347481,-13,63,26
1741508410.3924809,6,21,-23
1741508410.4384809,-21,-9,-41
1741508410.4844809,-63,-61,-137
1741508410.529481,-29,32,-39
1741508410.575481,10,30,-115
1741508410.621481,4,50,-31
1741508410.667481,-23,-67,-151
1741508410.712481,-17,-65,28
1741508410.758481,-14,-28,-63
1741508410.804481,53,39,-93
1741508410.8494809,43,-44,-6
1741508410.8954809,-61,3,-116
1741508410.9414809,14,27,-158
1741508410.9874809,-14,-12,7
1741508411.032481,-80,-3,-66
1741508411.078481,8,-46,-204
1741508411.124481,36,5,-138
1741508411.1694808,4,-76,-156
1741508411.2154808,-23,-1,-72
1741508411.2614808,-47,1,-8
1741508411.3074808,14,76,-50
1741508411.352481,44,-33,-79
1741508411.398481,20,-3,-171
1741508411.444481,24,13,-45
1741508411.489481,-7,-9,-11
1741508411.535481,61,-25,-59
1741508411.581481,174,-84,-75
1741508411.627481,24,5,-89
1741508411.6724808,14,13,-139
1741508411.7184808,-76,22,-117
1741508411.7644808,-77,-32,-153
1741508411.809481,70,27,-3
1741508411.855481,64,-48,-175
1741508411.901481,20,39,-43
1741508411.947481,18,-106,-51
1741508411.992481,-24,-35,-165
1741508412.038481,-42,-15,-177
1741508412.084481,15,24,-123
1741508412.1294808,55,8,48
1741508412.1754808,11,-26,-103
1741508412.2214808,7,-47,-117
1741508412.2674809,11,23,-153
1741508412.312481,-8,0,-191
1741508412.358481,49,45,-43
1741508412.404481,-39,-16,-57
1741508412.449481,-81,-19,6
1741508412.495481,-27,-51,-55
1741508412.541481,-99,28,-215
1741508412.592481,28,44,-143
1741508412.638481,4,30,-81
1741508412.684481,-29,40,-61
1741508412.729481,17,12,-123
1741508412.775481,5,-15,-33
1741508412.821481,-33,7,-45
1741508412.867481,-5,-3,-89
1741508412.9124808,5,-17,-21
1741508412.9584808,31,-19,-149
1741508413.0044808,127,64,-133
1741508413.049481,37,-50,-107
1741508413.095481,37,55,-69
1741508413.141481,-5,-3,-151
1741508413.187481,-74,-48,122
1741508413.232481,-46,10,2
1741508413.278481,-22,-57,-75
1741508413.324481,10,-28,-85
1741508413.3694808,52,11,38
1741508413.4154809,68,45,-37
1741508413.4614809,-7,-8,-165
1741508413.5074809,54,25,-29
1741508413.552481,-43,-6,-41
1741508413.598481,10,-47,-45
1741508413.644481,114,-47,-121
1741508413.689481,-71,0,-65
1741508413.735481,-6,-18,-193
1741508413.781481,-54,-50,-81
1741508413.827481,-14,-28,-25
1741508413.8724809,20,-64,-95
1741508413.9184809,32,39,4
1741508413.9644809,-64,-59,-59
1741508414.009481,-14,-39,48
1741508414.055481,85,-51,-145
1741508414.101481,1,-1,-47
1741508414.147481,22,-35,-87
1741508414.1924808,71,16,-11
1741508414.2384808,-70,-47,-51
1741508414.2844808,-54,-13,-97
1741508414.329481,21,36,-34
1741508414.375481,15,-51,-116
1741508414.421481,-2,4,5
1741508414.467481,-27,-16,-144
1741508414.512481,-25,19,57
1741508414.558481,-26,-1,-78
1741508414.604481,-4,-23,-14
1741508414.6494808,-48,34,-86
1741508414.6954808,-53,47,105
1741508414.7414808,0,52,-117
1741508414.7874808,-27,-36,-75
1741508414.832481,-38,-13,-71
1741508414.878481,18,3,-139
1741508414.924481,-53,3,-99
1741508414.969481,90,-48,-19
1741508415.015481,56,-2,-77
1741508415.061481,52,-122,-157
1741508415.107481,-41,-22,-165
1741508415.1524808,-39,-16,-19
1741508415.1984808,8,7,-3
1741508415.2444808,12,-100,-93
1741508415.289481,-31,-46,-79
1741508415.335481,42,-50,-209
1741508415.381481,18,-28,52
1741508415.427481,-3,-32,-115
1741508415.472481,41,-41,6
1741508415.518481,46,-22,-101
1741508415.564481,48,1,26
1741508415.6094809,-46,-29,-132
1741508415.6554809,24,-8,-134
1741508415.7014809,46,-14,-124
1741508415.7474809,34,-34,-36
1741508415.792481,-47,-16,-164
1741508415.838481,-49,-14,-108
1741508415.884481,42,-14,-90
1741508415.929481,-33,35,-84
1741508415.975481,-22,-1,7
1741508416.021481,-47,-20,-124
1741508416.0674808,-64,-21,-144
1741508416.1124809,-112,36,19
1741508416.158481,65,-21,15
1741508416.204481,59,-11,-62
1741508416.249481,-12,-3,-140
1741508416.295481,116,-70,-82
1741508416.341481,-23,55,-198
1741508416.387481,-85,39,-136
1741508416.4324808,4,36,-198
1741508416.4784808,-27,-59,-74
1741508416.5244808,76,-53,-32
1741508416.569481,6,-10,37
1741508416.615481,48,61,-96
1741508416.661481,-11,-58,-224
1741508416.707481,-15,-24,-58
1741508416.752481,101,28,-62
1741508416.798481,-74,-53,1
1741508416.844481,79,-37,-120
1741508416.8894808,-6,30,57
1741508416.9354808,-14,54,-100
1741508416.9814808,79,32,-197
1741508417.026481,-10,66,-101
1741508417.072481,31,40,-125
1741508417.118481,-19,25,-49
1741508417.164481,42,-34,20
1741508417.209481,34,13,-115
1741508417.255481,-36,-10,-92
1741508417.301481,23,-4,-82
1741508417.3464808,144,-4,-138
1741508417.3924809,-16,-20,-76
1741508417.4384809,-59,41,-76
1741508417.4844809,-57,18,-162
1741508417.529481,34,-32,-64
1741508417.575481,-12,28,-194
1741508417.621481,47,-25,-122
1741508417.666481,7,20,-152
1741508417.712481,-13,-38,-4
1741508417.758481,22,27,-126
1741508417.804481,50,-10,-106
1741508417.8494809,20,13,-134
1741508417.8954809,-49,-57,-80
1741508417.9414809,-6,-5,-178
1741508417.986481,32,9,59
1741508418.032481,2,34,-60
1741508418.078481,-51,0,-31
1741508418.124481,-85,68,-101
1741508418.1694808,12,28,-103
1741508418.2154808,12,-30,-123
1741508418.2614808,50,-34,-141
1741508418.306481,-43,-150,-93
1741508418.352481,-19,-10,-45
1741508418.398481,12,-14,-165
1741508418.444481,24,-11,-129
1741508418.489481,-1,15,6
1741508418.535481,72,30,20
1741508418.581481,54,-16,-145
1741508418.6264808,30,1,-45
1741508418.6724808,-40,-14,-89
1741508418.7184808,80,-52,-31
1741508418.7644808,5,-67,-163
1741508418.809481,-6,-89,-155
1741508418.855481,59,-45,64
1741508418.901481,-12,20,-113
1741508418.946481,75,-5,-13
1741508418.992481,-43,-36,-31
1741508419.038481,-22,18,-149
1741508419.084481,-7,19,-107
1741508419.1294808,-37,25,8
1741508419.1754808,38,49,-93
1741508419.2214808,-39,35,-23
1741508419.266481,-47,17,-141
1741508419.312481,142,-59,-184
1741508419.358481,-21,-3,-80
1741508419.404481,-31,-33,-149
1741508419.449481,-51,87,-110
1741508419.495481,-58,2,-112
1741508419.541481,-78,-36,-58
1741508419.5864809,-52,43,-86
1741508419.6324809,-78,41,-140
1741508419.6784809,4,-48,-68
1741508419.7244809,15,-44,-140
1741508419.769481,29,-72,-136
1741508419.815481,-64,17,7
1741508419.861481,13,1,-194
1741508419.906481,-10,13,-22
1741508419.952481,43,24,-120
1741508419.998481,-56,-51,-154
1741508420.0444808,-68,-25,-88
1741508420.0894809,38,-5,-4
1741508420.1354809,-14,-14,-38
1741508420.181481,15,-8,-64
1741508420.226481,53,-52,-176
1741508420.272481,9,55,-78
1741508420.318481,27,18,-52
1741508420.364481,-25,36,-38
1741508420.4094808,94,21,-230
1741508420.4554808,-45,1,-166
1741508420.5014808,97,-40,-32
1741508420.546481,-8,2,9
1741508420.592481,-5,-7,-78
1741508420.638481,65,14,-196
1741508420.684481,12,9,-8
1741508420.729481,10,13,-94
1741508420.775481,1,-67,-50
1741508420.821481,14,31,-154
1741508420.8664808,-34,-58,-80
1741508420.9124808,-16,-34,-120
1741508420.9584808,18,-20,25
1741508421.0044808,26,-42,-21
1741508421.049481,-5,105,-185
1741508421.095481,-1,29,-35
1741508421.141481,-16,37,6
1741508421.186481,-53,44,-117
1741508421.232481,-136,11,-63
1741508421.278481,-61,-18,-141
1741508421.324481,-47,33,-39
1741508421.3694808,-2,-24,-185
1741508421.4154809,-10,-15,-55
1741508421.4614809,19,67,-63
1741508421.506481,39,59,-173
1741508421.552481,-58,23,-11
1741508421.598481,-26,-10,-177
1741508421.644481,-4,-51,-61
1741508421.689481,-42,38,-47
1741508421.735481,-44,7,-203
1741508421.781481,103,67,-41
1741508421.8264809,51,21,-91
1741508421.8724809,22,2,-9
1741508421.9184809,-21,-23,-71
1741508421.9644809,-34,39,-107
1741508422.009481,33,-30,-58
1741508422.055481,-38,21,-175
1741508422.101481,-32,21,-53
1741508422.146481,-62,59,-107
1741508422.1924808,23,-11,28
1741508422.2384808,37,-3,-95
1741508422.2844808,26,10,-113
1741508422.329481,-50,25,-112
1741508422.375481,-78,0,56
1741508422.421481,75,-55,-123
1741508422.466481,-19,2,-233
1741508422.512481,77,-53,-83
1741508422.558481,29,42,62
1741508422.6094809,8,-4,0
1741508422.6554809,-10,37,-73
1741508422.7014809,4,110,-97
1741508422.746481,42,18,-75
1741508422.792481,-3,-23,-153
1741508422.838481,23,-35,-99
1741508422.884481,52,37,-131
1741508422.929481,14,81,12
1741508422.975481,6,51,-45
1741508423.021481,4,49,-15
1741508423.0664809,-93,45,-103
1741508423.1124809,-45,-46,-93
1741508423.158481,-125,-4,-71
1741508423.204481,8,47,-127
1741508423.249481,-15,-84,-129
1741508423.295481,76,24,-11
1741508423.341481,-46,42,-101
1741508423.3864808,31,22,-25
1741508423.4324808,-96,-51,56
1741508423.4784808,-94,-7,-85
1741508423.523481,29,-53,-107
1741508423.569481,47,28,-143
1741508423.615481,-24,-49,-95
1741508423.661481,-17,43,-119
1741508423.706481,41,0,-14
1741508423.752481,17,80,-134
1741508423.798481,50,-12,-12
1741508423.8434808,22,41,-152
1741508423.8894808,-109,12,9
1741508423.9354808,-6,1,-110
1741508423.9814808,-18,1,-60
1741508424.026481,-66,1,-152
1741508424.072481,-66,3,-76
1741508424.118481,-32,33,-82
1741508424.163481,14,49,-38
1741508424.209481,18,21,-100
1741508424.255481,56,5,-19
1741508424.301481,-9,-58,-175
1741508424.3464808,62,-39,78
1741508424.3924809,-50,-48,-175
1741508424.4384809,-33,51,-71
1741508424.483481,-22,10,-99
1741508424.529481,-75,-24,-123
1741508424.575481,-23,11,-129
1741508424.621481,-10,85,-29
1741508424.666481,105,-8,-109
1741508424.712481,-66,42,-45
1741508424.758481,-50,-35,24
1741508424.8034809,-11,9,-77
1741508424.8494809,-33,-52,-165
1741508424.8954809,24,-70,-117
1741508424.9414809,48,-28,16
1741508424.986481,-61,41,-167
1741508425.032481,70,-58,-63
1741508425.078481,18,-60,-73
1741508425.123481,1,-54,-129
1741508425.1694808,-67,0,-107
1741508425.2154808,21,9,-65
1741508425.2614808,11,-54,-177
1741508425.306481,-41,23,42
1741508425.352481,25,-45,-189
1741508425.398481,20,49,-139
1741508425.443481,66,5,-55
1741508425.489481,-23,-43,38
1741508425.535481,53,-30,-45
1741508425.581481,-50,37,-89
1741508425.6264808,-54,52,-85
1741508425.6724808,42,-86,-39
1741508425.7184808,3,14,-189
1741508425.763481,-26,-15,-31
1741508425.809481,-20,0,-20
1741508425.855481,-63,57,17
1741508425.901481,26,31,-18
1741508425.946481,6,32,-184
1741508425.992481,43,46,-124
1741508426.038481,23,29,-211
1741508426.0834808,68,-6,-53
1741508426.1294808,-37,6,-52
1741508426.1754808,-51,34,-86
1741508426.2214808,-56,4,-34
1741508426.266481,51,-59,-42
1741508426.312481,-6,-43,-179
1741508426.358481,12,0,-95
1741508426.403481,38,-2,-59
1741508426.449481,-43,0,-121
1741508426.495481,12,-10,-151
1741508426.541481,-47,-80,-71
1741508426.5864809,17,-9,-177
1741508426.6324809,-69,-47,-79
1741508426.6784809,31,38,-59
1741508426.723481,-16,8,-123
1741508426.769481,34,-24,-31
1741508426.815481,-20,14,-13
1741508426.861481,49,-31,-35
1741508426.906481,-108,40,-113
1741508426.952481,49,-11,-175
1741508426.998481,78,17,-81
1741508427.0434809,-24,-7,-19
1741508427.0894809,-6,54,-69
1741508427.1354809,17,40,-105
1741508427.181481,-24,34,-131
1741508427.226481,41,6,-181
1741508427.272481,-9,-16,-53
1741508427.318481,17,-31,-125
1741508427.3634808,-18,44,-43
1741508427.4094808,-22,-43,-49
1741508427.4554808,33,131,-75
1741508427.5014808,111,-46,-88
1741508427.546481,-58,-22,-238
1741508427.592481,35,51,-88
1741508427.638481,61,-23,-44
1741508427.683481,15,2,-88
1741508427.729481,-29,-3,-184
1741508427.775481,47,52,-128
1741508427.821481,-10,0,-138
1741508427.8664808,9,109,-112
1741508427.9124808,-87,-31,-112
1741508427.9584808,12,8,55
1741508428.003481,-9,-90,-134
1741508428.049481,2,37,-54
1741508428.095481,-27,15,-142
1741508428.141481,-47,-51,-71
1741508428.186481,29,-9,-136
1741508428.232481,31,24,-172
1741508428.278481,-34,28,-82
1741508428.3234808,-54,-27,-152
1741508428.3694808,-31,-8,-102
1741508428.4154809,28,25,-166
1741508428.4614809,18,45,-50
1741508428.506481,-8,42,-153
1741508428.552481,-35,-100,53
1741508428.598481,-91,63,-94
1741508428.643481,66,69,-99
1741508428.689481,-9,16,10
1741508428.735481,-49,-17,-101
1741508428.781481,-24,66,-87
1741508428.8264809,-1,36,-140
1741508428.8724809,14,32,-64
1741508428.9184809,12,-31,-20
1741508428.963481,38,-21,-30
1741508429.009481,20,-23,-76
1741508429.055481,84,24,-150
1741508429.101481,-93,-45,23
1741508429.146481,-1,60,-70
1741508429.1924808,-79,56,35
1741508429.2384808,-11,41,47
1741508429.283481,34,23,-76
1741508429.329481,121,-60,-18
1741508429.375481,-9,21,-56
1741508429.421481,8,-32,-140
1741508429.466481,50,30,-90
1741508429.512481,-11,-69,-150
1741508429.558481,28,146,-180
1741508429.6034808,-2,-24,-254
1741508429.6494808,66,18,-132
1741508429.6954808,-57,2,-170
1741508429.7414808,-5,52,-160
1741508429.786481,18,-67,-136
1741508429.832481,38,-83,-118
1741508429.878481,55,-25,-28
1741508429.923481,24,76,-126
1741508429.969481,17,-17,-132
1741508430.015481,87,-9,-88
1741508430.061481,47,-27,-128
1741508430.1064808,19,-37,-198
1741508430.1524808,24,3,-170
1741508430.1984808,-45,-24,-112
1741508430.243481,7,123,-138
1741508430.289481,55,-32,-70
1741508430.335481,-42,-2,-4
1741508430.381481,36,40,-39
1741508430.426481,16,34,-87
1741508430.472481,11,15,-93
1741508430.518481,-31,22,-5
1741508430.5634809,-31,-79,-85
1741508430.6094809,-13,-7,-129
1741508430.6554809,90,-15,-117
1741508430.700481,30,-41,-73
1741508430.746481,24,18,-45
1741508430.792481,-62,-32,-59
1741508430.838481,3,38,-101
1741508430.883481,-14,39,38
1741508430.929481,-36,35,-133
1741508430.975481,-58,-36,-19
1741508431.0204809,-25,0,-37
1741508431.0664809,-67,-25,-69
1741508431.1124809,-1,-53,-183
1741508431.158481,50,28,-55
1741508431.203481,32,56,2
1741508431.249481,33,-28,-175
1741508431.295481,-4,39,46
1741508431.3404808,-41,2,-119
1741508431.3864808,-23,24,-73
1741508431.4324808,-35,8,-1
1741508431.4784808,32,-45,-25
1741508431.523481,24,-19,-13
1741508431.569481,-58,-14,-137
1741508431.615481,-8,-49,-71
1741508431.660481,-56,-5,-51
1741508431.706481,-16,-39,-7
1741508431.752481,-59,-34,-255
1741508431.798481,21,15,-33
1741508431.8434808,17,-20,-27
1741508431.8894808,17,-53,-177
1741508431.9354808,1,10,-41
1741508431.980481,7,-9,-133
1741508432.026481,28,-23,-36
1741508432.072481,10,12,-78
1741508432.118481,6,-73,-68
1741508432.163481,64,-57,-184
1741508432.209481,32,-18,35
1741508432.255481,-4,38,-112
1741508432.3004808,37,20,-134
1741508432.3464808,-52,-29,-153
1741508432.3924809,57,84,-81
1741508432.4384809,23,82,48
1741508432.483481,44,4,-73
1741508432.529481,-138,15,8
1741508432.5804808,3,-17,-87
1741508432.6264808,-98,-73,-7
1741508432.6724808,-76,38,-179
1741508432.7184808,1,2,-1
1741508432.763481,21,130,-109
1741508432.809481,31,76,-131
1741508432.855481,12,-87,-75
1741508432.900481,72,-14,-159
1741508432.946481,-35,33,-129
1741508432.992481,-31,-91,-46
1741508433.038481,3,56,-119
1741508433.0834808,78,-6,-209
1741508433.1294808,36,27,-79
1741508433.1754808,-51,-74,-7
1741508433.220481,-15,23,-149
1741508433.266481,22,15,-83
1741508433.312481,4,19,-67
1741508433.358481,-49,-21,-87
1741508433.403481,20,-67,-33
1741508433.449481,95,-15,-99
1741508433.495481,38,-39,-90
1741508433.5404809,18,49,-125
1741508433.5864809,-25,-23,-41
1741508433.6324809,-21,-100,-67
1741508433.6784809,-23,11,105
1741508433.723481,74,-62,-108
1741508433.769481,32,13,-114
1741508433.815481,-21,-22,63
1741508433.860481,6,39,-62
1741508433.906481,81,8,-30
1741508433.952481,-14,22,-150
1741508433.998481,-48,4,-46
1741508434.0434809,29,-20,-162
1741508434.0894809,92,48,-38
1741508434.1354809,-15,-5,-126
1741508434.180481,68,0,-104
1741508434.226481,-42,66,-55
1741508434.272481,0,74,-89
1741508434.318481,-11,-20,-157
1741508434.3634808,-19,33,-23
1741508434.4094808,32,-30,18
1741508434.4554808,-37,-4,-145
1741508434.500481,13,-9,-43
1741508434.546481,33,-5,-143
1741508434.592481,52,19,-21
1741508434.638481,-7,-34,-57
1741508434.683481,25,-5,-173
1741508434.729481,20,-48,-45
1741508434.776481,39,5,-21
1741508434.822481,-37,-74,-196
1741508434.867481,2,-36,-37
1741508434.913481,-57,-16,-113
1741508434.959481,65,32,-119
1741508435.0044808,23,4,-111
1741508435.0504808,-24,-5,-55
1741508435.0964808,-4,-73,-11
1741508435.1424809,16,10,-181
1741508435.187481,-39,-37,-67
1741508435.233481,-57,-57,-93
1741508435.279481,9,-7,0
1741508435.324481,-26,4,-100
1741508435.370481,19,6,-16
1741508435.416481,-52,4,-84
1741508435.462481,-9,25,-96
1741508435.5074809,25,6,-146
1741508435.5534809,-31,25,-28
1741508435.5994809,11,22,-98
1741508435.644481,54,-28,-120
1741508435.690481,78,-82,-82
1741508435.736481,-17,-40,-4
1741508435.782481,-63,-26,-80
1741508435.827481,-73,49,-188
1741508435.873481,-56,62,-110
1741508435.9194808,58,53,-88
1741508435.9644809,-22,4,-148
1741508436.0104809,3,12,-6
1741508436.056481,63,-44,-102
1741508436.102481,19,-64,-18
1741508436.147481,29,33,-30
1741508436.193481,-44,17,-88
1741508436.239481,15,-11,-170
1741508436.2844808,11,54,-150
1741508436.3304808,-45,28,-90
1741508436.3764808,20,-35,-234
1741508436.4224808,11,-3,-66
1741508436.467481,-43,60,-130
1741508436.513481,-33,-31,-88
1741508436.559481,54,-47,-68
1741508436.604481,-27,-109,-136
1741508436.650481,42,-45,-162
1741508436.696481,33,-3,-118
1741508436.742481,-28,-37,-2
1741508436.7874808,7,-37,-106
1741508436.8334808,14,-57,-48
1741508436.8794808,-5,28,61
1741508436.924481,20,-9,33
1741508436.970481,-37,-7,-200
1741508437.016481,40,-63,-69
1741508437.062481,-26,0,-127
1741508437.107481,63,70,34
1741508437.153481,-31,56,-51
1741508437.199481,-35,48,-28
1741508437.2444808,8,-21,-49
1741508437.2904809,26,12,46
1741508437.3364809,20,25,-102
1741508437.3824809,-75,56,-175
1741508437.427481,40,20,-19
1741508437.473481,46,-20,-84
1741508437.519481,-3,-32,-214
1741508437.564481,73,-17,19
1741508437.610481,19,14,53
1741508437.656481,98,-34,-90
1741508437.7014809,6,3,-142
1741508437.7474809,-17,-74,-82
1741508437.7934809,152,42,-22
1741508437.8394809,-26,-9,-156
1741508437.884481,-76,16,-14
1741508437.930481,0,-3,-76
1741508437.976481,73,-21,-56
1741508438.021481,33,50,-218
1741508438.0674808,9,38,-124
1741508438.1134808,-5,-42,-204
1741508438.1594808,-4,-73,-162
1741508438.204481,43,34,-174
1741508438.250481,50,-80,-134
1741508438.296481,-86,-68,-98
1741508438.341481,-30,-4,53
1741508438.387481,13,6,-28
1741508438.433481,9,-26,-34
1741508438.479481,34,-1,-44
1741508438.5244808,-92,-81,-52
1741508438.5704808,28,22,-96
1741508438.6164808,-38,5,23
1741508438.661481,19,65,-118
1741508438.707481,55,29,-60
1741508438.753481,19,13,-126
1741508438.799481,-28,38,-16
1741508438.844481,-22,-16,-12
1741508438.890481,47,-64,-108
1741508438.936481,5,9,-90
1741508438.9814808,11,-22,-60
1741508439.0274808,-44,21,-104
1741508439.0734808,-50,1,-6
1741508439.1194808,65,1,-52
1741508439.164481,-18,-24,-118
1741508439.210481,-12,-24,-112
1741508439.256481,-92,77,-120
1741508439.301481,-20,75,-98
1741508439.347481,43,-16,-60
1741508439.393481,19,-22,15
1741508439.439481,-49,1,-208
1741508439.4844809,34,5,-14
1741508439.5304809,10,37,-86
1741508439.5764809,18,-26,-58
1741508439.621481,-55,-56,29
1741508439.667481,-7,-20,-66
1741508439.713481,60,15,-28
1741508439.759481,40,35,111
1741508439.804481,10,-12,-18
1741508439.850481,-35,90,35
1741508439.896481,42,-15,-148
1741508439.9414809,-15,38,37
1741508439.9874809,89,-49,-48
1741508440.033481,-31,7,-38
1741508440.079481,7,-68,19
1741508440.124481,5,49,-42
1741508440.170481,0,-32,-38
1741508440.216481,-6,43,-90
1741508440.2614808,77,27,-88
1741508440.3074808,36,-12,-48
1741508440.3534808,-36,-30,-4
1741508440.3994808,-1,-8,-22
1741508440.444481,41,-52,-142
1741508440.490481,-69,29,7
1741508440.536481,-97,-51,19
1741508440.581481,12,-52,-46
1741508440.627481,13,-64,-74
1741508440.673481,-10,26,-44
1741508440.719481,-40,120,-78
1741508440.7644808,-32,-29,-6
1741508440.8104808,-20,-20,-30
1741508440.8564808,-32,-43,1
1741508440.901481,33,52,-110
1741508440.947481,-102,-43,-94
1741508440.993481,0,28,-100
1741508441.039481,-32,44,-202
1741508441.084481,27,14,-70
1741508441.130481,49,-29,-14
1741508441.176481,14,-44,-12
1741508441.2214808,-50,-30,-6
1741508441.2674809,16,79,-44
1741508441.3134809,6,-20,-50
1741508441.3594809,-69,3,-12
1741508441.404481,52,-56,-4
1741508441.450481,0,19,-44
1741508441.496481,14,6,-18
1741508441.541481,21,-52,-42
1741508441.587481,-33,20,-198
1741508441.633481,34,5,-124
1741508441.679481,13,-1,-104
1741508441.7244809,64,7,-90
1741508441.7704809,-24,32,-72
1741508441.8164809,2,-64,-68
1741508441.861481,22,1,21
1741508441.907481,89,-61,-10
1741508441.953481,30,8,61
1741508441.999481,-11,20,-154
1741508442.0444808,48,0,-158
1741508442.0904808,37,28,-163
1741508442.1364808,-30,-41,-3
1741508442.181481,33,-38,36
1741508442.227481,11,67,-130
1741508442.273481,61,27,-86
1741508442.319481,-2,-49,-114
1741508442.364481,67,0,-127
1741508442.410481,43,36,5
1741508442.456481,-34,42,-53
1741508442.5014808,-52,-33,-129
1741508442.5474808,13,0,-31
1741508442.5994809,17,1,-25
1741508442.644481,5,57,-63
1741508442.690481,72,-29,-59
1741508442.736481,34,51,-139
1741508442.781481,-5,-18,-113
1741508442.827481,2,23,-83
1741508442.873481,20,-58,-39
1741508442.9194808,-5,-36,-31
1741508442.9644809,84,87,-145
1741508443.0104809,-1,-26,-63
1741508443.056481,11,-18,-49
1741508443.101481,-22,-36,-123
1741508443.147481,3,-16,-101
1741508443.193481,-24,10,-141
1741508443.239481,-70,10,64
1741508443.2844808,-52,-35,-133
1741508443.3304808,15,-62,-73
1741508443.3764808,-10,25,-197
1741508443.421481,37,23,-101
1741508443.467481,-44,49,28
1741508443.513481,9,47,12
1741508443.559481,-28,-26,-69
1741508443.604481,-47,44,-107
1741508443.650481,12,-29,-157
1741508443.696481,-67,8,-99
1741508443.7414808,-67,-19,-95
1741508443.7874808,56,46,-63
1741508443.8334808,-75,35,-165
1741508443.8794808,24,37,-93
1741508443.924481,10,55,-95
1741508443.970481,-8,-19,2
1741508444.016481,0,14,-49
1741508444.061481,65,8,-77
1741508444.107481,29,-31,-63
1741508444.153481,13,-63,-1
1741508444.199481,-15,2,-63
1741508444.2444808,18,18,-169
1741508444.2904809,108,52,-147
1741508444.3364809,18,-3,-69
1741508444.381481,8,-41,-39
1741508444.427481,83,2,-48
1741508444.473481,53,-19,-179
1741508444.518481,-47,-6,-223
1741508444.564481,-22,5,-81
1741508444.610481,-54,-6,-70
1741508444.656481,-39,53,-148
1741508444.7014809,63,22,-94
1741508444.7474809,-33,-2,-99
1741508444.7934809,70,-29,-153
1741508444.838481,-49,-51,-25
1741508444.884481,0,-43,-140
1741508444.930481,-30,28,-17
1741508444.976481,161,-15,-120
1741508445.021481,65,10,-37
1741508445.0674808,25,27,-123
1741508445.1134808,-52,35,-92
1741508445.158481,35,3,-16
1741508445.204481,31,-4,-118
1741508445.250481,7,53,-166
1741508445.296481,-2,-34,-48
1741508445.341481,-13,-11,53
1741508445.387481,3,30,-116
1741508445.433481,72,40,-20
1741508445.4784808,-32,-5,55
1741508445.5244808,26,44,-2
1741508445.5704808,7,-77,-46
1741508445.6164808,-43,-21,-106
1741508445.661481,39,32,-113
1741508445.707481,-51,36,-70
1741508445.753481,56,16,-106
1741508445.798481,-12,14,-104
1741508445.844481,-27,-14,-152
1741508445.890481,50,-4,-34
1741508445.936481,-43,31,-88
1741508445.9814808,-29,35,-158
1741508446.0274808,10,-64,-52
1741508446.0734808,14,-35,-100
1741508446.118481,32,-20,-112
1741508446.164481,24,4,-124
1741508446.210481,-35,-33,-84
1741508446.256481,52,-67,-78
1741508446.301481,-19,38,-104
1741508446.347481,-19,-27,-110
1741508446.393481,-44,54,-72
1741508446.437481,-97,67,-174
1741508446.483481,-27,8,-154
1741508446.529481,26,6,-134
1741508446.574481,-93,-9,-128
1741508446.620481,42,-13,-24
1741508446.666481,56,-23,-82
1741508446.712481,21,-31,-36
1741508446.7574809,24,70,-2
1741508446.8034809,-15,2,-6
1741508446.8494809,31,-73,-9
1741508446.894481,-5,-103,-8
1741508446.940481,37,-41,-57
1741508446.986481,20,40,-135
1741508447.032481,62,-11,-78
1741508447.077481,10,-37,-32
1741508447.123481,30,-27,-117
1741508447.1694808,-15,-45,-63
1741508447.2144809,-7,-79,-11
1741508447.2604809,66,21,-51
1741508447.306481,-14,52,-47
1741508447.352481,-13,62,-93
1741508447.397481,6,23,-67
1741508447.443481,10,-12,-27
1741508447.489481,34,3,-57
1741508447.5344808,-17,13,0
1741508447.5804808,0,-6,-29
1741508447.6264808,-54,65,-93
1741508447.6724808,-88,33,-159
1741508447.717481,-6,-28,46
1741508447.763481,23,-52,18
1741508447.809481,5,55,-169
1741508447.854481,33,-23,-81
1741508447.900481,-78,19,-66
1741508447.946481,-22,22,-68
1741508447.992481,-22,18,-136
1741508448.0374808,-42,-63,-8
1741508448.0834808,-46,-23,-140
1741508448.1294808,-74,-24,-74
1741508448.174481,-40,-68,-98
1741508448.220481,-31,91,-18
1741508448.266481,51,33,-2
1741508448.312481,-37,75,-19
1741508448.357481,-11,-5,-131
1741508448.403481,-101,-5,-99
1741508448.449481,27,-37,-169
1741508448.4944808,17,-27,-87
1741508448.5404809,-108,-63,-149
1741508448.5864809,1,30,8
1741508448.6324809,-70,-69,-93
1741508448.677481,7,-5,68
1741508448.723481,-47,-1,-147
1741508448.769481,-67,-39,-95
1741508448.814481,36,-65,-91
1741508448.860481,27,26,-71
1741508448.906481,-79,-21,-59
1741508448.952481,67,-31,-91
1741508448.9974809,6,-13,-115
1741508449.0434809,12,-3,-159
1741508449.0894809,-11,-10,-25
1741508449.134481,58,-40,-57
1741508449.180481,-41,21,98
1741508449.226481,36,-14,-133
1741508449.272481,2,-20,-105
1741508449.3174808,14,-25,-111
1741508449.3634808,-61,74,-65
1741508449.4094808,69,-14,26
1741508449.454481,0,10,120
1741508449.500481,51,7,-65
1741508449.546481,12,56,-83
1741508449.592481,8,-69,-109
1741508449.637481,46,2,-167
1741508449.683481,12,-25,-83
1741508449.729481,96,32,-23
1741508449.7744808,18,-2,-81
1741508449.8204808,0,-26,28
1741508449.8664808,-10,53,-119
1741508449.9124808,11,-64,-99
1741508449.957481,-24,25,-133
1741508450.003481,65,-30,-31
1741508450.049481,113,-74,-53
1741508450.094481,-32,5,-17
1741508450.140481,45,44,-37
1741508450.186481,-32,-72,-69
1741508450.232481,15,71,-79
1741508450.2774808,9,-26,-3
1741508450.3234808,7,15,-121
1741508450.3694808,-5,-99,2
1741508450.414481,13,30,-105
1741508450.460481,-47,22,-89
1741508450.506481,16,10,-59
1741508450.552481,-43,15,-127
1741508450.597481,18,-18,0
1741508450.643481,-3,-24,-23
1741508450.689481,-99,-3,-155
1741508450.7344809,66,-22,-83
1741508450.7804809,48,-44,-109
1741508450.8264809,-15,41,-101
1741508450.8724809,6,-28,-69
1741508450.917481,-21,5,48
1741508450.963481,1,58,-87
1741508451.009481,51,-25,-76
1741508451.054481,-52,-45,-64
1741508451.100481,13,32,-48
1741508451.146481,47,-51,3
1741508451.1914809,57,-59,-16
1741508451.2374809,25,-23,7
1741508451.283481,-4,36,-142
1741508451.329481,73,56,79
1741508451.374481,-94,5,-67
1741508451.420481,-4,-47,74
1741508451.466481,-34,22,-69
1741508451.5114808,29,-35,-85
1741508451.5574808,-46,8,24
1741508451.6034808,-20,26,-173
1741508451.6494808,49,-5,-13
1741508451.694481,25,30,-97
1741508451.740481,7,-17,18
1741508451.786481,53,-49,-57
1741508451.831481,-80,6,-119
1741508451.877481,6,37,-21
1741508451.923481,32,-39,20
1741508451.969481,-77,-3,-75
1741508452.0144808,-37,-74,-79
1741508452.0604808,-39,-20,-71
1741508452.1064808,3,80,-113
1741508452.151481,-30,24,-191
1741508452.197481,17,-11,-9
1741508452.243481,-88,-11,-129
1741508452.289481,45,21,-103
1741508452.334481,3,40,-15
1741508452.380481,-17,-21,-93
1741508452.426481,-1,6,-1
1741508452.4714808,3,23,13
1741508452.5174809,-10,-14,55
1741508452.5634809,-54,31,-242
1741508452.614481,23,3,-184
1741508452.660481,7,-3,-104
1741508452.706481,32,49,-86
1741508452.7514808,-87,41,-70
1741508452.798481,-7,0,-102
1741508452.844481,-11,13,-46
1741508452.890481,-46,-35,-164
1741508452.9354808,-26,24,-96
1741508452.9814808,35,16,-28
1741508453.0274808,23,23,-106
1741508453.0734808,3,14,-16
1741508453.118481,-44,-1,-144
1741508453.164481,34,-38,-120
1741508453.210481,-16,14,-92
1741508453.255481,-24,-30,-34
1741508453.301481,47,11,-55
1741508453.347481,21,-32,29
1741508453.393481,73,8,-19
1741508453.4384809,90,-94,-187
1741508453.4844809,-73,28,-87
1741508453.5304809,-43,8,-159
1741508453.575481,-25,12,62
1741508453.621481,-16,55,-87
1741508453.667481,7,-26,-65
1741508453.713481,16,-31,-53
1741508453.758481,26,-66,-53
1741508453.804481,68,17,-5
1741508453.850481,4,-36,40
1741508453.8954809,21,21,-133
1741508453.9414809,78,-16,-17
1741508453.9874809,-23,-4,-103
1741508454.033481,-57,19,-163
1741508454.078481,-12,-62,-67
1741508454.124481,23,-50,-95
1741508454.170481,-54,-56,-83
1741508454.2154808,6,43,-77
1741508454.2614808,51,-27,-17
1741508454.3074808,-59,-45,-127
1741508454.3534808,0,-36,-166
1741508454.398481,22,22,-67
1741508454.444481,2,8,40
1741508454.490481,60,-50,-43
1741508454.535481,4,-18,-49
1741508454.581481,46,5,-71
1741508454.627481,44,49,-43
1741508454.673481,-50,-71,-97
1741508454.7184808,55,10,-127
1741508454.7644808,-8,-35,-165
1741508454.8104808,-8,-66,-67
1741508454.855481,7,53,-139
1741508454.901481,-24,45,-63
1741508454.947481,-6,-12,-43
1741508454.993481,43,-36,-15
1741508455.038481,45,-44,-13
1741508455.084481,107,-19,-117
1741508455.130481,0,-31,-114
1741508455.1754808,-64,73,-138
1741508455.2214808,-71,21,-66
1741508455.2674809,74,-30,-122
1741508455.3134809,-7,-44,-142
1741508455.358481,-1,-38,-44
1741508455.404481,12,49,-113
1741508455.450481,28,2,-91
1741508455.495481,-6,3,-44
1741508455.541481,54,3,12
1741508455.587481,30,21,32
1741508455.633481,-35,-66,-92
1741508455.6784809,-88,49,-97
1741508455.7244809,21,12,-9
1741508455.7704809,43,-79,-147
1741508455.815481,-54,-12,-159
1741508455.861481,-16,-80,-117
1741508455.907481,77,-56,-77
1741508455.953481,-33,0,-49
1741508455.998481,64,45,-141
1741508456.0444808,-33,-8,-62
1741508456.0904808,-21,41,76
1741508456.1354809,-21,3,31
1741508456.181481,-86,28,-144
1741508456.227481,-46,26,-60
1741508456.273481,39,14,-122
1741508456.318481,19,44,-44
1741508456.364481,57,-83,-72
1741508456.410481,5,56,-140
1741508456.4554808,5,-51,-12
1741508456.5014808,81,74,11
1741508456.5474808,-4,-1,-92
1741508456.5934808,4,-28,-72
1741508456.638481,-43,-32,-58
1741508456.684481,-9,-30,-96
1741508456.730481,-24,96,-146
1741508456.775481,-18,38,-146
1741508456.821481,24,-6,-38
1741508456.867481,8,27,-96
1741508456.913481,54,9,-42
1741508456.9584808,-47,27,-92
1741508457.0044808,36,2,-94
1741508457.0504808,66,45,-95
1741508457.095481,68,27,-1
1741508457.141481,93,-21,-85
1741508457.187481,-4,-3,-11
1741508457.233481,0,-47,10
1741508457.278481,-16,6,-9
1741508457.324481,-38,55,-155
1741508457.370481,-36,32,-89
1741508457.4154809,47,-14,-84
1741508457.4614809,33,4,55
1741508457.5074809,28,-39,-156
1741508457.5534809,27,2,-105
1741508457.598481,-12,32,-107
1741508457.644481,75,42,-37
1741508457.690481,-59,20,-64
1741508457.735481,0,-2,-62
1741508457.781481,-18,40,-32
1741508457.827481,-40,-35,-98
1741508457.873481,14,-42,-110
1741508457.9184809,-57,14,-1
1741508457.9644809,29,49,-161
1741508458.0104809,18,24,-167
1741508458.055481,-53,-21,-57
1741508458.101481,-13,32,44
1741508458.147481,48,-24,-43
1741508458.1924808,40,7,-61
1741508458.2384808,-21,-48,-141
1741508458.2844808,-49,12,-23
1741508458.3304808,40,66,-107
1741508458.375481,-6,30,-23
1741508458.421481,97,-62,-57
1741508458.467481,-26,35,118
1741508458.512481,63,-39,-96
1741508458.558481,59,17,31
1741508458.604481,-57,-20,-130
1741508458.650481,-73,-23,51
1741508458.6954808,63,15,-96
1741508458.7414808,-62,41,-124
1741508458.7874808,14,79,-20
1741508458.832481,65,7,-44
1741508458.878481,55,3,-12
1741508458.924481,53,36,-75
1741508458.970481,-10,24,-240
1741508459.015481,-6,22,-142
1741508459.061481,-86,34,-44
1741508459.107481,-31,-19,-48
1741508459.1524808,17,-16,-20
1741508459.1984808,-66,75,15
1741508459.2444808,55,-22,-31
1741508459.2904809,-72,-29,-85
1741508459.335481,-13,-9,-139
1741508459.381481,-3,-39,-5
1741508459.427481,40,-19,-151
1741508459.472481,91,-6,-149
1741508459.518481,9,35,-101
1741508459.564481,19,51,-45
1741508459.610481,17,-10,-189
1741508459.6554809,-18,50,-79
1741508459.7014809,17,37,22
1741508459.7474809,-3,-37,-169
1741508459.792481,2,54,-121
1741508459.838481,116,-50,-65
1741508459.884481,115,1,14
1741508459.930481,46,40,-177
1741508459.975481,-3,56,-140
1741508460.021481,7,-35,-80
1741508460.0674808,-20,-9,79
1741508460.1124809,19,-39,-14
1741508460.158481,46,-23,-50
1741508460.204481,55,8,-104
1741508460.250481,76,22,-94
1741508460.295481,8,76,-106
1741508460.341481,-1,-5,-84
1741508460.387481,-43,-59,-124
1741508460.4324808,-75,-2,-34
1741508460.4784808,42,64,-170
1741508460.5244808,74,0,53
1741508460.5704808,22,-12,-122
1741508460.615481,-21,-62,-108
1741508460.661481,-31,59,-84
1741508460.707481,-15,-42,-116
1741508460.752481,-43,-8,-22
1741508460.798481,30,29,-76
1741508460.844481,24,-42,-8
1741508460.890481,-44,33,23
1741508460.9354808,-8,51,-50
1741508460.9814808,2,-4,-48
1741508461.0274808,20,-58,-18
1741508461.072481,-3,55,-76
1741508461.118481,42,35,-42
1741508461.164481,31,-3,-52
1741508461.210481,35,-49,-146
1741508461.255481,2,-11,-118
1741508461.301481,-61,-21,-58
1741508461.347481,1,-33,-18
1741508461.3924809,-24,4,-70
1741508461.4384809,63,8,-140
1741508461.4844809,7,-7,-140
1741508461.5304809,105,-2,-20
1741508461.575481,37,-1,-156
1741508461.621481,-22,-17,-26
1741508461.667481,-57,68,-38
1741508461.712481,29,-31,-6
1741508461.758481,41,-68,-24
1741508461.804481,-17,-2,33
1741508461.850481,-111,0,-98
1741508461.8954809,36,13,-112
1741508461.9414809,-5,52,-134
1741508461.9874809,36,-107,-178
1741508462.032481,-35,-9,-114
1741508462.078481,66,29,-36
1741508462.124481,41,21,-114
1741508462.170481,-7,-66,-26
1741508462.2154808,-66,35,-176
1741508462.2614808,35,8,-80
1741508462.3074808,17,-12,-187
1741508462.352481,-54,-30,-69
1741508462.398481,34,-3,-92
1741508462.444481,-61,4,-117
1741508462.490481,-17,-42,-71
1741508462.535481,-9,-24,-5
1741508462.581481,32,-60,-106
1741508462.6324809,26,79,-104
1741508462.6784809,-38,53,-85
1741508462.7244809,77,27,-91
1741508462.7704809,-60,4,70
1741508462.815481,4,-4,-21
1741508462.861481,-27,-14,-101
1741508462.907481,-73,-23,-93
1741508462.9514809,-31,6,-123
1741508462.9974809,38,-13,14
1741508463.0434809,-1,-15,-155
1741508463.088481,-56,-23,-105
1741508463.134481,-8,-11,62
1741508463.180481,89,57,-27
1741508463.226481,76,-14,-109
1741508463.271481,4,-36,-125
1741508463.3174808,14,31,-223
1741508463.3634808,21,-46,-133
1741508463.408481,21,-34,28
1741508463.454481,-65,-23,-171
1741508463.500481,13,-55,-29
1741508463.546481,66,49,-51
1741508463.591481,-15,25,-141
1741508463.637481,-28,14,-83
1741508463.683481,81,-25,-145
1741508463.7284808,-16,-25,-101
1741508463.7744808,-31,-38,-139
1741508463.8204808,-11,15,-39
1741508463.8664808,30,66,-31
1741508463.911481,-57,-35,-65
1741508463.957481,-17,-67,-124
1741508464.003481,17,-2,-59
1741508464.048481,-16,27,-56
1741508464.094481,31,17,0
1741508464.140481,23,-28,-91
1741508464.186481,-22,59,-160
1741508464.2314808,-42,-54,-22
1741508464.2774808,-26,5,-102
1741508464.3234808,3,20,7
1741508464.368481,53,-72,-48
1741508464.414481,33,37,-92
1741508464.460481,39,26,-68
1741508464.506481,-54,58,-170
1741508464.551481,0,79,-14
1741508464.597481,67,79,35
1741508464.643481,9,68,-126
1741508464.6884809,-8,-35,55
1741508464.7344809,-18,-25,-108
1741508464.7804809,17,29,-80
1741508464.8264809,11,72,-47
1741508464.871481,35,33,-255
1741508464.917481,-29,-15,-91
1741508464.963481,17,-41,-175
1741508465.008481,7,8,68
1741508465.054481,-3,75,-19
1741508465.100481,5,-14,-33
1741508465.1454809,-60,-40,-1
1741508465.1914809,75,-18,-91
1741508465.2374809,-82,-8,0
1741508465.283481,-59,86,30
1741508465.328481,38,36,-49
1741508465.374481,2,-43,2
1741508465.420481,50,-29,38
1741508465.4654808,57,5,-55
1741508465.5114808,-26,16,-45
1741508465.5574808,-4,2,-179
1741508465.6034808,-30,34,24
1741508465.648481,-40,16,-173
1741508465.694481,-9,20,-25
1741508465.740481,20,-91,-57
1741508465.785481,48,27,-57
1741508465.831481,22,-54,-7
1741508465.877481,16,-82,-39
1741508465.923481,-20,29,-71
1741508465.9684808,-14,-22,-77
1741508466.0144808,12,-11,-15
1741508466.0604808,-69,-41,-125
1741508466.105481,73,50,-79
1741508466.151481,-20,-2,-39
1741508466.197481,37,8,-79
1741508466.243481,49,-91,-6
1741508466.288481,73,53,-153
1741508466.334481,5,-91,-169
1741508466.380481,13,-18,10
1741508466.4254808,-24,62,14
1741508466.4714808,-15,32,-119
1741508466.5174809,2,15,-233
1741508466.5634809,29,-2,-167
1741508466.608481,88,23,-121
1741508466.654481,63,-46,98
1741508466.700481,37,21,-163
1741508466.745481,59,-37,-43
1741508466.791481,47,-37,-113
1741508466.837481,-4,-9,25
1741508466.883481,-62,0,-133
1741508466.9284809,34,0,-112
1741508466.9744809,33,-5,-76
1741508467.0204809,23,-57,-136
1741508467.065481,-52,48,-76
1741508467.111481,43,-31,-186
1741508467.157481,-21,16,19
1741508467.203481,15,-31,-92
1741508467.248481,73,-13,-116
1741508467.2944808,-27,11,-74
1741508467.3404808,82,1,-108
1741508467.3854809,8,-8,-76
1741508467.431481,7,-98,-76
1741508467.477481,-19,-32,-86
1741508467.523481,75,7,-80
1741508467.568481,38,39,-118
1741508467.614481,14,-108,-178
1741508467.660481,-43,-18,-156
1741508467.7054808,2,-27,-80
1741508467.7514808,56,7,-25
1741508467.7974808,-56,67,-133
1741508467.8434808,-35,1,-44
1741508467.888481,-4,32,-18
1741508467.934481,24,-90,-2
1741508467.980481,-99,51,-72
1741508468.025481,46,11,-136
1741508468.071481,40,-26,-110
1741508468.117481,-55,-6,-15
1741508468.163481,40,-44,-37
1741508468.2084808,-1,-34,-85
1741508468.2544808,0,-26,-111
1741508468.3004808,-36,-26,-117
1741508468.345481,33,-26,-95
1741508468.391481,0,-52,-27
1741508468.437481,-64,43,6
1741508468.483481,51,21,66
1741508468.528481,35,-8,56
1741508468.574481,-34,33,-66
1741508468.620481,7,-34,-62
1741508468.6654809,-4,15,-84
1741508468.7114809,33,44,13
1741508468.7574809,115,10,43
1741508468.8034809,-13,33,51
1741508468.848481,-9,-18,-180
1741508468.894481,1,-20,35
1741508468.940481,-32,-40,-84
1741508468.985481,53,-24,-92
1741508469.031481,45,-17,-94
1741508469.077481,49,12,-52
1741508469.123481,-77,-15,-161
1741508469.1684809,-39,-92,-23
1741508469.2144809,0,7,42
1741508469.2604809,-116,81,-57
1741508469.305481,-13,28,-47
1741508469.351481,106,16,38
1741508469.397481,65,82,34
1741508469.443481,34,-43,-47
1741508469.4884808,-59,2,-109
1741508469.5344808,61,-2,-77
1741508469.5804808,-58,-50,-91
1741508469.625481,-18,-22,-5
1741508469.671481,131,-54,-75
1741508469.717481,55,0,-119
1741508469.763481,-34,31,-70
1741508469.808481,-22,-50,-141
1741508469.854481,-14,39,-91
1741508469.900481,14,8,-125
1741508469.9454808,-49,35,-205
1741508469.9914808,15,-77,-45
1741508470.0374808,17,26,-57
1741508470.0834808,62,47,-117
1741508470.128481,-8,-13,-113
1741508470.174481,3,-14,-131
1741508470.220481,45,-25,-153
1741508470.265481,-5,18,-157
1741508470.311481,-5,-9,-89
1741508470.357481,-57,23,-57
1741508470.403481,18,11,-174
1741508470.4484808,64,-2,-120
1741508470.4944808,-1,9,117
1741508470.5404809,40,14,-68
1741508470.585481,26,-41,-24
1741508470.631481,46,-2,-42
1741508470.677481,20,33,-42
1741508470.723481,26,-9,-146
1741508470.768481,0,102,83
1741508470.814481,16,8,-4
1741508470.860481,62,30,-80
1741508470.9054809,-30,32,-30
1741508470.9514809,63,-129,-136
1741508470.9974809,-31,18,-120
1741508471.0434809,24,60,-60
1741508471.088481,12,58,-156
1741508471.134481,14,36,51
1741508471.180481,-87,-38,33
1741508471.225481,-73,65,-18
1741508471.271481,-7,40,-74
1741508471.3174808,-30,-56,-150
1741508471.3634808,-64,39,-80
1741508471.408481,44,-42,45
1741508471.454481,-37,61,59
1741508471.500481,-60,-43,-150
1741508471.5444808,58,54,-76
1741508471.5904808,30,-55,-106
1741508471.6364808,98,-49,-78
1741508471.681481,66,-57,-122
1741508471.727481,30,-2,-71
1741508471.773481,24,-12,-29
1741508471.818481,-93,-4,6
1741508471.864481,20,-90,-35
1741508471.910481,62,43,-145
1741508471.956481,93,-29,-51
1741508472.0014808,85,-21,14
1741508472.0474808,1,3,-145
1741508472.0934808,1,74,-35
1741508472.138481,12,-12,-29
1741508472.184481,-17,-47,-89
1741508472.230481,0,-50,-203
1741508472.276481,67,41,-14
1741508472.321481,23,17,-46
1741508472.367481,1,13,-194
1741508472.413481,-42,-48,-164
1741508472.4584808,-15,-22,-154
1741508472.5044808,-21,1,-178
1741508472.5504808,-111,1,37
1741508472.5964808,58,-38,17
1741508472.647481,-58,1,73
1741508472.693481,-34,19,-116
1741508472.7384808,-43,65,-26
1741508472.7844808,-49,25,-24
1741508472.8304808,2,-73,-21
1741508472.8764808,-29,24,-91
1741508472.921481,-45,32,-25
1741508472.967481,86,76,-39
1741508473.013481,8,-1,-59
1741508473.058481,68,23,-51
1741508473.104481,-56,21,32
1741508473.150481,15,-66,-27
1741508473.196481,38,-59,-57
1741508473.2414808,14,-6,-77
1741508473.2874808,-17,-8,-160
1741508473.3334808,-1,-26,-146
1741508473.378481,-13,3,0
1741508473.424481,-35,4,-100
1741508473.470481,-43,38,5
1741508473.516481,40,-36,-94
1741508473.561481,-43,-74,-88
1741508473.607481,-41,3,91
1741508473.653481,-23,8,-96
1741508473.6984808,15,-9,-77
1741508473.7444808,-55,40,-155
1741508473.7904809,68,64,-90
1741508473.8364809,12,-31,-68
1741508473.881481,30,56,-106
1741508473.927481,-83,18,-28
1741508473.973481,63,16,-46
1741508474.018481,113,-1,-72
1741508474.064481,-10,-58,-36
1741508474.110481,21,47,-92
1741508474.156481,-14,-32,-110
1741508474.2014809,-20,11,-52
1741508474.2474809,59,2,-92
1741508474.2934809,52,-29,-156
1741508474.338481,-92,17,-22
1741508474.384481,102,15,-12
1741508474.430481,31,-38,-60
1741508474.476481,-12,-74,-24
1741508474.521481,28,-9,45
1741508474.5674808,85,-19,-74
1741508474.6134808,75,-34,43
1741508474.658481,-54,-8,45
1741508474.704481,25,3,-136
1741508474.750481,50,19,27
1741508474.796481,-25,47,-58
1741508474.841481,-81,-42,-162
1741508474.887481,10,-16,-76
1741508474.933481,55,-18,-108
1741508474.9784808,53,-10,-80
1741508475.0244808,-20,-26,117
1741508475.0704808,34,-34,-210
1741508475.1164808,6,-10,-198
1741508475.161481,10,29,-80
1741508475.207481,13,-34,-188
1741508475.253481,28,-72,-60
1741508475.298481,0,53,-109
1741508475.344481,60,1,-84
1741508475.390481,-27,5,-74
1741508475.436481,16,-35,-158
1741508475.4814808,34,18,-81
1741508475.5274808,-47,32,-57
1741508475.5734808,54,-1,-35
1741508475.618481,-57,-43,-125
1741508475.664481,-7,-19,-23
1741508475.710481,62,86,-59
1741508475.756481,-52,-5,-109
1741508475.801481,9,104,-103
1741508475.847481,-86,2,-2
1741508475.893481,67,44,-183
1741508475.9384809,-9,-25,-38
1741508475.9844809,-41,-29,-118
1741508476.0304809,38,42,-116
1741508476.0764809,-7,14,-93
1741508476.121481,16,-29,-137
1741508476.167481,34,10,52
1741508476.213481,18,-8,-107
1741508476.258481,46,11,-134
1741508476.304481,28,-52,-120
1741508476.350481,-21,26,-148
1741508476.396481,62,50,-93
1741508476.4414809,-67,-5,-77
1741508476.4874809,45,12,-56
1741508476.533481,-12,-33,-187
1741508476.578481,-8,48,-145
1741508476.624481,3,-27,-129
1741508476.670481,-48,4,-111
1741508476.716481,39,-53,-11
1741508476.7614808,7,-13,-141
1741508476.8074808,-27,-80,-113
1741508476.852481,12,-39,0
1741508476.897481,35,22,-27
1741508476.943481,21,-61,-43
1741508476.989481,-8,62,-79
1741508477.0344808,5,-47,-135
1741508477.0804808,-6,-1,-89
1741508477.1264808,45,28,-91
1741508477.1724808,15,25,-111
1741508477.217481,27,42,-81
1741508477.263481,-36,-46,-67
1741508477.309481,72,35,-113
1741508477.354481,-43,1,-101
1741508477.400481,61,-10,-47
1741508477.446481,38,28,-109
1741508477.492481,68,-11,-17
1741508477.5374808,-145,56,-101
1741508477.5834808,26,-49,16
1741508477.6294808,-61,-21,-161
1741508477.674481,36,60,-123
1741508477.720481,31,-44,-159
1741508477.766481,-54,-30,-39
1741508477.812481,39,-22,-33
1741508477.857481,-9,-77,-105
1741508477.903481,-37,-23,-115
1741508477.949481,-23,30,36
1741508477.9944808,-65,-2,-213
1741508478.0404809,-75,0,-57
1741508478.0864809,-5,-58,-3
1741508478.1324809,-43,11,-76
1741508478.177481,-21,-3,-144
1741508478.223481,-11,-11,-108
1741508478.269481,54,-65,-22
1741508478.314481,-17,-23,-192
1741508478.360481,-55,-47,-94
1741508478.406481,-18,20,-90
1741508478.452481,51,-21,59
1741508478.4974809,57,-67,-4
1741508478.5434809,-11,59,15
1741508478.5894809,104,-63,-125
1741508478.634481,32,-7,-55
1741508478.680481,-2,32,-30
1741508478.726481,-14,46,-130
1741508478.771481,58,4,-84
1741508478.8174808,-62,-36,11
1741508478.8634808,-5,-44,-44
1741508478.9094808,-47,-28,-190
1741508478.954481,-101,-28,1
1741508479.000481,50,-24,45
1741508479.046481,-9,-30,-44
1741508479.091481,16,-42,-132
1741508479.137481,24,0,-148
1741508479.183481,-42,64,-90
1741508479.229481,42,47,-34
1741508479.2744808,12,-26,-104
1741508479.3204808,-7,19,-12
1741508479.3664808,8,-64,-77
1741508479.411481,-117,-41,2
1741508479.457481,-37,-9,-173
1741508479.503481,-29,-97,-63
1741508479.549481,-19,0,-109
1741508479.594481,126,26,-79
1741508479.640481,-2,59,2
1741508479.686481,9,-67,-99
1741508479.7314808,33,11,-24
1741508479.7774808,-17,-60,125
1741508479.8234808,-27,65,-126
1741508479.8694808,88,-42,9
1741508479.914481,-46,-36,-105
1741508479.960481,16,-12,-190
1741508480.006481,86,-36,-237
1741508480.051481,-71,19,-57
1741508480.097481,24,-22,20
1741508480.143481,-69,-101,-111
1741508480.189481,29,-63,-113
1741508480.2344809,92,8,-113
1741508480.2804809,-39,-13,-73
1741508480.3264809,14,-3,-73
1741508480.371481,10,-33,-83
1741508480.417481,28,-12,-129
1741508480.463481,-51,4,72
1741508480.509481,8,46,-61
1741508480.554481,42,-10,-191
1741508480.600481,15,73,-173
1741508480.646481,-9,-23,-131
1741508480.6914809,0,15,-71
1741508480.7374809,88,-7,-19
1741508480.783481,-40,14,-195
1741508480.829481,-34,-7,-123
1741508480.874481,109,12,-131
1741508480.920481,17,3,-99
1741508480.966481,-16,21,-27
1741508481.0114808,-24,19,-65
1741508481.0574808,-24,74,-111
1741508481.1034808,31,-16,-83
1741508481.1494808,-20,7,-49
1741508481.194481,-33,49,-89
1741508481.240481,71,-9,-7
1741508481.286481,61,4,-9
1741508481.331481,37,12,-33
1741508481.377481,-82,-28,-175
1741508481.423481,73,44,-57
1741508481.469481,-26,-19,-15
1741508481.5144808,3,34,-37
1741508481.5604808,25,28,-81
1741508481.6064808,41,13,-91
1741508481.651481,14,4,-111
1741508481.697481,-54,14,-19
1741508481.743481,-37,-53,-51
1741508481.789481,31,28,-117
1741508481.834481,17,0,32
1741508481.880481,27,-28,8
1741508481.926481,41,34,-55
1741508481.9714808,11,-55,-75
1741508482.0174809,16,34,-195
1741508482.0634809,-51,-105,-223
1741508482.1094809,-1,70,-109
1741508482.154481,-27,10,-71
1741508482.200481,13,-13,-219
1741508482.246481,-58,10,10
1741508482.291481,64,-11,45
1741508482.337481,-57,-26,-50
1741508482.383481,59,-4,-192
1741508482.429481,4,0,-110
1741508482.4744809,0,49,15
1741508482.5204809,70,-4,-42
1741508482.5664809,-18,-74,-110
1741508482.617481,-44,11,-112
1741508482.663481,37,-16,-166
1741508482.709481,1,5,-181
1741508482.7544808,3,23,-51
1741508482.8004808,-15,14,-123
1741508482.8464808,95,69,-65
1741508482.891481,94,-41,-163
1741508482.937481,-23,-55,-146
1741508482.983481,-2,-6,-66
1741508483.029481,-14,30,5
1741508483.074481,-68,-53,-44
1741508483.120481,35,-4,-32
1741508483.166481,21,27,-104
1741508483.213481,31,-56,-198
1741508483.258481,-24,-6,-72
1741508483.304481,20,-58,-48
1741508483.350481,10,39,-118
1741508483.3954809,112,-44,-12
1741508483.4414809,29,-30,-102
1741508483.4874809,110,-18,-80
1741508483.533481,-55,-14,-204
1741508483.578481,68,13,59
1741508483.624481,-27,23,-6
1741508483.670481,-85,-28,0
1741508483.7154808,-93,29,21
1741508483.7614808,-107,47,-60
1741508483.8074808,58,31,-112
1741508483.8534808,2,19,-130
1741508483.898481,18,24,-116
1741508483.944481,-6,40,-158
1741508483.990481,65,9,-32
1741508484.035481,35,-13,-48
1741508484.081481,43,-39,-154
1741508484.127481,-2,2,-131
1741508484.173481,23,7,-127
1741508484.2184808,-16,-8,-103
1741508484.2644808,27,-54,-121
1741508484.3104808,-11,-18,-39
1741508484.355481,26,-26,-3
1741508484.401481,-97,29,-33
1741508484.447481,72,-24,-63
1741508484.493481,-55,13,-71
1741508484.538481,26,-16,-31
1741508484.584481,-15,21,-83
1741508484.630481,21,63,-55
1741508484.6754808,-34,-8,-109
1741508484.7214808,40,0,-105
1741508484.7674809,-1,-16,-67
1741508484.8134809,-47,-6,-73
1741508484.858481,-89,-32,18
1741508484.904481,-53,-44,-273
1741508484.950481,70,17,10
1741508484.995481,-91,-4,-165
1741508485.041481,70,-24,-65
1741508485.087481,61,-50,6
1741508485.133481,24,-52,-195
1741508485.1784809,-10,0,-145
1741508485.2244809,-4,-26,-99
1741508485.2704809,29,-35,-89
1741508485.315481,27,-29,-91
1741508485.361481,13,-25,-51
1741508485.407481,-30,-77,-73
1741508485.452481,9,39,-125
1741508485.498481,-56,-3,-127
1741508485.5444808,-6,14,-37
1741508485.5904808,43,-29,0
1741508485.6354809,0,-42,-31
1741508485.681481,-40,-32,-31
1741508485.727481,-56,23,-67
1741508485.772481,41,-10,-41
1741508485.818481,-4,-20,-105
1741508485.864481,-8,-62,-177
1741508485.910481,35,46,-53
1741508485.9554808,14,0,-35
1741508486.0014808,-72,21,-65
1741508486.0474808,-36,-37,46
1741508486.092481,-4,22,-67
1741508486.138481,-8,18,-79
1741508486.184481,7,-72,0
1741508486.230481,-42,-106,-49
1741508486.275481,-78,0,-65
1741508486.321481,-96,-4,-97
1741508486.367481,20,5,-31
1741508486.4124808,-2,-18,102
1741508486.4584808,-68,9,-181
1741508486.5044808,-15,1,-111
1741508486.5504808,4,5,-113
1741508486.595481,28,-26,-35
1741508486.641481,20,25,4
1741508486.687481,-1,57,-169
1741508486.732481,-12,-16,-103
1741508486.778481,-20,-107,-89
1741508486.824481,0,-85,-125
1741508486.870481,5,-40,-7
1741508486.9154809,-18,-69,14
1741508486.9614809,41,28,-7
1741508487.0074809,-42,39,-19
1741508487.052481,55,35,-77
1741508487.098481,-34,-24,-24
1741508487.144481,-30,-6,-80
1741508487.190481,-78,37,3
1741508487.235481,81,-3,-138
1741508487.281481,31,-90,-166
1741508487.327481,16,-8,-34
1741508487.3724809,-52,26,-30
1741508487.4184809,37,29,-28
1741508487.4644809,-2,13,-118
1741508487.5104809,50,-86,-112
1741508487.555481,-8,-27,-121
1741508487.601481,1,-54,-89
1741508487.647481,-11,-46,-155
1741508487.6924808,1,60,-113
1741508487.7384808,2,-57,-27
1741508487.7844808,-16,-79,-131
1741508487.8304808,35,-23,-159
1741508487.875481,33,-59,-209
1741508487.921481,-52,-22,-63
1741508487.967481,-45,37,-63
1741508488.012481,117,-8,-45
1741508488.058481,31,-36,-7
1741508488.104481,-40,8,-17
1741508488.150481,5,-19,-123
1741508488.1954808,-43,-47,-189
1741508488.2414808,-67,37,-15
1741508488.2874808,-40,17,-109
1741508488.332481,6,100,-103
1741508488.378481,-29,16,12
1741508488.424481,-29,59,-83
1741508488.470481,55,23,-59
1741508488.515481,-39,20,-13
1741508488.561481,-49,-12,-15
1741508488.607481,-19,29,-135
1741508488.6524808,16,25,-45
1741508488.6984808,-27,8,-147
1741508488.7444808,107,-33,-11
1741508488.7904809,-27,-57,-173
1741508488.835481,-28,38,-105
1741508488.881481,10,-17,114
1741508488.927481,-7,43,-167
1741508488.972481,-11,-11,-57
1741508489.018481,62,26,-104
1741508489.064481,-42,-41,0
1741508489.110481,27,26,-63
1741508489.1554809,58,27,-32
1741508489.2014809,12,-54,-126
1741508489.2474809,-9,-37,-82
1741508489.292481,-14,-36,-42
1741508489.338481,37,72,-156
1741508489.384481,18,-15,-98
1741508489.430481,-57,-23,-88
1741508489.475481,-37,10,-226
1741508489.521481,60,12,-26
1741508489.5674808,-1,-50,-78
1741508489.6124809,30,111,33
1741508489.658481,-22,4,-158
1741508489.704481,85,0,3
1741508489.750481,-57,45,7
1741508489.795481,-52,-17,-112
1741508489.841481,37,36,-90
1741508489.887481,53,0,-4
1741508489.9324808,-89,-43,-122
1741508489.9784808,41,-37,-104
1741508490.0244808,-11,-85,-96
1741508490.0704808,-133,0,-4
1741508490.115481,69,13,-16
1741508490.161481,28,-14,-86
1741508490.207481,-16,10,-146
1741508490.252481,46,57,-176
1741508490.298481,-1,37,-70
1741508490.344481,-12,-5,-62
1741508490.390481,79,-21,77
1741508490.4354808,55,-4,-117
1741508490.4814808,-16,24,-151
1741508490.5274808,-42,-16,-42
1741508490.572481,-64,55,-2
1741508490.618481,14,-49,-56
1741508490.664481,108,57,-10
1741508490.710481,0,-25,-130
1741508490.755481,36,-60,-22
1741508490.801481,-33,-43,-152
1741508490.847481,-49,41,-4
1741508490.8924809,84,16,-116
1741508490.9384809,6,-12,25
1741508490.9844809,30,-6,5
1741508491.0304809,4,-32,-82
1741508491.075481,-7,-38,-62
1741508491.121481,14,-28,19
1741508491.167481,26,-2,-42
1741508491.212481,48,-2,-78
1741508491.258481,4,35,-42
1741508491.304481,-9,20,-168
1741508491.350481,-45,59,-48
1741508491.3954809,-7,29,53
1741508491.4414809,20,29,-26
1741508491.4874809,-9,-8,-168
1741508491.532481,-61,61,-184
1741508491.578481,12,-24,-74
1741508491.624481,62,0,-236
1741508491.670481,58,-6,-64
1741508491.7154808,-46,-3,-132
1741508491.7614808,-33,-64,13
1741508491.8074808,3,12,-78
1741508491.852481,51,-21,-64
1741508491.898481,74,9,-48
1741508491.944481,-65,-16,-56
1741508491.990481,23,-39,-142
1741508492.035481,65,-23,-20
1741508492.081481,48,25,-60
1741508492.127481,-83,61,-148
1741508492.1724808,69,0,-36
1741508492.2184808,-66,-23,-14
1741508492.2644808,63,-10,-56
1741508492.309481,6,-74,-92
1741508492.355481,-4,-51,-71
1741508492.401481,20,-20,-59
1741508492.447481,-17,-52,-113
1741508492.492481,-73,23,-25
1741508492.538481,26,-1,-73
1741508492.584481,14,-31,-215
1741508492.6354809,42,10,-51
1741508492.681481,-28,22,-111
1741508492.727481,15,36,-125
1741508492.772481,71,40,-51
1741508492.818481,-18,28,-104
1741508492.864481,-118,-21,-230
1741508492.9094808,35,-2,-125
1741508492.9554808,-74,27,-37
1741508493.0014808,19,47,38
1741508493.0474808,32,3,-37
1741508493.092481,85,47,-45
1741508493.138481,-8,-48,-143
1741508493.184481,-14,17,-77
1741508493.229481,11,43,30
1741508493.275481,19,-30,6
1741508493.321481,0,-28,-55
1741508493.365481,-8,-40,-73
1741508493.411481,-3,20,-103
1741508493.457481,48,50,-75
1741508493.503481,32,40,-65
1741508493.548481,25,-18,-31
1741508493.594481,-42,-16,-74
1741508493.640481,15,57,-23
1741508493.6854808,-30,7,-14
1741508493.7314808,2,-9,-8
1741508493.7774808,58,8,-58
1741508493.8234808,48,-5,-228
1741508493.868481,-5,8,27
1741508493.914481,-37,-39,-71
1741508493.960481,54,4,-75
1741508494.005481,-49,16,44
1741508494.051481,30,-15,-68
1741508494.097481,69,37,-20
1741508494.143481,-31,5,-114
1741508494.1884809,-38,15,-62
1741508494.2344809,1,49,77
1741508494.2804809,44,-16,-40
1741508494.325481,49,-16,-1
1741508494.371481,-6,17,-155
1741508494.417481,-26,33,-83
1741508494.463481,-104,-12,-91
1741508494.508481,-58,67,-31
1741508494.554481,11,-85,22
1741508494.600481,87,-37,-173
1741508494.6454809,-46,-45,0
1741508494.6914809,-44,12,-117
1741508494.7374809,49,43,-179
1741508494.783481,15,-23,-175
1741508494.828481,-27,-15,-97
1741508494.874481,-104,-6,50
1741508494.920481,53,-12,-121
1741508494.9654808,-56,19,-163
1741508495.0114808,-43,33,-147
1741508495.0574808,-41,61,-15
1741508495.1034808,22,-22,-97
1741508495.148481,68,-4,-53
1741508495.194481,38,11,-125
1741508495.240481,-59,13,-77
1741508495.285481,36,15,-95
1741508495.331481,-7,-46,-39
1741508495.377481,-65,-24,-39
1741508495.423481,-37,-68,-71
1741508495.4684808,-20,-60,48
1741508495.5144808,9,24,-229
1741508495.5604808,9,24,-75
1741508495.605481,6,-55,-55
1741508495.651481,-39,-81,-119
1741508495.697481,101,23,24
1741508495.743481,-32,-40,-45
1741508495.788481,5,-138,-56
1741508495.834481,29,43,-96
1741508495.880481,-65,-57,-73
1741508495.9254808,-36,-47,-65
1741508495.9714808,21,16,-48
1741508496.0174809,-4,-39,-103
1741508496.0634809,-50,-34,-121
1741508496.108481,14,-9,-161
1741508496.154481,-7,-1,-93
1741508496.200481,68,64,62
1741508496.245481,-70,24,-110
1741508496.291481,17,-17,-119
1741508496.337481,21,-12,-74
1741508496.383481,-38,17,-163
1741508496.4284809,-60,-15,-27
1741508496.4744809,2,-74,-31
1741508496.5204809,6,-78,20
1741508496.565481,-18,-25,-131
1741508496.611481,73,-15,-97
1741508496.657481,-10,48,-153
1741508496.703481,17,28,-151
1741508496.748481,91,-89,-1
1741508496.7944808,45,-17,-63
1741508496.8404808,-32,97,-63
1741508496.8854809,-2,72,12
1741508496.931481,-90,-25,-141
1741508496.977481,-8,28,-133
1741508497.023481,-33,-56,-91
1741508497.068481,-33,15,-95
1741508497.114481,-9,37,-31
1741508497.160481,49,-28,-66
1741508497.2054808,-46,27,34
1741508497.2514808,96,-31,-63
1741508497.2974808,-37,-63,-91
1741508497.3434808,-53,3,-77
1741508497.388481,38,-75,-75
1741508497.434481,-61,8,-81
1741508497.480481,28,66,-51
1741508497.525481,-19,-32,-113
1741508497.571481,19,-12,-15
1741508497.617481,87,-53,-91
1741508497.663481,-34,19,-61
1741508497.7084808,63,-58,30
1741508497.7544808,-18,51,-5
1741508497.8004808,14,13,-57
1741508497.845481,-12,-37,-225
1741508497.891481,0,-15,-17
1741508497.937481,10,42,-73
1741508497.983481,-19,58,-132
1741508498.028481,-65,-91,-43
1741508498.074481,18,-16,-55
1741508498.120481,12,-38,-5
1741508498.1654809,4,17,-143
1741508498.2114809,-13,15,-230
1741508498.2574809,-51,-24,54
1741508498.3034809,32,75,-46
1741508498.348481,-70,3,-154
1741508498.394481,75,46,-144
1741508498.440481,-13,-107,-68
1741508498.485481,62,16,-124
1741508498.531481,56,-17,-66
1741508498.577481,-5,66,-12
1741508498.623481,2,-13,-126
1741508498.6684809,-1,34,-18
1741508498.7144809,82,-60,-100
1741508498.7604809,72,-29,-104
1741508498.805481,40,-21,-56
1741508498.851481,46,33,-66
1741508498.897481,27,4,-69
1741508498.943481,-16,-9,-139
1741508498.9884808,-15,60,-40
1741508499.0344808,-32,1,-130
1741508499.0804808,-6,-26,-39
1741508499.125481,-52,79,-35
1741508499.171481,3,33,-149
1741508499.217481,12,-50,-59
1741508499.262481,81,-8,-195
1741508499.308481,1,-20,-142
1741508499.354481,-32,-13,-96
1741508499.400481,49,28,-44
1741508499.4454808,27,-35,-3
1741508499.4914808,64,9,-134
1741508499.5374808,-12,-40,-138
1741508499.582481,-44,-6,-116
1741508499.628481,-94,15,-92
1741508499.674481,37,-21,-128
1741508499.720481,-48,0,-48
1741508499.765481,25,36,-114
1741508499.811481,60,-17,-62
1741508499.857481,24,-53,-140
1741508499.9024808,-49,22,-96
1741508499.9484808,-27,16,-60
1741508499.9944808,30,36,-162
1741508500.0404809,-72,-13,-162
1741508500.085481,41,-31,-64
1741508500.131481,-17,30,-164
1741508500.177481,8,12,79
1741508500.222481,-37,-5,-66
1741508500.268481,19,-35,-86
1741508500.314481,29,27,-96
1741508500.360481,11,-27,-104
1741508500.4054809,9,48,-20
1741508500.4514809,-14,0,13
1741508500.4974809,-22,39,-118
1741508500.542481,-46,-54,-7
1741508500.588481,1,89,-36
1741508500.634481,-36,-28,-103
1741508500.680481,-16,-45,-89
1741508500.725481,0,19,-49
1741508500.771481,-12,-18,-47
1741508500.8174808,55,-16,-95
1741508500.8624809,-41,-21,-203
1741508500.908481,-65,-27,-7
1741508500.954481,-36,-89,-201
1741508501.000481,-37,-17,-57
1741508501.045481,-41,-47,-83
1741508501.091481,10,32,-131
1741508501.137481,28,39,-235
1741508501.1824808,-40,-44,-83
1741508501.2284808,59,-35,-95
1741508501.2744808,-31,-23,-17
1741508501.3204808,-12,-37,-33
1741508501.365481,15,-3,-61
1741508501.411481,42,53,-115
1741508501.457481,-28,4,-55
1741508501.502481,5,-23,-121
1741508501.548481,1,-32,-5
1741508501.594481,-56,-36,-141
1741508501.640481,13,-68,-189
1741508501.6854808,7,-30,-37
1741508501.7314808,85,16,-93
1741508501.7774808,-16,-91,-169
1741508501.822481,-42,6,-136
1741508501.868481,-25,-3,-149
1741508501.914481,-15,-8,44
1741508501.960481,-5,-10,2
1741508502.005481,-1,3,-75
1741508502.051481,5,51,22
1741508502.097481,-1,55,-51
1741508502.1424809,-7,-55,-85
1741508502.1884809,-69,64,52
1741508502.2344809,-13,-46,-25
1741508502.2804809,8,-60,-55
1741508502.325481,-14,-94,-37
1741508502.371481,17,75,-3
1741508502.417481,-70,-64,-83
1741508502.462481,-12,85,-47
1741508502.508481,-60,-52,-121
1741508502.554481,-1,41,-31
1741508502.600481,70,-34,-85
1741508502.651481,33,95,60
1741508502.697481,-24,-60,44
1741508502.742481,-8,21,-51
1741508502.788481,-40,9,26
1741508502.834481,67,9,-47
1741508502.880481,-10,-62,-59
1741508502.9254808,3,-18,-127
1741508502.9714808,-44,-32,-79
1741508503.0174809,-8,-21,-88
1741508503.062481,-34,-33,-75
1741508503.108481,55,2,-148
1741508503.154481,48,-41,-116
1741508503.200481,56,-9,-177
1741508503.245481,71,4,-50
1741508503.291481,17,-17,53
1741508503.337481,25,26,-72
1741508503.3824809,-18,-31,13
1741508503.4284809,11,44,-110
1741508503.4744809,26,106,-112
1741508503.5204809,-53,-40,13
1741508503.565481,-9,-10,-60
1741508503.611481,55,0,73
1741508503.657481,-30,12,-18
1741508503.702481,103,75,-146
1741508503.748481,-17,-38,-48
1741508503.7944808,-34,-28,-152
1741508503.8404808,-44,48,-64
1741508503.8854809,0,0,-62
1741508503.931481,-39,24,-71
1741508503.977481,-18,20,-179
1741508504.022481,-18,-27,-92
1741508504.068481,-11,50,-7
1741508504.114481,6,74,-193
1741508504.160481,-35,-85,-129
1741508504.2054808,14,-17,-117
1741508504.2514808,2,-47,26
1741508504.2974808,5,-37,-91
1741508504.342481,25,-25,-111
1741508504.388481,-80,-30,-213
1741508504.434481,-21,82,40
1741508504.480481,40,-22,-91
1741508504.525481,4,-29,-90
1741508504.571481,86,-33,-99
1741508504.617481,-65,32,-53
1741508504.6624808,-1,-27,60
1741508504.7084808,-17,67,-27
1741508504.7544808,-27,39,-113
1741508504.8004808,-9,45,-49
1741508504.845481,6,5,-9
1741508504.891481,23,-43,-127
1741508504.937481,-1,-30,10
1741508504.982481,35,7,-97
1741508505.028481,-71,-18,-189
1741508505.074481,0,33,-13
1741508505.120481,-42,-4,-39
1741508505.1654809,54,-4,-163
1741508505.2114809,33,-46,-113
1741508505.2574809,50,-69,0
1741508505.302481,-69,-69,-95
1741508505.348481,5,4,-93
1741508505.394481,-18,52,-11
1741508505.440481,111,12,-133
1741508505.485481,49,-28,-159
1741508505.531481,35,-6,-25
1741508505.577481,-10,-14,-111
1741508505.6224809,-61,-39,-98
1741508505.6684809,86,1,-64
1741508505.7144809,8,28,-53
1741508505.7604809,-5,-45,17
1741508505.805481,8,36,-160
1741508505.851481,-21,58,-110
1741508505.897481,24,16,-122
1741508505.9424808,-17,-13,-62
1741508505.9884808,-64,23,55
1741508506.0344808,-63,8,-12
1741508506.079481,0,27,9
1741508506.125481,40,-20,-168
1741508506.171481,23,-46,1
1741508506.217481,18,10,-16
1741508506.262481,63,21,-50
1741508506.308481,-6,33,-62
1741508506.354481,-103,-9,-56
1741508506.3994808,-25,44,-80
1741508506.4454808,7,-88,-158
1741508506.4914808,18,-10,-84
1741508506.5374808,1,-56,-82
1741508506.582481,-32,-44,-56
1741508506.628481,-6,76,51
1741508506.674481,-25,61,-78
1741508506.719481,33,42,-132
1741508506.765481,-8,6,-212
1741508506.811481,7,-21,-56
1741508506.857481,29,50,-30
1741508506.9024808,-18,-25,-118
1741508506.9484808,-18,-29,-78
1741508506.9944808,21,-43,-172
1741508507.039481,-23,-9,-186
1741508507.085481,10,62,-60
1741508507.131481,2,-107,-16
1741508507.177481,-33,59,-26
1741508507.222481,-47,61,69
1741508507.268481,-30,-64,-114
1741508507.314481,39,75,-58
1741508507.3594809,-30,110,-108
1741508507.4054809,-56,44,-84
1741508507.4514809,-14,18,-48
1741508507.4974809,-43,-44,-240
1741508507.542481,-23,83,37
1741508507.588481,-123,65,-54
1741508507.634481,90,97,-114
1741508507.679481,-8,74,-78
1741508507.725481,79,-7,-82
1741508507.771481,0,28,-36
1741508507.8174808,7,28,-162
1741508507.8624809,-63,-66,-150
1741508507.908481,-125,-19,-122
1741508507.954481,-95,19,-88
1741508507.999481,-29,0,-82
1741508508.045481,-17,-24,-78
1741508508.091481,-15,-51,-8
1741508508.137481,75,4,-106
1741508508.1824808,55,-9,-116
1741508508.2284808,-60,48,-14
1741508508.2744808,-4,67,-70
1741508508.319481,-32,37,1
1741508508.365481,-10,-19,-136
1741508508.411481,-109,-45,-96
1741508508.457481,22,-19,-136
1741508508.502481,16,-39,-114
1741508508.548481,27,24,-90
1741508508.594481,9,30,24
1741508508.6394808,5,13,-177
1741508508.6854808,7,-72,-65
1741508508.7314808,-1,35,-145
1741508508.7774808,24,17,-70
1741508508.822481,-125,17,12
1741508508.868481,22,-44,-59
1741508508.914481,-27,5,-131
1741508508.959481,26,-24,-55
1741508509.005481,-1,29,-91
1741508509.051481,-84,67,-131
1741508509.097481,-64,31,-63
1741508509.1424809,-32,-87,4
1741508509.1884809,-2,7,-134
1741508509.2344809,-58,0,-55
1741508509.279481,-45,53,-21
1741508509.325481,-16,-55,-127
1741508509.371481,6,38,-79
1741508509.417481,-49,-53,-169
1741508509.462481,92,-15,-93
1741508509.508481,84,-75,-153
1741508509.554481,-1,8,-5
1741508509.5994809,-26,-61,-151
1741508509.6454809,22,-25,-31
1741508509.6914809,10,-67,-81
1741508509.7374809,-39,18,-29
1741508509.782481,23,50,-25
1741508509.828481,-132,-63,0
1741508509.874481,86,-90,-55
1741508509.9194808,15,-6,-33
1741508509.9654808,109,55,-207
1741508510.0114808,0,26,-123
1741508510.0574808,-72,28,-125
1741508510.102481,58,-36,-61
1741508510.148481,55,-43,42
1741508510.194481,-23,-10,-121
1741508510.239481,9,-1,-145
1741508510.285481,-36,-33,-65
1741508510.331481,-52,39,-117
1741508510.377481,38,-44,-71
1741508510.4224808,-13,-2,-61
1741508510.4684808,4,-8,-139
1741508510.5144808,-63,57,-67
1741508510.559481,50,11,-111
1741508510.605481,-90,-38,24
1741508510.651481,69,-97,-127
1741508510.697481,-9,-73,-95
1741508510.742481,-58,1,-125
1741508510.788481,-30,22,2
1741508510.834481,36,34,-55
1741508510.8794808,12,-79,-125
1741508510.9254808,2,-51,-147
1741508510.9714808,8,-29,-73
1741508511.0174809,4,-35,-33
1741508511.062481,20,28,40
1741508511.108481,3,25,-175
1741508511.154481,26,-79,-65
1741508511.199481,0,-11,-139
1741508511.245481,60,-45,-61
1741508511.291481,11,18,-19
1741508511.337481,-24,22,-37
1741508511.3824809,67,-27,-121
1741508511.4284809,49,-81,-63
1741508511.4744809,0,-3,-105
1741508511.519481,-8,85,-67
1741508511.565481,0,-23,-85
1741508511.611481,-24,77,-47
1741508511.657481,-82,27,12
1741508511.702481,-102,18,-121
1741508511.748481,-2,-49,-25
1741508511.7944808,7,-7,-133
1741508511.8394809,-26,-42,-167
1741508511.8854809,-12,51,-31
1741508511.931481,44,-52,-75
1741508511.977481,-23,7,-95
1741508512.022481,-105,25,-37
1741508512.068481,-6,-2,-84
1741508512.114481,76,-4,-168
1741508512.1594808,44,14,-38
1741508512.2054808,120,-7,-46
1741508512.2514808,-1,34,-14
1741508512.2974808,-1,18,-100
1741508512.342481,52,-13,-18
1741508512.388481,52,-33,-98
1741508512.434481,0,97,-68
1741508512.479481,-5,17,39
1741508512.525481,-53,79,-136
1741508512.571481,0,45,-98
1741508512.617481,58,42,-154
1741508512.6684809,-62,-5,-168
1741508512.7144809,-12,-61,-16
1741508512.759481,-15,30,-142
1741508512.805481,36,13,-26
1741508512.851481,29,26,-72
1741508512.896481,-61,-8,-146
1741508512.9424808,-23,-87,-130
1741508512.9884808,42,-54,0
1741508513.0344808,-71,7,19
1741508513.079481,44,75,-46
1741508513.125481,6,22,-110
1741508513.171481,-2,-20,-86
1741508513.216481,0,-25,-64
1741508513.262481,-24,-9,-6
1741508513.308481,-14,-10,-58
1741508513.354481,75,-15,45
1741508513.3994808,0,-46,-82
1741508513.4454808,41,-48,-22
1741508513.4914808,31,33,-232
1741508513.536481,-36,-10,41
1741508513.582481,73,53,-46
1741508513.628481,89,37,-20
1741508513.674481,-30,-77,-106
1741508513.719481,35,-7,17
1741508513.765481,1,-11,-4
1741508513.811481,25,-19,-38
1741508513.8564808,-22,-24,-126
1741508513.9024808,47,-67,-128
1741508513.9484808,-40,-5,23
1741508513.9944808,-34,18,-170
1741508514.039481,27,-41,-120
1741508514.085481,-48,-5,-162
1741508514.131481,-12,20,-250
1741508514.176481,-12,33,-82
1741508514.222481,28,21,-134
1741508514.268481,45,-15,-18
1741508514.314481,87,12,-121
1741508514.3594809,-10,-7,-199
1741508514.4054809,-6,-27,-107
1741508514.4514809,-62,-67,-108
1741508514.496481,-12,-8,55
1741508514.542481,-35,-58,-198
1741508514.588481,11,3,-62
1741508514.634481,-24,-36,-108
1741508514.679481,-20,-14,3
1741508514.725481,-40,-68,-132
1741508514.771481,-6,69,-50
1741508514.8164809,-10,-32,-172
1741508514.8624809,-12,11,-114
1741508514.908481,-48,-42,-70
1741508514.954481,57,29,-112
1741508514.999481,0,-52,-100
1741508515.045481,-112,49,31
1741508515.091481,4,-97,-60
1741508515.1364808,39,-12,-86
1741508515.1824808,-18,65,-132
1741508515.2284808,-52,-14,-148
1741508515.2744808,37,-41,-110
1741508515.319481,-20,45,-74
1741508515.365481,1,-2,-21
1741508515.411481,79,-35,164
1741508515.456481,78,-77,2
1741508515.502481,-45,26,-33
1741508515.548481,6,-63,-21
1741508515.594481,-34,68,-99
1741508515.6394808,15,0,-127
1741508515.6854808,21,-1,48
1741508515.7314808,41,-15,-15
1741508515.776481,13,48,-17
1741508515.822481,0,1,-79
1741508515.868481,-31,23,-41
1741508515.914481,2,143,-93
1741508515.959481,24,59,-113
1741508516.005481,26,44,-89
1741508516.051481,18,63,-53
1741508516.0964808,54,-28,-149
1741508516.1424809,8,-16,-139
1741508516.1884809,52,84,-25
1741508516.2344809,34,55,-81
1741508516.279481,44,37,-115
1741508516.325481,41,35,-95
1741508516.371481,-9,-12,-73
1741508516.416481,-39,-28,-133
1741508516.462481,-22,53,-99
1741508516.508481,-54,13,-99
1741508516.554481,9,-88,-65
1741508516.5994809,-72,-4,38
1741508516.6454809,31,-35,-133
1741508516.6914809,-64,7,-93
1741508516.736481,-8,28,-95
1741508516.782481,-13,10,-25
1741508516.828481,-9,26,-165
1741508516.874481,45,-115,-83
1741508516.9194808,-17,38,-39
1741508516.9654808,-53,28,-235
1741508517.0114808,-3,-3,-51
1741508517.056481,20,-13,88
1741508517.102481,10,0,-87
1741508517.148481,-53,0,-59
1741508517.194481,-69,-66,-165
1741508517.239481,-27,7,-39
1741508517.285481,-15,0,28
1741508517.331481,-39,18,-43
1741508517.3764808,38,4,-179
1741508517.4224808,14,2,-53
1741508517.4684808,-20,24,-77
1741508517.5144808,17,-41,-59
1741508517.559481,33,-21,-201
1741508517.605481,-66,64,-111
1741508517.651481,-80,3,-78
1741508517.696481,-6,-33,-82
1741508517.742481,-80,-9,-30
1741508517.788481,9,16,-120
1741508517.834481,-2,-35,-116
1741508517.8794808,43,-17,-60
1741508517.9254808,7,-11,-167
1741508517.9714808,-47,-41,-121
1741508518.016481,6,5,-75
1741508518.062481,-47,18,18
1741508518.108481,-59,27,-79
1741508518.154481,1,9,-91
1741508518.199481,-20,-23,-229
1741508518.245481,-42,-1,-80
1741508518.291481,-1,-54,-88
1741508518.3364809,10,-43,-90
1741508518.3824809,4,-41,-108
1741508518.4284809,42,-19,-13
1741508518.4744809,12,18,-103
1741508518.519481,-113,-39,-80
1741508518.565481,114,-28,-61
1741508518.611481,-59,-27,-85
1741508518.656481,34,-14,-117
1741508518.702481,-3,-12,-175
1741508518.748481,4,-42,-43
1741508518.7944808,-41,63,-150
1741508518.8394809,34,-14,27
1741508518.8854809,-23,-72,-142
1741508518.931481,-91,-18,-72
1741508518.976481,-3,59,-40
1741508519.022481,74,-2,-217
1741508519.068481,-51,51,-123
1741508519.114481,-3,56,-21
1741508519.1594808,54,-91,-73
1741508519.2054808,-47,0,-7
1741508519.2514808,-13,-62,-131
1741508519.296481,42,-20,-4
1741508519.342481,-31,51,-112
1741508519.388481,-28,19,-120
1741508519.434481,39,-33,-162
1741508519.479481,3,-10,-72
1741508519.525481,-30,-35,0
1741508519.571481,53,-30,-77
1741508519.6164808,-73,0,-50
1741508519.6624808,48,-26,-104
1741508519.7084808,-5,57,-12
1741508519.753481,-35,-26,-74
1741508519.799481,6,-53,-70
1741508519.845481,-75,-25,-22
1741508519.891481,-5,-63,-114
1741508519.936481,96,27,-60
1741508519.982481,22,44,-96
1741508520.028481,-71,86,-40
1741508520.0734808,10,-35,-22
1741508520.1194808,35,68,-138
1741508520.1654809,-78,42,-74
1741508520.2114809,15,-9,-54
1741508520.256481,37,-59,-72
1741508520.302481,72,4,-6
1741508520.348481,8,16,-74
1741508520.393481,38,2,-66
1741508520.439481,-13,-7,-132
1741508520.485481,54,-49,-184
1741508520.531481,-7,30,-186
1741508520.5764809,-66,24,-8
1741508520.6224809,13,10,-170
1741508520.6684809,59,10,-111
1741508520.713481,65,-1,-178
1741508520.759481,-4,-97,-121
1741508520.805481,-36,-33,-71
1741508520.851481,-10,33,-17
1741508520.896481,13,-6,12
1741508520.9424808,7,79,-95
1741508520.9884808,-57,5,-221
1741508521.033481,2,-20,-183
1741508521.079481,42,2,-119
1741508521.125481,-37,-25,-142
1741508521.171481,32,24,-82
1741508521.216481,30,34,-82
1741508521.262481,14,52,-96
1741508521.308481,2,19,-28
1741508521.3534808,-39,11,-206
1741508521.3994808,-99,20,-152
1741508521.4454808,-79,-41,13
1741508521.4914808,29,32,-68
1741508521.536481,-2,38,-79
1741508521.582481,-65,59,58
1741508521.628481,122,-32,-76
1741508521.673481,56,-16,-90
1741508521.719481,60,1,19
1741508521.765481,29,9,-158
1741508521.811481,-48,65,-6
1741508521.8564808,48,58,-46
1741508521.9024808,33,31,57
1741508521.9484808,4,10,-128
1741508521.993481,-86,29,-8
1741508522.039481,0,-2,-80
1741508522.085481,-18,17,-115
1741508522.131481,10,-55,-11
1741508522.176481,4,28,-109
1741508522.222481,-15,-38,-37
1741508522.268481,4,-36,56
1741508522.3134809,6,-88,-31
1741508522.3594809,-27,23,-159
1741508522.4054809,-77,-17,-155
1741508522.4514809,77,-31,-3
1741508522.496481,70,8,-17
1741508522.542481,-4,-33,32
1741508522.588481,-38,-25,-73
1741508522.633481,109,-8,-77
1741508522.6854808,9,-15,114
1741508522.7314808,4,10,-197
1741508522.776481,132,0,-47
1741508522.822481,-25,-15,-145
1741508522.868481,-5,42,-91
1741508522.913481,-2,28,-161
1741508522.959481,24,-15,-23
1741508523.005481,0,10,-117
1741508523.051481,-33,6,-125
1741508523.0964808,30,-15,-59
1741508523.1424809,-8,29,2
1741508523.1884809,-32,1,-97
1741508523.235481,-45,20,-111
1741508523.2804809,-44,-84,-87
1741508523.3264809,137,3,-185
1741508523.3724809,-52,5,-79
1741508523.417481,119,-14,-109
1741508523.463481,0,29,-103
1741508523.509481,-69,-79,-163
1741508523.555481,62,-17,-98
1741508523.600481,-68,48,5
1741508523.646481,1,36,-137
1741508523.6924808,33,-48,-119
1741508523.7374809,-26,-29,-49
1741508523.783481,-20,72,-121
1741508523.829481,30,-46,-145
1741508523.875481,-12,4,2
1741508523.920481,-36,14,-153
1741508523.966481,-24,16,-137
1741508524.012481,-52,28,-29
1741508524.0574808,21,10,-127
1741508524.1034808,17,60,-149
1741508524.1494808,-72,20,-30
1741508524.1954808,-10,2,-72
1741508524.240481,7,-12,-156
1741508524.286481,-15,-31,6
1741508524.332481,68,-27,-19
1741508524.377481,-89,-7,-73
1741508524.423481,77,27,-98
1741508524.469481,-10,46,-84
1741508524.515481,1,-17,-42
1741508524.5604808,16,-48,-20
1741508524.6064808,-1,-8,-156
1741508524.6524808,-7,-79,-34
1741508524.697481,2,11,-14
1741508524.743481,34,-49,-42
1741508524.789481,87,2,-51
1741508524.835481,11,0,-39
1741508524.880481,-60,11,105
1741508524.926481,-24,27,-50
1741508524.972481,-22,-51,-193
1741508525.0174809,86,-20,-75
1741508525.0634809,54,-31,100
1741508525.1094809,-53,-21,-17
1741508525.1554809,-7,-62,-5
1741508525.200481,68,27,-127
1741508525.246481,50,11,-103
1741508525.292481,-21,-66,-129
1741508525.337481,15,6,-53
1741508525.383481,-32,70,-67
1741508525.429481,65,36,-155
1741508525.475481,-48,-39,-50
1741508525.5204809,-26,-2,10
1741508525.5664809,-28,-68,56
1741508525.6124809,23,-5,-123
1741508525.657481,35,6,-91
1741508525.703481,-109,26,36
1741508525.749481,-24,17,-87
1741508525.795481,-38,25,-69
1741508525.8404808,15,63,-59
1741508525.8864808,-101,9,-65
1741508525.9324808,62,-10,40
1741508525.977481,-49,-2,-195
1741508526.023481,-29,-39,-89
1741508526.069481,30,-93,-27
1741508526.115481,46,26,-91
1741508526.160481,39,75,-43
1741508526.206481,29,-100,38
1741508526.252481,-10,39,-103
1741508526.2974808,-10,-24,-83
1741508526.3434808,-84,39,40
1741508526.3894808,-29,-19,-99
1741508526.4354808,-14,-10,-7
1741508526.480481,39,-24,-157
1741508526.526481,-104,-20,-35
1741508526.572481,35,5,-139
1741508526.617481,-21,55,-125
1741508526.663481,-49,33,-53
1741508526.709481,6,37,-107
1741508526.7544808,-67,-3,-77
1741508526.8004808,-25,-27,-46
1741508526.8464808,-51,-37,-136
1741508526.8924809,44,-5,-76
1741508526.937481,-37,-5,67
1741508526.983481,86,-59,-236
1741508527.029481,-27,60,33
1741508527.074481,-23,-47,-106
1741508527.120481,-54,18,-84
1741508527.166481,-16,-12,-46
1741508527.212481,-13,65,-42
1741508527.2574809,-45,29,-94
1741508527.3034809,-55,-13,-58
1741508527.3494809,52,-40,-40
1741508527.394481,-17,-30,-25
1741508527.440481,40,-36,16
1741508527.486481,4,34,-11
1741508527.532481,56,15,-77
1741508527.577481,-3,61,-95
1741508527.623481,58,-29,-171
1741508527.6694808,22,-11,-9
1741508527.7144809,-35,-15,-107
1741508527.7604809,32,2,-129
1741508527.806481,24,0,-165
1741508527.852481,-79,-20,-107
1741508527.897481,24,-32,-97
1741508527.943481,-57,11,22
1741508527.989481,8,-22,-49
1741508528.0344808,34,-4,-31
1741508528.0804808,-5,9,-111
1741508528.1264808,58,17,-11
1741508528.1724808,11,1,-77
1741508528.217481,113,-14,-97
1741508528.263481,6,-34,-151
1741508528.309481,-11,-40,-84
1741508528.354481,57,-21,-111
1741508528.400481,6,20,-200
1741508528.446481,-39,2,-134
1741508528.492481,-37,-54,21
1741508528.5374808,-21,-60,-280
1741508528.5834808,38,15,-63
1741508528.6294808,64,0,-35
1741508528.674481,4,-55,-46
1741508528.720481,-47,4,-52
1741508528.766481,-7,19,-82
1741508528.812481,-55,-16,-120
1741508528.857481,56,31,-52
1741508528.903481,22,-22,-92
1741508528.949481,71,8,-168
1741508528.9944808,-63,31,-80
1741508529.0404809,41,9,-84
1741508529.0864809,-6,38,-56
1741508529.1324809,30,-37,-94
1741508529.177481,-10,46,-102
1741508529.223481,-50,76,-48
1741508529.269481,42,-8,-2
1741508529.314481,-21,-14,-117
1741508529.360481,0,4,-17
1741508529.406481,68,42,10
1741508529.452481,15,-78,-117
1741508529.4974809,47,19,-75
1741508529.5434809,36,22,-107
1741508529.5894809,-3,-23,16
1741508529.634481,54,72,-47
1741508529.680481,-29,12,-52
1741508529.726481,26,58,30
1741508529.772481,-31,12,-134
1741508529.8174808,-71,-95,-28
1741508529.8634808,-69,69,-125
1741508529.9094808,-4,-25,-51
1741508529.954481,19,-11,-7
1741508530.000481,-62,-9,-153
1741508530.046481,9,-39,-1
1741508530.092481,55,42,-31
1741508530.137481,1,14,-65
1741508530.183481,19,-59,-89
1741508530.229481,5,-25,10
1741508530.2744808,-20,-12,0
1741508530.3204808,-12,-27,-53
1741508530.3664808,-16,-81,-19
1741508530.4124808,31,12,-107
1741508530.457481,-6,14,2
1741508530.503481,-42,-11,-67
1741508530.549481,17,-7,-155
1741508530.594481,-52,-35,-57
1741508530.640481,-36,36,-147
1741508530.686481,17,-21,-75
1741508530.732481,23,-44,-65
1741508530.7774808,47,-84,-27
1741508530.8234808,-56,-11,-41
1741508530.8694808,35,-9,-121
1741508530.914481,-5,-19,-106
1741508530.960481,41,54,-26
1741508531.006481,84,-29,-114
1741508531.052481,28,-11,-78
1741508531.097481,111,-58,-60
1741508531.143481,103,13,-100
1741508531.189481,10,11,-136
1741508531.2344809,-60,-92,-104
1741508531.2804809,0,-42,-2
1741508531.3264809,28,-32,-10
1741508531.3724809,-19,21,-76
1741508531.417481,16,23,-132
1741508531.463481,72,-42,-70
1741508531.509481,28,-28,-58
1741508531.554481,8,-31,-10
1741508531.600481,-43,52,-86
1741508531.646481,74,8,-150
1741508531.6924808,-61,47,-28
1741508531.7374809,-11,53,-108
1741508531.783481,60,73,-52
1741508531.829481,0,-60,-48
1741508531.874481,-21,6,-172
1741508531.920481,-25,-13,-240
1741508531.966481,22,-41,-54
1741508532.012481,10,-41,43
1741508532.0574808,-63,-35,-144
1741508532.1034808,-29,12,13
1741508532.1494808,2,-1,-62
1741508532.194481,74,21,-150
1741508532.240481,56,49,-8
1741508532.286481,-9,-36,-102
1741508532.332481,33,-58,-114
1741508532.377481,61,1,22
1741508532.423481,-13,-34,-69
1741508532.469481,66,-5,-67
1741508532.5144808,22,0,0
1741508532.5604808,32,4,-75
1741508532.6064808,54,-8,-225
1741508532.657481,-41,8,-25
1741508532.703481,-16,8,-127
1741508532.749481,-13,45,-105
1741508532.7944808,-12,43,-7
1741508532.8404808,58,-6,-123
1741508532.8854809,52,-20,-141
1741508532.930481,59,78,-53
1741508532.976481,67,-77,-157
1741508533.022481,3,-39,-125
1741508533.0674808,3,8,-81
1741508533.1134808,-103,-86,-43
1741508533.1594808,32,-46,-7
1741508533.2054808,4,-18,-106
1741508533.250481,12,83,-69
1741508533.296481,-16,-66,-23
1741508533.342481,25,-15,-81
1741508533.387481,-2,-8,-70
1741508533.433481,-110,-26,-32
1741508533.479481,135,-25,-14
1741508533.525481,27,30,-34
1741508533.5704808,7,-82,19
1741508533.6164808,-58,0,-117
1741508533.6624808,-18,81,-150
1741508533.707481,15,11,-198
1741508533.753481,-41,31,15
1741508533.799481,36,-46,-186
1741508533.845481,42,-38,-198
1741508533.890481,0,-23,-22
1741508533.936481,-43,18,-86
1741508533.982481,-52,-20,-32
1741508534.0274808,14,-79,-28
1741508534.0734808,33,19,-48
1741508534.1194808,-20,-10,-110
1741508534.1654809,-2,-30,-120
1741508534.210481,32,-21,-108
1741508534.256481,-32,35,45
1741508534.302481,62,50,-80
1741508534.347481,50,-53,-99
1741508534.393481,48,-29,-32
1741508534.439481,-38,31,-20
1741508534.485481,9,25,-36
1741508534.5304809,16,-33,-92
1741508534.5764809,-27,-61,25
1741508534.6224809,-71,-53,-58
1741508534.667481,42,-61,-68
1741508534.713481,-36,-26,-88
1741508534.759481,81,-14,-123
1741508534.805481,37,49,-91
1741508534.850481,32,-9,-47
1741508534.896481,-45,24,-87
1741508534.9424808,-14,-62,-51
1741508534.9874809,-8,17,-45
1741508535.033481,1,3,-57
1741508535.079481,24,-42,50
1741508535.125481,-17,-10,-83
1741508535.170481,-4,-16,-121
1741508535.216481,-66,-79,-93
1741508535.262481,54,9,-94
1741508535.3074808,-61,-62,-46
1741508535.3534808,28,27,-60
1741508535.3994808,-21,47,-66
1741508535.4454808,79,-29,-37
1741508535.490481,45,26,-3
1741508535.536481,-28,-13,10
1741508535.582481,47,-47,-101
1741508535.627481,-22,-27,-17
1741508535.673481,-47,12,14
1741508535.719481,48,-35,-111
1741508535.765481,-35,-5,-23
1741508535.8104808,60,46,14
1741508535.8564808,34,-5,-35
1741508535.9024808,22,-9,-1
1741508535.947481,0,18,-159
1741508535.993481,108,-41,-103
1741508536.039481,8,-19,-67
1741508536.085481,-15,-43,-101
1741508536.130481,47,-35,-53
1741508536.176481,-92,17,-19
1741508536.222481,-29,-13,24
1741508536.2674809,2,-1,108
1741508536.3134809,-93,20,10
1741508536.3594809,-13,-77,-121
1741508536.4054809,-9,-80,-28
1741508536.450481,24,73,-112
1741508536.496481,52,-62,-161
1741508536.542481,42,-62,-143
1741508536.587481,56,60,-187
1741508536.633481,-21,46,-119
1741508536.679481,12,-23,-31
1741508536.725481,4,-19,-49
1741508536.7704809,42,-69,-63
1741508536.8164809,54,0,-69
1741508536.8624809,56,26,22
1741508536.907481,60,29,-111
1741508536.953481,52,-1,-7
1741508536.999481,-63,44,-23
1741508537.045481,24,-13,-187
1741508537.0904808,-7,-1,-81
1741508537.1364808,42,-19,-161
1741508537.1824808,54,-27,-173
1741508537.227481,62,26,-161
1741508537.273481,72,31,-37
1741508537.319481,-83,-50,-59
1741508537.365481,70,-62,-127
1741508537.410481,61,-8,-145
1741508537.456481,-9,-16,-69
1741508537.502481,42,25,-47
1741508537.5474808,-1,9,-31
1741508537.5934808,45,-11,-167
1741508537.6394808,-38,42,-95
1741508537.6854808,-44,44,12
1741508537.730481,-50,-69,-27
1741508537.776481,0,-27,-187
1741508537.822481,-11,3,-77
1741508537.867481,-53,-71,40
1741508537.913481,-24,-7,-11
1741508537.959481,35,32,-25
1741508538.005481,-25,75,-157
1741508538.0504808,-35,83,-83
1741508538.0964808,2,-48,-171
1741508538.1424809,38,-66,-79
1741508538.187481,90,-70,10
1741508538.233481,70,67,-37
1741508538.279481,14,-42,-25
1741508538.325481,3,-40,-33
1741508538.370481,78,-20,4
1741508538.416481,-35,-76,-203
1741508538.462481,1,3,-160
1741508538.5074809,-23,21,15
1741508538.5534809,76,-52,21
1741508538.5994809,31,35,77
1741508538.6454809,-64,-8,-70
1741508538.690481,-58,-28,-92
1741508538.736481,-51,-32,-98
1741508538.782481,-3,-54,-146
1741508538.827481,-13,-58,-20
1741508538.873481,57,28,-228
1741508538.9194808,67,-51,23
1741508538.9654808,-26,20,-86
1741508539.0104809,15,-37,-52
1741508539.056481,6,-8,-82
1741508539.102481,25,-11,-26
1741508539.147481,15,18,-50
1741508539.193481,122,43,-102
1741508539.239481,-69,25,19
1741508539.285481,2,23,-6
1741508539.3304808,30,-56,-26
1741508539.3764808,4,-10,-128
1741508539.4224808,-3,-26,-92
1741508539.467481,-73,19,63
1741508539.513481,123,-4,-60
1741508539.559481,-48,-42,-24
1741508539.605481,-44,-40,-94
1741508539.650481,8,29,-58
1741508539.696481,-35,-60,-130
1741508539.742481,12,-26,-115
1741508539.7874808,50,-30,-8
1741508539.8334808,-18,34,-84
1741508539.8794808,35,-35,-102
1741508539.9254808,-53,-17,-105
1741508539.970481,-50,30,-73
1741508540.016481,-14,-3,-175
1741508540.062481,-7,10,-139
1741508540.107481,46,44,-77
1741508540.153481,-17,2,-77
1741508540.199481,5,48,-49
1741508540.2444808,-5,-31,-35
1741508540.2904809,12,-19,-103
1741508540.3364809,10,4,-57
1741508540.3824809,-76,-1,-67
1741508540.427481,43,13,-105
1741508540.473481,33,-41,-83
1741508540.519481,27,-13,-91
1741508540.564481,-66,-13,-51
1741508540.610481,29,48,-139
1741508540.656481,60,-54,-21
1741508540.702481,-37,86,-129
1741508540.7474809,4,36,-93
1741508540.7934809,60,23,-25
1741508540.8394809,-19,-129,-105
1741508540.884481,120,4,56
1741508540.930481,-59,27,-175
1741508540.976481,-23,45,-65
1741508541.022481,-37,27,-137
1741508541.0674808,-1,-38,68
1741508541.1134808,14,1,-27
1741508541.1594808,15,10,-155
1741508541.204481,-52,8,66
1741508541.250481,51,38,-15
1741508541.296481,53,15,-37
1741508541.342481,-7,-19,-61
1741508541.387481,10,-57,-167
1741508541.433481,49,-15,-115
1741508541.479481,37,-87,-87
1741508541.5244808,73,-9,-87
1741508541.5704808,35,-77,-125
1741508541.6164808,9,5,4
1741508541.6624808,-40,23,52
1741508541.707481,5,-31,-19
1741508541.753481,27,-65,-59
1741508541.799481,57,-31,-7
1741508541.844481,-61,51,-57
1741508541.890481,20,-29,-5
1741508541.936481,-20,23,30
1741508541.982481,115,-72,54
1741508542.0274808,25,5,-155
1741508542.0734808,13,22,-45
1741508542.1194808,-62,-64,-67
1741508542.164481,-6,-10,-155
1741508542.210481,41,36,-45
1741508542.256481,57,8,28
1741508542.302481,-52,-83,-71
1741508542.347481,-32,32,-167
1741508542.393481,67,-29,-41
1741508542.439481,-50,37,64
1741508542.4844809,21,-86,-29
1741508542.5304809,-32,-18,-19
1741508542.5764809,35,13,-167
1741508542.6224809,51,-38,20
1741508542.673481,-93,28,-91
1741508542.719481,76,-1,-67
1741508542.7644808,6,70,-239
1741508542.8104808,-5,56,-11
1741508542.8564808,-11,18,-75
1741508542.9024808,32,-85,10
1741508542.947481,22,44,-85
1741508542.993481,-15,-6,-143
1741508543.039481,6,-71,-63
1741508543.084481,-15,3,-97
1741508543.130481,15,-16,31
1741508543.176481,47,-44,-102
1741508543.222481,-66,-20,-54
1741508543.2674809,-25,10,-18
1741508543.3134809,0,23,95
1741508543.3594809,2,22,-178
1741508543.404481,-52,-41,-142
1741508543.450481,0,-4,-160
1741508543.496481,5,-28,-82
1741508543.542481,38,0,-52
1741508543.587481,62,22,-12
1741508543.633481,2,-23,-28
1741508543.679481,-64,13,-56
1741508543.7244809,-37,9,-44
1741508543.7704809,16,13,-150
1741508543.8164809,28,85,1
1741508543.8624809,-58,-82,-32
1741508543.907481,12,5,-174
1741508543.953481,-16,-22,-108
1741508543.999481,-23,-59,-76
1741508544.0444808,22,18,-40
1741508544.0904808,-50,-26,-42
1741508544.1364808,43,-8,3
1741508544.1824808,29,9,-98
1741508544.227481,-38,-14,-58
1741508544.273481,58,-14,-86
1741508544.319481,-33,-12,-8
1741508544.364481,44,-58,-38
1741508544.410481,14,2,-6
1741508544.456481,-39,21,-132
1741508544.502481,-23,-49,-40
1741508544.5474808,18,-32,-94
1741508544.5934808,-35,93,-106
1741508544.6394808,8,23,-56
1741508544.684481,-1,-22,-44
1741508544.730481,41,75,-126
1741508544.776481,34,-40,-22
1741508544.822481,32,-18,-140
1741508544.867481,21,71,17
1741508544.913481,56,0,15
1741508544.959481,8,36,-102
1741508545.0044808,-87,-37,-120
1741508545.0504808,-17,-15,-32
1741508545.0964808,50,40,-8
1741508545.1424809,-21,-37,-54
1741508545.187481,47,-6,-174
1741508545.233481,-51,13,-60
1741508545.279481,-14,17,-16
1741508545.324481,-56,101,-2
1741508545.370481,92,41,-118
1741508545.416481,10,31,7
1741508545.462481,-31,29,99
1741508545.5074809,-33,-20,-152
1741508545.5534809,18,-12,-60
1741508545.5994809,-17,-2,13
1741508545.644481,-23,-14,-2
1741508545.690481,40,-30,-30
1741508545.736481,70,-12,37
1741508545.782481,-5,-75,-80
1741508545.827481,-9,-71,5
1741508545.873481,50,42,-156
1741508545.9194808,42,-23,-118
1741508545.9644809,73,6,-140
1741508546.0104809,-61,-59,-156
1741508546.056481,6,-33,-214
1741508546.102481,-22,32,-30
1741508546.147481,41,28,-122
1741508546.193481,-2,6,-5
1741508546.239481,-42,-35,-100
1741508546.2844808,-9,-19,-70
1741508546.3304808,-19,22,-158
1741508546.3764808,-117,-25,-82
1741508546.4224808,-46,-29,-124
1741508546.467481,-58,-28,-168
1741508546.513481,-15,-12,-51
1741508546.559481,27,-8,-89
1741508546.604481,50,11,-73
1741508546.650481,-55,36,-77
1741508546.696481,-25,8,-55
1741508546.742481,66,2,-59
1741508546.7874808,-67,32,-77
1741508546.8334808,-19,-113,26
1741508546.8794808,55,-23,-172
1741508546.924481,27,26,-127
1741508546.970481,86,15,-147
1741508547.016481,-28,-76,-103
1741508547.061481,51,13,-87
1741508547.107481,0,-45,-111
1741508547.153481,-32,15,-99
1741508547.199481,112,9,-101
1741508547.2444808,66,16,-57
1741508547.2904809,-29,-5,25
1741508547.3364809,72,26,-20
1741508547.381481,6,-37,-108
1741508547.427481,60,0,-86
1741508547.473481,9,-2,13
1741508547.519481,-85,2,-50
1741508547.564481,-9,49,-132
1741508547.610481,-109,-24,-88
1741508547.656481,-15,-1,-86
1741508547.7014809,72,10,11
1741508547.7474809,-55,22,-54
1741508547.7934809,-41,44,-174
1741508547.8394809,-13,-56,-180
1741508547.884481,90,-36,-62
1741508547.930481,-58,-72,-88
1741508547.976481,88,18,-201
1741508548.021481,-5,-3,18
1741508548.0674808,-108,33,-87
1741508548.1134808,-19,24,-123
1741508548.1594808,119,43,-170
1741508548.204481,6,-41,-37
1741508548.250481,104,-21,-87
1741508548.296481,19,-46,-97
1741508548.341481,60,-17,-39
1741508548.387481,-23,-51,-3
1741508548.433481,2,-23,-91
1741508548.479481,-41,-43,-105
1741508548.5244808,-65,5,-11
1741508548.5704808,73,47,-13
1741508548.6164808,-11,41,-85
1741508548.661481,-62,-58,-121
1741508548.707481,1,-114,-35
1741508548.753481,42,29,-119
1741508548.799481,-101,-4,-207
1741508548.844481,-81,75,-95
1741508548.890481,-52,-32,6
1741508548.936481,-48,-38,-49
1741508548.9814808,-10,-32,-75
1741508549.0274808,-68,5,36
1741508549.0734808,-17,-32,-81
1741508549.1194808,-19,3,-81
1741508549.164481,41,-38,-101
1741508549.210481,-87,51,-125
1741508549.256481,39,24,-71
1741508549.301481,-54,-13,-153
1741508549.347481,50,113,-71
1741508549.393481,-1,-60,-141
1741508549.439481,8,-10,-63
1741508549.4844809,54,25,50
1741508549.5304809,58,-21,-103
1741508549.5764809,-75,18,82
1741508549.621481,22,-11,-27
1741508549.667481,26,-5,38
1741508549.713481,44,12,-141
1741508549.759481,100,54,-33
1741508549.804481,-6,-13,-83
1741508549.850481,-40,-7,-55
1741508549.896481,5,-13,-295
1741508549.9414809,-22,-13,-35
1741508549.9874809,15,46,-73
1741508550.033481,43,-3,-31
1741508550.079481,37,50,0
1741508550.124481,29,70,-41
1741508550.170481,-26,-15,-179
1741508550.216481,-44,2,-141
1741508550.2614808,12,8,-125
1741508550.3074808,23,-105,-99
1741508550.3534808,37,-67,-117
1741508550.3994808,-56,-32,-199
1741508550.444481,-58,-41,-207
1741508550.490481,-28,7,-135
1741508550.536481,12,71,38
1741508550.581481,-31,77,-107
1741508550.627481,16,7,-51
1741508550.673481,-107,47,-92
1741508550.719481,-68,82,-63
1741508550.7644808,31,-61,-103
1741508550.8104808,-24,-38,-29
1741508550.8564808,-6,-10,52
1741508550.901481,9,6,-19
1741508550.947481,83,40,-51
1741508550.993481,91,-39,-201
1741508551.039481,0,47,24
1741508551.084481,-16,23,-141
1741508551.130481,3,-29,-227
1741508551.176481,0,-49,-89
1741508551.2214808,-10,-13,-189
1741508551.2674809,-90,-21,-103
1741508551.3134809,9,46,4
1741508551.3594809,-50,22,-23
1741508551.404481,63,-15,-78
1741508551.450481,-29,-57,-72
1741508551.496481,-24,-5,-244
1741508551.541481,-12,-39,-40
1741508551.587481,-20,22,-80
1741508551.633481,-10,10,-12
1741508551.679481,5,-75,-134
1741508551.7244809,63,-2,-45
1741508551.7704809,50,-10,-41
1741508551.8164809,-31,-25,-127
1741508551.861481,-55,-1,-77
1741508551.907481,-3,0,-89
1741508551.953481,-55,7,-27
1741508551.999481,-11,-48,-91
1741508552.0444808,18,-6,-87
1741508552.0904808,-75,-49,-1
1741508552.1364808,-89,-79,-75
1741508552.181481,58,-21,-39
1741508552.227481,19,-7,-101
1741508552.273481,-33,-37,-83
1741508552.319481,26,8,-93
1741508552.364481,6,-11,-129
1741508552.410481,-59,5,20
1741508552.456481,44,5,-41
1741508552.5014808,46,-12,-45
1741508552.5474808,30,-20,-43
1741508552.5934808,40,-32,12
1741508552.6394808,-35,12,-94
1741508552.690481,-27,-29,-50
1741508552.736481,15,10,-78
1741508552.781481,43,38,-114
1741508552.827481,-49,21,-208
1741508552.873481,-45,25,-64
1741508552.9194808,-79,0,-58
1741508552.9644809,-17,-28,-92
1741508553.0104809,-24,-23,-28
1741508553.056481,33,-1,-104
1741508553.101481,67,-63,-144
1741508553.147481,-22,-2,-112
1741508553.193481,3,-14,-102
1741508553.239481,-81,-84,-4
1741508553.2844808,-29,-10,-176
1741508553.3304808,-60,-60,-184
1741508553.3764808,18,-84,-58
1741508553.421481,-21,27,-80
1741508553.467481,30,64,27
1741508553.513481,-61,-81,-78
1741508553.559481,60,-81,-48
1741508553.604481,52,-53,-68
1741508553.650481,76,46,-48
1741508553.696481,-41,26,-160
1741508553.7414808,10,-10,-28
1741508553.7874808,-61,21,-108
1741508553.8334808,31,-6,-80
1741508553.8794808,27,50,-46
1741508553.924481,31,-39,-182
1741508553.970481,-22,34,-92
1741508554.016481,59,-32,1
1741508554.061481,11,-10,-66
1741508554.107481,-14,-47,-142
1741508554.153481,1,53,-180
1741508554.1984808,-36,-19,25
1741508554.2444808,54,14,-120
1741508554.2904809,-35,-27,131
1741508554.3364809,-39,7,-118
1741508554.381481,48,-97,-60
1741508554.427481,7,-37,-38
1741508554.473481,-12,-16,-182
1741508554.518481,13,-72,41
1741508554.564481,27,-52,-56
1741508554.610481,17,-6,7
1741508554.656481,-28,-52,-96
1741508554.7014809,41,51,-76
1741508554.7474809,-9,-10,-34
1741508554.7934809,14,-34,-122
1741508554.838481,-35,43,-50
1741508554.884481,0,-38,-62
1741508554.930481,30,-78,-156
1741508554.976481,-47,28,-166
1741508555.021481,-21,82,-84
1741508555.0674808,70,-11,-85
1741508555.1134808,50,2,-56
1741508555.158481,28,29,-98
1741508555.204481,80,-42,48
1741508555.250481,47,53,8
1741508555.296481,28,-8,-141
1741508555.341481,-5,6,-85
1741508555.387481,-35,6,-3
1741508555.433481,80,10,-41
1741508555.4784808,71,65,-31
1741508555.5244808,23,5,-41
1741508555.5704808,9,15,-149
1741508555.6164808,-4,-14,8
1741508555.661481,-12,86,-29
1741508555.707481,74,-4,-119
1741508555.753481,104,32,-25
1741508555.798481,-117,-41,-177
1741508555.844481,18,-73,-77
1741508555.890481,-25,-25,-169
1741508555.936481,-95,26,6
1741508555.9814808,134,18,-95
1741508556.0274808,-51,-73,-87
1741508556.0734808,2,118,-97
1741508556.118481,33,-15,-69
1741508556.164481,-6,47,-146
1741508556.210481,-48,8,59
1741508556.256481,11,-43,-81
1741508556.301481,57,-35,-210
1741508556.347481,-36,-78,-59
1741508556.393481,-3,-34,-134
1741508556.4384809,6,-58,-119
1741508556.4844809,48,58,-59
1741508556.5304809,-67,-45,30
1741508556.5764809,-49,-74,-45
1741508556.621481,-41,-62,-31
1741508556.667481,-35,-44,-151
1741508556.713481,-91,-58,-79
1741508556.758481,64,-108,34
1741508556.804481,57,-50,34
1741508556.850481,-24,97,16
1741508556.896481,11,86,-101
1741508556.9414809,43,-47,44
1741508556.9874809,21,-49,-73
1741508557.033481,25,-15,-230
1741508557.078481,5,26,-20
1741508557.124481,-30,-43,-90
1741508557.170481,-48,34,-4
1741508557.216481,-60,-5,-34
1741508557.2614808,35,21,-80
1741508557.3074808,-14,19,109
1741508557.3534808,0,-19,-50
1741508557.398481,17,28,-226
1741508557.444481,-20,6,-12
1741508557.490481,-62,-15,-62
1741508557.536481,33,54,-180
1741508557.581481,55,20,-74
1741508557.627481,57,24,-124
1741508557.673481,25,8,-100
1741508557.7184808,69,74,-124
1741508557.7644808,3,35,-142
1741508557.8104808,78,122,-86
1741508557.8564808,12,16,-124
1741508557.901481,32,38,-54
1741508557.947481,-29,70,-140
1741508557.993481,42,10,-120
1741508558.038481,-17,-93,47
1741508558.084481,48,48,-122
1741508558.130481,-9,-13,25
1741508558.176481,22,-32,-106
1741508558.2214808,-24,-35,-66
1741508558.2674809,-28,81,-80
1741508558.3134809,-70,-30,-116
1741508558.358481,-10,61,-102
1741508558.404481,-16,-8,89
1741508558.450481,37,34,-66
1741508558.496481,3,51,-82
1741508558.541481,63,7,-18
1741508558.587481,75,2,15
1741508558.633481,-34,24,-110
1741508558.6784809,35,-34,-74
1741508558.7244809,40,48,-248
1741508558.7704809,19,-86,17
1741508558.8164809,-18,-83,-46
1741508558.861481,33,21,-85
1741508558.907481,-29,8,-74
1741508558.953481,-55,30,-116
1741508558.998481,-139,-46,25
1741508559.0444808,70,12,34
1741508559.0904808,97,-31,-201
1741508559.1364808,22,-15,-145
1741508559.181481,-9,52,22
1741508559.227481,72,-51,-123
1741508559.273481,25,-95,-107
1741508559.318481,101,22,-113
1741508559.364481,18,-78,-199
1741508559.410481,78,97,-187
1741508559.456481,-29,-33,-57
1741508559.5014808,6,4,-81
1741508559.5474808,-68,-1,-17
1741508559.5934808,6,34,-139
1741508559.638481,19,43,-97
1741508559.684481,1,-20,-77
1741508559.730481,23,3,-31
1741508559.776481,7,45,-131
1741508559.821481,-6,7,-20
1741508559.867481,38,10,47
1741508559.913481,-57,-3,-108
1741508559.9584808,56,28,-92
1741508560.003481,-6,-8,-84
1741508560.049481,28,51,-168
1741508560.094481,17,38,-132
1741508560.140481,-46,-16,15
1741508560.186481,14,-17,-126
1741508560.232481,75,-60,-16
1741508560.2774808,-16,-1,-94
1741508560.3234808,13,64,-62
1741508560.3694808,31,-25,67
1741508560.414481,13,81,-74
1741508560.460481,31,-34,91
1741508560.506481,37,-56,-6
1741508560.552481,-18,53,-80
1741508560.597481,-32,-4,-108
1741508560.643481,35,0,-84
1741508560.689481,3,-21,-150
1741508560.7344809,-118,-18,-56
1741508560.7804809,-17,-15,-44
1741508560.8264809,-23,18,-76
1741508560.871481,64,51,-44
1741508560.917481,20,12,-172
1741508560.963481,-24,-1,-28
1741508561.009481,-38,11,-32
1741508561.054481,20,35,-18
1741508561.100481,-127,48,-2
1741508561.146481,38,33,-102
1741508561.1914809,44,2,13
1741508561.2374809,-45,-37,-160
1741508561.283481,14,100,-89
1741508561.329481,-19,-4,-118
1741508561.374481,45,38,-205
1741508561.420481,67,45,-64
1741508561.466481,-2,-80,-178
1741508561.5114808,-78,-18,-132
1741508561.5574808,13,13,-28
1741508561.6034808,-14,-11,-70
1741508561.6494808,53,40,-114
1741508561.694481,-68,-71,-41
1741508561.740481,19,-19,-21
1741508561.786481,18,5,-29
1741508561.831481,-95,-56,-235
1741508561.877481,-5,-70,-45
1741508561.923481,-13,-10,-127
1741508561.969481,24,-44,-39
1741508562.0144808,82,9,-65
1741508562.0604808,38,67,-26
1741508562.1064808,3,-71,-98
1741508562.151481,11,6,-56
1741508562.197481,68,0,-70
1741508562.243481,11,45,23
1741508562.289481,-64,-6,1
1741508562.334481,71,-24,-136
1741508562.380481,-4,25,-38
1741508562.426481,-61,-111,-142
1741508562.4714808,-20,-8,-48
1741508562.5174809,-11,-57,-80
1741508562.5634809,8,14,4
1741508562.6094809,18,6,-117
1741508562.654481,-23,20,-78
1741508562.706481,66,-61,-146
1741508562.7514808,-23,46,-108
1741508562.7974808,-69,-75,-117
1741508562.8434808,2,-61,-127
1741508562.8894808,12,-81,0
1741508562.934481,45,-102,6
1741508562.980481,20,84,28
1741508563.026481,-45,32,-79
1741508563.071481,16,-47,-107
1741508563.117481,-20,65,-143
1741508563.163481,52,8,-27
1741508563.209481,-73,-25,-107
1741508563.2544808,108,-7,-81
1741508563.3004808,-60,35,-60
1741508563.3464808,24,-17,-15
1741508563.391481,10,98,-69
1741508563.437481,-15,-39,-218
1741508563.483481,74,-27,-42
1741508563.529481,56,0,-54
1741508563.574481,50,2,-50
1741508563.620481,56,70,-30
1741508563.666481,-11,2,-96
1741508563.7114809,30,-51,-110
1741508563.7574809,106,-93,-80
1741508563.8034809,-37,-73,-65
1741508563.8494809,43,35,-13
1741508563.894481,125,-36,-65
1741508563.940481,-14,63,-175
1741508563.986481,21,-70,-115
1741508564.031481,-20,15,-25
1741508564.077481,3,-66,-117
1741508564.123481,2,25,-11
1741508564.1694808,38,0,-3
1741508564.2144809,-23,-23,-111
1741508564.2604809,-67,-23,-79
1741508564.306481,21,-9,-59
1741508564.351481,81,-87,-91
1741508564.397481,11,17,47
1741508564.443481,17,-8,69
1741508564.489481,5,7,-40
1741508564.5344808,-46,18,-51
1741508564.5804808,-49,-15,-43
1741508564.6264808,7,-10,-57
1741508564.671481,23,-38,6
1741508564.717481,27,36,11
1741508564.763481,-46,0,-160
1741508564.809481,80,-89,-38
1741508564.854481,10,19,-112
1741508564.900481,-117,26,-45
1741508564.946481,-9,-5,-94
1741508564.9914808,26,-61,17
1741508565.0374808,34,-3,-35
1741508565.0834808,-4,-59,-5
1741508565.1294808,-32,9,-180
1741508565.174481,119,15,-95
1741508565.220481,-2,65,-131
1741508565.266481,49,-26,-147
1741508565.311481,-38,-24,-118
1741508565.357481,39,-5,-1
1741508565.403481,22,64,62
1741508565.449481,2,38,-64
1741508565.4944808,-58,30,26
1741508565.5404809,31,-55,-83
1741508565.5864809,-16,-21,-133
1741508565.631481,65,-31,-155
1741508565.677481,25,-27,-91
1741508565.723481,82,-29,-23
1741508565.769481,64,-5,-103
1741508565.814481,-41,8,-75
1741508565.8594809,-19,76,-117
1741508565.9054809,70,26,-57
1741508565.950481,-21,-23,-175
1741508565.996481,48,-51,41
1741508566.042481,-6,7,-57
1741508566.087481,7,39,-35
1741508566.133481,71,-28,-180
1741508566.179481,2,8,-84
1741508566.225481,26,-79,-47
1741508566.2704809,-51,-3,-108
1741508566.3164809,-69,-22,-40
1741508566.3624809,51,3,-234
1741508566.407481,22,-9,-206
1741508566.453481,-21,-49,-23
1741508566.499481,54,36,32
1741508566.545481,-75,-35,-47
1741508566.5904808,112,18,-15
1741508566.6364808,-8,16,-21
1741508566.6824808,9,15,-21
1741508566.727481,31,-4,-93
1741508566.773481,-54,41,-86
1741508566.819481,-20,-10,17
1741508566.865481,3,-32,-111
1741508566.910481,23,59,-5
1741508566.956481,14,84,-131
1741508567.002481,34,-13,-67
1741508567.0474808,38,-93,-101
1741508567.0934808,-31,-9,-75
1741508567.1394808,-3,-63,-109
1741508567.1854808,1,-4,-109
1741508567.230481,23,39,-23
1741508567.276481,-56,-24,-71
1741508567.322481,21,39,-115
1741508567.367481,13,15,-89
1741508567.413481,27,-10,-91
1741508567.459481,5,-52,-17
1741508567.5044808,-20,-70,-123
1741508567.5504808,-24,75,-37
1741508567.5964808,33,0,63
1741508567.6424809,-4,-40,95
1741508567.687481,67,69,-58
1741508567.733481,0,3,-30
1741508567.779481,36,7,-116
1741508567.824481,56,-26,-102
1741508567.870481,20,-34,-74
1741508567.916481,-13,13,-40
1741508567.962481,8,-27,-34
1741508568.0074809,-23,-19,-82
1741508568.0534809,58,27,-112
1741508568.0994809,28,5,-28
1741508568.144481,34,-16,-64
1741508568.190481,-87,-68,-78
1741508568.236481,-75,-46,-12
1741508568.282481,-40,-18,-135
1741508568.327481,-9,47,-59
1741508568.373481,14,-29,-117
1741508568.4194808,-45,10,40
1741508568.4644809,-15,0,-141
1741508568.5104809,24,36,-31
1741508568.556481,-39,50,-147
1741508568.602481,42,-15,-25
1741508568.647481,14,58,-107
1741508568.693481,9,-42,-135
1741508568.739481,-38,-2,-121
1741508568.7844808,-78,25,-141
1741508568.8304808,68,6,-103
1741508568.8764808,8,-15,10
1741508568.9224808,-25,-95,-1
1741508568.967481,0,-3,54
1741508569.013481,40,-5,-97
1741508569.059481,-17,2,-107
1741508569.104481,-59,-1,-25
1741508569.150481,-83,-37,-62
1741508569.196481,-11,-15,-42
1741508569.242481,52,66,-106
1741508569.2874808,-21,-9,-92
1741508569.3334808,-7,18,-22
1741508569.3794808,-86,29,-42
1741508569.424481,-16,-6,-142
1741508569.470481,10,-32,-62
1741508569.516481,-38,-11,-96
1741508569.562481,31,40,-182
1741508569.607481,-64,9,-60
1741508569.653481,-52,65,-42
1741508569.699481,9,-44,-273
1741508569.7444808,-24,17,-155
1741508569.7904809,49,61,-107
1741508569.8364809,46,-86,24
1741508569.8824809,-11,41,-79
1741508569.927481,80,45,-37
1741508569.973481,50,-40,-7
1741508570.019481,-9,-10,-87
1741508570.064481,35,-36,-107
1741508570.110481,0,24,50
1741508570.156481,-1,-1,-143
1741508570.202481,11,76,32
1741508570.2474809,69,-31,-39
1741508570.2934809,40,-7,-85
1741508570.3394809,80,25,-147
1741508570.384481,-7,2,-85
1741508570.430481,-69,0,-85
1741508570.476481,11,57,-171
1741508570.522481,26,39,-71
1741508570.5674808,73,-2,-33
1741508570.6134808,-74,-40,-62
1741508570.6594808,-26,-27,-116
1741508570.704481,-16,87,-4
1741508570.750481,77,-62,-24
1741508570.796481,-110,-46,-78
1741508570.842481,98,47,-88
1741508570.887481,33,51,-102
1741508570.933481,-68,-24,-22
1741508570.979481,9,-17,-60
1741508571.0244808,-72,34,-16
1741508571.0704808,-21,38,-72
1741508571.1164808,57,16,-90
1741508571.1624808,11,42,-12
1741508571.207481,57,-39,-88
1741508571.253481,-18,-3,53
1741508571.299481,-33,-1,-126
1741508571.344481,-9,-35,-57
1741508571.390481,88,-70,-101
1741508571.436481,23,-10,-83
1741508571.482481,35,1,-25
1741508571.5274808,40,96,-49
1741508571.5734808,-49,14,-105
1741508571.6194808,-78,32,-125
1741508571.664481,65,50,-15
1741508571.710481,-3,20,30
1741508571.756481,1,-14,-179
1741508571.802481,31,35,-69
1741508571.847481,17,-14,-85
1741508571.893481,-24,-50,-39
1741508571.939481,-18,83,-63
1741508571.9844809,-23,54,-14
1741508572.0304809,-26,-26,-63
1741508572.0764809,-35,-57,43
1741508572.1224809,-28,-21,46
1741508572.167481,-124,24,-34
1741508572.213481,-109,17,-182
1741508572.259481,18,-14,-56
1741508572.304481,8,-9,-60
1741508572.350481,-67,2,83
1741508572.396481,-27,-75,-19
1741508572.4424808,11,16,-2
1741508572.4874809,97,-38,-48
1741508572.533481,12,54,-15
1741508572.579481,-113,-70,13
1741508572.624481,34,-43,-128
1741508572.670481,44,60,-159
1741508572.722481,-33,16,50
1741508572.7674809,-85,27,-71
1741508572.8134809,-67,-44,-71
1741508572.8594809,10,58,-31
1741508572.904481,128,76,-50
1741508572.950481,16,22,-193
1741508572.996481,12,-5,-103
1741508573.042481,42,11,-123
1741508573.087481,10,55,-40
1741508573.133481,54,38,-53
1741508573.179481,43,46,-85
1741508573.2244809,79,16,-135
1741508573.2704809,-16,-19,-157
1741508573.3164809,67,86,-115
1741508573.361481,39,-60,-133
1741508573.407481,-56,50,-149
1741508573.453481,17,41,-5
1741508573.499481,41,31,-71
1741508573.5444808,-26,-34,-51
1741508573.5904808,-46,-37,-49
1741508573.6364808,15,68,-145
1741508573.6824808,-26,24,6
1741508573.727481,-1,35,-128
1741508573.773481,63,48,-14
1741508573.819481,-4,-67,-170
1741508573.864481,14,-83,-142
1741508573.910481,-51,-71,-180
1741508573.956481,-20,30,31
1741508574.002481,-50,37,-122
1741508574.0474808,-10,-14,-92
1741508574.0934808,24,11,-60
1741508574.1394808,10,0,-142
1741508574.184481,0,1,-58
1741508574.230481,3,-2,-118
1741508574.276481,-28,-32,-58
1741508574.322481,-40,15,-102
1741508574.367481,-36,-33,14
1741508574.413481,-142,24,-17
1741508574.459481,9,54,-39
1741508574.5044808,89,29,-145
1741508574.5504808,-7,-4,-113
1741508574.5964808,-13,15,-169
1741508574.641481,-17,-12,-141
1741508574.687481,-51,9,-79
1741508574.733481,-104,20,20
1741508574.779481,-19,3,-117
1741508574.824481,54,-60,-111
1741508574.870481,1,13,-157
1741508574.916481,6,15,60
1741508574.9614809,-15,-16,-129
1741508575.0074809,53,-14,-51
1741508575.0534809,25,-56,-153
1741508575.0994809,-53,-43,-39
1741508575.144481,-35,38,-53
1741508575.190481,-29,34,-27
1741508575.236481,25,15,-85
1741508575.281481,-21,20,-93
1741508575.327481,-13,-28,-74
1741508575.373481,8,-57,-144
1741508575.4194808,-13,14,-186
1741508575.4644809,28,68,-280
1741508575.5104809,22,26,-154
1741508575.556481,-7,12,-2
1741508575.601481,60,42,-32
1741508575.647481,77,-84,0
1741508575.693481,67,27,-90
1741508575.739481,-36,-9,35
1741508575.7844808,-10,4,5
1741508575.8304808,13,2,-98
1741508575.8764808,15,-9,-122
1741508575.921481,60,-34,-138
1741508575.967481,96,-78,-8
1741508576.013481,-5,-26,-32
1741508576.059481,86,33,-112
1741508576.104481,77,1,-58
1741508576.150481,173,-30,-157
1741508576.196481,-34,-10,-121
1741508576.2414808,23,0,-107
1741508576.2874808,45,57,-149
1741508576.3334808,-13,-15,-81
1741508576.3794808,-9,-29,26
1741508576.424481,6,-45,-21
1741508576.470481,-14,-22,-35
1741508576.516481,0,11,0
1741508576.561481,-50,-40,24
1741508576.607481,-14,-10,-93
1741508576.653481,-2,-16,80
1741508576.699481,-24,21,20
1741508576.7444808,10,36,-57
1741508576.7904809,6,-1,-99
1741508576.8364809,-20,-18,-77
1741508576.881481,-34,5,-147
1741508576.927481,-44,-16,-31
1741508576.973481,31,-10,-155
1741508577.019481,13,71,-41
1741508577.064481,33,21,-61
1741508577.110481,-46,23,16
1741508577.156481,29,53,-73
1741508577.2014809,14,-25,-235
1741508577.2474809,-16,33,-123
1741508577.2934809,33,3,-93
1741508577.3394809,65,-2,42
1741508577.384481,5,0,-142
1741508577.430481,24,37,-3
1741508577.476481,0,0,-8
1741508577.521481,0,-3,-66
1741508577.5674808,-58,-19,-74
1741508577.6134808,67,-31,-50
1741508577.6594808,28,67,5
1741508577.704481,96,-26,-120
1741508577.750481,52,9,-68
1741508577.796481,28,-26,-92
1741508577.841481,-31,31,-20
1741508577.887481,-8,8,-10
1741508577.933481,-26,-17,-48
1741508577.979481,49,96,-42
1741508578.0244808,-32,23,-38
1741508578.0704808,61,-64,-128
1741508578.1164808,31,77,-90
1741508578.161481,11,-23,-100
1741508578.207481,-4,-55,-12
1741508578.253481,3,-13,-118
1741508578.299481,37,-99,-130
1741508578.344481,-34,82,23
1741508578.390481,99,32,-98
1741508578.436481,37,22,-56
1741508578.4814808,29,27,-92
1741508578.5274808,19,17,-4
1741508578.5734808,-25,-9,-62
1741508578.6194808,64,5,-117
1741508578.664481,-8,33,-82
1741508578.710481,20,9,-5
1741508578.756481,-93,43,-51
1741508578.801481,10,0,5
1741508578.847481,-55,-2,-81
1741508578.893481,15,100,34
1741508578.939481,21,-15,-135
1741508578.9844809,33,-12,-45
1741508579.0304809,10,0,74
1741508579.0764809,-1,39,16
1741508579.121481,1,-13,-105
1741508579.167481,-43,-20,-101
1741508579.213481,-73,-16,-25
1741508579.259481,-57,29,18
1741508579.304481,34,27,-3
1741508579.350481,-1,-64,-225
1741508579.396481,62,-9,-81
1741508579.4414809,118,56,18
1741508579.4874809,-57,74,-225
1741508579.533481,18,18,-41
1741508579.579481,30,-39,-113
1741508579.624481,-59,-7,18
1741508579.670481,-20,53,-27
1741508579.716481,3,-1,-127
1741508579.7614808,5,-73,-57
1741508579.8074808,-18,40,-79
1741508579.8534808,53,29,-27
1741508579.8994808,63,-19,-27
1741508579.944481,-6,-7,-145
1741508579.990481,-14,1,-25
1741508580.036481,-8,-30,38
1741508580.081481,30,-13,-49
1741508580.127481,-78,29,42
1741508580.173481,7,-80,-59
1741508580.219481,-25,82,-91
1741508580.2644808,-33,71,-81
1741508580.3104808,26,-6,-87
1741508580.3564808,-81,-26,-65
1741508580.401481,-77,-24,-87
1741508580.447481,52,-42,-107
1741508580.493481,26,1,-145
1741508580.539481,-3,55,-61
1741508580.584481,2,67,-85
1741508580.630481,-15,-38,-133
1741508580.676481,14,26,-125
1741508580.7214808,5,37,-43
1741508580.7674809,59,-31,-43
1741508580.8134809,81,-28,-17
1741508580.8594809,55,31,-17
1741508580.904481,6,-35,64
1741508580.950481,-27,31,-61
1741508580.996481,-16,-39,-133
1741508581.041481,3,1,-189
1741508581.087481,52,-11,-50
1741508581.133481,12,64,-14
1741508581.179481,14,19,-10
1741508581.2244809,-15,-66,-90
1741508581.2704809,-18,-104,-38
1741508581.3164809,-19,51,5
1741508581.361481,0,-47,19
1741508581.407481,-73,7,-92
1741508581.453481,-73,-15,-52
1741508581.498481,8,22,-60
1741508581.5444808,52,4,19
1741508581.5904808,32,26,-140
1741508581.6364808,-114,41,-178
1741508581.681481,-2,32,-24
1741508581.727481,10,36,-42
1741508581.773481,4,-6,-2
1741508581.818481,11,-30,-156
1741508581.864481,14,26,-48
1741508581.910481,18,-55,-124
1741508581.956481,-31,40,-100
1741508582.0014808,48,-23,-88
1741508582.0474808,56,6,-76
1741508582.0934808,-65,46,-38
1741508582.138481,-2,-24,-22
1741508582.184481,-64,-4,-70
1741508582.230481,3,-35,31
1741508582.276481,11,-40,-42
1741508582.321481,-6,25,-110
1741508582.367481,-18,-2,-48
1741508582.413481,7,-36,-76
1741508582.4584808,-16,6,-150
1741508582.5044808,-28,41,-93
1741508582.5504808,-6,-20,-209
1741508582.5964808,9,28,-108
1741508582.641481,-34,6,-135
1741508582.693481,-32,-61,-209
1741508582.7384808,39,-70,0
1741508582.7844808,0,0,-55
1741508582.8304808,41,-45,-97
1741508582.8764808,25,-7,4
1741508582.921481,17,-81,-30
1741508582.967481,-10,56,-108
1741508583.013481,45,-26,-102
1741508583.058481,-24,39,63
1741508583.104481,-48,-20,49
1741508583.150481,-58,41,-129
1741508583.196481,25,-58,56
1741508583.2414808,-128,-29,-87
1741508583.2874808,116,12,-115
1741508583.3334808,-15,-16,22
1741508583.378481,-63,-73,-13
1741508583.424481,-7,-51,-185
1741508583.470481,96,-25,-97
1741508583.516481,30,-97,-111
1741508583.561481,-71,-19,-119
1741508583.607481,112,-69,-83
1741508583.653481,-14,3,-67
1741508583.6984808,-3,114,-83
1741508583.7444808,-22,5,-212
1741508583.7904809,12,58,-1
1741508583.8364809,-22,29,-54
1741508583.881481,13,-102,-122
1741508583.927481,-74,-20,-116
1741508583.973481,-18,-32,40
1741508584.018481,-3,46,-89
1741508584.064481,9,17,-87
1741508584.110481,-31,18,-65
1741508584.156481,45,-6,36
1741508584.2014809,-18,-14,-175
1741508584.2474809,1,1,-120
1741508584.2934809,-66,1,-163
1741508584.338481,85,63,-11
1741508584.384481,-46,-10,-161
1741508584.430481,-65,5,-33
1741508584.476481,-79,-65,-35
1741508584.521481,-8,48,-115
1741508584.5674808,-12,14,8
1741508584.6134808,-12,6,-19
1741508584.658481,-68,26,-105
1741508584.704481,-36,12,-129
1741508584.750481,23,62,-85
1741508584.796481,-37,-8,-103
1741508584.841481,-37,9,-111
1741508584.887481,-27,-48,0
1741508584.933481,-15,9,-79
1741508584.9784808,6,-20,-127
1741508585.0244808,10,-36,-118
1741508585.0704808,40,42,-119
1741508585.1164808,20,28,-18
1741508585.161481,-64,-60,-79
1741508585.207481,-2,117,-65
1741508585.253481,-34,-44,-195
1741508585.298481,25,0,-47
1741508585.344481,-32,31,-131
1741508585.390481,47,24,-87
1741508585.436481,-13,-49,-115
1741508585.4814808,78,-51,-111
1741508585.5274808,-27,-18,-273
1741508585.5734808,-24,1,-177
1741508585.618481,-9,11,-91
1741508585.664481,2,53,-47
1741508585.710481,-74,-2,-36
1741508585.756481,-43,3,-58
1741508585.801481,-33,39,-94
1741508585.847481,10,55,-158
1741508585.893481,38,89,-10
1741508585.9384809,-1,-35,-58
1741508585.9844809,10,-23,-130
1741508586.0304809,16,-53,83
1741508586.0764809,-11,60,-84
1741508586.121481,-31,8,-196
1741508586.167481,40,-37,15
1741508586.213481,-28,-13,61
1741508586.258481,-2,30,-106
1741508586.304481,37,0,-150
1741508586.350481,8,-89,-155
1741508586.396481,62,-7,-1
1741508586.4414809,-17,8,19
1741508586.4874809,-25,-13,-54
1741508586.533481,-83,-58,-96
1741508586.578481,-1,2,-154
1741508586.624481,4,-47,-106
1741508586.670481,-17,33,-44
1741508586.716481,-55,-115,-176
1741508586.7614808,-49,-61,-38
1741508586.8074808,-3,3,-46
1741508586.8534808,20,-4,-64
1741508586.898481,-49,-68,-94
1741508586.944481,13,27,17
1741508586.990481,31,-6,-170
1741508587.036481,-35,123,-34
1741508587.081481,-14,-28,-138
1741508587.127481,-29,-34,-82
1741508587.173481,-81,-2,-106
1741508587.2184808,14,-18,-86
1741508587.2644808,-11,23,-96
1741508587.3104808,48,27,-94
1741508587.3564808,-17,29,-60
1741508587.401481,56,17,57
1741508587.447481,78,14,-110
1741508587.493481,-31,6,-117
1741508587.538481,0,51,-21
1741508587.584481,20,10,-204
1741508587.630481,74,114,-30
1741508587.676481,26,60,-156
1741508587.7214808,-22,-42,5
1741508587.7674809,-7,30,-198
1741508587.8134809,-79,82,-22
1741508587.858481,54,-7,-62
1741508587.904481,-55,-1,-202
1741508587.950481,27,28,-155
1741508587.996481,-12,-43,-37
1741508588.041481,-63,1,-58
1741508588.087481,-41,-12,-66
1741508588.133481,-17,-34,-72
1741508588.1784809,54,-4,-87
1741508588.2244809,-37,45,-125
1741508588.2704809,54,-20,-121
1741508588.315481,-16,22,-56
1741508588.361481,23,-23,-130
1741508588.407481,-104,-37,-100
1741508588.453481,-22,-79,-100
1741508588.498481,1,4,-96
1741508588.5444808,-30,17,-112
1741508588.5904808,27,-44,-128
1741508588.6354809,12,-10,-26
1741508588.681481,-35,5,-168
1741508588.727481,-45,-70,-38
1741508588.773481,10,-29,-118
1741508588.818481,-52,-58,-116
1741508588.864481,-34,0,-98
1741508588.910481,-19,24,-68
1741508588.9554808,46,110,-103
1741508589.0014808,82,-18,-13
1741508589.0474808,3,-38,14
1741508589.0934808,57,3,-103
1741508589.138481,-13,-11,-7
1741508589.184481,-43,84,-153
1741508589.230481,-3,34,-123
1741508589.275481,66,-35,-95
1741508589.321481,-69,-11,-13
1741508589.367481,45,13,-155
1741508589.413481,17,-8,-195
1741508589.4584808,-63,-15,-107
1741508589.5044808,-37,74,58
1741508589.5504808,-41,38,-89
1741508589.595481,20,-69,-89
1741508589.641481,48,-21,-105
1741508589.687481,40,-31,-137
1741508589.733481,-23,58,-27
1741508589.778481,36,-19,-103
1741508589.824481,-69,-33,-23
1741508589.870481,72,20,-81
1741508589.9154809,16,8,-48
1741508589.9614809,44,-45,-118
1741508590.0074809,-15,-67,-139
1741508590.0534809,58,-23,-27
1741508590.098481,49,25,-55
1741508590.144481,-3,36,-53
1741508590.190481,-2,-52,-37
1741508590.235481,-21,24,-65
1741508590.281481,-28,-36,-41
1741508590.327481,15,-18,-1
1741508590.373481,36,36,-137
1741508590.4184809,-143,38,-29
1741508590.4644809,-15,-17,-65
1741508590.5104809,-40,-65,-17
1741508590.555481,-15,-41,-79
1741508590.601481,-31,46,-131
1741508590.647481,-39,90,10
1741508590.693481,16,-31,-61
1741508590.7384808,-27,-39,28
1741508590.7844808,-18,16,-101
1741508590.8304808,119,2,-105
1741508590.875481,71,54,-33
1741508590.921481,70,23,-67
1741508590.967481,12,39,-137
1741508591.013481,18,-18,-25
1741508591.058481,-1,-2,-33
1741508591.104481,58,25,-107
1741508591.150481,4,21,-97
1741508591.1954808,-25,0,-95
1741508591.2414808,86,31,-112
1741508591.2874808,92,-21,-82
1741508591.3334808,-39,-4,-86
1741508591.378481,-3,-21,-48
1741508591.424481,42,-39,-156
1741508591.470481,0,13,-18
1741508591.515481,6,45,-28
1741508591.561481,41,11,-46
1741508591.607481,-87,-50,-128
1741508591.653481,-53,-14,-74
1741508591.6984808,-83,-2,-120
1741508591.7444808,-2,-23,-68
1741508591.7904809,-31,31,-172
1741508591.835481,14,-67,21
1741508591.881481,-55,14,-200
1741508591.927481,-25,-45,-202
1741508591.9714808,8,14,-4
1741508592.0174809,10,-57,-74
1741508592.0634809,66,-95,-54
1741508592.1094809,32,22,-120
1741508592.154481,9,16,-8
1741508592.200481,-35,-5,-20
1741508592.246481,-17,-91,-36
1741508592.291481,-1,10,5
1741508592.337481,-23,-8,-2
1741508592.383481,28,-44,-160
1741508592.429481,30,9,-68
1741508592.4744809,50,11,-28
1741508592.5204809,-1,65,-158
1741508592.5664809,-51,23,-78
1741508592.611481,-77,-30,-84
1741508592.657481,3,39,-10
1741508592.709481,32,-16,-154
1741508592.7544808,8,-64,-212
1741508592.8004808,30,-10,-80
1741508592.8464808,38,-18,-72
1741508592.891481,40,-12,-86
1741508592.937481,2,-72,-16
1741508592.983481,58,21,-60
1741508593.029481,62,-4,-206
1741508593.074481,32,3,-110
1741508593.120481,-75,35,-134
1741508593.166481,16,11,-144
1741508593.2114809,-38,-16,-8
1741508593.2574809,45,-13,-62
1741508593.3034809,23,24,-34
1741508593.3494809,-4,22,-80
1741508593.394481,1,-19,-174
1741508593.440481,23,-68,53
1741508593.486481,7,-42,-60
1741508593.531481,18,13,-128
1741508593.577481,-9,-10,-6
1741508593.623481,-57,-1,-110
1741508593.6694808,48,-71,-130
1741508593.7144809,10,80,-170
1741508593.7604809,81,61,-106
1741508593.806481,-34,-39,-70
1741508593.851481,74,-18,-30
1741508593.897481,-17,-54,-66
1741508593.943481,-105,9,-96
1741508593.989481,12,15,-106
1741508594.0344808,20,-6,-99
1741508594.0804808,-87,-29,-91
1741508594.1264808,-43,10,-87
1741508594.171481,8,39,-34
1741508594.217481,-13,119,-85
1741508594.263481,-9,-74,-185
1741508594.309481,-48,-64,-111
1741508594.354481,-26,-36,-91
1741508594.400481,-61,93,-179
1741508594.446481,10,-108,-43
1741508594.4914808,-53,69,-91
1741508594.5374808,58,1,2
1741508594.5834808,34,-18,-161
1741508594.6294808,38,-26,-47
1741508594.674481,14,50,4
1741508594.720481,36,-36,-21
1741508594.766481,6,11,74
1741508594.811481,2,57,-49
1741508594.857481,-10,-3,-179
1741508594.903481,65,10,-57
1741508594.949481,28,-78,-121
1741508594.9944808,-1,-46,53
1741508595.0404809,-4,-45,-39
1741508595.0864809,-72,2,-75
1741508595.131481,-8,-7,-167
1741508595.177481,-16,2,-14
1741508595.223481,-92,16,-74
1741508595.268481,-34,-11,21
1741508595.314481,-46,3,-85
1741508595.360481,83,-75,-103
1741508595.406481,20,74,14
1741508595.4514809,2,-1,-131
1741508595.4974809,-91,-8,-23
1741508595.5434809,-33,-2,-71
1741508595.588481,11,16,-205
1741508595.634481,30,47,-179
1741508595.680481,-17,-64,-67
1741508595.726481,32,21,-109
1741508595.771481,-7,-40,-7
1741508595.8174808,-7,49,-35
1741508595.8634808,8,-8,98
1741508595.908481,-37,-54,24
1741508595.954481,-34,23,-146
1741508596.000481,2,40,55
1741508596.046481,8,37,-98
1741508596.091481,16,-24,-118
1741508596.137481,78,-65,-152
1741508596.183481,-21,51,43
1741508596.2284808,31,4,13
1741508596.2744808,-12,-23,-4
1741508596.3204808,-55,-61,-64
1741508596.3664808,-18,-35,-58
1741508596.411481,3,-29,-168
1741508596.457481,-43,63,-58
1741508596.503481,18,39,-64
1741508596.548481,-3,-30,97
1741508596.594481,4,-8,9
1741508596.640481,-37,46,-28
1741508596.686481,66,36,7
1741508596.7314808,38,-11,-146
1741508596.7774808,73,10,-164
1741508596.8234808,115,32,-192
1741508596.868481,-4,-40,-50
1741508596.914481,-9,-1,-78
1741508596.960481,-69,-8,57
1741508597.006481,-3,17,-84
1741508597.051481,66,-46,-58
1741508597.097481,34,53,2
1741508597.143481,-17,-6,-63
1741508597.1884809,-73,13,-51
1741508597.2344809,22,29,-44
1741508597.2804809,46,-10,-51
1741508597.3264809,36,83,-61
1741508597.371481,-45,-22,-1
1741508597.417481,28,47,46
1741508597.463481,-43,-13,12
1741508597.508481,-43,31,6
1741508597.554481,6,-11,-131
1741508597.600481,-25,-51,-95
1741508597.646481,-99,-32,-55
1741508597.6914809,15,1,-65
1741508597.7374809,37,43,62
1741508597.783481,95,-30,-21
1741508597.828481,25,-98,-83
1741508597.874481,20,-30,-97
1741508597.920481,61,55,-105
1741508597.966481,2,6,-75
1741508598.0114808,-18,-38,-183
1741508598.0574808,53,7,-1
1741508598.1034808,-2,-40,-37
1741508598.148481,-16,-4,-75
1741508598.194481,23,75,-59
1741508598.240481,-16,1,-101
1741508598.286481,-11,-9,-131
1741508598.331481,-41,19,-143
1741508598.377481,63,43,-121
1741508598.423481,20,-13,-71
1741508598.4684808,58,4,10
1741508598.5144808,-104,17,-69
1741508598.5604808,-32,-40,-17
1741508598.6064808,-2,-44,-161
1741508598.651481,51,21,-67
1741508598.697481,3,10,-59
1741508598.743481,7,15,-57
1741508598.788481,23,-8,-43
1741508598.834481,44,55,-22
1741508598.880481,-59,17,-66
1741508598.926481,126,7,-12
1741508598.9714808,42,-23,-64
1741508599.0174809,37,3,-138
1741508599.0634809,16,-19,-122
1741508599.108481,-5,-49,-146
1741508599.154481,43,72,-46
1741508599.200481,49,30,-168
1741508599.246481,-82,-25,-34
1741508599.291481,-48,-5,-4
1741508599.337481,-80,4,-80
1741508599.383481,-2,-29,17
1741508599.4284809,47,94,37
1741508599.4744809,75,-7,-94
1741508599.5204809,97,10,-194
1741508599.5664809,104,-63,25
1741508599.611481,-57,57,-143
1741508599.657481,-87,-34,-57
1741508599.703481,8,85,-37
1741508599.748481,96,5,-21
1741508599.7944808,32,-14,47
1741508599.8404808,36,-18,-36
1741508599.8864808,8,-31,-48
1741508599.931481,-15,-72,-108
1741508599.977481,-14,81,-110
1741508600.023481,-5,26,-58
1741508600.068481,-91,-46,-82
1741508600.114481,-40,-42,-112
1741508600.160481,69,-11,-98
1741508600.206481,59,55,-96
1741508600.2514808,45,-6,-104
1741508600.2974808,40,-44,-92
1741508600.3434808,-67,-3,-116
1741508600.388481,-43,-33,67
1741508600.434481,-93,11,-146
1741508600.480481,22,57,-78
1741508600.526481,86,-53,-70
1741508600.571481,-3,-31,-118
1741508600.617481,2,-12,-117
1741508600.663481,28,-8,-51
1741508600.7084808,-71,13,2
1741508600.7544808,29,-12,20
1741508600.8004808,77,-4,-25
1741508600.8464808,-13,21,18
1741508600.891481,0,5,-93
1741508600.937481,26,-3,-51
1741508600.983481,44,26,-35
1741508601.028481,10,28,-185
1741508601.074481,-136,73,-17
1741508601.120481,-28,-2,20
1741508601.166481,-18,-16,-111
1741508601.2114809,-72,37,-139
1741508601.2574809,-3,33,16
1741508601.3034809,-103,-34,-105
1741508601.348481,43,-57,-59
1741508601.394481,0,42,-55
1741508601.440481,93,55,-35
1741508601.486481,-87,15,-73
1741508601.531481,36,-41,-21
1741508601.577481,-45,52,-63
1741508601.623481,14,-24,-89
1741508601.6684809,78,-45,-163
1741508601.7144809,-41,58,-51
1741508601.7604809,0,-7,-81
1741508601.806481,30,-13,48
1741508601.851481,-103,0,2
1741508601.897481,42,-23,-149
1741508601.943481,18,-13,-79
1741508601.9884808,59,-160,-87
1741508602.0344808,-33,-29,-95
1741508602.0804808,52,-11,-75
1741508602.125481,50,40,-45
1741508602.171481,-15,20,-141
1741508602.217481,-13,-37,-107
1741508602.263481,-67,0,-63
1741508602.308481,82,-65,-109
1741508602.354481,50,25,-167
1741508602.400481,-13,-78,-81
1741508602.4454808,-14,-4,-71
1741508602.4914808,-51,43,-91
1741508602.5374808,15,33,-97
1741508602.5834808,-4,-60,-17
1741508602.628481,-23,-42,-175
1741508602.674481,106,11,-77
1741508602.725481,30,31,42
1741508602.771481,12,-28,-61
1741508602.8174808,-17,3,-19
1741508602.8634808,-22,42,-143
1741508602.908481,-76,118,-85
1741508602.954481,63,-39,-75
1741508603.000481,39,-49,-73
1741508603.045481,49,28,-177
1741508603.091481,-6,-61,-11
1741508603.137481,21,-27,-71
1741508603.183481,-4,-9,-35
1741508603.2284808,-76,-31,108
1741508603.2744808,73,-31,-99
1741508603.3204808,49,-54,-113
1741508603.365481,9,1,-69
1741508603.411481,-43,47,-121
1741508603.457481,-51,-46,-72
1741508603.503481,8,28,53
1741508603.548481,-5,-55,-35
1741508603.594481,3,7,-132
1741508603.640481,-18,36,-16
1741508603.6854808,-6,-2,-152
1741508603.7314808,-18,51,-62
1741508603.7774808,-25,-12,-52
1741508603.8234808,-81,63,37
1741508603.868481,-35,65,-76
1741508603.914481,8,38,-146
1741508603.960481,8,-15,-97
1741508604.005481,-118,-70,-200
1741508604.051481,52,-5,-32
1741508604.097481,-5,20,-78
1741508604.143481,-6,9,-36
1741508604.1884809,5,-138,-35
1741508604.2344809,13,115,24
1741508604.2804809,-15,-98,-93
1741508604.325481,-23,12,-77
1741508604.371481,-61,-35,-1
1741508604.417481,-26,42,-137
1741508604.463481,24,-27,-177
1741508604.508481,42,14,26
1741508604.554481,36,-25,16
1741508604.600481,-31,-26,-188
1741508604.6454809,-13,43,-64
1741508604.6914809,6,-32,-195
1741508604.7374809,2,33,-49
1741508604.783481,-45,83,18
1741508604.828481,46,15,-65
1741508604.874481,-63,-13,-139
1741508604.920481,30,58,-185
1741508604.9654808,19,-71,-109
1741508605.0114808,8,0,-25
1741508605.0574808,-27,50,-139
1741508605.1034808,-1,26,20
1741508605.148481,66,-37,-151
1741508605.194481,-12,-71,-67
1741508605.240481,4,-39,-17
1741508605.285481,42,-35,-163
1741508605.331481,41,53,-121
1741508605.377481,-60,-34,-11
1741508605.423481,17,40,32
1741508605.4684808,26,-48,-41
1741508605.5144808,48,45,16
1741508605.5604808,-58,33,14
1741508605.605481,10,-60,6
1741508605.651481,58,64,-31
1741508605.697481,-28,-47,-73
1741508605.743481,-9,39,-127
1741508605.788481,26,33,-127
1741508605.834481,12,-2,-93
1741508605.880481,-40,-52,-63
1741508605.9254808,44,18,-155
1741508605.9714808,-17,-17,-37
1741508606.0174809,11,16,-23
1741508606.0634809,-1,16,-61
1741508606.108481,-27,-21,-85
1741508606.154481,-60,-73,18
1741508606.200481,-29,-51,-55
1741508606.245481,-3,-67,-4
1741508606.291481,0,20,-60
1741508606.337481,16,-77,-128
1741508606.383481,25,18,-78
1741508606.4284809,14,48,25
1741508606.4744809,5,18,-120
1741508606.5204809,-46,20,9
1741508606.565481,29,-25,-46
1741508606.611481,25,-33,-44
1741508606.657481,67,24,-43
1741508606.703481,21,-1,-89
1741508606.748481,41,-42,-42
1741508606.7944808,0,-11,-80
1741508606.8404808,10,7,-65
1741508606.8854809,20,5,-7
1741508606.931481,92,-46,8
1741508606.977481,38,0,-67
1741508607.023481,-7,-12,-113
1741508607.068481,67,43,104
1741508607.114481,15,-26,-147
1741508607.160481,5,-7,-13
1741508607.2054808,1,-9,-23
1741508607.2514808,-130,16,-65
1741508607.2974808,-4,-85,-139
1741508607.3434808,22,-48,-99
1741508607.388481,-68,24,-83
1741508607.434481,5,-41,-95
1741508607.480481,-17,-36,-113
1741508607.525481,-19,-64,-63
1741508607.571481,-25,-15,-54
1741508607.617481,2,-51,35
1741508607.663481,-43,-17,-16
1741508607.7084808,41,15,-64
1741508607.7544808,13,-67,-108
1741508607.8004808,3,58,-108
1741508607.845481,25,46,-222
1741508607.891481,-2,-13,-27
1741508607.937481,19,-31,-56
1741508607.983481,69,0,-48
1741508608.028481,-48,18,-78
1741508608.074481,-44,47,7
1741508608.120481,-44,-6,-46
1741508608.1654809,-33,29,-32
1741508608.2114809,18,-102,-11
1741508608.2574809,-48,22,-23
1741508608.3034809,37,2,-35
1741508608.348481,-14,-55,-123
1741508608.394481,13,8,32
1741508608.440481,-43,13,-145
1741508608.485481,3,3,-93
1741508608.531481,47,-24,-107
1741508608.577481,-1,-80,-41
1741508608.623481,-27,-26,-59
1741508608.6684809,-21,14,36
1741508608.7144809,-112,48,37
1741508608.7604809,25,17,-114
1741508608.805481,-86,-6,-36
1741508608.851481,-56,-19,-135
1741508608.897481,41,70,-127
1741508608.9424808,-15,50,-35
1741508608.9884808,-48,38,-33
1741508609.0344808,60,-7,60
1741508609.0804808,26,-29,-157
1741508609.125481,-27,2,-101
1741508609.171481,-25,10,-71
1741508609.217481,-3,53,-43
1741508609.262481,-11,21,-12
1741508609.308481,-11,0,-56
1741508609.354481,-21,-35,-132
1741508609.400481,44,-90,-118
1741508609.4454808,35,21,93
1741508609.4914808,49,-78,-38
1741508609.5374808,6,-20,31
1741508609.582481,9,2,-30
1741508609.628481,12,-49,-38
1741508609.674481,27,-103,-43
1741508609.720481,26,-47,-114
1741508609.765481,108,-25,-94
1741508609.811481,-7,-34,-56
1741508609.857481,66,-60,-164
1741508609.9024808,4,55,-102
1741508609.9484808,-64,-74,-14
1741508609.9944808,61,28,-94
1741508610.0404809,11,-35,-140
1741508610.085481,-41,-57,-144
1741508610.131481,-45,-68,-2
1741508610.177481,85,-21,-100
1741508610.222481,-15,-71,-54
1741508610.268481,-23,50,-82
1741508610.314481,2,0,-120
1741508610.360481,-67,-31,-104
1741508610.4054809,-19,12,7
1741508610.4514809,38,-5,-36
1741508610.4974809,-47,-53,-70
1741508610.542481,-3,-87,-130
1741508610.588481,-55,41,71
1741508610.634481,-17,25,-100
1741508610.680481,4,-14,-124
1741508610.725481,-31,23,-4
1741508610.771481,-50,113,-16
1741508610.8174808,-42,-3,7
1741508610.8624809,56,44,-74
1741508610.908481,16,-73,-84
1741508610.954481,-123,-3,71
1741508611.000481,-21,35,-66
1741508611.045481,-20,57,-150
1741508611.091481,-14,-133,-71
1741508611.137481,15,32,-194
1741508611.1824808,-54,-61,-138
1741508611.2284808,-76,-63,-74
1741508611.2744808,23,-41,-154
1741508611.3204808,-39,29,-10
1741508611.365481,30,81,-56
1741508611.411481,-34,13,-176
1741508611.457481,17,-43,-212
1741508611.502481,67,38,-46
1741508611.548481,39,-37,-146
1741508611.594481,-42,-2,-38
1741508611.640481,-19,-20,9
1741508611.6854808,59,-49,-114
1741508611.7314808,13,-17,-114
1741508611.7774808,-46,-23,-56
1741508611.822481,17,9,-202
1741508611.868481,59,25,-160
1741508611.914481,21,-7,-48
1741508611.960481,-6,-13,-99
1741508612.005481,-1,69,-145
1741508612.051481,10,55,-129
1741508612.097481,-2,-1,-41
1741508612.1424809,2,-4,-79
1741508612.1884809,66,-30,-157
1741508612.2344809,8,-66,-79
1741508612.2804809,35,36,66
1741508612.325481,67,-5,-103
1741508612.371481,24,-80,-29
1741508612.417481,31,11,-121
1741508612.462481,-18,2,34
1741508612.508481,53,-31,-101
1741508612.554481,3,18,-101
1741508612.600481,47,-1,-95
1741508612.6454809,19,-85,-139
1741508612.6914809,-15,-30,-83
1741508612.7414808,-29,75,-151
1741508612.7874808,-41,-49,-23
1741508612.8334808,19,-36,-137
1741508612.878481,127,-62,-21
1741508612.924481,-90,-4,23
1741508612.970481,1,112,-82
1741508613.016481,-6,72,-110
1741508613.061481,5,-49,-126
1741508613.107481,33,-51,-136
1741508613.153481,58,-13,73
1741508613.1984808,-5,-49,-14
1741508613.2444808,2,-5,-198
1741508613.2904809,-37,-37,-98
1741508613.3364809,-23,50,-42
1741508613.381481,-18,38,-98
1741508613.427481,-14,-81,-48
1741508613.473481,55,-20,-96
1741508613.518481,-51,5,15
1741508613.564481,71,58,-32
1741508613.610481,-10,0,-46
1741508613.656481,-38,32,-12
1741508613.7014809,-59,38,-90
1741508613.7474809,79,21,-106
1741508613.7934809,59,25,-30
1741508613.838481,-27,-11,-26
1741508613.884481,32,-39,-102
1741508613.930481,-7,-41,-58
1741508613.976481,-119,8,-160
1741508614.021481,-26,-71,-64
1741508614.0674808,29,8,-76
1741508614.1134808,14,-13,25
1741508614.158481,-67,-37,-192
1741508614.204481,-29,-33,31
1741508614.250481,-123,-42,-136
1741508614.296481,38,-69,47
1741508614.341481,2,-57,-184
1741508614.387481,89,97,-68
1741508614.433481,57,41,45
1741508614.4784808,-36,42,-52
1741508614.5244808,17,-9,-92
1741508614.5704808,-32,-21,-24
1741508614.6164808,55,70,5
1741508614.661481,-31,8,17
1741508614.707481,24,9,-52
1741508614.753481,56,-45,-32
1741508614.798481,24,-3,-214
1741508614.844481,-30,71,-24
1741508614.890481,-7,-89,27
1741508614.936481,5,-46,89
1741508614.9814808,61,81,27
1741508615.0274808,-6,53,-148
1741508615.0734808,-8,39,-262
1741508615.118481,-28,-70,-80
1741508615.164481,27,93,-126
1741508615.210481,-96,15,-56
1741508615.256481,65,-25,-10
1741508615.301481,-22,32,-6
1741508615.347481,-4,-21,20
1741508615.393481,-16,-36,-113
1741508615.4384809,-38,11,-171
1741508615.4844809,-68,49,-69
1741508615.5304809,-104,21,-109
1741508615.5764809,-28,-30,28
1741508615.621481,-4,-12,69
1741508615.667481,15,-2,-208
1741508615.713481,-19,-36,-98
1741508615.758481,149,-88,5
1741508615.804481,18,23,-126
1741508615.850481,0,-6,-50
1741508615.8954809,-47,-4,-66
1741508615.9414809,73,31,-92
1741508615.9874809,-18,5,-86
1741508616.033481,69,63,-110
1741508616.078481,29,32,-44
1741508616.124481,-56,-13,-112
1741508616.170481,-14,30,-46
1741508616.2154808,-12,14,29
1741508616.2614808,15,32,-90
1741508616.3074808,-34,-5,-134
1741508616.3534808,-40,20,-134
1741508616.398481,-18,-19,-88
1741508616.444481,32,-29,15
1741508616.490481,21,0,-146
1741508616.535481,-31,-61,-4
1741508616.581481,34,28,-64
1741508616.627481,-5,-51,-6
1741508616.673481,50,14,45
1741508616.7184808,-19,20,-108
1741508616.7644808,-45,-7,-64
1741508616.8104808,-9,4,-104
1741508616.855481,51,-40,-67
1741508616.901481,8,-19,-123
1741508616.947481,61,-41,12
1741508616.993481,13,-3,-131
1741508617.038481,68,12,-221
1741508617.084481,53,-39,-43
1741508617.130481,15,-37,-17
1741508617.1754808,0,-4,-175
1741508617.2214808,-37,-9,-87
1741508617.2674809,-22,13,-81
1741508617.3134809,-60,-31,-57
1741508617.358481,-40,-49,-133
1741508617.404481,-65,-115,-141
1741508617.450481,10,-35,-69
1741508617.495481,-70,-55,28
1741508617.541481,-37,-34,-93
1741508617.587481,37,47,-25
1741508617.633481,67,-4,-47
1741508617.6784809,77,-84,-157
1741508617.7244809,83,-44,0
1741508617.7704809,13,-14,-67
1741508617.815481,-30,45,-131
1741508617.861481,68,-20,-79
1741508617.907481,103,-40,-19
1741508617.953481,-10,53,-181
1741508617.998481,-16,-84,-45
1741508618.0444808,67,-19,-95
1741508618.0904808,50,-1,-61
1741508618.1354809,-29,-19,62
1741508618.181481,-8,19,-11
1741508618.227481,104,-25,-98
1741508618.273481,11,55,-160
1741508618.318481,-48,13,-56
1741508618.364481,-14,-23,-142
1741508618.410481,-42,-21,-24
1741508618.4554808,-34,-7,-18
1741508618.5014808,-6,-4,-134
1741508618.5474808,97,42,-110
1741508618.5934808,71,-7,-72
1741508618.638481,39,11,-142
1741508618.684481,63,-6,-58
1741508618.730481,10,-19,-38
1741508618.775481,41,53,-131
1741508618.821481,-70,24,-96
1741508618.867481,-55,-61,-24
1741508618.913481,-12,-54,15
1741508618.9584808,25,-14,-172
1741508619.0044808,44,-7,52
1741508619.0504808,-5,-13,-77
1741508619.095481,3,49,-43
1741508619.141481,68,20,-77
1741508619.187481,-1,4,-15
1741508619.233481,80,-57,-7
1741508619.278481,92,0,-1
1741508619.324481,-76,42,-97
1741508619.370481,7,-21,36
1741508619.4154809,23,36,-99
1741508619.4614809,-56,-1,-165
1741508619.5074809,10,-54,-147
1741508619.5534809,88,9,-117
1741508619.598481,2,-30,-179
1741508619.644481,36,-28,-28
1741508619.690481,-25,-28,-35
1741508619.735481,-7,-8,-69
1741508619.781481,23,-47,-195
1741508619.827481,44,-49,84
1741508619.873481,-57,-19,-49
1741508619.9184809,-91,-7,-67
1741508619.9644809,6,18,-223
1741508620.0104809,20,-22,-67
1741508620.055481,26,-6,-115
1741508620.101481,-12,-109,-107
1741508620.147481,21,8,-25
1741508620.193481,-44,66,-63
1741508620.2384808,-55,-70,-71
1741508620.2844808,-67,-4,32
1741508620.3304808,151,-13,12
1741508620.375481,42,0,-37
1741508620.421481,62,91,10
1741508620.467481,14,-7,-95
1741508620.513481,-3,-115,-61
1741508620.558481,-9,54,-11
1741508620.604481,-3,-43,-7
1741508620.650481,15,-59,-125
1741508620.6954808,-20,42,-160
1741508620.7414808,-47,-55,-112
1741508620.7874808,-63,-27,-2
1741508620.8334808,-73,54,-38
1741508620.878481,-4,12,-104
1741508620.924481,48,-41,-176
1741508620.970481,46,-27,-120
1741508621.015481,-48,4,-98
1741508621.061481,6,-47,-102
1741508621.107481,42,36,-42
1741508621.153481,28,-15,-40
1741508621.1984808,-13,54,55
1741508621.2444808,7,62,-21
1741508621.2904809,86,-69,-65
1741508621.335481,-8,-3,-37
1741508621.381481,15,55,-104
1741508621.427481,47,13,-92
1741508621.473481,115,-66,-37
1741508621.518481,-108,15,-205
1741508621.564481,33,-62,-131
1741508621.610481,23,-52,-17
1741508621.6554809,-96,-3,-127
1741508621.7014809,87,62,-21
1741508621.7474809,-71,-4,-85
1741508621.7934809,3,-48,-97
1741508621.838481,-8,8,-61
1741508621.884481,3,24,106
1741508621.930481,-20,-3,-51
1741508621.975481,-6,54,-139
1741508622.021481,29,26,-159
1741508622.0674808,-16,-14,-57
1741508622.1134808,45,-27,-150
1741508622.158481,-32,-36,-98
1741508622.204481,25,30,-78
1741508622.250481,-29,0,-152
1741508622.295481,16,29,-164
1741508622.341481,42,-46,-76
1741508622.3864808,-15,-8,-88
1741508622.431481,-5,11,-82
1741508622.477481,-53,63,-48
1741508622.523481,60,65,-14
1741508622.568481,-1,-68,-4
1741508622.614481,56,1,-60
1741508622.660481,-38,55,-22
1741508622.706481,0,-8,-54
1741508622.7574809,9,0,1
1741508622.8034809,-8,-34,-104
1741508622.848481,5,97,-144
1741508622.894481,33,-28,-76
1741508622.940481,-23,-11,-18
1741508622.986481,9,-2,-20
1741508623.031481,-44,-26,-120
1741508623.077481,-27,16,63
1741508623.123481,0,-5,-82
1741508623.1684809,40,19,-30
1741508623.2144809,-29,4,-60
1741508623.2604809,28,20,-108
1741508623.306481,-17,16,-24
1741508623.351481,36,14,-130
1741508623.397481,-17,18,-146
1741508623.443481,0,18,-104
1741508623.4884808,-43,24,-72
1741508623.5344808,36,-11,-80
1741508623.5804808,-29,-49,-122
1741508623.6264808,-13,-13,-76
1741508623.671481,0,-43,-36
1741508623.717481,60,14,-54
1741508623.763481,-6,12,-156
1741508623.808481,-48,16,9
1741508623.854481,11,-27,31
1741508623.900481,19,-31,-90
1741508623.946481,15,2,-106
1741508623.9914808,-4,-49,13
1741508624.0374808,-16,-31,-84
1741508624.0834808,41,-17,-150
1741508624.128481,23,44,-92
1741508624.174481,-72,22,-168
1741508624.220481,-13,6,-50
1741508624.266481,-5,10,-85
1741508624.311481,30,-4,-124
1741508624.357481,9,9,-198
1741508624.403481,-30,-30,-207
1741508624.4484808,107,11,-43
1741508624.4944808,-126,-47,-91
1741508624.5404809,66,15,-131
1741508624.5864809,13,-55,-71
1741508624.631481,-31,-32,-51
1741508624.677481,49,17,-65
1741508624.723481,-60,9,-33
1741508624.768481,-8,37,20
1741508624.814481,31,-26,36
1741508624.860481,-60,-32,-103
1741508624.906481,0,27,-107
1741508624.9514809,43,63,-113
1741508624.9974809,-86,3,-175
1741508625.0434809,-40,7,-119
1741508625.088481,0,8,-103
1741508625.134481,-2,-44,-63
1741508625.180481,-14,27,-121
1741508625.226481,-104,-22,34
1741508625.271481,-20,5,-179
1741508625.3174808,-10,5,-81
1741508625.3634808,42,55,2
1741508625.408481,-6,36,-89
1741508625.454481,57,-58,8
1741508625.500481,-24,-42,-77
1741508625.546481,23,71,-119
1741508625.591481,42,-3,-157
1741508625.637481,12,30,-40
1741508625.683481,28,31,-48
1741508625.7284808,66,-8,-138
1741508625.7744808,8,-44,-108
1741508625.8204808,25,14,-162
1741508625.8664808,27,17,-38
1741508625.911481,-6,-50,-34
1741508625.957481,76,-34,-14
1741508626.003481,28,-31,-210
1741508626.048481,-14,55,-56
1741508626.094481,-4,-64,41
1741508626.140481,108,42,43
1741508626.186481,12,-65,-62
1741508626.2314808,65,17,-72
1741508626.2774808,26,-23,-78
1741508626.3234808,-17,2,-56
1741508626.368481,23,-34,-92
1741508626.414481,31,-12,18
1741508626.460481,69,13,4
1741508626.506481,33,-46,-145
1741508626.551481,-22,10,-48
1741508626.597481,71,-30,-151
1741508626.643481,-60,-37,-100
1741508626.690481,39,7,-54
1741508626.735481,-7,57,-58
1741508626.781481,-73,-50,-66
1741508626.827481,56,-7,-50
1741508626.8724809,-36,30,-124
1741508626.9184809,-34,20,-114
1741508626.9644809,-6,-53,-98
1741508627.0104809,17,30,-168
1741508627.055481,15,-11,-66
1741508627.101481,2,-77,95
1741508627.147481,-21,-48,3
1741508627.1924808,2,-12,-83
1741508627.2384808,28,10,-4
1741508627.2844808,-1,54,-42
1741508627.3304808,23,-3,9
1741508627.375481,-4,46,-158
1741508627.421481,26,-11,27
1741508627.467481,30,-19,1
1741508627.512481,-24,-3,-104
1741508627.558481,8,50,-36
1741508627.604481,24,-89,-120
1741508627.650481,80,-79,-50
1741508627.6954808,-29,24,-78
1741508627.7414808,16,21,-112
1741508627.7874808,-19,-3,-112
1741508627.832481,26,-55,-178
1741508627.878481,-7,1,-19
1741508627.924481,13,-2,-59
1741508627.970481,-11,-21,56
1741508628.015481,66,20,-179
1741508628.061481,-37,-43,-103
1741508628.107481,45,7,-18
1741508628.1524808,-38,0,-42
1741508628.1984808,56,39,-57
1741508628.2444808,40,-72,-177
1741508628.2904809,-51,15,-73
1741508628.335481,35,15,-231
1741508628.381481,-36,39,-97
1741508628.427481,-46,-44,-123
1741508628.472481,5,39,-39
1741508628.518481,10,-57,-83
1741508628.564481,-17,-9,-125
1741508628.610481,71,-42,-69
1741508628.6554809,-3,-25,-147
1741508628.7014809,9,-6,68
1741508628.7474809,23,13,-95
1741508628.792481,85,-32,-133
1741508628.838481,49,-44,-23
1741508628.884481,61,18,-35
1741508628.929481,27,-61,-135
1741508628.975481,-8,-41,-55
1741508629.021481,63,-25,-121
1741508629.0674808,1,-51,-78
1741508629.1124809,-16,-87,17
1741508629.158481,-36,6,-27
1741508629.204481,-9,-4,-15
1741508629.250481,29,-61,-151
1741508629.295481,-19,51,-93
1741508629.341481,-6,-5,-8
1741508629.387481,-5,-65,-108
1741508629.4324808,-47,57,105
1741508629.4784808,69,-30,-120
1741508629.5244808,5,-99,-77
1741508629.569481,85,21,-151
1741508629.615481,-44,31,-71
1741508629.661481,-52,19,20
1741508629.707481,75,93,-63
1741508629.752481,49,29,-64
1741508629.798481,-4,-35,-106
1741508629.844481,-31,-12,-30
1741508629.8894808,-7,37,-42
1741508629.9354808,9,-54,-96
1741508629.9814808,-8,-33,-102
1741508630.0274808,47,-47,-144
1741508630.072481,3,-2,-56
1741508630.118481,19,-84,-88
1741508630.164481,-24,-52,-140
1741508630.209481,-15,82,-104
1741508630.255481,-17,13,-64
1741508630.301481,88,62,1
1741508630.347481,-17,-47,-93
1741508630.3924809,-15,48,-111
1741508630.4384809,0,-19,-14
1741508630.4844809,-15,42,-94
1741508630.529481,-56,-12,-64
1741508630.575481,61,107,14
1741508630.621481,-58,-94,-51
1741508630.667481,47,-22,-197
1741508630.712481,-12,-10,-119
1741508630.758481,-34,62,-80
1741508630.804481,5,-29,-101
1741508630.8494809,-27,-48,-97
1741508630.8954809,-23,-3,-91
1741508630.9414809,-37,-7,-47
1741508630.9874809,-1,8,-83
1741508631.032481,36,42,-169
1741508631.078481,-25,103,-75
1741508631.124481,13,10,21
1741508631.1694808,-44,-17,-83
1741508631.2154808,0,73,-115
1741508631.2614808,-28,0,-135
1741508631.3074808,34,41,-112
1741508631.352481,-47,-2,-5
1741508631.398481,-24,-32,0
1741508631.444481,-50,-40,-147
1741508631.489481,-14,5,-183
1741508631.535481,51,7,-89
1741508631.581481,35,-16,-67
1741508631.627481,-10,-94,-13
1741508631.6724808,-64,-8,-49
1741508631.7184808,-78,5,-5
1741508631.7644808,14,4,-141
1741508631.809481,28,-15,-137
1741508631.855481,26,4,-19
1741508631.901481,-22,29,-93
1741508631.947481,-18,-18,-109
1741508631.992481,16,54,-67
1741508632.038481,-55,-5,-99
1741508632.084481,4,50,-125
1741508632.1294808,12,-57,-185
1741508632.1754808,-14,-16,-75
1741508632.2214808,50,-27,-140
1741508632.2674809,-36,-37,-100
1741508632.312481,-57,16,-180
1741508632.358481,-45,-19,-230
1741508632.404481,-27,-17,-118
1741508632.449481,30,70,-166
1741508632.495481,-3,-37,-74
1741508632.541481,26,-1,-94
1741508632.587481,-34,12,-36
1741508632.6324809,-100,-55,-100
1741508632.6784809,2,26,16
1741508632.729481,-20,26,-77
1741508632.775481,-10,-21,-45
1741508632.821481,73,39,-83
1741508632.867481,-6,37,-21
1741508632.9124808,41,-34,-95
1741508632.9584808,-1,11,-1
1741508633.0044808,-25,31,-9
1741508633.049481,-57,-37,-15
1741508633.095481,75,-12,-27
1741508633.141481,-44,-36,-19
1741508633.187481,-40,87,-103
1741508633.232481,-26,-23,-85
1741508633.278481,-80,-15,-23
1741508633.324481,41,-55,40
1741508633.3694808,125,-20,-9
1741508633.4154809,-3,36,-53
1741508633.4614809,22,-17,-153
1741508633.5074809,29,-43,-91
1741508633.552481,-11,-1,0
1741508633.598481,25,-24,-131
1741508633.644481,5,-8,-137
1741508633.689481,63,79,-195
1741508633.735481,23,-9,-123
1741508633.781481,-29,66,-133
1741508633.827481,89,12,-157
1741508633.8724809,19,69,-89
1741508633.9184809,-37,-21,-5
1741508633.9644809,-21,38,-91
1741508634.009481,-11,32,-119
1741508634.055481,25,-14,-17
1741508634.101481,83,31,-31
1741508634.147481,11,-71,-135
1741508634.1924808,36,-89,-18
1741508634.2384808,-22,48,-108
1741508634.2844808,-10,36,-71
1741508634.329481,110,28,-126
1741508634.375481,-46,-33,-100
1741508634.421481,35,-29,44
1741508634.467481,29,18,-151
1741508634.512481,73,-65,-111
1741508634.558481,-20,16,-171
1741508634.604481,12,-49,-84
1741508634.6494808,20,-25,-68
1741508634.6954808,78,-15,3
1741508634.7414808,-15,-41,-70
1741508634.7874808,36,38,-60
1741508634.832481,-43,-40,-116
1741508634.878481,31,-76,59
1741508634.924481,37,23,65
1741508634.969481,3,-26,-90
1741508635.015481,-16,-29,-24
1741508635.061481,9,-33,0
1741508635.107481,-53,-34,8
1741508635.1524808,132,-60,-23
1741508635.1984808,-49,5,-53
1741508635.2444808,28,-92,-86
1741508635.289481,28,9,10
1741508635.335481,-2,43,-159
1741508635.381481,-6,-2,-13
1741508635.427481,-30,-2,-87
1741508635.472481,63,0,-47
1741508635.518481,-65,-41,-105
1741508635.564481,-11,32,-77
1741508635.6094809,15,-99,-43
1741508635.6554809,27,4,90
1741508635.7014809,-55,8,-189
1741508635.7474809,16,18,-75
1741508635.792481,22,14,-35
1741508635.838481,51,27,-49
1741508635.884481,21,15,-29
1741508635.929481,35,18,-73
1741508635.975481,85,-30,-24
1741508636.021481,-14,5,-190
1741508636.0674808,54,-21,-256
1741508636.1124809,105,62,-52
1741508636.158481,67,14,-146
1741508636.204481,45,-56,-83
1741508636.249481,23,-22,-121
1741508636.295481,29,-32,-145
1741508636.341481,51,1,-207
1741508636.3864808,39,-24,20
1741508636.4324808,1,8,-210
1741508636.4784808,35,-26,21
1741508636.5244808,-1,6,-84
1741508636.569481,-33,-31,-144
1741508636.615481,21,76,-136
1741508636.661481,40,-49,-28
1741508636.706481,16,42,-84
1741508636.752481,33,-6,11
1741508636.798481,-29,-67,-100
1741508636.844481,-36,51,-94
1741508636.8894808,45,9,-84
1741508636.9354808,-17,-75,-24
1741508636.9814808,6,-3,-140
1741508637.026481,-47,-15,-84
1741508637.072481,12,-5,-154
1741508637.118481,56,24,43
1741508637.164481,36,-13,-42
1741508637.209481,82,18,-36
1741508637.255481,-45,-69,-16
1741508637.301481,32,-55,-55
1741508637.3464808,-9,5,5
1741508637.3924809,46,27,-136
1741508637.4384809,-17,-10,-50
1741508637.4844809,-43,43,-22
1741508637.529481,74,69,-62
1741508637.575481,35,-39,-146
1741508637.621481,-15,36,-142
1741508637.666481,-11,3,-37
1741508637.712481,-75,7,8
1741508637.758481,-43,-26,-27
1741508637.804481,-13,19,-61
1741508637.8494809,56,15,-47
1741508637.8954809,57,-45,28
1741508637.9414809,17,-10,-31
1741508637.986481,-59,-100,-129
1741508638.032481,-54,-45,-193
1741508638.078481,57,8,-111
1741508638.124481,-54,-47,-65
1741508638.1694808,-50,0,-31
1741508638.2154808,-40,52,-113
1741508638.2614808,47,5,-75
1741508638.306481,4,-30,-59
1741508638.351481,67,-40,126
1741508638.397481,11,27,-121
1741508638.4424808,-44,-26,-31
1741508638.4884808,28,16,-143
1741508638.5344808,6,44,-99
1741508638.5804808,-58,29,-119
1741508638.625481,-42,41,-97
1741508638.671481,-14,19,-145
1741508638.717481,34,20,22
1741508638.762481,58,-37,-40
1741508638.808481,-31,18,-204
1741508638.854481,100,72,-147
1741508638.900481,-95,0,-75
1741508638.9454808,-9,22,-43
1741508638.9914808,-19,16,-75
1741508639.0374808,57,41,-63
1741508639.082481,25,-30,4
1741508639.128481,-30,-54,-141
1741508639.174481,-6,-29,-53
1741508639.220481,-40,8,-1
1741508639.265481,0,30,8
1741508639.311481,-74,18,-19
1741508639.357481,94,29,-91
1741508639.4024808,18,29,-1
1741508639.4484808,0,36,-127
1741508639.4944808,-10,-9,-53
1741508639.5404809,15,-9,14
1741508639.585481,76,-33,-33
1741508639.631481,-56,-15,-79
1741508639.677481,-16,-70,-145
1741508639.722481,21,-34,-18
1741508639.768481,23,-52,0
1741508639.814481,80,57,-76
1741508639.860481,60,41,-48
1741508639.9054809,36,17,49
1741508639.9514809,60,-36,3
1741508639.9974809,54,-12,25
1741508640.042481,-65,33,-90
1741508640.088481,26,33,23
1741508640.134481,38,33,-94
1741508640.180481,47,-15,-84
1741508640.225481,23,-25,-5
1741508640.271481,-18,-30,-140
1741508640.3174808,-32,-17,-74
1741508640.3624809,54,-18,-104
1741508640.408481,10,-82,-142
1741508640.454481,33,-43,-68
1741508640.500481,69,28,-100
1741508640.545481,-36,39,-110
1741508640.591481,13,38,21
1741508640.637481,21,-22,-80
1741508640.6824808,-30,10,-134
1741508640.7284808,104,-9,-50
1741508640.7744808,3,-25,-222
1741508640.8204808,74,14,43
1741508640.865481,-4,6,-2
1741508640.911481,-40,-20,-70
1741508640.957481,43,-32,-100
1741508641.002481,-64,-12,-84
1741508641.048481,-16,0,-122
1741508641.094481,-120,87,-2
1741508641.140481,-43,-14,-160
1741508641.1854808,-1,-60,-88
1741508641.2314808,-39,-96,-114
1741508641.2774808,26,31,3
1741508641.322481,48,37,-80
1741508641.368481,-8,9,-4
1741508641.414481,21,-58,-46
1741508641.460481,98,-17,-2
1741508641.505481,-3,-19,-214
1741508641.551481,-71,14,-122
1741508641.597481,26,11,25
1741508641.6424809,-11,-24,-186
1741508641.6884809,22,47,-156
1741508641.7344809,70,53,73
1741508641.7804809,50,-40,-84
1741508641.825481,-51,-38,-182
1741508641.871481,-14,-50,-80
1741508641.917481,39,48,-30
1741508641.962481,11,-36,-38
1741508642.008481,-58,-140,-38
1741508642.054481,-54,-18,-147
1741508642.100481,31,3,-63
1741508642.1454809,57,-16,-101
1741508642.1914809,17,-39,-45
1741508642.2374809,-68,-25,-66
1741508642.282481,-18,61,-49
1741508642.328481,51,-30,-123
1741508642.374481,49,1,-9
1741508642.420481,-54,-43,-89
1741508642.4654808,-44,46,12
1741508642.5114808,-42,-66,-93
1741508642.5574808,47,82,-119
1741508642.602481,69,6,-71
1741508642.648481,-7,-23,-147
1741508642.694481,33,43,-157
1741508642.745481,-8,57,-55
1741508642.791481,3,-45,-95
1741508642.837481,7,26,-93
1741508642.8824809,17,2,-109
1741508642.9284809,81,28,-123
1741508642.9744809,-6,-15,-137
1741508643.019481,47,57,24
1741508643.065481,25,43,-135
1741508643.111481,55,-88,-119
1741508643.1554809,-15,0,-137
1741508643.2014809,28,15,-135
1741508643.2474809,-40,24,52
1741508643.2934809,-64,-53,16
1741508643.338481,-32,28,-59
1741508643.384481,0,-54,-95
1741508643.430481,11,-40,-43
1741508643.475481,-26,-54,-9
1741508643.521481,4,-34,-47
1741508643.5674808,-67,0,-49
1741508643.6134808,-51,-37,8
1741508643.658481,12,-53,-87
1741508643.704481,-32,11,-133
1741508643.750481,-68,-66,-57
1741508643.795481,-108,-32,-106
1741508643.841481,-14,-13,-56
1741508643.887481,-46,64,-104
1741508643.933481,69,-32,-26
1741508643.9784808,39,13,-170
1741508644.0244808,-41,52,-28
1741508644.0704808,63,27,-48
1741508644.115481,7,15,-111
1741508644.161481,77,-34,-15
1741508644.207481,-38,47,-127
1741508644.253481,-54,-32,-137
1741508644.298481,-22,7,-83
1741508644.344481,7,24,-135
1741508644.390481,57,-66,36
1741508644.4354808,79,-26,-69
1741508644.4814808,-48,-42,-113
1741508644.5274808,29,-57,24
1741508644.5734808,-18,42,-5
1741508644.618481,11,50,-63
1741508644.664481,11,0,-101
1741508644.710481,59,-42,-33
1741508644.755481,-24,10,-97
1741508644.801481,3,65,-13
1741508644.847481,-22,45,-83
1741508644.893481,57,9,-85
1741508644.9384809,73,-16,-99
1741508644.9844809,9,-10,-131
1741508645.0304809,58,10,18
1741508645.075481,-21,-41,-83
1741508645.121481,-20,-20,-99
1741508645.167481,-32,-8,2
1741508645.213481,97,-92,-221
1741508645.258481,7,-6,-86
1741508645.304481,-62,10,-16
1741508645.350481,13,63,-88
1741508645.3954809,37,-16,-76
1741508645.4414809,-14,-85,-80
1741508645.4874809,-22,17,-38
1741508645.533481,-114,-25,-142
1741508645.578481,19,49,-190
1741508645.624481,45,-22,-112
1741508645.670481,65,45,-23
1741508645.7154808,47,63,48
1741508645.7614808,31,21,-65
1741508645.8074808,36,9,-25
1741508645.8534808,42,1,-3
1741508645.898481,-32,-10,-117
1741508645.944481,9,3,-35
1741508645.990481,-54,-18,-181
1741508646.035481,-28,19,108
1741508646.081481,-64,29,-115
1741508646.127481,37,-18,-43
1741508646.173481,101,33,-77
1741508646.2184808,54,1,-15
1741508646.2644808,-2,-53,-127
1741508646.3104808,-40,-17,-129
1741508646.355481,51,4,-43
1741508646.401481,69,-27,19
1741508646.447481,9,18,-40
1741508646.493481,11,-36,-20
1741508646.538481,3,-26,-89
1741508646.584481,-60,49,-60
1741508646.630481,-84,-12,-66
1741508646.6754808,17,15,-60
1741508646.7214808,-49,-20,-16
1741508646.7674809,40,67,8
1741508646.8134809,8,66,-133
1741508646.858481,54,18,30
1741508646.904481,44,-23,-103
1741508646.950481,-3,19,-211
1741508646.995481,56,-38,-113
1741508647.041481,21,-3,-55
1741508647.087481,-44,36,-77
1741508647.133481,89,62,-55
1741508647.1784809,-29,43,-233
1741508647.2244809,26,-8,-97
1741508647.2704809,46,41,-187
1741508647.315481,-55,-22,-79
1741508647.361481,-11,15,-89
1741508647.407481,11,71,-18
1741508647.453481,0,-42,-61
1741508647.498481,40,11,-101
1741508647.5444808,-66,13,-95
1741508647.5904808,-65,38,-51
1741508647.6354809,2,-30,-115
1741508647.681481,-19,-80,-93
1741508647.727481,43,-35,-22
1741508647.773481,-41,-29,-107
1741508647.818481,-92,39,-193
1741508647.864481,-13,22,-122
1741508647.910481,-38,29,-49
1741508647.9554808,-14,27,-107
1741508648.0014808,-25,-38,-43
1741508648.0474808,-61,-16,-137
1741508648.0934808,-60,-56,-87
1741508648.138481,0,13,-99
1741508648.184481,-59,-14,-135
1741508648.230481,-11,89,-37
1741508648.275481,10,27,-61
1741508648.321481,3,-26,3
1741508648.367481,29,-48,-18
1741508648.413481,-70,13,-54
1741508648.4584808,-15,0,-78
1741508648.5044808,23,-18,-59
1741508648.5504808,-20,29,-82
1741508648.595481,-39,12,21
1741508648.641481,16,8,-109
1741508648.687481,10,54,-92
1741508648.733481,-30,16,-96
1741508648.778481,40,32,-18
1741508648.824481,36,64,-75
1741508648.870481,-48,-11,-128
1741508648.9154809,-66,4,0
1741508648.9614809,36,8,58
1741508649.0074809,43,-27,-192
1741508649.0534809,2,16,-120
1741508649.098481,0,70,85
1741508649.144481,54,12,-19
1741508649.190481,40,24,-93
1741508649.235481,-55,-85,-39
1741508649.281481,-29,2,-85
1741508649.327481,120,-17,-9
1741508649.373481,34,52,-3
1741508649.4184809,-63,86,-27
1741508649.4644809,6,-45,-87
1741508649.5104809,-17,-48,-55
1741508649.555481,-65,-46,-171
1741508649.601481,-3,23,-101
1741508649.647481,-35,21,-81
1741508649.693481,-61,77,-49
1741508649.7384808,-57,-42,-55
1741508649.7844808,-85,-14,-51
1741508649.8304808,33,0,-5
1741508649.875481,81,19,-177
1741508649.921481,-4,-4,-127
1741508649.967481,-70,-16,-139
1741508650.012481,-28,-34,-99
1741508650.058481,-40,-12,4
1741508650.104481,75,25,-51
1741508650.150481,3,-38,-49
1741508650.1954808,77,-76,-131
1741508650.2414808,-38,-2,-193
1741508650.2874808,-24,25,-149
1741508650.332481,-18,19,-139
1741508650.378481,19,-24,-38
1741508650.424481,-20,43,-32
1741508650.470481,25,-42,-130
1741508650.515481,-57,71,-84
1741508650.561481,-40,33,-176
1741508650.607481,73,13,-68
1741508650.6524808,-12,21,19
1741508650.6984808,13,-12,-46
1741508650.7444808,-6,29,-64
1741508650.7904809,13,33,-56
1741508650.835481,79,1,-126
1741508650.881481,-28,9,-240
1741508650.927481,-18,16,-6
1741508650.972481,-36,-19,-74
1741508651.018481,77,18,-4
1741508651.064481,43,-5,-72
1741508651.110481,-100,26,-24
1741508651.1554809,20,40,-170
1741508651.2014809,5,0,-34
1741508651.2474809,59,-128,-140
1741508651.292481,-12,-16,-44
1741508651.338481,13,-12,-114
1741508651.384481,0,-14,-14
1741508651.430481,43,-92,-106
1741508651.475481,87,-25,-70
1741508651.521481,-18,-26,-64
1741508651.5674808,33,-5,0
1741508651.6124809,-59,-38,-114
1741508651.658481,-37,-46,-83
1741508651.704481,38,37,-123
1741508651.750481,26,-64,74
1741508651.795481,-73,-2,-35
1741508651.841481,-53,-32,-16
1741508651.887481,-20,8,-98
1741508651.9324808,-8,20,28
1741508651.9784808,-20,-9,-65
1741508652.0244808,-54,-24,-35
1741508652.0704808,11,-42,-7
1741508652.115481,-8,-24,-77
1741508652.161481,47,51,-63
1741508652.207481,44,14,-23
1741508652.252481,-22,-14,-43
1741508652.298481,-11,25,-175
1741508652.344481,13,33,-55
1741508652.390481,-53,-29,-195
1741508652.4354808,24,-25,-169
1741508652.4814808,-49,37,-151
1741508652.5274808,-32,61,-99
1741508652.572481,-3,-31,-141
1741508652.618481,13,-31,-17
1741508652.664481,12,5,-59
1741508652.710481,67,31,-97
1741508652.7614808,5,-10,-133
1741508652.8074808,4,-10,-129
1741508652.852481,-33,25,14
1741508652.898481,20,51,-7
1741508652.944481,66,-2,-71
1741508652.990481,71,-40,-175
1741508653.035481,9,-2,-25
1741508653.081481,-2,22,0
1741508653.127481,31,-36,-173
1741508653.1724808,17,75,-29
1741508653.2184808,15,-10,-71
1741508653.2644808,-1,13,-11
1741508653.3104808,73,-22,14
1741508653.355481,-52,3,62
1741508653.401481,13,-4,-49
1741508653.447481,-24,65,-177
1741508653.492481,-24,80,-127
1741508653.538481,-2,10,-83
1741508653.584481,41,-45,-167
1741508653.630481,11,82,4
1741508653.6754808,5,-12,-33
1741508653.7214808,-14,-22,40
1741508653.7674809,-3,25,-51
1741508653.812481,4,-10,-53
1741508653.858481,16,77,-23
1741508653.904481,2,-35,-137
1741508653.950481,6,22,-135
1741508653.995481,-22,-33,-127
1741508654.041481,-43,-52,-135
1741508654.087481,38,11,-17
1741508654.1324809,-101,-26,-71
1741508654.1784809,-19,-84,-100
1741508654.2244809,-47,-88,20
1741508654.2704809,109,50,44
1741508654.315481,24,-43,-179
1741508654.361481,42,-38,-7
1741508654.407481,18,37,-113
1741508654.452481,-1,-56,-115
1741508654.498481,6,11,-197
1741508654.5444808,60,11,-67
1741508654.5904808,-3,-19,-29
1741508654.6354809,120,2,-61
1741508654.681481,18,6,-49
1741508654.727481,0,41,-13
1741508654.772481,-33,-20,-45
1741508654.818481,15,25,2
1741508654.864481,53,-39,-115
1741508654.910481,21,-18,6
1741508654.9554808,-48,-5,22
1741508655.0014808,33,34,-151
1741508655.0474808,39,73,-181
1741508655.092481,-13,-12,-85
1741508655.138481,-63,4,-84
1741508655.184481,27,51,-98
1741508655.230481,49,7,-64
1741508655.275481,16,-40,-98
1741508655.321481,33,149,-124
1741508655.367481,-26,4,-158
1741508655.4124808,31,-6,-114
1741508655.4584808,20,-25,-234
1741508655.5044808,-66,60,-138
1741508655.5504808,-54,41,-42
1741508655.595481,5,0,-84
1741508655.641481,0,39,11
1741508655.687481,27,-20,-78
1741508655.732481,81,-20,-106
1741508655.778481,43,31,-126
1741508655.824481,-30,-2,-156
1741508655.870481,-52,-10,-118
1741508655.9154809,-73,-10,-42
1741508655.9614809,-59,-22,-174
1741508656.0074809,-19,14,-122
1741508656.052481,10,-14,-102
1741508656.098481,-33,22,-180
1741508656.144481,-36,-59,-54
1741508656.190481,-2,-32,-51
1741508656.235481,127,39,-224
1741508656.281481,9,48,23
1741508656.327481,-16,0,-197
1741508656.3724809,-4,-11,-16
1741508656.4184809,-44,-41,-40
1741508656.4644809,-36,-31,-36
1741508656.5104809,55,-35,-58
1741508656.555481,19,-19,-30
1741508656.601481,-56,-70,-116
1741508656.647481,-2,86,5
1741508656.6924808,39,-40,-110
1741508656.7384808,-16,63,-70
1741508656.7844808,45,-2,-96
1741508656.829481,11,-8,73
1741508656.875481,-3,-38,-74
1741508656.921481,-15,55,-32
1741508656.967481,-65,11,-200
1741508657.012481,-41,11,-100
1741508657.058481,62,-24,-30
1741508657.104481,22,-36,-104
1741508657.1494808,0,5,-156
1741508657.1954808,44,-52,31
1741508657.2414808,46,0,-98
1741508657.2874808,-5,-1,-54
1741508657.332481,-25,6,-42
1741508657.378481,-3,-42,-20
1741508657.424481,-49,-44,-52
1741508657.469481,-13,13,59
1741508657.515481,-3,1,-38
1741508657.561481,-21,23,-42
1741508657.607481,4,7,-48
1741508657.6524808,16,9,-227
1741508657.6984808,30,-56,-41
1741508657.7444808,-56,18,0
1741508657.789481,-93,-12,-43
1741508657.835481,14,79,-41
1741508657.881481,75,17,-31
1741508657.927481,67,60,-63
1741508657.972481,-33,11,-111
1741508658.018481,6,5,-63
1741508658.064481,-20,3,-131
1741508658.1094809,-46,-34,-69
1741508658.1554809,-61,0,12
1741508658.2014809,56,58,2
1741508658.2474809,11,-23,-57
1741508658.292481,-34,13,-51
1741508658.338481,9,-34,-27
1741508658.384481,45,-47,20
1741508658.429481,6,-14,-19
1741508658.475481,-36,20,-129
1741508658.521481,0,35,-77
1741508658.5674808,49,3,-73
1741508658.6124809,4,-27,-61
1741508658.658481,11,-26,0
1741508658.704481,-33,68,-40
1741508658.749481,1,12,-89
1741508658.795481,27,2,-40
1741508658.841481,-51,1,-52
1741508658.887481,-7,-8,-48
1741508658.9324808,0,-40,-108
1741508658.9784808,-10,0,-56
1741508659.0244808,-36,-6,-34
1741508659.069481,-74,91,-154
1741508659.115481,23,-44,23
1741508659.161481,-5,0,-114
1741508659.207481,1,-28,-60
1741508659.252481,24,-47,-112
1741508659.298481,-91,-11,17
1741508659.344481,-17,73,-217
1741508659.3894808,-33,-1,-40
1741508659.4354808,58,-45,-110
1741508659.4814808,-11,-1,-208
1741508659.5274808,-13,36,11
1741508659.572481,42,56,-61
1741508659.618481,-71,20,-77
1741508659.664481,-26,60,110
1741508659.709481,41,70,-135
1741508659.755481,49,-13,21
1741508659.801481,-46,-3,-109
1741508659.847481,17,54,-51
1741508659.8924809,34,22,-29
1741508659.9384809,-7,-51,-87
1741508659.9844809,80,4,-235
1741508660.029481,-1,-7,-81
1741508660.075481,38,-2,-103
1741508660.121481,-1,45,-95
1741508660.167481,-90,-24,-51
1741508660.212481,-34,3,-29
1741508660.258481,7,-20,-119
1741508660.304481,45,72,-281
1741508660.3494809,13,-10,-173
1741508660.3954809,25,69,12
1741508660.4414809,17,-15,-21
1741508660.4874809,45,-28,-71
1741508660.532481,51,0,-7
1741508660.578481,19,58,-73
1741508660.624481,7,-17,-167
1741508660.6694808,4,8,14
1741508660.7154808,87,16,-83
1741508660.7614808,-36,30,-217
1741508660.8074808,39,-15,-15
1741508660.852481,-58,10,-89
1741508660.898481,-22,-47,-33
1741508660.944481,-33,34,78
1741508660.989481,87,-7,-45
1741508661.035481,57,-1,-87
1741508661.081481,-26,-65,32
1741508661.127481,5,-34,-31
1741508661.1724808,-18,11,32
1741508661.2184808,-2,-27,-99
1741508661.2644808,-40,-37,0
1741508661.309481,-32,-4,-141
1741508661.355481,9,-41,-57
1741508661.401481,23,47,-138
1741508661.447481,0,-38,-38
1741508661.492481,33,7,-72
1741508661.538481,0,25,53
1741508661.584481,-62,64,-178
1741508661.6294808,89,-28,-190
1741508661.6754808,43,-33,-128
1741508661.7214808,23,-17,-44
1741508661.7674809,-15,46,-142
1741508661.812481,-47,-66,-170
1741508661.858481,-51,-4,-17
1741508661.904481,34,5,-70
1741508661.949481,68,23,-158
1741508661.995481,-14,88,-58
1741508662.041481,-11,4,-84
1741508662.087481,-29,-39,-70
1741508662.1324809,39,38,-160
1741508662.1784809,-58,-7,11
1741508662.2244809,-44,-19,-14
1741508662.269481,-74,-2,-92
1741508662.315481,133,9,-70
1741508662.361481,33,-18,91
1741508662.407481,14,-14,-196
1741508662.452481,35,24,-96
1741508662.498481,-1,-19,-74
1741508662.5444808,-35,-29,-140
1741508662.5894809,-17,-63,-104
1741508662.6354809,-3,30,-116
1741508662.681481,36,0,29
1741508662.727481,-78,-22,-60
1741508662.778481,-12,16,-180
1741508662.824481,-93,36,-28
1741508662.8694808,18,-16,33
1741508662.9154809,-7,-86,-52
1741508662.9614809,26,21,-88
1741508663.0074809,32,51,-132
1741508663.052481,8,-31,-150
1741508663.098481,-27,-35,-188
1741508663.144481,-23,68,-64
1741508663.189481,-63,94,49
1741508663.235481,4,-3,15
1741508663.281481,-7,-41,117
1741508663.327481,40,-17,-92
1741508663.3724809,38,-21,-116
1741508663.4184809,-62,-40,-58
1741508663.4644809,-3,-68,25
1741508663.509481,64,-74,-150
1741508663.555481,34,29,-78
1741508663.601481,-31,35,-114
1741508663.646481,-13,9,-38
1741508663.6924808,44,5,-26
1741508663.7384808,63,-45,-46
1741508663.7844808,51,3,-90
1741508663.829481,-42,-44,-136
1741508663.875481,7,-50,-44
1741508663.921481,-12,75,-20
1741508663.966481,-100,39,-154
1741508664.012481,20,34,-24
1741508664.058481,40,-89,-94
1741508664.104481,88,-23,-112
1741508664.1494808,-23,9,-60
1741508664.1954808,64,-4,-62
1741508664.2414808,-39,-38,-138
1741508664.286481,43,17,-74
1741508664.332481,8,9,-16
1741508664.378481,-18,-24,-84
1741508664.424481,-1,16,-4
1741508664.469481,34,32,-156
1741508664.515481,-29,22,13
1741508664.561481,-11,-14,-162
1741508664.6064808,8,-35,-76
1741508664.6524808,22,33,-170
1741508664.6984808,-9,-29,69
1741508664.7444808,-91,24,-154
1741508664.789481,27,35,1
1741508664.835481,-30,-11,-42
1741508664.881481,31,-7,-118
1741508664.926481,-16,-23,-111
1741508664.972481,-8,-16,-127
1741508665.018481,-23,-5,-30
1741508665.064481,86,-42,-57
1741508665.1094809,32,1,-159
1741508665.1554809,46,-14,-81
1741508665.2014809,-11,-18,-187
1741508665.246481,56,-28,-73
1741508665.292481,-29,-40,-57
1741508665.338481,92,-9,-63
1741508665.384481,23,48,-133
1741508665.429481,19,36,-85
1741508665.475481,-9,-53,-153
1741508665.521481,25,34,-138
1741508665.5664809,19,5,-43
1741508665.6124809,12,-6,-81
1741508665.658481,-91,-30,9
1741508665.704481,24,67,-51
1741508665.749481,-31,-70,-85
1741508665.795481,58,42,-137
1741508665.841481,-31,52,-155
1741508665.8864808,16,-84,-31
1741508665.9324808,-46,42,-141
1741508665.9784808,57,20,-49
1741508666.0244808,80,46,-129
1741508666.069481,-39,16,12
1741508666.115481,4,-41,-103
1741508666.161481,-21,71,-141
1741508666.206481,22,-15,-117
1741508666.252481,-67,20,-37
1741508666.298481,16,-11,-22
1741508666.344481,-19,-41,-22
1741508666.3894808,32,-81,-162
1741508666.4354808,4,-60,-63
1741508666.4814808,0,32,-143
1741508666.526481,-9,-22,-80
1741508666.572481,-43,-33,-98
1741508666.618481,86,0,-74
1741508666.664481,6,39,-3
1741508666.709481,90,9,-241
1741508666.755481,-20,87,-173
1741508666.801481,51,-8,-33
1741508666.8464808,-44,-28,6
1741508666.8924809,58,-45,-161
1741508666.9384809,-65,-25,-85
1741508666.9844809,38,34,-211
1741508667.029481,-13,-62,-159
1741508667.075481,54,59,-97
1741508667.121481,46,-41,-109
1741508667.166481,-3,3,-71
1741508667.212481,-68,-42,-71
1741508667.258481,12,-12,-99
1741508667.304481,98,-3,-159
1741508667.3494809,-15,-51,-11
1741508667.3954809,14,57,-125
1741508667.4414809,30,60,-25
1741508667.486481,48,-74,-125
1741508667.532481,-69,16,-73
1741508667.578481,21,-47,-147
1741508667.624481,75,38,-55
1741508667.6694808,-15,-5,-227
1741508667.7154808,-1,-34,-71
1741508667.7614808,11,34,-107
1741508667.806481,-32,-79,-103
1741508667.852481,21,32,-161
1741508667.898481,0,22,-59
1741508667.944481,6,-11,-87
1741508667.989481,-49,28,-157
1741508668.035481,-39,48,-17
1741508668.081481,-2,12,-25
1741508668.1264808,29,10,-21
1741508668.1724808,-1,-23,-113
1741508668.2184808,4,4,-111
1741508668.2644808,-13,-11,-87
1741508668.309481,-1,-15,-67
1741508668.355481,-9,47,-95
1741508668.401481,82,21,-61
1741508668.446481,5,-29,-61
1741508668.492481,20,78,-125
1741508668.538481,-8,10,-77
1741508668.584481,-104,-19,-61
1741508668.6294808,0,14,-102
1741508668.6754808,31,-31,-8
1741508668.7214808,-42,12,-180
1741508668.765481,37,-57,-90
1741508668.811481,117,30,-68
1741508668.857481,-22,34,-200
1741508668.9024808,60,60,-118
1741508668.9484808,39,40,-56
1741508668.9944808,64,-29,-58
1741508669.0404809,49,-103,-46
1741508669.085481,4,-90,-118
1741508669.131481,-49,90,-102
1741508669.177481,54,-9,-4
1741508669.222481,-5,46,-14
1741508669.268481,-11,-29,-130
1741508669.314481,-35,-23,-126
1741508669.360481,-15,-25,-87
1741508669.4054809,-17,-23,-210
1741508669.4514809,6,54,13
1741508669.4974809,37,0,-66
1741508669.542481,33,22,-42
1741508669.588481,46,-10,-123
1741508669.634481,-11,0,-73
1741508669.680481,44,-32,70
1741508669.725481,-3,-33,-67
1741508669.771481,-33,2,-81
1741508669.8174808,72,-8,-71
1741508669.8624809,-3,15,30
1741508669.908481,-10,-59,-119
1741508669.954481,-7,13,-23
1741508669.999481,66,83,-147
1741508670.045481,36,-12,52
1741508670.091481,-7,-68,-106
1741508670.137481,48,5,-38
1741508670.1824808,28,83,-36
1741508670.2284808,-11,15,-30
1741508670.2744808,-25,-10,-32
1741508670.319481,62,-14,3
1741508670.365481,74,-2,-66
1741508670.411481,-37,-15,-64
1741508670.457481,-36,-11,-138
1741508670.502481,-17,-9,-144
1741508670.548481,4,-20,-118
1741508670.594481,-55,9,-116
1741508670.6394808,16,-14,19
1741508670.6854808,-33,82,-26
1741508670.7314808,-5,-28,-30
1741508670.7774808,32,-16,-66
1741508670.822481,4,-16,-100
1741508670.868481,-3,51,-52
1741508670.914481,111,-3,-64
1741508670.959481,27,14,-4
1741508671.005481,19,49,-134
1741508671.051481,16,-5,-86
1741508671.097481,34,-53,0
1741508671.1424809,8,36,-32
1741508671.1884809,-63,-25,-154
1741508671.2344809,0,-74,-74
1741508671.279481,5,6,-58
1741508671.325481,30,-56,-62
1741508671.371481,-25,-17,1
1741508671.417481,10,0,-142
1741508671.462481,-43,-109,-78
1741508671.508481,-3,-5,-92
1741508671.554481,-23,52,-160
1741508671.5994809,5,12,-108
1741508671.6454809,-24,38,-114
1741508671.6914809,23,-15,-94
1741508671.7374809,7,-16,-92
1741508671.782481,23,61,27
1741508671.828481,45,5,-114
1741508671.874481,27,40,-184
1741508671.9194808,-13,-75,-106
1741508671.9654808,39,-80,-53
1741508672.0114808,1,7,27
1741508672.0574808,65,-26,-180
1741508672.102481,0,1,-28
1741508672.148481,47,-61,-116
1741508672.194481,-30,40,-38
1741508672.239481,23,-114,-149
1741508672.285481,-18,23,-53
1741508672.331481,-10,45,-43
1741508672.377481,-5,29,-5
1741508672.4224808,3,43,-135
1741508672.4684808,-32,25,-55
1741508672.5144808,-44,-12,-99
1741508672.559481,1,-13,34
1741508672.605481,47,-23,-26
1741508672.651481,33,40,-64
1741508672.697481,-32,-13,-59
1741508672.742481,53,-32,-7
1741508672.7944808,-37,-46,-123
1741508672.8394809,-73,-14,-87
1741508672.8854809,-47,-7,-31
1741508672.931481,-71,-52,-65
1741508672.977481,-17,-70,-89
1741508673.022481,18,32,-3
1741508673.068481,-70,-15,-83
1741508673.114481,37,-21,-27
1741508673.1594808,-44,-45,-45
1741508673.2054808,76,-48,-63
1741508673.2514808,54,36,-13
1741508673.2974808,54,-59,0
1741508673.342481,24,72,-89
1741508673.388481,-128,-24,-99
1741508673.434481,35,-22,-119
1741508673.479481,-38,-14,-44
1741508673.525481,-52,3,-121
1741508673.571481,7,-26,-90
1741508673.617481,-47,-15,-22
1741508673.6624808,-66,38,-42
1741508673.7084808,-25,29,-182
1741508673.7544808,41,4,-122
1741508673.799481,-8,14,-166
1741508673.845481,93,0,-114
1741508673.891481,95,-9,-168
1741508673.937481,-20,-13,-84
1741508673.982481,-72,-65,-62
1741508674.028481,-4,-119,-8
1741508674.074481,73,40,-8
1741508674.1194808,43,0,17
1741508674.1654809,-60,-20,-126
1741508674.2114809,-64,50,-42
1741508674.2574809,-14,38,-20
1741508674.302481,-6,-22,36
1741508674.348481,15,19,-9
1741508674.394481,-94,51,-165
1741508674.439481,10,20,-83
1741508674.485481,57,12,-125
1741508674.531481,78,32,30
1741508674.577481,-4,-57,-88
1741508674.6224809,-43,-19,-132
1741508674.6684809,27,-9,-79
1741508674.7144809,1,-19,-61
1741508674.759481,25,-51,-87
1741508674.805481,-53,-19,-23
1741508674.851481,-17,4,50
1741508674.897481,36,16,60
1741508674.9424808,32,0,31
1741508674.9884808,-45,-19,-22
1741508675.0344808,-75,-29,-106
1741508675.079481,-19,-13,-124
1741508675.125481,6,40,-72
1741508675.171481,20,-44,-114
1741508675.217481,-19,9,-52
1741508675.262481,41,-39,-162
1741508675.308481,19,-40,-54
1741508675.354481,101,-50,-8
1741508675.3994808,79,5,-76
1741508675.4454808,-10,17,-30
1741508675.4914808,19,-82,-59
1741508675.5374808,-66,-38,-109
1741508675.582481,-28,-20,-99
1741508675.628481,-8,83,-29
1741508675.674481,9,35,44
1741508675.719481,-32,-56,-55
1741508675.765481,35,-28,-29
1741508675.811481,59,19,-115
1741508675.857481,-6,27,-165
1741508675.9024808,29,66,-95
1741508675.9484808,28,-3,-41
1741508675.9944808,-67,-28,-125
1741508676.039481,-9,29,-10
1741508676.085481,-11,-5,39
1741508676.131481,40,4,-23
1741508676.177481,-73,52,-14
1741508676.222481,-12,27,-84
1741508676.268481,45,10,-22
1741508676.314481,51,-20,-89
1741508676.3594809,-4,-10,12
1741508676.4054809,-14,-8,21
1741508676.4514809,-16,0,-74
1741508676.4974809,32,58,-62
1741508676.542481,-46,3,-36
1741508676.588481,84,-75,-212
1741508676.634481,-7,24,-96
1741508676.679481,-59,64,-186
1741508676.725481,26,-15,-30
1741508676.771481,22,-63,-162
1741508676.8174808,32,-7,-44
1741508676.8624809,-35,65,11
1741508676.908481,-39,11,43
1741508676.954481,-13,-6,-84
1741508676.999481,46,2,-186
1741508677.045481,6,-12,-84
1741508677.091481,32,-31,-18
1741508677.137481,48,-9,-178
1741508677.1824808,-14,37,-50
1741508677.2284808,-60,27,-66
1741508677.2744808,39,-3,81
1741508677.319481,-9,-114,-110
1741508677.365481,-20,-1,29
1741508677.411481,-16,-49,-170
1741508677.456481,-52,-34,-86
1741508677.502481,91,35,-48
1741508677.548481,35,-20,63
1741508677.594481,-6,-46,-94
1741508677.6394808,61,9,-96
1741508677.6854808,-4,-142,-114
1741508677.7314808,22,57,11
1741508677.776481,11,-13,-54
1741508677.822481,-31,99,-94
1741508677.868481,32,-26,-16
1741508677.914481,-5,-56,-136
1741508677.959481,24,11,-106
1741508678.005481,-33,27,-32
1741508678.051481,60,-33,93
1741508678.0964808,46,-56,-38
1741508678.1424809,5,-30,-190
1741508678.1884809,-94,20,-18
1741508678.2344809,89,-53,-94
1741508678.279481,41,11,-62
1741508678.325481,-88,-128,-148
1741508678.371481,-12,15,-14
1741508678.416481,12,44,-36
1741508678.462481,-51,-13,63
1741508678.508481,66,24,-114
1741508678.554481,-11,92,-110
1741508678.5994809,6,84,-60
1741508678.6454809,-5,-45,-111
1741508678.6914809,6,34,49
1741508678.736481,-16,13,-34
1741508678.782481,14,-27,-14
1741508678.828481,-5,40,-98
1741508678.874481,-34,15,7
1741508678.9194808,-59,70,-99
1741508678.9654808,30,-3,-105
1741508679.0114808,36,38,-167
1741508679.056481,110,-1,-51
1741508679.102481,-15,24,-17
1741508679.148481,-37,66,-87
1741508679.194481,-70,21,-83
1741508679.239481,-45,-14,-67
1741508679.285481,-88,-26,-75
1741508679.331481,42,27,-57
1741508679.3764808,-6,-20,-91
1741508679.4224808,105,-100,-99
1741508679.4684808,47,-25,-43
1741508679.5144808,-69,-65,-35
1741508679.559481,-47,12,-35
1741508679.605481,-17,-15,-89
1741508679.651481,-61,62,-25
1741508679.696481,-1,44,-85
1741508679.742481,48,59,-146
1741508679.788481,2,27,-186
1741508679.834481,0,-46,-26
1741508679.8794808,-5,26,-120
1741508679.9254808,29,56,-148
1741508679.9714808,4,-5,-96
1741508680.016481,64,-17,-44
1741508680.062481,-59,-35,-58
1741508680.108481,20,-61,-30
1741508680.154481,-27,-10,-10
1741508680.199481,76,65,3
1741508680.245481,36,35,-56
1741508680.291481,39,24,27
1741508680.3364809,-31,17,-34
1741508680.3824809,-78,67,-110
1741508680.4284809,-33,4,19
1741508680.4744809,-129,11,131
1741508680.519481,37,6,17
1741508680.565481,-16,-86,-40
1741508680.611481,-24,-28,-97
1741508680.656481,-62,-49,-59
1741508680.702481,27,-3,-35
1741508680.748481,-36,16,-87
1741508680.7944808,32,-8,8
1741508680.8394809,-62,19,-139
1741508680.8854809,12,24,-49
1741508680.931481,-73,-31,-127
1741508680.976481,-35,60,-83
1741508681.022481,10,6,-159
1741508681.068481,47,0,-115
1741508681.114481,119,31,-5
1741508681.1594808,0,-14,-55
1741508681.2054808,41,7,-89
1741508681.2514808,12,-1,-101
1741508681.296481,-45,36,-6
1741508681.342481,-39,76,-18
1741508681.388481,53,-5,-122
1741508681.434481,67,-15,-35
1741508681.479481,0,-127,-95
1741508681.525481,-67,16,-110
1741508681.571481,-12,-2,-63
1741508681.6164808,61,-31,-129
1741508681.6624808,-87,54,-101
1741508681.7084808,6,72,-131
1741508681.7544808,60,-57,-39
1741508681.799481,-76,-67,-61
1741508681.845481,-2,26,-111
1741508681.891481,-40,17,-130
1741508681.936481,-103,47,-99
1741508681.982481,28,41,-31
1741508682.028481,27,-3,-79
1741508682.074481,19,31,72
1741508682.1194808,97,-2,-127
1741508682.1654809,125,-96,-137
1741508682.2114809,1,49,-103
1741508682.256481,-106,-25,12
1741508682.302481,-4,-52,-121
1741508682.348481,31,19,44
1741508682.394481,7,-37,-67
1741508682.439481,-66,-31,-71
1741508682.485481,-8,-45,-27
1741508682.531481,-21,5,-25
1741508682.5764809,24,-65,-177
1741508682.6224809,-21,-21,-121
1741508682.6684809,58,18,-129
1741508682.7144809,18,-23,-95
1741508682.765481,16,-19,-69
1741508682.811481,-27,60,-87
1741508682.8564808,-57,19,-131
1741508682.9024808,18,-22,18
1741508682.9484808,-5,-45,-59
1741508682.9944808,-34,-48,-46
1741508683.039481,0,9,-178
1741508683.085481,47,-85,-177
1741508683.131481,-10,30,-73
1741508683.176481,17,30,-95
1741508683.222481,25,2,-95
1741508683.268481,114,-139,-57
1741508683.314481,-19,2,-63
1741508683.3594809,54,-13,-153
1741508683.4054809,-11,-43,-189
1741508683.4514809,46,-21,-71
1741508683.496481,-36,11,4
1741508683.542481,121,9,-61
1741508683.588481,-28,-40,-85
1741508683.634481,-18,7,-143
1741508683.679481,-44,20,-161
1741508683.725481,-145,-46,-107
1741508683.771481,2,-6,-107
1741508683.8164809,-79,18,-79
1741508683.8624809,22,-51,-85
1741508683.908481,-37,-45,-55
1741508683.954481,116,-13,-145
1741508683.999481,-51,-17,-201
1741508684.045481,-17,18,-71
1741508684.091481,10,42,-115
1741508684.1364808,-38,-47,-139
1741508684.1824808,-38,38,-5
1741508684.2284808,-76,40,-97
1741508684.273481,-58,31,-121
1741508684.319481,-28,-15,-59
1741508684.365481,17,60,-55
1741508684.411481,44,40,-89
1741508684.456481,-21,-23,-95
1741508684.502481,-36,23,-157
1741508684.548481,13,-16,4
1741508684.5934808,-54,-22,4
1741508684.6394808,-18,43,-85
1741508684.6854808,63,47,-15
1741508684.7314808,-50,13,-193
1741508684.776481,27,-12,-139
1741508684.822481,41,-18,-15
1741508684.868481,-50,-41,-150
1741508684.913481,-24,10,-51
1741508684.959481,41,64,-113
1741508685.005481,-8,-31,-153
1741508685.051481,-24,14,-117
1741508685.0964808,-46,-97,-65
1741508685.1424809,45,42,-27
1741508685.1884809,48,28,-193
1741508685.233481,-9,-25,-61
1741508685.279481,-25,14,-25
1741508685.325481,-21,-17,-31
1741508685.371481,-24,83,-177
1741508685.416481,-88,25,-85
1741508685.462481,93,-14,-25
1741508685.508481,-37,-5,-32
1741508685.5534809,4,62,-91
1741508685.5994809,58,-77,5
1741508685.6454809,-52,25,-57
1741508685.6914809,-9,30,-125
1741508685.736481,36,-27,-181
1741508685.782481,28,22,-194
1741508685.828481,67,23,-115
1741508685.873481,22,-15,-127
1741508685.9194808,-37,28,-111
1741508685.9654808,22,-9,-198
1741508686.0114808,28,-5,-71
1741508686.056481,76,12,-77
1741508686.102481,-83,-3,-128
1741508686.148481,-66,-9,-95
1741508686.193481,-104,-13,-141
1741508686.239481,-11,-15,-41
1741508686.285481,-37,-41,4
1741508686.331481,23,-32,-51
1741508686.3764808,-35,-42,-97
1741508686.4224808,-49,-20,-91
1741508686.4684808,47,48,-65
1741508686.513481,55,-19,-69
1741508686.559481,-9,24,-87
1741508686.605481,-29,8,-149
1741508686.651481,-45,-63,-51
1741508686.696481,105,-18,-151
1741508686.742481,-48,45,16
1741508686.788481,-18,14,-73
1741508686.8334808,109,-12,62
1741508686.8794808,-62,41,-124
1741508686.9254808,117,23,-184
1741508686.9714808,-4,-8,-144
1741508687.016481,59,16,29
1741508687.062481,31,-67,-154
1741508687.108481,-74,-13,-14
1741508687.153481,-6,-28,-54
1741508687.199481,-57,30,-100
1741508687.245481,82,-68,-150
1741508687.291481,41,-2,-148
1741508687.3364809,21,25,86
1741508687.3824809,-47,-9,-87
1741508687.4284809,42,-62,-142
1741508687.473481,-105,-20,-69
1741508687.519481,20,33,-101
1741508687.565481,-19,81,-125
1741508687.611481,-9,-40,-81
1741508687.656481,-35,9,-111
1741508687.702481,49,-22,-51
1741508687.748481,61,11,-7
1741508687.7934809,-74,51,-99
1741508687.8394809,5,-26,-123
1741508687.8854809,-29,53,-31
1741508687.931481,2,-62,-99
1741508687.976481,-125,-28,-33
1741508688.022481,59,-15,-89
1741508688.068481,19,2,-47
1741508688.1134808,-46,44,-1
1741508688.1594808,-52,-61,-57
1741508688.2054808,13,-11,-97
1741508688.2514808,7,17,-149
1741508688.296481,35,-36,-141
1741508688.342481,19,-18,-72
1741508688.388481,-6,23,-39
1741508688.433481,3,0,-36
1741508688.479481,90,-45,-100
1741508688.525481,62,61,-146
1741508688.571481,-59,2,-86
1741508688.6164808,-45,-13,-94
1741508688.6624808,5,-82,-34
1741508688.7084808,-34,4,-74
1741508688.753481,31,-69,-164
1741508688.799481,59,-79,-120
1741508688.845481,-4,-31,-62
1741508688.891481,53,-41,-40
1741508688.936481,23,-7,-130
1741508688.982481,90,1,-140
1741508689.028481,62,-12,-128
1741508689.0734808,-47,-30,0
1741508689.1194808,-11,-70,-70
1741508689.1654809,2,21,-110
1741508689.2114809,-23,5,-24
1741508689.256481,0,-11,-148
1741508689.302481,-28,-75,-60
1741508689.348481,-46,-69,1
1741508689.393481,69,-51,-66
1741508689.439481,-22,-62,-20
1741508689.485481,55,81,-66
1741508689.531481,11,9,25
1741508689.5764809,23,-18,-36
1741508689.6224809,-34,19,-90
1741508689.6684809,35,-99,-102
1741508689.713481,-8,34,-132
1741508689.759481,36,26,-4
1741508689.805481,-13,-37,-18
1741508689.851481,-56,22,-18
1741508689.896481,-5,-19,-78
1741508689.9424808,21,-57,49
1741508689.9884808,-10,2,-212
1741508690.033481,27,4,-120
1741508690.079481,-24,-13,-52
1741508690.125481,-52,26,-92
1741508690.171481,85,-11,-46
1741508690.216481,-102,-6,-120
1741508690.262481,-33,-19,25
1741508690.308481,-22,12,-86
1741508690.3534808,2,-101,-42
1741508690.3994808,22,-13,-92
1741508690.4454808,39,-42,0
1741508690.4914808,31,-18,-24
1741508690.536481,-18,21,-84
1741508690.582481,-34,9,-32
1741508690.628481,43,26,-30
1741508690.673481,81,-62,-74
1741508690.719481,-7,-95,-156
1741508690.765481,-3,-21,-102
1741508690.811481,-53,20,-130
1741508690.8564808,-23,58,145
1741508690.9024808,29,19,-72
1741508690.9484808,54,-1,-147
1741508690.993481,8,63,-41
1741508691.039481,-75,25,-77
1741508691.085481,-99,41,-3
1741508691.130481,14,-26,-5
1741508691.176481,-35,-8,-89
1741508691.222481,-57,-66,106
1741508691.268481,24,-54,72
1741508691.3134809,-1,3,-9
1741508691.3594809,-35,-62,-109
1741508691.4054809,28,31,-70
1741508691.450481,-101,7,-126
1741508691.496481,2,9,-60
1741508691.542481,22,23,-70
1741508691.588481,-1,-18,3
1741508691.633481,14,47,-64
1741508691.679481,20,-14,-96
1741508691.725481,48,-28,-60
1741508691.7704809,14,3,3
1741508691.8164809,-49,12,-17
1741508691.8624809,22,-49,6
1741508691.908481,4,-15,-81
1741508691.953481,-22,-28,-131
1741508691.999481,-22,-26,42
1741508692.045481,47,7,-23
1741508692.0904808,1,5,-191
1741508692.1364808,-2,56,-215
1741508692.1824808,80,-19,-24
1741508692.2284808,-92,13,-155
1741508692.273481,-64,-47,-90
1741508692.319481,-46,-95,-110
1741508692.365481,9,40,-64
1741508692.410481,39,-37,-102
1741508692.456481,7,-99,-37
1741508692.502481,58,8,-41
1741508692.548481,10,31,78
1741508692.5934808,47,27,-129
1741508692.6394808,-42,-5,-111
1741508692.6854808,-38,47,8
1741508692.730481,53,58,18
1741508692.782481,67,-60,-91
1741508692.828481,-31,13,-84
1741508692.873481,22,-64,-173
1741508692.9194808,-6,28,-177
1741508692.9654808,82,-52,-41
1741508693.0104809,-49,-48,-111
1741508693.056481,-13,-80,-79
1741508693.102481,84,12,-37
1741508693.148481,28,-36,-127
1741508693.193481,44,-62,-65
1741508693.239481,12,37,-115
1741508693.285481,-8,-4,6
1741508693.3304808,-5,-4,-27
1741508693.3764808,-55,35,-5
1741508693.4224808,-25,-87,58
1741508693.4684808,89,-10,-145
1741508693.513481,-11,-22,-41
1741508693.559481,54,-28,-75
1741508693.605481,21,40,-97
1741508693.650481,26,-8,-27
1741508693.696481,-65,-69,-69
1741508693.742481,106,-41,-8
1741508693.788481,54,96,19
1741508693.8334808,16,-31,-4
1741508693.8794808,-20,-22,42
1741508693.9254808,-72,15,-116
1741508693.970481,-25,6,-71
1741508694.016481,-1,-45,-101
1741508694.062481,-51,-5,-90
1741508694.108481,34,-9,-84
1741508694.153481,4,82,-96
1741508694.199481,84,55,-220
1741508694.245481,28,37,-181
1741508694.2904809,20,19,-101
1741508694.3364809,-61,-23,-123
1741508694.3824809,62,-41,-47
1741508694.4284809,-59,-15,8
1741508694.473481,36,22,16
1741508694.519481,6,-41,-57
1741508694.565481,4,-28,-173
1741508694.610481,-57,38,-107
1741508694.656481,14,5,-116
1741508694.702481,-3,31,7
1741508694.748481,-71,23,-124
1741508694.7934809,-7,39,-140
1741508694.8394809,-37,-11,-40
1741508694.8854809,40,2,-128
1741508694.930481,36,-67,-106
1741508694.976481,-25,26,-134
1741508695.022481,-54,-8,-70
1741508695.068481,-41,84,-130
1741508695.1134808,-11,-47,-48
1741508695.1594808,37,-10,-120
1741508695.2054808,57,-6,-69
1741508695.250481,-34,46,-205
1741508695.296481,37,-35,-139
1741508695.342481,19,10,9
1741508695.388481,-45,-15,-58
1741508695.433481,15,-22,49
1741508695.479481,-42,-8,-24
1741508695.525481,41,45,0
1741508695.5704808,47,47,-47
1741508695.6164808,-53,22,-212
1741508695.6624808,44,0,-121
1741508695.7084808,62,16,-108
1741508695.753481,10,22,-24
1741508695.799481,53,0,-38
1741508695.845481,19,-64,-104
1741508695.890481,-46,32,55
1741508695.936481,59,-59,-126
1741508695.982481,-2,30,-110
1741508696.028481,52,77,-74
1741508696.0734808,-20,9,-56
1741508696.1194808,-18,21,-124
1741508696.1654809,-9,-13,-44
1741508696.210481,-121,-27,-26
1741508696.256481,42,38,-162
1741508696.302481,84,69,-124
1741508696.348481,-27,56,-108
1741508696.393481,72,26,-18
1741508696.439481,-4,19,-106
1741508696.485481,-50,17,-102
1741508696.5304809,-4,25,-54
1741508696.5764809,3,-22,-70
1741508696.6224809,117,8,-100
1741508696.6684809,-8,-1,-106
1741508696.713481,-72,-39,13
1741508696.759481,22,14,-112
1741508696.805481,49,116,-172
1741508696.850481,-30,36,-234
1741508696.896481,-65,44,-132
1741508696.9424808,9,-34,-82
1741508696.9884808,-6,56,-118
1741508697.033481,-19,20,-150
1741508697.079481,-24,1,-48
1741508697.125481,97,29,-121
1741508697.170481,35,54,-69
1741508697.216481,-8,94,0
1741508697.262481,70,20,68
1741508697.308481,9,-28,-133
1741508697.3534808,-24,-14,-79
1741508697.3994808,-6,-6,-13
1741508697.4454808,-14,-34,-73
1741508697.490481,65,3,8
1741508697.536481,35,60,-177
1741508697.582481,-16,-58,-7
1741508697.628481,-19,8,-130
1741508697.673481,51,25,-62
1741508697.719481,-33,51,-82
1741508697.765481,-27,50,-142
1741508697.8104808,32,40,-182
1741508697.8564808,23,16,-78
1741508697.9024808,-2,126,-17
1741508697.947481,14,-34,-80
1741508697.993481,-25,-70,-6
1741508698.039481,-53,57,-128
1741508698.085481,33,24,-52
1741508698.130481,-27,-33,-54
1741508698.176481,28,-28,-154
1741508698.222481,-56,-13,-60
1741508698.2674809,49,-27,17
1741508698.3134809,-14,53,-154
1741508698.3594809,5,6,-134
1741508698.4054809,-38,-27,-176
1741508698.450481,2,20,-100
1741508698.496481,-13,-25,-134
1741508698.542481,-119,40,-16
1741508698.587481,12,-7,-100
1741508698.633481,-88,-2,-50
1741508698.679481,-56,-52,-12
1741508698.725481,-40,30,-74
1741508698.7704809,-72,-5,7
1741508698.8164809,0,56,-76
1741508698.8624809,34,-38,-28
1741508698.907481,11,-7,-98
1741508698.953481,43,-53,-154
1741508698.999481,-4,12,13
1741508699.045481,3,-17,-52
1741508699.0904808,7,-44,-128
1741508699.1364808,-46,-99,-14
1741508699.183481,62,-56,-72
1741508699.229481,-45,-22,-88
1741508699.2744808,32,25,-61
1741508699.3204808,-53,20,47
1741508699.3664808,-9,-85,-119
1741508699.411481,29,-40,-79
1741508699.457481,-34,-28,-201
1741508699.503481,15,-20,2
1741508699.549481,45,-44,26
1741508699.594481,-64,-7,-171
1741508699.640481,37,-23,-17
1741508699.686481,24,-15,-85
1741508699.7314808,1,-12,-95
1741508699.7774808,1,13,-119
1741508699.8234808,83,-92,-41
1741508699.8694808,45,-46,-153
1741508699.914481,13,-48,-25
1741508699.960481,-86,51,31
1741508700.006481,9,57,-96
1741508700.051481,69,-112,-70
1741508700.097481,33,29,43
1741508700.143481,0,37,27
1741508700.189481,40,9,-62
1741508700.2344809,-13,-18,-80
1741508700.2804809,-72,15,43
1741508700.3264809,21,-52,-20
1741508700.371481,-66,0,-6
1741508700.417481,27,-37,-146
1741508700.463481,29,-15,-100
1741508700.509481,29,16,-114
1741508700.554481,-42,-47,-118
1741508700.600481,9,-23,-104
1741508700.646481,41,-61,75
1741508700.6914809,39,-37,-128
1741508700.7374809,-53,25,-192
1741508700.783481,-3,3,-88
1741508700.829481,34,-48,-118
1741508700.874481,-54,5,-58
1741508700.920481,-2,-29,-138
1741508700.966481,46,16,27
1741508701.0114808,-15,-6,-88
1741508701.0574808,-35,9,-86
1741508701.1034808,54,23,-180
1741508701.1494808,11,21,-72
1741508701.194481,51,27,-80
1741508701.240481,-1,-8,-43
1741508701.286481,0,37,-125
1741508701.331481,-11,31,-23
1741508701.377481,25,21,32
1741508701.423481,-2,-36,-130
1741508701.469481,-19,12,-183
1741508701.5144808,-6,-30,-31
1741508701.5604808,-23,56,-125
1741508701.6064808,-67,-25,-71
1741508701.651481,11,85,40
1741508701.697481,-85,12,-111
1741508701.743481,62,-53,-91
1741508701.789481,-18,-16,2
1741508701.834481,-6,7,-113
1741508701.880481,-4,-50,38
1741508701.926481,-66,11,-143
1741508701.9714808,-2,-22,80
1741508702.0174809,-44,-62,-87
1741508702.0634809,79,-18,-115
1741508702.1094809,-38,-22,-103
1741508702.154481,-50,83,-151
1741508702.200481,-18,-46,-81
1741508702.246481,-4,-34,-69
1741508702.291481,103,3,-27
1741508702.337481,-38,17,-217
1741508702.383481,19,-20,-63
1741508702.429481,-26,-10,-39
1741508702.4744809,30,-77,-63
1741508702.5204809,78,-35,-21
1741508702.5664809,-12,-8,-85
1741508702.611481,41,47,-87
1741508702.657481,33,-74,53
1741508702.703481,-10,-14,-150
1741508702.749481,-10,18,-183
1741508702.8004808,21,-17,-83
1741508702.8464808,-4,-11,-37
1741508702.891481,56,92,-161
1741508702.937481,33,-46,-141
1741508702.983481,11,-28,-47
1741508703.029481,47,-40,4
1741508703.074481,51,15,-127
1741508703.120481,-11,-7,-135
1741508703.166481,13,-6,-47
1741508703.2114809,-32,59,36
1741508703.2574809,32,-115,-73
1741508703.3034809,-31,-67,-133
1741508703.3494809,120,14,-39
1741508703.394481,13,8,-103
1741508703.440481,-10,52,-155
1741508703.486481,19,-19,-111
1741508703.531481,58,-28,-204
1741508703.577481,-19,2,-82
1741508703.623481,18,18,-174
1741508703.6694808,41,42,-58
1741508703.7144809,-8,-27,23
1741508703.7604809,-16,-17,-84
1741508703.806481,-33,-51,-152
1741508703.851481,-7,-40,-182
1741508703.897481,-5,-33,-28
1741508703.943481,-15,-5,-114
1741508703.989481,26,-9,-40
1741508704.0344808,94,-31,-114
1741508704.0804808,19,67,-184
1741508704.1264808,-8,5,-112
1741508704.171481,-30,37,-16
1741508704.217481,-2,-14,-60
1741508704.263481,45,-22,-4
1741508704.309481,-64,-24,-62
1741508704.354481,55,45,-90
1741508704.400481,83,-1,-60
1741508704.446481,4,30,-68
1741508704.4914808,46,-23,-96
1741508704.5374808,28,46,-118
1741508704.5834808,-125,-16,-42
1741508704.628481,11,-12,-102
1741508704.674481,-45,-13,-70
1741508704.720481,16,-53,-84
1741508704.766481,-26,-18,-98
1741508704.811481,9,45,-130
1741508704.857481,-14,19,-188
1741508704.903481,-12,67,-150
1741508704.9484808,13,21,-102
1741508704.9944808,-7,-1,-106
1741508705.0404809,30,-1,-98
1741508705.0864809,-30,17,-84
1741508705.131481,53,-54,-134
1741508705.177481,-11,-81,-112
1741508705.223481,6,-33,-106
1741508705.268481,-55,8,-28
1741508705.314481,-19,-13,-56
1741508705.360481,81,9,-150
1741508705.406481,-75,74,-89
1741508705.4514809,6,-7,-61
1741508705.4974809,-59,10,-3
1741508705.5434809,-3,-5,-81
1741508705.588481,32,-31,38
1741508705.634481,34,-71,-78
1741508705.680481,-57,36,-55
1741508705.726481,19,-30,-105
1741508705.771481,55,2,-95
1741508705.8174808,59,-1,-117
1741508705.8634808,27,28,-23
1741508705.908481,43,23,-81
1741508705.954481,16,14,-81
1741508706.000481,-43,-35,-85
1741508706.046481,26,52,-99
1741508706.091481,66,7,-145
1741508706.137481,-60,-25,-71
1741508706.183481,71,44,-57
1741508706.2284808,25,-39,18
1741508706.2744808,-2,-16,48
1741508706.3204808,23,13,24
1741508706.3664808,69,-90,-173
1741508706.411481,-38,95,-151
1741508706.457481,25,-16,-97
1741508706.503481,8,29,-29
1741508706.548481,-2,19,-57
1741508706.594481,71,-22,-122
1741508706.640481,27,6,-234
1741508706.686481,-34,-84,-16
1741508706.7314808,45,-24,-96
1741508706.7774808,33,0,-76
1741508706.8234808,3,-8,-174
1741508706.868481,3,-80,-152
1741508706.914481,-38,25,-172
1741508706.960481,6,-28,-56
1741508707.006481,19,25,-14
1741508707.051481,45,-38,-84
1741508707.097481,13,13,-40
1741508707.143481,-38,-26,1
1741508707.1884809,53,-12,-70
1741508707.2344809,31,-30,-120
1741508707.2804809,117,32,24
1741508707.3264809,-24,40,-119
1741508707.371481,-54,68,42
1741508707.417481,-134,2,-33
1741508707.463481,83,-42,-105
1741508707.508481,-4,-36,-5
1741508707.554481,0,1,-31
1741508707.600481,-84,-35,-93
1741508707.646481,31,-47,-17
1741508707.6914809,-25,-10,-109
1741508707.7374809,-3,-27,40
1741508707.783481,-26,-48,-107
1741508707.828481,100,75,-31
1741508707.874481,42,17,-155
1741508707.920481,41,3,-45
1741508707.966481,0,-12,-77
1741508708.0114808,51,25,-163
1741508708.0574808,31,11,-191
1741508708.1034808,16,-27,-95
1741508708.148481,48,-65,-113
1741508708.194481,46,-35,-169
1741508708.240481,4,34,-71
1741508708.286481,-60,-23,2
1741508708.331481,49,-37,1
1741508708.377481,-4,-111,19
1741508708.423481,13,22,-88
1741508708.4684808,-36,-13,-146
1741508708.5144808,33,3,-139
1741508708.5604808,61,53,33
1741508708.6064808,12,-4,-88
1741508708.651481,-56,5,-172
1741508708.697481,3,-100,26
1741508708.743481,35,15,2
1741508708.788481,3,-42,-91
1741508708.834481,127,37,32
1741508708.880481,-50,-33,-104
1741508708.926481,-38,-31,-44
1741508708.9714808,51,-11,-102
1741508709.0174809,-12,2,-84
1741508709.0634809,11,-122,-108
1741508709.108481,27,-23,-56
1741508709.154481,17,0,-34
1741508709.200481,9,86,85
1741508709.246481,-8,102,-62
1741508709.291481,-36,-67,-68
1741508709.337481,-4,12,-68
1741508709.383481,49,79,-132
1741508709.4284809,42,27,-154
1741508709.4744809,58,23,-148
1741508709.5204809,-38,-28,-106
1741508709.5664809,-58,49,-6
1741508709.611481,-12,3,-214
1741508709.657481,-24,17,-62
1741508709.703481,-60,90,77
1741508709.748481,43,8,-158
1741508709.7944808,-30,-36,-94
1741508709.8404808,73,-30,-8
1741508709.8864808,-54,-50,-82
1741508709.931481,63,16,-68
1741508709.977481,29,31,-62
1741508710.023481,-30,3,-176
1741508710.068481,-52,-3,77
1741508710.114481,-30,36,-24
1741508710.160481,0,-15,-102
1741508710.206481,-19,60,-58
1741508710.2514808,-21,12,-104
1741508710.2974808,4,2,-192
1741508710.3434808,2,-47,5
1741508710.388481,37,-29,81
1741508710.434481,38,-17,-40
1741508710.480481,16,-58,77
1741508710.526481,10,52,-188
1741508710.571481,-24,-2,-99
1741508710.617481,5,-10,-115
1741508710.663481,4,0,-147
1741508710.7084808,38,-35,-37
1741508710.7544808,27,2,-105
1741508710.8004808,8,30,-5
1741508710.844481,-35,2,-109
1741508710.890481,21,-33,25
1741508710.936481,20,-31,-15
1741508710.982481,28,4,-103
1741508711.0274808,-46,26,-93
1741508711.0734808,-66,86,-129
1741508711.1194808,-21,58,-175
1741508711.164481,-36,-77,-67
1741508711.210481,33,8,-123
1741508711.256481,66,48,-105
1741508711.302481,-35,-45,-11
1741508711.347481,-9,0,-127
1741508711.393481,49,8,-119
1741508711.439481,-18,20,-221
1741508711.4844809,-12,8,-107
1741508711.5304809,29,-41,-11
1741508711.5764809,1,4,-41
1741508711.621481,-21,36,-68
1741508711.667481,36,44,-2
1741508711.713481,-24,15,-124
1741508711.759481,36,67,-18
1741508711.804481,-8,60,-108
1741508711.850481,-30,0,-130
1741508711.896481,-46,-1,-150
1741508711.9414809,31,30,-109
1741508711.9874809,-6,30,-25
1741508712.033481,-28,-63,-109
1741508712.079481,57,-79,-225
1741508712.124481,-34,-7,-103
1741508712.170481,-6,42,-101
1741508712.216481,-27,0,-131
1741508712.2614808,35,-15,-87
1741508712.3074808,-78,6,-183
1741508712.3534808,-6,-13,-45
1741508712.3994808,53,13,-95
1741508712.444481,-86,41,-9
1741508712.490481,32,-28,-59
1741508712.536481,20,-56,-149
1741508712.581481,5,29,-83
1741508712.627481,59,-24,-125
1741508712.673481,41,47,-112
1741508712.719481,15,-48,-11
1741508712.7644808,-2,-28,-71
1741508712.8164809,67,29,-169
1741508712.861481,57,37,-67
1741508712.907481,-12,-32,-107
1741508712.953481,33,-32,2
1741508712.999481,-36,-90,-83
1741508713.0444808,-12,-50,-93
1741508713.0904808,41,-28,-67
1741508713.1364808,71,-14,-61
1741508713.181481,-20,-14,-179
1741508713.227481,17,-48,-49
1741508713.273481,3,-16,-29
1741508713.319481,-56,-32,-133
1741508713.364481,-20,5,-79
1741508713.410481,6,-26,-35
1741508713.456481,-2,26,-137
1741508713.5014808,8,40,-122
1741508713.5474808,31,5,-37
1741508713.5934808,-66,-18,-35
1741508713.6394808,-12,55,-9
1741508713.684481,11,-102,-147
1741508713.730481,85,-89,34
1741508713.776481,-22,-41,-125
1741508713.821481,76,26,36
1741508713.867481,40,22,-62
1741508713.913481,38,-1,-42
1741508713.959481,-69,-31,-176
1741508714.0044808,10,90,-58
1741508714.0504808,-21,-20,-194
1741508714.0964808,-11,26,-10
1741508714.141481,-11,-13,-90
1741508714.187481,8,40,-122
1741508714.233481,0,26,-54
1741508714.279481,78,14,-92
1741508714.324481,59,-46,-8
1741508714.370481,-124,-22,-32
1741508714.416481,99,49,-70
1741508714.4614809,47,48,-100
1741508714.5074809,80,-35,-37
1741508714.5534809,2,56,26
1741508714.5994809,-74,51,-7
1741508714.644481,-42,-54,-117
1741508714.690481,12,-15,-113
1741508714.736481,8,-35,-79
1741508714.781481,5,-12,-109
1741508714.827481,57,81,44
1741508714.873481,67,9,-69
1741508714.9194808,-94,59,-63
1741508714.9644809,-34,59,-117
1741508715.0104809,-12,-13,-29
1741508715.056481,-28,2,-229
1741508715.101481,-83,-19,2
1741508715.148481,-19,44,-81
1741508715.194481,-34,51,-115
1741508715.240481,-103,-44,-109
1741508715.285481,-15,-24,-101
1741508715.331481,32,5,-71
1741508715.377481,96,25,-109
1741508715.423481,36,1,-93
1741508715.4684808,-1,31,4
1741508715.5144808,-29,-42,-127
1741508715.5604808,-87,44,28
1741508715.605481,11,-51,-67
1741508715.651481,15,-38,-37
1741508715.697481,21,-30,-1
1741508715.743481,85,45,-225
1741508715.788481,-28,11,-57
1741508715.834481,70,-18,-17
1741508715.880481,-6,33,-91
1741508715.9254808,-12,15,-109
1741508715.9714808,69,-18,-19
1741508716.0174809,21,-8,2
1741508716.0634809,33,51,58
1741508716.108481,5,1,-51
1741508716.154481,-46,-6,-17
1741508716.200481,7,27,-71
1741508716.245481,-22,-26,-27
1741508716.291481,18,-4,-3
1741508716.337481,13,17,-111
1741508716.383481,79,43,-105
1741508716.4284809,0,89,-87
1741508716.4744809,37,23,-83
1741508716.5204809,9,17,-103
1741508716.565481,49,5,-32
1741508716.611481,4,99,61
1741508716.657481,-27,-32,5
1741508716.703481,-40,-4,-16
1741508716.748481,43,-64,-52
1741508716.7944808,-70,-22,-62
1741508716.8404808,-40,-34,-104
1741508716.8854809,-82,27,-204
1741508716.931481,20,-65,-42
1741508716.977481,-22,-16,-96
1741508717.023481,-43,-65,-166
1741508717.068481,43,-60,-204
1741508717.114481,-7,16,-100
1741508717.160481,83,-20,-92
1741508717.2054808,21,-24,-92
1741508717.2514808,-14,19,-82
1741508717.2974808,8,6,-84
1741508717.342481,-47,-25,-138
1741508717.388481,8,-23,-122
1741508717.434481,132,21,-64
1741508717.480481,63,24,39
1741508717.525481,27,-5,-152
1741508717.571481,-4,-78,-98
1741508717.617481,91,-2,-197
1741508717.663481,42,-77,-43
1741508717.7084808,-98,-54,-201
1741508717.7544808,39,19,-81
1741508717.8004808,-8,-68,-19
1741508717.845481,-18,-6,66
1741508717.891481,-29,-31,-25
1741508717.937481,-20,-42,-62
1741508717.983481,-1,14,-130
1741508718.028481,-17,-11,-106
1741508718.074481,-16,5,-120
1741508718.120481,-49,-19,-94
1741508718.1654809,-38,53,-10
1741508718.2114809,-19,-45,-152
1741508718.2574809,35,31,-170
1741508718.302481,8,44,81
1741508718.348481,-78,-4,-10
1741508718.394481,29,57,-48
1741508718.440481,41,-14,-100
1741508718.485481,23,33,3
1741508718.531481,17,29,-157
1741508718.577481,21,-20,-54
1741508718.6224809,35,-22,-142
1741508718.6684809,-13,6,-158
1741508718.7144809,0,-1,-59
1741508718.7604809,20,-73,-99
1741508718.805481,-18,-62,-123
1741508718.851481,-14,21,-77
1741508718.897481,-40,-24,-127
1741508718.9424808,11,-4,-169
1741508718.9884808,-16,3,-51
1741508719.0344808,81,11,-133
1741508719.0804808,-36,-2,-199
1741508719.125481,111,-18,22
1741508719.171481,7,-36,-143
1741508719.217481,13,79,-111
1741508719.262481,-50,13,-105
1741508719.308481,-36,35,-79
1741508719.354481,-42,61,-41
1741508719.400481,-5,12,-123
1741508719.4454808,-11,-21,20
1741508719.4914808,-25,-19,-23
1741508719.5374808,42,-33,-243
1741508719.582481,-31,29,-55
1741508719.628481,14,47,-138
1741508719.674481,28,-89,-112
1741508719.720481,-25,19,-41
1741508719.765481,70,50,-89
1741508719.811481,18,-77,-106
1741508719.857481,34,-62,-113
1741508719.9024808,21,50,65
1741508719.9484808,124,-66,-38
1741508719.9944808,92,105,-24
1741508720.0404809,-13,77,-136
1741508720.085481,-31,-6,-105
1741508720.131481,-11,-30,-51
1741508720.177481,-84,-1,8
1741508720.222481,-48,49,-190
1741508720.268481,21,-68,-116
1741508720.314481,35,-26,-97
1741508720.360481,-40,17,-69
1741508720.4054809,-23,-51,-1
1741508720.4514809,-17,-1,-159
1741508720.4974809,-30,-9,-107
1741508720.542481,29,-30,-6
1741508720.588481,24,-40,-126
1741508720.634481,-29,29,18
1741508720.680481,8,73,-69
1741508720.725481,12,-76,25
1741508720.771481,-12,19,-112
1741508720.8174808,-1,-6,-9
1741508720.8624809,-32,-1,-31
1741508720.908481,119,-17,-21
1741508720.954481,25,-33,-117
1741508721.000481,-68,-1,-77
1741508721.045481,-40,-9,-99
1741508721.091481,41,-17,-131
1741508721.137481,-38,18,-55
1741508721.1824808,61,20,-147
1741508721.2284808,-90,0,-83
1741508721.2744808,-73,5,-67
1741508721.3204808,-17,5,-121
1741508721.365481,-5,23,-19
1741508721.411481,5,26,-123
1741508721.457481,25,-51,62
1741508721.502481,-47,10,-195
1741508721.548481,-17,-42,-105
1741508721.594481,-57,-18,-131
1741508721.640481,24,59,-165
1741508721.6854808,-2,-25,-119
1741508721.7314808,-8,24,-23
1741508721.7774808,-43,1,-135
1741508721.822481,6,-2,-125
1741508721.868481,40,-44,-109
1741508721.914481,74,-39,4
1741508721.960481,-1,61,-65
1741508722.005481,26,3,-157
1741508722.051481,36,8,-117
1741508722.097481,46,11,-17
1741508722.1424809,-13,43,-87
1741508722.1884809,26,-22,-23
1741508722.2344809,21,-60,-131
1741508722.2804809,-22,-52,-203
1741508722.325481,29,-2,-85
1741508722.371481,33,0,-153
1741508722.417481,-44,-40,-105
1741508722.462481,31,-7,-113
1741508722.508481,33,-16,-149
1741508722.554481,-48,-64,-51
1741508722.600481,28,-124,-13
1741508722.6454809,53,2,-53
1741508722.6914809,16,-43,-103
1741508722.7374809,-57,0,-173
1741508722.782481,-85,-23,-17
1741508722.834481,28,4,-52
1741508722.880481,-4,-13,-86
1741508722.9254808,-18,-67,-85
1741508722.9714808,-75,-19,-23
1741508723.0174809,68,-40,-133
1741508723.062481,6,15,0
1741508723.108481,-51,17,-70
1741508723.154481,98,-8,-66
1741508723.200481,-5,-31,-90
1741508723.245481,-26,-23,-92
1741508723.291481,-18,-22,-34
1741508723.337481,-64,51,-113
1741508723.3824809,23,83,-43
1741508723.4284809,-76,-78,-67
1741508723.4744809,-54,33,-150
1741508723.5204809,39,3,23
1741508723.565481,59,16,-178
1741508723.611481,-31,-32,-99
1741508723.657481,34,-32,14
1741508723.702481,-29,-33,0
1741508723.748481,-31,26,-34
1741508723.7944808,67,-3,-108
1741508723.8404808,0,32,39
1741508723.8854809,1,20,-88
1741508723.931481,-57,-60,-152
1741508723.977481,-55,-11,-128
1741508724.022481,20,-5,-34
1741508724.068481,-22,35,-10
1741508724.114481,-65,-15,-130
1741508724.160481,36,38,-18
1741508724.2054808,-3,-35,-54
1741508724.2514808,-10,-58,-144
1741508724.2974808,29,-82,-36
1741508724.342481,6,-3,-130
1741508724.388481,6,17,-14
1741508724.434481,-97,-30,-28
1741508724.480481,6,-11,-90
1741508724.525481,-49,-20,77
1741508724.571481,-81,71,-130
1741508724.617481,16,-20,-6
1741508724.6624808,-43,2,-52
1741508724.7084808,-29,-91,-74
1741508724.7544808,-5,-24,-4
1741508724.8004808,16,85,-80
1741508724.845481,8,-18,-8
1741508724.891481,14,-23,41
1741508724.937481,11,4,-56
1741508724.982481,-52,36,-18
1741508725.028481,-33,-3,-80
1741508725.074481,22,27,-128
1741508725.120481,70,-14,-116
1741508725.1654809,-45,35,-22
1741508725.2114809,4,-79,-100
1741508725.2574809,66,-27,-212
1741508725.302481,-11,-2,33
1741508725.348481,-9,41,-212
1741508725.394481,47,-35,17
1741508725.439481,27,26,-132
1741508725.485481,-6,16,-130
1741508725.531481,-38,-3,-178
1741508725.577481,-42,35,-58
1741508725.6224809,50,38,-78
1741508725.6684809,55,12,47
1741508725.7144809,11,-30,-182
1741508725.759481,-26,39,-102
1741508725.804481,1,-68,19
1741508725.850481,-14,55,-84
1741508725.8954809,15,31,-97
1741508725.9414809,21,30,-75
1741508725.9874809,2,-50,-105
1741508726.033481,-51,21,-41
1741508726.078481,-25,-74,-69
1741508726.124481,-61,19,-85
1741508726.170481,-23,25,-179
1741508726.2154808,3,1,8
1741508726.2614808,20,-59,-91
1741508726.3074808,-59,-27,-115
1741508726.3534808,70,56,52
1741508726.398481,5,31,-89
1741508726.444481,65,25,116
1741508726.490481,15,125,-27
1741508726.535481,49,37,112
1741508726.581481,67,-38,-67
1741508726.627481,30,46,-69
1741508726.673481,94,-49,-91
1741508726.7184808,4,60,-67
1741508726.7644808,14,22,-87
1741508726.8104808,-21,-11,52
1741508726.855481,-25,46,-27
1741508726.901481,45,-26,-47
1741508726.947481,-62,35,-241
1741508726.993481,27,27,-65
1741508727.038481,-30,-28,-89
1741508727.084481,-14,50,-39
1741508727.130481,-44,30,-167
1741508727.1754808,-32,-29,-147
1741508727.2214808,-62,-73,-97
1741508727.2674809,-22,-5,-139
1741508727.3134809,47,-33,-63
1741508727.358481,97,0,-91
1741508727.404481,35,-2,58
1741508727.450481,-42,-16,-65
1741508727.495481,53,-16,-179
1741508727.541481,-28,-75,-67
1741508727.587481,-20,-22,-107
1741508727.633481,25,-22,-70
1741508727.6784809,17,-44,-199
1741508727.7244809,-25,-79,2
1741508727.7704809,5,0,-33
1741508727.815481,42,70,-11
1741508727.861481,-10,-4,-115
1741508727.907481,23,-52,-109
1741508727.953481,37,-6,-213
1741508727.998481,82,-63,-221
1741508728.0444808,-33,5,-125
1741508728.0904808,-67,-14,-89
1741508728.1354809,38,32,-65
1741508728.181481,18,30,-219
1741508728.227481,-83,-22,-19
1741508728.273481,10,-1,-89
1741508728.318481,-34,37,-141
1741508728.364481,55,-30,-115
1741508728.410481,-72,-27,-239
1741508728.4554808,-32,44,15
1741508728.5014808,-55,-3,-68
1741508728.5474808,8,-49,-241
1741508728.5934808,-29,-46,-77
1741508728.638481,42,37,-122
1741508728.684481,26,23,-98
1741508728.730481,-41,37,49
1741508728.775481,-37,-80,-138
1741508728.821481,29,-32,38
1741508728.867481,-56,-50,-35
1741508728.913481,-26,15,-139
1741508728.9584808,52,10,-137
1741508729.0044808,30,70,-125
1741508729.0504808,-47,-19,-117
1741508729.095481,11,-34,18
1741508729.141481,42,-41,-161
1741508729.187481,47,-110,-19
1741508729.233481,71,-54,-67
1741508729.278481,-10,-8,-15
1741508729.324481,53,-2,-67
1741508729.370481,26,-17,-151
1741508729.4154809,4,-29,-111
1741508729.4614809,2,-33,-135
1741508729.5074809,0,-37,-87
1741508729.5534809,107,83,-25
1741508729.598481,15,-71,-127
1741508729.644481,37,55,-51
1741508729.690481,-20,-14,18
1741508729.735481,-16,9,-73
1741508729.781481,47,-84,-5
1741508729.827481,-4,21,-89
1741508729.873481,14,-45,-35
1741508729.9184809,-64,15,-67
1741508729.9644809,-25,-71,-81
1741508730.0104809,29,17,-87
1741508730.055481,-9,114,-179
1741508730.101481,-35,12,-121
1741508730.147481,22,-13,18
1741508730.193481,12,18,-143
1741508730.2384808,9,-64,-113
1741508730.2844808,51,19,-135
1741508730.3304808,1,-6,-95
1741508730.375481,-62,-50,146
1741508730.421481,87,-4,-5
1741508730.467481,32,-39,-57
1741508730.513481,-46,0,-173
1741508730.558481,23,-18,-141
1741508730.604481,20,-41,-180
1741508730.650481,-61,-15,-41
1741508730.6954808,24,-52,-15
1741508730.7414808,16,-35,-151
1741508730.7874808,40,20,-83
1741508730.8334808,-31,-27,-63
1741508730.878481,-57,16,36
1741508730.924481,-11,-49,-181
1741508730.970481,-37,-77,-81
1741508731.015481,26,-33,-75
1741508731.061481,56,-17,-109
1741508731.107481,40,-21,16
1741508731.153481,-38,28,52
1741508731.1984808,18,18,-65
1741508731.2444808,14,-29,-57
1741508731.2904809,-21,4,-137
1741508731.335481,63,-3,-115
1741508731.381481,39,4,-129
1741508731.427481,-3,-58,-47
1741508731.473481,0,-74,-13
1741508731.518481,-58,-2,-55
1741508731.564481,-5,-57,-35
1741508731.610481,38,-25,-189
1741508731.6554809,54,0,-123
1741508731.7014809,-10,-36,-163
1741508731.7474809,31,79,-131
1741508731.7934809,7,95,-167
1741508731.838481,23,-40,70
1741508731.884481,-36,-30,-39
1741508731.930481,73,-38,-91
1741508731.975481,-62,13,-9
1741508732.021481,57,-3,-127
1741508732.0674808,45,56,-75
1741508732.1124809,10,-12,-53
1741508732.158481,-41,-12,-45
1741508732.204481,34,-56,0
1741508732.250481,-15,58,-201
1741508732.295481,0,-57,38
1741508732.341481,13,24,-172
1741508732.387481,22,-53,-37
1741508732.4324808,35,-28,-177
1741508732.4784808,-45,-69,-33
1741508732.5244808,14,-36,-168
1741508732.5704808,-57,-28,-158
1741508732.615481,42,-23,17
1741508732.661481,15,48,-120
1741508732.707481,21,-40,-42
1741508732.752481,18,42,-102
1741508732.804481,18,-5,31
1741508732.850481,-33,-19,-160
1741508732.8954809,-31,-34,-102
1741508732.9414809,-19,1,-184
1741508732.9874809,18,41,-120
1741508733.032481,-53,-6,9
1741508733.078481,8,-8,-12
1741508733.124481,-39,7,-116
1741508733.170481,-52,-17,-20
1741508733.2154808,83,36,-112
1741508733.2614808,5,4,-146
1741508733.3074808,-22,-73,-18
1741508733.352481,27,34,-78
1741508733.398481,-50,-19,-16
1741508733.444481,34,23,-182
1741508733.490481,-43,-42,-108
1741508733.535481,108,-7,-36
1741508733.581481,-10,-70,-124
1741508733.627481,3,73,-46
1741508733.6724808,-29,-3,-56
1741508733.7184808,-1,-7,-112
1741508733.7644808,44,-79,-230
1741508733.8104808,1,-29,-4
1741508733.855481,7,30,13
1741508733.901481,47,95,-12
1741508733.947481,-2,-36,-40
1741508733.992481,35,41,-124
1741508734.038481,15,-20,-124
1741508734.084481,35,-2,-34
1741508734.130481,21,15,-144
1741508734.1754808,33,39,-16
1741508734.2214808,-29,9,-84
1741508734.2674809,-20,-50,-118
1741508734.312481,-14,68,-56
1741508734.358481,43,-9,-64
1741508734.404481,-40,26,-72
1741508734.450481,21,-42,-173
1741508734.495481,37,-33,-195
1741508734.541481,47,4,-39
1741508734.587481,96,-73,-17
1741508734.6324809,3,-74,-108
1741508734.6784809,-1,33,-74
1741508734.7244809,-70,22,-125
1741508734.7704809,7,-13,-77
1741508734.815481,-38,8,-27
1741508734.861481,17,-23,-9
1741508734.907481,21,66,-15
1741508734.952481,-40,-43,-43
1741508734.998481,-6,46,-79
1741508735.0444808,27,17,-123
1741508735.0904808,-62,20,-55
1741508735.1354809,36,83,-95
1741508735.181481,-5,-62,-123
1741508735.227481,17,-77,-11
1741508735.272481,96,-7,-103
1741508735.318481,54,-19,-43
1741508735.364481,13,27,-89
1741508735.410481,-12,-60,94
1741508735.4554808,-12,-45,-3
1741508735.5014808,-83,-33,-165
1741508735.5474808,-52,10,-17
1741508735.592481,-31,40,-43
1741508735.638481,3,-19,-125
1741508735.684481,-28,60,-57
1741508735.730481,61,-57,-45
1741508735.775481,35,-37,-27
1741508735.821481,72,-78,-19
1741508735.867481,57,27,-55
1741508735.9124808,25,15,-99
1741508735.9584808,-18,27,82
1741508736.0044808,87,3,-31
1741508736.0504808,36,17,-203
1741508736.095481,-78,7,-2
1741508736.141481,-42,-7,7
1741508736.187481,23,-67,-40
1741508736.232481,13,-18,-96
1741508736.278481,72,-48,-64
1741508736.324481,2,11,-38
1741508736.370481,48,49,-102
1741508736.4154809,28,-52,-166
1741508736.4614809,30,-52,-36
1741508736.5074809,60,67,-58
1741508736.552481,0,59,-60
1741508736.598481,6,-34,-34
1741508736.644481,-62,69,-66
1741508736.690481,67,47,-128
1741508736.735481,-2,29,-90
1741508736.781481,-2,3,-76
1741508736.827481,72,27,-156
1741508736.8724809,-15,21,-86
1741508736.9184809,-53,46,-108
1741508736.9644809,-59,-18,-28
1741508737.0104809,16,-1,-192
1741508737.055481,-1,-11,-236
1741508737.101481,72,-31,-185
1741508737.147481,36,-84,-95
1741508737.1924808,-25,25,-195
1741508737.2384808,12,-37,-77
1741508737.2844808,16,-67,-55
1741508737.3304808,92,-21,-97
1741508737.375481,41,13,-51
1741508737.421481,-89,51,-21
1741508737.467481,-29,-30,-83
1741508737.512481,-33,15,-219
1741508737.558481,54,7,-63
1741508737.604481,-62,-29,-107
1741508737.650481,7,24,-65
1741508737.6954808,35,-19,-25
1741508737.7414808,-39,-34,-115
1741508737.7874808,12,-16,-101
1741508737.832481,-54,44,-118
1741508737.878481,-28,-29,-144
1741508737.924481,-19,-48,-112
1741508737.970481,-50,-12,-156
1741508738.015481,21,65,32
1741508738.061481,103,-42,-69
1741508738.107481,28,-61,14
1741508738.1524808,13,-19,-132
1741508738.1984808,9,-3,-137
1741508738.2444808,-19,-15,-128
1741508738.2904809,-4,61,-14
1741508738.335481,7,21,-20
1741508738.381481,-49,66,-44
1741508738.427481,72,46,-123
1741508738.472481,-38,-27,-3
1741508738.518481,3,8,-85
1741508738.564481,1,32,-131
1741508738.610481,-50,-5,-113
1741508738.6554809,45,-63,-93
1741508738.7014809,-10,20,-113
1741508738.7474809,37,54,-129
1741508738.792481,-94,-11,-121
1741508738.838481,-11,-34,-189
1741508738.884481,-35,-21,-83
1741508738.930481,24,0,-107
1741508738.975481,-73,7,16
1741508739.021481,0,-5,-28
1741508739.0674808,-105,-36,-134
1741508739.1124809,-21,1,-80
1741508739.158481,8,-15,-52
1741508739.204481,-2,-62,-112
1741508739.249481,-60,-22,-14
1741508739.295481,18,56,-74
1741508739.341481,-7,-11,1
1741508739.387481,28,-20,-130
1741508739.4324808,30,22,-130
1741508739.4784808,40,-39,-160
1741508739.5244808,30,-1,-86
1741508739.569481,46,13,-212
1741508739.615481,32,41,-25
1741508739.661481,130,23,-145
1741508739.707481,-83,39,-115
1741508739.752481,76,22,-117
1741508739.798481,2,47,-62
1741508739.844481,-7,-39,-10
1741508739.8894808,46,36,-84
1741508739.9354808,-121,-57,-14
1741508739.9814808,-12,-25,-42
1741508740.0274808,-129,-55,-22
1741508740.072481,21,-10,85
1741508740.118481,-73,-24,9
1741508740.164481,-65,41,-58
1741508740.209481,-91,-60,-95
1741508740.255481,-53,-22,-176
1741508740.301481,-39,45,-88
1741508740.347481,0,1,-58
1741508740.3924809,-17,-32,-61
1741508740.4384809,28,-33,-192
1741508740.4844809,-21,-7,-57
1741508740.529481,-43,-55,-33
1741508740.575481,-7,-35,-44
1741508740.621481,68,-50,-52
1741508740.667481,94,1,-146
1741508740.712481,30,10,-168
1741508740.759481,14,-32,-164
1741508740.805481,32,-1,-112
1741508740.851481,-21,22,-27
1741508740.896481,5,-5,-143
1741508740.9424808,52,-43,-131
1741508740.9884808,18,-33,-180
1741508741.033481,62,-61,-22
1741508741.079481,-21,-1,-171
1741508741.125481,-22,17,12
1741508741.171481,-2,-46,-61
1741508741.216481,-35,14,-45
1741508741.262481,-93,48,-201
1741508741.308481,39,-38,-183
1741508741.3534808,20,82,-151
1741508741.3994808,91,-52,-23
1741508741.4454808,10,67,78
1741508741.4914808,11,-32,10
1741508741.536481,-42,-6,42
1741508741.582481,91,41,-91
1741508741.628481,-6,-26,-83
1741508741.673481,1,-62,-183
1741508741.719481,-34,0,-57
1741508741.765481,-60,33,-133
1741508741.811481,73,-20,-81
1741508741.8564808,67,-8,-13
1741508741.9024808,-2,7,-89
1741508741.9484808,-49,-13,-97
1741508741.993481,-31,30,70
1741508742.039481,37,-4,-119
1741508742.085481,-50,-68,-69
1741508742.131481,47,65,-117
1741508742.176481,-48,5,-30
1741508742.222481,17,-26,-101
1741508742.268481,79,-16,-100
1741508742.3134809,-3,-4,-134
1741508742.3594809,-9,-36,-80
1741508742.4054809,-103,-6,82
1741508742.4514809,-65,5,-81
1741508742.496481,-65,-20,-43
1741508742.542481,-69,-28,-137
1741508742.588481,-75,43,54
1741508742.633481,-3,9,-165
1741508742.679481,-4,-43,8
1741508742.725481,-10,40,-157
1741508742.771481,-86,47,-27
1741508742.822481,-16,-10,-75
1741508742.868481,-72,-14,-169
1741508742.913481,0,4,-91
1741508742.959481,-11,-15,-97
1741508743.005481,71,-8,-111
1741508743.051481,-17,-17,-155
1741508743.0964808,41,-54,-101
1741508743.1424809,-4,7,-53
1741508743.1884809,4,-46,-47
1741508743.233481,30,23,-119
1741508743.279481,18,-68,108
1741508743.325481,107,-16,-137
1741508743.371481,-8,0,-75
1741508743.416481,-53,-24,-175
1741508743.462481,4,-15,-39
1741508743.508481,59,-7,-93
1741508743.5534809,-44,11,-89
1741508743.5994809,33,41,-113
1741508743.6454809,19,-1,-139
1741508743.6914809,5,-16,-15
1741508743.736481,45,-31,-55
1741508743.782481,-5,-27,0
1741508743.828481,-18,-55,-57
1741508743.873481,-4,22,-74
1741508743.9194808,-26,-57,-31
1741508743.9654808,70,-8,-60
1741508744.0114808,-70,-11,-59
1741508744.056481,-64,32,-141
1741508744.102481,13,0,-137
1741508744.148481,-58,-53,-107
1741508744.193481,-32,4,1
1741508744.239481,-30,67,-140
1741508744.285481,0,-38,8
1741508744.331481,47,-2,-63
1741508744.3764808,80,-4,-45
1741508744.4224808,-70,11,-105
1741508744.4684808,-16,32,-141
1741508744.513481,-38,68,-29
1741508744.559481,-92,-17,-99
1741508744.605481,53,-19,-77
1741508744.651481,17,4,-11
1741508744.696481,-12,-11,-85
1741508744.742481,57,-9,-129
1741508744.788481,-20,-55,-199
1741508744.8334808,69,35,-227
1741508744.8794808,41,21,34
1741508744.9254808,-82,48,-61
1741508744.9714808,31,25,74
1741508745.016481,-54,-76,46
1741508745.062481,64,-67,-163
1741508745.108481,-24,-15,-3
1741508745.153481,23,-15,-53
1741508745.199481,-45,18,-33
1741508745.245481,-15,-105,-87
1741508745.291481,38,68,58
1741508745.3364809,-8,-48,-173
1741508745.3824809,-38,11,16
1741508745.4284809,60,20,-21
1741508745.473481,40,-7,-53
1741508745.519481,-12,30,-55
1741508745.565481,-14,-49,-47
1741508745.611481,-12,48,32
1741508745.656481,-16,-75,-106
1741508745.702481,-22,40,51
1741508745.748481,-8,19,-100
1741508745.7934809,33,21,-14
1741508745.8394809,-26,-6,-104
1741508745.8854809,37,9,-72
1741508745.930481,87,-56,-64
1741508745.976481,19,-26,-188
1741508746.022481,27,-22,-98
1741508746.068481,-13,-36,47
1741508746.1134808,10,-78,-106
1741508746.1594808,-11,19,-146
1741508746.2054808,-39,34,-151
1741508746.250481,8,-10,-8
1741508746.296481,-21,7,-62
1741508746.342481,-20,61,-66
1741508746.388481,-14,-50,-76
1741508746.433481,65,-32,-2
1741508746.479481,1,23,-53
1741508746.525481,52,-79,-29
1741508746.5704808,4,-61,15
1741508746.6164808,-56,-18,-42
1741508746.6624808,47,25,-18
1741508746.7084808,-16,-42,-57
1741508746.753481,25,61,-127
1741508746.799481,32,8,150
1741508746.845481,6,-11,60
1741508746.890481,-3,81,-49
1741508746.936481,-32,30,-161
1741508746.982481,-7,10,-193
1741508747.028481,75,-26,-171
1741508747.0734808,-22,47,-103
1741508747.1194808,-3,-17,-233
1741508747.1654809,4,40,-207
1741508747.210481,50,-75,32
1741508747.256481,67,44,-98
1741508747.302481,-26,-23,-84
1741508747.348481,72,-48,-22
1741508747.393481,61,14,-140
1741508747.439481,77,-97,-69
1741508747.485481,79,-43,86
1741508747.5304809,-50,-81,-192
1741508747.5764809,21,70,-161
1741508747.6224809,-14,-41,-103
1741508747.6684809,-52,8,-49
1741508747.713481,49,-21,-53
1741508747.759481,-26,-37,40
1741508747.805481,29,130,-75
1741508747.850481,3,20,-9
1741508747.896481,70,0,-31
1741508747.9424808,56,6,-63
1741508747.9884808,31,-57,-157
1741508748.033481,27,-19,6
1741508748.079481,-40,-50,-3
1741508748.125481,-22,-21,-137
1741508748.170481,26,34,-63
1741508748.216481,18,26,-61
1741508748.262481,8,22,-205
1741508748.308481,5,67,44
1741508748.3534808,111,11,-63
1741508748.3994808,-47,-51,-83
1741508748.4454808,-10,-29,38
1741508748.490481,-46,48,-47
1741508748.536481,-71,-72,-33
1741508748.582481,28,75,-101
1741508748.628481,-24,-52,-11
1741508748.673481,46,37,-37
1741508748.719481,-10,17,-19
1741508748.765481,-125,-32,-55
1741508748.8104808,-77,-32,-171
1741508748.8564808,14,21,16
1741508748.9024808,-11,49,-105
1741508748.9484808,-35,-3,-123
1741508748.993481,0,-83,100
1741508749.039481,-3,-27,-233
1741508749.085481,29,60,-57
1741508749.130481,31,-41,2
1741508749.176481,-2,-81,-111
1741508749.222481,39,-20,8
1741508749.268481,-49,16,-165
1741508749.3134809,86,10,-107
1741508749.3594809,4,19,-197
1741508749.4054809,14,29,-189
1741508749.450481,79,-10,-85
1741508749.496481,39,-19,-163
1741508749.542481,26,14,-155
1741508749.588481,-1,-65,-35
1741508749.633481,4,-18,-71
1741508749.679481,-38,44,-55
1741508749.725481,31,-46,-95
1741508749.7704809,9,-17,-93
1741508749.8164809,31,-1,-105
1741508749.8624809,69,71,40
1741508749.908481,-78,71,-137
1741508749.953481,43,-10,-101
1741508749.999481,-30,51,-29
1741508750.045481,-26,-61,-101
1741508750.0904808,9,24,-51
1741508750.1364808,11,-32,-61
1741508750.1824808,75,-78,-43
1741508750.2284808,-5,-85,-93
1741508750.273481,-13,-9,-75
1741508750.319481,-76,2,-173
1741508750.365481,10,62,-129
1741508750.410481,-29,-91,6
1741508750.456481,51,-36,-121
1741508750.502481,67,-56,-111
1741508750.548481,-12,-8,-55
1741508750.5934808,-44,-13,-103
1741508750.6394808,-38,-5,-159
1741508750.6854808,-81,24,-145
1741508750.730481,74,-13,-105
1741508750.776481,6,-21,78
1741508750.822481,6,-75,-21
1741508750.868481,31,-152,-1
1741508750.913481,-5,-3,-45
1741508750.959481,11,96,-71
1741508751.005481,78,-29,-93
1741508751.0504808,42,-7,4
1741508751.0964808,8,-40,-125
1741508751.1424809,44,37,-87
1741508751.1884809,-15,-20,-77
1741508751.233481,0,-24,-29
1741508751.279481,26,0,-125
1741508751.325481,26,-22,-119
1741508751.370481,-13,27,-63
1741508751.416481,71,8,-67
1741508751.462481,6,1,-85
1741508751.508481,16,-22,-31
1741508751.5534809,-7,-14,-51
1741508751.5994809,10,18,-239
1741508751.6454809,19,-12,-17
1741508751.690481,123,-8,-35
1741508751.736481,14,86,-113
1741508751.782481,28,53,-105
1741508751.828481,-2,-26,-27
1741508751.873481,74,-34,-21
1741508751.9194808,-5,-48,-53
1741508751.9654808,23,-30,-39
1741508752.0104809,-42,-29,-137
1741508752.056481,-5,21,-141
1741508752.102481,3,19,-121
1741508752.148481,3,15,10
1741508752.193481,-22,47,-107
1741508752.239481,3,0,-217
1741508752.285481,53,1,20
1741508752.3304808,19,-33,-151
1741508752.3764808,-26,64,-95
1741508752.4224808,-4,-43,-47
1741508752.4684808,66,-101,-111
1741508752.513481,-78,-17,-9
1741508752.559481,-60,7,-11
1741508752.605481,-29,-42,-7
1741508752.650481,-18,-44,-57
1741508752.696481,-80,-17,-139
1741508752.742481,63,-9,-47
1741508752.7874808,25,-45,-49
1741508752.8394809,-16,10,-31
1741508752.8854809,25,-11,2
1741508752.930481,19,98,-151
1741508752.976481,29,-17,-101
1741508753.022481,-16,40,-67
1741508753.0674808,39,24,-55
1741508753.1134808,-52,-67,-10
1741508753.1594808,-98,-37,85
1741508753.2054808,33,-9,-222
1741508753.250481,11,30,-76
1741508753.296481,55,19,-134
1741508753.342481,22,33,1
1741508753.387481,-5,-20,-120
1741508753.433481,24,-48,0
1741508753.479481,1,-35,-58
1741508753.525481,71,66,-112
1741508753.5704808,11,-33,-180
1741508753.6164808,-44,24,-8
1741508753.6624808,41,24,35
1741508753.707481,43,70,-134
1741508753.753481,-42,-5,-26
1741508753.799481,44,32,3
1741508753.845481,20,-34,-158
1741508753.890481,-69,40,3
1741508753.936481,48,-61,-122
1741508753.982481,-26,-46,-10
1741508754.0274808,-16,0,-90
1741508754.0734808,73,-32,-94
1741508754.1194808,-22,7,-44
1741508754.1654809,-5,-5,-130
1741508754.210481,43,53,-12
1741508754.256481,21,11,-12
1741508754.302481,-42,37,-38
1741508754.347481,-84,6,-184
1741508754.393481,64,-7,-248
1741508754.439481,0,14,-58
1741508754.485481,-22,36,-42
1741508754.5304809,-30,54,-48
1741508754.5764809,6,25,-48
1741508754.6224809,38,-44,-2
1741508754.667481,-51,16,-88
1741508754.713481,-60,-76,-64
1741508754.759481,60,-39,73
1741508754.805481,-3,-35,-20
1741508754.850481,0,-41,11
1741508754.896481,112,6,-140
1741508754.9424808,-65,40,-52
1741508754.9874809,30,-37,-176
1741508755.033481,-3,18,-54
1741508755.079481,68,-49,-76
1741508755.125481,-7,2,25
1741508755.170481,36,-51,-32
1741508755.216481,-60,4,-72
1741508755.262481,28,34,-89
1741508755.3074808,39,-30,-144
1741508755.3534808,-97,-37,-151
1741508755.3994808,-43,110,-123
1741508755.4454808,-4,-24,-182
1741508755.490481,25,-18,-120
1741508755.536481,31,1,-107
1741508755.582481,-25,43,-83
1741508755.627481,18,9,-77
1741508755.673481,46,-36,-95
1741508755.719481,-30,-12,-21
1741508755.765481,9,-38,18
1741508755.8104808,5,63,-149
1741508755.8564808,-50,-18,-175
1741508755.9024808,-70,-34,50
1741508755.947481,39,-18,-57
1741508755.993481,-14,53,-71
1741508756.039481,-28,57,-59
1741508756.085481,-20,49,-87
1741508756.130481,26,48,-135
1741508756.176481,-48,13,-35
1741508756.222481,25,-26,-31
1741508756.2674809,25,23,-1
1741508756.3134809,33,-2,-17
1741508756.3594809,-8,-20,68
1741508756.4054809,-62,2,-127
1741508756.450481,23,-76,20
1741508756.496481,-24,4,-131
1741508756.542481,-122,-14,18
1741508756.587481,-7,13,-125
1741508756.633481,68,34,-107
1741508756.679481,72,-3,-49
1741508756.725481,50,-8,44
1741508756.7704809,11,67,-127
1741508756.8164809,-22,-14,-17
1741508756.8624809,-64,9,12
1741508756.907481,11,-59,-163
1741508756.953481,11,14,28
1741508756.999481,-76,-25,-31
1741508757.045481,101,-49,-25
1741508757.0904808,-16,-31,47
1741508757.1364808,-21,-55,-56
1741508757.1824808,-40,-61,-100
1741508757.227481,42,62,-150
1741508757.273481,39,7,-84
1741508757.319481,-33,35,-112
1741508757.365481,-77,-30,-64
1741508757.410481,14,28,-208
1741508757.456481,-45,-34,-112
1741508757.502481,-51,-26,-92
1741508757.5474808,-22,-44,-186
1741508757.5934808,-54,-78,-52
1741508757.6394808,40,9,-82
1741508757.6854808,36,-13,-164
1741508757.730481,-28,-4,-142
1741508757.776481,-4,28,-96
1741508757.822481,-48,-9,-70
1741508757.867481,29,-23,0
1741508757.913481,-44,10,-122
1741508757.959481,-34,81,-38
1741508758.005481,-38,45,-138
1741508758.0504808,31,45,-152
1741508758.0964808,11,-44,-72
1741508758.1424809,-32,17,-150
1741508758.187481,4,42,-124
1741508758.233481,48,-57,-88
1741508758.279481,48,-15,-116
1741508758.325481,66,64,-12
1741508758.370481,24,32,-20
1741508758.416481,-26,-14,-44
1741508758.462481,-10,-28,15
1741508758.5074809,-14,31,-90
1741508758.5534809,-10,-14,-230
1741508758.5994809,27,-45,-50
1741508758.6454809,-51,34,-6
1741508758.690481,-59,22,-250
1741508758.736481,17,-60,-46
1741508758.782481,45,63,-46
1741508758.827481,39,-22,-136
1741508758.873481,21,29,-28
1741508758.9194808,-25,6,-98
1741508758.9654808,117,13,-60
1741508759.0104809,-29,-53,-10
1741508759.056481,9,13,-16
1741508759.102481,-24,-7,-32
1741508759.147481,51,10,-142
1741508759.193481,-46,-34,-148
1741508759.239481,41,11,-92
1741508759.285481,-6,35,-196
1741508759.3304808,27,-14,-144
1741508759.3764808,0,-8,-148
1741508759.4224808,35,35,-100
1741508759.467481,16,-45,-50
1741508759.513481,-63,33,-68
1741508759.559481,-35,-19,-190
1741508759.604481,0,42,-60
1741508759.650481,32,30,0
1741508759.696481,-13,16,-142
1741508759.742481,23,17,-70
1741508759.7874808,75,23,-74
1741508759.8334808,-37,-55,31
1741508759.8794808,-49,-45,-122
1741508759.924481,-25,-59,18
1741508759.970481,-20,-46,-97
1741508760.016481,41,-18,-97
1741508760.062481,-6,-78,-2
1741508760.107481,39,93,-1
1741508760.153481,-44,-2,-51
1741508760.199481,-86,22,-119
1741508760.2444808,51,18,-157
1741508760.2904809,39,5,-165
1741508760.3364809,-20,-44,-177
1741508760.3824809,0,-2,-151
1741508760.427481,51,-90,-127
1741508760.473481,56,-28,52
1741508760.519481,6,-34,-24
1741508760.564481,-47,-74,-88
1741508760.610481,-7,21,-38
1741508760.656481,48,-88,-6
1741508760.702481,-62,-62,-136
1741508760.7474809,-35,-62,-120
1741508760.7934809,58,-42,-158
1741508760.8394809,-11,51,-56
1741508760.884481,-1,15,-196
1741508760.930481,-75,-58,41
1741508760.976481,19,40,1
1741508761.022481,31,-17,-214
1741508761.0674808,-35,12,-116
1741508761.1134808,65,18,-112
1741508761.1594808,-15,0,-36
1741508761.204481,42,39,-106
1741508761.250481,52,12,-70
1741508761.296481,-25,52,-150
1741508761.342481,74,29,-100
1741508761.387481,-77,9,-126
1741508761.433481,52,6,1
1741508761.479481,0,4,-166
1741508761.5244808,-7,-74,-134
1741508761.5704808,78,17,-88
1741508761.6164808,-29,-10,-150
1741508761.6624808,2,-28,-150
1741508761.707481,15,-40,-24
1741508761.753481,-16,-3,-34
1741508761.799481,-48,7,-120
1741508761.844481,14,9,-95
1741508761.890481,-49,-22,-112
1741508761.936481,-33,23,-72
1741508761.982481,22,-20,-35
1741508762.0274808,28,-26,-57
1741508762.0734808,54,-116,2
1741508762.1194808,64,45,14
1741508762.164481,26,-52,-69
1741508762.210481,0,7,12
1741508762.256481,-34,11,-215
1741508762.302481,22,-34,-111
1741508762.347481,-3,0,-61
1741508762.393481,22,-88,-105
1741508762.439481,7,4,-29
1741508762.4844809,-42,7,-213
1741508762.5304809,-6,-47,-99
1741508762.5764809,113,10,146
1741508762.6224809,-26,-41,-137
1741508762.667481,41,-15,-63
1741508762.713481,3,-61,-111
1741508762.759481,63,-7,-33
1741508762.804481,-3,-66,-131
1741508762.8564808,-11,-10,-92
1741508762.9024808,-33,-14,-150
1741508762.947481,50,48,-78
1741508762.993481,38,35,-97
1741508763.039481,4,-72,-217
1741508763.084481,-25,-4,-79
1741508763.130481,24,-26,-9
1741508763.176481,-47,-72,-41
1741508763.222481,-3,17,-153
1741508763.2674809,17,-3,-13
1741508763.3134809,99,-93,-25
1741508763.3594809,8,-54,-87
1741508763.404481,30,0,-113
1741508763.450481,-99,-62,-33
1741508763.496481,20,-20,-125
1741508763.542481,-59,69,-171
1741508763.587481,12,45,-195
1741508763.633481,55,-15,-89
1741508763.679481,29,0,-101
1741508763.7244809,-24,57,-109
1741508763.7704809,10,12,-63
1741508763.8164809,21,-24,-135
1741508763.8624809,44,-21,-85
1741508763.907481,-6,-44,-171
1741508763.953481,56,-25,-17
1741508763.999481,33,7,-13
1741508764.0444808,-74,5,-1
1741508764.0904808,-49,-27,80
1741508764.1364808,11,-14,-73
1741508764.1824808,-13,0,-121
1741508764.227481,-15,-83,-87
1741508764.273481,-51,-23,-26
1741508764.319481,-14,127,-150
1741508764.364481,-43,-60,-112
1741508764.410481,8,15,-46
1741508764.456481,-41,-28,-124
1741508764.502481,44,-36,-108
1741508764.5474808,-23,-18,-204
1741508764.5934808,20,-38,-56
1741508764.6394808,33,10,-54
1741508764.684481,65,-31,19
1741508764.730481,-15,-43,-12
1741508764.776481,-87,-47,-154
1741508764.822481,-12,19,-108
1741508764.867481,0,-15,-4
1741508764.913481,-54,60,-20
1741508764.959481,18,-55,-8
1741508765.0044808,-3,36,-72
1741508765.0504808,-26,11,53
1741508765.0964808,50,86,-4
1741508765.1424809,0,-1,-126
1741508765.187481,-33,-51,-12
1741508765.233481,11,-63,-100
1741508765.279481,-34,6,-57
1741508765.324481,33,16,-52
1741508765.370481,9,50,-110
1741508765.416481,15,54,-80
1741508765.462481,-20,41,-224
1741508765.5074809,41,-4,-72
1741508765.5534809,-20,24,-144
1741508765.5994809,29,22,60
1741508765.644481,20,38,-158
1741508765.690481,7,-19,-155
1741508765.736481,-51,20,-99
1741508765.782481,-7,23,-83
1741508765.827481,-3,35,-17
1741508765.873481,-45,-58,-99
1741508765.9194808,-17,27,-89
1741508765.9644809,116,5,-67
1741508766.0104809,86,-59,34
1741508766.056481,12,19,-141
1741508766.102481,-25,-30,-79
1741508766.147481,-31,23,-125
1741508766.193481,12,11,-69
1741508766.239481,-75,45,-123
1741508766.2844808,-37,1,-89
1741508766.3304808,-21,71,-59
1741508766.3764808,65,-17,-77
1741508766.4224808,-93,-101,66
1741508766.467481,52,-13,34
1741508766.513481,62,-11,-53
1741508766.559481,-58,-5,-73
1741508766.604481,-63,-75,-39
1741508766.650481,-31,-34,-42
1741508766.696481,-70,-46,-95
1741508766.7414808,-69,60,-105
1741508766.7874808,14,89,-167
1741508766.8334808,12,-43,-51
1741508766.8794808,-19,23,-121
1741508766.924481,-68,-14,-27
1741508766.970481,27,-16,-91
1741508767.016481,-52,-36,-3
1741508767.061481,65,47,-83
1741508767.107481,49,-24,-99
1741508767.153481,51,43,8
1741508767.199481,-26,-30,17
1741508767.2444808,3,-10,-26
1741508767.2904809,-28,91,-44
1741508767.3364809,35,15,-58
1741508767.380481,33,-18,-165
1741508767.426481,65,-48,2
1741508767.472481,49,32,-85
1741508767.5174809,57,1,-1
1741508767.5634809,0,-65,-89
1741508767.6094809,-20,60,-59
1741508767.6554809,17,-77,-155
1741508767.700481,15,-17,-5
1741508767.746481,3,-64,-13
1741508767.792481,5,-30,-1
1741508767.837481,113,43,-141
1741508767.883481,29,61,-91
1741508767.929481,-21,-45,26
1741508767.975481,-23,-45,-75
1741508768.0204809,-25,-9,-3
1741508768.0664809,-3,42,-59
1741508768.1124809,33,34,-43
1741508768.157481,-27,0,-129
1741508768.203481,38,-63,-123
1741508768.249481,60,30,-134
1741508768.295481,40,-9,-55
1741508768.3404808,24,50,-101
1741508768.3864808,-47,84,-82
1741508768.4324808,56,-15,8
1741508768.477481,-35,14,-115
1741508768.523481,-80,3,-147
1741508768.569481,0,-100,-55
1741508768.615481,5,33,-43
1741508768.660481,41,-50,-23
1741508768.706481,-32,1,-109
1741508768.752481,-38,11,-139
1741508768.7974808,83,21,-21
1741508768.8434808,69,-78,-33
1741508768.8894808,21,-4,-99
1741508768.9354808,-6,21,-173
1741508768.980481,-6,-8,-113
1741508769.026481,-42,-8,-129
1741508769.072481,55,-12,-147
1741508769.117481,-20,13,-27
1741508769.163481,-40,-54,-181
1741508769.209481,-58,35,-109
1741508769.255481,-44,55,-103
1741508769.3004808,43,71,-107
1741508769.3464808,-32,-58,-7
1741508769.3924809,19,23,-67
1741508769.437481,85,-56,-95
1741508769.483481,-48,17,-35
1741508769.529481,-49,-17,-113
1741508769.575481,-15,-53,20
1741508769.620481,-14,-36,2
1741508769.666481,-22,-34,-115
1741508769.712481,-14,58,-94
1741508769.7574809,-20,4,-98
1741508769.8034809,-22,20,-103
1741508769.8494809,41,-7,6
1741508769.8954809,-31,65,-77
1741508769.940481,68,-80,-65
1741508769.986481,2,41,-141
1741508770.032481,23,-59,-41
1741508770.077481,-28,16,-119
1741508770.123481,-12,-7,-151
1741508770.1694808,-98,-9,-19
1741508770.2154808,31,24,-81
1741508770.2604809,31,-55,-131
1741508770.306481,-20,-71,-33
1741508770.352481,-2,17,-127
1741508770.397481,-1,18,26
1741508770.443481,58,-11,-87
1741508770.489481,16,-10,-107
1741508770.535481,28,-10,-171
1741508770.5804808,44,-12,-93
1741508770.6264808,6,15,-91
1741508770.6724808,-37,-18,-65
1741508770.717481,54,-21,-55
1741508770.763481,47,2,-75
1741508770.809481,-66,9,-157
1741508770.855481,28,-35,-81
1741508770.900481,-88,45,-91
1741508770.946481,-112,-58,-23
1741508770.992481,33,-16,-31
1741508771.0374808,-4,-4,-209
1741508771.0834808,19,-8,-135
1741508771.1294808,29,10,-107
1741508771.1754808,-20,76,-195
1741508771.220481,31,-90,36
1741508771.266481,-13,8,-7
1741508771.312481,-23,40,-205
1741508771.357481,44,-13,-185
1741508771.403481,7,-10,-51
1741508771.449481,47,0,-29
1741508771.495481,27,-6,-145
1741508771.5404809,85,0,56
1741508771.5864809,7,17,-79
1741508771.6324809,3,27,-205
1741508771.677481,-54,0,-5
1741508771.723481,-6,-48,50
1741508771.769481,107,-100,-175
1741508771.815481,-4,0,-53
1741508771.860481,28,80,-83
1741508771.906481,-14,-78,-157
1741508771.952481,-58,-22,-61
1741508771.9974809,8,-57,-119
1741508772.0434809,-23,0,-193
1741508772.0894809,9,-16,-209
1741508772.1354809,-10,33,-75
1741508772.180481,29,-12,-47
1741508772.226481,-66,0,-193
1741508772.272481,89,1,39
1741508772.3174808,39,31,-88
1741508772.3634808,35,33,-8
1741508772.4094808,-1,-51,-58
1741508772.4554808,29,-40,-164
1741508772.500481,-53,8,21
1741508772.546481,76,-23,-215
1741508772.592481,-11,88,-198
1741508772.637481,21,-19,-146
1741508772.683481,5,52,-149
1741508772.729481,89,4,23
1741508772.775481,-6,102,-33
1741508772.8204808,-48,18,-51
1741508772.8724809,69,-29,-69
1741508772.917481,90,-101,-181
1741508772.963481,-46,-62,-171
1741508773.009481,-1,41,-43
1741508773.055481,-71,-12,-187
1741508773.100481,-27,-56,6
1741508773.146481,57,31,20
1741508773.193481,45,-22,-49
1741508773.239481,38,-16,-157
1741508773.2844808,-25,-56,-25
1741508773.3304808,-14,2,-77
1741508773.3764808,-18,20,28
1741508773.421481,-25,-1,-13
1741508773.467481,45,0,-23
1741508773.513481,-54,-2,-175
1741508773.558481,5,21,-3
1741508773.604481,59,41,-139
1741508773.650481,-144,21,-49
1741508773.696481,17,15,-153
1741508773.7414808,26,-29,-77
1741508773.7874808,72,-121,-63
1741508773.8334808,18,2,-109
1741508773.878481,6,-27,-69
1741508773.924481,-36,-24,-127
1741508773.970481,-41,-13,-49
1741508774.016481,-25,-87,-105
1741508774.061481,16,0,-151
1741508774.107481,18,-48,-77
1741508774.153481,11,-10,-83
1741508774.1984808,56,-9,-45
1741508774.2444808,-17,90,4
1741508774.2904809,33,35,-153
1741508774.3364809,9,-58,-51
1741508774.381481,70,-15,-35
1741508774.427481,21,-40,-9
1741508774.473481,2,-23,-172
1741508774.518481,-66,55,-20
1741508774.564481,24,-55,-117
1741508774.610481,-6,-28,-141
1741508774.656481,21,29,-127
1741508774.7014809,-36,-54,-137
1741508774.7474809,27,-66,10
1741508774.7934809,31,-34,-37
1741508774.838481,15,-35,-33
1741508774.884481,-4,82,-29
1741508774.930481,91,-34,-31
1741508774.976481,-16,13,-150
1741508775.021481,-34,51,-112
1741508775.0674808,-42,-23,-82
1741508775.1134808,33,-65,-176
1741508775.158481,-82,0,-14
1741508775.204481,-42,-37,-90
1741508775.250481,-18,1,-140
1741508775.296481,5,-41,-76
1741508775.341481,21,12,-32
1741508775.387481,-37,-23,-2
1741508775.433481,0,-25,-76
1741508775.4784808,-18,-29,-144
1741508775.5244808,-74,35,-30
1741508775.5704808,17,-17,-96
1741508775.6164808,0,13,-62
1741508775.661481,0,-30,-64
1741508775.707481,-22,63,-148
1741508775.753481,81,-79,-100
1741508775.798481,-2,-65,-88
1741508775.844481,-28,-35,-150
1741508775.890481,-27,35,-50
1741508775.936481,-45,-2,-62
1741508775.9814808,34,-10,-102
1741508776.0274808,-80,-2,-20
1741508776.0734808,40,20,-92
1741508776.118481,52,30,9
1741508776.164481,-11,-37,-90
1741508776.210481,56,-25,-16
1741508776.256481,66,28,-152
1741508776.301481,52,-1,-122
1741508776.347481,16,-52,-124
1741508776.393481,-123,5,-135
1741508776.4384809,-25,-33,-115
1741508776.4844809,-1,-71,-31
1741508776.5304809,18,-71,-119
1741508776.5764809,0,-47,-87
1741508776.621481,72,-15,-101
1741508776.667481,-19,-21,-149
1741508776.713481,25,-76,-61
1741508776.758481,9,-66,8
1741508776.804481,15,-40,-19
1741508776.850481,-31,-5,-81
1741508776.896481,18,-3,-137
1741508776.9414809,0,-33,-159
1741508776.9874809,6,-112,-105
1741508777.033481,-47,-24,34
1741508777.078481,-49,-22,-29
1741508777.124481,39,42,-83
1741508777.170481,26,25,-129
1741508777.216481,-24,60,-123
1741508777.2614808,-24,-25,-33
1741508777.3074808,-26,-19,-151
1741508777.3534808,-46,-16,-165
1741508777.398481,25,-52,-163
1741508777.444481,64,-48,14
1741508777.490481,40,13,-66
1741508777.536481,-65,35,-122
1741508777.581481,-10,-50,19
1741508777.627481,-13,53,79
1741508777.673481,-95,107,-118
1741508777.7184808,50,-4,-20
1741508777.7644808,6,-40,-50
1741508777.8104808,-81,0,1
1741508777.8564808,2,-26,-186
1741508777.901481,66,-1,-152
1741508777.947481,15,-60,53
1741508777.993481,9,17,-48
1741508778.038481,-9,57,-44
1741508778.084481,28,5,-90
1741508778.130481,-25,-46,-20
1741508778.176481,14,-36,-152
1741508778.2214808,-8,-48,-96
1741508778.2674809,-9,-12,-44
1741508778.3134809,42,-42,-156
1741508778.358481,51,26,0
1741508778.404481,57,19,-60
1741508778.450481,53,3,-74
1741508778.496481,27,48,-122
1741508778.541481,-37,-21,-109
1741508778.587481,-49,68,13
1741508778.633481,-55,-9,-34
1741508778.6784809,-57,-19,-38
1741508778.7244809,0,-71,-76
1741508778.7704809,-30,-1,-108
1741508778.8164809,33,-1,-144
1741508778.861481,12,29,-116
1741508778.907481,60,-40,-104
1741508778.953481,-3,-24,-124
1741508778.998481,44,-11,-104
1741508779.0444808,10,-39,-112
1741508779.0904808,48,19,-108
1741508779.1364808,-24,12,-116
1741508779.181481,49,14,43
1741508779.227481,-31,17,-50
1741508779.273481,85,-16,-36
1741508779.318481,4,12,-56
1741508779.364481,-83,17,-6
1741508779.410481,-42,35,-46
1741508779.456481,-79,-40,-158
1741508779.5014808,-45,18,-60
1741508779.5474808,40,-31,-98
1741508779.5934808,13,-27,-80
1741508779.638481,61,58,-146
1741508779.684481,55,-31,-162
1741508779.730481,18,-35,-40
1741508779.776481,1,84,-128
1741508779.821481,32,-11,-20
1741508779.867481,2,5,-80
1741508779.913481,18,-13,-96
1741508779.9584808,41,69,-108
1741508780.0044808,-6,1,-120
1741508780.0504808,-24,-6,19
1741508780.095481,-50,-38,-88
1741508780.141481,1,-24,-121
1741508780.187481,-4,43,-128
1741508780.233481,31,23,23
1741508780.278481,-38,19,-122
1741508780.324481,44,10,-74
1741508780.370481,25,15,5
1741508780.4154809,1,7,-24
1741508780.4614809,25,-100,-86
1741508780.5074809,3,19,-48
1741508780.5534809,-36,17,-54
1741508780.598481,12,-44,-148
1741508780.644481,-26,65,-142
1741508780.690481,-42,13,-60
1741508780.735481,-52,-44,-58
1741508780.781481,-20,-22,-138
1741508780.827481,38,-34,-4
1741508780.873481,43,-39,-120
1741508780.9184809,0,-43,-56
1741508780.9644809,-74,1,-136
1741508781.0104809,-36,-24,-92
1741508781.055481,-30,-32,71
1741508781.101481,20,33,-83
1741508781.147481,29,-40,36
1741508781.193481,-96,-30,-129
1741508781.2384808,5,-30,16
1741508781.2844808,11,-36,34
1741508781.3304808,-33,-30,-161
1741508781.375481,90,-16,-43
1741508781.421481,-23,-50,-175
1741508781.467481,-80,-64,-11
1741508781.513481,-22,-50,-29
1741508781.558481,-36,-40,-239
1741508781.604481,63,-35,-79
1741508781.650481,39,-6,-95
1741508781.6954808,-23,-9,-144
1741508781.7414808,-10,11,-139
1741508781.7874808,-33,45,-106
1741508781.8334808,-2,-22,-154
1741508781.878481,9,-26,-96
1741508781.924481,43,-14,13
1741508781.970481,-56,-52,5
1741508782.015481,-22,-34,9
1741508782.061481,23,-30,-56
1741508782.107481,-76,16,-188
1741508782.153481,95,47,-53
1741508782.1984808,23,13,-111
1741508782.2444808,4,19,-85
1741508782.2904809,10,17,-111
1741508782.335481,1,9,14
1741508782.381481,37,11,-5
1741508782.427481,-1,63,52
1741508782.473481,-25,51,-115
1741508782.518481,-105,37,-113
1741508782.564481,-73,39,-85
1741508782.610481,19,17,-43
1741508782.6554809,-22,-8,-59
1741508782.7014809,25,13,0
1741508782.7474809,-9,53,-131
1741508782.7934809,24,-27,-13
1741508782.844481,2,-23,-21
1741508782.890481,23,-30,-79
1741508782.9354808,-41,36,-205
1741508782.9814808,-46,-8,-33
1741508783.0274808,22,31,-119
1741508783.0734808,14,15,-3
1741508783.118481,-5,8,-99
1741508783.164481,62,10,-61
1741508783.210481,-40,-68,-167
1741508783.255481,51,-72,-143
1741508783.301481,-50,-36,-35
1741508783.347481,-42,-39,12
1741508783.393481,-72,11,-37
1741508783.4384809,35,56,-163
1741508783.4844809,-20,-29,-167
1741508783.5304809,-45,12,-73
1741508783.575481,-5,-66,-35
1741508783.621481,-43,-16,-179
1741508783.667481,10,-86,-89
1741508783.713481,-1,-46,-137
1741508783.758481,-18,-26,-139
1741508783.804481,-26,-20,-105
1741508783.850481,-34,-40,-77
1741508783.8954809,18,68,-85
1741508783.9414809,8,8,-89
1741508783.9874809,47,-7,-23
1741508784.033481,-42,-47,-95
1741508784.078481,-46,30,-141
1741508784.124481,23,6,-25
1741508784.170481,23,31,-89
1741508784.2154808,0,38,-28
1741508784.2614808,-107,-23,-119
1741508784.3074808,24,21,2
1741508784.3534808,2,-5,-81
1741508784.398481,106,-50,-109
1741508784.444481,2,41,-37
1741508784.490481,12,-2,-131
1741508784.535481,0,-14,-38
1741508784.581481,-17,35,-194
1741508784.627481,-57,-46,-15
1741508784.673481,13,-63,-75
1741508784.7184808,73,-41,-27
1741508784.7644808,37,-9,-63
1741508784.8104808,-42,-6,-35
1741508784.855481,-12,-8,-91
1741508784.901481,1,17,-109
1741508784.947481,-49,51,-94
1741508784.993481,14,25,45
1741508785.038481,-5,25,-30
1741508785.084481,9,17,-74
1741508785.130481,-30,47,-180
1741508785.1754808,31,107,0
1741508785.2214808,-22,51,-152
1741508785.2674809,-24,7,45
1741508785.3134809,1,1,-200
1741508785.358481,-63,36,-180
1741508785.404481,6,-20,-102
1741508785.450481,-75,3,-198
1741508785.495481,-9,6,-106
1741508785.541481,-79,-77,-26
1741508785.587481,-15,66,-190
1741508785.633481,18,-13,75
1741508785.6784809,-29,59,-82
1741508785.7244809,-3,0,-104
1741508785.7704809,-17,-6,-28
1741508785.815481,-7,57,-42
1741508785.861481,74,10,-154
1741508785.907481,51,9,-114
1741508785.953481,58,-38,-119
1741508785.998481,-23,-17,-72
1741508786.0444808,20,-11,-56
1741508786.0904808,-38,-60,-136
1741508786.1354809,-20,-46,-184
1741508786.181481,-66,-3,-212
1741508786.227481,45,18,-4
1741508786.273481,74,-29,-20
1741508786.318481,70,-27,-48
1741508786.364481,10,30,-110
1741508786.410481,-25,-35,-72
1741508786.4554808,-53,50,-68
1741508786.5014808,60,-1,-66
1741508786.5474808,8,-39,17
1741508786.5934808,-97,-45,-70
1741508786.638481,24,-17,-38
1741508786.684481,19,85,-137
1741508786.730481,-101,4,-67
1741508786.775481,-21,16,-117
1741508786.821481,-31,-7,-79
1741508786.867481,-45,-55,-39
1741508786.913481,38,4,-73
1741508786.9584808,-102,-38,-45
1741508787.0044808,-18,-58,-187
1741508787.0504808,23,57,-33
1741508787.095481,-13,-91,-109
1741508787.141481,71,-110,36
1741508787.187481,-28,-2,-43
1741508787.232481,-67,-29,-211
1741508787.278481,-53,20,36
1741508787.324481,27,43,-147
1741508787.370481,-3,16,-97
1741508787.4154809,-5,18,-45
1741508787.4614809,30,10,-173
1741508787.5074809,-3,38,-167
1741508787.552481,34,-21,-63
1741508787.598481,74,-16,-65
1741508787.644481,60,17,-184
1741508787.690481,0,-12,-168
1741508787.735481,44,1,-42
1741508787.781481,-41,-36,-108
1741508787.827481,60,47,-68
1741508787.8724809,-55,-38,-44
1741508787.9184809,-27,-25,-184
1741508787.9644809,-79,4,-50
1741508788.0104809,-57,0,-141
1741508788.055481,117,19,-39
1741508788.101481,-39,72,-117
1741508788.147481,-24,17,-53
1741508788.1924808,23,-24,-39
1741508788.2384808,-53,-19,-79
1741508788.2844808,57,15,-82
1741508788.3304808,-3,38,-66
1741508788.375481,-75,-77,-120
1741508788.421481,-5,68,-84
1741508788.467481,70,38,-128
1741508788.512481,35,22,-248
1741508788.558481,23,-68,-64
1741508788.604481,131,30,-72
1741508788.650481,19,-39,-52
1741508788.6954808,-60,61,-118
1741508788.7414808,-49,14,13
1741508788.7874808,-36,71,-92
1741508788.832481,-4,-30,-134
1741508788.878481,-74,1,-62
1741508788.924481,47,-48,-30
1741508788.970481,1,-6,0
1741508789.015481,-28,81,-58
1741508789.061481,20,18,-137
1741508789.107481,-6,-64,44
1741508789.1524808,-6,1,-45
1741508789.1984808,-65,-71,-29
1741508789.2444808,-13,-15,-83
1741508789.2904809,-65,-3,-33
1741508789.335481,-22,-75,-143
1741508789.381481,-20,22,30
1741508789.427481,49,-51,-139
1741508789.472481,55,21,-57
1741508789.518481,-50,30,22
1741508789.564481,43,42,-77
1741508789.610481,-3,-19,-71
1741508789.6554809,29,-45,-156
1741508789.7014809,17,-59,-153
1741508789.7474809,39,-11,12
1741508789.792481,-36,-7,-29
1741508789.838481,-35,28,-177
1741508789.884481,71,74,-61
1741508789.930481,37,-27,46
1741508789.975481,65,-25,-115
1741508790.021481,-20,-47,-75
1741508790.0674808,-58,-61,-1
1741508790.1124809,-22,-31,-73
1741508790.158481,-26,-41,14
1741508790.204481,48,-81,-89
1741508790.250481,-23,6,-151
1741508790.295481,29,23,-2
1741508790.341481,-10,1,-99
1741508790.387481,-17,24,-63
1741508790.4324808,66,2,-9
1741508790.4784808,13,-45,-137
1741508790.5244808,-32,44,-133
1741508790.5704808,-18,-91,-51
1741508790.615481,-74,-11,-9
1741508790.661481,81,43,-35
1741508790.707481,71,25,-19
1741508790.752481,9,-7,-83
1741508790.798481,45,-5,-143
1741508790.844481,35,-47,-49
1741508790.890481,-37,-28,-177
1741508790.9354808,-25,-66,-99
1741508790.9814808,4,-20,-69
1741508791.0274808,-3,73,-65
1741508791.072481,84,-40,32
1741508791.118481,-35,-6,30
1741508791.164481,76,-14,-55
1741508791.210481,-3,-24,-33
1741508791.255481,-45,-7,-115
1741508791.301481,-55,-19,-71
1741508791.347481,-37,-49,-73
1741508791.3924809,4,56,-81
1741508791.4384809,40,0,-101
1741508791.4844809,8,40,35
1741508791.5304809,-93,23,-37
1741508791.575481,-17,74,-103
1741508791.621481,-27,8,-50
1741508791.667481,-7,1,-92
1741508791.712481,-27,71,-96
1741508791.758481,-48,15,-155
1741508791.804481,0,1,-134
1741508791.850481,-10,-78,28
1741508791.8954809,-66,68,-2
1741508791.9414809,-56,-56,-199
1741508791.9874809,55,-66,-117
1741508792.032481,23,6,-159
1741508792.078481,8,5,-136
1741508792.124481,0,11,-94
1741508792.170481,-66,1,-136
1741508792.2154808,1,-42,-67
1741508792.2614808,-35,18,-91
1741508792.3074808,-59,56,-143
1741508792.352481,-26,-22,-73
1741508792.398481,27,12,16
1741508792.4454808,-82,73,-47
1741508792.4914808,-4,41,-147
1741508792.536481,83,19,62
1741508792.582481,0,-53,-99
1741508792.628481,-44,-37,-163
1741508792.674481,97,-24,22
1741508792.719481,64,97,4
1741508792.765481,-82,-8,-63
1741508792.811481,5,10,28
1741508792.8624809,-52,76,-117
1741508792.908481,-32,12,-65
1741508792.954481,-10,22,-171
1741508792.999481,27,-8,-53
1741508793.045481,7,41,-9
1741508793.091481,17,31,-3
1741508793.1364808,11,51,48
1741508793.1824808,5,-22,-93
1741508793.2284808,-60,0,-37
1741508793.2744808,11,-63,-129
1741508793.319481,131,-33,-81
1741508793.365481,44,-24,-203
1741508793.411481,-111,-48,-25
1741508793.456481,10,15,-61
1741508793.502481,-73,-19,-101
1741508793.548481,-13,-22,-154
1741508793.594481,40,51,-80
1741508793.6394808,-7,1,29
1741508793.6854808,-3,1,-58
1741508793.7314808,-23,-20,-222
1741508793.776481,31,22,-16
1741508793.822481,75,70,-122
1741508793.868481,-50,38,31
1741508793.913481,-10,82,-10
1741508793.959481,48,-31,-71
1741508794.005481,-67,14,-57
1741508794.051481,46,51,-125
1741508794.0964808,-70,-15,-117
1741508794.1424809,-30,12,36
1741508794.1884809,-94,-7,-45
1741508794.233481,-84,25,-157
1741508794.279481,64,-41,-135
1741508794.325481,-17,4,-102
1741508794.371481,112,42,-207
1741508794.416481,42,9,-81
1741508794.462481,44,13,-108
1741508794.508481,-59,-52,-29
1741508794.5534809,22,-22,-115
1741508794.5994809,74,-10,-13
1741508794.6454809,-33,-20,-107
1741508794.6914809,4,-2,24
1741508794.736481,34,67,-15
1741508794.782481,-10,-40,-15
1741508794.828481,61,46,-205
1741508794.873481,41,-30,-31
1741508794.9194808,11,1,-43
1741508794.9654808,69,-94,-15
1741508795.0114808,29,23,2
1741508795.056481,39,-40,-99
1741508795.102481,-5,70,-61
1741508795.148481,31,-16,-87
1741508795.193481,1,12,-23
1741508795.239481,3,49,-155
1741508795.285481,-16,20,-23
1741508795.331481,-50,-28,-117
1741508795.3764808,-67,44,-109
1741508795.4224808,14,40,-145
1741508795.4684808,-65,-49,-123
1741508795.513481,0,-27,-73
1741508795.559481,3,-36,-133
1741508795.605481,38,6,-71
1741508795.651481,-13,-31,-209
1741508795.696481,-15,-19,-155
1741508795.742481,12,14,-109
1741508795.788481,-22,39,-73
1741508795.8334808,95,-62,2
1741508795.8794808,39,7,20
1741508795.9254808,-42,-41,-141
1741508795.9714808,59,-14,-71
1741508796.016481,37,-12,-185
1741508796.062481,-8,-54,-21
1741508796.108481,-21,-18,-59
1741508796.153481,-17,14,-165
1741508796.199481,-42,-10,-113
1741508796.245481,71,1,-79
1741508796.291481,-15,-3,74
1741508796.3364809,7,27,22
1741508796.3824809,82,52,-175
1741508796.4284809,-90,121,-11
1741508796.473481,19,-26,-113
1741508796.519481,86,-45,-81
1741508796.565481,26,6,-160
1741508796.611481,85,-6,-13
1741508796.656481,25,-14,-43
1741508796.702481,41,45,-69
1741508796.748481,-54,27,4
1741508796.7934809,43,-36,-115
1741508796.8394809,-84,16,-73
1741508796.8854809,64,-31,44
1741508796.931481,19,90,-25
1741508796.976481,69,28,-115
1741508797.022481,29,-33,-145
1741508797.068481,7,2,-89
1741508797.1134808,35,-23,-69
1741508797.1594808,8,65,30
1741508797.2054808,84,49,-17
1741508797.2514808,4,15,-4
1741508797.296481,54,16,25
1741508797.342481,-18,-15,-20
1741508797.388481,-76,-41,-100
1741508797.433481,-26,-39,-108
1741508797.479481,5,-23,-96
1741508797.525481,-2,-25,-64
1741508797.571481,26,56,-158
1741508797.6164808,20,26,-90
1741508797.6624808,-36,11,-222
1741508797.7084808,-36,-30,-164
1741508797.753481,-6,6,-110
1741508797.799481,-50,6,-156
1741508797.845481,-5,-59,-2
1741508797.891481,17,22,47
1741508797.936481,-36,56,-66
1741508797.982481,-10,5,-72
1741508798.028481,49,71,-110
1741508798.0734808,-26,-58,-8
1741508798.1194808,33,144,-90
1741508798.1654809,64,39,-125
1741508798.2114809,-34,-45,4
1741508798.256481,19,-5,-148
1741508798.302481,63,21,-55
1741508798.348481,5,3,-134
1741508798.393481,-60,5,-52
1741508798.439481,41,-4,-174
1741508798.485481,2,40,-112
1741508798.531481,-22,-70,-70
1741508798.5764809,-13,-37,-14
1741508798.6224809,-31,-33,-96
1741508798.6684809,-26,10,-146
1741508798.713481,-76,6,-94
1741508798.759481,-28,72,-152
1741508798.805481,-44,-7,-77
1741508798.851481,13,36,13
1741508798.896481,-6,-51,14
1741508798.9424808,29,26,-66
1741508798.9884808,-43,-27,-62
1741508799.033481,-39,-47,-59
1741508799.079481,-48,14,-93
1741508799.125481,-4,10,-132
1741508799.171481,27,-100,-86
1741508799.216481,94,46,-58
1741508799.262481,32,32,-26
1741508799.308481,62,-17,-198
1741508799.3534808,13,-40,-78
1741508799.3994808,30,-50,-54
1741508799.4454808,-9,-40,-44
1741508799.4914808,31,-53,-46
1741508799.536481,18,-84,27
1741508799.582481,-49,-16,31
1741508799.628481,52,-21,-148
1741508799.673481,2,14,-40
1741508799.719481,-39,-68,-84
1741508799.765481,50,44,-90
1741508799.811481,-22,-20,-80
1741508799.8564808,-18,57,2
1741508799.9024808,14,-3,-139
1741508799.9484808,22,-37,-95
1741508799.993481,36,44,-213
1741508800.039481,-24,-36,-111
1741508800.085481,33,-24,-98
1741508800.131481,41,-16,-102
1741508800.176481,-15,14,-92
1741508800.222481,-4,-30,-76
1741508800.268481,-62,47,-270
1741508800.3134809,95,-2,-160
1741508800.3594809,29,3,-116
1741508800.4054809,3,66,-132
1741508800.4514809,41,-15,-62
1741508800.496481,-28,18,-112
1741508800.542481,27,54,3
1741508800.588481,49,27,-156
1741508800.633481,-12,-70,-46
1741508800.679481,-53,-28,-64
1741508800.725481,-1,55,-88
1741508800.7704809,8,-69,-128
1741508800.8164809,-41,-9,-25
1741508800.8624809,14,-16,-39
1741508800.908481,64,-11,-78
1741508800.953481,-13,-16,-98
1741508800.999481,-6,-1,-85
1741508801.045481,-60,-9,-93
1741508801.0904808,0,-69,-95
1741508801.1364808,77,-7,-115
1741508801.1824808,15,50,-93
1741508801.2284808,-94,77,-93
1741508801.273481,27,-40,-83
1741508801.319481,-34,53,-87
1741508801.365481,-14,34,-19
1741508801.410481,46,-3,-37
1741508801.456481,-9,48,-155
1741508801.502481,-57,-77,-169
1741508801.548481,-22,-41,-67
1741508801.5934808,7,12,-115
1741508801.6394808,13,132,-111
1741508801.6854808,32,-50,-82
1741508801.730481,-11,23,-96
1741508801.776481,50,-24,-78
1741508801.822481,-15,24,-70
1741508801.868481,36,-12,-2
1741508801.913481,78,-2,-168
1741508801.959481,5,2,-154
1741508802.005481,-78,-71,-62
1741508802.0504808,-30,-33,-20
1741508802.0964808,57,6,-190
1741508802.1424809,-19,-70,-148
1741508802.1884809,4,59,-8
1741508802.233481,-53,-16,-98
1741508802.279481,66,-36,-2
1741508802.325481,3,-10,93
1741508802.370481,42,-27,-30
1741508802.416481,-7,-9,-176
1741508802.462481,-13,-91,-118
1741508802.508481,-43,-7,-68
1741508802.5534809,-37,3,-138
1741508802.5994809,58,-22,-171
1741508802.6454809,0,21,-84
1741508802.690481,38,-42,-101
1741508802.736481,-5,-9,-59
1741508802.782481,-9,0,-125
1741508802.828481,2,5,-95
1741508802.8794808,28,30,-93
1741508802.9254808,-5,-3,2
1741508802.970481,37,-19,-153
1741508803.016481,-14,-21,38
1741508803.062481,-34,8,-105
1741508803.108481,9,16,-25
1741508803.153481,7,56,-153
1741508803.199481,73,-5,-15
1741508803.245481,11,-8,-61
1741508803.2904809,-22,35,-119
1741508803.3364809,33,33,-65
1741508803.3824809,31,-4,-135
1741508803.4284809,-49,5,16
1741508803.473481,-32,-3,2
1741508803.519481,11,35,-51
1741508803.565481,-2,-38,-41
1741508803.610481,41,41,-205
1741508803.656481,41,55,-45
1741508803.702481,19,3,-44
1741508803.748481,-20,-52,-74
1741508803.7934809,-58,-72,-98
1741508803.8394809,-94,-52,-30
1741508803.8854809,-24,9,1
1741508803.930481,12,2,-102
1741508803.976481,4,34,-119
1741508804.022481,-28,15,-87
1741508804.068481,22,50,-161
1741508804.1134808,86,-12,-185
1741508804.1594808,129,50,-75
1741508804.2054808,-14,20,-37
1741508804.250481,25,12,-155
1741508804.296481,-37,-39,-111
1741508804.342481,-31,-17,9
1741508804.388481,-43,-1,31
1741508804.433481,36,-8,-36
1741508804.479481,8,15,-242
1741508804.525481,-29,37,-76
1741508804.5704808,28,-26,-126
1741508804.6164808,-67,-4,11
1741508804.6624808,24,-23,42
1741508804.7084808,106,-33,-114
1741508804.753481,-71,-31,-151
1741508804.799481,-13,4,-51
1741508804.845481,44,40,-51
1741508804.890481,-5,36,-13
1741508804.936481,-27,-65,-81
1741508804.982481,-47,77,-21
1741508805.028481,-74,9,-69
1741508805.0734808,-33,9,-127
1741508805.1194808,70,9,-113
1741508805.1654809,0,-23,-55
1741508805.210481,6,-87,-133
1741508805.256481,31,138,46
1741508805.302481,-114,-57,-67
1741508805.348481,29,-45,-53
1741508805.393481,47,42,-13
1741508805.439481,-62,105,-65
1741508805.485481,37,-57,-13
1741508805.5304809,68,7,-105
1741508805.5764809,-13,-13,-25
1741508805.6224809,14,-29,-199
1741508805.6684809,-11,40,-117
1741508805.713481,-37,-13,-132
1741508805.759481,-44,-56,-85
1741508805.805481,-35,-9,-25
1741508805.850481,77,47,-183
1741508805.896481,-70,37,88
1741508805.9424808,11,-27,-57
1741508805.9884808,81,-60,-16
1741508806.033481,-38,7,-44
1741508806.079481,-22,-70,28
1741508806.125481,15,9,-38
1741508806.170481,22,20,-3
1741508806.216481,-10,41,0
1741508806.262481,-95,-6,6
1741508806.308481,61,-44,-3
1741508806.3534808,32,0,-93
1741508806.3994808,-46,-86,-73
1741508806.4454808,-76,-68,32
1741508806.490481,-34,-94,-103
1741508806.536481,55,-26,-114
1741508806.582481,-66,-98,-84
1741508806.628481,-28,-8,65
1741508806.673481,-52,35,-140
1741508806.719481,-25,-19,75
1741508806.765481,52,-57,-10
1741508806.8104808,21,9,-78
1741508806.8564808,-40,-40,-42
1741508806.9024808,-36,91,-32
1741508806.9484808,22,-19,-106
1741508806.993481,-45,12,-100
1741508807.039481,18,19,-58
1741508807.085481,26,31,-134
1741508807.130481,-9,41,15
1741508807.176481,-13,7,-52
1741508807.222481,41,49,-101
1741508807.268481,89,-30,-259
1741508807.3134809,-36,-72,-63
1741508807.3594809,57,13,-105
1741508807.4054809,-46,4,-157
1741508807.450481,28,35,-25
1741508807.496481,15,24,-59
1741508807.542481,27,62,-109
1741508807.587481,5,-31,-91
1741508807.633481,-66,20,46
1741508807.679481,13,-15,-53
1741508807.725481,-10,4,-173
1741508807.7704809,65,23,-43
1741508807.8164809,-86,24,-49
1741508807.8624809,17,40,42
1741508807.907481,17,-11,24
1741508807.953481,80,7,-131
1741508807.999481,-48,74,-25
1741508808.045481,-4,12,-39
1741508808.0904808,96,-44,2
1741508808.1364808,99,-79,-131
1741508808.1824808,37,-18,82
1741508808.227481,-38,-10,-127
1741508808.273481,19,-40,-25
1741508808.319481,33,1,-127
1741508808.365481,-27,-40,58
1741508808.410481,-43,-94,-111
1741508808.457481,14,-40,-133
1741508808.503481,33,69,-135
1741508808.549481,45,37,-137
1741508808.594481,19,-19,-9
1741508808.640481,18,-25,22
1741508808.686481,21,-34,-23
1741508808.7314808,-54,-13,-35
1741508808.7774808,21,-17,-77
1741508808.8234808,23,71,-5
1741508808.8694808,-60,7,17
1741508808.914481,11,3,-157
1741508808.960481,-34,0,-162
1741508809.006481,0,88,-106
1741508809.051481,-14,-23,-190
1741508809.097481,-53,-28,-96
1741508809.143481,66,-42,-86
1741508809.189481,18,7,69
1741508809.2344809,32,-52,-20
1741508809.2804809,-34,-49,-46
1741508809.3264809,75,8,-104
1741508809.371481,-48,12,-26
1741508809.417481,-56,-29,-114
1741508809.463481,55,38,-146
1741508809.509481,27,-55,-116
1741508809.554481,-25,62,-80
1741508809.600481,-19,11,-8
1741508809.646481,-49,-2,-92
1741508809.6914809,-43,19,-95
1741508809.7374809,-33,-44,-35
1741508809.783481,8,-28,-133
1741508809.829481,-47,-44,-74
1741508809.874481,-27,-24,-157
1741508809.920481,-51,25,-41
1741508809.966481,28,1,-79
1741508810.0114808,21,-113,-83
1741508810.0574808,-18,-56,-215
1741508810.1034808,-21,-26,-62
1741508810.1494808,16,-81,-56
1741508810.194481,15,-21,-50
1741508810.240481,64,54,-58
1741508810.286481,38,-11,-76
1741508810.331481,10,17,-31
1741508810.377481,40,-72,-131
1741508810.423481,-79,-22,-133
1741508810.469481,9,-12,-91
1741508810.5144808,-40,37,-87
1741508810.5604808,4,-9,-105
1741508810.6064808,78,-53,-151
1741508810.651481,46,90,40
1741508810.697481,-56,-58,-111
1741508810.743481,-30,-24,-129
1741508810.789481,38,6,-119
1741508810.834481,49,-58,-131
1741508810.880481,79,13,-51
1741508810.926481,6,-1,-120
1741508810.9714808,78,-21,-132
1741508811.0174809,-6,-8,-32
1741508811.0634809,9,-16,-98
1741508811.1094809,-10,-43,-144
1741508811.154481,-64,-57,-194
1741508811.200481,35,-47,-114
1741508811.246481,-5,-29,-50
1741508811.291481,25,-26,-146
1741508811.337481,0,-37,-60
1741508811.383481,-10,60,12
1741508811.429481,-60,-33,34
1741508811.4744809,3,14,-85
1741508811.5204809,20,14,-170
1741508811.5664809,-75,32,-66
1741508811.611481,-68,-60,56
1741508811.657481,7,43,-85
1741508811.703481,40,2,8
1741508811.749481,-27,-68,-67
1741508811.7944808,-13,65,-133
1741508811.8404808,-6,7,-13
1741508811.8864808,23,-64,70
1741508811.931481,-28,12,-99
1741508811.977481,80,-44,-87
1741508812.023481,-108,-19,-137
1741508812.069481,13,-7,-37
1741508812.114481,-8,6,-127
1741508812.160481,44,-83,-61
1741508812.206481,-31,-83,-120
1741508812.2514808,-33,-1,-188
1741508812.2974808,-31,10,23
1741508812.3434808,-5,26,-134
1741508812.3894808,40,14,5
1741508812.434481,-88,-57,-120
1741508812.480481,0,50,-26
1741508812.526481,-30,12,-134
1741508812.571481,-44,4,-80
1741508812.617481,-22,-81,-68
1741508812.663481,-94,-17,-80
1741508812.709481,-110,51,-238
1741508812.7544808,81,-20,-90
1741508812.8004808,47,-16,-96
1741508812.8464808,13,37,-50
1741508812.897481,1,-56,-76
1741508812.943481,-67,20,-86
1741508812.989481,82,9,-84
1741508813.0344808,-7,-32,-24
1741508813.0804808,82,41,-70
1741508813.1264808,-7,8,67
1741508813.171481,-89,-41,-84
1741508813.217481,-41,-41,-2
1741508813.263481,38,29,-30
1741508813.309481,-84,-33,-112
1741508813.354481,4,-23,-108
1741508813.400481,-5,78,-81
1741508813.446481,-64,-34,-151
1741508813.4914808,-70,9,-141
1741508813.5374808,129,-106,-127
1741508813.5834808,17,-58,-159
1741508813.6294808,29,-48,-39
1741508813.674481,24,-38,-78
1741508813.720481,42,55,-27
1741508813.766481,68,-12,-106
1741508813.811481,-41,-72,-24
1741508813.857481,34,47,29
1741508813.903481,-4,26,21
1741508813.949481,14,29,-24
1741508813.9944808,-30,25,13
1741508814.0404809,-88,-25,-82
1741508814.0864809,31,50,-136
1741508814.131481,0,-69,-64
1741508814.177481,-80,-81,31
1741508814.223481,-6,34,-86
1741508814.269481,23,64,-112
1741508814.314481,-5,-23,-40
1741508814.360481,3,-89,-58
1741508814.406481,75,36,-130
1741508814.4514809,11,0,-126
1741508814.4974809,10,-18,-78
1741508814.5434809,12,15,-178
1741508814.588481,32,-32,-24
1741508814.634481,95,-25,-24
1741508814.680481,-99,58,-56
1741508814.726481,66,-31,-48
1741508814.771481,-39,-1,-46
1741508814.8174808,-19,24,-38
1741508814.8634808,-45,-20,-68
1741508814.908481,-29,-24,-222
1741508814.954481,-38,-47,-100
1741508815.000481,43,6,-72
1741508815.046481,0,-3,-78
1741508815.091481,37,16,-4
1741508815.137481,-42,-32,-154
1741508815.183481,-78,0,-54
1741508815.2284808,13,-5,-40
1741508815.2744808,11,-37,-22
1741508815.3204808,55,72,-168
1741508815.3664808,25,-85,-104
1741508815.411481,28,31,71
1741508815.457481,44,-28,-104
1741508815.503481,-13,13,-154
1741508815.548481,-33,-10,-50
1741508815.594481,52,47,0
1741508815.640481,16,-58,-186
1741508815.686481,-57,7,-44
1741508815.7314808,-35,-46,-22
1741508815.7774808,-87,25,-114
1741508815.8234808,8,17,20
1741508815.868481,-23,11,-75
1741508815.914481,-17,35,-131
1741508815.960481,47,-60,-63
1741508816.006481,-33,-9,-127
1741508816.051481,-44,-54,-23
1741508816.097481,-4,15,-219
1741508816.143481,7,-20,62
1741508816.1884809,31,-64,-75
1741508816.2344809,-34,-54,-89
1741508816.2804809,-1,46,-41
1741508816.3264809,36,7,-13
1741508816.371481,-1,47,-96
1741508816.417481,37,-37,-6
1741508816.463481,-15,-7,-74
1741508816.508481,-8,27,-258
1741508816.554481,-52,-37,-211
1741508816.600481,20,-15,-85
1741508816.646481,52,61,-137
1741508816.6914809,-43,-26,40
1741508816.7374809,69,89,-163
1741508816.783481,19,1,-119
1741508816.828481,-46,-4,22
1741508816.874481,0,48,-109
1741508816.920481,63,-7,62
1741508816.966481,29,-44,-9
1741508817.0114808,-1,-87,-129
1741508817.0574808,89,-6,108
1741508817.1034808,11,-30,-103
1741508817.148481,39,-24,-83
1741508817.194481,31,-35,-135
1741508817.240481,-87,-18,-127
1741508817.286481,48,81,-45
1741508817.331481,-61,-10,-79
1741508817.377481,-73,-54,-157
1741508817.423481,30,15,-93
1741508817.4684808,-61,-44,-85
1741508817.5144808,2,-16,-93
1741508817.5604808,6,3,-33
1741508817.6064808,-9,-2,-7
1741508817.651481,-7,-104,-71
1741508817.697481,-37,-48,-111
1741508817.743481,74,-16,-137
1741508817.788481,3,-32,-77
1741508817.834481,-12,-68,40
1741508817.880481,16,0,-133
1741508817.926481,-33,-62,-31
1741508817.9714808,19,17,-65
1741508818.0174809,-83,-63,32
1741508818.0634809,-7,6,-105
1741508818.108481,12,6,-99
1741508818.154481,30,0,-131
1741508818.200481,-17,-36,-27
1741508818.246481,-81,-47,-69
1741508818.291481,4,15,-123
1741508818.337481,0,-78,-233
1741508818.383481,-59,-8,14
1741508818.4284809,0,-97,-107
1741508818.4744809,-56,-7,-185
1741508818.5204809,41,28,-85
1741508818.5664809,55,-37,-11
1741508818.611481,30,-17,-179
1741508818.657481,34,-47,-53
1741508818.703481,28,-3,-105
1741508818.748481,13,13,-79
1741508818.7944808,1,-36,-9
1741508818.8404808,4,-29,-51
1741508818.8864808,50,43,-129
1741508818.931481,34,-40,-145
1741508818.977481,24,23,-57
1741508819.023481,16,-30,-129
1741508819.068481,-25,-46,-35
1741508819.114481,42,-10,-59
1741508819.160481,20,53,-29
1741508819.206481,86,25,-33
1741508819.2514808,-55,-27,-83
1741508819.2974808,4,-33,-67
1741508819.3434808,-36,-13,-147
1741508819.388481,35,18,-41
1741508819.434481,7,-47,-29
1741508819.480481,-20,42,-37
1741508819.526481,-113,-18,-113
1741508819.571481,43,31,-91
1741508819.6164808,-12,-32,-71
1741508819.6624808,-56,83,-121
1741508819.707481,13,89,-25
1741508819.753481,-12,-10,-33
1741508819.799481,46,4,-95
1741508819.844481,-73,34,-81
1741508819.890481,6,-49,-161
1741508819.936481,62,-15,-133
1741508819.982481,61,34,-47
1741508820.0274808,-10,25,-65
1741508820.0734808,-4,24,-15
1741508820.1194808,-52,-63,-121
1741508820.164481,45,100,-33
1741508820.210481,0,50,-33
1741508820.256481,-34,34,-27
1741508820.302481,-22,-6,-65
1741508820.347481,64,-49,-58
1741508820.393481,6,-63,-74
1741508820.439481,-19,-63,-72
1741508820.4844809,57,-41,-122
1741508820.5304809,44,61,-30
1741508820.5764809,21,35,-164
1741508820.6224809,53,-17,9
1741508820.667481,-11,-45,-38
1741508820.713481,-46,34,-12
1741508820.759481,51,-7,-76
1741508820.804481,31,78,-104
1741508820.850481,61,49,-26
1741508820.896481,0,-4,-130
1741508820.9424808,3,-30,-112
1741508820.9874809,-63,-64,-152
1741508821.033481,-44,-23,23
1741508821.079481,-52,-35,-92
1741508821.124481,67,4,-20
1741508821.170481,-56,18,-132
1741508821.216481,-69,-10,-30
1741508821.2614808,70,52,-73
1741508821.3074808,-59,-25,-137
1741508821.3534808,-54,-81,-10
1741508821.3994808,-96,34,-32
1741508821.444481,36,12,-38
1741508821.490481,11,43,-122
1741508821.536481,55,-28,-57
1741508821.581481,21,-6,-81
1741508821.627481,-16,-52,102
1741508821.673481,45,-14,-91
1741508821.719481,-15,-58,-63
1741508821.7644808,13,5,-11
1741508821.8104808,-52,41,-73
1741508821.8564808,48,-54,-21
1741508821.901481,-41,-66,8
1741508821.947481,-77,13,-171
1741508821.993481,52,-27,-121
1741508822.039481,60,-15,58
1741508822.084481,-36,-11,-111
1741508822.130481,18,18,48
1741508822.176481,12,40,-79
1741508822.2214808,-24,-1,36
1741508822.2674809,14,71,-41
1741508822.3134809,10,25,-45
1741508822.3594809,32,5,-13
1741508822.404481,-39,-8,-45
1741508822.450481,28,-46,-149
1741508822.496481,47,-79,44
1741508822.541481,9,-37,-23
1741508822.587481,-6,28,-177
1741508822.633481,-6,32,-41
1741508822.679481,-30,40,-141
1741508822.7244809,29,-51,-185
1741508822.7704809,55,-27,-25
1741508822.8164809,7,-7,-107
1741508822.861481,63,20,-37
1741508822.913481,53,74,-83
1741508822.959481,-38,-7,-66
1741508823.0044808,-106,-30,-13
1741508823.0504808,-48,-9,-4
1741508823.0964808,58,-32,19
1741508823.141481,26,17,-59
1741508823.187481,10,9,-261
1741508823.233481,0,15,-149
1741508823.279481,60,-109,-51
1741508823.324481,9,-13,-71
1741508823.370481,19,26,-91
1741508823.416481,-22,4,-111
1741508823.4614809,45,18,-191
1741508823.5074809,49,-7,-161
1741508823.5534809,14,-6,-168
1741508823.5994809,26,9,-127
1741508823.644481,15,-32,-63
1741508823.690481,41,-34,-81
1741508823.736481,82,23,-85
1741508823.781481,38,-18,-5
1741508823.827481,-115,59,-9
1741508823.873481,-19,-51,-48
1741508823.9194808,96,0,-63
1741508823.9644809,122,-70,-61
1741508824.0104809,66,-2,-25
1741508824.056481,-44,-65,-137
1741508824.101481,30,2,-35
1741508824.147481,1,-79,-6
1741508824.193481,-21,36,-95
1741508824.239481,-107,2,-3
1741508824.2844808,67,2,-1
1741508824.3304808,0,57,-57
1741508824.3764808,-17,15,-77
1741508824.423481,-25,47,-53
1741508824.4684808,-5,30,-103
1741508824.5144808,56,72,-29
1741508824.5604808,30,28,-75
1741508824.605481,-13,24,-99
1741508824.651481,62,62,-105
1741508824.697481,-52,-34,-67
1741508824.743481,-48,26,-103
1741508824.788481,25,6,-59
1741508824.834481,55,51,-23
1741508824.880481,1,0,-89
1741508824.9254808,29,-55,0
1741508824.9714808,-74,46,-115
1741508825.0174809,33,91,33
1741508825.0634809,-29,17,2
1741508825.108481,-3,-27,-71
1741508825.154481,-47,2,-11
1741508825.200481,2,18,-205
1741508825.245481,3,-11,24
1741508825.291481,45,56,19
1741508825.337481,59,15,-47
1741508825.383481,-28,-4,-53
1741508825.4284809,19,-7,-145
1741508825.4744809,23,0,-179
1741508825.5204809,25,-13,-61
1741508825.565481,23,8,-99
1741508825.611481,-28,-28,-265
1741508825.657481,-56,13,-161
1741508825.703481,28,36,-73
1741508825.748481,32,-13,-64
1741508825.7944808,4,-69,-96
1741508825.8404808,-11,35,-122
1741508825.8854809,-7,34,-160
1741508825.931481,78,-40,-38
1741508825.977481,62,5,-48
1741508826.023481,-93,29,-40
1741508826.068481,62,-10,65
1741508826.114481,36,-33,-33
1741508826.160481,-5,72,-9
1741508826.2054808,6,-23,-37
1741508826.2514808,16,17,18
1741508826.2974808,-4,-28,-161
1741508826.3434808,63,-26,-145
1741508826.388481,3,-4,-34
1741508826.434481,17,25,56
1741508826.480481,-79,-10,-71
1741508826.525481,4,44,-159
1741508826.571481,-9,50,-103
1741508826.617481,-13,-43,-142
1741508826.663481,-10,12,-25
1741508826.7084808,-12,-77,-184
1741508826.7544808,-37,-45,44
1741508826.8004808,-26,18,-113
1741508826.845481,43,58,-71
1741508826.891481,38,-45,-5
1741508826.937481,54,25,-15
1741508826.983481,-45,50,12
1741508827.028481,-26,-34,-35
1741508827.074481,8,-74,-193
1741508827.120481,80,-58,-83
1741508827.1654809,80,-70,-53
1741508827.2114809,-4,49,-77
1741508827.2574809,85,17,-97
1741508827.3034809,-53,11,-54
1741508827.348481,8,37,-131
1741508827.394481,53,-1,-61
1741508827.440481,-14,-55,-101
1741508827.485481,53,0,-27
1741508827.531481,24,-59,-165
1741508827.577481,-100,-25,-79
1741508827.623481,25,19,-104
1741508827.6684809,26,45,-106
1741508827.7144809,60,53,-136
1741508827.7604809,39,-5,-62
1741508827.805481,14,40,-154
1741508827.851481,-50,1,-10
1741508827.897481,84,6,-44
1741508827.943481,30,28,-76
1741508827.9884808,-47,2,-74
1741508828.0344808,19,4,-16
1741508828.0804808,-11,28,-80
1741508828.125481,8,12,-28
1741508828.171481,-7,-21,-82
1741508828.217481,12,70,-198
1741508828.262481,40,21,15
1741508828.308481,-46,13,-92
1741508828.354481,-3,-58,-98
1741508828.400481,26,-32,-142
1741508828.4454808,-45,27,0
1741508828.4914808,-36,-4,-44
1741508828.5374808,-6,-4,-14
1741508828.582481,88,27,-40
1741508828.628481,-6,-36,-76
1741508828.674481,10,1,-88
1741508828.720481,-51,-62,-12
1741508828.765481,-49,29,-178
1741508828.811481,33,24,-78
1741508828.857481,21,-47,-94
1741508828.9024808,-102,93,-90
1741508828.9484808,9,-25,-48
1741508828.9944808,-79,-24,-62
1741508829.0404809,2,71,-129
1741508829.085481,-63,-109,-169
1741508829.131481,73,-68,-25
1741508829.177481,-40,25,-81
1741508829.222481,81,-63,-17
1741508829.268481,26,15,-23
1741508829.314481,-18,54,-83
1741508829.360481,33,-33,-51
1741508829.4054809,24,-66,-17
1741508829.4514809,-15,-72,10
1741508829.4974809,35,-6,-175
1741508829.542481,-3,13,-25
1741508829.588481,-40,-4,-69
1741508829.634481,-64,-20,-35
1741508829.680481,24,11,-54
1741508829.725481,-25,-4,-72
1741508829.771481,42,17,-120
1741508829.8174808,-15,31,3
1741508829.8624809,-5,-19,-54
1741508829.908481,24,45,25
1741508829.954481,-57,35,-64
1741508830.000481,14,6,-96
1741508830.045481,92,-13,-106
1741508830.091481,32,19,-134
1741508830.137481,41,-60,-20
1741508830.1824808,47,38,-86
1741508830.2284808,47,4,-58
1741508830.2744808,94,15,-154
1741508830.3204808,19,9,125
1741508830.365481,52,16,-45
1741508830.411481,89,11,-74
1741508830.457481,-8,0,-242
1741508830.502481,30,17,-48
1741508830.548481,-13,7,-129
1741508830.594481,10,-3,-135
1741508830.640481,-6,11,-109
1741508830.6854808,2,16,-91
1741508830.7314808,82,58,-37
1741508830.7774808,25,-53,-101
1741508830.822481,51,47,-95
1741508830.868481,-52,-40,-147
1741508830.914481,55,19,-145
1741508830.960481,70,30,-73
1741508831.005481,-27,14,-76
1741508831.051481,91,39,-36
1741508831.097481,0,-34,-128
1741508831.1424809,-53,-65,-168
1741508831.1884809,31,-111,-146
1741508831.2344809,-71,-44,-78
1741508831.2804809,50,45,-96
1741508831.325481,2,-26,0
1741508831.371481,76,-7,-146
1741508831.417481,0,-1,-28
1741508831.462481,52,-11,-59
1741508831.508481,-1,52,-25
1741508831.554481,-19,-79,-175
1741508831.600481,4,-85,-133
1741508831.6454809,4,-73,-65
1741508831.6914809,-7,23,-49
1741508831.7374809,-15,65,4
1741508831.782481,58,-51,-131
1741508831.828481,-45,0,-67
1741508831.874481,-32,43,-155
1741508831.920481,26,13,-55
1741508831.9654808,60,-4,-3
1741508832.0114808,6,5,-119
1741508832.0574808,-15,29,-231
1741508832.102481,36,-51,-53
1741508832.148481,-83,34,-25
1741508832.194481,-35,42,-17
1741508832.240481,38,-67,-31
1741508832.285481,50,-1,-105
1741508832.331481,-99,-90,-159
1741508832.377481,12,-10,-163
1741508832.4224808,-49,-62,-163
1741508832.4684808,-1,-48,-141
1741508832.5144808,8,0,-271
1741508832.5604808,-41,3,-21
1741508832.605481,-83,47,-13
1741508832.651481,13,57,-68
1741508832.697481,-33,29,-37
1741508832.742481,-24,11,-93
1741508832.788481,68,37,-45
1741508832.834481,-25,99,-136
1741508832.8854809,-30,-75,-123
1741508832.931481,77,68,-25
1741508832.977481,3,-25,-73
1741508833.022481,-62,45,16
1741508833.068481,-26,-66,-88
1741508833.114481,1,63,-134
1741508833.160481,40,-2,47
1741508833.2054808,30,5,47
1741508833.2514808,3,3,-144
1741508833.2974808,13,3,-98
1741508833.342481,-22,-40,-26
1741508833.388481,-74,37,-178
1741508833.434481,31,-14,-134
1741508833.480481,-38,-36,-64
1741508833.525481,79,9,-121
1741508833.571481,-58,24,13
1741508833.617481,49,50,-41
1741508833.6624808,-40,55,20
1741508833.7084808,42,22,-4
1741508833.7544808,-86,23,-257
1741508833.8004808,53,-38,-15
1741508833.845481,5,77,-165
1741508833.891481,13,-14,-79
1741508833.937481,-19,-21,-65
1741508833.982481,-3,-29,-63
1741508834.028481,29,-37,-159
1741508834.074481,37,30,-101
1741508834.120481,-32,14,-75
1741508834.1654809,-11,51,-11
1741508834.2114809,32,9,18
1741508834.2574809,-26,-30,-69
1741508834.302481,-82,-72,96
1741508834.348481,-100,1,-23
1741508834.394481,-58,-60,-205
1741508834.440481,-20,-22,-23
1741508834.485481,-34,-6,-78
1741508834.531481,19,-46,-68
1741508834.577481,61,9,39
1741508834.6224809,-25,-26,-120
1741508834.6684809,-63,-90,-96
1741508834.7144809,-45,23,-69
1741508834.7604809,34,-55,-99
1741508834.805481,-29,75,-65
1741508834.851481,-5,-12,-75
1741508834.897481,-5,1,-47
1741508834.9424808,47,26,-76
1741508834.9884808,-85,81,55
1741508835.0344808,-43,-56,-84
1741508835.078481,106,43,-112
1741508835.124481,-25,-7,-9
1741508835.170481,-47,-7,-127
1741508835.2154808,-47,-101,-109
1741508835.2614808,70,-14,-167
1741508835.3074808,-8,64,-31
1741508835.3534808,-60,6,-75
1741508835.398481,-54,28,-73
1741508835.444481,-50,-61,-81
1741508835.490481,59,11,-49
1741508835.535481,-58,37,16
1741508835.581481,11,14,-147
1741508835.627481,-62,-9,-127
1741508835.673481,23,-3,-203
1741508835.7184808,-54,9,-71
1741508835.7644808,3,49,-127
1741508835.8104808,18,-10,-85
1741508835.855481,12,-8,-213
1741508835.901481,-31,-43,-103
1741508835.947481,18,52,-61
1741508835.993481,-2,-14,-92
1741508836.038481,-20,51,-2
1741508836.084481,-78,-20,-102
1741508836.130481,-32,-22,9
1741508836.1754808,-33,-22,63
1741508836.2214808,-17,-4,-156
1741508836.2674809,51,47,-142
1741508836.3134809,-34,8,-18
1741508836.358481,17,-31,-14
1741508836.404481,15,-79,-78
1741508836.450481,-37,-37,-36
1741508836.495481,-59,42,-235
1741508836.541481,-60,26,-3
1741508836.587481,-50,14,-161
1741508836.633481,51,26,-53
1741508836.6784809,53,-8,-26
1741508836.7244809,-26,-11,16
1741508836.7704809,-90,-41,-70
1741508836.815481,41,58,-5
1741508836.861481,-56,-51,2
1741508836.907481,21,1,-81
1741508836.953481,1,-29,-47
1741508836.998481,-52,5,-17
1741508837.0444808,-34,-56,-73
1741508837.0904808,-47,-54,-83
1741508837.1354809,37,-78,-5
1741508837.181481,9,-49,-65
1741508837.227481,45,16,-91
1741508837.273481,76,116,-90
1741508837.318481,-1,2,-142
1741508837.364481,42,18,26
1741508837.410481,63,12,-4
1741508837.4554808,-17,-74,-58
1741508837.5014808,36,0,-109
1741508837.5474808,-31,7,-64
1741508837.5934808,-10,3,-84
1741508837.638481,-3,-24,35
1741508837.684481,-23,31,-99
1741508837.730481,-5,43,-195
1741508837.775481,40,5,-35
1741508837.821481,-23,17,-39
1741508837.867481,36,57,-123
1741508837.913481,12,53,-43
1741508837.9584808,-49,-10,18
1741508838.0044808,-3,-104,-56
1741508838.0504808,110,-2,-47
1741508838.095481,3,55,-81
1741508838.141481,-12,0,-165
1741508838.187481,-2,25,-155
1741508838.233481,-40,-36,-149
1741508838.278481,43,27,-54
1741508838.324481,46,15,-40
1741508838.370481,-39,-54,-67
1741508838.4154809,-5,1,21
1741508838.4614809,63,-10,-6
1741508838.5074809,-9,-15,37
1741508838.5534809,-60,-21,-22
1741508838.598481,-78,-3,-91
1741508838.644481,-13,20,-19
1741508838.690481,22,-2,-103
1741508838.735481,-9,-6,-136
1741508838.781481,31,-26,-28
1741508838.827481,26,26,-79
1741508838.873481,38,2,72
1741508838.9184809,8,-1,37
1741508838.9644809,-55,26,-81
1741508839.0104809,-43,-60,-9
1741508839.055481,-16,48,-5
1741508839.101481,-8,9,-67
1741508839.147481,43,23,54
1741508839.193481,-42,9,-171
1741508839.2384808,29,-12,-121
1741508839.2844808,-60,-42,-139
1741508839.3304808,53,-10,-27
1741508839.375481,25,25,-161
1741508839.421481,0,12,-51
1741508839.467481,-34,-28,-19
1741508839.513481,-10,-59,-117
1741508839.558481,102,-6,-29
1741508839.604481,-4,50,-9
1741508839.650481,-45,30,-60
1741508839.6954808,27,10,-179
1741508839.7414808,105,-52,-207
1741508839.7874808,-6,11,-105
1741508839.8334808,-82,13,-59
1741508839.878481,17,17,-51
1741508839.924481,-2,-46,102
1741508839.970481,-44,26,-123
1741508840.015481,10,-15,-87
1741508840.061481,2,-41,-187
1741508840.107481,8,-28,-13
1741508840.153481,18,21,-127
1741508840.1984808,-1,39,-33
1741508840.2444808,8,-33,-24
1741508840.2904809,-3,-45,-48
1741508840.335481,-57,-33,-60
1741508840.381481,-61,-20,-181
1741508840.427481,-65,32,-72
1741508840.473481,26,38,-104
1741508840.518481,17,-84,-224
1741508840.564481,17,-14,-132
1741508840.610481,3,-67,-20
1741508840.6554809,63,26,-78
1741508840.7014809,8,35,-98
1741508840.7474809,-69,8,-12
1741508840.7934809,44,14,-112
1741508840.838481,-36,-44,-104
1741508840.884481,-14,0,-60
1741508840.930481,3,15,-102
1741508840.975481,-46,79,-74
1741508841.021481,-21,45,-114
1741508841.0674808,-71,17,-142
1741508841.1134808,34,51,43
1741508841.158481,9,-35,15
1741508841.204481,14,-76,-92
1741508841.250481,-68,2,-96
1741508841.295481,-16,-38,-70
1741508841.341481,40,-40,-62
1741508841.387481,44,17,-188
1741508841.433481,-86,-44,-192
1741508841.4784808,49,15,-52
1741508841.5244808,20,28,-102
1741508841.5704808,22,-1,-72
1741508841.615481,10,66,-46
1741508841.661481,-111,38,-68
1741508841.707481,-23,-13,-92
1741508841.753481,85,-27,-128
1741508841.798481,-40,-1,-32
1741508841.844481,-74,52,-2
1741508841.890481,35,-3,7
1741508841.9354808,21,-39,-60
1741508841.9814808,43,-59,-60
1741508842.0274808,-11,25,-66
1741508842.072481,-33,14,-210
1741508842.118481,61,8,-78
1741508842.164481,-91,10,-8
1741508842.210481,-69,-43,-123
1741508842.255481,-29,-61,1
1741508842.301481,-58,-9,75
1741508842.347481,-14,-34,-204
1741508842.3924809,4,83,-68
1741508842.4384809,25,-119,-48
1741508842.4844809,2,-12,-46
1741508842.5304809,72,13,-118
1741508842.575481,64,29,-162
1741508842.621481,-9,55,-60
1741508842.667481,-20,-36,-106
1741508842.712481,-22,-54,-80
1741508842.758481,-55,-62,-114
1741508842.804481,58,-71,-144
1741508842.850481,-39,6,45
1741508842.901481,87,-57,-102
1741508842.947481,43,-19,-144
1741508842.992481,-30,-29,-108
1741508843.038481,-25,-6,27
1741508843.084481,63,-3,13
1741508843.130481,62,-6,-122
1741508843.1754808,-37,-52,-68
1741508843.2214808,24,21,-36
1741508843.2674809,0,1,-96
1741508843.312481,-2,43,-8
1741508843.358481,-23,-42,-40
1741508843.404481,60,3,103
1741508843.450481,-22,-48,-81
1741508843.495481,-19,16,-148
1741508843.541481,18,-27,-66
1741508843.587481,22,-41,28
1741508843.6324809,-12,-46,-115
1741508843.6784809,1,-14,-137
1741508843.7244809,-16,-24,-163
1741508843.7704809,9,-58,-103
1741508843.815481,-8,21,-81
1741508843.861481,31,9,-111
1741508843.907481,41,-10,-81
1741508843.952481,39,1,-37
1741508843.998481,31,29,-27
1741508844.0444808,-36,-12,-109
1741508844.0904808,-48,45,-101
1741508844.1354809,-24,45,10
1741508844.181481,12,-49,-17
1741508844.227481,40,2,-83
1741508844.272481,27,-8,-167
1741508844.318481,-44,-9,-11
1741508844.364481,15,6,-93
1741508844.410481,-1,46,44
1741508844.4554808,6,-39,-11
1741508844.5014808,75,1,-117
1741508844.5474808,62,-35,-35
1741508844.592481,49,39,12
1741508844.638481,48,-37,-155
1741508844.684481,81,11,-59
1741508844.730481,18,-32,-81
1741508844.775481,78,7,8
1741508844.821481,8,-63,-55
1741508844.867481,35,59,-129
1741508844.9124808,104,-48,-193
1741508844.9584808,-34,-34,-77
1741508845.0044808,-10,9,-67
1741508845.0504808,-43,73,-87
1741508845.095481,2,-16,12
1741508845.141481,22,-26,-121
1741508845.187481,-71,4,-29
1741508845.232481,-19,-51,-33
1741508845.278481,-12,64,-56
1741508845.324481,15,-5,-135
1741508845.370481,47,-5,-125
1741508845.4154809,70,-18,-93
1741508845.4614809,98,55,-91
1741508845.5074809,40,-102,-19
1741508845.552481,-111,24,-25
1741508845.598481,-29,-76,-15
1741508845.644481,63,-23,-11
1741508845.690481,-22,-29,-73
1741508845.735481,5,-29,48
1741508845.781481,-40,4,-15
1741508845.827481,-4,20,-65
1741508845.8724809,11,-16,-129
1741508845.9184809,-8,16,-27
1741508845.9644809,-28,64,-43
1741508846.0104809,-14,40,-91
1741508846.055481,9,22,-47
1741508846.101481,13,-31,-113
1741508846.147481,-13,-21,-131
1741508846.1924808,-9,-23,-75
1741508846.2384808,78,52,-171
1741508846.2844808,-3,10,-25
1741508846.3304808,-24,-81,-129
1741508846.375481,-38,-15,-81
1741508846.421481,9,7,-39
1741508846.467481,-93,-66,2
1741508846.512481,-42,38,-91
1741508846.558481,-43,28,-102
1741508846.604481,72,-25,3
1741508846.650481,71,4,-116
1741508846.6954808,-67,-16,-18
1741508846.7414808,-51,4,-99
1741508846.7874808,56,17,-84
1741508846.832481,28,66,-34
1741508846.878481,34,0,-58
1741508846.924481,-3,-17,-46
1741508846.970481,48,41,-62
1741508847.015481,-45,39,49
1741508847.061481,10,-10,-136
1741508847.107481,80,-32,-116
1741508847.1524808,-77,7,-44
1741508847.1984808,-89,-26,-32
1741508847.2444808,52,11,-96
1741508847.2904809,36,-42,16
1741508847.335481,51,2,-159
1741508847.381481,-7,-16,-215
1741508847.427481,59,30,-71
1741508847.472481,-38,-27,-53
1741508847.518481,9,0,-151
1741508847.564481,2,-54,-29
1741508847.610481,40,49,-205
1741508847.6554809,-42,-39,-147
1741508847.7014809,-45,29,58
1741508847.7474809,-1,65,-33
1741508847.792481,48,25,10
1741508847.838481,39,25,-129
1741508847.884481,25,-34,-135
1741508847.930481,-29,-89,-143
1741508847.975481,-36,-2,-23
1741508848.021481,28,-33,-93
1741508848.0674808,-33,56,-100
1741508848.1124809,51,73,-48
1741508848.158481,37,-30,-116
1741508848.204481,39,-2,-128
1741508848.250481,-8,47,-56
1741508848.295481,19,-22,-70
1741508848.341481,-28,27,37
1741508848.387481,1,11,-192
1741508848.4324808,-74,-38,-60
1741508848.4784808,17,73,-36
1741508848.5244808,-9,66,63
1741508848.5704808,30,-71,1
1741508848.615481,62,52,-66
1741508848.661481,88,-51,-90
1741508848.707481,64,19,-40
1741508848.752481,19,-17,-106
1741508848.798481,57,23,-138
1741508848.844481,-57,-28,-82
1741508848.8894808,-67,37,-70
1741508848.9354808,-4,29,-142
1741508848.9814808,41,11,-154
1741508849.0274808,65,5,-89
1741508849.072481,-28,83,62
1741508849.118481,48,15,-213
1741508849.164481,18,55,8
1741508849.209481,42,-82,-13
1741508849.255481,-45,39,-21
1741508849.301481,-34,25,-65
1741508849.347481,27,51,-237
1741508849.3924809,-50,-28,-47
1741508849.4384809,101,0,-87
1741508849.4844809,56,43,4
1741508849.529481,-62,-85,30
1741508849.575481,69,16,-115
1741508849.621481,-18,0,-9
1741508849.667481,51,-35,51
1741508849.712481,-14,-5,-72
1741508849.758481,10,-16,-60
1741508849.804481,-58,-33,-140
1741508849.8494809,-23,-6,-122
1741508849.8954809,56,-22,50
1741508849.9414809,-46,-28,-122
1741508849.9874809,39,33,-102
1741508850.032481,121,5,-125
1741508850.078481,-66,-35,-65
1741508850.124481,-20,-72,-83
1741508850.1694808,-22,28,-151
1741508850.2154808,-12,10,-71
1741508850.2614808,21,4,-49
1741508850.3074808,64,15,-130
1741508850.352481,-48,80,-162
1741508850.398481,-49,23,-80
1741508850.444481,8,-38,98
1741508850.489481,9,78,73
1741508850.535481,-38,-25,-191
1741508850.581481,47,12,-7
1741508850.627481,43,29,-65
1741508850.6724808,3,27,-93
1741508850.7184808,-69,100,-3
1741508850.7644808,20,40,-77
1741508850.809481,-32,-18,2
1741508850.855481,11,-62,-27
1741508850.901481,-12,27,-201
1741508850.947481,10,48,-31
1741508850.992481,-2,-23,-39
1741508851.038481,-10,64,-91
1741508851.084481,-34,-62,-75
1741508851.1294808,65,21,-29
1741508851.1754808,7,17,2
1741508851.2214808,-54,50,-75
1741508851.2674809,0,-19,0
1741508851.312481,-6,57,-119
1741508851.358481,-30,6,-101
1741508851.404481,33,12,-93
1741508851.449481,49,-15,-16
1741508851.495481,3,-59,-150
1741508851.541481,-7,17,-241
1741508851.587481,-17,-36,-68
1741508851.6324809,34,-56,-57
1741508851.6784809,9,13,-127
1741508851.7244809,47,23,-73
1741508851.769481,-28,0,-36
1741508851.815481,41,-2,-209
1741508851.861481,-16,-26,-55
1741508851.907481,37,59,-148
1741508851.952481,55,9,-102
1741508851.998481,27,6,-34
1741508852.0444808,-2,-43,-46
1741508852.0894809,45,-31,-36
1741508852.1354809,1,-31,-160
1741508852.181481,-10,38,-64
1741508852.227481,-54,-35,-124
1741508852.272481,-2,33,-216
1741508852.318481,15,-22,-98
1741508852.364481,-20,3,-234
1741508852.4094808,53,13,-70
1741508852.4554808,-62,-26,-44
1741508852.5014808,71,-5,-54
1741508852.5474808,-7,-54,-70
1741508852.592481,52,71,17
1741508852.638481,46,-80,-54
1741508852.684481,-7,82,-170
1741508852.729481,34,23,-54
1741508852.775481,-20,-23,-106
1741508852.821481,53,-9,9
1741508852.867481,19,-61,-176
1741508852.9184809,-4,-15,-56
1741508852.9644809,47,40,-58
1741508853.009481,-108,-39,-220
1741508853.055481,7,-25,-28
1741508853.101481,0,2,-178
1741508853.147481,-89,0,-22
1741508853.1924808,-54,-36,-154
1741508853.2384808,43,17,-156
1741508853.2844808,5,35,-68
1741508853.329481,-4,-20,-168
1741508853.375481,129,17,-114
1741508853.421481,-5,31,-144
1741508853.467481,-41,-2,-100
1741508853.512481,19,-18,-106
1741508853.558481,-22,19,-154
1741508853.604481,-86,-27,-186
1741508853.6494808,63,-11,-157
1741508853.6954808,-70,-31,42
1741508853.7414808,11,-7,-111
1741508853.7874808,23,0,-113
1741508853.832481,-44,12,-53
1741508853.878481,35,38,-161
1741508853.924481,51,-13,-1
1741508853.969481,90,4,98
1741508854.015481,44,18,6
1741508854.061481,-6,46,-15
1741508854.107481,-52,26,-91
1741508854.1524808,67,28,-121
1741508854.1984808,19,12,-191
1741508854.2444808,44,8,-101
1741508854.289481,-7,-43,72
1741508854.335481,8,-7,-121
1741508854.381481,-41,49,-199
1741508854.427481,-75,11,-57
1741508854.472481,6,-12,-37
1741508854.518481,86,-16,-155
1741508854.564481,96,15,-67
1741508854.6094809,44,-18,-175
1741508854.6554809,-48,-35,-24
1741508854.7014809,-15,-33,-146
1741508854.7474809,-22,-19,-144
1741508854.792481,-26,-17,-138
1741508854.838481,11,40,-76
1741508854.884481,11,12,-56
1741508854.929481,73,-73,-90
1741508854.975481,115,-23,-36
1741508855.021481,15,-1,-34
1741508855.0674808,-53,-57,-76
1741508855.1124809,-40,26,-68
1741508855.158481,-93,27,-140
1741508855.204481,-1,-63,-150
1741508855.249481,10,-41,-54
1741508855.295481,26,10,-226
1741508855.341481,-11,6,-146
1741508855.387481,10,0,-52
1741508855.4324808,19,-51,-132
1741508855.4784808,29,-5,5
1741508855.5244808,39,-17,-108
1741508855.569481,81,-21,-54
1741508855.615481,-40,52,-48
1741508855.661481,59,13,-72
1741508855.706481,7,-20,-104
1741508855.752481,4,55,-126
1741508855.798481,26,-42,-96
1741508855.844481,-43,-28,-54
1741508855.8894808,-3,-11,-108
1741508855.9354808,0,59,-130
1741508855.9814808,53,-44,-86
1741508856.026481,-39,-5,-59
1741508856.072481,-27,31,-143
1741508856.118481,28,7,-47
1741508856.164481,-37,31,-161
1741508856.209481,-19,-88,-81
1741508856.255481,-22,-106,-8
1741508856.301481,-60,-22,-100
1741508856.3464808,-40,5,-42
1741508856.3924809,95,35,-93
1741508856.4384809,-17,3,-45
1741508856.4844809,1,-39,-131
1741508856.529481,1,66,-137
1741508856.575481,44,47,-97
1741508856.621481,-63,0,-39
1741508856.666481,6,-16,44
1741508856.712481,45,-28,-163
1741508856.758481,56,-26,-109
1741508856.804481,38,51,-43
1741508856.8494809,48,-32,-65
1741508856.8954809,40,11,-57
1741508856.9414809,-87,19,-31
1741508856.986481,-34,16,-239
1741508857.032481,-30,8,-153
1741508857.078481,-2,-59,14
1741508857.124481,15,32,33
1741508857.1694808,-16,-11,-226
1741508857.2154808,-54,-7,-62
1741508857.2614808,-48,10,-36
1741508857.306481,29,78,-174
1741508857.352481,19,92,-196
1741508857.398481,55,-19,-231
1741508857.444481,57,-19,-33
1741508857.489481,31,-69,-55
1741508857.535481,-78,-8,61
1741508857.581481,63,-49,-118
1741508857.6264808,65,-29,-96
1741508857.6724808,-53,27,-77
1741508857.7184808,-33,21,-99
1741508857.7644808,0,-60,-35
1741508857.809481,14,-14,-133
1741508857.855481,-17,35,-131
1741508857.901481,56,9,-141
1741508857.946481,-33,13,-73
1741508857.992481,-6,-18,-89
1741508858.038481,23,20,24
1741508858.084481,77,80,9
1741508858.1294808,9,12,-104
1741508858.1754808,-14,34,-54
1741508858.2214808,43,24,-148
1741508858.266481,95,-41,-120
1741508858.312481,-52,-36,-56
1741508858.358481,-88,-33,-54
1741508858.404481,-57,25,3
1741508858.449481,-91,23,6
1741508858.495481,10,59,-51
1741508858.541481,79,-33,-81
1741508858.5864809,-6,0,-39
1741508858.6324809,-16,34,-59
1741508858.6784809,-48,87,-103
1741508858.7244809,97,13,-137
1741508858.769481,6,1,-115
1741508858.815481,-15,14,-71
1741508858.861481,-19,-51,-179
1741508858.906481,-41,-53,-39
1741508858.952481,48,-3,-215
1741508858.998481,-21,-66,-25
1741508859.0444808,-47,34,-51
1741508859.0894809,52,6,-45
1741508859.1354809,20,29,-141
1741508859.181481,46,-14,-47
1741508859.226481,94,27,50
1741508859.272481,-53,11,-19
1741508859.318481,89,-28,-153
1741508859.364481,23,-2,-85
1741508859.4094808,62,15,86
1741508859.4554808,8,-72,-191
1741508859.5014808,37,-40,-117
1741508859.546481,16,-5,-77
1741508859.592481,64,-13,-102
1741508859.638481,24,-21,-64
1741508859.684481,-27,22,-43
1741508859.729481,18,92,-41
1741508859.775481,2,-21,-51
1741508859.821481,0,50,-177
1741508859.8664808,-98,133,-69
1741508859.9124808,101,9,-65
1741508859.9584808,-50,56,-59
1741508860.0044808,-20,48,-115
1741508860.049481,95,9,-39
1741508860.095481,-15,38,-116
1741508860.141481,-29,-25,-97
1741508860.186481,-23,41,-150
1741508860.232481,26,-54,-77
1741508860.278481,11,-38,-77
1741508860.324481,17,-3,-123
1741508860.3694808,21,-40,-51
1741508860.4154809,55,-13,-35
1741508860.4614809,21,61,-79
1741508860.506481,-63,-66,-101
1741508860.552481,-96,27,-141
1741508860.598481,-66,32,42
1741508860.644481,-45,-14,-207
1741508860.689481,20,27,-23
1741508860.735481,-49,47,8
1741508860.781481,46,-4,-43
1741508860.8264809,22,29,-47
1741508860.8724809,5,9,12
1741508860.9184809,-86,33,-31
1741508860.9644809,53,-36,20
1741508861.009481,-63,8,86
1741508861.055481,-8,-94,-27
1741508861.101481,-54,-52,-69
1741508861.146481,-34,33,-81
1741508861.1924808,-52,-62,-31
1741508861.2384808,-4,1,-35
1741508861.2844808,-40,-82,-91
1741508861.329481,27,0,-105
1741508861.375481,-52,-2,-51
1741508861.421481,-25,-32,-133
1741508861.466481,24,-14,-15
1741508861.512481,8,71,-117
1741508861.558481,-27,-4,-161
1741508861.604481,-5,-20,-149
1741508861.6494808,-57,-102,-55
1741508861.6954808,18,-20,-79
1741508861.7414808,-76,-15,-101
1741508861.786481,-42,-102,20
1741508861.832481,-23,53,-117
1741508861.878481,18,-12,-29
1741508861.924481,-43,-5,-97
1741508861.969481,10,-37,-39
1741508862.015481,-77,-45,-25
1741508862.061481,60,5,-53
1741508862.1064808,-24,-26,-91
1741508862.1524808,-12,-8,-167
1741508862.1984808,37,-55,-77
1741508862.2444808,55,-21,-39
1741508862.289481,-16,-17,-49
1741508862.335481,74,-20,24
1741508862.381481,0,15,73
1741508862.426481,-86,-22,-90
1741508862.472481,-7,53,-113
1741508862.518481,38,67,-45
1741508862.5634809,-29,21,-116
1741508862.6094809,47,-15,43
1741508862.6554809,-94,-54,-190
1741508862.7014809,33,-12,-54
1741508862.746481,5,-28,-136
1741508862.792481,65,-82,-102
1741508862.838481,-72,13,-160
1741508862.883481,33,49,-170
1741508862.9354808,-12,4,-186
1741508862.9814808,47,20,-54
1741508863.026481,29,52,-94
1741508863.072481,-66,-16,-34
1741508863.118481,-4,-18,-76
1741508863.163481,-70,38,-106
1741508863.209481,-62,28,-96
1741508863.255481,59,20,-106
1741508863.301481,15,36,-58
1741508863.3464808,-16,-9,-96
1741508863.3924809,42,21,-40
1741508863.4384809,33,-1,-140
1741508863.483481,35,2,-28
1741508863.529481,9,10,-92
1741508863.575481,45,-43,-165
1741508863.621481,-18,-33,-105
1741508863.666481,-23,-82,-103
1741508863.712481,-51,5,-67
1741508863.758481,40,21,-66
1741508863.8034809,54,-30,25
1741508863.8494809,14,17,15
1741508863.8954809,9,-61,-122
1741508863.9414809,-26,44,-72
1741508863.986481,9,-81,-124
1741508864.032481,44,43,-34
1741508864.078481,-61,-12,-64
1741508864.123481,18,45,-112
1741508864.1694808,60,-25,-206
1741508864.2154808,-63,-5,-5
1741508864.2614808,20,-31,-63
1741508864.306481,-11,-33,24
1741508864.352481,26,39,-41
1741508864.398481,12,-58,-127
1741508864.443481,-35,13,-79
1741508864.489481,36,-35,-73
1741508864.535481,-45,-31,-141
1741508864.581481,-69,-57,-7
1741508864.6264808,-5,-91,-123
1741508864.6724808,44,12,-125
1741508864.7184808,-14,-29,-57
1741508864.763481,46,4,2
1741508864.809481,151,-34,-115
1741508864.855481,-44,17,-59
1741508864.901481,15,51,20
1741508864.947481,-30,31,-77
1741508864.993481,89,-77,-105
1741508865.039481,11,-29,-131
1741508865.085481,75,-2,-77
1741508865.130481,7,-2,-23
1741508865.176481,-34,5,-71
1741508865.222481,25,-4,-123
1741508865.2674809,53,-59,-175
1741508865.3134809,57,4,-111
1741508865.3594809,-22,80,-135
1741508865.4054809,1,-5,-109
1741508865.450481,-22,-22,-113
1741508865.496481,76,-35,-199
1741508865.542481,-29,24,-125
1741508865.587481,34,70,-24
1741508865.633481,-7,-13,-86
1741508865.679481,-7,0,-26
1741508865.725481,-63,5,-66
1741508865.7704809,28,-116,15
1741508865.8164809,-35,48,-74
1741508865.8624809,-57,-44,17
1741508865.907481,16,-42,-98
1741508865.953481,24,-18,-104
1741508865.999481,10,29,14
1741508866.045481,24,-46,-21
1741508866.0904808,22,15,-15
1741508866.1364808,22,-66,-99
1741508866.1824808,-7,-45,-169
1741508866.227481,62,-25,-105
1741508866.273481,-17,105,2
1741508866.319481,-2,-46,-153
1741508866.365481,-52,-22,-77
1741508866.410481,27,-16,-159
1741508866.456481,35,-7,-117
1741508866.502481,25,32,50
1741508866.5474808,1,15,-245
1741508866.5934808,53,-22,-147
1741508866.6394808,-26,26,-105
1741508866.6854808,41,-68,-115
1741508866.730481,23,3,-181
1741508866.776481,5,-12,-119
1741508866.822481,-40,-24,-12
1741508866.867481,7,9,-58
1741508866.913481,-22,-5,-82
1741508866.959481,-50,45,-8
1741508867.005481,-84,3,-144
1741508867.0504808,-30,98,0
1741508867.0964808,23,68,-86
1741508867.1424809,65,-50,15
1741508867.187481,26,-55,-146
1741508867.233481,92,-23,-134
1741508867.279481,-9,-19,-136
1741508867.325481,-93,-30,-130
1741508867.370481,42,95,-122
1741508867.416481,14,31,-40
1741508867.462481,-11,-26,-84
1741508867.5074809,10,-24,-92
1741508867.5534809,-11,55,-138
1741508867.5994809,-59,-49,-130
1741508867.6454809,30,38,-100
1741508867.690481,8,-58,-74
1741508867.736481,-4,25,-106
1741508867.782481,-26,-16,-64
1741508867.827481,105,2,-18
1741508867.873481,19,46,-88
1741508867.9194808,-78,-70,-42
1741508867.9654808,61,-72,-160
1741508868.0104809,13,-16,-148
1741508868.056481,-10,-72,-90
1741508868.102481,43,49,-80
1741508868.147481,19,27,-68
1741508868.193481,4,-27,-160
1741508868.239481,45,7,-94
1741508868.285481,14,-60,-22
1741508868.3304808,-12,-24,-138
1741508868.3764808,-24,-52,-59
1741508868.4224808,-56,9,-39
1741508868.467481,26,27,-35
1741508868.513481,12,-12,-23
1741508868.559481,2,24,-101
1741508868.605481,-51,-13,-27
1741508868.650481,-74,-5,-55
1741508868.696481,51,14,-103
1741508868.742481,-64,12,9
1741508868.7874808,51,-55,-122
1741508868.8334808,-8,-47,18
1741508868.8794808,59,-37,-26
1741508868.9254808,37,-25,-13
1741508868.970481,-58,27,-111
1741508869.016481,43,13,-61
1741508869.062481,-26,-22,-45
1741508869.107481,63,27,-71
1741508869.153481,-22,-14,-103
1741508869.199481,12,-92,34
1741508869.245481,-15,24,-35
1741508869.2904809,38,-11,-77
1741508869.3364809,37,-68,-121
1741508869.3824809,-21,37,-35
1741508869.427481,91,-78,-43
1741508869.473481,70,-30,-85
1741508869.519481,-27,-30,0
1741508869.564481,18,-4,46
1741508869.610481,32,-24,-15
1741508869.656481,60,0,-153
1741508869.702481,25,-31,-57
1741508869.7474809,-68,-20,-9
1741508869.7934809,12,-36,-77
1741508869.8394809,-9,-14,-48
1741508869.884481,-38,9,-93
1741508869.930481,-58,21,-111
1741508869.976481,45,33,14
1741508870.022481,44,27,-164
1741508870.0674808,46,-8,-230
1741508870.1134808,10,69,-34
1741508870.1594808,148,-76,-80
1741508870.204481,22,-25,-176
1741508870.250481,-36,-5,15
1741508870.296481,-37,10,-62
1741508870.342481,12,-37,-132
1741508870.387481,-9,16,-100
1741508870.433481,-16,42,-68
1741508870.479481,10,100,-120
1741508870.5244808,23,10,-142
1741508870.5704808,-62,70,-142
1741508870.6164808,-20,-43,41
1741508870.6624808,-76,20,-122
1741508870.707481,52,0,-120
1741508870.753481,40,-8,-128
1741508870.799481,2,55,-74
1741508870.844481,21,0,77
1741508870.890481,-14,21,-52
1741508870.936481,-33,-36,-48
1741508870.982481,-1,-16,27
1741508871.0274808,-16,-51,-8
1741508871.0734808,-35,-65,-7
1741508871.1194808,-7,38,-42
1741508871.164481,4,18,-104
1741508871.210481,6,4,-134
1741508871.256481,-13,16,1
1741508871.302481,41,-2,-106
1741508871.347481,53,-122,-48
1741508871.393481,-18,55,-14
1741508871.439481,-13,-64,-102
1741508871.4844809,-39,-10,4
1741508871.5304809,-33,33,-41
1741508871.5764809,-29,-13,20
1741508871.6224809,68,54,-39
1741508871.667481,-31,61,-77
1741508871.713481,-6,-14,-49
1741508871.759481,3,-20,18
1741508871.804481,-2,37,-47
1741508871.850481,-34,-80,-97
1741508871.896481,21,5,-151
1741508871.9424808,57,5,-19
1741508871.9874809,92,-90,46
1741508872.033481,20,-24,-99
1741508872.079481,10,-34,-125
1741508872.124481,70,55,-21
1741508872.170481,-24,14,-101
1741508872.216481,-43,-50,-5
1741508872.262481,46,-3,-31
1741508872.3074808,10,40,-23
1741508872.3534808,50,64,-55
1741508872.3994808,-3,31,-93
1741508872.444481,-1,-14,-193
1741508872.490481,8,-46,-194
1741508872.536481,36,44,-119
1741508872.582481,-2,43,-43
1741508872.627481,-35,0,56
1741508872.673481,-27,-58,-129
1741508872.719481,20,64,-87
1741508872.7644808,12,-70,-67
1741508872.8104808,-69,6,-35
1741508872.8564808,70,-13,-127
1741508872.9024808,0,14,42
1741508872.953481,38,-87,72
1741508872.999481,-2,13,-19
1741508873.0444808,-53,17,-36
1741508873.0904808,-45,-76,-41
1741508873.1364808,-56,57,-69
1741508873.1824808,38,-59,-78
1741508873.227481,6,-10,-92
1741508873.273481,-11,-8,-193
1741508873.319481,-1,-30,-103
1741508873.364481,65,-17,-125
1741508873.410481,-18,-9,-54
1741508873.456481,-29,11,25
1741508873.502481,3,16,-94
1741508873.5474808,-78,5,-2
1741508873.5934808,45,9,-66
1741508873.6394808,61,27,-72
1741508873.684481,17,0,-26
1741508873.730481,11,1,-8
1741508873.776481,-15,22,-58
1741508873.822481,-58,0,-118
1741508873.867481,-2,5,-50
1741508873.913481,-82,26,-86
1741508873.959481,-18,16,-84
1741508874.0044808,-13,22,57
1741508874.0504808,10,-75,-28
1741508874.0964808,-10,-12,-106
1741508874.1424809,0,-56,-34
1741508874.187481,25,4,-26
1741508874.233481,-17,-22,-82
1741508874.279481,-3,85,-200
1741508874.324481,43,15,-64
1741508874.370481,73,5,49
1741508874.416481,-1,26,-6
1741508874.462481,8,24,-50
1741508874.5074809,73,-5,35
1741508874.5534809,-13,-35,-58
1741508874.5994809,53,-1,-62
1741508874.644481,1,24,-55
1741508874.690481,-18,-55,-45
1741508874.736481,-18,34,-159
1741508874.782481,-9,-12,-73
1741508874.827481,-8,12,-203
1741508874.873481,-4,-37,-95
1741508874.9194808,36,8,-3
1741508874.9644809,71,48,-35
1741508875.0104809,-4,40,-213
1741508875.056481,15,56,-202
1741508875.102481,-26,72,14
1741508875.147481,-49,-13,-185
1741508875.193481,-3,59,-111
1741508875.239481,-81,39,-145
1741508875.2844808,-85,19,-181
1741508875.3304808,-59,27,-175
1741508875.3764808,-23,65,-141
1741508875.4224808,-81,-32,-35
1741508875.467481,18,53,-21
1741508875.513481,35,-94,8
1741508875.559481,5,59,-23
1741508875.604481,20,23,-79
1741508875.650481,-59,-36,-75
1741508875.696481,-11,-20,52
1741508875.742481,-3,-24,-5
1741508875.7874808,10,-16,-165
1741508875.8334808,-99,11,52
1741508875.8794808,19,-27,-121
1741508875.924481,-16,20,-65
1741508875.970481,32,18,-77
1741508876.016481,-105,28,-19
1741508876.062481,-7,16,6
1741508876.107481,-37,-15,28
1741508876.153481,0,89,-81
1741508876.199481,-51,41,-63
1741508876.2444808,14,-9,-107
1741508876.2904809,40,30,-127
1741508876.3364809,-51,-113,-67
1741508876.381481,23,2,-3
1741508876.427481,-2,-24,-53
1741508876.473481,9,0,-57
1741508876.519481,-34,54,-183
1741508876.564481,27,-14,-63
1741508876.610481,-52,-46,-75
1741508876.6554809,-18,-16,-97
1741508876.700481,-22,-26,-157
1741508876.746481,-14,17,-37
1741508876.792481,0,-42,98
1741508876.837481,87,48,-175
1741508876.883481,-7,23,-89
1741508876.929481,-18,25,-83
1741508876.975481,128,-24,-121
1741508877.0204809,-38,-66,-85
1741508877.0664809,3,-2,-83
1741508877.1124809,-72,-21,-53
1741508877.157481,-48,-9,30
1741508877.203481,23,-39,-127
1741508877.249481,55,24,-27
1741508877.295481,4,16,-11
1741508877.3404808,-31,24,50
1741508877.3864808,-15,-12,-192
1741508877.4324808,-25,28,-80
1741508877.477481,16,-21,-99
1741508877.523481,-3,-1,-165
1741508877.569481,35,18,-115
1741508877.615481,111,65,-43
1741508877.660481,5,-12,-35
1741508877.706481,-16,-40,-113
1741508877.752481,-61,-30,-109
1741508877.7974808,38,19,0
1741508877.8434808,-49,-50,-107
1741508877.8894808,69,-20,-111
1741508877.9354808,27,-26,-88
1741508877.980481,-20,39,-55
1741508878.026481,-25,-17,-107
1741508878.072481,5,31,-79
1741508878.117481,18,-1,-89
1741508878.163481,22,-59,-113
1741508878.209481,-22,13,-159
1741508878.255481,-5,-81,44
1741508878.3004808,-9,50,-35
1741508878.3464808,92,-29,-117
1741508878.3924809,-55,-21,-129
1741508878.437481,4,2,24
1741508878.483481,34,-35,-67
1741508878.529481,-11,0,-241
1741508878.575481,-57,-11,-23
1741508878.620481,77,94,-43
1741508878.666481,96,-15,-225
1741508878.712481,-23,-51,-49
1741508878.7574809,36,12,-59
1741508878.8034809,-43,-61,-77
1741508878.8494809,4,-49,-23
1741508878.8954809,-19,-59,-1
1741508878.940481,-21,-31,-177
1741508878.986481,-35,-91,-91
1741508879.032481,-4,29,-63
1741508879.077481,-47,-11,-39
1741508879.123481,5,3,-35
1741508879.1694808,38,9,-95
1741508879.2154808,-38,45,-66
1741508879.2604809,15,97,-31
1741508879.306481,-7,-4,-159
1741508879.352481,18,43,-61
1741508879.397481,33,-38,-273
1741508879.443481,51,1,-63
1741508879.489481,24,3,-65
1741508879.535481,8,16,-49
1741508879.5804808,-22,14,-59
1741508879.6264808,43,10,-103
1741508879.6724808,37,-2,-53
1741508879.717481,45,17,-5
1741508879.763481,125,-22,14
1741508879.809481,19,63,-127
1741508879.855481,-100,55,-13
1741508879.900481,-22,-3,-61
1741508879.946481,-49,-20,-77
1741508879.992481,3,21,-195
1741508880.0374808,44,-43,-43
1741508880.0834808,-28,-6,-147
1741508880.1294808,63,35,-39
1741508880.1754808,25,27,-65
1741508880.220481,-53,1,-33
1741508880.266481,28,-44,-63
1741508880.312481,-17,-46,-37
1741508880.357481,-74,-2,-63
1741508880.403481,-34,71,-93
1741508880.449481,-84,45,-53
1741508880.495481,-9,6,-79
1741508880.5404809,-27,-9,-47
1741508880.5864809,15,28,-153
1741508880.6324809,-115,-27,14
1741508880.677481,-101,92,-27
1741508880.723481,-55,-8,-103
1741508880.769481,2,-61,-27
1741508880.815481,-71,8,-13
1741508880.860481,10,-33,-157
1741508880.906481,84,-1,-77
1741508880.952481,-38,-33,-37
1741508880.9974809,100,-1,-147
1741508881.0434809,-29,-13,-93
1741508881.0894809,-37,-26,-1
1741508881.1354809,14,-35,-107
1741508881.180481,-19,-42,-57
1741508881.226481,28,-50,8
1741508881.272481,-2,-41,-55
1741508881.3174808,44,-54,-71
1741508881.3634808,-1,-22,-31
1741508881.4094808,51,-10,-187
1741508881.4554808,52,-39,-115
1741508881.500481,-7,54,32
1741508881.546481,46,6,-139
1741508881.592481,18,-21,-151
1741508881.637481,36,-113,42
1741508881.683481,43,-25,-155
1741508881.729481,-1,-23,-37
1741508881.775481,-33,3,-1
1741508881.8204808,-69,61,-176
1741508881.8664808,-23,31,-4
1741508881.9124808,-63,-59,-62
1741508881.957481,4,-32,-81
1741508882.003481,47,0,-78
1741508882.049481,-10,16,-138
1741508882.095481,-55,-94,-38
1741508882.140481,4,64,-28
1741508882.186481,8,-83,-56
1741508882.232481,-19,-30,-148
1741508882.2774808,-3,-4,-48
1741508882.3234808,-15,-50,95
1741508882.3694808,0,-43,-62
1741508882.4154809,61,-64,-190
1741508882.460481,-14,-4,-42
1741508882.506481,-47,-61,-76
1741508882.552481,114,-71,-146
1741508882.597481,27,21,-111
1741508882.643481,73,-32,-93
1741508882.689481,6,54,-150
1741508882.735481,6,0,-60
1741508882.7804809,-45,-7,-94
1741508882.8264809,-21,-31,-98
1741508882.8724809,-28,-70,-48
1741508882.923481,-95,0,-90
1741508882.969481,-33,24,-134
1741508883.0144808,-21,-31,-84
1741508883.0604808,-25,-39,-196
1741508883.1064808,-37,-26,-178
1741508883.1524808,30,-108,-36
1741508883.197481,44,36,-188
1741508883.243481,-23,32,-124
1741508883.289481,-21,-37,0
1741508883.334481,64,-15,-58
1741508883.380481,20,28,-44
1741508883.426481,6,-27,-94
1741508883.472481,-17,-73,1
1741508883.518481,104,-25,-130
1741508883.564481,-31,-63,-30
1741508883.610481,30,-87,-70
1741508883.656481,-31,-6,-74
1741508883.7014809,-29,-6,-68
1741508883.7474809,46,-8,-98
1741508883.7934809,26,44,-52
1741508883.838481,-9,-116,0
1741508883.884481,-19,0,-56
1741508883.930481,36,37,-88
1741508883.976481,-72,48,7
1741508884.021481,-36,-55,-148
1741508884.0674808,39,4,-94
1741508884.1134808,52,31,-100
1741508884.158481,34,23,-98
1741508884.204481,-10,-47,-112
1741508884.250481,-36,-19,0
1741508884.296481,1,80,117
1741508884.341481,123,13,5
1741508884.387481,-78,-74,-54
1741508884.433481,52,-6,-184
1741508884.4784808,-31,-60,-44
1741508884.5244808,8,-57,-128
1741508884.5704808,-1,-22,-112
1741508884.6164808,16,12,-154
1741508884.661481,-50,42,-4
1741508884.707481,-73,-22,-78
1741508884.753481,16,71,9
1741508884.798481,73,40,-196
1741508884.844481,26,-62,-40
1741508884.890481,-4,41,-90
1741508884.936481,39,-41,-174
1741508884.9814808,-48,-71,-50
1741508885.0274808,31,-25,-220
1741508885.0734808,-4,64,-138
1741508885.118481,-16,-17,-74
1741508885.164481,22,46,37
1741508885.210481,12,-3,-60
1741508885.256481,8,-64,-70
1741508885.301481,54,-3,-92
1741508885.347481,-15,-18,-106
1741508885.393481,-44,-1,-102
1741508885.4384809,77,-62,-14
1741508885.4844809,-85,9,-54
1741508885.5304809,16,-44,0
1741508885.5764809,-25,9,-84
1741508885.621481,0,-20,-14
1741508885.667481,-20,-80,0
1741508885.713481,-93,70,11
1741508885.758481,17,66,-146
1741508885.804481,-62,10,-30
1741508885.850481,71,-77,23
1741508885.896481,4,-13,-66
1741508885.9414809,-20,-25,161
1741508885.9874809,-40,-21,-110
1741508886.033481,19,-64,-150
1741508886.078481,72,1,-6
1741508886.124481,52,-73,-82
1741508886.170481,14,32,71
1741508886.216481,35,-39,-82
1741508886.2614808,53,44,25
1741508886.3074808,-14,72,-98
1741508886.3534808,65,-38,-94
1741508886.398481,-69,-9,-76
1741508886.444481,-38,-54,-68
1741508886.490481,-17,123,-133
1741508886.536481,23,-30,68
1741508886.581481,17,32,143
1741508886.627481,30,51,-47
1741508886.673481,-7,-11,-24
1741508886.7184808,-2,-26,-88
1741508886.7644808,24,17,-56
1741508886.8104808,18,-6,-108
1741508886.8564808,-93,15,-84
1741508886.901481,-33,1,-112
1741508886.947481,38,25,-114
1741508886.993481,18,0,-88
1741508887.038481,-30,97,-2
1741508887.084481,99,-60,-162
1741508887.130481,-9,-84,-234
1741508887.176481,-28,-3,-176
1741508887.2214808,30,40,-130
1741508887.2674809,9,-24,-20
1741508887.3134809,24,-56,-162
1741508887.358481,0,-44,-102
1741508887.404481,-32,54,-114
1741508887.450481,-3,21,3
1741508887.496481,9,42,-56
1741508887.541481,41,-1,7
1741508887.587481,-46,-47,-72
1741508887.633481,69,-23,-82
1741508887.6784809,-31,27,0
1741508887.7244809,48,-32,-86
1741508887.7704809,26,-10,-162
1741508887.8164809,-39,-60,-133
1741508887.861481,-11,-14,-109
1741508887.907481,2,7,-141
1741508887.953481,82,-22,-71
1741508887.998481,-69,25,-84
1741508888.0444808,51,33,-36
1741508888.0904808,-14,-32,-142
1741508888.1364808,0,-18,-151
1741508888.181481,-24,69,-148
1741508888.227481,41,5,26
1741508888.273481,24,33,-57
1741508888.318481,-21,-71,-101
1741508888.364481,-17,-35,-147
1741508888.410481,-72,-53,-219
1741508888.456481,7,-16,-41
1741508888.5014808,46,-76,-89
1741508888.5474808,0,-12,-79
1741508888.5934808,-15,-2,-19
1741508888.638481,-13,15,-17
1741508888.684481,9,-12,-45
1741508888.730481,16,-26,-65
1741508888.776481,-36,-94,2
1741508888.821481,-2,-23,-113
1741508888.867481,117,14,-125
1741508888.913481,23,4,-1
1741508888.9584808,-14,-23,-155
1741508889.0044808,-42,-25,-83
1741508889.0504808,34,-43,-73
1741508889.0964808,46,-13,-65
1741508889.141481,68,70,-31
1741508889.187481,-8,-8,-57
1741508889.233481,31,-20,-125
1741508889.278481,-82,39,-21
1741508889.324481,-115,45,-103
1741508889.370481,-65,4,-91
1741508889.416481,18,-11,-197
1741508889.4614809,-45,40,-3
1741508889.5074809,29,16,-31
1741508889.5534809,-14,-59,118
1741508889.598481,-38,39,-121
1741508889.644481,-6,-70,-71
1741508889.690481,3,-99,-1
1741508889.736481,-16,-4,18
1741508889.781481,-36,-30,-131
1741508889.827481,8,-38,-89
1741508889.873481,70,-6,-99
1741508889.9184809,-43,11,-59
1741508889.9644809,34,-36,-141
1741508890.0104809,-9,23,-181
1741508890.055481,-119,-10,-53
1741508890.101481,14,-20,-21
1741508890.147481,-7,51,-105
1741508890.193481,-59,-90,-81
1741508890.2384808,-3,28,-7
1741508890.2844808,31,2,-55
1741508890.3304808,47,-65,-217
1741508890.375481,-28,62,-91
1741508890.421481,47,-21,-169
1741508890.467481,-38,23,-35
1741508890.513481,24,-20,-45
1741508890.558481,-23,-22,8
1741508890.604481,25,19,-45
1741508890.650481,23,-98,-51
1741508890.6954808,75,25,-85
1741508890.7414808,79,59,-25
1741508890.7874808,-38,-74,-153
1741508890.8334808,-29,43,62
1741508890.878481,-61,-32,54
1741508890.924481,-53,-50,-87
1741508890.970481,10,-64,-89
1741508891.015481,56,15,-1
1741508891.061481,-60,-1,-107
1741508891.107481,35,46,-29
1741508891.153481,-45,-10,-131
1741508891.1984808,-49,-53,-85
1741508891.2444808,18,-13,-47
1741508891.2904809,20,73,-61
1741508891.335481,-63,21,-87
1741508891.381481,-9,-12,132
1741508891.427481,-17,-48,30
1741508891.473481,-63,3,-43
1741508891.518481,-33,-10,-43
1741508891.564481,-49,6,-145
1741508891.610481,-5,-34,-43
1741508891.6554809,-55,-62,-93
1741508891.7014809,68,-27,32
1741508891.7474809,12,6,-23
1741508891.7934809,-19,-39,-113
1741508891.838481,-38,4,-163
1741508891.884481,13,8,-221
1741508891.930481,41,2,40
1741508891.975481,-35,-51,-3
1741508892.021481,7,44,-79
1741508892.0674808,-23,-19,16
1741508892.1134808,-48,20,2
1741508892.158481,83,-41,-65
1741508892.204481,-24,36,89
1741508892.250481,10,-8,7
1741508892.295481,-64,32,-88
1741508892.341481,-13,-29,-121
1741508892.387481,-14,-114,-87
1741508892.433481,-41,11,-160
1741508892.4784808,50,-31,-141
1741508892.5244808,-35,-20,-80
1741508892.5704808,48,-106,-216
1741508892.615481,-59,56,-78
1741508892.661481,-39,-39,-150
1741508892.707481,9,-15,25
1741508892.753481,-28,-31,-144
1741508892.798481,-12,-1,-84
1741508892.844481,25,-3,-162
1741508892.890481,-45,-51,-110
1741508892.9414809,-17,56,-94
1741508892.9874809,48,38,-84
1741508893.033481,-79,-40,-12
1741508893.078481,8,56,-82
1741508893.124481,9,-60,-66
1741508893.170481,3,-46,-138
1741508893.2154808,10,4,-10
1741508893.2614808,-65,-15,-24
1741508893.3074808,20,52,-126
1741508893.3534808,-14,25,-120
1741508893.398481,-76,53,-102
1741508893.444481,-37,59,-21
1741508893.490481,40,-24,-85
1741508893.535481,-19,37,-159
1741508893.581481,-66,16,-185
1741508893.6264808,33,-67,-37
1741508893.671481,0,-60,-73
1741508893.717481,-15,-24,-77
1741508893.763481,-126,-2,-101
1741508893.809481,-23,-22,-141
1741508893.854481,-16,-46,-123
1741508893.900481,19,51,-25
1741508893.946481,-8,-80,-37
1741508893.9914808,-30,-12,-111
1741508894.0374808,-32,11,-131
1741508894.0834808,52,-29,-49
1741508894.1294808,89,-6,-97
1741508894.174481,-30,-16,-43
1741508894.220481,-7,8,76
1741508894.266481,60,-12,-31
1741508894.311481,12,11,-119
1741508894.357481,26,-15,-124
1741508894.403481,-28,51,-78
1741508894.449481,-21,-25,-6
1741508894.4944808,38,4,-14
1741508894.5404809,-26,-27,-74
1741508894.5864809,-125,23,-16
1741508894.631481,13,-37,-88
1741508894.677481,37,-57,53
1741508894.723481,13,48,13
1741508894.769481,-20,8,-40
1741508894.814481,17,-30,-96
1741508894.860481,15,-4,-172
1741508894.906481,0,-12,-70
1741508894.9514809,-36,-22,-22
1741508894.9974809,-39,-13,-153
1741508895.0434809,-11,12,-143
1741508895.0894809,102,8,-128
1741508895.134481,-49,8,-54
1741508895.180481,52,7,-48
1741508895.226481,-45,49,-138
1741508895.271481,54,49,-56
1741508895.3174808,44,19,-124
1741508895.3634808,16,42,-96
1741508895.4094808,71,-62,-138
1741508895.454481,-23,-9,35
1741508895.500481,-23,-23,-62
1741508895.546481,-4,-16,-76
1741508895.591481,129,-6,-91
1741508895.637481,28,-29,-112
1741508895.683481,-45,-28,-94
1741508895.729481,-4,12,-62
1741508895.7744808,21,26,-10
1741508895.8204808,-20,-47,-34
1741508895.8664808,30,-70,-71
1741508895.911481,0,-30,-1
1741508895.957481,40,111,-102
1741508896.003481,-44,64,-118
1741508896.049481,21,8,-135
1741508896.094481,53,0,50
1741508896.140481,57,-13,-89
1741508896.186481,-52,-30,-233
1741508896.2314808,27,111,-43
1741508896.2774808,81,-39,-177
1741508896.3234808,-10,-86,-63
1741508896.3694808,45,1,-79
1741508896.414481,-2,34,-19
1741508896.460481,0,28,-145
1741508896.506481,-15,51,-75
1741508896.551481,-7,-32,-87
1741508896.597481,18,-36,9
1741508896.643481,16,-2,-75
1741508896.6884809,-51,-16,-121
1741508896.7344809,-31,23,-161
1741508896.7804809,-49,-23,-133
1741508896.8264809,8,15,-65
1741508896.871481,0,-34,20
1741508896.917481,-36,-4,-141
1741508896.963481,36,24,18
1741508897.008481,-45,-56,-51
1741508897.054481,-71,91,-158
1741508897.100481,100,35,30
1741508897.146481,20,-62,-109
1741508897.1914809,-7,-2,44
1741508897.2374809,-17,77,-117
1741508897.283481,-17,33,-95
1741508897.328481,-25,-5,-157
1741508897.374481,34,26,-87
1741508897.420481,-9,-4,26
1741508897.466481,-36,-32,-17
1741508897.5114808,19,-6,-39
1741508897.5574808,39,18,7
1741508897.6034808,-44,-12,-126
1741508897.648481,-50,-32,-25
1741508897.694481,-60,-107,-63
1741508897.740481,-8,-23,-89
1741508897.786481,-24,-24,8
1741508897.831481,-42,30,-189
1741508897.877481,-6,12,6
1741508897.923481,-83,11,-119
1741508897.9684808,75,5,-181
1741508898.0144808,-2,-23,-111
1741508898.0604808,101,-3,56
1741508898.1064808,2,-29,-56
1741508898.151481,-43,-27,-132
1741508898.197481,-79,-14,9
1741508898.243481,47,-48,-6
1741508898.288481,-62,5,-200
1741508898.334481,11,5,-6
1741508898.380481,-28,-38,-18
1741508898.426481,93,-38,-140
1741508898.4714808,96,3,13
1741508898.5174809,-17,0,-70
1741508898.5634809,48,40,-166
1741508898.608481,41,-53,-40
1741508898.654481,-31,72,-64
1741508898.700481,-65,-45,-92
1741508898.746481,22,77,-114
1741508898.791481,84,-21,-162
1741508898.837481,100,-63,117
1741508898.883481,2,-31,35
1741508898.9284809,-15,26,-180
1741508898.9744809,-52,-37,-130
1741508899.0204809,43,10,-109
1741508899.0664809,-68,-15,-93
1741508899.111481,75,82,-25
1741508899.157481,-78,-37,-157
1741508899.203481,5,-125,64
1741508899.248481,-12,23,-27
1741508899.2944808,31,-56,-131
1741508899.3404808,83,7,64
1741508899.3864808,-22,-3,-201
1741508899.431481,-46,-20,72
1741508899.477481,63,36,-209
1741508899.523481,41,18,-45
1741508899.568481,26,-7,-65
1741508899.614481,-13,0,-99
1741508899.660481,58,-49,-13
1741508899.706481,26,48,-73
1741508899.7514808,68,19,-131
1741508899.7974808,27,-18,-87
1741508899.8434808,-80,17,-165
1741508899.888481,-62,19,-55
1741508899.934481,-2,-48,14
1741508899.980481,19,35,-139
1741508900.026481,-5,-30,-39
1741508900.071481,18,-38,40
1741508900.117481,-71,-16,16
1741508900.163481,68,-64,-107
1741508900.2084808,23,-34,-107
1741508900.2544808,41,-21,-153
1741508900.3004808,45,24,-111
1741508900.3464808,-21,-7,-77
1741508900.391481,-31,36,-19
1741508900.437481,27,59,12
1741508900.483481,-6,-53,-71
1741508900.528481,34,-2,-117
1741508900.574481,22,58,-47
1741508900.620481,-35,-55,0
1741508900.666481,-9,-73,-125
1741508900.7114809,-11,-46,-33
1741508900.7574809,70,2,-51
1741508900.8034809,14,10,-51
1741508900.848481,85,-13,43
1741508900.894481,-10,4,-217
1741508900.940481,-34,62,-73
1741508900.986481,44,-3,-217
1741508901.031481,35,-33,-17
1741508901.077481,31,-21,-67
1741508901.123481,53,-53,-31
1741508901.1684809,49,54,-117
1741508901.2144809,9,-9,6
1741508901.2604809,-56,-43,66
1741508901.306481,-12,-79,-73
1741508901.351481,-37,32,-81
1741508901.397481,-106,44,-115
1741508901.443481,53,8,-103
1741508901.4884808,1,58,-178
1741508901.5344808,-2,43,-110
1741508901.5804808,25,21,-94
1741508901.6264808,-73,-17,-27
1741508901.671481,-34,-48,-160
1741508901.716481,6,-12,1
1741508901.762481,-38,106,-120
1741508901.8074808,103,8,-54
1741508901.8534808,-46,-49,-100
1741508901.8994808,15,-27,15
1741508901.944481,-52,19,-100
1741508901.990481,-25,-46,-150
1741508902.036481,14,-18,-18
1741508902.082481,-9,25,-12
1741508902.127481,-41,17,-224
1741508902.173481,-57,109,-108
1741508902.219481,24,25,-64
1741508902.2644808,28,-45,-40
1741508902.3104808,39,7,-6
1741508902.3564808,9,5,-12
1741508902.4024808,-55,-2,-212
1741508902.447481,10,-13,-20
1741508902.493481,32,-28,-4
1741508902.539481,3,-34,-132
1741508902.584481,-6,31,-116
1741508902.630481,23,-30,-80
1741508902.676481,23,41,-162
1741508902.722481,5,-44,-164
1741508902.7674809,29,7,-92
1741508902.8134809,-20,55,-112
1741508902.8594809,42,-75,-186
1741508902.904481,42,-37,-48
1741508902.956481,-55,76,-58
1741508903.002481,-115,-1,-106
1741508903.0474808,28,18,-8
1741508903.0934808,101,25,-60
1741508903.1394808,-13,98,-118
1741508903.184481,10,-85,-96
1741508903.230481,-15,42,-92
1741508903.276481,5,21,4
1741508903.322481,30,-37,-171
1741508903.367481,-24,17,-75
1741508903.413481,35,-28,-47
1741508903.459481,2,7,-49
1741508903.5044808,54,39,58
1741508903.5504808,-73,49,-131
1741508903.5964808,-21,-12,-141
1741508903.641481,-11,-40,-63
1741508903.687481,-38,-26,-127
1741508903.733481,49,27,-37
1741508903.779481,26,-32,-103
1741508903.824481,-1,51,-85
1741508903.870481,38,-15,-93
1741508903.916481,-109,-1,-241
1741508903.9614809,40,-9,-125
1741508904.0074809,42,32,-61
1741508904.0534809,58,52,-85
1741508904.0994809,10,36,-171
1741508904.144481,-9,-53,98
1741508904.190481,23,-96,-173
1741508904.236481,26,-15,-55
1741508904.281481,-30,-36,-81
1741508904.327481,-4,-4,-100
1741508904.373481,-4,-38,-206
1741508904.4194808,15,53,-88
1741508904.4644809,-6,5,-152
1741508904.5104809,38,-15,-118
1741508904.556481,-47,-17,-112
1741508904.601481,-51,16,-106
1741508904.647481,-38,-24,-74
1741508904.693481,-2,-22,-182
1741508904.739481,11,13,-86
1741508904.7844808,95,47,-88
1741508904.8304808,42,33,-166
1741508904.8764808,-35,-4,-126
1741508904.921481,12,-20,-124
1741508904.967481,18,-26,-4
1741508905.013481,44,-8,-60
1741508905.059481,-1,79,-114
1741508905.104481,13,111,-106
1741508905.150481,-10,64,-72
1741508905.196481,9,-25,95
1741508905.2414808,49,-55,-76
1741508905.2874808,27,-44,-150
1741508905.3334808,61,-33,-146
1741508905.3794808,-62,-9,33
1741508905.424481,17,0,-144
1741508905.470481,23,-8,-94
1741508905.516481,108,-40,-139
1741508905.561481,48,-17,-41
1741508905.607481,-43,45,-137
1741508905.653481,36,-74,-49
1741508905.699481,63,-62,44
1741508905.7444808,53,-10,-75
1741508905.7904809,-118,3,-123
1741508905.8364809,32,59,-77
1741508905.881481,10,-26,-77
1741508905.927481,30,5,0
1741508905.973481,-53,-42,-57
1741508906.019481,-21,-18,-63
1741508906.064481,-21,8,-113
1741508906.110481,-36,61,-45
1741508906.156481,45,9,-139
1741508906.2014809,-24,-22,-83
1741508906.2474809,11,81,-101
1741508906.2934809,-90,-26,42
1741508906.3394809,-82,-16,-61
1741508906.384481,68,31,10
1741508906.430481,3,5,-21
1741508906.476481,10,0,-51
1741508906.521481,36,12,-21
1741508906.5674808,-31,4,-81
1741508906.6134808,-19,26,-169
1741508906.6594808,-16,1,-101
1741508906.704481,-39,63,-18
1741508906.750481,22,13,-73
1741508906.796481,4,-2,-39
1741508906.841481,-65,61,-61
1741508906.887481,32,53,-125
1741508906.933481,25,-16,-127
1741508906.979481,53,13,-63
1741508907.0244808,-26,-96,-5
1741508907.069481,42,67,-88
1741508907.115481,-19,-84,-54
1741508907.160481,34,23,-98
1741508907.206481,9,15,-56
1741508907.252481,-32,19,-48
1741508907.2974808,17,49,-138
1741508907.3434808,-41,18,-100
1741508907.3894808,15,61,-26
1741508907.4354808,25,-28,27
1741508907.480481,36,-52,-30
1741508907.526481,19,-90,-128
1741508907.572481,-20,-54,-126
1741508907.617481,33,-20,-146
1741508907.663481,-41,40,55
1741508907.709481,-33,-41,-118
1741508907.755481,4,77,-220
1741508907.8004808,-19,-58,-78
1741508907.8464808,-39,26,-174
1741508907.8924809,38,54,-32
1741508907.937481,21,-14,-98
1741508907.983481,-7,-43,-87
1741508908.029481,-41,24,-96
1741508908.075481,-15,68,-80
1741508908.120481,70,43,-90
1741508908.166481,24,-22,-152
1741508908.212481,24,45,-2
1741508908.2574809,-20,-5,-162
1741508908.3034809,36,30,-116
1741508908.3494809,-14,-48,-60
1741508908.3954809,27,59,-198
1741508908.440481,13,-46,29
1741508908.486481,-6,39,-32
1741508908.532481,-26,-2,-127
1741508908.577481,55,-47,-47
1741508908.623481,-86,-59,-97
1741508908.6694808,1,37,-41
1741508908.7154808,-22,-46,-151
1741508908.7604809,45,-24,-189
1741508908.806481,-78,23,-93
1741508908.852481,-32,-43,-99
1741508908.897481,-20,2,-61
1741508908.943481,-17,9,-225
1741508908.989481,-3,-30,-45
1741508909.035481,-37,25,-91
1741508909.0804808,90,21,-137
1741508909.1264808,-35,-50,-71
1741508909.1724808,20,0,-87
1741508909.217481,-25,0,-71
1741508909.263481,42,0,-89
1741508909.309481,-31,21,-97
1741508909.355481,30,-56,-161
1741508909.400481,-119,-76,-153
1741508909.446481,-77,67,-57
1741508909.492481,-33,-8,-113
1741508909.5374808,62,16,-47
1741508909.5834808,-29,48,-7
1741508909.6294808,-9,-31,-29
1741508909.6754808,-19,26,-81
1741508909.720481,-23,-29,-107
1741508909.766481,13,55,-115
1741508909.812481,-16,-20,-39
1741508909.857481,-50,-26,24
1741508909.903481,-5,16,-119
1741508909.949481,58,-11,-1
1741508909.995481,16,-5,50
1741508910.0404809,79,30,-181
1741508910.0864809,-2,-5,0
1741508910.1324809,-14,37,-79
1741508910.177481,16,45,-91
1741508910.223481,11,-49,-19
1741508910.269481,27,34,-128
1741508910.315481,-14,-47,-20
1741508910.360481,-10,-13,-20
1741508910.406481,38,-88,-52
1741508910.452481,-101,-18,-182
1741508910.4974809,26,-31,-80
1741508910.5434809,-69,-89,-40
1741508910.5894809,76,-29,123
1741508910.634481,-13,-17,-54
1741508910.680481,48,26,-134
1741508910.726481,-33,-9,-4
1741508910.772481,-50,16,11
1741508910.8174808,0,-2,-108
1741508910.8634808,-22,41,-132
1741508910.9094808,17,-53,-24
1741508910.954481,29,42,-232
1741508911.000481,-6,-3,73
1741508911.046481,49,60,-200
1741508911.092481,-56,82,-122
1741508911.137481,-28,-97,-48
1741508911.183481,-44,40,-147
1741508911.229481,-8,68,-99
1741508911.2744808,-14,16,-61
1741508911.3204808,33,44,-83
1741508911.3664808,-42,-53,-120
1741508911.4124808,41,105,-119
1741508911.457481,35,-3,-83
1741508911.503481,17,38,-79
1741508911.549481,2,-5,-79
1741508911.594481,-27,0,-137
1741508911.640481,-19,52,-159
1741508911.686481,37,6,-114
1741508911.732481,42,-9,-80
1741508911.7774808,77,36,-24
1741508911.8234808,-8,-29,-108
1741508911.8694808,25,-33,-154
1741508911.914481,53,-7,-148
1741508911.960481,-32,-29,-24
1741508912.006481,-12,28,-150
1741508912.052481,11,26,-158
1741508912.097481,-47,70,-74
1741508912.143481,5,-7,-82
1741508912.189481,-19,-36,-88
1741508912.2344809,-26,-70,5
1741508912.2804809,-19,21,15
1741508912.3264809,-84,-42,-60
1741508912.3724809,53,-29,-116
1741508912.417481,45,32,-174
1741508912.463481,-22,-3,-144
1741508912.509481,-34,59,-96
1741508912.554481,-64,-4,9
1741508912.600481,13,-4,-68
1741508912.646481,-44,-24,-70
1741508912.6924808,32,51,-152
1741508912.7374809,8,9,19
1741508912.783481,-37,-42,-42
1741508912.829481,-49,-10,-112
1741508912.874481,-57,33,-18
1741508912.920481,-107,-40,-84
1741508912.972481,-42,-82,-202
1741508913.0174809,8,-60,3
1741508913.0634809,-29,-58,-44
1741508913.1094809,-39,56,-126
1741508913.154481,-13,0,-126
1741508913.200481,-55,-25,-148
1741508913.246481,12,48,-112
1741508913.292481,8,84,-60
1741508913.337481,22,42,-96
1741508913.384481,4,-7,11
1741508913.430481,-25,22,-160
1741508913.476481,10,12,-72
1741508913.521481,-57,-6,-84
1741508913.5674808,-26,15,-228
1741508913.6134808,-46,1,9
1741508913.658481,-44,-28,-98
1741508913.704481,-18,-20,-216
1741508913.750481,19,-56,-94
1741508913.796481,-88,-26,-122
1741508913.841481,23,7,-116
1741508913.887481,0,34,-74
1741508913.933481,31,-11,-44
1741508913.9784808,-38,-41,-168
1741508914.0244808,-3,-45,-12
1741508914.0704808,-20,21,-114
1741508914.1164808,79,-4,-38
1741508914.161481,-17,-48,-162
1741508914.207481,-27,12,-122
1741508914.253481,16,11,-70
1741508914.298481,20,-58,-154
1741508914.344481,-8,-51,-64
1741508914.390481,-46,-17,-54
1741508914.436481,40,19,-50
1741508914.4814808,42,-12,-88
1741508914.5274808,-3,-53,11
1741508914.5734808,-73,2,-118
1741508914.618481,18,19,7
1741508914.664481,-15,79,-180
1741508914.710481,-38,55,-26
1741508914.756481,31,87,-82
1741508914.801481,-18,-29,-152
1741508914.847481,63,-1,-136
1741508914.893481,5,5,-178
1741508914.9384809,-36,38,-42
1741508914.9844809,-15,27,13
1741508915.0304809,-59,-24,22
1741508915.0764809,-19,-29,-73
1741508915.121481,-43,-39,-23
1741508915.167481,55,33,-41
1741508915.213481,34,-29,-111
1741508915.258481,17,-24,-121
1741508915.304481,22,43,-185
1741508915.350481,-21,-30,-115
1741508915.396481,43,-40,-62
1741508915.4414809,-23,75,-12
1741508915.4874809,38,50,-48
1741508915.533481,20,-35,-64
1741508915.578481,36,-15,-92
1741508915.624481,-83,-33,-64
1741508915.670481,-31,42,-80
1741508915.716481,34,0,-96
1741508915.7614808,-71,51,-78
1741508915.8074808,-98,53,-18
1741508915.8534808,-7,47,-104
1741508915.898481,-1,-38,-178
1741508915.944481,-32,54,-94
1741508915.990481,93,16,-20
1741508916.036481,-28,-13,-172
1741508916.081481,23,50,-32
1741508916.127481,38,7,-48
1741508916.173481,0,27,-26
1741508916.2184808,58,33,-118
1741508916.2644808,16,-6,-46
1741508916.3104808,4,-35,-82
1741508916.3564808,64,-9,-98
1741508916.401481,26,0,19
1741508916.447481,42,54,-94
1741508916.493481,-3,20,-194
1741508916.538481,-25,-26,-58
1741508916.584481,24,27,-98
1741508916.630481,62,13,-28
1741508916.676481,14,47,-102
1741508916.7214808,-19,13,-66
1741508916.7674809,9,-7,-68
1741508916.8134809,-6,-37,-120
1741508916.858481,-15,-36,-94
1741508916.904481,2,-46,-116
1741508916.950481,10,-8,-64
1741508916.996481,-73,-42,-10
1741508917.041481,-35,-54,-91
1741508917.087481,4,-10,-157
1741508917.133481,60,37,-6
1741508917.1784809,-29,-78,-56
1741508917.2244809,-45,21,-58
1741508917.2704809,18,-8,-56
1741508917.3164809,16,-32,23
1741508917.361481,52,7,-144
1741508917.407481,22,43,-48
1741508917.453481,14,1,-132
1741508917.498481,58,3,-18
1741508917.5444808,12,-44,-142
1741508917.5904808,-73,-26,-22
1741508917.6354809,-67,33,41
1741508917.681481,-6,36,-114
1741508917.727481,63,32,-22
1741508917.773481,23,-15,-20
1741508917.818481,0,-62,-62
1741508917.864481,4,29,-170
1741508917.910481,21,-42,-104
1741508917.9554808,14,21,-210
1741508918.0014808,-13,-32,-210
1741508918.0474808,0,32,-34
1741508918.0934808,66,7,-50
1741508918.138481,69,46,-79
1741508918.184481,103,-51,-82
1741508918.230481,-40,0,12
1741508918.275481,126,-44,-51
1741508918.321481,-83,-12,-75
1741508918.367481,50,0,-129
1741508918.413481,28,9,-47
1741508918.4584808,32,-46,-55
1741508918.5044808,34,-52,-31
1741508918.5504808,0,-85,-73
1741508918.595481,30,-33,-73
1741508918.641481,52,6,-153
1741508918.687481,-3,-15,8
1741508918.733481,-77,-9,-85
1741508918.778481,28,18,-175
1741508918.824481,-13,-69,-15
1741508918.870481,40,0,-59
1741508918.9154809,-53,-34,12
1741508918.9614809,-20,24,-157
1741508919.0074809,52,-10,38
1741508919.0534809,-54,69,-85
1741508919.098481,63,75,-175
1741508919.144481,14,-5,-91
1741508919.190481,-23,25,-63
1741508919.235481,19,-24,-17
1741508919.281481,61,-9,34
1741508919.327481,-76,58,-31
1741508919.373481,0,-31,-167
1741508919.4184809,1,45,-120
1741508919.4644809,-8,49,-22
1741508919.5104809,-48,-43,-6
1741508919.555481,27,-13,-60
1741508919.601481,130,-24,-30
1741508919.647481,23,8,-130
1741508919.693481,-44,-74,-190
1741508919.7384808,-96,95,-152
1741508919.7844808,-14,-92,-33
1741508919.8304808,-24,23,-49
1741508919.875481,-16,70,-87
1741508919.921481,-57,-62,16
1741508919.967481,-16,21,-103
1741508920.013481,166,-6,-195
1741508920.058481,58,47,-87
1741508920.104481,3,-65,-99
1741508920.150481,-66,-47,0
1741508920.1954808,8,4,-285
1741508920.2414808,-89,44,-154
1741508920.2874808,-1,1,-12
1741508920.3334808,-13,-4,-113
1741508920.378481,68,60,-75
1741508920.424481,-5,53,14
1741508920.470481,-23,-41,-100
1741508920.515481,39,41,-42
1741508920.561481,-56,-30,-148
1741508920.607481,14,78,-124
1741508920.653481,26,-49,23
1741508920.6984808,67,-44,-83
1741508920.7444808,13,5,-38
1741508920.7904809,-58,-24,-40
1741508920.835481,-8,31,-48
1741508920.881481,-6,-7,-56
1741508920.927481,-36,-47,-38
1741508920.973481,0,-23,-113
1741508921.018481,13,-45,-126
1741508921.064481,-46,-3,-242
1741508921.110481,29,39,-16
1741508921.1554809,-2,-26,-26
1741508921.2014809,29,-27,-53
1741508921.2474809,-12,-73,-75
1741508921.2934809,1,41,-23
1741508921.338481,-33,-2,6
1741508921.384481,24,33,-59
1741508921.430481,-53,19,-57
1741508921.475481,-34,21,-37
1741508921.521481,-86,-2,-90
1741508921.5674808,75,23,-98
1741508921.6134808,-76,-12,-45
1741508921.658481,75,25,-137
1741508921.704481,23,-44,-21
1741508921.750481,-40,-40,-75
1741508921.795481,23,43,-50
1741508921.841481,-70,45,-105
1741508921.887481,-30,-16,-171
1741508921.933481,-48,-44,-113
1741508921.9784808,15,-22,-123
1741508922.0244808,0,47,-113
1741508922.0704808,2,10,-99
1741508922.115481,21,-50,-46
1741508922.161481,-29,78,23
1741508922.207481,-10,65,-12
1741508922.253481,13,-8,-50
1741508922.298481,35,1,5
1741508922.344481,-28,-8,-108
1741508922.390481,-6,14,-36
1741508922.4354808,-4,-37,-80
1741508922.4814808,-44,-41,-114
1741508922.5274808,52,28,15
1741508922.5734808,-42,-45,-148
1741508922.618481,-26,64,-136
1741508922.664481,11,-3,-132
1741508922.710481,20,-38,3
1741508922.755481,6,-24,-14
1741508922.801481,-29,17,11
1741508922.847481,-59,17,-58
1741508922.893481,-58,0,51
1741508922.9384809,75,-68,-79
1741508922.990481,-34,-10,-68
1741508923.035481,-6,15,-46
1741508923.081481,94,-18,-98
1741508923.127481,4,-116,-64
1741508923.173481,108,29,-17
1741508923.2184808,6,43,-85
1741508923.2644808,-5,-55,-21
1741508923.3104808,72,34,-69
1741508923.355481,0,70,-35
1741508923.401481,-19,62,-59
1741508923.447481,-25,10,-35
1741508923.493481,30,-31,-89
1741508923.5374808,-1,-20,-109
1741508923.5834808,-5,-41,-53
1741508923.6294808,36,-13,-155
1741508923.674481,16,44,44
1741508923.720481,-68,-21,-189
1741508923.766481,128,20,32
1741508923.811481,-26,89,-47
1741508923.857481,23,13,82
1741508923.903481,-14,-48,-177
1741508923.949481,33,37,-23
1741508923.9944808,45,-33,-61
1741508924.0404809,41,31,-131
1741508924.0864809,37,-3,-59
1741508924.131481,81,-27,-171
1741508924.177481,-18,-53,-159
1741508924.223481,-84,-15,-111
1741508924.268481,63,80,-107
1741508924.314481,-2,10,-95
1741508924.360481,125,-61,-71
1741508924.406481,-14,-17,-173
1741508924.4514809,-32,-43,-57
1741508924.4974809,7,66,-73
1741508924.5434809,-23,-24,-81
1741508924.588481,29,-34,-65
1741508924.634481,47,-30,-105
1741508924.680481,-48,16,70
1741508924.726481,-16,-36,14
1741508924.771481,-16,-9,-85
1741508924.8174808,-4,0,-85
1741508924.8634808,3,11,-165
1741508924.908481,35,-87,-69
1741508924.954481,-1,104,-49
1741508925.000481,-5,-43,-71
1741508925.046481,-25,48,8
1741508925.091481,-32,-35,-51
1741508925.137481,-17,-49,-171
1741508925.183481,60,-25,-39
1741508925.2284808,24,0,-43
1741508925.2744808,-63,-7,-89
1741508925.3204808,77,-43,-115
1741508925.3664808,52,24,-243
1741508925.411481,22,-17,-29
1741508925.457481,-5,22,-107
1741508925.503481,-1,0,-5
1741508925.548481,-29,-24,-33
1741508925.594481,-31,25,-43
1741508925.640481,76,31,-77
1741508925.686481,47,-36,-165
1741508925.7314808,19,39,-93
1741508925.7774808,-2,-10,-129
1741508925.8234808,-54,-63,-34
1741508925.868481,94,-35,-70
1741508925.914481,-40,-28,103
1741508925.960481,36,29,53
1741508926.006481,5,28,-56
1741508926.051481,-15,23,-105
1741508926.097481,-51,-18,-113
1741508926.143481,-37,-32,-5
1741508926.1884809,52,87,-39
1741508926.2344809,39,14,30
1741508926.2804809,37,107,-155
1741508926.3264809,57,-57,-99
1741508926.371481,15,47,-185
1741508926.417481,-43,-5,-107
1741508926.463481,5,-26,-107
1741508926.508481,-70,30,-95
1741508926.554481,0,-60,-153
1741508926.600481,-85,-34,-45
1741508926.646481,42,-92,-1
1741508926.6914809,31,-34,-147
1741508926.7374809,0,-15,-31
1741508926.783481,39,-3,-35
1741508926.828481,25,28,-75
1741508926.874481,143,-9,-67
1741508926.920481,-17,-11,-162
1741508926.966481,-7,26,-4
1741508927.0114808,-5,-21,-111
1741508927.0574808,39,4,-75
1741508927.1034808,-40,-65,-83
1741508927.148481,57,-23,-79
1741508927.194481,-46,4,-47
1741508927.240481,20,-42,-31
1741508927.286481,-3,1,-151
1741508927.331481,2,0,-215
1741508927.377481,16,25,-33
1741508927.423481,12,45,-141
1741508927.4684808,10,11,-124
1741508927.5144808,-75,11,-166
1741508927.5604808,70,41,0
1741508927.6064808,120,1,-29
1741508927.651481,-4,-19,-96
1741508927.697481,51,20,-204
1741508927.743481,-84,-19,-112
1741508927.788481,13,6,-26
1741508927.834481,-26,22,-21
1741508927.880481,-32,-11,-61
1741508927.926481,-38,-1,16
1741508927.9714808,-20,-1,32
1741508928.0174809,0,-43,-21
1741508928.0634809,-26,-29,-7
1741508928.108481,-30,38,-45
1741508928.154481,-66,12,50
1741508928.200481,10,-23,-13
1741508928.246481,75,-55,-73
1741508928.291481,11,-24,-39
1741508928.337481,9,-46,-92
1741508928.383481,-4,-18,-77
1741508928.4284809,95,25,-105
1741508928.4744809,103,-26,-25
1741508928.5204809,-27,-67,-121
1741508928.5664809,-97,-53,-141
1741508928.611481,-11,-43,18
1741508928.657481,-21,0,-82
1741508928.703481,18,-5,-45
1741508928.748481,26,-5,22
1741508928.7944808,-31,38,-65
1741508928.8404808,24,52,-137
1741508928.8864808,6,-106,12
1741508928.931481,-89,-41,-27
1741508928.977481,59,-50,-13
1741508929.023481,39,0,-118
1741508929.068481,37,-79,-95
1741508929.114481,-30,-59,-135
1741508929.160481,40,-23,-7
1741508929.206481,8,10,2
1741508929.2514808,40,-64,20
1741508929.2974808,9,96,-131
1741508929.3434808,1,-45,14
1741508929.388481,-49,52,-113
1741508929.434481,22,28,-135
1741508929.480481,66,7,-179
1741508929.526481,10,-32,-73
1741508929.571481,32,-20,-99
1741508929.617481,66,48,-31
1741508929.663481,14,14,40
1741508929.7084808,-44,-2,-79
1741508929.7544808,49,-15,-99
1741508929.8004808,-66,-15,-31
1741508929.8464808,48,-7,70
1741508929.891481,4,17,-61
1741508929.937481,-16,23,-49
1741508929.983481,-53,66,-53
1741508930.028481,71,131,-75
1741508930.074481,28,-55,-47
1741508930.120481,-74,33,-47
1741508930.166481,49,19,-93
1741508930.2114809,-30,-8,-114
1741508930.2574809,-52,53,-7
1741508930.3034809,27,-20,-7
1741508930.348481,-27,94,-36
1741508930.394481,38,-19,-10
1741508930.440481,6,4,-42
1741508930.486481,-33,-39,-46
1741508930.531481,34,40,-100
1741508930.577481,-41,42,-56
1741508930.623481,10,-71,-60
1741508930.6684809,0,-52,-49
1741508930.7144809,-55,-16,23
1741508930.7604809,106,36,-119
1741508930.806481,42,70,6
1741508930.851481,-5,-73,-3
1741508930.897481,2,53,-49
1741508930.943481,69,-13,-71
1741508930.9884808,9,72,-57
1741508931.0344808,-81,43,30
1741508931.0804808,24,25,-70
1741508931.125481,-40,-31,-50
1741508931.171481,-64,22,-82
1741508931.217481,4,89,-48
1741508931.263481,-26,-71,-128
1741508931.308481,-10,6,-42
1741508931.354481,-16,-93,-82
1741508931.400481,-46,54,-78
1741508931.4454808,-25,60,-146
1741508931.4914808,79,18,-6
1741508931.5374808,19,50,-66
1741508931.5834808,51,32,-34
1741508931.628481,-56,28,-60
1741508931.674481,86,-10,-84
1741508931.720481,-41,-16,-4
1741508931.765481,0,-40,-106
1741508931.811481,58,23,-104
1741508931.857481,18,85,-66
1741508931.903481,2,53,-12
1741508931.9484808,-51,3,-184
1741508931.9944808,0,-14,-70
1741508932.0404809,-61,13,-82
1741508932.085481,-1,-18,-108
1741508932.131481,-92,18,-22
1741508932.177481,17,12,-82
1741508932.223481,-96,-55,0
1741508932.268481,34,25,-114
1741508932.314481,-77,33,-112
1741508932.360481,-23,-52,-100
1741508932.4054809,54,0,11
1741508932.4514809,-27,19,41
1741508932.4974809,-17,-78,-17
1741508932.5434809,12,11,-83
1741508932.588481,46,75,-70
1741508932.634481,-38,-19,-230
1741508932.680481,-50,4,-54
1741508932.725481,41,-17,-78
1741508932.771481,47,10,-12
1741508932.8174808,-21,113,-142
1741508932.8634808,-36,20,-76
1741508932.908481,-68,85,-44
1741508932.960481,43,-26,1
1741508933.005481,96,-26,-79
1741508933.051481,4,29,-87
1741508933.097481,46,48,-87
1741508933.143481,-27,26,-73
1741508933.1884809,-85,-65,-43
1741508933.2344809,-151,7,-27
1741508933.2804809,6,-51,-57
1741508933.325481,-13,-30,-197
1741508933.371481,24,3,-33
1741508933.417481,-29,42,36
1741508933.463481,-17,-14,-103
1741508933.508481,40,53,-77
1741508933.554481,-63,-67,-69
1741508933.600481,16,-40,-85
1741508933.6454809,-29,-5,-33
1741508933.6914809,-4,-2,-3
1741508933.7374809,-10,-40,-1
1741508933.783481,-57,0,-163
1741508933.828481,-77,79,-133
1741508933.874481,-51,-38,-103
1741508933.920481,-35,1,-113
1741508933.9654808,-27,-92,-44
1741508934.0114808,0,86,-22
1741508934.0574808,-100,-52,-44
1741508934.1034808,-36,-44,-128
1741508934.148481,33,-71,-88
1741508934.194481,-66,-77,-124
1741508934.240481,0,73,-86
1741508934.285481,-28,-18,-90
1741508934.331481,67,-16,-68
1741508934.377481,9,23,-128
1741508934.423481,20,-2,-90
1741508934.4684808,-23,-94,-62
1741508934.5144808,-25,3,-130
1741508934.5604808,-39,39,-26
1741508934.605481,84,35,-48
1741508934.651481,44,8,-130
1741508934.697481,30,-12,-138
1741508934.743481,-57,-38,-160
1741508934.788481,23,-32,-234
1741508934.834481,4,31,-42
1741508934.880481,-77,-28,-94
1741508934.9254808,19,43,53
1741508934.9714808,72,-27,-150
1741508935.0174809,13,-45,-98
1741508935.0634809,50,20,-142
1741508935.108481,6,-57,-20
1741508935.154481,-5,-44,-146
1741508935.200481,50,-36,-10
1741508935.245481,102,-62,-120
1741508935.291481,18,35,-94
1741508935.337481,38,35,-122
1741508935.383481,82,-69,-32
1741508935.4284809,20,20,21
1741508935.4744809,12,-69,-72
1741508935.5204809,-58,54,-216
1741508935.565481,37,-50,-110
1741508935.611481,31,-47,-54
1741508935.657481,-51,-1,-134
1741508935.703481,68,-10,33
1741508935.748481,62,37,-30
1741508935.7944808,66,89,-44
1741508935.8404808,2,57,-106
1741508935.8854809,58,7,-146
1741508935.931481,-11,2,-88
1741508935.977481,-62,-9,-100
1741508936.023481,150,-5,-146
1741508936.068481,33,9,-72
1741508936.114481,37,-80,-64
1741508936.160481,-30,13,19
1741508936.2054808,-2,-82,-78
1741508936.2514808,-72,19,0
1741508936.2974808,5,51,-64
1741508936.3434808,33,-69,-30
1741508936.388481,-44,56,-66
1741508936.434481,54,-39,-88
1741508936.480481,-21,-77,-162
1741508936.525481,10,-15,-107
1741508936.571481,65,-8,-5
1741508936.617481,30,-10,-73
1741508936.663481,6,53,-210
1741508936.7084808,49,49,21
1741508936.7544808,41,21,-108
1741508936.8004808,23,-13,-142
1741508936.845481,-10,-34,-52
1741508936.891481,-33,-24,-156
1741508936.937481,67,-14,-100
1741508936.983481,73,17,-194
1741508937.028481,-48,81,-58
1741508937.074481,-35,-20,-134
1741508937.120481,-81,8,-162
1741508937.1654809,26,-5,-70
1741508937.2114809,-3,36,-41
1741508937.2574809,-45,14,-38
1741508937.3034809,-33,20,-50
1741508937.348481,-9,-27,71
1741508937.394481,-77,-37,-186
1741508937.440481,66,-45,-164
1741508937.485481,-43,-13,51
1741508937.531481,173,24,21
1741508937.577481,7,-1,-75
1741508937.623481,-37,94,-30
1741508937.6684809,30,36,-76
1741508937.7144809,8,-22,-20
1741508937.7604809,6,-2,-84
1741508937.805481,-55,51,-40
1741508937.851481,-37,77,-86
1741508937.897481,4,-21,-32
1741508937.943481,-33,18,-108
1741508937.9884808,68,-17,0
1741508938.0344808,61,-43,63
1741508938.0804808,-5,25,-128
1741508938.125481,43,7,-235
1741508938.171481,-32,-6,-121
1741508938.217481,127,-2,-95
1741508938.262481,-14,15,-109
1741508938.308481,23,1,-103
1741508938.354481,35,-2,4
1741508938.400481,-5,53,-145
1741508938.4454808,-3,11,-51
1741508938.4914808,-21,-24,-75
1741508938.5374808,-3,41,-119
1741508938.582481,8,-16,-19
1741508938.628481,26,23,-43
1741508938.674481,-23,-16,-43
1741508938.720481,-48,-74,-87
1741508938.765481,44,29,-81
1741508938.811481,60,-48,-217
1741508938.857481,-115,-77,-117
1741508938.9024808,-25,6,-149
1741508938.9484808,12,-51,-189
1741508938.9944808,102,10,-97
1741508939.0404809,26,-59,6
1741508939.085481,65,-44,-167
1741508939.131481,-41,-53,-131
1741508939.177481,-32,-12,-81
1741508939.222481,73,-22,-113
1741508939.268481,39,35,-73
1741508939.314481,68,48,-55
1741508939.360481,38,-3,-157
1741508939.4054809,14,-102,-63
1741508939.4514809,18,27,-165
1741508939.4974809,-9,47,-97
1741508939.542481,-81,-6,-223
1741508939.588481,26,0,-19
1741508939.634481,-43,-142,-99
1741508939.680481,-35,-71,-203
1741508939.725481,54,22,-25
1741508939.771481,33,-62,-1
1741508939.8174808,7,-78,-161
1741508939.8624809,-36,-52,-141
1741508939.908481,65,-68,-3
1741508939.954481,-36,41,76
1741508940.000481,3,87,-89
1741508940.045481,61,-44,-45
1741508940.091481,-38,-36,-143
1741508940.137481,-2,21,-127
1741508940.1824808,35,84,-124
1741508940.2284808,-35,-5,-85
1741508940.2744808,30,-52,-95
1741508940.3204808,14,33,-37
1741508940.365481,-13,27,-81
1741508940.411481,12,-25,-45
1741508940.457481,7,15,-53
1741508940.502481,-4,-22,-17
1741508940.548481,61,-110,-45
1741508940.594481,64,-6,-321
1741508940.640481,-17,-20,-99
1741508940.6854808,10,-52,-9
1741508940.7314808,46,38,-191
1741508940.7774808,-89,26,-89
1741508940.822481,-65,20,-115
1741508940.868481,2,-15,-127
1741508940.914481,30,18,-97
1741508940.960481,-5,16,-77
1741508941.005481,30,10,-91
1741508941.051481,-101,14,-135
1741508941.097481,-17,-18,-7
1741508941.1424809,32,47,-25
1741508941.1884809,-62,-37,-147
1741508941.2344809,-30,-27,-125
1741508941.2804809,-44,-45,-85
1741508941.325481,55,-33,-95
1741508941.371481,-75,-21,-59
1741508941.417481,39,66,-121
1741508941.462481,26,79,-157
1741508941.508481,2,16,-95
1741508941.554481,-37,-17,-135
1741508941.600481,25,46,-179
1741508941.6454809,69,74,-145
1741508941.6914809,3,2,-143
1741508941.7374809,-36,-24,16
1741508941.782481,26,12,-147
1741508941.828481,-47,23,8
1741508941.874481,-29,-8,-79
1741508941.920481,-21,-50,65
1741508941.9654808,26,48,-96
1741508942.0114808,-63,-59,-114
1741508942.0574808,-2,-12,-186
1741508942.102481,-18,-40,-50
1741508942.148481,-69,10,-125
1741508942.194481,0,5,107
1741508942.240481,-72,9,-50
1741508942.285481,23,30,-76
1741508942.331481,38,-18,-94
1741508942.377481,56,-44,-90
1741508942.4224808,-5,-4,-156
1741508942.4684808,5,43,-46
1741508942.5144808,-55,-34,-64
1741508942.5604808,-27,6,-54
1741508942.605481,-30,-4,17
1741508942.651481,-62,1,-38
1741508942.697481,1,-30,-64
1741508942.742481,-14,-22,-42
1741508942.788481,-43,-73,-104
1741508942.834481,-41,-35,-86
1741508942.880481,47,47,-98
1741508942.9254808,9,13,-46
1741508942.977481,57,27,-158
1741508943.022481,47,-48,-152
1741508943.068481,10,37,-152
1741508943.114481,6,-61,-148
1741508943.160481,54,23,-26
1741508943.2054808,-9,-62,-86
1741508943.2514808,137,16,-110
1741508943.2974808,3,0,27
1741508943.342481,-47,17,-162
1741508943.388481,-39,-42,-89
1741508943.434481,53,23,-51
1741508943.480481,-20,33,14
1741508943.525481,29,-40,26
1741508943.571481,-18,-16,-59
1741508943.617481,63,45,-119
1741508943.6624808,-16,-18,94
1741508943.7084808,0,9,-139
1741508943.7544808,-2,-10,-101
1741508943.8004808,6,12,102
1741508943.845481,-37,-9,-119
1741508943.891481,-25,122,-43
1741508943.937481,-15,-9,26
1741508943.982481,-77,52,-13
1741508944.028481,-3,34,-181
1741508944.074481,90,-7,-151
1741508944.120481,45,-31,-89
1741508944.1654809,69,4,-79
1741508944.2114809,57,42,-133
1741508944.2574809,-24,18,27
1741508944.302481,9,14,-138
1741508944.348481,-49,-76,-32
1741508944.394481,-36,12,-20
1741508944.440481,34,19,-58
1741508944.485481,74,17,-138
1741508944.531481,-6,42,-92
1741508944.577481,53,76,-154
1741508944.6224809,-17,-14,117
1741508944.6684809,37,4,-28
1741508944.7144809,33,62,-88
1741508944.7604809,5,-65,-102
1741508944.805481,5,46,33
1741508944.851481,-34,20,-34
1741508944.897481,35,80,-96
1741508944.9424808,33,-47,-210
1741508944.9884808,5,24,71
1741508945.0344808,-42,-59,-52
1741508945.079481,39,42,43
1741508945.125481,-21,-84,-34
1741508945.171481,124,23,43
1741508945.217481,61,-63,-52
1741508945.262481,79,-9,-132
1741508945.308481,29,30,-74
1741508945.354481,93,26,-52
1741508945.3994808,-45,-70,9
1741508945.4454808,53,-51,-102
1741508945.4914808,-22,-13,-26
1741508945.5374808,136,-30,-58
1741508945.582481,14,-28,-26
1741508945.628481,60,-46,-64
1741508945.674481,-21,-35,-210
1741508945.719481,12,-6,-52
1741508945.765481,110,75,-28
1741508945.811481,-11,-4,-12
1741508945.857481,14,-23,-142
1741508945.9024808,6,33,-32
1741508945.9484808,61,-5,-82
1741508945.9944808,15,30,-186
1741508946.039481,-63,11,-160
1741508946.085481,-30,70,-154
1741508946.131481,-8,-61,-156
1741508946.177481,17,12,-80
1741508946.222481,27,32,-6
1741508946.268481,11,-69,-140
1741508946.314481,5,42,-78
1741508946.3594809,-9,-46,37
1741508946.4054809,24,-6,-4
1741508946.4514809,-11,-8,-6
1741508946.4974809,44,-4,-60
1741508946.542481,-33,37,-224
1741508946.588481,6,3,-206
1741508946.634481,-9,35,73
1741508946.679481,6,-42,-160
1741508946.725481,30,-56,-66
1741508946.771481,16,27,-198
1741508946.8174808,102,9,-98
1741508946.8624809,-3,53,3
1741508946.908481,-107,-12,-82
1741508946.954481,-79,-14,-90
1741508946.999481,2,27,-126
1741508947.045481,-71,-8,-132
1741508947.091481,13,75,-140
1741508947.137481,-72,43,-106
1741508947.1824808,-76,-52,-102
1741508947.2284808,54,-14,-100
1741508947.2744808,84,-36,-54
1741508947.319481,-46,2,-198
1741508947.365481,-57,1,-52
1741508947.411481,-34,-29,-34
1741508947.457481,33,22,23
1741508947.502481,21,-61,-6
1741508947.548481,-112,56,-152
1741508947.594481,-28,-59,-62
1741508947.6394808,69,36,-60
1741508947.6854808,-23,79,-50
1741508947.7314808,-27,19,-96
1741508947.7774808,6,33,-186
1741508947.822481,54,57,-110
1741508947.868481,36,-30,-98
1741508947.914481,54,-14,-36
1741508947.959481,-5,-38,-126
1741508948.005481,22,2,-90
1741508948.051481,-9,26,-142
1741508948.097481,28,14,-90
1741508948.1424809,-19,87,-144
1741508948.1884809,-7,-24,-113
1741508948.2344809,-67,5,-93
1741508948.279481,19,-108,-29
1741508948.325481,41,44,-122
1741508948.371481,-23,-21,45
1741508948.417481,6,8,6
1741508948.462481,71,-71,-42
1741508948.508481,-33,-11,16
1741508948.554481,-55,-23,-91
1741508948.5994809,-20,-50,12
1741508948.6454809,45,-20,-89
1741508948.6914809,-40,39,-63
1741508948.7374809,-16,49,4
1741508948.782481,-24,15,2
1741508948.828481,-15,0,-139
1741508948.874481,-12,-14,-91
1741508948.9194808,45,57,-13
1741508948.9654808,1,53,30
1741508949.0114808,-113,8,-49
1741508949.0574808,-11,-19,-81
1741508949.102481,4,32,-61
1741508949.148481,-3,-77,-41
1741508949.194481,-26,28,26
1741508949.239481,-47,-27,-105
1741508949.285481,-8,16,-77
1741508949.331481,-4,-5,-75
1741508949.377481,28,-6,-133
1741508949.4224808,-77,-60,-105
1741508949.4684808,-7,-34,-123
1741508949.5144808,51,-2,-7
1741508949.559481,7,27,-93
1741508949.605481,3,-35,14
1741508949.651481,17,19,-23
1741508949.697481,-4,-17,-29
1741508949.742481,-26,4,-71
1741508949.788481,89,26,-115
1741508949.834481,-44,-45,-79
1741508949.8794808,9,23,18
1741508949.9254808,37,60,34
1741508949.9714808,-10,58,-19
1741508950.0174809,-10,-7,-115
1741508950.062481,-20,32,-163
1741508950.108481,-8,-7,-87
1741508950.154481,-68,-7,-145
1741508950.199481,-14,-43,-149
1741508950.245481,-48,-33,-69
1741508950.291481,85,-1,-95
1741508950.337481,33,4,6
1741508950.3824809,49,-2,-153
1741508950.4284809,-26,-50,-177
1741508950.4744809,49,49,-49
1741508950.519481,81,23,28
1741508950.565481,31,38,-35
1741508950.611481,-30,94,-121
1741508950.657481,45,-21,-95
1741508950.702481,-54,49,-157
1741508950.748481,-17,-1,-55
1741508950.7944808,-30,52,0
1741508950.8394809,-20,-9,-215
1741508950.8854809,12,8,70
1741508950.931481,3,-7,-75
1741508950.977481,-43,-76,-45
1741508951.022481,20,-3,-55
1741508951.068481,-15,28,-140
1741508951.114481,-80,47,57
1741508951.1594808,-59,-65,-34
1741508951.2054808,0,1,-115
1741508951.2514808,-12,-37,-53
1741508951.2974808,-60,-1,46
1741508951.342481,20,0,-51
1741508951.388481,-3,7,-83
1741508951.434481,52,-54,-21
1741508951.479481,61,62,-105
1741508951.525481,88,25,-186
1741508951.571481,37,4,-81
1741508951.6164808,-61,-19,-109
1741508951.6624808,18,-65,-109
1741508951.7084808,6,-16,-77
1741508951.7544808,0,70,-32
1741508951.799481,-21,54,-38
1741508951.845481,52,-57,-196
1741508951.891481,-1,6,-218
1741508951.936481,46,-20,11
1741508951.982481,-43,-147,-65
1741508952.028481,-21,44,-77
1741508952.074481,-39,-13,-17
1741508952.1194808,4,54,-112
1741508952.1654809,10,-39,3
1741508952.2114809,-27,19,-4
1741508952.256481,-53,-15,-169
1741508952.302481,2,82,-22
1741508952.348481,33,24,-92
1741508952.394481,-34,-59,-113
1741508952.439481,7,-21,-51
1741508952.485481,-20,-23,4
1741508952.531481,58,-78,30
1741508952.5764809,37,-8,-73
1741508952.6224809,-18,-46,-201
1741508952.6684809,-26,11,-25
1741508952.7144809,-74,-14,-43
1741508952.759481,-26,-93,6
1741508952.805481,-12,45,-104
1741508952.851481,-37,65,-78
1741508952.896481,-63,0,-105
1741508952.9424808,-21,-12,-77
1741508952.9944808,41,92,-57
1741508953.039481,-20,-13,-109
1741508953.085481,-36,116,2
1741508953.131481,-34,34,26
1741508953.176481,23,-27,0
1741508953.222481,11,-55,-109
1741508953.268481,47,-20,32
1741508953.314481,-16,-34,-133
1741508953.3594809,0,-24,-99
1741508953.4054809,53,-22,-111
1741508953.452481,-41,28,-25
1741508953.498481,-19,-1,-129
1741508953.5434809,-89,-5,-161
1741508953.5894809,-33,-1,-85
1741508953.6354809,-68,12,-41
1741508953.680481,39,-57,-5
1741508953.726481,45,6,-45
1741508953.772481,-76,-83,32
1741508953.818481,23,16,18
1741508953.8634808,2,-36,-27
1741508953.9094808,7,-11,-33
1741508953.9554808,46,-20,-104
1741508954.000481,-39,-4,-17
1741508954.046481,91,-18,-138
1741508954.092481,33,-38,-18
1741508954.138481,-28,29,-10
1741508954.183481,81,7,-110
1741508954.229481,25,-13,-38
1741508954.275481,19,-38,29
1741508954.3204808,61,7,-36
1741508954.3664808,63,-49,-18
1741508954.4124808,-16,-18,-54
1741508954.4584808,7,38,-238
1741508954.503481,-4,46,-94
1741508954.549481,-5,69,-62
1741508954.595481,-69,29,-136
1741508954.640481,10,11,-102
1741508954.686481,26,-34,-50
1741508954.732481,-39,7,-104
1741508954.778481,-29,-30,-58
1741508954.8234808,-89,25,-20
1741508954.8694808,-59,-97,-86
1741508954.9154809,52,10,-2
1741508954.960481,-39,80,-110
1741508955.006481,-20,14,-88
1741508955.052481,-35,-87,-128
1741508955.098481,30,-54,-78
1741508955.143481,-30,-48,-52
1741508955.189481,13,-4,-116
1741508955.235481,5,-54,-336
1741508955.2804809,-7,55,-18
1741508955.3264809,-40,55,-92
1741508955.3724809,40,-54,-116
1741508955.4184809,36,-6,-50
1741508955.463481,-51,11,-72
1741508955.509481,-5,-10,-141
1741508955.555481,2,-52,-47
1741508955.600481,-49,79,-99
1741508955.646481,120,-6,-107
1741508955.6924808,6,127,-65
1741508955.7384808,-43,-10,-159
1741508955.783481,-57,-34,-59
1741508955.829481,4,44,-118
1741508955.875481,2,50,-41
1741508955.920481,-43,16,-64
1741508955.966481,-7,-45,-37
1741508956.012481,10,39,-63
1741508956.058481,3,-4,-101
1741508956.1034808,48,-50,-87
1741508956.1494808,-16,-4,-117
1741508956.1954808,8,1,-95
1741508956.240481,58,-40,18
1741508956.286481,-39,26,60
1741508956.332481,72,-26,-75
1741508956.378481,56,-14,-11
1741508956.423481,-54,41,-57
1741508956.469481,124,-41,-45
1741508956.515481,-13,34,-27
1741508956.5604808,18,50,-56
1741508956.6064808,5,16,-70
1741508956.6524808,-3,-41,-130
1741508956.6984808,30,21,-142
1741508956.743481,-49,49,63
1741508956.789481,12,49,-66
1741508956.835481,-25,0,-69
1741508956.880481,26,-83,-170
1741508956.926481,28,0,-98
1741508956.972481,55,40,-120
1741508957.018481,45,16,-144
1741508957.0634809,17,-35,-6
1741508957.1094809,47,-9,-64
1741508957.1554809,-3,28,-117
1741508957.200481,-47,-31,-95
1741508957.246481,-7,2,-218
1741508957.292481,50,-51,24
1741508957.338481,-32,-9,-163
1741508957.383481,-1,-32,-121
1741508957.429481,-16,-31,-89
1741508957.475481,40,-79,-3
1741508957.5204809,14,98,-99
1741508957.5664809,-63,45,-66
1741508957.6124809,36,-103,-20
1741508957.658481,-1,-61,-22
1741508957.703481,28,18,-10
1741508957.749481,-11,65,-3
1741508957.795481,-85,-98,-91
1741508957.8404808,29,-28,70
1741508957.8864808,5,51,-97
1741508957.9324808,-73,59,-123
1741508957.9784808,42,-24,-157
1741508958.023481,42,-6,-139
1741508958.069481,-49,28,-21
1741508958.115481,72,1,8
1741508958.160481,-5,-80,-61
1741508958.206481,58,16,-11
1741508958.252481,-21,0,-171
1741508958.298481,28,-13,49
1741508958.3434808,-22,32,-106
1741508958.3894808,10,51,-66
1741508958.4354808,61,65,-94
1741508958.480481,0,9,-84
1741508958.526481,-22,0,-72
1741508958.572481,-69,41,-128
1741508958.618481,-16,-80,19
1741508958.663481,10,-18,-138
1741508958.709481,-39,9,-90
1741508958.755481,48,57,-178
1741508958.8004808,23,33,-82
1741508958.8464808,17,-70,-270
1741508958.8924809,-8,-26,-86
1741508958.937481,4,-81,-76
1741508958.983481,37,-64,-34
1741508959.029481,22,-26,55
1741508959.075481,4,-33,-104
1741508959.120481,112,-41,-12
1741508959.166481,22,-41,-126
1741508959.212481,72,25,-46
1741508959.2574809,-3,-11,15
1741508959.3034809,12,-50,-30
1741508959.3494809,-108,69,-54
1741508959.3954809,12,-15,19
1741508959.440481,66,-53,-92
1741508959.486481,-7,24,-148
1741508959.532481,-1,70,-12
1741508959.577481,12,-8,41
1741508959.623481,-35,-12,-42
1741508959.6694808,-21,28,-50
1741508959.7154808,-9,-137,-208
1741508959.7604809,57,43,-190
1741508959.806481,24,-2,-114
1741508959.852481,-62,-6,-28
1741508959.897481,-41,30,-222
1741508959.943481,-60,-10,-56
1741508959.989481,13,-51,-102
1741508960.035481,-4,55,-74
1741508960.0804808,-14,63,-88
1741508960.1264808,16,13,19
1741508960.1724808,-77,-14,-64
1741508960.217481,10,33,-48
1741508960.263481,62,-16,-76
1741508960.309481,-65,-47,-68
1741508960.355481,-46,-9,-84
1741508960.400481,-34,-53,-144
1741508960.446481,96,85,-74
1741508960.492481,32,14,-64
1741508960.5374808,-61,10,-206
1741508960.5834808,19,37,-154
1741508960.6294808,137,-122,-142
1741508960.6754808,75,-42,-56
1741508960.720481,-39,6,-184
1741508960.766481,6,56,30
1741508960.812481,62,23,-73
1741508960.857481,-105,-15,-107
1741508960.903481,20,16,-145
1741508960.949481,4,72,-113
1741508960.995481,66,67,-121
1741508961.0404809,60,-58,-109
1741508961.0864809,64,35,4
1741508961.1324809,84,-20,115
1741508961.177481,-39,-44,71
1741508961.223481,6,-64,-61
1741508961.269481,-9,-66,-125
1741508961.315481,-59,-84,-41
1741508961.360481,-25,25,-101
1741508961.406481,22,55,-149
1741508961.452481,-3,89,-95
1741508961.4974809,-6,-70,-167
1741508961.5434809,30,-14,-89
1741508961.5894809,42,-47,-209
1741508961.6354809,24,55,-97
1741508961.680481,26,-120,-159
1741508961.726481,36,-10,-49
1741508961.772481,58,15,30
1741508961.8174808,3,44,-129
1741508961.8634808,-2,32,-163
1741508961.9094808,13,-59,-45
1741508961.9554808,53,91,-11
1741508962.000481,-30,0,-25
1741508962.046481,22,-10,-105
1741508962.092481,38,10,-37
1741508962.137481,22,20,-91
1741508962.183481,60,-21,-132
1741508962.229481,35,92,-114
1741508962.275481,7,-52,-124
1741508962.3204808,27,-32,-17
1741508962.3664808,-15,-3,5
1741508962.4124808,-102,39,-184
1741508962.457481,2,-35,-187
1741508962.503481,-103,-73,-125
1741508962.549481,-15,-63,-59
1741508962.595481,18,27,-105
1741508962.640481,-39,71,-74
1741508962.686481,-21,5,-46
1741508962.732481,102,-58,-250
1741508962.7774808,-13,26,-40
1741508962.8234808,-51,42,-136
1741508962.8694808,-58,-9,-63
1741508962.9154809,15,-35,-83
1741508962.960481,-29,-7,-147
1741508963.012481,64,-11,-73
1741508963.0574808,40,23,-97
1741508963.1034808,50,21,-47
1741508963.1494808,12,-40,-59
1741508963.1954808,8,-14,-93
1741508963.240481,-1,-3,8
1741508963.286481,44,59,60
1741508963.332481,-57,-29,-106
1741508963.377481,-39,-44,-72
1741508963.423481,54,93,-78
1741508963.469481,-23,7,-54
1741508963.515481,-22,-18,-58
1741508963.5604808,-44,-37,-122
1741508963.6064808,-48,2,-118
1741508963.6524808,-20,20,-32
1741508963.697481,30,-64,-30
1741508963.743481,18,21,-100
1741508963.789481,2,23,-74
1741508963.835481,-95,49,-96
1741508963.880481,-16,4,-110
1741508963.926481,-6,6,-6
1741508963.972481,67,122,-40
1741508964.0174809,-5,44,-87
1741508964.0634809,-11,-14,-113
1741508964.1094809,38,63,-22
1741508964.1554809,-9,80,-150
1741508964.200481,58,24,3
1741508964.246481,28,-103,-4
1741508964.292481,5,-13,-108
1741508964.337481,17,30,-130
1741508964.383481,53,12,-2
1741508964.429481,72,-46,-18
1741508964.475481,-13,54,-154
1741508964.5204809,-3,44,-166
1741508964.5664809,-29,-19,-66
1741508964.611481,9,5,-116
1741508964.656481,-22,56,-72
1741508964.702481,-40,-73,-138
1741508964.748481,39,-7,-40
1741508964.7934809,-8,-77,-112
1741508964.8394809,22,-44,5
1741508964.8854809,47,-75,-82
1741508964.931481,78,68,-6
1741508964.976481,-47,-27,-218
1741508965.022481,28,4,2
1741508965.068481,-38,4,-193
1741508965.1134808,-73,-4,-73
1741508965.1594808,-20,35,-135
1741508965.2054808,-15,33,-219
1741508965.2514808,-1,37,2
1741508965.296481,65,-26,-135
1741508965.342481,-32,0,-167
1741508965.388481,-60,-30,24
1741508965.433481,12,-32,-69
1741508965.479481,26,26,42
1741508965.525481,-48,7,-3
1741508965.5704808,64,-37,-21
1741508965.6164808,58,12,-167
1741508965.6624808,46,-83,-1
1741508965.7084808,-61,-35,-83
1741508965.753481,-23,24,-123
1741508965.799481,-3,44,-33
1741508965.845481,2,-133,-39
1741508965.890481,-89,-7,-17
1741508965.936481,-3,21,-93
1741508965.982481,48,49,-61
1741508966.028481,-7,-4,-208
1741508966.0734808,8,25,-107
1741508966.1194808,-51,44,-104
1741508966.1654809,-57,-41,-103
1741508966.210481,-3,19,-11
1741508966.256481,18,-22,-37
1741508966.302481,-77,-10,-49
1741508966.348481,79,80,-97
1741508966.393481,62,56,-47
1741508966.439481,-61,-40,-173
1741508966.485481,24,-20,-129
1741508966.5304809,-37,3,-75
1741508966.5764809,-11,-23,-217
1741508966.6224809,26,36,-7
1741508966.6684809,0,-23,-91
1741508966.713481,-93,-21,-85
1741508966.759481,-48,21,-37
1741508966.805481,38,-55,-3
1741508966.850481,-25,-31,-25
1741508966.896481,10,-9,-89
1741508966.9424808,-6,20,-159
1741508966.9884808,49,-59,-85
1741508967.033481,-1,15,-95
1741508967.079481,126,3,-91
1741508967.125481,-7,30,-99
1741508967.170481,16,-19,-245
1741508967.216481,-25,-29,-145
1741508967.262481,-15,21,-11
1741508967.308481,70,38,-135
1741508967.3534808,44,-13,-81
1741508967.3994808,-23,18,-169
1741508967.4454808,-9,-25,-17
1741508967.490481,1,-25,-41
1741508967.536481,-46,-5,-101
1741508967.582481,9,-9,-69
1741508967.628481,-16,15,-67
1741508967.673481,131,-2,-145
1741508967.719481,-51,88,-19
1741508967.765481,-87,-9,-51
1741508967.8104808,22,2,-115
1741508967.8564808,-31,-15,-15
1741508967.9024808,41,-37,-89
1741508967.9484808,15,-37,-12
1741508967.993481,56,-44,3
1741508968.039481,-15,-5,-200
1741508968.085481,50,-7,-16
1741508968.130481,-16,20,57
1741508968.176481,42,-29,65
1741508968.222481,-49,104,-218
1741508968.268481,-46,-45,-88
1741508968.3134809,3,-1,-86
1741508968.3594809,8,-15,-59
1741508968.4054809,30,-13,-53
1741508968.450481,-2,20,-155
1741508968.496481,-44,40,-171
1741508968.542481,-28,22,-35
1741508968.588481,2,19,-141
1741508968.633481,30,-52,-123
1741508968.679481,-52,30,-43
1741508968.725481,48,44,36
1741508968.7704809,-17,-13,-63
1741508968.8164809,-41,69,-107
1741508968.8624809,12,37,22
1741508968.908481,-87,-70,-35
1741508968.953481,30,31,-101
1741508968.999481,47,25,58
1741508969.045481,12,-15,-79
1741508969.0904808,-1,-27,-23
1741508969.1364808,-35,43,-87
1741508969.1824808,36,21,-113
1741508969.2284808,-37,-30,-187
1741508969.273481,-15,55,-133
1741508969.319481,-7,14,-53
1741508969.365481,-5,-59,-95
1741508969.410481,-19,-51,82
1741508969.456481,24,32,-45
1741508969.502481,-17,6,44
1741508969.548481,-18,-32,-203
1741508969.5934808,19,-4,-89
1741508969.6394808,-18,11,-67
1741508969.6854808,4,-5,48
1741508969.730481,6,-9,-91
1741508969.776481,-85,-53,-195
1741508969.822481,-9,-9,-19
1741508969.868481,-65,-15,-37
1741508969.913481,-26,-13,-183
1741508969.959481,-82,-19,-1
1741508970.005481,-75,-72,-135
1741508970.0504808,48,-78,70
1741508970.0964808,-1,53,-153
1741508970.1424809,0,-44,-103
1741508970.1884809,-45,-36,-39
1741508970.233481,-15,11,-87
1741508970.279481,-39,27,-33
1741508970.325481,69,-45,0
1741508970.370481,47,-27,-113
1741508970.416481,-66,11,-103
1741508970.462481,-72,53,-77
1741508970.508481,-101,-14,18
1741508970.5534809,-17,-44,10
1741508970.5994809,-29,-40,-60
1741508970.6454809,-11,1,-23
1741508970.690481,18,6,-177
1741508970.736481,78,41,-19
1741508970.782481,-28,-16,70
1741508970.828481,50,-46,-154
1741508970.873481,-35,-48,-47
1741508970.9194808,-75,-8,-163
1741508970.9654808,9,-47,-101
1741508971.0104809,-32,4,-97
1741508971.056481,65,-45,-13
1741508971.102481,-39,-2,6
1741508971.148481,1,35,-99
1741508971.193481,16,13,-19
1741508971.239481,-13,79,-89
1741508971.285481,40,10,-1
1741508971.3304808,-55,0,-139
1741508971.3764808,-99,-14,70
1741508971.4224808,-16,23,-181
1741508971.4684808,26,-8,-119
1741508971.513481,5,-2,16
1741508971.559481,-67,51,-95
1741508971.605481,-33,57,-41
1741508971.650481,14,-4,-75
1741508971.696481,-9,5,-169
1741508971.742481,-19,-14,-97
1741508971.788481,40,-52,-97
1741508971.8334808,79,60,-95
1741508971.8794808,41,24,-85
1741508971.9254808,-24,-27,78
1741508971.970481,-39,26,-169
1741508972.016481,-5,82,-41
1741508972.062481,22,38,-86
1741508972.108481,-32,-21,-4
1741508972.153481,-34,14,-68
1741508972.199481,6,1,13
1741508972.245481,96,47,21
1741508972.2904809,68,-39,-94
1741508972.3364809,-27,-67,-88
1741508972.3824809,52,38,23
1741508972.427481,11,12,-64
1741508972.473481,21,28,-252
1741508972.519481,3,-15,-94
1741508972.565481,-46,46,-48
1741508972.610481,-24,101,79
1741508972.656481,33,29,-74
1741508972.702481,100,-35,11
1741508972.7474809,14,-88,-114
1741508972.7934809,16,-22,-188
1741508972.8394809,14,-54,-170
1741508972.8854809,-13,-3,-73
1741508972.930481,-3,-27,-38
1741508972.976481,2,29,-46
1741508973.0274808,54,-58,-124
1741508973.0734808,-55,-3,-14
1741508973.1194808,34,-23,47
1741508973.1654809,-17,-65,-92
1741508973.210481,58,41,29
1741508973.256481,33,52,-3
1741508973.302481,61,29,-50
1741508973.347481,-70,30,-172
1741508973.393481,-26,28,-122
1741508973.439481,6,21,-98
1741508973.485481,31,6,-62
1741508973.5304809,-98,-23,-124
1741508973.5764809,48,-47,-62
1741508973.6224809,17,-21,-98
1741508973.667481,26,47,-134
1741508973.713481,36,-38,32
1741508973.759481,26,-40,-123
1741508973.805481,-46,-99,-43
1741508973.850481,-28,-1,-125
1741508973.896481,6,-32,-27
1741508973.9424808,12,-4,6
1741508973.9874809,-13,9,-31
1741508974.033481,14,62,-71
1741508974.079481,16,7,-123
1741508974.125481,-52,29,-113
1741508974.170481,-26,-64,-15
1741508974.216481,15,37,-167
1741508974.262481,41,-20,-95
1741508974.3074808,-54,29,-95
1741508974.3534808,20,48,-60
1741508974.3994808,-17,37,-184
1741508974.4454808,38,0,3
1741508974.490481,50,20,-98
1741508974.536481,-23,16,-140
1741508974.582481,-24,32,-8
1741508974.627481,65,-81,-14
1741508974.673481,-12,-16,-142
1741508974.719481,-4,-6,-84
1741508974.765481,-6,2,-66
1741508974.8104808,15,-39,-178
1741508974.8564808,43,70,27
1741508974.9024808,-75,-5,-52
1741508974.947481,-24,51,-148
1741508974.993481,-44,-60,-46
1741508975.039481,-50,-38,6
1741508975.085481,7,45,-90
1741508975.130481,-9,11,14
1741508975.176481,18,-12,-121
1741508975.222481,16,17,-165
1741508975.2674809,50,-72,0
1741508975.3134809,88,39,-111
1741508975.3594809,-14,-46,12
1741508975.4054809,-61,-6,-55
1741508975.450481,24,17,-129
1741508975.496481,46,-48,-41
1741508975.542481,18,36,-63
1741508975.587481,10,-35,-227
1741508975.633481,52,10,-77
1741508975.679481,17,-44,-199
1741508975.725481,42,-113,-151
1741508975.7704809,42,-17,-75
1741508975.8164809,0,-33,-43
1741508975.8624809,20,-5,-83
1741508975.907481,34,32,-83
1741508975.953481,-13,56,-135
1741508975.999481,-13,8,-87
1741508976.045481,-33,-11,-31
1741508976.0904808,74,-29,-47
1741508976.1364808,-26,40,-87
1741508976.1824808,-44,33,-85
1741508976.227481,85,-74,-185
1741508976.273481,-22,33,-75
1741508976.319481,7,0,-147
1741508976.365481,50,-22,-99
1741508976.410481,-23,42,-5
1741508976.456481,-68,3,-137
1741508976.502481,-26,19,-73
1741508976.5474808,-22,31,-105
1741508976.5934808,-13,24,-31
1741508976.6394808,-7,20,-75
1741508976.6854808,-1,18,-193
1741508976.730481,-29,-47,-65
1741508976.776481,15,19,-91
1741508976.822481,19,-20,-165
1741508976.867481,87,59,-71
1741508976.913481,9,21,-39
1741508976.959481,-30,45,-67
1741508977.005481,39,25,-83
1741508977.0504808,-19,-83,-63
1741508977.0964808,9,28,4
1741508977.1424809,5,18,-97
1741508977.187481,-66,-88,20
1741508977.233481,19,26,-238
1741508977.279481,-6,-42,-90
1741508977.325481,45,-2,-8
1741508977.370481,69,-46,-94
1741508977.416481,43,38,-96
1741508977.462481,15,10,-34
1741508977.5074809,115,102,1
1741508977.5534809,1,22,-56
1741508977.5994809,9,10,-76
1741508977.6454809,-9,25,-128
1741508977.690481,-23,42,-92
1741508977.736481,82,-29,-126
1741508977.782481,26,2,19
1741508977.827481,-83,30,-162
1741508977.873481,26,-35,-34
1741508977.9194808,-17,4,-164
1741508977.9654808,-72,41,-112
1741508978.0104809,27,-2,-112
1741508978.056481,-8,31,15
1741508978.102481,-41,-29,25
1741508978.147481,-79,-45,-58
1741508978.193481,-39,-67,-98
1741508978.239481,29,-66,31
1741508978.285481,-16,-38,-24
1741508978.3304808,21,19,-78
1741508978.3764808,-112,-36,-172
1741508978.4224808,7,16,37
1741508978.467481,-111,-80,-92
1741508978.513481,-85,-49,-68
1741508978.559481,58,36,-82
1741508978.605481,16,-51,-80
1741508978.650481,73,32,-179
1741508978.696481,65,-63,-153
1741508978.742481,24,-13,-41
1741508978.7874808,50,14,-73
1741508978.8334808,-49,-5,-95
1741508978.8794808,14,-19,-194
1741508978.924481,48,48,-127
1741508978.970481,-24,-18,-17
1741508979.016481,29,-46,-101
1741508979.062481,51,-38,-201
1741508979.107481,23,69,-87
1741508979.153481,-44,17,-135
1741508979.199481,-60,-38,-33
1741508979.2444808,-6,55,-143
1741508979.2904809,-30,-46,38
1741508979.3364809,-24,61,58
1741508979.3824809,-36,6,-61
1741508979.427481,14,0,-157
1741508979.473481,-17,-3,-51
1741508979.519481,-57,30,-145
1741508979.564481,-45,-63,-71
1741508979.610481,-97,-41,-141
1741508979.656481,49,5,-87
1741508979.702481,17,-4,-99
1741508979.7474809,87,-20,-161
1741508979.7934809,19,11,-33
1741508979.8394809,-52,-4,48
1741508979.884481,113,47,-87
1741508979.930481,-56,97,-37
1741508979.976481,27,-22,-55
1741508980.022481,-60,-24,-133
1741508980.0674808,51,55,-37
1741508980.1134808,1,85,-31
1741508980.1594808,65,61,52
1741508980.204481,-44,51,-127
1741508980.250481,-56,-60,-87
1741508980.296481,-100,0,-51
1741508980.342481,-13,-16,-79
1741508980.387481,34,58,-35
1741508980.433481,-55,-3,-79
1741508980.479481,40,-7,-92
1741508980.5244808,-33,-33,-106
1741508980.5704808,4,-59,-40
1741508980.6164808,16,-17,-6
1741508980.6624808,40,11,-78
1741508980.707481,75,-71,7
1741508980.753481,9,-32,-134
1741508980.799481,-16,15,-94
1741508980.844481,-19,102,-62
1741508980.890481,-14,-5,-124
1741508980.936481,3,12,-138
1741508980.982481,8,8,-16
1741508981.0274808,32,18,-100
1741508981.0734808,34,36,-78
1741508981.1194808,-9,-59,-12
1741508981.164481,-49,9,-110
1741508981.210481,52,-45,-24
1741508981.256481,-13,-29,-76
1741508981.302481,26,-21,-130
1741508981.347481,-11,26,-153
1741508981.393481,20,-17,-21
1741508981.439481,154,-3,-45
1741508981.4844809,-65,-3,-7
1741508981.5304809,-57,9,-7
1741508981.5764809,-23,-28,-37
1741508981.6224809,39,46,-1
1741508981.667481,45,-47,-43
1741508981.713481,15,-71,-55
1741508981.759481,-14,34,-125
1741508981.804481,-65,-69,-15
1741508981.850481,37,-9,-65
1741508981.896481,-72,-71,46
1741508981.9424808,-4,-13,-127
1741508981.9874809,-63,-11,38
1741508982.033481,-5,0,-27
1741508982.079481,-71,39,-75
1741508982.124481,-15,-66,26
1741508982.170481,-23,45,-39
1741508982.216481,18,-12,-93
1741508982.262481,-2,34,-53
1741508982.3074808,57,32,-129
1741508982.3534808,29,23,-153
1741508982.3994808,-72,-4,20
1741508982.444481,34,26,-45
1741508982.490481,39,40,-41
1741508982.536481,-16,42,-51
1741508982.582481,63,50,-71
1741508982.627481,67,-19,-29
1741508982.673481,15,54,-137
1741508982.719481,2,-12,-181
1741508982.7644808,-29,-69,-17
1741508982.8104808,-17,52,-49
1741508982.8564808,-14,12,-111
1741508982.9024808,-23,12,-83
1741508982.947481,33,22,-59
1741508982.999481,21,31,-266
1741508983.0444808,25,85,17
1741508983.0904808,-42,15,-161
1741508983.1364808,43,-73,-139
1741508983.1824808,-39,16,-35
1741508983.227481,-129,-37,-133
1741508983.273481,-30,24,-125
1741508983.319481,5,-41,-45
1741508983.364481,-32,29,-175
1741508983.410481,119,3,-65
1741508983.456481,-38,65,-191
1741508983.502481,115,28,-11
1741508983.5474808,35,-9,-263
1741508983.5934808,-131,14,-181
1741508983.6394808,-35,-49,-29
1741508983.684481,88,-79,8
1741508983.730481,43,33,-5
1741508983.776481,3,-8,-99
1741508983.822481,21,1,-153
1741508983.867481,-62,17,-71
1741508983.913481,13,31,-115
1741508983.959481,56,20,18
1741508984.0044808,-19,-25,-33
1741508984.0504808,1,3,-79
1741508984.0964808,39,25,15
1741508984.1424809,11,31,-68
1741508984.187481,-16,29,-25
1741508984.233481,-32,11,-27
1741508984.279481,3,-34,-39
1741508984.324481,-55,32,-47
1741508984.370481,54,28,-129
1741508984.416481,69,63,-27
1741508984.462481,-10,-18,80
1741508984.5074809,-36,15,-139
1741508984.5534809,20,-15,-49
1741508984.5994809,9,43,-53
1741508984.644481,52,-3,-91
1741508984.690481,-45,-7,-91
1741508984.736481,8,26,-70
1741508984.782481,-23,-89,17
1741508984.827481,48,-69,-52
1741508984.873481,-28,-4,-108
1741508984.9194808,44,-39,-2
1741508984.9644809,-64,-14,-124
1741508985.0104809,-49,0,-66
1741508985.056481,-38,0,-120
1741508985.102481,50,44,-70
1741508985.147481,-34,-30,-68
1741508985.193481,-48,5,59
1741508985.239481,5,-54,-112
1741508985.2844808,-13,-37,-124
1741508985.3304808,-57,4,-85
1741508985.3764808,-19,36,32
1741508985.4224808,32,14,-20
1741508985.467481,56,34,-195
1741508985.513481,-52,-44,-51
1741508985.559481,25,-48,-29
1741508985.604481,-7,-5,-9
1741508985.650481,43,-35,-69
1741508985.696481,-12,-17,-67
1741508985.742481,56,11,-35
1741508985.7874808,20,38,-109
1741508985.8334808,-15,3,-61
1741508985.8794808,78,-53,-141
1741508985.924481,46,36,-211
1741508985.970481,-51,6,-159
1741508986.016481,-30,-5,-67
1741508986.062481,31,-63,-47
1741508986.107481,-2,-9,-49
1741508986.153481,-19,-34,-69
1741508986.199481,-53,-12,-19
1741508986.2444808,33,59,-49
1741508986.2904809,5,-42,-177
1741508986.3364809,33,-24,-119
1741508986.381481,-34,37,-119
1741508986.427481,-30,19,-61
1741508986.473481,-81,-11,-157
1741508986.519481,21,36,-107
1741508986.564481,33,-77,-155
1741508986.610481,-58,-5,-169
1741508986.656481,-9,-10,12
1741508986.7014809,-93,12,-61
1741508986.7474809,-53,65,-103
1741508986.7934809,65,-19,-79
1741508986.8394809,14,14,-18
1741508986.884481,-83,-10,-220
1741508986.930481,26,-60,-101
1741508986.976481,-76,-3,-157
1741508987.021481,16,9,48
1741508987.0674808,-13,45,-10
1741508987.1134808,63,-57,-128
1741508987.1594808,-31,3,-42
1741508987.204481,0,-63,-42
1741508987.250481,-12,-41,-66
1741508987.296481,19,64,-120
1741508987.341481,3,-23,-112
1741508987.387481,76,-14,-48
1741508987.433481,-9,47,-108
1741508987.479481,-35,25,-41
1741508987.5244808,32,39,-143
1741508987.5704808,66,17,-67
1741508987.6164808,-31,-2,-90
1741508987.661481,25,-38,-160
1741508987.707481,16,-22,-114
1741508987.753481,-9,-52,-118
1741508987.799481,85,0,-150
1741508987.844481,22,-42,-37
1741508987.890481,0,1,-43
1741508987.936481,-39,-16,16
1741508987.9814808,-53,23,-1
1741508988.0274808,-31,13,-91
1741508988.0734808,-62,2,-89
1741508988.1194808,-9,-27,-163
1741508988.164481,-36,-35,-93
1741508988.210481,51,-26,-13
1741508988.256481,33,-44,-129
1741508988.301481,-40,-12,-95
1741508988.347481,-102,102,-105
1741508988.393481,-18,22,-115
1741508988.439481,-12,3,-205
1741508988.4844809,52,8,-157
1741508988.5304809,6,10,-183
1741508988.5764809,-15,-83,-23
1741508988.621481,-14,-8,14
1741508988.667481,-6,-28,-133
1741508988.713481,-20,-6,-59
1741508988.759481,27,-2,-193
1741508988.804481,-61,12,-25
1741508988.850481,23,15,-91
1741508988.896481,-10,5,-18
1741508988.9414809,-14,47,-120
1741508988.9874809,41,-31,-102
1741508989.033481,-30,14,53
1741508989.079481,87,78,-138
1741508989.124481,35,-86,17
1741508989.170481,7,29,-14
1741508989.216481,25,19,-44
1741508989.2614808,7,39,-166
1741508989.3074808,-48,29,-28
1741508989.3534808,41,-28,-160
1741508989.3994808,79,-14,-136
1741508989.444481,25,31,-126
1741508989.490481,-93,36,-100
1741508989.536481,-27,-95,-80
1741508989.581481,-11,-41,-10
1741508989.627481,-16,-52,-73
1741508989.673481,-4,-20,-85
1741508989.719481,85,67,14
1741508989.7644808,1,-13,-67
1741508989.8104808,129,-3,-81
1741508989.8564808,-27,-21,-97
1741508989.901481,-31,-41,-109
1741508989.947481,-9,82,-21
1741508989.993481,15,-19,-127
1741508990.039481,-33,-21,-91
1741508990.084481,84,-9,-97
1741508990.130481,-67,-14,-103
1741508990.176481,-101,-22,-168
1741508990.220481,-44,-12,-62
1741508990.266481,-84,15,-106
1741508990.312481,39,-46,-104
1741508990.357481,14,11,-64
1741508990.403481,52,-22,-96
1741508990.449481,-1,39,-66
1741508990.495481,40,19,-64
1741508990.5404809,-43,25,-140
1741508990.5864809,-61,-30,-46
1741508990.6324809,35,35,-56
1741508990.677481,-2,-64,-54
1741508990.723481,21,-20,-46
1741508990.769481,-23,7,33
1741508990.815481,-17,-26,-172
1741508990.860481,-9,19,-160
1741508990.906481,-33,-20,-120
1741508990.952481,-39,-30,-88
1741508990.9974809,-32,3,-31
1741508991.0434809,70,-12,-61
1741508991.0894809,4,-38,-37
1741508991.1354809,54,-6,-37
1741508991.180481,19,10,-117
1741508991.226481,-19,31,-21
1741508991.272481,-75,-28,-115
1741508991.3174808,-70,-95,15
1741508991.3634808,7,-61,-37
1741508991.4094808,-20,24,-113
1741508991.4554808,-44,-61,-71
1741508991.500481,31,-11,-47
1741508991.546481,-70,34,-145
1741508991.592481,-56,74,-129
1741508991.637481,11,-19,-79
1741508991.683481,37,22,-21
1741508991.729481,51,-3,-93
1741508991.775481,-52,12,18
1741508991.8204808,51,-35,42
1741508991.8664808,0,48,-59
1741508991.9124808,26,-10,-9
1741508991.957481,-21,-30,-71
1741508992.003481,-26,109,-113
1741508992.049481,1,-100,-59
1741508992.095481,87,-6,-159
1741508992.140481,-48,-3,-43
1741508992.186481,21,-43,16
1741508992.232481,-14,-63,-79
1741508992.2774808,-34,70,-13
1741508992.3234808,28,-25,-147
1741508992.3694808,65,19,-49
1741508992.4154809,23,-19,-119
1741508992.460481,-14,30,26
1741508992.506481,8,40,-112
1741508992.552481,48,24,-19
1741508992.597481,-19,-57,24
1741508992.643481,-58,-28,-65
1741508992.689481,12,44,-142
1741508992.735481,-24,38,-87
1741508992.7804809,30,-53,-88
1741508992.8264809,-3,46,-47
1741508992.8724809,-31,-51,-67
1741508992.917481,56,40,-45
1741508992.963481,-44,44,30
1741508993.0144808,83,31,-53
1741508993.0604808,-4,11,-197
1741508993.1064808,75,-4,-33
1741508993.1524808,-18,-2,-115
1741508993.197481,-10,61,-93
1741508993.243481,16,94,-63
1741508993.289481,22,-37,-89
1741508993.334481,20,-45,-31
1741508993.380481,-48,46,-77
1741508993.426481,53,0,11
1741508993.472481,-16,34,-156
1741508993.5174809,32,-19,25
1741508993.5634809,-26,-28,-134
1741508993.6094809,10,-9,-118
1741508993.654481,40,-9,-101
1741508993.700481,-19,18,-57
1741508993.746481,-8,-4,-110
1741508993.792481,111,63,-95
1741508993.837481,24,0,11
1741508993.883481,-19,14,-130
1741508993.929481,-9,6,-32
1741508993.9744809,34,78,-38
1741508994.0204809,-63,6,-160
1741508994.0664809,92,-31,-123
1741508994.1124809,-28,34,-49
1741508994.157481,2,-59,-32
1741508994.203481,-42,-49,-144
1741508994.249481,37,24,-64
1741508994.2944808,37,92,-130
1741508994.3404808,-4,-9,-142
1741508994.3864808,85,-9,-18
1741508994.4324808,87,12,-64
1741508994.477481,0,46,-40
1741508994.523481,32,-15,-152
1741508994.569481,23,123,-72
1741508994.614481,1,28,-111
1741508994.660481,-3,-49,-65
1741508994.706481,80,-43,-165
1741508994.752481,-7,10,-52
1741508994.7974808,30,-47,-218
1741508994.8434808,-9,20,-128
1741508994.8894808,-38,-63,-46
1741508994.934481,-20,-2,-92
1741508994.980481,51,7,-68
1741508995.025481,-10,-8,-34
1741508995.0704808,-20,39,-36
1741508995.1164808,-38,-37,-142
1741508995.1624808,72,-41,-98
1741508995.2084808,-28,15,-154
1741508995.253481,-170,-33,-46
1741508995.299481,106,26,-92
1741508995.345481,-2,-28,-56
1741508995.390481,-54,-37,-40
1741508995.436481,-12,-23,-134
1741508995.482481,11,-16,-112
1741508995.528481,0,3,-110
1741508995.5734808,-39,82,-72
1741508995.6194808,-44,73,-116
1741508995.6654809,21,67,-156
1741508995.710481,17,-48,-48
1741508995.756481,-86,-3,-156
1741508995.802481,-8,21,25
1741508995.848481,68,10,-85
1741508995.893481,45,33,-61
1741508995.939481,3,-19,-77
1741508995.985481,-25,-7,-99
1741508996.0304809,-40,39,-135
1741508996.0764809,4,29,-79
1741508996.1224809,50,-40,-7
1741508996.1684809,-64,5,-23
1741508996.213481,63,-20,-29
1741508996.259481,0,39,-93
1741508996.305481,12,-61,-39
1741508996.350481,45,-9,-23
1741508996.396481,12,4,-145
1741508996.4424808,-44,22,-5
1741508996.4884808,108,-33,-199
1741508996.533481,-29,-83,-259
1741508996.579481,-26,2,-133
1741508996.625481,-8,24,-111
1741508996.670481,47,-40,20
1741508996.716481,79,-50,-107
1741508996.762481,-2,-22,-87
1741508996.808481,-14,13,-49
1741508996.8534808,67,-8,-55
1741508996.8994808,-2,-28,-105
1741508996.9454808,-90,-22,-113
1741508996.990481,-18,-59,32
1741508997.036481,-14,-27,-29
1741508997.082481,-30,8,-103
1741508997.128481,31,-25,-11
1741508997.173481,7,-10,-91
1741508997.219481,47,-12,-23
1741508997.265481,-93,27,-73
1741508997.3104808,-5,6,20
1741508997.3564808,68,-100,12
1741508997.4024808,-28,16,-69
1741508997.4484808,-84,-65,-57
1741508997.493481,-34,-7,-219
1741508997.539481,-78,-11,0
1741508997.585481,23,-8,-126
1741508997.630481,-86,-9,-98
1741508997.676481,-86,-39,-18
1741508997.722481,68,30,-104
1741508997.768481,11,-1,6
1741508997.8134809,-22,-19,-107
1741508997.8594809,-49,-37,-141
1741508997.9054809,-43,-7,-99
1741508997.950481,59,-23,-61
1741508997.996481,11,-20,-91
1741508998.042481,11,30,-153
1741508998.088481,39,-21,-45
1741508998.133481,21,52,-57
1741508998.179481,9,12,-25
1741508998.225481,-7,-25,-49
1741508998.2704809,82,-59,-91
1741508998.3164809,22,6,22
1741508998.3624809,40,6,66
1741508998.408481,94,-31,-61
1741508998.453481,6,6,-59
1741508998.499481,-45,62,-23
1741508998.545481,-75,72,-124
1741508998.5904808,-9,66,-9
1741508998.6364808,-21,-19,-20
1741508998.6824808,78,-9,-57
1741508998.7284808,-24,9,-90
1741508998.773481,51,21,-5
1741508998.819481,-50,36,-77
1741508998.865481,-16,32,28
1741508998.910481,-68,36,-33
1741508998.956481,-6,37,-139
1741508999.002481,41,36,30
1741508999.048481,79,16,-111
1741508999.0934808,51,14,-65
1741508999.1394808,-24,-3,-63
1741508999.1854808,-42,21,-105
1741508999.230481,-70,43,-73
1741508999.276481,17,38,-71
1741508999.322481,-32,-105,6
1741508999.368481,-26,11,-74
1741508999.413481,21,-12,-122
1741508999.459481,-36,-28,-61
1741508999.505481,-51,-49,-66
1741508999.5504808,-2,67,-43
1741508999.5964808,-96,35,-94
1741508999.6424809,107,-16,-4
1741508999.6884809,35,-15,-112
1741508999.733481,37,-39,-17
1741508999.779481,59,-58,30
1741508999.825481,-64,0,-105
1741508999.870481,-12,28,-91
1741508999.916481,-69,0,-105
1741508999.962481,6,-1,-145
1741509000.0074809,-93,60,-89
1741509000.0534809,31,29,-43
1741509000.0994809,55,33,-86
1741509000.1454809,-116,45,-206
1741509000.190481,9,-54,-31
1741509000.236481,29,-58,-155
1741509000.282481,-22,-3,-115
1741509000.327481,71,39,-98
1741509000.373481,43,-57,-53
1741509000.4194808,69,32,-55
1741509000.4654808,68,-77,-79
1741509000.5104809,6,-51,-173
1741509000.556481,9,10,-59
1741509000.602481,-34,-7,-141
1741509000.647481,-31,-23,-95
1741509000.693481,-26,28,-43
1741509000.739481,-24,-91,2
1741509000.785481,10,-5,19
1741509000.8304808,-11,-7,-126
1741509000.8764808,4,45,1
1741509000.9224808,74,-32,3
1741509000.967481,-101,-60,-98
1741509001.013481,-2,-4,-26
1741509001.059481,23,-4,-70
1741509001.105481,-44,-36,-28
1741509001.150481,75,-2,-98
1741509001.196481,10,12,-176
1741509001.242481,-35,-11,-42
1741509001.2874808,-14,23,107
1741509001.3334808,-20,-74,-8
1741509001.3794808,9,31,-62
1741509001.4254808,49,-12,-148
1741509001.470481,71,-26,1
1741509001.516481,-23,5,-96
1741509001.562481,124,-44,-48
1741509001.607481,38,-32,-110
1741509001.653481,60,-33,-16
1741509001.699481,48,-47,-28
1741509001.745481,-14,-5,-108
1741509001.7904809,-82,24,21
1741509001.8364809,25,13,95
1741509001.8824809,-78,-14,-98
1741509001.927481,95,-33,5
1741509001.973481,-90,-60,-4
1741509002.019481,-20,-66,-54
1741509002.065481,21,6,-68
1741509002.110481,33,-4,-114
1741509002.156481,-38,1,-86
1741509002.202481,-22,15,17
1741509002.2474809,-20,19,-104
1741509002.2934809,6,-3,-146
1741509002.3394809,12,-53,91
1741509002.3854809,4,-39,-148
1741509002.430481,-47,24,-68
1741509002.476481,0,37,-36
1741509002.522481,-15,-17,-78
1741509002.5674808,17,0,-136
1741509002.6134808,-1,60,33
1741509002.6594808,-30,45,-200
1741509002.7054808,5,47,-102
1741509002.750481,9,-18,-210
1741509002.796481,34,36,-58
1741509002.842481,18,-25,-76
1741509002.887481,44,50,-80
1741509002.933481,21,-8,-54
1741509002.979481,31,29,-78
1741509003.0304809,-44,11,-60
1741509003.0764809,0,18,-88
1741509003.1224809,-22,3,-102
1741509003.167481,39,-102,-60
1741509003.213481,-54,4,-116
1741509003.259481,43,47,-194
1741509003.305481,-36,-18,-174
1741509003.350481,-32,53,19
1741509003.396481,-1,10,-84
1741509003.4424808,6,-3,-62
1741509003.4874809,22,56,-136
1741509003.533481,23,-55,-122
1741509003.579481,-54,-53,0
1741509003.625481,-29,22,-94
1741509003.670481,-19,-37,-120
1741509003.716481,-9,46,-138
1741509003.762481,14,-39,-100
1741509003.8074808,-32,12,-132
1741509003.8534808,85,-29,-102
1741509003.8994808,-40,30,-64
1741509003.9454808,-35,4,-74
1741509003.990481,-41,-31,-143
1741509004.036481,21,-7,20
1741509004.082481,6,51,-25
1741509004.127481,-33,3,-77
1741509004.173481,14,66,-37
1741509004.219481,6,46,-120
1741509004.265481,25,48,-64
1741509004.3104808,5,6,-98
1741509004.3564808,-29,-69,-134
1741509004.4024808,-52,-21,-56
1741509004.447481,-21,-64,-22
1741509004.493481,11,-103,-114
1741509004.539481,-75,-42,-38
1741509004.585481,57,-25,-203
1741509004.630481,11,74,-104
1741509004.676481,102,-54,-82
1741509004.722481,46,61,-11
1741509004.7674809,-3,3,17
1741509004.8134809,46,56,-98
1741509004.8594809,-35,61,-104
1741509004.9054809,17,-37,-156
1741509004.950481,-58,-23,-96
1741509004.996481,52,-24,-8
1741509005.042481,-37,-56,-40
1741509005.087481,-98,-29,-4
1741509005.133481,1,-3,-144
1741509005.179481,29,-8,-46
1741509005.225481,-19,-10,-146
1741509005.2704809,30,-32,23
1741509005.3164809,14,39,-9
1741509005.3624809,21,-16,-127
1741509005.407481,66,61,-158
1741509005.453481,-7,35,-60
1741509005.499481,-7,-2,-102
1741509005.545481,-43,-56,-153
1741509005.5904808,-79,-38,-7
1741509005.6364808,-59,63,-11
1741509005.6824808,16,-65,-29
1741509005.727481,56,-25,-123
1741509005.773481,4,8,-127
1741509005.819481,18,24,42
1741509005.865481,-6,10,-87
1741509005.910481,10,-49,-21
1741509005.956481,20,-1,-117
1741509006.002481,26,-3,-89
1741509006.0474808,-15,-21,-107
1741509006.0934808,25,-3,-37
1741509006.1394808,-41,-39,-89
1741509006.1854808,14,9,-51
1741509006.230481,2,-94,-203
1741509006.276481,-101,-42,-79
1741509006.322481,4,3,-111
1741509006.367481,24,7,-43
1741509006.413481,100,-47,46
1741509006.459481,22,-29,-59
1741509006.505481,-97,-97,-199
1741509006.5504808,-51,70,-117
1741509006.5964808,33,3,-27
1741509006.6424809,87,-48,-105
1741509006.687481,-23,25,24
1741509006.733481,30,-61,-81
1741509006.779481,-10,-43,6
1741509006.824481,52,40,-25
1741509006.870481,41,-1,-14
1741509006.916481,9,26,-74
1741509006.962481,-11,17,-94
1741509007.0074809,-11,25,-94
1741509007.0534809,-73,68,-42
1741509007.0994809,-15,-2,-106
1741509007.144481,90,1,-54
1741509007.190481,56,37,-28
1741509007.236481,-62,39,-121
1741509007.282481,2,-12,-15
1741509007.327481,-91,-20,-129
1741509007.373481,-37,12,-73
1741509007.4194808,46,2,-116
1741509007.4644809,-96,-7,-90
1741509007.5104809,-54,-7,-128
1741509007.556481,-67,-76,-50
1741509007.602481,-29,79,-43
1741509007.647481,31,-83,33
1741509007.693481,-18,-21,-194
1741509007.739481,-2,-15,-85
1741509007.7844808,-95,0,-121
1741509007.8304808,1,3,-117
1741509007.8764808,-57,-13,-73
1741509007.9224808,-25,10,-73
1741509007.967481,-72,48,-177
1741509008.013481,-25,35,-7
1741509008.059481,12,-74,-93
1741509008.104481,19,28,-5
1741509008.150481,8,25,-104
1741509008.196481,-13,-8,-140
1741509008.242481,-70,-15,1
1741509008.2874808,-24,16,-110
1741509008.3334808,12,-71,-202
1741509008.3794808,-8,59,-72
1741509008.424481,-24,-24,-164
1741509008.470481,15,25,-58
1741509008.516481,19,-2,-98
1741509008.562481,65,3,-101
1741509008.607481,119,17,-132
1741509008.653481,-52,25,31
1741509008.699481,-35,-12,25
1741509008.7444808,-71,-9,-152
1741509008.7904809,0,0,-58
1741509008.8364809,-35,-11,-58
1741509008.8824809,73,59,-8
1741509008.927481,-57,-18,-68
1741509008.973481,-1,-50,37
1741509009.019481,28,35,-118
1741509009.064481,8,-84,15
1741509009.110481,44,-54,-30
1741509009.156481,-23,-20,-94
1741509009.202481,-10,-18,-120
1741509009.2474809,-10,-17,-24
1741509009.2934809,11,-19,-82
1741509009.3394809,15,-7,-72
1741509009.384481,-21,30,-34
1741509009.430481,8,-17,-114
1741509009.476481,-42,-66,-10
1741509009.522481,75,-68,-30
1741509009.5674808,-8,-16,-82
1741509009.6134808,19,-32,45
1741509009.6594808,-2,-108,-170
1741509009.704481,13,-40,31
1741509009.750481,19,17,-37
1741509009.796481,-13,-53,12
1741509009.842481,0,-93,-179
1741509009.887481,2,-27,-73
1741509009.933481,68,20,-97
1741509009.979481,-57,-33,-43
1741509010.0244808,-32,-71,-57
1741509010.0704808,-10,-13,-97
1741509010.1164808,-59,-67,-29
1741509010.1624808,-37,18,-49
1741509010.207481,15,-50,-1
1741509010.253481,-58,43,-119
1741509010.299481,-43,-13,-111
1741509010.344481,-3,-17,-77
1741509010.390481,-53,24,-87
1741509010.436481,-24,5,-51
1741509010.482481,1,-76,-49
1741509010.5274808,20,-103,36
1741509010.5734808,24,-9,-163
1741509010.6194808,52,-27,-87
1741509010.664481,-43,-27,-137
1741509010.710481,-3,-31,-88
1741509010.756481,-37,-35,-14
1741509010.802481,4,-43,-174
1741509010.847481,44,26,-60
1741509010.893481,-3,-13,-98
1741509010.939481,-45,-77,-130
1741509010.9844809,30,16,31
1741509011.0304809,-33,70,-62
1741509011.0764809,-3,-90,-30
1741509011.1224809,-71,27,-148
1741509011.167481,-1,26,-66
1741509011.213481,47,77,33
1741509011.259481,42,78,-57
1741509011.304481,44,-25,-143
1741509011.350481,42,88,-161
1741509011.396481,18,27,-207
1741509011.4424808,0,-58,-124
1741509011.4874809,113,66,-15
1741509011.533481,66,-10,-62
1741509011.579481,-30,10,-52
1741509011.624481,-30,-5,-132
1741509011.670481,9,10,-110
1741509011.716481,9,4,-224
1741509011.762481,-19,16,-42
1741509011.8074808,-27,0,-150
1741509011.8534808,-39,16,-22
1741509011.8994808,16,-99,-91
1741509011.944481,46,6,-102
1741509011.990481,44,36,-184
1741509012.036481,16,-15,55
1741509012.082481,3,-26,-131
1741509012.127481,14,-37,60
1741509012.173481,-4,0,-163
1741509012.219481,-38,-40,-81
1741509012.2644808,-20,60,-73
1741509012.3104808,28,-31,-31
1741509012.3564808,54,-7,-156
1741509012.4024808,5,108,-161
1741509012.447481,-20,-23,-61
1741509012.493481,-26,-35,-61
1741509012.539481,-20,-47,-3
1741509012.584481,7,-33,-199
1741509012.630481,-76,-11,-33
1741509012.676481,29,86,-97
1741509012.722481,0,34,-47
1741509012.7674809,17,-1,-289
1741509012.8134809,68,-57,-43
1741509012.8594809,-19,34,-7
1741509012.904481,15,-35,-87
1741509012.950481,33,16,-127
1741509012.996481,41,-27,-181
1741509013.0474808,-67,73,-81
1741509013.0934808,61,-66,-27
1741509013.1394808,19,-17,-2
1741509013.184481,-17,20,-90
1741509013.230481,-16,-65,-126
1741509013.276481,26,-1,-124
1741509013.322481,-135,-1,-148
1741509013.367481,57,41,-46
1741509013.413481,57,-36,-84
1741509013.459481,9,57,-120
1741509013.5044808,1,31,-16
1741509013.5504808,78,-33,-122
1741509013.5964808,-7,-33,-48
1741509013.641481,0,8,19
1741509013.687481,62,-5,-122
1741509013.733481,-47,-69,7
1741509013.779481,58,-45,-170
1741509013.824481,-16,82,-38
1741509013.870481,-12,-62,-60
1741509013.916481,49,7,-138
1741509013.9614809,-5,-5,31
1741509014.0074809,32,16,-128
1741509014.0534809,-17,46,-145
1741509014.0994809,24,-38,-142
1741509014.144481,28,73,-117
1741509014.190481,28,7,-51
1741509014.236481,17,1,-81
1741509014.281481,-6,-36,-49
1741509014.327481,-34,-72,-109
1741509014.373481,-40,15,-115
1741509014.4194808,-114,18,-13
1741509014.4644809,48,-16,-113
1741509014.5104809,12,99,-186
1741509014.556481,-33,-10,-22
1741509014.601481,92,-14,-94
1741509014.647481,35,49,-224
1741509014.693481,35,-80,-53
1741509014.739481,33,73,-49
1741509014.7844808,58,29,-245
1741509014.8304808,24,54,-11
1741509014.8764808,54,-39,-39
1741509014.921481,-59,22,-83
1741509014.967481,43,26,-145
1741509015.013481,13,-13,-87
1741509015.059481,-18,86,-45
1741509015.104481,15,-36,-131
1741509015.150481,8,40,6
1741509015.196481,113,-32,-189
1741509015.2414808,13,-28,-61
1741509015.2874808,57,-66,-87
1741509015.3334808,7,43,-71
1741509015.3794808,-20,17,-17
1741509015.424481,-125,61,-83
1741509015.470481,64,-52,-23
1741509015.516481,-70,29,-185
1741509015.561481,84,23,-125
1741509015.607481,-79,-38,-101
1741509015.653481,-5,-71,-75
1741509015.699481,76,68,-91
1741509015.7444808,-75,10,26
1741509015.7904809,42,-89,-143
1741509015.8364809,-21,-60,-73
1741509015.881481,-41,53,10
1741509015.927481,-19,19,-163
1741509015.973481,-3,45,-197
1741509016.019481,21,-27,-103
1741509016.064481,6,-42,-15
1741509016.110481,25,-2,-65
1741509016.156481,8,-98,-31
1741509016.2014809,74,51,-109
1741509016.2474809,-4,-24,-55
1741509016.2934809,-73,16,82
1741509016.3394809,4,4,18
1741509016.384481,-8,3,-241
1741509016.430481,-82,2,-23
1741509016.476481,95,20,-143
1741509016.521481,13,0,-135
1741509016.5674808,-14,53,-107
1741509016.6134808,-8,50,-131
1741509016.6594808,97,30,-31
1741509016.704481,-20,2,5
1741509016.750481,-54,-33,-118
1741509016.796481,-36,21,-72
1741509016.841481,25,35,-234
1741509016.887481,-110,-4,-194
1741509016.933481,43,35,-110
1741509016.979481,-40,37,-22
1741509017.0244808,7,37,-142
1741509017.0704808,-62,-8,42
1741509017.1164808,-122,-60,-89
1741509017.161481,78,79,-147
1741509017.207481,49,-8,-63
1741509017.253481,-42,-44,-117
1741509017.299481,71,35,-139
1741509017.344481,-48,-39,10
1741509017.390481,41,30,-99
1741509017.436481,61,-52,-147
1741509017.4814808,38,-24,-93
1741509017.5274808,91,0,-29
1741509017.5734808,-37,63,-209
1741509017.6194808,-87,-14,-111
1741509017.664481,8,-15,-53
1741509017.710481,2,-21,-37
1741509017.756481,-11,6,-87
1741509017.801481,77,-8,50
1741509017.847481,-17,-7,-73
1741509017.893481,17,30,-125
1741509017.939481,-48,-3,-161
1741509017.9844809,5,-33,-117
1741509018.0304809,27,44,-39
1741509018.0764809,-14,-5,-19
1741509018.121481,-13,-8,14
1741509018.167481,-93,-26,-199
1741509018.213481,-23,-40,-21
1741509018.259481,78,11,-81
1741509018.304481,52,47,-103
1741509018.350481,17,24,-63
1741509018.396481,35,56,-161
1741509018.4414809,68,-38,-131
1741509018.4874809,0,50,-173
1741509018.533481,24,-57,-58
1741509018.579481,0,-1,-14
1741509018.624481,0,36,8
1741509018.670481,-60,-37,1
1741509018.716481,-86,2,-100
1741509018.7614808,39,-37,-126
1741509018.8074808,33,-24,-124
1741509018.8534808,-17,-28,27
1741509018.8994808,-77,20,-94
1741509018.944481,14,-7,-50
1741509018.990481,24,-29,-118
1741509019.036481,-30,-9,-140
1741509019.081481,4,0,-108
1741509019.127481,8,39,-178
1741509019.173481,-15,-74,-2
1741509019.219481,-9,-6,-136
1741509019.2644808,10,17,-68
1741509019.3104808,-61,-43,-18
1741509019.3564808,9,-53,-36
1741509019.401481,-20,-33,30
1741509019.447481,81,-51,-76
1741509019.493481,19,-17,-265
1741509019.539481,-72,-29,-3
1741509019.584481,-73,4,-11
1741509019.630481,-14,5,-95
1741509019.676481,-18,-42,34
1741509019.7214808,3,0,-123
1741509019.7674809,-80,-26,-19
1741509019.8134809,46,40,-41
1741509019.8594809,-53,62,-147
1741509019.904481,21,8,-103
1741509019.950481,46,36,-116
1741509019.996481,6,-101,-14
1741509020.041481,-39,-45,-82
1741509020.087481,-11,0,-190
1741509020.133481,6,13,-54
1741509020.179481,-54,16,-164
1741509020.2244809,-21,4,-76
1741509020.2704809,-28,-49,-108
1741509020.3164809,23,18,35
1741509020.361481,-47,6,9
1741509020.407481,-11,48,-24
1741509020.453481,90,-9,-60
1741509020.498481,-16,-17,-206
1741509020.5444808,3,10,-30
1741509020.5904808,-80,18,-84
1741509020.6364808,23,14,-84
1741509020.681481,67,-15,-44
1741509020.727481,-41,95,-72
1741509020.773481,-3,14,-132
1741509020.818481,3,-13,-96
1741509020.864481,-28,2,-8
1741509020.910481,-25,-48,21
1741509020.956481,-29,9,-126
1741509021.0014808,54,-18,-214
1741509021.0474808,44,13,-152
1741509021.0934808,43,-16,21
1741509021.138481,-45,21,9
1741509021.184481,-17,-44,-47
1741509021.230481,17,30,-39
1741509021.276481,-80,-23,-107
1741509021.321481,-70,-13,-143
1741509021.367481,43,30,36
1741509021.413481,-96,-45,-67
1741509021.4584808,-19,-73,-111
1741509021.5044808,62,8,-27
1741509021.5504808,-26,6,72
1741509021.5964808,3,4,4
1741509021.640481,26,-15,-203
1741509021.686481,58,-69,-115
1741509021.732481,-63,0,-67
1741509021.7774808,-11,-14,-189
1741509021.8234808,66,-35,-75
1741509021.8694808,-22,-1,-81
1741509021.914481,-46,-43,-71
1741509021.960481,-45,-49,-73
1741509022.006481,-2,-1,-93
1741509022.052481,-6,1,-13
1741509022.097481,-78,-74,-73
1741509022.143481,-28,3,-141
1741509022.189481,3,-44,44
1741509022.2344809,11,29,-63
1741509022.2804809,-19,48,-109
1741509022.3264809,93,32,-145
1741509022.3724809,-11,20,-69
1741509022.417481,-58,-3,-143
1741509022.463481,-67,-34,-201
1741509022.509481,12,-78,-147
1741509022.554481,30,67,-117
1741509022.600481,-50,7,-39
1741509022.646481,-4,25,-165
1741509022.6924808,-22,-26,-155
1741509022.7374809,1,-3,-153
1741509022.783481,29,-3,22
1741509022.829481,11,-42,-93
1741509022.874481,21,-42,-185
1741509022.920481,-14,21,-229
1741509022.966481,-46,-46,-57
1741509023.012481,-24,-54,-125
1741509023.0634809,1,25,-63
1741509023.1094809,49,-10,-21
1741509023.154481,-34,-46,-97
1741509023.200481,49,-3,14
1741509023.246481,-44,-27,-87
1741509023.292481,-16,-41,-115
1741509023.337481,-4,49,-67
1741509023.383481,38,-89,-59
1741509023.429481,-5,30,-97
1741509023.4744809,8,54,-31
1741509023.5204809,-9,6,-75
1741509023.5664809,12,44,-121
1741509023.6124809,39,32,-111
1741509023.657481,-40,-69,-29
1741509023.703481,25,-52,12
1741509023.749481,-42,-2,-87
1741509023.7944808,-12,45,-99
1741509023.8404808,-8,19,-5
1741509023.8864808,1,-82,-159
1741509023.9324808,55,-10,-117
1741509023.977481,-40,9,-109
1741509024.023481,70,45,6
1741509024.069481,2,15,-47
1741509024.114481,67,-32,-39
1741509024.160481,81,33,-171
1741509024.206481,15,50,-53
1741509024.252481,0,12,-53
1741509024.2974808,51,45,-191
1741509024.3434808,31,4,-80
1741509024.3894808,-20,7,-188
1741509024.434481,27,11,-104
1741509024.480481,-40,-27,-122
1741509024.526481,17,51,-80
1741509024.572481,-13,7,-120
1741509024.617481,-49,1,-86
1741509024.663481,6,-17,-120
1741509024.709481,-5,10,-14
1741509024.7544808,-22,-53,-114
1741509024.8004808,-8,42,-108
1741509024.8464808,-15,71,-144
1741509024.8924809,-33,31,-70
1741509024.937481,19,-22,-28
1741509024.983481,-34,-2,-106
1741509025.029481,53,33,-106
1741509025.074481,-60,27,105
1741509025.120481,-20,-14,-66
1741509025.166481,89,-28,-58
1741509025.212481,9,-10,-180
1741509025.2574809,-37,8,-192
1741509025.3034809,22,74,-66
1741509025.3494809,-12,17,-94
1741509025.394481,-64,59,-84
1741509025.440481,-23,-1,57
1741509025.486481,-1,-95,-212
1741509025.532481,-7,-9,-94
1741509025.577481,76,-7,-250
1741509025.623481,52,-5,59
1741509025.6694808,-25,12,-124
1741509025.7144809,-15,64,-20
1741509025.7604809,54,2,-52
1741509025.806481,-13,70,-76
1741509025.852481,-15,-35,-34
1741509025.897481,58,-35,-70
1741509025.943481,2,-61,-32
1741509025.989481,19,65,-156
1741509026.0344808,-80,-16,-44
1741509026.0804808,9,23,-106
1741509026.1264808,0,-40,-124
1741509026.1724808,-4,15,-236
1741509026.217481,100,-31,-88
1741509026.263481,27,63,-120
1741509026.309481,-78,55,-4
1741509026.354481,-43,-37,-36
1741509026.400481,92,14,-70
1741509026.447481,67,23,-150
1741509026.493481,71,43,-14
1741509026.538481,-79,-25,25
1741509026.584481,-29,48,-218
1741509026.630481,46,-3,-30
1741509026.676481,38,48,-62
1741509026.7214808,7,32,27
1741509026.7674809,13,19,-154
1741509026.8134809,27,-32,-54
1741509026.858481,-56,-50,-132
1741509026.904481,-22,9,-38
1741509026.950481,-12,-30,-54
1741509026.996481,-84,47,-96
1741509027.041481,-46,3,-92
1741509027.087481,-30,77,-138
1741509027.133481,23,-18,-110
1741509027.1784809,-42,7,-64
1741509027.2244809,37,-75,-160
1741509027.2704809,-92,11,-54
1741509027.3164809,16,-31,-56
1741509027.361481,20,-9,-66
1741509027.407481,7,-48,-100
1741509027.453481,47,-44,-180
1741509027.498481,55,51,-140
1741509027.5444808,33,-68,-104
1741509027.5904808,-30,29,-86
1741509027.6354809,3,-14,-44
1741509027.681481,-18,-18,-22
1741509027.727481,11,28,-88
1741509027.773481,-42,-30,-42
1741509027.818481,17,-20,9
1741509027.864481,19,-22,-170
1741509027.910481,-10,45,-76
1741509027.9554808,93,9,-80
1741509028.0014808,-70,-21,-94
1741509028.0474808,39,-25,70
1741509028.0934808,15,6,-105
1741509028.138481,-46,-2,-149
1741509028.184481,-16,-14,6
1741509028.230481,-4,-1,16
1741509028.275481,-12,44,-107
1741509028.321481,-46,-25,-94
1741509028.367481,-40,58,-42
1741509028.413481,-32,-37,-257
1741509028.4584808,-22,31,-17
1741509028.5044808,-28,9,30
1741509028.5504808,55,18,-29
1741509028.595481,65,-33,-225
1741509028.641481,53,-12,-113
1741509028.687481,-24,67,-7
1741509028.733481,-70,5,66
1741509028.778481,33,33,-88
1741509028.824481,-18,57,-4
1741509028.870481,35,-80,-82
1741509028.9154809,3,-22,-178
1741509028.9614809,47,-2,-108
1741509029.0074809,1,-22,-64
1741509029.0534809,14,4,-52
1741509029.098481,23,-4,-150
1741509029.144481,7,-16,-90
1741509029.190481,47,13,-130
1741509029.235481,-57,56,-209
1741509029.281481,-28,28,-17
1741509029.327481,65,-25,-57
1741509029.373481,33,-11,-75
1741509029.4184809,13,-87,-141
1741509029.4644809,21,11,-155
1741509029.5104809,19,73,-93
1741509029.555481,-8,-38,-95
1741509029.601481,57,43,-113
1741509029.647481,36,-4,-10
1741509029.693481,10,-38,-105
1741509029.7384808,21,-29,-19
1741509029.7844808,17,48,-119
1741509029.8304808,0,-7,-49
1741509029.875481,40,-25,-123
1741509029.921481,-18,3,-229
1741509029.967481,47,-12,-133
1741509030.013481,45,41,-89
1741509030.058481,37,25,19
1741509030.104481,41,30,-72
1741509030.150481,-1,49,-46
1741509030.1954808,4,46,87
1741509030.2414808,-51,-9,-67
1741509030.2874808,71,8,-1
1741509030.3334808,-53,-15,-67
1741509030.378481,54,28,40
1741509030.424481,-45,-11,-51
1741509030.470481,52,8,-155
1741509030.515481,-75,-25,-71
1741509030.561481,-14,-5,-117
1741509030.607481,51,-5,-197
1741509030.653481,-30,80,-81
1741509030.6984808,23,74,-73
1741509030.7444808,90,9,-107
1741509030.7904809,-40,-48,-37
1741509030.835481,-42,-4,-74
1741509030.881481,15,-15,-8
1741509030.927481,-16,16,-102
1741509030.973481,-10,6,-142
1741509031.018481,-68,40,-76
1741509031.064481,-10,-10,-35
1741509031.110481,47,-34,-122
1741509031.1554809,-2,9,-56
1741509031.2014809,-27,10,13
1741509031.2474809,-69,33,-66
1741509031.2934809,50,-17,-46
1741509031.338481,60,-21,-94
1741509031.384481,-13,-14,-114
1741509031.430481,-55,-5,20
1741509031.475481,-13,-91,-53
1741509031.521481,7,-46,-188
1741509031.5674808,-55,20,-94
1741509031.6134808,170,23,-73
1741509031.658481,14,14,-80
1741509031.704481,-1,38,-30
1741509031.750481,-2,3,-56
1741509031.795481,-56,7,-34
1741509031.841481,-4,45,-78
1741509031.887481,57,-8,-211
1741509031.933481,29,-38,-75
1741509031.9784808,39,18,-21
1741509032.0244808,-6,-79,10
1741509032.0704808,-169,-61,-165
1741509032.115481,10,22,-174
1741509032.161481,33,-63,-138
1741509032.207481,61,4,-128
1741509032.253481,-62,-42,-148
1741509032.298481,51,-32,-88
1741509032.344481,4,-73,-162
1741509032.390481,-41,-31,-108
1741509032.4354808,30,-1,37
1741509032.4814808,-31,-75,-58
1741509032.5274808,73,4,-30
1741509032.5734808,-90,0,41
1741509032.618481,54,18,-156
1741509032.664481,6,-17,-208
1741509032.710481,20,2,-75
1741509032.755481,0,-7,-26
1741509032.801481,0,-9,-160
1741509032.847481,2,-5,17
1741509032.893481,-13,10,-60
1741509032.9384809,8,-3,-252
1741509032.9844809,-11,-43,-151
1741509033.035481,-20,40,-15
1741509033.081481,68,24,-97
1741509033.127481,20,38,-97
1741509033.173481,-16,95,-87
1741509033.2184808,0,-2,14
1741509033.2644808,87,17,-125
1741509033.3104808,27,-20,-33
1741509033.355481,-26,-60,-87
1741509033.401481,21,-30,-37
1741509033.447481,5,-46,-82
1741509033.493481,-48,-38,23
1741509033.538481,-79,-45,-82
1741509033.584481,22,-41,-117
1741509033.630481,19,-11,-57
1741509033.6754808,27,38,-87
1741509033.7214808,33,-107,-79
1741509033.7674809,-34,68,-63
1741509033.8134809,-56,-7,-135
1741509033.858481,-4,1,-85
1741509033.904481,-34,43,-201
1741509033.950481,-34,5,70
1741509033.995481,15,11,63
1741509034.041481,-4,-2,-26
1741509034.087481,-44,93,-101
1741509034.133481,51,7,-99
1741509034.1784809,-8,6,-42
1741509034.2244809,39,-11,-58
1741509034.2704809,34,92,-29
1741509034.315481,-79,-70,-77
1741509034.361481,56,37,-143
1741509034.407481,-1,-34,-25
1741509034.452481,45,-22,-211
1741509034.498481,-65,19,-117
1741509034.5444808,-113,-62,-75
1741509034.5904808,11,0,-49
1741509034.6354809,0,-22,-105
1741509034.681481,3,-73,98
1741509034.727481,-47,21,-117
1741509034.772481,10,39,-127
1741509034.818481,6,-20,-107
1741509034.864481,-91,29,-105
1741509034.910481,-71,31,-211
1741509034.9554808,-41,-28,-71
1741509035.0014808,62,-64,-157
1741509035.0474808,54,-24,69
1741509035.092481,33,84,-94
1741509035.138481,-4,0,27
1741509035.184481,-53,-36,-38
1741509035.230481,33,-19,21
1741509035.275481,59,4,0
1741509035.321481,33,-15,-82
1741509035.367481,-38,-45,-146
1741509035.4124808,-58,-17,-102
1741509035.4584808,51,-13,-64
1741509035.5044808,22,-17,-188
1741509035.5504808,20,-7,-82
1741509035.595481,0,-44,1
1741509035.641481,-9,65,-50
1741509035.687481,-32,-21,-150
1741509035.732481,-118,42,-82
1741509035.778481,27,54,-175
1741509035.824481,-28,-23,-49
1741509035.870481,-12,62,52
1741509035.9154809,6,10,-59
1741509035.9614809,59,2,-39
1741509036.0074809,-38,-27,-55
1741509036.052481,56,4,-57
1741509036.098481,-34,72,-23
1741509036.144481,1,-65,-53
1741509036.190481,2,8,-111
1741509036.235481,28,-40,-51
1741509036.281481,13,11,-21
1741509036.327481,-121,-2,-81
1741509036.3724809,64,19,-57
1741509036.4184809,-164,4,-65
1741509036.4644809,50,-26,-13
1741509036.5104809,49,29,-139
1741509036.555481,37,-43,-67
1741509036.601481,59,-15,-55
1741509036.647481,-46,-105,-83
1741509036.6924808,-46,30,-97
1741509036.7384808,47,-15,-157
1741509036.7844808,-20,-2,-67
1741509036.8304808,3,27,-227
1741509036.875481,75,-76,-65
1741509036.921481,17,-14,-7
1741509036.967481,-82,5,-114
1741509037.012481,17,-20,-92
1741509037.058481,-20,57,-52
1741509037.104481,11,45,-18
1741509037.150481,21,11,-36
1741509037.1954808,32,94,-10
1741509037.2414808,114,-29,-94
1741509037.2874808,-4,-31,-54
1741509037.332481,59,43,-204
1741509037.378481,-37,-40,7
1741509037.424481,89,5,-52
1741509037.470481,54,-17,-40
1741509037.515481,14,-20,-156
1741509037.561481,84,-16,-82
1741509037.607481,76,0,-136
1741509037.6524808,-23,-4,-58
1741509037.6984808,0,-6,-38
1741509037.7444808,-16,-9,-104
1741509037.7904809,-12,-27,-30
1741509037.835481,7,-39,45
1741509037.881481,19,-19,-130
1741509037.927481,22,-2,-34
1741509037.972481,1,0,-95
1741509038.018481,-58,30,-11
1741509038.064481,3,6,-186
1741509038.110481,-38,-11,-36
1741509038.1554809,31,-51,-2
1741509038.2014809,-48,8,7
1741509038.2474809,-26,8,-136
1741509038.292481,-26,20,95
1741509038.338481,15,0,-108
1741509038.384481,-46,-31,-56
1741509038.430481,34,11,-40
1741509038.475481,-80,14,55
1741509038.521481,-11,27,-99
1741509038.5674808,-11,32,6
1741509038.6124809,-5,70,-25
1741509038.658481,-14,0,-75
1741509038.704481,6,-56,-95
1741509038.750481,-9,25,-151
1741509038.795481,-13,41,-159
1741509038.841481,-20,-25,29
1741509038.887481,53,-23,-44
1741509038.9324808,-53,39,-48
1741509038.9784808,-1,9,-104
1741509039.0244808,10,55,-152
1741509039.0704808,-7,-6,77
1741509039.115481,36,0,-60
1741509039.161481,7,-19,5
1741509039.207481,-16,28,-42
1741509039.252481,-40,-15,28
1741509039.298481,31,42,-49
1741509039.344481,-80,56,-43
1741509039.390481,128,-32,35
1741509039.4354808,18,-24,-126
1741509039.4814808,85,4,-46
1741509039.5274808,17,-85,-18
1741509039.572481,-69,21,-120
1741509039.618481,-29,3,-154
1741509039.664481,85,48,-174
1741509039.710481,1,38,-107
1741509039.755481,55,-49,-95
1741509039.801481,-32,-19,-93
1741509039.847481,-47,-12,-147
1741509039.8924809,-57,-2,-117
1741509039.9384809,104,19,82
1741509039.9844809,1,-9,-109
1741509040.0304809,-60,2,2
1741509040.075481,39,6,-133
1741509040.121481,-2,-13,-143
1741509040.167481,16,51,-3
1741509040.212481,48,-4,-59
1741509040.258481,-11,-86,30
1741509040.304481,58,-64,-103
1741509040.350481,-69,9,-197
1741509040.3954809,14,-46,-95
1741509040.4414809,-16,-9,-67
1741509040.4874809,-1,42,-9
1741509040.532481,-49,12,-177
1741509040.578481,-37,10,-94
1741509040.624481,11,32,-88
1741509040.670481,26,4,-156
1741509040.7154808,-1,-51,-108
1741509040.7614808,26,-47,-67
1741509040.8074808,82,-27,-8
1741509040.852481,42,66,-53
1741509040.898481,129,-32,-51
1741509040.944481,-12,23,-111
1741509040.990481,-14,-61,-139
1741509041.035481,-4,-17,-28
1741509041.081481,-42,-19,-174
1741509041.127481,19,0,-166
1741509041.1724808,-30,60,-88
1741509041.2184808,-84,-65,-76
1741509041.2644808,-29,10,-140
1741509041.309481,118,-37,-68
1741509041.355481,110,11,-128
1741509041.401481,-38,12,-38
1741509041.447481,-8,13,-106
1741509041.492481,25,-22,-38
1741509041.538481,-30,22,-58
1741509041.584481,-38,2,-18
1741509041.6294808,53,5,-152
1741509041.6754808,35,-8,-58
1741509041.7214808,-20,0,-20
1741509041.7674809,71,-19,-30
1741509041.812481,7,-32,-96
1741509041.858481,-62,32,-56
1741509041.904481,9,-50,-86
1741509041.949481,45,-17,-40
1741509041.995481,30,-15,-104
1741509042.041481,46,100,11
1741509042.087481,32,-57,-22
1741509042.1324809,-67,6,-154
1741509042.1784809,-19,-35,1
1741509042.2244809,-48,-74,-50
1741509042.269481,-84,45,-138
1741509042.315481,79,7,-108
1741509042.361481,53,9,-212
1741509042.407481,9,-18,-36
1741509042.452481,27,-56,-52
1741509042.498481,-10,-3,27
1741509042.5444808,39,-32,-8
1741509042.5894809,-44,-4,-234
1741509042.6354809,-22,-6,-152
1741509042.681481,69,-2,-140
1741509042.727481,-6,-20,-38
1741509042.772481,-4,20,-114
1741509042.818481,119,30,-186
1741509042.864481,5,-26,-150
1741509042.9094808,1,-7,-106
1741509042.9554808,-6,-12,-120
1741509043.0014808,-22,6,-80
1741509043.052481,30,16,21
1741509043.098481,-49,46,-174
1741509043.144481,-19,2,-52
1741509043.189481,-43,-33,-72
1741509043.235481,-7,86,-34
1741509043.281481,-3,-11,-80
1741509043.327481,-27,16,-50
1741509043.3724809,-10,-36,-94
1741509043.4184809,35,41,-6
1741509043.4654808,-23,-29,-18
1741509043.5114808,-44,-52,-10
1741509043.556481,-26,-12,-64
1741509043.602481,16,12,-154
1741509043.648481,39,59,-56
1741509043.693481,10,-33,-74
1741509043.739481,24,6,-20
1741509043.785481,-32,-32,-82
1741509043.831481,-50,-12,-1
1741509043.8764808,-27,-61,-225
1741509043.9224808,74,10,46
1741509043.9684808,50,-45,-23
1741509044.013481,32,-49,14
1741509044.059481,32,34,-43
1741509044.105481,12,128,-109
1741509044.151481,-38,46,-161
1741509044.196481,35,-18,-101
1741509044.242481,15,-49,-27
1741509044.288481,-2,-19,-143
1741509044.3334808,-30,-77,-93
1741509044.3794808,-32,-43,-39
1741509044.4254808,-95,48,-93
1741509044.4714808,1,-57,-59
1741509044.516481,-42,32,-21
1741509044.562481,80,-5,52
1741509044.608481,35,52,-45
1741509044.653481,7,-63,24
1741509044.699481,-20,-45,-85
1741509044.745481,-85,22,-105
1741509044.791481,5,12,-49
1741509044.8364809,-48,-25,54
1741509044.8824809,70,60,-63
1741509044.9284809,-73,-11,-25
1741509044.973481,-39,62,-45
1741509045.019481,-1,50,-109
1741509045.065481,-3,108,-69
1741509045.111481,40,36,-189
1741509045.156481,-19,-43,-129
1741509045.202481,-93,14,-131
1741509045.248481,-17,-5,-105
1741509045.2934809,124,26,12
1741509045.3394809,-101,-55,-123
1741509045.3854809,28,-41,26
1741509045.431481,-11,-31,-165
1741509045.476481,3,-9,-17
1741509045.522481,25,-11,-61
1741509045.568481,-60,-9,-55
1741509045.6134808,72,0,-141
1741509045.6594808,-3,132,87
1741509045.7054808,-5,18,-37
1741509045.7514808,49,-38,-90
1741509045.796481,-40,3,-154
1741509045.842481,0,55,-70
1741509045.888481,13,-16,-112
1741509045.933481,51,1,-130
1741509045.979481,-71,-19,-78
1741509046.025481,29,39,-116
1741509046.071481,51,-48,-24
1741509046.1164808,113,-6,-198
1741509046.1624808,1,-84,-91
1741509046.2084808,-117,30,-121
1741509046.253481,-107,-15,-211
1741509046.299481,63,37,-139
1741509046.345481,-17,-15,-99
1741509046.391481,-40,23,-127
1741509046.436481,-44,45,-149
1741509046.482481,101,-76,-47
1741509046.528481,55,39,-103
1741509046.5734808,-16,33,-153
1741509046.6194808,45,9,-163
1741509046.6654809,-1,15,-77
1741509046.7114809,22,1,-141
1741509046.756481,-37,31,-191
1741509046.802481,-114,-18,-105
1741509046.848481,-8,29,-82
1741509046.893481,-19,-62,-114
1741509046.939481,-44,-20,-22
1741509046.985481,-41,-26,-88
1741509047.031481,53,-30,-132
1741509047.0764809,-6,-54,-98
1741509047.1224809,-44,-14,-180
1741509047.1684809,-42,21,-18
1741509047.213481,43,18,-96
1741509047.259481,-52,54,-62
1741509047.305481,29,-21,-50
1741509047.351481,29,-24,-56
1741509047.396481,9,-30,-68
1741509047.4424808,-16,44,-26
1741509047.4884808,2,-25,9
1741509047.533481,46,34,-66
1741509047.579481,46,11,24
1741509047.625481,8,-27,18
1741509047.671481,-37,17,-35
1741509047.716481,-6,-47,-71
1741509047.762481,14,42,40
1741509047.808481,12,44,-33
1741509047.8534808,-1,-5,-61
1741509047.8994808,-13,3,-147
1741509047.9454808,-57,-74,-24
1741509047.990481,-1,25,-22
1741509048.036481,-26,26,-23
1741509048.082481,39,-105,-61
1741509048.128481,-78,-42,-61
1741509048.173481,-58,-10,84
1741509048.219481,-20,54,-175
1741509048.265481,-12,-17,-87
1741509048.3104808,31,8,-51
1741509048.3564808,19,19,-113
1741509048.4024808,-14,-16,-88
1741509048.4484808,3,43,-92
1741509048.493481,0,-2,-56
1741509048.539481,-113,-6,19
1741509048.585481,-105,-2,-98
1741509048.630481,-23,33,-26
1741509048.676481,25,23,-190
1741509048.722481,-5,-3,-150
1741509048.768481,-29,34,-122
1741509048.8134809,-48,33,-122
1741509048.8594809,45,3,-108
1741509048.9054809,36,-39,-88
1741509048.950481,94,-47,-72
1741509048.996481,-7,62,1
1741509049.042481,-25,42,0
1741509049.088481,116,-27,-116
1741509049.133481,29,69,-66
1741509049.179481,81,21,-82
1741509049.225481,17,51,-114
1741509049.2704809,59,10,37
1741509049.3164809,-50,48,-26
1741509049.3624809,25,-6,-30
1741509049.408481,71,27,-94
1741509049.453481,61,-80,36
1741509049.499481,9,0,-95
1741509049.545481,-46,-54,-217
1741509049.5904808,97,-38,-13
1741509049.6364808,79,-32,-99
1741509049.6824808,-10,42,-97
1741509049.7284808,25,-16,-37
1741509049.773481,37,-52,12
1741509049.819481,59,-37,-123
1741509049.865481,-10,-112,-9
1741509049.910481,21,-53,-113
1741509049.956481,0,10,-41
1741509050.002481,25,-13,8
1741509050.048481,-86,2,-115
1741509050.0934808,-52,4,-3
1741509050.1394808,-42,-30,36
1741509050.1854808,41,-66,-13
1741509050.230481,-38,-2,-56
1741509050.276481,-54,-22,-78
1741509050.322481,27,5,-63
1741509050.368481,61,21,-97
1741509050.413481,-30,-12,3
1741509050.459481,33,-16,-36
1741509050.505481,-30,-14,-17
1741509050.5504808,33,-22,-53
1741509050.5964808,-12,-16,-11
1741509050.6424809,-9,-83,-15
1741509050.6884809,-40,111,18
1741509050.733481,93,-31,-101
1741509050.779481,17,121,-125
1741509050.825481,91,-82,46
1741509050.870481,19,41,-183
1741509050.916481,13,-26,-171
1741509050.962481,31,29,-118
1741509051.008481,47,69,-68
1741509051.0534809,-26,-32,-2
1741509051.0994809,-40,63,-92
1741509051.1454809,-6,17,-48
1741509051.190481,-26,39,-130
1741509051.236481,-12,-98,-121
1741509051.282481,-48,7,-39
1741509051.328481,-30,25,-109
1741509051.373481,1,129,-47
1741509051.4194808,-33,-51,-85
1741509051.4654808,-18,-36,-143
1741509051.5104809,-102,23,-119
1741509051.556481,74,-39,-51
1741509051.602481,-7,2,-117
1741509051.648481,-52,-41,-59
1741509051.693481,37,-37,-136
1741509051.739481,61,4,6
1741509051.785481,-84,-19,-121
1741509051.8304808,-3,-34,-139
1741509051.8764808,-30,36,-51
1741509051.9224808,43,20,-171
1741509051.9684808,20,65,-131
1741509052.013481,95,4,34
1741509052.059481,7,-55,-227
1741509052.105481,61,34,10
1741509052.150481,-13,-14,-77
1741509052.196481,-58,-5,16
1741509052.242481,14,-24,-107
1741509052.288481,120,39,-27
1741509052.3334808,27,-1,-125
1741509052.3794808,24,23,-63
1741509052.4254808,-73,-28,-5
1741509052.470481,-27,35,-147
1741509052.516481,-58,-37,-9
1741509052.562481,49,12,-53
1741509052.608481,-43,-7,-75
1741509052.653481,-4,-11,-67
1741509052.699481,-60,-47,-127
1741509052.745481,12,13,-51
1741509052.7904809,-8,10,22
1741509052.8364809,103,2,-79
1741509052.8824809,-74,18,-87
1741509052.9284809,12,39,-145
1741509052.973481,102,59,-159
1741509053.019481,-31,-61,-76
1741509053.069481,-43,26,-88
1741509053.115481,-32,-3,-224
1741509053.161481,-62,-25,-36
1741509053.206481,3,-81,-76
1741509053.252481,-86,10,-106
1741509053.298481,8,0,-126
1741509053.344481,-13,13,-80
1741509053.3894808,22,1,-42
1741509053.4354808,-62,56,35
1741509053.4814808,-73,-8,-24
1741509053.526481,-99,-2,-28
1741509053.572481,-4,-3,-60
1741509053.618481,-23,35,-32
1741509053.664481,-75,-116,-24
1741509053.709481,-39,-14,-104
1741509053.755481,-5,-28,-96
1741509053.801481,21,38,-6
1741509053.8464808,-42,2,-62
1741509053.8924809,-10,4,-146
1741509053.9384809,-9,25,-84
1741509053.9844809,-2,-31,-187
1741509054.029481,22,9,-93
1741509054.075481,90,-30,-37
1741509054.121481,-15,11,-128
1741509054.166481,4,12,11
1741509054.212481,-33,10,19
1741509054.258481,-23,-36,-88
1741509054.304481,-29,-41,-100
1741509054.3494809,92,-113,-36
1741509054.3954809,18,70,-120
1741509054.4414809,-6,6,-54
1741509054.486481,47,22,77
1741509054.532481,1,-14,-64
1741509054.578481,-4,-68,-72
1741509054.624481,17,7,-88
1741509054.6694808,37,-82,-16
1741509054.7154808,-28,-5,-56
1741509054.7614808,1,-27,71
1741509054.806481,26,20,0
1741509054.852481,-36,51,-30
1741509054.898481,55,-35,-46
1741509054.943481,54,16,-118
1741509054.989481,-23,-83,-54
1741509055.035481,-47,12,-122
1741509055.081481,17,-15,4
1741509055.1264808,54,-11,-7
1741509055.1724808,-80,42,-37
1741509055.2184808,-18,-30,70
1741509055.263481,2,-33,-257
1741509055.309481,26,118,-67
1741509055.355481,-31,24,-3
1741509055.401481,29,77,-187
1741509055.446481,0,28,-124
1741509055.492481,-77,16,-47
1741509055.538481,-26,-13,-37
1741509055.5834808,9,-17,-95
1741509055.6294808,-32,-48,-127
1741509055.6754808,-55,30,-58
1741509055.7214808,54,-33,-130
1741509055.766481,-19,-33,-54
1741509055.812481,-81,-55,-62
1741509055.858481,-59,-33,-120
1741509055.903481,28,12,-46
1741509055.949481,39,2,-120
1741509055.995481,-58,-56,-154
1741509056.041481,53,-36,-202
1741509056.0864809,19,-16,-136
1741509056.1324809,50,38,-209
1741509056.1784809,35,-110,-137
1741509056.223481,-22,-36,-51
1741509056.269481,42,2,-160
1741509056.315481,40,-29,-116
1741509056.361481,-79,-45,-107
1741509056.406481,96,-87,-184
1741509056.452481,-79,34,-112
1741509056.498481,54,28,-6
1741509056.5434809,38,-51,-206
1741509056.5894809,-35,32,-52
1741509056.6354809,64,-33,-80
1741509056.681481,-1,-29,-86
1741509056.726481,-17,-77,-168
1741509056.772481,100,2,-48
1741509056.818481,82,-21,29
1741509056.8634808,92,-27,27
1741509056.9094808,1,-9,-82
1741509056.9554808,-59,-39,-120
1741509057.0014808,-22,-67,-96
1741509057.046481,72,0,-12
1741509057.092481,38,64,-68
1741509057.138481,38,-71,62
1741509057.183481,34,48,-55
1741509057.229481,30,-33,-45
1741509057.275481,-7,30,-115
1741509057.321481,4,-29,-153
1741509057.3664808,40,4,-9
1741509057.4124808,-53,42,62
1741509057.4584808,12,18,-3
1741509057.503481,-29,52,-35
1741509057.549481,-21,-39,-187
1741509057.595481,-68,-23,-113
1741509057.641481,44,4,-111
1741509057.686481,-77,-31,-49
1741509057.732481,10,-47,-197
1741509057.778481,-17,-33,-20
1741509057.8234808,20,-47,-105
1741509057.8694808,-21,-1,78
1741509057.9154809,-48,-33,-83
1741509057.9614809,52,-31,-93
1741509058.006481,15,-2,-89
1741509058.052481,29,-22,-125
1741509058.098481,27,1,-247
1741509058.143481,-82,-32,-45
1741509058.189481,-56,-42,-85
1741509058.235481,22,6,-119
1741509058.281481,20,-51,-53
1741509058.3264809,-58,30,-109
1741509058.3724809,11,-2,-107
1741509058.4184809,41,-4,-33
1741509058.463481,-22,12,-71
1741509058.509481,19,-55,44
1741509058.555481,34,46,-67
1741509058.601481,70,2,-109
1741509058.646481,6,4,56
1741509058.6924808,10,0,-165
1741509058.7384808,58,14,-113
1741509058.783481,80,48,-21
1741509058.829481,10,58,-79
1741509058.875481,26,28,-101
1741509058.921481,-46,-49,-134
1741509058.966481,1,-35,-186
1741509059.012481,16,14,-70
1741509059.058481,-16,15,-26
1741509059.1034808,-94,16,-26
1741509059.1494808,24,-21,45
1741509059.1954808,-18,-88,-106
1741509059.2414808,18,-39,-106
1741509059.286481,-3,-27,-34
1741509059.332481,134,14,-166
1741509059.378481,-13,-3,-122
1741509059.423481,-15,-61,-62
1741509059.469481,-39,-31,-92
1741509059.515481,-39,-7,-196
1741509059.561481,56,48,-45
1741509059.6064808,2,-23,-75
1741509059.6524808,16,18,-37
1741509059.6984808,48,26,-53
1741509059.743481,-91,10,-111
1741509059.789481,-65,36,-39
1741509059.835481,-59,-17,-25
1741509059.881481,31,100,-87
1741509059.926481,-18,-7,-73
1741509059.972481,64,1,-163
1741509060.018481,1,48,-11
1741509060.0634809,-24,-93,-27
1741509060.1094809,35,40,-125
1741509060.1554809,75,11,-75
1741509060.2014809,-2,18,-67
1741509060.246481,-32,-12,50
1741509060.292481,13,28,-85
1741509060.338481,23,70,-19
1741509060.383481,-8,-61,-121
1741509060.429481,-52,-13,-81
1741509060.475481,-20,-12,-103
1741509060.521481,51,-34,-119
1741509060.5664809,32,-33,-71
1741509060.6124809,-51,-27,-69
1741509060.658481,82,-3,-95
1741509060.703481,-36,-36,-53
1741509060.749481,-40,-8,-31
1741509060.795481,82,14,-141
1741509060.841481,-54,-26,-67
1741509060.8864808,-2,44,-59
1741509060.9324808,56,18,-83
1741509060.9784808,5,-10,-153
1741509061.023481,-20,45,-149
1741509061.069481,39,0,-157
1741509061.115481,23,15,-49
1741509061.161481,-54,3,-101
1741509061.206481,49,43,-67
1741509061.252481,-16,-58,-51
1741509061.298481,-20,20,-163
1741509061.3434808,1,62,-101
1741509061.3894808,-44,40,-135
1741509061.4354808,-22,0,-85
1741509061.4814808,44,60,-53
1741509061.526481,-20,3,-69
1741509061.572481,78,18,-123
1741509061.618481,-11,-40,-105
1741509061.663481,0,18,-116
1741509061.709481,-44,-8,-188
1741509061.755481,-58,29,-98
1741509061.8004808,11,-34,-4
1741509061.8464808,-10,-8,19
1741509061.8924809,39,6,-160
1741509061.9384809,57,-42,-44
1741509061.983481,-10,-8,25
1741509062.029481,-20,49,-136
1741509062.075481,-50,-15,-12
1741509062.120481,67,-18,-142
1741509062.166481,67,-97,31
1741509062.212481,-8,-37,-176
1741509062.258481,33,-61,-58
1741509062.3034809,51,-41,-8
1741509062.3494809,21,11,103
1741509062.3954809,-18,-12,-67
1741509062.440481,37,14,-69
1741509062.486481,-68,2,-131
1741509062.532481,49,12,-105
1741509062.578481,-46,-25,-141
1741509062.623481,-14,0,-159
1741509062.6694808,-62,-31,-55
1741509062.7144809,-30,-24,-58
1741509062.759481,69,-25,-86
1741509062.805481,-34,-48,-90
1741509062.851481,-75,20,-40
1741509062.896481,42,-19,-30
1741509062.9424808,50,25,-182
1741509062.9884808,-1,1,-10
1741509063.0344808,-8,-23,-106
1741509063.085481,-61,33,-122
1741509063.131481,-18,-121,-134
1741509063.176481,37,2,-150
1741509063.222481,-85,15,-126
1741509063.268481,-69,-12,-138
1741509063.314481,130,-26,-164
1741509063.3594809,-21,16,-62
1741509063.4054809,-71,8,0
1741509063.4514809,4,-22,-129
1741509063.496481,4,3,-97
1741509063.542481,38,5,-89
1741509063.588481,26,-44,-75
1741509063.634481,31,-8,-95
1741509063.679481,-46,-22,-135
1741509063.725481,3,-58,-169
1741509063.771481,55,-51,-31
1741509063.8164809,13,-10,57
1741509063.8624809,-70,15,-149
1741509063.908481,28,96,-186
1741509063.954481,-19,-5,-120
1741509063.999481,48,0,-103
1741509064.045481,-7,38,-167
1741509064.091481,5,-24,6
1741509064.1364808,13,51,-114
1741509064.1824808,0,-43,-136
1741509064.2284808,-49,12,-42
1741509064.2744808,-40,-6,-52
1741509064.319481,0,-52,-108
1741509064.365481,-1,-35,15
1741509064.411481,4,20,32
1741509064.456481,40,-58,54
1741509064.502481,32,45,-69
1741509064.548481,54,31,-173
1741509064.594481,-18,-41,-131
1741509064.6394808,5,-9,-90
1741509064.6854808,-15,41,-13
1741509064.7314808,99,-7,-63
1741509064.776481,35,-11,-163
1741509064.822481,50,-80,-63
1741509064.868481,21,12,-131
1741509064.914481,-32,30,-95
1741509064.959481,-38,-104,-39
1741509065.005481,28,-12,-77
1741509065.051481,-5,71,24
1741509065.0964808,32,-16,-65
1741509065.1424809,31,0,-47
1741509065.1884809,-16,-70,-33
1741509065.2344809,-61,12,-75
1741509065.279481,2,80,-71
1741509065.325481,-167,-60,48
1741509065.371481,60,-32,-149
1741509065.416481,-17,21,-65
1741509065.462481,-35,71,-21
1741509065.508481,9,-16,-13
1741509065.554481,1,-2,-151
1741509065.5994809,5,21,-9
1741509065.6454809,-6,-21,-91
1741509065.6914809,-17,30,8
1741509065.736481,-88,-43,-92
1741509065.782481,-10,-29,-6
1741509065.828481,9,26,-173
1741509065.874481,30,-45,-121
1741509065.9194808,80,64,16
1741509065.9654808,21,50,-153
1741509066.0114808,42,36,-49
1741509066.056481,7,-1,-170
1741509066.102481,-46,38,-70
1741509066.148481,7,-73,-141
1741509066.194481,21,82,-51
1741509066.239481,-22,-25,-59
1741509066.285481,-78,92,-33
1741509066.331481,-39,-27,-55
1741509066.3764808,-6,-47,-123
1741509066.4224808,-24,13,28
1741509066.4684808,92,2,-105
1741509066.5144808,23,-38,-69
1741509066.559481,61,-92,-65
1741509066.605481,-6,37,6
1741509066.651481,61,-30,-59
1741509066.696481,-86,1,-179
1741509066.742481,71,55,-8
1741509066.788481,39,-30,34
1741509066.834481,35,24,-101
1741509066.8794808,41,29,-37
1741509066.9254808,25,19,-163
1741509066.9714808,19,36,-33
1741509067.016481,35,-8,-67
1741509067.062481,-72,-16,-75
1741509067.108481,-4,69,-111
1741509067.154481,55,17,-55
1741509067.199481,-34,-8,-22
1741509067.245481,7,1,-60
1741509067.291481,-45,8,-82
1741509067.3364809,29,-55,-46
1741509067.3824809,84,-25,-90
1741509067.4284809,-57,4,-40
1741509067.4744809,-8,-15,-40
1741509067.5204809,27,49,-162
1741509067.5664809,69,-2,27
1741509067.6124809,7,37,-178
1741509067.658481,-37,42,-60
1741509067.703481,7,3,-152
1741509067.749481,-25,0,13
1741509067.795481,-123,-16,-94
1741509067.8404808,-13,6,-14
1741509067.8864808,13,-31,-54
1741509067.9324808,-45,43,5
1741509067.9784808,28,-17,-70
1741509068.023481,-7,-6,-90
1741509068.069481,36,-14,-60
1741509068.115481,80,-26,-34
1741509068.160481,-13,-41,-41
1741509068.206481,3,8,-158
1741509068.252481,22,-17,-8
1741509068.298481,49,-43,-142
1741509068.3434808,83,-29,25
1741509068.3894808,-28,-77,-142
1741509068.4354808,15,-64,-106
1741509068.480481,-68,-6,-74
1741509068.526481,-10,11,-8
1741509068.572481,-27,5,61
1741509068.617481,-2,-32,-168
1741509068.663481,21,5,-106
1741509068.709481,45,9,-58
1741509068.755481,-14,89,-96
1741509068.8004808,38,-30,-74
1741509068.8464808,-22,5,-64
1741509068.8924809,-37,27,-146
1741509068.937481,20,-48,-168
1741509068.983481,2,40,-128
1741509069.029481,-17,-19,-38
1741509069.075481,-60,-39,-128
1741509069.120481,16,2,-44
1741509069.166481,-13,-1,-160
1741509069.212481,74,-37,-4
1741509069.2574809,-27,-29,-142
1741509069.3034809,76,-53,24
1741509069.3494809,-85,38,138
1741509069.3954809,-95,-29,-87
1741509069.440481,-5,9,-3
1741509069.486481,70,-18,6
1741509069.532481,0,38,-99
1741509069.577481,10,-21,-139
1741509069.623481,8,22,-89
1741509069.6694808,-27,-1,-177
1741509069.7154808,-27,-74,-57
1741509069.7604809,40,-19,4
1741509069.806481,-43,36,-68
1741509069.852481,14,-59,-61
1741509069.897481,-56,-20,-79
1741509069.943481,28,-48,-11
1741509069.989481,21,-8,-207
1741509070.035481,22,-29,-41
1741509070.0804808,-25,36,-165
1741509070.1264808,-27,-51,-28
1741509070.1724808,-31,44,-155
1741509070.217481,-35,-35,-81
1741509070.263481,-3,62,43
1741509070.309481,50,-29,-63
1741509070.355481,-19,-105,-44
1741509070.400481,50,-47,-109
1741509070.446481,-79,60,-97
1741509070.492481,28,-43,-53
1741509070.5374808,-23,-13,-153
1741509070.5834808,6,14,-93
1741509070.6294808,10,8,-109
1741509070.6754808,70,40,-19
1741509070.720481,52,16,-153
1741509070.766481,25,15,-105
1741509070.812481,-26,2,-95
1741509070.857481,55,2,-43
1741509070.903481,36,60,-23
1741509070.949481,25,16,-77
1741509070.995481,-37,22,-38
1741509071.0404809,20,2,-145
1741509071.0864809,42,-1,-117
1741509071.1324809,-10,13,-86
1741509071.177481,-30,17,-68
1741509071.223481,-50,11,-108
1741509071.269481,-13,38,-34
1741509071.315481,34,-7,-39
1741509071.360481,18,32,-56
1741509071.406481,40,-13,-15
1741509071.452481,113,-35,-7
1741509071.4974809,-7,-19,-91
1741509071.5434809,12,32,-179
1741509071.5894809,-18,-25,-151
1741509071.6354809,-35,6,-145
1741509071.680481,90,58,-5
1741509071.726481,-86,-49,-57
1741509071.772481,9,8,-61
1741509071.8174808,-120,-30,-107
1741509071.8634808,65,30,-119
1741509071.9094808,21,40,24
1741509071.9554808,-37,-4,-45
1741509072.000481,-115,5,6
1741509072.046481,-115,-54,-129
1741509072.092481,-47,-54,-5
1741509072.137481,-17,-8,-109
1741509072.183481,46,-16,104
1741509072.229481,-76,26,-61
1741509072.275481,-28,-19,-179
1741509072.3204808,-11,99,-71
1741509072.3664808,10,-32,-179
1741509072.4124808,34,25,-141
1741509072.457481,-14,26,-25
1741509072.503481,-25,-92,-81
1741509072.549481,38,0,-49
1741509072.595481,-5,-2,-21
1741509072.640481,2,-22,-57
1741509072.686481,-51,-28,-13
1741509072.732481,-61,75,-57
1741509072.7774808,62,-66,-163
1741509072.8234808,-82,-15,-15
1741509072.8694808,-57,-46,22
1741509072.9154809,-84,-25,-99
1741509072.960481,-16,-15,-141
1741509073.006481,-48,-78,-37
1741509073.052481,3,-43,-205
1741509073.1034808,-14,-1,-35
1741509073.1494808,-14,2,-45
1741509073.1954808,-26,-1,-13
1741509073.240481,17,-29,-63
1741509073.286481,-3,-40,-13
1741509073.332481,0,32,-33
1741509073.377481,37,4,-45
1741509073.423481,-68,6,4
1741509073.469481,56,-30,-79
1741509073.515481,69,-23,-8
1741509073.5604808,71,54,0
1741509073.6064808,-50,-5,-103
1741509073.6524808,15,-15,-44
1741509073.697481,18,-30,-107
1741509073.743481,10,-60,-105
1741509073.789481,24,-36,-67
1741509073.835481,1,30,-182
1741509073.880481,-129,-50,-54
1741509073.926481,86,-72,-136
1741509073.972481,31,-6,-78
1741509074.0174809,146,17,-76
1741509074.0634809,-43,-12,9
1741509074.1094809,-29,-44,-10
1741509074.1554809,0,-20,-240
1741509074.200481,20,-24,-64
1741509074.246481,72,68,-110
1741509074.292481,8,6,-46
1741509074.337481,15,-17,-56
1741509074.383481,-50,57,5
1741509074.429481,15,-16,-10
1741509074.475481,88,-22,-62
1741509074.5204809,-21,14,5
1741509074.5664809,-11,-31,21
1741509074.6124809,14,-96,-188
1741509074.657481,-3,-19,-244
1741509074.703481,-45,-55,-134
1741509074.749481,32,-7,-108
1741509074.795481,32,-41,-32
1741509074.8404808,6,8,-100
1741509074.8864808,-55,-30,-126
1741509074.9324808,14,-6,-80
1741509074.977481,-15,-15,-126
1741509075.023481,0,-23,-55
1741509075.069481,24,14,-77
1741509075.115481,-5,1,-92
1741509075.160481,27,-31,-7
1741509075.206481,21,-19,-45
1741509075.252481,12,-22,-44
1741509075.2974808,20,79,-88
1741509075.3434808,-44,-69,-196
1741509075.3894808,55,18,-112
1741509075.434481,25,-18,-134
1741509075.480481,-16,-29,-74
1741509075.526481,15,23,-24
1741509075.572481,81,11,-148
1741509075.617481,-36,1,-142
1741509075.663481,32,-2,15
1741509075.709481,-5,46,55
1741509075.7544808,-5,21,-58
1741509075.8004808,-71,3,-106
1741509075.8464808,72,23,-68
1741509075.8924809,53,18,-42
1741509075.937481,7,-7,-98
1741509075.983481,51,-35,-134
1741509076.029481,-42,-37,-176
1741509076.074481,48,-46,-71
1741509076.120481,-40,102,-95
1741509076.166481,57,14,-217
1741509076.212481,0,1,-17
1741509076.2574809,-4,31,-69
1741509076.3034809,47,21,-89
1741509076.3494809,-2,57,-93
1741509076.394481,36,10,-103
1741509076.440481,32,-52,-129
1741509076.486481,33,-17,-37
1741509076.532481,46,33,-115
1741509076.577481,9,53,-41
1741509076.623481,-100,22,-127
1741509076.6694808,-8,-6,-141
1741509076.7144809,15,-33,-233
1741509076.7604809,-76,-99,-37
1741509076.806481,-74,52,-51
1741509076.852481,97,-134,16
1741509076.897481,11,67,-167
1741509076.943481,20,31,-65
1741509076.989481,34,-45,-107
1741509077.0344808,-36,-7,-171
1741509077.0804808,-16,32,-111
1741509077.1264808,-60,-107,-37
1741509077.1724808,47,30,-41
1741509077.217481,91,50,-79
1741509077.263481,43,-40,-11
1741509077.309481,-4,-50,-41
1741509077.354481,48,44,-55
1741509077.400481,-14,-2,-53
1741509077.446481,40,-1,-79
1741509077.492481,24,-13,-107
1741509077.5374808,-16,-50,-43
1741509077.5834808,7,61,-139
1741509077.6294808,1,-52,-93
1741509077.674481,-12,5,22
1741509077.720481,51,-1,-25
1741509077.766481,43,-32,-53
1741509077.812481,23,28,-155
1741509077.857481,0,24,-179
1741509077.903481,13,-1,-75
1741509077.949481,-24,36,-69
1741509077.9944808,35,-39,-135
1741509078.0404809,47,-23,-105
1741509078.0864809,5,66,-93
1741509078.1324809,-42,34,-149
1741509078.176481,-47,26,-91
1741509078.222481,40,38,102
1741509078.268481,2,4,-63
1741509078.3134809,63,-38,-63
1741509078.3594809,-61,36,-151
1741509078.4054809,62,-11,-93
1741509078.450481,52,46,-87
1741509078.496481,20,-3,-49
1741509078.542481,-7,4,-141
1741509078.588481,-79,-61,-99
1741509078.633481,-1,14,10
1741509078.679481,11,-44,-73
1741509078.725481,-8,59,-33
1741509078.7704809,-28,2,12
1741509078.8164809,45,-5,-59
1741509078.8624809,163,10,-179
1741509078.908481,-50,-38,-21
1741509078.953481,35,-100,-243
1741509078.999481,42,38,-61
1741509079.045481,-1,44,-81
1741509079.0904808,-1,-43,-126
1741509079.1364808,60,-13,-59
1741509079.1824808,-104,-1,-133
1741509079.2284808,49,4,-149
1741509079.273481,92,6,-135
1741509079.319481,25,-17,-73
1741509079.365481,-70,-32,-53
1741509079.410481,39,9,-177
1741509079.456481,14,-30,-41
1741509079.502481,-13,-10,-81
1741509079.548481,2,23,-211
1741509079.5934808,2,-12,-75
1741509079.6394808,47,19,-117
1741509079.6854808,50,-40,-2
1741509079.730481,-7,141,-156
1741509079.776481,-31,-22,-54
1741509079.822481,-23,-2,-108
1741509079.868481,-49,15,-68
1741509079.913481,-34,1,-84
1741509079.959481,20,-34,-136
1741509080.005481,-35,-26,-128
1741509080.0504808,12,-50,-78
1741509080.0964808,44,3,14
1741509080.1424809,8,25,16
1741509080.1884809,-47,-6,-8
1741509080.233481,-65,11,-76
1741509080.279481,89,21,-148
1741509080.325481,-25,12,-12
1741509080.370481,-1,6,-92
1741509080.416481,-27,-63,3
1741509080.462481,-65,18,-26
1741509080.508481,-17,54,-148
1741509080.5534809,48,46,-4
1741509080.5994809,-21,28,-8
1741509080.6454809,-8,-17,-120
1741509080.690481,-52,-7,-112
1741509080.736481,-28,-21,0
1741509080.782481,-22,-53,-38
1741509080.828481,-4,3,-128
1741509080.873481,30,4,-20
1741509080.9194808,-41,28,-102
1741509080.9654808,-38,64,-106
1741509081.0104809,33,41,-106
1741509081.056481,-12,-8,-46
1741509081.102481,53,82,-106
1741509081.148481,27,6,-52
1741509081.193481,-98,-47,19
1741509081.239481,-10,-17,-78
1741509081.285481,29,-61,-22
1741509081.3304808,-35,-1,-242
1741509081.3764808,-29,16,69
1741509081.4224808,-63,-2,19
1741509081.4684808,9,-14,-54
1741509081.513481,47,56,1
1741509081.559481,-31,20,-128
1741509081.605481,-29,-6,-52
1741509081.650481,1,-83,-102
1741509081.696481,31,-49,-122
1741509081.742481,34,-24,-62
1741509081.788481,62,-26,-16
1741509081.8334808,78,29,-128
1741509081.8794808,-16,-27,-192
1741509081.9254808,-26,-33,-44
1741509081.970481,66,53,-114
1741509082.016481,-20,30,-114
1741509082.062481,12,-102,-42
1741509082.108481,64,47,-22
1741509082.153481,32,-8,-38
1741509082.199481,-43,-50,-28
1741509082.245481,28,-14,-62
1741509082.2904809,-27,-34,-130
1741509082.3364809,-46,-2,-187
1741509082.3824809,14,-4,-147
1741509082.427481,29,46,-104
1741509082.473481,34,18,-206
1741509082.519481,40,-3,-19
1741509082.565481,0,-33,-1
1741509082.610481,-9,14,-193
1741509082.656481,-49,38,-95
1741509082.702481,-42,-10,-111
1741509082.7474809,17,-40,-55
1741509082.7934809,-30,88,-141
1741509082.8394809,43,-114,4
1741509082.8854809,-25,-1,-69
1741509082.930481,3,11,-67
1741509082.976481,-25,-71,-53
1741509083.022481,-27,54,-115
1741509083.0734808,-8,-42,-118
1741509083.1194808,57,51,5
1741509083.1654809,-13,-14,-45
1741509083.210481,-48,-31,-103
1741509083.256481,57,16,76
1741509083.302481,-92,-13,-95
1741509083.347481,-13,72,-181
1741509083.393481,22,-9,-120
1741509083.439481,32,-6,-179
1741509083.483481,15,-66,-22
1741509083.529481,-11,60,22
1741509083.575481,62,-31,-119
1741509083.621481,-29,-20,-61
1741509083.666481,-21,-46,-37
1741509083.712481,-69,-6,-9
1741509083.758481,-25,63,-11
1741509083.8034809,-43,-44,-37
1741509083.8494809,-44,-9,-87
1741509083.8954809,25,10,-111
1741509083.9414809,27,-103,-65
1741509083.986481,-40,-61,-49
1741509084.032481,47,-66,-61
1741509084.078481,-56,-34,-61
1741509084.123481,54,-23,-77
1741509084.1694808,-5,-9,43
1741509084.2154808,53,-38,-115
1741509084.2614808,-55,50,24
1741509084.306481,13,-58,-83
1741509084.352481,-32,5,-101
1741509084.398481,-27,-24,-145
1741509084.443481,-21,53,-35
1741509084.489481,27,-4,-69
1741509084.535481,92,-30,-57
1741509084.581481,-27,-8,-5
1741509084.6264808,46,-44,-17
1741509084.6724808,-13,56,-75
1741509084.7184808,69,-106,20
1741509084.763481,31,-112,0
1741509084.809481,-24,-12,34
1741509084.855481,24,18,-55
1741509084.901481,-33,-35,-192
1741509084.946481,-17,-11,-37
1741509084.992481,12,-49,-63
1741509085.038481,-14,10,-69
1741509085.0834808,49,18,-81
1741509085.1294808,-58,-11,10
1741509085.1754808,-51,-19,-51
1741509085.2214808,-2,-12,-53
1741509085.266481,65,-20,-179
1741509085.312481,-36,58,-63
1741509085.358481,15,-41,-109
1741509085.403481,63,-51,-61
1741509085.449481,-38,62,-53
1741509085.495481,1,4,-59
1741509085.541481,39,60,-83
1741509085.5864809,6,14,-32
1741509085.6324809,24,-25,-116
1741509085.6784809,10,2,-152
1741509085.723481,74,34,7
1741509085.769481,-56,56,-56
1741509085.815481,-38,-35,-32
1741509085.861481,15,-43,-49
1741509085.906481,-8,2,-59
1741509085.952481,-8,13,-104
1741509085.998481,62,5,-26
1741509086.0434809,-102,-29,-100
1741509086.0894809,41,-19,-44
1741509086.1354809,34,15,-72
1741509086.181481,8,-12,-54
1741509086.226481,86,0,-122
1741509086.272481,6,57,-84
1741509086.318481,60,37,-50
1741509086.3634808,19,43,-102
1741509086.4094808,3,25,-62
1741509086.4554808,73,-24,-94
1741509086.5014808,1,-68,-140
1741509086.546481,0,37,-98
1741509086.592481,-32,-40,-52
1741509086.638481,85,-15,-54
1741509086.683481,-62,-77,-46
1741509086.729481,24,-16,-52
1741509086.775481,-39,2,-70
1741509086.821481,-56,-17,-82
1741509086.8664808,7,1,-103
1741509086.9124808,8,33,63
1741509086.9584808,23,-83,-27
1741509087.003481,1,-48,-103
1741509087.049481,-56,77,-57
1741509087.095481,21,-20,-75
1741509087.141481,91,11,-105
1741509087.186481,0,5,-175
1741509087.232481,-108,133,-71
1741509087.278481,53,-38,-95
1741509087.3234808,-92,-30,26
1741509087.3694808,16,8,-181
1741509087.4154809,-97,80,-197
1741509087.4614809,-47,54,-181
1741509087.506481,86,-31,-49
1741509087.552481,-33,-11,-85
1741509087.598481,2,58,-23
1741509087.643481,-28,-25,-37
1741509087.689481,84,24,-71
1741509087.735481,24,115,-49
1741509087.781481,-39,14,-25
1741509087.8264809,-49,-19,-47
1741509087.8724809,-40,-57,-93
1741509087.9184809,36,-17,-136
1741509087.963481,-9,3,6
1741509088.009481,6,-46,-72
1741509088.055481,-48,29,-192
1741509088.101481,-23,-6,-71
1741509088.146481,40,2,-16
1741509088.1924808,-31,-47,-136
1741509088.2384808,80,-13,41
1741509088.283481,-103,38,-80
1741509088.329481,75,1,-34
1741509088.375481,32,32,-126
1741509088.421481,10,-97,-138
1741509088.466481,-37,-23,-105
1741509088.512481,-47,-5,-115
1741509088.558481,-17,-20,20
1741509088.6034808,57,0,-113
1741509088.6494808,-19,-76,-9
1741509088.6954808,-3,65,-25
1741509088.7414808,-4,47,-165
1741509088.786481,-34,-12,-57
1741509088.832481,-18,-2,-73
1741509088.878481,33,39,8
1741509088.923481,16,-44,-103
1741509088.969481,-1,-24,-82
1741509089.015481,-30,-48,-7
1741509089.061481,11,32,-75
1741509089.1064808,-22,-33,-77
1741509089.1524808,-27,0,-115
1741509089.1984808,-25,60,-87
1741509089.243481,-13,-29,0
1741509089.289481,65,-17,-113
1741509089.335481,-71,22,-137
1741509089.380481,-45,90,-87
1741509089.426481,-67,-45,-61
1741509089.472481,-21,-13,-35
1741509089.518481,37,-61,-185
1741509089.5634809,-30,-11,-45
1741509089.6094809,15,88,-199
1741509089.6554809,-26,28,-15
1741509089.700481,9,-27,-167
1741509089.746481,-2,-71,-113
1741509089.792481,57,-51,-49
1741509089.838481,-14,10,-91
1741509089.883481,39,36,-25
1741509089.929481,31,-7,-143
1741509089.975481,-25,16,-165
1741509090.0204809,43,1,-19
1741509090.0664809,-10,-44,56
1741509090.1124809,-6,5,-143
1741509090.158481,-64,0,-125
1741509090.203481,4,-33,-147
1741509090.249481,96,-61,-85
1741509090.295481,16,-59,-75
1741509090.3404808,14,-31,-95
1741509090.3864808,-45,8,-105
1741509090.4324808,-11,80,20
1741509090.4784808,43,-12,12
1741509090.523481,4,2,-152
1741509090.569481,-32,27,-126
1741509090.615481,-2,-2,108
1741509090.660481,-4,-18,-105
1741509090.706481,-32,-48,-69
1741509090.752481,72,-83,-159
1741509090.798481,25,-18,-17
1741509090.8434808,-118,-4,-71
1741509090.8894808,52,-39,-72
1741509090.9354808,0,-56,-70
1741509090.980481,-56,27,0
1741509091.026481,31,61,-62
1741509091.072481,-82,-10,-118
1741509091.118481,-24,-42,-66
1741509091.163481,7,-17,-26
1741509091.209481,25,2,-110
1741509091.255481,7,40,-16
1741509091.3004808,-52,21,-96
1741509091.3464808,-16,-4,3
1741509091.3924809,-50,103,-120
1741509091.4384809,-44,40,-146
1741509091.483481,31,-3,-80
1741509091.529481,20,-30,9
1741509091.575481,-28,-18,-68
1741509091.620481,79,35,-160
1741509091.666481,-18,-88,-161
1741509091.712481,-14,-13,-148
1741509091.758481,67,-29,-29
1741509091.8034809,-10,-37,-99
1741509091.8494809,-83,34,-185
1741509091.8954809,36,-57,-9
1741509091.940481,32,42,-53
1741509091.986481,-55,62,-111
1741509092.032481,-4,-5,-53
1741509092.078481,-84,-17,-55
1741509092.123481,137,-78,-97
1741509092.1694808,51,47,-193
1741509092.2154808,43,-57,-9
1741509092.2604809,40,35,-107
1741509092.306481,-19,81,-81
1741509092.352481,-53,59,-261
1741509092.398481,-57,1,-3
1741509092.443481,19,13,-153
1741509092.489481,42,43,-211
1741509092.535481,-25,-41,-75
1741509092.5804808,26,-69,-45
1741509092.6264808,-13,18,-59
1741509092.6724808,-46,7,-121
1741509092.7184808,3,-11,-233
1741509092.763481,39,126,-145
1741509092.809481,-9,54,-217
1741509092.855481,-4,-23,4
1741509092.900481,-12,21,-63
1741509092.946481,55,47,-101
1741509092.992481,-26,-41,-191
1741509093.038481,82,-35,-99
1741509093.0894809,58,-7,-53
1741509093.1354809,-9,68,-19
1741509093.180481,41,-12,-91
1741509093.226481,3,13,-55
1741509093.272481,64,40,-59
1741509093.318481,126,-59,-223
1741509093.3634808,-44,-36,-153
1741509093.4094808,21,-26,-73
1741509093.4554808,-24,25,-101
1741509093.500481,31,-74,-139
1741509093.546481,-66,59,-95
1741509093.592481,79,11,-67
1741509093.638481,-36,3,-93
1741509093.683481,5,66,-55
1741509093.729481,41,-19,-19
1741509093.775481,-39,12,-55
1741509093.8204808,22,2,-65
1741509093.8664808,40,4,-93
1741509093.9124808,32,18,-91
1741509093.9584808,-3,32,-49
1741509094.003481,8,-5,-53
1741509094.049481,-5,48,-63
1741509094.095481,1,52,-54
1741509094.140481,-53,6,38
1741509094.186481,68,-35,-75
1741509094.232481,-19,-61,-33
1741509094.278481,-53,24,-68
1741509094.3234808,-27,-39,-89
1741509094.3694808,58,48,-70
1741509094.4154809,4,40,-154
1741509094.460481,39,-31,31
1741509094.506481,-33,-17,-142
1741509094.552481,16,-81,-118
1741509094.598481,38,98,0
1741509094.643481,-48,46,-12
1741509094.689481,-82,-103,13
1741509094.735481,29,-1,-58
1741509094.7804809,-18,16,-116
1741509094.8264809,-25,39,-136
1741509094.8724809,-38,-24,-66
1741509094.9184809,-1,-4,-136
1741509094.963481,33,37,21
1741509095.009481,45,-28,-66
1741509095.055481,11,29,-54
1741509095.100481,-10,-12,-154
1741509095.146481,60,-54,-158
1741509095.1924808,35,-59,-114
1741509095.2384808,-8,30,-76
1741509095.283481,25,46,-92
1741509095.329481,83,-5,-158
1741509095.375481,11,34,-4
1741509095.420481,47,24,39
1741509095.466481,4,23,-62
1741509095.512481,-73,-24,-142
1741509095.558481,5,9,-140
1741509095.6034808,27,51,-74
1741509095.6494808,-1,-62,-64
1741509095.6954808,48,64,-56
1741509095.740481,-11,-37,79
1741509095.786481,-69,-39,-162
1741509095.832481,-37,-22,-158
1741509095.878481,7,-37,-98
1741509095.923481,-92,50,-122
1741509095.969481,0,-7,-4
1741509096.015481,70,-31,1
1741509096.0604808,-57,78,14
1741509096.1064808,2,-63,37
1741509096.1524808,-7,-35,-63
1741509096.197481,-50,-52,24
1741509096.243481,-13,18,-31
1741509096.289481,-36,-36,-75
1741509096.335481,31,-12,-11
1741509096.380481,-8,43,-135
1741509096.426481,4,28,-87
1741509096.472481,-3,-79,-35
1741509096.5174809,18,62,8
1741509096.5634809,-45,28,-97
1741509096.6094809,32,100,-225
1741509096.6554809,-4,25,-9
1741509096.700481,-58,22,-111
1741509096.746481,-48,-29,-67
1741509096.792481,67,-86,-113
1741509096.837481,37,0,-105
1741509096.883481,-4,48,-123
1741509096.929481,39,29,-173
1741509096.975481,-30,109,-129
1741509097.0204809,25,11,-83
1741509097.0664809,-8,-68,16
1741509097.1124809,-8,24,-27
1741509097.157481,29,-3,-25
1741509097.203481,6,-3,-89
1741509097.249481,61,32,-123
1741509097.295481,37,-87,-30
1741509097.3404808,87,-37,-28
1741509097.3864808,-8,8,-66
1741509097.4324808,63,-23,-96
1741509097.477481,27,56,17
1741509097.523481,7,-15,-122
1741509097.569481,-50,-5,-80
1741509097.615481,77,28,-72
1741509097.660481,-77,-81,-136
1741509097.706481,9,-39,-117
1741509097.752481,-52,-24,-36
1741509097.7974808,-36,-33,-86
1741509097.8434808,-38,-4,35
1741509097.8894808,-66,0,-125
1741509097.9354808,-50,72,36
1741509097.980481,27,-9,-30
1741509098.026481,-89,-65,-38
1741509098.072481,52,-43,-122
1741509098.117481,-73,-5,-158
1741509098.163481,-21,-67,-90
1741509098.209481,-22,-33,-42
1741509098.255481,-62,-39,-184
1741509098.3004808,59,-21,-50
1741509098.3464808,-38,56,-68
1741509098.3924809,-14,2,-198
1741509098.437481,19,-25,-137
1741509098.483481,73,-2,-79
1741509098.529481,-6,-40,-2
1741509098.575481,20,40,18
1741509098.620481,34,42,-25
1741509098.666481,8,-24,-43
1741509098.712481,-1,11,24
1741509098.7574809,-103,6,-79
1741509098.8034809,36,2,-119
1741509098.8494809,58,1,-59
1741509098.8954809,-73,51,-85
1741509098.940481,20,19,-69
1741509098.986481,64,0,-7
1741509099.032481,41,35,50
1741509099.077481,27,26,-27
1741509099.123481,-16,-27,-97
1741509099.1694808,-82,76,-125
1741509099.2154808,-20,4,-7
1741509099.2604809,-24,40,34
1741509099.306481,24,16,-179
1741509099.352481,54,34,-119
1741509099.397481,-78,-17,-225
1741509099.443481,-80,-15,-41
1741509099.489481,-34,-22,-131
1741509099.535481,-30,3,-70
1741509099.5804808,9,-62,0
1741509099.6264808,-16,-20,-67
1741509099.6724808,0,-21,-56
1741509099.717481,0,-24,-154
1741509099.763481,1,15,-34
1741509099.809481,-64,-46,-141
1741509099.855481,-10,-32,-123
1741509099.900481,-96,-44,-73
1741509099.946481,-5,-65,-63
1741509099.992481,21,9,-173
1741509100.0374808,39,-36,-129
1741509100.0834808,5,-22,-117
1741509100.1294808,5,-6,-143
1741509100.1754808,-38,47,-69
1741509100.220481,-38,-14,-101
1741509100.266481,29,-50,8
1741509100.312481,-19,-13,-43
1741509100.357481,-7,-33,6
1741509100.403481,-33,-23,-93
1741509100.449481,-27,-91,-133
1741509100.495481,17,-43,-133
1741509100.5404809,-23,-17,-148
1741509100.5864809,-46,-22,41
1741509100.6324809,3,27,-197
1741509100.677481,-8,-42,-179
1741509100.723481,-22,19,-57
1741509100.769481,59,13,-117
1741509100.815481,-54,-38,-117
1741509100.860481,-33,-13,-49
1741509100.906481,29,2,-71
1741509100.952481,-32,42,-109
1741509100.9974809,20,-39,-185
1741509101.0434809,29,3,-151
1741509101.0894809,-7,-9,-157
1741509101.1354809,12,-11,4
1741509101.180481,-3,4,-109
1741509101.226481,85,-70,-3
1741509101.272481,41,69,-67
1741509101.3174808,-10,46,-156
1741509101.3634808,23,-52,0
1741509101.4094808,33,-41,-67
1741509101.4554808,11,-19,-1
1741509101.500481,23,49,-109
1741509101.546481,-34,-18,-146
1741509101.592481,-26,25,-18
1741509101.637481,-61,12,-200
1741509101.683481,62,-27,-146
1741509101.729481,-44,7,-8
1741509101.775481,4,7,-98
1741509101.8204808,105,12,-70
1741509101.8664808,-35,59,-188
1741509101.9124808,-45,72,33
1741509101.957481,4,-19,-68
1741509102.003481,-14,6,-142
1741509102.049481,7,-59,-2
1741509102.095481,-6,-99,-117
1741509102.140481,107,-37,-189
1741509102.186481,-42,-47,-9
1741509102.232481,74,-26,-69
1741509102.2774808,-11,-48,-29
1741509102.3234808,34,-38,-149
1741509102.3694808,59,28,-79
1741509102.4154809,-5,-14,-7
1741509102.460481,81,30,-231
1741509102.506481,5,-50,-57
1741509102.552481,-36,3,-73
1741509102.597481,-30,17,-129
1741509102.643481,-12,16,-77
1741509102.689481,27,-43,-83
1741509102.735481,2,-67,-160
1741509102.7804809,-35,-17,-139
1741509102.8264809,59,-35,-47
1741509102.8724809,-74,-106,-57
1741509102.917481,65,47,-96
1741509102.963481,147,5,-85
1741509103.009481,24,-22,-127
1741509103.054481,37,-70,-91
1741509103.1064808,-36,-50,-119
1741509103.1524808,-40,4,-212
1741509103.197481,32,-17,-86
1741509103.243481,12,60,-93
1741509103.289481,-2,-9,-107
1741509103.334481,-10,56,-39
1741509103.380481,49,-13,-135
1741509103.426481,41,0,-173
1741509103.472481,-8,16,-133
1741509103.5174809,43,-12,-89
1741509103.5634809,-13,66,-129
1741509103.6094809,15,3,-15
1741509103.654481,89,-55,-104
1741509103.700481,-40,36,-111
1741509103.746481,6,40,-53
1741509103.792481,29,42,-62
1741509103.837481,24,-13,0
1741509103.883481,92,38,-22
1741509103.929481,66,30,-59
1741509103.9744809,43,9,-39
1741509104.0204809,-11,40,-41
1741509104.0664809,-23,-37,-191
1741509104.1124809,-22,-25,-139
1741509104.157481,51,35,-45
1741509104.203481,31,10,-27
1741509104.249481,9,11,-125
1741509104.2944808,-30,11,-151
1741509104.3404808,21,27,-21
1741509104.3864808,29,78,6
1741509104.4324808,27,9,-73
1741509104.477481,7,-40,-25
1741509104.523481,-38,23,-95
1741509104.569481,51,-12,-129
1741509104.614481,23,116,-113
1741509104.660481,-107,-82,-169
1741509104.706481,35,42,-117
1741509104.752481,38,-21,-23
1741509104.7974808,-7,68,-89
1741509104.8434808,-22,-1,-83
1741509104.8894808,-50,-51,-159
1741509104.934481,55,-9,-57
1741509104.980481,-86,-27,-95
1741509105.026481,57,-26,-177
1741509105.072481,-20,-60,-63
1741509105.117481,9,95,-141
1741509105.163481,25,-14,-205
1741509105.209481,-92,5,-25
1741509105.2544808,-42,17,-95
1741509105.3004808,4,-29,-33
1741509105.3464808,-69,-23,-85
1741509105.3924809,28,18,-93
1741509105.437481,41,25,-9
1741509105.483481,-55,-9,-177
1741509105.529481,28,-1,-117
1741509105.574481,-29,26,-27
1741509105.620481,14,-65,-76
1741509105.666481,12,-9,-135
1741509105.712481,-19,-33,-133
1741509105.7574809,7,-22,-30
1741509105.8034809,19,25,-112
1741509105.8494809,73,45,-160
1741509105.894481,-1,-25,-144
1741509105.940481,6,-57,-96
1741509105.986481,-38,-52,-16
1741509106.032481,-36,31,-74
1741509106.077481,39,-92,-32
1741509106.123481,80,-26,5
1741509106.1694808,-14,-2,-229
1741509106.2144809,17,5,-22
1741509106.2604809,-30,15,-78
1741509106.306481,-28,-114,-232
1741509106.352481,140,-41,-38
1741509106.397481,42,-8,-104
1741509106.443481,4,25,-119
1741509106.489481,-15,-6,-173
1741509106.5344808,-7,-8,50
1741509106.5804808,38,-56,-155
1741509106.6264808,20,-46,-17
1741509106.6724808,0,20,70
1741509106.717481,-59,66,-41
1741509106.763481,35,-41,-91
1741509106.809481,1,6,1
1741509106.854481,13,8,11
1741509106.900481,-18,72,-44
1741509106.946481,-2,-22,-70
1741509106.992481,-19,42,-72
1741509107.0374808,-90,13,-8
1741509107.0834808,-82,33,-78
1741509107.1294808,37,111,1
1741509107.174481,-65,54,-160
1741509107.220481,64,-5,-52
1741509107.266481,-5,-11,-136
1741509107.312481,20,12,-42
1741509107.357481,19,9,-174
1741509107.403481,29,-15,-148
1741509107.449481,-54,20,-4
1741509107.4944808,-50,-45,-60
1741509107.5404809,-20,-31,-33
1741509107.5864809,-1,11,-52
1741509107.6324809,-23,-22,55
1741509107.677481,-27,-53,-68
1741509107.723481,-20,-41,20
1741509107.769481,53,-77,-109
1741509107.814481,-1,-37,-17
1741509107.860481,-46,-16,-54
1741509107.906481,42,16,-149
1741509107.952481,19,42,-63
1741509107.9974809,-8,-55,-47
1741509108.0434809,31,-5,-113
1741509108.0894809,-13,48,-25
1741509108.134481,64,14,-143
1741509108.180481,38,-21,-57
1741509108.226481,16,-59,-135
1741509108.272481,38,23,-127
1741509108.3174808,-17,65,-128
1741509108.3634808,4,-10,-277
1741509108.4094808,34,-20,-23
1741509108.454481,26,5,82
1741509108.500481,-3,9,-61
1741509108.546481,110,-58,-5
1741509108.592481,50,-38,-273
1741509108.637481,14,0,-43
1741509108.683481,-8,-41,-149
1741509108.729481,1,46,-67
1741509108.7744808,27,64,-99
1741509108.8204808,-36,-65,-105
1741509108.8664808,34,-18,-95
1741509108.9124808,-8,42,-155
1741509108.957481,-22,-21,-93
1741509109.003481,-80,6,-193
1741509109.049481,-47,23,-139
1741509109.094481,24,23,-77
1741509109.140481,-33,58,-69
1741509109.186481,-96,-50,-31
1741509109.232481,23,9,-31
1741509109.2774808,-39,-59,-141
1741509109.3234808,-41,-7,-113
1741509109.3694808,32,-19,-151
1741509109.414481,-29,-91,-237
1741509109.460481,19,-67,4
1741509109.506481,69,28,-43
1741509109.551481,7,2,-177
1741509109.5964808,-34,-35,-133
1741509109.6424809,9,21,-137
1741509109.6884809,142,28,-133
1741509109.733481,-38,-29,-89
1741509109.779481,7,8,-125
1741509109.825481,-42,34,-51
1741509109.870481,-5,13,-199
1741509109.916481,27,94,-58
1741509109.962481,-14,20,-76
1741509110.0074809,-36,62,-108
1741509110.0534809,-46,32,-52
1741509110.0994809,-50,20,-92
1741509110.1454809,89,116,-172
1741509110.190481,5,-23,-68
1741509110.236481,0,96,43
1741509110.282481,-33,28,-82
1741509110.327481,56,-7,-70
1741509110.373481,-35,43,-120
1741509110.4194808,11,18,73
1741509110.4654808,26,23,-220
1741509110.5104809,-97,-3,-90
1741509110.556481,-1,-21,-24
1741509110.602481,12,-37,-72
1741509110.647481,20,28,-102
1741509110.693481,-6,-31,-96
1741509110.739481,-48,-19,-20
1741509110.785481,39,-9,-162
1741509110.8304808,-32,-9,-115
1741509110.8764808,21,-27,-33
1741509110.9224808,-4,-79,45
1741509110.967481,21,-61,-145
1741509111.013481,-31,29,-86
1741509111.059481,16,-18,-52
1741509111.105481,-7,15,-74
1741509111.150481,15,-36,-66
1741509111.196481,-44,-128,-72
1741509111.242481,40,-21,-192
1741509111.2874808,23,-56,-80
1741509111.3334808,-76,109,-92
1741509111.3794808,-15,-25,-100
1741509111.4254808,14,-13,-62
1741509111.470481,-11,18,-92
1741509111.516481,-41,26,-78
1741509111.562481,110,20,9
1741509111.607481,-73,-1,-40
1741509111.653481,2,-23,-122
1741509111.699481,-29,30,-106
1741509111.745481,8,-21,-97
1741509111.7904809,22,-1,-217
1741509111.8364809,-103,48,-173
1741509111.8824809,-46,27,-13
1741509111.927481,-44,-38,-213
1741509111.973481,16,-85,-101
1741509112.019481,-12,17,-109
1741509112.065481,-10,-54,14
1741509112.110481,-2,3,-109
1741509112.156481,-19,48,-101
1741509112.202481,-51,13,-9
1741509112.2474809,0,-18,40
1741509112.2934809,-24,7,-61
1741509112.3394809,-8,-28,-99
1741509112.3854809,105,-40,-137
1741509112.430481,88,8,-31
1741509112.476481,-21,27,-17
1741509112.522481,-49,-14,-143
1741509112.5674808,48,-18,-45
1741509112.6134808,-43,44,-27
1741509112.6594808,-37,-21,-165
1741509112.7054808,12,0,-41
1741509112.750481,-8,45,-103
1741509112.796481,22,-51,38
1741509112.842481,30,-85,26
1741509112.887481,-15,2,-99
1741509112.933481,26,34,-99
1741509112.979481,-91,6,-97
1741509113.025481,-13,30,-183
1741509113.0704808,-125,-82,-69
1741509113.1224809,55,21,-87
1741509113.167481,39,-82,-215
1741509113.213481,56,0,-20
1741509113.259481,-31,36,-26
1741509113.305481,39,-30,9
1741509113.350481,-83,2,-142
1741509113.397481,-16,57,-112
1741509113.443481,-62,-31,-152
1741509113.489481,27,-80,-26
1741509113.5344808,-48,-16,-110
1741509113.5804808,43,-48,-78
1741509113.6264808,-2,-45,-82
1741509113.671481,1,-39,-142
1741509113.717481,41,6,-152
1741509113.763481,53,-9,-94
1741509113.809481,23,-51,-46
1741509113.854481,-66,14,-154
1741509113.900481,-18,24,-80
1741509113.946481,5,24,-48
1741509113.9914808,19,16,-140
1741509114.0374808,35,80,-106
1741509114.0834808,21,-61,-154
1741509114.1294808,-36,-33,-8
1741509114.174481,5,2,-66
1741509114.220481,-72,6,-106
1741509114.266481,60,69,-64
1741509114.311481,-7,-18,-136
1741509114.357481,16,23,-100
1741509114.403481,25,-25,-28
1741509114.449481,2,-26,-70
1741509114.4944808,87,-47,-112
1741509114.5404809,12,13,-126
1741509114.5864809,36,25,-44
1741509114.631481,-34,-8,3
1741509114.677481,9,-5,9
1741509114.723481,-28,49,-94
1741509114.769481,47,32,77
1741509114.814481,-6,28,-62
1741509114.860481,-38,20,-140
1741509114.906481,-13,-11,-20
1741509114.9514809,47,-15,-80
1741509114.9974809,9,10,-89
1741509115.0434809,39,2,-99
1741509115.0894809,30,-34,-173
1741509115.134481,-7,11,-25
1741509115.180481,84,-13,70
1741509115.226481,-72,-38,-5
1741509115.271481,-4,7,-145
1741509115.3174808,-36,-42,-25
1741509115.3634808,-38,-30,-107
1741509115.4094808,-40,3,34
1741509115.454481,-14,15,94
1741509115.500481,103,-6,-185
1741509115.546481,-54,11,-99
1741509115.591481,43,-84,22
1741509115.637481,5,1,-107
1741509115.683481,5,-72,18
1741509115.729481,50,4,-49
1741509115.7744808,47,-40,-139
1741509115.8204808,31,-4,-5
1741509115.8664808,-68,-48,-84
1741509115.911481,11,-50,-29
1741509115.957481,0,12,-103
1741509116.003481,-9,-47,-141
1741509116.049481,-34,-5,-177
1741509116.094481,-51,2,18
1741509116.140481,50,16,-151
1741509116.186481,-51,18,-148
1741509116.2314808,56,42,-228
1741509116.2774808,106,-29,-52
1741509116.3234808,73,-46,-180
1741509116.3694808,-50,12,-216
1741509116.414481,15,-79,-96
1741509116.460481,-36,18,45
1741509116.506481,-64,78,-208
1741509116.551481,21,-11,-28
1741509116.597481,39,2,-12
1741509116.643481,3,-25,35
1741509116.6884809,-10,-113,-74
1741509116.7344809,55,-7,-136
1741509116.7804809,-6,-29,-66
1741509116.8264809,29,4,-166
1741509116.871481,-6,6,-238
1741509116.917481,-9,37,-32
1741509116.963481,-11,61,39
1741509117.008481,23,-22,-22
1741509117.054481,77,71,-180
1741509117.100481,15,8,-90
1741509117.146481,-62,-17,-60
1741509117.1914809,23,-1,-2
1741509117.2374809,33,6,-112
1741509117.283481,69,40,-54
1741509117.328481,-11,24,-180
1741509117.374481,28,-3,-84
1741509117.420481,25,25,-76
1741509117.466481,-4,-2,-88
1741509117.5114808,-8,21,-112
1741509117.5574808,-68,15,-134
1741509117.6034808,-6,11,-62
1741509117.648481,-12,29,-32
1741509117.694481,-30,44,-32
1741509117.740481,-24,-3,-40
1741509117.786481,37,21,-134
1741509117.831481,-58,-28,-148
1741509117.877481,39,39,-30
1741509117.923481,-12,-29,-29
1741509117.9684808,33,-26,-59
1741509118.0144808,-39,-11,16
1741509118.0604808,48,28,-165
1741509118.1064808,-89,6,-133
1741509118.151481,-19,-60,-173
1741509118.197481,-50,23,0
1741509118.243481,-10,-6,-94
1741509118.288481,-70,33,-166
1741509118.334481,-38,-78,-24
1741509118.380481,18,-42,-28
1741509118.426481,39,-42,22
1741509118.4714808,-7,15,-43
1741509118.5174809,82,9,-31
1741509118.5634809,-70,-56,14
1741509118.608481,6,8,-85
1741509118.654481,10,66,-47
1741509118.700481,-41,-13,-199
1741509118.746481,11,-86,-25
1741509118.791481,117,-30,-69
1741509118.837481,-63,-13,-89
1741509118.883481,0,15,32
1741509118.9284809,52,14,-153
1741509118.9744809,-16,-10,-119
1741509119.0204809,15,-56,-93
1741509119.0664809,17,-36,-71
1741509119.111481,24,28,-47
1741509119.157481,2,76,-111
1741509119.203481,-65,25,-171
1741509119.248481,-1,-5,72
1741509119.2944808,-35,125,-197
1741509119.3404808,-25,-76,-135
1741509119.3864808,30,-40,-89
1741509119.431481,30,-4,-43
1741509119.477481,-86,-52,-57
1741509119.523481,-23,11,-97
1741509119.568481,-10,-30,-97
1741509119.614481,35,-8,-197
1741509119.660481,57,63,-58
1741509119.706481,-62,-4,-122
1741509119.7514808,19,-6,-134
1741509119.7974808,59,7,-110
1741509119.8434808,13,75,-38
1741509119.888481,24,75,-142
1741509119.934481,74,-5,-78
1741509119.980481,-35,4,-176
1741509120.026481,51,2,-149
1741509120.071481,-35,-23,-51
1741509120.117481,56,4,-99
1741509120.163481,32,9,-168
1741509120.2084808,-43,-90,-226
1741509120.2544808,4,-6,-88
1741509120.3004808,-37,5,93
1741509120.3464808,-19,-1,-16
1741509120.391481,-57,-39,-102
1741509120.437481,77,-39,-100
1741509120.483481,-87,20,-96
1741509120.528481,18,-15,-82
1741509120.574481,60,-9,-90
1741509120.620481,20,18,-124
1741509120.666481,64,5,-112
1741509120.7114809,-43,21,-62
1741509120.7574809,12,51,-129
1741509120.8034809,-7,47,48
1741509120.848481,-33,27,-83
1741509120.894481,14,0,-105
1741509120.940481,74,-44,-69
1741509120.986481,-39,-2,-31
1741509121.031481,43,-10,-55
1741509121.077481,-26,-22,30
1741509121.123481,85,21,-171
1741509121.1684809,-97,79,36
1741509121.2144809,24,-39,-183
1741509121.2604809,84,-5,-139
1741509121.306481,67,-38,-107
1741509121.351481,-60,-71,-69
1741509121.397481,33,0,-113
1741509121.443481,41,48,-106
1741509121.4884808,32,47,-68
1741509121.5344808,-37,75,-100
1741509121.5804808,40,-24,-104
1741509121.6264808,45,-93,-72
1741509121.671481,-4,76,-44
1741509121.717481,-32,2,-14
1741509121.763481,53,32,-30
1741509121.808481,-46,34,51
1741509121.854481,83,-33,-69
1741509121.900481,-40,-24,-38
1741509121.946481,-10,-102,-56
1741509121.9914808,-86,19,-11
1741509122.0374808,-58,-18,-35
1741509122.0834808,23,23,-41
1741509122.128481,-25,44,-157
1741509122.174481,-50,41,-15
1741509122.220481,0,29,-235
1741509122.266481,42,36,-133
1741509122.311481,-23,-39,-1
1741509122.357481,38,-44,-35
1741509122.403481,-32,-42,-83
1741509122.4484808,-18,81,-175
1741509122.4944808,30,-83,-167
1741509122.5404809,49,-14,-89
1741509122.5864809,39,-12,-97
1741509122.631481,-40,57,-85
1741509122.677481,-7,-9,-9
1741509122.723481,34,38,-68
1741509122.768481,28,36,-207
1741509122.814481,28,75,-135
1741509122.860481,-23,39,-28
1741509122.906481,29,15,-37
1741509122.9514809,63,-17,-176
1741509122.9974809,63,0,-28
1741509123.0434809,-56,-22,-68
1741509123.088481,93,25,-146
1741509123.140481,-79,10,-192
1741509123.186481,-10,18,-175
1741509123.2314808,-46,-31,-155
1741509123.2774808,43,32,-52
1741509123.3234808,-74,-8,-70
1741509123.368481,15,-36,-106
1741509123.414481,-32,44,0
1741509123.460481,23,-33,-45
1741509123.505481,45,36,-23
1741509123.551481,-10,-17,-33
1741509123.597481,52,70,-23
1741509123.643481,25,-11,-49
1741509123.6884809,-12,20,0
1741509123.7344809,-10,-43,16
1741509123.7804809,91,-2,-109
1741509123.825481,0,22,-25
1741509123.871481,-12,-33,-35
1741509123.917481,-34,-20,-127
1741509123.963481,-22,-59,-191
1741509124.008481,-70,38,20
1741509124.054481,31,36,50
1741509124.100481,0,-1,-149
1741509124.1454809,-80,26,-171
1741509124.1914809,-19,-4,-119
1741509124.2374809,-39,27,-141
1741509124.283481,-1,-20,-83
1741509124.328481,48,115,-189
1741509124.374481,12,17,-73
1741509124.420481,-87,-9,-105
1741509124.4654808,1,1,4
1741509124.5114808,31,-33,-153
1741509124.5574808,-12,-43,-67
1741509124.6034808,63,-1,-192
1741509124.648481,2,-39,-32
1741509124.694481,22,-26,-6
1741509124.740481,-2,-17,-98
1741509124.785481,-40,21,40
1741509124.831481,14,30,-126
1741509124.877481,-51,34,-72
1741509124.923481,42,90,-84
1741509124.9684808,-32,-7,-100
1741509125.0144808,23,-20,-68
1741509125.0604808,-1,-3,-48
1741509125.105481,-4,20,-32
1741509125.151481,-26,-67,-102
1741509125.197481,-24,-55,-214
1741509125.243481,-124,-3,-80
1741509125.288481,7,38,-76
1741509125.334481,-25,-4,-62
1741509125.380481,-29,1,-32
1741509125.4254808,36,51,-66
1741509125.4714808,-47,9,-24
1741509125.5174809,4,-30,-82
1741509125.5634809,16,-18,-138
1741509125.608481,-21,21,-82
1741509125.654481,-26,-57,-160
1741509125.700481,-80,-57,-68
1741509125.745481,-36,-23,-118
1741509125.791481,32,-18,-62
1741509125.837481,4,-48,-144
1741509125.883481,-26,-23,-104
1741509125.9284809,44,-17,-182
1741509125.9744809,-3,-19,-66
1741509126.0204809,50,-19,-46
1741509126.065481,54,0,-112
1741509126.111481,23,18,-50
1741509126.157481,-51,-20,-104
1741509126.203481,38,-70,-68
1741509126.248481,-1,-34,-66
1741509126.2944808,63,18,-70
1741509126.3404808,34,35,-118
1741509126.3854809,-34,35,-192
1741509126.431481,-6,-18,-126
1741509126.477481,17,-60,-110
1741509126.523481,37,-2,-110
1741509126.568481,-1,-22,-216
1741509126.614481,-47,-24,-15
1741509126.660481,-79,-36,-39
1741509126.7054808,55,-98,-15
1741509126.7514808,-40,-2,-241
1741509126.7974808,-33,1,10
1741509126.8434808,2,79,-45
1741509126.888481,6,33,-23
1741509126.934481,-29,32,-67
1741509126.980481,0,-59,-33
1741509127.025481,-87,-95,-75
1741509127.071481,-3,2,-49
1741509127.117481,-57,-37,-49
1741509127.163481,20,36,-67
1741509127.2084808,-35,14,-64
1741509127.2544808,-40,-21,-210
1741509127.3004808,63,22,26
1741509127.345481,-3,17,2
1741509127.391481,14,91,-61
1741509127.437481,8,-35,-89
1741509127.483481,-32,-5,-113
1741509127.528481,-34,10,-81
1741509127.574481,21,-19,-121
1741509127.620481,37,-3,-111
1741509127.6654809,9,-27,-183
1741509127.7114809,75,34,72
1741509127.7574809,19,41,-53
1741509127.8034809,27,-48,-43
1741509127.848481,-74,-3,-127
1741509127.894481,11,-41,-103
1741509127.940481,73,5,-98
1741509127.985481,36,44,0
1741509128.031481,58,28,-92
1741509128.077481,-17,48,-256
1741509128.123481,-71,-29,-150
1741509128.1684809,12,-47,-158
1741509128.2144809,-4,49,-2
1741509128.2604809,-72,23,-48
1741509128.305481,-68,-26,-30
1741509128.351481,10,-44,-10
1741509128.397481,3,-66,-36
1741509128.443481,-42,-64,-52
1741509128.4884808,-40,-52,-84
1741509128.5344808,11,-12,45
1741509128.5804808,-42,9,-86
1741509128.625481,79,45,22
1741509128.671481,-50,51,-136
1741509128.717481,-25,-33,-8
1741509128.763481,-7,-35,23
1741509128.808481,-42,20,-97
1741509128.854481,37,-61,-9
1741509128.900481,-47,-50,-53
1741509128.9454808,-51,3,-105
1741509128.9914808,-35,16,-37
1741509129.0374808,-49,-19,-69
1741509129.0834808,-18,0,-145
1741509129.128481,-56,-40,-43
1741509129.174481,-2,-4,-7
1741509129.220481,52,-99,-109
1741509129.265481,2,76,-89
1741509129.311481,13,-10,-47
1741509129.357481,-64,-5,22
1741509129.403481,57,-28,-33
1741509129.4484808,83,-36,-3
1741509129.4944808,17,-2,-133
1741509129.5404809,17,31,38
1741509129.585481,-14,65,-91
1741509129.631481,8,2,36
1741509129.677481,17,20,-141
1741509129.723481,7,68,-199
1741509129.768481,-28,-27,-51
1741509129.814481,53,-55,-119
1741509129.860481,23,-35,-113
1741509129.9054809,-34,-49,-79
1741509129.9514809,-7,-41,-57
1741509129.9974809,-53,-37,-45
1741509130.0434809,84,-85,-174
1741509130.088481,49,35,-120
1741509130.134481,0,13,-10
1741509130.180481,9,9,-5
1741509130.225481,9,31,-75
1741509130.271481,15,-62,-51
1741509130.3174808,59,-30,-124
1741509130.3624809,-9,-59,-93
1741509130.408481,14,84,-119
1741509130.454481,-25,-46,-138
1741509130.500481,46,-60,-45
1741509130.545481,60,-4,-25
1741509130.591481,2,44,-9
1741509130.637481,-27,-86,-89
1741509130.6824808,58,-32,-137
1741509130.7284808,-81,10,-87
1741509130.7744808,12,-8,-45
1741509130.8204808,88,77,-53
1741509130.865481,44,113,70
1741509130.911481,-61,-40,-75
1741509130.957481,-55,-40,-93
1741509131.002481,-21,-38,-99
1741509131.048481,-51,-16,-101
1741509131.094481,28,23,-17
1741509131.140481,-9,-36,-185
1741509131.1854808,-29,-48,-47
1741509131.2314808,42,-34,-51
1741509131.2774808,1,59,-131
1741509131.322481,1,-84,-69
1741509131.368481,34,-6,-60
1741509131.414481,-19,-108,-118
1741509131.460481,-26,14,-90
1741509131.505481,-40,6,-46
1741509131.551481,45,-25,-144
1741509131.597481,59,-55,35
1741509131.6424809,-12,18,-24
1741509131.6884809,23,26,-42
1741509131.7344809,37,17,53
1741509131.7804809,-24,-52,-148
1741509131.825481,-24,7,-16
1741509131.871481,87,3,-89
1741509131.917481,63,-48,-143
1741509131.962481,37,37,-147
1741509132.008481,-42,-59,0
1741509132.054481,83,-45,-61
1741509132.100481,-42,30,-51
1741509132.1454809,-26,-45,-39
1741509132.1914809,48,22,-135
1741509132.2374809,28,-43,-34
1741509132.282481,61,55,-13
1741509132.328481,-69,-50,16
1741509132.374481,-3,52,-175
1741509132.420481,44,-66,-37
1741509132.4654808,15,-9,-89
1741509132.5114808,-33,-54,-71
1741509132.5574808,48,-12,-125
1741509132.602481,81,-38,-81
1741509132.648481,-96,-116,-177
1741509132.694481,-55,-91,-75
1741509132.740481,-21,22,-73
1741509132.785481,-107,-50,-47
1741509132.831481,102,-9,-177
1741509132.877481,-11,75,-67
1741509132.9224808,-15,-26,-93
1741509132.9684808,112,-74,-101
1741509133.0144808,14,-8,-109
1741509133.0604808,84,75,-77
1741509133.111481,-7,-78,-35
1741509133.157481,0,-42,-65
1741509133.202481,-17,25,-163
1741509133.248481,16,-70,-71
1741509133.2944808,-43,17,-143
1741509133.3404808,6,-62,-175
1741509133.3854809,-49,-2,-169
1741509133.431481,86,29,-135
1741509133.477481,6,-48,-107
1741509133.522481,-28,-49,44
1741509133.568481,-74,-19,-112
1741509133.614481,79,110,-108
1741509133.660481,8,-16,-117
1741509133.7054808,-11,17,-69
1741509133.7514808,-18,14,-113
1741509133.7974808,-42,-15,-71
1741509133.842481,-13,35,-25
1741509133.888481,-2,-7,-63
1741509133.934481,14,-20,-51
1741509133.980481,31,-65,-8
1741509134.025481,53,-29,-251
1741509134.071481,57,46,-147
1741509134.117481,-9,-50,-85
1741509134.1624808,63,34,-5
1741509134.2084808,15,22,-45
1741509134.2544808,-34,16,-95
1741509134.3004808,23,-47,-71
1741509134.345481,-20,-41,-11
1741509134.391481,-39,-112,-185
1741509134.437481,-61,25,-157
1741509134.482481,-55,37,-135
1741509134.528481,32,7,-61
1741509134.574481,104,-50,-75
1741509134.620481,18,3,86
1741509134.6654809,-4,-15,-86
1741509134.7114809,37,-85,-160
1741509134.7574809,-22,44,-88
1741509134.802481,-21,-60,-76
1741509134.848481,14,19,-91
1741509134.894481,-17,46,26
1741509134.940481,-22,48,-97
1741509134.985481,-24,-27,-25
1741509135.031481,7,-21,-159
1741509135.077481,-62,52,-83
1741509135.1224809,-50,2,-63
1741509135.1684809,17,-67,6
1741509135.2144809,-28,-9,-19
1741509135.2604809,17,56,-56
1741509135.305481,-60,-77,-78
1741509135.351481,-28,-63,-126
1741509135.397481,-46,0,-4
1741509135.4424808,110,0,-118
1741509135.4884808,-35,12,-158
1741509135.5344808,-41,-24,-34
1741509135.5804808,36,-3,-112
1741509135.625481,7,-9,-20
1741509135.671481,-34,-13,-74
1741509135.717481,-14,40,-60
1741509135.762481,55,4,-38
1741509135.808481,1,-3,-158
1741509135.854481,-2,6,77
1741509135.900481,64,42,-80
1741509135.9454808,16,-7,-20
1741509135.9914808,-13,-41,-30
1741509136.0374808,-15,35,39
1741509136.082481,-17,-23,-96
1741509136.128481,-3,-6,-92
1741509136.174481,-135,-72,-160
1741509136.220481,24,11,0
1741509136.265481,-25,25,-64
1741509136.311481,6,32,-98
1741509136.357481,-1,11,-50
1741509136.4024808,0,101,-122
1741509136.4484808,44,-27,-78
1741509136.4944808,40,-13,-18
1741509136.5404809,12,-25,-114
1741509136.585481,72,40,-76
1741509136.631481,0,-15,-78
1741509136.677481,19,0,-6
1741509136.722481,45,50,-76
1741509136.768481,-20,22,-114
1741509136.814481,-26,46,-149
1741509136.860481,-84,-35,-117
1741509136.9054809,-11,101,-145
1741509136.9514809,-57,-25,-147
1741509136.9974809,-33,14,-39
1741509137.042481,-39,26,-17
1741509137.088481,-22,24,-59
1741509137.134481,-68,-5,-71
1741509137.179481,-65,-29,-45
1741509137.225481,10,12,-121
1741509137.271481,-79,-5,-43
1741509137.3174808,-21,28,-11
1741509137.3624809,-25,-13,-103
1741509137.408481,4,28,-111
1741509137.454481,-8,-49,-11
1741509137.499481,-88,-73,-141
1741509137.545481,45,86,-67
1741509137.591481,-58,26,-69
1741509137.637481,-4,-19,-117
1741509137.6824808,-62,64,12
1741509137.7284808,51,-35,-103
1741509137.7744808,9,-1,-77
1741509137.819481,73,-23,-83
1741509137.865481,18,7,-57
1741509137.911481,6,50,-77
1741509137.957481,14,-35,-47
1741509138.002481,-11,70,-52
1741509138.048481,10,60,-56
1741509138.094481,0,58,-70
1741509138.1394808,-21,0,-139
1741509138.1854808,16,39,-7
1741509138.2314808,60,37,-15
1741509138.2774808,-45,35,-45
1741509138.322481,10,101,-3
1741509138.368481,-35,-23,46
1741509138.414481,31,0,-165
1741509138.459481,-36,56,-185
1741509138.505481,-31,-13,-91
1741509138.551481,37,46,-25
1741509138.597481,-10,-3,-1
1741509138.6424809,23,-83,-63
1741509138.6884809,28,-30,-131
1741509138.7344809,-4,42,-21
1741509138.779481,-76,38,-75
1741509138.825481,-21,-15,-159
1741509138.871481,12,-19,-139
1741509138.917481,91,-63,-87
1741509138.962481,33,0,-133
1741509139.008481,-18,15,-99
1741509139.054481,11,-54,-41
1741509139.0994809,29,-46,-91
1741509139.1454809,0,-49,-79
1741509139.1914809,35,-10,-53
1741509139.2374809,-36,-10,-113
1741509139.282481,-21,42,-43
1741509139.328481,-73,30,-97
1741509139.374481,-26,22,-35
1741509139.4194808,22,52,-83
1741509139.4654808,22,94,-121
1741509139.5114808,3,-38,-123
1741509139.5574808,39,-68,-145
1741509139.602481,55,6,-33
1741509139.648481,-48,-3,-9
1741509139.694481,-20,-23,-85
1741509139.739481,7,12,-19
1741509139.785481,57,-33,22
1741509139.831481,-5,62,-125
1741509139.877481,-69,-22,-49
1741509139.9224808,25,25,-41
1741509139.9684808,-38,11,-27
1741509140.0144808,-22,21,-213
1741509140.059481,59,13,-41
1741509140.105481,-47,52,-116
1741509140.151481,-16,37,-30
1741509140.197481,-9,-28,35
1741509140.242481,22,41,-78
1741509140.288481,50,-66,-28
1741509140.334481,-3,5,-108
1741509140.3794808,-5,39,57
1741509140.4254808,0,25,-44
1741509140.4714808,26,15,73
1741509140.5174809,36,19,-112
1741509140.562481,48,31,-112
1741509140.608481,-99,-8,-102
1741509140.654481,-67,-110,0
1741509140.699481,33,83,-55
1741509140.745481,15,-26,-105
1741509140.791481,32,2,-149
1741509140.837481,-35,-17,-61
1741509140.8824809,18,14,-27
1741509140.9284809,-119,6,-197
1741509140.9744809,58,48,-159
1741509141.019481,58,-1,-144
1741509141.065481,-61,-41,-35
1741509141.111481,24,40,-24
1741509141.157481,-27,34,-32
1741509141.202481,-11,-9,-46
1741509141.248481,-5,-17,-87
1741509141.2944808,-1,-23,-79
1741509141.3394809,-33,-41,-55
1741509141.3854809,28,-37,-58
1741509141.431481,-59,28,-4
1741509141.477481,-35,52,-144
1741509141.522481,105,-75,-108
1741509141.568481,-30,-32,-28
1741509141.614481,0,-89,-94
1741509141.6594808,67,-41,-88
1741509141.7054808,23,5,-98
1741509141.7514808,-50,31,65
1741509141.7974808,37,-37,-182
1741509141.842481,109,-19,-152
1741509141.888481,41,-13,-57
1741509141.934481,-18,-27,-13
1741509141.979481,-28,-31,-91
1741509142.025481,8,10,24
1741509142.071481,41,24,-133
1741509142.117481,-93,31,-59
1741509142.1624808,28,-28,-9
1741509142.2084808,-33,79,-87
1741509142.2544808,-78,-41,2
1741509142.299481,-21,-109,-95
1741509142.345481,27,16,-15
1741509142.391481,51,1,-161
1741509142.437481,30,-3,-47
1741509142.482481,-25,-33,-52
1741509142.528481,100,18,-26
1741509142.574481,1,-44,-112
1741509142.6194808,-6,32,-56
1741509142.6654809,115,25,-42
1741509142.7114809,-24,-16,-158
1741509142.7574809,-46,13,-50
1741509142.802481,31,95,25
1741509142.848481,5,30,3
1741509142.894481,9,-37,-52
1741509142.939481,-42,-51,-118
1741509142.985481,-9,-47,-112
1741509143.031481,29,14,-16
1741509143.077481,-18,-85,-54
1741509143.128481,-17,-34,-98
1741509143.174481,16,-14,121
1741509143.219481,45,22,-44
1741509143.265481,-28,-3,-48
1741509143.311481,112,-13,-68
1741509143.357481,-3,10,-132
1741509143.4024808,34,-27,19
1741509143.4484808,10,-61,-128
1741509143.4944808,-45,34,13
1741509143.539481,92,2,-56
1741509143.585481,-18,53,-124
1741509143.631481,44,18,-168
1741509143.677481,61,10,-87
1741509143.722481,-28,38,-86
1741509143.768481,-26,10,35
1741509143.814481,-14,50,-28
1741509143.8594809,-55,24,-68
1741509143.9054809,20,34,-168
1741509143.9514809,38,-15,0
1741509143.996481,22,52,-36
1741509144.042481,40,44,-90
1741509144.088481,103,-28,-42
1741509144.134481,9,5,11
1741509144.179481,-8,53,-26
1741509144.225481,-30,-15,-48
1741509144.271481,64,-39,-182
1741509144.3164809,32,6,35
1741509144.3624809,51,-34,-114
1741509144.408481,41,-64,-94
1741509144.454481,57,-84,-108
1741509144.499481,-132,-62,15
1741509144.545481,-54,-41,-47
1741509144.591481,27,21,-145
1741509144.6364808,-44,66,-47
1741509144.6824808,13,-29,-13
1741509144.7284808,-34,35,66
1741509144.7744808,28,-21,-43
1741509144.819481,61,27,-111
1741509144.865481,9,23,-47
1741509144.911481,67,-58,66
1741509144.956481,-18,1,-77
1741509145.002481,3,113,-37
1741509145.048481,86,89,-43
1741509145.094481,49,5,-17
1741509145.1394808,-27,-14,-127
1741509145.1854808,6,-92,-159
1741509145.2314808,80,64,-163
1741509145.276481,14,-33,-67
1741509145.322481,-31,32,-39
1741509145.368481,-27,-20,-15
1741509145.414481,-5,-73,-55
1741509145.459481,9,38,62
1741509145.505481,0,-25,-19
1741509145.551481,-47,-15,64
1741509145.5964808,30,-38,-147
1741509145.6424809,-39,11,-173
1741509145.6884809,-45,17,-67
1741509145.7344809,-7,69,-25
1741509145.779481,16,1,-13
1741509145.825481,-5,-31,-105
1741509145.871481,-23,23,-73
1741509145.916481,36,-45,-3
1741509145.962481,-14,24,-77
1741509146.008481,38,7,-27
1741509146.054481,30,33,-103
1741509146.0994809,-81,2,-15
1741509146.1454809,48,-56,-29
1741509146.1914809,4,-19,-91
1741509146.236481,-1,-11,18
1741509146.282481,-33,-99,-117
1741509146.328481,-15,-27,-3
1741509146.374481,-61,-21,-47
1741509146.4194808,-13,-17,14
1741509146.4654808,-41,-12,-119
1741509146.5114808,-21,-52,-137
1741509146.556481,6,-34,-71
1741509146.602481,8,-22,-107
1741509146.648481,-74,36,-121
1741509146.694481,73,-17,-95
1741509146.739481,83,-27,-43
1741509146.785481,75,-13,74
1741509146.831481,-10,-47,18
1741509146.8764808,-142,-3,-207
1741509146.9224808,-30,-15,42
1741509146.9684808,19,-2,-165
1741509147.0144808,-36,-86,-93
1741509147.059481,-22,7,26
1741509147.105481,12,-15,-131
1741509147.151481,17,-10,0
1741509147.196481,-89,-44,-141
1741509147.242481,133,9,-145
1741509147.288481,-46,9,-59
1741509147.334481,-71,-76,-69
1741509147.3794808,-43,-56,-53
1741509147.4254808,-33,25,-95
1741509147.4714808,30,-20,-199
1741509147.516481,-32,71,-59
1741509147.562481,-61,45,-59
1741509147.608481,0,-15,-237
1741509147.654481,-31,17,-169
1741509147.699481,72,-36,-115
1741509147.745481,-8,17,-33
1741509147.791481,-39,-25,-67
1741509147.8364809,8,0,-41
1741509147.8824809,35,-98,-71
1741509147.9284809,-7,17,26
1741509147.9744809,-5,5,-79
1741509148.019481,30,-90,-81
1741509148.065481,22,22,-91
1741509148.111481,-8,-37,-283
1741509148.156481,-8,-19,-43
1741509148.202481,33,10,-5
1741509148.248481,-54,-25,-103
1741509148.2944808,-56,45,-143
1741509148.3394809,1,35,-108
1741509148.3854809,-15,-24,-81
1741509148.431481,7,-37,22
1741509148.476481,-38,21,-73
1741509148.522481,30,-31,-87
1741509148.568481,34,-7,-23
1741509148.614481,10,-32,-169
1741509148.6594808,26,13,42
1741509148.7054808,-32,-17,-119
1741509148.7514808,47,34,-111
1741509148.796481,63,11,-129
1741509148.842481,-12,-20,-79
1741509148.888481,-37,-28,60
1741509148.934481,-11,-10,-151
1741509148.979481,16,-16,-93
1741509149.025481,-45,-28,-23
1741509149.071481,-29,-20,-135
1741509149.1164808,-81,-79,-3
1741509149.1624808,76,-68,-185
1741509149.2084808,-47,-37,-7
1741509149.2544808,80,34,-95
1741509149.299481,28,16,-159
1741509149.345481,-13,23,-41
1741509149.391481,-23,-34,-11
1741509149.436481,7,-20,-65
1741509149.482481,-17,-9,-103
1741509149.528481,26,-42,-123
1741509149.574481,10,-14,-23
1741509149.6194808,-123,-85,-77
1741509149.6654809,-65,-25,-173
1741509149.7114809,-65,0,-55
1741509149.756481,0,8,-109
1741509149.802481,-38,-49,-129
1741509149.848481,-58,-11,-117
1741509149.894481,-80,64,-59
1741509149.939481,-31,5,-73
1741509149.985481,-8,68,-43
1741509150.031481,-58,22,-69
1741509150.0764809,-6,-5,-88
1741509150.1224809,9,34,-22
1741509150.1684809,-46,-61,-86
1741509150.2144809,1,-7,-6
1741509150.259481,64,1,-83
1741509150.305481,70,-36,-103
1741509150.351481,38,31,-19
1741509150.396481,130,-42,22
1741509150.4424808,8,17,-37
1741509150.4884808,-29,39,-33
1741509150.5344808,10,-10,-23
1741509150.579481,2,27,-207
1741509150.625481,-9,-26,-55
1741509150.670481,22,-16,-175
1741509150.7154808,28,-34,-133
1741509150.7614808,20,-44,-11
1741509150.8074808,-37,1,-77
1741509150.852481,-11,-30,-51
1741509150.898481,-72,-78,2
1741509150.944481,13,-38,-155
1741509150.989481,-88,-42,-29
1741509151.035481,49,-14,-77
1741509151.081481,-80,-64,-175
1741509151.127481,20,-16,80
1741509151.1724808,-61,-86,2
1741509151.2184808,-13,-76,16
1741509151.2644808,-37,-14,26
1741509151.309481,36,75,-41
1741509151.355481,4,-34,-163
1741509151.401481,28,3,-23
1741509151.447481,12,-34,-41
1741509151.492481,22,75,-175
1741509151.538481,2,47,-17
1741509151.584481,-11,13,52
1741509151.6294808,45,2,-69
1741509151.6754808,-47,29,42
1741509151.7214808,-44,24,-63
1741509151.7674809,57,-41,6
1741509151.812481,39,20,-23
1741509151.858481,-38,46,-135
1741509151.904481,34,24,-201
1741509151.949481,63,-87,-79
1741509151.995481,-66,3,-19
1741509152.041481,83,43,-153
1741509152.087481,28,-6,104
1741509152.1324809,1,-10,-17
1741509152.1784809,-8,83,-49
1741509152.2244809,-41,62,-78
1741509152.269481,21,62,-18
1741509152.315481,21,46,9
1741509152.361481,-25,1,-84
1741509152.407481,56,20,-86
1741509152.452481,-77,-11,-126
1741509152.498481,-21,-5,-88
1741509152.5444808,-9,-29,-44
1741509152.5894809,16,-79,-86
1741509152.6354809,-45,-20,-126
1741509152.681481,-81,-35,-102
1741509152.727481,-17,3,-24
1741509152.772481,-38,-31,-178
1741509152.818481,23,38,-110
1741509152.864481,-21,31,-92
1741509152.9094808,112,-48,-148
1741509152.9554808,-97,-84,-54
1741509153.0014808,54,-12,9
1741509153.0474808,-62,-15,-148
1741509153.092481,23,-50,-20
1741509153.144481,0,-33,-30
1741509153.189481,1,5,-99
1741509153.235481,-2,-14,-142
1741509153.281481,27,-24,-48
1741509153.327481,17,9,-116
1741509153.3724809,-16,19,-105
1741509153.4184809,5,11,1
1741509153.4644809,-56,-26,-58
1741509153.509481,-14,83,-26
1741509153.555481,43,-42,-101
1741509153.601481,-3,62,-78
1741509153.647481,-52,-26,-111
1741509153.6924808,73,-46,2
1741509153.7384808,-76,-22,-137
1741509153.7844808,-52,-134,-131
1741509153.829481,-2,-98,-57
1741509153.875481,-12,45,16
1741509153.921481,-2,3,18
1741509153.967481,1,-30,-27
1741509154.012481,-44,38,-45
1741509154.058481,-50,25,-100
1741509154.104481,27,19,-40
1741509154.1494808,26,-19,35
1741509154.1954808,-6,27,-151
1741509154.2414808,-8,-50,-87
1741509154.2874808,20,6,-171
1741509154.332481,29,43,-83
1741509154.378481,6,14,-107
1741509154.424481,0,-28,-173
1741509154.469481,-20,0,10
1741509154.515481,-67,45,-1
1741509154.561481,44,-6,-101
1741509154.607481,-63,-71,-93
1741509154.6524808,-6,-68,14
1741509154.6984808,5,-59,-57
1741509154.7444808,126,7,-55
1741509154.789481,38,77,-41
1741509154.835481,-39,-4,-7
1741509154.881481,8,-46,-161
1741509154.927481,32,52,-111
1741509154.972481,-13,-23,-105
1741509155.018481,-44,-14,-17
1741509155.064481,69,-18,-19
1741509155.1094809,-6,23,16
1741509155.1554809,13,-40,73
1741509155.2014809,-70,61,-59
1741509155.2474809,-18,29,-94
1741509155.292481,5,-84,-58
1741509155.338481,44,72,0
1741509155.384481,0,51,-167
1741509155.429481,44,-29,-71
1741509155.476481,12,-73,-73
1741509155.522481,-47,12,-35
1741509155.568481,8,16,-61
1741509155.6134808,-33,2,20
1741509155.6594808,63,19,-237
1741509155.7054808,-32,9,-85
1741509155.7514808,21,-6,-93
1741509155.796481,-35,7,-195
1741509155.842481,-1,-16,-35
1741509155.888481,82,75,-153
1741509155.933481,-18,-8,-123
1741509155.979481,-21,-55,-33
1741509156.025481,40,42,-77
1741509156.071481,-1,-35,-115
1741509156.1164808,-31,-26,28
1741509156.1624808,54,-74,-101
1741509156.2084808,20,-14,-65
1741509156.253481,12,-62,-47
1741509156.299481,-53,21,67
1741509156.345481,41,106,0
1741509156.391481,-12,-29,-44
1741509156.436481,17,-21,-10
1741509156.482481,-88,42,-204
1741509156.528481,21,-57,-114
1741509156.5734808,-4,-5,-112
1741509156.6194808,-8,58,-140
1741509156.6654809,21,8,-56
1741509156.7114809,7,-83,-172
1741509156.756481,-106,20,31
1741509156.802481,64,-30,-104
1741509156.848481,31,-2,-108
1741509156.893481,27,-8,-88
1741509156.939481,21,-2,-102
1741509156.985481,-52,-16,-46
1741509157.031481,-74,18,-166
1741509157.0764809,15,-48,-50
1741509157.1224809,-74,-52,35
1741509157.1684809,-64,-42,-152
1741509157.213481,-61,-5,-202
1741509157.259481,-79,40,-132
1741509157.305481,2,14,-148
1741509157.351481,65,-57,-84
1741509157.396481,-72,42,-28
1741509157.4424808,77,72,-116
1741509157.4884808,-12,-14,57
1741509157.533481,-91,-39,-116
1741509157.579481,-12,60,-46
1741509157.625481,-69,-27,-112
1741509157.671481,-49,0,-86
1741509157.716481,-9,31,-82
1741509157.762481,-23,15,-112
1741509157.808481,-19,31,-42
1741509157.8534808,-75,-4,-104
1741509157.8994808,-25,-26,-32
1741509157.9454808,80,7,-128
1741509157.990481,-15,17,-130
1741509158.036481,-69,15,-194
1741509158.082481,-71,-24,-166
1741509158.128481,26,-75,-26
1741509158.173481,36,0,-118
1741509158.219481,-1,11,-126
1741509158.265481,48,-40,-124
1741509158.3104808,87,63,-150
1741509158.3564808,-1,-10,-170
1741509158.4024808,32,65,-137
1741509158.4484808,-49,67,-107
1741509158.493481,-69,-64,-15
1741509158.539481,-19,3,-129
1741509158.585481,-80,46,-23
1741509158.630481,-38,4,-27
1741509158.676481,62,85,-95
1741509158.722481,-37,-6,-55
1741509158.768481,-30,-51,-87
1741509158.8134809,7,108,-87
1741509158.8594809,95,-53,-61
1741509158.9054809,-7,38,-33
1741509158.950481,7,-35,85
1741509158.996481,-64,15,-40
1741509159.042481,-2,-16,-79
1741509159.088481,1,-62,-147
1741509159.133481,-2,34,-103
1741509159.179481,105,16,-71
1741509159.225481,7,104,-54
1741509159.2704809,-70,-19,-80
1741509159.3164809,-35,-52,51
1741509159.3624809,12,5,-46
1741509159.408481,103,70,26
1741509159.453481,-60,-9,-77
1741509159.499481,-30,-23,-148
1741509159.545481,-20,37,-79
1741509159.5904808,-18,0,-59
1741509159.6364808,-16,16,-85
1741509159.6824808,97,40,-105
1741509159.7284808,12,-32,-89
1741509159.773481,-70,-116,-105
1741509159.819481,-82,41,-43
1741509159.865481,41,-10,8
1741509159.910481,55,21,-191
1741509159.956481,16,1,-99
1741509160.002481,17,-14,-241
1741509160.048481,-43,-42,-45
1741509160.0934808,-26,-24,-49
1741509160.1394808,95,37,-99
1741509160.1854808,36,1,-149
1741509160.230481,18,-36,0
1741509160.276481,-12,-17,-32
1741509160.322481,7,6,-40
1741509160.368481,-116,51,39
1741509160.413481,-30,4,-78
1741509160.459481,13,107,-32
1741509160.505481,-20,-21,-58
1741509160.5504808,29,-21,-66
1741509160.5964808,-34,-87,-50
1741509160.6424809,-8,70,-138
1741509160.6884809,-2,-71,-74
1741509160.733481,-20,41,-54
1741509160.779481,63,-2,-66
1741509160.825481,69,-68,3
1741509160.870481,-26,-48,-94
1741509160.916481,-8,-4,-50
1741509160.962481,-57,-6,-96
1741509161.008481,-79,5,-110
1741509161.0534809,-34,50,-42
1741509161.0994809,39,46,-112
1741509161.1454809,20,1,-30
1741509161.190481,18,63,-2
1741509161.236481,-64,-44,-102
1741509161.282481,-4,-17,-38
1741509161.328481,-40,-25,-102
1741509161.373481,-7,63,-138
1741509161.4194808,19,-11,-88
1741509161.4654808,-16,-23,-76
1741509161.5104809,38,69,-48
1741509161.556481,24,-50,-158
1741509161.602481,-15,7,-128
1741509161.648481,62,-26,-192
1741509161.693481,22,3,33
1741509161.739481,137,-13,-40
1741509161.785481,2,-2,-14
1741509161.8304808,18,25,-196
1741509161.8764808,-10,32,-170
1741509161.9224808,95,-3,-70
1741509161.9684808,-4,-47,40
1741509162.013481,7,-62,-84
1741509162.059481,1,61,-2
1741509162.105481,19,-56,-151
1741509162.150481,19,35,-110
1741509162.196481,3,3,53
1741509162.242481,0,0,87
1741509162.288481,4,-40,-138
1741509162.3334808,-35,5,-22
1741509162.3794808,0,-92,-64
1741509162.4254808,31,-16,-58
1741509162.470481,-30,-14,-15
1741509162.516481,-35,-26,70
1741509162.562481,-79,-6,-35
1741509162.608481,24,3,-185
1741509162.653481,16,-55,-114
1741509162.699481,-31,-25,44
1741509162.745481,36,-67,-249
1741509162.7904809,-45,-37,-64
1741509162.8364809,14,50,40
1741509162.8824809,-91,-59,-56
1741509162.9284809,-42,-15,-94
1741509162.973481,3,25,88
1741509163.019481,110,20,-182
1741509163.065481,-9,-9,93
1741509163.110481,53,-94,9
1741509163.1624808,20,40,-40
1741509163.2084808,56,-41,25
1741509163.253481,90,46,-67
1741509163.299481,26,-61,-86
1741509163.345481,51,-36,-89
1741509163.390481,-30,-50,25
1741509163.436481,-34,-34,-126
1741509163.482481,13,31,-96
1741509163.528481,1,-22,41
1741509163.5734808,57,-34,-188
1741509163.6194808,-67,-23,-38
1741509163.6654809,72,25,-148
1741509163.710481,4,37,-96
1741509163.756481,0,-56,-50
1741509163.802481,24,56,-102
1741509163.848481,-8,14,-238
1741509163.893481,-14,14,-42
1741509163.939481,8,-24,-148
1741509163.985481,-51,20,-40
1741509164.0304809,56,-94,-44
1741509164.0764809,-49,57,-116
1741509164.1224809,30,-43,-145
1741509164.1684809,24,28,-19
1741509164.213481,30,-25,-199
1741509164.259481,-58,0,-215
1741509164.305481,7,-23,-67
1741509164.350481,39,12,-67
1741509164.396481,-98,-19,-61
1741509164.4424808,-5,0,-27
1741509164.4884808,79,-29,-91
1741509164.533481,27,30,-217
1741509164.579481,-7,-53,-35
1741509164.625481,28,-62,73
1741509164.670481,60,-23,-41
1741509164.716481,0,-38,20
1741509164.762481,-25,-30,-105
1741509164.8074808,38,21,-99
1741509164.8534808,46,33,-15
1741509164.8994808,32,-46,-59
1741509164.9454808,-69,51,14
1741509164.990481,41,69,-44
1741509165.036481,78,-99,-15
1741509165.082481,43,14,-118
1741509165.127481,93,16,-46
1741509165.173481,5,-75,-70
1741509165.219481,32,-7,-33
1741509165.265481,-23,-31,-60
1741509165.3104808,50,-83,11
1741509165.3564808,-39,-55,-96
1741509165.4024808,-9,-11,-118
1741509165.447481,-61,20,0
1741509165.493481,62,-31,-102
1741509165.539481,34,8,-62
1741509165.585481,35,-24,-143
1741509165.630481,-36,0,-114
1741509165.676481,-1,46,-140
1741509165.722481,-100,-34,-79
1741509165.7674809,39,-28,-69
1741509165.8134809,37,29,-49
1741509165.8594809,-41,39,-75
1741509165.9054809,128,-12,-129
1741509165.950481,-15,4,-35
1741509165.996481,-37,-17,-119
1741509166.042481,44,-12,-46
1741509166.087481,-15,5,-164
1741509166.133481,30,37,-134
1741509166.179481,-27,27,26
1741509166.225481,-65,-40,-117
1741509166.2704809,30,-38,-75
1741509166.3164809,-37,23,-95
1741509166.3624809,17,10,-98
1741509166.407481,-20,-22,32
1741509166.453481,32,3,-55
1741509166.499481,-31,-42,-39
1741509166.545481,-9,5,14
1741509166.5904808,4,17,-63
1741509166.6354809,1,-40,-155
1741509166.681481,19,43,-91
1741509166.726481,-12,-52,-121
1741509166.772481,5,-6,-145
1741509166.818481,-14,-56,-59
1741509166.8634808,-78,-34,-105
1741509166.9094808,-102,-3,-47
1741509166.9554808,9,43,18
1741509167.0014808,55,-33,-61
1741509167.046481,-12,33,78
1741509167.092481,1,9,-89
1741509167.138481,12,-38,-3
1741509167.183481,45,-16,-81
1741509167.229481,27,78,126
1741509167.275481,85,29,-53
1741509167.321481,43,40,-169
1741509167.3664808,-69,-7,-27
1741509167.4124808,-32,-37,-61
1741509167.4584808,-20,84,-167
1741509167.503481,8,-46,-87
1741509167.549481,-51,1,36
1741509167.595481,-95,38,-177
1741509167.641481,-16,-36,-133
1741509167.686481,-42,40,-15
1741509167.732481,-60,34,-29
1741509167.778481,-28,32,-115
1741509167.8234808,19,-67,24
1741509167.8694808,-76,8,-33
1741509167.9154809,29,-33,-135
1741509167.9614809,69,-27,26
1741509168.006481,6,41,16
1741509168.052481,-37,7,-205
1741509168.098481,14,-24,-155
1741509168.143481,16,5,-43
1741509168.189481,-1,7,-17
1741509168.235481,20,-12,-103
1741509168.281481,-37,43,-149
1741509168.3264809,-15,1,70
1741509168.3724809,17,-33,14
1741509168.4184809,13,18,-159
1741509168.463481,19,-5,-79
1741509168.509481,41,24,-75
1741509168.555481,-46,30,38
1741509168.601481,-20,-3,100
1741509168.646481,59,-47,-63
1741509168.6924808,19,10,-119
1741509168.7384808,25,26,-131
1741509168.783481,42,-78,-131
1741509168.829481,-41,-31,-65
1741509168.875481,27,10,-121
1741509168.921481,4,-39,-92
1741509168.966481,-73,0,-66
1741509169.012481,-20,38,-107
1741509169.058481,-43,61,20
1741509169.1034808,6,-16,-71
1741509169.1494808,-107,-48,-101
1741509169.1954808,-65,17,-29
1741509169.2414808,34,83,-81
1741509169.286481,-77,9,-106
1741509169.332481,9,-6,1
1741509169.378481,-7,-18,-146
1741509169.423481,-49,34,-62
1741509169.469481,2,-28,-22
1741509169.515481,58,10,-182
1741509169.561481,-3,38,35
1741509169.6064808,-66,-49,69
1741509169.6524808,15,-78,-42
1741509169.6984808,-10,-85,57
1741509169.743481,-27,34,-114
1741509169.789481,-27,-24,-76
1741509169.835481,78,-12,-94
1741509169.881481,-13,-42,-56
1741509169.926481,78,-58,27
1741509169.972481,-45,-22,-84
1741509170.018481,-3,15,-34
1741509170.0634809,18,-15,-62
1741509170.1094809,49,-30,-60
1741509170.1554809,-2,77,-56
1741509170.2014809,55,-1,-33
1741509170.246481,-28,-39,-55
1741509170.292481,41,-17,-27
1741509170.338481,59,-3,-59
1741509170.383481,7,26,-93
1741509170.429481,17,74,-1
1741509170.475481,6,16,-121
1741509170.521481,-32,-5,-99
1741509170.5664809,7,-27,-91
1741509170.6124809,63,-7,-37
1741509170.658481,-4,-11,-17
1741509170.703481,7,72,-27
1741509170.749481,13,-40,-115
1741509170.795481,-26,-34,-29
1741509170.841481,13,0,-103
1741509170.8864808,30,58,-131
1741509170.9324808,0,-6,-159
1741509170.9784808,-16,11,-51
1741509171.023481,-46,7,-125
1741509171.069481,79,35,-91
1741509171.115481,-58,-52,-99
1741509171.161481,-65,-25,-103
1741509171.206481,29,-12,-87
1741509171.252481,19,13,-99
1741509171.298481,9,-11,2
1741509171.3434808,39,-28,-79
1741509171.3894808,-12,5,-147
1741509171.4354808,3,-34,-77
1741509171.4814808,29,1,-107
1741509171.526481,-124,-34,48
1741509171.572481,13,-66,-113
1741509171.618481,48,14,-39
1741509171.663481,10,20,6
1741509171.709481,-1,76,-45
1741509171.755481,59,59,-113
1741509171.8004808,-54,107,-7
1741509171.8464808,39,-40,32
1741509171.8924809,-18,29,-55
1741509171.9384809,15,9,-77
1741509171.983481,33,1,48
1741509172.029481,-12,-8,-21
1741509172.075481,-39,-58,-17
1741509172.120481,-10,-48,-59
1741509172.166481,-2,19,-71
1741509172.212481,-34,-12,-87
1741509172.258481,-12,57,-51
1741509172.3034809,55,-26,16
1741509172.3494809,6,-31,32
1741509172.3954809,-63,15,-53
1741509172.440481,10,43,-49
1741509172.486481,-51,-69,-25
1741509172.532481,-67,-33,-71
1741509172.578481,60,-70,-183
1741509172.623481,4,3,64
1741509172.6694808,50,38,-65
1741509172.7154808,37,-24,-83
1741509172.7604809,1,51,-98
1741509172.806481,117,-84,-122
1741509172.852481,41,27,-126
1741509172.898481,0,-30,-166
1741509172.943481,-41,-16,-130
1741509172.989481,73,11,-58
1741509173.035481,7,37,-124
1741509173.0804808,11,9,-78
1741509173.1264808,-4,91,-44
1741509173.1784809,93,5,-92
1741509173.223481,-28,-66,-72
1741509173.269481,-52,9,-2
1741509173.315481,-21,46,-134
1741509173.360481,-4,-30,-96
1741509173.406481,37,19,-58
1741509173.452481,-17,-13,-10
1741509173.496481,-29,34,-74
1741509173.542481,-72,-56,-32
1741509173.588481,29,23,41
1741509173.634481,20,-68,-90
1741509173.679481,57,31,-20
1741509173.725481,-52,-19,-68
1741509173.771481,60,-3,85
1741509173.8164809,-47,25,-170
1741509173.8624809,16,41,-76
1741509173.908481,-67,-14,-140
1741509173.954481,-29,-10,-52
1741509173.999481,-5,81,-27
1741509174.045481,70,85,-165
1741509174.091481,71,-23,-33
1741509174.1364808,-17,15,-130
1741509174.1824808,-49,-14,-12
1741509174.2284808,-44,-93,139
1741509174.2744808,-55,0,-56
1741509174.319481,-76,18,25
1741509174.365481,-10,12,-98
1741509174.411481,-50,-61,-92
1741509174.456481,17,-35,-26
1741509174.502481,-14,-2,-72
1741509174.548481,19,46,-102
1741509174.594481,-70,11,-112
1741509174.6394808,83,-8,-116
1741509174.6854808,3,-62,-130
1741509174.7314808,-48,-36,-100
1741509174.776481,7,-38,-38
1741509174.822481,-38,-24,-90
1741509174.868481,97,5,-154
1741509174.914481,-64,-46,-122
1741509174.959481,4,41,65
1741509175.005481,-39,-12,75
1741509175.051481,-61,-94,-34
1741509175.0964808,-20,9,-72
1741509175.1424809,7,19,-14
1741509175.1884809,-96,-56,-54
1741509175.2344809,-20,-27,-121
1741509175.279481,5,-23,-63
1741509175.325481,21,55,-71
1741509175.371481,-76,51,-15
1741509175.416481,3,17,-157
1741509175.462481,5,-26,-99
1741509175.508481,-20,21,-61
1741509175.554481,83,-3,-77
1741509175.5994809,-16,-59,2
1741509175.6454809,29,-53,-51
1741509175.6914809,69,-15,-73
1741509175.736481,-25,-20,20
1741509175.782481,90,28,-103
1741509175.828481,11,28,-95
1741509175.874481,-11,-9,67
1741509175.9194808,4,32,-154
1741509175.9654808,-63,-36,-121
1741509176.0114808,-28,-11,-63
1741509176.056481,-12,44,-83
1741509176.102481,-14,10,16
1741509176.148481,21,-71,-5
1741509176.194481,-50,62,-61
1741509176.239481,-14,4,-97
1741509176.285481,-7,-82,-73
1741509176.331481,-32,-13,-175
1741509176.3764808,27,70,-187
1741509176.4224808,-26,24,-123
1741509176.4684808,-53,5,-95
1741509176.5144808,8,27,-111
1741509176.559481,-5,-110,-166
1741509176.605481,28,-4,-134
1741509176.651481,2,-56,-121
1741509176.696481,24,35,-19
1741509176.742481,28,-32,50
1741509176.788481,6,-68,-91
1741509176.834481,-5,-10,-7
1741509176.8794808,-11,55,-17
1741509176.9254808,52,-8,-141
1741509176.9714808,-45,-24,-117
1741509177.016481,8,-58,18
1741509177.062481,-12,36,-123
1741509177.108481,-36,-41,-69
1741509177.154481,27,0,-59
1741509177.199481,2,6,-29
1741509177.245481,6,-11,51
1741509177.291481,26,-5,-78
1741509177.3364809,-23,6,-122
1741509177.3824809,16,42,-70
1741509177.4284809,112,-71,57
1741509177.4744809,-5,-65,-114
1741509177.519481,-21,-53,-150
1741509177.565481,5,37,-132
1741509177.611481,23,47,-106
1741509177.656481,22,-3,-140
1741509177.702481,-50,11,-182
1741509177.748481,-55,80,-134
1741509177.7944808,-42,17,27
1741509177.8394809,13,-48,-63
1741509177.8854809,-4,-2,-111
1741509177.931481,-82,1,-47
1741509177.976481,35,9,-169
1741509178.022481,59,51,-117
1741509178.068481,-72,27,-33
1741509178.114481,-21,-59,-103
1741509178.1594808,49,37,-47
1741509178.2054808,-9,-33,0
1741509178.2514808,30,-7,-33
1741509178.296481,34,24,-67
1741509178.342481,72,22,-137
1741509178.388481,-3,-15,-121
1741509178.433481,-7,40,-39
1741509178.479481,-32,-9,-73
1741509178.525481,-3,-152,-99
1741509178.571481,22,5,-123
1741509178.6164808,-91,-26,-122
1741509178.6624808,-42,-84,-48
1741509178.7084808,-46,25,-164
1741509178.753481,56,0,-82
1741509178.799481,-29,-72,-170
1741509178.845481,3,29,-60
1741509178.891481,-22,35,-84
1741509178.936481,40,13,-142
1741509178.982481,-3,25,3
1741509179.028481,18,-5,-10
1741509179.0734808,-31,-7,43
1741509179.1194808,-19,36,-150
1741509179.1654809,19,-11,-43
1741509179.2114809,-16,-74,-15
1741509179.256481,-33,-47,-3
1741509179.302481,51,8,-125
1741509179.348481,-4,-41,-121
1741509179.393481,61,-37,-53
1741509179.439481,-68,22,-73
1741509179.485481,-43,-47,-183
1741509179.531481,20,49,-31
1741509179.5764809,68,-26,-11
1741509179.6224809,34,-24,-65
1741509179.6684809,4,-38,-27
1741509179.713481,-29,-58,-107
1741509179.759481,92,0,-145
1741509179.805481,55,71,-81
1741509179.851481,-52,37,-205
1741509179.896481,9,-20,-28
1741509179.9424808,31,67,-24
1741509179.9884808,-16,40,109
1741509180.033481,47,26,-90
1741509180.079481,-46,-34,33
1741509180.125481,-78,3,-152
1741509180.171481,-44,-4,-74
1741509180.216481,-72,-36,17
1741509180.262481,-31,-25,-194
1741509180.308481,14,12,-114
1741509180.3534808,26,104,-94
1741509180.3994808,-79,32,-62
1741509180.4454808,-23,-29,-102
1741509180.4914808,-29,-31,-44
1741509180.536481,16,0,-74
1741509180.582481,-56,15,-58
1741509180.628481,-48,3,-126
1741509180.673481,12,2,-66
1741509180.719481,-51,99,-170
1741509180.765481,15,3,-64
1741509180.811481,-1,-97,-164
1741509180.8564808,-24,-13,-50
1741509180.9024808,0,0,-98
1741509180.9484808,65,-7,-22
1741509180.993481,-10,34,-54
1741509181.039481,6,-3,-102
1741509181.085481,20,14,-58
1741509181.131481,12,-33,-144
1741509181.176481,-25,-67,-24
1741509181.222481,-77,-7,-218
1741509181.268481,96,-31,-130
1741509181.3134809,-83,30,-66
1741509181.3594809,-45,24,-122
1741509181.4054809,-51,-67,-148
1741509181.4514809,54,25,-114
1741509181.496481,70,-24,-38
1741509181.542481,36,0,29
1741509181.588481,-99,-31,-28
1741509181.633481,-63,-65,-78
1741509181.679481,86,-83,-110
1741509181.725481,20,-11,-78
1741509181.771481,56,-18,-34
1741509181.8164809,28,-1,-54
1741509181.8624809,-37,-55,-62
1741509181.908481,42,22,-40
1741509181.953481,-12,8,-84
1741509181.999481,23,52,-226
1741509182.045481,7,32,-30
1741509182.091481,-20,56,-116
1741509182.1364808,-25,0,-116
1741509182.1824808,104,-49,-72
1741509182.2284808,-89,-55,-182
1741509182.273481,66,48,-100
1741509182.319481,-29,-7,-100
1741509182.365481,-33,36,-12
1741509182.411481,23,-87,-146
1741509182.456481,90,73,-58
1741509182.502481,-51,-58,-52
1741509182.548481,20,-75,-64
1741509182.5934808,-31,-75,-84
1741509182.6394808,-60,-35,-104
1741509182.6854808,-59,-78,-100
1741509182.7314808,12,61,-42
1741509182.776481,-39,55,-70
1741509182.822481,59,64,-145
1741509182.868481,-19,65,-11
1741509182.913481,-43,65,-77
1741509182.959481,94,-38,-55
1741509183.005481,24,106,-7
1741509183.051481,14,-1,-123
1741509183.0964808,28,-29,-15
1741509183.148481,19,45,-37
1741509183.193481,24,-41,-69
1741509183.239481,48,-53,-85
1741509183.285481,10,28,-109
1741509183.331481,-6,41,-159
1741509183.3764808,-64,-15,-37
1741509183.4224808,-74,-7,-213
1741509183.4684808,15,6,-11
1741509183.513481,-50,39,-29
1741509183.559481,49,-19,-81
1741509183.605481,-32,-45,28
1741509183.651481,45,10,-213
1741509183.696481,-16,14,-133
1741509183.742481,-26,20,-87
1741509183.788481,-65,-38,-111
1741509183.8334808,13,70,-40
1741509183.8794808,-28,6,-114
1741509183.9254808,-26,20,-96
1741509183.9714808,-88,-41,-220
1741509184.016481,39,-45,-26
1741509184.062481,19,16,-130
1741509184.108481,3,38,-54
1741509184.153481,9,58,-44
1741509184.199481,3,-15,-60
1741509184.245481,-68,27,-40
1741509184.291481,-13,18,91
1741509184.3364809,-14,-76,-122
1741509184.3824809,-2,15,-146
1741509184.4284809,31,-38,-108
1741509184.473481,-13,-10,-64
1741509184.519481,24,45,-80
1741509184.565481,-15,18,-78
1741509184.611481,-35,46,-146
1741509184.656481,16,-82,19
1741509184.702481,28,-44,-160
1741509184.748481,-13,-48,-136
1741509184.7934809,48,-58,-78
1741509184.8394809,-4,-58,53
1741509184.8854809,52,0,-136
1741509184.931481,-5,17,-104
1741509184.976481,-7,29,-54
1741509185.022481,114,-62,-104
1741509185.068481,11,-22,19
1741509185.1134808,-68,-20,-66
1741509185.1594808,14,-21,-54
1741509185.2054808,75,6,-12
1741509185.250481,-32,35,-10
1741509185.296481,21,27,-70
1741509185.342481,-36,7,-94
1741509185.388481,-34,15,-146
1741509185.433481,-46,83,-84
1741509185.479481,-17,-17,-188
1741509185.525481,37,-22,-112
1741509185.5704808,54,17,-54
1741509185.6164808,69,40,-120
1741509185.6624808,-27,10,-78
1741509185.7084808,-59,30,-188
1741509185.753481,-19,56,-76
1741509185.799481,-69,-3,23
1741509185.845481,8,-21,19
1741509185.890481,-36,-78,-48
1741509185.936481,0,78,-146
1741509185.982481,42,-17,-176
1741509186.028481,28,22,-80
1741509186.0734808,-43,-59,-30
1741509186.1194808,21,0,-94
1741509186.1654809,-8,40,-90
1741509186.210481,-82,-67,-92
1741509186.256481,33,-1,-136
1741509186.302481,3,14,-156
1741509186.348481,-24,-17,-52
1741509186.393481,-6,-31,-140
1741509186.439481,-4,-5,-184
1741509186.485481,-46,8,-72
1741509186.5304809,-162,-67,36
1741509186.5764809,59,-53,-43
1741509186.6224809,43,48,-109
1741509186.6684809,43,-45,20
1741509186.713481,87,-53,-23
1741509186.759481,0,2,-47
1741509186.805481,-62,-19,-33
1741509186.850481,19,82,-181
1741509186.896481,-10,28,-55
1741509186.9424808,25,38,-16
1741509186.9884808,0,-49,-33
1741509187.033481,13,76,-25
1741509187.079481,0,-75,-48
1741509187.125481,0,-52,-78
1741509187.170481,57,-10,27
1741509187.216481,-6,7,79
1741509187.262481,-32,18,-184
1741509187.308481,0,-5,-100
1741509187.3534808,-25,51,-128
1741509187.3994808,37,-27,-100
1741509187.4454808,45,22,-164
1741509187.490481,-10,-21,51
1741509187.536481,-24,96,-106
1741509187.582481,-5,16,5
1741509187.628481,61,-23,-78
1741509187.673481,45,2,-146
1741509187.719481,-36,-5,-76
1741509187.765481,-75,-50,-100
1741509187.8104808,-120,-15,-166
1741509187.8564808,-26,46,-66
1741509187.9024808,-20,24,-116
1741509187.9484808,25,-7,-176
1741509187.993481,-46,-26,-24
1741509188.039481,2,-74,-30
1741509188.085481,-18,1,-64
1741509188.130481,69,-87,-184
1741509188.176481,-28,27,-188
1741509188.222481,-10,-11,-128
1741509188.268481,3,-54,-178
1741509188.3134809,9,103,-94
1741509188.3594809,39,-24,-136
1741509188.4054809,13,20,-103
1741509188.450481,-43,7,-46
1741509188.496481,-54,-2,-91
1741509188.542481,-30,67,-89
1741509188.588481,41,38,-227
1741509188.633481,27,-69,-1
1741509188.679481,1,-89,-127
1741509188.725481,-28,10,-107
1741509188.7704809,61,58,18
1741509188.8164809,107,-17,-13
1741509188.8624809,-18,-49,-169
1741509188.908481,59,60,-19
1741509188.953481,51,-7,-19
1741509188.999481,18,15,-35
1741509189.045481,-46,-47,-55
1741509189.0904808,133,38,-249
1741509189.1364808,132,-62,-69
1741509189.1824808,17,-1,-105
1741509189.2284808,57,-51,-85
1741509189.273481,-4,-47,-40
1741509189.319481,-66,-1,-158
1741509189.365481,15,64,-133
1741509189.410481,-12,24,-118
1741509189.456481,2,0,-84
1741509189.502481,79,36,43
1741509189.548481,-24,-36,24
1741509189.5934808,17,-25,-51
1741509189.6394808,117,19,-93
1741509189.6854808,23,-43,-87
1741509189.730481,-34,-27,-169
1741509189.776481,-111,-20,-9
1741509189.822481,-17,-38,-99
1741509189.868481,61,1,6
1741509189.913481,-14,-19,-51
1741509189.959481,96,-30,-91
1741509190.005481,-6,-3,-67
1741509190.0504808,36,-101,-115
1741509190.0964808,13,72,-133
1741509190.1424809,-2,44,11
1741509190.1884809,-28,-111,-160
1741509190.233481,20,-8,-186
1741509190.279481,14,-36,-74
1741509190.325481,-63,1,-174
1741509190.370481,44,-66,17
1741509190.416481,12,3,-84
1741509190.462481,56,-10,-24
1741509190.508481,-55,37,-20
1741509190.5534809,-39,69,-50
1741509190.5994809,-35,63,-196
1741509190.6454809,-11,25,25
1741509190.690481,-21,67,-170
1741509190.736481,16,19,-74
1741509190.782481,-31,-102,-60
1741509190.828481,22,-42,-132
1741509190.873481,-3,-78,-81
1741509190.9194808,112,-31,-83
1741509190.9654808,71,-13,-131
1741509191.0104809,21,-8,-111
1741509191.056481,69,-113,-67
1741509191.102481,-96,5,-89
1741509191.148481,-25,-29,-27
1741509191.193481,-90,-6,-141
1741509191.239481,15,25,-125
1741509191.285481,61,-18,-105
1741509191.3304808,-38,-36,-137
1741509191.3764808,-2,19,-157
1741509191.4224808,13,39,-141
1741509191.4684808,-8,-28,-107
1741509191.513481,-18,-13,-33
1741509191.559481,39,11,-151
1741509191.605481,-12,43,-39
1741509191.650481,37,64,6
1741509191.696481,-51,60,-45
1741509191.742481,-31,-12,-57
1741509191.788481,70,-51,-5
1741509191.8334808,19,5,-113
1741509191.8794808,59,-46,-42
1741509191.9254808,3,3,33
1741509191.970481,60,-69,-7
1741509192.016481,50,12,-61
1741509192.062481,-69,13,-107
1741509192.107481,52,76,-115
1741509192.153481,59,-44,-117
1741509192.199481,-12,-49,-99
1741509192.245481,-2,16,-143
1741509192.2904809,-53,-1,6
1741509192.3364809,44,-30,-133
1741509192.3824809,-27,-32,12
1741509192.427481,54,-20,-33
1741509192.473481,-47,59,-45
1741509192.519481,10,-43,-67
1741509192.565481,10,102,-77
1741509192.610481,78,-34,24
1741509192.656481,-86,-19,-37
1741509192.702481,-50,-61,5
1741509192.7474809,-1,-86,-31
1741509192.7934809,81,6,-63
1741509192.8394809,-15,-1,-195
1741509192.8854809,24,-74,-87
1741509192.930481,-44,-1,-15
1741509192.976481,-30,62,-95
1741509193.022481,-16,-54,-31
1741509193.0674808,21,10,-139
1741509193.1134808,53,-44,-85
1741509193.1654809,39,8,-59
1741509193.210481,-6,34,-147
1741509193.256481,21,12,-21
1741509193.302481,58,56,-161
1741509193.347481,-32,-24,-115
1741509193.393481,-68,48,-3
1741509193.439481,107,64,-101
1741509193.485481,-34,-83,-65
1741509193.5304809,63,32,14
1741509193.5764809,-28,-29,-61
1741509193.6224809,-12,4,-34
1741509193.667481,-62,28,-104
1741509193.713481,-44,-5,40
1741509193.759481,40,-49,-207
1741509193.805481,72,40,-45
1741509193.850481,34,-13,-99
1741509193.896481,81,-19,-15
1741509193.9424808,29,-13,-55
1741509193.9874809,0,-47,-33
1741509194.033481,-20,18,-46
1741509194.079481,-2,80,-53
1741509194.125481,23,-1,-69
1741509194.170481,33,-28,-47
1741509194.216481,27,-64,-31
1741509194.262481,-18,61,-113
1741509194.3074808,-40,91,-67
1741509194.3534808,60,-18,-59
1741509194.3994808,-70,-17,-129
1741509194.4454808,38,-2,-91
1741509194.490481,48,53,-97
1741509194.536481,-61,-30,11
1741509194.582481,-65,39,-48
1741509194.627481,50,-7,-134
1741509194.673481,18,34,-136
1741509194.719481,-47,66,15
1741509194.765481,74,12,123
1741509194.8104808,18,-3,-146
1741509194.8564808,8,40,-102
1741509194.9024808,-19,-99,-2
1741509194.947481,11,90,-82
1741509194.993481,-77,0,-90
1741509195.039481,-2,-33,-68
1741509195.085481,-13,-54,-122
1741509195.130481,-67,7,-140
1741509195.176481,8,21,-22
1741509195.222481,-27,-8,-45
1741509195.2674809,26,-18,-87
1741509195.3134809,-40,26,-38
1741509195.3594809,16,26,-249
1741509195.4054809,-29,15,-147
1741509195.450481,8,5,-165
1741509195.496481,-1,-52,-99
1741509195.542481,4,23,-7
1741509195.587481,-65,17,-7
1741509195.633481,48,-32,-91
1741509195.679481,66,-46,-47
1741509195.725481,8,-12,-67
1741509195.7704809,25,24,-15
1741509195.8164809,-49,-68,2
1741509195.8624809,2,-34,-45
1741509195.907481,18,97,-119
1741509195.953481,10,-2,-205
1741509195.999481,-57,1,-65
1741509196.045481,60,-14,-125
1741509196.0904808,24,113,-158
1741509196.1364808,30,-2,-204
1741509196.1824808,-63,3,-111
1741509196.227481,-78,16,-123
1741509196.273481,29,-53,-63
1741509196.319481,-10,-33,-125
1741509196.365481,-28,-53,-25
1741509196.410481,71,40,10
1741509196.456481,-46,-49,-89
1741509196.502481,22,-6,-123
1741509196.5474808,-65,19,-105
1741509196.5934808,-47,-18,-35
1741509196.6394808,-85,-65,-21
1741509196.6854808,34,30,-29
1741509196.730481,-1,58,-107
1741509196.776481,6,-14,-155
1741509196.822481,39,-27,-53
1741509196.867481,-24,-93,-143
1741509196.913481,37,4,-189
1741509196.959481,-30,24,44
1741509197.005481,19,40,-149
1741509197.0504808,-23,22,-61
1741509197.0964808,-23,4,-15
1741509197.1424809,28,20,-97
1741509197.187481,-37,-37,-43
1741509197.233481,-31,-19,-51
1741509197.279481,66,16,40
1741509197.325481,-3,-12,36
1741509197.370481,134,16,-69
1741509197.416481,6,-34,-47
1741509197.462481,0,57,-15
1741509197.5074809,3,-33,-45
1741509197.5534809,22,-8,-135
1741509197.5994809,39,16,-129
1741509197.6454809,-6,-13,-21
1741509197.690481,-6,32,-11
1741509197.736481,43,12,-127
1741509197.782481,27,-19,-65
1741509197.827481,-7,-37,-65
1741509197.873481,90,-44,-145
1741509197.9194808,-13,-25,-133
1741509197.9654808,14,-5,-51
1741509198.0104809,-45,-21,-23
1741509198.056481,75,-7,-13
1741509198.101481,-28,8,-111
1741509198.146481,27,49,102
1741509198.1924808,28,32,-139
1741509198.2384808,24,-35,48
1741509198.283481,-29,-60,-81
1741509198.329481,62,-18,-111
1741509198.375481,29,-53,-67
1741509198.421481,29,-21,-45
1741509198.466481,38,-6,-30
1741509198.512481,5,-11,-40
1741509198.558481,-48,30,-54
1741509198.6034808,-46,59,21
1741509198.6494808,-54,-17,-56
1741509198.6954808,-40,-68,-36
1741509198.7414808,23,22,-70
1741509198.786481,-15,32,-156
1741509198.832481,-7,-3,-170
1741509198.878481,68,4,-208
1741509198.923481,-7,12,-50
1741509198.969481,4,1,7
1741509199.015481,53,-6,-22
1741509199.0604808,22,-83,-15
1741509199.1064808,85,-40,-197
1741509199.1524808,27,49,-163
1741509199.1984808,-15,-54,-67
1741509199.243481,2,-14,-59
1741509199.289481,-67,-8,-23
1741509199.335481,43,-37,0
1741509199.380481,25,6,-115
1741509199.426481,59,6,46
1741509199.472481,4,34,72
1741509199.518481,-1,55,-87
1741509199.5634809,34,21,104
1741509199.6094809,-41,-70,14
1741509199.6554809,0,29,-89
1741509199.700481,-28,-30,-61
1741509199.746481,-5,63,-143
1741509199.792481,-70,19,15
1741509199.838481,11,9,-179
1741509199.883481,19,-10,-115
1741509199.929481,86,29,-67
1741509199.975481,-69,41,6
1741509200.0204809,-29,-25,-27
1741509200.0664809,-50,-27,-45
1741509200.1124809,-2,-35,-137
1741509200.158481,28,-10,-273
1741509200.203481,-57,-35,-123
1741509200.249481,20,40,-61
1741509200.295481,82,-64,0
1741509200.3404808,-31,29,-27
1741509200.3864808,6,-60,-169
1741509200.4324808,-29,-77,-158
1741509200.4784808,-31,-26,-129
1741509200.523481,-47,49,-71
1741509200.569481,3,-42,-95
1741509200.615481,-112,-8,-127
1741509200.660481,-34,-24,14
1741509200.706481,65,-56,-115
1741509200.752481,0,-24,-45
1741509200.798481,-31,-38,-23
1741509200.8434808,63,3,-61
1741509200.8894808,81,-46,-33
1741509200.9354808,-58,-24,6
1741509200.980481,4,-46,-123
1741509201.026481,-7,69,-147
1741509201.072481,58,-28,-121
1741509201.118481,-59,43,-155
1741509201.163481,8,53,-127
1741509201.209481,-49,33,-99
1741509201.255481,-53,5,22
1741509201.3004808,46,7,-163
1741509201.3464808,64,13,-27
1741509201.3924809,28,-6,-37
1741509201.4384809,-49,37,-83
1741509201.483481,36,-62,-107
1741509201.529481,-83,-28,-153
1741509201.575481,-11,130,-49
1741509201.620481,-4,27,-13
1741509201.666481,-12,22,-117
1741509201.712481,-58,20,-77
1741509201.758481,-40,-10,-65
1741509201.8034809,115,-41,-69
1741509201.8494809,-22,21,54
1741509201.8954809,-9,-3,-87
1741509201.940481,-69,-3,-119
1741509201.986481,-65,-39,48
1741509202.032481,36,52,-69
1741509202.078481,14,48,-39
1741509202.123481,-7,74,-53
1741509202.1694808,24,-29,-137
1741509202.2154808,-33,-22,34
1741509202.2604809,-41,1,-21
1741509202.306481,-1,-10,-7
1741509202.352481,0,-86,-19
1741509202.398481,18,89,-141
1741509202.443481,-27,39,-71
1741509202.489481,38,-22,-75
1741509202.535481,-25,-22,-59
1741509202.5804808,19,47,-15
1741509202.6264808,-36,35,-97
1741509202.6724808,101,-16,-99
1741509202.7184808,-14,-100,-129
1741509202.763481,-102,-57,-47
1741509202.809481,67,-9,-27
1741509202.855481,29,56,-143
1741509202.900481,19,70,-221
1741509202.946481,-14,-36,-181
1741509202.992481,1,41,-49
1741509203.038481,-64,-10,-103
1741509203.0834808,91,-46,-91
1741509203.1294808,-29,34,34
1741509203.180481,-32,55,-71
1741509203.226481,-34,1,-43
1741509203.272481,-52,-28,-81
1741509203.318481,-8,35,-20
1741509203.3634808,11,15,-166
1741509203.410481,-7,-80,-60
1741509203.456481,-7,-33,-46
1741509203.502481,-6,39,23
1741509203.5474808,-51,-26,0
1741509203.5934808,0,-39,-38
1741509203.6394808,15,4,-92
1741509203.684481,53,44,-110
1741509203.730481,-65,31,-14
1741509203.776481,-20,-9,-56
1741509203.822481,-42,45,-124
1741509203.867481,37,57,-150
1741509203.913481,-87,-21,-100
1741509203.959481,-3,22,-172
1741509204.0044808,-53,50,-54
1741509204.0504808,-29,-25,-57
1741509204.0964808,16,46,-53
1741509204.1424809,67,-71,-21
1741509204.187481,35,-10,-33
1741509204.233481,-66,-24,-111
1741509204.279481,-56,-32,-71
1741509204.324481,6,-62,-72
1741509204.370481,-81,43,-83
1741509204.416481,19,-64,-39
1741509204.462481,-92,-18,-27
1741509204.5074809,-50,-68,-77
1741509204.5534809,5,-36,-211
1741509204.5994809,9,-4,-181
1741509204.644481,3,-2,-29
1741509204.690481,31,-32,-115
1741509204.736481,-36,55,-45
1741509204.782481,-21,7,-127
1741509204.827481,-31,35,29
1741509204.873481,-11,47,-93
1741509204.9194808,-57,31,-157
1741509204.9644809,-13,-28,-109
1741509205.0104809,2,-20,14
1741509205.056481,8,53,-95
1741509205.102481,-20,-67,-9
1741509205.147481,4,63,-137
1741509205.193481,59,2,-101
1741509205.239481,21,26,8
1741509205.2844808,-54,42,-29
1741509205.3304808,18,-33,-7
1741509205.3764808,52,-33,24
1741509205.4224808,-6,-5,-43
1741509205.467481,37,-19,-46
1741509205.513481,-43,-27,-89
1741509205.559481,56,23,-55
1741509205.604481,40,-68,-21
1741509205.650481,36,-15,-117
1741509205.696481,-13,37,-107
1741509205.742481,64,-17,-52
1741509205.7874808,44,-45,-32
1741509205.8334808,-41,42,-62
1741509205.8794808,-29,-25,-22
1741509205.924481,42,-97,-54
1741509205.970481,52,-8,-68
1741509206.016481,57,-18,-82
1741509206.061481,-36,-52,-6
1741509206.107481,-12,-44,-93
1741509206.153481,60,8,-53
1741509206.199481,-68,0,-158
1741509206.2444808,65,10,-162
1741509206.2904809,9,12,-118
1741509206.3364809,-36,-11,-214
1741509206.381481,59,46,-88
1741509206.427481,-40,-81,-54
1741509206.473481,19,30,-58
1741509206.519481,61,-5,-184
1741509206.564481,-48,66,-100
1741509206.610481,-47,9,-60
1741509206.656481,84,5,-134
1741509206.7014809,28,17,-158
1741509206.7474809,-19,-15,15
1741509206.7934809,-89,-19,-90
1741509206.8394809,64,-32,-42
1741509206.884481,-55,66,-56
1741509206.930481,4,-6,-114
1741509206.976481,93,61,-132
1741509207.021481,-47,13,-112
1741509207.0674808,-27,-56,-119
1741509207.1134808,-26,-29,-119
1741509207.1594808,14,31,-92
1741509207.204481,-103,-54,-78
1741509207.250481,6,-64,-224
1741509207.296481,45,16,-69
1741509207.341481,-32,26,-169
1741509207.387481,-11,93,24
1741509207.433481,-21,15,-83
1741509207.479481,74,-26,-158
1741509207.5244808,-2,-44,-56
1741509207.5704808,-56,6,-98
1741509207.6164808,5,-14,-40
1741509207.661481,19,-52,-56
1741509207.707481,35,14,-48
1741509207.753481,12,-69,-116
1741509207.799481,-12,26,77
1741509207.844481,-42,-89,-112
1741509207.890481,37,-95,-36
1741509207.936481,9,-1,-16
1741509207.9814808,70,-14,-28
1741509208.0274808,-3,65,-136
1741509208.0734808,-19,91,-222
1741509208.1194808,-15,5,-87
1741509208.164481,-61,-16,-94
1741509208.210481,17,-71,-78
1741509208.256481,95,24,-90
1741509208.301481,31,12,-40
1741509208.347481,75,-39,-130
1741509208.393481,-54,57,-56
1741509208.439481,69,-27,-38
1741509208.4844809,-46,14,-40
1741509208.5304809,-23,25,-26
1741509208.5764809,-68,-65,-122
1741509208.621481,-18,-50,-40
1741509208.667481,37,10,-92
1741509208.713481,-53,-122,-130
1741509208.759481,65,-2,-68
1741509208.804481,76,61,-50
1741509208.850481,30,-10,-78
1741509208.896481,55,10,-108
1741509208.9414809,29,16,-98
1741509208.9874809,-6,32,-200
1741509209.033481,51,16,-29
1741509209.079481,0,-17,-48
1741509209.124481,3,28,-34
1741509209.170481,-6,-27,-88
1741509209.216481,-28,-60,-108
1741509209.2614808,-23,45,-12
1741509209.3074808,-53,-8,-140
1741509209.3534808,-34,-36,-89
1741509209.3994808,-32,20,-46
1741509209.444481,-4,-34,-83
1741509209.490481,-19,53,-111
1741509209.536481,-43,71,-18
1741509209.581481,16,-52,-75
1741509209.627481,0,30,-31
1741509209.673481,38,63,-111
1741509209.719481,-19,-18,-61
1741509209.7644808,-29,21,-81
1741509209.8104808,-77,37,-45
1741509209.8564808,106,41,-91
1741509209.901481,-78,-14,82
1741509209.947481,41,-69,-43
1741509209.993481,23,9,-185
1741509210.039481,61,-22,-15
1741509210.084481,-64,-64,-73
1741509210.130481,98,9,-223
1741509210.176481,90,6,18
1741509210.2214808,-13,-41,-157
1741509210.2674809,-25,23,-15
1741509210.3134809,-13,1,-97
1741509210.3594809,-6,-34,-115
1741509210.404481,-30,39,-99
1741509210.450481,-11,-7,-105
1741509210.496481,-72,-7,-77
1741509210.541481,15,-39,-119
1741509210.587481,-46,-3,-145
1741509210.633481,-68,-13,-57
1741509210.679481,-46,-44,-39
1741509210.7244809,9,-28,-79
1741509210.7704809,1,-58,-111
1741509210.8164809,11,-36,-63
1741509210.861481,-36,22,-63
1741509210.907481,-40,2,10
1741509210.953481,15,-33,-81
1741509210.999481,-36,-13,-105
1741509211.0444808,-4,30,-159
1741509211.0904808,3,-9,-51
1741509211.1364808,47,64,74
1741509211.181481,-22,28,102
1741509211.227481,-47,43,-55
1741509211.273481,-40,28,-55
1741509211.319481,-20,-11,-106
1741509211.364481,7,-21,-32
1741509211.410481,-1,-8,-126
1741509211.456481,22,-9,-19
1741509211.5014808,42,-79,-223
1741509211.5474808,74,-81,0
1741509211.5934808,0,1,-33
1741509211.6394808,29,20,-133
1741509211.684481,12,-29,-61
1741509211.730481,-44,26,-23
1741509211.776481,-36,58,-139
1741509211.821481,17,-11,-115
1741509211.867481,-109,20,-125
1741509211.913481,-11,8,-103
1741509211.959481,-79,-59,-83
1741509212.0044808,-39,-53,-31
1741509212.0504808,-33,-41,-71
1741509212.0964808,-35,2,-55
1741509212.141481,18,139,-77
1741509212.187481,-25,-35,-27
1741509212.233481,2,-67,-65
1741509212.279481,54,-35,-101
1741509212.324481,-1,-35,-121
1741509212.370481,10,-23,-79
1741509212.416481,-89,-27,-195
1741509212.4614809,-1,3,-131
1741509212.5074809,-23,9,-103
1741509212.5534809,46,-54,-135
1741509212.5994809,-15,-20,-69
1741509212.644481,-15,-26,-87
1741509212.690481,-3,-58,-217
1741509212.736481,-29,-97,-43
1741509212.781481,-10,-47,-221
1741509212.827481,10,57,-79
1741509212.873481,-30,-101,-55
1741509212.9184809,-2,32,-137
1741509212.9644809,33,11,-57
1741509213.0104809,-98,-48,-83
1741509213.056481,25,55,80
1741509213.101481,-46,13,-3
1741509213.147481,101,-30,-53
1741509213.1984808,70,-4,-145
1741509213.2444808,11,64,-39
1741509213.2904809,3,-43,-7
1741509213.3364809,23,4,-61
1741509213.381481,25,-15,-61
1741509213.427481,-48,-21,-1
1741509213.473481,59,78,-173
1741509213.518481,141,-35,-137
1741509213.564481,-52,34,98
1741509213.610481,39,-8,-71
1741509213.656481,20,-69,-201
1741509213.7014809,7,23,-63
1741509213.7474809,-58,2,-33
1741509213.7934809,-48,-49,-29
1741509213.838481,19,-25,-43
1741509213.884481,1,-22,-71
1741509213.930481,15,11,-91
1741509213.976481,-60,26,-67
1741509214.021481,23,-1,-107
1741509214.0674808,-16,14,-123
1741509214.1134808,21,-81,-60
1741509214.158481,-8,44,-73
1741509214.204481,28,-5,-135
1741509214.250481,2,-26,-57
1741509214.296481,-23,19,-81
1741509214.341481,26,10,-55
1741509214.387481,-47,-21,-13
1741509214.433481,-37,-8,-185
1741509214.4784808,90,0,-53
1741509214.5244808,-69,17,-175
1741509214.5704808,-31,-28,-71
1741509214.6164808,-51,-6,38
1741509214.661481,28,49,-67
1741509214.707481,-66,-5,-81
1741509214.753481,6,39,-86
1741509214.798481,-7,-30,-108
1741509214.844481,64,-48,-72
1741509214.890481,-3,-68,15
1741509214.936481,6,-24,-10
1741509214.9814808,-115,13,-70
1741509215.0274808,-1,13,-114
1741509215.0734808,12,51,-52
1741509215.118481,-7,23,-64
1741509215.164481,56,45,-46
1741509215.210481,12,-26,-124
1741509215.256481,6,-38,-28
1741509215.301481,-21,-20,-94
1741509215.347481,50,-16,45
1741509215.393481,-5,22,-64
1741509215.4384809,43,33,-122
1741509215.4844809,21,33,-90
1741509215.5304809,-15,7,-66
1741509215.5764809,46,37,-74
1741509215.621481,21,10,26
1741509215.667481,-15,-52,-43
1741509215.713481,-15,51,-53
1741509215.758481,-43,-10,-60
1741509215.804481,58,-56,-102
1741509215.850481,-9,-92,-36
1741509215.896481,32,39,-54
1741509215.9414809,77,37,25
1741509215.9874809,-13,-68,-58
1741509216.033481,-24,-25,-183
1741509216.078481,-36,4,-154
1741509216.124481,13,-21,-186
1741509216.170481,1,49,75
1741509216.216481,-95,19,-50
1741509216.2614808,-54,-12,-24
1741509216.3074808,18,-6,-64
1741509216.3534808,-35,57,-22
1741509216.398481,-14,14,-68
1741509216.444481,-14,-23,-64
1741509216.490481,25,16,-69
1741509216.536481,34,27,-102
1741509216.581481,22,-20,-181
1741509216.627481,21,0,-87
1741509216.673481,-78,-7,-43
1741509216.7184808,23,-17,-142
1741509216.7644808,-54,-51,-152
1741509216.8104808,-18,80,-65
1741509216.8564808,1,36,-55
1741509216.901481,24,-72,-59
1741509216.947481,-10,-37,-141
1741509216.993481,15,-61,-31
1741509217.038481,25,18,-197
1741509217.084481,-8,23,48
1741509217.130481,-22,101,-53
1741509217.176481,-38,3,36
1741509217.2214808,47,-15,-93
1741509217.2674809,45,-49,-135
1741509217.3134809,-34,-4,-215
1741509217.358481,-34,-27,-113
1741509217.404481,5,24,-151
1741509217.450481,35,-5,-125
1741509217.496481,-14,61,-97
1741509217.541481,0,-14,-93
1741509217.587481,47,-72,-116
1741509217.633481,13,45,-29
1741509217.6784809,19,3,-111
1741509217.7244809,6,-8,-149
1741509217.7704809,78,-16,-71
1741509217.8164809,-39,59,-75
1741509217.861481,-1,-34,-99
1741509217.907481,-4,-29,-84
1741509217.953481,2,-22,-49
1741509217.998481,32,-20,-49
1741509218.0444808,-9,-36,-101
1741509218.0904808,-5,-22,-123
1741509218.1364808,27,24,-121
1741509218.181481,23,-35,-86
1741509218.227481,30,-1,-60
1741509218.273481,20,2,-64
1741509218.318481,-65,-49,-96
1741509218.364481,28,6,-58
1741509218.410481,18,26,-128
1741509218.456481,-13,-9,-56
1741509218.5014808,-10,23,-80
1741509218.5474808,10,32,-130
1741509218.5934808,-54,57,-84
1741509218.638481,7,-66,-38
1741509218.684481,-58,-92,-180
1741509218.730481,11,-24,-56
1741509218.776481,-17,11,-131
1741509218.821481,75,-7,-50
1741509218.867481,20,-40,-66
1741509218.913481,-23,-49,-80
1741509218.9584808,24,9,7
1741509219.0044808,-5,45,-180
1741509219.0504808,-3,-17,-130
1741509219.0964808,-44,-14,-46
1741509219.141481,-68,29,7
1741509219.187481,100,-31,-137
1741509219.233481,39,-18,-112
1741509219.278481,-17,-13,-118
1741509219.324481,13,59,-4
1741509219.370481,79,5,-100
1741509219.416481,-52,-10,-185
1741509219.4614809,64,-53,-27
1741509219.5074809,44,30,-83
1741509219.5534809,16,30,-127
1741509219.598481,-31,40,-92
1741509219.644481,-48,-6,-34
1741509219.690481,25,38,-62
1741509219.735481,-54,-14,-68
1741509219.781481,-26,-12,63
1741509219.827481,-12,9,35
1741509219.873481,45,41,9
1741509219.9184809,-46,-78,-60
1741509219.9644809,-2,-59,-142
1741509220.0104809,-47,-53,15
1741509220.055481,-15,-21,-44
1741509220.101481,-1,-37,5
1741509220.147481,-20,-37,-178
1741509220.193481,-6,-9,-80
1741509220.2384808,-5,-1,1
1741509220.2844808,40,-41,-48
1741509220.3304808,-36,44,-46
1741509220.375481,-49,44,-34
1741509220.421481,61,-83,-32
1741509220.467481,-14,64,13
1741509220.513481,33,-71,-70
1741509220.558481,21,-51,-132
1741509220.604481,7,-5,-72
1741509220.650481,61,-41,1
1741509220.6954808,49,58,-132
1741509220.7414808,-102,-13,-287
1741509220.7874808,35,-37,-51
1741509220.8334808,-73,14,-75
1741509220.878481,-50,34,-53
1741509220.924481,-16,11,-125
1741509220.970481,19,32,-61
1741509221.015481,31,-21,-171
1741509221.061481,-68,17,-13
1741509221.107481,29,-45,-161
1741509221.153481,-47,26,-39
1741509221.1984808,30,-6,-189
1741509221.2444808,-51,26,-157
1741509221.2904809,-91,29,-181
1741509221.335481,-44,-1,-137
1741509221.381481,-33,-82,-83
1741509221.427481,24,-2,-91
1741509221.473481,-116,0,-165
1741509221.518481,41,-22,-15
1741509221.564481,-26,-42,-149
1741509221.610481,5,-64,-117
1741509221.6554809,3,41,-65
1741509221.7014809,41,-7,-139
1741509221.7474809,0,-103,-213
1741509221.7934809,68,55,-235
1741509221.838481,-76,33,-51
1741509221.884481,13,-62,-113
1741509221.930481,-40,-67,-33
1741509221.975481,-64,-83,-99
1741509222.021481,19,4,-168
1741509222.0674808,57,-11,-139
1741509222.1134808,13,-38,-51
1741509222.158481,-30,7,-65
1741509222.204481,-57,3,-55
1741509222.250481,15,45,-89
1741509222.295481,52,-2,-103
1741509222.341481,82,-68,-39
1741509222.387481,-16,47,-61
1741509222.433481,51,-23,-37
1741509222.4784808,37,56,-41
1741509222.5244808,48,29,-81
1741509222.5704808,-25,7,-103
1741509222.615481,90,-52,-61
1741509222.6624808,-14,9,-101
1741509222.7084808,52,19,-129
1741509222.7544808,-10,-57,-131
1741509222.799481,-46,-21,-65
1741509222.845481,61,-49,-147
1741509222.891481,-10,2,-71
1741509222.937481,44,-40,-19
1741509222.982481,-22,-5,-25
1741509223.028481,-9,43,-177
1741509223.074481,-142,-20,-7
1741509223.1194808,115,9,-155
1741509223.1654809,63,3,-55
1741509223.217481,-27,-18,-33
1741509223.262481,2,-108,-241
1741509223.308481,-71,41,-95
1741509223.354481,12,-2,-117
1741509223.3994808,16,67,-93
1741509223.4454808,-18,-17,-1
1741509223.4914808,4,-6,-145
1741509223.5374808,-38,-19,-85
1741509223.582481,-98,32,-75
1741509223.628481,-56,-58,-88
1741509223.674481,69,67,-70
1741509223.719481,17,-23,7
1741509223.765481,-104,47,1
1741509223.811481,-20,-50,-214
1741509223.857481,111,-56,29
1741509223.9024808,1,94,-108
1741509223.9484808,65,-7,-58
1741509223.9944808,-6,-11,-68
1741509224.039481,-18,-22,-210
1741509224.085481,-32,37,19
1741509224.131481,35,-10,-156
1741509224.177481,33,-48,-218
1741509224.222481,1,85,-36
1741509224.268481,1,-22,-34
1741509224.314481,0,53,71
1741509224.3594809,-12,45,-30
1741509224.4054809,5,73,79
1741509224.4514809,-24,-42,-112
1741509224.4974809,19,1,-22
1741509224.542481,3,69,-74
1741509224.588481,-24,-24,-104
1741509224.634481,19,13,1
1741509224.679481,33,1,-216
1741509224.725481,45,37,-38
1741509224.771481,3,-16,16
1741509224.8174808,-6,5,-23
1741509224.8624809,-38,-90,-7
1741509224.908481,118,-51,-125
1741509224.954481,3,-36,-75
1741509224.999481,-71,-5,-59
1741509225.045481,-55,14,-69
1741509225.091481,5,30,-49
1741509225.137481,-12,9,-115
1741509225.1824808,-46,7,-103
1741509225.2284808,-21,-9,-87
1741509225.2744808,-42,-34,-93
1741509225.319481,-14,27,-25
1741509225.365481,-32,67,-189
1741509225.411481,-64,27,-55
1741509225.457481,2,6,-75
1741509225.502481,5,36,-147
1741509225.548481,-38,60,-19
1741509225.594481,25,20,-157
1741509225.6394808,13,12,-59
1741509225.6854808,-1,39,-21
1741509225.7314808,68,4,-171
1741509225.7774808,14,-15,-53
1741509225.822481,64,6,-145
1741509225.868481,-19,46,-63
1741509225.914481,-3,66,-45
1741509225.959481,-9,-81,20
1741509226.005481,-23,11,-57
1741509226.051481,-69,17,-79
1741509226.097481,-48,-43,68
1741509226.1424809,-28,24,-83
1741509226.1884809,43,-67,-79
1741509226.2344809,25,-43,11
1741509226.279481,-12,-29,-226
1741509226.325481,-23,20,-144
1741509226.371481,-73,-23,-120
1741509226.416481,78,15,-94
1741509226.462481,-45,-108,-108
1741509226.508481,-24,-13,-84
1741509226.554481,10,-5,-104
1741509226.5994809,70,32,-82
1741509226.6454809,30,6,49
1741509226.6914809,1,37,-152
1741509226.736481,-72,-42,-174
1741509226.782481,-58,10,-140
1741509226.828481,-29,-30,-8
1741509226.874481,19,-55,-62
1741509226.9194808,12,-41,-96
1741509226.9654808,23,7,-108
1741509227.0114808,-4,3,-26
1741509227.056481,10,-22,-112
1741509227.102481,1,77,-92
1741509227.148481,61,-18,-66
1741509227.194481,-6,-58,-36
1741509227.239481,0,-73,-50
1741509227.285481,24,24,-116
1741509227.331481,-9,-47,-16
1741509227.3764808,-35,14,-100
1741509227.4224808,16,-17,-146
1741509227.4684808,34,12,-26
1741509227.5144808,-28,4,-86
1741509227.559481,5,-19,25
1741509227.605481,35,-67,-154
1741509227.651481,-46,-27,-168
1741509227.696481,102,46,-110
1741509227.742481,-37,66,-64
1741509227.788481,6,48,-100
1741509227.834481,-8,58,-44
1741509227.8794808,23,21,-98
1741509227.9254808,77,-8,-130
1741509227.9714808,68,-10,-46
1741509228.016481,-1,-26,-16
1741509228.062481,-71,14,-54
1741509228.108481,8,-9,-70
1741509228.154481,37,52,-92
1741509228.199481,73,13,-32
1741509228.245481,-6,-14,-136
1741509228.291481,-73,72,-94
1741509228.3364809,-1,-47,-50
1741509228.3824809,25,65,19
1741509228.4284809,10,31,-119
1741509228.4744809,-45,-94,-39
1741509228.519481,97,-12,-59
1741509228.565481,1,-34,-187
1741509228.611481,27,19,-153
1741509228.656481,47,66,-177
1741509228.702481,70,-31,2
1741509228.748481,4,-79,10
1741509228.7944808,45,-27,-61
1741509228.8394809,30,4,-89
1741509228.8854809,-25,-13,-89
1741509228.931481,36,67,-185
1741509228.976481,17,32,-5
1741509229.022481,31,-99,-173
1741509229.068481,20,-18,-109
1741509229.114481,-68,36,-25
1741509229.1594808,-80,-9,-147
1741509229.2054808,-68,-29,-101
1741509229.2514808,-18,46,-47
1741509229.296481,12,30,-85
1741509229.342481,34,50,-183
1741509229.388481,100,6,-111
1741509229.434481,-21,2,-59
1741509229.479481,32,-66,-113
1741509229.525481,84,8,-93
1741509229.571481,2,-37,-45
1741509229.6164808,4,-13,-29
1741509229.6624808,30,59,-51
1741509229.7084808,-48,24,-29
1741509229.7544808,0,13,-123
1741509229.799481,49,0,-81
1741509229.845481,-20,-6,36
1741509229.891481,-60,-48,-19
1741509229.936481,69,19,-19
1741509229.982481,-32,-22,-177
1741509230.028481,-100,34,-149
1741509230.074481,43,-43,-97
1741509230.1194808,-18,-17,-85
1741509230.1654809,0,-17,-135
1741509230.2114809,50,41,-55
1741509230.256481,-37,-46,-85
1741509230.302481,-83,-4,-79
1741509230.348481,63,-69,11
1741509230.394481,-78,10,-32
1741509230.439481,-14,14,-54
1741509230.485481,50,-44,-90
1741509230.531481,50,-26,-56
1741509230.5764809,-15,5,-64
1741509230.6224809,27,38,-58
1741509230.6684809,35,0,7
1741509230.7144809,-56,-29,-132
1741509230.759481,8,-54,-26
1741509230.805481,10,9,-4
1741509230.851481,-21,23,-68
1741509230.896481,-3,-4,-102
1741509230.9424808,46,-38,65
1741509230.9884808,47,-27,-76
1741509231.0344808,55,-85,-80
1741509231.079481,62,-32,-50
1741509231.125481,26,-42,-64
1741509231.171481,-4,-3,-86
1741509231.216481,25,-31,-32
1741509231.262481,48,-10,-188
1741509231.308481,47,-29,21
1741509231.354481,-56,-21,-142
1741509231.3994808,-40,6,-90
1741509231.4454808,-18,-27,-62
1741509231.4914808,31,-55,-126
1741509231.536481,33,-15,-28
1741509231.582481,69,-57,-34
1741509231.628481,75,26,-128
1741509231.674481,31,-29,-82
1741509231.719481,65,-13,-98
1741509231.765481,-68,36,-86
1741509231.811481,-80,36,-118
1741509231.8564808,39,-3,-92
1741509231.9024808,-12,102,-2
1741509231.9484808,-46,-35,-172
1741509231.9944808,36,3,27
1741509232.039481,6,41,-76
1741509232.085481,6,0,-64
1741509232.131481,-25,93,17
1741509232.176481,74,-36,-28
1741509232.222481,-27,-45,-148
1741509232.268481,46,10,-32
1741509232.314481,26,18,-58
1741509232.3594809,86,26,-86
1741509232.4054809,-33,-64,-68
1741509232.4514809,146,33,81
1741509232.496481,-27,-54,-98
1741509232.542481,16,-20,-164
1741509232.588481,-23,-46,-178
1741509232.634481,7,8,49
1741509232.679481,-49,-4,-126
1741509232.725481,-71,53,-42
1741509232.771481,8,-8,-164
1741509232.8164809,12,21,-46
1741509232.8624809,-109,-36,121
1741509232.908481,-44,34,-53
1741509232.954481,-26,2,-145
1741509232.999481,-39,-24,-33
1741509233.045481,-71,-18,-59
1741509233.091481,32,33,-54
1741509233.1364808,24,-52,-60
1741509233.1884809,0,-54,-88
1741509233.233481,-19,-20,-64
1741509233.279481,-12,-1,-56
1741509233.325481,18,-42,-214
1741509233.371481,30,7,-116
1741509233.416481,-3,11,-46
1741509233.462481,52,58,15
1741509233.508481,-39,12,-72
1741509233.5534809,-111,-11,-12
1741509233.5994809,0,-26,-30
1741509233.6454809,-31,11,-2
1741509233.6914809,20,19,3
1741509233.736481,-7,51,-112
1741509233.782481,8,-11,-38
1741509233.828481,70,-52,-120
1741509233.873481,-25,51,55
1741509233.9194808,50,-34,-84
1741509233.9654808,-5,-105,-120
1741509234.0114808,30,51,33
1741509234.056481,58,7,-66
1741509234.102481,12,63,-108
1741509234.148481,2,37,-60
1741509234.193481,-15,-84,2
1741509234.239481,-30,54,-53
1741509234.285481,17,20,-177
1741509234.331481,19,11,-173
1741509234.3764808,-68,13,-100
1741509234.4224808,-26,-76,-72
1741509234.4684808,-2,13,-139
1741509234.513481,19,-28,-85
1741509234.559481,-16,11,-43
1741509234.605481,-44,43,-75
1741509234.651481,-14,13,-97
1741509234.696481,11,-25,-77
1741509234.742481,-24,25,-39
1741509234.788481,24,-57,-119
1741509234.8334808,50,-95,-121
1741509234.8794808,-73,-18,-47
1741509234.9254808,-31,41,-101
1741509234.9714808,-27,9,-17
1741509235.016481,52,-20,-90
1741509235.062481,-89,-2,-72
1741509235.108481,34,31,-10
1741509235.153481,-5,-136,-82
1741509235.199481,66,23,-84
1741509235.245481,45,10,-76
1741509235.291481,53,10,45
1741509235.3364809,9,36,-152
1741509235.3824809,15,7,-124
1741509235.4284809,9,9,17
1741509235.473481,-30,-92,-164
1741509235.519481,-111,12,-134
1741509235.565481,-27,-94,-74
1741509235.611481,0,-100,-40
1741509235.656481,10,-74,-33
1741509235.702481,46,11,-5
1741509235.748481,-39,31,-27
1741509235.7934809,-12,19,-79
1741509235.8394809,41,7,60
1741509235.8854809,7,-3,-31
1741509235.931481,13,7,-95
1741509235.976481,70,1,-47
1741509236.022481,46,-5,-59
1741509236.068481,44,21,6
1741509236.1134808,68,2,-7
1741509236.1594808,60,14,-45
1741509236.2054808,50,-34,-127
1741509236.2514808,78,-41,-72
1741509236.296481,4,-35,0
1741509236.342481,-5,0,68
1741509236.388481,-38,-32,-141
1741509236.433481,1,-12,-193
1741509236.479481,-28,-16,20
1741509236.525481,-16,9,5
1741509236.571481,-39,-46,-91
1741509236.6164808,-5,-4,-131
1741509236.6624808,8,-4,-97
1741509236.7084808,14,-42,50
1741509236.753481,62,-44,-55
1741509236.799481,42,-10,-29
1741509236.845481,64,19,-49
1741509236.891481,56,21,-337
1741509236.936481,36,-48,-99
1741509236.982481,47,2,-3
1741509237.028481,25,-25,-43
1741509237.0734808,-39,21,-13
1741509237.1194808,34,-6,-107
1741509237.1654809,70,65,32
1741509237.2114809,-47,-22,-57
1741509237.256481,46,-14,-115
1741509237.302481,-60,-57,-97
1741509237.348481,-22,-47,-51
1741509237.393481,-22,40,0
1741509237.439481,19,26,-129
1741509237.485481,25,-7,-21
1741509237.531481,15,-45,-11
1741509237.5764809,19,-45,-89
1741509237.6224809,-16,36,48
1741509237.6684809,7,-23,-157
1741509237.713481,69,-69,-35
1741509237.759481,25,-43,-121
1741509237.805481,43,-53,-11
1741509237.851481,-18,0,-31
1741509237.896481,23,29,-87
1741509237.9424808,37,-8,-151
1741509237.9884808,-35,44,-157
1741509238.033481,-12,-28,48
1741509238.079481,-6,-96,-59
1741509238.125481,-70,15,-60
1741509238.171481,-34,-7,-112
1741509238.216481,8,54,-177
1741509238.262481,4,8,-88
1741509238.308481,26,-68,-117
1741509238.3534808,56,-36,-124
1741509238.3994808,80,-88,-108
1741509238.4454808,44,-32,5
1741509238.4914808,27,-23,-38
1741509238.536481,-14,2,-144
1741509238.582481,-54,2,-132
1741509238.6294808,-2,-21,-70
1741509238.6754808,2,-3,-156
1741509238.720481,41,-9,57
1741509238.766481,-38,-25,-164
1741509238.812481,5,0,15
1741509238.857481,63,-32,-16
1741509238.903481,-32,-73,-125
1741509238.949481,-82,60,-132
1741509238.995481,-18,14,65
1741509239.0404809,-7,-33,-25
1741509239.0864809,29,-19,-81
1741509239.1324809,-18,-23,-47
1741509239.177481,85,-25,-5
1741509239.223481,8,-4,-66
1741509239.269481,-50,-4,-25
1741509239.315481,-61,33,-27
1741509239.360481,74,-58,-80
1741509239.406481,-29,-8,-308
1741509239.452481,26,-46,-38
1741509239.4974809,-27,29,-83
1741509239.5434809,-3,83,-121
1741509239.5894809,34,11,2
1741509239.6354809,-15,31,-147
1741509239.680481,-35,-18,-143
1741509239.726481,-1,17,-109
1741509239.772481,0,-32,-95
1741509239.8174808,-27,1,-79
1741509239.8634808,-23,-18,22
1741509239.9094808,4,29,-61
1741509239.9554808,-16,-28,-76
1741509240.000481,37,11,-20
1741509240.046481,-124,-37,51
1741509240.092481,-20,-52,-50
1741509240.137481,35,6,-132
1741509240.183481,3,-73,-130
1741509240.229481,12,-23,-160
1741509240.2744808,2,0,-6
1741509240.3204808,-49,6,13
1741509240.3664808,-37,-27,7
1741509240.4124808,40,16,-8
1741509240.457481,57,-20,-40
1741509240.503481,-31,32,-188
1741509240.549481,30,2,-10
1741509240.594481,-22,-14,-82
1741509240.640481,50,82,-106
1741509240.686481,0,-26,-52
1741509240.732481,57,3,-158
1741509240.7774808,33,-52,-46
1741509240.8234808,130,-5,-90
1741509240.8694808,-25,0,39
1741509240.914481,-39,60,61
1741509240.960481,66,22,-14
1741509241.006481,18,34,-194
1741509241.052481,-19,64,-86
1741509241.097481,-27,-53,-170
1741509241.143481,-71,44,-70
1741509241.189481,15,-66,29
1741509241.2344809,7,1,-78
1741509241.2804809,63,-65,-88
1741509241.3264809,1,22,31
1741509241.3724809,-8,-27,-148
1741509241.417481,0,24,-180
1741509241.463481,8,-60,-70
1741509241.509481,64,-38,-76
1741509241.554481,46,-17,-96
1741509241.600481,-39,16,-86
1741509241.646481,26,94,-127
1741509241.6924808,76,-53,-89
1741509241.7374809,2,42,-49
1741509241.783481,-45,-31,-43
1741509241.829481,-45,-17,-124
1741509241.874481,-15,16,-154
1741509241.920481,-31,62,-38
1741509241.966481,-5,4,-124
1741509242.012481,66,24,-74
1741509242.0574808,38,-31,-36
1741509242.1034808,-19,-21,25
1741509242.1494808,116,-19,-52
1741509242.194481,-3,42,-114
1741509242.240481,12,-57,-66
1741509242.286481,-25,14,-54
1741509242.332481,92,-78,-86
1741509242.377481,20,-123,-182
1741509242.423481,-25,3,-69
1741509242.469481,-40,53,-134
1741509242.5144808,3,-12,-126
1741509242.5604808,45,-52,-132
1741509242.6064808,7,-6,-61
1741509242.6524808,-8,-4,-62
1741509242.697481,42,-30,-122
1741509242.743481,38,-8,19
1741509242.789481,-19,-50,-144
1741509242.834481,94,-16,-102
1741509242.880481,-25,-34,-190
1741509242.926481,-51,-59,-58
1741509242.972481,8,-7,-66
1741509243.0174809,22,14,45
1741509243.0634809,18,-51,-70
1741509243.1094809,62,24,9
1741509243.154481,26,-79,-153
1741509243.206481,10,-1,86
1741509243.252481,28,-20,-5
1741509243.2974808,-47,-74,-49
1741509243.3434808,-22,-48,-169
1741509243.3894808,55,-12,20
1741509243.434481,8,1,-70
1741509243.480481,60,35,-159
1741509243.526481,-41,-26,-75
1741509243.572481,30,-16,24
1741509243.617481,11,41,-159
1741509243.663481,-16,-12,-23
1741509243.709481,-26,81,-167
1741509243.7544808,-17,-56,-127
1741509243.8004808,28,-52,-117
1741509243.8464808,-53,47,-9
1741509243.8924809,-61,7,-159
1741509243.937481,-29,-27,-97
1741509243.983481,-17,-45,76
1741509244.029481,-52,-36,-61
1741509244.074481,28,-81,-35
1741509244.120481,74,-21,104
1741509244.166481,-10,67,-21
1741509244.212481,-52,21,-243
1741509244.2574809,0,37,-39
1741509244.3034809,53,13,-93
1741509244.3494809,47,-26,18
1741509244.394481,-31,91,-81
1741509244.440481,-43,-6,-124
1741509244.486481,5,-34,-102
1741509244.532481,41,-22,47
1741509244.577481,16,21,-23
1741509244.623481,2,-12,105
1741509244.6694808,-18,-9,0
1741509244.7144809,40,-1,-94
1741509244.7604809,8,-13,-16
1741509244.806481,66,52,-104
1741509244.852481,26,20,-210
1741509244.897481,-4,-37,-146
1741509244.943481,33,118,-226
1741509244.989481,-22,-26,-171
1741509245.0344808,21,-79,-64
1741509245.0804808,61,-21,-87
1741509245.1264808,-12,-6,22
1741509245.1724808,-60,77,-85
1741509245.217481,-48,-4,10
1741509245.263481,63,21,26
1741509245.309481,-6,-19,60
1741509245.354481,-56,34,-255
1741509245.400481,63,10,-159
1741509245.446481,27,-27,50
1741509245.492481,-74,22,30
1741509245.5374808,19,-47,-41
1741509245.5834808,53,72,-33
1741509245.6294808,15,34,-93
1741509245.674481,-18,22,74
1741509245.720481,29,34,-8
1741509245.766481,-76,6,-150
1741509245.812481,-87,-68,-32
1741509245.857481,40,-72,-36
1741509245.903481,25,28,-45
1741509245.949481,40,-37,-110
1741509245.9944808,42,-27,-39
1741509246.0404809,40,30,-71
1741509246.0864809,-59,-63,-53
1741509246.1324809,-3,-27,12
1741509246.177481,-21,80,18
1741509246.223481,-63,60,-73
1741509246.269481,42,0,-7
1741509246.314481,-21,30,-1
1741509246.360481,-19,0,-221
1741509246.406481,5,8,-173
1741509246.452481,28,54,-173
1741509246.4974809,35,10,-61
1741509246.5434809,79,10,-27
1741509246.5894809,-58,-74,52
1741509246.634481,5,0,-55
1741509246.680481,-87,-41,-99
1741509246.726481,96,0,-99
1741509246.772481,-72,14,-139
1741509246.8174808,37,-33,-95
1741509246.8634808,-16,-9,-37
1741509246.9094808,-10,-24,-97
1741509246.954481,-39,-19,-115
1741509247.000481,-66,-25,-51
1741509247.046481,-68,34,-57
1741509247.091481,-47,-33,16
1741509247.137481,-40,-57,-23
1741509247.183481,-10,84,32
1741509247.229481,89,-20,-81
1741509247.2744808,1,17,-109
1741509247.3204808,51,-30,-41
1741509247.3664808,13,-33,-219
1741509247.411481,25,-57,-93
1741509247.457481,-18,-29,-161
1741509247.503481,31,38,-25
1741509247.549481,27,20,-227
1741509247.594481,-15,-31,32
1741509247.640481,8,26,-55
1741509247.686481,0,-13,-75
1741509247.7314808,-24,34,-131
1741509247.7774808,79,-1,-3
1741509247.8234808,2,68,-147
1741509247.8694808,-3,-49,-57
1741509247.914481,29,29,-93
1741509247.960481,5,10,-99
1741509248.006481,-36,74,-3
1741509248.051481,-118,2,-1
1741509248.097481,63,-15,-43
1741509248.143481,41,-41,-197
1741509248.189481,91,24,-59
1741509248.2344809,41,-3,-103
1741509248.2804809,-18,26,-140
1741509248.3264809,-14,-1,-19
1741509248.371481,-39,-2,-109
1741509248.417481,16,13,-17
1741509248.463481,-35,1,-125
1741509248.509481,2,-20,-127
1741509248.554481,6,-18,-93
1741509248.600481,22,-42,-67
1741509248.646481,-9,-76,-219
1741509248.6914809,-29,1,-137
1741509248.7374809,-43,7,-107
1741509248.783481,7,49,-37
1741509248.829481,-55,6,-87
1741509248.874481,26,-27,-85
1741509248.920481,29,3,-107
1741509248.966481,1,-62,-5
1741509249.0114808,26,60,-55
1741509249.0574808,-4,-69,-39
1741509249.1034808,13,29,-181
1741509249.1494808,15,-6,-87
1741509249.194481,-73,28,-53
1741509249.240481,2,-13,-7
1741509249.285481,3,-38,-131
1741509249.3304808,3,-10,-101
1741509249.3764808,-17,56,-23
1741509249.4224808,12,-25,-175
1741509249.467481,75,9,-135
1741509249.513481,-48,17,-75
1741509249.559481,-35,20,-95
1741509249.605481,95,31,-36
1741509249.650481,-36,-26,48
1741509249.696481,63,5,-45
1741509249.742481,-10,11,-130
1741509249.7874808,44,-43,-121
1741509249.8334808,-4,-8,-67
1741509249.8794808,2,-1,-179
1741509249.9254808,74,-23,-145
1741509249.970481,44,-43,-145
1741509250.016481,6,6,-29
1741509250.062481,-33,0,-73
1741509250.107481,0,-13,-111
1741509250.153481,-66,21,-41
1741509250.199481,46,14,-52
1741509250.245481,-8,25,-120
1741509250.2904809,-7,-13,-10
1741509250.3364809,35,41,-28
1741509250.3824809,-53,-56,-112
1741509250.427481,-1,-24,39
1741509250.473481,-19,-42,-76
1741509250.519481,61,30,-67
1741509250.565481,3,-19,-154
1741509250.610481,14,98,-14
1741509250.656481,-13,-19,-90
1741509250.702481,10,-3,-68
1741509250.7474809,0,36,-44
1741509250.7934809,18,12,-138
1741509250.8394809,80,-66,-84
1741509250.8854809,-13,37,61
1741509250.930481,-21,1,-92
1741509250.976481,-1,31,-130
1741509251.022481,28,63,-150
1741509251.0674808,-6,-37,-2
1741509251.1134808,33,-33,-62
1741509251.1594808,55,-43,-82
1741509251.2054808,13,-23,-72
1741509251.250481,13,-33,-122
1741509251.296481,16,-50,-104
1741509251.342481,-93,-12,-126
1741509251.387481,-50,-43,-112
1741509251.433481,-30,-7,-129
1741509251.479481,10,1,22
1741509251.525481,-13,9,-216
1741509251.5704808,-31,-38,-104
1741509251.6164808,-13,95,13
1741509251.6624808,-27,-118,-68
1741509251.707481,22,-44,-153
1741509251.753481,10,17,-89
1741509251.799481,-42,-23,-81
1741509251.845481,-8,-32,34
1741509251.890481,-11,66,20
1741509251.936481,-8,-56,-121
1741509251.982481,-62,13,-5
1741509252.0274808,-58,1,-137
1741509252.0734808,51,-10,-118
1741509252.1194808,-6,25,-103
1741509252.1654809,41,-2,-89
1741509252.210481,-5,-10,-167
1741509252.256481,-49,37,-123
1741509252.302481,-24,-18,-75
1741509252.347481,11,-42,-135
1741509252.393481,39,-34,-21
1741509252.439481,-16,43,-35
1741509252.485481,-14,34,-9
1741509252.5304809,43,-42,-111
1741509252.5764809,-48,32,-21
1741509252.6224809,69,63,-35
1741509252.667481,22,-37,-77
1741509252.713481,46,-3,-167
1741509252.759481,24,-43,-91
1741509252.805481,-8,0,62
1741509252.850481,-16,11,-109
1741509252.896481,45,-2,-199
1741509252.9424808,49,9,-69
1741509252.9874809,-10,-46,-49
1741509253.033481,17,-45,-83
1741509253.079481,17,-3,-31
1741509253.125481,-16,-11,4
1741509253.170481,-32,-87,-169
1741509253.222481,7,28,-69
1741509253.2674809,11,-65,-167
1741509253.3134809,39,-13,-131
1741509253.3594809,-46,-8,-79
1741509253.4054809,45,-9,-57
1741509253.450481,-30,6,-223
1741509253.496481,-98,14,-151
1741509253.542481,34,24,-101
1741509253.587481,28,26,-117
1741509253.633481,33,-22,12
1741509253.679481,18,0,-144
1741509253.725481,36,-23,-70
1741509253.7704809,-12,-43,-141
1741509253.8164809,-46,-65,-120
1741509253.8624809,-16,-17,-88
1741509253.907481,17,10,-56
1741509253.953481,-22,-21,-114
1741509253.999481,77,40,-84
1741509254.0444808,-19,-59,-66
1741509254.091481,39,20,23
1741509254.137481,-104,-12,-64
1741509254.183481,-52,15,-72
1741509254.2284808,53,31,-92
1741509254.2744808,23,-22,-92
1741509254.3204808,41,98,-36
1741509254.3664808,67,-14,-64
1741509254.411481,0,7,-142
1741509254.457481,-38,9,-84
1741509254.503481,93,7,-162
1741509254.548481,-26,-52,-74
1741509254.594481,17,16,-84
1741509254.640481,65,-19,19
1741509254.686481,1,14,-198
1741509254.7314808,-26,17,-228
1741509254.7774808,-10,57,-52
1741509254.8234808,-36,55,-98
1741509254.868481,21,-54,-138
1741509254.914481,-2,29,-42
1741509254.960481,-58,29,-56
1741509255.006481,-116,37,-59
1741509255.051481,22,-46,-49
1741509255.097481,-37,56,-39
1741509255.143481,-24,95,-107
1741509255.1884809,21,-18,-7
1741509255.2344809,-74,11,48
1741509255.2804809,-6,62,-201
1741509255.3264809,65,84,-125
1741509255.371481,29,32,29
1741509255.417481,-8,22,-50
1741509255.463481,17,12,-59
1741509255.508481,-72,46,-120
1741509255.554481,-21,41,-81
1741509255.600481,14,-50,-49
1741509255.646481,-21,-39,-77
1741509255.6914809,74,-1,-190
1741509255.7374809,-46,13,-17
1741509255.783481,61,50,16
1741509255.828481,-27,23,-109
1741509255.874481,-8,52,-55
1741509255.920481,44,-16,4
1741509255.966481,26,-2,-97
1741509256.0114808,28,0,-105
1741509256.0574808,-60,-36,-101
1741509256.1034808,12,-20,-159
1741509256.148481,48,53,-9
1741509256.194481,71,-1,-127
1741509256.240481,-30,-20,-21
1741509256.286481,-56,-28,-149
1741509256.331481,62,-2,-25
1741509256.377481,-40,-14,10
1741509256.423481,-6,-6,-225
1741509256.4684808,41,-46,-69
1741509256.5144808,19,0,-185
1741509256.5604808,-12,43,-119
1741509256.6064808,17,-18,-31
1741509256.651481,21,-9,-133
1741509256.697481,-48,28,-143
1741509256.743481,32,-17,-17
1741509256.788481,-41,28,-7
1741509256.834481,-8,-73,-117
1741509256.880481,35,74,14
1741509256.926481,-17,23,-5
1741509256.9714808,58,-22,-69
1741509257.0174809,0,-28,-105
1741509257.0634809,-41,1,-93
1741509257.108481,10,17,-61
1741509257.154481,-56,-17,-64
1741509257.200481,45,-79,-168
1741509257.246481,59,-65,-132
1741509257.291481,1,38,89
1741509257.337481,-48,46,-64
1741509257.383481,37,39,-156
1741509257.4284809,-46,-53,55
1741509257.4744809,11,-9,-128
1741509257.5204809,83,-67,-168
1741509257.5664809,52,30,-194
1741509257.611481,-19,10,-74
1741509257.657481,-19,0,-54
1741509257.703481,-17,48,-42
1741509257.748481,68,44,-86
1741509257.7944808,-36,21,-72
1741509257.8404808,-40,-32,-64
1741509257.8864808,55,27,-108
1741509257.931481,-36,-76,-34
1741509257.977481,0,53,-8
1741509258.023481,-17,-60,-32
1741509258.068481,21,70,-100
1741509258.114481,29,-12,-108
1741509258.160481,39,41,-110
1741509258.206481,-25,-25,-20
1741509258.2514808,-30,-64,-22
1741509258.2974808,35,1,-94
1741509258.3434808,27,-42,-30
1741509258.388481,-45,-43,-50
1741509258.434481,8,6,-122
1741509258.480481,52,-73,-54
1741509258.526481,48,18,-108
1741509258.571481,106,39,53
1741509258.617481,67,-22,-68
1741509258.663481,-7,-20,-209
1741509258.7084808,-38,73,-4
1741509258.7544808,43,-22,-60
1741509258.8004808,83,-24,-69
1741509258.8464808,-31,19,-152
1741509258.891481,42,65,-90
1741509258.937481,62,47,-192
1741509258.983481,-5,-20,-104
1741509259.028481,-10,34,-123
1741509259.074481,52,-38,-117
1741509259.120481,84,-2,-181
1741509259.166481,28,-28,-100
1741509259.2114809,-61,3,-26
1741509259.2574809,-11,-8,-64
1741509259.3034809,-50,28,-52
1741509259.348481,0,10,-85
1741509259.394481,56,-38,-133
1741509259.440481,10,61,-23
1741509259.486481,39,-31,-1
1741509259.531481,47,-19,-159
1741509259.577481,16,11,-163
1741509259.623481,-109,-24,-159
1741509259.6684809,-36,-15,-35
1741509259.7144809,61,-17,-99
1741509259.7604809,41,0,-51
1741509259.806481,-26,39,-94
1741509259.851481,6,36,-129
1741509259.897481,51,39,-142
1741509259.943481,-8,-104,-169
1741509259.9884808,-34,-18,-35
1741509260.0344808,-15,57,-81
1741509260.0804808,-13,31,-107
1741509260.1264808,-19,60,-117
1741509260.171481,-15,14,-107
1741509260.217481,-13,-49,22
1741509260.263481,-2,-7,-201
1741509260.308481,-38,-53,-9
1741509260.354481,-42,6,-108
1741509260.400481,-10,-17,-88
1741509260.446481,-38,20,-68
1741509260.4914808,25,-59,-2
1741509260.5374808,20,5,-90
1741509260.5834808,78,31,-154
1741509260.628481,-43,23,-4
1741509260.674481,15,90,-114
1741509260.720481,19,-7,-72
1741509260.765481,21,40,25
1741509260.811481,-12,28,-120
1741509260.857481,5,43,-250
1741509260.903481,-28,15,-62
1741509260.9484808,1,19,-122
1741509260.9944808,-34,-82,-134
1741509261.0404809,41,-6,-46
1741509261.085481,-70,-11,-46
1741509261.131481,-101,-20,-42
1741509261.177481,5,-18,-138
1741509261.223481,-37,13,-68
1741509261.268481,10,34,-87
1741509261.314481,-32,-41,34
1741509261.360481,-14,22,-87
1741509261.4054809,-44,-53,-61
1741509261.4514809,5,-31,2
1741509261.4974809,-63,34,-11
1741509261.5434809,-31,40,-35
1741509261.588481,-13,-43,-169
1741509261.634481,27,-48,-65
1741509261.680481,-4,-88,-79
1741509261.725481,83,-24,-11
1741509261.771481,97,-32,-193
1741509261.8174808,-38,38,-113
1741509261.8634808,-4,13,-96
1741509261.908481,-22,-27,-13
1741509261.954481,-74,94,-1
1741509262.000481,75,-35,-139
1741509262.045481,-66,-11,-19
1741509262.091481,-16,-21,-98
1741509262.137481,-1,-93,-80
1741509262.183481,56,27,39
1741509262.2284808,-69,67,-144
1741509262.2744808,-7,-32,-79
1741509262.3204808,-18,34,-109
1741509262.365481,-8,-33,-47
1741509262.411481,-94,-3,-53
1741509262.457481,-52,-53,-35
1741509262.503481,30,-41,10
1741509262.548481,-62,30,-157
1741509262.594481,0,-15,-69
1741509262.640481,53,98,-135
1741509262.6854808,53,-5,-41
1741509262.7314808,-72,2,-149
1741509262.7774808,15,34,-113
1741509262.8234808,15,12,-117
1741509262.868481,13,1,-149
1741509262.914481,35,-108,-103
1741509262.960481,9,12,12
1741509263.005481,-40,-35,-11
1741509263.051481,-4,16,-147
1741509263.097481,-6,-51,-33
1741509263.143481,47,-21,-111
1741509263.1884809,75,-3,52
1741509263.240481,55,-31,-113
1741509263.285481,-38,38,8
1741509263.331481,-43,61,-25
1741509263.377481,-12,35,-113
1741509263.423481,4,3,-71
1741509263.4684808,-12,71,-37
1741509263.5144808,-58,-64,38
1741509263.5604808,-16,-56,-79
1741509263.605481,-17,53,-39
1741509263.651481,8,-18,-3
1741509263.697481,8,83,-23
1741509263.743481,-89,23,28
1741509263.788481,-75,39,-61
1741509263.834481,4,39,-55
1741509263.880481,-21,-14,-99
1741509263.9254808,30,47,-51
1741509263.9714808,-7,0,-173
1741509264.0174809,-45,-61,4
1741509264.0634809,1,5,-105
1741509264.108481,-118,26,34
1741509264.154481,-28,-17,-79
1741509264.200481,19,8,16
1741509264.245481,14,-6,-69
1741509264.291481,6,15,-99
1741509264.337481,5,-33,20
1741509264.383481,66,-112,-135
1741509264.4284809,-1,4,-15
1741509264.4744809,23,-25,-201
1741509264.5204809,-65,84,-69
1741509264.565481,-32,0,-209
1741509264.611481,26,18,96
1741509264.657481,-85,-35,-147
1741509264.703481,6,-14,-117
1741509264.7474809,-32,-1,-85
1741509264.7934809,15,48,-95
1741509264.8394809,-10,4,-111
1741509264.884481,43,-53,-143
1741509264.930481,-24,-27,14
1741509264.976481,-32,-48,-87
1741509265.021481,41,59,-91
1741509265.0674808,37,1,-51
1741509265.1134808,-26,37,-37
1741509265.1594808,0,96,-11
1741509265.204481,101,18,-117
1741509265.250481,-50,-11,-172
1741509265.296481,-78,-32,-134
1741509265.341481,-64,-1,-24
1741509265.387481,-20,16,-92
1741509265.433481,-5,92,-79
1741509265.479481,22,-9,-102
1741509265.5244808,10,88,-102
1741509265.5704808,8,-63,-33
1741509265.6164808,30,-21,28
1741509265.661481,-47,-67,0
1741509265.707481,-51,-7,-101
1741509265.753481,38,-27,-77
1741509265.799481,-75,0,-142
1741509265.844481,-1,-55,-116
1741509265.890481,-28,4,-47
1741509265.936481,35,-31,-156
1741509265.9814808,-7,-71,-132
1741509266.0274808,1,-9,-116
1741509266.0734808,-120,-13,-116
1741509266.1194808,-6,26,-134
1741509266.164481,51,66,-8
1741509266.210481,29,54,-50
1741509266.256481,66,40,-88
1741509266.301481,-13,-43,-103
1741509266.347481,33,28,-166
1741509266.393481,0,-14,-143
1741509266.439481,-19,-21,-207
1741509266.4844809,72,58,-173
1741509266.5304809,20,-26,-111
1741509266.5764809,18,-65,-51
1741509266.621481,60,3,-91
1741509266.667481,-23,-44,-39
1741509266.713481,45,-54,-93
1741509266.759481,-24,11,-5
1741509266.804481,-64,-48,-107
1741509266.850481,-32,66,-113
1741509266.896481,-74,-29,-165
1741509266.9414809,58,-20,-175
1741509266.9874809,25,90,8
1741509267.033481,6,27,-137
1741509267.079481,8,21,-215
1741509267.124481,40,-36,-103
1741509267.170481,-57,23,-45
1741509267.216481,44,-40,-165
1741509267.2614808,82,105,-119
1741509267.3074808,-9,22,-9
1741509267.3534808,81,-10,-97
1741509267.398481,-17,-33,0
1741509267.444481,58,-17,-88
1741509267.490481,78,-33,-28
1741509267.536481,10,-7,-140
1741509267.581481,8,14,-40
1741509267.627481,-31,-67,-146
1741509267.673481,32,-53,-38
1741509267.7184808,28,-5,-80
1741509267.7644808,-67,-11,-56
1741509267.8104808,72,-25,-122
1741509267.8564808,-43,6,-106
1741509267.901481,14,-41,37
1741509267.947481,58,-68,-154
1741509267.993481,-24,102,51
1741509268.038481,-28,-51,-156
1741509268.084481,-28,28,-124
1741509268.130481,71,66,-108
1741509268.176481,12,59,-98
1741509268.2214808,11,0,-72
1741509268.2674809,126,-74,-70
1741509268.3134809,-33,-74,-122
1741509268.358481,-43,0,-150
1741509268.404481,-31,19,-103
1741509268.450481,28,11,-65
1741509268.496481,0,-50,-123
1741509268.541481,-15,15,-241
1741509268.587481,7,53,-123
1741509268.633481,61,41,-210
1741509268.6784809,5,-24,-48
1741509268.7244809,11,-15,-52
1741509268.7704809,63,12,-148
1741509268.8164809,73,-10,-118
1741509268.861481,-12,-28,-162
1741509268.907481,3,17,-12
1741509268.953481,-26,33,-38
1741509268.998481,-42,-56,-117
1741509269.0444808,52,-5,29
1741509269.0904808,24,-23,-29
1741509269.1364808,-25,0,-83
1741509269.181481,-19,-49,-75
1741509269.227481,59,-11,-141
1741509269.273481,-56,-20,-137
1741509269.318481,-1,22,-133
1741509269.364481,17,109,-55
1741509269.410481,-20,-61,-99
1741509269.456481,35,-57,102
1741509269.5014808,-35,25,-105
1741509269.5474808,85,-13,74
1741509269.5934808,2,-30,-143
1741509269.638481,-49,11,-45
1741509269.684481,23,59,-65
1741509269.730481,-50,43,-71
1741509269.776481,-2,-4,-21
1741509269.821481,-88,-15,-27
1741509269.867481,-14,9,-151
1741509269.913481,36,-34,-159
1741509269.9584808,-9,101,-119
1741509270.0044808,-54,6,-41
1741509270.0504808,-11,71,-103
1741509270.0964808,-7,-124,-117
1741509270.141481,0,31,-59
1741509270.187481,-17,-12,-119
1741509270.233481,-29,13,-79
1741509270.278481,45,-27,10
1741509270.324481,16,-4,-85
1741509270.370481,-61,-12,-101
1741509270.416481,50,-50,55
1741509270.4614809,61,76,-28
1741509270.5074809,37,30,-111
1741509270.5534809,-52,-29,-27
1741509270.598481,95,-67,-21
1741509270.644481,-8,30,-119
1741509270.690481,-1,-30,-99
1741509270.736481,25,44,-79
1741509270.781481,-10,-17,-79
1741509270.827481,28,9,-203
1741509270.873481,-49,31,-141
1741509270.9184809,60,27,-173
1741509270.9644809,51,7,-105
1741509271.0104809,-6,9,-147
1741509271.056481,32,-16,-195
1741509271.101481,-14,-68,-35
1741509271.147481,-2,35,-77
1741509271.193481,43,-33,-63
1741509271.2384808,21,11,-211
1741509271.2844808,-50,29,-99
1741509271.3304808,-4,-38,-131
1741509271.3764808,-16,4,-41
1741509271.421481,17,35,-47
1741509271.467481,38,-4,-110
1741509271.513481,-45,27,-21
1741509271.558481,19,39,-11
1741509271.604481,15,9,-149
1741509271.650481,-43,7,-63
1741509271.696481,53,22,-111
1741509271.7414808,-22,18,-63
1741509271.7874808,-23,21,-85
1741509271.8334808,-19,-20,-67
1741509271.878481,24,-74,-45
1741509271.924481,3,24,-27
1741509271.970481,23,6,-86
1741509272.016481,55,-23,-228
1741509272.061481,23,22,-94
1741509272.107481,-22,4,-74
1741509272.153481,3,17,-33
1741509272.1984808,-54,-2,-92
1741509272.2444808,-26,0,-116
1741509272.2904809,71,-1,-138
1741509272.3364809,139,-9,-98
1741509272.381481,-14,-21,11
1741509272.427481,70,117,-98
1741509272.473481,8,87,-4
1741509272.518481,12,45,-84
1741509272.564481,-43,-8,-148
1741509272.610481,-17,-46,-132
1741509272.656481,14,-18,-82
1741509272.7014809,-43,7,-36
1741509272.7474809,-10,39,-102
1741509272.7934809,-5,-52,-122
1741509272.838481,36,7,-48
1741509272.884481,-12,10,-114
1741509272.930481,9,10,-120
1741509272.976481,61,-120,-124
1741509273.021481,-74,0,-156
1741509273.0674808,-11,39,-164
1741509273.1134808,-70,-54,-212
1741509273.158481,4,27,-136
1741509273.204481,11,-2,-88
1741509273.255481,-55,-10,12
1741509273.301481,40,-36,-193
1741509273.347481,32,-8,-111
1741509273.393481,16,7,-145
1741509273.4384809,12,-108,-135
1741509273.4844809,-31,9,74
1741509273.5304809,0,-22,-21
1741509273.5764809,26,17,-93
1741509273.621481,30,-50,2
1741509273.667481,22,5,-5
1741509273.713481,2,7,-175
1741509273.758481,55,32,-65
1741509273.804481,13,38,-37
1741509273.850481,33,47,6
1741509273.896481,66,31,76
1741509273.9414809,-51,17,-65
1741509273.9874809,18,29,0
1741509274.033481,-33,-2,-5
1741509274.078481,-38,-30,-89
1741509274.124481,-2,-2,-111
1741509274.170481,69,-44,-7
1741509274.216481,24,17,-167
1741509274.2614808,32,51,-123
1741509274.3074808,9,-2,-143
1741509274.3534808,36,-24,-105
1741509274.398481,-10,-12,-75
1741509274.444481,59,29,-29
1741509274.490481,79,8,-63
1741509274.535481,49,-15,-145
1741509274.581481,16,7,48
1741509274.627481,88,11,-37
1741509274.673481,16,-20,-93
1741509274.7184808,-14,70,-129
1741509274.7644808,-84,56,-101
1741509274.8104808,81,52,-33
1741509274.855481,-6,-61,-95
1741509274.901481,21,-3,-27
1741509274.947481,-6,-33,-117
1741509274.993481,1,-47,-97
1741509275.038481,-18,-58,-43
1741509275.084481,51,15,-17
1741509275.130481,110,-20,-21
1741509275.1754808,26,-42,-29
1741509275.2214808,-24,50,-27
1741509275.2674809,-21,40,-67
1741509275.3134809,-1,-13,-1
1741509275.358481,-58,18,-187
1741509275.404481,7,-35,-103
1741509275.450481,-22,24,-99
1741509275.495481,-4,-57,-137
1741509275.541481,-38,-9,0
1741509275.587481,31,-76,-15
1741509275.633481,-66,21,62
1741509275.6784809,54,-58,-25
1741509275.7244809,32,7,-25
1741509275.7704809,12,51,-103
1741509275.815481,42,33,38
1741509275.861481,80,14,-131
1741509275.907481,23,-74,-44
1741509275.953481,61,-2,-54
1741509275.998481,33,0,65
1741509276.0444808,-27,-23,23
1741509276.0904808,-49,-23,21
1741509276.1354809,-79,6,-92
1741509276.181481,54,24,-58
1741509276.227481,41,2,-104
1741509276.273481,39,-41,-124
1741509276.318481,-28,70,-80
1741509276.364481,-36,-49,-156
1741509276.410481,-74,-39,-5
1741509276.4554808,-73,38,-159
1741509276.5014808,48,38,-183
1741509276.5474808,12,4,50
1741509276.5934808,84,-13,-85
1741509276.638481,26,-23,22
1741509276.684481,-6,-49,-89
1741509276.730481,-37,-25,-25
1741509276.775481,-64,60,-115
1741509276.821481,-44,-5,-155
1741509276.867481,-16,27,-17
1741509276.913481,35,-38,-31
1741509276.9584808,-2,7,-85
1741509277.0044808,81,45,-201
1741509277.0504808,-24,-10,-81
1741509277.095481,104,-18,-69
1741509277.141481,92,-54,-67
1741509277.187481,14,-40,-97
1741509277.233481,44,-48,-187
1741509277.278481,34,25,-121
1741509277.324481,-27,7,-123
1741509277.370481,-39,-70,-25
1741509277.4154809,33,-40,-135
1741509277.4614809,23,25,-53
1741509277.5074809,61,-40,-5
1741509277.5534809,-48,-4,-165
1741509277.598481,-48,23,-49
1741509277.644481,29,19,-77
1741509277.690481,-40,-84,-95
1741509277.735481,-16,-22,-67
1741509277.781481,-27,53,14
1741509277.827481,-94,-18,-93
1741509277.873481,44,41,-189
1741509277.9184809,-37,49,72
1741509277.9644809,16,-28,-133
1741509278.0104809,10,31,-121
1741509278.055481,64,7,-153
1741509278.101481,10,41,-25
1741509278.147481,30,-40,-69
1741509278.193481,6,-6,-91
1741509278.2384808,59,23,-59
1741509278.2844808,-27,-11,-9
1741509278.3304808,20,66,-49
1741509278.375481,-3,-35,-57
1741509278.421481,60,8,-41
1741509278.467481,-67,-43,-167
1741509278.513481,-52,-50,-109
1741509278.558481,-56,43,-9
1741509278.604481,71,3,-39
1741509278.650481,-10,5,-121
1741509278.6954808,3,23,108
1741509278.7414808,-2,40,-89
1741509278.7874808,12,-13,-147
1741509278.8334808,-43,34,-47
1741509278.878481,8,-1,-179
1741509278.924481,-21,-41,-39
1741509278.970481,44,-61,-19
1741509279.015481,-7,62,-115
1741509279.061481,11,-70,-43
1741509279.107481,12,69,-155
1741509279.153481,-31,-42,32
1741509279.1984808,-13,5,-53
1741509279.2444808,92,83,42
1741509279.2904809,18,-22,-103
1741509279.335481,86,-36,-97
1741509279.381481,54,19,-89
1741509279.427481,-7,28,-47
1741509279.473481,24,-62,50
1741509279.518481,12,-3,-99
1741509279.564481,-10,-2,-99
1741509279.610481,6,66,-37
1741509279.6554809,-81,4,-22
1741509279.7014809,-85,6,-130
1741509279.7474809,-48,34,-56
1741509279.7934809,51,-1,-110
1741509279.838481,-44,0,-128
1741509279.884481,-36,-29,-4
1741509279.930481,-44,-45,-96
1741509279.975481,-96,62,-96
1741509280.021481,13,15,-72
1741509280.0674808,-22,-18,-114
1741509280.1134808,21,61,-106
1741509280.158481,-42,27,-86
1741509280.204481,3,15,-146
1741509280.250481,23,0,83
1741509280.295481,-12,-14,-50
1741509280.341481,37,-78,-65
1741509280.387481,-48,-66,-57
1741509280.433481,3,63,-175
1741509280.4784808,-39,58,-129
1741509280.5244808,0,30,-49
1741509280.5704808,9,-27,-143
1741509280.615481,19,26,-119
1741509280.661481,8,37,-51
1741509280.707481,-33,63,-83
1741509280.753481,-19,53,-83
1741509280.798481,-83,51,48
1741509280.844481,-31,24,46
1741509280.890481,33,28,-85
1741509280.9354808,66,7,-141
1741509280.9814808,-30,-26,10
1741509281.0274808,38,37,-103
1741509281.0734808,56,-40,-101
1741509281.118481,80,-98,40
1741509281.164481,-81,-20,-37
1741509281.210481,100,49,2
1741509281.255481,-8,53,-157
1741509281.301481,-65,-10,8
1741509281.347481,38,-30,-35
1741509281.3924809,-42,47,-141
1741509281.4384809,20,22,-61
1741509281.4844809,24,-11,-163
1741509281.5304809,-59,-1,-135
1741509281.575481,-41,32,-199
1741509281.621481,-69,102,-21
1741509281.667481,-67,36,-15
1741509281.712481,-38,143,-63
1741509281.758481,3,27,-129
1741509281.804481,5,45,-65
1741509281.850481,-84,35,-99
1741509281.8954809,-48,47,-85
1741509281.9414809,7,-74,-129
1741509281.9874809,55,27,-51
1741509282.032481,5,9,-49
1741509282.078481,14,-31,-151
1741509282.124481,5,-94,-17
1741509282.170481,-16,55,18
1741509282.2154808,47,51,-133
1741509282.2614808,-10,21,-121
1741509282.3074808,-24,19,-60
1741509282.352481,73,35,-27
1741509282.398481,-17,3,4
1741509282.444481,-44,2,-165
1741509282.490481,59,56,-101
1741509282.535481,-22,-65,-189
1741509282.581481,35,-43,-13
1741509282.627481,52,75,-15
1741509282.6724808,-41,-76,-65
1741509282.7184808,8,11,-261
1741509282.7644808,-9,31,-23
1741509282.8104808,-25,-88,-111
1741509282.855481,-26,-22,-91
1741509282.901481,28,-18,42
1741509282.947481,58,-44,-97
1741509282.992481,46,39,-73
1741509283.038481,48,5,-109
1741509283.084481,6,-21,-3
1741509283.130481,-16,11,-95
1741509283.1754808,-38,77,-25
1741509283.227481,-22,16,28
1741509283.272481,-56,-63,-31
1741509283.318481,-32,-17,-43
1741509283.364481,-70,-102,-97
1741509283.410481,-72,55,-137
1741509283.4554808,-20,-22,16
1741509283.5014808,-44,-4,-105
1741509283.5474808,3,75,-91
1741509283.592481,24,-19,-125
1741509283.638481,6,2,18
1741509283.684481,-46,-54,-109
1741509283.730481,5,-60,-29
1741509283.775481,50,-21,-91
1741509283.821481,12,-41,-19
1741509283.867481,-31,-79,-65
1741509283.9124808,-33,51,-163
1741509283.9584808,28,-31,-85
1741509284.0044808,-59,5,-25
1741509284.0504808,22,6,-89
1741509284.095481,1,-10,-147
1741509284.141481,-32,26,-211
1741509284.187481,-96,-6,-89
1741509284.232481,-12,57,-83
1741509284.278481,75,-50,-39
1741509284.324481,17,40,12
1741509284.370481,50,10,88
1741509284.4154809,-28,-69,39
1741509284.4614809,24,-21,-130
1741509284.5074809,-8,-67,-94
1741509284.552481,3,42,-106
1741509284.598481,-16,-13,-118
1741509284.644481,-63,36,-108
1741509284.690481,-67,0,-100
1741509284.735481,3,-13,-30
1741509284.781481,51,90,-46
1741509284.827481,-40,-33,0
1741509284.8724809,-30,-48,-168
1741509284.9184809,5,-76,-162
1741509284.9644809,-16,-44,-18
1741509285.0104809,-18,-14,-162
1741509285.055481,-2,64,-138
1741509285.101481,-16,-25,-24
1741509285.147481,101,-43,-56
1741509285.1924808,-62,56,-100
1741509285.2384808,17,24,-66
1741509285.2844808,-44,-59,-44
1741509285.3304808,40,-38,-104
1741509285.375481,60,71,-62
1741509285.421481,-27,30,-74
1741509285.467481,-5,-28,-30
1741509285.512481,-64,68,-78
1741509285.558481,24,-74,-46
1741509285.604481,28,3,-122
1741509285.650481,-27,35,-220
1741509285.6954808,8,0,-72
1741509285.7414808,12,-5,27
1741509285.7874808,-39,18,-154
1741509285.832481,10,27,-156
1741509285.878481,-35,-16,-56
1741509285.924481,-19,43,-33
1741509285.970481,14,60,-151
1741509286.015481,-59,-3,-39
1741509286.061481,52,-84,-159
1741509286.107481,10,-16,-5
1741509286.1524808,-55,55,-35
1741509286.1984808,36,7,-99
1741509286.2444808,-34,-12,-61
1741509286.2904809,14,-54,48
1741509286.335481,-27,57,-51
1741509286.381481,-59,35,-155
1741509286.427481,54,-36,-89
1741509286.472481,3,33,-32
1741509286.518481,17,19,-93
1741509286.564481,29,-22,-195
1741509286.610481,47,37,-59
1741509286.6554809,-18,19,-85
1741509286.7014809,-40,-1,-57
1741509286.7474809,38,-54,-33
1741509286.792481,75,-17,-75
1741509286.838481,41,30,-113
1741509286.884481,67,-2,-83
1741509286.930481,2,-2,0
1741509286.975481,4,-20,-55
1741509287.021481,-67,-24,6
1741509287.0674808,58,-62,-107
1741509287.1124809,43,-16,-25
1741509287.158481,25,1,-29
1741509287.204481,-10,24,-165
1741509287.250481,-47,-7,-127
1741509287.295481,-7,2,-139
1741509287.341481,0,26,12
1741509287.387481,0,19,-127
1741509287.4324808,52,31,38
1741509287.4784808,48,-4,-19
1741509287.5244808,2,-47,-39
1741509287.5704808,52,-27,-1
1741509287.615481,40,-89,-19
1741509287.661481,-31,48,-61
1741509287.707481,13,-58,-69
1741509287.752481,-58,43,-67
1741509287.798481,-4,37,-29
1741509287.844481,13,-4,-65
1741509287.890481,-3,-35,-151
1741509287.9354808,-29,-53,-41
1741509287.9814808,64,-35,26
1741509288.0274808,24,-41,-95
1741509288.072481,-27,52,-21
1741509288.118481,47,19,-119
1741509288.164481,6,-37,-131
1741509288.209481,-68,13,-115
1741509288.255481,-111,36,-163
1741509288.301481,-95,24,-139
1741509288.347481,-41,-41,-97
1741509288.3924809,-29,60,-51
1741509288.4384809,-35,4,-67
1741509288.4844809,-7,46,-90
1741509288.529481,-23,38,-183
1741509288.575481,66,-41,-264
1741509288.621481,-31,22,-36
1741509288.667481,44,22,-82
1741509288.712481,21,-50,-130
1741509288.758481,66,-61,-126
1741509288.804481,58,26,-76
1741509288.8494809,5,107,-82
1741509288.8954809,-52,-24,-58
1741509288.9414809,171,49,-86
1741509288.9874809,-6,93,9
1741509289.032481,-8,39,-146
1741509289.078481,76,76,-54
1741509289.124481,-21,20,-98
1741509289.1694808,26,-25,-16
1741509289.2154808,64,-45,-73
1741509289.2614808,66,74,-123
1741509289.3074808,2,32,12
1741509289.352481,-3,96,-81
1741509289.398481,32,122,-11
1741509289.444481,-11,-44,-175
1741509289.489481,-23,-40,-75
1741509289.535481,-4,-96,-33
1741509289.581481,-157,73,-157
1741509289.627481,45,-24,-195
1741509289.6724808,-4,23,-111
1741509289.7184808,27,61,-57
1741509289.7644808,-26,-37,-65
1741509289.809481,-8,23,-143
1741509289.855481,75,31,-67
1741509289.901481,93,-2,-49
1741509289.947481,5,13,-163
1741509289.992481,-24,-26,-125
1741509290.038481,17,-41,-21
1741509290.084481,-91,46,-173
1741509290.1294808,9,-15,-207
1741509290.1754808,29,8,-71
1741509290.2214808,99,28,-97
1741509290.2674809,-24,-27,-127
1741509290.312481,-38,-23,-31
1741509290.358481,-38,94,-55
1741509290.404481,27,-49,-207
1741509290.449481,39,-3,-130
1741509290.495481,26,-12,-144
1741509290.541481,-19,-30,-94
1741509290.587481,2,87,-92
1741509290.6324809,32,-44,-101
1741509290.6784809,-53,5,-55
1741509290.7244809,30,51,-52
1741509290.769481,10,59,-69
1741509290.815481,-33,-4,40
1741509290.861481,18,47,-71
1741509290.907481,62,-54,-121
1741509290.952481,16,11,-151
1741509290.998481,6,-94,-49
1741509291.0444808,37,26,-31
1741509291.0894809,-78,-17,-17
1741509291.1354809,16,-30,-133
1741509291.181481,17,-21,-101
1741509291.227481,29,-17,-175
1741509291.272481,-21,-8,26
1741509291.318481,32,51,-83
1741509291.364481,10,21,-1
1741509291.4094808,-61,-24,-317
1741509291.4554808,-29,27,-11
1741509291.5014808,73,-33,-207
1741509291.5474808,-4,32,-173
1741509291.592481,16,-14,-67
1741509291.638481,-20,15,-105
1741509291.684481,7,61,-71
1741509291.729481,11,-8,-99
1741509291.775481,-21,-2,-48
1741509291.821481,-15,21,-64
1741509291.867481,-10,-7,-79
1741509291.9124808,15,-20,-108
1741509291.9584808,95,-21,-76
1741509292.0044808,-40,-39,-94
1741509292.049481,28,-16,-58
1741509292.095481,64,-51,-104
1741509292.141481,-74,7,-96
1741509292.187481,0,-21,-138
1741509292.232481,4,56,-84
1741509292.278481,-64,11,49
1741509292.324481,55,-82,-184
1741509292.3694808,93,13,-102
1741509292.4154809,3,-36,-78
1741509292.4614809,-30,37,-70
1741509292.5074809,38,0,-72
1741509292.552481,-73,16,-168
1741509292.598481,-48,2,-136
1741509292.644481,9,46,-30
1741509292.689481,51,34,-92
1741509292.735481,-36,75,15
1741509292.781481,69,-39,-132
1741509292.827481,65,-67,-118
1741509292.8724809,9,-30,-59
1741509292.9184809,55,24,-17
1741509292.9644809,21,-61,-147
1741509293.009481,77,-19,-127
1741509293.055481,35,52,-91
1741509293.101481,-11,-50,-79
1741509293.147481,22,0,-85
1741509293.1924808,10,47,-27
1741509293.2444808,-16,25,-119
1741509293.289481,-30,-80,-27
1741509293.335481,7,-16,0
1741509293.381481,5,-14,-105
1741509293.427481,53,25,-147
1741509293.472481,-16,107,-17
1741509293.518481,9,45,-59
1741509293.564481,53,-14,-59
1741509293.6094809,-8,-2,-99
1741509293.6554809,35,-6,11
1741509293.7014809,-126,21,68
1741509293.7474809,23,-22,-87
1741509293.792481,3,7,-104
1741509293.838481,10,-64,-67
1741509293.884481,-10,-64,-181
1741509293.929481,75,-29,-133
1741509293.975481,33,-70,-99
1741509294.021481,-8,93,-149
1741509294.0674808,12,-26,-43
1741509294.1124809,2,-22,-107
1741509294.158481,-67,-16,-165
1741509294.204481,-45,-34,6
1741509294.249481,-18,-65,38
1741509294.295481,-68,24,-109
1741509294.341481,-1,83,-159
1741509294.387481,-104,-2,-43
1741509294.4324808,35,13,-107
1741509294.4784808,95,-18,-29
1741509294.5244808,9,-12,-17
1741509294.569481,1,39,-181
1741509294.615481,83,15,-101
1741509294.661481,-40,21,28
1741509294.707481,27,-36,-63
1741509294.752481,79,-34,-65
1741509294.798481,9,17,-53
1741509294.844481,49,15,6
1741509294.8894808,-17,11,40
1741509294.9354808,49,-72,-137
1741509294.9814808,79,21,-21
1741509295.026481,-120,-16,-3
1741509295.072481,-4,3,-147
1741509295.118481,-16,9,-125
1741509295.1654809,53,-42,-19
1741509295.210481,-20,-28,-85
1741509295.256481,-2,27,-161
1741509295.302481,55,-52,-85
1741509295.348481,-12,22,-162
1741509295.393481,-20,6,-160
1741509295.439481,-52,60,-80
1741509295.485481,17,-9,-22
1741509295.5304809,-24,20,1
1741509295.5764809,-64,-15,-150
1741509295.6224809,-1,39,-36
1741509295.6684809,26,-22,-162
1741509295.713481,-5,-66,-24
1741509295.759481,59,-54,-67
1741509295.805481,-30,-63,-105
1741509295.850481,-82,60,-31
1741509295.896481,-26,-35,-53
1741509295.9424808,-2,-63,-105
1741509295.9884808,149,48,-83
1741509296.033481,44,30,-159
1741509296.079481,-4,-97,-51
1741509296.125481,-61,0,-105
1741509296.170481,4,3,6
1741509296.216481,-70,-15,-101
1741509296.262481,-40,42,-67
1741509296.308481,-76,-1,-1
1741509296.3534808,-28,28,-57
1741509296.3994808,23,17,-43
1741509296.4454808,49,39,16
1741509296.490481,-35,-2,-55
1741509296.536481,120,-17,-67
1741509296.582481,-47,-39,66
1741509296.628481,-52,8,-129
1741509296.673481,-23,-8,-237
1741509296.719481,-36,-31,94
1741509296.765481,-2,28,-9
1741509296.8104808,39,20,-81
1741509296.8564808,16,3,63
1741509296.9024808,55,-31,-66
1741509296.9484808,-46,-94,-58
1741509296.993481,-18,-40,39
1741509297.039481,-54,-48,-86
1741509297.085481,15,-24,-32
1741509297.130481,-40,9,-80
1741509297.176481,-40,37,-22
1741509297.222481,35,-16,-6
1741509297.268481,-30,-2,-64
1741509297.3134809,19,7,-38
1741509297.3594809,51,-8,-36
1741509297.4054809,55,7,-32
1741509297.450481,25,-46,-54
1741509297.496481,13,3,-82
1741509297.542481,-22,11,-102
1741509297.588481,3,-60,-66
1741509297.633481,79,13,-158
1741509297.679481,53,-61,-118
1741509297.725481,27,26,-108
1741509297.7704809,1,-64,-52
1741509297.8164809,55,-10,-106
1741509297.8624809,2,-55,-4
1741509297.908481,86,52,-42
1741509297.953481,37,31,3
1741509297.999481,10,-60,-202
1741509298.045481,4,-60,0
1741509298.0904808,54,85,-134
1741509298.1364808,0,12,-4
1741509298.1824808,-28,-75,-96
1741509298.2284808,-31,-17,-200
1741509298.273481,46,-13,-142
1741509298.319481,-27,58,-122
1741509298.365481,-7,18,-96
1741509298.410481,-27,52,-88
1741509298.456481,-32,1,-124
1741509298.502481,-63,34,9
1741509298.548481,-33,21,-160
1741509298.5934808,76,-29,-14
1741509298.6394808,6,28,-130
1741509298.6854808,31,-26,-94
1741509298.730481,-35,36,-2
1741509298.776481,-54,30,-114
1741509298.822481,5,31,31
1741509298.868481,-28,11,-76
1741509298.913481,25,37,-38
1741509298.959481,43,-20,-78
1741509299.005481,16,-51,-18
1741509299.0504808,-31,10,-64
1741509299.0964808,38,-9,-84
1741509299.1424809,58,48,-180
1741509299.1884809,-22,-13,-62
1741509299.233481,-24,-99,-62
1741509299.279481,-37,59,-20
1741509299.325481,96,-63,-164
1741509299.370481,40,-11,-16
1741509299.416481,-4,-36,-118
1741509299.462481,10,24,-50
1741509299.508481,-10,58,-76
1741509299.5534809,21,16,-159
1741509299.5994809,38,-11,-223
1741509299.6454809,57,11,-65
1741509299.690481,8,0,-73
1741509299.736481,53,-21,-19
1741509299.782481,-2,41,-87
1741509299.828481,87,-24,-35
1741509299.873481,26,-60,-151
1741509299.9194808,50,37,-71
1741509299.9654808,54,-36,6
1741509300.0104809,121,-41,4
1741509300.056481,-10,20,-105
1741509300.102481,33,-19,-31
1741509300.148481,-22,-17,-135
1741509300.193481,-69,37,-89
1741509300.239481,46,-6,-7
1741509300.285481,73,-46,-16
1741509300.3304808,103,41,-100
1741509300.3764808,19,0,-62
1741509300.4224808,-10,8,-70
1741509300.4684808,-52,16,-150
1741509300.513481,-51,0,11
1741509300.559481,-51,32,-174
1741509300.605481,-9,51,79
1741509300.650481,-28,62,-82
1741509300.696481,23,-7,-126
1741509300.742481,-16,17,-210
1741509300.788481,123,-61,-52
1741509300.8334808,43,-25,-48
1741509300.8794808,39,-37,-81
1741509300.9254808,-4,-85,-57
1741509300.970481,-88,-23,-151
1741509301.016481,-36,46,-113
1741509301.062481,83,-35,-19
1741509301.108481,9,-41,-105
1741509301.153481,17,58,-87
1741509301.199481,0,-37,-53
1741509301.245481,-10,99,20
1741509301.2904809,39,-22,-97
1741509301.3364809,-73,44,-57
1741509301.3824809,-85,-19,-151
1741509301.4284809,-52,-10,-53
1741509301.473481,76,-43,0
1741509301.519481,68,4,-99
1741509301.565481,77,9,-15
1741509301.610481,23,41,-81
1741509301.656481,52,5,-14
1741509301.702481,25,53,-155
1741509301.7474809,31,49,-234
1741509301.7934809,-1,71,-215
1741509301.8394809,52,-14,-72
1741509301.8854809,-59,112,-72
1741509301.930481,-139,-54,-33
1741509301.976481,-5,9,-162
1741509302.022481,64,-1,43
1741509302.0674808,-23,18,-2
1741509302.1134808,20,1,-190
1741509302.1594808,-13,9,-44
1741509302.2054808,-63,19,-118
1741509302.250481,108,25,-26
1741509302.296481,-51,6,-38
1741509302.342481,26,122,-22
1741509302.387481,-75,55,-38
1741509302.433481,2,30,-80
1741509302.479481,-51,18,-110
1741509302.525481,-40,-41,-64
1741509302.5704808,33,-6,-118
1741509302.6164808,-82,-40,65
1741509302.6624808,50,-124,-54
1741509302.707481,19,14,-110
1741509302.753481,0,64,-132
1741509302.799481,111,-13,-72
1741509302.845481,-19,57,-84
1741509302.890481,-13,39,-124
1741509302.936481,-19,59,119
1741509302.982481,18,9,-88
1741509303.0274808,50,-45,-18
1741509303.0734808,-19,12,-124
1741509303.1194808,110,-21,-170
1741509303.1654809,34,48,101
1741509303.210481,-1,-19,-104
1741509303.262481,-36,-31,0
1741509303.3074808,31,-55,-76
1741509303.3534808,-42,-12,-64
1741509303.3994808,48,82,-76
1741509303.4454808,-20,45,-64
1741509303.490481,-86,-12,-100
1741509303.536481,-37,31,-48
1741509303.582481,14,-26,-6
1741509303.627481,-85,86,-70
1741509303.673481,-57,-77,-24
1741509303.719481,50,-27,-74
1741509303.765481,33,-40,-62
1741509303.8104808,-45,0,-152
1741509303.8564808,30,-16,-74
1741509303.9024808,-19,39,-84
1741509303.947481,23,3,-142
1741509303.993481,10,43,-100
1741509304.039481,-7,-44,55
1741509304.085481,3,-50,-44
1741509304.130481,-14,29,-166
1741509304.176481,82,-21,-32
1741509304.222481,-58,49,-51
1741509304.2674809,-14,-12,-107
1741509304.3134809,-16,-18,2
1741509304.3594809,38,-31,-47
1741509304.4054809,-31,-105,-167
1741509304.450481,8,6,-13
1741509304.496481,-51,4,-77
1741509304.542481,30,22,-93
1741509304.587481,42,48,-67
1741509304.633481,17,1,-65
1741509304.679481,11,-6,-31
1741509304.725481,23,15,-43
1741509304.7704809,-33,21,-189
1741509304.8164809,43,-30,-117
1741509304.8624809,-58,41,-171
1741509304.907481,17,3,-105
1741509304.953481,-18,3,-60
1741509304.999481,-2,5,-26
1741509305.045481,-18,-20,-68
1741509305.0904808,-6,7,-16
1741509305.1364808,-23,-3,-80
1741509305.1824808,-31,20,-86
1741509305.227481,-48,-40,63
1741509305.273481,45,1,-166
1741509305.319481,-68,25,-120
1741509305.365481,12,-25,-134
1741509305.410481,-11,30,-44
1741509305.456481,5,-40,-20
1741509305.502481,37,19,-78
1741509305.5474808,-3,-29,-88
1741509305.5934808,-24,12,-40
1741509305.6394808,-20,-12,-48
1741509305.6854808,-9,-29,13
1741509305.730481,0,-51,-36
1741509305.776481,78,8,-92
1741509305.822481,90,-53,-212
1741509305.867481,26,22,-52
1741509305.913481,76,2,-144
1741509305.959481,-100,-28,-162
1741509306.005481,-32,-12,-62
1741509306.0504808,-15,-13,-112
1741509306.0964808,51,11,-150
1741509306.1424809,18,-7,-12
1741509306.187481,-24,17,-50
1741509306.233481,-4,-40,-134
1741509306.279481,-36,-22,-94
1741509306.3234808,-36,12,-70
1741509306.3694808,53,-25,-64
1741509306.4154809,-66,16,-18
1741509306.4614809,68,3,-80
1741509306.506481,-29,-13,-78
1741509306.552481,14,46,-194
1741509306.598481,34,-52,53
1741509306.643481,-17,-82,-144
1741509306.689481,-2,61,-70
1741509306.735481,43,5,-74
1741509306.781481,-4,-44,15
1741509306.8264809,-6,0,-46
1741509306.8724809,67,13,71
1741509306.9184809,109,34,-182
1741509306.963481,-57,-8,1
1741509307.009481,-3,57,-98
1741509307.055481,20,-40,19
1741509307.101481,5,4,-144
1741509307.146481,45,36,-144
1741509307.1924808,42,-70,-56
1741509307.2384808,132,-14,-186
1741509307.283481,79,84,-80
1741509307.329481,12,0,-100
1741509307.375481,56,-16,-22
1741509307.421481,-40,-9,-40
1741509307.466481,-43,7,-154
1741509307.512481,105,-38,-140
1741509307.558481,32,-16,-164
1741509307.6034808,-67,13,-54
1741509307.6494808,3,29,-124
1741509307.6954808,-42,-38,-55
1741509307.7414808,-76,-27,-27
1741509307.786481,-61,8,-205
1741509307.832481,67,-15,28
1741509307.878481,6,37,-71
1741509307.923481,86,-24,-133
1741509307.969481,-51,77,-76
1741509308.015481,22,1,-184
1741509308.061481,26,-28,-128
1741509308.1064808,-9,27,-108
1741509308.1524808,-72,-12,-81
1741509308.1984808,5,-53,-128
1741509308.243481,23,-14,-89
1741509308.289481,-80,-15,-40
1741509308.335481,73,54,-9
1741509308.381481,13,52,-101
1741509308.426481,31,-31,-1
1741509308.472481,-30,-57,-101
1741509308.518481,-25,11,6
1741509308.5634809,-10,-17,-113
1741509308.6094809,68,18,-69
1741509308.6554809,4,36,-75
1741509308.700481,-5,-28,-89
1741509308.746481,22,-16,-139
1741509308.792481,-40,-28,-55
1741509308.838481,12,3,-85
1741509308.883481,34,-32,-66
1741509308.929481,66,-52,-109
1741509308.975481,2,-72,-96
1741509309.0204809,-1,-40,-14
1741509309.0664809,42,27,-154
1741509309.1124809,-45,32,21
1741509309.158481,-53,21,-8
1741509309.203481,-13,-20,-124
1741509309.249481,36,13,-78
1741509309.295481,-11,-68,-28
1741509309.3404808,-1,-23,-186
1741509309.3864808,-69,-75,-27
1741509309.4324808,-41,66,-6
1741509309.4784808,-65,92,-14
1741509309.523481,-37,28,-60
1741509309.569481,20,-39,-190
1741509309.615481,-28,-3,-120
1741509309.660481,43,10,-96
1741509309.706481,19,30,-74
1741509309.752481,-13,20,-174
1741509309.798481,-12,6,-32
1741509309.8434808,18,10,-14
1741509309.8894808,-13,-37,-64
1741509309.9354808,-41,-3,-4
1741509309.980481,-45,-5,-58
1741509310.026481,-11,-13,-100
1741509310.072481,-1,4,-104
1741509310.118481,-36,40,-132
1741509310.163481,45,-13,-74
1741509310.209481,-26,10,-46
1741509310.255481,12,-18,-92
1741509310.3004808,20,-38,-176
1741509310.3464808,-36,-12,-112
1741509310.3924809,-40,5,-78
1741509310.4384809,70,-27,37
1741509310.483481,16,40,-110
1741509310.529481,25,83,-20
1741509310.575481,50,-2,-188
1741509310.620481,45,-32,7
1741509310.666481,-17,-137,-150
1741509310.712481,5,-1,-116
1741509310.758481,-10,-35,-180
1741509310.8034809,-79,34,-40
1741509310.8494809,6,30,-68
1741509310.8954809,28,0,-44
1741509310.940481,-19,44,-116
1741509310.986481,-17,-9,-46
1741509311.032481,71,-63,-62
1741509311.078481,59,-3,-36
1741509311.123481,-30,-19,-116
1741509311.1694808,-42,26,55
1741509311.2154808,17,48,-24
1741509311.2604809,30,-26,37
1741509311.306481,66,20,-110
1741509311.352481,-23,26,-132
1741509311.398481,24,3,-152
1741509311.443481,13,-60,-198
1741509311.489481,-6,-32,-76
1741509311.535481,0,13,-151
1741509311.5804808,111,-48,-83
1741509311.6264808,7,-7,-97
1741509311.6724808,35,-18,-19
1741509311.7184808,-20,1,-79
1741509311.763481,9,-54,-121
1741509311.809481,77,53,78
1741509311.855481,49,9,54
1741509311.900481,9,24,-33
1741509311.946481,35,-12,88
1741509311.992481,-66,-134,-37
1741509312.038481,-22,17,-41
1741509312.0834808,-75,77,-105
1741509312.1294808,-45,-10,-85
1741509312.1754808,14,21,-19
1741509312.220481,89,-17,-47
1741509312.266481,24,-23,-123
1741509312.312481,11,-60,-63
1741509312.358481,74,-28,-73
1741509312.403481,-17,-29,-147
1741509312.449481,-5,40,-29
1741509312.495481,-67,-38,-156
1741509312.5404809,-61,17,-26
1741509312.5864809,-27,-10,-12
1741509312.6324809,-69,95,-28
1741509312.6784809,-15,-4,-186
1741509312.723481,-9,-32,85
1741509312.769481,-41,-56,-120
1741509312.815481,-31,11,-156
1741509312.860481,-67,-50,35
1741509312.906481,58,45,-60
1741509312.952481,30,65,-72
1741509312.998481,21,41,-146
1741509313.0434809,-26,-18,-36
1741509313.0894809,37,-28,43
1741509313.1354809,0,-2,-150
1741509313.180481,-13,-106,-166
1741509313.226481,-37,-26,-80
1741509313.278481,-23,-25,45
1741509313.3234808,62,-79,-38
1741509313.3694808,14,80,-228
1741509313.4154809,52,-49,-96
1741509313.460481,-43,-33,-136
1741509313.506481,4,24,-6
1741509313.552481,22,90,-62
1741509313.598481,-15,2,-50
1741509313.643481,20,4,-46
1741509313.690481,34,30,-42
1741509313.736481,18,-77,-38
1741509313.782481,64,-29,-38
1741509313.827481,52,-45,-136
1741509313.873481,70,10,-60
1741509313.9194808,-5,3,-18
1741509313.9644809,38,5,-60
1741509314.0104809,-89,16,-6
1741509314.056481,76,4,-159
1741509314.102481,-14,12,-99
1741509314.147481,9,70,-139
1741509314.193481,71,61,14
1741509314.239481,46,14,-151
1741509314.2844808,7,-119,-163
1741509314.3304808,-124,-66,16
1741509314.3764808,34,-41,-87
1741509314.4224808,24,-48,-177
1741509314.467481,-71,-32,-32
1741509314.513481,2,-22,-110
1741509314.559481,-69,6,-98
1741509314.604481,-35,2,-98
1741509314.650481,-43,-39,-90
1741509314.696481,-59,-61,-156
1741509314.7414808,34,-61,-110
1741509314.7874808,-9,-5,-132
1741509314.8334808,14,-71,-96
1741509314.8794808,0,-22,0
1741509314.924481,52,-17,-118
1741509314.970481,-78,-77,-62
1741509315.016481,29,8,-152
1741509315.062481,97,-101,-90
1741509315.107481,-8,-1,-142
1741509315.153481,-68,-59,-42
1741509315.199481,27,-65,-60
1741509315.2444808,9,-25,-44
1741509315.2904809,-43,62,-124
1741509315.3364809,2,-43,-92
1741509315.3824809,-70,-38,-12
1741509315.427481,35,27,-54
1741509315.473481,-56,17,-86
1741509315.519481,36,19,-32
1741509315.564481,19,-44,45
1741509315.610481,15,-2,-66
1741509315.656481,-42,15,-24
1741509315.7014809,39,-10,87
1741509315.7474809,-22,-61,-126
1741509315.7934809,65,64,-100
1741509315.8394809,3,54,-66
1741509315.884481,-15,-9,105
1741509315.930481,7,-33,-100
1741509315.976481,-8,24,-124
1741509316.021481,64,42,-4
1741509316.0674808,-17,16,5
1741509316.1134808,14,-6,1
1741509316.1594808,19,-44,-100
1741509316.204481,-63,33,-132
1741509316.250481,4,-69,-14
1741509316.296481,-83,-19,5
1741509316.341481,-19,-9,-74
1741509316.387481,22,48,-98
1741509316.433481,-12,-4,-48
1741509316.479481,-3,77,-68
1741509316.5244808,53,3,-69
1741509316.5704808,5,-34,-65
1741509316.6164808,-55,-25,-161
1741509316.661481,16,-41,24
1741509316.707481,17,5,22
1741509316.753481,-49,50,-57
1741509316.799481,-55,90,-95
1741509316.844481,-26,-8,-75
1741509316.890481,-2,-54,26
1741509316.936481,27,19,-69
1741509316.9814808,35,-38,-123
1741509317.0274808,-27,-1,8
1741509317.0734808,-21,76,-25
1741509317.1194808,0,-21,-59
1741509317.164481,-14,24,-191
1741509317.210481,39,57,-143
1741509317.256481,25,45,-47
1741509317.301481,29,-6,-9
1741509317.347481,-95,29,-91
1741509317.393481,29,25,-5
1741509317.439481,-8,-54,-23
1741509317.4844809,46,45,0
1741509317.5304809,78,-3,-93
1741509317.5764809,13,-8,84
1741509317.621481,-70,-5,-33
1741509317.667481,-54,81,-121
1741509317.713481,-14,21,-91
1741509317.759481,103,0,-73
1741509317.804481,50,-45,-161
1741509317.850481,-101,-52,-103
1741509317.896481,-37,-20,-57
1741509317.9414809,32,-44,-17
1741509317.9874809,-5,13,2
1741509318.033481,-8,-5,-45
1741509318.079481,-42,-27,-43
1741509318.124481,-23,24,-59
1741509318.170481,8,-34,-55
1741509318.216481,8,28,6
1741509318.2614808,80,16,-53
1741509318.3074808,6,74,-131
1741509318.3534808,-11,62,-102
1741509318.3994808,53,85,44
1741509318.444481,-2,-38,-78
1741509318.490481,-8,-44,-184
1741509318.536481,-56,3,-104
1741509318.581481,76,17,-76
1741509318.627481,-43,113,-174
1741509318.673481,10,-46,-94
1741509318.719481,-65,35,-82
1741509318.7644808,-27,-3,-46
1741509318.8104808,-13,7,-114
1741509318.8564808,-21,27,-22
1741509318.901481,14,31,-104
1741509318.947481,96,36,-110
1741509318.993481,-34,12,-8
1741509319.039481,-68,34,-168
1741509319.084481,42,37,-128
1741509319.130481,-43,-71,0
1741509319.176481,20,-4,-20
1741509319.2214808,-11,-51,-98
1741509319.2674809,-8,77,-226
1741509319.3134809,87,-100,-20
1741509319.3594809,-53,-75,-110
1741509319.404481,10,38,-46
1741509319.450481,46,-45,-108
1741509319.496481,38,-4,-16
1741509319.541481,56,10,-118
1741509319.587481,4,83,-78
1741509319.633481,8,84,-104
1741509319.679481,2,4,-160
1741509319.7244809,18,-83,-160
1741509319.7704809,-13,17,-150
1741509319.8164809,-22,1,-14
1741509319.861481,69,-10,-122
1741509319.907481,65,4,-98
1741509319.953481,30,-35,-138
1741509319.999481,-78,42,-100
1741509320.0444808,-10,-23,-66
1741509320.0904808,-27,-64,-140
1741509320.1364808,27,-35,-166
1741509320.181481,-16,0,-2
1741509320.227481,9,-19,-10
1741509320.273481,41,6,-142
1741509320.319481,17,-21,-122
1741509320.364481,-30,4,-78
1741509320.410481,-50,-21,-186
1741509320.456481,-42,53,-84
1741509320.5014808,102,10,-78
1741509320.5474808,7,37,-36
1741509320.5934808,21,-50,-24
1741509320.6394808,-42,-58,-100
1741509320.684481,66,30,-22
1741509320.730481,32,-109,-32
1741509320.776481,10,20,-106
1741509320.821481,-16,20,-106
1741509320.867481,56,17,-18
1741509320.913481,16,49,-100
1741509320.959481,-59,-50,-24
1741509321.0044808,26,11,-106
1741509321.0504808,64,-19,-80
1741509321.0964808,-23,-59,-88
1741509321.141481,10,60,-84
1741509321.187481,-34,-38,-14
1741509321.233481,73,-8,-112
1741509321.279481,-30,-10,-22
1741509321.324481,59,-60,83
1741509321.370481,-12,3,-146
1741509321.416481,-12,-10,-42
1741509321.4614809,119,23,-56
1741509321.5074809,66,-51,-68
1741509321.5534809,-11,-97,-88
1741509321.5994809,76,-47,-102
1741509321.644481,2,-47,-86
1741509321.690481,-33,-51,-176
1741509321.736481,-78,-37,-208
1741509321.781481,-62,-11,35
1741509321.827481,-26,-28,-44
1741509321.873481,-106,53,-136
1741509321.9194808,-48,49,-92
1741509321.9644809,33,-48,-70
1741509322.0104809,-24,-10,-32
1741509322.056481,3,9,-16
1741509322.101481,23,-36,-72
1741509322.147481,-18,-28,-84
1741509322.193481,63,-20,-122
1741509322.2384808,23,27,-114
1741509322.2844808,6,-22,9
1741509322.3304808,15,13,-104
1741509322.3764808,44,-19,17
1741509322.421481,36,-46,-98
1741509322.467481,4,-42,-96
1741509322.513481,56,-18,-24
1741509322.558481,-22,31,26
1741509322.604481,28,-62,-115
1741509322.650481,4,-2,-17
1741509322.696481,-45,-76,-27
1741509322.7414808,-83,-48,-79
1741509322.7874808,-82,29,-151
1741509322.8334808,-42,-29,-25
1741509322.878481,-18,-51,-113
1741509322.924481,-20,10,-97
1741509322.970481,18,-53,8
1741509323.016481,-34,-6,-139
1741509323.061481,-35,21,62
1741509323.107481,-25,-22,-151
1741509323.153481,-17,23,-103
1741509323.1984808,-67,21,-17
1741509323.2444808,-61,-34,-29
1741509323.296481,-116,-23,-121
1741509323.341481,11,54,-137
1741509323.387481,11,6,-39
1741509323.433481,-62,70,-51
1741509323.4784808,42,-45,-235
1741509323.5244808,-22,-5,-7
1741509323.5704808,-14,23,-201
1741509323.6164808,-22,3,-135
1741509323.661481,65,50,82
1741509323.707481,37,-14,-73
1741509323.753481,1,41,-111
1741509323.798481,35,11,30
1741509323.8434808,61,15,-11
1741509323.8894808,19,-26,-105
1741509323.934481,14,-68,-37
1741509323.980481,-70,12,-33
1741509324.026481,61,32,-103
1741509324.072481,59,-26,-77
1741509324.117481,21,-2,-81
1741509324.163481,-22,7,-55
1741509324.209481,-30,-12,-81
1741509324.2544808,-12,-4,-301
1741509324.3004808,-26,-32,-131
1741509324.3464808,69,9,-143
1741509324.3924809,18,-33,-121
1741509324.437481,54,2,-51
1741509324.483481,-49,-79,-137
1741509324.529481,31,13,-141
1741509324.574481,37,-26,-157
1741509324.620481,31,25,36
1741509324.666481,21,31,26
1741509324.712481,28,-16,-169
1741509324.7574809,-6,-42,-105
1741509324.8034809,6,65,-147
1741509324.8494809,85,-2,68
1741509324.894481,30,46,-67
1741509324.940481,-69,12,0
1741509324.986481,12,50,-23
1741509325.032481,78,4,62
1741509325.077481,8,80,-137
1741509325.123481,-31,46,40
1741509325.1694808,-16,-26,-95
1741509325.2144809,-29,-49,-7
1741509325.2604809,74,-21,124
1741509325.306481,30,-61,-33
1741509325.352481,-17,-72,-73
1741509325.397481,-31,-4,-19
1741509325.443481,-46,0,-160
1741509325.489481,8,-73,-102
1741509325.5344808,22,28,-36
1741509325.5804808,-63,1,122
1741509325.6264808,-23,-34,-46
1741509325.6724808,-55,-38,-59
1741509325.717481,-37,-28,-19
1741509325.763481,-39,-26,-173
1741509325.809481,38,-2,-16
1741509325.854481,44,-2,-210
1741509325.900481,52,-24,-112
1741509325.946481,10,-24,-112
1741509325.992481,-11,21,9
1741509326.0374808,9,-32,-114
1741509326.0834808,-2,36,-29
1741509326.1294808,-58,-13,-77
1741509326.174481,22,-17,-63
1741509326.220481,57,48,-15
1741509326.266481,-26,4,-83
1741509326.312481,-80,-11,-58
1741509326.357481,-30,-10,-144
1741509326.403481,26,17,-90
1741509326.449481,-36,34,-124
1741509326.4944808,43,-11,-89
1741509326.5404809,-72,-21,-100
1741509326.5864809,-2,66,-156
1741509326.6324809,-4,12,-189
1741509326.677481,27,49,-132
1741509326.723481,-26,31,-48
1741509326.769481,47,-6,-113
1741509326.814481,-10,-30,-88
1741509326.860481,-4,-10,-112
1741509326.906481,-26,23,-61
1741509326.952481,-3,-42,-117
1741509326.9974809,-83,-26,-45
1741509327.0434809,23,91,-117
1741509327.0894809,43,1,-50
1741509327.134481,-38,-19,-75
1741509327.180481,37,-1,-36
1741509327.226481,-50,-15,-147
1741509327.272481,-50,-33,-61
1741509327.3174808,22,41,-133
1741509327.3634808,-51,-8,-93
1741509327.4094808,7,14,-6
1741509327.454481,59,-17,-176
1741509327.500481,7,-29,-16
1741509327.546481,20,-42,-84
1741509327.592481,50,-6,-94
1741509327.637481,-14,39,-156
1741509327.683481,-50,53,0
1741509327.729481,-76,-82,-164
1741509327.7744808,-37,62,-14
1741509327.8204808,40,29,-168
1741509327.8664808,6,78,-44
1741509327.9124808,-23,-24,-138
1741509327.957481,15,18,-78
1741509328.003481,44,23,-18
1741509328.049481,19,32,-220
1741509328.094481,31,-53,-196
1741509328.140481,35,3,-34
1741509328.186481,37,24,15
1741509328.232481,92,-24,-102
1741509328.2774808,18,-6,-30
1741509328.3234808,-9,-4,-54
1741509328.3694808,15,-21,-116
1741509328.414481,-21,35,-182
1741509328.460481,28,51,-50
1741509328.506481,19,-5,-70
1741509328.552481,40,-4,-120
1741509328.597481,-65,-42,43
1741509328.643481,60,45,-156
1741509328.689481,31,-43,-242
1741509328.7344809,-19,-24,-168
1741509328.7804809,-61,27,-20
1741509328.8264809,10,-34,-26
1741509328.871481,79,14,-46
1741509328.917481,85,24,-62
1741509328.963481,37,-47,-26
1741509329.009481,-8,72,-86
1741509329.054481,-50,10,-104
1741509329.100481,-36,-21,-8
1741509329.146481,23,85,-62
1741509329.1914809,5,-39,-62
1741509329.2374809,-46,2,-71
1741509329.283481,-58,14,20
1741509329.329481,9,-27,-55
1741509329.374481,59,11,-135
1741509329.420481,51,-89,-143
1741509329.466481,35,0,-31
1741509329.5114808,-30,-28,-51
1741509329.5574808,-15,14,-39
1741509329.6034808,90,-21,-83
1741509329.6494808,-75,0,30
1741509329.694481,-11,19,-55
1741509329.740481,-35,4,-119
1741509329.786481,30,2,-89
1741509329.831481,38,-41,-123
1741509329.877481,-53,-53,-123
1741509329.923481,99,12,-27
1741509329.969481,13,-26,-29
1741509330.0144808,-11,25,-63
1741509330.0604808,38,-56,-87
1741509330.1064808,-23,31,-67
1741509330.151481,56,-16,-11
1741509330.197481,46,45,-149
1741509330.243481,0,-53,-133
1741509330.289481,22,11,-59
1741509330.334481,36,-28,-85
1741509330.380481,46,27,-51
1741509330.426481,71,20,9
1741509330.4714808,-78,45,-36
1741509330.5174809,-40,17,-104
1741509330.5634809,-36,75,-24
1741509330.6094809,20,-54,-144
1741509330.654481,-11,9,41
1741509330.700481,38,17,-66
1741509330.746481,-5,-36,-78
1741509330.791481,33,44,17
1741509330.837481,33,14,-28
1741509330.883481,21,4,-144
1741509330.929481,27,60,-132
1741509330.9744809,-67,25,-98
1741509331.0204809,-75,-42,-106
1741509331.0664809,-39,-51,-60
1741509331.111481,36,-49,-66
1741509331.157481,2,-55,-160
1741509331.203481,-14,-66,-104
1741509331.249481,-17,-39,21
1741509331.2944808,-26,-26,5
1741509331.3404808,-25,-40,-132
1741509331.3864808,-22,-13,11
1741509331.431481,3,32,-166
1741509331.477481,34,8,-112
1741509331.523481,49,-9,-74
1741509331.569481,-24,0,-14
1741509331.614481,-3,-10,-106
1741509331.660481,53,40,-42
1741509331.706481,19,0,-128
1741509331.7514808,-28,50,0
1741509331.7974808,-9,-24,-28
1741509331.8434808,28,-62,-48
1741509331.8894808,30,19,-100
1741509331.934481,-16,-1,3
1741509331.980481,36,75,-216
1741509332.026481,-13,47,23
1741509332.071481,52,31,-154
1741509332.117481,-29,-76,-72
1741509332.163481,-41,-118,-98
1741509332.209481,66,-28,-26
1741509332.2544808,6,23,-112
1741509332.3004808,-39,-14,-64
1741509332.3464808,-3,5,-124
1741509332.391481,4,-46,-70
1741509332.437481,-19,35,61
1741509332.483481,25,76,-102
1741509332.529481,67,22,-150
1741509332.574481,91,-19,-114
1741509332.620481,-44,8,-82
1741509332.666481,27,4,-108
1741509332.7114809,73,-31,37
1741509332.7574809,18,23,-16
1741509332.8034809,54,3,-72
1741509332.8494809,55,16,-132
1741509332.894481,104,-84,-174
1741509332.939481,-79,-62,69
1741509332.985481,-15,-12,-68
1741509333.0304809,30,-26,-230
1741509333.0764809,58,-36,-185
1741509333.1224809,-3,-14,-77
1741509333.167481,-2,70,-43
1741509333.213481,23,-85,-146
1741509333.265481,71,0,-206
1741509333.3104808,31,0,-40
1741509333.3564808,37,-78,-141
1741509333.4024808,94,7,-53
1741509333.447481,37,-33,-155
1741509333.493481,71,-33,-13
1741509333.539481,34,39,136
1741509333.585481,-85,24,-81
1741509333.630481,-83,-49,-111
1741509333.676481,9,-9,-34
1741509333.722481,-34,0,20
1741509333.7674809,42,-46,-161
1741509333.8134809,-11,-42,-43
1741509333.8594809,-23,58,16
1741509333.9054809,22,-5,-21
1741509333.950481,52,-46,-79
1741509333.996481,-1,-64,-83
1741509334.042481,44,21,-19
1741509334.087481,-34,-42,-57
1741509334.133481,134,-38,-45
1741509334.179481,-87,-24,-19
1741509334.225481,0,-4,-131
1741509334.2704809,32,37,-59
1741509334.3164809,52,13,-49
1741509334.3624809,8,10,-125
1741509334.407481,-67,-45,-61
1741509334.453481,-44,-12,26
1741509334.499481,-8,2,-3
1741509334.545481,-70,26,-75
1741509334.5904808,1,34,-79
1741509334.6364808,39,26,-39
1741509334.6824808,-24,24,-225
1741509334.727481,39,2,-185
1741509334.773481,48,18,-69
1741509334.819481,20,-9,68
1741509334.865481,-11,10,-115
1741509334.910481,44,38,-51
1741509334.956481,10,35,-37
1741509335.002481,22,1,-187
1741509335.0474808,67,-22,-25
1741509335.0934808,13,-2,-107
1741509335.1394808,25,-22,-75
1741509335.1854808,-11,-1,-247
1741509335.230481,-23,-37,-55
1741509335.276481,-43,16,-76
1741509335.322481,-18,-50,-38
1741509335.367481,12,-15,-56
1741509335.413481,71,19,83
1741509335.459481,-8,13,-14
1741509335.505481,-4,21,-232
1741509335.5504808,93,1,-24
1741509335.5964808,-6,39,-78
1741509335.6424809,4,65,20
1741509335.687481,12,31,46
1741509335.733481,60,-24,-49
1741509335.779481,36,-50,-63
1741509335.825481,8,-14,-207
1741509335.870481,65,1,-105
1741509335.916481,31,-79,-89
1741509335.962481,-8,-25,-106
1741509336.0074809,18,-29,17
1741509336.0534809,4,6,-168
1741509336.0994809,14,-21,-168
1741509336.144481,-17,-60,5
1741509336.190481,-33,17,-202
1741509336.236481,90,-48,-68
1741509336.282481,-7,28,-134
1741509336.327481,-15,102,-22
1741509336.373481,89,57,-60
1741509336.4194808,46,28,-165
1741509336.4644809,33,-24,-99
1741509336.5104809,-42,-36,-40
1741509336.556481,0,-48,-128
1741509336.602481,3,3,-210
1741509336.647481,-15,-38,-26
1741509336.693481,50,-8,-54
1741509336.739481,34,3,-84
1741509336.7844808,54,39,-174
1741509336.8304808,-70,0,-116
1741509336.8764808,-17,-24,-66
1741509336.9224808,37,-65,-102
1741509336.967481,32,-62,-4
1741509337.013481,-37,67,-86
1741509337.059481,-53,35,-98
1741509337.104481,21,-44,-64
1741509337.150481,73,53,-22
1741509337.196481,20,41,-144
1741509337.240481,81,73,-16
1741509337.286481,64,10,-118
1741509337.332481,10,-26,-130
1741509337.378481,80,26,-14
1741509337.423481,18,-15,33
1741509337.469481,88,38,-142
1741509337.515481,53,21,-64
1741509337.5604808,-7,2,-56
1741509337.6064808,7,5,-58
1741509337.6524808,-5,-71,31
1741509337.6984808,102,-8,-154
1741509337.743481,90,87,-36
1741509337.789481,3,-15,-178
1741509337.835481,1,62,-110
1741509337.880481,29,86,-8
1741509337.926481,0,5,-85
1741509337.972481,83,79,-69
1741509338.018481,6,-138,-31
1741509338.0634809,16,-18,-83
1741509338.1094809,20,0,-229
1741509338.1554809,-5,-34,-17
1741509338.200481,-25,-12,0
1741509338.246481,39,-51,-51
1741509338.292481,-34,56,-27
1741509338.338481,14,71,-33
1741509338.383481,-29,-28,-137
1741509338.429481,2,-10,-129
1741509338.475481,-4,-12,-107
1741509338.5204809,42,31,-69
1741509338.5664809,-41,-6,-161
1741509338.6124809,39,-78,-83
1741509338.658481,20,0,-89
1741509338.703481,50,-8,-107
1741509338.749481,46,42,-5
1741509338.795481,-5,-15,-165
1741509338.8404808,0,0,-17
1741509338.8864808,55,-42,-33
1741509338.9324808,-32,51,-35
1741509338.9784808,-22,55,-113
1741509339.023481,7,0,44
1741509339.069481,18,-44,6
1741509339.115481,18,64,68
1741509339.160481,60,14,-41
1741509339.206481,35,2,-35
1741509339.252481,-6,-18,40
1741509339.298481,-32,41,26
1741509339.3434808,2,50,-155
1741509339.3894808,-9,66,-71
1741509339.4354808,-27,0,-11
1741509339.480481,-27,-53,-165
1741509339.526481,30,60,-128
1741509339.572481,-3,8,-88
1741509339.618481,-31,-10,-93
1741509339.663481,0,-57,-40
1741509339.709481,-14,-17,-56
1741509339.755481,-16,30,-60
1741509339.8004808,7,-46,-74
1741509339.8464808,75,112,-94
1741509339.8924809,15,-2,43
1741509339.9384809,-18,9,-98
1741509339.983481,77,27,-64
1741509340.029481,3,5,-60
1741509340.075481,23,7,-14
1741509340.120481,-46,-66,-152
1741509340.166481,12,-52,-156
1741509340.212481,35,-15,0
1741509340.258481,20,-64,23
1741509340.3034809,-49,18,15
1741509340.3494809,-31,-33,-8
1741509340.3954809,32,-39,-100
1741509340.440481,81,-17,-76
1741509340.486481,27,55,-76
1741509340.532481,17,69,9
1741509340.578481,43,56,-2
1741509340.623481,9,26,-172
1741509340.6694808,-12,-25,-50
1741509340.7154808,-7,2,-24
1741509340.7604809,-41,35,-82
1741509340.806481,-27,41,-48
1741509340.852481,88,-27,15
1741509340.898481,-31,-37,-52
1741509340.943481,-11,-13,-16
1741509340.989481,25,-6,-32
1741509341.035481,-28,-46,-114
1741509341.0804808,-10,45,-28
1741509341.1264808,45,-30,-164
1741509341.1724808,0,-42,-104
1741509341.2184808,59,49,-68
1741509341.263481,-2,-24,79
1741509341.309481,-69,-14,-68
1741509341.355481,-21,65,-66
1741509341.400481,36,-62,-32
1741509341.446481,-33,29,-110
1741509341.492481,31,-55,-32
1741509341.538481,-4,22,-122
1741509341.5834808,-40,44,-128
1741509341.6294808,66,60,-104
1741509341.6754808,39,81,-82
1741509341.720481,-32,3,43
1741509341.766481,46,-3,-146
1741509341.812481,-58,19,-140
1741509341.858481,0,64,87
1741509341.903481,-2,-38,-74
1741509341.949481,-58,39,-153
1741509341.995481,31,-15,-31
1741509342.0404809,39,-34,-175
1741509342.0864809,-16,-30,-85
1741509342.1324809,-7,8,-29
1741509342.1784809,-19,10,-187
1741509342.223481,-75,2,-73
1741509342.269481,-9,22,-89
1741509342.315481,33,-29,22
1741509342.360481,79,8,-79
1741509342.406481,-13,-20,-37
1741509342.452481,94,-25,36
1741509342.498481,-31,36,-109
1741509342.5434809,-83,38,-137
1741509342.5894809,100,10,48
1741509342.6354809,7,50,-37
1741509342.680481,0,-79,-51
1741509342.726481,42,-31,-85
1741509342.772481,44,-11,-163
1741509342.8174808,-20,15,-111
1741509342.8634808,-86,21,-105
1741509342.9094808,-28,19,-119
1741509342.9554808,-14,3,-93
1741509343.000481,25,3,-100
1741509343.046481,-38,-70,-67
1741509343.092481,-8,-12,-95
1741509343.137481,24,-13,-55
1741509343.183481,108,16,-41
1741509343.229481,10,7,-88
1741509343.2804809,48,10,-162
1741509343.3264809,-43,56,-56
1741509343.3724809,26,-3,-26
1741509343.417481,64,-34,1
1741509343.463481,48,-82,-70
1741509343.509481,-43,-18,43
1741509343.555481,-31,-26,35
1741509343.601481,50,29,-74
1741509343.647481,-41,-34,-32
1741509343.693481,-81,7,-46
1741509343.739481,6,-52,-102
1741509343.7844808,-73,37,-58
1741509343.8304808,-46,41,-14
1741509343.8764808,1,-38,3
1741509343.921481,-11,8,-18
1741509343.967481,30,8,11
1741509344.013481,14,76,-14
1741509344.059481,-37,30,-62
1741509344.104481,-73,68,-180
1741509344.150481,-29,28,-40
1741509344.196481,100,-44,57
1741509344.2414808,-35,-17,-184
1741509344.2874808,-69,1,17
1741509344.3334808,86,109,-68
1741509344.3794808,30,-5,-48
1741509344.424481,24,-39,-148
1741509344.470481,60,-7,-100
1741509344.516481,-7,6,-78
1741509344.561481,18,-23,-76
1741509344.607481,42,-5,-44
1741509344.653481,22,30,-138
1741509344.699481,-11,86,15
1741509344.7444808,74,10,-120
1741509344.7904809,-46,82,-72
1741509344.8364809,15,62,53
1741509344.881481,-25,4,-114
1741509344.927481,-51,-39,-84
1741509344.973481,50,4,-104
1741509345.019481,21,-4,28
1741509345.064481,44,-62,-71
1741509345.110481,94,29,-62
1741509345.156481,86,11,-14
1741509345.2014809,-15,-19,-211
1741509345.2474809,38,12,-94
1741509345.2934809,-97,-33,-123
1741509345.3394809,54,-1,-141
1741509345.384481,-21,8,50
1741509345.430481,-8,-52,-107
1741509345.476481,14,-60,-49
1741509345.521481,-104,-22,-47
1741509345.5674808,73,-12,-85
1741509345.6134808,-16,-84,-73
1741509345.6594808,-16,-14,-31
1741509345.704481,-32,69,-11
1741509345.750481,28,57,-83
1741509345.796481,8,-1,-171
1741509345.841481,78,-33,-71
1741509345.887481,43,85,-5
1741509345.933481,34,-11,-33
1741509345.979481,-97,-49,-73
1741509346.0244808,34,-39,-1
1741509346.0704808,-37,-33,-23
1741509346.1164808,-5,-87,-83
1741509346.161481,26,-33,54
1741509346.207481,-2,-64,-101
1741509346.253481,41,-62,-11
1741509346.299481,-4,113,-101
1741509346.344481,-61,-11,-118
1741509346.390481,-28,19,-85
1741509346.436481,-41,-38,-120
1741509346.4814808,43,46,-96
1741509346.5274808,-33,-81,-90
1741509346.5734808,-45,44,-60
1741509346.6194808,28,12,-192
1741509346.664481,23,-32,27
1741509346.710481,22,-18,-90
1741509346.756481,-38,-24,-114
1741509346.801481,25,13,-20
1741509346.847481,-24,-46,-16
1741509346.893481,-56,43,-72
1741509346.939481,57,-42,15
1741509346.9844809,11,62,-98
1741509347.0304809,11,71,-52
1741509347.0764809,36,-7,-108
1741509347.121481,86,-21,-140
1741509347.167481,5,19,-90
1741509347.213481,42,-23,-56
1741509347.259481,-23,3,-94
1741509347.304481,58,5,0
1741509347.350481,52,1,-110
1741509347.396481,88,-10,-26
1741509347.4414809,-7,55,-36
1741509347.4874809,2,-77,61
1741509347.533481,58,2,-168
1741509347.579481,-3,54,-186
1741509347.624481,-1,-47,-8
1741509347.670481,28,31,33
1741509347.716481,76,55,-156
1741509347.7614808,36,7,-8
1741509347.8074808,-58,5,-36
1741509347.8534808,-18,41,53
1741509347.8994808,-75,-8,-40
1741509347.944481,96,21,-110
1741509347.990481,-57,-74,41
1741509348.036481,10,75,-76
1741509348.081481,-26,-50,17
1741509348.127481,54,6,3
1741509348.173481,5,11,-62
1741509348.219481,43,-44,-22
1741509348.2644808,61,-44,1
1741509348.3104808,61,53,-144
1741509348.3564808,29,57,-104
1741509348.401481,11,13,-104
1741509348.447481,-30,-14,-50
1741509348.493481,-46,19,-18
1741509348.539481,5,5,-84
1741509348.584481,13,35,-40
1741509348.630481,28,15,-108
1741509348.676481,-56,-46,65
1741509348.7214808,-24,7,33
1741509348.7674809,23,-52,-118
1741509348.8134809,-18,1,-200
1741509348.8594809,27,-38,-58
1741509348.904481,-18,-96,71
1741509348.950481,79,-56,-48
1741509348.996481,20,-75,-104
1741509349.041481,-46,26,-184
1741509349.087481,59,0,-46
1741509349.133481,-30,-13,-272
1741509349.179481,1,22,-214
1741509349.2244809,0,42,-132
1741509349.2704809,-2,55,-87
1741509349.3164809,31,13,-147
1741509349.361481,-1,-100,-149
1741509349.407481,12,29,-149
1741509349.453481,48,3,-59
1741509349.499481,-21,13,-7
1741509349.5444808,-3,49,-53
1741509349.5904808,26,59,-233
1741509349.6364808,38,-2,6
1741509349.681481,24,55,-223
1741509349.727481,36,-26,-145
1741509349.773481,52,-88,-139
1741509349.818481,-69,-36,-123
1741509349.864481,11,-54,-39
1741509349.910481,16,14,-61
1741509349.956481,41,21,-45
1741509350.0014808,58,-4,64
1741509350.0474808,12,-72,-179
1741509350.0934808,86,-12,-79
1741509350.138481,30,35,16
1741509350.184481,-31,-16,-79
1741509350.230481,9,-6,-97
1741509350.276481,-32,5,-13
1741509350.321481,57,-42,4
1741509350.367481,3,24,-137
1741509350.413481,-21,-23,-19
1741509350.4584808,81,20,-145
1741509350.5044808,21,-53,8
1741509350.5504808,-29,27,-1
1741509350.5964808,66,31,-75
1741509350.641481,-37,-15,-91
1741509350.687481,34,-20,-67
1741509350.733481,-9,-2,-35
1741509350.778481,9,6,-49
1741509350.824481,92,-12,-97
1741509350.870481,34,-98,-113
1741509350.916481,1,52,-161
1741509350.9614809,2,43,-34
1741509351.0074809,-31,6,0
1741509351.0534809,21,-33,-32
1741509351.098481,-29,20,-28
1741509351.144481,-19,6,-90
1741509351.190481,21,-37,-94
1741509351.236481,-77,24,-128
1741509351.281481,20,20,-292
1741509351.327481,28,-3,-4
1741509351.373481,-17,29,-64
1741509351.4184809,-39,3,-86
1741509351.4644809,38,-16,-158
1741509351.5104809,24,-12,-116
1741509351.556481,72,-14,-106
1741509351.601481,10,-32,35
1741509351.647481,-95,41,19
1741509351.693481,20,-10,-62
1741509351.7384808,-56,-36,-168
1741509351.7844808,2,-18,-178
1741509351.8304808,75,27,-110
1741509351.8764808,-48,3,-58
1741509351.921481,0,-48,-180
1741509351.967481,47,-24,-38
1741509352.013481,-54,59,23
1741509352.058481,67,7,-34
1741509352.104481,31,-52,-96
1741509352.150481,42,50,-58
1741509352.196481,-60,-40,-150
1741509352.2414808,45,61,25
1741509352.2874808,21,11,-66
1741509352.3334808,28,98,-112
1741509352.378481,54,-74,-64
1741509352.424481,25,15,-59
1741509352.470481,109,-52,-121
1741509352.516481,19,-72,-95
1741509352.561481,4,-87,-53
1741509352.607481,-35,-13,-69
1741509352.653481,-1,-11,-81
1741509352.6984808,121,-3,-55
1741509352.7444808,46,56,-95
1741509352.7904809,102,28,-121
1741509352.8364809,-21,16,-109
1741509352.881481,-11,32,-183
1741509352.927481,-74,10,82
1741509352.973481,46,-41,-17
1741509353.018481,55,-40,-13
1741509353.064481,-52,-39,-29
1741509353.110481,50,-26,-171
1741509353.156481,12,55,2
1741509353.2014809,6,20,2
1741509353.2474809,6,4,-25
1741509353.298481,-35,-17,-30
1741509353.344481,-23,-15,-51
1741509353.390481,8,24,-85
1741509353.436481,40,-16,50
1741509353.4814808,2,-10,-138
1741509353.5274808,12,23,-10
1741509353.5734808,-49,-16,-76
1741509353.618481,68,-12,-10
1741509353.664481,14,20,-102
1741509353.710481,10,15,-138
1741509353.7544808,30,-24,-134
1741509353.8004808,29,-28,-206
1741509353.8464808,5,-25,-90
1741509353.8924809,28,73,-24
1741509353.937481,-47,19,-124
1741509353.983481,-31,-68,-98
1741509354.029481,56,19,-32
1741509354.074481,-1,21,-100
1741509354.120481,32,-14,-22
1741509354.166481,-20,-42,-66
1741509354.212481,-65,22,-66
1741509354.2574809,13,2,13
1741509354.3034809,-4,72,-66
1741509354.3494809,-40,-45,-92
1741509354.394481,-4,-8,-8
1741509354.440481,-48,88,-110
1741509354.486481,-10,14,-108
1741509354.532481,17,-65,55
1741509354.577481,-90,-47,-28
1741509354.623481,-2,-40,-46
1741509354.6694808,50,-49,-104
1741509354.7144809,30,-35,-10
1741509354.7604809,42,18,-44
1741509354.806481,71,-53,-74
1741509354.852481,-50,36,91
1741509354.897481,-39,-10,-104
1741509354.943481,31,18,-88
1741509354.989481,17,2,5
1741509355.0344808,21,6,37
1741509355.0804808,-11,-19,-46
1741509355.1264808,-42,5,57
1741509355.1724808,-10,-2,-52
1741509355.217481,93,19,-56
1741509355.263481,21,-66,-8
1741509355.309481,-66,-68,-104
1741509355.354481,-52,17,-72
1741509355.400481,0,-104,1
1741509355.446481,94,-98,-110
1741509355.492481,-18,1,-46
1741509355.5374808,-100,29,-178
1741509355.5834808,-71,49,-28
1741509355.6294808,-17,49,33
1741509355.674481,-78,-49,-84
1741509355.720481,-1,3,-172
1741509355.766481,-17,-21,-32
1741509355.812481,-57,46,-58
1741509355.857481,72,20,-116
1741509355.903481,30,-53,-66
1741509355.949481,38,-67,-136
1741509355.9944808,-59,-51,-48
1741509356.0404809,0,-42,-72
1741509356.0864809,-11,13,-76
1741509356.1324809,0,-21,-108
1741509356.177481,11,26,1
1741509356.223481,-4,16,-18
1741509356.269481,-35,7,-142
1741509356.314481,-11,0,-142
1741509356.360481,78,9,-20
1741509356.406481,-93,9,-96
1741509356.4514809,-75,5,-152
1741509356.4974809,-17,-52,-112
1741509356.5434809,0,37,-148
1741509356.5894809,-25,-2,-113
1741509356.634481,-43,-24,-129
1741509356.680481,28,21,-70
1741509356.726481,-59,3,-78
1741509356.771481,-61,43,-1
1741509356.8174808,3,65,-41
1741509356.8634808,-85,-10,-165
1741509356.9094808,25,13,-79
1741509356.954481,9,32,-95
1741509357.000481,43,74,6
1741509357.046481,-2,-43,-119
1741509357.091481,47,28,-51
1741509357.137481,-8,-43,-115
1741509357.183481,34,-18,76
1741509357.229481,73,28,-87
1741509357.2744808,15,4,-75
1741509357.3204808,9,8,2
1741509357.3664808,32,26,-115
1741509357.411481,57,18,-115
1741509357.457481,-63,19,80
1741509357.503481,-15,-3,68
1741509357.549481,-38,20,-139
1741509357.594481,-22,-99,-83
1741509357.640481,-52,30,-193
1741509357.686481,17,66,-9
1741509357.7314808,12,-40,-77
1741509357.7774808,-43,-54,24
1741509357.8234808,-4,-1,-107
1741509357.8694808,-74,20,-95
1741509357.914481,75,-19,-111
1741509357.960481,57,-45,-279
1741509358.006481,-18,-43,-161
1741509358.051481,31,20,-115
1741509358.097481,51,-7,-159
1741509358.143481,40,-3,-61
1741509358.189481,-43,18,-255
1741509358.2344809,-39,58,-119
1741509358.2804809,26,44,-63
1741509358.3264809,67,-15,-90
1741509358.371481,-29,-30,-138
1741509358.417481,35,-10,21
1741509358.463481,33,-20,-68
1741509358.509481,62,-39,-68
1741509358.554481,41,-26,-68
1741509358.600481,-24,-20,-38
1741509358.646481,44,28,-22
1741509358.6914809,-37,-3,11
1741509358.7374809,0,-19,-2
1741509358.783481,-43,4,-6
1741509358.829481,-31,36,-28
1741509358.874481,-21,16,-94
1741509358.920481,-78,0,-82
1741509358.966481,-122,36,-82
1741509359.0114808,65,-50,-62
1741509359.0574808,31,-42,-154
1741509359.1034808,12,-8,-130
1741509359.1494808,59,20,-64
1741509359.194481,37,-73,-22
1741509359.240481,59,12,-58
1741509359.286481,19,0,-110
1741509359.331481,3,-3,-26
1741509359.377481,-4,-73,-206
1741509359.423481,13,0,-34
1741509359.469481,7,-41,27
1741509359.5144808,61,-9,-70
1741509359.5604808,5,39,-128
1741509359.6064808,-24,33,-114
1741509359.651481,-10,-2,-96
1741509359.697481,40,-42,-8
1741509359.743481,-42,33,-100
1741509359.789481,10,120,-2
1741509359.834481,-17,-67,-6
1741509359.880481,-1,27,-106
1741509359.926481,-21,17,-40
1741509359.9714808,6,-54,-74
1741509360.0174809,-115,-37,-134
1741509360.0634809,94,48,-116
1741509360.1094809,-97,102,-66
1741509360.154481,20,13,1
1741509360.200481,-11,-58,-166
1741509360.246481,6,-38,-72
1741509360.291481,8,-20,-72
1741509360.337481,18,-84,-12
1741509360.383481,-144,-1,-92
1741509360.429481,-28,-65,-152
1741509360.4744809,11,38,17
1741509360.5204809,11,-71,-106
1741509360.5664809,0,58,-92
1741509360.611481,-25,-40,-46
1741509360.657481,24,50,-124
1741509360.703481,34,-31,-44
1741509360.749481,10,-96,97
1741509360.7944808,8,23,-88
1741509360.8404808,-11,32,-12
1741509360.8864808,-1,-55,-180
1741509360.931481,-3,-11,-166
1741509360.977481,-13,24,15
1741509361.023481,-33,-37,-58
1741509361.069481,30,-44,-42
1741509361.114481,-47,10,-138
1741509361.160481,-16,50,5
1741509361.206481,50,-25,-72
1741509361.2514808,-23,8,-85
1741509361.2974808,44,-40,-81
1741509361.3434808,-55,-6,62
1741509361.3894808,26,84,-121
1741509361.434481,-17,-35,-149
1741509361.480481,-51,-23,-83
1741509361.526481,19,13,-196
1741509361.571481,-30,25,91
1741509361.617481,31,43,-76
1741509361.663481,13,9,-38
1741509361.709481,34,31,-156
1741509361.7544808,66,-2,-112
1741509361.8004808,19,-67,-144
1741509361.8464808,19,-69,-80
1741509361.891481,-94,42,-116
1741509361.937481,37,18,-48
1741509361.983481,45,-31,-120
1741509362.029481,-14,-21,-78
1741509362.074481,33,-29,-66
1741509362.120481,-17,27,-86
1741509362.166481,26,-68,-54
1741509362.2114809,-54,-49,-152
1741509362.2574809,-55,31,71
1741509362.3034809,-18,-41,-58
1741509362.3494809,-4,24,-4
1741509362.394481,-32,-1,-6
1741509362.440481,4,-14,-192
1741509362.486481,0,0,-44
1741509362.531481,-16,-21,-102
1741509362.577481,36,-22,-52
1741509362.623481,-119,14,-66
1741509362.6694808,-9,-17,-58
1741509362.7144809,-63,-19,-72
1741509362.7604809,-60,-30,-78
1741509362.806481,39,-30,-38
1741509362.851481,-34,-32,-42
1741509362.897481,8,-13,-168
1741509362.943481,-103,40,-76
1741509362.989481,6,-13,-58
1741509363.0344808,4,35,-29
1741509363.0804808,-59,57,-71
1741509363.1264808,-35,55,-194
1741509363.171481,68,6,-90
1741509363.217481,-15,-112,-116
1741509363.263481,76,-59,-40
1741509363.314481,78,-102,-20
1741509363.360481,-87,-10,-60
1741509363.406481,4,-37,-14
1741509363.4514809,90,-60,-84
1741509363.4974809,64,-63,-74
1741509363.5434809,-5,-107,-122
1741509363.588481,16,-11,-42
1741509363.634481,4,54,-68
1741509363.680481,-31,-39,-100
1741509363.726481,0,2,-109
1741509363.771481,-13,56,-37
1741509363.8174808,28,15,-73
1741509363.8634808,-61,51,-33
1741509363.908481,-10,-9,4
1741509363.954481,27,-13,-127
1741509364.000481,-88,-29,-167
1741509364.046481,-55,1,-169
1741509364.091481,-47,-70,-3
1741509364.137481,-67,17,14
1741509364.183481,-27,-60,-1
1741509364.2284808,0,66,-89
1741509364.2744808,-56,32,-49
1741509364.3204808,13,24,-42
1741509364.3664808,62,-2,43
1741509364.411481,60,0,-36
1741509364.457481,-65,-28,-130
1741509364.503481,-27,-19,-58
1741509364.548481,27,-33,-104
1741509364.594481,-11,-16,5
1741509364.640481,80,-20,-82
1741509364.686481,-13,35,0
1741509364.7314808,58,1,-80
1741509364.7774808,10,13,-138
1741509364.8234808,88,109,-160
1741509364.868481,-35,77,-54
1741509364.914481,24,19,-104
1741509364.960481,-20,69,-78
1741509365.006481,75,-4,-114
1741509365.051481,49,-4,-12
1741509365.097481,-4,3,-94
1741509365.143481,-18,-46,-2
1741509365.1884809,45,1,-136
1741509365.2344809,1,-60,-250
1741509365.2804809,6,29,-40
1741509365.3264809,54,23,1
1741509365.371481,-59,-8,-43
1741509365.417481,30,6,-155
1741509365.463481,12,-37,-60
1741509365.508481,-89,22,-81
1741509365.554481,-91,-7,64
1741509365.600481,-23,-36,-65
1741509365.646481,58,-14,-111
1741509365.6914809,106,33,-107
1741509365.7374809,12,-40,-63
1741509365.783481,21,0,-99
1741509365.828481,32,51,-25
1741509365.874481,110,-16,-41
1741509365.920481,-1,-4,-149
1741509365.966481,-12,-14,-143
1741509366.0114808,83,-22,-117
1741509366.0574808,39,2,22
1741509366.1034808,19,-59,-111
1741509366.148481,-35,-27,-23
1741509366.194481,84,-19,-99
1741509366.240481,39,-5,2
1741509366.286481,15,-6,-106
1741509366.331481,-12,-13,-33
1741509366.377481,47,21,-54
1741509366.423481,53,-68,-11
1741509366.4684808,27,65,24
1741509366.5144808,-40,1,32
1741509366.5604808,-2,49,-70
1741509366.6064808,-22,52,-32
1741509366.651481,17,-33,-44
1741509366.697481,15,20,-96
1741509366.743481,-4,-1,-196
1741509366.788481,-57,9,-144
1741509366.834481,-8,-17,-72
1741509366.880481,-12,-83,-56
1741509366.926481,91,52,-142
1741509366.9714808,55,-87,-141
1741509367.0174809,-14,0,2
1741509367.0634809,-51,-83,-118
1741509367.108481,56,-65,-120
1741509367.154481,10,6,-168
1741509367.200481,-32,50,-38
1741509367.246481,21,0,-18
1741509367.291481,9,14,1
1741509367.337481,-32,-11,-40
1741509367.383481,51,32,-80
1741509367.4284809,6,50,-236
1741509367.4744809,20,-36,-310
1741509367.5204809,57,19,89
1741509367.5664809,-91,51,-92
1741509367.611481,31,69,-164
1741509367.657481,22,39,-136
1741509367.703481,14,21,-104
1741509367.748481,-9,-112,15
1741509367.7944808,116,17,11
1741509367.8404808,88,32,29
1741509367.8864808,-9,-49,-70
1741509367.931481,-16,-28,5
1741509367.977481,-14,29,-142
1741509368.023481,-22,43,49
1741509368.068481,33,-52,-82
1741509368.114481,12,-3,13
1741509368.160481,31,-6,35
1741509368.206481,-12,-12,-18
1741509368.2514808,26,-51,-52
1741509368.2974808,21,9,77
1741509368.3434808,83,31,-88
1741509368.388481,10,-18,-16
1741509368.434481,76,-6,-106
1741509368.480481,27,63,-60
1741509368.526481,-60,43,3
1741509368.571481,6,1,-154
1741509368.617481,36,77,-82
1741509368.663481,-44,50,15
1741509368.7084808,46,-54,-44
1741509368.7544808,30,-8,-94
1741509368.8004808,0,-53,-60
1741509368.8464808,4,22,-68
1741509368.891481,16,-11,-92
1741509368.937481,8,56,-130
1741509368.983481,-23,23,-44
1741509369.028481,82,-10,-54
1741509369.074481,25,30,-120
1741509369.120481,-48,56,-70
1741509369.166481,15,24,-126
1741509369.2114809,77,-86,-52
1741509369.2574809,37,15,-54
1741509369.3034809,-48,-4,13
1741509369.348481,-34,-16,-48
1741509369.394481,0,-26,-60
1741509369.440481,-51,-2,-74
1741509369.486481,-57,-57,-90
1741509369.531481,60,-52,-56
1741509369.577481,-21,2,-108
1741509369.623481,-66,31,-158
1741509369.6684809,89,-50,-80
1741509369.7144809,-34,-22,-181
1741509369.7604809,37,0,-50
1741509369.806481,4,-34,-88
1741509369.851481,-9,49,-108
1741509369.897481,-94,14,17
1741509369.943481,-38,45,-84
1741509369.9884808,-59,13,-52
1741509370.0344808,2,39,-56
1741509370.0804808,1,53,-122
1741509370.1264808,-16,-48,-90
1741509370.171481,-40,31,-88
1741509370.217481,-45,39,-38
1741509370.263481,-47,-54,5
1741509370.308481,26,-58,-52
1741509370.354481,28,-5,-30
1741509370.400481,-23,62,-98
1741509370.4454808,24,-29,23
1741509370.4914808,-51,9,-56
1741509370.5374808,72,1,-224
1741509370.5834808,55,-10,-96
1741509370.628481,-44,95,-184
1741509370.674481,49,-10,17
1741509370.720481,-46,-28,-158
1741509370.765481,-36,55,-112
1741509370.811481,19,0,-78
1741509370.857481,-32,26,-60
1741509370.903481,-44,76,-112
1741509370.9484808,-49,-66,-118
1741509370.9944808,-3,-4,47
1741509371.0404809,-17,-34,23
1741509371.085481,-61,76,-62
1741509371.131481,18,43,55
1741509371.177481,30,18,-116
1741509371.223481,-91,48,-196
1741509371.268481,24,94,-110
1741509371.314481,-64,-35,-20
1741509371.360481,-93,-41,-16
1741509371.4054809,-40,-12,-178
1741509371.4514809,-14,-30,-134
1741509371.4974809,-32,-22,-113
1741509371.5434809,9,-96,68
1741509371.588481,17,12,-55
1741509371.634481,-20,26,-73
1741509371.680481,-12,-25,-53
1741509371.725481,42,-11,-39
1741509371.771481,10,-89,-9
1741509371.8174808,-20,-4,-111
1741509371.8634808,-63,14,-35
1741509371.908481,32,-27,-77
1741509371.954481,43,-26,-86
1741509372.000481,-1,-67,-215
1741509372.045481,-9,-13,-11
1741509372.091481,12,-19,-11
1741509372.137481,14,36,-97
1741509372.183481,-76,-12,6
1741509372.2284808,35,29,-169
1741509372.2744808,-55,86,-55
1741509372.3204808,6,-58,-105
1741509372.365481,-130,-7,-171
1741509372.411481,-16,-71,-101
1741509372.457481,-5,-1,-33
1741509372.503481,-45,42,-61
1741509372.548481,7,-5,-121
1741509372.594481,97,-49,-1
1741509372.640481,-20,65,-129
1741509372.6854808,-94,-4,-64
1741509372.7314808,33,34,51
1741509372.7774808,50,-7,-90
1741509372.8234808,-66,-24,-2
1741509372.868481,41,4,-150
1741509372.914481,-7,21,-50
1741509372.960481,-41,-42,-90
1741509373.005481,70,-26,-134
1741509373.051481,24,26,-46
1741509373.097481,-29,-2,-24
1741509373.143481,12,29,-53
1741509373.1884809,-93,-78,-57
1741509373.2344809,-21,-44,-93
1741509373.2804809,-33,11,-26
1741509373.331481,46,0,-144
1741509373.377481,12,-42,-76
1741509373.423481,1,-59,-10
1741509373.4684808,27,-25,-162
1741509373.5144808,-14,-11,-88
1741509373.5604808,8,7,-90
1741509373.605481,-25,-72,-150
1741509373.651481,4,-24,-130
1741509373.697481,-23,-48,-118
1741509373.743481,67,-43,-42
1741509373.788481,-96,15,-86
1741509373.834481,19,-36,-150
1741509373.880481,-51,-26,-74
1741509373.9254808,-13,-20,-122
1741509373.9714808,-30,-19,-36
1741509374.0174809,49,10,-98
1741509374.0634809,3,16,-244
1741509374.108481,25,34,-110
1741509374.154481,25,12,-136
1741509374.200481,55,-55,-86
1741509374.245481,22,-16,-158
1741509374.291481,62,-40,-8
1741509374.337481,10,-3,-74
1741509374.383481,54,42,-146
1741509374.4284809,90,-25,-104
1741509374.4744809,-11,16,-150
1741509374.5204809,76,-88,43
1741509374.565481,-35,11,11
1741509374.611481,40,75,-44
1741509374.657481,-39,-68,-78
1741509374.703481,3,-24,-104
1741509374.748481,-41,-24,-182
1741509374.7944808,-24,-8,-178
1741509374.8404808,7,-42,-14
1741509374.8854809,-12,-22,-94
1741509374.931481,-46,-88,-208
1741509374.977481,-8,-28,93
1741509375.023481,65,3,-110
1741509375.068481,-49,63,-36
1741509375.114481,42,-92,-110
1741509375.160481,-97,26,-136
1741509375.2054808,34,75,-96
1741509375.2514808,-17,33,-46
1741509375.2974808,2,16,7
1741509375.3434808,-29,-43,-178
1741509375.388481,62,-3,7
1741509375.434481,12,-21,-114
1741509375.480481,71,1,-192
1741509375.525481,-14,-32,-41
1741509375.571481,34,7,-105
1741509375.617481,-59,-38,-157
1741509375.663481,118,-20,-87
1741509375.7084808,-143,35,-81
1741509375.7544808,-78,-7,-163
1741509375.8004808,-40,-17,-215
1741509375.845481,-51,-54,-49
1741509375.891481,5,-3,44
1741509375.937481,-8,-21,30
1741509375.983481,-58,-51,-53
1741509376.028481,36,-10,-11
1741509376.074481,40,-26,-115
1741509376.120481,11,34,-55
1741509376.1654809,61,0,-49
1741509376.2114809,23,-7,-59
1741509376.2574809,53,-131,-138
1741509376.3034809,-34,-73,-127
1741509376.348481,-72,30,-16
1741509376.394481,-20,63,-78
1741509376.440481,-52,1,-42
1741509376.485481,-26,-28,-119
1741509376.531481,-34,-10,-127
1741509376.577481,31,-28,-47
1741509376.623481,-44,30,-25
1741509376.6684809,31,-22,-65
1741509376.7144809,-22,-49,-112
1741509376.7604809,42,-21,-186
1741509376.805481,21,0,21
1741509376.851481,-6,-9,-64
1741509376.897481,89,11,-74
1741509376.943481,25,8,-160
1741509376.9884808,2,-31,-192
1741509377.0344808,83,30,-58
1741509377.0804808,33,-21,-166
1741509377.125481,59,-1,-70
1741509377.171481,-38,2,-136
1741509377.217481,80,74,-48
1741509377.262481,-2,-55,-98
1741509377.308481,7,-131,-106
1741509377.354481,-95,-43,-230
1741509377.400481,-36,-1,-2
1741509377.4454808,-34,10,39
1741509377.4914808,0,-33,-248
1741509377.5374808,-2,14,-160
1741509377.582481,89,78,-38
1741509377.628481,-12,-57,-24
1741509377.674481,54,-3,105
1741509377.720481,2,18,-124
1741509377.765481,15,-109,-222
1741509377.811481,10,30,-130
1741509377.857481,45,-15,-58
1741509377.9024808,3,-97,-22
1741509377.9484808,49,124,-112
1741509377.9944808,-19,-25,-88
1741509378.0404809,-97,8,-46
1741509378.085481,-76,-43,-80
1741509378.131481,0,-46,-109
1741509378.177481,69,-51,-65
1741509378.222481,-37,-73,-67
1741509378.268481,-25,107,-23
1741509378.314481,-31,-16,-140
1741509378.360481,-63,25,-51
1741509378.4054809,-83,-84,-104
1741509378.4514809,-44,-25,-112
1741509378.4974809,-50,45,-8
1741509378.542481,-42,-66,-91
1741509378.588481,14,7,-89
1741509378.634481,47,-7,-115
1741509378.680481,-52,-10,-128
1741509378.725481,-3,-15,-51
1741509378.771481,-37,13,-55
1741509378.8174808,-41,-58,-101
1741509378.8624809,-9,41,-59
1741509378.908481,6,73,-207
1741509378.954481,16,-30,-25
1741509379.000481,63,18,-147
1741509379.045481,-22,-41,-42
1741509379.091481,43,-15,-97
1741509379.137481,-27,27,-63
1741509379.1824808,16,-66,-129
1741509379.2284808,-7,-8,-113
1741509379.2744808,-14,7,-151
1741509379.3204808,21,11,-111
1741509379.365481,8,15,-103
1741509379.411481,-47,-14,-73
1741509379.457481,-38,-80,42
1741509379.502481,47,-16,-57
1741509379.548481,-2,-64,20
1741509379.594481,39,42,-56
1741509379.640481,65,-41,-28
1741509379.6854808,-36,11,-130
1741509379.7314808,25,-48,-77
1741509379.7774808,59,11,-62
1741509379.822481,-40,-24,1
1741509379.868481,-72,77,-73
1741509379.914481,36,-12,-59
1741509379.960481,-97,-57,-117
1741509380.005481,36,1,-111
1741509380.051481,4,-73,-35
1741509380.097481,-35,-42,-117
1741509380.1424809,28,43,-95
1741509380.1884809,56,19,-111
1741509380.2344809,0,77,-201
1741509380.2804809,16,-52,-93
1741509380.325481,22,66,-85
1741509380.371481,-66,26,-191
1741509380.417481,-4,-102,-39
1741509380.462481,-62,32,-67
1741509380.508481,-18,122,-112
1741509380.554481,-46,45,-3
1741509380.600481,0,35,-1
1741509380.6454809,-6,-47,-24
1741509380.6914809,48,-71,56
1741509380.7374809,-13,-3,-71
1741509380.782481,16,-55,68
1741509380.828481,-20,-27,-121
1741509380.874481,41,-75,14
1741509380.920481,61,-19,-77
1741509380.9654808,18,-3,-107
1741509381.0114808,57,43,6
1741509381.0574808,21,-44,-47
1741509381.102481,45,45,-81
1741509381.148481,-13,-18,-53
1741509381.194481,20,-34,-31
1741509381.240481,-11,-32,-43
1741509381.285481,28,-10,-161
1741509381.331481,22,-58,-145
1741509381.377481,10,33,-215
1741509381.4224808,30,5,-143
1741509381.4684808,-26,-33,4
1741509381.5144808,38,-86,34
1741509381.5604808,30,28,-164
1741509381.605481,-15,40,-166
1741509381.651481,24,-5,-16
1741509381.697481,-65,-29,-56
1741509381.742481,1,54,-116
1741509381.788481,-16,-15,-72
1741509381.834481,-8,-35,-32
1741509381.880481,-12,18,-60
1741509381.9254808,48,102,39
1741509381.9714808,24,-15,31
1741509382.0174809,-5,-56,-146
1741509382.062481,6,-18,-160
1741509382.108481,54,8,-114
1741509382.154481,34,13,-28
1741509382.200481,-37,-55,87
1741509382.245481,2,34,-94
1741509382.291481,-21,28,-87
1741509382.337481,58,16,-80
1741509382.3824809,52,20,-60
1741509382.4284809,-3,-23,-137
1741509382.4744809,72,38,-135
1741509382.5204809,-20,-77,-71
1741509382.565481,-57,-45,4
1741509382.611481,-20,-17,-205
1741509382.657481,35,-33,-125
1741509382.702481,-24,-55,-135
1741509382.748481,53,-121,-53
1741509382.7944808,64,-15,-27
1741509382.8404808,47,-72,-41
1741509382.8854809,37,-26,-49
1741509382.931481,-33,41,32
1741509382.977481,24,49,24
1741509383.022481,60,-5,-23
1741509383.068481,32,62,18
1741509383.114481,22,56,-127
1741509383.160481,-7,-37,-41
1741509383.2054808,-43,-43,-131
1741509383.2514808,-153,-36,-67
1741509383.302481,-15,9,-183
1741509383.348481,0,17,-67
1741509383.394481,0,-24,-67
1741509383.440481,54,25,13
1741509383.485481,54,35,-51
1741509383.531481,49,-26,-69
1741509383.577481,-72,37,-11
1741509383.624481,-30,-58,-65
1741509383.6694808,51,-22,-55
1741509383.7154808,-24,-2,-109
1741509383.7614808,-22,23,-22
1741509383.806481,61,22,-95
1741509383.852481,-13,-15,14
1741509383.898481,40,-32,-23
1741509383.943481,62,-16,-67
1741509383.989481,28,13,-69
1741509384.035481,160,-64,-59
1741509384.081481,-17,-56,8
1741509384.1264808,-28,-4,-49
1741509384.1724808,113,-48,-41
1741509384.2184808,1,69,-143
1741509384.263481,-50,-34,-28
1741509384.309481,11,-32,-7
1741509384.355481,-51,21,-132
1741509384.401481,81,-88,-154
1741509384.446481,17,-49,-204
1741509384.492481,31,-47,-52
1741509384.538481,-60,16,-82
1741509384.5834808,-28,46,-42
1741509384.6294808,-3,-1,-10
1741509384.6754808,-9,84,-66
1741509384.7214808,14,-57,-176
1741509384.766481,-108,-5,-94
1741509384.812481,36,-19,-52
1741509384.858481,4,-10,-84
1741509384.903481,49,40,-64
1741509384.949481,14,-15,-24
1741509384.995481,-46,6,-162
1741509385.041481,-16,34,-176
1741509385.0864809,26,-53,23
1741509385.1324809,-50,-53,-92
1741509385.1784809,-25,-33,9
1741509385.223481,4,-25,-192
1741509385.269481,-21,64,-13
1741509385.315481,15,-14,-35
1741509385.361481,-118,9,-165
1741509385.406481,38,51,-137
1741509385.452481,61,-18,-135
1741509385.498481,-25,7,12
1741509385.5434809,-64,67,-87
1741509385.5894809,-24,10,112
1741509385.6354809,-18,60,-105
1741509385.681481,49,68,-109
1741509385.726481,25,84,-229
1741509385.772481,-15,-57,-97
1741509385.818481,17,18,-55
1741509385.8634808,50,-45,-271
1741509385.9094808,28,37,-75
1741509385.9554808,-13,19,-147
1741509386.0014808,-67,15,-143
1741509386.046481,6,33,52
1741509386.092481,1,37,-153
1741509386.138481,-18,-62,-109
1741509386.183481,-24,-24,-11
1741509386.229481,16,-23,-87
1741509386.275481,68,45,-63
1741509386.321481,-16,39,-53
1741509386.3664808,-35,-27,-99
1741509386.4124808,42,56,2
1741509386.4584808,70,1,-51
1741509386.503481,30,-14,-63
1741509386.549481,-65,23,-41
1741509386.595481,-53,30,-109
1741509386.641481,-1,0,-45
1741509386.686481,50,53,-91
1741509386.732481,56,85,4
1741509386.778481,32,-26,-99
1741509386.8234808,26,-70,-9
1741509386.8694808,-16,-38,12
1741509386.9154809,23,5,-77
1741509386.9614809,-36,-52,-19
1741509387.006481,37,7,-97
1741509387.052481,-10,1,-91
1741509387.098481,-22,33,-139
1741509387.143481,-16,29,-233
1741509387.189481,52,24,-103
1741509387.235481,20,59,-17
1741509387.281481,-19,-36,-33
1741509387.3264809,-73,-54,-42
1741509387.3724809,2,-6,64
1741509387.4184809,26,29,-105
1741509387.463481,30,8,-73
1741509387.509481,68,45,-89
1741509387.555481,-3,-69,-9
1741509387.601481,32,16,-17
1741509387.646481,8,-51,-96
1741509387.6924808,-13,18,-49
1741509387.7384808,-62,90,-150
1741509387.783481,-20,20,14
1741509387.829481,43,0,62
1741509387.875481,2,14,-85
1741509387.921481,-56,45,-65
1741509387.966481,-20,41,-75
1741509388.012481,23,-40,-137
1741509388.058481,63,26,-43
1741509388.1034808,13,2,28
1741509388.1494808,107,36,-171
1741509388.1954808,-6,-46,-65
1741509388.2414808,25,5,-29
1741509388.286481,75,15,14
1741509388.332481,-119,-4,-79
1741509388.378481,48,29,-115
1741509388.423481,41,-49,-119
1741509388.469481,-4,-13,-73
1741509388.515481,-26,5,-144
1741509388.561481,-14,-35,14
1741509388.6064808,13,-11,-93
1741509388.6524808,114,13,-35
1741509388.6984808,-3,-32,-21
1741509388.743481,-37,-46,-113
1741509388.789481,-103,-13,-71
1741509388.835481,6,13,-47
1741509388.881481,-15,7,-89
1741509388.926481,-3,-26,-37
1741509388.972481,10,16,-33
1741509389.018481,13,42,-67
1741509389.0634809,-11,-40,2
1741509389.1094809,-49,5,-159
1741509389.1554809,-31,49,-131
1741509389.2014809,88,-49,-227
1741509389.246481,22,-43,6
1741509389.292481,-17,28,-125
1741509389.338481,61,-42,14
1741509389.383481,17,-50,30
1741509389.429481,-16,19,-47
1741509389.475481,72,-61,-43
1741509389.521481,-41,43,108
1741509389.5664809,-5,-24,48
1741509389.6124809,12,31,-37
1741509389.658481,-87,65,-127
1741509389.703481,50,-50,12
1741509389.749481,8,45,-9
1741509389.795481,-89,41,-181
1741509389.841481,12,5,-161
1741509389.8864808,38,-11,22
1741509389.9324808,-57,21,-71
1741509389.9784808,-13,37,-71
1741509390.023481,-63,-12,-63
1741509390.069481,-11,-16,98
1741509390.115481,26,-22,-169
1741509390.161481,-23,-34,-267
1741509390.206481,-99,63,-81
1741509390.252481,39,28,-61
1741509390.298481,14,-31,50
1741509390.3434808,-57,-37,-53
1741509390.3894808,30,-28,38
1741509390.4354808,-3,-46,-93
1741509390.4814808,-29,-42,-48
1741509390.526481,-9,31,-116
1741509390.572481,58,47,-110
1741509390.618481,90,37,-2
1741509390.663481,32,31,-136
1741509390.709481,0,7,-172
1741509390.755481,-47,31,-88
1741509390.8004808,86,-77,-190
1741509390.8464808,-32,32,-4
1741509390.8924809,3,-69,-102
1741509390.9384809,-18,72,-18
1741509390.983481,83,4,-12
1741509391.029481,-65,39,-64
1741509391.075481,-75,-40,23
1741509391.120481,14,-78,-158
1741509391.166481,50,2,-58
1741509391.212481,-39,-13,-110
1741509391.258481,4,62,-104
1741509391.3034809,-26,25,-62
1741509391.3494809,-5,15,-88
1741509391.3954809,34,-2,-48
1741509391.440481,52,-2,-90
1741509391.486481,-31,32,-38
1741509391.532481,-33,-76,-100
1741509391.578481,-55,93,-90
1741509391.623481,50,48,-116
1741509391.6694808,-55,-31,-176
1741509391.7154808,64,37,-14
1741509391.7604809,4,-53,-202
1741509391.806481,-21,-39,-78
1741509391.852481,-25,52,-108
1741509391.898481,-66,-39,7
1741509391.943481,-2,28,5
1741509391.989481,-66,8,-146
1741509392.035481,-120,4,11
1741509392.0804808,11,29,-46
1741509392.1264808,3,-48,33
1741509392.1724808,21,71,-12
1741509392.2184808,47,55,-274
1741509392.263481,-20,-17,13
1741509392.309481,-82,61,-138
1741509392.355481,25,-84,-97
1741509392.400481,0,12,-59
1741509392.446481,1,54,-55
1741509392.492481,-23,55,-157
1741509392.538481,-4,40,-121
1741509392.5834808,63,-65,56
1741509392.6294808,-2,104,-47
1741509392.6754808,-18,-78,-159
1741509392.720481,-56,-37,-61
1741509392.766481,-66,-3,-45
1741509392.812481,127,-35,20
1741509392.858481,-2,-33,-93
1741509392.903481,14,-95,-81
1741509392.949481,-7,-31,-171
1741509392.995481,-43,-15,-99
1741509393.0404809,70,0,-63
1741509393.0864809,78,-84,62
1741509393.1324809,-29,-46,-53
1741509393.1784809,9,40,-7
1741509393.223481,-9,56,-139
1741509393.269481,6,48,0
1741509393.3204808,1,-11,-35
1741509393.3664808,18,0,-165
1741509393.4124808,-45,-16,-49
1741509393.4584808,-5,-32,-193
1741509393.503481,39,-8,-111
1741509393.549481,-70,27,-43
1741509393.595481,24,55,-51
1741509393.640481,16,-40,-169
1741509393.686481,0,-74,-171
1741509393.732481,14,-24,-43
1741509393.778481,12,-20,-219
1741509393.8234808,8,-16,-47
1741509393.8694808,44,73,-137
1741509393.9154809,-2,-93,-62
1741509393.960481,-60,66,-48
1741509394.006481,-34,-13,-62
1741509394.052481,-6,10,-40
1741509394.098481,55,42,-34
1741509394.143481,127,4,-92
1741509394.189481,-6,64,-32
1741509394.235481,-39,-12,65
1741509394.279481,63,6,-114
1741509394.325481,46,-58,-62
1741509394.371481,4,-7,11
1741509394.416481,90,39,-180
1741509394.462481,12,-26,-40
1741509394.508481,60,2,-118
1741509394.554481,34,6,-197
1741509394.5994809,16,-49,-129
1741509394.6454809,-103,20,-109
1741509394.6914809,-21,-31,-101
1741509394.736481,33,-25,50
1741509394.782481,10,61,-149
1741509394.828481,40,44,-109
1741509394.874481,21,9,-47
1741509394.9194808,8,30,-71
1741509394.9654808,58,65,-97
1741509395.0114808,20,-20,-191
1741509395.056481,84,-34,-83
1741509395.102481,56,-4,-37
1741509395.148481,-7,15,-191
1741509395.194481,88,-48,-41
1741509395.239481,-75,-84,-27
1741509395.285481,48,-24,-93
1741509395.331481,-27,7,-75
1741509395.3764808,50,17,-81
1741509395.4224808,-71,-116,-15
1741509395.4684808,50,-4,-7
1741509395.5144808,55,41,-119
1741509395.559481,3,36,-37
1741509395.605481,9,23,-133
1741509395.651481,-37,-4,-33
1741509395.696481,-102,-26,38
1741509395.742481,0,-2,-127
1741509395.788481,-64,-18,-109
1741509395.834481,20,71,-131
1741509395.8794808,-23,10,-153
1741509395.9254808,-15,60,-87
1741509395.9714808,-1,37,-208
1741509396.016481,14,9,-94
1741509396.062481,2,-70,-160
1741509396.108481,68,-64,-70
1741509396.154481,67,-52,-54
1741509396.199481,-30,-36,-24
1741509396.245481,47,-16,-50
1741509396.291481,56,67,-90
1741509396.3364809,12,19,19
1741509396.3824809,0,-86,-136
1741509396.4284809,-53,-20,-82
1741509396.4744809,18,-66,-156
1741509396.519481,6,25,-24
1741509396.565481,27,-79,-58
1741509396.611481,10,-10,-152
1741509396.656481,88,-4,-173
1741509396.702481,-15,17,-121
1741509396.748481,70,3,-134
1741509396.7944808,-1,27,-141
1741509396.8394809,60,27,-26
1741509396.8854809,48,45,-141
1741509396.931481,-38,-23,-110
1741509396.976481,-6,-31,-74
1741509397.022481,24,-4,73
1741509397.068481,40,-10,-153
1741509397.114481,62,5,16
1741509397.1594808,10,18,-37
1741509397.2054808,-41,-1,-35
1741509397.2514808,33,56,-111
1741509397.296481,9,56,-99
1741509397.342481,91,-65,-127
1741509397.388481,-7,21,0
1741509397.434481,-27,47,-53
1741509397.479481,35,29,-63
1741509397.525481,-27,-18,-81
1741509397.571481,76,28,-59
1741509397.6164808,0,-31,14
1741509397.6624808,22,-65,-107
1741509397.7084808,30,-55,-191
1741509397.753481,-17,34,-111
1741509397.799481,-3,-60,-103
1741509397.845481,-13,-49,-83
1741509397.891481,44,-81,-63
1741509397.936481,-25,-21,-107
1741509397.982481,20,44,-131
1741509398.028481,28,-102,-131
1741509398.0734808,-63,-86,-75
1741509398.1194808,40,5,-157
1741509398.1654809,20,57,-139
1741509398.2114809,-27,15,-37
1741509398.256481,-75,-2,-129
1741509398.302481,12,15,-57
1741509398.348481,82,-4,-127
1741509398.393481,12,-52,76
1741509398.439481,36,6,-27
1741509398.485481,12,14,-65
1741509398.531481,-23,26,-57
1741509398.5764809,12,2,-151
1741509398.6224809,-7,-51,-179
1741509398.6684809,12,0,-123
1741509398.713481,69,-67,-119
1741509398.759481,-54,76,-181
1741509398.805481,89,-3,-129
1741509398.851481,-91,-23,-181
1741509398.896481,-42,-22,-45
1741509398.9424808,51,-75,-37
1741509398.9884808,79,-31,38
1741509399.033481,13,2,-17
1741509399.079481,-38,-13,-109
1741509399.125481,-18,13,-125
1741509399.171481,-40,23,-65
1741509399.216481,11,-6,-111
1741509399.262481,-18,-2,-133
1741509399.308481,-12,-10,-85
1741509399.3534808,32,-18,-27
1741509399.3994808,22,-86,24
1741509399.4454808,36,62,-109
1741509399.4914808,32,-36,-79
1741509399.536481,-28,21,-65
1741509399.582481,-86,-36,-71
1741509399.628481,3,-50,-103
1741509399.673481,25,-10,-117
1741509399.719481,75,-50,-145
1741509399.765481,64,-8,-143
1741509399.811481,20,-10,-43
1741509399.8564808,48,53,22
1741509399.9024808,-29,-30,-18
1741509399.9484808,-7,-18,-57
1741509399.993481,-7,-51,-104
1741509400.039481,18,91,-68
1741509400.085481,32,-16,-62
1741509400.131481,62,7,-96
1741509400.176481,16,-7,-107
1741509400.222481,-21,-11,-52
1741509400.268481,-33,36,-99
1741509400.3134809,13,72,-93
1741509400.3594809,29,-21,-65
1741509400.4054809,9,48,-61
1741509400.4514809,70,-45,-55
1741509400.496481,-113,-45,-161
1741509400.542481,-45,20,-91
1741509400.588481,-14,-3,-89
1741509400.633481,38,-11,-9
1741509400.679481,39,28,-30
1741509400.725481,-33,36,-54
1741509400.771481,-50,58,-28
1741509400.8164809,-70,-29,-10
1741509400.8624809,-20,-15,-108
1741509400.908481,-27,-22,-158
1741509400.953481,12,-2,-62
1741509400.999481,-51,-48,-30
1741509401.045481,-25,-86,-22
1741509401.091481,48,49,-188
1741509401.1364808,46,14,-38
1741509401.1824808,-9,46,-102
1741509401.2284808,-13,-7,-96
1741509401.273481,-46,-59,7
1741509401.319481,-18,-39,-78
1741509401.365481,29,0,-136
1741509401.411481,22,6,-108
1741509401.456481,-32,-40,-142
1741509401.502481,49,25,-82
1741509401.548481,4,-59,-108
1741509401.5934808,87,-3,47
1741509401.6394808,6,46,43
1741509401.6854808,35,32,-24
1741509401.7314808,93,-3,-92
1741509401.776481,-42,-5,-82
1741509401.822481,-41,9,31
1741509401.868481,29,-15,-48
1741509401.913481,-15,1,-86
1741509401.959481,46,5,-192
1741509402.005481,1,30,-148
1741509402.051481,73,-15,-90
1741509402.0964808,97,22,-71
1741509402.1424809,-50,-15,-36
1741509402.1884809,64,-20,1
1741509402.233481,4,5,-8
1741509402.279481,-73,-10,-80
1741509402.325481,6,0,69
1741509402.371481,17,58,-164
1741509402.416481,-8,21,-144
1741509402.462481,41,-66,-56
1741509402.508481,-4,25,-30
1741509402.5534809,56,62,-62
1741509402.5994809,29,3,-50
1741509402.6454809,22,-7,-34
1741509402.6914809,3,-12,-113
1741509402.736481,58,-39,-49
1741509402.782481,-7,-33,-3
1741509402.828481,-19,-107,-18
1741509402.873481,29,59,29
1741509402.9194808,12,6,-109
1741509402.9654808,2,-23,46
1741509403.0114808,8,-31,-89
1741509403.056481,6,-37,-15
1741509403.102481,10,12,-93
1741509403.148481,26,7,-89
1741509403.193481,73,-44,-15
1741509403.239481,-16,-70,-7
1741509403.285481,21,-18,-71
1741509403.3364809,44,-47,-99
1741509403.3824809,97,6,-129
1741509403.4284809,47,12,22
1741509403.473481,47,60,-179
1741509403.519481,34,-14,-187
1741509403.565481,-7,25,26
1741509403.611481,-101,-70,-145
1741509403.656481,60,1,-37
1741509403.702481,16,21,-71
1741509403.748481,56,29,-7
1741509403.7934809,68,25,-107
1741509403.8394809,18,-8,22
1741509403.8854809,38,7,-135
1741509403.931481,6,-24,-109
1741509403.976481,-3,-14,20
1741509404.022481,-28,-59,8
1741509404.068481,-29,43,-145
1741509404.1134808,108,-110,-27
1741509404.1594808,-42,32,-13
1741509404.2054808,-56,-33,-83
1741509404.2514808,67,24,-59
1741509404.296481,-15,-57,-51
1741509404.342481,-51,-29,-227
1741509404.388481,0,-115,-85
1741509404.433481,51,-41,-41
1741509404.479481,15,-3,-23
1741509404.525481,7,40,-93
1741509404.5704808,-18,-41,-55
1741509404.6164808,73,14,-31
1741509404.6624808,-18,2,-89
1741509404.7084808,-54,64,0
1741509404.753481,-18,-39,-33
1741509404.799481,-20,-43,-14
1741509404.845481,-26,-21,-50
1741509404.890481,47,6,-132
1741509404.936481,9,60,-140
1741509404.982481,-16,6,-116
1741509405.028481,-46,60,-90
1741509405.0734808,27,-73,-60
1741509405.1194808,-5,-59,-158
1741509405.1654809,64,-15,-52
1741509405.210481,-31,-31,15
1741509405.256481,-69,-80,-134
1741509405.302481,12,17,31
1741509405.348481,0,37,-98
1741509405.393481,92,15,-136
1741509405.439481,22,30,-94
1741509405.485481,-17,0,69
1741509405.5304809,-43,39,-6
1741509405.5764809,-29,-30,-84
1741509405.6224809,-14,59,0
1741509405.6684809,37,69,19
1741509405.713481,41,39,-48
1741509405.759481,-38,-22,-142
1741509405.805481,1,-30,-96
1741509405.850481,-4,19,-100
1741509405.896481,73,25,-48
1741509405.9424808,86,35,-94
1741509405.9884808,-29,27,1
1741509406.033481,-54,49,-22
1741509406.079481,-8,-18,-12
1741509406.125481,-46,-78,-94
1741509406.170481,4,-20,-181
1741509406.216481,-87,51,-109
1741509406.262481,-13,-90,-109
1741509406.308481,33,-10,-139
1741509406.3534808,-32,71,-23
1741509406.3994808,-10,25,-41
1741509406.4454808,-38,53,-117
1741509406.490481,23,5,-33
1741509406.536481,-35,44,-73
1741509406.582481,0,34,-55
1741509406.628481,-67,-1,-61
1741509406.673481,16,-7,-63
1741509406.719481,27,28,-115
1741509406.765481,-12,-6,-177
1741509406.8104808,-26,25,75
1741509406.8564808,-26,-23,-37
1741509406.9024808,4,-35,-103
1741509406.9484808,16,100,-87
1741509406.993481,-14,28,-115
1741509407.039481,46,26,-69
1741509407.085481,-93,28,-205
1741509407.130481,33,8,-25
1741509407.176481,-20,12,-145
1741509407.222481,15,-33,-211
1741509407.268481,78,26,-89
1741509407.3134809,60,-45,-113
1741509407.3594809,2,68,-58
1741509407.4054809,-50,-34,3
1741509407.450481,-11,-67,-34
1741509407.496481,3,-30,-114
1741509407.542481,-18,49,-94
1741509407.588481,74,-7,-186
1741509407.633481,-38,65,-40
1741509407.679481,-20,31,-120
1741509407.725481,33,-74,-136
1741509407.7704809,-3,-28,-10
1741509407.8164809,32,-10,-10
1741509407.8624809,20,6,-164
1741509407.908481,36,58,-64
1741509407.953481,4,82,-58
1741509407.999481,54,2,-94
1741509408.045481,6,80,-42
1741509408.0904808,-81,-41,-106
1741509408.1364808,-23,-25,5
1741509408.1824808,68,-28,-101
1741509408.2284808,-120,7,-29
1741509408.273481,-48,-7,-165
1741509408.319481,-24,30,-153
1741509408.365481,17,-8,54
1741509408.410481,63,17,-191
1741509408.456481,6,71,-5
1741509408.502481,15,44,-73
1741509408.548481,13,-4,-65
1741509408.5934808,-144,32,-59
1741509408.6394808,-38,28,-147
1741509408.6854808,69,-38,-107
1741509408.730481,-21,-58,-183
1741509408.776481,-11,0,-89
1741509408.822481,36,10,48
1741509408.868481,-5,36,-119
1741509408.913481,32,-51,74
1741509408.959481,20,23,-157
1741509409.005481,-33,45,118
1741509409.0504808,-25,25,97
1741509409.0964808,28,-38,-41
1741509409.1424809,-27,12,-131
1741509409.1884809,-9,0,-39
1741509409.233481,-133,55,-135
1741509409.279481,-27,-20,-195
1741509409.325481,78,-2,-83
1741509409.370481,-43,-67,-12
1741509409.416481,70,49,-128
1741509409.462481,51,-4,-74
1741509409.508481,-9,21,-130
1741509409.5534809,-49,-25,-58
1741509409.5994809,-38,-22,-102
1741509409.6454809,91,63,-210
1741509409.690481,-32,0,-12
1741509409.736481,-56,-40,-56
1741509409.782481,-67,-73,-90
1741509409.828481,63,-26,-90
1741509409.873481,23,-78,-24
1741509409.9194808,17,-8,-74
1741509409.9654808,-13,-19,-142
1741509410.0104809,34,72,-70
1741509410.056481,16,26,37
1741509410.102481,12,-77,-88
1741509410.148481,-29,-57,-116
1741509410.193481,64,-15,-126
1741509410.239481,-69,100,-80
1741509410.285481,-32,6,3
1741509410.3304808,31,64,-172
1741509410.3764808,-39,8,-78
1741509410.4224808,68,-17,-66
1741509410.4684808,-55,-11,-86
1741509410.513481,18,-108,-198
1741509410.559481,53,17,6
1741509410.605481,26,-75,-61
1741509410.650481,-48,38,-63
1741509410.696481,-51,12,-99
1741509410.742481,20,-25,-99
1741509410.788481,0,-19,-61
1741509410.8334808,76,50,77
1741509410.8794808,-13,-34,-73
1741509410.9254808,63,-25,4
1741509410.970481,74,29,-31
1741509411.016481,-43,39,58
1741509411.062481,-64,-43,-83
1741509411.108481,4,25,-102
1741509411.153481,56,11,-116
1741509411.199481,4,-22,-101
1741509411.245481,-23,-133,-126
1741509411.2904809,58,36,-72
1741509411.3364809,67,-34,-3
1741509411.3824809,34,-12,-101
1741509411.427481,-17,-24,-77
1741509411.473481,-1,-13,-65
1741509411.519481,45,-61,-75
1741509411.565481,-18,17,-41
1741509411.610481,69,-59,12
1741509411.656481,-40,62,-145
1741509411.702481,-8,3,-4
1741509411.7474809,39,51,-34
1741509411.7934809,11,3,-69
1741509411.8394809,-52,2,-76
1741509411.8854809,-4,-28,-19
1741509411.930481,-1,20,-93
1741509411.976481,-57,-3,-131
1741509412.022481,36,34,-185
1741509412.0674808,-7,-29,-95
1741509412.1134808,90,32,-77
1741509412.1594808,124,-63,-107
1741509412.2054808,15,14,-135
1741509412.250481,-14,44,-51
1741509412.296481,-22,-21,-61
1741509412.342481,50,-75,-103
1741509412.387481,25,0,-105
1741509412.433481,-31,12,-109
1741509412.479481,-37,-27,-117
1741509412.525481,-23,-3,-128
1741509412.5704808,-52,-25,-160
1741509412.6164808,-27,-2,-146
1741509412.6624808,65,-67,-92
1741509412.707481,41,-9,-86
1741509412.753481,-97,-71,-6
1741509412.799481,-40,60,-170
1741509412.845481,19,-25,-78
1741509412.890481,-14,-99,-40
1741509412.936481,-33,28,-136
1741509412.982481,35,46,-54
1741509413.0274808,-123,-24,101
1741509413.0734808,-3,31,-94
1741509413.1194808,-40,50,-219
1741509413.1654809,-17,-59,-63
1741509413.210481,-74,-9,-147
1741509413.256481,-50,-23,-89
1741509413.302481,-84,0,-69
1741509413.3534808,-6,-42,-49
1741509413.3994808,28,54,-23
1741509413.4454808,36,40,18
1741509413.490481,1,-45,-143
1741509413.536481,-12,-3,-71
1741509413.582481,27,-31,-66
1741509413.627481,111,-51,62
1741509413.673481,-62,32,-87
1741509413.719481,-40,50,-48
1741509413.765481,-51,6,-93
1741509413.8104808,0,-27,-151
1741509413.8564808,-33,-3,-11
1741509413.9024808,-43,-35,-143
1741509413.947481,16,19,-51
1741509413.993481,-19,20,-129
1741509414.039481,70,62,-49
1741509414.085481,-18,-34,-171
1741509414.130481,11,-10,-75
1741509414.176481,-12,7,-77
1741509414.222481,-45,-15,-23
1741509414.2674809,-53,-77,-145
1741509414.3134809,22,34,-77
1741509414.3594809,-11,6,-251
1741509414.4054809,-33,-12,-19
1741509414.450481,63,-10,-9
1741509414.496481,-25,0,-141
1741509414.542481,-1,-6,-238
1741509414.587481,62,-66,-136
1741509414.633481,-13,-28,-136
1741509414.679481,-3,-8,-66
1741509414.725481,58,64,-54
1741509414.7704809,12,55,-128
1741509414.8164809,-27,57,-36
1741509414.8624809,40,-36,53
1741509414.907481,25,30,-98
1741509414.953481,-39,-28,-120
1741509414.999481,6,47,57
1741509415.045481,6,-10,-96
1741509415.0904808,40,-3,-16
1741509415.1364808,-63,5,-22
1741509415.1824808,-49,19,-198
1741509415.227481,-88,-8,-110
1741509415.273481,27,-42,-174
1741509415.319481,-2,-40,-110
1741509415.365481,-13,-17,-190
1741509415.410481,14,2,-174
1741509415.456481,21,54,-34
1741509415.502481,0,4,-140
1741509415.5474808,-11,46,-112
1741509415.5934808,-1,-52,13
1741509415.6394808,10,53,-116
1741509415.6854808,54,-28,-128
1741509415.730481,22,-70,-40
1741509415.776481,20,-5,-136
1741509415.822481,-17,66,-44
1741509415.867481,-75,100,-35
1741509415.913481,-33,0,-51
1741509415.959481,6,6,8
1741509416.005481,-79,3,-111
1741509416.0504808,38,-56,-105
1741509416.0964808,-67,21,-9
1741509416.1424809,-52,-21,-61
1741509416.187481,-1,-5,-103
1741509416.233481,32,14,-203
1741509416.279481,15,76,-97
1741509416.325481,0,0,-137
1741509416.370481,-2,32,-170
1741509416.416481,-59,-1,-65
1741509416.462481,55,-5,-89
1741509416.5074809,-14,38,-99
1741509416.5534809,75,-65,-189
1741509416.5994809,-53,8,-35
1741509416.6454809,41,45,-154
1741509416.690481,19,-63,-63
1741509416.736481,-2,52,2
1741509416.782481,-8,30,-26
1741509416.827481,61,31,-217
1741509416.873481,-42,0,-103
1741509416.9194808,-35,-47,-74
1741509416.9654808,10,-29,-122
1741509417.0104809,-21,30,-66
1741509417.056481,38,-13,-17
1741509417.102481,54,-3,-100
1741509417.147481,109,0,-82
1741509417.193481,83,-1,-185
1741509417.239481,35,-113,-108
1741509417.285481,-16,2,3
1741509417.3304808,33,-77,-216
1741509417.3764808,77,30,-98
1741509417.4224808,21,4,-19
1741509417.467481,19,-1,-121
1741509417.513481,19,-28,-102
1741509417.559481,10,-26,59
1741509417.605481,17,13,-132
1741509417.650481,75,-62,-90
1741509417.696481,15,-19,-190
1741509417.742481,1,70,-152
1741509417.7874808,67,-87,-24
1741509417.8334808,-71,12,-52
1741509417.8794808,56,-57,-115
1741509417.9254808,30,49,-66
1741509417.970481,-29,-31,-112
1741509418.016481,-13,36,27
1741509418.062481,42,48,-96
1741509418.107481,-28,38,-118
1741509418.153481,-39,-5,-24
1741509418.199481,-30,-53,-66
1741509418.2444808,-5,4,-76
1741509418.2904809,-100,-27,17
1741509418.3364809,-9,-67,-178
1741509418.3824809,-10,46,-130
1741509418.427481,-59,-58,-62
1741509418.473481,-27,-30,31
1741509418.519481,10,43,-132
1741509418.564481,111,-37,-68
1741509418.610481,-48,-97,31
1741509418.656481,5,-15,-62
1741509418.702481,68,64,-100
1741509418.7474809,72,0,-138
1741509418.7934809,-7,28,-38
1741509418.8394809,11,-41,-50
1741509418.884481,-68,18,-74
1741509418.930481,51,-17,-190
1741509418.976481,61,75,-102
1741509419.022481,-54,-22,-106
1741509419.0674808,3,27,-86
1741509419.1134808,9,-10,-102
1741509419.1594808,-20,19,-60
1741509419.204481,26,23,17
1741509419.250481,12,-68,-48
1741509419.296481,-3,-42,-106
1741509419.342481,9,-41,-98
1741509419.387481,9,14,-58
1741509419.433481,-6,-67,-92
1741509419.479481,-47,13,-126
1741509419.5244808,-39,33,-248
1741509419.5704808,54,91,-108
1741509419.6164808,-3,59,-180
1741509419.6624808,60,-20,1
1741509419.707481,-69,-52,-104
1741509419.753481,-6,20,-56
1741509419.799481,41,-15,-132
1741509419.844481,40,-54,-100
1741509419.890481,-57,-14,-114
1741509419.936481,-57,-44,-142
1741509419.982481,15,-11,10
1741509420.0274808,-2,-9,-27
1741509420.0734808,-31,-54,-111
1741509420.1194808,20,55,-63
1741509420.164481,-2,38,-9
1741509420.210481,50,-32,-157
1741509420.256481,-14,34,-83
1741509420.302481,26,-42,-93
1741509420.347481,-37,29,-31
1741509420.393481,58,43,-223
1741509420.439481,3,-46,-63
1741509420.4844809,5,-8,-213
1741509420.5304809,84,-26,-159
1741509420.5764809,12,11,-71
1741509420.6224809,18,0,-119
1741509420.667481,14,-20,-45
1741509420.713481,-71,49,-61
1741509420.759481,8,-40,0
1741509420.804481,40,67,-139
1741509420.850481,0,32,-133
1741509420.896481,-21,0,-67
1741509420.9424808,-33,-61,-81
1741509420.9874809,-11,-6,-51
1741509421.033481,2,97,-15
1741509421.079481,-23,51,4
1741509421.124481,-79,-26,-37
1741509421.170481,-77,-20,-107
1741509421.216481,0,33,-83
1741509421.262481,6,0,0
1741509421.3074808,-42,47,-9
1741509421.3534808,-10,-20,60
1741509421.3994808,19,-28,46
1741509421.443481,9,-22,-115
1741509421.489481,-86,27,-23
1741509421.535481,-6,3,-57
1741509421.5804808,36,42,-101
1741509421.6264808,-23,18,78
1741509421.6724808,-51,-37,-143
1741509421.7184808,64,28,-75
1741509421.763481,-77,-41,-17
1741509421.809481,-1,30,18
1741509421.855481,82,-34,-103
1741509421.900481,-34,0,12
1741509421.946481,-26,5,-71
1741509421.992481,-56,103,-101
1741509422.038481,-50,29,-79
1741509422.0834808,13,69,-43
1741509422.1294808,21,-22,-41
1741509422.1754808,20,-4,-74
1741509422.220481,2,-27,-98
1741509422.266481,-71,25,-25
1741509422.312481,-48,-28,-37
1741509422.358481,65,36,-76
1741509422.403481,-75,1,-92
1741509422.449481,-78,-57,-152
1741509422.495481,63,42,-68
1741509422.5404809,20,-2,-156
1741509422.5864809,19,34,75
1741509422.6324809,41,56,-114
1741509422.6784809,-64,22,-47
1741509422.723481,-54,-25,-65
1741509422.769481,-19,60,-195
1741509422.815481,-16,-25,-100
1741509422.860481,-43,-69,-92
1741509422.906481,32,-7,-50
1741509422.952481,14,-39,-216
1741509422.998481,8,-71,-108
1741509423.0434809,-43,-83,-124
1741509423.0894809,-37,66,-28
1741509423.1354809,94,2,-28
1741509423.180481,41,51,-102
1741509423.226481,48,35,-128
1741509423.272481,-17,-34,-102
1741509423.318481,34,-32,-77
1741509423.3694808,-19,-108,-169
1741509423.4154809,46,-6,-83
1741509423.460481,-41,63,-19
1741509423.506481,-15,-32,-99
1741509423.552481,-52,95,-83
1741509423.598481,-20,-40,-127
1741509423.643481,-16,39,46
1741509423.689481,45,4,-167
1741509423.735481,77,-39,-25
1741509423.7804809,12,-21,-79
1741509423.8264809,12,-83,-5
1741509423.8724809,0,19,-255
1741509423.9184809,-85,0,-111
1741509423.963481,-4,47,-45
1741509424.009481,25,64,-31
1741509424.055481,-10,44,8
1741509424.100481,29,2,-131
1741509424.146481,32,23,-67
1741509424.1924808,43,22,-106
1741509424.2384808,0,-31,-189
1741509424.283481,-60,-17,-177
1741509424.329481,21,46,-109
1741509424.375481,-32,-12,-23
1741509424.420481,17,7,-41
1741509424.466481,20,20,0
1741509424.512481,72,64,-122
1741509424.5574808,37,62,-144
1741509424.6034808,-25,42,-43
1741509424.6494808,-27,-7,-100
1741509424.6954808,-127,-36,-114
1741509424.740481,-17,5,-98
1741509424.786481,74,15,-117
1741509424.832481,-28,27,-51
1741509424.878481,-62,35,-41
1741509424.923481,-12,14,-113
1741509424.969481,22,-18,-133
1741509425.015481,2,-3,-67
1741509425.0604808,36,-16,-67
1741509425.1064808,29,12,-141
1741509425.1524808,-100,4,-59
1741509425.197481,-12,31,-129
1741509425.243481,54,23,-67
1741509425.289481,1,-36,-41
1741509425.335481,51,11,-181
1741509425.380481,1,-26,42
1741509425.426481,-107,31,-39
1741509425.472481,106,46,-158
1741509425.5174809,-61,42,-40
1741509425.5634809,32,-4,13
1741509425.6094809,-91,-97,-67
1741509425.6554809,42,73,-51
1741509425.700481,-49,20,-30
1741509425.745481,22,-29,-86
1741509425.791481,14,-33,-46
1741509425.8364809,46,-64,-47
1741509425.8824809,-25,9,-175
1741509425.9284809,-63,46,-44
1741509425.973481,-37,-7,-106
1741509426.019481,-30,-59,-96
1741509426.065481,7,-15,-16
1741509426.111481,-71,-33,-38
1741509426.156481,-41,-67,33
1741509426.202481,0,-97,-26
1741509426.248481,54,-108,-50
1741509426.2934809,-43,0,-48
1741509426.3394809,56,63,-196
1741509426.3854809,-89,-10,-192
1741509426.431481,26,-12,-102
1741509426.476481,36,15,-48
1741509426.522481,14,21,-114
1741509426.568481,2,-12,-36
1741509426.6134808,-3,-18,-4
1741509426.6594808,-27,-1,-90
1741509426.7054808,2,-19,-128
1741509426.7514808,116,74,-140
1741509426.796481,-1,-56,-150
1741509426.842481,14,45,-40
1741509426.888481,34,-6,-34
1741509426.933481,-33,-52,37
1741509426.979481,112,-4,85
1741509427.025481,-61,-76,-50
1741509427.071481,-19,-70,-34
1741509427.1164808,-10,-46,21
1741509427.1624808,-25,-7,-6
1741509427.2084808,50,-63,-190
1741509427.253481,-34,23,-106
1741509427.299481,-51,-17,-134
1741509427.345481,-68,-40,-186
1741509427.391481,13,-25,-94
1741509427.436481,-6,86,-10
1741509427.482481,-81,-9,-84
1741509427.528481,32,-52,-196
1741509427.5734808,43,-69,-30
1741509427.6194808,-84,11,-86
1741509427.6654809,57,35,-136
1741509427.7114809,-92,-80,-94
1741509427.756481,19,-70,-122
1741509427.802481,43,39,-36
1741509427.848481,10,-42,63
1741509427.893481,16,-4,59
1741509427.939481,-49,5,-108
1741509427.985481,20,-7,-50
1741509428.031481,43,6,87
1741509428.0764809,6,-32,-180
1741509428.1224809,10,-14,-4
1741509428.1684809,-6,1,11
1741509428.213481,11,-10,-106
1741509428.259481,-77,-8,-174
1741509428.305481,9,-46,19
1741509428.351481,37,85,-80
1741509428.396481,-2,13,-144
1741509428.4424808,28,-35,-44
1741509428.4884808,20,7,-73
1741509428.533481,46,29,-15
1741509428.579481,-100,11,-91
1741509428.625481,-13,7,-103
1741509428.671481,13,-28,-83
1741509428.716481,-29,-21,-49
1741509428.762481,22,-9,-71
1741509428.808481,-6,78,-121
1741509428.8534808,37,-27,-49
1741509428.8994808,17,3,-15
1741509428.9454808,75,63,-159
1741509428.9914808,39,56,-25
1741509429.036481,-37,17,12
1741509429.082481,15,-31,4
1741509429.128481,-2,4,-93
1741509429.173481,-116,5,-69
1741509429.219481,3,1,-223
1741509429.265481,51,-14,-197
1741509429.311481,94,-89,-43
1741509429.3564808,-11,-14,-57
1741509429.4024808,46,-2,-69
1741509429.4484808,27,-18,-67
1741509429.493481,17,35,-29
1741509429.539481,35,-8,-53
1741509429.585481,-42,16,-157
1741509429.631481,-4,-14,-75
1741509429.676481,123,-2,13
1741509429.722481,61,19,-44
1741509429.768481,0,26,-41
1741509429.8134809,9,-15,-10
1741509429.8594809,22,30,-191
1741509429.9054809,2,-21,-65
1741509429.9514809,-49,-5,-193
1741509429.996481,28,-57,-44
1741509430.042481,-85,-119,-14
1741509430.088481,64,10,-25
1741509430.133481,7,-3,-83
1741509430.179481,-18,62,12
1741509430.225481,-20,-49,-137
1741509430.271481,-54,-28,-91
1741509430.3164809,-60,82,-43
1741509430.3624809,-16,55,56
1741509430.408481,-63,-14,-195
1741509430.453481,42,-52,-261
1741509430.499481,-9,-32,-113
1741509430.545481,-6,-42,-21
1741509430.591481,5,16,-25
1741509430.6364808,-42,24,-111
1741509430.6824808,-83,-21,3
1741509430.7284808,-7,-89,-46
1741509430.773481,46,-71,-204
1741509430.819481,4,-36,-80
1741509430.865481,31,-40,-168
1741509430.911481,2,-4,-36
1741509430.956481,12,67,-212
1741509431.002481,38,-28,9
1741509431.048481,36,3,-58
1741509431.0934808,-31,11,-80
1741509431.1394808,-27,-96,-64
1741509431.1854808,-11,-4,-164
1741509431.2314808,8,-122,39
1741509431.276481,-33,67,-36
1741509431.322481,14,-2,-62
1741509431.368481,80,-41,-124
1741509431.413481,6,-27,-48
1741509431.459481,6,-4,-104
1741509431.505481,4,-8,-88
1741509431.551481,62,-2,-102
1741509431.5964808,-56,39,-2
1741509431.6424809,-44,1,-143
1741509431.6884809,-18,3,-204
1741509431.733481,11,-24,0
1741509431.779481,-52,-30,-142
1741509431.825481,27,0,-26
1741509431.870481,-28,31,-114
1741509431.916481,61,67,-38
1741509431.962481,-54,-20,-37
1741509432.008481,-44,29,-97
1741509432.0534809,-44,33,-63
1741509432.0994809,69,11,-109
1741509432.1454809,13,-36,-103
1741509432.190481,9,33,-119
1741509432.236481,-63,12,-83
1741509432.282481,-8,-33,-26
1741509432.328481,17,45,-130
1741509432.373481,19,-61,17
1741509432.4194808,29,-70,-44
1741509432.4654808,-24,-68,11
1741509432.5104809,-32,-28,6
1741509432.556481,-24,-13,-81
1741509432.602481,-70,6,-95
1741509432.648481,65,48,-19
1741509432.693481,-25,-58,-59
1741509432.739481,40,20,-75
1741509432.785481,96,67,86
1741509432.8304808,2,-15,-157
1741509432.8764808,-2,49,-98
1741509432.9224808,-52,-14,-18
1741509432.9684808,20,12,-109
1741509433.013481,24,-59,18
1741509433.059481,-98,32,-5
1741509433.105481,-60,-25,44
1741509433.150481,-26,26,-95
1741509433.196481,-28,18,-85
1741509433.242481,-40,72,-91
1741509433.288481,-24,26,-99
1741509433.3394809,8,84,-69
1741509433.3854809,-24,-1,-107
1741509433.430481,1,35,-93
1741509433.476481,41,-47,-141
1741509433.522481,68,-40,-176
1741509433.568481,-96,42,-59
1741509433.6134808,-18,-1,-59
1741509433.6594808,-70,60,-133
1741509433.7054808,-21,-1,-83
1741509433.750481,52,-17,-63
1741509433.796481,-56,6,-81
1741509433.842481,-17,-17,-115
1741509433.888481,12,-57,-95
1741509433.933481,8,62,-147
1741509433.979481,-5,28,-216
1741509434.025481,2,-5,-76
1741509434.0704808,-37,-7,-140
1741509434.1164808,-73,-25,-7
1741509434.1624808,-83,12,0
1741509434.2084808,-4,-15,-106
1741509434.253481,42,-30,-128
1741509434.299481,-37,-108,-86
1741509434.345481,-27,-10,-57
1741509434.390481,-28,-1,16
1741509434.436481,22,2,-201
1741509434.482481,42,-35,-122
1741509434.528481,72,2,-6
1741509434.5734808,82,12,-184
1741509434.6194808,-98,-55,26
1741509434.6654809,50,1,-229
1741509434.710481,-139,-2,-3
1741509434.756481,-2,50,-181
1741509434.802481,43,-33,-11
1741509434.848481,-52,-11,-145
1741509434.893481,-28,64,-11
1741509434.939481,-18,-45,2
1741509434.985481,-22,-75,-106
1741509435.0304809,-16,-65,-26
1741509435.0764809,-6,70,-112
1741509435.1224809,-20,34,-34
1741509435.1684809,83,-11,-86
1741509435.213481,-40,-37,-150
1741509435.259481,61,-15,-156
1741509435.305481,-5,61,-24
1741509435.350481,9,-2,-81
1741509435.396481,27,78,-135
1741509435.4424808,-111,13,-79
1741509435.4884808,-57,-20,-105
1741509435.533481,-25,19,-75
1741509435.579481,71,-65,-119
1741509435.625481,21,78,-47
1741509435.670481,-60,6,-21
1741509435.716481,-13,5,-125
1741509435.762481,-8,-54,-56
1741509435.808481,-36,81,-155
1741509435.8534808,39,-48,14
1741509435.8994808,-16,-21,-58
1741509435.9454808,-2,0,-170
1741509435.990481,-39,24,-22
1741509436.036481,-21,-14,0
1741509436.082481,-20,-30,-82
1741509436.128481,48,-16,-64
1741509436.173481,-45,-102,9
1741509436.219481,62,-34,-106
1741509436.265481,29,-17,-128
1741509436.3104808,55,-19,-70
1741509436.3564808,36,-40,-40
1741509436.4024808,6,45,-110
1741509436.4484808,-23,53,-42
1741509436.493481,12,7,-178
1741509436.539481,-17,-14,-162
1741509436.585481,53,-22,-90
1741509436.630481,25,21,-70
1741509436.676481,18,22,5
1741509436.722481,13,-40,-154
1741509436.768481,35,-8,-101
1741509436.8134809,23,-59,-97
1741509436.8594809,-6,-27,-163
1741509436.9054809,-10,62,42
1741509436.950481,55,-22,-77
1741509436.996481,15,-22,-25
1741509437.042481,-47,-34,-127
1741509437.088481,-2,15,-179
1741509437.133481,5,11,-107
1741509437.179481,-20,66,-33
1741509437.225481,15,-53,-23
1741509437.2704809,15,-57,82
1741509437.3164809,-48,4,-55
1741509437.3624809,70,-33,-127
1741509437.408481,-33,-7,-141
1741509437.453481,30,-7,-185
1741509437.499481,-63,-57,-171
1741509437.545481,2,25,-62
1741509437.5904808,-37,18,14
1741509437.6364808,53,-24,-91
1741509437.6824808,-14,-16,-50
1741509437.7284808,-21,-56,-166
1741509437.773481,-33,25,1
1741509437.819481,-10,-15,-33
1741509437.865481,-6,-30,-69
1741509437.910481,43,-12,36
1741509437.956481,-56,-32,86
1741509438.002481,-53,-129,-64
1741509438.048481,-59,18,-37
1741509438.0934808,-53,82,-109
1741509438.1394808,-67,7,-93
1741509438.1854808,-43,-39,-119
1741509438.230481,-3,46,-59
1741509438.276481,-3,-23,-111
1741509438.322481,-66,38,-5
1741509438.368481,-27,12,-73
1741509438.413481,-19,-32,-15
1741509438.459481,-65,-24,24
1741509438.505481,0,22,-113
1741509438.5504808,67,-67,-117
1741509438.5964808,84,-49,-145
1741509438.6424809,-74,-5,-23
1741509438.687481,-72,-95,-5
1741509438.733481,57,6,-13
1741509438.779481,71,-69,-35
1741509438.825481,47,-39,-199
1741509438.870481,-60,-10,-49
1741509438.916481,34,113,-75
1741509438.962481,4,20,-84
1741509439.0074809,51,48,-102
1741509439.0534809,-34,40,-56
1741509439.0994809,48,46,-132
1741509439.1454809,-25,-7,35
1741509439.190481,54,-23,-108
1741509439.236481,38,-23,-116
1741509439.282481,14,16,-130
1741509439.327481,144,-14,-16
1741509439.373481,28,-45,-78
1741509439.4194808,-15,4,-77
1741509439.4654808,-29,38,-105
1741509439.5104809,38,-9,-15
1741509439.556481,-1,2,-83
1741509439.602481,-8,-44,-73
1741509439.647481,18,50,-59
1741509439.693481,14,-15,-191
1741509439.739481,11,-22,20
1741509439.785481,-20,45,-57
1741509439.8304808,43,-66,-89
1741509439.8764808,29,-22,-149
1741509439.9224808,-26,-14,-21
1741509439.967481,10,35,-60
1741509440.013481,3,-1,-6
1741509440.059481,9,-15,-70
1741509440.105481,-5,-39,-184
1741509440.150481,-39,26,-26
1741509440.196481,-43,81,-150
1741509440.242481,27,-3,-26
1741509440.2874808,-8,2,-62
1741509440.3334808,9,-11,-12
1741509440.3794808,37,2,-94
1741509440.4254808,-62,50,-134
1741509440.470481,-18,18,13
1741509440.516481,9,-59,-92
1741509440.562481,-8,-23,-31
1741509440.607481,-33,-21,-55
1741509440.653481,52,-25,-87
1741509440.699481,-11,-33,-91
1741509440.745481,-29,-11,-9
1741509440.7904809,-23,-113,-17
1741509440.8364809,-72,10,-37
1741509440.8824809,53,16,-127
1741509440.927481,-62,-27,-41
1741509440.973481,-6,-18,-91
1741509441.019481,58,19,-53
1741509441.065481,88,-40,-53
1741509441.110481,108,-17,24
1741509441.156481,60,68,4
1741509441.202481,20,-13,-6
1741509441.2474809,13,58,28
1741509441.2934809,-32,22,3
1741509441.3394809,19,-17,-87
1741509441.3854809,3,9,-149
1741509441.430481,29,-22,-1
1741509441.476481,-126,-22,-61
1741509441.522481,-34,-42,-62
1741509441.5674808,35,43,-52
1741509441.6134808,0,-68,-100
1741509441.6594808,19,-6,-152
1741509441.7054808,-6,-20,9
1741509441.750481,12,-77,23
1741509441.796481,68,28,-90
1741509441.842481,60,-27,-76
1741509441.887481,24,-24,-75
1741509441.933481,-22,-41,-23
1741509441.979481,67,-3,-97
1741509442.025481,-58,-31,-83
1741509442.0704808,13,-3,-173
1741509442.1164808,7,-47,-73
1741509442.1624808,27,-1,-173
1741509442.207481,-29,-38,-103
1741509442.253481,58,-4,-147
1741509442.299481,1,-43,-65
1741509442.345481,-7,-22,-229
1741509442.390481,-32,-69,-105
1741509442.436481,-49,-10,-31
1741509442.482481,62,-19,-63
1741509442.5274808,-15,-39,-243
1741509442.5734808,-8,-38,-43
1741509442.6194808,-13,-62,-137
1741509442.6654809,-91,-80,-83
1741509442.710481,-35,-24,-105
1741509442.756481,41,-27,-37
1741509442.802481,11,46,-133
1741509442.847481,11,-1,-121
1741509442.893481,-16,-3,36
1741509442.939481,51,-38,-75
1741509442.985481,9,-31,57
1741509443.0304809,33,4,-56
1741509443.0764809,45,50,-34
1741509443.1224809,69,-34,83
1741509443.167481,-81,51,-108
1741509443.213481,14,-102,-124
1741509443.259481,-11,105,-114
1741509443.305481,-73,-54,-136
1741509443.3564808,-53,-33,0
1741509443.4024808,78,-3,-146
1741509443.447481,-29,-15,-138
1741509443.493481,-18,-40,-170
1741509443.539481,-3,-36,-112
1741509443.585481,4,-26,-102
1741509443.630481,-15,25,-56
1741509443.676481,71,-24,-64
1741509443.722481,-61,20,-98
1741509443.7674809,30,2,-100
1741509443.8134809,-19,54,-242
1741509443.8594809,31,-19,-18
1741509443.9054809,-97,28,-160
1741509443.950481,31,-5,-160
1741509443.996481,52,-94,35
1741509444.042481,66,32,-142
1741509444.087481,32,-37,-78
1741509444.133481,-9,48,-84
1741509444.179481,-3,18,9
1741509444.225481,43,0,-120
1741509444.2704809,-40,-21,-26
1741509444.3164809,13,-37,-82
1741509444.3624809,-12,8,-140
1741509444.407481,27,40,-154
1741509444.453481,11,-40,-24
1741509444.499481,-22,-31,-22
1741509444.545481,-48,-29,51
1741509444.5904808,-98,-79,-86
1741509444.6364808,93,-13,-128
1741509444.6824808,37,-39,39
1741509444.727481,67,-43,-138
1741509444.773481,92,-27,-20
1741509444.819481,38,-2,-86
1741509444.865481,34,-54,-34
1741509444.910481,-76,-24,-86
1741509444.956481,5,-6,25
1741509445.002481,-16,-50,-72
1741509445.0474808,31,4,-40
1741509445.0934808,-26,0,-170
1741509445.1394808,43,2,-170
1741509445.1854808,-52,-71,-94
1741509445.230481,-24,30,-58
1741509445.276481,-33,6,-174
1741509445.322481,-137,56,-64
1741509445.367481,58,-33,-70
1741509445.413481,-28,-16,-40
1741509445.459481,-25,-9,-4
1741509445.5044808,52,12,-74
1741509445.5504808,72,-45,-78
1741509445.5964808,50,21,-132
1741509445.6424809,-22,7,-2
1741509445.687481,-10,16,-68
1741509445.733481,72,-14,-4
1741509445.779481,52,-78,-128
1741509445.824481,-12,11,1
1741509445.870481,38,13,-58
1741509445.916481,-17,-32,-50
1741509445.962481,36,13,-56
1741509446.0074809,-9,-41,-154
1741509446.0534809,-19,-51,-50
1741509446.0994809,0,16,-28
1741509446.144481,-23,-49,-114
1741509446.190481,-11,-1,-182
1741509446.236481,0,-8,-82
1741509446.282481,-62,29,-147
1741509446.327481,9,41,68
1741509446.373481,-91,-32,-169
1741509446.4194808,7,-10,-205
1741509446.4644809,45,-44,42
1741509446.5104809,27,-14,-187
1741509446.556481,-55,-16,-79
1741509446.602481,-52,-17,-47
1741509446.647481,11,-8,-40
1741509446.693481,40,29,-64
1741509446.739481,30,-4,28
1741509446.7844808,30,11,-3
1741509446.8304808,-7,-94,-31
1741509446.8764808,46,-18,-65
1741509446.9224808,56,-24,-225
1741509446.967481,-37,-46,0
1741509447.013481,8,-64,-34
1741509447.059481,30,-52,-252
1741509447.104481,-13,-46,-110
1741509447.150481,42,-32,-121
1741509447.196481,-67,27,-125
1741509447.242481,84,95,-37
1741509447.2874808,30,15,-11
1741509447.3334808,-63,6,-175
1741509447.3794808,34,-38,-85
1741509447.424481,-37,-2,-187
1741509447.470481,-19,-24,-173
1741509447.516481,2,-40,40
1741509447.562481,78,-30,32
1741509447.607481,24,17,26
1741509447.653481,-51,-4,82
1741509447.699481,-33,-6,-83
1741509447.7444808,-22,-37,-31
1741509447.7904809,15,44,-39
1741509447.8364809,35,-7,-129
1741509447.8824809,-1,-2,-131
1741509447.927481,32,20,-91
1741509447.973481,62,-51,-3
1741509448.019481,-79,42,-115
1741509448.064481,-13,-3,-101
1741509448.110481,-13,-5,-133
1741509448.156481,103,-47,-199
1741509448.202481,1,14,-62
1741509448.2474809,-28,-45,-98
1741509448.2934809,27,7,-57
1741509448.3394809,22,-3,-113
1741509448.384481,34,8,-35
1741509448.430481,36,-49,-153
1741509448.476481,51,-21,-125
1741509448.522481,26,-31,-97
1741509448.5674808,6,56,-51
1741509448.6134808,-15,-25,-79
1741509448.6594808,11,-32,-54
1741509448.704481,2,-40,11
1741509448.750481,47,29,-48
1741509448.796481,14,-50,-176
1741509448.842481,36,-18,-8
1741509448.887481,58,66,-240
1741509448.933481,46,-52,-90
1741509448.979481,-94,-43,-88
1741509449.0244808,-36,18,-220
1741509449.0704808,95,-76,-94
1741509449.1164808,45,-47,-120
1741509449.1624808,3,-6,117
1741509449.207481,-8,5,-130
1741509449.253481,-2,45,-134
1741509449.299481,-4,7,9
1741509449.344481,-38,51,-42
1741509449.390481,0,-6,-14
1741509449.436481,-10,-13,-136
1741509449.482481,76,55,-98
1741509449.5274808,69,-19,41
1741509449.5734808,-16,48,-112
1741509449.6194808,41,130,-204
1741509449.664481,33,-14,-42
1741509449.710481,141,-72,-98
1741509449.756481,-52,19,-84
1741509449.802481,-16,-6,-28
1741509449.847481,16,-76,-84
1741509449.893481,34,21,-60
1741509449.939481,46,-62,-78
1741509449.9844809,44,15,-104
1741509450.0304809,-79,60,1
1741509450.0764809,-8,-15,-170
1741509450.1224809,-18,-9,-106
1741509450.167481,50,18,-114
1741509450.213481,91,70,-124
1741509450.259481,-19,-19,17
1741509450.304481,41,26,-6
1741509450.350481,16,82,-22
1741509450.396481,-35,-41,-128
1741509450.4424808,-25,12,-100
1741509450.4874809,4,28,-56
1741509450.533481,-27,-33,-126
1741509450.579481,0,28,-92
1741509450.624481,-69,-34,-118
1741509450.670481,-67,31,-68
1741509450.716481,8,23,-56
1741509450.762481,19,12,-54
1741509450.8074808,21,-23,-16
1741509450.8534808,5,102,-36
1741509450.8994808,-26,56,-148
1741509450.944481,45,-19,-68
1741509450.990481,0,44,-70
1741509451.036481,-25,21,-42
1741509451.082481,-19,21,-120
1741509451.127481,49,25,-36
1741509451.173481,43,-56,-166
1741509451.219481,-2,-22,-106
1741509451.2644808,53,25,-98
1741509451.3104808,63,2,-59
1741509451.3564808,79,-27,-84
1741509451.401481,54,-44,-123
1741509451.447481,-152,34,-31
1741509451.493481,-130,30,-74
1741509451.539481,87,62,-73
1741509451.584481,32,-28,-117
1741509451.630481,-25,-70,-109
1741509451.676481,-4,-84,-143
1741509451.722481,-4,-5,-45
1741509451.7674809,41,2,-23
1741509451.8134809,13,1,-41
1741509451.858481,86,-50,64
1741509451.903481,8,13,-109
1741509451.949481,-28,-60,-75
1741509451.995481,1,-28,-81
1741509452.0404809,-2,6,-57
1741509452.0864809,0,9,-24
1741509452.1324809,-42,58,-94
1741509452.177481,3,-26,-110
1741509452.223481,-16,49,-56
1741509452.269481,-10,-14,-6
1741509452.315481,-22,30,-146
1741509452.360481,-10,42,-120
1741509452.406481,-111,-25,-32
1741509452.452481,-71,-25,-168
1741509452.4974809,55,2,-50
1741509452.5434809,-44,32,-58
1741509452.5894809,3,60,-16
1741509452.6354809,101,-1,37
1741509452.680481,11,39,55
1741509452.726481,-50,-72,-88
1741509452.772481,-12,9,-82
1741509452.8174808,-66,40,-118
1741509452.8634808,76,8,-202
1741509452.9094808,1,-25,-20
1741509452.9554808,-48,8,-90
1741509453.000481,17,-49,-94
1741509453.046481,42,27,-154
1741509453.092481,14,2,-144
1741509453.137481,-81,-35,-90
1741509453.183481,86,28,-132
1741509453.229481,-13,-15,-102
1741509453.275481,-33,12,-54
1741509453.3204808,-47,5,65
1741509453.3724809,-25,-41,-116
1741509453.417481,-20,-97,-36
1741509453.463481,32,-9,-108
1741509453.509481,-6,3,-70
1741509453.555481,-5,-25,47
1741509453.601481,-45,32,-134
1741509453.647481,-39,-44,-138
1741509453.693481,-15,-14,-116
1741509453.739481,-15,49,-67
1741509453.7844808,39,-15,-81
1741509453.8304808,-59,30,-135
1741509453.8764808,55,29,-123
1741509453.921481,27,-56,-169
1741509453.967481,-31,-22,-57
1741509454.013481,54,14,-13
1741509454.059481,-32,2,-75
1741509454.104481,-50,-23,-21
1741509454.150481,-14,0,-87
1741509454.196481,5,9,-93
1741509454.2414808,-55,-29,-21
1741509454.2874808,41,35,-3
1741509454.3334808,65,-14,-147
1741509454.3794808,-5,-12,-97
1741509454.424481,15,21,56
1741509454.470481,79,73,0
1741509454.516481,-26,1,-113
1741509454.561481,-43,-3,-145
1741509454.607481,100,-11,-187
1741509454.653481,2,18,-27
1741509454.699481,106,10,38
1741509454.7444808,41,61,-181
1741509454.7904809,-10,23,-83
1741509454.8364809,45,27,-82
1741509454.881481,-118,-12,-100
1741509454.927481,35,-71,-139
1741509454.973481,30,-13,-26
1741509455.019481,105,39,-54
1741509455.064481,-20,39,-124
1741509455.110481,-46,-8,-106
1741509455.156481,-5,-31,-182
1741509455.2014809,54,66,-14
1741509455.2474809,37,14,-144
1741509455.2934809,-42,23,-26
1741509455.3394809,8,-34,-130
1741509455.384481,42,-35,-214
1741509455.430481,-84,-7,-6
1741509455.476481,37,0,-92
1741509455.521481,53,-32,-138
1741509455.5674808,36,19,-96
1741509455.6134808,52,-86,69
1741509455.6594808,36,7,-78
1741509455.704481,-59,-36,17
1741509455.750481,-3,9,-182
1741509455.796481,94,-92,-70
1741509455.841481,-75,-28,-18
1741509455.887481,-69,5,-22
1741509455.933481,-13,21,-60
1741509455.979481,114,-24,-92
1741509456.0244808,13,40,-154
1741509456.0704808,-23,-24,-42
1741509456.1164808,-34,17,-114
1741509456.161481,3,-78,-22
1741509456.207481,-4,-66,-184
1741509456.253481,-36,-6,-44
1741509456.299481,-24,50,-186
1741509456.344481,-12,-29,-106
1741509456.390481,45,40,-160
1741509456.436481,5,-7,39
1741509456.4814808,69,-67,-82
1741509456.5274808,-5,63,-150
1741509456.5734808,38,-60,-6
1741509456.6194808,-37,7,-30
1741509456.664481,90,-70,-12
1741509456.710481,-29,-12,-86
1741509456.756481,-65,21,-158
1741509456.801481,-69,21,-2
1741509456.847481,-27,-18,-172
1741509456.893481,21,28,-134
1741509456.939481,-91,52,-192
1741509456.9844809,24,-1,-164
1741509457.0304809,-69,-75,-94
1741509457.0764809,-3,-1,-124
1741509457.121481,4,10,-82
1741509457.167481,16,-15,-26
1741509457.213481,-15,-47,-92
1741509457.259481,41,35,-26
1741509457.304481,-48,38,-119
1741509457.350481,15,35,-82
1741509457.396481,-9,40,-38
1741509457.4414809,42,12,-145
1741509457.4874809,34,-29,-3
1741509457.533481,4,-10,-25
1741509457.579481,2,18,-81
1741509457.624481,-54,-44,-33
1741509457.670481,-116,-72,-39
1741509457.716481,88,-48,-59
1741509457.7614808,16,-12,-69
1741509457.8074808,2,3,-105
1741509457.8534808,-67,-58,22
1741509457.8994808,62,45,-25
1741509457.944481,17,3,-99
1741509457.990481,44,7,-237
1741509458.036481,10,-68,-163
1741509458.081481,-9,-70,-21
1741509458.127481,70,-4,-81
1741509458.173481,50,7,-37
1741509458.219481,38,-22,4
1741509458.2644808,-82,38,-8
1741509458.3104808,5,-2,-45
1741509458.3564808,-6,-36,4
1741509458.401481,-73,-16,-137
1741509458.447481,58,67,-115
1741509458.493481,-35,79,-81
1741509458.539481,20,-20,-89
1741509458.584481,-9,-38,-67
1741509458.630481,4,-4,-131
1741509458.676481,20,3,-39
1741509458.7214808,-47,7,-97
1741509458.7674809,-38,4,-29
1741509458.8134809,-39,-22,108
1741509458.8594809,11,38,-72
1741509458.904481,30,25,-30
1741509458.950481,-1,-24,-106
1741509458.996481,-58,45,-32
1741509459.041481,33,-34,-142
1741509459.087481,-16,-36,-112
1741509459.133481,-66,23,59
1741509459.1784809,60,27,-88
1741509459.2244809,21,33,31
1741509459.2704809,-106,35,-60
1741509459.3164809,-13,-4,-108
1741509459.361481,67,-22,-74
1741509459.407481,-18,-24,-160
1741509459.453481,-28,33,-6
1741509459.498481,2,27,-154
1741509459.5444808,70,17,-110
1741509459.5904808,-79,17,-54
1741509459.6364808,-43,-25,-8
1741509459.681481,12,-20,-112
1741509459.727481,-31,-89,27
1741509459.773481,-17,69,-102
1741509459.818481,-61,-41,-67
1741509459.864481,-39,-1,-178
1741509459.910481,-18,-59,30
1741509459.956481,73,-47,-11
1741509460.0014808,-28,12,-73
1741509460.0474808,87,-17,-157
1741509460.0934808,22,39,-115
1741509460.138481,-39,-23,-3
1741509460.184481,4,-65,-149
1741509460.230481,48,-8,-167
1741509460.276481,29,38,50
1741509460.321481,-69,74,-117
1741509460.367481,-13,-49,-173
1741509460.413481,-49,1,-85
1741509460.4584808,-25,16,-15
1741509460.5044808,2,68,-33
1741509460.5504808,-68,54,-217
1741509460.5964808,-14,-79,14
1741509460.641481,61,-61,-63
1741509460.687481,-4,-17,16
1741509460.733481,11,-43,-49
1741509460.778481,48,16,-117
1741509460.824481,72,-1,46
1741509460.870481,29,-2,-175
1741509460.916481,0,38,-65
1741509460.9614809,18,-31,-133
1741509461.0074809,60,-20,-19
1741509461.0534809,6,6,-125
1741509461.098481,124,1,64
1741509461.144481,34,39,2
1741509461.190481,62,-18,48
1741509461.236481,36,-62,-125
1741509461.281481,-7,25,-69
1741509461.327481,-67,4,-97
1741509461.373481,-17,18,-125
1741509461.4184809,-33,-36,-125
1741509461.4644809,-43,-15,-61
1741509461.5104809,-5,-63,-89
1741509461.556481,30,-31,-89
1741509461.601481,-55,31,-181
1741509461.647481,30,35,-105
1741509461.693481,90,27,-77
1741509461.7384808,16,38,-15
1741509461.7844808,26,18,-127
1741509461.8304808,0,11,-153
1741509461.8764808,12,-2,-109
1741509461.921481,-53,27,-135
1741509461.967481,71,-39,-106
1741509462.013481,-25,69,-155
1741509462.058481,2,36,-53
1741509462.104481,28,-7,-101
1741509462.150481,-1,8,-43
1741509462.196481,26,16,26
1741509462.2414808,-30,48,-117
1741509462.2874808,-19,-49,-141
1741509462.3334808,-9,42,-33
1741509462.378481,29,0,-115
1741509462.424481,9,-47,-75
1741509462.470481,45,-51,-133
1741509462.516481,14,-36,-1
1741509462.561481,-1,31,-95
1741509462.607481,-40,-43,20
1741509462.653481,11,-41,-191
1741509462.6984808,-16,38,-213
1741509462.7444808,-8,48,-141
1741509462.7904809,-20,-79,-197
1741509462.8364809,-56,-15,-73
1741509462.881481,-59,-97,-187
1741509462.927481,41,-26,-82
1741509462.973481,-70,-25,-152
1741509463.018481,-6,-30,-114
1741509463.064481,-40,-22,-4
1741509463.110481,39,-34,-136
1741509463.156481,-50,-20,-108
1741509463.2014809,3,-32,-124
1741509463.2474809,-46,-28,-188
1741509463.2934809,57,-20,-50
1741509463.338481,93,-5,-68
1741509463.390481,62,3,85
1741509463.436481,16,9,-26
1741509463.4814808,-59,-64,55
1741509463.5274808,5,29,-12
1741509463.5734808,-18,-28,-130
1741509463.618481,49,63,-115
1741509463.664481,77,16,-90
1741509463.710481,-6,30,-101
1741509463.756481,-2,60,-33
1741509463.801481,-36,12,-147
1741509463.847481,19,32,-93
1741509463.893481,-7,36,36
1741509463.9384809,47,-4,-37
1741509463.9844809,25,11,-57
1741509464.0304809,3,-4,-157
1741509464.0764809,55,20,-129
1741509464.121481,-38,-33,-103
1741509464.167481,-8,34,-61
1741509464.213481,41,-57,-29
1741509464.258481,20,-6,-69
1741509464.304481,4,33,-193
1741509464.350481,66,19,-85
1741509464.396481,4,-31,-133
1741509464.4414809,23,-19,-7
1741509464.4874809,91,-25,-51
1741509464.533481,17,10,-71
1741509464.578481,-6,6,-63
1741509464.624481,-60,-113,-133
1741509464.670481,80,-14,-146
1741509464.716481,-59,-28,-107
1741509464.7614808,-28,-9,-97
1741509464.8074808,-44,92,-35
1741509464.8534808,-4,36,-31
1741509464.898481,77,-11,-73
1741509464.944481,-38,-59,-159
1741509464.990481,67,-41,-81
1741509465.036481,2,-26,-143
1741509465.081481,-45,8,-45
1741509465.127481,16,-98,-61
1741509465.173481,-7,-144,-80
1741509465.2184808,102,3,-105
1741509465.2644808,-2,-25,-169
1741509465.3104808,26,-64,-34
1741509465.3564808,-10,-47,-54
1741509465.401481,-10,-11,-142
1741509465.447481,-62,-7,29
1741509465.493481,17,62,13
1741509465.538481,43,-55,-78
1741509465.584481,-7,52,-56
1741509465.630481,-103,-73,-70
1741509465.676481,75,-13,89
1741509465.7214808,-46,-11,-132
1741509465.7674809,20,43,-90
1741509465.8134809,-8,-39,-44
1741509465.858481,-16,-66,-138
1741509465.904481,5,4,-186
1741509465.950481,-62,-23,-22
1741509465.995481,63,64,-4
1741509466.041481,17,-23,-86
1741509466.087481,-27,28,-34
1741509466.133481,-9,4,-136
1741509466.1784809,30,-49,-124
1741509466.2244809,4,32,-244
1741509466.2704809,-101,-15,-66
1741509466.315481,-39,-18,-40
1741509466.361481,-129,71,-188
1741509466.407481,31,61,-36
1741509466.453481,27,-29,-122
1741509466.498481,-62,-23,13
1741509466.5444808,-90,-48,-111
1741509466.5904808,-18,49,8
1741509466.6354809,-54,-12,-141
1741509466.681481,19,21,-53
1741509466.727481,100,-20,-63
1741509466.773481,14,47,-127
1741509466.818481,29,-16,-125
1741509466.864481,-2,-32,-57
1741509466.910481,63,44,-1
1741509466.9554808,-22,36,-32
1741509467.0014808,29,94,-10
1741509467.0474808,36,-28,-63
1741509467.0934808,23,-32,-91
1741509467.138481,18,-41,-39
1741509467.184481,-49,-31,-41
1741509467.230481,38,2,-117
1741509467.275481,72,-17,-25
1741509467.321481,-54,33,-27
1741509467.367481,42,-6,-31
1741509467.413481,-23,60,-101
1741509467.4584808,-33,-15,-155
1741509467.5044808,65,62,-39
1741509467.5504808,-46,-53,26
1741509467.595481,40,-64,-53
1741509467.641481,58,0,-81
1741509467.687481,26,12,-138
1741509467.733481,0,-97,-57
1741509467.778481,-37,-19,-101
1741509467.824481,10,-10,-235
1741509467.870481,52,24,65
1741509467.9154809,8,-41,-38
1741509467.9614809,62,20,-100
1741509468.0074809,-62,-40,-150
1741509468.0534809,94,26,-86
1741509468.098481,6,24,-2
1741509468.144481,-37,-71,-112
1741509468.190481,48,-51,-112
1741509468.235481,34,-53,-60
1741509468.281481,54,21,-166
1741509468.327481,-13,-12,-84
1741509468.373481,66,15,-23
1741509468.4184809,-28,-17,-111
1741509468.4644809,-25,-26,-65
1741509468.5104809,-66,20,-147
1741509468.555481,-45,-19,-95
1741509468.601481,-35,72,-175
1741509468.647481,-19,-35,-73
1741509468.693481,-11,-21,-135
1741509468.7384808,86,-61,-139
1741509468.7844808,-46,46,-75
1741509468.8304808,-25,-5,-113
1741509468.875481,48,62,4
1741509468.921481,14,-7,-103
1741509468.967481,43,8,-99
1741509469.013481,46,-49,-107
1741509469.058481,-123,7,-21
1741509469.104481,-42,36,-119
1741509469.150481,18,63,-139
1741509469.1954808,16,-43,-107
1741509469.2414808,21,-83,-61
1741509469.2874808,58,-33,-105
1741509469.3334808,-52,-35,-39
1741509469.378481,-3,-7,-33
1741509469.424481,6,98,18
1741509469.470481,-45,2,-155
1741509469.515481,35,-59,-40
1741509469.561481,93,-29,1
1741509469.607481,-2,38,-258
1741509469.653481,10,-14,-28
1741509469.6984808,-43,39,-158
1741509469.7444808,-6,-7,-80
1741509469.7904809,-56,-13,-46
1741509469.835481,-28,12,45
1741509469.881481,1,-37,41
1741509469.927481,49,-31,-80
1741509469.973481,-17,-47,-178
1741509470.018481,0,28,-36
1741509470.064481,12,48,-71
1741509470.110481,-29,12,-143
1741509470.1554809,-26,-28,-67
1741509470.2014809,69,23,-149
1741509470.2474809,-12,9,-183
1741509470.2934809,-113,31,-94
1741509470.338481,5,-4,-73
1741509470.384481,-5,-18,-125
1741509470.430481,37,43,-45
1741509470.475481,-44,-86,-109
1741509470.521481,73,13,-127
1741509470.5674808,105,-10,18
1741509470.6134808,-75,52,-179
1741509470.658481,-22,-36,-47
1741509470.704481,-22,-38,-167
1741509470.750481,24,54,-145
1741509470.795481,-21,-94,-97
1741509470.841481,-31,-71,-59
1741509470.887481,-72,54,-193
1741509470.933481,-39,-3,-143
1741509470.9784808,35,-5,-53
1741509471.0244808,34,6,-18
1741509471.0704808,12,-7,-86
1741509471.115481,34,-45,-175
1741509471.161481,32,-39,40
1741509471.207481,-17,-37,-145
1741509471.253481,26,73,-55
1741509471.298481,2,-14,-41
1741509471.344481,40,-64,-47
1741509471.390481,24,-44,-115
1741509471.4354808,-45,-64,32
1741509471.4814808,-31,41,-13
1741509471.5274808,0,31,-341
1741509471.5734808,-23,-2,-85
1741509471.618481,-47,25,-170
1741509471.664481,-45,-38,-86
1741509471.710481,79,-15,-112
1741509471.755481,-62,-33,-119
1741509471.801481,1,6,38
1741509471.847481,109,52,-41
1741509471.893481,-24,-19,3
1741509471.9384809,-14,-3,-158
1741509471.9844809,11,14,-147
1741509472.0304809,-36,4,-76
1741509472.075481,-26,68,20
1741509472.121481,25,92,-170
1741509472.167481,103,-10,-16
1741509472.213481,70,-17,-242
1741509472.258481,-34,-51,-38
1741509472.304481,-8,0,-56
1741509472.350481,-28,38,-5
1741509472.3954809,-8,6,-11
1741509472.4414809,-7,-85,-151
1741509472.4874809,25,-21,-47
1741509472.533481,-44,-23,-21
1741509472.578481,16,-27,-49
1741509472.624481,17,41,-23
1741509472.670481,0,-18,-88
1741509472.7154808,-60,-1,-103
1741509472.7614808,-43,-73,-121
1741509472.8074808,-4,18,-122
1741509472.852481,-18,-53,-77
1741509472.898481,-56,-19,-102
1741509472.944481,47,-15,-208
1741509472.990481,-74,80,-33
1741509473.035481,-149,30,-1
1741509473.081481,22,-11,-41
1741509473.127481,76,50,-83
1741509473.1724808,18,25,-63
1741509473.2184808,-8,20,-47
1741509473.2644808,-32,-27,-39
1741509473.3104808,-8,-39,-83
1741509473.355481,15,9,-29
1741509473.407481,-63,82,-43
1741509473.452481,22,10,-48
1741509473.498481,-53,-24,-111
1741509473.5444808,30,-108,-75
1741509473.5904808,40,-40,-132
1741509473.6364808,-13,31,-221
1741509473.6824808,4,5,-45
1741509473.7284808,-121,21,4
1741509473.7744808,2,35,-127
1741509473.819481,6,29,-73
1741509473.865481,8,-27,-145
1741509473.911481,38,20,-161
1741509473.956481,-34,-40,-105
1741509474.002481,-9,10,-149
1741509474.048481,-18,-14,-125
1741509474.094481,33,-33,-95
1741509474.1394808,-44,-21,-82
1741509474.1854808,0,20,-165
1741509474.2314808,58,12,-135
1741509474.276481,28,-47,-91
1741509474.322481,-45,-66,-87
1741509474.368481,-69,-2,60
1741509474.414481,8,13,-181
1741509474.459481,32,0,-75
1741509474.505481,-60,-1,20
1741509474.551481,27,70,-49
1741509474.5964808,14,-27,-101
1741509474.6424809,-43,52,8
1741509474.6884809,16,-1,-105
1741509474.7344809,67,6,-95
1741509474.779481,-16,-91,-109
1741509474.825481,-22,-44,-49
1741509474.871481,-42,1,-131
1741509474.916481,-6,21,68
1741509474.962481,1,9,-37
1741509475.008481,-41,-9,-39
1741509475.054481,52,7,-51
1741509475.0994809,-61,-58,-143
1741509475.1454809,-9,-16,6
1741509475.1914809,32,-30,-27
1741509475.236481,23,3,-109
1741509475.282481,-70,61,76
1741509475.328481,-9,-26,46
1741509475.374481,72,44,-113
1741509475.4194808,24,-65,-5
1741509475.4654808,39,-16,-81
1741509475.5114808,-51,-1,-37
1741509475.556481,-44,-8,-57
1741509475.602481,4,-50,-91
1741509475.648481,-76,-88,-184
1741509475.694481,10,-10,-98
1741509475.739481,52,17,-80
1741509475.785481,2,-92,-34
1741509475.831481,24,-38,-242
1741509475.8764808,-38,8,-149
1741509475.9224808,-2,-33,-170
1741509475.9684808,6,5,30
1741509476.0144808,58,25,4
1741509476.059481,50,35,32
1741509476.105481,134,-54,-46
1741509476.151481,42,-14,-30
1741509476.196481,-17,-47,-10
1741509476.242481,75,-16,-178
1741509476.288481,1,-26,-66
1741509476.334481,39,0,-9
1741509476.3794808,43,-43,-117
1741509476.4254808,-48,0,-177
1741509476.4714808,-19,-5,-17
1741509476.516481,-27,-7,-7
1741509476.562481,-65,52,-11
1741509476.608481,63,-57,-73
1741509476.654481,3,-13,-17
1741509476.699481,-39,-1,-27
1741509476.745481,-4,4,-17
1741509476.791481,24,14,-35
1741509476.8364809,52,34,-119
1741509476.8824809,24,-83,-63
1741509476.9284809,-7,-19,-35
1741509476.9744809,10,12,-141
1741509477.019481,33,-61,40
1741509477.065481,-42,26,4
1741509477.111481,-78,-5,94
1741509477.156481,18,12,-159
1741509477.202481,-15,-51,-65
1741509477.248481,-84,-7,-107
1741509477.2944808,-52,14,30
1741509477.3394809,-26,-43,-7
1741509477.3854809,-11,-18,-171
1741509477.431481,-62,28,-139
1741509477.476481,-89,-24,-229
1741509477.522481,-68,68,-109
1741509477.568481,62,-92,-179
1741509477.614481,56,-42,-183
1741509477.6594808,22,-19,-43
1741509477.7054808,-10,3,0
1741509477.7514808,-17,62,-79
1741509477.796481,19,71,-89
1741509477.842481,-5,-1,-43
1741509477.888481,-6,71,-159
1741509477.934481,41,-56,-134
1741509477.979481,93,9,-25
1741509478.025481,59,1,-146
1741509478.071481,5,35,-30
1741509478.1164808,-69,-12,-201
1741509478.1624808,63,-24,-107
1741509478.2084808,7,-40,-51
1741509478.2544808,-41,-40,-31
1741509478.299481,47,36,-29
1741509478.345481,5,16,6
1741509478.391481,-54,-25,-107
1741509478.436481,54,-6,-39
1741509478.482481,48,-74,-35
1741509478.528481,0,23,-37
1741509478.574481,-9,-24,-51
1741509478.6194808,9,6,-49
1741509478.6654809,9,-69,-85
1741509478.7114809,51,-61,-129
1741509478.756481,-2,-7,-93
1741509478.802481,31,-5,-94
1741509478.848481,-8,-21,-14
1741509478.894481,21,28,-58
1741509478.939481,-20,32,-18
1741509478.985481,39,-15,-64
1741509479.031481,9,46,-142
1741509479.0764809,-126,-41,15
1741509479.1224809,-11,-71,13
1741509479.1684809,48,-19,-4
1741509479.2144809,42,-15,-158
1741509479.259481,-25,-17,-100
1741509479.305481,62,25,-22
1741509479.351481,-21,-11,-78
1741509479.396481,56,18,13
1741509479.4424808,22,-17,-12
1741509479.4884808,-118,-21,-206
1741509479.5344808,-30,22,-78
1741509479.579481,-32,30,-144
1741509479.625481,-8,-7,-38
1741509479.671481,28,36,-82
1741509479.716481,0,-17,81
1741509479.762481,-57,-11,-82
1741509479.808481,54,-43,-46
1741509479.8534808,-5,36,-97
1741509479.8994808,-63,12,-165
1741509479.9454808,8,24,-63
1741509479.9914808,79,-46,-153
1741509480.036481,55,-12,32
1741509480.082481,-68,-42,-69
1741509480.128481,37,-16,94
1741509480.173481,68,-27,-119
1741509480.219481,-7,-86,-31
1741509480.265481,65,-62,-71
1741509480.311481,8,-46,-63
1741509480.3564808,20,43,-19
1741509480.4024808,122,-45,-101
1741509480.4484808,-50,-37,-221
1741509480.493481,63,18,-101
1741509480.539481,66,74,-69
1741509480.585481,-18,-20,28
1741509480.631481,-10,26,-85
1741509480.676481,23,1,-137
1741509480.722481,-57,-5,-195
1741509480.768481,-27,-11,-49
1741509480.8134809,30,-11,-77
1741509480.8594809,-25,-61,-111
1741509480.9054809,21,82,-173
1741509480.9514809,-24,68,-167
1741509480.996481,-57,-37,-121
1741509481.042481,-25,-50,-99
1741509481.088481,53,-19,-19
1741509481.133481,27,50,-17
1741509481.179481,3,18,-35
1741509481.225481,-24,-27,-61
1741509481.271481,39,-7,-59
1741509481.3164809,-82,26,-145
1741509481.3624809,-64,-38,-81
1741509481.408481,14,-24,-47
1741509481.453481,15,15,-137
1741509481.499481,55,15,-153
1741509481.545481,-10,-14,-137
1741509481.591481,-18,17,-3
1741509481.6364808,53,95,-11
1741509481.6824808,15,-30,-163
1741509481.7284808,7,-4,-137
1741509481.773481,56,57,-113
1741509481.819481,10,21,-57
1741509481.865481,-12,43,-81
1741509481.911481,9,-53,6
1741509481.956481,-34,3,-132
1741509482.002481,41,-23,-200
1741509482.048481,-44,4,-126
1741509482.0934808,11,2,-60
1741509482.1394808,15,48,-16
1741509482.1854808,-2,4,-80
1741509482.2314808,-34,-3,-56
1741509482.276481,19,-23,-98
1741509482.322481,-62,40,-62
1741509482.368481,35,8,-104
1741509482.413481,-38,-69,-116
1741509482.459481,41,19,-36
1741509482.505481,29,-26,-158
1741509482.551481,72,10,-77
1741509482.5964808,18,-77,44
1741509482.6424809,-111,-18,-118
1741509482.6884809,33,11,-46
1741509482.733481,-37,-72,-68
1741509482.779481,-28,0,-110
1741509482.825481,24,-67,-157
1741509482.871481,-59,54,-21
1741509482.916481,15,-49,-95
1741509482.962481,58,2,126
1741509483.008481,1,44,-97
1741509483.0534809,-60,32,16
1741509483.0994809,-120,6,-95
1741509483.1454809,-10,37,-105
1741509483.1914809,-2,-6,-93
1741509483.236481,7,-11,-129
1741509483.282481,-34,46,-98
1741509483.328481,21,37,-109
1741509483.3794808,33,41,-85
1741509483.4254808,55,32,-91
1741509483.4714808,51,32,-41
1741509483.516481,-31,0,-105
1741509483.562481,64,-32,-121
1741509483.608481,21,-45,-69
1741509483.653481,-72,-3,-113
1741509483.699481,-25,48,-123
1741509483.745481,46,34,28
1741509483.789481,11,48,-41
1741509483.835481,-8,20,-7
1741509483.881481,69,-89,-107
1741509483.927481,-12,-15,-143
1741509483.972481,11,-25,-153
1741509484.018481,24,-27,-131
1741509484.064481,-9,-17,-51
1741509484.1094809,-54,-29,-87
1741509484.1554809,-23,47,-93
1741509484.2014809,-11,-6,12
1741509484.2474809,28,-127,-55
1741509484.292481,-10,9,-157
1741509484.338481,27,-15,-47
1741509484.384481,47,-37,-119
1741509484.429481,-44,20,-65
1741509484.475481,97,-7,-89
1741509484.521481,-61,100,-75
1741509484.5674808,5,12,-123
1741509484.6124809,-106,6,-111
1741509484.658481,1,4,-63
1741509484.704481,14,-26,10
1741509484.749481,30,84,-15
1741509484.795481,-21,59,-117
1741509484.841481,36,11,-113
1741509484.887481,-19,-71,-141
1741509484.9324808,75,47,-93
1741509484.9784808,34,51,-79
1741509485.0244808,8,59,-61
1741509485.069481,-36,-50,-135
1741509485.115481,11,17,-155
1741509485.161481,2,27,-51
1741509485.207481,-52,15,-71
1741509485.252481,34,51,-85
1741509485.298481,-46,-82,42
1741509485.344481,-18,8,-7
1741509485.3894808,-26,66,-51
1741509485.4354808,-13,-14,-73
1741509485.4814808,-2,-29,-93
1741509485.5274808,-86,-37,-129
1741509485.572481,40,89,-31
1741509485.618481,2,0,-61
1741509485.664481,7,14,-23
1741509485.709481,-90,-9,-3
1741509485.755481,29,-105,-35
1741509485.801481,23,18,-43
1741509485.847481,20,11,-121
1741509485.8924809,56,-48,-53
1741509485.9384809,-23,31,-105
1741509485.9844809,-17,-30,-179
1741509486.029481,11,46,-20
1741509486.075481,42,3,-170
1741509486.121481,-10,-61,-22
1741509486.167481,-26,34,-32
1741509486.212481,128,-31,-102
1741509486.258481,-41,-59,-58
1741509486.304481,70,-69,15
1741509486.3494809,-45,36,-168
1741509486.3954809,30,42,-100
1741509486.4414809,35,40,-98
1741509486.4874809,37,-58,67
1741509486.532481,-2,-4,-98
1741509486.578481,-6,-19,-18
1741509486.624481,39,-12,-74
1741509486.6694808,30,-22,-174
1741509486.7154808,64,-20,-92
1741509486.7614808,-53,-25,-140
1741509486.806481,80,-5,-48
1741509486.852481,42,-20,-184
1741509486.898481,-32,-36,-8
1741509486.944481,-71,-90,-38
1741509486.989481,-57,-36,-12
1741509487.035481,-43,39,-72
1741509487.081481,23,7,-120
1741509487.1264808,17,166,-36
1741509487.1724808,13,-5,-151
1741509487.2184808,-114,20,-129
1741509487.2644808,-4,12,-147
1741509487.309481,13,4,14
1741509487.355481,-40,-7,-165
1741509487.401481,52,-55,-109
1741509487.446481,18,37,-9
1741509487.492481,-29,17,20
1741509487.538481,54,12,-15
1741509487.584481,-7,-43,-129
1741509487.6294808,-4,72,-79
1741509487.6754808,66,-9,-63
1741509487.7214808,28,34,16
1741509487.766481,-47,-5,-185
1741509487.812481,-19,-34,-65
1741509487.858481,94,49,2
1741509487.904481,57,38,-31
1741509487.949481,-4,6,-61
1741509487.995481,22,-12,-33
1741509488.041481,-25,37,-107
1741509488.0864809,-85,-62,-115
1741509488.1324809,-52,-15,-47
1741509488.1784809,3,30,94
1741509488.2244809,33,4,-25
1741509488.269481,-39,-52,-27
1741509488.315481,18,3,-203
1741509488.361481,-47,-43,-37
1741509488.406481,50,-43,-99
1741509488.452481,-39,40,-71
1741509488.498481,-41,5,-43
1741509488.5444808,63,5,-32
1741509488.5894809,87,-32,-155
1741509488.6354809,61,13,-132
1741509488.681481,14,5,-64
1741509488.726481,-37,47,-112
1741509488.772481,-11,27,-119
1741509488.818481,-93,-23,-75
1741509488.864481,56,-6,-69
1741509488.9094808,-41,7,-36
1741509488.9554808,-18,3,-82
1741509489.0014808,28,23,9
1741509489.046481,-13,9,-103
1741509489.092481,22,19,1
1741509489.138481,43,-1,-152
1741509489.184481,-31,68,-65
1741509489.229481,82,-21,-16
1741509489.275481,-17,-3,-7
1741509489.321481,116,17,-127
1741509489.3664808,70,-72,-89
1741509489.4124808,-55,-56,-11
1741509489.4584808,16,-10,50
1741509489.5044808,20,-51,-151
1741509489.549481,9,5,-93
1741509489.595481,-81,-3,-67
1741509489.641481,68,8,-22
1741509489.686481,-39,5,25
1741509489.732481,-47,-1,-42
1741509489.778481,-64,-17,-44
1741509489.824481,33,-18,-162
1741509489.8694808,25,-45,-110
1741509489.9154809,31,-81,-166
1741509489.9614809,-36,-45,-68
1741509490.006481,53,-39,-90
1741509490.052481,17,28,-46
1741509490.098481,74,-72,-132
1741509490.144481,48,41,-92
1741509490.189481,-2,-53,-80
1741509490.235481,15,-11,-76
1741509490.281481,-31,-24,-104
1741509490.3264809,-47,17,-34
1741509490.3724809,-47,17,59
1741509490.4184809,20,-34,-4
1741509490.4644809,57,34,-2
1741509490.509481,-12,-47,-50
1741509490.555481,-130,34,-112
1741509490.601481,-18,28,-122
1741509490.646481,-54,-31,-78
1741509490.6924808,13,16,-96
1741509490.7384808,-19,-10,-93
1741509490.7844808,-23,-46,-3
1741509490.829481,-27,-32,-95
1741509490.875481,-8,47,-47
1741509490.921481,25,-46,-99
1741509490.966481,-54,-5,-16
1741509491.012481,-2,-20,38
1741509491.058481,41,11,-7
1741509491.104481,67,9,-18
1741509491.1494808,-10,-120,-264
1741509491.1954808,7,47,-64
1741509491.2414808,-13,-92,-184
1741509491.286481,1,1,-36
1741509491.332481,1,21,3
1741509491.378481,-23,-6,44
1741509491.424481,-22,-12,-85
1741509491.469481,-12,36,-67
1741509491.515481,-32,14,-67
1741509491.561481,-18,-33,-87
1741509491.6064808,-8,-51,-165
1741509491.6524808,65,16,-15
1741509491.6984808,-4,4,-89
1741509491.7444808,-18,42,-82
1741509491.789481,-10,1,51
1741509491.835481,-27,-56,-19
1741509491.881481,8,11,-33
1741509491.926481,-31,-62,-101
1741509491.972481,36,-12,-121
1741509492.018481,20,-42,-57
1741509492.064481,-36,-30,62
1741509492.1094809,-36,-4,-9
1741509492.1554809,-14,66,-97
1741509492.2014809,93,62,2
1741509492.246481,27,-3,-105
1741509492.292481,-31,-30,-77
1741509492.338481,-7,-20,-10
1741509492.384481,55,-37,-188
1741509492.429481,-116,12,-138
1741509492.475481,-70,12,-152
1741509492.521481,13,24,-82
1741509492.5664809,3,-1,-102
1741509492.6124809,13,16,1
1741509492.658481,23,22,-124
1741509492.704481,-68,32,53
1741509492.749481,57,-11,-160
1741509492.795481,14,9,-13
1741509492.841481,73,30,-135
1741509492.8864808,-39,75,-109
1741509492.9324808,22,21,-207
1741509492.9784808,-35,-36,12
1741509493.0244808,-5,23,-49
1741509493.069481,44,27,74
1741509493.115481,47,-65,-239
1741509493.161481,-55,53,-33
1741509493.206481,-36,16,-179
1741509493.252481,13,-52,190
1741509493.298481,-20,-18,-39
1741509493.344481,-2,-16,-155
1741509493.3954809,4,-6,-163
1741509493.4414809,25,25,-171
1741509493.486481,3,41,-51
1741509493.532481,43,-40,-15
1741509493.578481,4,-34,-145
1741509493.623481,20,-82,8
1741509493.6694808,-36,-42,-49
1741509493.7154808,-14,-9,-115
1741509493.7614808,-16,46,-65
1741509493.806481,75,-9,68
1741509493.852481,47,34,-77
1741509493.898481,65,22,-111
1741509493.943481,37,8,-47
1741509493.989481,-14,24,-143
1741509494.035481,21,-98,-163
1741509494.081481,-88,3,-91
1741509494.1264808,3,-70,-97
1741509494.1724808,-20,-2,-7
1741509494.2184808,-18,-16,-141
1741509494.263481,-13,1,-93
1741509494.309481,28,-30,-189
1741509494.355481,74,-10,-205
1741509494.401481,53,18,16
1741509494.446481,14,-83,-179
1741509494.492481,-35,-48,-81
1741509494.538481,26,-48,-189
1741509494.5834808,0,7,-91
1741509494.6294808,-51,71,-63
1741509494.6754808,-57,-20,-89
1741509494.7214808,-45,31,-129
1741509494.766481,-26,-31,-3
1741509494.812481,-7,-9,-90
1741509494.858481,44,-36,-188
1741509494.903481,-45,-52,-162
1741509494.949481,-35,-4,-30
1741509494.995481,31,-6,-28
1741509495.041481,24,-28,-88
1741509495.0864809,0,45,-222
1741509495.1324809,63,-1,-82
1741509495.1784809,-32,-15,-58
1741509495.223481,-86,13,13
1741509495.269481,17,47,-104
1741509495.315481,36,57,-46
1741509495.361481,-36,-10,-36
1741509495.406481,-23,29,9
1741509495.452481,-18,15,-130
1741509495.498481,-3,14,-120
1741509495.5434809,48,-42,-40
1741509495.5894809,-42,14,-118
1741509495.6354809,-119,13,-68
1741509495.681481,-59,-10,11
1741509495.726481,76,65,-182
1741509495.772481,10,1,-58
1741509495.818481,46,-37,-130
1741509495.8634808,-37,4,-104
1741509495.9094808,92,12,-210
1741509495.9554808,-66,-24,-4
1741509496.0014808,17,-15,-54
1741509496.046481,40,18,-66
1741509496.092481,-16,-17,-25
1741509496.138481,-71,22,-7
1741509496.183481,18,42,-137
1741509496.229481,-24,-9,14
1741509496.275481,-58,-73,10
1741509496.321481,55,-23,28
1741509496.3664808,-6,-1,-149
1741509496.4124808,-22,-1,-101
1741509496.4584808,-4,-5,-13
1741509496.503481,25,-73,-131
1741509496.549481,1,76,-31
1741509496.595481,83,-23,0
1741509496.641481,-10,32,-121
1741509496.686481,7,-23,-127
1741509496.732481,16,-15,-53
1741509496.778481,-61,40,-111
1741509496.8234808,34,20,-1
1741509496.8694808,-2,40,-27
1741509496.9154809,-70,-21,-95
1741509496.9614809,-36,-13,-87
1741509497.006481,33,15,-31
1741509497.052481,-28,-5,-117
1741509497.098481,154,-24,-207
1741509497.143481,0,14,-145
1741509497.189481,-26,12,-55
1741509497.235481,-75,-35,-69
1741509497.281481,26,-65,-89
1741509497.3264809,-9,-15,30
1741509497.3724809,-19,5,-23
1741509497.4184809,34,59,-69
1741509497.463481,1,100,-11
1741509497.509481,64,-7,-73
1741509497.555481,-11,30,-91
1741509497.601481,-13,34,-59
1741509497.646481,-77,-3,-77
1741509497.6924808,2,18,-33
1741509497.7384808,48,-39,-41
1741509497.783481,22,8,-89
1741509497.829481,-36,-66,28
1741509497.875481,-32,-26,-23
1741509497.921481,7,-60,-77
1741509497.966481,-82,19,-89
1741509498.012481,69,-14,12
1741509498.058481,-58,-56,4
1741509498.1034808,-24,61,-201
1741509498.1494808,49,-5,-139
1741509498.1954808,-21,-28,-9
1741509498.2414808,60,15,-203
1741509498.286481,64,-2,-109
1741509498.332481,-36,-19,-39
1741509498.378481,-109,-2,-207
1741509498.423481,-27,-32,-139
1741509498.469481,27,-27,-73
1741509498.515481,-76,6,-145
1741509498.561481,-28,8,-39
1741509498.6064808,-24,6,-133
1741509498.6524808,-22,2,-38
1741509498.6984808,23,-3,-35
1741509498.743481,-11,-93,-50
1741509498.789481,40,25,33
1741509498.835481,4,9,-24
1741509498.881481,52,-39,-126
1741509498.926481,-25,-33,-28
1741509498.972481,26,-29,-46
1741509499.018481,14,-7,-16
1741509499.0634809,26,-51,-178
1741509499.1094809,-135,-30,-76
1741509499.1554809,98,49,-10
1741509499.2014809,8,31,-30
1741509499.246481,32,50,-6
1741509499.292481,54,23,-52
1741509499.338481,-68,52,-64
1741509499.383481,19,-12,9
1741509499.429481,-18,3,-50
1741509499.475481,-42,-58,-50
1741509499.521481,19,69,-132
1741509499.5664809,7,-86,-166
1741509499.6124809,-18,65,-34
1741509499.658481,-26,43,-20
1741509499.703481,67,53,-208
1741509499.749481,26,-42,-20
1741509499.795481,-24,-60,-32
1741509499.841481,59,-2,33
1741509499.8864808,-84,-50,-112
1741509499.9324808,-20,-23,-180
1741509499.9784808,88,17,-218
1741509500.023481,5,36,-142
1741509500.069481,-27,-11,-65
1741509500.115481,-3,-27,-170
1741509500.161481,-45,-13,-163
1741509500.206481,-21,32,-137
1741509500.252481,-29,-47,-61
1741509500.298481,55,24,-23
1741509500.3434808,70,34,-11
1741509500.3894808,-42,32,-45
1741509500.4354808,-46,-39,-71
1741509500.480481,11,-43,-105
1741509500.526481,81,-71,-117
1741509500.572481,45,-53,-107
1741509500.618481,45,10,-113
1741509500.663481,7,16,-137
1741509500.709481,-34,-50,-89
1741509500.755481,10,-94,24
1741509500.8004808,33,33,-117
1741509500.8464808,-4,-2,-135
1741509500.8924809,3,75,-91
1741509500.9384809,-12,23,-45
1741509500.983481,37,15,-95
1741509501.029481,-36,-24,-81
1741509501.075481,0,47,-117
1741509501.120481,13,-24,-129
1741509501.166481,9,9,-169
1741509501.212481,31,-36,-15
1741509501.258481,45,-20,-147
1741509501.3034809,-30,-6,74
1741509501.3494809,-42,27,-67
1741509501.3954809,-33,37,-103
1741509501.440481,0,19,-67
1741509501.486481,46,-8,-38
1741509501.532481,-15,5,-108
1741509501.578481,-5,24,-102
1741509501.623481,-14,-64,-96
1741509501.6694808,-13,-2,-120
1741509501.7154808,68,-36,-32
1741509501.7604809,-45,-12,-22
1741509501.806481,-18,-28,-78
1741509501.852481,6,-33,-134
1741509501.898481,-71,30,-98
1741509501.943481,20,56,-78
1741509501.989481,-25,-8,49
1741509502.035481,-13,-4,-217
1741509502.0804808,15,43,18
1741509502.1264808,-114,11,-113
1741509502.1724808,9,-8,-27
1741509502.2184808,-30,3,-87
1741509502.263481,45,-40,-93
1741509502.309481,2,10,-21
1741509502.355481,-9,8,-23
1741509502.400481,2,-45,-49
1741509502.446481,74,-29,64
1741509502.492481,-46,-3,-53
1741509502.538481,-10,51,-79
1741509502.5834808,43,-32,-135
1741509502.6294808,-18,41,-151
1741509502.6754808,-4,-26,-133
1741509502.720481,-16,15,-163
1741509502.766481,-58,-34,-95
1741509502.812481,21,25,28
1741509502.858481,3,-79,-121
1741509502.903481,-15,-27,-73
1741509502.949481,22,-19,-49
1741509502.995481,10,12,-81
1741509503.0404809,35,16,-27
1741509503.0864809,30,-18,56
1741509503.1324809,-54,49,-105
1741509503.1784809,-20,3,-163
1741509503.223481,75,43,-73
1741509503.269481,23,30,-61
1741509503.315481,54,-31,-65
1741509503.360481,37,66,-37
1741509503.4124808,-72,-23,-10
1741509503.4584808,16,-19,-61
1741509503.503481,-17,56,3
1741509503.549481,12,-5,-175
1741509503.595481,33,69,8
1741509503.640481,63,25,-131
1741509503.686481,75,-12,-39
1741509503.732481,-15,-42,-106
1741509503.778481,-4,-26,-40
1741509503.8234808,-20,31,-20
1741509503.8694808,27,-16,-24
1741509503.9154809,-26,59,-86
1741509503.960481,110,19,-6
1741509504.006481,-41,24,-240
1741509504.052481,62,-16,-138
1741509504.098481,-3,59,15
1741509504.143481,-4,22,-22
1741509504.189481,-14,64,-18
1741509504.235481,-60,10,-148
1741509504.2804809,19,-39,-88
1741509504.3264809,-20,30,-50
1741509504.3724809,-18,-17,-174
1741509504.4184809,-40,-13,11
1741509504.463481,-18,2,-180
1741509504.509481,39,60,-82
1741509504.555481,-8,34,-72
1741509504.600481,-78,-17,-68
1741509504.646481,25,28,-136
1741509504.6924808,47,15,9
1741509504.7384808,-27,-3,-220
1741509504.783481,16,14,-114
1741509504.829481,16,-1,-178
1741509504.875481,-35,-35,11
1741509504.920481,30,-1,-70
1741509504.966481,25,-10,-146
1741509505.012481,17,19,-100
1741509505.058481,-26,19,-39
1741509505.1034808,-11,-27,8
1741509505.1494808,-15,30,-129
1741509505.1954808,5,-22,-117
1741509505.240481,115,-22,-105
1741509505.286481,33,35,-145
1741509505.332481,72,-129,-115
1741509505.378481,20,-23,-127
1741509505.423481,-29,-1,-137
1741509505.469481,11,-24,-43
1741509505.515481,30,-67,-73
1741509505.5604808,-77,-25,-165
1741509505.6064808,-49,-21,-75
1741509505.6524808,12,-69,-39
1741509505.6984808,40,98,-32
1741509505.743481,18,72,58
1741509505.789481,22,-29,-15
1741509505.835481,-11,-36,-61
1741509505.880481,-61,-14,-209
1741509505.926481,-87,8,-29
1741509505.972481,-57,0,-97
1741509506.018481,-3,-48,-37
1741509506.0634809,30,21,-45
1741509506.1094809,16,4,-105
1741509506.1554809,46,-6,0
1741509506.200481,66,-105,-69
1741509506.246481,-45,-9,-37
1741509506.292481,-92,10,-107
1741509506.338481,-18,14,-13
1741509506.383481,15,-19,-37
1741509506.429481,19,-9,18
1741509506.475481,59,-15,-45
1741509506.5204809,-10,50,16
1741509506.5664809,55,-80,-121
1741509506.6124809,-40,-55,-197
1741509506.658481,18,-3,-87
1741509506.703481,-29,-9,-16
1741509506.749481,24,-5,-130
1741509506.795481,-109,-28,-40
1741509506.8404808,-67,-6,-178
1741509506.8864808,30,-21,-122
1741509506.9324808,-17,26,-108
1741509506.9784808,-35,18,-126
1741509507.023481,122,-43,-126
1741509507.069481,-26,-105,-28
1741509507.115481,-17,-1,-112
1741509507.160481,-32,18,-24
1741509507.206481,-5,0,-58
1741509507.252481,18,-11,-100
1741509507.2974808,-9,-67,-204
1741509507.3434808,19,33,-64
1741509507.3894808,-36,71,-24
1741509507.4354808,60,-47,-58
1741509507.480481,42,4,-54
1741509507.526481,-17,-29,-170
1741509507.572481,3,98,-25
1741509507.617481,7,14,-74
1741509507.663481,45,-57,-68
1741509507.709481,56,-4,-163
1741509507.755481,-8,-19,-216
1741509507.8004808,84,-17,-61
1741509507.8464808,4,-3,-177
1741509507.8924809,-22,6,28
1741509507.937481,-7,15,-47
1741509507.983481,1,-87,76
1741509508.029481,-31,-17,-127
1741509508.075481,-14,-24,-251
1741509508.120481,30,-30,-91
1741509508.166481,15,93,-199
1741509508.212481,55,37,-83
1741509508.2574809,27,10,-57
1741509508.3034809,9,32,-137
1741509508.3494809,17,-19,-33
1741509508.3954809,-50,-33,-87
1741509508.440481,105,-67,-73
1741509508.486481,47,-31,-17
1741509508.532481,-60,-31,-17
1741509508.577481,0,-35,-139
1741509508.623481,57,-15,-172
1741509508.6694808,17,54,-15
1741509508.7154808,65,38,-119
1741509508.7604809,-21,-38,-89
1741509508.806481,18,-34,-65
1741509508.852481,10,-44,-33
1741509508.896481,-120,87,48
1741509508.9424808,-9,7,32
1741509508.9884808,14,-69,-7
1741509509.033481,1,12,-201
1741509509.079481,92,57,-89
1741509509.125481,-43,-44,-114
1741509509.171481,-25,37,-44
1741509509.216481,40,33,-149
1741509509.262481,38,-68,32
1741509509.308481,-11,-34,-57
1741509509.3534808,-5,13,12
1741509509.3994808,-57,-20,-63
1741509509.4454808,38,5,-119
1741509509.4914808,32,41,-63
1741509509.536481,62,-48,-105
1741509509.582481,38,14,-27
1741509509.628481,-21,61,-101
1741509509.673481,-25,15,18
1741509509.719481,-14,33,68
1741509509.765481,-30,19,-101
1741509509.811481,33,1,-111
1741509509.8564808,-62,79,-59
1741509509.9024808,1,-66,-19
1741509509.9484808,63,61,-27
1741509509.993481,-12,59,-103
1741509510.039481,-63,31,-89
1741509510.085481,31,-82,-79
1741509510.131481,33,-80,-118
1741509510.176481,-46,-18,-22
1741509510.222481,19,-10,-22
1741509510.268481,-7,5,-26
1741509510.3134809,-45,-16,-86
1741509510.3594809,60,-8,-208
1741509510.4054809,78,25,-118
1741509510.4514809,46,-4,-146
1741509510.496481,92,37,-62
1741509510.542481,-11,-26,-120
1741509510.588481,0,15,-108
1741509510.633481,-57,0,-44
1741509510.679481,-13,-32,-58
1741509510.725481,114,-2,-184
1741509510.771481,2,-48,-50
1741509510.8164809,62,61,-92
1741509510.8624809,47,-27,33
1741509510.908481,-47,0,-20
1741509510.953481,-1,41,-114
1741509510.999481,21,-25,-120
1741509511.045481,-50,-3,1
1741509511.091481,27,-17,-199
1741509511.1364808,24,-10,-259
1741509511.1824808,-45,7,-175
1741509511.2284808,32,25,-139
1741509511.273481,57,6,-169
1741509511.319481,-52,23,-159
1741509511.365481,33,37,2
1741509511.411481,37,-10,-213
1741509511.456481,-70,-46,-205
1741509511.502481,-2,63,-29
1741509511.548481,-4,15,2
1741509511.5934808,29,-50,-59
1741509511.6394808,-48,-77,-107
1741509511.6854808,58,-42,-89
1741509511.7314808,24,7,-53
1741509511.776481,-81,0,-53
1741509511.822481,-13,-16,-71
1741509511.868481,66,-40,-147
1741509511.913481,-125,39,-179
1741509511.959481,-48,40,-103
1741509512.005481,-6,-35,-225
1741509512.051481,9,14,-40
1741509512.0964808,37,18,-87
1741509512.1424809,-7,7,-69
1741509512.1884809,57,4,-89
1741509512.233481,34,33,-42
1741509512.279481,-41,1,-71
1741509512.325481,-17,5,-130
1741509512.371481,26,-13,-19
1741509512.416481,-37,-89,-85
1741509512.462481,-15,-83,-61
1741509512.508481,-64,0,-95
1741509512.5534809,60,-71,-122
1741509512.5994809,-23,30,-39
1741509512.6454809,-100,-5,-93
1741509512.6914809,-74,35,-55
1741509512.736481,-12,-18,-92
1741509512.782481,11,11,-21
1741509512.828481,-18,-20,46
1741509512.873481,-18,-18,-22
1741509512.9194808,49,26,-11
1741509512.9654808,17,-53,-269
1741509513.0114808,16,-90,-15
1741509513.056481,-78,18,-103
1741509513.102481,5,32,-110
1741509513.148481,-15,27,2
1741509513.193481,-98,-9,-12
1741509513.239481,35,-3,-60
1741509513.285481,-118,8,15
1741509513.331481,-23,41,-87
1741509513.3764808,0,88,-29
1741509513.4284809,-48,17,-186
1741509513.473481,125,-42,-132
1741509513.519481,-12,-3,-151
1741509513.565481,-25,11,-173
1741509513.611481,-45,53,-99
1741509513.656481,-71,57,-217
1741509513.702481,-37,-38,-5
1741509513.748481,-28,0,-63
1741509513.7934809,-9,45,30
1741509513.8394809,39,79,-263
1741509513.8854809,105,-40,-21
1741509513.930481,39,18,-151
1741509513.976481,-4,-11,16
1741509514.022481,-52,-13,-145
1741509514.068481,-88,26,-79
1741509514.1134808,-13,-40,-25
1741509514.1594808,0,51,-167
1741509514.204481,22,27,-32
1741509514.249481,-11,9,-64
1741509514.295481,15,-53,-134
1741509514.341481,44,0,-28
1741509514.3864808,-31,-8,-33
1741509514.4324808,11,50,-127
1741509514.4784808,3,30,-47
1741509514.5244808,8,-38,-179
1741509514.569481,-5,-46,-66
1741509514.615481,100,13,-15
1741509514.661481,62,-26,-37
1741509514.706481,4,51,-195
1741509514.752481,77,1,-31
1741509514.798481,38,-30,2
1741509514.844481,-1,59,-45
1741509514.8894808,-63,-36,-201
1741509514.9354808,-51,11,-25
1741509514.9814808,43,-1,-197
1741509515.026481,11,-9,-61
1741509515.072481,-30,6,-11
1741509515.118481,33,-25,-125
1741509515.164481,-38,-79,-49
1741509515.209481,-21,-23,-75
1741509515.255481,39,78,-33
1741509515.301481,-29,-60,-129
1741509515.3464808,67,7,32
1741509515.3924809,22,67,-171
1741509515.4384809,12,-26,-73
1741509515.4844809,-1,14,-63
1741509515.529481,30,13,-29
1741509515.575481,-1,105,-83
1741509515.621481,-75,17,-67
1741509515.666481,40,39,-95
1741509515.712481,24,0,-17
1741509515.758481,-51,21,-25
1741509515.804481,0,7,-117
1741509515.8494809,-67,53,30
1741509515.8954809,26,1,-21
1741509515.9414809,-33,49,4
1741509515.986481,18,-20,2
1741509516.032481,-63,-62,-101
1741509516.078481,60,0,-41
1741509516.124481,-1,55,-83
1741509516.1694808,10,71,-7
1741509516.2154808,-63,-22,-149
1741509516.2614808,-22,68,-41
1741509516.306481,21,30,-7
1741509516.352481,-28,6,26
1741509516.398481,47,-13,-15
1741509516.444481,8,-68,-95
1741509516.489481,71,74,-119
1741509516.535481,-42,-1,-140
1741509516.581481,70,-20,-14
1741509516.6264808,-126,12,-136
1741509516.6724808,-12,-15,-72
1741509516.7184808,-2,48,-56
1741509516.7644808,-12,-55,-74
1741509516.809481,23,34,45
1741509516.855481,-10,41,-90
1741509516.901481,-1,-6,-30
1741509516.946481,38,-98,41
1741509516.992481,-6,-9,53
1741509517.038481,45,14,-154
1741509517.084481,88,21,-10
1741509517.1294808,44,-62,-100
1741509517.1754808,32,-20,11
1741509517.2214808,73,30,-160
1741509517.266481,1,10,-172
1741509517.312481,-88,-50,-64
1741509517.358481,1,31,-15
1741509517.404481,113,7,1
1741509517.449481,19,11,-56
1741509517.495481,35,9,-110
1741509517.541481,-13,-66,-67
1741509517.5864809,-9,39,-132
1741509517.6324809,38,37,-94
1741509517.6784809,0,-74,-108
1741509517.7244809,30,1,-88
1741509517.769481,35,36,-66
1741509517.815481,-13,15,-272
1741509517.861481,-18,38,-96
1741509517.906481,-21,-2,-44
1741509517.952481,-93,13,-44
1741509517.998481,4,-44,29
1741509518.0444808,-11,-52,-24
1741509518.0894809,-15,9,-162
1741509518.1354809,65,4,-106
1741509518.181481,31,-25,-40
1741509518.226481,27,19,-88
1741509518.272481,-15,5,-95
1741509518.318481,95,51,-197
1741509518.364481,12,1,-81
1741509518.4094808,51,7,-87
1741509518.4554808,-68,73,-35
1741509518.5014808,54,-52,-105
1741509518.546481,20,13,-55
1741509518.592481,-15,-12,-91
1741509518.638481,70,5,0
1741509518.684481,29,-64,-29
1741509518.729481,-24,-28,-83
1741509518.775481,-69,12,-65
1741509518.821481,-67,68,-113
1741509518.8664808,-21,14,-111
1741509518.9124808,26,-43,-133
1741509518.9584808,-11,33,-25
1741509519.0044808,126,34,-205
1741509519.049481,-17,-52,-71
1741509519.095481,12,59,-73
1741509519.141481,-7,-4,-89
1741509519.186481,72,-9,-149
1741509519.232481,-29,47,50
1741509519.278481,-13,54,-80
1741509519.324481,-27,10,-43
1741509519.3694808,6,28,-74
1741509519.4154809,41,-59,-83
1741509519.4614809,-18,6,-97
1741509519.506481,-57,-19,16
1741509519.552481,9,58,-95
1741509519.598481,-121,-37,-99
1741509519.644481,-17,26,-47
1741509519.689481,-25,28,-45
1741509519.735481,23,-21,-131
1741509519.781481,-61,-17,-108
1741509519.8264809,-46,19,-76
1741509519.8724809,-6,91,-48
1741509519.9184809,-42,-16,-59
1741509519.9644809,5,-34,-31
1741509520.009481,11,-38,22
1741509520.055481,-86,11,-65
1741509520.101481,-96,41,-11
1741509520.146481,38,48,58
1741509520.1924808,-62,-17,-5
1741509520.2384808,36,-52,-87
1741509520.2844808,-5,25,-43
1741509520.329481,44,63,-233
1741509520.375481,44,-62,18
1741509520.421481,25,-5,-126
1741509520.466481,-10,6,-157
1741509520.512481,21,-49,-82
1741509520.558481,-22,8,-45
1741509520.604481,-58,-17,12
1741509520.6494808,25,-43,-136
1741509520.6954808,-70,-27,-90
1741509520.7414808,35,16,-51
1741509520.786481,-32,-23,-81
1741509520.832481,79,12,-131
1741509520.878481,-16,-45,6
1741509520.923481,-18,56,-59
1741509520.969481,21,63,-53
1741509521.015481,-97,0,56
1741509521.061481,-60,41,14
1741509521.1064808,-22,-51,-206
1741509521.1524808,17,-13,63
1741509521.1984808,-48,-23,3
1741509521.243481,-58,64,-88
1741509521.289481,-14,-14,-52
1741509521.335481,61,-14,-207
1741509521.381481,-3,-44,-55
1741509521.426481,4,85,-166
1741509521.472481,-43,5,-82
1741509521.518481,28,-39,5
1741509521.5634809,-45,-33,-151
1741509521.6094809,-21,-15,-41
1741509521.6554809,-27,-53,-39
1741509521.7014809,-56,21,-57
1741509521.746481,-31,-5,-51
1741509521.792481,26,25,-53
1741509521.838481,-53,-48,-29
1741509521.883481,-16,0,-69
1741509521.929481,5,-61,-139
1741509521.975481,56,13,-11
1741509522.021481,-11,-8,-57
1741509522.0664809,46,29,-125
1741509522.1124809,23,-21,-4
1741509522.158481,3,46,-14
1741509522.203481,6,-26,-85
1741509522.249481,163,-23,-220
1741509522.295481,17,3,-4
1741509522.341481,-88,-17,-38
1741509522.3864808,15,-29,-46
1741509522.4324808,-70,-11,23
1741509522.4784808,-58,-61,-90
1741509522.523481,-24,2,-85
1741509522.569481,3,60,-141
1741509522.615481,57,8,-106
1741509522.661481,49,-101,-27
1741509522.706481,-20,2,-59
1741509522.752481,-59,-14,-125
1741509522.798481,-32,64,65
1741509522.8434808,-18,-2,-89
1741509522.8894808,-34,-46,66
1741509522.9354808,-26,11,-167
1741509522.9814808,-15,-50,-151
1741509523.026481,49,-1,-31
1741509523.072481,59,38,-95
1741509523.118481,25,-49,36
1741509523.163481,79,40,-124
1741509523.209481,-7,-18,-18
1741509523.255481,-53,33,-182
1741509523.301481,-30,-47,-56
1741509523.3464808,-30,-51,-45
1741509523.3924809,-32,-22,73
1741509523.443481,-61,4,-3
1741509523.489481,-11,16,-51
1741509523.535481,-11,-24,-75
1741509523.581481,-23,-40,-93
1741509523.6264808,-87,-72,-1
1741509523.6724808,-1,-8,-186
1741509523.7184808,-38,-41,-24
1741509523.763481,-15,0,-194
1741509523.809481,-39,-11,-16
1741509523.855481,110,-3,-36
1741509523.901481,-71,-76,-170
1741509523.946481,11,-44,-74
1741509523.992481,6,-18,-72
1741509524.038481,-21,-73,-162
1741509524.0834808,44,-63,-106
1741509524.1294808,-41,26,1
1741509524.1754808,-3,-21,-48
1741509524.2214808,-15,-35,-36
1741509524.266481,74,10,-200
1741509524.312481,-103,-63,41
1741509524.358481,64,-49,-168
1741509524.403481,-3,-75,-36
1741509524.449481,-15,4,-94
1741509524.495481,40,20,-34
1741509524.541481,-39,-21,-20
1741509524.5864809,12,6,-84
1741509524.6324809,-33,-81,5
1741509524.6784809,22,59,-118
1741509524.723481,-25,-22,-64
1741509524.769481,0,-28,-102
1741509524.815481,16,-6,-116
1741509524.861481,-11,127,-78
1741509524.906481,98,19,-46
1741509524.952481,-40,-37,-138
1741509524.998481,25,-15,-20
1741509525.0434809,-88,-41,-74
1741509525.0894809,-66,-57,-12
1741509525.1354809,-28,-69,-74
1741509525.181481,103,-99,-106
1741509525.226481,-74,12,-72
1741509525.272481,-28,16,-108
1741509525.318481,-28,18,-22
1741509525.3634808,4,37,-88
1741509525.4094808,8,-54,-64
1741509525.4554808,-29,-28,-178
1741509525.5014808,12,26,-68
1741509525.546481,-25,-26,-110
1741509525.592481,13,25,-116
1741509525.638481,39,-33,-20
1741509525.683481,-138,0,-86
1741509525.729481,-12,-23,21
1741509525.775481,-6,64,-68
1741509525.821481,9,24,-64
1741509525.8664808,-28,52,-150
1741509525.9124808,45,-59,-56
1741509525.9584808,5,-7,-110
1741509526.003481,-24,-41,-24
1741509526.049481,33,58,-90
1741509526.095481,-40,-39,-22
1741509526.141481,63,26,-15
1741509526.186481,-60,-29,0
1741509526.232481,-11,-30,-7
1741509526.278481,42,9,-127
1741509526.3234808,-83,-4,-115
1741509526.3694808,-44,31,-79
1741509526.4154809,-40,17,-137
1741509526.4614809,-40,25,-121
1741509526.506481,12,-47,-36
1741509526.552481,16,40,-11
1741509526.598481,-87,-11,-24
1741509526.643481,-5,49,-71
1741509526.689481,-58,15,-70
1741509526.735481,-94,59,-194
1741509526.781481,0,-29,-12
1741509526.8264809,32,10,-68
1741509526.8724809,48,76,-109
1741509526.9184809,0,56,-90
1741509526.963481,2,-18,-132
1741509527.009481,32,1,-4
1741509527.055481,-4,26,-4
1741509527.101481,5,-13,-110
1741509527.146481,-8,74,-12
1741509527.1924808,50,1,-141
1741509527.2384808,70,5,-3
1741509527.283481,-3,-17,-29
1741509527.329481,48,17,-89
1741509527.375481,4,-18,-9
1741509527.421481,48,39,-167
1741509527.466481,-33,-48,-103
1741509527.512481,82,55,-139
1741509527.558481,47,-31,-44
1741509527.6034808,-70,12,-24
1741509527.6494808,55,-51,-56
1741509527.6954808,67,8,-56
1741509527.740481,29,62,-58
1741509527.786481,7,-27,-68
1741509527.832481,-34,4,-38
1741509527.878481,-30,6,-122
1741509527.923481,-14,32,-172
1741509527.969481,-24,60,-72
1741509528.015481,31,24,-60
1741509528.0604808,11,34,-40
1741509528.1064808,-28,-45,59
1741509528.1524808,-28,-45,-16
1741509528.1984808,-52,80,-180
1741509528.243481,-90,-51,-40
1741509528.289481,49,6,-218
1741509528.335481,73,31,-46
1741509528.380481,-24,71,-28
1741509528.426481,3,-6,-126
1741509528.472481,18,-24,-92
1741509528.518481,24,-20,-16
1741509528.5634809,-18,-61,-38
1741509528.6094809,-32,48,-138
1741509528.6554809,9,64,-126
1741509528.700481,-130,-39,-33
1741509528.746481,-8,6,-55
1741509528.792481,-4,-35,-63
1741509528.838481,19,65,-45
1741509528.883481,-22,-37,-23
1741509528.929481,-40,62,-103
1741509528.975481,0,-7,-133
1741509529.0204809,1,58,-113
1741509529.0664809,25,51,-39
1741509529.1124809,-30,3,-9
1741509529.158481,4,15,-209
1741509529.203481,-35,47,-107
1741509529.249481,-31,15,-71
1741509529.295481,-83,-50,4
1741509529.3404808,58,-16,36
1741509529.3864808,-50,0,-41
1741509529.4324808,15,-35,-157
1741509529.4784808,31,-77,-123
1741509529.523481,-2,8,-141
1741509529.569481,-2,-30,-55
1741509529.615481,-2,25,-161
1741509529.660481,-48,-3,-87
1741509529.706481,91,4,-167
1741509529.752481,-52,-59,-149
1741509529.798481,-18,56,-85
1741509529.8434808,25,-37,-107
1741509529.8894808,47,26,-121
1741509529.9354808,20,23,-91
1741509529.980481,15,-17,-23
1741509530.026481,-24,-88,-85
1741509530.072481,-112,65,-175
1741509530.118481,59,-41,-107
1741509530.163481,82,-18,-85
1741509530.209481,84,37,-3
1741509530.255481,46,49,-25
1741509530.3004808,-13,-46,-137
1741509530.3464808,40,-4,-99
1741509530.3924809,14,-44,-23
1741509530.4384809,-29,49,-151
1741509530.483481,-95,-78,46
1741509530.529481,-21,41,-182
1741509530.575481,-24,67,-50
1741509530.620481,41,-25,31
1741509530.666481,43,81,19
1741509530.712481,-9,-54,15
1741509530.758481,-29,23,-74
1741509530.8034809,54,-18,-70
1741509530.8494809,-42,40,-106
1741509530.8954809,72,35,1
1741509530.940481,16,-12,-20
1741509530.986481,-1,-66,53
1741509531.032481,36,41,-144
1741509531.078481,72,75,1
1741509531.123481,-57,31,17
1741509531.1694808,32,55,-108
1741509531.2154808,-7,9,-164
1741509531.2604809,0,-44,-48
1741509531.306481,-73,31,-92
1741509531.352481,74,13,-126
1741509531.398481,56,79,-82
1741509531.443481,114,-8,-76
1741509531.489481,-9,-8,-180
1741509531.535481,34,21,-24
1741509531.5804808,-54,-68,-92
1741509531.6264808,-26,-34,-102
1741509531.6724808,-2,-104,25
1741509531.7184808,-39,19,-98
1741509531.763481,-87,-54,-90
1741509531.809481,-25,51,-212
1741509531.855481,68,3,-82
1741509531.900481,-51,39,-58
1741509531.946481,-51,-120,-106
1741509531.992481,-39,27,-82
1741509532.038481,-37,-40,-62
1741509532.0834808,36,13,-61
1741509532.1294808,20,33,-201
1741509532.1754808,-68,-59,-69
1741509532.220481,-33,-10,-33
1741509532.266481,8,81,-41
1741509532.312481,-11,-22,-83
1741509532.358481,24,58,-81
1741509532.403481,-7,26,-113
1741509532.449481,13,-54,12
1741509532.495481,82,10,-57
1741509532.5404809,104,8,-213
1741509532.5864809,1,-14,-23
1741509532.6324809,50,32,-45
1741509532.6784809,-33,-25,20
1741509532.723481,-49,-37,-17
1741509532.769481,-75,2,-205
1741509532.815481,-9,-57,-127
1741509532.860481,-23,-41,-221
1741509532.906481,30,54,-51
1741509532.952481,-53,0,-73
1741509532.998481,0,-51,-169
1741509533.0434809,21,32,-89
1741509533.0894809,-36,-77,-151
1741509533.1354809,-4,66,-79
1741509533.180481,-27,15,-1
1741509533.226481,43,97,-159
1741509533.272481,-72,19,-61
1741509533.318481,102,-34,-116
1741509533.3634808,-81,-12,-62
1741509533.4154809,30,37,-55
1741509533.460481,-77,15,-34
1741509533.506481,9,8,-98
1741509533.552481,-50,26,-54
1741509533.598481,71,-1,-102
1741509533.643481,9,-13,-122
1741509533.689481,11,4,-30
1741509533.735481,-42,26,-104
1741509533.7804809,-57,7,-96
1741509533.8264809,-57,-26,-72
1741509533.8724809,-44,-21,-76
1741509533.9184809,79,-67,-250
1741509533.963481,-114,30,-62
1741509534.009481,11,16,25
1741509534.055481,87,10,-116
1741509534.100481,5,-33,-26
1741509534.146481,10,-48,-128
1741509534.1924808,41,-37,-164
1741509534.2384808,0,-16,-124
1741509534.283481,-82,60,-90
1741509534.329481,-77,25,-130
1741509534.375481,39,-39,-144
1741509534.420481,41,76,49
1741509534.466481,-52,-12,-112
1741509534.512481,41,70,-76
1741509534.5574808,-92,-8,57
1741509534.6034808,91,13,-78
1741509534.6494808,46,-65,-26
1741509534.6954808,41,-69,-179
1741509534.740481,93,48,-83
1741509534.786481,-70,0,30
1741509534.832481,-74,-21,-150
1741509534.877481,43,22,-55
1741509534.923481,-34,-3,-113
1741509534.969481,-25,-19,-129
1741509535.015481,-37,10,-73
1741509535.0604808,-58,28,-73
1741509535.1064808,-124,8,-57
1741509535.1524808,-53,20,40
1741509535.197481,-5,-83,-83
1741509535.243481,72,-33,-56
1741509535.289481,-68,-21,0
1741509535.335481,-36,-26,-17
1741509535.380481,58,-54,-14
1741509535.426481,44,33,-13
1741509535.472481,-29,-6,-125
1741509535.5174809,34,-52,-73
1741509535.5634809,-15,-33,56
1741509535.6094809,32,-45,-111
1741509535.6554809,42,18,-189
1741509535.700481,-3,-17,-33
1741509535.746481,20,52,-117
1741509535.792481,11,8,-97
1741509535.837481,-48,-77,-11
1741509535.883481,7,30,-63
1741509535.929481,13,54,-123
1741509535.975481,11,-57,-39
1741509536.0204809,-8,60,-19
1741509536.0664809,-11,30,-39
1741509536.1124809,-59,18,-140
1741509536.157481,-46,24,-164
1741509536.203481,60,-97,-58
1741509536.249481,-29,11,1
1741509536.295481,12,25,-54
1741509536.3404808,59,-30,-84
1741509536.3864808,71,-18,-72
1741509536.4324808,29,29,-42
1741509536.477481,-46,-24,-51
1741509536.523481,93,29,42
1741509536.569481,99,-38,-145
1741509536.615481,-18,-8,-41
1741509536.660481,-2,-53,-67
1741509536.706481,-6,-21,0
1741509536.752481,-10,-9,-131
1741509536.7974808,35,16,0
1741509536.8434808,25,-9,-168
1741509536.8894808,13,-41,-101
1741509536.9354808,47,-47,-137
1741509536.980481,33,-15,40
1741509537.026481,-16,10,-145
1741509537.072481,-51,-16,-51
1741509537.117481,-11,-4,-23
1741509537.163481,20,-14,-123
1741509537.209481,-7,5,-85
1741509537.255481,-21,-64,-101
1741509537.3004808,-14,64,-149
1741509537.3464808,81,4,-115
1741509537.3924809,23,46,-97
1741509537.437481,13,-11,-122
1741509537.483481,-4,21,-113
1741509537.529481,-8,0,18
1741509537.575481,-96,54,-134
1741509537.620481,-34,70,-65
1741509537.666481,41,8,-79
1741509537.712481,43,-7,-61
1741509537.7574809,53,60,-93
1741509537.8034809,-18,14,8
1741509537.8494809,22,9,-67
1741509537.8954809,15,24,-75
1741509537.940481,-20,8,-27
1741509537.986481,65,-39,-27
1741509538.032481,-28,-35,-97
1741509538.077481,-52,-41,80
1741509538.123481,-4,-25,40
1741509538.1694808,58,47,28
1741509538.2154808,170,1,-123
1741509538.2604809,10,-12,-53
1741509538.306481,129,12,-141
1741509538.352481,37,-33,-43
1741509538.397481,-28,-47,-169
1741509538.443481,-12,-49,-47
1741509538.489481,-86,34,24
1741509538.535481,-11,-21,-47
1741509538.5804808,111,30,-97
1741509538.6264808,28,41,-91
1741509538.6724808,-7,-80,-179
1741509538.717481,45,-61,-133
1741509538.763481,-125,-60,-82
1741509538.809481,6,-10,-19
1741509538.855481,72,23,-93
1741509538.900481,-31,55,-57
1741509538.946481,-39,-26,-113
1741509538.992481,29,32,-185
1741509539.0374808,-37,53,36
1741509539.0834808,12,71,-11
1741509539.1294808,-55,13,-113
1741509539.1754808,-109,-40,-73
1741509539.220481,-3,15,-91
1741509539.266481,-27,27,-71
1741509539.311481,21,-55,-53
1741509539.3564808,-18,-1,-133
1741509539.4024808,24,51,6
1741509539.4484808,-47,-56,-3
1741509539.493481,-87,-42,-93
1741509539.539481,-66,-55,-81
1741509539.585481,-65,41,-85
1741509539.631481,-53,-8,-99
1741509539.676481,9,42,-3
1741509539.722481,-29,-72,-11
1741509539.768481,-5,39,-57
1741509539.8134809,12,55,-53
1741509539.8594809,0,29,-32
1741509539.9054809,22,97,-140
1741509539.9514809,-104,-32,-121
1741509539.996481,-19,59,-56
1741509540.042481,-81,-46,25
1741509540.088481,78,43,-47
1741509540.133481,12,-12,-31
1741509540.179481,-11,-54,-53
1741509540.225481,30,9,-49
1741509540.271481,62,5,-133
1741509540.3164809,-30,-48,-82
1741509540.3624809,43,41,-118
1741509540.408481,-40,-4,-99
1741509540.453481,-38,-32,5
1741509540.499481,-9,-14,-127
1741509540.545481,-62,41,-45
1741509540.591481,-18,-6,-123
1741509540.6364808,-10,-66,-114
1741509540.6824808,-21,21,-96
1741509540.7284808,6,35,-131
1741509540.773481,12,21,-135
1741509540.819481,-34,12,-29
1741509540.865481,-30,45,-59
1741509540.911481,-9,-14,-145
1741509540.956481,-36,-6,-147
1741509541.002481,1,131,-143
1741509541.048481,-80,10,-181
1741509541.0934808,11,66,-49
1741509541.1394808,-21,-28,54
1741509541.1854808,35,11,-53
1741509541.2314808,-51,-7,-75
1741509541.276481,32,67,-129
1741509541.322481,37,-67,-113
1741509541.368481,50,-114,-83
1741509541.413481,28,-30,18
1741509541.459481,44,-60,-69
1741509541.505481,42,61,-111
1741509541.5504808,-3,-42,-29
1741509541.5964808,48,-30,-79
1741509541.6424809,33,-51,-163
1741509541.6884809,20,-18,18
1741509541.733481,70,3,-5
1741509541.779481,-10,18,-155
1741509541.825481,43,18,-131
1741509541.870481,-42,-33,-33
1741509541.916481,27,-69,-159
1741509541.962481,17,-3,-21
1741509542.008481,37,-5,-23
1741509542.0534809,23,-39,-123
1741509542.0994809,-37,-10,36
1741509542.1454809,-41,-22,-49
1741509542.190481,-23,41,16
1741509542.236481,32,35,-63
1741509542.282481,43,10,-61
1741509542.328481,27,-35,-13
1741509542.373481,-11,-28,-63
1741509542.4194808,38,-72,-27
1741509542.4654808,47,21,-21
1741509542.5104809,-45,57,-87
1741509542.556481,-87,-6,4
1741509542.602481,-64,-13,-117
1741509542.648481,-12,28,-9
1741509542.693481,86,-29,-69
1741509542.739481,51,-9,-93
1741509542.785481,-14,26,-81
1741509542.8304808,-28,6,50
1741509542.8764808,-16,-15,-35
1741509542.9224808,-1,42,-1
1741509542.9684808,55,-48,-57
1741509543.013481,-61,51,-5
1741509543.059481,-39,21,-17
1741509543.105481,22,-6,-47
1741509543.150481,-33,-69,-155
1741509543.196481,22,-49,-155
1741509543.242481,-87,1,-97
1741509543.288481,64,69,42
1741509543.3334808,-11,41,-117
1741509543.3794808,-21,19,-93
1741509543.430481,79,-31,-65
1741509543.476481,11,38,-57
1741509543.522481,-75,46,-71
1741509543.568481,4,20,6
1741509543.6134808,-53,6,-9
1741509543.6594808,12,-66,-129
1741509543.7054808,20,8,-175
1741509543.750481,77,62,-13
1741509543.796481,43,4,-91
1741509543.842481,25,18,-189
1741509543.888481,10,58,-127
1741509543.933481,-21,40,-53
1741509543.979481,-17,118,-85
1741509544.025481,35,16,-29
1741509544.0704808,12,17,-97
1741509544.1164808,10,66,46
1741509544.1624808,4,84,-101
1741509544.2084808,48,-39,-31
1741509544.253481,28,16,-1
1741509544.299481,15,-7,16
1741509544.345481,27,-19,-8
1741509544.390481,-40,30,21
1741509544.436481,41,24,-58
1741509544.482481,-28,78,13
1741509544.528481,86,-56,-86
1741509544.5734808,-10,6,-60
1741509544.620481,-37,-6,-62
1741509544.666481,18,85,35
1741509544.712481,38,17,-106
1741509544.7574809,16,25,-114
1741509544.8034809,-35,11,-94
1741509544.8494809,8,25,-14
1741509544.894481,31,2,11
1741509544.940481,5,-11,-56
1741509544.986481,-8,-13,-50
1741509545.032481,-26,52,-34
1741509545.077481,3,-13,-90
1741509545.123481,3,19,-144
1741509545.1694808,61,13,-48
1741509545.2144809,-53,-14,-176
1741509545.2604809,-74,-3,-34
1741509545.306481,44,-27,-100
1741509545.352481,44,-12,-126
1741509545.397481,41,63,-120
1741509545.443481,-29,59,3
1741509545.489481,-37,83,-108
1741509545.5344808,-77,-90,5
1741509545.5804808,-61,7,-254
1741509545.6264808,-25,-9,-48
1741509545.6724808,68,-96,-94
1741509545.717481,8,-78,-66
1741509545.763481,10,9,-191
1741509545.809481,24,23,-21
1741509545.854481,75,-34,1
1741509545.900481,-34,39,-140
1741509545.946481,-37,-36,-50
1741509545.992481,-45,-43,-124
1741509546.0374808,42,20,-106
1741509546.0834808,96,33,-128
1741509546.1294808,6,19,-144
1741509546.174481,12,-18,-60
1741509546.220481,-27,-6,83
1741509546.266481,58,-35,21
1741509546.312481,-63,-95,-124
1741509546.357481,-76,9,-45
1741509546.403481,-28,-3,-43
1741509546.449481,67,-38,-111
1741509546.4944808,-16,43,-57
1741509546.5404809,-47,-87,64
1741509546.5864809,31,-24,-33
1741509546.6324809,7,15,-153
1741509546.677481,6,-30,-31
1741509546.723481,-71,-8,-29
1741509546.769481,30,-98,4
1741509546.814481,-10,-82,22
1741509546.860481,7,-17,-101
1741509546.906481,3,-5,66
1741509546.952481,31,-9,-55
1741509546.9974809,-39,7,-119
1741509547.0434809,52,25,-67
1741509547.0894809,-24,7,-47
1741509547.134481,-14,-34,-116
1741509547.180481,-36,7,-132
1741509547.226481,-20,-40,6
1741509547.272481,34,32,-15
1741509547.3174808,26,-11,-143
1741509547.3634808,82,-51,-76
1741509547.4094808,-65,-46,-91
1741509547.454481,61,3,-95
1741509547.500481,58,23,-69
1741509547.546481,-1,-8,12
1741509547.592481,-71,-14,-24
1741509547.637481,128,-66,-91
1741509547.683481,54,-58,-45
1741509547.729481,-21,-30,-21
1741509547.7744808,12,60,-49
1741509547.8204808,2,-1,-69
1741509547.8664808,18,-33,-63
1741509547.911481,31,-17,-139
1741509547.957481,53,-9,-139
1741509548.003481,63,-48,-149
1741509548.049481,2,-106,-29
1741509548.094481,-13,-86,-55
1741509548.140481,-43,-11,-131
1741509548.186481,-49,38,-113
1741509548.2314808,32,-51,74
1741509548.2774808,4,-37,-21
1741509548.3234808,-15,-89,-1
1741509548.3694808,130,-18,-87
1741509548.414481,71,31,-45
1741509548.460481,29,-37,-149
1741509548.506481,5,8,-103
1741509548.551481,33,-37,-135
1741509548.597481,-22,10,-47
1741509548.643481,-50,4,-171
1741509548.689481,107,-119,56
1741509548.7344809,65,22,-69
1741509548.7804809,-16,-43,-8
1741509548.8264809,-58,-3,-38
1741509548.871481,-4,-30,-25
1741509548.917481,50,78,-61
1741509548.963481,-90,55,42
1741509549.009481,73,-52,-73
1741509549.054481,21,-4,-11
1741509549.100481,-42,-46,-11
1741509549.146481,49,0,-181
1741509549.1914809,7,80,-37
1741509549.2374809,-6,-12,-83
1741509549.283481,17,-20,-105
1741509549.329481,-76,-8,24
1741509549.374481,-71,29,-21
1741509549.420481,29,6,-45
1741509549.466481,-54,60,-121
1741509549.5114808,41,-26,-58
1741509549.5574808,1,-38,-92
1741509549.6034808,19,-11,-152
1741509549.6494808,-28,8,-74
1741509549.694481,-58,-71,51
1741509549.740481,-35,-22,43
1741509549.786481,-12,3,-96
1741509549.831481,37,39,-84
1741509549.877481,39,29,-62
1741509549.923481,77,-70,-60
1741509549.969481,-71,-66,13
1741509550.0144808,85,16,-100
1741509550.0604808,1,26,-62
1741509550.1064808,146,25,-96
1741509550.151481,-81,5,-138
1741509550.197481,-43,55,-84
1741509550.243481,0,-95,-196
1741509550.289481,55,-98,-34
1741509550.334481,-13,3,-172
1741509550.380481,19,-32,1
1741509550.426481,-49,-2,-126
1741509550.4714808,0,33,-160
1741509550.5174809,20,49,-14
1741509550.5634809,89,-26,-54
1741509550.6094809,53,-38,-178
1741509550.654481,49,-22,-2
1741509550.700481,-19,-41,-162
1741509550.746481,-55,-39,-178
1741509550.791481,-89,16,-84
1741509550.837481,-88,29,-82
1741509550.883481,-26,0,-168
1741509550.929481,35,0,-105
1741509550.9744809,1,17,-237
1741509551.0204809,44,-35,-117
1741509551.0664809,14,10,-199
1741509551.111481,-27,-27,-141
1741509551.157481,27,3,38
1741509551.203481,-46,-60,-29
1741509551.249481,-11,-62,0
1741509551.2944808,20,-4,-8
1741509551.3404808,78,34,-10
1741509551.3864808,-50,0,-172
1741509551.431481,186,70,-36
1741509551.477481,-43,-7,-37
1741509551.523481,46,54,2
1741509551.569481,32,35,-1
1741509551.614481,-93,-14,-11
1741509551.660481,30,23,-63
1741509551.706481,60,-24,-71
1741509551.7514808,41,-8,-145
1741509551.7974808,-30,-12,22
1741509551.8434808,-35,23,-105
1741509551.8894808,1,49,-103
1741509551.934481,-37,-16,-91
1741509551.980481,-22,0,-71
1741509552.026481,-5,-33,-195
1741509552.071481,46,-31,-123
1741509552.117481,-23,11,-57
1741509552.163481,-24,28,-111
1741509552.209481,20,-68,-121
1741509552.2544808,22,5,-23
1741509552.3004808,-74,14,-37
1741509552.3464808,9,-21,-70
1741509552.391481,-13,-94,-60
1741509552.437481,-7,-25,-240
1741509552.483481,33,-47,-202
1741509552.529481,57,-15,23
1741509552.574481,46,-43,-78
1741509552.620481,-22,60,-112
1741509552.666481,39,46,-192
1741509552.7114809,-21,-36,-120
1741509552.7574809,-65,-26,-68
1741509552.8034809,-1,-40,-104
1741509552.8494809,-8,29,-80
1741509552.894481,-12,45,-182
1741509552.940481,-25,7,27
1741509552.986481,-15,65,15
1741509553.031481,14,-8,-98
1741509553.077481,46,-30,-78
1741509553.123481,44,31,-104
1741509553.1694808,104,-18,-200
1741509553.2144809,-65,49,-62
1741509553.2604809,-22,-8,-140
1741509553.306481,-55,-62,-68
1741509553.351481,36,5,-130
1741509553.397481,-24,35,-62
1741509553.449481,23,20,-40
1741509553.4944808,16,-20,-96
1741509553.5404809,3,28,19
1741509553.5864809,14,27,-66
1741509553.631481,22,57,-126
1741509553.677481,-7,11,-184
1741509553.722481,12,13,-136
1741509553.7674809,49,9,-90
1741509553.8134809,-17,11,-35
1741509553.8594809,140,15,-115
1741509553.9054809,-52,39,-159
1741509553.950481,-21,0,-15
1741509553.996481,6,-9,34
1741509554.042481,-47,-45,-77
1741509554.087481,5,-17,-13
1741509554.133481,100,-36,82
1741509554.179481,22,-54,-11
1741509554.225481,34,21,-51
1741509554.2704809,72,-4,-35
1741509554.3164809,-29,25,-53
1741509554.3624809,-29,-2,-93
1741509554.407481,-45,-22,-52
1741509554.453481,-35,-4,-81
1741509554.499481,-8,24,-55
1741509554.545481,73,22,62
1741509554.5904808,28,-58,-117
1741509554.6364808,9,-7,-63
1741509554.6824808,21,90,-173
1741509554.727481,32,3,-59
1741509554.773481,-3,-12,-99
1741509554.819481,44,62,-53
1741509554.865481,-1,-29,-163
1741509554.910481,-41,54,-17
1741509554.956481,-87,-12,52
1741509555.002481,-36,68,-47
1741509555.0474808,-29,-68,50
1741509555.0934808,-33,-50,-23
1741509555.1394808,-1,-14,-155
1741509555.184481,32,-26,-107
1741509555.230481,-47,-34,-131
1741509555.276481,-61,65,-75
1741509555.322481,-5,-84,-57
1741509555.367481,23,-38,46
1741509555.413481,28,15,-41
1741509555.459481,-91,5,-29
1741509555.5044808,-13,-48,-1
1741509555.5504808,-3,-24,-65
1741509555.5964808,-9,-8,-49
1741509555.6424809,-13,-12,-11
1741509555.687481,94,-68,-115
1741509555.733481,51,-6,-151
1741509555.779481,3,31,-11
1741509555.824481,-67,-2,-64
1741509555.870481,-32,21,-80
1741509555.916481,101,-15,-166
1741509555.962481,22,15,-157
1741509556.0074809,16,-34,-91
1741509556.0534809,4,11,-5
1741509556.0994809,-10,4,-83
1741509556.144481,-109,-16,-81
1741509556.190481,66,51,18
1741509556.236481,-43,-10,-140
1741509556.282481,-65,-4,-84
1741509556.327481,-61,-10,-70
1741509556.373481,27,-29,-72
1741509556.4194808,-8,-43,-88
1741509556.4644809,-4,43,-180
1741509556.5104809,89,7,-36
1741509556.556481,-2,1,-110
1741509556.602481,23,-50,-36
1741509556.647481,6,-78,-168
1741509556.693481,8,-54,-74
1741509556.739481,-25,75,-130
1741509556.7844808,7,12,103
1741509556.8304808,-13,21,-140
1741509556.8764808,110,-82,-192
1741509556.9224808,72,27,-45
1741509556.967481,-50,10,-39
1741509557.013481,46,-34,16
1741509557.059481,31,46,-116
1741509557.104481,-25,7,-108
1741509557.150481,96,59,-26
1741509557.196481,-25,-22,-58
1741509557.242481,-5,-58,-122
1741509557.2874808,12,-56,-150
1741509557.3334808,52,27,5
1741509557.3794808,-41,-20,79
1741509557.424481,16,23,-52
1741509557.470481,-17,37,-94
1741509557.516481,-29,27,-55
1741509557.562481,-109,-90,-101
1741509557.607481,115,37,-13
1741509557.653481,10,25,-123
1741509557.699481,-66,-89,-13
1741509557.7444808,27,-39,34
1741509557.7904809,-32,70,-189
1741509557.8364809,-17,-28,-99
1741509557.8824809,2,37,-1
1741509557.927481,36,59,-37
1741509557.973481,30,57,-99
1741509558.019481,32,47,-123
1741509558.064481,18,-26,-1
1741509558.110481,-45,33,-73
1741509558.156481,18,25,-69
1741509558.202481,46,-38,-87
1741509558.2474809,-34,-29,-129
1741509558.2934809,11,88,-69
1741509558.3394809,-13,-6,-97
1741509558.384481,-23,0,-111
1741509558.430481,39,86,-113
1741509558.476481,180,19,-47
1741509558.522481,124,13,16
1741509558.5674808,-26,-29,-117
1741509558.6134808,-65,31,-71
1741509558.6594808,14,-50,-217
1741509558.704481,-51,13,-169
1741509558.750481,-13,3,-77
1741509558.796481,-6,-106,-15
1741509558.842481,61,-21,62
1741509558.887481,75,60,-81
1741509558.933481,19,8,20
1741509558.979481,45,-1,-189
1741509559.0244808,52,36,-23
1741509559.0704808,-67,46,-99
1741509559.1164808,-62,-39,-77
1741509559.1624808,51,48,44
1741509559.207481,74,-41,-9
1741509559.253481,22,22,-25
1741509559.299481,14,-102,-19
1741509559.344481,16,27,-56
1741509559.390481,60,-3,31
1741509559.436481,52,0,-42
1741509559.482481,4,-2,-148
1741509559.5274808,-32,0,-44
1741509559.5734808,39,0,-32
1741509559.6194808,-5,-26,-60
1741509559.664481,61,-6,-56
1741509559.710481,21,2,-176
1741509559.756481,71,-9,-84
1741509559.802481,17,-23,-124
1741509559.847481,31,-59,-56
1741509559.893481,24,-82,-114
1741509559.939481,-79,-10,-112
1741509559.9844809,6,17,-2
1741509560.0304809,-107,-48,-70
1741509560.0764809,24,-56,-6
1741509560.1224809,-6,-77,-42
1741509560.167481,-11,-5,-84
1741509560.213481,-51,60,-70
1741509560.259481,64,8,-70
1741509560.304481,68,23,-72
1741509560.350481,-15,-41,0
1741509560.396481,-63,-52,45
1741509560.4424808,24,-50,-60
1741509560.4874809,22,5,-58
1741509560.533481,33,26,-74
1741509560.579481,-20,52,-142
1741509560.624481,-33,-12,6
1741509560.670481,13,-91,-186
1741509560.716481,-4,47,-161
1741509560.762481,-2,-66,-33
1741509560.8074808,71,-23,-107
1741509560.8534808,7,-40,-117
1741509560.8994808,-68,11,-18
1741509560.944481,61,-6,-118
1741509560.990481,-12,-70,-172
1741509561.036481,-56,-22,-46
1741509561.082481,-18,12,-166
1741509561.127481,79,-45,-30
1741509561.173481,0,-16,36
1741509561.219481,12,-6,-110
1741509561.2644808,-19,-38,-130
1741509561.3104808,-12,-29,-165
1741509561.3564808,13,26,-94
1741509561.4024808,-99,22,-114
1741509561.447481,-23,-26,-184
1741509561.493481,16,-26,-22
1741509561.539481,19,-24,17
1741509561.584481,-20,33,-74
1741509561.630481,12,-68,-178
1741509561.676481,82,-26,-88
1741509561.7214808,-37,29,-167
1741509561.7674809,9,-63,-49
1741509561.8134809,-36,38,-111
1741509561.8594809,-32,19,-105
1741509561.904481,-6,50,28
1741509561.950481,11,42,-155
1741509561.996481,41,6,-113
1741509562.041481,-71,-109,-95
1741509562.087481,-102,-15,-109
1741509562.133481,-11,-17,-147
1741509562.179481,-7,26,-137
1741509562.2244809,35,6,-51
1741509562.2704809,-88,-5,-155
1741509562.3164809,-33,3,-55
1741509562.361481,12,-25,-207
1741509562.407481,1,6,-65
1741509562.453481,16,49,-123
1741509562.499481,-108,-51,-75
1741509562.5444808,-27,-12,-15
1741509562.5904808,-52,100,46
1741509562.6364808,29,-53,-139
1741509562.681481,-21,-8,-169
1741509562.727481,-15,-8,-51
1741509562.773481,45,48,-11
1741509562.819481,-52,-85,2
1741509562.864481,20,-6,-189
1741509562.910481,57,4,-5
1741509562.956481,24,-36,-91
1741509563.0014808,-90,-57,-283
1741509563.0474808,27,4,-31
1741509563.0934808,-20,-67,-13
1741509563.1394808,37,4,-73
1741509563.184481,-59,67,-123
1741509563.230481,44,41,38
1741509563.276481,53,45,12
1741509563.321481,-20,21,7
1741509563.367481,91,-7,-82
1741509563.413481,47,31,-15
1741509563.4644809,29,41,-63
1741509563.5104809,-27,-25,-119
1741509563.556481,-3,43,-173
1741509563.601481,-13,21,-121
1741509563.647481,-17,-17,63
1741509563.693481,-54,-45,9
1741509563.739481,-4,24,-41
1741509563.7844808,22,39,-127
1741509563.8304808,-139,49,-131
1741509563.8764808,-18,-64,-281
1741509563.921481,-46,61,-1
1741509563.967481,4,-4,-153
1741509564.013481,-13,77,56
1741509564.059481,91,22,-35
1741509564.104481,53,36,-77
1741509564.150481,9,32,-97
1741509564.196481,-34,-1,-55
1741509564.2414808,47,16,-71
1741509564.2874808,25,70,-57
1741509564.3334808,47,59,-177
1741509564.3794808,34,-4,-89
1741509564.424481,26,0,-75
1741509564.470481,33,34,-27
1741509564.516481,-90,-57,-151
1741509564.561481,127,-47,-177
1741509564.607481,-40,-45,-81
1741509564.653481,47,-57,-81
1741509564.699481,-5,-32,-67
1741509564.7444808,-40,68,-33
1741509564.7904809,0,-14,-118
1741509564.8364809,-30,28,-88
1741509564.881481,33,-18,-54
1741509564.927481,29,29,-64
1741509564.973481,-74,27,-44
1741509565.019481,-6,63,-92
1741509565.064481,43,15,-136
1741509565.110481,45,-106,-20
1741509565.156481,-14,-14,-206
1741509565.2014809,-6,9,-26
1741509565.2474809,-51,-6,-66
1741509565.2934809,-69,-30,-170
1741509565.3394809,1,-2,-54
1741509565.384481,21,45,-60
1741509565.430481,19,37,-72
1741509565.476481,0,-32,-214
1741509565.521481,-1,23,-114
1741509565.5674808,52,-44,-16
1741509565.6134808,16,11,-129
1741509565.6594808,-42,-18,-100
1741509565.704481,-80,-10,-64
1741509565.750481,-5,5,-26
1741509565.796481,16,-26,41
1741509565.841481,4,69,-45
1741509565.887481,19,36,-88
1741509565.933481,69,4,-104
1741509565.979481,-30,-11,35
1741509566.0244808,55,-109,-119
1741509566.0704808,17,12,-101
1741509566.1164808,-96,-5,-129
1741509566.161481,39,-73,-77
1741509566.207481,29,-35,-121
1741509566.253481,9,16,48
1741509566.299481,50,-20,10
1741509566.344481,139,36,-143
1741509566.390481,29,56,-65
1741509566.436481,83,16,-27
1741509566.4814808,2,-48,-43
1741509566.5274808,132,-34,-141
1741509566.5734808,-44,46,-39
1741509566.6194808,0,32,-101
1741509566.664481,-10,-25,26
1741509566.710481,-8,10,-29
1741509566.756481,38,-22,-83
1741509566.801481,-82,36,-77
1741509566.847481,-72,20,-193
1741509566.893481,19,-35,-49
1741509566.939481,11,0,-183
1741509566.9844809,47,12,-115
1741509567.0304809,-40,4,-47
1741509567.0764809,-20,6,-55
1741509567.121481,-45,14,-157
1741509567.167481,39,64,-99
1741509567.213481,-4,-21,-181
1741509567.259481,-68,8,-38
1741509567.304481,89,-57,-100
1741509567.350481,-84,60,-61
1741509567.396481,-30,3,-31
1741509567.4414809,2,-59,-119
1741509567.4874809,51,29,-83
1741509567.533481,75,-41,-73
1741509567.579481,-20,16,-81
1741509567.624481,23,-43,-137
1741509567.670481,49,45,-97
1741509567.716481,-32,-59,-129
1741509567.7614808,-108,40,-109
1741509567.8074808,-53,5,-61
1741509567.8534808,6,13,-29
1741509567.8994808,7,-1,-75
1741509567.944481,61,8,-145
1741509567.990481,53,-5,-117
1741509568.036481,-9,-52,-23
1741509568.081481,9,32,-73
1741509568.127481,3,-41,-91
1741509568.173481,49,-6,-91
1741509568.219481,15,23,-119
1741509568.2644808,4,87,-71
1741509568.3104808,-4,8,-214
1741509568.3564808,-32,14,-148
1741509568.401481,-34,-29,-130
1741509568.447481,-66,38,-8
1741509568.493481,59,-3,-10
1741509568.538481,-8,36,-44
1741509568.584481,25,-17,91
1741509568.630481,62,45,-48
1741509568.676481,45,-67,-80
1741509568.7214808,39,-45,-48
1741509568.7674809,7,-61,-46
1741509568.8134809,-21,-8,-78
1741509568.858481,-32,-6,-94
1741509568.904481,-42,34,-120
1741509568.950481,23,39,-60
1741509568.996481,-4,29,13
1741509569.041481,39,35,-96
1741509569.087481,23,-38,-66
1741509569.133481,-68,-39,-98
1741509569.1784809,24,22,20
1741509569.2244809,46,-47,14
1741509569.2704809,52,39,-165
1741509569.3164809,-27,19,-159
1741509569.361481,17,53,-89
1741509569.407481,39,-44,82
1741509569.453481,59,67,-25
1741509569.498481,51,-2,-91
1741509569.5444808,-60,-18,-143
1741509569.5904808,27,31,-35
1741509569.6364808,31,-4,-111
1741509569.681481,-9,-40,9
1741509569.727481,4,43,-32
1741509569.773481,62,41,-98
1741509569.818481,50,25,21
1741509569.864481,-41,-38,-118
1741509569.910481,8,13,1
1741509569.956481,16,17,-43
1741509570.0014808,38,31,-137
1741509570.0474808,-63,-10,-127
1741509570.0934808,-9,71,-107
1741509570.138481,-56,-69,-71
1741509570.184481,48,0,-53
1741509570.2314808,-41,21,-115
1741509570.2774808,-15,-106,-59
1741509570.322481,-43,-3,-55
1741509570.368481,37,-37,-49
1741509570.414481,29,-55,-9
1741509570.460481,109,12,-29
1741509570.505481,13,-41,-89
1741509570.551481,-39,-52,-75
1741509570.597481,-49,3,-51
1741509570.6424809,-7,47,2
1741509570.6884809,31,-33,-77
1741509570.7344809,-42,18,-155
1741509570.7804809,-21,36,-9
1741509570.825481,30,-58,-95
1741509570.871481,20,58,-79
1741509570.917481,-41,22,-19
1741509570.962481,-49,22,-132
1741509571.008481,45,41,-50
1741509571.054481,61,13,-162
1741509571.100481,-21,-54,-94
1741509571.1454809,-51,6,-118
1741509571.1914809,-83,-8,-130
1741509571.2374809,-75,-82,-122
1741509571.282481,60,45,-50
1741509571.328481,-33,29,-64
1741509571.374481,-15,7,0
1741509571.420481,-9,19,-76
1741509571.4654808,-21,21,-34
1741509571.5114808,-12,-23,-140
1741509571.5574808,30,32,-176
1741509571.602481,0,12,-116
1741509571.648481,-22,-103,-32
1741509571.694481,-60,-15,-60
1741509571.740481,-14,-39,-30
1741509571.785481,-17,17,-138
1741509571.831481,-77,37,-96
1741509571.877481,38,68,-120
1741509571.9224808,40,-31,-126
1741509571.9684808,-25,2,21
1741509572.0144808,-21,26,-54
1741509572.0604808,-4,18,-90
1741509572.105481,44,-36,31
1741509572.151481,-49,13,25
1741509572.197481,0,-14,-32
1741509572.242481,-11,9,-132
1741509572.288481,15,-72,-118
1741509572.334481,-40,23,-198
1741509572.380481,69,21,-82
1741509572.4254808,-19,-31,-31
1741509572.4714808,-66,-13,-149
1741509572.5174809,96,10,-29
1741509572.562481,-57,4,-129
1741509572.608481,12,-69,-93
1741509572.654481,86,48,-143
1741509572.700481,50,8,-49
1741509572.745481,84,20,-113
1741509572.791481,1,34,-67
1741509572.837481,-64,76,-79
1741509572.8824809,-5,-20,-19
1741509572.9284809,-37,-40,-165
1741509572.9744809,-25,-2,-89
1741509573.0204809,60,7,-86
1741509573.065481,84,-54,-12
1741509573.111481,24,73,-111
1741509573.157481,68,33,-133
1741509573.202481,-35,11,-123
1741509573.248481,84,-14,-77
1741509573.2944808,-25,21,-55
1741509573.3404808,4,-8,-83
1741509573.3854809,67,-21,53
1741509573.431481,15,-31,-108
1741509573.482481,-10,-37,-6
1741509573.528481,-48,-45,-69
1741509573.574481,-52,-29,-42
1741509573.620481,46,43,-80
1741509573.6654809,25,-31,-126
1741509573.7114809,114,-22,-134
1741509573.7574809,5,-5,-22
1741509573.802481,20,27,-62
1741509573.848481,43,-93,-44
1741509573.894481,-22,42,-70
1741509573.940481,39,-83,-198
1741509573.985481,79,8,-54
1741509574.031481,25,-63,-54
1741509574.077481,67,2,-140
1741509574.1224809,-22,-57,-72
1741509574.1684809,34,-20,-44
1741509574.2144809,-75,-60,-12
1741509574.2604809,24,-42,-70
1741509574.305481,-36,8,-80
1741509574.351481,-46,-7,-172
1741509574.397481,-22,-55,-98
1741509574.4424808,43,-81,3
1741509574.4884808,41,-31,-78
1741509574.5344808,-18,-9,-120
1741509574.5804808,29,24,-96
1741509574.625481,61,0,-162
1741509574.671481,36,-6,-168
1741509574.717481,43,24,-160
1741509574.762481,-63,1,-58
1741509574.808481,-15,77,-36
1741509574.854481,-65,-34,-188
1741509574.900481,-13,-26,-112
1741509574.9454808,18,-2,-162
1741509574.9914808,26,25,-60
1741509575.0374808,2,1,33
1741509575.082481,-55,-46,-58
1741509575.128481,96,11,-56
1741509575.174481,-12,59,-150
1741509575.220481,-72,19,-218
1741509575.265481,101,25,-156
1741509575.311481,38,-78,-86
1741509575.357481,20,-60,-151
1741509575.4024808,-33,33,-57
1741509575.4484808,34,-24,-97
1741509575.4944808,-29,-44,-147
1741509575.539481,4,59,-190
1741509575.585481,-5,-2,-104
1741509575.631481,-9,9,0
1741509575.677481,100,-10,28
1741509575.722481,66,-56,-51
1741509575.768481,22,-10,-121
1741509575.814481,42,-24,-183
1741509575.8594809,4,75,-49
1741509575.9054809,-68,-32,-131
1741509575.9514809,-46,-63,-107
1741509575.9974809,-37,-36,90
1741509576.042481,-12,-5,-59
1741509576.088481,14,51,-97
1741509576.134481,-47,29,-71
1741509576.179481,-29,-18,-11
1741509576.225481,10,10,-93
1741509576.271481,-8,29,-5
1741509576.3174808,-38,-52,-129
1741509576.3624809,-42,0,-91
1741509576.408481,-34,13,-43
1741509576.454481,63,59,-245
1741509576.499481,-40,19,-3
1741509576.545481,42,41,30
1741509576.591481,-12,39,-129
1741509576.637481,-36,-5,-175
1741509576.6824808,-6,4,-139
1741509576.7284808,45,-45,48
1741509576.7744808,13,-39,-21
1741509576.819481,39,40,-39
1741509576.865481,56,-88,-109
1741509576.911481,-32,28,-195
1741509576.957481,20,3,-53
1741509577.002481,25,30,8
1741509577.048481,-51,25,14
1741509577.094481,-17,-16,-169
1741509577.1394808,9,0,-73
1741509577.1854808,80,-18,-125
1741509577.2314808,62,-6,-151
1741509577.2774808,15,-11,60
1741509577.322481,23,-29,-107
1741509577.368481,-28,14,-243
1741509577.414481,57,76,-47
1741509577.459481,-34,-27,10
1741509577.505481,68,7,-85
1741509577.551481,-9,-24,-97
1741509577.597481,22,65,-137
1741509577.6424809,-12,6,14
1741509577.6884809,-58,22,8
1741509577.7344809,-63,-105,-165
1741509577.779481,55,-9,-5
1741509577.825481,-124,-22,-161
1741509577.871481,61,-24,24
1741509577.917481,19,13,-33
1741509577.962481,29,29,-213
1741509578.008481,-40,-76,-21
1741509578.054481,38,-17,-31
1741509578.0994809,-1,34,-138
1741509578.1454809,-21,6,-126
1741509578.1914809,9,61,-164
1741509578.2374809,36,41,-48
1741509578.282481,30,-60,71
1741509578.328481,-105,-17,-94
1741509578.374481,26,-29,-56
1741509578.4194808,-60,8,-150
1741509578.4654808,-41,-2,-26
1741509578.5114808,76,-41,-44
1741509578.5574808,66,-63,-72
1741509578.602481,-27,0,-46
1741509578.648481,26,-14,-12
1741509578.694481,8,-38,-110
1741509578.739481,4,0,-96
1741509578.785481,-51,5,-104
1741509578.831481,50,47,-62
1741509578.877481,-4,70,-22
1741509578.9224808,45,-97,-106
1741509578.9684808,64,67,-8
1741509579.0144808,10,34,-144
1741509579.059481,36,-51,-116
1741509579.105481,-27,25,-22
1741509579.151481,100,-26,-56
1741509579.197481,44,57,-90
1741509579.242481,-56,-8,-124
1741509579.288481,-18,-26,-154
1741509579.334481,-6,-40,-117
1741509579.3794808,-19,28,-27
1741509579.4254808,68,-41,-97
1741509579.4714808,-41,-4,-53
1741509579.5174809,30,51,-59
1741509579.562481,26,-66,-109
1741509579.608481,-35,-62,50
1741509579.654481,-17,-6,60
1741509579.699481,14,28,-25
1741509579.745481,-1,63,12
1741509579.791481,20,-66,2
1741509579.837481,19,-23,-69
1741509579.8824809,96,-100,-159
1741509579.9284809,-44,68,-57
1741509579.9744809,-72,-49,-125
1741509580.019481,-13,7,-109
1741509580.065481,24,21,-131
1741509580.111481,10,-44,-193
1741509580.157481,10,-16,-143
1741509580.202481,-17,7,-51
1741509580.248481,22,-8,-61
1741509580.2944808,45,24,-65
1741509580.3394809,78,17,-99
1741509580.3854809,51,14,-173
1741509580.431481,-26,-30,-53
1741509580.477481,-38,43,-89
1741509580.522481,-26,-14,96
1741509580.568481,43,-46,4
1741509580.614481,-8,-50,-77
1741509580.6594808,47,23,-131
1741509580.7054808,-38,-18,-23
1741509580.7514808,5,-8,-132
1741509580.7974808,77,11,-19
1741509580.842481,-29,-68,-53
1741509580.888481,-2,-41,-121
1741509580.934481,24,75,-159
1741509580.979481,-41,5,-151
1741509581.025481,5,1,-131
1741509581.071481,39,-20,-165
1741509581.117481,-130,44,-165
1741509581.1624808,31,8,-106
1741509581.2084808,9,8,-125
1741509581.2544808,7,-60,-88
1741509581.299481,53,-4,-2
1741509581.345481,50,29,-65
1741509581.390481,-58,22,-105
1741509581.4354808,-14,19,-5
1741509581.4814808,33,-28,-76
1741509581.5274808,20,-7,-2
1741509581.5734808,61,-15,63
1741509581.618481,-62,-17,67
1741509581.664481,41,-4,-2
1741509581.710481,-44,9,-118
1741509581.755481,-11,-68,-44
1741509581.801481,-17,9,27
1741509581.847481,-1,15,-38
1741509581.893481,98,-98,-152
1741509581.9384809,-14,19,-192
1741509581.9844809,-72,-12,-28
1741509582.0304809,29,-32,23
1741509582.075481,63,-42,-120
1741509582.121481,46,-32,-32
1741509582.167481,-1,81,-94
1741509582.213481,-58,37,-74
1741509582.258481,-10,61,-44
1741509582.304481,71,-14,7
1741509582.350481,-20,-27,-123
1741509582.3954809,-76,24,-99
1741509582.4414809,27,21,82
1741509582.4874809,21,11,-101
1741509582.532481,9,-3,-167
1741509582.578481,-8,61,-71
1741509582.624481,47,-11,-77
1741509582.670481,25,-7,-73
1741509582.7154808,51,-48,-141
1741509582.7614808,72,-118,-159
1741509582.8074808,-30,-8,-139
1741509582.852481,-26,19,-205
1741509582.898481,33,-18,-99
1741509582.944481,5,-42,-95
1741509582.990481,-27,-6,-3
1741509583.035481,-24,0,8
1741509583.081481,-62,-11,-149
1741509583.127481,12,-6,-167
1741509583.1724808,11,-78,-117
1741509583.2184808,11,-9,24
1741509583.2644808,109,-45,60
1741509583.3104808,15,6,-21
1741509583.355481,5,-81,-93
1741509583.401481,46,-90,-43
1741509583.452481,-10,32,30
1741509583.498481,-18,56,-59
1741509583.5444808,69,13,-41
1741509583.5904808,-32,19,-123
1741509583.6354809,49,-33,-151
1741509583.681481,-18,12,-155
1741509583.727481,15,-21,-71
1741509583.772481,23,-35,19
1741509583.818481,-38,-46,-92
1741509583.864481,-104,-32,-119
1741509583.910481,-48,9,-149
1741509583.9554808,63,-30,-109
1741509584.0014808,17,-8,-24
1741509584.0474808,28,-8,-24
1741509584.092481,-6,-30,-103
1741509584.138481,60,-34,-47
1741509584.184481,40,-52,-41
1741509584.230481,16,-40,-93
1741509584.275481,47,17,-111
1741509584.321481,54,-18,-169
1741509584.367481,-5,-122,-49
1741509584.4124808,136,21,-77
1741509584.4584808,19,6,-63
1741509584.5044808,13,4,52
1741509584.5504808,8,15,-165
1741509584.595481,45,-9,-187
1741509584.641481,11,-23,22
1741509584.687481,79,14,-65
1741509584.732481,-31,-6,-141
1741509584.778481,0,-46,20
1741509584.824481,-43,25,-57
1741509584.870481,7,-15,-56
1741509584.9154809,-6,-15,-140
1741509584.9614809,-18,-13,-26
1741509585.0074809,-26,76,-140
1741509585.052481,-20,-1,-96
1741509585.098481,41,6,-128
1741509585.144481,-43,35,-166
1741509585.190481,9,3,-56
1741509585.235481,-38,41,-18
1741509585.281481,-7,57,57
1741509585.327481,-14,108,-58
1741509585.3724809,-30,-17,-194
1741509585.4184809,17,-24,-50
1741509585.4644809,39,13,-86
1741509585.5104809,-16,7,-70
1741509585.555481,77,64,-38
1741509585.601481,5,10,-40
1741509585.647481,25,-7,-218
1741509585.694481,-32,-41,-131
1741509585.739481,33,26,-97
1741509585.785481,74,-31,-168
1741509585.831481,2,-44,-106
1741509585.8764808,40,64,-13
1741509585.9224808,-1,-72,-79
1741509585.9684808,-19,53,68
1741509586.0144808,-75,73,-93
1741509586.059481,-3,-6,-61
1741509586.105481,48,-2,-10
1741509586.151481,-46,-27,-129
1741509586.196481,-30,-110,-164
1741509586.242481,-29,-24,-168
1741509586.288481,20,-34,-128
1741509586.334481,-10,20,-31
1741509586.3794808,-36,50,-112
1741509586.4254808,-4,-7,-124
1741509586.4714808,-34,54,13
1741509586.516481,61,14,-58
1741509586.562481,66,57,-120
1741509586.608481,32,33,-127
1741509586.654481,23,6,-91
1741509586.699481,63,-35,18
1741509586.745481,9,-89,-163
1741509586.791481,85,26,-113
1741509586.8364809,-30,30,-55
1741509586.8824809,51,24,-99
1741509586.9284809,-5,-24,-39
1741509586.9744809,-50,-23,-85
1741509587.019481,-28,44,-99
1741509587.065481,5,-27,-121
1741509587.111481,-24,-69,-75
1741509587.156481,-100,-41,6
1741509587.202481,0,57,-60
1741509587.248481,53,-56,-69
1741509587.2944808,-29,-2,-89
1741509587.3394809,-43,7,-131
1741509587.3854809,20,-33,-142
1741509587.431481,8,-76,-176
1741509587.476481,42,13,-168
1741509587.522481,-16,-22,-143
1741509587.568481,57,-19,-11
1741509587.614481,29,21,-175
1741509587.6594808,19,11,-29
1741509587.7054808,-63,-8,-61
1741509587.7514808,10,-24,57
1741509587.796481,-31,37,-78
1741509587.842481,3,80,17
1741509587.888481,-11,29,-53
1741509587.934481,-49,19,-115
1741509587.979481,46,-46,-211
1741509588.025481,32,3,-87
1741509588.071481,12,-84,-41
1741509588.1164808,10,-80,-53
1741509588.1624808,-80,36,-61
1741509588.2084808,54,19,14
1741509588.2544808,37,-9,-163
1741509588.299481,13,-25,-129
1741509588.345481,137,-47,-37
1741509588.391481,-50,18,-77
1741509588.436481,-84,-4,-99
1741509588.482481,-46,-4,-117
1741509588.528481,-36,45,4
1741509588.574481,28,77,-119
1741509588.6194808,68,113,-3
1741509588.6654809,-61,16,-107
1741509588.7114809,-11,20,-208
1741509588.756481,30,-19,4
1741509588.802481,138,-90,-63
1741509588.848481,-17,-10,-59
1741509588.894481,-31,-22,-15
1741509588.939481,17,-91,-95
1741509588.985481,-26,-61,-15
1741509589.031481,-30,66,-77
1741509589.0764809,-30,-34,0
1741509589.1224809,-14,67,-59
1741509589.1684809,0,5,-117
1741509589.213481,87,-12,-155
1741509589.259481,51,35,-90
1741509589.305481,63,19,-148
1741509589.351481,-76,-34,9
1741509589.396481,-23,3,-100
1741509589.4424808,27,-14,-139
1741509589.4884808,-7,-43,-127
1741509589.533481,4,-4,-91
1741509589.579481,-5,-34,-119
1741509589.625481,-3,-18,-133
1741509589.671481,-91,-30,98
1741509589.716481,64,7,-116
1741509589.762481,30,53,-59
1741509589.808481,-29,51,-104
1741509589.8534808,18,-16,-70
1741509589.8994808,26,19,5
1741509589.9454808,14,-8,-32
1741509589.9914808,28,-10,-136
1741509590.036481,9,52,-46
1741509590.082481,46,-38,-31
1741509590.128481,35,-123,16
1741509590.173481,35,36,-63
1741509590.219481,11,8,-121
1741509590.265481,-84,-45,-126
1741509590.311481,-32,20,-8
1741509590.3564808,-5,55,-48
1741509590.4024808,45,-11,-42
1741509590.4484808,-108,3,-116
1741509590.493481,-42,26,-118
1741509590.539481,-30,16,-154
1741509590.585481,17,-47,-76
1741509590.631481,-88,-47,-10
1741509590.676481,-4,4,-149
1741509590.722481,-6,-37,-88
1741509590.768481,-48,-15,-28
1741509590.8134809,13,-37,-34
1741509590.8594809,27,76,-30
1741509590.9054809,68,-34,-56
1741509590.9514809,-147,13,-46
1741509590.996481,-56,30,-100
1741509591.042481,39,-15,-40
1741509591.088481,5,5,-174
1741509591.133481,-42,51,-36
1741509591.179481,7,-92,-60
1741509591.225481,19,-13,-88
1741509591.271481,13,-29,-132
1741509591.3164809,-34,4,-86
1741509591.3624809,13,-27,-22
1741509591.408481,29,24,-102
1741509591.453481,46,-46,-116
1741509591.499481,-89,13,-46
1741509591.545481,-61,37,-34
1741509591.591481,-19,9,39
1741509591.6364808,43,6,-78
1741509591.6824808,6,61,-134
1741509591.7284808,31,53,27
1741509591.773481,-33,-4,-14
1741509591.819481,-43,43,-124
1741509591.865481,18,5,-188
1741509591.911481,-6,-13,-46
1741509591.956481,-20,-13,-98
1741509592.002481,-96,24,-56
1741509592.048481,-40,14,-82
1741509592.0934808,98,-32,-66
1741509592.1394808,-69,-24,-50
1741509592.1854808,83,36,39
1741509592.2314808,-2,-39,-102
1741509592.276481,-64,12,-52
1741509592.322481,52,-52,-126
1741509592.368481,-60,-25,29
1741509592.413481,-60,38,-48
1741509592.459481,71,71,-196
1741509592.505481,-30,11,-102
1741509592.551481,86,-58,-134
1741509592.5964808,-100,25,-110
1741509592.6424809,-22,-28,-28
1741509592.6884809,29,-3,-192
1741509592.733481,-68,14,-136
1741509592.779481,-22,-13,23
1741509592.825481,-30,27,-148
1741509592.871481,-95,12,-110
1741509592.916481,-30,52,-120
1741509592.962481,52,-53,-252
1741509593.008481,17,44,-84
1741509593.0534809,17,10,-48
1741509593.0994809,27,-92,67
1741509593.1454809,58,-21,-102
1741509593.1914809,-77,58,8
1741509593.236481,-21,2,8
1741509593.282481,-21,-8,14
1741509593.328481,-21,37,-80
1741509593.373481,14,-16,-136
1741509593.4194808,88,-22,-186
1741509593.4714808,-69,-64,-92
1741509593.516481,46,2,9
1741509593.562481,-1,-7,-130
1741509593.608481,-11,-29,-16
1741509593.653481,5,58,-78
1741509593.699481,25,22,51
1741509593.745481,-15,-35,-106
1741509593.789481,38,-17,-178
1741509593.835481,2,-11,-74
1741509593.881481,-77,-9,-110
1741509593.927481,24,14,0
1741509593.972481,28,42,-86
1741509594.018481,-49,-29,21
1741509594.064481,34,-26,-110
1741509594.1094809,-25,-15,-100
1741509594.1554809,16,10,-92
1741509594.2014809,-49,22,-172
1741509594.2474809,-23,5,-118
1741509594.292481,-5,25,-20
1741509594.338481,6,-40,-88
1741509594.384481,4,38,-216
1741509594.429481,-87,-13,-38
1741509594.475481,2,17,-26
1741509594.521481,-9,-44,3
1741509594.5674808,-72,-26,-84
1741509594.6124809,-42,-2,-24
1741509594.658481,-91,63,-2
1741509594.704481,-73,52,-198
1741509594.749481,56,-40,-130
1741509594.795481,12,48,27
1741509594.841481,-63,-57,-36
1741509594.887481,18,-17,-48
1741509594.9324808,-69,92,13
1741509594.9784808,28,23,-164
1741509595.0244808,-46,3,-38
1741509595.069481,-44,-47,-76
1741509595.115481,69,16,-160
1741509595.161481,19,84,-10
1741509595.207481,35,38,-94
1741509595.252481,9,-3,-16
1741509595.298481,-52,-55,-64
1741509595.344481,-36,28,-130
1741509595.3894808,83,-49,-60
1741509595.4354808,69,54,-8
1741509595.4814808,49,-57,-80
1741509595.5274808,-39,-44,-44
1741509595.572481,102,21,79
1741509595.618481,79,16,-136
1741509595.664481,-18,14,-218
1741509595.709481,30,-58,-200
1741509595.755481,-32,-3,-22
1741509595.801481,71,-57,33
1741509595.847481,5,34,9
1741509595.8924809,29,-13,-70
1741509595.9384809,-32,36,11
1741509595.9844809,-2,4,-114
1741509596.029481,3,-37,-152
1741509596.075481,-24,-45,-1
1741509596.121481,35,40,-23
1741509596.166481,-52,13,-193
1741509596.212481,-45,13,14
1741509596.258481,15,-2,-277
1741509596.304481,-12,-2,-83
1741509596.3494809,67,-24,-25
1741509596.3954809,-36,-18,-63
1741509596.4414809,7,-10,-89
1741509596.486481,3,-4,-63
1741509596.532481,-66,-18,-67
1741509596.578481,-4,-60,-23
1741509596.624481,99,-5,-73
1741509596.6694808,25,-75,-185
1741509596.7154808,75,-27,28
1741509596.7614808,-48,-39,-105
1741509596.806481,-4,38,-91
1741509596.852481,24,3,-13
1741509596.898481,3,20,-149
1741509596.944481,0,-49,-37
1741509596.989481,-35,7,-92
1741509597.035481,32,15,-38
1741509597.081481,-14,-12,-98
1741509597.1264808,12,26,-62
1741509597.1724808,52,-39,-84
1741509597.2184808,4,7,-68
1741509597.2644808,37,30,-31
1741509597.309481,61,-63,60
1741509597.355481,-16,-11,-65
1741509597.401481,0,-55,-96
1741509597.446481,25,-19,-110
1741509597.492481,-14,-3,-53
1741509597.538481,-48,18,-103
1741509597.584481,-41,-16,-89
1741509597.6294808,-22,-1,22
1741509597.6754808,-2,28,34
1741509597.7214808,111,-139,-173
1741509597.766481,-25,51,-9
1741509597.812481,53,-41,-49
1741509597.858481,-28,10,-57
1741509597.904481,-28,36,-119
1741509597.949481,-72,60,86
1741509597.995481,39,-137,-133
1741509598.041481,-44,-25,-151
1741509598.0864809,48,39,130
1741509598.1324809,10,-12,-93
1741509598.1784809,-26,-51,-55
1741509598.2244809,20,-24,12
1741509598.269481,62,0,2
1741509598.315481,-65,11,-175
1741509598.361481,-43,-14,-61
1741509598.406481,-37,-26,-47
1741509598.452481,2,-32,-43
1741509598.498481,-23,53,-85
1741509598.5444808,-43,-24,-127
1741509598.5894809,-15,0,-119
1741509598.6354809,118,-10,-103
1741509598.681481,-31,-22,-67
1741509598.726481,32,53,-117
1741509598.772481,-75,11,-67
1741509598.818481,-34,19,-87
1741509598.864481,-14,27,-57
1741509598.9094808,15,-28,-117
1741509598.9554808,-4,-50,-101
1741509599.0014808,37,-12,-39
1741509599.046481,-18,-56,-9
1741509599.092481,41,11,-81
1741509599.138481,3,-16,-99
1741509599.184481,127,60,-173
1741509599.229481,-99,1,-92
1741509599.275481,-19,-71,-116
1741509599.321481,14,-34,-86
1741509599.3664808,14,-64,-26
1741509599.4124808,14,22,-116
1741509599.4584808,-78,8,-128
1741509599.5044808,-16,-35,-56
1741509599.549481,74,-94,-122
1741509599.595481,8,-12,-214
1741509599.641481,-25,-57,-8
1741509599.686481,-47,28,9
1741509599.732481,-33,22,-48
1741509599.778481,2,-7,-66
1741509599.824481,70,-7,-128
1741509599.8694808,-30,58,-46
1741509599.9154809,45,-1,-12
1741509599.9614809,31,-71,-10
1741509600.006481,5,80,-62
1741509600.052481,-11,-23,-76
1741509600.098481,22,30,-166
1741509600.144481,20,-21,-156
1741509600.189481,56,-3,-198
1741509600.235481,-10,-47,-140
1741509600.281481,-7,-42,-46
1741509600.3264809,-17,-6,1
1741509600.3724809,-15,-8,-54
1741509600.4184809,26,-8,-20
1741509600.4644809,-14,-7,-26
1741509600.509481,7,-17,-66
1741509600.555481,-32,-37,-60
1741509600.601481,-6,-35,-200
1741509600.646481,23,-27,-162
1741509600.6924808,25,57,-9
1741509600.7384808,-34,17,-65
1741509600.7844808,47,33,-27
1741509600.829481,79,11,-47
1741509600.875481,10,-30,-151
1741509600.921481,40,33,-133
1741509600.966481,-97,27,-99
1741509601.012481,21,42,84
1741509601.058481,-29,21,-189
1741509601.104481,3,18,-33
1741509601.1494808,85,-13,-95
1741509601.1954808,19,8,92
1741509601.2414808,-64,46,-111
1741509601.286481,35,-23,-13
1741509601.332481,5,-41,14
1741509601.378481,60,-12,-103
1741509601.424481,100,-38,-71
1741509601.469481,33,22,-121
1741509601.515481,24,-52,6
1741509601.561481,0,64,-17
1741509601.6064808,-25,55,-129
1741509601.6524808,0,49,-115
1741509601.6984808,-47,-26,-33
1741509601.7444808,-31,69,-3
1741509601.789481,41,-25,-153
1741509601.835481,38,-4,-65
1741509601.881481,42,-6,4
1741509601.926481,-8,1,-89
1741509601.972481,-92,-8,-39
1741509602.018481,-29,61,-201
1741509602.064481,-103,-17,0
1741509602.1094809,-67,76,-75
1741509602.1554809,5,14,-119
1741509602.2014809,25,16,-21
1741509602.246481,-23,40,-31
1741509602.292481,-5,-45,-60
1741509602.338481,22,-59,-127
1741509602.384481,-3,-2,-15
1741509602.429481,32,53,-75
1741509602.475481,29,-93,-171
1741509602.521481,-22,-41,-131
1741509602.5664809,-20,-11,-175
1741509602.6124809,-23,15,-39
1741509602.658481,2,-23,-45
1741509602.703481,23,-45,-147
1741509602.749481,43,-14,-13
1741509602.795481,155,-14,-217
1741509602.841481,21,14,-91
1741509602.8864808,35,60,-91
1741509602.9324808,-18,104,-142
1741509602.9784808,49,-18,0
1741509603.023481,-90,-36,-107
1741509603.069481,45,25,-31
1741509603.115481,-38,-56,-89
1741509603.161481,-4,20,-60
1741509603.206481,-8,-27,-122
1741509603.252481,45,60,-98
1741509603.298481,-10,-48,21
1741509603.3434808,-58,-55,-38
1741509603.3894808,53,18,-60
1741509603.4354808,-22,18,-10
1741509603.486481,-1,17,-130
1741509603.532481,-49,79,-164
1741509603.578481,-6,22,49
1741509603.623481,-80,-17,-62
1741509603.6694808,40,23,-226
1741509603.7144809,7,-27,-72
1741509603.759481,-22,-9,-70
1741509603.805481,-32,-59,-104
1741509603.851481,11,20,-24
1741509603.897481,117,-13,-112
1741509603.9424808,8,49,-178
1741509603.9884808,15,-15,-68
1741509604.0344808,-112,-7,-78
1741509604.079481,37,-13,-40
1741509604.125481,-116,30,-50
1741509604.171481,-19,16,21
1741509604.217481,75,-30,-114
1741509604.262481,24,-20,-156
1741509604.308481,25,7,-8
1741509604.354481,48,-44,-44
1741509604.3994808,-35,53,51
1741509604.4454808,-12,78,9
1741509604.4914808,87,-89,-64
1741509604.5374808,1,58,-38
1741509604.582481,-52,38,-10
1741509604.628481,63,-19,-94
1741509604.674481,40,-12,-130
1741509604.719481,-14,38,-62
1741509604.765481,-74,36,-8
1741509604.811481,63,16,-56
1741509604.857481,-25,87,-92
1741509604.9024808,21,28,-12
1741509604.9484808,-2,20,-94
1741509604.9944808,40,24,-152
1741509605.039481,-5,-31,-126
1741509605.085481,49,-39,-52
1741509605.131481,0,-76,-129
1741509605.177481,-17,-11,-135
1741509605.222481,24,-23,-43
1741509605.268481,60,-11,-169
1741509605.314481,-35,61,-33
1741509605.3594809,-21,5,-101
1741509605.4054809,56,9,-53
1741509605.4514809,38,-52,-183
1741509605.4974809,-39,-46,-75
1741509605.542481,-45,-10,-69
1741509605.588481,-13,26,-115
1741509605.634481,-11,-3,-101
1741509605.679481,-58,67,-115
1741509605.725481,-8,21,-37
1741509605.771481,-4,-26,0
1741509605.8174808,48,15,-3
1741509605.8624809,-13,5,-125
1741509605.908481,74,7,-1
1741509605.954481,32,23,-123
1741509605.999481,104,0,-41
1741509606.045481,107,32,-27
1741509606.091481,-42,35,-89
1741509606.137481,-33,-68,-215
1741509606.1824808,40,33,-141
1741509606.2284808,49,-52,-111
1741509606.2744808,-62,23,-87
1741509606.319481,57,-25,94
1741509606.365481,-44,-55,-77
1741509606.411481,17,-3,-105
1741509606.457481,-15,7,-153
1741509606.502481,68,25,-117
1741509606.548481,-6,-56,-25
1741509606.594481,-30,78,-65
1741509606.6394808,1,-4,-159
1741509606.6854808,-14,-47,-153
1741509606.7314808,23,35,-54
1741509606.7774808,-20,-14,-90
1741509606.822481,-58,17,-30
1741509606.868481,85,12,-75
1741509606.914481,-44,25,-76
1741509606.959481,-22,25,-66
1741509607.005481,-22,-32,-52
1741509607.051481,46,-52,-112
1741509607.097481,-21,71,11
1741509607.1424809,14,47,5
1741509607.1884809,-73,-28,-298
1741509607.2344809,56,14,1
1741509607.279481,35,26,-116
1741509607.325481,-40,-25,-38
1741509607.371481,-54,15,-68
1741509607.417481,17,7,-14
1741509607.462481,-2,-4,-36
1741509607.508481,27,21,-184
1741509607.554481,-24,-28,-158
1741509607.5994809,91,-58,49
1741509607.6454809,-48,-14,-14
1741509607.6914809,65,6,-198
1741509607.7374809,-50,3,-150
1741509607.782481,25,-30,-82
1741509607.828481,1,-104,-108
1741509607.874481,6,13,-32
1741509607.9194808,-35,-8,-66
1741509607.9654808,-64,17,-98
1741509608.0114808,-15,-42,-162
1741509608.0574808,-45,17,-88
1741509608.102481,36,-22,-72
1741509608.148481,26,17,-150
1741509608.194481,80,-46,-170
1741509608.239481,17,-11,7
1741509608.285481,-82,10,-24
1741509608.331481,-22,-105,-170
1741509608.377481,95,-9,-116
1741509608.4224808,-30,56,111
1741509608.4684808,63,34,17
1741509608.5144808,0,74,-105
1741509608.559481,-22,50,-35
1741509608.605481,-41,25,-51
1741509608.651481,-5,35,-171
1741509608.697481,1,-27,-69
1741509608.742481,-61,-14,-67
1741509608.788481,-1,-10,-45
1741509608.834481,-19,71,-39
1741509608.8794808,-26,-59,-85
1741509608.9254808,47,27,0
1741509608.9714808,9,-32,-65
1741509609.0174809,5,14,-101
1741509609.062481,18,13,-83
1741509609.108481,10,-18,-183
1741509609.154481,56,-28,74
1741509609.199481,30,67,48
1741509609.245481,42,35,-127
1741509609.291481,-35,-56,-45
1741509609.337481,9,10,4
1741509609.3824809,-34,-13,-137
1741509609.4284809,-55,-8,-25
1741509609.4744809,-16,62,-44
1741509609.519481,-28,-13,-45
1741509609.565481,32,-26,-63
1741509609.611481,-7,-25,-165
1741509609.656481,-31,19,8
1741509609.702481,19,4,-85
1741509609.748481,58,51,-69
1741509609.7944808,-6,56,-141
1741509609.8394809,73,-43,-73
1741509609.8854809,-83,36,-57
1741509609.931481,48,24,-31
1741509609.976481,58,-17,-9
1741509610.022481,-89,34,-91
1741509610.068481,51,-22,-141
1741509610.114481,-15,2,-9
1741509610.1594808,-89,6,-105
1741509610.2054808,19,77,-105
1741509610.2514808,75,-48,16
1741509610.296481,-40,19,-45
1741509610.342481,27,51,-157
1741509610.388481,-38,92,-121
1741509610.434481,115,-1,-57
1741509610.479481,58,32,12
1741509610.525481,72,-7,-79
1741509610.571481,-26,-12,-123
1741509610.6164808,33,21,-67
1741509610.6624808,-12,-17,0
1741509610.7084808,14,28,-7
1741509610.7544808,-34,-83,-119
1741509610.799481,-1,-3,-37
1741509610.845481,95,-36,-97
1741509610.891481,82,-1,-157
1741509610.936481,27,-3,54
1741509610.982481,-58,-31,2
1741509611.028481,40,-15,-81
1741509611.074481,-29,-33,-62
1741509611.1194808,46,32,-68
1741509611.1654809,26,-91,0
1741509611.2114809,38,6,-90
1741509611.256481,-13,36,3
1741509611.302481,-4,12,-128
1741509611.348481,-125,55,-60
1741509611.394481,56,15,25
1741509611.439481,4,0,-18
1741509611.485481,26,149,-34
1741509611.531481,44,-62,-149
1741509611.5764809,10,-4,38
1741509611.6224809,-30,-86,18
1741509611.6684809,43,-17,-83
1741509611.7144809,55,-33,-63
1741509611.759481,-24,0,-83
1741509611.805481,-92,-23,-43
1741509611.851481,82,-41,-151
1741509611.896481,65,73,-57
1741509611.9424808,62,-58,-141
1741509611.9884808,-15,-102,-11
1741509612.0344808,17,1,-141
1741509612.079481,-32,1,-87
1741509612.125481,-15,16,-147
1741509612.171481,-33,-87,-37
1741509612.216481,30,30,-90
1741509612.262481,-87,18,-48
1741509612.308481,28,-67,-120
1741509612.354481,-21,4,-70
1741509612.3994808,43,8,-29
1741509612.4454808,31,-87,-154
1741509612.4914808,29,-13,-167
1741509612.536481,72,-81,-137
1741509612.582481,-24,4,-63
1741509612.628481,19,-1,20
1741509612.674481,-47,-9,-127
1741509612.719481,32,10,-31
1741509612.765481,-21,-9,-63
1741509612.811481,-7,-14,-33
1741509612.8564808,0,37,-93
1741509612.9024808,46,-32,-133
1741509612.9484808,-37,13,-17
1741509612.9944808,67,-51,-109
1741509613.039481,7,28,-19
1741509613.085481,-10,-15,-210
1741509613.131481,-50,-33,-116
1741509613.176481,40,-25,-46
1741509613.222481,-11,-47,-55
1741509613.268481,22,-8,-81
1741509613.314481,0,-56,-31
1741509613.3594809,76,-8,-95
1741509613.4054809,-11,29,-33
1741509613.4514809,10,-50,-67
1741509613.502481,14,49,4
1741509613.548481,0,-15,-59
1741509613.594481,63,-5,-155
1741509613.6394808,-46,-89,-183
1741509613.6854808,-16,-33,-187
1741509613.7314808,-3,-6,-39
1741509613.776481,3,52,-125
1741509613.822481,-20,-38,-31
1741509613.868481,37,52,-17
1741509613.914481,1,-53,-67
1741509613.959481,53,16,-71
1741509614.005481,-36,4,-151
1741509614.051481,-34,54,-63
1741509614.0964808,-36,24,-85
1741509614.1424809,-6,-16,-71
1741509614.1884809,-26,3,20
1741509614.2344809,-63,-40,-75
1741509614.279481,11,37,-23
1741509614.325481,-44,44,-25
1741509614.371481,-30,-45,-121
1741509614.416481,4,5,-95
1741509614.462481,-33,79,-65
1741509614.508481,-137,15,-73
1741509614.554481,-15,81,14
1741509614.5994809,84,-2,-105
1741509614.6454809,4,-16,-89
1741509614.6914809,78,-20,-39
1741509614.736481,81,-65,-5
1741509614.782481,-17,33,-87
1741509614.828481,-85,-34,-135
1741509614.874481,-39,15,-39
1741509614.9194808,-83,-26,-27
1741509614.9654808,-17,-20,-59
1741509615.0114808,6,-20,2
1741509615.056481,-15,65,-156
1741509615.102481,-18,-31,-74
1741509615.148481,-10,-67,-60
1741509615.194481,103,15,-84
1741509615.239481,11,17,-2
1741509615.285481,-4,66,-144
1741509615.331481,20,49,-104
1741509615.3764808,-9,-16,-88
1741509615.4224808,-10,20,-126
1741509615.4684808,27,-35,-124
1741509615.5144808,-106,34,-106
1741509615.559481,-56,-17,-62
1741509615.605481,31,14,-256
1741509615.651481,-22,-20,-176
1741509615.696481,7,9,-132
1741509615.742481,47,-33,-32
1741509615.788481,14,30,-46
1741509615.834481,-5,0,-84
1741509615.8794808,74,-41,-150
1741509615.9254808,-47,18,-6
1741509615.9714808,-25,-25,-88
1741509616.016481,-23,-5,-48
1741509616.062481,2,-43,29
1741509616.108481,7,-95,-82
1741509616.154481,-1,11,-36
1741509616.199481,-64,-11,43
1741509616.245481,-44,47,-54
1741509616.291481,47,-22,-128
1741509616.3364809,41,13,-96
1741509616.3824809,-80,-26,-132
1741509616.4284809,39,-28,12
1741509616.4744809,69,-33,-38
1741509616.519481,20,-24,-76
1741509616.565481,32,-58,-80
1741509616.611481,-43,-20,-38
1741509616.656481,28,41,-18
1741509616.702481,7,71,-66
1741509616.748481,-44,25,-10
1741509616.7934809,62,15,-62
1741509616.8394809,88,-22,-76
1741509616.8854809,32,-46,-244
1741509616.931481,23,-12,-132
1741509616.976481,53,-50,3
1741509617.022481,-5,-46,-98
1741509617.068481,-23,9,-118
1741509617.1134808,75,-18,-106
1741509617.1594808,-4,-58,-116
1741509617.2054808,83,95,-54
1741509617.2514808,-53,-36,-118
1741509617.296481,56,47,-104
1741509617.342481,16,-72,-60
1741509617.388481,-23,51,102
1741509617.433481,-33,-58,-81
1741509617.479481,-50,-30,16
1741509617.525481,37,-84,-7
1741509617.571481,-20,31,-53
1741509617.6164808,77,25,-167
1741509617.6624808,16,-54,-147
1741509617.7084808,-33,-34,-103
1741509617.753481,-87,38,-59
1741509617.799481,-23,54,6
1741509617.845481,42,42,-79
1741509617.891481,-105,45,-51
1741509617.936481,20,-8,-199
1741509617.982481,-73,-8,42
1741509618.028481,-67,-10,4
1741509618.0734808,-34,-78,-243
1741509618.1194808,23,-10,-115
1741509618.1654809,71,9,-51
1741509618.2114809,-48,-77,-20
1741509618.256481,55,-41,-46
1741509618.302481,-18,-3,-4
1741509618.348481,-70,2,-50
1741509618.393481,34,15,-16
1741509618.439481,48,-10,-104
1741509618.485481,-41,61,-40
1741509618.531481,45,24,-48
1741509618.5764809,31,-80,-112
1741509618.6224809,24,-2,-26
1741509618.6684809,32,-40,-136
1741509618.713481,-3,3,-110
1741509618.759481,73,6,-46
1741509618.805481,13,10,-111
1741509618.851481,18,-59,-74
1741509618.896481,13,23,-28
1741509618.9424808,35,29,43
1741509618.9884808,55,17,-62
1741509619.033481,45,3,-70
1741509619.079481,-12,49,-178
1741509619.125481,1,29,-92
1741509619.171481,-60,54,-150
1741509619.216481,97,-21,-56
1741509619.262481,-4,-8,13
1741509619.308481,43,43,-130
1741509619.3534808,-54,11,-22
1741509619.3994808,-52,53,-48
1741509619.4454808,-7,6,-128
1741509619.4914808,52,-41,3
1741509619.536481,43,9,-74
1741509619.582481,25,29,-134
1741509619.628481,-28,-40,77
1741509619.673481,-42,6,-119
1741509619.719481,33,56,-41
1741509619.765481,1,56,-85
1741509619.811481,-1,34,-145
1741509619.8564808,43,60,-155
1741509619.9024808,57,-19,10
1741509619.9484808,-16,-12,-7
1741509619.993481,-2,99,-95
1741509620.039481,51,-32,-59
1741509620.085481,13,-68,-153
1741509620.131481,110,14,10
1741509620.176481,42,-14,-29
1741509620.222481,36,-28,-5
1741509620.268481,4,0,-133
1741509620.3134809,-19,3,-33
1741509620.3594809,8,-50,-10
1741509620.4054809,39,14,-149
1741509620.4514809,27,54,-77
1741509620.496481,-56,28,-131
1741509620.542481,63,-18,-99
1741509620.588481,-61,43,-83
1741509620.633481,-52,7,-99
1741509620.679481,-28,0,12
1741509620.725481,9,91,-25
1741509620.771481,9,-32,4
1741509620.8164809,-39,11,28
1741509620.8624809,24,-16,-79
1741509620.908481,-70,-1,-21
1741509620.953481,0,56,-83
1741509620.999481,-86,-52,2
1741509621.045481,51,17,-213
1741509621.091481,-3,-12,-93
1741509621.1364808,63,-61,-35
1741509621.1824808,33,19,-60
1741509621.2284808,-46,23,21
1741509621.273481,51,29,17
1741509621.319481,63,29,-42
1741509621.365481,45,7,5
1741509621.411481,41,-32,-152
1741509621.456481,-32,-43,-76
1741509621.502481,-36,1,99
1741509621.548481,24,7,-148
1741509621.5934808,-23,-88,-130
1741509621.6394808,-3,3,-134
1741509621.6854808,-41,25,23
1741509621.7314808,0,-40,-128
1741509621.776481,-35,-70,13
1741509621.822481,-49,41,-89
1741509621.868481,72,25,-185
1741509621.913481,66,23,-79
1741509621.959481,70,23,-173
1741509622.005481,6,-20,-55
1741509622.051481,39,-62,-95
1741509622.0964808,-30,47,80
1741509622.1424809,21,6,-109
1741509622.1884809,-44,-23,48
1741509622.233481,3,-11,-57
1741509622.279481,-44,-29,-63
1741509622.325481,-21,87,15
1741509622.371481,32,-46,-167
1741509622.416481,-59,-32,-80
1741509622.462481,48,3,-69
1741509622.508481,-59,59,-81
1741509622.5534809,-21,-6,-109
1741509622.5994809,32,53,-59
1741509622.6454809,-15,-38,-57
1741509622.6914809,-25,-68,-143
1741509622.736481,-29,-4,-167
1741509622.782481,-63,55,-141
1741509622.828481,16,-70,-109
1741509622.873481,24,-12,-117
1741509622.9194808,52,-10,-49
1741509622.9654808,-43,-44,-203
1741509623.0114808,42,1,-35
1741509623.056481,72,-14,-195
1741509623.102481,-57,-32,-34
1741509623.148481,44,-26,-186
1741509623.193481,-42,-29,-36
1741509623.239481,61,34,-132
1741509623.285481,-10,-9,-204
1741509623.3304808,-64,14,43
1741509623.3764808,-32,-9,-6
1741509623.4224808,29,54,-115
1741509623.4684808,12,-10,-61
1741509623.519481,-85,11,-153
1741509623.565481,-39,17,22
1741509623.610481,29,-11,-187
1741509623.656481,-59,35,-1
1741509623.702481,48,-38,-47
1741509623.748481,-30,-29,-131
1741509623.7934809,14,21,-177
1741509623.8394809,36,11,-2
1741509623.8854809,-6,10,-140
1741509623.930481,-2,12,-107
1741509623.976481,21,-27,-131
1741509624.022481,2,-58,-123
1741509624.068481,-31,55,-61
1741509624.1134808,18,67,-74
1741509624.1594808,28,-8,-189
1741509624.2054808,60,-28,28
1741509624.250481,-46,11,-52
1741509624.296481,-4,15,-83
1741509624.342481,11,2,7
1741509624.388481,-50,-61,-86
1741509624.433481,12,-59,39
1741509624.479481,24,34,-63
1741509624.525481,14,70,-149
1741509624.5704808,60,-5,-198
1741509624.6164808,36,-20,12
1741509624.6624808,0,-5,-155
1741509624.7084808,0,66,-115
1741509624.753481,-35,-26,-9
1741509624.799481,56,11,-63
1741509624.845481,-52,-12,-49
1741509624.890481,-28,15,-238
1741509624.936481,15,3,-119
1741509624.982481,-60,-2,-42
1741509625.028481,-27,35,-63
1741509625.0734808,-62,-63,-84
1741509625.1194808,9,4,-85
1741509625.1654809,17,-69,-157
1741509625.210481,53,50,-93
1741509625.256481,-36,-45,-169
1741509625.302481,7,-19,-132
1741509625.348481,-86,-29,-58
1741509625.393481,124,0,-77
1741509625.439481,52,21,-166
1741509625.485481,12,-34,-118
1741509625.5304809,54,0,-64
1741509625.5764809,14,-36,17
1741509625.6224809,110,-30,-80
1741509625.6684809,-17,0,-82
1741509625.713481,-42,21,-71
1741509625.759481,24,-64,-34
1741509625.805481,-57,-26,43
1741509625.850481,-67,-18,-125
1741509625.896481,-70,-26,15
1741509625.9424808,-23,-66,-106
1741509625.9884808,-39,-72,-5
1741509626.033481,-71,-10,-191
1741509626.079481,54,93,-129
1741509626.125481,-29,7,-107
1741509626.170481,-60,-40,-19
1741509626.216481,-34,15,-155
1741509626.262481,-92,-37,-29
1741509626.308481,17,4,-105
1741509626.3534808,47,-39,-137
1741509626.3994808,27,22,-131
1741509626.4454808,-12,-41,-107
1741509626.490481,1,10,-1
1741509626.536481,-10,38,-5
1741509626.582481,-40,46,-65
1741509626.628481,-103,23,-15
1741509626.673481,-21,-18,-163
1741509626.719481,68,-4,-77
1741509626.765481,0,13,-133
1741509626.8104808,-21,-14,-119
1741509626.8564808,40,9,-55
1741509626.9024808,3,44,-30
1741509626.9484808,-42,40,-20
1741509626.993481,-79,-62,-66
1741509627.039481,36,53,-2
1741509627.085481,-64,49,9
1741509627.130481,62,39,-236
1741509627.176481,-79,-38,-119
1741509627.222481,-29,31,-57
1741509627.268481,38,-60,36
1741509627.3134809,12,-16,-153
1741509627.3594809,13,58,-123
1741509627.4054809,13,2,-73
1741509627.450481,-24,-49,-191
1741509627.496481,97,-71,-115
1741509627.542481,21,-59,-53
1741509627.588481,-5,33,-81
1741509627.633481,11,-23,-29
1741509627.679481,-2,-59,-131
1741509627.725481,34,1,-73
1741509627.769481,-71,13,-53
1741509627.815481,-27,5,58
1741509627.861481,12,0,-167
1741509627.906481,-82,72,-142
1741509627.952481,72,59,-39
1741509627.998481,51,123,-205
1741509628.0444808,-26,-40,-35
1741509628.0894809,11,-70,0
1741509628.1354809,29,-83,-155
1741509628.181481,23,15,-159
1741509628.226481,-23,4,-23
1741509628.272481,8,6,6
1741509628.318481,-35,1,-81
1741509628.364481,34,-105,-38
1741509628.4094808,10,15,-15
1741509628.4554808,56,81,-121
1741509628.5014808,-39,95,-9
1741509628.546481,2,25,-123
1741509628.592481,-39,61,-149
1741509628.638481,-35,24,-49
1741509628.684481,18,-21,-13
1741509628.729481,-27,25,-79
1741509628.775481,-33,-17,-107
1741509628.821481,2,60,-165
1741509628.8664808,-40,14,-123
1741509628.9124808,34,-10,-135
1741509628.9584808,-47,47,-117
1741509629.0044808,43,66,32
1741509629.049481,45,40,-59
1741509629.095481,-24,8,-191
1741509629.141481,-18,54,-120
1741509629.186481,49,10,-74
1741509629.232481,40,28,-74
1741509629.278481,72,50,-96
1741509629.324481,26,-51,-36
1741509629.3694808,-1,-11,-240
1741509629.4154809,-15,2,-6
1741509629.4614809,-37,-7,-66
1741509629.506481,31,-11,-34
1741509629.552481,-24,44,-12
1741509629.598481,18,-34,-20
1741509629.644481,47,40,-44
1741509629.689481,6,2,-140
1741509629.735481,1,-43,-41
1741509629.781481,-20,60,-205
1741509629.8264809,33,6,-11
1741509629.8724809,39,-53,-17
1741509629.9184809,27,-35,-136
1741509629.9644809,-36,2,-136
1741509630.009481,24,-8,-97
1741509630.055481,-5,-128,-56
1741509630.101481,12,-34,-152
1741509630.146481,-91,-6,-80
1741509630.1924808,5,-94,-138
1741509630.2384808,93,-26,-116
1741509630.283481,58,-38,-76
1741509630.329481,-5,29,-8
1741509630.375481,-10,-46,-106
1741509630.421481,9,43,-104
1741509630.466481,-22,39,-74
1741509630.512481,-2,-13,-236
1741509630.558481,-22,-33,-10
1741509630.6034808,-114,0,-105
1741509630.6494808,55,-16,-71
1741509630.6954808,25,47,-179
1741509630.7414808,1,36,-167
1741509630.786481,27,34,-157
1741509630.832481,50,7,16
1741509630.878481,50,49,-115
1741509630.923481,112,7,-37
1741509630.969481,57,-11,-63
1741509631.015481,23,28,-97
1741509631.061481,-24,26,-149
1741509631.1064808,-71,3,2
1741509631.1524808,27,42,-17
1741509631.1984808,-43,-30,-145
1741509631.243481,86,71,-69
1741509631.289481,-93,-34,-31
1741509631.335481,-27,-34,-147
1741509631.381481,47,8,-53
1741509631.426481,33,-3,-53
1741509631.472481,-40,0,-27
1741509631.518481,65,-4,-19
1741509631.5634809,9,-51,10
1741509631.6094809,91,-18,-45
1741509631.6554809,39,-17,-137
1741509631.7014809,17,-59,-75
1741509631.746481,-30,-85,-27
1741509631.792481,113,-17,-40
1741509631.838481,-96,-19,-39
1741509631.883481,82,-34,-113
1741509631.929481,-16,66,-97
1741509631.975481,-32,52,-221
1741509632.021481,7,-7,44
1741509632.0664809,-8,-13,20
1741509632.1124809,33,-7,-81
1741509632.158481,-66,-51,-101
1741509632.203481,33,16,-145
1741509632.249481,-78,-31,-25
1741509632.295481,52,21,0
1741509632.341481,22,-44,-75
1741509632.3864808,48,-66,-55
1741509632.4324808,66,-30,-37
1741509632.4784808,2,47,-31
1741509632.523481,16,-72,-81
1741509632.569481,66,-16,-61
1741509632.615481,-23,43,-105
1741509632.661481,-39,-58,-69
1741509632.706481,-32,84,-135
1741509632.752481,-30,-4,-85
1741509632.798481,-32,-52,-51
1741509632.8434808,65,-27,-89
1741509632.8894808,25,-6,14
1741509632.9354808,70,33,-113
1741509632.9814808,-59,43,-17
1741509633.026481,-28,-14,-59
1741509633.072481,7,-7,-91
1741509633.118481,15,-37,-87
1741509633.163481,-76,-47,0
1741509633.209481,-42,36,45
1741509633.255481,23,38,-172
1741509633.301481,-8,2,-96
1741509633.3464808,45,6,-78
1741509633.3924809,-92,28,-32
1741509633.4384809,5,6,55
1741509633.489481,71,8,-86
1741509633.535481,-24,56,-100
1741509633.581481,12,-20,-12
1741509633.6264808,-48,-11,-3
1741509633.6724808,-15,-52,-101
1741509633.7184808,92,-40,-37
1741509633.763481,20,-14,-45
1741509633.809481,-90,-22,-45
1741509633.855481,19,-22,-135
1741509633.901481,53,-32,-49
1741509633.946481,-64,2,42
1741509633.992481,-12,41,-119
1741509634.038481,40,-20,-1
1741509634.0834808,12,-72,-17
1741509634.130481,3,-5,-29
1741509634.176481,13,-26,36
1741509634.222481,-42,58,-131
1741509634.2674809,-66,23,-29
1741509634.3134809,-4,40,-167
1741509634.3594809,37,-9,-135
1741509634.4054809,-34,9,-45
1741509634.450481,-8,44,-221
1741509634.496481,-77,0,-21
1741509634.542481,-18,-41,0
1741509634.587481,12,24,-23
1741509634.633481,28,-23,6
1741509634.679481,-53,-13,-69
1741509634.725481,-17,-49,-10
1741509634.7704809,30,42,-42
1741509634.8164809,-64,-72,-115
1741509634.8624809,26,-8,-163
1741509634.907481,80,-30,24
1741509634.953481,-35,5,-185
1741509634.999481,-25,11,-21
1741509635.045481,4,-4,-115
1741509635.0904808,10,-28,-165
1741509635.1364808,52,37,-75
1741509635.1824808,-2,24,-93
1741509635.227481,42,-23,-47
1741509635.273481,52,10,-73
1741509635.319481,24,-27,-15
1741509635.365481,10,16,-63
1741509635.410481,-65,4,-57
1741509635.456481,-23,-73,-167
1741509635.502481,41,86,68
1741509635.5474808,-35,0,-147
1741509635.5934808,56,48,-140
1741509635.6394808,-51,-41,-118
1741509635.6854808,-3,32,-154
1741509635.730481,29,-55,-88
1741509635.776481,23,-68,-64
1741509635.822481,-70,47,-60
1741509635.867481,-9,41,-162
1741509635.913481,46,13,-24
1741509635.959481,-48,-36,-62
1741509636.005481,91,28,-22
1741509636.0504808,-62,10,-32
1741509636.0964808,-40,39,-122
1741509636.1424809,-44,-16,-136
1741509636.187481,29,21,-112
1741509636.233481,8,-74,-26
1741509636.279481,16,-9,-156
1741509636.325481,-37,-11,-50
1741509636.370481,-27,-3,-80
1741509636.416481,74,-13,-20
1741509636.462481,-42,38,23
1741509636.5074809,33,10,-90
1741509636.5534809,-10,-5,-70
1741509636.5994809,-34,-21,-128
1741509636.6454809,-36,-4,-102
1741509636.690481,-62,-52,-176
1741509636.736481,39,16,0
1741509636.782481,3,-20,-158
1741509636.827481,-12,61,-136
1741509636.873481,17,-14,5
1741509636.9194808,-48,-46,-5
1741509636.9644809,19,64,17
1741509637.0104809,41,10,-55
1741509637.056481,-66,-13,-115
1741509637.102481,-22,69,-141
1741509637.147481,-18,85,-85
1741509637.193481,71,-44,-1
1741509637.239481,27,19,-17
1741509637.2844808,49,-30,74
1741509637.3304808,-85,9,-127
1741509637.3764808,53,-30,-81
1741509637.4224808,55,-94,-56
1741509637.467481,-11,3,-32
1741509637.513481,60,-60,-48
1741509637.559481,38,-96,-74
1741509637.604481,-11,15,-32
1741509637.650481,-2,19,-122
1741509637.696481,-27,-36,-250
1741509637.742481,52,71,-99
1741509637.7874808,-23,-12,-157
1741509637.8334808,-43,-28,-183
1741509637.8794808,4,-126,-167
1741509637.924481,-22,-9,-63
1741509637.970481,73,12,-104
1741509638.016481,15,-13,16
1741509638.062481,-23,-34,-1
1741509638.107481,37,-11,-71
1741509638.153481,81,64,-127
1741509638.199481,-23,-52,-79
1741509638.2444808,64,-46,-71
1741509638.2904809,-29,-34,18
1741509638.3364809,-119,-52,-47
1741509638.3824809,33,-52,-39
1741509638.427481,13,-45,4
1741509638.473481,-66,-39,14
1741509638.519481,1,44,-160
1741509638.564481,-59,25,-50
1741509638.610481,10,5,-211
1741509638.656481,103,68,-281
1741509638.702481,-50,58,-131
1741509638.7474809,62,17,-171
1741509638.7934809,7,44,-121
1741509638.8394809,70,-72,-83
1741509638.884481,-17,-72,5
1741509638.930481,-52,-47,-52
1741509638.976481,-38,34,-102
1741509639.022481,33,6,-66
1741509639.0674808,78,-89,-98
1741509639.1134808,15,50,-22
1741509639.1594808,45,-33,-46
1741509639.204481,7,-29,-134
1741509639.250481,0,-67,29
1741509639.296481,27,-7,-74
1741509639.342481,-58,36,-94
1741509639.387481,91,24,-40
1741509639.433481,12,-11,-79
1741509639.479481,66,-19,11
1741509639.5244808,-22,84,-89
1741509639.5704808,43,16,-89
1741509639.6164808,4,0,-66
1741509639.6624808,0,34,-110
1741509639.707481,-40,42,-72
1741509639.753481,103,-45,-64
1741509639.799481,-34,-30,-112
1741509639.844481,57,-4,-234
1741509639.890481,23,29,-92
1741509639.936481,24,51,-122
1741509639.982481,-33,13,-10
1741509640.0274808,-42,6,-72
1741509640.0734808,-13,71,-14
1741509640.1194808,-49,45,-18
1741509640.164481,-39,55,-128
1741509640.210481,-3,73,-92
1741509640.256481,-48,26,-72
1741509640.302481,-30,-9,-196
1741509640.347481,-6,70,-118
1741509640.393481,-24,68,-114
1741509640.439481,-52,22,-76
1741509640.4844809,-28,-55,-104
1741509640.5304809,37,-1,-106
1741509640.5764809,-65,51,-98
1741509640.6224809,8,15,-138
1741509640.667481,-75,-14,-52
1741509640.713481,-7,-101,-132
1741509640.759481,34,-24,-140
1741509640.804481,23,-11,-132
1741509640.850481,9,-1,11
1741509640.896481,-44,-7,-156
1741509640.9424808,58,38,-84
1741509640.9874809,-24,24,0
1741509641.033481,14,-8,-38
1741509641.079481,75,-75,-70
1741509641.124481,11,-47,-50
1741509641.170481,25,22,-108
1741509641.216481,29,-21,39
1741509641.262481,-36,40,-20
1741509641.3074808,-68,-13,-106
1741509641.3534808,21,18,-20
1741509641.3994808,-15,-26,-34
1741509641.444481,-16,36,-116
1741509641.490481,-34,26,109
1741509641.536481,-40,2,-118
1741509641.582481,-52,-31,-164
1741509641.627481,-28,-47,-106
1741509641.673481,43,-33,-92
1741509641.719481,49,-86,-6
1741509641.7644808,14,-70,-80
1741509641.8104808,59,-24,71
1741509641.8564808,-60,10,-112
1741509641.9024808,39,-65,-96
1741509641.947481,81,16,-160
1741509641.993481,39,-55,-170
1741509642.039481,-2,28,-118
1741509642.084481,7,41,-156
1741509642.130481,7,0,-74
1741509642.176481,-66,-3,-28
1741509642.222481,99,28,-15
1741509642.2674809,-42,-37,-73
1741509642.3134809,7,-5,-75
1741509642.3594809,17,-63,-15
1741509642.404481,-50,-81,4
1741509642.450481,24,18,-123
1741509642.496481,-5,-15,-41
1741509642.542481,62,-21,-13
1741509642.587481,-27,6,-103
1741509642.633481,43,-19,-137
1741509642.679481,18,85,-53
1741509642.7244809,-70,118,-173
1741509642.7704809,31,-17,-135
1741509642.8164809,-11,20,-17
1741509642.8624809,94,-111,-82
1741509642.907481,-54,-20,-98
1741509642.953481,-9,0,-146
1741509642.999481,8,-1,71
1741509643.0444808,32,3,-128
1741509643.0904808,-56,4,-88
1741509643.1364808,44,10,33
1741509643.1824808,50,-9,-58
1741509643.227481,-15,34,-110
1741509643.273481,54,-53,11
1741509643.319481,-12,3,-132
1741509643.364481,11,66,-186
1741509643.410481,35,14,-114
1741509643.456481,-23,87,-72
1741509643.5074809,-37,49,15
1741509643.5534809,-32,58,-14
1741509643.5994809,-35,25,-116
1741509643.644481,31,44,-14
1741509643.690481,-1,-22,-80
1741509643.735481,1,19,-152
1741509643.7804809,74,-25,-90
1741509643.8264809,-19,-9,-78
1741509643.8724809,27,-102,-44
1741509643.917481,-88,45,-44
1741509643.963481,29,25,17
1741509644.009481,-3,-21,-46
1741509644.055481,-17,6,-14
1741509644.100481,44,-11,-184
1741509644.146481,-12,22,-14
1741509644.1924808,9,-27,-52
1741509644.2374809,-20,3,-80
1741509644.283481,49,38,13
1741509644.329481,20,20,0
1741509644.375481,-28,-1,13
1741509644.420481,-65,-73,-112
1741509644.466481,44,-29,-108
1741509644.512481,92,-17,-144
1741509644.5574808,64,-19,-102
1741509644.6034808,66,-4,53
1741509644.6494808,20,24,47
1741509644.6954808,-1,35,-68
1741509644.740481,26,-44,-34
1741509644.786481,-31,15,-120
1741509644.832481,16,-38,-16
1741509644.877481,24,-9,-98
1741509644.923481,61,64,71
1741509644.969481,28,-30,-148
1741509645.015481,-93,-71,-26
1741509645.0604808,70,-51,-60
1741509645.1064808,94,51,-92
1741509645.1524808,38,-10,-152
1741509645.197481,-3,-22,-36
1741509645.243481,16,-36,-192
1741509645.289481,-7,-20,-2
1741509645.335481,23,47,-200
1741509645.380481,-44,1,-80
1741509645.426481,-64,4,-90
1741509645.472481,19,-5,-102
1741509645.5174809,25,-57,-20
1741509645.5634809,19,-35,-142
1741509645.6094809,19,-1,-154
1741509645.6554809,-16,-68,-18
1741509645.700481,29,2,-22
1741509645.746481,4,-22,-106
1741509645.792481,-25,91,-88
1741509645.837481,-63,0,-106
1741509645.883481,18,-46,-40
1741509645.929481,-4,-88,-156
1741509645.975481,-8,-84,-118
1741509646.0204809,10,-115,-116
1741509646.0664809,80,-66,-22
1741509646.1124809,16,35,-38
1741509646.157481,-9,-8,-36
1741509646.203481,-15,-4,-40
1741509646.249481,-3,51,-94
1741509646.295481,29,-4,-72
1741509646.3404808,11,51,-114
1741509646.3864808,9,-6,45
1741509646.4324808,-32,-40,1
1741509646.477481,-64,75,-146
1741509646.523481,21,5,-62
1741509646.569481,61,-5,-116
1741509646.615481,-36,-20,-154
1741509646.660481,37,17,1
1741509646.706481,-8,-3,-46
1741509646.752481,17,-35,-110
1741509646.7974808,63,0,-72
1741509646.8434808,7,14,-48
1741509646.8894808,17,-45,-86
1741509646.9354808,-36,-45,-116
1741509646.980481,19,66,-136
1741509647.026481,-60,-23,-204
1741509647.072481,-14,-5,-118
1741509647.117481,33,-2,-95
1741509647.163481,21,29,-53
1741509647.209481,-44,-71,-155
1741509647.255481,-4,-28,-41
1741509647.3004808,-8,1,-183
1741509647.3464808,47,-27,-101
1741509647.3924809,73,66,-187
1741509647.437481,35,80,-203
1741509647.483481,51,-61,93
1741509647.529481,3,-54,-115
1741509647.575481,11,7,-119
1741509647.620481,7,-57,-95
1741509647.666481,-56,42,-113
1741509647.712481,-4,-67,-103
1741509647.7574809,-54,-35,-151
1741509647.8034809,79,-47,-7
1741509647.8494809,1,6,-189
1741509647.8954809,-18,-41,-165
1741509647.940481,47,8,-119
1741509647.986481,41,-5,6
1741509648.032481,-9,-38,-173
1741509648.077481,10,65,-173
1741509648.123481,-8,-33,-7
1741509648.1694808,31,44,-101
1741509648.2154808,0,-5,-15
1741509648.2604809,37,5,-117
1741509648.306481,23,-39,-51
1741509648.352481,89,-35,-41
1741509648.397481,-44,-29,-49
1741509648.443481,-2,24,-141
1741509648.489481,-51,9,16
1741509648.535481,-35,-40,-43
1741509648.5804808,96,91,44
1741509648.6264808,-38,50,-55
1741509648.6724808,-6,-15,-121
1741509648.717481,-2,-23,-185
1741509648.763481,-72,32,12
1741509648.809481,14,23,-85
1741509648.855481,1,12,-47
1741509648.900481,-29,55,-103
1741509648.946481,-120,70,-166
1741509648.992481,-32,0,10
1741509649.0374808,19,34,-81
1741509649.0834808,34,1,-139
1741509649.1294808,-37,15,-80
1741509649.1754808,-31,-26,-56
1741509649.220481,33,-77,-86
1741509649.266481,-100,-54,-72
1741509649.312481,70,57,-152
1741509649.357481,-9,43,-148
1741509649.403481,-89,-22,-12
1741509649.449481,-29,15,-134
1741509649.495481,-48,-13,-52
1741509649.5404809,-58,8,-86
1741509649.5864809,41,-41,15
1741509649.6324809,-9,-30,-102
1741509649.677481,-5,-32,-26
1741509649.723481,-8,90,-130
1741509649.769481,-5,-4,0
1741509649.815481,38,-20,1
1741509649.860481,14,-14,7
1741509649.906481,15,-44,-12
1741509649.952481,-11,25,7
1741509649.9974809,50,47,-96
1741509650.0434809,48,-26,75
1741509650.0894809,-41,-10,-196
1741509650.1354809,-27,87,-30
1741509650.180481,-11,27,31
1741509650.226481,-41,-28,-84
1741509650.272481,-93,-34,0
1741509650.3174808,-59,15,-126
1741509650.3634808,14,35,-126
1741509650.4094808,53,-15,-48
1741509650.4554808,-8,11,-220
1741509650.500481,45,5,-106
1741509650.546481,8,-60,-90
1741509650.592481,-52,-50,-136
1741509650.637481,-12,53,-34
1741509650.683481,79,-40,-112
1741509650.729481,-32,54,-152
1741509650.7744808,45,-67,-180
1741509650.8204808,-14,-67,-74
1741509650.8664808,55,50,-38
1741509650.9124808,-54,28,-118
1741509650.957481,-8,18,-108
1741509651.003481,-2,68,-58
1741509651.049481,-58,-53,-192
1741509651.094481,-12,-17,-128
1741509651.140481,-63,-38,38
1741509651.186481,42,-54,-67
1741509651.232481,-24,18,-161
1741509651.2774808,-25,-87,-85
1741509651.3234808,14,-30,-55
1741509651.3694808,-27,28,-141
1741509651.414481,-43,86,-61
1741509651.460481,2,74,-85
1741509651.506481,-61,32,-33
1741509651.552481,35,62,-103
1741509651.597481,-91,-7,-97
1741509651.643481,20,52,-189
1741509651.689481,-6,20,-107
1741509651.7344809,-4,-65,-79
1741509651.7804809,-11,62,-81
1741509651.8264809,-15,16,-91
1741509651.8724809,-40,-119,-83
1741509651.917481,-69,6,22
1741509651.963481,-30,-19,-83
1741509652.009481,87,42,0
1741509652.054481,35,-43,-5
1741509652.100481,-33,2,28
1741509652.146481,-30,14,-77
1741509652.1924808,6,-63,-71
1741509652.2374809,-57,10,20
1741509652.283481,28,66,-111
1741509652.329481,51,-49,-11
1741509652.374481,-18,-17,-111
1741509652.420481,35,2,-91
1741509652.466481,15,40,-174
1741509652.512481,17,-27,-44
1741509652.5574808,21,6,-132
1741509652.6034808,-28,-19,-12
1741509652.6494808,11,-25,-38
1741509652.694481,51,22,-22
1741509652.740481,-5,46,3
1741509652.786481,73,28,-90
1741509652.832481,-56,-5,-174
1741509652.877481,84,-86,13
1741509652.923481,-56,-12,-134
1741509652.969481,39,-15,-198
1741509653.0144808,13,-41,-236
1741509653.0604808,-80,-42,-88
1741509653.1064808,-58,-38,-16
1741509653.1524808,-62,-9,-32
1741509653.197481,-34,58,-86
1741509653.243481,-50,8,-176
1741509653.289481,35,4,35
1741509653.334481,38,63,-108
1741509653.380481,106,-13,-14
1741509653.426481,65,-35,-74
1741509653.472481,-82,-69,-136
1741509653.523481,-56,-53,15
1741509653.569481,-22,14,-108
1741509653.614481,64,-33,-12
1741509653.660481,8,30,-58
1741509653.706481,-35,3,-190
1741509653.752481,-29,-30,-174
1741509653.7974808,50,19,-38
1741509653.8434808,10,-38,-136
1741509653.8894808,6,9,-66
1741509653.934481,79,-1,-70
1741509653.980481,-26,-15,-234
1741509654.026481,0,7,-122
1741509654.072481,40,-45,-90
1741509654.117481,54,44,-20
1741509654.163481,18,6,-66
1741509654.209481,74,82,-166
1741509654.2544808,-15,-3,-110
1741509654.3004808,-81,-53,-90
1741509654.3464808,70,26,-160
1741509654.3924809,17,-18,-42
1741509654.437481,-4,-82,-112
1741509654.483481,1,-14,-120
1741509654.529481,95,7,-14
1741509654.574481,-38,29,-76
1741509654.620481,59,35,-152
1741509654.666481,-8,6,-122
1741509654.712481,-2,-100,-112
1741509654.7574809,-28,-34,43
1741509654.8034809,38,73,-118
1741509654.8494809,-2,-22,-70
1741509654.894481,-84,19,-82
1741509654.940481,9,-4,-166
1741509654.986481,-45,23,21
1741509655.032481,-20,-23,-54
1741509655.077481,-13,39,-114
1741509655.123481,33,-29,-140
1741509655.1694808,-15,77,-36
1741509655.2144809,-20,-27,-28
1741509655.2604809,19,28,-62
1741509655.306481,49,14,-56
1741509655.352481,-93,-12,-146
1741509655.397481,13,-13,-70
1741509655.443481,-39,43,-84
1741509655.489481,-41,3,-122
1741509655.5344808,98,49,-76
1741509655.5804808,-85,11,-16
1741509655.6264808,-23,63,-10
1741509655.6724808,10,-22,-92
1741509655.717481,-44,0,37
1741509655.763481,-43,-20,-176
1741509655.809481,54,37,-129
1741509655.854481,-1,41,-1
1741509655.900481,-73,-86,-1
1741509655.946481,-50,42,-175
1741509655.992481,-22,-51,-179
1741509656.0374808,-14,48,-129
1741509656.0834808,8,-16,-167
1741509656.1294808,-9,-26,-61
1741509656.174481,-64,12,24
1741509656.220481,51,-43,-167
1741509656.266481,-102,-75,-35
1741509656.312481,-3,-14,-105
1741509656.357481,-13,-44,-107
1741509656.403481,-77,21,-157
1741509656.449481,12,13,-35
1741509656.4944808,-11,3,-27
1741509656.5404809,32,57,6
1741509656.5864809,39,160,-101
1741509656.6324809,-32,32,-41
1741509656.677481,29,-35,-45
1741509656.723481,3,94,-89
1741509656.769481,-28,-25,2
1741509656.814481,19,-3,-149
1741509656.860481,77,-29,-117
1741509656.906481,-55,-44,-157
1741509656.952481,-101,17,-139
1741509656.9974809,54,39,-111
1741509657.0434809,-13,47,-115
1741509657.0894809,-37,-42,-95
1741509657.134481,36,-21,-57
1741509657.180481,-21,-25,-57
1741509657.226481,-115,-54,10
1741509657.272481,-41,-33,26
1741509657.3174808,-45,-2,-158
1741509657.3634808,77,-9,-118
1741509657.4094808,-72,-35,-56
1741509657.454481,-8,5,-28
1741509657.500481,79,-28,-48
1741509657.546481,101,81,-92
1741509657.591481,3,25,-154
1741509657.637481,89,75,-134
1741509657.683481,63,-90,-102
1741509657.729481,24,-20,23
1741509657.7744808,-71,69,-16
1741509657.8204808,-49,-42,-66
1741509657.8664808,-66,38,-76
1741509657.911481,20,39,-90
1741509657.957481,5,-21,-158
1741509658.003481,-36,4,-120
1741509658.049481,-4,36,-104
1741509658.094481,-90,-37,-94
1741509658.140481,96,-56,-7
1741509658.187481,-14,-13,-17
1741509658.233481,18,-42,-38
1741509658.278481,21,-24,-22
1741509658.324481,3,14,-7
1741509658.370481,9,-2,-81
1741509658.4154809,-110,-14,-21
1741509658.4614809,-15,-68,-121
1741509658.5074809,2,106,6
1741509658.5534809,6,-43,-15
1741509658.598481,-47,42,-135
1741509658.644481,54,24,-27
1741509658.690481,-22,2,-127
1741509658.735481,45,-35,-124
1741509658.781481,-20,-63,31
1741509658.827481,48,-49,-13
1741509658.873481,50,-63,-61
1741509658.9184809,6,-57,-61
1741509658.9644809,-37,-28,28
1741509659.0104809,24,53,-53
1741509659.055481,-33,0,-125
1741509659.101481,-59,50,-161
1741509659.147481,48,-13,74
1741509659.193481,33,9,-2
1741509659.2384808,-10,-12,24
1741509659.2844808,-52,73,-93
1741509659.3304808,0,-20,-41
1741509659.375481,70,53,-19
1741509659.421481,16,37,-51
1741509659.467481,5,-66,-25
1741509659.513481,18,-108,-17
1741509659.558481,-62,-24,-201
1741509659.604481,60,-61,-31
1741509659.650481,60,-13,-25
1741509659.6954808,4,35,-139
1741509659.7414808,-9,37,2
1741509659.7874808,-17,-66,0
1741509659.8334808,-11,-36,-280
1741509659.878481,-69,3,-66
1741509659.924481,6,-43,-58
1741509659.970481,8,-37,-50
1741509660.015481,54,64,-25
1741509660.061481,3,24,-79
1741509660.107481,18,10,-145
1741509660.153481,-92,-27,-89
1741509660.1984808,15,-11,-109
1741509660.2444808,-49,-100,-127
1741509660.2904809,33,-55,-37
1741509660.335481,47,-13,-109
1741509660.381481,-18,-7,-63
1741509660.427481,6,-38,62
1741509660.473481,22,17,-57
1741509660.518481,-21,53,-96
1741509660.564481,76,15,1
1741509660.610481,62,3,-157
1741509660.6554809,-21,-46,-97
1741509660.7014809,19,-31,3
1741509660.7474809,105,-43,-177
1741509660.7934809,-62,10,0
1741509660.838481,-68,-31,-94
1741509660.884481,21,22,-34
1741509660.930481,9,-71,-204
1741509660.975481,51,-47,-174
1741509661.021481,-48,-12,-122
1741509661.0674808,45,-72,-74
1741509661.1134808,31,-9,-173
1741509661.158481,-66,-11,-113
1741509661.204481,53,20,-187
1741509661.250481,9,-17,-87
1741509661.295481,-10,-9,-71
1741509661.341481,19,-19,-203
1741509661.387481,-42,-41,-159
1741509661.433481,53,-16,-63
1741509661.4784808,48,-82,-69
1741509661.5244808,-74,-30,-101
1741509661.5704808,55,-21,-79
1741509661.615481,13,-99,-39
1741509661.661481,41,14,-31
1741509661.707481,61,114,-60
1741509661.753481,-8,84,-70
1741509661.798481,46,-34,-154
1741509661.844481,-72,-21,-46
1741509661.890481,23,-95,-36
1741509661.9354808,48,-40,-60
1741509661.9814808,-17,-36,-74
1741509662.0274808,44,21,-164
1741509662.0734808,54,-60,-100
1741509662.118481,-9,-110,20
1741509662.164481,48,45,-43
1741509662.210481,3,32,-86
1741509662.255481,0,7,-141
1741509662.301481,-43,-48,-27
1741509662.347481,31,35,62
1741509662.393481,-51,9,-41
1741509662.4384809,-122,24,-73
1741509662.4844809,21,75,-47
1741509662.5304809,47,-13,-101
1741509662.575481,21,11,-153
1741509662.621481,9,24,52
1741509662.667481,31,1,-97
1741509662.713481,0,61,-193
1741509662.758481,-67,-36,-71
1741509662.804481,42,-36,-93
1741509662.850481,16,-44,-117
1741509662.8954809,-81,45,-160
1741509662.9414809,35,-56,5
1741509662.9874809,-68,38,-50
1741509663.033481,23,-71,-140
1741509663.078481,1,36,-148
1741509663.124481,-28,-63,-101
1741509663.170481,73,9,-103
1741509663.2154808,-42,-9,-40
1741509663.2614808,20,-54,-3
1741509663.3074808,-35,53,90
1741509663.3534808,-25,5,-45
1741509663.398481,28,-2,-52
1741509663.444481,-32,108,-168
1741509663.490481,18,13,3
1741509663.541481,-41,-6,-61
1741509663.587481,44,23,-167
1741509663.633481,-17,-18,-97
1741509663.6784809,36,-40,-9
1741509663.7244809,34,-6,-113
1741509663.7704809,33,95,-87
1741509663.815481,46,6,-217
1741509663.861481,12,-15,-61
1741509663.907481,46,-23,26
1741509663.953481,52,12,-93
1741509663.998481,69,-70,-95
1741509664.0444808,60,-21,18
1741509664.0904808,22,-1,-119
1741509664.1354809,4,-49,-81
1741509664.181481,-37,-35,-43
1741509664.227481,15,-97,38
1741509664.273481,-16,34,-75
1741509664.318481,5,6,-169
1741509664.364481,69,-51,-137
1741509664.410481,12,-34,-31
1741509664.4554808,-19,19,-83
1741509664.5014808,-2,-15,-8
1741509664.5474808,48,50,-97
1741509664.592481,72,40,-101
1741509664.638481,10,-19,-86
1741509664.684481,10,-19,-106
1741509664.730481,-46,3,-188
1741509664.775481,59,61,-12
1741509664.821481,39,-33,-142
1741509664.867481,1,52,-48
1741509664.9124808,-74,9,45
1741509664.9584808,-30,12,-136
1741509665.0044808,11,33,-94
1741509665.0504808,-24,-72,75
1741509665.095481,111,-14,-116
1741509665.141481,-19,34,43
1741509665.187481,67,11,-40
1741509665.232481,5,-31,-12
1741509665.278481,-27,-19,101
1741509665.324481,19,20,-100
1741509665.370481,1,-33,-202
1741509665.4154809,-5,12,-194
1741509665.4614809,8,-121,-98
1741509665.5074809,-8,-4,-86
1741509665.552481,-49,4,1
1741509665.598481,50,-19,-204
1741509665.644481,22,24,-62
1741509665.690481,-81,-95,-78
1741509665.735481,34,24,-74
1741509665.781481,12,16,-168
1741509665.827481,36,57,-74
1741509665.8724809,-11,-28,-162
1741509665.9184809,27,11,9
1741509665.9644809,-1,-2,-138
1741509666.0104809,-19,32,-136
1741509666.055481,12,15,-74
1741509666.101481,-41,16,-82
1741509666.147481,-4,50,-106
1741509666.1924808,-26,-105,-184
1741509666.2384808,7,-2,17
1741509666.2844808,23,6,-42
1741509666.3304808,29,17,-98
1741509666.375481,-15,13,-28
1741509666.421481,-39,25,-136
1741509666.467481,-47,-10,-38
1741509666.512481,-3,44,-122
1741509666.558481,40,6,-86
1741509666.604481,-7,-7,-124
1741509666.650481,6,18,-204
1741509666.6954808,-23,67,15
1741509666.7414808,-34,36,-98
1741509666.7874808,41,44,-130
1741509666.832481,16,79,-58
1741509666.878481,-78,20,-70
1741509666.924481,0,-34,-80
1741509666.970481,88,-54,-18
1741509667.015481,-21,-98,-60
1741509667.061481,16,-29,-144
1741509667.107481,-63,-50,-98
1741509667.1524808,-87,-20,-24
1741509667.1984808,-15,53,-172
1741509667.2444808,129,-35,-106
1741509667.2904809,3,18,5
1741509667.335481,57,102,-52
1741509667.381481,4,-28,23
1741509667.427481,15,-51,-39
1741509667.472481,-22,-17,-136
1741509667.518481,1,-39,-2
1741509667.564481,7,38,-58
1741509667.610481,15,32,-111
1741509667.6554809,-12,0,-49
1741509667.7014809,87,58,-51
1741509667.7474809,34,14,-231
1741509667.792481,-6,12,26
1741509667.838481,-41,-16,-56
1741509667.884481,46,45,49
1741509667.930481,24,7,-97
1741509667.975481,19,-91,-225
1741509668.021481,55,30,2
1741509668.0674808,-42,8,-93
1741509668.1124809,110,74,-13
1741509668.158481,-79,24,-31
1741509668.204481,8,-5,-53
1741509668.250481,-84,41,-129
1741509668.295481,-55,-23,-17
1741509668.341481,-54,-17,-113
1741509668.387481,-6,-9,-45
1741509668.4324808,25,-9,-43
1741509668.4784808,-16,-8,-39
1741509668.5244808,-6,0,-33
1741509668.5704808,-120,26,-115
1741509668.615481,-20,42,-67
1741509668.661481,-6,-37,-69
1741509668.707481,22,17,-87
1741509668.752481,-75,-2,-77
1741509668.798481,37,-45,-101
1741509668.8434808,51,-71,4
1741509668.888481,97,6,-99
1741509668.934481,-12,-15,-95
1741509668.980481,-10,-27,-39
1741509669.026481,-14,-7,-203
1741509669.071481,3,-17,-157
1741509669.117481,-36,4,-75
1741509669.163481,49,-47,-37
1741509669.2084808,56,-27,-57
1741509669.2544808,-33,-27,-45
1741509669.3004808,56,48,-61
1741509669.3464808,-52,52,-11
1741509669.391481,-58,-41,-67
1741509669.437481,-4,107,-55
1741509669.483481,-57,-18,-81
1741509669.528481,-8,10,-151
1741509669.574481,15,22,-169
1741509669.620481,-42,-63,-105
1741509669.666481,-50,8,-48
1741509669.7114809,45,-29,-73
1741509669.7574809,41,56,-101
1741509669.8034809,-30,83,-63
1741509669.848481,-14,19,-113
1741509669.894481,-22,-8,-71
1741509669.940481,47,54,-103
1741509669.986481,-50,13,-55
1741509670.031481,105,5,-207
1741509670.077481,-62,-22,-39
1741509670.123481,7,-44,40
1741509670.1684809,11,15,-97
1741509670.2144809,-30,-4,-39
1741509670.2604809,51,-56,98
1741509670.306481,1,59,-15
1741509670.351481,39,-21,24
1741509670.397481,63,8,-101
1741509670.443481,-18,-11,-47
1741509670.4884808,-3,12,-109
1741509670.5344808,-76,-21,-17
1741509670.5804808,-2,92,-99
1741509670.6264808,41,0,-91
1741509670.671481,-36,-1,8
1741509670.717481,-61,-35,-107
1741509670.763481,-3,4,-85
1741509670.808481,53,11,-101
1741509670.854481,-48,7,21
1741509670.900481,17,-88,-35
1741509670.946481,-49,-25,-58
1741509670.9914808,37,-40,-101
1741509671.0374808,-29,72,-129
1741509671.0834808,16,-43,-45
1741509671.128481,-71,-13,-121
1741509671.174481,88,-7,-95
1741509671.220481,-81,62,-119
1741509671.265481,22,-17,-89
1741509671.311481,50,-23,-33
1741509671.357481,-29,22,-25
1741509671.403481,-31,-7,-34
1741509671.4484808,-21,30,-197
1741509671.4944808,-23,43,-13
1741509671.5404809,-11,38,74
1741509671.585481,-76,-11,-29
1741509671.631481,-41,-21,-111
1741509671.677481,-49,16,-127
1741509671.723481,49,-46,34
1741509671.768481,5,11,-21
1741509671.814481,-56,-12,-125
1741509671.860481,30,19,-85
1741509671.9054809,-21,97,-126
1741509671.9514809,96,-44,-77
1741509671.9974809,-23,-32,-131
1741509672.0434809,3,-25,-101
1741509672.088481,-27,-44,-101
1741509672.134481,35,-25,-41
1741509672.180481,85,-60,-97
1741509672.225481,9,21,-91
1741509672.271481,85,-86,-69
1741509672.3174808,-22,15,-209
1741509672.3634808,-34,95,-49
1741509672.408481,-20,-46,-87
1741509672.454481,-64,71,0
1741509672.500481,-37,-22,-207
1741509672.545481,-53,11,32
1741509672.591481,-30,-48,-181
1741509672.637481,-28,12,-107
1741509672.683481,29,37,-134
1741509672.7284808,-6,18,26
1741509672.7744808,-71,32,-58
1741509672.8204808,-87,-51,-104
1741509672.865481,73,-14,-106
1741509672.911481,-48,7,-50
1741509672.957481,-37,38,-150
1741509673.003481,51,-16,-64
1741509673.048481,-32,-86,-156
1741509673.094481,-24,-47,5
1741509673.140481,154,-37,-48
1741509673.1854808,-5,22,-62
1741509673.2314808,38,-75,7
1741509673.2774808,14,-79,-72
1741509673.3234808,-3,3,-40
1741509673.368481,66,-79,-98
1741509673.414481,5,22,69
1741509673.460481,-37,26,-148
1741509673.505481,68,-17,-112
1741509673.5574808,20,51,-128
1741509673.6034808,-45,-39,-150
1741509673.648481,19,-8,-62
1741509673.694481,77,-31,-66
1741509673.740481,69,-17,-102
1741509673.785481,-18,30,-74
1741509673.831481,51,43,-24
1741509673.877481,-23,17,-194
1741509673.923481,12,-14,-214
1741509673.9684808,26,-58,31
1741509674.0144808,6,-28,-118
1741509674.0604808,78,-26,-46
1741509674.105481,28,0,-52
1741509674.1524808,84,-10,-184
1741509674.1984808,-41,-64,-116
1741509674.2444808,105,64,7
1741509674.289481,43,-47,-72
1741509674.335481,81,-31,-94
1741509674.381481,-34,-11,23
1741509674.427481,33,104,-44
1741509674.472481,9,13,36
1741509674.518481,-84,-34,-113
1741509674.564481,59,-30,-113
1741509674.6094809,24,7,-13
1741509674.6554809,-13,17,-79
1741509674.7014809,14,-19,-137
1741509674.7474809,12,-59,90
1741509674.792481,4,8,-105
1741509674.838481,-20,48,-99
1741509674.884481,-5,-62,-51
1741509674.929481,77,66,-31
1741509674.975481,-10,-17,-49
1741509675.021481,-78,-15,-103
1741509675.0674808,-21,-4,-79
1741509675.1124809,-5,-20,-103
1741509675.158481,39,-12,-77
1741509675.204481,-10,-82,-77
1741509675.249481,-86,-10,90
1741509675.295481,-15,-48,8
1741509675.341481,4,-28,-151
1741509675.387481,-33,-78,-169
1741509675.4324808,-21,-53,-171
1741509675.4784808,-19,-28,-81
1741509675.5244808,-19,-10,-167
1741509675.569481,12,-9,-101
1741509675.615481,76,-81,-107
1741509675.661481,30,70,-73
1741509675.707481,-79,-65,-183
1741509675.752481,-11,34,-35
1741509675.798481,-31,-45,-79
1741509675.844481,48,-13,-3
1741509675.8894808,-12,8,-61
1741509675.9354808,-2,-43,-169
1741509675.9814808,-48,-33,-17
1741509676.0274808,-26,-5,-87
1741509676.072481,-48,-53,72
1741509676.118481,7,70,-19
1741509676.164481,55,7,-59
1741509676.209481,13,-37,-117
1741509676.255481,-67,15,-1
1741509676.301481,-14,-14,-195
1741509676.347481,47,-24,-37
1741509676.3924809,9,-12,-21
1741509676.4384809,-90,79,-5
1741509676.4844809,-24,5,-19
1741509676.529481,-4,75,-23
1741509676.575481,29,-56,46
1741509676.621481,-95,23,6
1741509676.667481,-4,-31,-85
1741509676.712481,-16,-19,-107
1741509676.758481,53,-3,-69
1741509676.804481,-46,-31,-59
1741509676.8494809,32,-2,111
1741509676.8954809,57,-7,62
1741509676.9414809,32,0,56
1741509676.9874809,-20,-39,-63
1741509677.032481,-70,-3,-19
1741509677.078481,15,12,-135
1741509677.124481,3,46,-139
1741509677.1694808,2,-8,-94
1741509677.2154808,-27,-44,-182
1741509677.2614808,6,43,31
1741509677.3074808,-30,-85,-120
1741509677.352481,39,-1,-92
1741509677.398481,-40,-32,-110
1741509677.444481,-13,-16,-132
1741509677.489481,-33,71,-166
1741509677.535481,2,5,-90
1741509677.581481,120,17,-162
1741509677.627481,46,-14,-22
1741509677.6724808,-88,45,-132
1741509677.7184808,-4,-34,-122
1741509677.7644808,1,-52,-80
1741509677.809481,15,-4,-109
1741509677.855481,77,-50,-32
1741509677.901481,-54,49,-62
1741509677.947481,-48,65,9
1741509677.992481,15,-56,-15
1741509678.038481,107,14,-90
1741509678.084481,59,-26,-63
1741509678.1294808,3,-126,34
1741509678.1754808,-46,-112,-39
1741509678.2214808,53,-16,-103
1741509678.266481,5,31,-110
1741509678.312481,5,-8,-207
1741509678.358481,-13,-10,-78
1741509678.404481,84,-2,-199
1741509678.449481,116,43,-13
1741509678.495481,-45,-20,-87
1741509678.541481,-15,-20,4
1741509678.5864809,-5,-20,-35
1741509678.6324809,-1,-12,-79
1741509678.6784809,20,-40,-105
1741509678.7244809,-3,-38,-147
1741509678.769481,-37,-74,-111
1741509678.815481,32,11,-107
1741509678.861481,-27,29,-77
1741509678.906481,60,-8,-37
1741509678.952481,-27,-100,-145
1741509678.998481,14,-2,-169
1741509679.0444808,-1,1,-55
1741509679.0894809,72,-50,-65
1741509679.1354809,-41,43,-135
1741509679.181481,-63,-72,-57
1741509679.226481,-58,-61,-139
1741509679.272481,49,0,-147
1741509679.318481,17,88,-133
1741509679.364481,9,-31,-153
1741509679.4094808,-22,48,-120
1741509679.4554808,33,-53,-122
1741509679.5014808,-28,40,29
1741509679.546481,-6,-23,-187
1741509679.592481,21,-33,4
1741509679.638481,-32,18,-51
1741509679.684481,-36,54,-93
1741509679.729481,41,36,-19
1741509679.775481,13,18,-195
1741509679.821481,-12,4,-31
1741509679.8664808,-42,-39,-85
1741509679.9124808,33,16,-63
1741509679.9584808,29,-9,-91
1741509680.0044808,-30,-13,-125
1741509680.049481,-56,-79,-69
1741509680.095481,-10,-11,-175
1741509680.141481,39,96,-19
1741509680.186481,-28,44,-27
1741509680.232481,-11,39,-93
1741509680.278481,17,-37,-99
1741509680.324481,-39,-32,-29
1741509680.3694808,-70,-54,-79
1741509680.4154809,51,-10,-61
1741509680.4614809,-28,62,-107
1741509680.506481,87,8,-95
1741509680.552481,-120,-7,-51
1741509680.598481,43,18,-127
1741509680.644481,-25,-22,-103
1741509680.689481,31,-69,-31
1741509680.735481,-81,27,-165
1741509680.781481,-4,-13,-191
1741509680.8264809,-10,-1,-65
1741509680.8724809,-33,-14,-113
1741509680.9184809,-53,87,-48
1741509680.9644809,0,22,-90
1741509681.009481,-28,-103,-124
1741509681.055481,20,-28,-124
1741509681.101481,20,-30,-114
1741509681.146481,-14,-5,-63
1741509681.1924808,-28,72,-56
1741509681.2384808,-37,25,-34
1741509681.2844808,29,38,-31
1741509681.329481,-23,11,-113
1741509681.375481,-27,-24,-93
1741509681.421481,70,37,-31
1741509681.466481,-57,11,-25
1741509681.512481,38,-10,-101
1741509681.558481,-67,17,22
1741509681.604481,85,-21,-174
1741509681.6494808,-19,9,-108
1741509681.6954808,-95,33,-60
1741509681.7414808,-15,31,-212
1741509681.786481,-56,12,-122
1741509681.832481,-31,-14,-82
1741509681.878481,6,33,-52
1741509681.924481,-104,-36,-68
1741509681.969481,92,0,19
1741509682.015481,32,81,37
1741509682.061481,63,-55,-127
1741509682.1064808,-8,-61,-61
1741509682.1524808,58,27,-169
1741509682.1984808,33,36,-113
1741509682.2444808,79,16,-55
1741509682.289481,-54,-3,-29
1741509682.335481,-50,22,-108
1741509682.381481,-30,22,-120
1741509682.426481,-58,-71,-93
1741509682.472481,53,18,-94
1741509682.518481,35,-91,-100
1741509682.564481,-47,79,-76
1741509682.6094809,-18,66,-192
1741509682.6554809,-5,-86,-50
1741509682.7014809,-13,17,-27
1741509682.746481,-36,62,-119
1741509682.792481,59,74,-75
1741509682.838481,-82,52,42
1741509682.884481,19,-17,-47
1741509682.929481,-88,16,-201
1741509682.975481,12,-40,-90
1741509683.021481,0,14,10
1741509683.0664809,5,114,-27
1741509683.1124809,-44,-29,-72
1741509683.158481,51,-75,-37
1741509683.204481,-25,65,-17
1741509683.249481,-9,31,-97
1741509683.295481,-36,-10,-133
1741509683.341481,0,-67,-45
1741509683.3864808,38,9,-187
1741509683.4324808,18,0,30
1741509683.4784808,34,-68,2
1741509683.529481,4,-38,-101
1741509683.575481,-5,33,-85
1741509683.621481,94,75,-113
1741509683.666481,115,46,-20
1741509683.712481,30,69,-96
1741509683.758481,21,-23,-172
1741509683.802481,51,-43,-46
1741509683.848481,-41,25,-24
1741509683.894481,-57,1,-76
1741509683.940481,0,-14,-120
1741509683.985481,-9,3,-88
1741509684.031481,93,-9,-36
1741509684.077481,-19,73,13
1741509684.1224809,-16,-93,-48
1741509684.1684809,-20,-17,-214
1741509684.2144809,13,68,-34
1741509684.2604809,43,48,-36
1741509684.305481,17,1,-62
1741509684.351481,-30,-37,-154
1741509684.397481,-58,-12,-118
1741509684.4424808,-25,5,7
1741509684.4884808,-17,77,-70
1741509684.5344808,-5,-20,-112
1741509684.5804808,-83,11,21
1741509684.625481,99,67,-108
1741509684.671481,-42,0,-32
1741509684.717481,57,30,-220
1741509684.762481,14,36,-22
1741509684.808481,52,-63,-48
1741509684.854481,33,-24,-50
1741509684.8994808,4,-68,-126
1741509684.9454808,-49,27,-136
1741509684.9914808,-11,89,-88
1741509685.0374808,98,-26,-158
1741509685.082481,-37,-24,-30
1741509685.128481,10,57,-20
1741509685.174481,-13,5,-32
1741509685.219481,-89,41,-102
1741509685.265481,-19,5,-84
1741509685.311481,56,7,-4
1741509685.357481,21,-11,-38
1741509685.4024808,42,34,-74
1741509685.4484808,-35,-7,-90
1741509685.4944808,4,6,-54
1741509685.539481,25,-21,-120
1741509685.585481,65,13,-84
1741509685.631481,-48,-30,-120
1741509685.677481,77,19,-126
1741509685.722481,40,25,-6
1741509685.768481,-93,-10,-52
1741509685.814481,-87,-28,-6
1741509685.8594809,-13,-18,-148
1741509685.9054809,58,-62,3
1741509685.9514809,-57,-26,115
1741509685.9974809,-85,19,-66
1741509686.042481,-28,33,-174
1741509686.088481,57,20,-107
1741509686.134481,17,26,50
1741509686.179481,67,-34,-68
1741509686.225481,-44,5,-40
1741509686.271481,38,-42,-114
1741509686.3174808,4,15,-142
1741509686.3624809,-117,-54,-42
1741509686.408481,-11,5,-74
1741509686.454481,-18,-1,-108
1741509686.499481,19,50,-56
1741509686.545481,-18,-23,-78
1741509686.591481,52,39,-126
1741509686.637481,72,23,-116
1741509686.6824808,41,62,-18
1741509686.7284808,-49,55,-54
1741509686.7744808,-74,14,24
1741509686.819481,60,3,-53
1741509686.865481,-40,-46,-123
1741509686.911481,-15,-20,-43
1741509686.957481,80,35,-15
1741509687.002481,-64,11,-79
1741509687.048481,-110,21,-147
1741509687.094481,-43,11,-81
1741509687.1394808,-15,-46,-79
1741509687.1854808,4,-32,-25
1741509687.2314808,10,-26,-5
1741509687.2774808,40,19,-97
1741509687.322481,-10,-70,-5
1741509687.368481,1,41,-63
1741509687.414481,52,-62,-51
1741509687.459481,-35,93,-103
1741509687.505481,-71,-6,-129
1741509687.551481,14,-24,14
1741509687.597481,-40,68,-137
1741509687.6424809,-56,-55,-141
1741509687.6884809,25,26,-47
1741509687.7344809,-47,13,-107
1741509687.779481,-5,-72,-91
1741509687.825481,-5,14,-77
1741509687.871481,-64,-36,-119
1741509687.917481,9,71,-91
1741509687.962481,7,71,-159
1741509688.008481,-78,-18,-59
1741509688.054481,-52,27,-115
1741509688.0994809,-32,-19,-113
1741509688.1454809,-60,-41,-77
1741509688.1914809,29,-23,-187
1741509688.2374809,-76,-37,-105
1741509688.282481,-84,-47,6
1741509688.328481,-20,-61,-101
1741509688.374481,-24,20,-61
1741509688.4194808,-8,-23,-165
1741509688.4654808,27,-59,-13
1741509688.5114808,13,-41,-209
1741509688.5574808,15,-21,71
1741509688.602481,15,-33,-163
1741509688.648481,83,20,5
1741509688.694481,3,28,39
1741509688.739481,26,-60,-66
1741509688.785481,-55,29,-84
1741509688.831481,6,35,-210
1741509688.877481,-12,-25,-124
1741509688.9224808,-19,21,-96
1741509688.9684808,35,14,-140
1741509689.0144808,39,48,-102
1741509689.059481,-98,-71,-84
1741509689.105481,0,16,-64
1741509689.151481,69,-7,-71
1741509689.197481,-18,-15,-35
1741509689.242481,21,-35,-45
1741509689.288481,59,36,8
1741509689.334481,5,4,-81
1741509689.3794808,3,-9,-221
1741509689.4254808,-43,-52,-159
1741509689.4714808,-70,-27,94
1741509689.5174809,97,-29,-85
1741509689.562481,-50,34,0
1741509689.608481,-54,90,-199
1741509689.654481,13,-47,-119
1741509689.699481,11,8,-123
1741509689.745481,-36,92,-147
1741509689.791481,9,18,-79
1741509689.837481,0,0,-115
1741509689.8824809,19,-6,2
1741509689.9284809,-34,-2,-77
1741509689.9744809,-8,21,-59
1741509690.019481,-32,29,-33
1741509690.065481,-44,-14,-69
1741509690.111481,17,19,-17
1741509690.157481,-40,-8,-35
1741509690.202481,-8,25,-105
1741509690.248481,-40,13,-189
1741509690.2944808,-26,101,36
1741509690.3394809,73,57,22
1741509690.3854809,5,13,-165
1741509690.431481,25,53,14
1741509690.477481,-54,-22,-99
1741509690.522481,61,59,-133
1741509690.568481,-42,51,-109
1741509690.614481,29,49,-49
1741509690.6594808,34,-67,-113
1741509690.7054808,-97,5,-141
1741509690.7514808,41,4,-27
1741509690.7974808,-97,67,-129
1741509690.842481,-75,33,-241
1741509690.888481,-11,49,-153
1741509690.934481,-29,-30,-123
1741509690.979481,-97,-10,40
1741509691.025481,69,-38,-45
1741509691.071481,-4,-8,-27
1741509691.117481,20,30,-41
1741509691.1624808,14,-31,-125
1741509691.2084808,4,8,-119
1741509691.2544808,29,-17,-179
1741509691.299481,16,-17,-121
1741509691.345481,20,-2,-61
1741509691.391481,6,-6,-119
1741509691.437481,46,53,-79
1741509691.482481,-108,27,4
1741509691.528481,9,1,-39
1741509691.574481,61,-28,-71
1741509691.6194808,6,45,-93
1741509691.6654809,-5,38,-79
1741509691.7114809,-1,28,-145
1741509691.756481,52,-42,42
1741509691.802481,62,-6,-71
1741509691.848481,-33,45,-173
1741509691.894481,22,-40,-55
1741509691.939481,18,79,-115
1741509691.985481,-112,32,-215
1741509692.031481,73,35,-53
1741509692.0764809,0,29,-77
1741509692.1224809,51,3,48
1741509692.1684809,-60,-18,-129
1741509692.2144809,25,-32,-1
1741509692.259481,23,-88,-25
1741509692.305481,23,-36,-37
1741509692.351481,-50,18,-79
1741509692.396481,-38,27,-49
1741509692.4424808,48,12,-33
1741509692.4884808,-75,70,-73
1741509692.5344808,36,-27,26
1741509692.579481,42,4,-145
1741509692.625481,6,52,-175
1741509692.671481,59,27,-143
1741509692.716481,20,10,-117
1741509692.762481,-16,15,40
1741509692.808481,-9,39,-85
1741509692.854481,4,-68,-121
1741509692.8994808,-45,-55,-60
1741509692.9454808,52,0,69
1741509692.9914808,-3,-58,-118
1741509693.036481,6,13,-128
1741509693.082481,-9,67,15
1741509693.128481,29,46,-110
1741509693.174481,24,24,-38
1741509693.219481,44,-33,-130
1741509693.265481,0,26,-108
1741509693.311481,69,8,-110
1741509693.3564808,-76,46,-192
1741509693.4024808,-70,52,-10
1741509693.4484808,-72,24,-34
1741509693.4944808,-73,15,-26
1741509693.545481,-39,-22,3
1741509693.591481,-3,45,-56
1741509693.6364808,23,22,-104
1741509693.6824808,-23,0,-170
1741509693.7284808,-29,52,-82
1741509693.7744808,24,-24,-126
1741509693.819481,54,-8,-174
1741509693.865481,74,-50,-28
1741509693.911481,-2,8,51
1741509693.956481,15,54,-8
1741509694.002481,37,-13,-150
1741509694.048481,-5,36,-36
1741509694.094481,8,0,-40
1741509694.1394808,-33,-3,-209
1741509694.1854808,-19,-3,42
1741509694.2314808,-53,-28,-123
1741509694.276481,22,-26,-189
1741509694.322481,28,-4,-111
1741509694.368481,-21,65,-195
1741509694.414481,60,-24,-65
1741509694.459481,30,49,-89
1741509694.505481,55,-38,-49
1741509694.551481,13,-38,-85
1741509694.5964808,-43,45,-89
1741509694.6424809,-23,-6,-33
1741509694.6884809,-24,-40,-126
1741509694.7344809,-42,-24,5
1741509694.779481,-8,-14,-195
1741509694.825481,55,3,-60
1741509694.871481,-6,3,-73
1741509694.916481,19,4,-79
1741509694.962481,49,-51,-155
1741509695.008481,-38,18,-157
1741509695.054481,-14,-23,-18
1741509695.0994809,-38,36,-151
1741509695.1454809,-82,-21,16
1741509695.1914809,25,46,-63
1741509695.236481,1,-30,-187
1741509695.282481,37,-26,40
1741509695.328481,0,1,18
1741509695.374481,-34,73,-123
1741509695.4194808,80,19,-49
1741509695.4654808,-11,-10,-147
1741509695.5114808,2,-29,-43
1741509695.556481,26,-84,-135
1741509695.602481,-4,0,2
1741509695.648481,-44,-10,-105
1741509695.694481,-84,103,-111
1741509695.739481,79,-50,-73
1741509695.785481,15,63,-53
1741509695.831481,-43,33,22
1741509695.8764808,-78,-17,-115
1741509695.9224808,-6,-19,-34
1741509695.9684808,-2,16,-131
1741509696.0144808,46,11,-63
1741509696.059481,-22,-70,-39
1741509696.105481,-60,-13,-171
1741509696.151481,82,-6,-121
1741509696.196481,-70,-69,-95
1741509696.242481,65,62,-13
1741509696.288481,-64,-13,-43
1741509696.334481,-15,-43,-86
1741509696.3794808,65,-19,-130
1741509696.4254808,-25,-29,13
1741509696.4714808,-11,26,-22
1741509696.516481,7,54,-122
1741509696.562481,0,-29,-202
1741509696.608481,37,70,-116
1741509696.654481,48,-58,-66
1741509696.699481,-15,0,-64
1741509696.745481,61,26,-142
1741509696.791481,-24,42,-52
1741509696.8364809,35,46,-62
1741509696.8824809,-18,18,35
1741509696.9284809,67,-23,-72
1741509696.9744809,61,4,-176
1741509697.019481,13,-13,-44
1741509697.065481,-55,14,-115
1741509697.111481,-62,73,-105
1741509697.156481,-27,5,-35
1741509697.202481,106,13,-11
1741509697.248481,-19,-12,-95
1741509697.2944808,-41,-12,-19
1741509697.3394809,10,-6,-72
1741509697.3854809,22,-3,-38
1741509697.431481,-104,-28,-94
1741509697.476481,33,34,44
1741509697.522481,55,-19,-59
1741509697.568481,17,-16,-105
1741509697.614481,69,-55,-1
1741509697.6594808,19,-34,-103
1741509697.7054808,111,-36,-25
1741509697.7514808,47,93,20
1741509697.796481,63,-18,-37
1741509697.842481,65,-50,-195
1741509697.888481,-66,5,-29
1741509697.934481,76,-34,-149
1741509697.979481,44,-19,-55
1741509698.025481,-55,17,-61
1741509698.071481,-42,-3,-15
1741509698.1164808,-24,-58,44
1741509698.1624808,-40,-44,-67
1741509698.2084808,-16,35,-91
1741509698.2544808,-74,-14,-93
1741509698.299481,-32,9,44
1741509698.345481,81,-10,-65
1741509698.391481,11,43,-8
1741509698.436481,-23,59,-98
1741509698.482481,-8,85,-70
1741509698.528481,-28,-21,-104
1741509698.5734808,-46,-29,-112
1741509698.6194808,11,56,-78
1741509698.6654809,41,24,-70
1741509698.7114809,58,50,-38
1741509698.756481,68,-65,-74
1741509698.802481,-48,-29,-170
1741509698.848481,-9,52,-27
1741509698.893481,86,-9,-135
1741509698.939481,-27,-35,-103
1741509698.985481,44,56,-65
1741509699.031481,43,78,-159
1741509699.0764809,-55,-64,36
1741509699.1224809,-21,31,-171
1741509699.1684809,-21,-6,-77
1741509699.213481,-7,35,-35
1741509699.259481,-58,16,-88
1741509699.305481,53,-5,-71
1741509699.351481,-96,88,-44
1741509699.396481,41,-3,-8
1741509699.4424808,-44,66,-160
1741509699.4884808,-44,-89,41
1741509699.533481,-90,-19,-90
1741509699.579481,-70,-8,-130
1741509699.625481,3,-4,-22
1741509699.671481,75,43,-134
1741509699.716481,39,-54,7
1741509699.762481,-31,-23,-152
1741509699.808481,18,-15,13
1741509699.8534808,-3,-13,-54
1741509699.8994808,-11,12,-78
1741509699.9454808,18,-15,-126
1741509699.9914808,-61,-13,-100
1741509700.036481,-1,60,-128
1741509700.082481,21,-12,-180
1741509700.128481,53,-56,1
1741509700.173481,-38,15,-92
1741509700.219481,69,11,-68
1741509700.265481,-46,-28,-64
1741509700.311481,71,-56,0
1741509700.3564808,-10,-6,-122
1741509700.4024808,89,41,-12
1741509700.4484808,23,-88,-4
1741509700.493481,63,9,-57
1741509700.539481,-42,-22,-81
1741509700.585481,11,45,-141
1741509700.631481,58,31,-9
1741509700.676481,-72,11,-131
1741509700.722481,-60,-102,-19
1741509700.768481,8,20,-143
1741509700.8134809,3,7,-123
1741509700.8594809,-11,47,-151
1741509700.9054809,-53,-22,-47
1741509700.9514809,57,-8,-47
1741509700.996481,21,-32,-89
1741509701.042481,-3,29,-99
1741509701.088481,28,7,-92
1741509701.133481,124,1,-75
1741509701.179481,55,19,-125
1741509701.225481,-4,-2,-19
1741509701.271481,-53,64,-3
1741509701.3164809,-111,44,-35
1741509701.3624809,8,27,-23
1741509701.408481,80,41,-135
1741509701.453481,57,30,-105
1741509701.499481,27,14,-151
1741509701.545481,41,-11,-11
1741509701.591481,101,22,-125
1741509701.6364808,-24,-8,14
1741509701.6824808,-60,-43,-196
1741509701.7284808,37,50,-52
1741509701.773481,-92,38,-51
1741509701.819481,-105,-10,-172
1741509701.865481,94,3,-186
1741509701.911481,80,-22,-50
1741509701.956481,-17,25,-87
1741509702.002481,-47,-48,-179
1741509702.048481,-35,-66,-21
1741509702.0934808,-13,-42,-27
1741509702.1394808,-89,9,-113
1741509702.1854808,-31,29,34
1741509702.2314808,-13,35,-80
1741509702.276481,25,-11,-6
1741509702.322481,-12,-41,-58
1741509702.368481,-45,-4,-68
1741509702.413481,-18,10,-72
1741509702.459481,-23,27,-96
1741509702.505481,-11,-38,-90
1741509702.551481,10,-44,-82
1741509702.5964808,17,4,-58
1741509702.6424809,99,44,-60
1741509702.6884809,3,-41,-48
1741509702.733481,-68,83,-130
1741509702.779481,-49,37,-146
1741509702.825481,-54,-10,-124
1741509702.871481,-70,-79,-36
1741509702.916481,-116,38,-94
1741509702.962481,3,22,-66
1741509703.008481,1,27,-50
1741509703.0534809,56,3,7
1741509703.0994809,3,18,-50
1741509703.1454809,-8,-25,-128
1741509703.1914809,-8,-5,-144
1741509703.236481,39,25,-78
1741509703.282481,75,-18,-90
1741509703.328481,71,-8,-36
1741509703.373481,41,-6,-116
1741509703.4194808,-48,73,-98
1741509703.4654808,63,-58,-107
1741509703.5114808,7,53,-29
1741509703.562481,79,-1,-91
1741509703.608481,9,-39,-47
1741509703.653481,-13,24,-95
1741509703.699481,73,-9,-199
1741509703.745481,-41,-9,-7
1741509703.791481,16,-27,82
1741509703.8364809,-51,-57,-55
1741509703.8824809,-51,-41,-127
1741509703.9284809,32,-20,-3
1741509703.973481,-11,-18,-63
1741509704.019481,-4,26,46
1741509704.065481,-32,17,-73
1741509704.111481,-16,72,-43
1741509704.156481,18,-1,-69
1741509704.202481,-54,66,-177
1741509704.248481,40,-25,-35
1741509704.2934809,-58,-18,-91
1741509704.3394809,-46,-13,26
1741509704.3854809,-24,-49,-167
1741509704.431481,45,56,-39
1741509704.476481,131,-21,-43
1741509704.522481,17,-75,-127
1741509704.568481,23,-55,-67
1741509704.6134808,-18,42,38
1741509704.6594808,-67,15,-137
1741509704.7054808,4,-15,-121
1741509704.7514808,53,-16,-87
1741509704.796481,26,63,-35
1741509704.842481,18,25,-92
1741509704.888481,-71,-60,-155
1741509704.933481,28,19,-139
1741509704.979481,10,76,-65
1741509705.025481,-57,13,-109
1741509705.071481,-29,33,0
1741509705.1164808,24,47,-173
1741509705.1624808,-3,3,-23
1741509705.2084808,10,39,-105
1741509705.253481,98,17,-105
1741509705.299481,8,53,-75
1741509705.345481,22,17,-39
1741509705.390481,-79,-76,-119
1741509705.436481,10,-20,-49
1741509705.482481,-34,-39,-63
1741509705.528481,-22,-59,-89
1741509705.5734808,-20,0,-131
1741509705.6194808,-69,45,-133
1741509705.6654809,76,-62,-116
1741509705.710481,29,36,-42
1741509705.756481,-65,32,-130
1741509705.802481,66,52,38
1741509705.848481,56,-67,32
1741509705.893481,38,27,-77
1741509705.939481,16,9,-185
1741509705.985481,12,-4,-6
1741509706.0304809,-7,51,-5
1741509706.0764809,-12,4,-123
1741509706.1224809,9,-5,-215
1741509706.1684809,61,-11,-207
1741509706.213481,1,-78,-85
1741509706.259481,2,-50,38
1741509706.305481,0,27,-59
1741509706.350481,30,113,-61
1741509706.396481,-25,-40,-37
1741509706.4424808,-35,35,-253
1741509706.4884808,-6,60,-135
1741509706.533481,-62,48,22
1741509706.579481,-9,7,-49
1741509706.625481,-1,-26,-53
1741509706.670481,-31,0,-85
1741509706.716481,-13,29,-125
1741509706.762481,-67,-60,-111
1741509706.808481,-33,-36,-121
1741509706.8534808,34,-18,-113
1741509706.8994808,-35,-50,-179
1741509706.9454808,-37,19,-89
1741509706.990481,70,54,-133
1741509707.036481,88,-14,-78
1741509707.082481,-25,-14,-21
1741509707.128481,-43,-29,-7
1741509707.173481,54,26,-3
1741509707.219481,30,63,-107
1741509707.265481,-19,-9,52
1741509707.3104808,42,-31,-211
1741509707.3564808,8,52,-25
1741509707.4024808,-70,-47,-117
1741509707.4484808,-16,14,-95
1741509707.493481,7,16,-73
1741509707.539481,-54,48,-45
1741509707.585481,-10,27,-121
1741509707.630481,-22,-38,-133
1741509707.676481,43,-14,-36
1741509707.722481,-2,29,-89
1741509707.768481,3,35,-59
1741509707.8134809,-30,-40,-47
1741509707.8594809,31,-52,38
1741509707.9054809,-4,-12,10
1741509707.950481,17,5,-79
1741509707.996481,-9,-32,-51
1741509708.042481,42,3,-55
1741509708.088481,-95,9,-101
1741509708.133481,-43,9,-157
1741509708.179481,-51,-12,-123
1741509708.225481,-41,-30,-131
1741509708.2704809,21,-63,-59
1741509708.3164809,-20,-55,-125
1741509708.3624809,-44,24,-21
1741509708.408481,-6,52,-87
1741509708.453481,29,-41,16
1741509708.499481,3,-27,54
1741509708.545481,49,-13,-29
1741509708.5904808,24,29,-95
1741509708.6364808,100,-60,-49
1741509708.6824808,-66,86,12
1741509708.7284808,-33,77,18
1741509708.773481,12,-46,-61
1741509708.819481,20,29,-145
1741509708.865481,4,41,-63
1741509708.910481,-32,-17,-181
1741509708.956481,-40,-17,14
1741509709.002481,26,-42,-43
1741509709.048481,6,45,-163
1741509709.0934808,44,-12,-93
1741509709.1394808,90,23,-71
1741509709.1854808,-46,-95,-159
1741509709.230481,-20,46,-153
1741509709.276481,15,20,-49
1741509709.322481,34,37,-83
1741509709.368481,41,33,-26
1741509709.413481,9,-60,-81
1741509709.459481,19,69,-115
1741509709.505481,36,25,-140
1741509709.5504808,54,-2,-124
1741509709.5964808,84,65,-202
1741509709.6424809,-7,7,-118
1741509709.6884809,-31,-56,-88
1741509709.733481,26,9,-180
1741509709.779481,-1,-56,-170
1741509709.825481,-41,-10,61
1741509709.870481,102,55,-32
1741509709.916481,0,65,-102
1741509709.962481,-11,13,-72
1741509710.008481,-43,-18,-70
1741509710.0534809,-51,49,-194
1741509710.0994809,-14,-16,-112
1741509710.1454809,13,-44,-130
1741509710.190481,-6,-16,-40
1741509710.236481,-26,23,3
1741509710.282481,1,51,-100
1741509710.328481,75,-4,-42
1741509710.373481,-32,8,23
1741509710.4194808,-83,23,-82
1741509710.4654808,-21,69,-180
1741509710.5104809,-1,-22,-168
1741509710.556481,-1,-28,-107
1741509710.602481,7,-15,-33
1741509710.648481,-59,7,-41
1741509710.693481,-12,-48,-9
1741509710.739481,-15,-80,-24
1741509710.785481,70,-20,-146
1741509710.8304808,-67,17,-159
1741509710.8764808,64,-2,-103
1741509710.9224808,8,-90,-93
1741509710.9684808,22,10,-97
1741509711.013481,82,39,-12
1741509711.059481,2,-40,-163
1741509711.105481,36,-73,4
1741509711.150481,16,26,-99
1741509711.196481,-17,24,-5
1741509711.242481,20,-11,-285
1741509711.288481,-71,-21,-119
1741509711.3334808,22,20,-97
1741509711.3794808,42,-83,-89
1741509711.4254808,-17,-37,-75
1741509711.470481,78,40,-78
1741509711.516481,34,-59,-81
1741509711.562481,50,-35,-36
1741509711.608481,26,-47,-116
1741509711.653481,0,-71,-130
1741509711.699481,-22,-30,-112
1741509711.745481,34,-57,-72
1741509711.7904809,26,36,-217
1741509711.8364809,-25,-13,-87
1741509711.8824809,-49,36,-88
1741509711.9284809,-13,-32,-85
1741509711.973481,8,7,-109
1741509712.019481,38,-30,-31
1741509712.065481,18,67,-174
1741509712.110481,-47,3,-124
1741509712.156481,-67,-10,-110
1741509712.202481,30,-30,52
1741509712.2474809,-9,-4,-177
1741509712.2934809,14,51,-101
1741509712.3394809,0,0,-5
1741509712.3854809,-7,-28,-57
1741509712.430481,-9,-14,-55
1741509712.476481,-19,35,-75
1741509712.522481,-55,15,-181
1741509712.5674808,61,3,-61
1741509712.6134808,26,53,-161
1741509712.6594808,-19,57,-13
1741509712.7054808,-3,-2,-27
1741509712.750481,170,-20,-41
1741509712.796481,-39,-20,-35
1741509712.842481,-19,11,16
1741509712.887481,-51,1,-203
1741509712.933481,-23,-26,-109
1741509712.979481,-29,-8,-121
1741509713.025481,-55,1,-165
1741509713.0704808,-97,-92,-117
1741509713.1164808,-27,-24,-129
1741509713.1624808,-43,45,-107
1741509713.207481,16,-48,-53
1741509713.253481,-11,-9,-97
1741509713.299481,22,-89,-151
1741509713.345481,-1,20,-97
1741509713.390481,18,24,12
1741509713.436481,-74,-6,-117
1741509713.482481,-45,40,-19
1741509713.5274808,61,75,-53
1741509713.579481,-31,-6,-195
1741509713.625481,-33,-20,-3
1741509713.670481,30,-38,-75
1741509713.716481,34,-16,-27
1741509713.762481,-49,41,-19
1741509713.8074808,-69,23,-31
1741509713.8534808,28,-14,-107
1741509713.8994808,42,7,-212
1741509713.9454808,-6,-72,-200
1741509713.990481,16,-18,-165
1741509714.036481,-36,-20,-93
1741509714.082481,-73,-4,-33
1741509714.127481,-22,0,-125
1741509714.173481,135,-112,-180
1741509714.219481,25,15,-49
1741509714.265481,-20,-70,55
1741509714.3104808,0,51,-162
1741509714.3564808,7,-24,-151
1741509714.4024808,37,47,-98
1741509714.447481,-8,29,-80
1741509714.493481,-36,-6,-3
1741509714.539481,39,-44,-204
1741509714.585481,32,13,-64
1741509714.630481,-56,47,-88
1741509714.676481,31,-2,-167
1741509714.722481,-15,-100,-137
1741509714.7674809,-13,-14,-31
1741509714.8134809,8,13,-101
1741509714.8594809,-25,3,-27
1741509714.9054809,6,-32,-67
1741509714.950481,56,3,-203
1741509714.996481,-55,8,-55
1741509715.042481,103,-37,-137
1741509715.087481,26,40,-131
1741509715.133481,8,24,-35
1741509715.179481,82,22,-149
1741509715.226481,-35,32,-217
1741509715.271481,-22,-44,62
1741509715.3174808,-16,-24,-249
1741509715.3634808,49,47,-163
1741509715.4094808,6,86,-157
1741509715.454481,-7,-49,6
1741509715.500481,36,-71,-121
1741509715.546481,-17,-39,-41
1741509715.591481,-40,16,-115
1741509715.637481,71,39,-191
1741509715.683481,-11,24,-111
1741509715.729481,-1,-15,-49
1741509715.7744808,6,48,-38
1741509715.8204808,-55,2,-4
1741509715.8664808,62,12,46
1741509715.911481,22,-109,-4
1741509715.957481,4,30,-132
1741509716.003481,-43,-7,-94
1741509716.049481,3,-73,-118
1741509716.094481,58,-58,-60
1741509716.140481,-43,-26,-61
1741509716.186481,0,54,-109
1741509716.2314808,-77,1,-73
1741509716.2774808,-4,-4,-5
1741509716.3234808,11,-42,-123
1741509716.3694808,33,-60,-107
1741509716.414481,-58,0,16
1741509716.460481,-42,17,-47
1741509716.506481,-39,27,-127
1741509716.551481,4,35,32
1741509716.597481,117,26,-9
1741509716.643481,-25,-21,-147
1741509716.689481,30,26,4
1741509716.7344809,-25,26,-1
1741509716.7804809,-3,-31,-29
1741509716.8264809,45,-52,-173
1741509716.871481,27,37,-27
1741509716.917481,-34,-45,-95
1741509716.963481,64,0,-73
1741509717.009481,-97,-44,-237
1741509717.054481,66,23,-121
1741509717.100481,-59,9,-39
1741509717.146481,-27,-24,-75
1741509717.1914809,-33,41,-131
1741509717.2374809,-3,-30,-75
1741509717.283481,-39,-4,-59
1741509717.329481,-3,0,-109
1741509717.374481,88,-12,-17
1741509717.420481,52,17,6
1741509717.466481,-36,66,-115
1741509717.5114808,37,-23,-237
1741509717.5574808,69,2,-17
1741509717.6034808,15,4,-269
1741509717.6494808,15,-35,-18
1741509717.694481,-65,27,-23
1741509717.740481,-48,50,-49
1741509717.786481,91,38,-143
1741509717.831481,1,-47,-62
1741509717.877481,43,50,-6
1741509717.923481,-60,8,-80
1741509717.969481,47,14,-40
1741509718.0144808,63,28,-108
1741509718.0604808,-6,16,-138
1741509718.1064808,37,58,17
1741509718.151481,-6,43,-30
1741509718.197481,-63,18,-88
1741509718.243481,25,-1,-138
1741509718.289481,34,-5,23
1741509718.334481,-25,96,-88
1741509718.380481,14,22,-30
1741509718.426481,-11,-25,-102
1741509718.4714808,125,8,-82
1741509718.5174809,59,74,-88
1741509718.5634809,33,-19,-176
1741509718.6094809,3,-21,-188
1741509718.654481,7,-33,-26
1741509718.700481,25,8,-192
1741509718.746481,-38,-67,-148
1741509718.791481,1,-59,-34
1741509718.837481,-1,-12,15
1741509718.883481,68,-54,-98
1741509718.929481,87,-45,-52
1741509718.9744809,19,52,-76
1741509719.0204809,33,30,-94
1741509719.0664809,-26,-15,-30
1741509719.111481,3,-51,15
1741509719.157481,25,16,-102
1741509719.203481,-83,-18,-116
1741509719.248481,-29,-50,-196
1741509719.2944808,1,20,-158
1741509719.3404808,-32,24,-62
1741509719.3864808,-30,-87,-104
1741509719.431481,-33,66,-74
1741509719.477481,-25,23,-76
1741509719.523481,-18,78,-70
1741509719.568481,-23,12,-144
1741509719.614481,-12,10,-10
1741509719.660481,-30,48,-110
1741509719.706481,-1,-64,7
1741509719.7514808,-75,15,-86
1741509719.7974808,40,-40,-186
1741509719.8434808,-13,-71,-64
1741509719.888481,-36,-41,19
1741509719.934481,27,6,-64
1741509719.980481,5,-33,-44
1741509720.026481,-18,50,1
1741509720.071481,-34,-21,-84
1741509720.117481,-29,81,-168
1741509720.163481,99,-45,-74
1741509720.2084808,-41,35,-58
1741509720.2544808,4,-84,117
1741509720.3004808,16,-8,-18
1741509720.3464808,0,57,-32
1741509720.391481,-14,43,22
1741509720.437481,-15,-36,-64
1741509720.483481,-141,3,-164
1741509720.528481,-21,3,-33
1741509720.574481,6,9,-133
1741509720.620481,58,17,-161
1741509720.666481,30,-16,-85
1741509720.7114809,36,-28,-125
1741509720.7574809,4,7,4
1741509720.8034809,26,5,-175
1741509720.848481,-37,-109,-37
1741509720.894481,48,-43,-87
1741509720.940481,-45,-93,-141
1741509720.986481,-17,18,-79
1741509721.031481,20,-15,-71
1741509721.077481,10,17,-69
1741509721.123481,-14,41,-67
1741509721.1684809,60,-13,-146
1741509721.2144809,-38,45,-56
1741509721.2604809,19,32,-102
1741509721.306481,-37,13,-90
1741509721.351481,44,-10,-49
1741509721.397481,59,44,-177
1741509721.443481,61,-71,-75
1741509721.4884808,33,5,-63
1741509721.5344808,11,-38,30
1741509721.5804808,-22,-13,-33
1741509721.6264808,9,58,-131
1741509721.671481,55,30,-165
1741509721.717481,57,-25,-135
1741509721.763481,30,52,-83
1741509721.808481,28,-5,56
1741509721.854481,-37,20,-47
1741509721.900481,0,30,-138
1741509721.946481,-12,-56,-40
1741509721.9914808,6,14,-62
1741509722.0374808,13,-56,-164
1741509722.0834808,-29,-3,-20
1741509722.128481,-25,-47,-42
1741509722.174481,-54,-1,-18
1741509722.220481,-30,-7,-172
1741509722.266481,-56,30,-60
1741509722.311481,-22,-25,-8
1741509722.357481,19,36,-20
1741509722.403481,-62,30,-32
1741509722.4484808,-39,-8,-100
1741509722.4944808,40,-82,-45
1741509722.5404809,42,15,-147
1741509722.5864809,59,0,-83
1741509722.631481,-46,8,-111
1741509722.677481,-9,-7,-106
1741509722.723481,52,7,-33
1741509722.768481,-13,0,-52
1741509722.814481,-80,52,-43
1741509722.860481,56,-8,-151
1741509722.906481,73,-7,-77
1741509722.9514809,-24,81,-45
1741509722.9974809,39,25,-115
1741509723.0434809,-28,-4,-13
1741509723.088481,-12,41,-39
1741509723.134481,-14,58,-139
1741509723.180481,-30,24,-97
1741509723.226481,-24,50,-241
1741509723.271481,-42,-93,6
1741509723.3174808,42,0,-125
1741509723.3634808,-66,16,-15
1741509723.408481,2,23,40
1741509723.454481,32,45,-53
1741509723.500481,38,-60,-139
1741509723.546481,6,-50,-103
1741509723.597481,17,-29,-39
1741509723.643481,5,5,-201
1741509723.6884809,-86,105,-133
1741509723.7344809,13,91,104
1741509723.7804809,53,-10,-47
1741509723.824481,-41,-12,-89
1741509723.870481,34,5,-167
1741509723.916481,17,-7,-165
1741509723.962481,-35,62,-59
1741509724.0074809,8,-45,-129
1741509724.0534809,-9,-5,58
1741509724.0994809,39,-30,-165
1741509724.144481,59,15,-57
1741509724.190481,3,-22,-13
1741509724.236481,-5,14,100
1741509724.282481,-47,-32,-157
1741509724.327481,64,51,-137
1741509724.373481,-37,-52,-147
1741509724.4194808,-9,-6,-143
1741509724.4644809,10,-96,-61
1741509724.5104809,44,-80,-71
1741509724.556481,83,-10,-85
1741509724.602481,3,44,-173
1741509724.647481,61,32,-53
1741509724.693481,-32,62,-127
1741509724.739481,-7,18,-127
1741509724.7844808,36,42,-75
1741509724.8304808,1,15,-61
1741509724.8764808,-66,-14,-73
1741509724.9224808,-86,-16,-96
1741509724.967481,33,47,5
1741509725.013481,-58,25,-46
1741509725.059481,43,25,-28
1741509725.104481,-62,-42,-204
1741509725.150481,-34,9,-108
1741509725.196481,18,-11,83
1741509725.242481,-3,-39,-46
1741509725.2874808,-81,0,-92
1741509725.3334808,8,70,-50
1741509725.3794808,50,-51,-138
1741509725.424481,35,-8,-10
1741509725.470481,-10,-48,-14
1741509725.516481,-55,-4,-92
1741509725.562481,-24,-54,-122
1741509725.607481,35,33,-162
1741509725.653481,51,-8,-92
1741509725.699481,45,61,-116
1741509725.7444808,9,27,-26
1741509725.7904809,0,-26,-44
1741509725.8364809,38,47,-19
1741509725.881481,-95,-36,-119
1741509725.927481,4,-31,-35
1741509725.973481,43,24,-189
1741509726.019481,26,99,-30
1741509726.064481,-37,73,-44
1741509726.110481,14,-70,-80
1741509726.156481,74,-14,-72
1741509726.2014809,12,39,-100
1741509726.2474809,102,-22,-92
1741509726.2934809,14,-42,-154
1741509726.3394809,46,-24,-12
1741509726.384481,4,13,-8
1741509726.430481,84,39,-98
1741509726.476481,16,25,63
1741509726.521481,38,15,-54
1741509726.5674808,-27,-40,-34
1741509726.6134808,-23,25,-88
1741509726.6594808,-11,-2,-58
1741509726.704481,-9,13,-100
1741509726.750481,16,27,-176
1741509726.796481,-53,115,-134
1741509726.841481,45,-10,-70
1741509726.887481,-13,0,-48
1741509726.933481,0,19,-88
1741509726.979481,-79,-4,-76
1741509727.0244808,82,-6,-28
1741509727.0704808,-51,1,-198
1741509727.1164808,12,9,13
1741509727.161481,-48,-20,-142
1741509727.207481,14,-26,-16
1741509727.253481,34,53,-112
1741509727.299481,-7,-36,-72
1741509727.344481,19,-14,-156
1741509727.390481,58,-73,-83
1741509727.436481,-23,16,26
1741509727.4814808,42,-3,-185
1741509727.5274808,-14,41,-117
1741509727.5734808,9,35,-18
1741509727.6194808,-68,41,25
1741509727.664481,-14,43,-108
1741509727.710481,-12,-42,21
1741509727.756481,-36,11,-54
1741509727.801481,47,13,-14
1741509727.847481,26,14,-98
1741509727.893481,-32,61,-114
1741509727.939481,26,14,-74
1741509727.9844809,44,-43,-124
1741509728.0304809,-85,-65,-156
1741509728.0764809,8,-33,-68
1741509728.121481,4,0,-120
1741509728.167481,43,14,-52
1741509728.213481,-8,-41,-128
1741509728.259481,50,16,-98
1741509728.304481,-73,53,-106
1741509728.350481,6,-42,-186
1741509728.396481,16,-90,-80
1741509728.4414809,-86,12,-114
1741509728.4874809,-12,-55,15
1741509728.533481,-52,52,-58
1741509728.579481,3,-57,15
1741509728.624481,41,-11,-80
1741509728.670481,-38,10,0
1741509728.716481,39,-21,-54
1741509728.7614808,-26,-35,3
1741509728.8074808,-16,126,-43
1741509728.8534808,-52,-19,-15
1741509728.8994808,3,40,12
1741509728.944481,-62,-28,-57
1741509728.990481,26,62,-191
1741509729.036481,31,-60,-45
1741509729.081481,-55,-14,-117
1741509729.127481,-91,10,-65
1741509729.173481,-35,-24,-117
1741509729.219481,80,-38,2
1741509729.2644808,6,-51,-57
1741509729.3104808,8,28,10
1741509729.3564808,-11,43,4
1741509729.401481,-27,48,-42
1741509729.447481,-3,-15,22
1741509729.493481,-19,-1,-85
1741509729.539481,-11,15,-7
1741509729.584481,59,-51,-55
1741509729.630481,60,-42,-27
1741509729.676481,-4,-48,-143
1741509729.7214808,-21,0,-145
1741509729.7674809,-19,-23,-117
1741509729.8134809,-55,-43,-81
1741509729.8594809,15,86,0
1741509729.904481,-34,32,-263
1741509729.950481,23,-35,-187
1741509729.996481,-28,-85,-99
1741509730.041481,33,-27,-125
1741509730.087481,56,14,-29
1741509730.133481,-60,-89,-15
1741509730.179481,56,58,-13
1741509730.2244809,58,0,-187
1741509730.2704809,36,-2,-191
1741509730.3164809,1,8,-79
1741509730.361481,55,40,-19
1741509730.407481,-5,1,-143
1741509730.453481,91,5,21
1741509730.499481,25,27,-26
1741509730.5444808,-58,-20,-112
1741509730.5904808,61,0,-18
1741509730.6364808,-4,16,-182
1741509730.681481,34,26,-144
1741509730.727481,-33,2,-96
1741509730.773481,-25,6,-156
1741509730.819481,-41,-39,-112
1741509730.864481,-7,70,-92
1741509730.910481,54,-65,-98
1741509730.956481,42,-33,73
1741509731.0014808,52,14,34
1741509731.0474808,42,-21,-97
1741509731.0934808,-51,-3,-53
1741509731.1394808,86,16,-81
1741509731.184481,18,-29,-139
1741509731.230481,46,8,74
1741509731.276481,-41,14,-61
1741509731.321481,-37,-59,-133
1741509731.367481,36,30,-149
1741509731.413481,49,4,-65
1741509731.459481,-10,19,-3
1741509731.5044808,-30,-48,-255
1741509731.5504808,-30,4,-69
1741509731.5964808,9,-37,-183
1741509731.641481,47,44,-97
1741509731.687481,23,-51,-51
1741509731.733481,-20,32,-73
1741509731.779481,-132,-39,-83
1741509731.824481,21,-27,-39
1741509731.870481,-38,-27,-79
1741509731.916481,-22,-17,-159
1741509731.9614809,-36,-29,29
1741509732.0074809,21,39,-191
1741509732.0534809,-108,19,11
1741509732.0994809,21,-25,-68
1741509732.144481,-38,-60,7
1741509732.190481,21,0,-62
1741509732.236481,21,23,-6
1741509732.281481,21,-12,-166
1741509732.327481,-4,-52,-52
1741509732.373481,29,-18,19
1741509732.4194808,25,-6,-158
1741509732.4644809,-28,11,-108
1741509732.5104809,34,6,-72
1741509732.556481,23,17,-22
1741509732.601481,-2,83,-192
1741509732.647481,-4,-20,-108
1741509732.693481,3,-47,-187
1741509732.7384808,8,72,-91
1741509732.7844808,-9,28,-87
1741509732.8304808,46,32,-107
1741509732.8764808,-9,6,-141
1741509732.921481,26,-33,-35
1741509732.967481,-24,0,-31
1741509733.013481,6,34,-39
1741509733.058481,88,12,-164
1741509733.104481,-20,9,-241
1741509733.150481,71,-10,-17
1741509733.196481,58,30,-6
1741509733.2414808,-5,-41,-94
1741509733.2874808,-20,-59,17
1741509733.3334808,14,30,-2
1741509733.378481,-53,-27,-79
1741509733.424481,0,-51,-51
1741509733.470481,20,-27,-20
1741509733.516481,14,-9,-161
1741509733.5674808,-35,-47,-91
1741509733.6134808,74,18,-21
1741509733.658481,-77,-11,-157
1741509733.704481,-25,-31,-79
1741509733.750481,-12,-58,-133
1741509733.796481,16,22,90
1741509733.841481,-52,15,-95
1741509733.887481,-8,-34,-171
1741509733.933481,47,-18,-121
1741509733.9784808,-24,0,6
1741509734.0244808,33,-24,-73
1741509734.0704808,-21,-53,-77
1741509734.1164808,4,-11,-103
1741509734.161481,32,-7,-39
1741509734.207481,-17,-31,-66
1741509734.253481,-81,-7,-28
1741509734.298481,-25,-51,-46
1741509734.344481,66,2,-56
1741509734.390481,-29,-23,-108
1741509734.436481,-26,43,17
1741509734.4814808,-26,1,-146
1741509734.5274808,27,11,-12
1741509734.5734808,47,21,-96
1741509734.618481,91,49,-76
1741509734.664481,63,-46,-22
1741509734.710481,79,-10,-54
1741509734.756481,1,-16,-92
1741509734.801481,29,33,-46
1741509734.847481,-12,-36,59
1741509734.893481,-24,15,-52
1741509734.9384809,128,-59,-68
1741509734.9844809,-13,5,-8
1741509735.0304809,21,1,-118
1741509735.0764809,36,42,-100
1741509735.121481,6,-41,-46
1741509735.167481,-9,-49,-40
1741509735.213481,-37,14,-54
1741509735.258481,66,28,-132
1741509735.304481,-25,-20,-72
1741509735.350481,-103,-22,-126
1741509735.396481,-83,-10,-66
1741509735.4414809,14,-36,-58
1741509735.4874809,72,1,-18
1741509735.533481,10,-22,-86
1741509735.578481,10,9,10
1741509735.624481,124,-33,-163
1741509735.670481,-13,-25,-281
1741509735.716481,8,-13,-63
1741509735.7614808,-49,-79,-43
1741509735.8074808,-102,26,-99
1741509735.8534808,-14,-25,-129
1741509735.898481,23,2,-61
1741509735.944481,-36,60,-67
1741509735.990481,19,-8,-63
1741509736.036481,31,-4,-143
1741509736.081481,-5,-8,-103
1741509736.127481,-31,29,-21
1741509736.173481,-57,-6,-67
1741509736.2184808,-83,-13,-103
1741509736.2644808,42,4,-129
1741509736.3104808,-37,5,-79
1741509736.3564808,-15,-16,-135
1741509736.401481,-23,23,-85
1741509736.447481,-83,-44,-127
1741509736.493481,-22,-24,-97
1741509736.538481,41,9,-57
1741509736.584481,-86,11,-53
1741509736.630481,25,12,-67
1741509736.676481,113,-21,-99
1741509736.7214808,-24,-50,8
1741509736.7674809,58,31,-15
1741509736.8134809,-27,15,74
1741509736.858481,36,-2,-125
1741509736.904481,40,12,-91
1741509736.950481,-63,-9,-37
1741509736.996481,-59,36,-7
1741509737.041481,80,22,-61
1741509737.087481,-57,6,-185
1741509737.133481,-67,72,14
1741509737.1784809,-25,62,-103
1741509737.2244809,17,-11,-3
1741509737.2704809,-13,12,-118
1741509737.3164809,4,34,-143
1741509737.361481,34,-99,-127
1741509737.407481,46,26,-80
1741509737.453481,14,-9,19
1741509737.498481,-47,48,-82
1741509737.5444808,3,65,-230
1741509737.5904808,-25,-35,-166
1741509737.6364808,20,6,-10
1741509737.681481,36,-87,-84
1741509737.727481,-21,-61,43
1741509737.773481,-29,-31,-140
1741509737.818481,-51,-57,27
1741509737.864481,-13,40,-134
1741509737.910481,12,7,-114
1741509737.956481,-49,-15,-86
1741509738.0014808,-41,46,-9
1741509738.0474808,-65,-30,-49
1741509738.0934808,-94,-27,-51
1741509738.138481,-74,14,-180
1741509738.184481,18,38,17
1741509738.230481,-101,-43,-58
1741509738.276481,16,-32,-72
1741509738.321481,-1,-63,-118
1741509738.367481,8,-7,-80
1741509738.413481,26,-49,-16
1741509738.4584808,-33,30,-48
1741509738.5044808,20,-19,-53
1741509738.5504808,16,-41,-3
1741509738.5964808,29,-65,32
1741509738.641481,120,-53,-38
1741509738.687481,70,71,-126
1741509738.733481,-27,-54,66
1741509738.778481,32,22,-81
1741509738.824481,2,-46,-29
1741509738.870481,-57,-32,-11
1741509738.916481,-53,-48,-93
1741509738.9614809,11,-20,-55
1741509739.0074809,15,77,-15
1741509739.0534809,-68,-74,-47
1741509739.098481,15,-22,-128
1741509739.144481,35,-50,-46
1741509739.190481,10,-36,-48
1741509739.236481,-33,19,-34
1741509739.281481,6,-28,112
1741509739.327481,-1,-16,-1
1741509739.373481,13,-12,-97
1741509739.4184809,-12,13,-153
1741509739.4644809,54,39,-155
1741509739.5104809,-33,-6,-101
1741509739.555481,64,-50,-139
1741509739.601481,-115,39,-65
1741509739.647481,49,-54,-71
1741509739.693481,-27,-24,-157
1741509739.7384808,2,49,-57
1741509739.7844808,19,-18,-97
1741509739.8304808,-2,7,-83
1741509739.875481,67,39,-13
1741509739.921481,-78,4,12
1741509739.967481,-41,-14,14
1741509740.013481,61,-95,-119
1741509740.058481,0,44,-55
1741509740.104481,-46,-15,-47
1741509740.150481,-22,52,-87
1741509740.1954808,53,50,-15
1741509740.2414808,51,-3,7
1741509740.2874808,55,92,55
1741509740.3334808,19,-61,-114
1741509740.378481,-28,60,29
1741509740.424481,53,-41,-28
1741509740.470481,-15,-19,-56
1741509740.515481,-16,20,-147
1741509740.561481,-36,22,-88
1741509740.607481,-7,-55,-210
1741509740.653481,-7,-51,95
1741509740.6984808,44,-39,-98
1741509740.7444808,0,25,-90
1741509740.7904809,-51,5,-54
1741509740.835481,57,-99,-158
1741509740.881481,-7,41,-54
1741509740.927481,-35,-10,-26
1741509740.973481,-4,5,-76
1741509741.018481,-51,19,-42
1741509741.064481,10,5,-166
1741509741.110481,-15,-24,-78
1741509741.1554809,8,0,-132
1741509741.2014809,-45,-40,-88
1741509741.2474809,-3,-50,-166
1741509741.2934809,26,-12,-162
1741509741.338481,16,3,55
1741509741.384481,-34,-34,-160
1741509741.430481,23,-31,-112
1741509741.475481,13,-37,-93
1741509741.521481,29,-22,-57
1741509741.5674808,-54,25,-197
1741509741.6134808,-8,-40,-91
1741509741.658481,39,97,-175
1741509741.704481,-27,75,-48
1741509741.750481,-6,5,-122
1741509741.795481,-32,15,-42
1741509741.841481,37,43,-80
1741509741.887481,-62,2,-179
1741509741.933481,37,-86,-25
1741509741.9784808,11,-2,-60
1741509742.0244808,-12,-60,-14
1741509742.0704808,-40,-62,-180
1741509742.115481,-73,75,-81
1741509742.161481,-3,-5,-11
1741509742.207481,-18,-43,-133
1741509742.253481,53,-12,-121
1741509742.298481,57,20,-41
1741509742.344481,57,-15,-45
1741509742.390481,-76,-20,-69
1741509742.4354808,41,-44,24
1741509742.4814808,-2,15,-67
1741509742.5274808,-21,-26,-41
1741509742.5734808,4,-30,-41
1741509742.618481,6,15,-169
1741509742.664481,-30,11,-179
1741509742.710481,-41,-14,36
1741509742.755481,-7,-6,-225
1741509742.801481,12,-36,-89
1741509742.847481,37,-65,-105
1741509742.893481,6,59,-69
1741509742.9384809,-21,-26,-151
1741509742.9844809,-59,-12,-169
1741509743.0304809,36,65,-55
1741509743.075481,-55,31,-17
1741509743.121481,8,-40,-171
1741509743.167481,16,-20,-109
1741509743.213481,8,59,-93
1741509743.258481,-155,-74,-25
1741509743.304481,-73,1,-57
1741509743.350481,-31,5,-131
1741509743.3954809,-81,-30,-235
1741509743.4414809,72,-2,-141
1741509743.4874809,-64,22,-27
1741509743.533481,-34,46,-24
1741509743.584481,-9,1,-120
1741509743.630481,44,27,-60
1741509743.6754808,-19,-18,-87
1741509743.7214808,-19,-12,62
1741509743.7674809,48,-48,-61
1741509743.8134809,-71,-90,-67
1741509743.858481,-15,-40,-149
1741509743.904481,-15,87,-149
1741509743.950481,70,-47,-115
1741509743.995481,-49,-35,-146
1741509744.041481,10,9,-98
1741509744.087481,-51,27,-66
1741509744.133481,22,-16,-58
1741509744.1784809,-47,-16,-152
1741509744.2244809,-35,-32,-52
1741509744.2704809,-70,5,-108
1741509744.315481,41,27,5
1741509744.361481,-48,17,-44
1741509744.407481,-82,-26,-50
1741509744.453481,27,-32,-62
1741509744.498481,29,17,-48
1741509744.5444808,-15,27,-58
1741509744.5904808,30,-43,-36
1741509744.6354809,46,-15,-30
1741509744.681481,-7,30,-50
1741509744.727481,23,-2,-118
1741509744.773481,98,26,-84
1741509744.818481,-45,58,5
1741509744.864481,-25,11,-70
1741509744.910481,40,-63,11
1741509744.9554808,36,66,-10
1741509745.0014808,50,-21,0
1741509745.0474808,-39,-27,-34
1741509745.0934808,-43,-7,-58
1741509745.138481,36,-3,-52
1741509745.184481,74,118,-126
1741509745.230481,-31,34,-110
1741509745.275481,-11,22,-170
1741509745.321481,-7,24,-62
1741509745.367481,28,-51,-42
1741509745.413481,6,46,-100
1741509745.4584808,68,-55,-90
1741509745.5044808,-107,22,-102
1741509745.5504808,-2,14,-92
1741509745.595481,11,50,41
1741509745.641481,31,-15,-138
1741509745.687481,-49,-49,-58
1741509745.733481,-54,72,-102
1741509745.778481,-96,52,-130
1741509745.824481,-40,-55,-72
1741509745.870481,8,40,-206
1741509745.9154809,59,14,-108
1741509745.9614809,-61,-34,-86
1741509746.0074809,23,-47,9
1741509746.0534809,-14,16,-70
1741509746.098481,-6,10,-104
1741509746.144481,-62,-57,-48
1741509746.190481,35,54,-100
1741509746.235481,-44,-33,-239
1741509746.281481,-14,32,-11
1741509746.327481,-5,34,-109
1741509746.3724809,-5,-5,-61
1741509746.4184809,-87,-7,-70
1741509746.4644809,3,24,-11
1741509746.5104809,49,0,-29
1741509746.555481,67,-33,-7
1741509746.601481,-28,6,-17
1741509746.647481,73,56,-93
1741509746.6924808,-32,-56,-113
1741509746.7384808,-64,-13,-71
1741509746.7844808,-28,70,-67
1741509746.8304808,17,-11,-51
1741509746.875481,9,-53,-165
1741509746.921481,-71,-54,-125
1741509746.967481,-55,-4,-25
1741509747.012481,-10,72,-275
1741509747.058481,-50,-79,-119
1741509747.104481,24,-30,-51
1741509747.150481,51,48,-99
1741509747.1954808,75,68,-75
1741509747.2414808,0,52,-175
1741509747.2874808,9,8,-118
1741509747.332481,23,-35,-19
1741509747.378481,15,-18,-33
1741509747.424481,-89,6,-181
1741509747.470481,-57,-55,-111
1741509747.515481,66,24,-3
1741509747.561481,58,2,-11
1741509747.607481,66,2,2
1741509747.6524808,-49,-75,-111
1741509747.6984808,-39,6,-9
1741509747.7444808,72,-51,-57
1741509747.7904809,19,-48,-27
1741509747.835481,-8,-22,-45
1741509747.881481,-64,-92,22
1741509747.927481,-4,-29,-55
1741509747.972481,62,-60,-13
1741509748.018481,-3,15,-149
1741509748.064481,-40,-38,32
1741509748.110481,3,-2,-85
1741509748.1554809,-20,-2,-182
1741509748.2014809,-103,20,-21
1741509748.2474809,24,23,-71
1741509748.292481,38,-23,22
1741509748.338481,35,5,-131
1741509748.384481,-5,38,-113
1741509748.430481,-19,34,-99
1741509748.475481,38,-65,-185
1741509748.521481,80,-6,-229
1741509748.5674808,-79,39,-21
1741509748.6124809,-9,0,-57
1741509748.658481,-35,23,-37
1741509748.704481,-7,-6,-171
1741509748.750481,-67,1,-68
1741509748.795481,12,-22,-117
1741509748.841481,10,37,-51
1741509748.887481,99,-3,-157
1741509748.9324808,17,4,-107
1741509748.9784808,35,12,-185
1741509749.0244808,-16,20,-63
1741509749.0704808,22,52,80
1741509749.115481,54,-39,-21
1741509749.161481,47,49,-128
1741509749.207481,4,64,-45
1741509749.252481,-67,-7,-181
1741509749.298481,55,38,-49
1741509749.344481,-19,-57,-209
1741509749.390481,-71,38,-165
1741509749.4354808,98,-87,8
1741509749.4814808,-58,46,-113
1741509749.5274808,14,-45,-99
1741509749.572481,-25,62,-3
1741509749.618481,82,-41,-51
1741509749.664481,-21,42,-121
1741509749.710481,6,-3,-72
1741509749.755481,70,20,-183
1741509749.801481,-6,-58,22
1741509749.847481,-19,-45,-151
1741509749.8924809,23,21,-3
1741509749.9384809,1,-8,-25
1741509749.9844809,-64,-44,-59
1741509750.0304809,139,-10,-31
1741509750.075481,46,-82,-63
1741509750.121481,-13,-34,-11
1741509750.167481,-79,-44,-109
1741509750.212481,40,-10,-53
1741509750.258481,-17,42,-91
1741509750.304481,4,-29,-59
1741509750.350481,-63,0,-109
1741509750.3954809,45,-102,-227
1741509750.4414809,-52,17,-77
1741509750.4874809,78,-25,-33
1741509750.532481,4,-1,-127
1741509750.578481,26,4,-57
1741509750.624481,-81,26,-15
1741509750.670481,9,4,-61
1741509750.7154808,71,-37,-191
1741509750.7614808,13,23,-189
1741509750.8074808,35,-6,-191
1741509750.852481,27,73,-35
1741509750.898481,9,-90,-94
1741509750.944481,3,-4,-100
1741509750.990481,-4,-56,-192
1741509751.035481,-95,13,-12
1741509751.081481,18,-41,-36
1741509751.127481,58,4,-102
1741509751.1724808,-36,24,-54
1741509751.2184808,9,-47,-116
1741509751.2644808,37,4,-110
1741509751.3104808,-76,34,-188
1741509751.355481,15,44,-64
1741509751.401481,101,-37,-196
1741509751.447481,13,-95,-80
1741509751.492481,35,44,-50
1741509751.538481,91,32,-174
1741509751.584481,-60,-41,-140
1741509751.630481,4,-29,-21
1741509751.6754808,18,-17,-1
1741509751.7214808,-28,0,-61
1741509751.7674809,74,-43,-31
1741509751.812481,-5,-53,-35
1741509751.858481,37,-14,2
1741509751.904481,-14,-46,-157
1741509751.950481,49,-47,-73
1741509751.995481,-14,-5,-173
1741509752.041481,-56,-18,-209
1741509752.087481,99,-34,48
1741509752.1324809,5,13,-9
1741509752.1784809,-55,-9,-1
1741509752.2244809,9,12,-5
1741509752.2704809,-49,-37,-5
1741509752.315481,40,-5,-83
1741509752.361481,-45,-71,-67
1741509752.407481,-36,0,-63
1741509752.452481,83,45,-117
1741509752.4974809,57,25,-207
1741509752.5434809,24,16,-123
1741509752.588481,-24,24,-144
1741509752.634481,14,-99,-90
1741509752.680481,-89,6,-117
1741509752.726481,18,44,-167
1741509752.771481,-75,-18,7
1741509752.8174808,2,37,-70
1741509752.8634808,48,55,-217
1741509752.908481,22,5,-138
1741509752.954481,40,51,76
1741509753.000481,44,-10,58
1741509753.046481,-3,0,-125
1741509753.091481,10,-34,-93
1741509753.137481,30,-14,-25
1741509753.183481,-2,-64,-77
1741509753.2284808,45,-12,-113
1741509753.2744808,-86,0,-67
1741509753.3204808,-10,12,-89
1741509753.365481,-10,-22,2
1741509753.411481,-46,106,-107
1741509753.457481,31,-19,-77
1741509753.503481,109,2,-11
1741509753.548481,-58,68,-71
1741509753.600481,-42,-55,-13
1741509753.6454809,52,45,50
1741509753.6914809,-45,17,-153
1741509753.7374809,-47,-12,-25
1741509753.783481,96,0,-1
1741509753.828481,-79,33,-199
1741509753.874481,26,47,-189
1741509753.920481,34,-79,-55
1741509753.9654808,34,76,-113
1741509754.0114808,-1,42,-155
1741509754.0574808,-69,-1,-51
1741509754.1034808,16,-8,18
1741509754.148481,0,11,-83
1741509754.194481,-34,8,-176
1741509754.240481,58,-24,-130
1741509754.285481,-57,-6,-58
1741509754.331481,25,-27,-180
1741509754.377481,-62,30,-146
1741509754.423481,34,39,47
1741509754.4684808,-36,-43,-128
1741509754.5144808,-4,56,-128
1741509754.5604808,-4,6,-22
1741509754.605481,23,-51,-64
1741509754.651481,-14,-21,43
1741509754.697481,35,5,-88
1741509754.743481,-22,9,-118
1741509754.788481,-39,47,-140
1741509754.834481,-7,49,-54
1741509754.880481,-76,-39,-32
1741509754.9254808,0,-10,-122
1741509754.9714808,6,-9,-160
1741509755.0174809,67,-24,-30
1741509755.0634809,-26,-3,-15
1741509755.108481,17,-28,-29
1741509755.154481,-110,21,-115
1741509755.200481,-43,-23,-21
1741509755.245481,-55,2,-97
1741509755.291481,-33,36,-55
1741509755.337481,-51,-27,-107
1741509755.383481,20,8,-45
1741509755.4284809,-15,16,-89
1741509755.4744809,-49,-27,-73
1741509755.5204809,0,38,-15
1741509755.565481,113,-41,-161
1741509755.611481,27,5,32
1741509755.657481,28,24,-33
1741509755.703481,-31,48,-143
1741509755.748481,-34,38,-75
1741509755.7944808,-3,-45,-89
1741509755.8404808,68,-71,-7
1741509755.8854809,-6,15,4
1741509755.931481,-40,33,-83
1741509755.977481,1,-10,-117
1741509756.023481,30,2,40
1741509756.068481,54,-17,-143
1741509756.114481,80,2,10
1741509756.160481,-40,-56,-33
1741509756.2054808,47,-23,-68
1741509756.2514808,-3,-48,-94
1741509756.2974808,60,-5,-43
1741509756.3434808,10,-87,-83
1741509756.388481,-54,-61,-131
1741509756.434481,-74,-12,-139
1741509756.480481,-48,7,-175
1741509756.525481,30,-48,-5
1741509756.571481,-29,75,14
1741509756.617481,-57,45,-19
1741509756.663481,-45,24,-107
1741509756.7084808,69,-19,-27
1741509756.7544808,82,-15,-49
1741509756.8004808,-61,20,-215
1741509756.845481,88,-64,-87
1741509756.891481,-2,-11,20
1741509756.937481,-22,-49,-139
1741509756.983481,155,-11,-149
1741509757.028481,-13,29,-141
1741509757.074481,-46,38,-103
1741509757.120481,33,-47,-61
1741509757.1654809,-12,-34,-119
1741509757.2114809,33,-20,6
1741509757.2574809,0,-29,-153
1741509757.301481,-48,52,-25
1741509757.347481,-91,-54,-89
1741509757.393481,-57,-60,-81
1741509757.439481,-9,-70,-63
1741509757.4844809,-27,43,-104
1741509757.5304809,-13,38,-14
1741509757.5764809,-41,-27,-104
1741509757.621481,-33,-38,-78
1741509757.667481,-9,-4,29
1741509757.713481,38,67,-136
1741509757.759481,-5,1,-98
1741509757.804481,28,3,-198
1741509757.850481,-9,-38,-190
1741509757.896481,30,56,-4
1741509757.9414809,22,-110,5
1741509757.9874809,-43,23,-120
1741509758.033481,-9,6,-180
1741509758.079481,-7,2,-162
1741509758.124481,-42,-26,-102
1741509758.170481,-8,49,-4
1741509758.216481,51,-22,-28
1741509758.2614808,-16,-34,15
1741509758.3074808,-74,71,-30
1741509758.3534808,-29,10,-188
1741509758.3994808,-20,23,-78
1741509758.444481,1,-26,-114
1741509758.490481,-8,11,-44
1741509758.536481,20,-30,-166
1741509758.581481,-51,-8,7
1741509758.627481,-10,-30,-164
1741509758.673481,7,15,-144
1741509758.719481,-47,46,-122
1741509758.7644808,35,63,-178
1741509758.8104808,40,36,-168
1741509758.8564808,146,-90,-56
1741509758.901481,44,-12,-50
1741509758.947481,-5,23,-44
1741509758.993481,0,-40,-78
1741509759.039481,-24,-50,-166
1741509759.084481,69,33,-158
1741509759.130481,85,7,-106
1741509759.176481,27,-30,-74
1741509759.2214808,-10,49,-104
1741509759.2674809,-50,-48,-90
1741509759.3134809,23,0,-42
1741509759.3594809,89,-31,-26
1741509759.404481,35,27,-132
1741509759.450481,0,-40,-130
1741509759.496481,41,-82,-48
1741509759.541481,31,-20,-114
1741509759.587481,-91,22,43
1741509759.633481,-1,-45,-50
1741509759.679481,-59,84,-92
1741509759.7244809,-14,-27,-78
1741509759.7704809,-76,-43,-38
1741509759.8164809,-8,38,-60
1741509759.861481,-47,-56,-78
1741509759.907481,-38,34,-132
1741509759.953481,-5,70,-100
1741509759.998481,-3,8,-202
1741509760.0444808,70,18,-86
1741509760.0904808,56,50,-118
1741509760.1364808,-11,-43,-128
1741509760.181481,23,82,-40
1741509760.227481,-24,23,-32
1741509760.273481,0,-24,59
1741509760.318481,5,-4,47
1741509760.364481,-32,13,-110
1741509760.410481,81,0,-56
1741509760.456481,-56,25,-60
1741509760.5014808,35,43,-144
1741509760.5474808,16,-53,3
1741509760.5934808,0,24,-112
1741509760.638481,50,-66,-2
1741509760.684481,27,5,-88
1741509760.730481,12,-5,-122
1741509760.776481,1,21,-86
1741509760.821481,-58,29,-58
1741509760.867481,-82,8,31
1741509760.913481,-18,-85,25
1741509760.9584808,-15,34,-94
1741509761.0044808,-1,-13,-50
1741509761.0504808,-7,-57,0
1741509761.0964808,-13,38,-102
1741509761.141481,19,58,-140
1741509761.187481,-46,32,-58
1741509761.233481,-30,15,-58
1741509761.278481,15,11,-108
1741509761.324481,-44,-21,-66
1741509761.370481,-42,40,-28
1741509761.416481,11,-29,-66
1741509761.4614809,-12,-11,-26
1741509761.5074809,-50,10,-228
1741509761.5534809,39,14,-150
1741509761.598481,15,-18,-18
1741509761.644481,-33,-45,-38
1741509761.690481,6,-13,-78
1741509761.736481,74,10,-70
1741509761.781481,14,-31,-80
1741509761.827481,0,55,-22
1741509761.873481,-30,14,-79
1741509761.9184809,57,65,-29
1741509761.9644809,-15,-31,-111
1741509762.0104809,56,20,-89
1741509762.056481,39,78,-3
1741509762.101481,15,59,-95
1741509762.147481,7,11,-111
1741509762.193481,-44,-48,-121
1741509762.2384808,-24,-27,-95
1741509762.2844808,-33,-63,-143
1741509762.3304808,22,-33,-57
1741509762.3764808,-94,-6,-117
1741509762.421481,25,-16,-83
1741509762.467481,-63,2,-71
1741509762.513481,25,37,-25
1741509762.558481,79,-20,-107
1741509762.604481,-16,51,-109
1741509762.650481,-36,23,-147
1741509762.696481,-32,81,-105
1741509762.7414808,-80,-30,-89
1741509762.7874808,47,63,-61
1741509762.8334808,79,-34,-113
1741509762.878481,-17,-31,-84
1741509762.924481,-44,-56,-49
1741509762.970481,37,-23,-67
1741509763.016481,0,26,-25
1741509763.061481,-21,-65,-57
1741509763.107481,-4,-91,-131
1741509763.153481,-1,42,-183
1741509763.1984808,36,-49,76
1741509763.2444808,76,-5,-113
1741509763.2904809,-56,-22,-137
1741509763.3364809,42,-77,-103
1741509763.381481,4,-6,-65
1741509763.427481,72,0,-147
1741509763.473481,-41,-32,-7
1741509763.518481,-47,19,-116
1741509763.564481,32,38,-80
1741509763.6164808,32,-2,-194
1741509763.661481,-3,-58,0
1741509763.707481,-54,-8,-52
1741509763.753481,14,42,-34
1741509763.798481,15,-49,41
1741509763.844481,74,11,13
1741509763.890481,-69,-32,-84
1741509763.936481,-21,76,-122
1741509763.9814808,-71,-72,41
1741509764.0274808,18,-81,-122
1741509764.0734808,-21,0,-114
1741509764.118481,48,-27,37
1741509764.1654809,-73,96,-14
1741509764.2114809,64,-63,-194
1741509764.2574809,-57,16,-68
1741509764.302481,-21,-57,0
1741509764.348481,-35,-3,-40
1741509764.394481,1,39,-64
1741509764.440481,29,25,-60
1741509764.485481,14,-55,-4
1741509764.531481,-23,-33,-142
1741509764.577481,24,-53,-70
1741509764.6224809,-5,-51,-188
1741509764.6684809,30,34,-20
1741509764.7144809,18,80,-130
1741509764.7604809,22,60,-14
1741509764.805481,-7,-37,-34
1741509764.851481,-15,18,-20
1741509764.897481,27,-22,-46
1741509764.9424808,42,-25,0
1741509764.9884808,3,-47,-75
1741509765.0344808,-68,-45,2
1741509765.0804808,49,-17,-19
1741509765.125481,-26,-37,40
1741509765.171481,113,-10,-81
1741509765.217481,-12,19,22
1741509765.262481,-34,0,-91
1741509765.308481,27,-33,-149
1741509765.354481,19,-49,-51
1741509765.400481,-27,-37,-141
1741509765.4454808,20,34,-129
1741509765.4914808,46,-5,-161
1741509765.5374808,6,-47,-15
1741509765.582481,-29,-9,-163
1741509765.628481,-33,-18,-1
1741509765.674481,59,-57,-65
1741509765.720481,-61,36,-65
1741509765.765481,-19,0,-67
1741509765.811481,26,-75,-79
1741509765.857481,64,6,-89
1741509765.9024808,-45,-43,2
1741509765.9484808,-42,3,-5
1741509765.9944808,67,43,44
1741509766.0404809,39,3,-51
1741509766.085481,74,18,-39
1741509766.131481,-16,-4,-161
1741509766.177481,-85,-27,-144
1741509766.222481,3,15,-20
1741509766.268481,-8,-28,-49
1741509766.314481,9,-44,-3
1741509766.360481,-34,5,0
1741509766.4054809,-40,-2,-103
1741509766.4514809,-6,-28,-17
1741509766.4974809,-26,13,8
1741509766.542481,-52,59,-101
1741509766.588481,7,3,-33
1741509766.634481,21,15,-189
1741509766.680481,-20,0,-53
1741509766.725481,7,0,-45
1741509766.771481,19,-64,-26
1741509766.8174808,-28,-22,-163
1741509766.8624809,5,-14,-188
1741509766.908481,43,11,-24
1741509766.954481,13,-26,37
1741509766.999481,-22,-46,-52
1741509767.045481,47,17,-200
1741509767.091481,-34,32,3
1741509767.137481,-52,-1,-130
1741509767.1824808,-32,-33,-114
1741509767.2284808,19,50,-48
1741509767.2744808,-54,-49,-38
1741509767.319481,-6,-24,-124
1741509767.365481,-59,-29,-22
1741509767.411481,56,-27,-111
1741509767.457481,49,27,-71
1741509767.502481,-2,-22,-49
1741509767.548481,61,-24,-117
1741509767.594481,-111,18,27
1741509767.6394808,-102,27,-64
1741509767.6854808,-56,51,-133
1741509767.7314808,-2,-60,-52
1741509767.7774808,11,-16,-53
1741509767.822481,71,-32,-17
1741509767.868481,-82,5,-85
1741509767.914481,-84,47,-123
1741509767.959481,-8,30,53
1741509768.005481,-22,9,-26
1741509768.051481,-62,-60,-160
1741509768.097481,-38,4,-191
1741509768.1424809,51,-83,-113
1741509768.1884809,-13,64,-101
1741509768.2344809,-17,-29,-145
1741509768.279481,12,21,-141
1741509768.325481,-61,52,-99
1741509768.371481,38,-1,-155
1741509768.417481,-111,-19,0
1741509768.462481,38,56,-81
1741509768.508481,-4,22,-111
1741509768.554481,-16,2,-127
1741509768.5994809,-30,0,-53
1741509768.6454809,61,35,-55
1741509768.6914809,79,-52,-91
1741509768.7374809,-32,71,-121
1741509768.782481,-36,-6,-5
1741509768.828481,49,17,-196
1741509768.874481,-94,39,-100
1741509768.9194808,99,-52,13
1741509768.9654808,-20,27,-208
1741509769.0114808,-37,60,-95
1741509769.0574808,0,30,-51
1741509769.102481,30,10,11
1741509769.148481,-49,-11,-115
1741509769.194481,32,64,-75
1741509769.239481,10,34,-45
1741509769.285481,-29,3,39
1741509769.331481,-3,3,-82
1741509769.377481,-7,-50,-18
1741509769.4224808,-19,-50,-50
1741509769.4684808,-81,-32,-70
1741509769.5144808,54,13,-84
1741509769.559481,24,-105,-88
1741509769.605481,-28,-11,-36
1741509769.651481,37,38,-70
1741509769.697481,-6,22,-52
1741509769.742481,45,2,21
1741509769.788481,-43,-85,-124
1741509769.834481,41,32,-108
1741509769.8794808,55,-23,-78
1741509769.9254808,-59,-3,5
1741509769.9714808,58,-77,-138
1741509770.0174809,8,-61,-76
1741509770.062481,-55,32,-94
1741509770.108481,-33,-41,58
1741509770.154481,-33,-24,-194
1741509770.199481,-71,68,-18
1741509770.245481,36,-89,-70
1741509770.291481,0,43,-86
1741509770.337481,-19,35,-145
1741509770.3824809,-99,3,-112
1741509770.4284809,-3,49,-92
1741509770.4744809,36,2,-173
1741509770.519481,-50,15,-43
1741509770.565481,-73,47,-127
1741509770.611481,0,-4,-49
1741509770.657481,-57,-15,-83
1741509770.702481,16,10,-51
1741509770.748481,68,35,-131
1741509770.7944808,8,-26,-101
1741509770.8394809,-25,-15,-209
1741509770.8854809,12,-33,22
1741509770.931481,40,88,-105
1741509770.977481,-53,16,-69
1741509771.022481,-29,-56,-103
1741509771.068481,-13,6,-27
1741509771.114481,-30,-27,-15
1741509771.1594808,-70,-13,-109
1741509771.2054808,41,-13,-63
1741509771.2514808,33,30,-101
1741509771.2974808,86,25,-139
1741509771.342481,38,39,-23
1741509771.388481,28,37,-209
1741509771.434481,22,-4,-79
1741509771.479481,0,-35,-155
1741509771.525481,38,42,-163
1741509771.571481,70,16,-61
1741509771.617481,16,-5,16
1741509771.6624808,-100,-13,-91
1741509771.7084808,79,-19,-197
1741509771.7544808,12,106,-85
1741509771.799481,-1,56,-25
1741509771.845481,-23,60,-25
1741509771.891481,-9,2,-102
1741509771.937481,-13,-25,-192
1741509771.982481,-63,32,-116
1741509772.028481,-39,-61,-26
1741509772.074481,16,1,11
1741509772.1194808,-21,-66,-124
1741509772.1654809,-25,38,-44
1741509772.2114809,-21,8,-40
1741509772.2574809,88,-21,-102
1741509772.302481,0,4,21
1741509772.348481,-71,26,-124
1741509772.394481,-19,16,-226
1741509772.439481,-25,22,-150
1741509772.485481,11,-10,-78
1741509772.531481,0,-45,-216
1741509772.577481,-5,14,-36
1741509772.6224809,16,14,-16
1741509772.6684809,-63,20,-112
1741509772.7144809,-42,-63,-52
1741509772.759481,-112,46,-134
1741509772.805481,33,48,-60
1741509772.851481,-42,5,-156
1741509772.897481,63,18,-98
1741509772.9424808,-70,-21,-98
1741509772.9884808,-28,-13,-8
1741509773.0344808,41,-9,-70
1741509773.079481,-33,-17,-34
1741509773.125481,-31,6,50
1741509773.171481,-3,-1,-79
1741509773.217481,-3,-58,-28
1741509773.262481,64,-33,-92
1741509773.308481,-33,-22,-66
1741509773.354481,-11,-10,-78
1741509773.3994808,62,-44,-58
1741509773.4454808,-57,-24,-200
1741509773.4914808,30,-76,-114
1741509773.5374808,-17,7,-106
1741509773.582481,0,0,-264
1741509773.634481,29,-9,-136
1741509773.679481,39,0,-116
1741509773.725481,-22,-29,-68
1741509773.771481,36,11,-40
1741509773.8164809,47,-35,-26
1741509773.8624809,0,16,-84
1741509773.908481,7,15,-168
1741509773.954481,17,55,21
1741509773.999481,-81,9,-94
1741509774.045481,0,11,-38
1741509774.091481,-117,21,-102
1741509774.1364808,72,29,-60
1741509774.1824808,-30,57,-30
1741509774.2284808,-18,-6,-57
1741509774.2744808,32,-10,-93
1741509774.318481,-19,23,-57
1741509774.364481,0,-13,-15
1741509774.410481,88,-35,-29
1741509774.4554808,-57,75,-223
1741509774.5014808,-7,17,-33
1741509774.5474808,39,-6,-141
1741509774.592481,7,31,-65
1741509774.638481,-68,-11,-59
1741509774.684481,61,-49,26
1741509774.730481,25,54,-31
1741509774.775481,-4,8,-97
1741509774.821481,-46,-5,-165
1741509774.867481,37,-5,-161
1741509774.9124808,-4,-13,-47
1741509774.9584808,-48,-45,-27
1741509775.0044808,-20,2,-105
1741509775.0504808,81,52,-51
1741509775.095481,63,19,16
1741509775.141481,-14,1,16
1741509775.187481,-6,-27,-111
1741509775.232481,26,42,-81
1741509775.278481,18,-21,-137
1741509775.324481,4,-19,26
1741509775.370481,-30,50,-23
1741509775.4154809,-36,-36,-77
1741509775.4614809,-38,23,-18
1741509775.5074809,-12,-62,9
1741509775.552481,51,12,-90
1741509775.598481,-31,22,-56
1741509775.644481,0,66,-128
1741509775.690481,-47,-111,-138
1741509775.735481,-51,-19,-2
1741509775.781481,-20,-63,-10
1741509775.827481,-45,20,-107
1741509775.8724809,-39,26,-111
1741509775.9184809,84,-7,-57
1741509775.9644809,68,-93,-207
1741509776.0104809,8,58,-57
1741509776.055481,29,-81,-15
1741509776.101481,99,28,-11
1741509776.147481,-24,-6,-105
1741509776.1924808,-4,-44,-237
1741509776.2384808,67,-69,-71
1741509776.2844808,-20,8,-133
1741509776.3304808,-6,-3,-17
1741509776.375481,-46,21,6
1741509776.421481,-2,-16,-81
1741509776.467481,-22,-50,-9
1741509776.512481,-17,15,-189
1741509776.558481,41,57,-107
1741509776.604481,36,8,-79
1741509776.650481,-47,26,-156
1741509776.6954808,0,44,4
1741509776.7414808,-8,-16,-47
1741509776.7874808,-48,55,-115
1741509776.832481,89,-12,-135
1741509776.878481,34,40,-26
1741509776.924481,-12,-8,36
1741509776.970481,23,23,-202
1741509777.015481,17,55,-55
1741509777.061481,-29,20,6
1741509777.107481,36,-41,13
1741509777.1524808,-48,26,-57
1741509777.1984808,36,55,-50
1741509777.2444808,4,-50,-10
1741509777.2904809,-85,35,0
1741509777.335481,-53,11,-113
1741509777.381481,52,-84,-178
1741509777.427481,8,-5,-192
1741509777.472481,2,20,1
1741509777.518481,22,36,-142
1741509777.564481,-69,-13,-148
1741509777.610481,-36,36,-36
1741509777.6554809,-25,24,-136
1741509777.7014809,28,56,-119
1741509777.7474809,1,46,-34
1741509777.792481,56,-18,-57
1741509777.838481,134,-109,-67
1741509777.884481,-63,8,-43
1741509777.930481,-41,24,-181
1741509777.975481,38,-73,12
1741509778.021481,-23,-11,-61
1741509778.0674808,-11,-79,14
1741509778.1124809,117,24,-8
1741509778.158481,-10,-23,-138
1741509778.204481,5,-29,-100
1741509778.250481,17,-91,-67
1741509778.295481,-42,92,-108
1741509778.341481,-46,50,37
1741509778.387481,-6,-23,-14
1741509778.4324808,-85,18,11
1741509778.4784808,-29,34,-64
1741509778.5244808,31,54,-86
1741509778.5704808,-19,52,-10
1741509778.615481,26,0,-98
1741509778.661481,20,-63,-104
1741509778.707481,-28,-86,-68
1741509778.752481,-29,56,-128
1741509778.798481,22,10,11
1741509778.844481,-116,-53,-132
1741509778.890481,32,2,-150
1741509778.9354808,1,-29,-28
1741509778.9814808,-41,20,-72
1741509779.0274808,35,-1,-62
1741509779.072481,-6,-11,7
1741509779.118481,59,60,23
1741509779.164481,-13,21,0
1741509779.210481,-7,-40,-102
1741509779.255481,0,39,-52
1741509779.301481,43,-45,-90
1741509779.347481,-29,-44,-62
1741509779.3924809,41,-19,-105
1741509779.4384809,-54,-1,-34
1741509779.4844809,-26,34,-59
1741509779.5304809,61,-71,-95
1741509779.575481,18,-99,20
1741509779.621481,-16,-50,-5
1741509779.667481,67,-28,-8
1741509779.712481,-2,23,-86
1741509779.758481,-50,59,-28
1741509779.804481,73,-42,11
1741509779.850481,-38,-46,-94
1741509779.8954809,6,13,-124
1741509779.9414809,56,-40,-89
1741509779.9874809,70,-23,-11
1741509780.032481,20,-46,-59
1741509780.078481,-29,63,-53
1741509780.124481,-112,64,-19
1741509780.170481,-57,78,30
1741509780.2154808,-43,14,-261
1741509780.2614808,32,-25,-177
1741509780.3074808,28,-17,4
1741509780.352481,23,-1,-77
1741509780.398481,-34,32,-79
1741509780.444481,24,-55,12
1741509780.490481,30,11,16
1741509780.535481,56,63,-177
1741509780.581481,4,27,9
1741509780.627481,34,-13,-100
1741509780.6724808,-9,35,-84
1741509780.7184808,24,-8,-28
1741509780.7644808,-44,-5,-40
1741509780.809481,63,12,-44
1741509780.855481,33,10,-150
1741509780.901481,7,32,53
1741509780.947481,11,3,-76
1741509780.992481,-36,15,-52
1741509781.038481,-83,2,-92
1741509781.084481,20,38,-36
1741509781.1294808,-69,-21,-112
1741509781.1754808,-92,-15,-212
1741509781.2214808,-19,-36,-66
1741509781.2674809,46,-10,-86
1741509781.312481,36,0,-66
1741509781.358481,-15,-60,-118
1741509781.404481,-85,33,-102
1741509781.449481,82,-35,-84
1741509781.495481,6,-43,11
1741509781.541481,47,-33,-60
1741509781.587481,27,-23,-51
1741509781.6324809,-40,-55,-30
1741509781.6784809,-10,-3,-107
1741509781.7244809,11,-57,-31
1741509781.769481,15,-51,-105
1741509781.815481,35,4,-65
1741509781.861481,-7,-64,0
1741509781.907481,-15,-34,-145
1741509781.952481,26,31,104
1741509781.998481,-47,-54,-73
1741509782.0444808,44,-9,-19
1741509782.0894809,-50,-7,-179
1741509782.1354809,10,-45,-33
1741509782.181481,46,4,-37
1741509782.227481,-27,-23,-113
1741509782.272481,-15,-7,-117
1741509782.318481,56,-19,-31
1741509782.364481,53,29,-133
1741509782.4094808,6,-17,-47
1741509782.4554808,-32,-40,-65
1741509782.5014808,3,21,-117
1741509782.5474808,-10,1,-231
1741509782.592481,29,1,-145
1741509782.638481,103,25,-39
1741509782.684481,32,6,-15
1741509782.729481,0,60,-157
1741509782.775481,8,0,-48
1741509782.821481,7,-10,-95
1741509782.867481,41,79,-167
1741509782.9124808,-21,-9,-63
1741509782.9584808,68,62,-69
1741509783.0044808,75,29,-203
1741509783.049481,-10,-14,-13
1741509783.095481,-27,-69,-81
1741509783.141481,52,-27,18
1741509783.187481,0,-69,-95
1741509783.232481,-3,78,-35
1741509783.278481,-21,46,-199
1741509783.324481,-49,-33,-145
1741509783.3694808,6,50,-123
1741509783.414481,48,-67,-15
1741509783.460481,56,75,-53
1741509783.505481,-127,-74,-153
1741509783.551481,-19,-40,18
1741509783.6034808,7,65,-127
1741509783.648481,-3,21,-93
1741509783.694481,-73,33,-81
1741509783.740481,8,37,-37
1741509783.785481,8,23,-1
1741509783.831481,1,-19,-13
1741509783.877481,-22,-27,-83
1741509783.923481,9,-9,-65
1741509783.9684808,0,27,-161
1741509784.0144808,4,-16,20
1741509784.0604808,22,11,-131
1741509784.105481,-31,7,-181
1741509784.151481,2,-33,6
1741509784.197481,16,62,-126
1741509784.243481,-15,-51,-64
1741509784.288481,42,-27,-17
1741509784.334481,39,-10,-78
1741509784.380481,-26,0,-72
1741509784.4254808,-27,41,11
1741509784.4714808,10,-38,-51
1741509784.5174809,-55,0,32
1741509784.5634809,-93,39,46
1741509784.608481,54,46,-77
1741509784.654481,12,14,-32
1741509784.700481,30,-23,-168
1741509784.745481,18,-15,-81
1741509784.791481,-45,-17,-47
1741509784.837481,77,47,-114
1741509784.883481,8,19,-86
1741509784.9284809,-53,-16,-61
1741509784.9744809,-57,-18,-114
1741509785.0204809,70,11,-114
1741509785.065481,34,49,-4
1741509785.111481,41,40,-14
1741509785.157481,-25,-90,-168
1741509785.203481,-25,-4,-154
1741509785.248481,28,-10,-78
1741509785.2944808,-59,21,-20
1741509785.3404808,12,27,-42
1741509785.3854809,-13,30,-120
1741509785.431481,93,74,-2
1741509785.477481,26,20,-84
1741509785.523481,54,9,-124
1741509785.568481,44,-16,-8
1741509785.614481,-22,35,-46
1741509785.660481,-40,58,-160
1741509785.7054808,-8,-39,-22
1741509785.7514808,39,34,-70
1741509785.7974808,5,-70,-130
1741509785.8434808,-52,-16,-236
1741509785.888481,0,15,-10
1741509785.934481,12,-6,-150
1741509785.980481,10,-30,-22
1741509786.025481,-19,-17,-192
1741509786.071481,36,-1,-92
1741509786.117481,24,62,-102
1741509786.163481,46,10,-144
1741509786.2084808,93,52,-138
1741509786.2544808,144,-10,7
1741509786.3004808,43,48,-100
1741509786.345481,4,1,-106
1741509786.391481,-32,-67,-18
1741509786.437481,-16,-9,-38
1741509786.483481,83,-5,-50
1741509786.528481,3,-37,-8
1741509786.574481,41,22,75
1741509786.620481,-18,24,-192
1741509786.6654809,-10,16,27
1741509786.7114809,31,-43,-64
1741509786.7574809,33,-44,-160
1741509786.8034809,-3,-81,-90
1741509786.848481,38,-31,-66
1741509786.894481,-68,-15,37
1741509786.940481,-71,18,-132
1741509786.985481,12,-11,-142
1741509787.031481,35,20,-16
1741509787.077481,-32,-69,-50
1741509787.123481,-32,-43,-106
1741509787.1684809,42,-25,-56
1741509787.2144809,43,-74,-174
1741509787.2604809,-54,-52,-100
1741509787.305481,-1,-26,-102
1741509787.351481,7,-24,-90
1741509787.397481,9,56,-14
1741509787.4424808,-14,80,-168
1741509787.4884808,43,14,-70
1741509787.5344808,-74,-42,-32
1741509787.5804808,0,-22,-6
1741509787.625481,31,61,-140
1741509787.671481,88,-93,-68
1741509787.717481,-76,59,4
1741509787.762481,51,47,2
1741509787.808481,5,-4,-157
1741509787.854481,67,-8,-93
1741509787.900481,9,-26,-149
1741509787.9454808,-32,0,14
1741509787.9914808,-142,1,-111
1741509788.0374808,32,54,-21
1741509788.082481,89,31,-129
1741509788.128481,-12,3,-111
1741509788.174481,-14,42,-111
1741509788.220481,-26,-21,0
1741509788.265481,-8,-15,-83
1741509788.311481,-22,20,-133
1741509788.357481,17,61,-51
1741509788.4024808,-70,-14,114
1741509788.4484808,54,-22,-154
1741509788.4944808,20,5,-169
1741509788.5404809,-103,45,-120
1741509788.585481,-4,-51,-73
1741509788.631481,40,-44,40
1741509788.677481,32,-10,-47
1741509788.722481,14,15,-119
1741509788.768481,60,45,-75
1741509788.814481,164,-33,-147
1741509788.860481,-23,-39,-99
1741509788.9054809,18,40,-75
1741509788.9514809,16,70,71
1741509788.9974809,52,13,60
1741509789.042481,-9,24,-113
1741509789.088481,-3,-104,-117
1741509789.134481,12,-44,-121
1741509789.180481,62,-88,-1
1741509789.225481,56,27,-19
1741509789.271481,23,-24,100
1741509789.3174808,-32,88,-19
1741509789.3624809,-14,12,-47
1741509789.408481,46,-5,-75
1741509789.454481,-47,-15,-97
1741509789.500481,62,-13,-35
1741509789.545481,-89,38,-85
1741509789.591481,17,-45,-100
1741509789.637481,10,-53,-46
1741509789.6824808,38,-68,-50
1741509789.7284808,32,-29,-88
1741509789.7744808,-45,-11,-26
1741509789.8204808,-72,1,-102
1741509789.865481,53,-14,-112
1741509789.911481,-52,-46,0
1741509789.957481,71,49,-166
1741509790.002481,-55,-41,-68
1741509790.048481,72,2,95
1741509790.094481,12,38,-116
1741509790.140481,56,40,-126
1741509790.1854808,39,14,29
1741509790.2314808,9,-7,-60
1741509790.2774808,-72,-22,-20
1741509790.322481,99,42,-64
1741509790.368481,34,24,-102
1741509790.414481,-49,-29,-2
1741509790.460481,54,0,-24
1741509790.505481,-80,-21,-6
1741509790.551481,-30,32,-64
1741509790.597481,89,62,-111
1741509790.6424809,-5,24,-113
1741509790.6884809,29,-21,-32
1741509790.7344809,-28,-15,7
1741509790.7804809,-25,60,-78
1741509790.825481,48,-11,-96
1741509790.871481,36,32,-82
1741509790.917481,-11,44,-109
1741509790.962481,22,-85,-25
1741509791.008481,-41,50,-61
1741509791.054481,32,2,-113
1741509791.100481,-5,52,-131
1741509791.1454809,46,-23,90
1741509791.1914809,-3,-49,-11
1741509791.2374809,46,24,-17
1741509791.282481,-43,14,-57
1741509791.328481,117,-64,14
1741509791.374481,-100,77,-193
1741509791.420481,-5,-3,-11
1741509791.4654808,-57,-19,-87
1741509791.5114808,14,-85,74
1741509791.5574808,10,-59,-205
1741509791.602481,-26,-22,-27
1741509791.648481,-12,19,-79
1741509791.694481,43,7,-105
1741509791.740481,-24,49,-57
1741509791.785481,-1,-12,-97
1741509791.831481,15,-43,-91
1741509791.877481,-12,2,-131
1741509791.9224808,-78,-119,-133
1741509791.9684808,-35,9,-29
1741509792.0144808,36,-4,-4
1741509792.0604808,64,-20,-32
1741509792.105481,-33,94,-114
1741509792.151481,-22,-70,-42
1741509792.197481,101,-11,-160
1741509792.242481,24,-15,-101
1741509792.288481,-25,28,-109
1741509792.334481,38,4,-1
1741509792.380481,2,-60,-105
1741509792.4254808,-39,-18,-87
1741509792.4714808,-2,-98,-149
1741509792.5174809,-68,2,-31
1741509792.562481,46,-35,10
1741509792.608481,60,-59,-87
1741509792.654481,21,67,-33
1741509792.700481,29,-51,-27
1741509792.745481,50,27,12
1741509792.791481,78,31,26
1741509792.837481,11,36,-85
1741509792.8824809,21,-47,-82
1741509792.9284809,26,-76,-141
1741509792.9744809,-18,-6,-61
1741509793.0204809,-47,-74,-99
1741509793.065481,8,53,-91
1741509793.111481,74,26,-111
1741509793.157481,7,-8,42
1741509793.202481,53,-24,-91
1741509793.248481,-36,-8,16
1741509793.2944808,17,-2,-9
1741509793.3404808,-23,-14,-39
1741509793.3854809,-55,-22,-89
1741509793.431481,48,29,38
1741509793.477481,92,-28,-29
1741509793.522481,-46,32,-57
1741509793.568481,0,-49,-173
1741509793.620481,-40,25,-45
1741509793.6654809,31,-5,-155
1741509793.7114809,5,42,-17
1741509793.7574809,17,-16,-157
1741509793.802481,-62,-20,-43
1741509793.848481,-44,-13,-179
1741509793.894481,-98,-21,14
1741509793.939481,-42,0,-111
1741509793.985481,130,9,-35
1741509794.031481,31,-33,-45
1741509794.077481,-20,40,-163
1741509794.1224809,-40,-7,-57
1741509794.1684809,27,-7,-75
1741509794.2144809,23,24,-211
1741509794.259481,23,32,-43
1741509794.305481,22,45,-93
1741509794.351481,-19,7,-81
1741509794.397481,13,-31,-109
1741509794.4424808,-54,-76,-119
1741509794.4884808,68,-52,-92
1741509794.5344808,-88,-37,-86
1741509794.579481,-14,6,-76
1741509794.625481,-28,18,-22
1741509794.671481,-8,-17,-46
1741509794.717481,-19,17,-120
1741509794.762481,-1,-4,-110
1741509794.808481,-93,-52,-184
1741509794.854481,98,-10,3
1741509794.8994808,-61,-78,-76
1741509794.9454808,22,-74,-80
1741509794.9914808,-27,59,-74
1741509795.0374808,17,40,-22
1741509795.082481,-14,-26,-89
1741509795.128481,-7,-48,-161
1741509795.174481,9,-17,-177
1741509795.219481,-24,-31,-287
1741509795.265481,55,24,-73
1741509795.311481,-27,-50,-67
1741509795.357481,-20,-75,-45
1741509795.4024808,-38,18,-129
1741509795.4484808,-40,-1,-93
1741509795.4944808,-7,3,-59
1741509795.539481,-11,-22,-135
1741509795.585481,62,-44,-179
1741509795.631481,60,-12,50
1741509795.677481,0,-5,-103
1741509795.722481,-7,-72,-61
1741509795.768481,-44,-27,-47
1741509795.814481,8,-47,-177
1741509795.8594809,-11,10,-103
1741509795.9054809,-73,-26,-91
1741509795.9514809,97,39,-107
1741509795.9974809,17,-72,-141
1741509796.042481,27,15,-118
1741509796.088481,1,-18,-106
1741509796.134481,-18,-50,31
1741509796.179481,-31,27,-8
1741509796.225481,-79,10,-68
1741509796.271481,64,80,-120
1741509796.3174808,-29,8,-4
1741509796.3624809,20,6,-100
1741509796.408481,-47,-58,-54
1741509796.454481,-65,55,-94
1741509796.499481,-1,27,-204
1741509796.545481,-45,35,29
1741509796.591481,23,-12,-77
1741509796.637481,38,-120,-67
1741509796.6824808,-36,13,-56
1741509796.7284808,-13,-10,-54
1741509796.7744808,111,-25,-86
1741509796.819481,47,-20,-74
1741509796.865481,-3,48,-174
1741509796.911481,-152,-55,-142
1741509796.957481,43,-7,-166
1741509797.002481,-51,30,-96
1741509797.048481,18,-19,-38
1741509797.094481,22,41,-94
1741509797.1394808,-1,-15,-92
1741509797.1854808,-74,-29,-94
1741509797.2314808,1,40,-84
1741509797.2774808,-25,14,-34
1741509797.322481,17,25,-192
1741509797.368481,14,-67,-76
1741509797.414481,20,-15,49
1741509797.459481,20,-14,-78
1741509797.505481,15,-22,-43
1741509797.551481,40,77,-37
1741509797.597481,42,36,-14
1741509797.6424809,-15,89,-102
1741509797.6884809,29,75,-44
1741509797.7344809,9,80,-90
1741509797.779481,65,6,-132
1741509797.825481,32,25,-80
1741509797.871481,92,-10,-68
1741509797.917481,-15,-96,-100
1741509797.962481,-77,30,-132
1741509798.008481,-13,-53,-202
1741509798.054481,33,-62,-66
1741509798.0994809,-6,73,79
1741509798.1454809,66,79,-154
1741509798.1914809,72,-104,-130
1741509798.2374809,26,71,-54
1741509798.282481,-61,-38,-82
1741509798.328481,112,-62,-28
1741509798.374481,7,65,3
1741509798.4194808,51,-22,-117
1741509798.4654808,22,22,0
1741509798.5114808,23,-26,-75
1741509798.5574808,48,13,-67
1741509798.602481,47,55,-53
1741509798.648481,43,-104,-43
1741509798.694481,31,-110,-180
1741509798.739481,40,-62,-85
1741509798.785481,-29,-20,-82
1741509798.831481,46,115,-176
1741509798.877481,-21,-2,-32
1741509798.9224808,48,6,55
1741509798.9684808,-21,-10,-20
1741509799.0144808,-33,-34,-40
1741509799.059481,9,-84,-70
1741509799.105481,-36,-44,-58
1741509799.151481,-28,13,-142
1741509799.197481,81,-60,-20
1741509799.242481,52,-3,-168
1741509799.288481,2,-99,-54
1741509799.334481,13,-53,-56
1741509799.3794808,15,32,-124
1741509799.4254808,35,28,-66
1741509799.4714808,49,-1,153
1741509799.5174809,-16,-33,-50
1741509799.562481,25,16,1
1741509799.608481,40,-65,-170
1741509799.654481,-20,-38,-100
1741509799.699481,17,22,-44
1741509799.745481,-25,8,-24
1741509799.791481,10,20,-100
1741509799.837481,27,67,-70
1741509799.8824809,10,67,39
1741509799.9284809,-9,62,-150
1741509799.9744809,27,-62,-130
1741509800.019481,0,-58,77
1741509800.065481,49,33,-76
1741509800.111481,17,9,-158
1741509800.157481,38,-58,-20
1741509800.202481,-2,-42,-82
1741509800.248481,35,-24,-146
1741509800.2944808,-30,-58,5
1741509800.3394809,75,51,25
1741509800.3854809,79,-12,-106
1741509800.431481,-14,-6,-88
1741509800.477481,-8,-6,-140
1741509800.522481,79,-10,-78
1741509800.568481,51,-16,-46
1741509800.614481,-24,-49,-78
1741509800.6594808,65,4,-10
1741509800.7054808,13,11,-186
1741509800.7514808,-62,-20,-152
1741509800.7974808,-22,-14,-16
1741509800.842481,41,-11,27
1741509800.888481,-48,52,-8
1741509800.934481,-24,32,-134
1741509800.979481,-2,-56,-150
1741509801.025481,-77,-58,-44
1741509801.071481,88,0,-6
1741509801.1164808,-56,6,-74
1741509801.1624808,-66,-19,-150
1741509801.2084808,-26,-7,-72
1741509801.2544808,17,8,-121
1741509801.299481,-78,22,-79
1741509801.345481,-36,-92,-3
1741509801.391481,-4,-10,-35
1741509801.436481,53,-6,-77
1741509801.482481,-58,-46,-92
1741509801.528481,-50,-65,-56
1741509801.574481,31,-47,-94
1741509801.6194808,-48,30,-32
1741509801.6654809,-2,34,36
1741509801.7114809,-60,30,-51
1741509801.756481,15,-1,-21
1741509801.802481,25,22,-99
1741509801.848481,55,29,-115
1741509801.894481,13,-28,-175
1741509801.939481,-68,-82,-156
1741509801.985481,-54,-84,-25
1741509802.031481,9,43,-83
1741509802.0764809,-20,50,-83
1741509802.1224809,9,-2,-111
1741509802.1684809,25,35,-61
1741509802.2144809,71,7,-33
1741509802.259481,-62,64,24
1741509802.305481,-68,-6,-75
1741509802.351481,61,9,4
1741509802.396481,-31,13,-45
1741509802.4424808,-33,13,6
1741509802.4884808,-67,11,-65
1741509802.5344808,10,-66,-113
1741509802.579481,19,-26,-197
1741509802.625481,78,-10,-57
1741509802.671481,-4,48,37
1741509802.716481,3,34,-5
1741509802.762481,-6,58,18
1741509802.808481,14,-4,-53
1741509802.854481,54,0,4
1741509802.8994808,36,29,-47
1741509802.9454808,43,7,-45
1741509802.9914808,-66,56,-111
1741509803.036481,32,-71,-65
1741509803.082481,26,28,-191
1741509803.128481,-65,-17,-192
1741509803.174481,-57,0,2
1741509803.219481,19,68,36
1741509803.265481,-31,8,-98
1741509803.311481,12,18,-83
1741509803.3564808,-7,-3,-89
1741509803.4024808,27,-56,-41
1741509803.4484808,13,-36,-159
1741509803.4944808,37,-28,-191
1741509803.539481,-12,-96,-139
1741509803.585481,19,-12,-153
1741509803.6364808,-66,25,18
1741509803.6824808,-32,19,-59
1741509803.7284808,-16,29,-113
1741509803.7744808,-54,17,-53
1741509803.819481,-18,13,-179
1741509803.865481,29,43,-29
1741509803.911481,42,36,-137
1741509803.956481,20,-27,-49
1741509804.002481,-19,-35,-47
1741509804.048481,-13,-37,-127
1741509804.094481,26,0,-169
1741509804.1394808,-43,-45,-147
1741509804.1854808,33,-78,-6
1741509804.230481,-38,-90,-132
1741509804.275481,-4,3,-75
1741509804.321481,35,-44,-169
1741509804.367481,-32,-24,-49
1741509804.4124808,-62,19,9
1741509804.4584808,59,0,-186
1741509804.5044808,6,-7,-130
1741509804.5504808,83,-44,-78
1741509804.595481,4,36,-152
1741509804.641481,18,42,-79
1741509804.687481,108,-8,-65
1741509804.732481,-88,45,-13
1741509804.778481,49,-62,2
1741509804.824481,-54,15,-83
1741509804.870481,-63,-2,124
1741509804.9154809,3,-2,92
1741509804.9614809,-59,15,-89
1741509805.0074809,-26,59,-97
1741509805.052481,-47,-2,-79
1741509805.098481,0,19,-92
1741509805.144481,59,-2,-270
1741509805.190481,-68,-52,17
1741509805.235481,45,39,-140
1741509805.281481,43,-8,-60
1741509805.327481,-38,19,-18
1741509805.3724809,11,7,3
1741509805.4184809,-36,-56,25
1741509805.4644809,-104,-38,-6
1741509805.5104809,-40,1,-84
1741509805.555481,-116,39,19
1741509805.601481,-38,-12,-154
1741509805.647481,46,40,-136
1741509805.6924808,-71,10,-112
1741509805.7384808,-15,34,-26
1741509805.7844808,61,-26,-86
1741509805.8304808,-6,-4,3
1741509805.875481,17,5,-28
1741509805.921481,78,-68,-38
1741509805.967481,-75,-15,-60
1741509806.012481,-29,4,-138
1741509806.058481,-27,-3,-46
1741509806.104481,-37,-7,-164
1741509806.150481,-25,-35,23
1741509806.1954808,-65,-7,-34
1741509806.2414808,68,-43,-134
1741509806.2874808,14,-31,-58
1741509806.332481,2,26,-30
1741509806.378481,80,-37,-80
1741509806.424481,26,94,-44
1741509806.470481,51,-57,51
1741509806.515481,-1,-71,9
1741509806.561481,52,-19,-56
1741509806.607481,30,-39,-112
1741509806.6524808,-9,52,-44
1741509806.6984808,8,16,-32
1741509806.7444808,-11,45,-136
1741509806.7904809,15,-22,7
1741509806.835481,48,101,-138
1741509806.881481,2,46,-52
1741509806.927481,-41,-5,-142
1741509806.972481,-31,-23,-108
1741509807.018481,12,22,-86
1741509807.064481,92,-1,-86
1741509807.110481,18,20,-86
1741509807.1554809,-29,49,-40
1741509807.2014809,-29,8,-98
1741509807.2474809,-3,96,-60
1741509807.292481,0,21,-72
1741509807.338481,-25,56,-124
1741509807.384481,-37,-45,-76
1741509807.430481,14,46,-38
1741509807.475481,40,40,-36
1741509807.521481,60,28,-94
1741509807.5674808,-3,-113,-60
1741509807.6124809,-89,15,-52
1741509807.658481,-43,-58,-154
1741509807.704481,20,-17,51
1741509807.749481,2,10,-106
1741509807.795481,4,-69,89
1741509807.841481,-63,18,-106
1741509807.887481,39,-18,-150
1741509807.9324808,10,24,-78
1741509807.9784808,18,-13,-6
1741509808.0244808,8,18,-178
1741509808.069481,7,-10,-70
1741509808.115481,-23,7,-136
1741509808.161481,-25,-94,-102
1741509808.207481,-3,-15,61
1741509808.252481,74,0,-98
1741509808.298481,-38,-7,-14
1741509808.344481,-77,29,-156
1741509808.3894808,-31,56,11
1741509808.4354808,-61,-28,-78
1741509808.4814808,96,2,-96
1741509808.5274808,-9,-14,-150
1741509808.572481,-64,-10,-122
1741509808.618481,-25,-7,-88
1741509808.664481,12,-19,-136
1741509808.709481,31,25,-130
1741509808.755481,-47,7,-48
1741509808.801481,8,23,-94
1741509808.847481,54,6,-176
1741509808.8924809,52,-50,-86
1741509808.9384809,70,1,-80
1741509808.9844809,-23,-8,-116
1741509809.029481,-17,10,51
1741509809.075481,88,-67,-54
1741509809.121481,52,-48,-62
1741509809.167481,5,37,-116
1741509809.212481,-3,41,39
1741509809.258481,64,-38,-66
1741509809.304481,74,-32,-68
1741509809.3494809,-26,-12,-28
1741509809.3954809,-1,-42,-64
1741509809.4414809,0,40,-18
1741509809.4874809,-22,12,-172
1741509809.532481,-92,26,63
1741509809.578481,22,75,-112
1741509809.624481,-7,-56,-64
1741509809.6694808,22,6,-42
1741509809.7154808,-41,-4,-4
1741509809.7614808,-55,-22,-66
1741509809.8074808,-39,55,-36
1741509809.852481,-2,-24,-94
1741509809.898481,25,-6,-46
1741509809.944481,-14,-1,-84
1741509809.989481,58,27,-136
1741509810.035481,-18,52,-14
1741509810.081481,37,14,-68
1741509810.127481,26,46,-54
1741509810.1724808,31,-14,-132
1741509810.2184808,31,49,-188
1741509810.2644808,103,-50,-122
1741509810.309481,7,-8,-158
1741509810.355481,39,35,-118
1741509810.401481,43,-2,25
1741509810.447481,11,-4,-200
1741509810.492481,-40,107,-112
1741509810.538481,17,54,-100
1741509810.584481,42,8,-188
1741509810.6294808,-17,20,-48
1741509810.6754808,79,80,-50
1741509810.7214808,-22,77,-104
1741509810.7674809,-12,-6,-24
1741509810.812481,75,-26,-90
1741509810.858481,84,-30,-20
1741509810.904481,-23,13,-154
1741509810.949481,27,-111,-94
1741509810.995481,-7,59,-92
1741509811.041481,-25,15,47
1741509811.087481,17,-21,-142
1741509811.1324809,-11,-21,-176
1741509811.1784809,-79,-31,-62
1741509811.2244809,44,-2,55
1741509811.269481,-19,-58,-52
1741509811.315481,-43,5,-136
1741509811.361481,12,-24,-90
1741509811.407481,30,-36,-40
1741509811.452481,40,-20,-74
1741509811.498481,-12,36,-10
1741509811.5444808,18,-7,63
1741509811.5894809,24,-15,-190
1741509811.6354809,-18,47,107
1741509811.681481,3,-42,-124
1741509811.727481,33,-20,-172
1741509811.772481,14,83,-24
1741509811.818481,-53,-6,-68
1741509811.864481,-8,-17,-82
1741509811.9094808,33,-21,-122
1741509811.9554808,-42,-21,-58
1741509812.0014808,15,-11,1
1741509812.0474808,-79,15,-126
1741509812.092481,-74,-34,-46
1741509812.138481,-6,27,-62
1741509812.184481,-6,-98,-104
1741509812.229481,-57,10,-41
1741509812.275481,5,11,-108
1741509812.321481,-17,-57,-63
1741509812.367481,-11,6,-132
1741509812.4124808,14,48,-80
1741509812.4584808,-61,-37,-119
1741509812.5044808,-1,-21,-53
1741509812.549481,-75,32,-89
1741509812.595481,-3,-38,-113
1741509812.641481,-59,-17,-125
1741509812.687481,-44,26,-89
1741509812.732481,-59,0,-71
1741509812.778481,46,-109,-97
1741509812.824481,36,-12,-151
1741509812.8694808,-7,-24,-179
1741509812.9154809,-45,-14,-183
1741509812.9614809,6,-20,28
1741509813.0074809,-37,-59,-87
1741509813.052481,18,-79,-81
1741509813.098481,28,84,-23
1741509813.144481,-57,-35,-103
1741509813.189481,-11,-61,-119
1741509813.235481,73,-61,-55
1741509813.281481,-42,8,-59
1741509813.327481,61,6,-83
1741509813.3724809,37,33,-89
1741509813.4184809,-31,-23,-139
1741509813.4644809,43,89,-47
1741509813.509481,-4,-71,-79
1741509813.555481,-8,-112,-73
1741509813.601481,43,-20,-55
1741509813.6524808,101,17,-137
1741509813.6984808,-43,-56,-89
1741509813.7444808,-8,7,-153
1741509813.789481,-6,-68,-147
1741509813.835481,60,23,-69
1741509813.881481,-31,3,-136
1741509813.927481,-48,37,-45
1741509813.972481,-43,89,-60
1741509814.018481,-5,0,-148
1741509814.064481,-17,16,-164
1741509814.1094809,45,-68,-125
1741509814.1554809,-50,25,-27
1741509814.2014809,-24,1,-63
1741509814.2474809,-10,-24,4
1741509814.292481,-31,-113,-83
1741509814.338481,-6,3,-43
1741509814.384481,11,15,34
1741509814.429481,10,-10,-31
1741509814.475481,-5,71,-21
1741509814.521481,-31,-11,-139
1741509814.5674808,2,-28,-37
1741509814.6124809,69,-16,-151
1741509814.658481,75,61,4
1741509814.704481,52,-40,-111
1741509814.749481,101,-58,-47
1741509814.795481,-1,-23,-40
1741509814.841481,42,8,-106
1741509814.8864808,-87,-5,-34
1741509814.9324808,75,61,-129
1741509814.9784808,88,25,-78
1741509815.0244808,12,-11,0
1741509815.069481,-87,-23,-121
1741509815.115481,-25,-5,-25
1741509815.161481,48,50,-90
1741509815.206481,74,-53,-36
1741509815.252481,26,-29,-83
1741509815.298481,-21,-41,-30
1741509815.344481,26,8,-136
1741509815.3894808,18,-23,-110
1741509815.4354808,-1,-4,-100
1741509815.4814808,8,34,-208
1741509815.526481,37,17,-62
1741509815.572481,84,-19,-70
1741509815.618481,100,48,85
1741509815.664481,-99,25,-158
1741509815.709481,14,-24,-69
1741509815.755481,50,32,42
1741509815.801481,2,-99,-141
1741509815.8464808,-47,-17,-59
1741509815.8924809,44,-21,-105
1741509815.9384809,2,-62,28
1741509815.9844809,104,45,-150
1741509816.029481,-17,-9,-92
1741509816.075481,-13,32,-176
1741509816.121481,-39,-49,-110
1741509816.166481,-41,22,-144
1741509816.212481,45,11,-54
1741509816.258481,17,-38,13
1741509816.304481,45,61,-154
1741509816.3494809,-18,37,-2
1741509816.3954809,-66,-28,-24
1741509816.4414809,36,55,-198
1741509816.486481,-5,54,-94
1741509816.532481,-19,-39,-210
1741509816.578481,-51,-62,27
1741509816.624481,-71,67,-36
1741509816.6694808,76,-13,-136
1741509816.7154808,-25,-25,-70
1741509816.7614808,1,2,-30
1741509816.806481,-6,10,-32
1741509816.852481,4,11,-74
1741509816.898481,66,-12,-96
1741509816.944481,-7,-24,-36
1741509816.989481,-35,-10,-74
1741509817.035481,-43,1,-158
1741509817.081481,84,-31,-46
1741509817.1264808,-89,-50,-134
1741509817.1724808,-33,39,-14
1741509817.2184808,12,9,-36
1741509817.2644808,38,-48,-120
1741509817.309481,32,-82,-148
1741509817.355481,0,19,95
1741509817.401481,-36,5,-18
1741509817.446481,119,-42,-156
1741509817.492481,49,61,23
1741509817.538481,-25,-57,-160
1741509817.584481,114,20,13
1741509817.6294808,-21,20,33
1741509817.6754808,14,4,-59
1741509817.7214808,28,16,-54
1741509817.766481,-85,-25,106
1741509817.812481,-45,32,-51
1741509817.858481,74,-13,-23
1741509817.904481,-9,36,-131
1741509817.949481,-25,-34,8
1741509817.995481,-13,-39,-173
1741509818.041481,6,24,-155
1741509818.0864809,-37,26,-135
1741509818.1324809,-48,5,36
1741509818.1784809,-36,59,-107
1741509818.2244809,-18,-29,-133
1741509818.269481,-36,-19,-185
1741509818.315481,95,-63,-63
1741509818.361481,-69,-80,-81
1741509818.406481,52,-12,-113
1741509818.452481,108,-20,-55
1741509818.498481,63,-5,-101
1741509818.5444808,-8,-13,-83
1741509818.5894809,115,-3,-133
1741509818.6354809,7,-41,-73
1741509818.681481,-78,98,-17
1741509818.726481,-33,5,-83
1741509818.772481,-12,-16,-35
1741509818.818481,-41,-62,-71
1741509818.864481,-86,-13,-9
1741509818.9094808,-68,24,40
1741509818.9554808,19,-39,-149
1741509819.0014808,-80,-48,-25
1741509819.046481,-44,-10,4
1741509819.092481,-35,-73,-123
1741509819.138481,-29,-32,-103
1741509819.184481,12,-20,10
1741509819.229481,-51,-36,-65
1741509819.275481,61,-26,-93
1741509819.321481,-58,-34,-162
1741509819.3664808,-78,45,-145
1741509819.4124808,-9,34,-123
1741509819.4584808,-27,58,-207
1741509819.5044808,-57,56,-43
1741509819.549481,-51,48,-76
1741509819.595481,63,108,56
1741509819.641481,-93,-7,-196
1741509819.686481,-5,26,-61
1741509819.732481,22,-37,-45
1741509819.778481,14,-87,-151
1741509819.824481,38,-21,-27
1741509819.8694808,-72,24,-61
1741509819.9154809,34,2,-13
1741509819.9614809,-87,28,-185
1741509820.006481,-55,16,-178
1741509820.052481,-63,-47,-114
1741509820.098481,42,-7,-116
1741509820.144481,5,-48,-128
1741509820.189481,83,-58,17
1741509820.235481,-70,-12,-7
1741509820.281481,-40,-10,-131
1741509820.3264809,42,8,-139
1741509820.3724809,38,42,-13
1741509820.4184809,0,-51,-55
1741509820.4644809,49,3,-89
1741509820.509481,-4,23,-51
1741509820.555481,70,30,-45
1741509820.601481,-55,-15,-117
1741509820.646481,-41,-73,-65
1741509820.6924808,49,-18,-165
1741509820.7384808,-26,47,-69
1741509820.7844808,-16,41,-137
1741509820.829481,27,-52,-159
1741509820.875481,43,-26,-103
1741509820.921481,-18,-12,-75
1741509820.966481,-4,29,92
1741509821.012481,35,29,-31
1741509821.058481,-78,-12,-67
1741509821.104481,-28,3,-93
1741509821.1494808,-22,26,-79
1741509821.1954808,0,0,-120
1741509821.2414808,-80,2,-83
1741509821.286481,0,-13,-10
1741509821.332481,-12,-58,-74
1741509821.378481,95,-93,-178
1741509821.424481,-76,-44,-12
1741509821.469481,57,47,-52
1741509821.515481,-34,7,-116
1741509821.561481,130,-13,-126
1741509821.6064808,159,89,-94
1741509821.6524808,-60,-81,-104
1741509821.6984808,24,20,-128
1741509821.743481,6,2,-68
1741509821.789481,38,-15,-118
1741509821.835481,-37,-3,-150
1741509821.881481,66,-49,-48
1741509821.926481,-19,-9,39
1741509821.972481,5,-74,37
1741509822.018481,-7,-27,3
1741509822.0634809,71,-47,-148
1741509822.1094809,-68,-21,93
1741509822.1554809,-80,23,-130
1741509822.2014809,47,81,-56
1741509822.246481,-56,3,-80
1741509822.292481,-19,-28,-10
1741509822.338481,-9,38,-10
1741509822.383481,62,-79,-42
1741509822.429481,12,-40,-229
1741509822.475481,32,24,-69
1741509822.521481,-66,-3,-131
1741509822.5664809,-14,-65,-113
1741509822.6124809,-58,-24,-55
1741509822.658481,55,16,-141
1741509822.703481,-32,-42,-93
1741509822.749481,79,1,-47
1741509822.795481,-90,13,-9
1741509822.841481,-26,51,-151
1741509822.8864808,38,-41,-111
1741509822.9324808,-77,28,-99
1741509822.9784808,41,46,-99
1741509823.023481,-22,-51,-113
1741509823.069481,-26,-19,16
1741509823.115481,22,-20,-103
1741509823.161481,14,0,-33
1741509823.206481,-23,15,-99
1741509823.252481,-37,-6,-117
1741509823.298481,58,9,-65
1741509823.3434808,-33,-94,-95
1741509823.3894808,2,0,42
1741509823.4354808,8,23,-35
1741509823.4814808,38,27,-55
1741509823.526481,-43,45,-148
1741509823.572481,-57,33,-16
1741509823.618481,4,34,20
1741509823.6694808,-31,33,-155
1741509823.7154808,-9,43,-9
1741509823.7614808,-47,-14,-67
1741509823.806481,-39,0,-29
1741509823.852481,-25,42,-13
1741509823.898481,-35,-34,-261
1741509823.943481,4,-84,-109
1741509823.989481,78,-40,-125
1741509824.035481,-39,41,-109
1741509824.081481,-1,-74,-119
1741509824.1264808,-40,-21,-75
1741509824.1724808,-16,-25,-100
1741509824.2184808,0,27,-160
1741509824.263481,42,-86,-65
1741509824.309481,72,59,-123
1741509824.355481,-81,7,-81
1741509824.401481,-37,54,-87
1741509824.446481,8,70,-9
1741509824.492481,32,-9,-75
1741509824.538481,-41,-5,-21
1741509824.5834808,20,20,-177
1741509824.6294808,14,32,33
1741509824.6754808,-33,-13,-32
1741509824.7214808,76,22,-82
1741509824.766481,91,-3,-134
1741509824.812481,47,67,-136
1741509824.858481,41,-64,-132
1741509824.903481,-30,-56,-234
1741509824.949481,-68,-72,7
1741509824.995481,9,-12,-12
1741509825.041481,71,9,-84
1741509825.0864809,65,-46,-28
1741509825.1324809,-14,-54,-198
1741509825.1784809,31,-4,-38
1741509825.223481,33,0,-46
1741509825.269481,5,-59,-2
1741509825.315481,-19,16,-128
1741509825.361481,-56,-55,-52
1741509825.406481,49,-43,-60
1741509825.452481,11,-67,-36
1741509825.498481,-89,-5,-12
1741509825.5434809,-37,-1,-144
1741509825.5894809,31,18,61
1741509825.6354809,-32,-24,0
1741509825.681481,53,-4,-102
1741509825.726481,1,-26,-66
1741509825.772481,-3,-70,-130
1741509825.818481,-3,33,-74
1741509825.8634808,19,-11,79
1741509825.9094808,-11,-88,71
1741509825.9554808,-45,33,-38
1741509826.0014808,-37,3,-138
1741509826.046481,24,-28,-48
1741509826.092481,-65,-30,-46
1741509826.138481,-81,-42,-86
1741509826.183481,50,-4,-118
1741509826.229481,-79,-8,-44
1741509826.275481,-7,-85,-15
1741509826.321481,-1,-21,40
1741509826.3664808,50,24,-83
1741509826.4124808,48,-37,40
1741509826.4584808,26,12,49
1741509826.503481,42,-1,-37
1741509826.549481,-5,-47,-69
1741509826.595481,-26,80,47
1741509826.641481,-5,0,-47
1741509826.686481,16,-18,-63
1741509826.732481,-17,27,12
1741509826.778481,-11,-8,-21
1741509826.8234808,-1,33,-41
1741509826.8694808,60,10,26
1741509826.9154809,56,37,-85
1741509826.9614809,-1,2,-83
1741509827.006481,62,9,-145
1741509827.052481,-3,-62,-21
1741509827.098481,40,-22,-171
1741509827.143481,8,19,-63
1741509827.189481,46,35,-89
1741509827.235481,-31,3,30
1741509827.281481,6,12,-129
1741509827.3264809,22,12,-80
1741509827.3724809,-137,-67,-107
1741509827.4184809,-119,-9,-89
1741509827.463481,-1,8,-67
1741509827.509481,8,-68,-89
1741509827.555481,-1,33,-111
1741509827.601481,-141,-6,0
1741509827.646481,23,-2,-211
1741509827.6924808,-44,-44,-99
1741509827.7384808,31,-20,-51
1741509827.783481,19,-18,-60
1741509827.829481,0,117,-184
1741509827.875481,-30,-56,9
1741509827.921481,26,34,-108
1741509827.966481,-31,32,45
1741509828.012481,64,-40,-38
1741509828.058481,26,-1,13
1741509828.1034808,15,-14,-34
1741509828.1494808,18,-27,-126
1741509828.1954808,44,89,-198
1741509828.2414808,34,19,-18
1741509828.286481,46,35,-108
1741509828.332481,-29,14,-58
1741509828.378481,48,-13,-68
1741509828.423481,40,-33,-17
1741509828.469481,51,-37,-133
1741509828.515481,-2,-35,52
1741509828.5604808,-14,18,-83
1741509828.6064808,31,32,-177
1741509828.6524808,47,-13,-209
1741509828.6984808,-14,-45,-51
1741509828.743481,69,54,-126
1741509828.789481,-58,-10,-65
1741509828.835481,19,0,-53
1741509828.880481,80,-19,-19
1741509828.926481,11,-30,-57
1741509828.972481,50,40,-151
1741509829.018481,22,-83,-131
1741509829.0634809,-55,37,-83
1741509829.1094809,-49,9,-65
1741509829.1554809,-87,36,-151
1741509829.200481,-9,-5,-40
1741509829.246481,-29,-30,-115
1741509829.292481,-8,58,-51
1741509829.338481,20,43,-95
1741509829.383481,-11,-10,-93
1741509829.429481,10,-40,-101
1741509829.475481,19,58,-85
1741509829.5204809,21,56,6
1741509829.5664809,5,-11,-39
1741509829.6124809,-16,12,-57
1741509829.658481,43,36,-15
1741509829.703481,19,8,-9
1741509829.749481,-28,8,-119
1741509829.795481,-8,-89,-65
1741509829.8404808,-76,44,-73
1741509829.8864808,13,14,-83
1741509829.9324808,15,49,-187
1741509829.9784808,26,15,-153
1741509830.023481,-30,57,-77
1741509830.069481,-96,-14,-51
1741509830.115481,-26,-44,-65
1741509830.160481,73,-19,-101
1741509830.206481,-1,44,-67
1741509830.252481,-5,30,-89
1741509830.298481,42,-33,-139
1741509830.342481,2,46,-101
1741509830.388481,0,36,-83
1741509830.434481,28,20,-83
1741509830.479481,53,54,80
1741509830.525481,16,-41,-64
1741509830.571481,5,26,-182
1741509830.6164808,-92,4,-132
1741509830.6624808,-52,45,-10
1741509830.7084808,-22,36,-48
1741509830.7544808,40,29,-100
1741509830.799481,-23,20,-106
1741509830.845481,-81,-1,-46
1741509830.891481,-55,-21,-74
1741509830.936481,32,-29,-70
1741509830.982481,38,70,-178
1741509831.028481,-13,34,-152
1741509831.074481,68,-67,13
1741509831.1194808,37,-31,-182
1741509831.1654809,20,-51,-128
1741509831.2114809,-35,-41,-82
1741509831.256481,-59,42,-38
1741509831.302481,-1,18,-74
1741509831.348481,24,-33,-22
1741509831.394481,-95,4,71
1741509831.439481,-7,46,-28
1741509831.485481,76,-61,-200
1741509831.531481,-9,-23,-30
1741509831.5764809,-29,8,-154
1741509831.6224809,8,-73,81
1741509831.6684809,-9,-61,-42
1741509831.7144809,42,-13,-102
1741509831.759481,-17,1,-16
1741509831.805481,-48,-10,-4
1741509831.851481,-91,46,-58
1741509831.896481,-17,-49,-38
1741509831.9424808,-31,-29,-48
1741509831.9884808,-79,-43,-54
1741509832.0344808,13,-6,-98
1741509832.079481,56,-57,-184
1741509832.125481,90,-29,-62
1741509832.171481,-5,14,-34
1741509832.216481,32,126,-136
1741509832.262481,10,40,-90
1741509832.308481,23,15,-26
1741509832.354481,41,-56,-26
1741509832.3994808,-4,25,-46
1741509832.4454808,43,17,-96
1741509832.4914808,25,-62,-90
1741509832.536481,-17,-45,-26
1741509832.582481,49,-68,-160
1741509832.628481,65,-56,-238
1741509832.674481,-76,-10,-142
1741509832.719481,22,-43,-78
1741509832.765481,-3,-106,17
1741509832.811481,-19,-50,-38
1741509832.8564808,40,25,-26
1741509832.9024808,32,29,3
1741509832.9484808,-39,5,-16
1741509832.9944808,34,-22,-101
1741509833.039481,6,-85,-102
1741509833.085481,-65,-4,-76
1741509833.131481,52,-16,29
1741509833.176481,56,25,-2
1741509833.222481,-57,3,-122
1741509833.268481,-3,10,-202
1741509833.314481,-45,-24,-56
1741509833.3594809,-43,10,-40
1741509833.4054809,22,-24,-138
1741509833.4514809,-33,15,-96
1741509833.496481,-17,-36,-186
1741509833.542481,-35,27,-158
1741509833.588481,19,-17,-104
1741509833.6394808,12,-12,-26
1741509833.6854808,8,31,-62
1741509833.7314808,-87,75,-120
1741509833.776481,34,17,-62
1741509833.822481,-34,-68,-48
1741509833.868481,-44,77,-16
1741509833.914481,11,-52,-200
1741509833.959481,47,-62,-152
1741509834.005481,-48,-10,-74
1741509834.051481,78,34,-148
1741509834.0964808,-63,32,-154
1741509834.1424809,-63,70,-200
1741509834.1884809,32,-37,-22
1741509834.2344809,-23,8,-106
1741509834.279481,50,-70,-154
1741509834.325481,8,7,-68
1741509834.371481,-41,9,37
1741509834.416481,62,-26,-146
1741509834.462481,35,29,-76
1741509834.508481,8,-27,-84
1741509834.554481,-36,36,-146
1741509834.5994809,1,68,-96
1741509834.6454809,-30,-13,-176
1741509834.6914809,18,8,-146
1741509834.736481,-13,28,-62
1741509834.782481,58,-25,-62
1741509834.828481,-37,64,-92
1741509834.874481,-49,18,-18
1741509834.9194808,52,70,-50
1741509834.9654808,38,-13,-12
1741509835.0114808,44,16,-64
1741509835.056481,-71,-3,-14
1741509835.102481,13,-6,-54
1741509835.147481,53,-20,-86
1741509835.1924808,-10,-33,-30
1741509835.2384808,27,54,-126
1741509835.2844808,1,-81,37
1741509835.329481,32,26,-132
1741509835.375481,15,0,11
1741509835.421481,36,-25,-8
1741509835.467481,-40,55,-10
1741509835.512481,0,-4,-62
1741509835.558481,120,0,-86
1741509835.604481,-63,28,-134
1741509835.6494808,-123,-19,-156
1741509835.6954808,38,30,13
1741509835.7414808,-5,10,-66
1741509835.7874808,16,-27,-12
1741509835.832481,40,-49,-76
1741509835.878481,-5,-15,-88
1741509835.924481,-99,-7,-28
1741509835.969481,26,-63,-186
1741509836.015481,42,75,-78
1741509836.061481,36,-8,-110
1741509836.107481,15,45,-78
1741509836.1524808,38,0,-61
1741509836.1984808,96,-39,66
1741509836.2444808,26,57,-57
1741509836.289481,-7,29,-21
1741509836.335481,10,15,-108
1741509836.381481,58,9,-38
1741509836.427481,-37,-20,-11
1741509836.472481,-5,-9,-69
1741509836.518481,36,-27,-61
1741509836.564481,56,-71,-113
1741509836.6094809,-52,-1,-1
1741509836.6554809,-66,28,-99
1741509836.7014809,-56,-51,-15
1741509836.7474809,-26,-41,-173
1741509836.792481,-28,-56,-9
1741509836.838481,4,24,-91
1741509836.884481,-32,24,-145
1741509836.929481,54,-37,-141
1741509836.975481,-16,-5,-69
1741509837.021481,-50,-17,6
1741509837.0674808,-1,78,-93
1741509837.1124809,-37,22,-233
1741509837.158481,-23,30,-93
1741509837.204481,-45,-29,-75
1741509837.249481,-66,14,-89
1741509837.295481,-21,40,-95
1741509837.341481,16,38,-141
1741509837.387481,-25,-13,-77
1741509837.4324808,-36,0,-103
1741509837.4784808,-52,-7,-69
1741509837.5244808,32,-9,-19
1741509837.569481,56,28,-41
1741509837.615481,81,-3,-41
1741509837.661481,135,-2,-65
1741509837.707481,19,3,-39
1741509837.752481,41,-8,-45
1741509837.798481,-27,-57,-195
1741509837.844481,-13,0,-75
1741509837.8894808,92,-29,-55
1741509837.9354808,23,-34,10
1741509837.9814808,22,20,-67
1741509838.0274808,-57,-45,-53
1741509838.072481,12,20,-53
1741509838.118481,2,76,-57
1741509838.164481,27,-48,46
1741509838.209481,56,-28,-59
1741509838.255481,-73,36,-1
1741509838.301481,21,-12,42
1741509838.347481,58,68,4
1741509838.3924809,-32,-32,-75
1741509838.4384809,-2,-40,-132
1741509838.4844809,3,43,-161
1741509838.529481,37,27,-131
1741509838.575481,-49,10,-69
1741509838.621481,-23,-13,4
1741509838.667481,-5,6,-111
1741509838.712481,-25,-23,-71
1741509838.758481,0,-4,-193
1741509838.804481,101,-72,-41
1741509838.8494809,-14,-62,-31
1741509838.8954809,-44,-73,-51
1741509838.9414809,9,13,-27
1741509838.9874809,-6,45,-25
1741509839.032481,59,-22,8
1741509839.078481,8,-1,4
1741509839.124481,126,-35,-81
1741509839.1694808,16,50,-75
1741509839.2154808,-29,0,-115
1741509839.2614808,11,-46,-28
1741509839.3074808,-6,-28,-207
1741509839.352481,-28,11,-35
1741509839.398481,39,39,-169
1741509839.444481,29,8,-179
1741509839.489481,23,0,-39
1741509839.535481,-27,38,-75
1741509839.581481,34,52,-49
1741509839.627481,-39,-53,-29
1741509839.6724808,-67,-2,-99
1741509839.7184808,-63,-54,-59
1741509839.7644808,5,-9,6
1741509839.809481,69,-73,-97
1741509839.855481,17,22,-119
1741509839.901481,49,46,-77
1741509839.947481,-11,21,-186
1741509839.992481,48,9,-38
1741509840.038481,-4,-19,-124
1741509840.084481,-3,24,-124
1741509840.1294808,-95,-11,-211
1741509840.1754808,-39,6,-78
1741509840.2214808,2,-37,-114
1741509840.2674809,-73,-11,-28
1741509840.312481,-97,-13,-200
1741509840.358481,-24,-37,-116
1741509840.404481,99,18,-132
1741509840.449481,51,71,-36
1741509840.495481,1,8,-68
1741509840.541481,-106,58,75
1741509840.587481,10,-97,-46
1741509840.6324809,18,-37,11
1741509840.6784809,30,30,37
1741509840.7244809,-23,-39,-138
1741509840.769481,8,-13,-134
1741509840.815481,-3,22,7
1741509840.861481,-17,10,-144
1741509840.907481,-85,10,-124
1741509840.952481,28,-5,-68
1741509840.998481,106,-25,-14
1741509841.0444808,34,-55,-80
1741509841.0894809,148,-1,-120
1741509841.1354809,7,27,-80
1741509841.181481,-40,-7,-94
1741509841.227481,-42,6,-90
1741509841.272481,-27,12,-33
1741509841.318481,-59,-13,-53
1741509841.364481,33,59,-1
1741509841.4094808,99,16,-79
1741509841.4554808,-28,10,14
1741509841.5014808,-1,-29,-135
1741509841.5474808,-60,6,-35
1741509841.592481,21,-59,-117
1741509841.638481,-54,0,-63
1741509841.684481,33,30,-147
1741509841.729481,43,16,-113
1741509841.775481,108,65,-83
1741509841.821481,7,-1,-141
1741509841.867481,-26,-3,-147
1741509841.9124808,31,-15,-119
1741509841.9584808,-8,11,-207
1741509842.0044808,-6,-42,-105
1741509842.049481,-28,5,-25
1741509842.095481,24,-28,38
1741509842.141481,-68,20,-55
1741509842.186481,-23,32,-33
1741509842.232481,44,-51,-145
1741509842.278481,-53,-34,-187
1741509842.324481,-5,-28,-141
1741509842.3694808,11,19,-115
1741509842.4154809,-28,1,-63
1741509842.4614809,39,-50,-61
1741509842.506481,48,82,-163
1741509842.552481,-14,-36,-129
1741509842.598481,37,-40,-109
1741509842.644481,1,-19,-85
1741509842.689481,-9,-87,-77
1741509842.735481,-5,-50,-209
1741509842.781481,-25,1,0
1741509842.8264809,-43,13,-117
1741509842.8724809,-16,26,0
1741509842.9184809,30,-35,-81
1741509842.9644809,16,-47,-135
1741509843.009481,-77,-23,-101
1741509843.055481,10,-41,-80
1741509843.101481,-15,26,-202
1741509843.146481,61,-26,-114
1741509843.1924808,13,25,-150
1741509843.2384808,39,-72,45
1741509843.2844808,27,69,-134
1741509843.329481,11,35,-38
1741509843.375481,-18,-7,-82
1741509843.421481,105,-2,-106
1741509843.466481,-35,22,-90
1741509843.512481,25,45,-64
1741509843.558481,-36,-50,-120
1741509843.604481,-34,10,17
1741509843.6554809,13,54,-116
1741509843.7014809,-67,9,49
1741509843.746481,12,17,-40
1741509843.792481,96,-20,-102
1741509843.838481,70,64,-88
1741509843.884481,-27,-4,-120
1741509843.929481,-9,-11,-104
1741509843.975481,2,-55,-78
1741509844.021481,32,44,-38
1741509844.0664809,39,5,-170
1741509844.1124809,24,44,-116
1741509844.158481,6,-19,-4
1741509844.204481,-11,-57,-52
1741509844.249481,48,78,-78
1741509844.295481,-41,49,-172
1741509844.341481,27,-59,-186
1741509844.3864808,-24,-97,-112
1741509844.4324808,-20,-7,-59
1741509844.4784808,65,-17,-92
1741509844.5244808,32,-3,33
1741509844.569481,33,-69,-160
1741509844.615481,-44,41,-36
1741509844.661481,26,18,-114
1741509844.706481,-50,-40,-14
1741509844.752481,-29,16,-32
1741509844.798481,-60,35,27
1741509844.844481,21,-8,-153
1741509844.8894808,35,-106,-27
1741509844.9354808,32,2,-3
1741509844.9814808,-5,-61,-73
1741509845.026481,86,68,-85
1741509845.072481,-1,-7,-111
1741509845.118481,-13,28,-111
1741509845.164481,-31,-27,-139
1741509845.209481,46,-27,-73
1741509845.255481,8,0,91
1741509845.301481,40,52,-158
1741509845.3464808,98,-69,-77
1741509845.3924809,5,-4,-89
1741509845.4384809,-6,2,134
1741509845.4844809,77,-9,-81
1741509845.529481,59,4,-73
1741509845.575481,27,34,-191
1741509845.621481,41,14,-33
1741509845.666481,-38,-61,-123
1741509845.712481,76,27,-55
1741509845.758481,12,35,-49
1741509845.804481,0,-30,-17
1741509845.8494809,-19,0,-99
1741509845.8954809,-65,45,90
1741509845.9414809,-49,37,-27
1741509845.986481,60,-6,-187
1741509846.032481,-35,53,-31
1741509846.078481,14,-36,-39
1741509846.124481,-81,-30,-181
1741509846.1694808,-3,39,-67
1741509846.2154808,88,3,-9
1741509846.2614808,-1,-20,-93
1741509846.306481,-25,5,98
1741509846.352481,-74,-30,-49
1741509846.398481,-84,47,-119
1741509846.444481,-66,-38,-83
1741509846.489481,-28,-16,-37
1741509846.535481,49,28,-171
1741509846.581481,6,-13,-157
1741509846.6264808,-27,-17,-77
1741509846.6724808,73,-7,-37
1741509846.7184808,-7,-57,-147
1741509846.7644808,22,20,-83
1741509846.809481,28,-11,23
1741509846.855481,-4,37,-108
1741509846.901481,-4,6,-34
1741509846.946481,97,-54,-134
1741509846.992481,53,88,-126
1741509847.038481,-28,-14,-30
1741509847.084481,85,33,-154
1741509847.1294808,-22,57,-70
1741509847.1754808,-9,63,1
1741509847.2214808,54,-32,-112
1741509847.266481,46,-18,-8
1741509847.312481,57,-12,-62
1741509847.358481,62,96,-106
1741509847.404481,-72,21,-152
1741509847.449481,90,-6,-84
1741509847.495481,1,-56,-50
1741509847.541481,-38,-46,-84
1741509847.5864809,-73,29,-106
1741509847.6324809,-13,-22,-86
1741509847.6784809,-65,-8,-94
1741509847.7244809,24,1,-60
1741509847.769481,20,-54,-44
1741509847.815481,0,-22,1
1741509847.861481,-56,13,-32
1741509847.906481,-4,-12,-160
1741509847.952481,11,21,-86
1741509847.998481,11,5,-10
1741509848.0444808,26,-36,-48
1741509848.0894809,-53,-42,-106
1741509848.1354809,0,29,-110
1741509848.181481,-1,16,-24
1741509848.226481,70,-3,-62
1741509848.272481,50,32,-138
1741509848.318481,31,-25,-158
1741509848.364481,-47,-11,-16
1741509848.4094808,-5,-11,-148
1741509848.4554808,-35,0,-32
1741509848.5014808,0,-6,-90
1741509848.546481,-52,-40,-140
1741509848.592481,14,-19,77
1741509848.638481,37,-8,-62
1741509848.684481,56,-35,-124
1741509848.729481,27,-35,-64
1741509848.775481,-54,-13,-84
1741509848.821481,21,38,-44
1741509848.8664808,-14,-13,-18
1741509848.9124808,46,40,-88
1741509848.9584808,-3,14,-86
1741509849.003481,-55,-27,29
1741509849.049481,-11,-55,-68
1741509849.095481,0,30,-124
1741509849.141481,-33,32,-88
1741509849.186481,18,-60,-36
1741509849.232481,-96,74,-174
1741509849.278481,11,50,-196
1741509849.3234808,-9,17,-102
1741509849.3694808,35,72,-104
1741509849.4154809,-22,-5,0
1741509849.4614809,45,-9,-47
1741509849.506481,43,-25,-149
1741509849.552481,-64,46,-73
1741509849.598481,-30,5,-185
1741509849.643481,-8,-17,-87
1741509849.689481,-42,28,-79
1741509849.735481,-44,2,-161
1741509849.781481,56,52,-157
1741509849.8264809,42,64,-161
1741509849.8724809,46,78,-45
1741509849.9184809,43,12,-27
1741509849.963481,-2,27,-87
1741509850.009481,-18,-6,-131
1741509850.055481,35,-6,-59
1741509850.101481,6,59,-189
1741509850.146481,16,9,-67
1741509850.1924808,-55,-71,-99
1741509850.2384808,-92,46,-155
1741509850.283481,65,14,-159
1741509850.329481,-6,-97,-167
1741509850.375481,-61,20,-109
1741509850.421481,10,32,-163
1741509850.466481,40,-17,-53
1741509850.512481,-43,-11,-195
1741509850.558481,-35,-23,-43
1741509850.6034808,66,16,-161
1741509850.6494808,0,-53,-155
1741509850.6954808,-3,4,-41
1741509850.7414808,-24,-5,-85
1741509850.786481,47,-67,-107
1741509850.832481,77,-19,-67
1741509850.878481,47,-27,-57
1741509850.923481,44,-31,-207
1741509850.969481,17,19,-199
1741509851.015481,3,-14,-35
1741509851.061481,-74,17,-175
1741509851.1064808,37,-25,-129
1741509851.1524808,-22,7,-123
1741509851.1984808,29,70,-68
1741509851.243481,-1,38,-24
1741509851.289481,-69,-3,-64
1741509851.335481,91,56,-64
1741509851.381481,34,24,-96
1741509851.426481,-23,-21,39
1741509851.472481,-11,47,-106
1741509851.518481,-5,4,-150
1741509851.5634809,-9,-63,-110
1741509851.6094809,-67,-69,-79
1741509851.6554809,30,12,4
1741509851.7014809,23,26,-131
1741509851.746481,83,-33,-7
1741509851.792481,7,-61,-135
1741509851.838481,31,-37,-212
1741509851.883481,101,-31,-52
1741509851.929481,-28,15,-30
1741509851.975481,-6,30,-141
1741509852.021481,89,-21,-43
1741509852.0664809,-10,-89,-35
1741509852.1124809,0,116,-71
1741509852.158481,-29,-5,4
1741509852.203481,-19,-25,-59
1741509852.249481,68,76,-67
1741509852.295481,-25,-27,-67
1741509852.341481,21,14,-99
1741509852.3864808,5,-13,-95
1741509852.4324808,-25,68,-91
1741509852.4784808,15,24,-3
1741509852.523481,-32,76,-15
1741509852.569481,-21,-35,-63
1741509852.615481,26,3,-139
1741509852.661481,-49,13,-59
1741509852.706481,-17,-36,-138
1741509852.752481,-21,51,-134
1741509852.798481,46,0,-106
1741509852.8434808,-5,5,-70
1741509852.8894808,50,31,-142
1741509852.9354808,34,51,-202
1741509852.9814808,70,101,-85
1741509853.026481,30,-16,-131
1741509853.072481,-7,-12,-141
1741509853.118481,50,-2,23
1741509853.163481,-59,-34,-130
1741509853.209481,15,30,-74
1741509853.255481,-27,-13,51
1741509853.301481,6,38,-52
1741509853.3464808,8,32,-86
1741509853.3924809,-27,-21,11
1741509853.4384809,-23,-5,-84
1741509853.483481,16,68,-148
1741509853.529481,44,4,-52
1741509853.575481,16,66,-14
1741509853.621481,-17,-21,-126
1741509853.6724808,-21,-37,-82
1741509853.7184808,-41,-31,-12
1741509853.763481,28,-75,-82
1741509853.809481,-29,-7,71
1741509853.855481,66,74,-136
1741509853.901481,28,40,-174
1741509853.946481,-95,-57,-10
1741509853.992481,86,-45,-86
1741509854.038481,40,-25,-150
1741509854.0834808,22,28,-128
1741509854.1294808,2,40,-118
1741509854.1754808,11,-3,-4
1741509854.2214808,11,4,-98
1741509854.266481,-34,-35,-6
1741509854.312481,21,-37,-78
1741509854.358481,-22,-55,-195
1741509854.403481,-8,10,-151
1741509854.449481,-36,58,-29
1741509854.495481,-30,69,-27
1741509854.541481,-42,-20,50
1741509854.5864809,41,-66,98
1741509854.6324809,-12,1,-17
1741509854.6784809,65,5,-114
1741509854.723481,27,-2,-195
1741509854.769481,75,-4,44
1741509854.815481,-56,33,32
1741509854.861481,11,-8,-17
1741509854.906481,-34,-10,-111
1741509854.952481,-44,-86,-69
1741509854.998481,-48,73,-101
1741509855.0434809,-32,80,-117
1741509855.0894809,-19,-39,-95
1741509855.1354809,-19,26,14
1741509855.181481,-25,-11,-69
1741509855.226481,-73,42,-83
1741509855.272481,-15,-15,10
1741509855.318481,42,-51,-157
1741509855.3634808,14,-31,54
1741509855.4094808,-27,80,-141
1741509855.4554808,0,18,-131
1741509855.5014808,-3,24,-37
1741509855.546481,48,-13,-179
1741509855.592481,-5,4,-239
1741509855.638481,17,2,-181
1741509855.683481,-35,37,-103
1741509855.729481,20,37,-5
1741509855.775481,8,55,-95
1741509855.8204808,31,13,-83
1741509855.8664808,34,32,2
1741509855.9124808,-10,31,-151
1741509855.9584808,-19,5,-31
1741509856.003481,22,-28,-105
1741509856.049481,0,-34,-29
1741509856.095481,75,-11,2
1741509856.140481,5,28,-75
1741509856.186481,-25,44,-57
1741509856.232481,-15,10,-129
1741509856.278481,-14,51,-150
1741509856.3234808,71,58,3
1741509856.3694808,98,36,-120
1741509856.4154809,73,-44,-105
1741509856.460481,-52,-10,-73
1741509856.506481,-8,39,-38
1741509856.552481,35,-18,-118
1741509856.598481,-34,51,-194
1741509856.643481,48,10,-98
1741509856.689481,-69,-25,-84
1741509856.735481,94,8,-10
1741509856.7804809,10,-27,7
1741509856.8264809,42,-21,-12
1741509856.8724809,24,-68,-52
1741509856.9184809,-21,-34,-110
1741509856.963481,44,-76,-72
1741509857.009481,34,-1,-34
1741509857.055481,-16,-32,-88
1741509857.100481,55,15,-62
1741509857.146481,-18,51,-169
1741509857.1924808,0,57,-125
1741509857.2384808,102,-41,-83
1741509857.283481,14,-79,-185
1741509857.329481,-15,12,-177
1741509857.375481,48,51,-107
1741509857.420481,80,-88,-27
1741509857.466481,16,47,-9
1741509857.512481,8,-33,-77
1741509857.558481,76,-54,-149
1741509857.6034808,-21,-70,-137
1741509857.6494808,-49,-24,-102
1741509857.6954808,58,-30,-139
1741509857.740481,56,-70,-43
1741509857.786481,-63,-18,32
1741509857.832481,88,-57,-99
1741509857.878481,52,-38,-98
1741509857.923481,-57,-8,58
1741509857.969481,-115,-62,-177
1741509858.015481,-19,39,-81
1741509858.0604808,46,-14,-243
1741509858.1064808,-11,-80,-41
1741509858.1524808,39,8,32
1741509858.1984808,-10,10,-53
1741509858.243481,-34,-70,-96
1741509858.289481,31,-41,-3
1741509858.335481,23,-27,-69
1741509858.380481,-44,-1,-175
1741509858.426481,69,16,-113
1741509858.472481,9,-9,-41
1741509858.518481,61,44,-177
1741509858.5634809,13,-1,6
1741509858.6094809,31,-9,-43
1741509858.6554809,11,-25,-180
1741509858.700481,11,50,-136
1741509858.746481,73,-101,-92
1741509858.792481,5,-25,-128
1741509858.838481,17,-35,-68
1741509858.883481,-84,22,-23
1741509858.929481,-63,18,-101
1741509858.975481,-23,-14,-58
1741509859.0204809,-4,-17,-94
1741509859.0664809,-11,-45,-40
1741509859.1124809,-1,-35,-122
1741509859.158481,32,-9,-154
1741509859.203481,-47,-22,-115
1741509859.249481,16,41,-195
1741509859.295481,11,-18,-95
1741509859.3404808,-75,3,-15
1741509859.3864808,-29,-62,-5
1741509859.4324808,-5,-54,-91
1741509859.4784808,-11,-60,-229
1741509859.523481,-37,41,-75
1741509859.569481,-32,49,-111
1741509859.615481,10,-9,-121
1741509859.660481,-4,-2,-169
1741509859.706481,-23,-63,3
1741509859.752481,-22,-20,-123
1741509859.798481,-114,3,-180
1741509859.8434808,-28,-24,-191
1741509859.8894808,99,-38,-107
1741509859.9354808,-2,-18,-28
1741509859.980481,29,17,-37
1741509860.026481,79,-76,-123
1741509860.072481,-105,9,-121
1741509860.118481,4,-34,-83
1741509860.163481,0,-11,-133
1741509860.209481,34,26,-137
1741509860.255481,18,-21,-51
1741509860.3004808,19,64,-47
1741509860.3464808,-9,-7,-117
1741509860.3924809,54,30,-169
1741509860.4384809,-4,37,-115
1741509860.483481,26,-41,-133
1741509860.529481,62,30,-71
1741509860.575481,-55,22,86
1741509860.620481,-3,4,-59
1741509860.666481,22,-25,20
1741509860.712481,-1,-15,-99
1741509860.756481,-17,2,-13
1741509860.802481,-9,-11,-181
1741509860.848481,-47,74,-35
1741509860.894481,11,-27,-167
1741509860.939481,-65,8,-95
1741509860.985481,-7,46,-19
1741509861.031481,14,-17,-105
1741509861.0764809,-45,10,-59
1741509861.1224809,-12,-33,-69
1741509861.1684809,-20,-55,-75
1741509861.2144809,-15,-43,26
1741509861.259481,13,12,-15
1741509861.305481,-84,20,-155
1741509861.351481,-66,-41,-125
1741509861.396481,-10,-37,-151
1741509861.4424808,12,-73,-177
1741509861.4884808,86,28,-17
1741509861.5344808,82,-69,-105
1741509861.579481,-47,-6,-115
1741509861.625481,-41,19,-113
1741509861.671481,-55,26,40
1741509861.716481,20,-12,-13
1741509861.762481,60,-54,-113
1741509861.808481,-81,38,-35
1741509861.854481,18,12,72
1741509861.8994808,-91,-39,-31
1741509861.9454808,73,55,-53
1741509861.9914808,40,8,-94
1741509862.036481,46,33,-132
1741509862.082481,62,34,-136
1741509862.128481,32,-3,63
1741509862.174481,30,52,-38
1741509862.219481,0,-7,-110
1741509862.265481,7,-34,-110
1741509862.311481,24,23,-218
1741509862.3564808,60,-63,-108
1741509862.4024808,52,-92,-80
1741509862.4484808,-11,-78,5
1741509862.4944808,1,-4,-124
1741509862.539481,66,-79,-52
1741509862.585481,14,18,-42
1741509862.631481,-47,10,1
1741509862.676481,-45,16,-46
1741509862.722481,-23,-15,-110
1741509862.768481,10,10,-144
1741509862.8134809,-20,-59,-160
1741509862.8594809,-3,27,-52
1741509862.9054809,88,-98,0
1741509862.9514809,-47,0,-103
1741509862.996481,10,0,-59
1741509863.042481,30,19,-117
1741509863.088481,64,-16,-161
1741509863.133481,-61,13,-164
1741509863.179481,-27,14,-96
1741509863.225481,-25,-53,-124
1741509863.271481,81,-68,-38
1741509863.3164809,62,29,-120
1741509863.3624809,143,-16,1
1741509863.408481,-11,-36,-8
1741509863.453481,22,-36,-119
1741509863.499481,20,19,-60
1741509863.545481,-67,7,-82
1741509863.591481,-13,0,43
1741509863.6364808,40,27,-14
1741509863.6884809,68,-26,-92
1741509863.733481,-53,17,-26
1741509863.779481,-19,-20,-108
1741509863.825481,26,-72,-61
1741509863.871481,-8,6,-123
1741509863.916481,-40,-97,-5
1741509863.962481,-44,-29,-109
1741509864.008481,-106,-77,-93
1741509864.0534809,70,54,-31
1741509864.0994809,27,-74,-167
1741509864.1454809,-34,5,-145
1741509864.1914809,-17,16,38
1741509864.236481,-13,-47,-59
1741509864.282481,60,-53,22
1741509864.328481,13,-7,-119
1741509864.373481,14,-5,-71
1741509864.4194808,6,-33,-65
1741509864.4654808,28,-51,-109
1741509864.5114808,77,75,24
1741509864.556481,-60,-44,-75
1741509864.602481,-38,-58,-147
1741509864.648481,98,-68,-147
1741509864.693481,20,-8,6
1741509864.739481,40,55,-73
1741509864.785481,25,-65,-101
1741509864.831481,0,28,-39
1741509864.8764808,4,-2,32
1741509864.9224808,21,-3,-121
1741509864.9684808,85,-25,-35
1741509865.013481,-62,36,58
1741509865.059481,4,-12,-95
1741509865.105481,-29,-6,-191
1741509865.151481,55,34,-93
1741509865.196481,17,-27,-111
1741509865.242481,-64,12,-45
1741509865.288481,3,-21,-177
1741509865.3334808,23,20,-124
1741509865.3794808,25,-13,-22
1741509865.4254808,11,-23,-127
1741509865.4714808,20,46,-74
1741509865.516481,-31,-17,-14
1741509865.562481,4,8,-62
1741509865.608481,-21,46,-40
1741509865.653481,-61,12,-80
1741509865.699481,21,-32,-36
1741509865.745481,-1,-1,-70
1741509865.791481,-66,-24,-204
1741509865.8364809,-4,28,-42
1741509865.8824809,-27,19,-98
1741509865.9284809,-4,46,-104
1741509865.973481,35,65,-72
1741509866.019481,11,0,-230
1741509866.065481,-78,48,-60
1741509866.111481,-78,-39,-16
1741509866.156481,37,-45,19
1741509866.202481,71,2,-104
1741509866.248481,8,-29,-78
1741509866.2934809,3,-23,39
1741509866.3394809,-77,-15,-38
1741509866.3854809,47,-11,-156
1741509866.431481,-43,5,-46
1741509866.476481,-15,-24,-144
1741509866.522481,-12,-3,-100
1741509866.568481,35,27,-38
1741509866.6134808,27,-82,-142
1741509866.6594808,-95,23,-100
1741509866.7054808,-7,13,-118
1741509866.7514808,0,-12,-78
1741509866.796481,41,-40,17
1741509866.842481,-14,27,-182
1741509866.888481,6,-19,-26
1741509866.933481,-79,5,-42
1741509866.979481,39,37,-54
1741509867.025481,56,11,23
1741509867.071481,-35,-17,-150
1741509867.1164808,-1,38,-256
1741509867.1624808,38,72,-4
1741509867.2084808,68,-67,13
1741509867.253481,54,34,-22
1741509867.299481,-10,22,-100
1741509867.345481,51,57,-76
1741509867.391481,-20,20,-84
1741509867.436481,-40,16,-8
1741509867.482481,-36,-48,-48
1741509867.528481,-6,25,-28
1741509867.5734808,89,7,-58
1741509867.6194808,5,17,-6
1741509867.6654809,-41,-16,-108
1741509867.7114809,38,39,-154
1741509867.756481,-63,31,21
1741509867.802481,-26,-27,-16
1741509867.848481,-17,86,-48
1741509867.893481,-68,78,-26
1741509867.939481,-18,8,-96
1741509867.985481,-9,-26,-82
1741509868.031481,21,80,-132
1741509868.0764809,31,70,-70
1741509868.1224809,0,81,-58
1741509868.1684809,15,-53,-28
1741509868.213481,49,58,9
1741509868.259481,-9,-24,-48
1741509868.305481,30,61,-66
1741509868.351481,26,-84,-32
1741509868.396481,0,8,-60
1741509868.4424808,20,93,25
1741509868.4884808,-11,7,-132
1741509868.533481,23,75,7
1741509868.579481,-62,-50,-92
1741509868.625481,-10,-68,-8
1741509868.671481,39,27,-48
1741509868.716481,40,27,-106
1741509868.762481,-1,101,-29
1741509868.808481,-121,-42,-191
1741509868.8534808,-31,-39,-51
1741509868.8994808,-1,42,-71
1741509868.9454808,13,-19,-101
1741509868.9914808,-10,48,-123
1741509869.036481,26,-5,-45
1741509869.082481,-2,28,-99
1741509869.128481,-46,-17,-93
1741509869.173481,-50,-79,-189
1741509869.219481,-76,-31,-43
1741509869.265481,33,2,-107
1741509869.311481,-60,-63,-155
1741509869.3564808,26,44,-13
1741509869.4024808,28,5,-47
1741509869.4484808,8,103,91
1741509869.493481,-41,-16,-40
1741509869.539481,101,34,-66
1741509869.585481,-52,12,-110
1741509869.630481,-58,-27,11
1741509869.676481,42,20,-2
1741509869.722481,-62,24,-134
1741509869.768481,76,-18,-108
1741509869.8134809,-65,-64,-58
1741509869.8594809,6,22,-60
1741509869.9054809,-32,28,-162
1741509869.950481,-29,90,-104
1741509869.996481,56,46,-250
1741509870.042481,26,-32,-16
1741509870.088481,40,28,-102
1741509870.133481,44,32,-14
1741509870.179481,22,-7,-158
1741509870.225481,-73,-99,-140
1741509870.2704809,43,30,-156
1741509870.3164809,-85,-54,25
1741509870.3624809,-15,-28,-36
1741509870.408481,22,-29,21
1741509870.453481,-49,-38,-202
1741509870.499481,24,10,-126
1741509870.545481,58,-61,-80
1741509870.5904808,-43,8,-202
1741509870.6364808,-17,-35,-86
1741509870.6824808,3,-35,-24
1741509870.7284808,-16,22,-52
1741509870.773481,-102,-11,-23
1741509870.819481,-42,48,-31
1741509870.865481,-4,-21,0
1741509870.910481,-28,38,-125
1741509870.956481,51,-1,-79
1741509871.002481,-21,92,34
1741509871.048481,24,76,-165
1741509871.0934808,0,24,-21
1741509871.1394808,6,26,-193
1741509871.1854808,31,-54,-31
1741509871.230481,-34,19,-39
1741509871.276481,-98,65,-27
1741509871.322481,-12,9,-6
1741509871.368481,73,-44,-61
1741509871.413481,-16,-2,-69
1741509871.459481,50,19,12
1741509871.505481,20,51,-145
1741509871.5504808,4,71,-43
1741509871.5964808,26,-10,-35
1741509871.6424809,45,17,-11
1741509871.6884809,97,-100,-117
1741509871.733481,25,-20,-33
1741509871.779481,-18,-68,-177
1741509871.825481,61,7,-79
1741509871.870481,-42,-18,-7
1741509871.916481,34,-17,-99
1741509871.962481,-77,-23,-87
1741509872.008481,38,-6,-55
1741509872.0534809,-63,23,34
1741509872.0994809,76,13,-153
1741509872.1454809,10,11,2
1741509872.190481,-7,-63,-33
1741509872.236481,2,-45,-199
1741509872.282481,66,25,14
1741509872.328481,48,13,-60
1741509872.373481,-25,-1,-72
1741509872.4194808,26,-6,-151
1741509872.4654808,34,0,-71
1741509872.5104809,62,-15,-4
1741509872.556481,-63,-111,-30
1741509872.602481,2,-3,-62
1741509872.648481,70,-67,21
1741509872.693481,40,108,-215
1741509872.739481,-74,19,-127
1741509872.785481,-14,36,-141
1741509872.8304808,-74,-32,-25
1741509872.8764808,-43,-69,-7
1741509872.9224808,-63,-39,-35
1741509872.9684808,-9,-13,-65
1741509873.013481,45,10,-29
1741509873.059481,0,22,-115
1741509873.105481,-9,-49,-93
1741509873.150481,-32,-53,-171
1741509873.196481,25,28,-91
1741509873.242481,-70,12,-39
1741509873.288481,-9,-76,-5
1741509873.3334808,113,32,-55
1741509873.3794808,17,-37,-17
1741509873.4254808,17,-35,-57
1741509873.470481,-17,-31,-25
1741509873.516481,-61,-15,66
1741509873.562481,18,10,-109
1741509873.608481,-33,32,-19
1741509873.653481,52,-9,40
1741509873.7054808,-27,11,32
1741509873.750481,50,89,-79
1741509873.796481,-41,-30,-181
1741509873.842481,-39,1,7
1741509873.888481,-29,-4,-111
1741509873.933481,10,-30,-109
1741509873.979481,100,25,-121
1741509874.025481,27,68,60
1741509874.0704808,0,-51,-30
1741509874.1164808,18,-44,-112
1741509874.1624808,-24,30,-51
1741509874.2084808,-59,-67,-93
1741509874.253481,-25,-21,-135
1741509874.299481,6,4,-158
1741509874.345481,-45,24,-67
1741509874.390481,10,-17,-85
1741509874.436481,72,52,-163
1741509874.482481,85,43,-92
1741509874.528481,11,-40,-71
1741509874.5734808,1,-12,-75
1741509874.6194808,-6,43,-95
1741509874.6654809,33,-11,-169
1741509874.710481,-20,-48,-149
1741509874.756481,-12,35,-141
1741509874.802481,20,-32,-191
1741509874.848481,-13,30,-111
1741509874.893481,-37,12,-149
1741509874.939481,-35,-23,-111
1741509874.985481,36,-45,-38
1741509875.0304809,-53,40,-110
1741509875.0764809,-47,-25,-124
1741509875.1224809,-57,72,-142
1741509875.1684809,-26,-11,-82
1741509875.213481,-46,-25,33
1741509875.259481,27,-27,-108
1741509875.305481,-58,-44,79
1741509875.350481,5,-67,-180
1741509875.396481,17,39,45
1741509875.4424808,-28,47,-88
1741509875.4884808,5,41,-198
1741509875.533481,-88,21,31
1741509875.579481,11,-18,-64
1741509875.625481,28,118,-138
1741509875.670481,2,16,-152
1741509875.716481,-5,30,-46
1741509875.762481,18,16,-82
1741509875.808481,0,12,-16
1741509875.8534808,28,16,-52
1741509875.8994808,3,-32,-161
1741509875.9454808,-44,27,-137
1741509875.990481,0,-42,30
1741509876.036481,25,-10,-209
1741509876.082481,-4,5,-38
1741509876.128481,-6,-18,-6
1741509876.173481,29,-40,-56
1741509876.219481,-84,-30,-98
1741509876.265481,-24,-67,-108
1741509876.3104808,-14,20,-20
1741509876.3564808,1,-49,-17
1741509876.4024808,33,38,-171
1741509876.447481,-31,-7,-125
1741509876.493481,3,-89,-69
1741509876.539481,71,0,-143
1741509876.585481,-11,46,-69
1741509876.630481,-37,-15,-57
1741509876.676481,40,-19,-7
1741509876.722481,6,66,-29
1741509876.7674809,40,0,-23
1741509876.8134809,-19,6,-59
1741509876.8594809,-51,76,26
1741509876.9054809,-21,18,-115
1741509876.950481,80,36,-27
1741509876.996481,-15,6,-103
1741509877.042481,-25,-93,11
1741509877.087481,42,28,-191
1741509877.133481,2,8,-13
1741509877.179481,-15,-51,-73
1741509877.225481,-63,22,-143
1741509877.2704809,-51,40,4
1741509877.3164809,15,-14,-51
1741509877.3624809,-1,-3,-83
1741509877.407481,63,-14,-187
1741509877.453481,47,71,-77
1741509877.499481,-52,9,-75
1741509877.545481,29,-38,-41
1741509877.5904808,-16,3,-139
1741509877.6364808,37,-11,54
1741509877.6824808,5,2,-15
1741509877.727481,-54,-5,34
1741509877.773481,59,-22,-119
1741509877.819481,31,-34,70
1741509877.865481,17,9,-61
1741509877.910481,23,-10,-47
1741509877.956481,104,48,-53
1741509878.002481,-75,16,-175
1741509878.0474808,52,24,46
1741509878.0934808,6,-7,-147
1741509878.1394808,-1,58,-29
1741509878.1854808,-28,45,-191
1741509878.230481,-81,0,-53
1741509878.276481,74,-5,-81
1741509878.322481,-55,-27,-41
1741509878.367481,-40,22,-131
1741509878.413481,-16,-49,-67
1741509878.459481,35,-17,-39
1741509878.505481,79,-51,-84
1741509878.5504808,-48,34,-47
1741509878.5964808,13,24,-70
1741509878.6424809,48,-11,-153
1741509878.687481,54,-17,-94
1741509878.733481,52,-31,-97
1741509878.779481,33,-48,-65
1741509878.825481,28,38,-18
1741509878.870481,-27,-36,-112
1741509878.916481,0,-80,-47
1741509878.962481,2,-117,-145
1741509879.0074809,-40,-56,-5
1741509879.0534809,-24,21,-67
1741509879.0994809,-83,-119,-123
1741509879.1454809,44,-23,-103
1741509879.190481,-11,-75,-27
1741509879.236481,14,-111,42
1741509879.282481,-45,-11,-107
1741509879.327481,67,-4,-25
1741509879.373481,57,-91,-99
1741509879.4194808,-93,-52,-119
1741509879.4654808,49,-36,-115
1741509879.5104809,102,-1,-89
1741509879.556481,-54,29,-145
1741509879.602481,-5,-63,-11
1741509879.647481,64,-7,-63
1741509879.693481,82,10,-33
1741509879.739481,38,-5,-141
1741509879.785481,-15,-15,4
1741509879.8304808,60,20,-27
1741509879.8764808,-46,-49,-79
1741509879.9224808,31,2,-21
1741509879.967481,8,20,-11
1741509880.013481,-57,20,-155
1741509880.059481,24,18,-73
1741509880.105481,-9,62,-131
1741509880.150481,2,10,-159
1741509880.196481,-89,64,-137
1741509880.242481,80,50,-5
1741509880.2874808,9,-124,-55
1741509880.3334808,0,59,-79
1741509880.3794808,29,43,-95
1741509880.4254808,83,-14,-99
1741509880.470481,32,25,-7
1741509880.516481,-53,-21,9
1741509880.562481,62,40,-44
1741509880.607481,-27,14,-60
1741509880.653481,58,16,-40
1741509880.699481,20,-17,-108
1741509880.745481,-41,-24,-68
1741509880.7904809,16,45,-112
1741509880.8364809,42,-26,-14
1741509880.8824809,51,-2,-10
1741509880.927481,0,-16,-150
1741509880.973481,-70,13,-6
1741509881.019481,13,47,-96
1741509881.065481,-8,-18,-186
1741509881.110481,-52,-103,-32
1741509881.156481,27,45,-17
1741509881.202481,-55,20,-26
1741509881.2474809,-69,-33,-213
1741509881.2934809,26,54,-147
1741509881.3394809,28,-20,-149
1741509881.3854809,8,-34,-95
1741509881.430481,-35,-24,-177
1741509881.476481,80,-52,-165
1741509881.522481,48,-40,-66
1741509881.5674808,34,29,-96
1741509881.6134808,28,73,-85
1741509881.6594808,23,-46,-128
1741509881.7054808,44,-60,-131
1741509881.750481,-5,26,-221
1741509881.796481,-27,-58,-45
1741509881.842481,-47,27,-57
1741509881.887481,1,33,-159
1741509881.933481,-10,-6,-145
1741509881.979481,16,-64,-300
1741509882.025481,-5,-21,-29
1741509882.0704808,-11,-85,-120
1741509882.1164808,55,87,-73
1741509882.1624808,91,45,-89
1741509882.207481,13,-40,-15
1741509882.253481,25,17,85
1741509882.299481,19,-37,-75
1741509882.345481,-46,55,-23
1741509882.390481,83,1,-131
1741509882.436481,25,-4,-29
1741509882.482481,-20,3,-45
1741509882.5274808,27,-52,-61
1741509882.5734808,-21,10,-81
1741509882.6194808,-39,-10,-43
1741509882.6654809,-57,12,-101
1741509882.710481,-87,25,-14
1741509882.756481,12,-75,-214
1741509882.802481,23,62,-35
1741509882.847481,90,50,-61
1741509882.893481,4,-32,75
1741509882.939481,-13,-10,-190
1741509882.985481,6,-8,-86
1741509883.0304809,-1,7,-116
1741509883.0764809,-55,-56,-6
1741509883.1224809,48,-16,-112
1741509883.167481,-3,32,-72
1741509883.213481,56,36,-194
1741509883.259481,-35,36,-144
1741509883.304481,-35,44,-50
1741509883.350481,106,3,-86
1741509883.396481,-117,-16,-134
1741509883.4424808,-19,0,-34
1741509883.4874809,-68,-98,-70
1741509883.533481,3,-44,-110
1741509883.579481,-37,16,3
1741509883.624481,13,9,-10
1741509883.676481,-30,-100,-120
1741509883.722481,63,-26,-58
1741509883.7674809,1,1,-56
1741509883.8134809,93,-93,-48
1741509883.8594809,-12,-17,-18
1741509883.904481,39,56,-124
1741509883.950481,-86,-59,-72
1741509883.996481,-2,-53,-10
1741509884.042481,13,71,-146
1741509884.087481,9,-23,-36
1741509884.133481,41,-35,-70
1741509884.179481,7,-32,-140
1741509884.2244809,-26,-14,-150
1741509884.2704809,85,53,-6
1741509884.3164809,-16,1,-40
1741509884.3624809,5,1,-62
1741509884.407481,104,-5,-148
1741509884.453481,-2,15,-48
1741509884.499481,43,19,-40
1741509884.5444808,13,17,-132
1741509884.5904808,15,3,-42
1741509884.6364808,5,67,-104
1741509884.6824808,-64,23,0
1741509884.727481,-13,36,-38
1741509884.773481,-49,20,-64
1741509884.819481,-50,18,-156
1741509884.864481,-29,-59,-14
1741509884.910481,-42,-49,-6
1741509884.956481,-40,-17,-44
1741509885.002481,27,-55,-58
1741509885.0474808,-26,-13,-76
1741509885.0934808,23,8,-142
1741509885.1394808,79,-27,-16
1741509885.184481,11,16,-66
1741509885.230481,49,63,-44
1741509885.276481,65,-16,-114
1741509885.322481,25,34,-26
1741509885.367481,0,-17,0
1741509885.413481,23,30,-12
1741509885.459481,49,-96,-80
1741509885.5044808,-34,1,-68
1741509885.5504808,35,66,29
1741509885.5964808,-30,46,-96
1741509885.6424809,27,13,-44
1741509885.687481,-68,39,-216
1741509885.733481,23,-56,-130
1741509885.779481,7,-50,-186
1741509885.824481,-42,-60,-36
1741509885.870481,12,-20,13
1741509885.916481,53,20,-20
1741509885.962481,22,23,-4
1741509886.0074809,-12,-35,-66
1741509886.0534809,28,13,-124
1741509886.0994809,18,18,-88
1741509886.144481,6,-49,-48
1741509886.190481,20,-55,-94
1741509886.236481,16,2,1
1741509886.282481,124,14,0
1741509886.327481,-3,10,-136
1741509886.373481,17,-3,-98
1741509886.4194808,31,55,-90
1741509886.4644809,-23,-63,-80
1741509886.5104809,10,-3,-96
1741509886.556481,30,6,63
1741509886.602481,-11,66,0
1741509886.647481,2,19,-58
1741509886.693481,-87,-19,-84
1741509886.739481,-19,36,-206
1741509886.7844808,-27,26,-38
1741509886.8304808,12,-7,-25
1741509886.8764808,8,-35,-83
1741509886.9224808,76,-31,-115
1741509886.967481,-29,26,-65
1741509887.013481,-11,22,-123
1741509887.059481,54,48,-58
1741509887.104481,-7,-3,-128
1741509887.150481,-26,-16,-134
1741509887.196481,-45,-3,-56
1741509887.242481,6,10,5
1741509887.2874808,17,3,61
1741509887.3334808,31,23,-146
1741509887.3794808,81,-50,-10
1741509887.424481,-53,-87,-56
1741509887.470481,52,28,-120
1741509887.516481,-60,-50,-158
1741509887.562481,-6,-46,-76
1741509887.607481,24,-62,-84
1741509887.653481,64,4,53
1741509887.699481,30,-9,-4
1741509887.7444808,20,10,-14
1741509887.7904809,-39,-17,-42
1741509887.8364809,-11,40,-70
1741509887.8824809,58,18,43
1741509887.927481,4,78,-18
1741509887.973481,-47,-73,-126
1741509888.019481,27,50,-146
1741509888.064481,8,28,-58
1741509888.110481,-39,60,7
1741509888.156481,8,-27,-4
1741509888.202481,-8,44,63
1741509888.2474809,43,-19,-5
1741509888.2934809,-14,-31,-57
1741509888.3394809,13,9,-33
1741509888.384481,27,-54,-31
1741509888.430481,-34,-33,-91
1741509888.476481,132,-41,-75
1741509888.522481,-51,38,-89
1741509888.5674808,-56,29,-127
1741509888.6134808,13,10,-83
1741509888.6594808,46,49,56
1741509888.704481,10,-26,-65
1741509888.750481,-15,-14,-31
1741509888.796481,10,61,-147
1741509888.842481,18,33,-159
1741509888.887481,128,-48,-31
1741509888.933481,20,33,-41
1741509888.979481,-73,-37,-239
1741509889.0244808,24,-24,-139
1741509889.0704808,12,24,-3
1741509889.1164808,-13,31,-109
1741509889.1624808,-96,25,-97
1741509889.207481,80,34,-69
1741509889.253481,56,-33,-69
1741509889.299481,-4,-53,-45
1741509889.344481,69,-59,-97
1741509889.390481,92,20,-37
1741509889.436481,20,4,-135
1741509889.482481,-3,46,-261
1741509889.5274808,50,-50,-97
1741509889.5734808,-25,-11,-159
1741509889.6194808,-65,-49,-151
1741509889.664481,-59,-3,-133
1741509889.710481,-50,38,-37
1741509889.756481,61,16,-187
1741509889.802481,-10,30,-103
1741509889.847481,-36,-21,-111
1741509889.893481,41,-19,28
1741509889.939481,32,-13,-130
1741509889.9844809,-17,2,-17
1741509890.0304809,-5,-15,79
1741509890.0764809,-16,11,-64
1741509890.121481,39,-31,-111
1741509890.167481,-78,54,-105
1741509890.213481,11,3,-197
1741509890.259481,-27,-18,-141
1741509890.304481,54,-27,-7
1741509890.350481,-49,-18,-61
1741509890.396481,11,-48,-47
1741509890.4414809,-43,-12,28
1741509890.4874809,-3,11,-31
1741509890.533481,12,-51,-17
1741509890.579481,87,33,-143
1741509890.624481,15,-26,-107
1741509890.670481,-21,-73,-78
1741509890.716481,3,55,-112
1741509890.7614808,-45,-1,-100
1741509890.8074808,-17,-10,-92
1741509890.8534808,-17,-14,19
1741509890.8994808,-67,-2,-4
1741509890.944481,-110,-22,-50
1741509890.990481,38,-44,-119
1741509891.036481,8,-28,38
1741509891.081481,-19,-8,-107
1741509891.127481,-45,27,-26
1741509891.173481,38,8,-68
1741509891.219481,59,-26,9
1741509891.2644808,-22,25,-152
1741509891.3104808,64,2,-234
1741509891.3564808,-53,-79,-42
1741509891.401481,36,42,-80
1741509891.447481,-47,-45,-144
1741509891.493481,3,-14,25
1741509891.539481,91,13,-136
1741509891.584481,-6,23,-54
1741509891.630481,3,47,9
1741509891.677481,-61,-27,-68
1741509891.723481,24,-1,-28
1741509891.768481,80,-55,0
1741509891.814481,68,-5,58
1741509891.860481,78,-47,-75
1741509891.9054809,-50,-50,54
1741509891.9514809,97,-108,-54
1741509891.9974809,25,15,-18
1741509892.0434809,-69,6,39
1741509892.088481,68,64,117
1741509892.134481,-92,-74,-35
1741509892.180481,-12,-29,16
1741509892.225481,91,-55,-113
1741509892.271481,3,-3,-25
1741509892.3174808,-21,74,-127
1741509892.3634808,20,6,-107
1741509892.408481,-61,-61,-73
1741509892.454481,24,-13,-93
1741509892.500481,36,0,-127
1741509892.545481,-7,6,-65
1741509892.591481,-7,-45,-69
1741509892.637481,81,30,-69
1741509892.683481,-65,6,41
1741509892.7284808,28,1,82
1741509892.7744808,57,5,-54
1741509892.8204808,-4,-20,-15
1741509892.865481,77,29,-205
1741509892.911481,85,-14,-174
1741509892.957481,-54,43,-63
1741509893.003481,31,23,17
1741509893.048481,-14,3,-48
1741509893.094481,-22,52,-42
1741509893.140481,-12,-75,-116
1741509893.1854808,56,8,16
1741509893.2314808,22,26,-93
1741509893.2774808,44,48,20
1741509893.3234808,-35,-11,4
1741509893.368481,8,6,-43
1741509893.414481,-49,-15,-47
1741509893.460481,-51,26,-186
1741509893.505481,32,-95,-6
1741509893.551481,48,68,-14
1741509893.597481,-44,33,-160
1741509893.643481,-14,-44,-14
1741509893.694481,-16,-42,-82
1741509893.740481,-21,74,-104
1741509893.785481,11,-38,-90
1741509893.831481,23,0,-122
1741509893.877481,1,-32,-124
1741509893.923481,-14,15,-36
1741509893.9684808,-72,11,-26
1741509894.0144808,31,-36,-42
1741509894.0604808,3,83,-76
1741509894.105481,-8,-102,-52
1741509894.151481,61,-32,-178
1741509894.197481,18,-61,49
1741509894.243481,-86,-72,-62
1741509894.288481,-40,-12,-100
1741509894.334481,-114,55,-108
1741509894.380481,-42,-9,-64
1741509894.4254808,-8,-79,-70
1741509894.4714808,16,4,-202
1741509894.5174809,-15,28,-100
1741509894.5634809,-74,54,-186
1741509894.608481,-12,-9,-90
1741509894.654481,-12,42,-52
1741509894.700481,28,6,-80
1741509894.745481,28,-23,-82
1741509894.791481,-25,-41,-62
1741509894.837481,72,-9,-66
1741509894.883481,-5,8,-20
1741509894.9284809,30,72,17
1741509894.9744809,-3,22,-42
1741509895.0204809,76,44,23
1741509895.065481,-51,-31,-98
1741509895.111481,28,-3,-50
1741509895.157481,29,-96,-200
1741509895.203481,21,52,-62
1741509895.248481,-33,-21,-42
1741509895.2944808,-1,-39,-120
1741509895.3404808,-30,7,-82
1741509895.3854809,-28,-2,-36
1741509895.431481,-43,-61,-66
1741509895.477481,-13,-11,-92
1741509895.523481,12,2,-158
1741509895.568481,50,-23,28
1741509895.614481,7,21,-31
1741509895.660481,-48,39,-71
1741509895.7054808,-4,5,-49
1741509895.7514808,0,-24,-37
1741509895.7974808,-104,-34,-155
1741509895.8434808,33,-18,-109
1741509895.888481,-33,-35,20
1741509895.934481,-16,-26,-69
1741509895.980481,-67,-31,-179
1741509896.025481,10,-49,16
1741509896.071481,34,-17,8
1741509896.117481,-41,-103,-119
1741509896.163481,-15,12,8
1741509896.2084808,100,-36,-27
1741509896.2544808,-41,-48,-123
1741509896.3004808,56,39,2
1741509896.345481,20,11,74
1741509896.391481,34,66,-133
1741509896.437481,-67,59,80
1741509896.483481,-52,41,-33
1741509896.528481,-11,-21,-177
1741509896.574481,-3,-6,-105
1741509896.620481,31,-45,-69
1741509896.6654809,-33,4,-159
1741509896.7114809,14,-29,-119
1741509896.7574809,-15,0,-39
1741509896.802481,-5,-29,-92
1741509896.848481,17,-31,-233
1741509896.894481,-16,-27,-126
1741509896.940481,-42,-3,-221
1741509896.985481,-6,-37,38
1741509897.031481,29,3,-149
1741509897.077481,-34,-1,-139
1741509897.1224809,-72,-27,-7
1741509897.1684809,15,-27,-37
1741509897.2144809,16,-27,-25
1741509897.2604809,-42,38,-147
1741509897.305481,12,-3,-7
1741509897.351481,14,-35,-13
1741509897.397481,32,22,-91
1741509897.4424808,70,-27,-57
1741509897.4884808,71,16,-159
1741509897.5344808,61,20,-157
1741509897.5804808,39,43,-61
1741509897.625481,47,33,-69
1741509897.671481,-33,14,-141
1741509897.717481,-100,-8,-139
1741509897.762481,43,7,6
1741509897.808481,8,30,-179
1741509897.854481,53,15,-93
1741509897.900481,-102,-38,-61
1741509897.9454808,43,-26,-3
1741509897.9914808,-31,17,-91
1741509898.0374808,6,65,-77
1741509898.082481,54,-54,-83
1741509898.128481,38,-42,-43
1741509898.174481,-36,-16,6
1741509898.220481,92,-76,-39
1741509898.265481,54,65,-44
1741509898.311481,-44,-34,-149
1741509898.357481,-40,-18,0
1741509898.4024808,27,-44,-150
1741509898.4484808,-39,-31,-36
1741509898.4944808,2,8,-120
1741509898.5404809,-1,-43,-84
1741509898.585481,-19,8,-30
1741509898.631481,-27,-21,29
1741509898.677481,-31,18,-92
1741509898.722481,-18,-74,33
1741509898.768481,-64,31,-150
1741509898.814481,17,61,-96
1741509898.860481,24,24,-56
1741509898.9054809,-19,20,5
1741509898.9514809,-83,32,-36
1741509898.9974809,76,0,-156
1741509899.042481,38,-25,59
1741509899.088481,30,-63,-2
1741509899.134481,-45,134,-22
1741509899.180481,0,24,25
1741509899.225481,25,34,-144
1741509899.271481,-45,-119,-172
1741509899.3174808,52,-5,-70
1741509899.3624809,46,38,-4
1741509899.408481,-57,52,-8
1741509899.454481,42,-42,7
1741509899.500481,32,0,-124
1741509899.545481,14,-21,-80
1741509899.591481,8,-40,-78
1741509899.637481,-15,4,1
1741509899.6824808,-9,18,-126
1741509899.7284808,17,29,-52
1741509899.7744808,69,-22,-122
1741509899.8204808,-93,-92,-38
1741509899.865481,-93,-12,-224
1741509899.911481,-17,-30,-157
1741509899.957481,24,31,-123
1741509900.002481,-37,37,-83
1741509900.048481,48,65,-53
1741509900.094481,38,63,-189
1741509900.140481,16,-79,-21
1741509900.1854808,-67,14,-167
1741509900.2314808,-15,-2,-131
1741509900.2774808,25,-27,-69
1741509900.322481,-9,66,-85
1741509900.368481,24,-1,-115
1741509900.414481,-31,-62,-161
1741509900.460481,13,29,-85
1741509900.505481,11,9,-119
1741509900.551481,3,5,-29
1741509900.597481,35,18,-95
1741509900.6424809,-24,-9,-19
1741509900.6884809,-51,41,-61
1741509900.7344809,-55,41,-1
1741509900.7804809,14,0,-95
1741509900.825481,80,-10,-111
1741509900.871481,26,-35,-85
1741509900.917481,-15,44,-85
1741509900.962481,15,72,-125
1741509901.008481,37,-11,-63
1741509901.054481,4,22,-176
1741509901.100481,6,-6,-38
1741509901.1454809,40,73,-9
1741509901.1914809,-19,13,-207
1741509901.2374809,20,-60,-95
1741509901.282481,-30,-66,-47
1741509901.328481,-74,-35,-165
1741509901.374481,11,0,-23
1741509901.420481,-60,-34,-93
1741509901.4654808,7,-88,-9
1741509901.5114808,32,-51,-53
1741509901.5574808,-5,-13,-79
1741509901.602481,-29,-44,-68
1741509901.648481,48,2,-166
1741509901.694481,19,30,-14
1741509901.740481,39,-27,-66
1741509901.785481,-53,-29,-86
1741509901.831481,-29,-73,-166
1741509901.877481,-40,-50,-78
1741509901.9224808,15,19,-80
1741509901.9684808,-35,-15,-36
1741509902.0144808,-4,-5,17
1741509902.0604808,0,36,-122
1741509902.105481,65,-5,-176
1741509902.151481,83,26,-16
1741509902.197481,-24,-1,-128
1741509902.242481,39,24,-88
1741509902.288481,-6,44,27
1741509902.3334808,21,-67,-228
1741509902.378481,61,-45,-170
1741509902.424481,35,-25,27
1741509902.470481,-45,12,5
1741509902.516481,-13,-57,-28
1741509902.561481,61,-11,-64
1741509902.607481,-63,-9,-38
1741509902.653481,71,-17,-58
1741509902.6984808,-56,16,-122
1741509902.7444808,3,-23,71
1741509902.7904809,-48,22,-118
1741509902.8364809,-14,-18,-78
1741509902.881481,3,-1,-160
1741509902.927481,-42,-7,-118
1741509902.973481,51,-43,-76
1741509903.018481,-28,-10,-58
1741509903.064481,13,-33,-122
1741509903.110481,29,32,-34
1741509903.156481,77,-2,-97
1741509903.2014809,-22,-10,-85
1741509903.2474809,29,46,-109
1741509903.2934809,2,2,-105
1741509903.338481,16,48,-213
1741509903.384481,92,-15,80
1741509903.430481,-22,41,-155
1741509903.476481,-17,42,-85
1741509903.521481,2,15,-187
1741509903.5674808,-7,17,-71
1741509903.6134808,-20,16,54
1741509903.658481,-12,0,-71
1741509903.710481,5,-1,-58
1741509903.755481,10,-41,-148
1741509903.801481,20,16,-27
1741509903.847481,-66,-55,6
1741509903.893481,29,91,-107
1741509903.9384809,-19,62,-123
1741509903.9844809,92,-27,-131
1741509904.0304809,52,-55,-107
1741509904.075481,-18,27,-177
1741509904.121481,1,1,-87
1741509904.167481,-6,45,-75
1741509904.213481,5,29,-37
1741509904.258481,65,69,12
1741509904.304481,-20,13,-125
1741509904.350481,13,20,-75
1741509904.3954809,-26,-80,-5
1741509904.4414809,5,61,-41
1741509904.4874809,70,8,-149
1741509904.533481,-50,47,-13
1741509904.578481,-5,-43,-65
1741509904.624481,-5,-61,-79
1741509904.670481,21,43,-112
1741509904.7154808,-6,-2,-126
1741509904.7614808,30,10,-96
1741509904.8074808,-77,36,-94
1741509904.8534808,23,-60,-42
1741509904.898481,-113,58,-166
1741509904.944481,-41,22,11
1741509904.990481,-8,-34,-104
1741509905.035481,11,43,-72
1741509905.081481,-46,-44,-25
1741509905.127481,59,1,-135
1741509905.173481,-10,-40,-45
1741509905.2184808,-41,-79,4
1741509905.2644808,-13,0,-65
1741509905.3104808,-43,-81,-51
1741509905.355481,5,-29,46
1741509905.401481,-25,-71,-29
1741509905.447481,-5,-29,-107
1741509905.493481,14,50,-138
1741509905.538481,-47,22,-102
1741509905.584481,-20,-54,-6
1741509905.630481,41,-4,36
1741509905.6754808,-44,9,-59
1741509905.7214808,96,-13,-181
1741509905.7674809,68,42,-107
1741509905.8134809,-50,28,-29
1741509905.858481,102,34,-93
1741509905.904481,-1,-75,-53
1741509905.950481,10,-61,-111
1741509905.995481,-28,48,-13
1741509906.041481,25,2,-141
1741509906.087481,44,-39,-75
1741509906.133481,-30,58,-105
1741509906.1784809,-14,-11,-167
1741509906.2244809,46,2,-96
1741509906.2704809,-6,2,-33
1741509906.315481,-21,-3,-64
1741509906.361481,-26,-37,-166
1741509906.407481,41,-55,-46
1741509906.453481,-2,-49,-140
1741509906.498481,0,72,-36
1741509906.5444808,-64,52,-152
1741509906.5904808,1,-32,-190
1741509906.6354809,51,75,-94
1741509906.681481,2,-19,-156
1741509906.727481,48,74,-176
1741509906.773481,-17,34,-122
1741509906.818481,36,-61,-30
1741509906.864481,-21,-115,-110
1741509906.910481,50,-69,-138
1741509906.9554808,-5,-53,-22
1741509907.0014808,24,44,-68
1741509907.0474808,0,20,-48
1741509907.0934808,-60,-21,-44
1741509907.138481,1,-15,-50
1741509907.184481,2,30,-84
1741509907.230481,19,-20,-90
1741509907.275481,-10,-41,-116
1741509907.321481,23,112,63
1741509907.367481,54,-63,3
1741509907.413481,-59,8,-80
1741509907.4584808,-24,-51,-4
1741509907.5044808,-50,-20,-190
1741509907.5504808,-28,-32,-34
1741509907.595481,131,-45,13
1741509907.6424809,-44,25,-212
1741509907.6884809,-23,-17,-84
1741509907.7344809,-87,49,-50
1741509907.779481,-78,0,-80
1741509907.825481,90,-58,-46
1741509907.871481,26,59,-8
1741509907.917481,32,-2,-92
1741509907.962481,-13,61,-44
1741509908.008481,56,-4,-112
1741509908.054481,-5,1,-38
1741509908.0994809,-45,103,-56
1741509908.1454809,35,41,-132
1741509908.1914809,-13,-46,-106
1741509908.2374809,34,-26,-60
1741509908.282481,66,-10,0
1741509908.328481,-17,41,-62
1741509908.374481,20,-2,-140
1741509908.4194808,-9,63,17
1741509908.4654808,-14,-4,41
1741509908.5114808,-60,53,-146
1741509908.5574808,17,-32,-128
1741509908.602481,35,71,-86
1741509908.648481,-4,17,-69
1741509908.694481,33,37,34
1741509908.739481,-43,-102,-4
1741509908.785481,-24,15,-82
1741509908.831481,30,-2,-102
1741509908.877481,-10,11,-208
1741509908.9224808,1,25,-180
1741509908.9684808,-20,-2,-52
1741509909.0144808,-74,-4,-17
1741509909.059481,0,-44,66
1741509909.105481,-5,-7,-31
1741509909.151481,50,4,-192
1741509909.197481,-64,0,-32
1741509909.242481,-2,-51,29
1741509909.288481,7,-30,-154
1741509909.334481,31,-20,2
1741509909.3794808,17,-4,-37
1741509909.4254808,19,69,-144
1741509909.4714808,-10,-22,-116
1741509909.5174809,-42,35,-42
1741509909.562481,-48,-52,-92
1741509909.608481,-47,23,-8
1741509909.654481,33,71,-98
1741509909.699481,-44,31,-50
1741509909.745481,-46,45,-48
1741509909.791481,77,-7,-14
1741509909.837481,53,0,-166
1741509909.8824809,31,-13,-2
1741509909.9284809,-14,-31,-86
1741509909.9744809,-44,4,-137
1741509910.019481,-20,-7,12
1741509910.065481,-10,14,-83
1741509910.111481,5,4,-89
1741509910.157481,-2,9,92
1741509910.202481,-12,29,-143
1741509910.248481,-23,4,-31
1741509910.2944808,-66,18,-205
1741509910.3394809,53,38,-73
1741509910.3854809,30,0,-107
1741509910.431481,72,-19,14
1741509910.476481,0,44,-33
1741509910.522481,60,-69,-103
1741509910.568481,-45,-37,-199
1741509910.614481,-82,-4,-37
1741509910.6594808,-6,-32,-79
1741509910.7054808,-59,28,-121
1741509910.7514808,86,-19,-75
1741509910.796481,-69,2,4
1741509910.842481,-16,19,-29
1741509910.888481,53,53,-83
1741509910.934481,25,41,-187
1741509910.979481,9,67,-19
1741509911.025481,40,62,-137
1741509911.071481,-5,34,-59
1741509911.1164808,-47,18,-51
1741509911.1624808,24,52,-183
1741509911.2084808,-11,-25,-105
1741509911.2544808,-7,-9,-129
1741509911.299481,-15,-29,-21
1741509911.345481,42,16,-77
1741509911.391481,-28,77,-185
1741509911.436481,-13,-21,-19
1741509911.482481,5,55,-55
1741509911.528481,11,17,-35
1741509911.574481,-60,-12,-21
1741509911.6194808,-4,125,-25
1741509911.6654809,-28,-32,-29
1741509911.7114809,30,51,-89
1741509911.756481,29,5,-121
1741509911.802481,-37,-23,-165
1741509911.848481,-11,13,-109
1741509911.894481,26,20,-83
1741509911.939481,-7,0,-123
1741509911.985481,-89,-41,-81
1741509912.031481,-9,-31,-61
1741509912.0764809,-33,-52,-47
1741509912.1224809,-77,-26,-51
1741509912.1684809,-11,31,-20
1741509912.2144809,-33,-8,-70
1741509912.259481,24,20,-34
1741509912.305481,15,27,-117
1741509912.351481,-8,13,20
1741509912.396481,-79,59,-157
1741509912.4424808,56,-80,-113
1741509912.4884808,39,-8,-163
1741509912.5344808,-9,-19,-101
1741509912.579481,-45,10,-73
1741509912.625481,-5,5,-141
1741509912.671481,40,0,56
1741509912.716481,-9,33,-121
1741509912.762481,56,-2,-121
1741509912.808481,6,-16,-81
1741509912.854481,-95,-66,-1
1741509912.8994808,67,40,-9
1741509912.9454808,-10,-21,-141
1741509912.9914808,84,15,-31
1741509913.036481,66,3,-80
1741509913.082481,2,59,-62
1741509913.128481,30,-13,-5
1741509913.174481,19,102,-113
1741509913.219481,21,14,28
1741509913.265481,-16,11,-101
1741509913.311481,3,-16,-43
1741509913.3564808,8,85,-33
1741509913.4024808,4,-2,-79
1741509913.4484808,-59,11,54
1741509913.4944808,-54,-49,-81
1741509913.539481,-32,-1,-159
1741509913.585481,23,15,-27
1741509913.631481,15,-62,-77
1741509913.676481,-44,-7,-15
1741509913.7284808,10,-65,-120
1741509913.7744808,-41,6,-93
1741509913.819481,38,-7,-229
1741509913.865481,-75,-77,-123
1741509913.911481,10,12,-110
1741509913.956481,18,14,79
1741509914.002481,50,52,-146
1741509914.048481,-21,6,-114
1741509914.094481,-3,8,-96
1741509914.1394808,37,-9,-24
1741509914.1854808,-27,36,-58
1741509914.2314808,8,-3,5
1741509914.276481,76,-25,-28
1741509914.322481,32,-9,-116
1741509914.368481,86,78,-84
1741509914.414481,60,-61,-72
1741509914.459481,84,63,-85
1741509914.505481,-24,-70,-115
1741509914.551481,-60,-13,-5
1741509914.5964808,29,8,-182
1741509914.6424809,53,42,-6
1741509914.6884809,-44,-36,-88
1741509914.7344809,-6,-39,-80
1741509914.779481,-106,-47,-90
1741509914.825481,-54,-73,-50
1741509914.871481,-10,20,-88
1741509914.916481,-22,16,-56
1741509914.962481,77,58,-90
1741509915.008481,43,37,-78
1741509915.054481,80,78,23
1741509915.0994809,64,32,-62
1741509915.1454809,46,-23,77
1741509915.1914809,-21,38,-34
1741509915.236481,-20,6,5
1741509915.282481,-59,-40,-86
1741509915.328481,18,73,-60
1741509915.374481,-3,-26,-74
1741509915.4194808,21,30,-146
1741509915.4654808,-62,-62,-66
1741509915.5114808,-54,57,-88
1741509915.556481,0,-24,-88
1741509915.602481,-6,35,-8
1741509915.648481,37,-16,-182
1741509915.694481,-48,-36,-100
1741509915.739481,-43,-56,-90
1741509915.785481,44,-12,-96
1741509915.831481,-3,-12,19
1741509915.8764808,62,-42,-92
1741509915.9224808,-75,-12,-134
1741509915.9684808,2,-18,-34
1741509916.0144808,80,27,-102
1741509916.059481,-79,-48,-158
1741509916.105481,5,35,-44
1741509916.151481,-74,39,-78
1741509916.196481,-22,-86,-18
1741509916.242481,47,39,-154
1741509916.288481,-4,-30,125
1741509916.334481,59,83,-14
1741509916.3794808,-40,-20,-64
1741509916.4254808,-31,3,-86
1741509916.4714808,0,43,-112
1741509916.516481,-73,-20,-92
1741509916.562481,16,38,-20
1741509916.608481,8,-27,-29
1741509916.654481,46,89,-80
1741509916.699481,2,-8,-133
1741509916.745481,-29,73,-79
1741509916.791481,68,-16,-161
1741509916.8364809,34,-24,-37
1741509916.8824809,-18,23,-145
1741509916.9284809,17,-14,5
1741509916.9744809,10,-44,-140
1741509917.019481,-9,4,43
1741509917.065481,-17,40,-69
1741509917.111481,-21,18,-127
1741509917.156481,10,-79,-59
1741509917.202481,46,-27,0
1741509917.248481,12,33,-148
1741509917.2934809,-81,-44,-77
1741509917.3394809,52,-42,-117
1741509917.3854809,96,-84,-37
1741509917.431481,-13,-25,-101
1741509917.476481,0,-21,-23
1741509917.522481,7,-52,-51
1741509917.568481,-45,7,52
1741509917.6134808,14,25,-149
1741509917.6594808,24,-38,-119
1741509917.7054808,-6,3,-63
1741509917.7514808,-16,89,101
1741509917.796481,-8,-4,109
1741509917.842481,43,-14,-55
1741509917.888481,-4,-3,-137
1741509917.933481,18,30,-15
1741509917.979481,23,-21,-105
1741509918.025481,8,6,-217
1741509918.071481,-12,49,-153
1741509918.1164808,53,-8,-65
1741509918.1624808,-26,23,30
1741509918.2084808,41,-33,-151
1741509918.253481,-14,-21,-45
1741509918.298481,21,45,-141
1741509918.344481,107,25,-94
1741509918.3894808,75,-36,-105
1741509918.4354808,-52,64,-109
1741509918.4814808,-26,39,-128
1741509918.5274808,42,-20,-79
1741509918.572481,-18,51,-161
1741509918.618481,-4,55,-43
1741509918.664481,57,25,-187
1741509918.709481,55,-20,-33
1741509918.755481,13,29,-107
1741509918.801481,-71,21,-121
1741509918.847481,82,-54,-41
1741509918.8924809,8,-34,-9
1741509918.9384809,94,-30,-71
1741509918.9844809,-37,17,-45
1741509919.029481,34,41,-47
1741509919.075481,16,1,-65
1741509919.121481,-3,25,-29
1741509919.167481,4,-70,-63
1741509919.212481,68,28,-81
1741509919.258481,-32,-12,-43
1741509919.304481,59,-2,-47
1741509919.3494809,34,30,-137
1741509919.3954809,54,-15,-59
1741509919.4414809,40,-97,12
1741509919.4874809,-30,-22,-163
1741509919.532481,-40,-80,-121
1741509919.578481,-18,49,-89
1741509919.624481,0,-23,-83
1741509919.6694808,78,36,30
1741509919.7154808,4,22,-49
1741509919.7614808,9,-44,-105
1741509919.8074808,-14,43,-123
1741509919.852481,-48,-4,-20
1741509919.898481,-11,-57,20
1741509919.944481,-100,-24,10
1741509919.989481,-36,24,-136
1741509920.035481,67,-1,-170
1741509920.081481,18,-5,-26
1741509920.127481,-25,-21,-56
1741509920.1724808,-35,-19,-101
1741509920.2184808,-13,28,-29
1741509920.2644808,-94,-8,-29
1741509920.309481,-48,23,-79
1741509920.355481,55,5,-201
1741509920.401481,46,-71,-75
1741509920.447481,-32,43,-47
1741509920.492481,26,64,-169
1741509920.538481,-32,-40,-55
1741509920.584481,1,-42,-93
1741509920.6294808,58,-37,-61
1741509920.6754808,-79,8,-143
1741509920.7214808,65,-52,-73
1741509920.7674809,11,-28,-241
1741509920.812481,-4,-8,16
1741509920.858481,-35,-11,-187
1741509920.904481,32,6,-37
1741509920.949481,-34,19,-83
1741509920.995481,-62,-21,-119
1741509921.041481,-17,-89,6
1741509921.087481,41,86,-57
1741509921.1324809,24,-29,22
1741509921.1784809,52,-51,-135
1741509921.2244809,-52,-20,-171
1741509921.269481,-21,36,-107
1741509921.315481,-27,102,-55
1741509921.361481,19,-2,-149
1741509921.407481,-42,-32,122
1741509921.452481,-10,-24,-65
1741509921.498481,32,-1,-177
1741509921.5444808,14,-21,-3
1741509921.5894809,4,0,-107
1741509921.6354809,-39,26,-77
1741509921.681481,-11,-61,-77
1741509921.727481,42,14,-153
1741509921.772481,-11,-71,50
1741509921.818481,-52,-62,-37
1741509921.864481,-96,13,-59
1741509921.9094808,65,57,-85
1741509921.9554808,-72,-21,-127
1741509922.0014808,19,70,-101
1741509922.0474808,-6,0,-111
1741509922.092481,41,-34,-137
1741509922.138481,13,10,-43
1741509922.184481,19,24,-23
1741509922.229481,-6,-5,-85
1741509922.275481,0,-51,-39
1741509922.321481,31,-37,-199
1741509922.367481,67,-55,-205
1741509922.4124808,16,-35,-119
1741509922.4584808,20,-13,-59
1741509922.5044808,-15,16,88
1741509922.549481,86,-38,20
1741509922.595481,-15,41,-147
1741509922.641481,-42,13,-45
1741509922.687481,-41,22,-103
1741509922.732481,-59,-7,-125
1741509922.778481,21,-66,-181
1741509922.824481,-31,22,-123
1741509922.8694808,76,18,11
1741509922.9154809,-19,18,-91
1741509922.9614809,-53,-26,-53
1741509923.0074809,-43,-30,-115
1741509923.052481,78,6,-35
1741509923.098481,36,-13,-185
1741509923.144481,-7,20,-7
1741509923.189481,-5,30,-63
1741509923.235481,-3,-47,-59
1741509923.281481,-47,33,-213
1741509923.327481,1,65,-77
1741509923.3724809,55,-22,48
1741509923.4184809,55,-34,-30
1741509923.4644809,64,25,-54
1741509923.509481,32,-45,-80
1741509923.555481,14,-21,-106
1741509923.601481,16,-27,-162
1741509923.647481,-33,8,-122
1741509923.6924808,55,73,-44
1741509923.7444808,3,-97,-100
1741509923.789481,-68,28,-116
1741509923.835481,79,-1,-92
1741509923.881481,5,26,84
1741509923.927481,22,-22,12
1741509923.972481,46,-36,-91
1741509924.018481,-5,-16,-59
1741509924.064481,-43,65,-3
1741509924.1094809,-5,15,-51
1741509924.154481,67,-51,-133
1741509924.200481,-6,-46,-177
1741509924.245481,-1,-18,78
1741509924.291481,77,50,-61
1741509924.337481,51,28,-9
1741509924.3824809,0,48,-113
1741509924.4284809,31,48,-83
1741509924.4744809,53,-5,-23
1741509924.5204809,-18,36,-130
1741509924.565481,-2,44,-132
1741509924.611481,5,70,-210
1741509924.657481,-20,70,-88
1741509924.702481,52,16,-69
1741509924.748481,28,-61,4
1741509924.7944808,-42,47,-65
1741509924.8404808,-22,-17,-43
1741509924.8854809,7,78,-153
1741509924.931481,5,34,-217
1741509924.977481,-6,12,-79
1741509925.022481,47,64,-99
1741509925.068481,-62,36,96
1741509925.114481,-91,19,-23
1741509925.160481,-45,22,-147
1741509925.2054808,54,20,-129
1741509925.2514808,46,22,-195
1741509925.2974808,38,-1,-55
1741509925.342481,9,86,32
1741509925.388481,18,-17,-5
1741509925.434481,57,-11,-177
1741509925.480481,11,-1,-29
1741509925.525481,-43,14,-65
1741509925.571481,54,2,68
1741509925.617481,-8,-53,-15
1741509925.6624808,-9,8,-43
1741509925.7084808,-1,-3,-185
1741509925.7544808,-90,-23,24
1741509925.8004808,-112,-3,-71
1741509925.845481,-2,86,-113
1741509925.891481,47,-23,-9
1741509925.937481,-39,-7,-109
1741509925.982481,-27,18,-43
1741509926.028481,8,-56,-90
1741509926.074481,12,-36,-182
1741509926.120481,-75,27,-46
1741509926.1654809,-20,-24,-72
1741509926.2114809,-46,22,-150
1741509926.2574809,96,27,-46
1741509926.302481,-4,-59,-158
1741509926.348481,-16,-3,-116
1741509926.394481,-11,-42,-162
1741509926.440481,-39,19,-12
1741509926.485481,112,9,33
1741509926.531481,-4,69,-100
1741509926.577481,-9,1,-139
1741509926.6224809,-77,-30,-13
1741509926.6684809,46,13,-107
1741509926.7144809,-24,-54,-61
1741509926.7604809,-68,43,-61
1741509926.805481,21,-30,-109
1741509926.851481,8,-65,-139
1741509926.897481,16,26,-37
1741509926.9424808,-13,-47,-149
1741509926.9884808,0,-11,-73
1741509927.0344808,30,-63,-149
1741509927.0804808,-37,4,-78
1741509927.125481,63,-41,49
1741509927.171481,43,-30,-93
1741509927.217481,-66,-32,-121
1741509927.262481,-84,-67,-61
1741509927.308481,63,24,-89
1741509927.354481,50,30,-151
1741509927.400481,-7,8,-17
1741509927.4454808,47,-77,-105
1741509927.4914808,31,-61,-39
1741509927.5374808,-64,-37,-45
1741509927.582481,-96,30,-89
1741509927.628481,57,-65,-119
1741509927.674481,18,-37,-159
1741509927.720481,-9,-65,-41
1741509927.765481,-14,-50,-227
1741509927.811481,3,10,-139
1741509927.857481,49,58,-77
1741509927.9024808,-8,8,-104
1741509927.9484808,23,10,-126
1741509927.9944808,37,0,10
1741509928.0404809,61,15,-25
1741509928.085481,-6,-44,-105
1741509928.131481,12,26,-77
1741509928.177481,-38,-32,32
1741509928.222481,53,-13,-83
1741509928.268481,-4,52,-67
1741509928.314481,-21,-27,-125
1741509928.360481,-2,-20,-71
1741509928.4054809,87,-50,-91
1741509928.4514809,34,16,-141
1741509928.4974809,-85,8,-45
1741509928.542481,18,36,-129
1741509928.588481,-5,28,-92
1741509928.634481,-3,4,-127
1741509928.680481,27,52,9
1741509928.725481,79,-5,11
1741509928.771481,43,-95,-44
1741509928.8174808,-12,27,-84
1741509928.8624809,8,-11,7
1741509928.908481,5,-22,-100
1741509928.954481,47,6,-8
1741509929.000481,64,24,-35
1741509929.045481,62,68,-153
1741509929.091481,20,44,-59
1741509929.137481,10,-57,-292
1741509929.1824808,127,18,0
1741509929.2284808,-62,-19,-6
1741509929.2744808,-75,-23,-178
1741509929.3204808,39,6,-48
1741509929.365481,89,77,-110
1741509929.411481,-34,-23,-92
1741509929.457481,-10,20,-28
1741509929.502481,6,-29,-112
1741509929.548481,55,-1,0
1741509929.594481,103,43,-64
1741509929.640481,48,-1,-102
1741509929.6854808,3,37,-78
1741509929.7314808,-54,-53,-26
1741509929.7774808,17,-5,-110
1741509929.822481,5,43,-132
1741509929.868481,11,23,-54
1741509929.914481,37,-54,-82
1741509929.960481,98,-10,-26
1741509930.005481,-4,-15,-78
1741509930.051481,8,24,-208
1741509930.097481,52,-2,-60
1741509930.1424809,37,-4,-84
1741509930.1884809,-96,-48,-148
1741509930.2344809,26,-23,-116
1741509930.2804809,26,-10,-70
1741509930.325481,16,93,11
1741509930.371481,-28,91,-146
1741509930.417481,11,-18,-100
1741509930.462481,35,37,-159
1741509930.508481,-1,-33,-83
1741509930.554481,20,40,-174
1741509930.600481,-13,-30,-106
1741509930.6454809,-5,-68,-83
1741509930.6914809,8,-60,-101
1741509930.7374809,20,9,-117
1741509930.782481,42,84,-97
1741509930.828481,-67,14,-3
1741509930.874481,26,-11,48
1741509930.9194808,16,-60,-31
1741509930.9654808,56,-5,-111
1741509931.0114808,16,73,-102
1741509931.0574808,23,29,-92
1741509931.102481,89,-12,39
1741509931.148481,-67,-43,-47
1741509931.194481,40,24,-149
1741509931.239481,-1,38,-113
1741509931.285481,57,48,6
1741509931.331481,23,30,-151
1741509931.377481,77,-49,-153
1741509931.4224808,-101,64,-71
1741509931.4684808,-49,40,0
1741509931.5144808,-16,14,-15
1741509931.559481,-21,-23,-53
1741509931.605481,-10,-55,-111
1741509931.651481,-13,-14,-149
1741509931.697481,-27,-20,-175
1741509931.742481,8,-41,-197
1741509931.788481,-11,-95,-59
1741509931.834481,-29,16,-83
1741509931.8794808,-5,-7,-91
1741509931.9254808,22,42,-1
1741509931.9714808,-25,-24,-169
1741509932.0174809,-79,-39,-111
1741509932.062481,42,-26,-135
1741509932.108481,-71,-30,12
1741509932.154481,-30,16,-172
1741509932.199481,-56,6,-126
1741509932.245481,18,-35,-189
1741509932.291481,-31,14,-75
1741509932.337481,-39,-18,-145
1741509932.3824809,16,-32,-65
1741509932.4284809,20,-38,144
1741509932.4744809,-95,-24,34
1741509932.519481,74,-18,-73
1741509932.565481,-1,13,-35
1741509932.611481,-73,1,6
1741509932.657481,-22,-12,24
1741509932.702481,-6,49,-145
1741509932.748481,48,105,-157
1741509932.7944808,42,79,-63
1741509932.8394809,24,23,-3
1741509932.8854809,12,17,28
1741509932.931481,49,0,-109
1741509932.977481,-6,-13,-73
1741509933.022481,11,-21,-71
1741509933.068481,53,54,-123
1741509933.114481,34,-5,-141
1741509933.1594808,-3,-53,-85
1741509933.2054808,52,-30,-147
1741509933.250481,16,38,-71
1741509933.295481,-5,14,-68
1741509933.341481,48,47,-18
1741509933.387481,-43,29,-94
1741509933.433481,3,-11,-135
1741509933.4784808,-8,28,-65
1741509933.5244808,-17,6,-143
1741509933.5704808,20,-20,-141
1741509933.615481,2,13,14
1741509933.661481,-36,4,-63
1741509933.713481,61,-11,-9
1741509933.758481,3,-37,-149
1741509933.804481,33,26,-109
1741509933.850481,-80,-7,-123
1741509933.8954809,-6,-41,-3
1741509933.9414809,-50,14,-149
1741509933.9874809,-80,9,-53
1741509934.033481,-39,25,-9
1741509934.078481,34,59,-25
1741509934.124481,20,-8,-265
1741509934.170481,-83,17,-57
1741509934.2154808,-9,-40,-123
1741509934.2614808,80,1,20
1741509934.3074808,-42,-59,-109
1741509934.3534808,37,-26,-19
1741509934.398481,17,-6,-53
1741509934.444481,32,-39,-53
1741509934.490481,-8,5,-93
1741509934.535481,58,-59,-3
1741509934.581481,-12,41,-83
1741509934.627481,89,21,-85
1741509934.673481,-26,-38,7
1741509934.7184808,-20,-12,-63
1741509934.7644808,3,1,-99
1741509934.8104808,43,-34,-119
1741509934.855481,-10,-22,60
1741509934.901481,-6,-48,-119
1741509934.947481,7,-12,-125
1741509934.993481,-28,-42,-141
1741509935.038481,3,57,-99
1741509935.084481,-14,-62,-143
1741509935.130481,57,29,-115
1741509935.1754808,-24,-26,-55
1741509935.2214808,-46,-100,62
1741509935.2674809,10,-35,-213
1741509935.3134809,35,-1,-95
1741509935.358481,-36,40,-39
1741509935.404481,12,-35,-5
1741509935.450481,5,4,-133
1741509935.495481,-12,8,4
1741509935.541481,-21,-59,40
1741509935.587481,-42,-42,-37
1741509935.633481,89,-4,-11
1741509935.6784809,75,-60,-29
1741509935.7244809,-11,52,-31
1741509935.7704809,-46,-12,-8
1741509935.815481,-58,-64,-100
1741509935.861481,1,15,-108
1741509935.907481,-31,8,-138
1741509935.953481,102,6,-116
1741509935.998481,25,-38,-34
1741509936.0444808,35,-66,-146
1741509936.0904808,57,63,-54
1741509936.1354809,0,-6,-80
1741509936.181481,10,-45,-84
1741509936.227481,-30,-46,-108
1741509936.273481,9,-14,-62
1741509936.318481,19,-40,-166
1741509936.364481,-19,-5,-31
1741509936.410481,-45,46,-69
1741509936.4554808,19,-102,-187
1741509936.5014808,19,7,34
1741509936.5474808,21,-50,-137
1741509936.5934808,31,-28,-61
1741509936.638481,3,-48,-99
1741509936.684481,-46,-26,-95
1741509936.730481,15,1,-181
1741509936.775481,-16,-10,-156
1741509936.821481,57,7,-61
1741509936.867481,-22,-4,-25
1741509936.913481,-54,-18,-39
1741509936.9584808,-114,-41,-84
1741509937.0044808,14,12,-221
1741509937.0504808,33,0,-9
1741509937.095481,-32,-53,-46
1741509937.141481,-78,42,-97
1741509937.187481,-23,-63,-173
1741509937.233481,55,30,-75
1741509937.278481,-9,-85,-155
1741509937.324481,-1,-57,-139
1741509937.370481,36,-53,-67
1741509937.4154809,-19,12,-33
1741509937.4614809,-53,-25,-79
1741509937.5074809,54,-89,-170
1741509937.5534809,-22,13,-13
1741509937.598481,-20,78,-103
1741509937.644481,-5,44,64
1741509937.690481,28,44,-85
1741509937.735481,-3,-63,-7
1741509937.781481,20,20,-85
1741509937.827481,14,42,66
1741509937.8724809,-29,28,-3
1741509937.9184809,66,-39,-165
1741509937.9644809,-12,-25,-57
1741509938.0104809,-52,-26,-141
1741509938.055481,11,73,-47
1741509938.101481,-22,-141,-96
1741509938.147481,-3,-53,-169
1741509938.1924808,-37,12,-77
1741509938.2384808,38,-19,-11
1741509938.2844808,-11,59,-203
1741509938.3304808,56,12,-87
1741509938.375481,-10,-17,-113
1741509938.421481,-72,-65,-53
1741509938.467481,-15,-65,-75
1741509938.512481,-35,-73,-73
1741509938.559481,-65,-30,14
1741509938.605481,0,-10,-127
1741509938.651481,-51,-52,-103
1741509938.696481,54,35,-145
1741509938.742481,-53,4,-163
1741509938.788481,-41,-39,-97
1741509938.834481,90,-13,-107
1741509938.8794808,-23,-15,-35
1741509938.9254808,-38,9,-1
1741509938.9714808,3,-8,-157
1741509939.016481,98,-70,78
1741509939.062481,-99,-30,74
1741509939.108481,57,4,-91
1741509939.154481,-15,-28,-37
1741509939.199481,-11,-45,4
1741509939.245481,61,9,-25
1741509939.291481,60,9,-31
1741509939.3364809,6,39,-47
1741509939.3824809,20,51,-179
1741509939.4284809,52,-9,-109
1741509939.4744809,28,4,8
1741509939.519481,-11,-18,-13
1741509939.565481,8,7,-125
1741509939.611481,12,-82,-135
1741509939.656481,13,20,4
1741509939.702481,-56,28,-121
1741509939.748481,-26,-1,-89
1741509939.7944808,1,-21,-138
1741509939.8394809,43,-27,-77
1741509939.8854809,9,29,-42
1741509939.931481,0,0,-122
1741509939.976481,4,0,-84
1741509940.022481,16,-14,-78
1741509940.068481,0,-30,16
1741509940.114481,-30,-24,-91
1741509940.1594808,15,-43,-105
1741509940.2054808,47,8,-59
1741509940.2514808,43,50,-163
1741509940.296481,57,36,-85
1741509940.342481,82,48,-55
1741509940.388481,-1,-33,-73
1741509940.434481,63,-60,-109
1741509940.479481,-130,-34,-89
1741509940.525481,0,-15,-125
1741509940.571481,15,-32,-9
1741509940.6164808,-7,20,-17
1741509940.6624808,91,34,-75
1741509940.7084808,-67,-29,-81
1741509940.7544808,74,-17,-89
1741509940.799481,7,3,-97
1741509940.845481,8,6,0
1741509940.891481,32,38,-89
1741509940.936481,-43,-31,-63
1741509940.982481,-57,-29,-11
1741509941.028481,58,30,-171
1741509941.074481,-37,-37,-151
1741509941.1194808,-49,22,82
1741509941.1654809,-37,6,-9
1741509941.2114809,-21,-47,-163
1741509941.256481,-64,-5,-161
1741509941.302481,57,-15,-61
1741509941.348481,-109,-13,-129
1741509941.394481,-67,-79,66
1741509941.439481,-91,-5,-99
1741509941.485481,-77,0,-41
1741509941.531481,-35,-40,-65
1741509941.5764809,-3,-20,-117
1741509941.6224809,-45,33,-135
1741509941.6684809,-9,-46,-131
1741509941.7144809,-15,-48,-39
1741509941.759481,8,-117,-125
1741509941.805481,-7,-50,-17
1741509941.851481,43,-5,-49
1741509941.896481,121,-33,2
1741509941.9424808,-24,-7,-165
1741509941.9884808,-7,-16,-105
1741509942.0344808,-1,-78,-81
1741509942.079481,72,-48,-65
1741509942.125481,-15,-48,-101
1741509942.171481,-4,27,-147
1741509942.216481,13,-8,-89
1741509942.262481,44,27,2
1741509942.308481,-61,-60,-69
1741509942.354481,44,-12,18
1741509942.3994808,62,-64,-63
1741509942.4454808,-15,29,-117
1741509942.4914808,4,-27,30
1741509942.536481,-52,-6,-173
1741509942.582481,48,-46,-95
1741509942.628481,52,-10,-151
1741509942.674481,5,51,-29
1741509942.719481,121,3,42
1741509942.765481,5,1,-1
1741509942.811481,-54,-14,48
1741509942.8564808,-53,55,6
1741509942.9024808,80,17,32
1741509942.9484808,-55,23,-123
1741509942.9944808,16,-2,2
1741509943.039481,17,-80,-19
1741509943.085481,15,7,-41
1741509943.131481,-22,-51,-137
1741509943.176481,-25,-3,-39
1741509943.222481,11,22,-41
1741509943.268481,43,-39,-35
1741509943.314481,66,44,-69
1741509943.3594809,12,8,-89
1741509943.4054809,-69,-23,-47
1741509943.4514809,-9,-21,-159
1741509943.496481,42,-41,-31
1741509943.542481,20,64,-189
1741509943.588481,-30,26,-81
1741509943.634481,33,-45,-173
1741509943.679481,17,-9,-175
1741509943.7314808,0,-21,-33
1741509943.776481,60,-10,-85
1741509943.822481,-3,55,-29
1741509943.868481,-47,56,-45
1741509943.914481,6,82,-73
1741509943.959481,-49,-55,-135
1741509944.005481,-3,6,-35
1741509944.051481,-67,-23,-143
1741509944.0964808,-73,32,-168
1741509944.1424809,82,28,-47
1741509944.1884809,57,24,-65
1741509944.2344809,-83,18,8
1741509944.279481,-22,-83,-7
1741509944.325481,59,76,-53
1741509944.371481,13,-7,-23
1741509944.416481,0,50,4
1741509944.462481,41,8,-139
1741509944.508481,3,-19,-27
1741509944.554481,-18,26,-183
1741509944.5994809,29,-23,-97
1741509944.6454809,-47,37,-139
1741509944.6914809,-13,-40,20
1741509944.736481,18,-64,-71
1741509944.782481,42,-56,-37
1741509944.828481,-23,-24,-147
1741509944.873481,32,21,-157
1741509944.9194808,41,-1,-135
1741509944.9654808,-32,56,-77
1741509945.0114808,41,64,-197
1741509945.056481,-15,-79,-279
1741509945.102481,72,-46,-135
1741509945.148481,-63,64,-71
1741509945.193481,-32,58,-13
1741509945.239481,-18,3,-133
1741509945.285481,82,108,-5
1741509945.331481,-10,-37,-55
1741509945.3764808,21,-15,-153
1741509945.4224808,-62,20,-97
1741509945.4684808,24,30,8
1741509945.513481,-42,64,46
1741509945.559481,-28,-29,-85
1741509945.605481,11,26,-115
1741509945.651481,-58,66,-85
1741509945.696481,-70,76,-63
1741509945.742481,47,46,-57
1741509945.788481,28,-12,72
1741509945.8334808,-1,19,-117
1741509945.8794808,60,-10,-241
1741509945.9254808,27,12,-71
1741509945.9714808,112,1,-53
1741509946.016481,6,51,-21
1741509946.062481,55,-10,56
1741509946.108481,-25,-44,-149
1741509946.153481,-7,8,-129
1741509946.199481,14,7,-225
1741509946.245481,21,6,-91
1741509946.291481,24,30,-151
1741509946.3364809,6,6,-89
1741509946.3824809,6,4,-69
1741509946.4284809,-75,39,-83
1741509946.473481,-15,20,-75
1741509946.519481,64,-16,-53
1741509946.565481,8,-26,-53
1741509946.611481,-35,18,32
1741509946.656481,16,-19,-83
1741509946.702481,-15,-34,-28
1741509946.748481,42,66,-100
1741509946.7934809,-76,-91,-46
1741509946.8394809,73,36,-72
1741509946.8854809,-34,-37,-6
1741509946.931481,-48,-49,-100
1741509946.976481,-2,-53,0
1741509947.022481,-6,18,15
1741509947.068481,-44,28,-40
1741509947.1134808,-36,18,-100
1741509947.1594808,8,29,-64
1741509947.2054808,-17,35,-8
1741509947.2514808,-45,-100,-66
1741509947.296481,-15,37,-108
1741509947.342481,58,-18,-238
1741509947.388481,49,17,-82
1741509947.433481,-82,-16,-64
1741509947.479481,3,41,-108
1741509947.525481,-12,-54,41
1741509947.571481,-42,-5,-94
1741509947.6164808,-12,-63,-162
1741509947.6624808,-61,36,-106
1741509947.7084808,30,9,-44
1741509947.753481,38,6,-68
1741509947.799481,4,4,-118
1741509947.845481,-24,19,-116
1741509947.891481,-21,-31,-104
1741509947.936481,42,-35,-56
1741509947.982481,14,-23,-160
1741509948.028481,2,-12,-178
1741509948.0734808,-1,-58,-62
1741509948.1194808,-7,-20,-38
1741509948.1654809,82,33,-140
1741509948.2114809,-41,5,-2
1741509948.256481,28,51,-128
1741509948.302481,-21,5,-92
1741509948.348481,-75,45,-94
1741509948.393481,6,-54,-90
1741509948.439481,-15,53,-54
1741509948.485481,-67,31,-88
1741509948.531481,4,-50,-14
1741509948.5764809,-23,11,-116
1741509948.6224809,-85,35,-68
1741509948.6684809,17,7,-106
1741509948.713481,-14,36,27
1741509948.759481,5,13,-10
1741509948.805481,39,76,-158
1741509948.851481,59,60,-4
1741509948.896481,21,18,-146
1741509948.9424808,16,-23,19
1741509948.9884808,-6,8,21
1741509949.033481,-17,-1,-168
1741509949.079481,53,12,-72
1741509949.125481,-23,-5,-194
1741509949.171481,-33,54,-92
1741509949.2154808,56,28,-104
1741509949.2614808,62,6,-92
1741509949.3074808,41,-13,-76
1741509949.352481,1,76,-72
1741509949.398481,13,76,-158
1741509949.444481,-104,6,-132
1741509949.489481,41,-18,-52
1741509949.535481,-35,-33,-112
1741509949.581481,5,-19,-48
1741509949.627481,18,28,-58
1741509949.6724808,31,10,-104
1741509949.7184808,65,-16,-52
1741509949.7644808,11,57,-116
1741509949.809481,7,45,-64
1741509949.855481,-50,-48,-84
1741509949.901481,-60,5,-102
1741509949.947481,1,15,-124
1741509949.992481,9,-64,-62
1741509950.038481,-8,-20,-100
1741509950.084481,41,-12,-38
1741509950.1294808,-7,-29,-74
1741509950.1754808,-26,-6,-136
1741509950.2214808,79,37,-206
1741509950.2674809,57,-26,-16
1741509950.312481,-26,17,-134
1741509950.358481,7,-16,-116
1741509950.404481,1,-29,-6
1741509950.449481,-66,-11,-108
1741509950.495481,75,46,-34
1741509950.541481,-74,-13,-50
1741509950.587481,17,-71,-121
1741509950.6324809,7,-70,-11
1741509950.6784809,35,9,-61
1741509950.7244809,-75,-7,-165
1741509950.769481,17,2,-217
1741509950.815481,-26,-44,-85
1741509950.861481,37,12,-67
1741509950.907481,-46,-15,-75
1741509950.952481,-18,83,-37
1741509950.998481,45,13,-193
1741509951.0444808,75,11,-75
1741509951.0894809,-33,-9,-193
1741509951.1354809,47,57,-49
1741509951.181481,1,-34,-163
1741509951.227481,8,19,-85
1741509951.272481,45,-54,-200
1741509951.318481,-17,-54,-75
1741509951.364481,-56,-49,-153
1741509951.4094808,35,34,-101
1741509951.4554808,-22,24,-137
1741509951.5014808,81,-3,-193
1741509951.546481,7,12,-79
1741509951.592481,-86,40,-21
1741509951.638481,-25,-59,-143
1741509951.684481,-39,20,-127
1741509951.729481,98,-5,-43
1741509951.775481,64,-31,-147
1741509951.821481,0,2,-161
1741509951.8664808,-9,-37,-11
1741509951.9124808,42,8,-161
1741509951.9584808,-31,-9,-49
1741509952.0044808,14,36,-5
1741509952.049481,4,76,-145
1741509952.095481,25,-28,-205
1741509952.141481,105,-20,-1
1741509952.186481,-6,-20,-127
1741509952.232481,-65,-5,-85
1741509952.278481,-1,-33,-81
1741509952.324481,46,-59,78
1741509952.3694808,-11,72,10
1741509952.4154809,5,-31,-105
1741509952.4614809,6,-49,-53
1741509952.506481,-45,-85,-69
1741509952.552481,64,-10,-97
1741509952.598481,-21,-22,-23
1741509952.644481,84,45,-41
1741509952.689481,42,-58,-83
1741509952.735481,-35,57,44
1741509952.781481,64,57,-136
1741509952.8264809,-3,0,-86
1741509952.8724809,-7,51,-88
1741509952.9184809,-5,19,-32
1741509952.9644809,-61,-22,-54
1741509953.009481,18,-18,-78
1741509953.055481,-17,-2,-26
1741509953.101481,-30,28,-18
1741509953.146481,-8,-47,-52
1741509953.1924808,-32,-19,-67
1741509953.2384808,109,4,-62
1741509953.2844808,61,34,-70
1741509953.329481,-22,94,25
1741509953.375481,99,-21,35
1741509953.421481,19,-31,-84
1741509953.466481,-70,-58,-36
1741509953.512481,27,35,-212
1741509953.558481,42,1,-278
1741509953.604481,6,11,-48
1741509953.6494808,-9,31,-110
1741509953.6954808,-107,10,-162
1741509953.746481,24,44,-30
1741509953.792481,13,-39,-136
1741509953.838481,-69,-11,9
1741509953.884481,-17,-57,-6
1741509953.929481,44,58,51
1741509953.975481,2,-43,43
1741509954.021481,-68,-28,-141
1741509954.0664809,66,-35,-55
1741509954.1124809,86,-55,-81
1741509954.158481,80,-79,-41
1741509954.204481,28,56,54
1741509954.249481,-7,14,-147
1741509954.295481,26,-41,-51
1741509954.341481,45,-26,-49
1741509954.3864808,10,5,-117
1741509954.4324808,-9,-21,4
1741509954.4784808,13,31,-143
1741509954.5244808,-39,-10,10
1741509954.569481,-15,-61,12
1741509954.615481,16,-40,12
1741509954.661481,30,19,-95
1741509954.706481,31,-3,-31
1741509954.752481,129,28,-99
1741509954.798481,18,36,-65
1741509954.844481,21,-5,-187
1741509954.8894808,124,23,-101
1741509954.9354808,10,19,-123
1741509954.9814808,31,-40,30
1741509955.026481,-13,-36,48
1741509955.072481,-9,1,-48
1741509955.118481,-17,-50,-178
1741509955.164481,70,5,39
1741509955.209481,-17,1,-82
1741509955.255481,-6,36,-63
1741509955.301481,-46,60,-221
1741509955.3464808,-99,22,-101
1741509955.3924809,40,-24,-35
1741509955.4384809,-24,-24,-133
1741509955.4844809,-6,71,-75
1741509955.529481,-68,25,-31
1741509955.575481,34,6,-155
1741509955.621481,19,-52,-77
1741509955.666481,21,-8,-107
1741509955.712481,-45,39,-49
1741509955.758481,-55,-80,-23
1741509955.804481,-25,7,55
1741509955.8494809,-15,37,27
1741509955.8954809,-63,-8,-126
1741509955.9414809,-21,-1,14
1741509955.986481,86,0,-71
1741509956.032481,-99,-69,-130
1741509956.078481,37,-38,-99
1741509956.124481,-8,-4,-43
1741509956.1694808,-68,41,-96
1741509956.2154808,-50,-20,-4
1741509956.2614808,3,-31,-115
1741509956.306481,41,-11,-24
1741509956.352481,40,32,0
1741509956.398481,8,38,-33
1741509956.444481,-9,28,-23
1741509956.489481,4,-77,-151
1741509956.535481,5,6,-125
1741509956.581481,72,-65,-13
1741509956.6264808,78,64,-25
1741509956.6724808,-26,-42,-43
1741509956.7184808,55,-128,-77
1741509956.7644808,-51,-7,38
1741509956.809481,34,46,-27
1741509956.855481,-91,0,8
1741509956.901481,17,-9,-43
1741509956.946481,-18,-31,-95
1741509956.992481,5,-43,-175
1741509957.038481,13,26,-64
1741509957.084481,-33,32,-136
1741509957.1294808,15,-25,-98
1741509957.1754808,17,-4,-90
1741509957.2214808,11,-14,-72
1741509957.266481,25,-2,-14
1741509957.312481,-49,33,-46
1741509957.358481,4,-6,-78
1741509957.404481,-36,42,5
1741509957.449481,3,59,-158
1741509957.495481,18,-65,-170
1741509957.541481,-28,5,-158
1741509957.5864809,95,-6,-66
1741509957.6324809,63,65,-118
1741509957.6784809,21,14,-72
1741509957.7244809,-34,10,-94
1741509957.769481,13,-39,41
1741509957.815481,45,-63,21
1741509957.861481,-38,-11,-122
1741509957.906481,80,0,-210
1741509957.952481,-21,-87,-138
1741509957.998481,8,62,-158
1741509958.0444808,15,-19,-113
1741509958.0894809,47,32,-105
1741509958.1354809,50,24,-25
1741509958.181481,-37,8,-49
1741509958.226481,40,8,16
1741509958.272481,26,46,-59
1741509958.318481,-36,-55,-187
1741509958.3634808,-13,-24,-78
1741509958.4094808,-5,-76,-157
1741509958.4554808,35,-6,-139
1741509958.5014808,-26,23,-133
1741509958.546481,-61,71,-45
1741509958.592481,34,5,-199
1741509958.638481,88,51,-81
1741509958.683481,-49,61,-41
1741509958.729481,-1,-68,-139
1741509958.775481,-31,32,-124
1741509958.821481,-66,49,-116
1741509958.8664808,-33,13,-127
1741509958.9124808,-63,5,-106
1741509958.9584808,64,46,24
1741509959.003481,36,70,-7
1741509959.049481,24,-46,-45
1741509959.095481,71,67,-103
1741509959.141481,15,-8,-99
1741509959.186481,-30,34,-71
1741509959.232481,18,-25,-153
1741509959.278481,33,-15,-135
1741509959.3234808,-43,20,-71
1741509959.3694808,-8,-33,-19
1741509959.4154809,-26,-32,-143
1741509959.4614809,-26,-60,-159
1741509959.506481,41,-2,-63
1741509959.552481,57,55,-39
1741509959.598481,-62,-14,-99
1741509959.643481,-72,-18,-153
1741509959.689481,-6,19,-139
1741509959.735481,-66,-32,-123
1741509959.781481,-50,-94,-179
1741509959.8264809,-32,-41,-25
1741509959.8724809,-30,20,-31
1741509959.9184809,-40,35,-49
1741509959.963481,24,54,-117
1741509960.009481,18,44,-42
1741509960.055481,7,34,-70
1741509960.101481,34,-7,-46
1741509960.146481,30,28,-74
1741509960.1924808,57,23,-94
1741509960.2384808,-109,-45,31
1741509960.283481,70,-37,-86
1741509960.329481,-29,32,5
1741509960.375481,-29,-35,-116
1741509960.421481,12,-111,-2
1741509960.466481,-52,-56,-56
1741509960.512481,-40,-8,-22
1741509960.558481,69,49,-74
1741509960.6034808,16,52,-28
1741509960.6494808,31,-24,-198
1741509960.6954808,-14,-38,-70
1741509960.7414808,11,43,-96
1741509960.786481,33,-16,-62
1741509960.832481,-64,3,-134
1741509960.878481,0,15,-54
1741509960.923481,6,22,-159
1741509960.969481,42,-39,-41
1741509961.015481,16,-61,-51
1741509961.061481,34,56,-75
1741509961.1064808,4,-17,-189
1741509961.1524808,-35,-19,-33
1741509961.1984808,99,-43,-167
1741509961.243481,-20,0,-71
1741509961.289481,-2,22,-77
1741509961.335481,47,8,60
1741509961.381481,-109,48,-87
1741509961.426481,-28,52,-135
1741509961.472481,37,-25,39
1741509961.518481,-32,-83,-102
1741509961.5634809,21,50,13
1741509961.6094809,83,16,-7
1741509961.6554809,15,10,-99
1741509961.7014809,-6,24,-109
1741509961.746481,5,-32,6
1741509961.792481,27,-2,-195
1741509961.838481,33,-52,-55
1741509961.883481,-28,70,-137
1741509961.929481,50,-103,-11
1741509961.975481,-58,36,78
1741509962.021481,40,8,-67
1741509962.0664809,46,-23,-71
1741509962.1124809,-13,24,-95
1741509962.158481,47,-54,-87
1741509962.203481,17,51,-55
1741509962.249481,30,7,-5
1741509962.295481,-6,-75,-107
1741509962.341481,13,30,-85
1741509962.3864808,54,34,-177
1741509962.4324808,2,51,-63
1741509962.4784808,2,-17,37
1741509962.523481,-17,34,-97
1741509962.569481,65,-30,-213
1741509962.615481,-7,-22,-20
1741509962.661481,54,67,-54
1741509962.706481,35,0,-143
1741509962.752481,42,58,-86
1741509962.798481,76,-53,-82
1741509962.8434808,-35,79,-182
1741509962.8894808,28,50,-107
1741509962.9354808,-10,3,-109
1741509962.9814808,0,-32,-89
1741509963.026481,-10,-56,-37
1741509963.072481,17,-38,-133
1741509963.118481,-12,35,36
1741509963.163481,96,41,24
1741509963.209481,11,-13,-3
1741509963.255481,81,26,18
1741509963.301481,21,82,-101
1741509963.3464808,54,-2,30
1741509963.3924809,66,-56,10
1741509963.4384809,36,-22,-37
1741509963.483481,-27,39,-112
1741509963.529481,26,-44,-74
1741509963.575481,78,-30,-134
1741509963.621481,24,-41,-22
1741509963.666481,48,-80,-150
1741509963.712481,-19,-62,-92
1741509963.763481,-44,-16,-44
1741509963.809481,5,-10,5
1741509963.855481,-20,65,-142
1741509963.901481,27,10,-126
1741509963.946481,-18,-50,-128
1741509963.992481,52,-34,-114
1741509964.038481,8,-62,-34
1741509964.0834808,62,-18,37
1741509964.1294808,-57,45,-20
1741509964.1754808,-25,5,49
1741509964.2214808,32,-27,-174
1741509964.266481,60,-11,-169
1741509964.312481,22,0,-77
1741509964.358481,26,-35,-129
1741509964.403481,-19,38,-91
1741509964.449481,-9,57,-30
1741509964.495481,8,-62,-55
1741509964.541481,15,39,-17
1741509964.5864809,-30,-92,-49
1741509964.6324809,-7,-5,-127
1741509964.6784809,-11,-7,70
1741509964.723481,20,54,-101
1741509964.769481,-5,-20,-137
1741509964.815481,18,5,-151
1741509964.861481,-75,-24,2
1741509964.906481,-61,-26,46
1741509964.952481,-5,-22,-53
1741509964.998481,57,1,-103
1741509965.0434809,-21,-13,-61
1741509965.0894809,-29,18,-173
1741509965.1354809,66,6,-63
1741509965.180481,-25,26,-15
1741509965.226481,-46,-22,-21
1741509965.272481,2,6,-101
1741509965.318481,-115,-67,-91
1741509965.3634808,-40,-4,-27
1741509965.4094808,-49,4,16
1741509965.4554808,-26,-26,-89
1741509965.500481,-24,-58,-23
1741509965.546481,44,64,-205
1741509965.592481,-75,0,-87
1741509965.638481,7,-76,-65
1741509965.683481,3,-92,-101
1741509965.729481,49,27,-171
1741509965.775481,18,-43,-119
1741509965.8204808,-8,-54,-195
1741509965.8664808,-31,62,-65
1741509965.9124808,-5,12,-53
1741509965.9584808,-19,58,-75
1741509966.003481,-41,-15,-29
1741509966.049481,-57,-23,-61
1741509966.095481,-33,-25,-124
1741509966.140481,-29,20,-64
1741509966.186481,20,-17,-68
1741509966.232481,-14,-9,44
1741509966.278481,-3,-8,-46
1741509966.3234808,-15,-22,-64
1741509966.3694808,-99,4,-210
1741509966.4154809,22,-93,-125
1741509966.460481,48,-7,-121
1741509966.506481,-4,10,-105
1741509966.552481,13,28,-115
1741509966.598481,2,40,-35
1741509966.643481,27,-49,64
1741509966.689481,-32,70,-66
1741509966.735481,-16,29,-41
1741509966.7804809,0,60,-65
1741509966.8264809,-36,13,-64
1741509966.8724809,-26,-35,-62
1741509966.9184809,-115,2,84
1741509966.963481,-26,-14,-28
1741509967.009481,43,41,-89
1741509967.055481,-18,29,18
1741509967.100481,-36,-10,-103
1741509967.146481,-16,-58,-165
1741509967.1924808,-8,-106,-257
1741509967.2384808,0,0,36
1741509967.283481,1,-20,-51
1741509967.329481,-41,88,-183
1741509967.375481,-27,4,-39
1741509967.420481,-25,108,28
1741509967.466481,-3,34,-63
1741509967.512481,76,2,-153
1741509967.558481,-56,23,-59
1741509967.6034808,-21,-37,-87
1741509967.6494808,63,-24,-59
1741509967.6954808,25,31,34
1741509967.740481,-30,-70,92
1741509967.786481,31,3,-123
1741509967.832481,23,87,-15
1741509967.878481,73,-24,-79
1741509967.923481,36,13,-49
1741509967.969481,-50,51,-103
1741509968.015481,-21,26,-121
1741509968.0604808,-80,54,-59
1741509968.1064808,27,-35,-229
1741509968.1524808,40,-27,-133
1741509968.1984808,15,-21,4
1741509968.243481,87,32,-137
1741509968.289481,-25,-21,-157
1741509968.335481,2,-59,-41
1741509968.380481,6,30,-33
1741509968.426481,-26,47,-147
1741509968.472481,-24,-2,32
1741509968.518481,-62,-9,-11
1741509968.5634809,103,50,52
1741509968.6094809,39,-5,-95
1741509968.6554809,-11,-25,10
1741509968.700481,-25,-7,-141
1741509968.746481,-5,52,-39
1741509968.792481,-23,32,-99
1741509968.838481,-53,-77,12
1741509968.883481,-17,-23,-96
1741509968.929481,88,106,16
1741509968.975481,126,-7,-162
1741509969.0204809,-95,13,-119
1741509969.0664809,-5,22,-175
1741509969.1124809,-43,-25,14
1741509969.158481,74,-72,0
1741509969.203481,-115,-30,16
1741509969.249481,8,-63,-117
1741509969.295481,28,-23,-71
1741509969.3404808,21,20,-141
1741509969.3864808,57,-38,24
1741509969.4324808,-18,7,-37
1741509969.4784808,35,0,-175
1741509969.523481,62,62,-11
1741509969.569481,-74,6,-95
1741509969.615481,0,-16,-19
1741509969.660481,42,12,-207
1741509969.706481,-54,51,-41
1741509969.752481,-30,15,-87
1741509969.798481,-44,59,-63
1741509969.8434808,-72,66,-81
1741509969.8894808,-30,56,-133
1741509969.9354808,5,10,-15
1741509969.980481,-41,-81,-100
1741509970.026481,-32,-23,-68
1741509970.072481,51,-1,-148
1741509970.118481,-67,-71,-82
1741509970.163481,-40,-45,-62
1741509970.209481,101,26,-28
1741509970.255481,10,-43,63
1741509970.3004808,-20,7,-24
1741509970.3464808,-12,-80,-123
1741509970.3924809,13,33,-1
1741509970.4384809,13,29,-77
1741509970.483481,-4,15,-155
1741509970.529481,-30,71,-89
1741509970.575481,5,-21,-9
1741509970.620481,24,-28,-207
1741509970.666481,17,-65,-109
1741509970.712481,-81,28,-79
1741509970.758481,-27,-75,-18
1741509970.8034809,-47,24,-196
1741509970.8494809,-75,52,-54
1741509970.8954809,-60,-11,71
1741509970.940481,-4,4,-51
1741509970.986481,-21,-57,-111
1741509971.032481,-51,22,-151
1741509971.078481,3,0,-153
1741509971.123481,46,-9,16
1741509971.1694808,-55,-21,-153
1741509971.2154808,-23,-16,-165
1741509971.2604809,-70,1,-145
1741509971.306481,-31,-62,-89
1741509971.352481,13,31,-187
1741509971.398481,3,-40,-167
1741509971.443481,-2,-10,-88
1741509971.489481,22,-49,-39
1741509971.535481,-19,-25,-147
1741509971.5804808,-32,-46,-49
1741509971.6264808,-40,12,-23
1741509971.6724808,-44,46,-89
1741509971.7184808,31,-45,-35
1741509971.763481,-6,-45,-19
1741509971.809481,-43,-27,-21
1741509971.855481,12,-61,-157
1741509971.900481,6,-77,-1
1741509971.946481,6,-107,3
1741509971.992481,-47,16,-216
1741509972.0374808,-9,-63,-22
1741509972.0834808,56,22,-164
1741509972.1294808,-18,14,0
1741509972.1754808,-32,10,11
1741509972.220481,11,12,-108
1741509972.266481,41,79,-110
1741509972.312481,7,41,-82
1741509972.357481,25,38,-192
1741509972.403481,39,0,-130
1741509972.449481,-52,23,-218
1741509972.495481,-24,-32,-144
1741509972.5404809,-8,25,-70
1741509972.5864809,-2,-38,-86
1741509972.6324809,10,-57,-52
1741509972.677481,-47,52,-106
1741509972.723481,24,-55,-48
1741509972.769481,28,6,-42
1741509972.815481,-42,-6,-98
1741509972.860481,-22,-70,44
1741509972.906481,-12,-46,-172
1741509972.952481,31,1,-130
1741509972.9974809,-50,-52,-88
1741509973.0434809,-31,20,23
1741509973.0894809,-47,-13,-70
1741509973.1354809,46,14,-146
1741509973.180481,22,-47,61
1741509973.226481,-59,-71,-18
1741509973.272481,-17,-9,-148
1741509973.3174808,67,-8,-182
1741509973.3634808,11,15,-140
1741509973.4094808,1,0,-136
1741509973.4554808,-10,-106,17
1741509973.500481,-12,-38,-30
1741509973.546481,-20,-32,63
1741509973.592481,-24,-4,-118
1741509973.637481,115,-94,-136
1741509973.683481,15,-74,-32
1741509973.729481,-19,-55,1
1741509973.7804809,-47,-51,-74
1741509973.8264809,50,18,67
1741509973.8724809,38,-97,-70
1741509973.917481,-34,34,-54
1741509973.963481,-38,71,-32
1741509974.009481,-42,-48,-124
1741509974.055481,0,-24,-62
1741509974.100481,-13,-10,-7
1741509974.146481,-57,29,-35
1741509974.1924808,-70,23,-103
1741509974.2374809,56,21,-183
1741509974.283481,29,-55,-63
1741509974.329481,15,-49,-113
1741509974.375481,63,-7,-3
1741509974.420481,-55,-59,-117
1741509974.466481,-12,-17,-101
1741509974.512481,-109,-41,-105
1741509974.5574808,76,5,-129
1741509974.6034808,-5,-47,-53
1741509974.6494808,20,-51,-93
1741509974.6954808,-5,24,-77
1741509974.740481,2,-20,-11
1741509974.786481,3,-21,-3
1741509974.832481,-26,-9,68
1741509974.877481,-15,40,24
1741509974.923481,32,-37,-33
1741509974.969481,-6,-16,-151
1741509975.015481,-33,-30,-177
1741509975.0604808,14,71,-139
1741509975.1064808,-17,-28,-225
1741509975.1524808,58,-73,-145
1741509975.197481,10,-8,-71
1741509975.243481,56,-34,-25
1741509975.289481,53,17,-70
1741509975.335481,-37,55,2
1741509975.380481,86,-1,-57
1741509975.426481,-45,-1,-98
1741509975.472481,-41,14,-96
1741509975.5174809,30,-2,-24
1741509975.5634809,-69,-28,-48
1741509975.6094809,-15,51,-162
1741509975.6554809,92,19,-98
1741509975.700481,-43,-88,-108
1741509975.746481,14,21,-168
1741509975.792481,54,23,-176
1741509975.837481,3,3,41
1741509975.883481,-135,-57,3
1741509975.929481,-27,16,-110
1741509975.975481,14,18,-190
1741509976.0204809,-23,-5,73
1741509976.0664809,8,-19,-52
1741509976.1124809,-7,36,-126
1741509976.157481,14,46,-14
1741509976.203481,-16,114,-19
1741509976.249481,14,10,-113
1741509976.295481,14,4,-117
1741509976.3404808,-42,-24,-31
1741509976.3864808,-19,-4,-15
1741509976.4324808,-10,83,-91
1741509976.477481,-8,-7,-145
1741509976.523481,-26,-7,-127
1741509976.569481,55,44,-117
1741509976.615481,15,-39,-249
1741509976.660481,40,4,-75
1741509976.706481,35,48,-79
1741509976.752481,-21,-101,-15
1741509976.7974808,-84,56,-1
1741509976.8434808,151,42,-7
1741509976.8894808,-14,68,-85
1741509976.9354808,83,-65,-61
1741509976.980481,-22,-5,-49
1741509977.026481,-88,-19,-141
1741509977.072481,19,60,-183
1741509977.117481,29,-5,-215
1741509977.163481,-16,-24,-43
1741509977.209481,35,-4,-63
1741509977.255481,10,-105,-130
1741509977.3004808,45,55,3
1741509977.3464808,51,63,11
1741509977.3924809,0,-2,-64
1741509977.437481,-6,-40,-70
1741509977.483481,54,16,1
1741509977.529481,-15,-47,-213
1741509977.575481,-9,16,-53
1741509977.620481,-55,8,50
1741509977.666481,12,-19,-143
1741509977.712481,29,15,-137
1741509977.7574809,2,-8,-127
1741509977.8034809,-17,-2,128
1741509977.8494809,54,-4,-169
1741509977.8954809,-29,-50,-43
1741509977.940481,-46,58,-155
1741509977.986481,-68,6,-125
1741509978.032481,24,-48,-91
1741509978.077481,5,-17,-123
1741509978.123481,2,41,-76
1741509978.1694808,-9,-8,-29
1741509978.2154808,46,49,-149
1741509978.2604809,6,-4,-45
1741509978.306481,20,23,-65
1741509978.352481,-25,1,-133
1741509978.397481,-13,-12,6
1741509978.443481,119,-47,-15
1741509978.489481,41,18,-85
1741509978.535481,-40,2,-11
1741509978.5804808,-70,-18,-197
1741509978.6264808,0,-11,-167
1741509978.6724808,49,37,-251
1741509978.717481,6,32,-13
1741509978.763481,82,24,-11
1741509978.809481,-83,-23,-95
1741509978.854481,98,0,-20
1741509978.900481,16,-27,-106
1741509978.946481,8,14,-183
1741509978.992481,84,-65,-31
1741509979.0374808,-5,-29,-101
1741509979.0834808,-7,-15,54
1741509979.1294808,-54,-68,-31
1741509979.174481,5,-6,-135
1741509979.220481,7,13,2
1741509979.266481,35,0,-139
1741509979.312481,-6,-24,-111
1741509979.357481,67,-44,-51
1741509979.403481,41,-24,-79
1741509979.449481,13,15,-83
1741509979.4944808,-18,-2,-43
1741509979.5404809,-93,-17,-175
1741509979.5864809,37,7,-33
1741509979.633481,-91,108,-59
1741509979.6784809,3,-20,-11
1741509979.7244809,74,10,-201
1741509979.7704809,-29,-11,43
1741509979.8164809,-21,0,-80
1741509979.861481,104,-33,-116
1741509979.907481,39,-41,-160
1741509979.953481,-79,29,5
1741509979.998481,-87,25,-38
1741509980.0444808,-21,29,-42
1741509980.0904808,13,-28,-56
1741509980.1364808,39,-4,-37
1741509980.181481,-3,-77,-69
1741509980.227481,9,-32,18
1741509980.273481,3,35,-59
1741509980.318481,33,45,-55
1741509980.364481,-84,17,-27
1741509980.410481,59,-20,-165
1741509980.456481,39,-11,-163
1741509980.5014808,47,23,-189
1741509980.5474808,23,106,-141
1741509980.5934808,38,8,-79
1741509980.638481,-111,-11,-55
1741509980.684481,-18,-46,-29
1741509980.730481,36,-7,-27
1741509980.776481,24,42,-35
1741509980.821481,2,28,-29
1741509980.867481,-66,-66,-12
1741509980.913481,73,1,-101
1741509980.9584808,64,4,-77
1741509981.0044808,10,-33,98
1741509981.0504808,21,-41,-5
1741509981.0964808,-26,-15,-49
1741509981.141481,62,15,-23
1741509981.187481,20,-48,-125
1741509981.233481,22,7,-61
1741509981.278481,80,-5,-197
1741509981.324481,12,-3,-103
1741509981.370481,-39,-13,-159
1741509981.416481,-81,-54,-155
1741509981.4614809,-59,-2,-103
1741509981.5074809,2,-32,-167
1741509981.5534809,-45,91,-91
1741509981.598481,20,-108,-59
1741509981.644481,16,62,70
1741509981.690481,-37,-46,-101
1741509981.736481,-35,-16,-189
1741509981.781481,-1,55,54
1741509981.827481,-29,39,-41
1741509981.873481,6,26,-73
1741509981.9184809,-17,-22,-115
1741509981.9644809,28,47,-89
1741509982.0104809,-14,-44,-195
1741509982.056481,-2,19,-174
1741509982.101481,46,-26,-124
1741509982.147481,32,-20,30
1741509982.193481,-84,-60,16
1741509982.2384808,0,-15,-137
1741509982.2844808,-34,-37,-5
1741509982.3304808,1,1,1
1741509982.3764808,5,18,-62
1741509982.421481,-54,-28,-106
1741509982.467481,-53,57,-6
1741509982.513481,-12,50,9
1741509982.558481,-31,-81,-62
1741509982.604481,-16,-65,-50
1741509982.650481,-36,-85,-132
1741509982.696481,75,-23,-30
1741509982.7414808,-47,10,-114
1741509982.7874808,-33,14,-142
1741509982.8334808,-46,36,-58
1741509982.878481,-34,49,-72
1741509982.924481,-24,-2,-58
1741509982.970481,-28,-40,-4
1741509983.016481,62,79,0
1741509983.061481,64,45,-244
1741509983.107481,-24,30,0
1741509983.153481,-16,36,-114
1741509983.1984808,9,-5,-32
1741509983.2444808,-52,0,-121
1741509983.2904809,-14,13,-109
1741509983.3364809,3,-1,-104
1741509983.381481,-34,-37,-38
1741509983.427481,46,28,-54
1741509983.473481,4,54,-176
1741509983.518481,-13,-11,-20
1741509983.564481,29,-13,7
1741509983.610481,-65,-11,-72
1741509983.656481,50,6,-134
1741509983.7014809,-27,38,-28
1741509983.753481,28,32,-58
1741509983.798481,-41,-43,-148
1741509983.844481,28,-39,-82
1741509983.890481,14,6,-130
1741509983.936481,-19,20,-130
1741509983.9814808,-43,24,-102
1741509984.0274808,-33,0,-44
1741509984.0734808,-87,-23,-234
1741509984.118481,-51,34,15
1741509984.164481,32,18,-18
1741509984.210481,-39,-51,-138
1741509984.256481,-14,-53,-92
1741509984.301481,-2,-19,-16
1741509984.347481,73,-6,39
1741509984.393481,33,-140,-12
1741509984.4384809,-7,54,-78
1741509984.4844809,82,-19,-46
1741509984.5304809,-15,13,-118
1741509984.5764809,40,-1,-92
1741509984.621481,-57,-31,-86
1741509984.667481,-34,-28,-126
1741509984.713481,-50,-62,-218
1741509984.758481,-64,-58,39
1741509984.804481,39,29,-122
1741509984.850481,-94,-18,-70
1741509984.896481,-8,3,-98
1741509984.9414809,7,21,-34
1741509984.9874809,35,31,14
1741509985.033481,9,37,-94
1741509985.078481,65,61,-116
1741509985.124481,-5,-18,-142
1741509985.170481,50,35,-60
1741509985.216481,8,-47,-152
1741509985.2614808,40,-6,-238
1741509985.3074808,30,57,-138
1741509985.3534808,66,3,-71
1741509985.398481,-41,11,-151
1741509985.444481,143,37,-37
1741509985.490481,39,-8,-121
1741509985.535481,-20,31,-77
1741509985.581481,-5,-29,40
1741509985.627481,61,35,-135
1741509985.673481,18,-86,-85
1741509985.7184808,-47,47,-119
1741509985.7644808,3,8,6
1741509985.8104808,-10,56,-59
1741509985.855481,-36,40,-119
1741509985.901481,14,-82,-187
1741509985.947481,10,27,-111
1741509985.993481,-9,-31,16
1741509986.038481,7,-16,-161
1741509986.084481,43,15,-163
1741509986.130481,5,45,8
1741509986.1754808,6,0,-143
1741509986.2214808,-43,31,-85
1741509986.2674809,20,-23,-83
1741509986.3134809,-5,91,16
1741509986.358481,-37,-37,36
1741509986.404481,-1,52,-91
1741509986.450481,20,-25,-7
1741509986.495481,8,20,-105
1741509986.541481,-18,-26,-141
1741509986.587481,65,35,-61
1741509986.633481,21,80,58
1741509986.6784809,2,7,-249
1741509986.7244809,83,22,-65
1741509986.7704809,60,29,-55
1741509986.815481,-23,5,-35
1741509986.861481,10,2,-95
1741509986.907481,124,23,-143
1741509986.953481,14,-18,-65
1741509986.998481,-57,-12,-133
1741509987.0444808,57,24,30
1741509987.0904808,-6,24,-73
1741509987.1354809,-39,-27,-43
1741509987.181481,-11,32,-123
1741509987.227481,-61,-29,-113
1741509987.273481,-79,-35,-39
1741509987.318481,18,36,-83
1741509987.364481,0,50,-155
1741509987.410481,50,-69,-107
1741509987.4554808,20,18,-41
1741509987.5014808,-17,12,-21
1741509987.5474808,42,6,-185
1741509987.5934808,-1,2,-97
1741509987.638481,-5,-58,-13
1741509987.684481,12,53,34
1741509987.730481,24,-9,-79
1741509987.775481,62,72,-135
1741509987.821481,14,-29,-159
1741509987.867481,23,15,56
1741509987.913481,-53,-27,-79
1741509987.9584808,-15,-15,24
1741509988.0044808,-33,-47,-57
1741509988.0504808,-39,22,-53
1741509988.095481,-93,0,-105
1741509988.141481,112,-13,-161
1741509988.187481,-21,8,0
1741509988.233481,86,-59,-49
1741509988.278481,-33,-32,-113
1741509988.324481,104,-25,-109
1741509988.370481,-25,19,26
1741509988.4154809,-39,-79,-79
1741509988.4614809,-51,28,24
1741509988.5074809,59,16,-61
1741509988.5534809,25,66,25
1741509988.598481,-79,-26,-128
1741509988.644481,49,66,-150
1741509988.690481,-28,-4,-72
1741509988.735481,-59,-18,11
1741509988.781481,25,-96,19
1741509988.827481,13,17,-60
1741509988.873481,15,-22,-74
1741509988.9184809,-28,-60,-38
1741509988.9644809,-58,-7,-98
1741509989.0104809,-13,-21,-72
1741509989.055481,8,-1,-80
1741509989.101481,16,-36,-74
1741509989.147481,-19,17,21
1741509989.193481,42,-84,-50
1741509989.2384808,24,21,-142
1741509989.2844808,22,-23,-132
1741509989.3304808,6,2,-60
1741509989.375481,-36,7,-74
1741509989.421481,65,0,-128
1741509989.467481,-23,-3,-160
1741509989.513481,-113,-73,-16
1741509989.558481,96,4,-68
1741509989.604481,-59,-79,-50
1741509989.650481,44,-19,-144
1741509989.6954808,-17,50,-108
1741509989.7414808,-5,2,-68
1741509989.7874808,12,26,-158
1741509989.8334808,20,-52,9
1741509989.878481,60,93,-7
1741509989.924481,-43,5,-75
1741509989.970481,28,-39,-63
1741509990.015481,3,-30,-37
1741509990.061481,-26,21,-167
1741509990.107481,38,-82,-109
1741509990.153481,-31,-16,-39
1741509990.1984808,-49,-54,-155
1741509990.2444808,7,14,-147
1741509990.2904809,-15,-89,-163
1741509990.335481,-29,0,-113
1741509990.381481,29,10,-50
1741509990.427481,100,6,-4
1741509990.473481,6,30,-137
1741509990.518481,34,45,-239
1741509990.564481,-3,-21,-105
1741509990.610481,95,18,-3
1741509990.6554809,-72,56,-133
1741509990.7014809,71,-13,-23
1741509990.7474809,-7,83,-125
1741509990.791481,-88,-25,-27
1741509990.837481,-13,-5,-91
1741509990.883481,57,-15,-18
1741509990.929481,-59,42,-130
1741509990.9744809,74,-25,-228
1741509991.0204809,28,-31,-100
1741509991.0664809,-17,4,-118
1741509991.111481,-61,-22,-60
1741509991.157481,-31,-24,-228
1741509991.203481,38,-1,-102
1741509991.249481,6,10,-74
1741509991.2944808,132,-11,-26
1741509991.3404808,-53,8,-92
1741509991.3864808,-31,14,-124
1741509991.431481,26,-21,-58
1741509991.477481,2,-61,-8
1741509991.523481,-21,28,-100
1741509991.569481,66,-11,-118
1741509991.614481,-37,42,-28
1741509991.660481,22,42,-192
1741509991.706481,-1,-43,-68
1741509991.7514808,69,-17,-126
1741509991.7974808,55,26,-132
1741509991.8434808,-21,36,-36
1741509991.8894808,25,15,-74
1741509991.934481,49,-36,-14
1741509991.980481,53,-2,-154
1741509992.026481,71,11,-80
1741509992.071481,47,13,-48
1741509992.117481,0,-12,-138
1741509992.163481,2,-29,-142
1741509992.209481,56,30,73
1741509992.2544808,-21,6,49
1741509992.3004808,-41,-49,27
1741509992.3464808,50,-33,-68
1741509992.391481,-31,-4,-52
1741509992.437481,-75,33,-102
1741509992.483481,6,-8,5
1741509992.528481,-35,31,-106
1741509992.574481,-10,-72,15
1741509992.620481,-26,-8,-46
1741509992.666481,13,25,11
1741509992.7114809,0,-10,-126
1741509992.7574809,9,27,-128
1741509992.8034809,34,-27,-38
1741509992.848481,8,-65,-66
1741509992.894481,0,26,-54
1741509992.940481,-13,-43,-48
1741509992.986481,16,36,-38
1741509993.031481,-10,44,-46
1741509993.077481,-54,-31,-112
1741509993.123481,15,66,-88
1741509993.1684809,-60,-67,-178
1741509993.2144809,60,32,-138
1741509993.2604809,-13,-7,-96
1741509993.306481,-11,-13,-118
1741509993.351481,-46,-57,0
1741509993.397481,35,8,-146
1741509993.443481,-22,-9,-116
1741509993.4884808,-98,41,-38
1741509993.5344808,-31,41,-72
1741509993.5804808,9,47,-126
1741509993.6264808,-48,-22,-130
1741509993.671481,-63,-4,-50
1741509993.717481,22,82,-32
1741509993.768481,62,25,-86
1741509993.814481,-6,43,-138
1741509993.860481,41,5,-154
1741509993.906481,25,-26,-74
1741509993.9514809,2,0,-24
1741509993.9974809,44,-2,-142
1741509994.0434809,-17,-16,-92
1741509994.0904808,77,69,-48
1741509994.1354809,-50,-80,39
1741509994.181481,20,-29,-140
1741509994.227481,46,-57,-24
1741509994.272481,64,-9,-104
1741509994.318481,12,-55,-178
1741509994.364481,0,-71,-168
1741509994.410481,-9,-21,-156
1741509994.4554808,25,27,-60
1741509994.5014808,39,37,-74
1741509994.5474808,72,-1,-86
1741509994.592481,62,-25,-122
1741509994.638481,28,-27,63
1741509994.684481,-134,-20,-66
1741509994.730481,17,-38,-148
1741509994.775481,54,16,-110
1741509994.821481,-10,-16,-56
1741509994.867481,21,7,-70
1741509994.9124808,4,-27,-234
1741509994.9584808,-14,-36,83
1741509995.0044808,-9,92,-18
1741509995.0504808,53,53,-8
1741509995.095481,24,-129,-102
1741509995.141481,48,-11,-68
1741509995.187481,45,61,-80
1741509995.232481,-66,-54,-100
1741509995.278481,-1,-23,-144
1741509995.324481,-44,-50,-224
1741509995.370481,-28,-6,-84
1741509995.4154809,-57,-55,-108
1741509995.4614809,-14,-19,-60
1741509995.5074809,-28,-77,-130
1741509995.552481,8,51,-78
1741509995.598481,48,-22,-180
1741509995.644481,10,0,-80
1741509995.690481,26,-80,-102
1741509995.735481,70,13,-82
1741509995.781481,66,25,-36
1741509995.827481,61,69,-208
1741509995.8724809,39,-32,5
1741509995.9184809,43,-8,23
1741509995.9644809,73,-38,-79
1741509996.0104809,-2,41,-118
1741509996.055481,-51,16,-110
1741509996.101481,72,28,31
1741509996.147481,20,-69,-64
1741509996.1924808,-37,50,-8
1741509996.2384808,44,4,61
1741509996.2844808,16,20,-116
1741509996.3304808,-19,1,-152
1741509996.375481,14,17,-34
1741509996.421481,-43,-2,-102
1741509996.467481,42,-31,-102
1741509996.512481,-17,6,-48
1741509996.558481,-45,-59,-210
1741509996.604481,46,-7,-192
1741509996.650481,-33,-15,-62
1741509996.6954808,-21,-63,-204
1741509996.7414808,27,-7,-64
1741509996.7874808,-53,-39,17
1741509996.832481,-15,14,-142
1741509996.878481,46,-15,-56
1741509996.924481,56,28,-138
1741509996.970481,7,-21,-16
1741509997.015481,-19,-31,7
1741509997.061481,-31,0,-190
1741509997.107481,-23,22,-92
1741509997.1524808,-73,-67,-142
1741509997.1984808,11,8,37
1741509997.2444808,91,4,-46
1741509997.2904809,-56,44,-224
1741509997.335481,-2,-15,-76
1741509997.381481,25,-33,-106
1741509997.427481,18,-29,9
1741509997.472481,-59,-18,-62
1741509997.518481,-37,1,-84
1741509997.564481,-13,1,-154
1741509997.610481,67,59,-8
1741509997.6554809,-19,-24,-32
1741509997.7014809,3,-8,-150
1741509997.7474809,-24,31,-86
1741509997.792481,0,43,-56
1741509997.838481,13,0,-94
1741509997.884481,-18,26,-184
1741509997.930481,10,-5,-58
1741509997.975481,-71,-9,-70
1741509998.021481,24,30,-158
1741509998.0674808,-34,-58,-26
1741509998.1124809,-2,7,-70
1741509998.158481,-8,-8,-120
1741509998.204481,1,11,-70
1741509998.250481,-46,-28,-52
1741509998.295481,-26,-20,-56
1741509998.341481,-86,-44,-52
1741509998.387481,-21,-33,-58
1741509998.4324808,-51,32,-82
1741509998.4784808,89,-2,-60
1741509998.5244808,-38,-30,-70
1741509998.5704808,-64,-42,-76
1741509998.615481,-7,-29,-42
1741509998.661481,-1,-3,-116
1741509998.707481,-62,-8,-38
1741509998.752481,-54,-8,-34
1741509998.798481,74,6,-36
1741509998.844481,-21,-33,-66
1741509998.890481,54,-47,-158
1741509998.9354808,-27,-77,-12
1741509998.9814808,-54,-98,-108
1741509999.0274808,-23,-15,-254
1741509999.072481,48,-53,-98
1741509999.118481,-33,12,-158
1741509999.164481,-22,14,-26
1741509999.209481,32,-101,-134
1741509999.255481,23,-16,-114
1741509999.301481,-35,18,-30
1741509999.347481,20,60,-50
1741509999.3924809,4,-17,-104
1741509999.4384809,4,56,-106
1741509999.4844809,-45,48,-98
1741509999.529481,-69,-31,67
1741509999.575481,-25,38,-148
1741509999.621481,-62,44,-44
1741509999.667481,40,6,-108
1741509999.712481,2,108,-42
1741509999.758481,-71,30,-56
1741509999.804481,-3,20,-114
1741509999.8494809,147,-52,-38
1741509999.8954809,18,-1,-64
1741509999.9414809,-57,-19,-72
1741509999.9874809,-11,0,-154
1741510000.032481,-27,20,21
1741510000.078481,6,90,-118
1741510000.124481,1,59,-146
1741510000.1694808,-68,-38,-68
1741510000.2154808,68,72,-25
1741510000.2614808,-14,1,14
1741510000.3074808,3,-40,-136
1741510000.352481,20,8,-71
1741510000.398481,1,-2,-39
1741510000.444481,63,-64,-53
1741510000.489481,-46,7,-111
1741510000.535481,-104,-22,6
1741510000.581481,7,-44,-169
1741510000.627481,-15,18,6
1741510000.6724808,34,90,-73
1741510000.7184808,24,-61,36
1741510000.7644808,11,-50,-213
1741510000.809481,67,11,-45
1741510000.855481,-12,-40,22
1741510000.901481,13,-20,-151
1741510000.947481,5,-10,-123
1741510000.992481,42,-15,-113
1741510001.038481,-19,-1,58
1741510001.084481,-45,-25,-145
1741510001.1294808,71,-38,-185
1741510001.1754808,-43,52,-137
1741510001.2214808,-42,-78,-185
1741510001.2674809,3,-52,-135
1741510001.312481,-4,37,-159
1741510001.358481,-15,-91,-69
1741510001.404481,20,-71,-119
1741510001.449481,5,-18,-159
1741510001.495481,-8,-36,-109
1741510001.541481,41,79,-76
1741510001.587481,-78,-46,-126
1741510001.6324809,-4,77,-44
1741510001.6784809,-23,4,-46
1741510001.7244809,-15,-5,7
1741510001.769481,-49,-29,-108
1741510001.815481,6,16,-76
1741510001.861481,-72,-20,-76
1741510001.907481,64,20,-78
1741510001.952481,-42,-4,-56
1741510001.998481,55,-38,-20
1741510002.0444808,19,-92,-70
1741510002.0894809,65,15,-2
1741510002.1354809,35,-16,-186
1741510002.181481,31,31,-32
1741510002.227481,3,-59,-124
1741510002.272481,-35,70,-102
1741510002.318481,-69,36,-73
1741510002.364481,52,-19,-151
1741510002.4094808,26,56,-141
1741510002.4554808,82,38,-61
1741510002.5014808,46,62,-105
1741510002.5474808,-21,52,-143
1741510002.592481,-24,-5,-153
1741510002.638481,-32,-11,-27
1741510002.684481,46,50,-217
1741510002.729481,-43,-25,-247
1741510002.775481,46,-7,-29
1741510002.821481,-38,65,-5
1741510002.867481,61,32,-39
1741510002.9124808,57,18,-117
1741510002.9584808,17,-75,-31
1741510003.0044808,-20,-5,-105
1741510003.049481,-32,-1,-63
1741510003.095481,-36,68,-107
1741510003.141481,-16,-43,-81
1741510003.187481,20,-80,-103
1741510003.232481,44,7,-23
1741510003.278481,-58,7,-143
1741510003.324481,110,9,-59
1741510003.3694808,-39,26,-42
1741510003.4154809,61,20,-127
1741510003.4614809,29,10,-105
1741510003.5074809,-2,-49,22
1741510003.552481,21,16,-143
1741510003.598481,19,-3,-19
1741510003.644481,11,-51,-97
1741510003.689481,-97,22,-187
1741510003.735481,-27,6,-81
1741510003.7874808,50,32,-151
1741510003.832481,-31,32,24
1741510003.878481,-21,-61,-195
1741510003.924481,-11,-37,-89
1741510003.969481,42,-35,-107
1741510004.015481,30,-76,-41
1741510004.061481,34,48,-39
1741510004.107481,-9,-23,-177
1741510004.1524808,8,26,-72
1741510004.1984808,-32,-2,5
1741510004.2444808,10,24,-186
1741510004.289481,-21,-57,-64
1741510004.335481,0,26,-48
1741510004.381481,58,-15,-12
1741510004.427481,0,141,-138
1741510004.472481,-7,-2,-194
1741510004.518481,-7,12,-116
1741510004.564481,10,-41,-154
1741510004.6094809,62,76,-70
1741510004.6554809,52,20,-72
1741510004.7014809,-27,-59,-30
1741510004.7474809,17,-9,-132
1741510004.792481,-20,-25,-104
1741510004.838481,8,40,-120
1741510004.884481,-25,24,-90
1741510004.929481,34,-16,-34
1741510004.975481,-46,-5,-74
1741510005.021481,-26,35,-66
1741510005.0674808,29,47,-234
1741510005.1124809,-62,-60,-80
1741510005.158481,53,-102,-104
1741510005.204481,17,5,-92
1741510005.249481,-8,-8,-102
1741510005.295481,3,-28,-78
1741510005.341481,64,25,-50
1741510005.387481,160,-61,-80
1741510005.4324808,-39,-79,-158
1741510005.4784808,-21,58,-50
1741510005.5244808,40,-20,-72
1741510005.569481,16,-38,-92
1741510005.615481,59,0,-8
1741510005.661481,38,24,-84
1741510005.707481,-43,15,-82
1741510005.7514808,-67,0,-46
1741510005.7974808,34,43,-70
1741510005.8434808,47,4,11
1741510005.888481,60,42,-38
1741510005.934481,-21,88,-172
1741510005.980481,1,-86,-40
1741510006.025481,-12,51,-128
1741510006.071481,-42,27,-172
1741510006.117481,-40,2,-32
1741510006.1624808,25,-63,-44
1741510006.2084808,-138,54,37
1741510006.2544808,83,-25,-36
1741510006.3004808,70,57,-64
1741510006.345481,20,-2,-12
1741510006.391481,20,-70,-93
1741510006.437481,59,-54,-133
1741510006.482481,64,19,40
1741510006.528481,-31,-4,-165
1741510006.574481,-39,-26,-43
1741510006.620481,-27,-86,-117
1741510006.6654809,-27,-38,-245
1741510006.7114809,-61,5,-114
1741510006.7574809,-25,33,-35
1741510006.802481,-5,47,-167
1741510006.848481,15,-17,-33
1741510006.894481,-6,46,-121
1741510006.940481,14,-2,-57
1741510006.985481,-85,-10,-123
1741510007.031481,-49,9,-93
1741510007.077481,42,24,-115
1741510007.1224809,-21,-16,-185
1741510007.1684809,16,19,-28
1741510007.2144809,-19,9,-61
1741510007.2604809,12,-8,-46
1741510007.305481,-25,-102,-114
1741510007.351481,-33,45,-138
1741510007.397481,42,-58,-158
1741510007.4424808,82,28,-18
1741510007.4884808,12,-5,-152
1741510007.5344808,-35,-12,-28
1741510007.5804808,21,-9,-44
1741510007.625481,-48,25,79
1741510007.671481,39,17,25
1741510007.717481,-10,5,-84
1741510007.762481,-65,-2,-22
1741510007.808481,14,-22,-86
1741510007.854481,-49,-16,-140
1741510007.900481,-13,-6,-64
1741510007.9454808,-59,-42,-62
1741510007.9914808,36,23,-136
1741510008.0374808,-20,52,-140
1741510008.082481,1,42,-60
1741510008.128481,-23,-3,-148
1741510008.174481,-9,-83,-136
1741510008.220481,-90,-33,-8
1741510008.265481,-12,12,-150
1741510008.311481,-30,-37,-36
1741510008.357481,-22,-11,-176
1741510008.4024808,-76,42,-156
1741510008.4484808,47,6,-80
1741510008.4944808,-67,-20,-34
1741510008.5404809,26,-66,-74
1741510008.585481,44,-7,-64
1741510008.631481,12,83,-48
1741510008.677481,79,36,-62
1741510008.722481,19,14,19
1741510008.768481,-52,-37,-116
1741510008.814481,6,-20,-94
1741510008.860481,20,21,-46
1741510008.9054809,-10,-55,-78
1741510008.9514809,13,-43,-134
1741510008.9974809,61,-15,-23
1741510009.042481,-32,0,-13
1741510009.088481,6,-57,-187
1741510009.134481,34,-39,-139
1741510009.180481,7,64,-65
1741510009.225481,-14,21,28
1741510009.271481,-9,-55,-91
1741510009.3174808,-24,-6,-5
1741510009.3624809,4,7,-51
1741510009.408481,-80,-1,-37
1741510009.454481,-6,22,-65
1741510009.500481,54,20,-97
1741510009.545481,-15,14,-185
1741510009.591481,30,-61,-49
1741510009.637481,-15,52,-93
1741510009.6824808,-13,-35,-35
1741510009.7284808,-40,12,18
1741510009.7744808,17,18,-23
1741510009.8204808,57,-49,-77
1741510009.865481,34,8,42
1741510009.911481,14,100,-117
1741510009.957481,44,40,-93
1741510010.002481,-69,-49,-13
1741510010.048481,50,34,-33
1741510010.094481,-21,46,-119
1741510010.140481,-5,6,-91
1741510010.1854808,-29,12,-49
1741510010.2314808,14,-43,-15
1741510010.2774808,3,38,-35
1741510010.322481,-22,5,-5
1741510010.368481,27,-20,10
1741510010.414481,35,-38,-139
1741510010.460481,29,98,22
1741510010.505481,-52,-45,-99
1741510010.551481,-14,-81,-57
1741510010.597481,-34,-39,42
1741510010.6424809,-10,48,42
1741510010.6884809,-60,-31,-97
1741510010.7344809,-27,60,-91
1741510010.7804809,53,-17,39
1741510010.825481,-80,22,-69
1741510010.871481,-16,8,-149
1741510010.917481,-46,99,-92
1741510010.962481,43,0,-208
1741510011.008481,-28,-25,-110
1741510011.054481,-34,40,-47
1741510011.100481,-38,-15,-61
1741510011.1454809,-44,85,-179
1741510011.1914809,-14,1,34
1741510011.2374809,-55,21,-68
1741510011.282481,25,-36,101
1741510011.328481,1,48,-72
1741510011.374481,11,7,-70
1741510011.420481,51,54,-28
1741510011.4654808,57,-7,-70
1741510011.5114808,-69,40,-88
1741510011.5574808,15,-31,-44
1741510011.602481,81,4,-94
1741510011.648481,40,-19,-64
1741510011.694481,-11,-53,-74
1741510011.740481,8,-17,-58
1741510011.785481,-13,-49,-136
1741510011.831481,1,101,-100
1741510011.877481,-2,-36,-144
1741510011.9224808,-12,25,-130
1741510011.9684808,3,35,43
1741510012.0144808,19,-60,-64
1741510012.0604808,47,-4,-136
1741510012.105481,-12,-4,-194
1741510012.151481,-7,-17,-34
1741510012.197481,-33,26,-110
1741510012.242481,30,-23,21
1741510012.288481,-44,-6,-106
1741510012.334481,0,21,-216
1741510012.380481,42,-15,-158
1741510012.4254808,-21,-57,-80
1741510012.4714808,-3,-27,45
1741510012.5174809,-25,10,-32
1741510012.562481,15,-14,92
1741510012.608481,9,47,-111
1741510012.654481,-76,-2,-87
1741510012.700481,79,-2,-93
1741510012.745481,-15,-25,-107
1741510012.791481,-97,-51,-161
1741510012.837481,-45,54,-105
1741510012.8824809,2,-17,-95
1741510012.9284809,111,-28,-99
1741510012.9744809,71,-35,-119
1741510013.019481,13,18,6
1741510013.065481,-24,8,-33
1741510013.111481,-13,-49,-129
1741510013.157481,64,0,8
1741510013.202481,-22,-26,-79
1741510013.248481,29,17,-173
1741510013.2944808,23,22,-81
1741510013.3394809,25,58,-35
1741510013.3854809,-28,-43,-143
1741510013.431481,-34,-53,-25
1741510013.477481,73,-59,52
1741510013.522481,9,-21,-87
1741510013.568481,29,20,-88
1741510013.614481,7,-65,-86
1741510013.6594808,-62,2,-209
1741510013.7054808,-52,-37,-67
1741510013.7514808,-30,-30,-71
1741510013.802481,-54,-58,-123
1741510013.848481,0,-28,-25
1741510013.894481,-24,-2,10
1741510013.939481,81,-2,-27
1741510013.985481,21,-3,-65
1741510014.031481,113,-22,-63
1741510014.077481,-18,-61,-227
1741510014.1224809,20,26,-58
1741510014.1684809,-29,34,-127
1741510014.2144809,-67,-45,-137
1741510014.259481,-31,-17,25
1741510014.305481,-21,39,-33
1741510014.351481,62,13,-135
1741510014.397481,135,31,-57
1741510014.4424808,6,-54,-73
1741510014.4884808,-27,-1,-207
1741510014.5344808,-39,-36,-41
1741510014.579481,18,-48,-113
1741510014.625481,-5,-24,-147
1741510014.671481,-7,-24,-105
1741510014.717481,-97,-24,-33
1741510014.762481,-13,0,-39
1741510014.808481,24,24,-163
1741510014.854481,30,44,-143
1741510014.8994808,-49,-7,-145
1741510014.9454808,-40,-10,-204
1741510014.9914808,-24,37,-152
1741510015.0374808,-54,29,-10
1741510015.082481,26,-25,-138
1741510015.128481,12,4,-22
1741510015.174481,-19,32,-44
1741510015.219481,11,-23,-52
1741510015.265481,-21,50,35
1741510015.311481,-25,-21,27
1741510015.357481,-7,-23,-66
1741510015.4024808,-49,-59,-104
1741510015.4484808,74,22,-108
1741510015.4944808,8,-43,-132
1741510015.539481,-14,2,-12
1741510015.585481,-13,59,-94
1741510015.631481,60,-66,-118
1741510015.677481,-51,7,-26
1741510015.722481,-43,-30,-88
1741510015.768481,46,-10,-22
1741510015.814481,-53,9,-42
1741510015.8594809,15,25,-106
1741510015.9054809,4,-22,-14
1741510015.9514809,-53,22,-184
1741510015.9974809,-29,-71,-96
1741510016.042481,-56,19,-130
1741510016.088481,-4,5,-128
1741510016.134481,48,-59,-154
1741510016.179481,44,-11,-108
1741510016.225481,-35,11,-76
1741510016.271481,68,-55,-44
1741510016.3174808,-59,-65,-268
1741510016.3624809,-9,0,-98
1741510016.408481,16,21,-100
1741510016.454481,-41,-10,-24
1741510016.499481,82,-8,-174
1741510016.545481,6,-4,-108
1741510016.591481,62,-13,-196
1741510016.637481,-13,-1,-102
1741510016.6824808,20,-56,-128
1741510016.7284808,-27,-28,-122
1741510016.7744808,-39,79,-74
1741510016.819481,3,-17,-168
1741510016.865481,46,-12,-64
1741510016.911481,16,63,-86
1741510016.957481,-139,-30,-94
1741510017.002481,10,-100,-129
1741510017.048481,-10,86,24
1741510017.094481,87,24,-151
1741510017.1394808,53,46,-31
1741510017.1854808,-1,-95,-149
1741510017.2314808,-49,19,-1
1741510017.2774808,11,44,-179
1741510017.322481,35,108,-60
1741510017.368481,-54,20,-119
1741510017.414481,-36,8,-70
1741510017.459481,-34,-9,-69
1741510017.505481,-50,31,-45
1741510017.551481,7,54,-131
1741510017.597481,85,-78,-103
1741510017.6424809,-52,-38,-127
1741510017.6884809,-35,34,-115
1741510017.7344809,-80,23,-167
1741510017.779481,8,-20,-21
1741510017.825481,-51,-19,-213
1741510017.871481,-89,46,14
1741510017.917481,90,34,-181
1741510017.962481,148,-21,-21
1741510018.008481,0,18,-125
1741510018.054481,-13,-3,4
1741510018.0994809,54,-21,-109
1741510018.1454809,-23,-33,-29
1741510018.1914809,0,2,-79
1741510018.2374809,3,-141,-27
1741510018.282481,0,58,-17
1741510018.328481,-12,-109,-57
1741510018.374481,-42,-7,-151
1741510018.4194808,17,1,-45
1741510018.4654808,-49,2,-115
1741510018.5114808,8,14,-85
1741510018.5574808,-9,-11,-79
1741510018.602481,-77,22,-43
1741510018.648481,44,61,-39
1741510018.694481,-81,-54,-25
1741510018.739481,26,28,-125
1741510018.785481,39,63,-151
1741510018.831481,-52,49,-152
1741510018.877481,-80,9,22
1741510018.9224808,-50,1,-277
1741510018.9684808,127,73,-57
1741510019.0144808,-92,-8,-75
1741510019.059481,21,11,-59
1741510019.105481,67,-10,12
1741510019.151481,41,4,-5
1741510019.197481,-36,28,-55
1741510019.242481,-8,-25,-139
1741510019.288481,5,-36,6
1741510019.334481,-8,24,110
1741510019.3794808,-36,-63,-73
1741510019.4254808,-20,18,-19
1741510019.4714808,-12,30,-107
1741510019.516481,-22,50,-29
1741510019.562481,-18,-30,-147
1741510019.608481,-26,49,-33
1741510019.654481,-23,26,16
1741510019.699481,4,-37,-119
1741510019.745481,10,-69,18
1741510019.791481,-55,-19,-117
1741510019.8364809,71,-32,-85
1741510019.8824809,78,72,-69
1741510019.9284809,-95,16,-196
1741510019.9744809,76,-13,-24
1741510020.019481,24,-7,-70
1741510020.065481,12,-5,57
1741510020.111481,46,76,-6
1741510020.156481,-25,40,-62
1741510020.202481,-10,-43,-36
1741510020.248481,-7,-41,-124
1741510020.2944808,-39,58,-80
1741510020.3394809,-17,30,-166
1741510020.3854809,25,-15,-98
1741510020.431481,14,36,11
1741510020.476481,38,-41,-178
1741510020.522481,-12,5,-146
1741510020.568481,-59,31,-106
1741510020.614481,4,-33,-58
1741510020.6594808,26,38,-6
1741510020.7054808,0,-37,-74
1741510020.7514808,123,28,-82
1741510020.796481,32,10,-103
1741510020.842481,-22,72,-83
1741510020.888481,36,45,-163
1741510020.934481,14,-60,-95
1741510020.979481,-66,-15,-21
1741510021.025481,19,-37,-33
1741510021.071481,41,70,18
1741510021.1164808,-22,78,-173
1741510021.1624808,64,-18,-97
1741510021.209481,15,3,-75
1741510021.255481,59,19,-95
1741510021.3004808,-23,22,-93
1741510021.3464808,-47,9,-21
1741510021.3924809,79,-34,-117
1741510021.4384809,-12,-26,-65
1741510021.483481,1,-16,-117
1741510021.529481,-34,-26,-75
1741510021.575481,43,-116,-13
1741510021.620481,-46,11,-171
1741510021.666481,100,8,-73
1741510021.712481,50,6,-125
1741510021.758481,14,-65,-115
1741510021.8034809,6,-89,-80
1741510021.8494809,-32,-2,-45
1741510021.8954809,-25,-43,-187
1741510021.940481,-84,-2,-239
1741510021.986481,-133,-9,-113
1741510022.032481,-1,10,-85
1741510022.078481,-48,-36,-159
1741510022.123481,32,-29,-117
1741510022.1694808,9,51,-3
1741510022.2154808,-66,27,-121
1741510022.2604809,-5,-3,-69
1741510022.306481,12,48,-88
1741510022.352481,36,44,-40
1741510022.398481,91,-15,-54
1741510022.443481,53,65,-92
1741510022.489481,-26,-5,-100
1741510022.535481,-82,-48,-120
1741510022.5804808,3,15,-123
1741510022.6264808,-46,-4,-59
1741510022.6724808,49,-48,-91
1741510022.7184808,105,5,-137
1741510022.763481,15,-37,8
1741510022.809481,13,73,-107
1741510022.855481,27,-2,6
1741510022.900481,15,-14,-89
1741510022.946481,17,-66,-7
1741510022.992481,-14,-54,-101
1741510023.038481,-28,-64,-97
1741510023.0834808,5,-2,-39
1741510023.1294808,8,4,10
1741510023.1754808,-81,42,-57
1741510023.220481,-58,-18,-65
1741510023.266481,-37,10,34
1741510023.312481,67,-26,-89
1741510023.358481,17,93,-79
1741510023.403481,-66,23,-110
1741510023.449481,-4,33,-78
1741510023.495481,-86,0,-115
1741510023.5404809,18,-91,0
1741510023.5864809,40,-20,-7
1741510023.6324809,17,-67,-113
1741510023.6784809,-16,-40,-71
1741510023.723481,-8,-44,-7
1741510023.769481,25,-38,-123
1741510023.8204808,31,-49,-137
1741510023.8664808,-69,-59,-63
1741510023.9124808,0,-5,-66
1741510023.9584808,6,-65,34
1741510024.003481,5,73,-84
1741510024.049481,-54,0,43
1741510024.095481,-1,20,-122
1741510024.140481,-52,0,-156
1741510024.186481,-57,-67,-63
1741510024.232481,26,-23,-70
1741510024.278481,-19,-89,-34
1741510024.3234808,-29,54,-42
1741510024.3694808,-42,10,25
1741510024.4154809,15,-51,-38
1741510024.460481,-24,8,-64
1741510024.506481,70,48,-177
1741510024.552481,24,72,-57
1741510024.598481,-21,70,1
1741510024.643481,-1,-5,-114
1741510024.689481,20,-11,-3
1741510024.735481,90,-1,-145
1741510024.7804809,34,-5,-89
1741510024.8264809,-63,-69,44
1741510024.8724809,34,-15,-68
1741510024.9184809,88,22,-62
1741510024.963481,9,-71,-34
1741510025.009481,-38,-37,-84
1741510025.055481,-17,-45,-110
1741510025.100481,-39,-19,-144
1741510025.146481,-36,-19,-146
1741510025.1924808,29,-41,2
1741510025.2384808,-71,-57,-46
1741510025.283481,-66,30,-18
1741510025.329481,-74,-45,-114
1741510025.375481,-12,-15,-62
1741510025.420481,-58,34,-86
1741510025.466481,91,18,-38
1741510025.512481,-74,-11,-72
1741510025.558481,-1,-21,-38
1741510025.6034808,65,-59,29
1741510025.6494808,89,23,1
1741510025.6954808,-14,-29,-90
1741510025.740481,-23,-25,45
1741510025.786481,58,-77,-122
1741510025.832481,50,-17,37
1741510025.878481,-5,-21,7
1741510025.923481,77,18,-71
1741510025.969481,22,29,-157
1741510026.015481,-21,-55,-49
1741510026.0604808,-12,-32,-139
1741510026.1064808,-9,61,-61
1741510026.1524808,13,33,-97
1741510026.1984808,-20,-6,-161
1741510026.243481,3,-27,-47
1741510026.289481,49,33,-7
1741510026.335481,9,-8,-51
1741510026.380481,-80,-4,-109
1741510026.426481,17,15,-43
1741510026.472481,29,71,-63
1741510026.518481,-34,25,-31
1741510026.5634809,0,44,-96
1741510026.6094809,35,66,-88
1741510026.6554809,0,39,-71
1741510026.700481,-32,-4,-33
1741510026.746481,-9,-55,-21
1741510026.792481,25,-32,64
1741510026.837481,14,14,24
1741510026.883481,-3,18,-121
1741510026.929481,-16,37,-134
1741510026.975481,5,1,-114
1741510027.0204809,-70,23,-148
1741510027.0664809,39,3,-7
1741510027.1124809,-16,-10,-30
1741510027.157481,-28,-96,-83
1741510027.203481,-3,-43,-201
1741510027.249481,44,-63,-29
1741510027.295481,-18,0,48
1741510027.3404808,40,-37,-111
1741510027.3864808,12,-113,-57
1741510027.4324808,-46,-31,-173
1741510027.477481,-12,-78,-1
1741510027.523481,56,-3,-133
1741510027.569481,42,62,-143
1741510027.615481,5,57,-78
1741510027.660481,-47,6,-119
1741510027.706481,4,-41,-68
1741510027.752481,14,-27,-41
1741510027.7974808,-13,2,-57
1741510027.8434808,-1,100,-93
1741510027.8894808,6,36,-51
1741510027.9354808,84,4,-141
1741510027.980481,-53,86,-83
1741510028.026481,64,30,-63
1741510028.072481,-43,-3,-17
1741510028.117481,24,-41,-83
1741510028.163481,-21,52,-128
1741510028.209481,28,-53,-100
1741510028.255481,82,-43,-58
1741510028.3004808,-21,-19,-73
1741510028.3464808,-8,-48,-24
1741510028.3924809,-16,15,-112
1741510028.437481,55,31,-226
1741510028.483481,2,26,-56
1741510028.529481,34,-49,-6
1741510028.575481,44,-33,-22
1741510028.620481,-19,19,-81
1741510028.666481,-45,-59,-119
1741510028.712481,-9,-81,-3
1741510028.7574809,-3,-53,-129
1741510028.8034809,-11,-101,-105
1741510028.8494809,-48,-32,-93
1741510028.8954809,41,-46,-35
1741510028.940481,-6,-6,-151
1741510028.986481,79,48,-111
1741510029.032481,139,52,-49
1741510029.077481,-52,23,-149
1741510029.123481,-12,11,-13
1741510029.1694808,17,53,66
1741510029.2154808,69,-44,-77
1741510029.2604809,-26,-40,-79
1741510029.306481,-35,24,-39
1741510029.352481,2,34,-75
1741510029.397481,40,-50,-73
1741510029.443481,-29,21,-153
1741510029.489481,-55,-26,-118
1741510029.535481,-47,71,-26
1741510029.5804808,-32,-40,-8
1741510029.6264808,-39,31,-176
1741510029.6724808,-5,33,-4
1741510029.717481,-17,79,-68
1741510029.763481,-13,-69,-118
1741510029.809481,-1,-11,-144
1741510029.855481,-35,18,-172
1741510029.900481,-51,-15,-167
1741510029.946481,17,-10,-57
1741510029.992481,9,16,-121
1741510030.0374808,-52,-21,-62
1741510030.0834808,55,-13,-32
1741510030.1294808,24,4,2
1741510030.1754808,49,-26,-31
1741510030.220481,-1,10,-107
1741510030.266481,-68,100,-109
1741510030.312481,58,15,32
1741510030.357481,-48,-3,-56
1741510030.403481,11,106,-36
1741510030.449481,9,-1,-20
1741510030.495481,-11,-48,-14
1741510030.5404809,62,-20,-48
1741510030.5864809,-91,4,-106
1741510030.6324809,-71,17,-168
1741510030.677481,-21,31,-21
1741510030.723481,-125,-5,-24
1741510030.769481,-26,-15,-122
1741510030.815481,-60,-23,-2
1741510030.860481,3,-33,-76
1741510030.906481,65,-48,-86
1741510030.952481,39,62,35
1741510030.9974809,39,14,-30
1741510031.0434809,19,-33,-22
1741510031.0894809,80,-48,63
1741510031.1354809,-31,-90,-210
1741510031.180481,-61,-2,-28
1741510031.226481,-7,10,11
1741510031.272481,-47,46,-120
1741510031.3174808,-17,-27,5
1741510031.3634808,120,-29,11
1741510031.4094808,-8,21,-13
1741510031.4554808,-9,-13,-38
1741510031.500481,12,14,-108
1741510031.546481,-27,52,-76
1741510031.592481,-6,-56,-102
1741510031.637481,39,53,1
1741510031.683481,3,-14,-78
1741510031.729481,36,20,-180
1741510031.775481,-15,-65,-116
1741510031.8204808,52,-21,-131
1741510031.8664808,70,10,15
1741510031.9124808,1,10,-80
1741510031.957481,21,-13,-40
1741510032.003481,7,-39,-134
1741510032.049481,0,11,-72
1741510032.095481,45,57,-168
1741510032.140481,-58,40,-96
1741510032.186481,-61,19,-42
1741510032.232481,56,-44,-86
1741510032.2774808,-80,-11,-114
1741510032.3234808,52,-25,-56
1741510032.3694808,14,2,-156
1741510032.4154809,48,-59,21
1741510032.460481,33,18,-42
1741510032.506481,4,58,-42
1741510032.552481,24,-45,77
1741510032.597481,0,-127,-62
1741510032.643481,-60,-22,-2
1741510032.689481,-28,19,-126
1741510032.735481,34,62,-116
1741510032.7804809,-21,-11,-24
1741510032.8264809,2,16,-32
1741510032.8724809,-15,-11,-50
1741510032.917481,-65,-59,-46
1741510032.963481,-25,-12,-114
1741510033.009481,-27,12,-52
1741510033.055481,-91,-51,-48
1741510033.100481,-1,-27,-120
1741510033.146481,-11,0,-36
1741510033.1924808,-67,-47,-80
1741510033.2374809,-6,-14,-122
1741510033.283481,-32,58,-132
1741510033.329481,-52,-81,-92
1741510033.374481,-75,-11,-126
1741510033.4194808,-69,2,-34
1741510033.4654808,-13,-23,-74
1741510033.5104809,23,-14,-34
1741510033.556481,15,7,-70
1741510033.602481,92,72,-84
1741510033.648481,-5,-45,-172
1741510033.693481,25,89,-12
1741510033.739481,-21,-27,-65
1741510033.7904809,-19,-19,-149
1741510033.8364809,44,-33,-17
1741510033.8824809,0,-1,-49
1741510033.9284809,-24,-44,-91
1741510033.973481,-13,-51,-11
1741510034.019481,52,-71,-93
1741510034.065481,-7,-19,-33
1741510034.1124809,-97,-17,-1
1741510034.157481,46,-43,-105
1741510034.203481,79,39,-107
1741510034.249481,-35,-41,40
1741510034.2944808,42,18,-119
1741510034.3404808,-29,-61,-124
1741510034.3864808,-19,-73,-65
1741510034.4324808,35,11,-17
1741510034.477481,-4,-97,-73
1741510034.523481,-49,-61,-149
1741510034.569481,36,36,-125
1741510034.614481,-4,-56,-97
1741510034.660481,37,-34,14
1741510034.706481,93,9,-141
1741510034.752481,16,-28,-191
1741510034.7974808,-26,25,-39
1741510034.8434808,76,-26,-55
1741510034.8894808,-13,-32,-103
1741510034.934481,9,-114,-189
1741510034.980481,66,43,-71
1741510035.026481,31,48,-81
1741510035.072481,-12,-25,-71
1741510035.117481,25,-31,-53
1741510035.163481,100,45,-103
1741510035.209481,31,68,-153
1741510035.2544808,7,19,-53
1741510035.3004808,-10,-8,-191
1741510035.3464808,19,5,-91
1741510035.3924809,18,58,-5
1741510035.437481,18,18,-44
1741510035.483481,20,40,-17
1741510035.529481,22,-73,-83
1741510035.574481,73,-54,-91
1741510035.620481,50,60,44
1741510035.666481,41,-82,-99
1741510035.712481,-6,9,-35
1741510035.7574809,13,-38,-129
1741510035.8034809,-42,38,-41
1741510035.8494809,3,-19,-157
1741510035.894481,-28,78,-79
1741510035.940481,29,-41,-31
1741510035.986481,-2,39,-51
1741510036.032481,-52,3,-9
1741510036.077481,0,46,-19
1741510036.123481,50,-37,-111
1741510036.1694808,0,-71,-7
1741510036.2144809,116,-37,-89
1741510036.2604809,-66,3,-171
1741510036.306481,9,11,-69
1741510036.352481,-21,-48,-103
1741510036.397481,42,-72,-23
1741510036.443481,-6,0,-152
1741510036.489481,46,-14,-24
1741510036.5344808,22,-62,-162
1741510036.5804808,-8,51,-198
1741510036.6264808,3,-8,-68
1741510036.6724808,68,-1,-4
1741510036.717481,0,67,27
1741510036.763481,-89,4,-122
1741510036.809481,7,9,20
1741510036.854481,40,-71,-76
1741510036.900481,56,-29,-58
1741510036.946481,33,3,-164
1741510036.992481,-100,17,-108
1741510037.0374808,-45,-54,-132
1741510037.0834808,45,47,-36
1741510037.1294808,-25,-5,-114
1741510037.174481,-14,-24,-76
1741510037.220481,27,-22,75
1741510037.266481,4,6,-64
1741510037.312481,29,-58,-162
1741510037.357481,6,46,-212
1741510037.403481,20,30,-94
1741510037.449481,57,-66,-32
1741510037.4944808,67,-23,-46
1741510037.5404809,0,-33,-146
1741510037.5864809,5,-73,9
1741510037.6324809,-48,-20,-148
1741510037.677481,31,-38,15
1741510037.723481,43,24,-50
1741510037.769481,-26,54,21
1741510037.814481,6,74,-32
1741510037.860481,-72,52,63
1741510037.906481,-36,-21,-88
1741510037.952481,-62,-45,-45
1741510037.9974809,-64,17,-10
1741510038.0434809,-42,-6,-94
1741510038.0894809,-4,-8,-73
1741510038.134481,59,-28,-24
1741510038.180481,-30,-18,39
1741510038.226481,101,0,-72
1741510038.272481,-11,26,-96
1741510038.3174808,-39,48,-158
1741510038.3634808,-55,-13,-50
1741510038.4094808,72,34,-92
1741510038.454481,22,-7,1
1741510038.500481,-68,22,-160
1741510038.546481,-11,52,-72
1741510038.592481,-3,-1,-56
1741510038.637481,12,2,-2
1741510038.683481,42,44,-36
1741510038.729481,53,27,-126
1741510038.7744808,73,-32,23
1741510038.8204808,35,-70,-104
1741510038.8664808,-34,-82,-46
1741510038.9124808,4,-67,-190
1741510038.957481,-76,-86,1
1741510039.003481,44,16,-4
1741510039.049481,70,24,-134
1741510039.094481,76,22,-142
1741510039.140481,-49,70,-63
1741510039.186481,-89,10,46
1741510039.232481,-13,10,-33
1741510039.2774808,-5,-109,-83
1741510039.3234808,-14,14,-79
1741510039.3694808,-118,-19,-42
1741510039.414481,-6,37,-216
1741510039.460481,19,30,-144
1741510039.506481,-12,-66,-176
1741510039.552481,-14,23,-28
1741510039.597481,-12,55,69
1741510039.643481,-47,-39,-36
1741510039.689481,-4,-3,1
1741510039.7344809,9,43,-44
1741510039.7804809,-52,27,-96
1741510039.8264809,-114,6,-98
1741510039.8724809,39,-62,-6
1741510039.917481,-28,-63,-22
1741510039.963481,-22,7,-38
1741510040.009481,25,7,-98
1741510040.054481,15,-39,-78
1741510040.100481,25,0,-146
1741510040.146481,-20,-29,-60
1741510040.1914809,-26,-19,-88
1741510040.2374809,15,-35,-74
1741510040.283481,25,-1,-16
1741510040.329481,19,-47,-82
1741510040.374481,3,-33,-38
1741510040.420481,67,73,-16
1741510040.466481,75,-44,-50
1741510040.5114808,-48,-32,-102
1741510040.5574808,-36,53,-90
1741510040.6034808,71,-14,-52
1741510040.6494808,21,-38,173
1741510040.694481,-50,-10,-60
1741510040.740481,-64,-6,-94
1741510040.786481,98,32,13
1741510040.831481,-82,3,-24
1741510040.877481,-23,-95,-88
1741510040.923481,16,30,73
1741510040.969481,-13,66,11
1741510041.0144808,82,-71,-118
1741510041.0604808,-71,-83,-128
1741510041.1064808,0,-64,-42
1741510041.151481,-22,-72,-26
1741510041.197481,91,23,-168
1741510041.243481,49,25,81
1741510041.289481,-4,-48,53
1741510041.334481,41,-10,-154
1741510041.380481,-24,-90,-8
1741510041.426481,9,-8,-126
1741510041.4714808,-59,-35,-54
1741510041.5174809,42,28,-82
1741510041.5634809,-13,26,-54
1741510041.6094809,46,-59,-36
1741510041.654481,-76,49,-136
1741510041.700481,-103,-4,-132
1741510041.746481,0,-70,-24
1741510041.791481,10,-62,-248
1741510041.837481,25,-43,-14
1741510041.883481,-26,-18,-166
1741510041.929481,9,-18,-60
1741510041.9744809,25,7,-184
1741510042.0204809,-44,-70,-149
1741510042.0664809,13,-14,1
1741510042.111481,57,49,-166
1741510042.157481,15,39,-126
1741510042.203481,8,91,-100
1741510042.249481,-65,0,-64
1741510042.2944808,-58,-22,-182
1741510042.3404808,33,-2,-72
1741510042.3864808,54,12,29
1741510042.431481,36,-13,-57
1741510042.477481,10,-77,-209
1741510042.523481,60,-87,-85
1741510042.569481,23,75,-69
1741510042.614481,-26,-110,-133
1741510042.660481,-86,25,-159
1741510042.706481,109,-2,-133
1741510042.7514808,54,-27,22
1741510042.7974808,-45,-39,38
1741510042.8434808,68,-11,-35
1741510042.8894808,36,-31,-113
1741510042.934481,25,78,34
1741510042.980481,-48,30,-57
1741510043.026481,-18,9,-99
1741510043.071481,11,21,-115
1741510043.117481,-86,-9,-161
1741510043.163481,-40,14,-123
1741510043.209481,-33,-5,-5
1741510043.2544808,15,40,-32
1741510043.3004808,-4,-87,-77
1741510043.3464808,11,-33,-102
1741510043.391481,11,8,-118
1741510043.437481,-98,21,-151
1741510043.483481,-64,-16,-55
1741510043.529481,47,0,-69
1741510043.574481,-38,-32,-163
1741510043.620481,37,-42,-43
1741510043.666481,-10,41,-113
1741510043.7114809,41,-80,-139
1741510043.7574809,41,15,-125
1741510043.809481,59,21,-139
1741510043.854481,-6,17,-107
1741510043.900481,81,-22,2
1741510043.946481,-6,-10,-111
1741510043.9914808,-40,-32,-103
1741510044.0374808,-62,9,7
1741510044.0834808,29,-10,3
1741510044.1294808,61,24,-90
1741510044.174481,60,-13,-108
1741510044.220481,66,-95,-40
1741510044.266481,101,42,13
1741510044.311481,59,-119,-184
1741510044.357481,-26,40,-60
1741510044.403481,59,18,-140
1741510044.449481,57,7,-122
1741510044.4944808,40,4,-30
1741510044.5404809,15,1,-8
1741510044.5864809,39,-8,-142
1741510044.631481,-18,32,-118
1741510044.677481,-6,-3,-114
1741510044.723481,-74,-29,1
1741510044.769481,17,-17,-74
1741510044.814481,-15,38,-136
1741510044.860481,144,38,-52
1741510044.906481,-45,-3,-122
1741510044.9514809,11,22,-142
1741510044.9974809,-32,-23,-78
1741510045.0434809,-34,-43,-140
1741510045.0894809,-60,60,-102
1741510045.134481,21,-29,-94
1741510045.180481,-50,64,-124
1741510045.226481,-64,51,-32
1741510045.271481,-30,-18,-145
1741510045.3174808,-30,-4,-139
1741510045.3634808,15,-58,0
1741510045.4094808,-138,35,-176
1741510045.454481,-56,49,-211
1741510045.500481,37,57,-31
1741510045.546481,-34,-52,-82
1741510045.591481,-22,9,-80
1741510045.637481,95,3,-72
1741510045.683481,-84,-74,15
1741510045.729481,18,6,-66
1741510045.7744808,-45,56,-50
1741510045.8204808,48,-37,-89
1741510045.8664808,-30,-96,-3
1741510045.911481,25,41,-67
1741510045.957481,-12,-16,-33
1741510046.003481,-1,24,-163
1741510046.049481,-21,-91,-61
1741510046.094481,36,66,22
1741510046.140481,-17,-49,-243
1741510046.186481,-109,-11,-157
1741510046.2314808,0,-76,-5
1741510046.2774808,-74,19,-139
1741510046.3234808,12,8,-61
1741510046.3694808,4,53,-37
1741510046.414481,-91,-38,-111
1741510046.460481,-61,-7,-119
1741510046.506481,-49,-59,28
1741510046.551481,102,52,-209
1741510046.597481,-91,-14,-49
1741510046.643481,-19,0,-55
1741510046.689481,4,-23,-69
1741510046.7344809,32,-29,-157
1741510046.7804809,58,56,-129
1741510046.8264809,-19,2,-69
1741510046.871481,-99,-29,-213
1741510046.917481,-25,28,-129
1741510046.963481,37,53,-85
1741510047.009481,82,-101,-177
1741510047.054481,59,-12,-73
1741510047.100481,7,25,-145
1741510047.146481,-26,33,38
1741510047.1914809,-18,-84,-113
1741510047.2374809,79,21,-175
1741510047.283481,15,21,-93
1741510047.327481,-24,0,-169
1741510047.373481,-96,19,-13
1741510047.4194808,24,-57,-73
1741510047.4644809,40,-75,-33
1741510047.5104809,-33,56,18
1741510047.556481,-40,47,-47
1741510047.602481,99,-52,-137
1741510047.647481,15,5,-57
1741510047.693481,-8,43,50
1741510047.739481,-42,-22,-81
1741510047.7844808,-11,-19,-148
1741510047.8304808,-49,2,-114
1741510047.8764808,-91,26,-32
1741510047.9224808,-15,12,-116
1741510047.967481,-7,-7,-98
1741510048.013481,22,11,-106
1741510048.059481,-3,51,-14
1741510048.104481,-18,0,-160
1741510048.150481,-13,-22,57
1741510048.196481,-7,7,-40
1741510048.242481,52,1,-130
1741510048.2874808,-53,67,17
1741510048.3334808,-25,7,-152
1741510048.3794808,50,68,10
1741510048.424481,24,-113,-95
1741510048.470481,-37,8,-91
1741510048.516481,-3,10,-185
1741510048.562481,65,10,-55
1741510048.607481,31,18,-171
1741510048.653481,15,26,-39
1741510048.699481,121,-21,-91
1741510048.7444808,-16,-1,6
1741510048.7904809,-18,-39,-117
1741510048.8364809,63,-35,-125
1741510048.8824809,7,-12,-176
1741510048.927481,-26,16,-87
1741510048.973481,-36,42,-55
1741510049.019481,-32,-39,-219
1741510049.064481,9,-27,-227
1741510049.110481,117,-5,-91
1741510049.156481,28,-7,-107
1741510049.202481,36,-107,-99
1741510049.2474809,70,-41,-67
1741510049.2934809,34,44,-166
1741510049.3394809,26,130,-80
1741510049.384481,-75,52,-134
1741510049.430481,6,-53,-158
1741510049.476481,22,90,-56
1741510049.522481,60,-25,-20
1741510049.5674808,-33,-95,-33
1741510049.6134808,27,-48,-95
1741510049.6594808,17,-42,-163
1741510049.704481,-27,18,-29
1741510049.750481,-2,-68,80
1741510049.796481,-26,73,96
1741510049.842481,63,37,-85
1741510049.887481,117,11,-68
1741510049.933481,-12,5,-64
1741510049.979481,1,55,-77
1741510050.0244808,-8,-36,-115
1741510050.0704808,13,-8,-109
1741510050.1164808,-60,29,-147
1741510050.1624808,19,39,-11
1741510050.207481,33,13,-41
1741510050.253481,27,-56,-45
1741510050.299481,17,-22,-45
1741510050.344481,-28,-54,-63
1741510050.390481,33,-84,-103
1741510050.436481,-6,-8,-141
1741510050.482481,-35,-59,-113
1741510050.5274808,17,15,-118
1741510050.5734808,128,-25,-71
1741510050.6194808,59,19,34
1741510050.664481,59,-62,0
1741510050.710481,30,30,12
1741510050.756481,-57,-31,58
1741510050.802481,36,-9,-34
1741510050.847481,1,39,-93
1741510050.893481,51,81,-66
1741510050.939481,-27,-5,-180
1741510050.9844809,-65,-61,-164
1741510051.0304809,48,-3,26
1741510051.0764809,-49,-3,-11
1741510051.1224809,62,-25,-124
1741510051.167481,-11,-43,-168
1741510051.213481,-5,-7,40
1741510051.259481,30,28,-97
1741510051.304481,-25,-49,-75
1741510051.350481,-29,-7,-153
1741510051.396481,-107,-35,-99
1741510051.4424808,-9,3,-7
1741510051.4874809,18,-26,28
1741510051.533481,52,-8,-139
1741510051.579481,10,-28,-25
1741510051.624481,-1,-34,-163
1741510051.670481,33,-19,-137
1741510051.716481,17,-79,8
1741510051.762481,-15,10,-5
1741510051.8074808,6,-27,-33
1741510051.8534808,-5,45,-51
1741510051.8994808,-98,-26,-9
1741510051.944481,13,36,-97
1741510051.990481,-68,5,-103
1741510052.036481,64,-23,-115
1741510052.082481,-55,-33,-55
1741510052.127481,-3,-37,-71
1741510052.173481,20,53,-23
1741510052.219481,42,5,-27
1741510052.2644808,14,-66,-113
1741510052.3104808,18,35,-57
1741510052.3564808,-61,5,-21
1741510052.4024808,-2,-5,-99
1741510052.447481,77,2,-19
1741510052.493481,63,-27,-191
1741510052.539481,55,32,-151
1741510052.584481,5,34,-83
1741510052.630481,51,14,-163
1741510052.676481,17,-5,-130
1741510052.722481,-7,39,-101
1741510052.7674809,20,-30,18
1741510052.8134809,60,19,62
1741510052.8594809,8,61,-109
1741510052.904481,86,-10,-21
1741510052.950481,-12,101,62
1741510052.996481,20,-2,-37
1741510053.042481,50,26,-25
1741510053.087481,84,-21,-59
1741510053.133481,-4,21,-183
1741510053.179481,72,15,-59
1741510053.2244809,79,-30,116
1741510053.2704809,-18,-25,-81
1741510053.3164809,-6,-43,-107
1741510053.3624809,-2,12,-39
1741510053.407481,23,-3,-139
1741510053.453481,-41,14,-201
1741510053.499481,-17,-17,12
1741510053.5444808,-22,-105,-181
1741510053.5904808,-68,84,-169
1741510053.6364808,-22,-28,-145
1741510053.681481,3,63,-45
1741510053.727481,-54,-66,-103
1741510053.773481,-3,-36,-27
1741510053.824481,-28,-58,-13
1741510053.870481,-57,-8,-53
1741510053.916481,17,-3,-55
1741510053.9614809,30,61,-17
1741510054.0074809,1,26,-63
1741510054.0534809,23,56,-14
1741510054.0994809,73,-33,-101
1741510054.144481,24,24,-136
1741510054.190481,88,-21,-44
1741510054.236481,2,-1,22
1741510054.281481,-53,-51,-27
1741510054.327481,38,-41,-121
1741510054.373481,32,72,-83
1741510054.4194808,-2,-18,-177
1741510054.4644809,-11,33,-167
1741510054.5104809,34,55,-221
1741510054.556481,-12,-35,-53
1741510054.601481,7,-21,-82
1741510054.647481,1,-1,-220
1741510054.693481,19,44,-134
1741510054.739481,-46,26,9
1741510054.7844808,13,-28,-73
1741510054.8304808,-64,-26,-149
1741510054.8764808,-10,-74,3
1741510054.921481,32,-69,-34
1741510054.967481,-35,22,1
1741510055.013481,-23,22,-96
1741510055.059481,46,44,44
1741510055.104481,26,14,14
1741510055.150481,-84,5,-113
1741510055.196481,9,-2,-107
1741510055.2414808,23,-9,-13
1741510055.2874808,-31,34,24
1741510055.3334808,34,28,122
1741510055.3794808,-29,22,-91
1741510055.424481,-11,66,-139
1741510055.470481,75,-54,-151
1741510055.516481,-20,-2,-129
1741510055.561481,-54,-16,-1
1741510055.607481,43,35,-188
1741510055.653481,-26,-28,-19
1741510055.699481,-16,-76,5
1741510055.7444808,-16,15,-192
1741510055.7904809,15,-32,-170
1741510055.8364809,58,-61,-142
1741510055.881481,1,23,-62
1741510055.927481,-2,9,-92
1741510055.973481,32,-73,-50
1741510056.019481,-28,-12,-12
1741510056.064481,28,-23,-44
1741510056.110481,-3,18,-36
1741510056.156481,44,-25,-95
1741510056.2014809,26,-43,100
1741510056.2474809,-16,-28,-147
1741510056.2934809,-19,-54,-27
1741510056.3394809,-30,31,-109
1741510056.384481,0,-26,-59
1741510056.430481,45,0,-59
1741510056.476481,-34,10,74
1741510056.521481,-68,-43,-113
1741510056.5674808,-18,-39,-94
1741510056.6134808,17,-5,-173
1741510056.6594808,-60,78,-129
1741510056.704481,81,4,-183
1741510056.750481,-2,-37,-107
1741510056.796481,1,-93,-93
1741510056.841481,-22,38,-57
1741510056.887481,-29,1,6
1741510056.933481,-8,52,14
1741510056.979481,-50,-11,-171
1741510057.0244808,-26,28,14
1741510057.0704808,-20,-47,-129
1741510057.1164808,-18,-25,-33
1741510057.161481,-56,59,-213
1741510057.207481,7,-82,-29
1741510057.253481,-50,9,-129
1741510057.299481,37,27,-83
1741510057.344481,85,-2,-39
1741510057.390481,11,-40,66
1741510057.436481,9,-20,-77
1741510057.4814808,-50,-26,-55
1741510057.5274808,7,-62,-171
1741510057.5734808,-7,17,-131
1741510057.6194808,18,-30,-25
1741510057.664481,82,-64,-162
1741510057.710481,28,-1,-4
1741510057.756481,-26,-15,-78
1741510057.801481,-29,36,-72
1741510057.847481,-33,-65,-60
1741510057.893481,5,33,23
1741510057.939481,-12,3,0
1741510057.9844809,-16,-30,-158
1741510058.0304809,2,66,11
1741510058.0764809,48,-73,-17
1741510058.121481,14,34,-107
1741510058.167481,11,-37,-95
1741510058.213481,51,7,12
1741510058.259481,16,-39,-116
1741510058.304481,48,-35,-32
1741510058.350481,56,26,-58
1741510058.396481,6,-55,-26
1741510058.4414809,50,42,-98
1741510058.4874809,-70,39,-168
1741510058.533481,70,18,7
1741510058.579481,-41,56,-71
1741510058.624481,38,28,32
1741510058.670481,-36,-8,-133
1741510058.716481,35,-78,-91
1741510058.7614808,-40,-30,-147
1741510058.8074808,63,-5,-57
1741510058.8534808,-22,4,-79
1741510058.8994808,-12,10,-109
1741510058.944481,20,12,-41
1741510058.990481,-35,48,110
1741510059.036481,96,-59,-113
1741510059.081481,38,48,-115
1741510059.127481,49,10,16
1741510059.173481,8,-101,-9
1741510059.219481,-61,40,-247
1741510059.2644808,16,0,-24
1741510059.3104808,-42,29,-91
1741510059.3564808,-40,19,-149
1741510059.401481,35,-4,-117
1741510059.447481,59,101,-25
1741510059.493481,-64,75,-41
1741510059.539481,-7,-69,-63
1741510059.584481,-5,-81,-67
1741510059.630481,-49,36,-107
1741510059.676481,-1,-53,-110
1741510059.7214808,20,-39,8
1741510059.7674809,-90,-66,-40
1741510059.8134809,-49,45,-159
1741510059.8594809,-11,0,-209
1741510059.904481,74,-49,-97
1741510059.950481,-1,6,-163
1741510059.996481,-41,-73,-77
1741510060.041481,-85,-13,-60
1741510060.087481,94,-13,-131
1741510060.133481,-81,25,-131
1741510060.179481,-43,0,-97
1741510060.2244809,20,15,-99
1741510060.2704809,-29,36,-29
1741510060.3164809,-53,-36,-1
1741510060.361481,-49,133,-133
1741510060.407481,0,-115,-37
1741510060.453481,38,10,84
1741510060.499481,-16,16,-27
1741510060.5444808,-102,0,4
1741510060.5904808,51,-49,-35
1741510060.6364808,15,-43,-201
1741510060.681481,-62,-19,-69
1741510060.727481,-26,62,-143
1741510060.773481,7,-15,-107
1741510060.818481,-32,-36,-61
1741510060.864481,-2,9,-107
1741510060.910481,40,-1,-129
1741510060.956481,48,6,-95
1741510061.0014808,34,20,24
1741510061.0474808,-3,9,-23
1741510061.0934808,-37,71,10
1741510061.138481,2,-122,-43
1741510061.184481,3,28,-61
1741510061.230481,-55,44,-130
1741510061.276481,136,-55,-145
1741510061.321481,-17,38,-31
1741510061.367481,-86,-72,-137
1741510061.413481,39,-18,-63
1741510061.4584808,39,-34,-59
1741510061.5044808,81,23,-85
1741510061.5504808,-54,-30,-75
1741510061.5964808,-37,40,-75
1741510061.641481,-15,12,-119
1741510061.687481,-9,-13,-41
1741510061.733481,-83,24,-107
1741510061.778481,-94,-39,-7
1741510061.824481,0,3,-81
1741510061.870481,21,13,-55
1741510061.916481,-6,27,-187
1741510061.9614809,-38,-14,-113
1741510062.0074809,-25,-61,-107
1741510062.0534809,-18,-30,-59
1741510062.098481,3,-44,6
1741510062.144481,-56,-40,-31
1741510062.190481,-10,-9,-35
1741510062.236481,4,-23,-59
1741510062.281481,12,84,-81
1741510062.327481,-10,-29,-49
1741510062.373481,-1,16,-191
1741510062.4184809,-78,22,-95
1741510062.4644809,50,22,-1
1741510062.5104809,-57,14,-45
1741510062.556481,5,-117,-41
1741510062.601481,77,-6,64
1741510062.647481,16,-27,-131
1741510062.693481,-20,40,-120
1741510062.7384808,43,-7,-28
1741510062.7844808,7,-12,-141
1741510062.8304808,-26,-34,-35
1741510062.8764808,15,23,-195
1741510062.921481,38,-59,-53
1741510062.967481,-51,-5,-149
1741510063.013481,30,7,-129
1741510063.058481,28,57,-73
1741510063.104481,22,17,-133
1741510063.150481,-45,-33,-83
1741510063.196481,-11,8,-7
1741510063.2414808,2,8,-105
1741510063.2874808,56,-41,-15
1741510063.3334808,-73,-35,-81
1741510063.378481,-20,-7,-45
1741510063.424481,75,44,-106
1741510063.470481,35,2,-93
1741510063.516481,26,99,-33
1741510063.561481,-10,52,-97
1741510063.607481,-112,-21,-147
1741510063.653481,41,33,-167
1741510063.6984808,-63,-10,-131
1741510063.7444808,-42,53,-129
1741510063.7904809,-32,69,-153
1741510063.841481,-86,-12,-25
1741510063.887481,21,25,10
1741510063.933481,-37,22,-121
1741510063.9784808,-31,48,-115
1741510064.0244808,40,-13,-59
1741510064.0704808,-3,14,-127
1741510064.1164808,-83,-7,-66
1741510064.161481,-55,-8,-95
1741510064.207481,64,69,-100
1741510064.253481,48,1,-41
1741510064.298481,-41,-99,-149
1741510064.344481,-41,-6,-31
1741510064.390481,14,-9,-43
1741510064.436481,-81,-19,-73
1741510064.4814808,-15,1,-81
1741510064.5274808,-1,-58,-3
1741510064.5734808,-41,-13,-195
1741510064.618481,-47,-38,34
1741510064.664481,76,-24,-149
1741510064.710481,4,-24,-41
1741510064.756481,28,41,-139
1741510064.801481,65,-18,-5
1741510064.847481,5,-97,-33
1741510064.893481,43,14,-115
1741510064.9384809,-28,46,-78
1741510064.9844809,-26,-24,-45
1741510065.0304809,-44,-56,2
1741510065.0764809,-4,-11,-43
1741510065.121481,-27,-55,-61
1741510065.167481,-53,-43,-79
1741510065.213481,58,-45,-53
1741510065.258481,7,-49,-177
1741510065.304481,-26,-58,-111
1741510065.350481,74,69,32
1741510065.396481,-6,5,-181
1741510065.4414809,33,-14,-255
1741510065.4874809,57,-2,-167
1741510065.533481,7,-82,-79
1741510065.578481,11,53,-91
1741510065.624481,29,45,-63
1741510065.670481,77,-43,8
1741510065.716481,-22,56,-133
1741510065.7614808,-59,32,-9
1741510065.8074808,37,-2,-93
1741510065.8534808,15,79,-41
1741510065.898481,-19,-61,-17
1741510065.944481,-34,50,-89
1741510065.990481,43,10,-75
1741510066.036481,-52,-53,-191
1741510066.081481,-98,38,92
1741510066.127481,13,21,-47
1741510066.173481,35,-41,-51
1741510066.2184808,59,-33,-31
1741510066.2644808,-54,-81,-101
1741510066.3104808,-41,-17,-37
1741510066.3564808,-8,30,-61
1741510066.401481,29,16,-115
1741510066.447481,-123,4,-115
1741510066.493481,42,-31,-45
1741510066.538481,-47,-27,-57
1741510066.584481,-67,-17,-61
1741510066.630481,-23,-3,-145
1741510066.676481,46,-9,-83
1741510066.7214808,-25,30,-121
1741510066.7674809,24,-1,-189
1741510066.8134809,-61,-11,-15
1741510066.858481,26,56,-61
1741510066.904481,96,40,-95
1741510066.950481,-44,-54,-75
1741510066.996481,-20,14,-31
1741510067.041481,39,-29,-143
1741510067.087481,23,-101,27
1741510067.133481,23,23,-44
1741510067.1784809,-9,-113,-124
1741510067.2244809,-38,-26,-56
1741510067.2704809,-19,110,-78
1741510067.3164809,-1,26,65
1741510067.361481,-3,-45,-53
1741510067.407481,-117,-61,-161
1741510067.453481,32,26,-58
1741510067.498481,58,10,-88
1741510067.5444808,36,32,-152
1741510067.5904808,12,-25,-130
1741510067.6354809,-9,-43,-96
1741510067.681481,-55,-9,-198
1741510067.727481,8,60,92
1741510067.773481,50,54,-165
1741510067.818481,60,50,-31
1741510067.864481,-21,40,-55
1741510067.910481,-20,45,-23
1741510067.9554808,-56,-3,-149
1741510068.0014808,-76,10,10
1741510068.0474808,49,43,-219
1741510068.0934808,-48,8,53
1741510068.138481,43,42,-70
1741510068.184481,8,25,-136
1741510068.230481,8,65,69
1741510068.275481,-41,5,-26
1741510068.321481,-99,30,-36
1741510068.367481,40,-13,-100
1741510068.413481,-19,-51,-76
1741510068.4584808,42,2,-138
1741510068.5044808,26,56,-32
1741510068.5504808,-97,-83,-66
1741510068.595481,-89,7,-90
1741510068.641481,6,54,-4
1741510068.687481,62,44,-78
1741510068.733481,-21,66,17
1741510068.778481,-14,-52,-54
1741510068.824481,-54,-10,-178
1741510068.870481,7,55,11
1741510068.9154809,-37,14,-192
1741510068.9614809,29,37,-6
1741510069.0074809,6,50,-166
1741510069.0534809,13,51,-68
1741510069.098481,-14,-88,-24
1741510069.144481,18,44,-112
1741510069.190481,-45,28,-24
1741510069.235481,35,-38,-165
1741510069.281481,-3,62,13
1741510069.327481,-2,13,-80
1741510069.373481,0,95,37
1741510069.4184809,-23,8,-74
1741510069.4644809,-35,28,-102
1741510069.5104809,20,-17,-106
1741510069.555481,87,-27,-144
1741510069.601481,19,-51,-10
1741510069.647481,-43,20,-126
1741510069.693481,-9,30,-46
1741510069.7384808,-43,28,-112
1741510069.7844808,56,-29,-46
1741510069.8304808,-10,23,-76
1741510069.875481,61,51,-44
1741510069.921481,-20,25,-112
1741510069.967481,-32,-86,-122
1741510070.013481,15,-28,-122
1741510070.058481,41,12,-142
1741510070.104481,69,-54,-48
1741510070.150481,75,64,-82
1741510070.1954808,-52,-17,-102
1741510070.2414808,9,61,-80
1741510070.2874808,-54,-78,-86
1741510070.3334808,-47,18,21
1741510070.378481,36,-45,-46
1741510070.424481,33,-4,7
1741510070.470481,63,-6,-90
1741510070.515481,-31,8,-122
1741510070.561481,-65,8,-26
1741510070.607481,46,-3,-234
1741510070.653481,44,-39,-150
1741510070.6984808,103,-64,-60
1741510070.7444808,-14,-12,-88
1741510070.7904809,21,-24,-70
1741510070.835481,34,-39,33
1741510070.881481,50,-33,-16
1741510070.927481,-73,110,-100
1741510070.973481,60,12,-28
1741510071.018481,-118,24,-110
1741510071.064481,-85,20,-96
1741510071.110481,-13,-15,-80
1741510071.1554809,49,21,-156
1741510071.2014809,60,16,89
1741510071.2474809,-67,-23,-104
1741510071.2934809,1,-57,-50
1741510071.338481,-20,-60,-182
1741510071.384481,6,-9,63
1741510071.430481,24,-73,5
1741510071.475481,-37,70,-42
1741510071.521481,4,28,-33
1741510071.5674808,-31,-55,-103
1741510071.6134808,30,-45,-33
1741510071.658481,44,-61,-210
1741510071.704481,18,18,-19
1741510071.750481,-72,-85,-105
1741510071.795481,-41,11,-35
1741510071.841481,4,-74,-77
1741510071.887481,-19,-8,-42
1741510071.933481,-25,61,30
1741510071.9784808,70,65,-83
1741510072.0244808,28,-44,80
1741510072.0704808,64,-34,-123
1741510072.115481,-7,19,-107
1741510072.161481,61,-100,-29
1741510072.207481,65,37,-23
1741510072.253481,-2,4,-163
1741510072.298481,19,45,-123
1741510072.344481,6,4,-89
1741510072.390481,1,-2,-23
1741510072.4354808,-22,0,23
1741510072.4814808,59,17,-92
1741510072.5274808,-46,-1,-42
1741510072.5734808,-39,24,-184
1741510072.618481,-30,-15,-14
1741510072.664481,35,-14,-72
1741510072.710481,1,0,-46
1741510072.755481,-14,21,-112
1741510072.801481,-13,84,-30
1741510072.847481,64,0,-69
1741510072.893481,22,-19,10
1741510072.9384809,-55,96,-55
1741510072.9844809,-114,-4,-93
1741510073.0304809,-38,-6,-125
1741510073.075481,9,-41,-55
1741510073.121481,115,37,-143
1741510073.167481,-6,-2,-45
1741510073.213481,-41,-41,-63
1741510073.258481,-37,14,-31
1741510073.304481,-37,-15,-145
1741510073.350481,115,-2,-141
1741510073.3954809,12,-17,-58
1741510073.4414809,60,50,-59
1741510073.4874809,56,40,-3
1741510073.533481,7,-60,-133
1741510073.578481,12,-37,-221
1741510073.624481,27,39,-89
1741510073.670481,75,64,-103
1741510073.7154808,-36,69,-1
1741510073.7614808,-14,-74,-137
1741510073.8074808,51,-18,-169
1741510073.858481,-32,26,-91
1741510073.904481,-16,-15,54
1741510073.950481,34,-32,-91
1741510073.995481,11,58,18
1741510074.041481,-2,-5,-51
1741510074.087481,79,-75,-209
1741510074.133481,-74,52,-138
1741510074.1784809,-8,-9,-96
1741510074.2244809,-66,-3,-124
1741510074.2704809,0,-9,-84
1741510074.315481,35,-11,15
1741510074.361481,-24,37,-154
1741510074.407481,-192,0,8
1741510074.452481,25,29,-66
1741510074.498481,-12,27,-45
1741510074.5444808,41,-10,-99
1741510074.5904808,11,59,-155
1741510074.6354809,-44,19,0
1741510074.681481,-9,78,-53
1741510074.727481,-18,-12,-131
1741510074.772481,-64,49,-143
1741510074.818481,-3,-41,-269
1741510074.864481,14,-5,-19
1741510074.910481,-82,-14,-55
1741510074.9554808,18,-5,-49
1741510075.0014808,-19,58,-133
1741510075.0474808,-14,-26,-73
1741510075.092481,23,-16,2
1741510075.138481,-35,60,34
1741510075.184481,-5,20,-23
1741510075.230481,-11,-19,-145
1741510075.275481,59,-14,136
1741510075.321481,-51,-67,-49
1741510075.367481,-22,-44,-145
1741510075.4124808,67,-66,-65
1741510075.4584808,63,53,-185
1741510075.5044808,-63,-29,-11
1741510075.5504808,45,33,-103
1741510075.595481,5,-36,0
1741510075.641481,89,-83,-141
1741510075.687481,-26,-107,-61
1741510075.732481,-22,70,-73
1741510075.778481,-59,-58,-109
1741510075.824481,56,57,-201
1741510075.870481,-3,47,-107
1741510075.9154809,-16,-19,-81
1741510075.9614809,-14,-47,-77
1741510076.0074809,22,0,-23
1741510076.052481,-73,-20,-168
1741510076.098481,-27,-7,-108
1741510076.144481,70,60,-72
1741510076.190481,80,-1,-28
1741510076.235481,-21,-13,-37
1741510076.281481,-46,-43,-51
1741510076.327481,29,7,-143
1741510076.3724809,-15,21,-133
1741510076.4184809,59,-16,-71
1741510076.4644809,1,-26,-59
1741510076.5104809,-50,-83,-101
1741510076.555481,23,-14,-37
1741510076.601481,33,55,-115
1741510076.647481,27,-36,-59
1741510076.6924808,-4,17,-19
1741510076.7384808,31,-66,-49
1741510076.7844808,31,-6,-15
1741510076.8304808,29,15,-175
1741510076.875481,23,-24,54
1741510076.921481,93,-44,-39
1741510076.967481,-21,28,-143
1741510077.012481,50,10,-93
1741510077.058481,-26,-28,-171
1741510077.104481,-21,-49,-87
1741510077.150481,89,35,-125
1741510077.1954808,-30,1,-79
1741510077.2414808,3,15,-77
1741510077.2874808,-9,23,-63
1741510077.332481,3,-6,-35
1741510077.378481,101,17,-95
1741510077.424481,-44,-2,-79
1741510077.470481,-22,13,-155
1741510077.515481,51,51,-79
1741510077.561481,-5,39,-57
1741510077.607481,13,-86,82
1741510077.6524808,-31,11,-129
1741510077.6984808,44,-102,-73
1741510077.745481,-106,-84,-109
1741510077.791481,-51,-16,-63
1741510077.8364809,56,7,-33
1741510077.8824809,129,-72,-111
1741510077.9284809,50,18,-45
1741510077.9744809,-93,16,-24
1741510078.019481,99,-33,-44
1741510078.065481,-25,-11,-90
1741510078.111481,-53,22,-139
1741510078.156481,-14,0,-118
1741510078.202481,-8,26,-87
1741510078.248481,48,58,-48
1741510078.2944808,30,26,-35
1741510078.3394809,-26,-16,-32
1741510078.3854809,1,39,-62
1741510078.431481,-53,48,35
1741510078.476481,64,-21,15
1741510078.522481,4,-65,-86
1741510078.568481,-70,-35,-108
1741510078.614481,-75,3,-148
1741510078.6594808,12,3,-179
1741510078.7054808,35,-86,-74
1741510078.7514808,39,26,-153
1741510078.796481,12,-37,-74
1741510078.842481,12,30,-97
1741510078.888481,82,100,-105
1741510078.934481,-31,10,-91
1741510078.979481,-14,-28,-75
1741510079.025481,15,75,-194
1741510079.071481,43,25,-220
1741510079.1164808,75,67,-110
1741510079.1624808,45,1,-140
1741510079.2084808,-40,-6,-80
1741510079.2544808,-58,-34,-122
1741510079.299481,-38,-48,-104
1741510079.345481,5,-79,15
1741510079.391481,-62,58,-90
1741510079.436481,8,-97,-66
1741510079.482481,64,80,29
1741510079.528481,30,30,-14
1741510079.574481,-6,-16,95
1741510079.6194808,53,-96,-100
1741510079.6654809,19,13,-52
1741510079.7114809,50,46,-134
1741510079.756481,10,44,-164
1741510079.802481,6,66,-160
1741510079.848481,-1,-17,-132
1741510079.894481,-26,-9,-164
1741510079.939481,-10,36,-60
1741510079.985481,19,-55,-116
1741510080.031481,27,-1,-168
1741510080.0764809,109,-5,-8
1741510080.1224809,-36,-55,-104
1741510080.1684809,-30,88,81
1741510080.2144809,-70,47,23
1741510080.259481,3,5,-104
1741510080.305481,-10,19,-84
1741510080.351481,25,-6,-17
1741510080.396481,48,-24,-95
1741510080.4424808,79,33,-139
1741510080.4884808,51,-66,42
1741510080.5344808,-34,39,38
1741510080.579481,19,-17,-137
1741510080.625481,23,42,-85
1741510080.671481,50,36,-97
1741510080.716481,-24,-6,-47
1741510080.762481,55,1,-132
1741510080.808481,126,4,-141
1741510080.854481,13,7,80
1741510080.8994808,16,-3,-143
1741510080.9454808,46,-21,-103
1741510080.9914808,-46,-23,-87
1741510081.036481,-2,29,-57
1741510081.082481,84,2,-73
1741510081.128481,32,32,-45
1741510081.173481,29,-72,-13
1741510081.219481,-40,-16,-173
1741510081.265481,-34,8,6
1741510081.311481,105,11,16
1741510081.3564808,51,-11,-39
1741510081.4024808,-20,30,-56
1741510081.4484808,-17,-35,-77
1741510081.493481,-67,-113,-183
1741510081.539481,-41,28,-101
1741510081.585481,111,-20,-5
1741510081.631481,-1,0,-52
1741510081.676481,3,35,-68
1741510081.722481,23,-5,-12
1741510081.768481,44,-47,-14
1741510081.8134809,-41,-67,-114
1741510081.8594809,-76,-2,-2
1741510081.9054809,-27,41,-102
1741510081.9514809,-5,-44,-105
1741510081.996481,-59,-63,-65
1741510082.042481,40,1,-67
1741510082.088481,68,-22,-121
1741510082.133481,20,-18,-49
1741510082.179481,14,-94,-9
1741510082.225481,36,14,-105
1741510082.271481,14,11,-89
1741510082.3164809,-7,12,-64
1741510082.3624809,-17,-21,-105
1741510082.408481,16,-1,-65
1741510082.453481,4,54,-93
1741510082.499481,62,24,-12
1741510082.545481,2,12,-48
1741510082.591481,-19,79,-44
1741510082.6364808,-35,49,-63
1741510082.6824808,48,53,12
1741510082.7284808,-9,66,-45
1741510082.773481,-3,-53,-149
1741510082.819481,33,9,72
1741510082.865481,33,19,-133
1741510082.911481,53,29,-87
1741510082.956481,37,6,-69
1741510083.002481,111,-84,-59
1741510083.048481,123,39,-61
1741510083.0934808,6,-40,-89
1741510083.1394808,-29,-38,-157
1741510083.1854808,-17,-82,-3
1741510083.2314808,52,-16,18
1741510083.276481,-7,-50,-75
1741510083.322481,36,-26,-139
1741510083.368481,22,1,-185
1741510083.413481,6,65,-64
1741510083.459481,18,14,-156
1741510083.505481,-23,56,-117
1741510083.551481,-32,-71,-137
1741510083.5964808,12,-65,-71
1741510083.6424809,72,-19,4
1741510083.6884809,60,-1,-107
1741510083.733481,15,-21,-125
1741510083.779481,36,16,-139
1741510083.831481,55,40,-93
1741510083.8764808,-25,30,-67
1741510083.9224808,5,-39,-47
1741510083.9684808,40,20,-75
1741510084.013481,-21,36,-71
1741510084.059481,80,-35,-37
1741510084.105481,-6,23,-25
1741510084.151481,3,35,-151
1741510084.196481,15,-12,74
1741510084.242481,5,-36,-86
1741510084.288481,41,15,-28
1741510084.3334808,-44,5,-54
1741510084.3794808,-34,41,-95
1741510084.4254808,13,65,-124
1741510084.4714808,4,3,-56
1741510084.516481,28,-26,-74
1741510084.562481,3,9,-72
1741510084.608481,-14,-18,-46
1741510084.653481,39,21,-140
1741510084.699481,-36,57,-124
1741510084.745481,-9,-27,-138
1741510084.791481,46,-65,-182
1741510084.8364809,16,28,-68
1741510084.8824809,40,4,-52
1741510084.9284809,10,-33,-46
1741510084.973481,-56,-40,-78
1741510085.019481,-39,-65,-46
1741510085.065481,23,-38,-22
1741510085.111481,3,-62,-134
1741510085.156481,-54,-50,-121
1741510085.202481,-105,43,-85
1741510085.248481,0,-18,-35
1741510085.2934809,4,-30,-61
1741510085.3394809,-52,83,48
1741510085.3854809,-40,-50,-169
1741510085.431481,-1,24,-45
1741510085.476481,-7,8,-229
1741510085.522481,38,-35,-139
1741510085.568481,-26,-6,-151
1741510085.6134808,-36,-16,-121
1741510085.6594808,-66,1,-165
1741510085.7054808,-38,27,-9
1741510085.7514808,25,-100,-105
1741510085.796481,49,57,-93
1741510085.842481,-20,-4,-95
1741510085.888481,76,20,-7
1741510085.933481,34,14,-141
1741510085.979481,-25,-7,-109
1741510086.025481,3,-18,-125
1741510086.071481,-26,-66,-183
1741510086.1164808,-19,-22,-27
1741510086.1624808,38,-2,14
1741510086.2084808,22,59,-183
1741510086.253481,-8,29,-25
1741510086.299481,-5,6,-117
1741510086.345481,-47,0,-71
1741510086.391481,-53,6,-101
1741510086.436481,24,14,-119
1741510086.482481,58,62,-63
1741510086.528481,-36,-2,-109
1741510086.5734808,-136,-4,-59
1741510086.6194808,-52,-9,-23
1741510086.6654809,0,-39,-7
1741510086.7114809,92,12,-25
1741510086.756481,33,-41,-79
1741510086.802481,5,6,30
1741510086.848481,33,21,-65
1741510086.893481,-54,13,-127
1741510086.939481,24,47,-89
1741510086.985481,-8,-58,-111
1741510087.031481,-28,-34,-79
1741510087.0764809,45,17,-135
1741510087.1224809,30,-18,-161
1741510087.1684809,5,-30,-13
1741510087.213481,11,69,-37
1741510087.259481,-26,9,-75
1741510087.305481,27,55,-83
1741510087.351481,3,39,-13
1741510087.396481,16,23,-103
1741510087.4424808,-45,1,-63
1741510087.4884808,12,-1,-103
1741510087.533481,-23,-40,-55
1741510087.579481,2,-9,-97
1741510087.625481,74,49,-85
1741510087.670481,-64,66,-209
1741510087.716481,-1,13,-89
1741510087.762481,66,-40,-27
1741510087.808481,82,-30,-227
1741510087.8534808,-79,-2,6
1741510087.8994808,0,-56,-151
1741510087.9454808,26,-12,-37
1741510087.9914808,-11,13,-142
1741510088.036481,33,-19,-95
1741510088.082481,23,-9,12
1741510088.128481,-14,62,-36
1741510088.173481,7,-15,-143
1741510088.219481,-12,42,-95
1741510088.265481,5,17,-63
1741510088.3104808,4,-4,-167
1741510088.3564808,-19,11,-15
1741510088.4024808,46,0,-33
1741510088.4484808,12,-44,-41
1741510088.493481,36,49,0
1741510088.539481,94,6,-131
1741510088.585481,10,-10,-47
1741510088.630481,40,17,-93
1741510088.676481,20,-8,-67
1741510088.722481,-29,-42,-146
1741510088.768481,90,51,-56
1741510088.8134809,0,141,-68
1741510088.8594809,50,47,-12
1741510088.904481,-27,-35,46
1741510088.949481,-5,-4,-17
1741510088.995481,32,-57,-129
1741510089.041481,-56,2,-121
1741510089.0864809,51,12,-193
1741510089.1324809,-15,-6,-97
1741510089.1784809,0,-14,-45
1741510089.2244809,-18,-27,8
1741510089.269481,-6,-21,-59
1741510089.315481,95,46,-121
1741510089.361481,25,-77,38
1741510089.406481,-23,0,-87
1741510089.452481,22,-7,-37
1741510089.498481,10,18,-7
1741510089.5444808,-40,-9,-57
1741510089.5894809,-20,-95,-199
1741510089.6354809,-30,-29,-101
1741510089.681481,9,14,-5
1741510089.726481,-10,-51,5
1741510089.772481,63,12,-167
1741510089.818481,3,34,-110
1741510089.864481,23,2,-92
1741510089.9094808,3,29,-52
1741510089.9554808,15,-24,-152
1741510090.0014808,-54,-23,-26
1741510090.046481,33,-1,-146
1741510090.092481,-2,7,-98
1741510090.138481,-118,-22,51
1741510090.184481,63,24,-186
1741510090.229481,77,24,47
1741510090.275481,1,52,-148
1741510090.321481,-51,41,-94
1741510090.3664808,-91,-49,-86
1741510090.4124808,84,36,-12
1741510090.4584808,-1,-73,-82
1741510090.5044808,11,62,-184
1741510090.549481,-28,-7,-38
1741510090.595481,-34,5,103
1741510090.641481,-42,26,-154
1741510090.686481,57,32,-116
1741510090.732481,55,66,-84
1741510090.778481,-8,50,-68
1741510090.824481,-28,64,-78
1741510090.8694808,-78,-29,-26
1741510090.9154809,6,19,-188
1741510090.9614809,-18,-32,-106
1741510091.006481,-6,45,-160
1741510091.052481,19,-34,-122
1741510091.098481,28,-9,-160
1741510091.144481,13,-22,-16
1741510091.189481,65,-6,-108
1741510091.235481,-40,77,-126
1741510091.281481,13,23,-62
1741510091.3264809,-14,27,13
1741510091.3724809,45,-88,-58
1741510091.4184809,71,-24,-142
1741510091.4644809,-42,-20,-40
1741510091.509481,23,-60,-24
1741510091.555481,11,53,-70
1741510091.601481,20,-54,-52
1741510091.646481,-65,-9,-31
1741510091.6924808,-11,-12,-151
1741510091.7384808,-95,-12,-103
1741510091.7844808,-19,-80,-81
1741510091.829481,-31,-12,-121
1741510091.875481,41,27,-61
1741510091.921481,-5,-19,-99
1741510091.966481,-85,-17,-103
1741510092.012481,27,25,-123
1741510092.058481,-47,68,-145
1741510092.104481,33,-2,-1
1741510092.1494808,-8,27,-1
1741510092.1954808,24,30,-79
1741510092.2414808,-5,16,-247
1741510092.286481,-19,-1,-43
1741510092.332481,23,-34,-43
1741510092.378481,54,-4,-73
1741510092.424481,18,-28,-105
1741510092.469481,-23,-20,-215
1741510092.515481,-45,-26,-19
1741510092.561481,66,-38,18
1741510092.6064808,18,26,-107
1741510092.6524808,28,7,-101
1741510092.6984808,20,-20,-45
1741510092.7444808,28,-2,-131
1741510092.789481,16,-58,-139
1741510092.835481,-3,-4,-123
1741510092.881481,-71,21,-17
1741510092.926481,80,89,-117
1741510092.972481,4,37,-5
1741510093.018481,-19,57,-69
1741510093.064481,-9,-6,-101
1741510093.1094809,63,4,-7
1741510093.1554809,-52,-33,-85
1741510093.2014809,12,-38,-31
1741510093.246481,-25,5,-99
1741510093.292481,56,29,-38
1741510093.338481,2,41,-142
1741510093.384481,-7,-52,37
1741510093.429481,-21,68,-118
1741510093.475481,32,4,-36
1741510093.521481,74,-31,-36
1741510093.5664809,-41,-52,-160
1741510093.6124809,-46,-77,-62
1741510093.658481,0,-20,-151
1741510093.704481,24,-16,-5
1741510093.749481,-57,-6,-120
1741510093.795481,18,0,-6
1741510093.8464808,-9,113,45
1741510093.8924809,11,-14,-146
1741510093.9384809,21,-14,-75
1741510093.9844809,39,-24,-107
1741510094.029481,40,0,-158
1741510094.075481,-20,19,-7
1741510094.121481,-88,53,-85
1741510094.166481,19,3,-29
1741510094.213481,-9,15,-25
1741510094.259481,-5,-58,-109
1741510094.305481,-35,-52,-67
1741510094.350481,-68,67,-107
1741510094.396481,47,-58,-141
1741510094.4424808,61,17,-73
1741510094.4884808,-31,23,-99
1741510094.533481,-82,-21,-13
1741510094.579481,-78,-31,-33
1741510094.625481,-76,-17,-10
1741510094.670481,-60,-49,-188
1741510094.716481,-33,-13,-133
1741510094.762481,-59,51,-21
1741510094.808481,120,55,-1
1741510094.8534808,29,-98,-125
1741510094.8994808,71,5,54
1741510094.9454808,-68,-16,-159
1741510094.990481,31,-2,-17
1741510095.036481,-14,-28,-82
1741510095.082481,9,-28,-95
1741510095.127481,29,-22,-97
1741510095.173481,-12,-18,-39
1741510095.219481,-3,1,-153
1741510095.265481,16,-36,-75
1741510095.3104808,34,41,-71
1741510095.3564808,24,9,-207
1741510095.4024808,-61,9,-9
1741510095.447481,-62,15,-67
1741510095.493481,-40,-26,14
1741510095.539481,-53,3,-69
1741510095.585481,26,-32,-89
1741510095.630481,-30,-40,66
1741510095.676481,95,-32,-125
1741510095.722481,73,-65,-146
1741510095.7674809,31,-11,-116
1741510095.8134809,0,-13,-44
1741510095.8594809,-10,24,-92
1741510095.9054809,41,-3,-50
1741510095.950481,-66,-14,-76
1741510095.996481,15,-38,11
1741510096.042481,43,11,-4
1741510096.087481,31,-96,-48
1741510096.133481,14,15,-92
1741510096.179481,1,-44,-78
1741510096.225481,5,-6,67
1741510096.2704809,62,-13,-60
1741510096.3164809,-94,9,-70
1741510096.3624809,-66,47,13
1741510096.407481,-84,-32,-20
1741510096.453481,-22,31,-86
1741510096.499481,51,67,-6
1741510096.545481,61,23,-66
1741510096.5904808,-34,-6,-78
1741510096.6364808,27,1,-64
1741510096.6824808,1,-14,-20
1741510096.727481,-20,1,-46
1741510096.773481,21,-106,5
1741510096.819481,-38,-31,-74
1741510096.865481,7,-3,-122
1741510096.910481,34,-11,-94
1741510096.956481,18,-17,-50
1741510097.002481,38,32,-24
1741510097.0474808,26,-33,-140
1741510097.0934808,-25,18,-70
1741510097.1394808,-23,-15,29
1741510097.1854808,-7,-35,15
1741510097.230481,-60,23,-56
1741510097.276481,9,-64,-82
1741510097.322481,-50,7,-222
1741510097.367481,33,43,13
1741510097.413481,35,4,-116
1741510097.459481,53,-14,29
1741510097.505481,-96,38,9
1741510097.5504808,19,-25,-44
1741510097.5964808,-10,-62,-206
1741510097.6424809,51,-54,-120
1741510097.687481,49,-50,17
1741510097.733481,22,-18,-36
1741510097.779481,12,19,-28
1741510097.825481,52,-12,-134
1741510097.870481,-69,-54,-126
1741510097.916481,12,-72,-180
1741510097.962481,32,-62,85
1741510098.0074809,49,75,-198
1741510098.0534809,-11,84,41
1741510098.0994809,-30,-39,-92
1741510098.1454809,36,-21,-8
1741510098.190481,-14,30,-74
1741510098.236481,-10,24,-136
1741510098.282481,-71,30,-150
1741510098.327481,42,27,-68
1741510098.373481,12,20,-8
1741510098.4194808,-17,3,-74
1741510098.4654808,22,-25,-66
1741510098.5104809,-11,-47,-100
1741510098.556481,45,42,-26
1741510098.602481,51,52,-182
1741510098.647481,21,43,-112
1741510098.693481,-12,-62,-122
1741510098.739481,-12,-10,67
1741510098.785481,-20,48,-4
1741510098.8304808,29,-122,-204
1741510098.8764808,66,-11,-46
1741510098.9224808,-15,104,-134
1741510098.967481,25,-3,-114
1741510099.013481,3,10,-56
1741510099.059481,35,-31,-65
1741510099.105481,-65,-13,-123
1741510099.150481,15,38,-75
1741510099.196481,-47,-59,50
1741510099.242481,30,4,-193
1741510099.2874808,11,-66,-29
1741510099.3334808,45,13,-85
1741510099.3794808,-8,-4,-126
1741510099.4254808,27,-32,-48
1741510099.470481,-4,-50,-142
1741510099.516481,-28,-2,-127
1741510099.562481,1,13,37
1741510099.607481,-15,-101,-51
1741510099.653481,-75,-11,21
1741510099.699481,-43,8,-59
1741510099.745481,-35,2,-177
1741510099.7904809,-106,23,-69
1741510099.8364809,-43,16,-169
1741510099.8824809,-35,-63,-87
1741510099.927481,-55,-37,-70
1741510099.973481,-14,23,-187
1741510100.019481,39,-3,-91
1741510100.065481,-16,26,14
1741510100.110481,-24,-1,-55
1741510100.156481,-30,2,-137
1741510100.202481,117,-17,6
1741510100.2474809,-90,-63,-11
1741510100.2934809,9,-8,32
1741510100.3394809,61,-48,-67
1741510100.3854809,25,-12,33
1741510100.430481,55,0,-61
1741510100.476481,-27,28,-103
1741510100.522481,0,13,-77
1741510100.5674808,-78,-56,-12
1741510100.6134808,16,48,-8
1741510100.6594808,64,66,-121
1741510100.7054808,1,14,-61
1741510100.750481,0,-31,-132
1741510100.796481,37,-9,-178
1741510100.842481,-44,-7,-141
1741510100.887481,91,-50,-126
1741510100.933481,-2,-62,-108
1741510100.979481,-8,23,45
1741510101.0244808,17,17,-147
1741510101.0704808,69,-42,-129
1741510101.1164808,55,-60,-107
1741510101.1624808,-74,23,-41
1741510101.207481,-12,29,11
1741510101.253481,10,53,-11
1741510101.299481,18,-49,59
1741510101.345481,2,-73,-37
1741510101.390481,59,-64,-128
1741510101.436481,-22,-40,-17
1741510101.482481,-29,44,-152
1741510101.5274808,46,10,-55
1741510101.5734808,-21,-41,-37
1741510101.6194808,12,12,-189
1741510101.6654809,5,17,64
1741510101.710481,21,5,-89
1741510101.756481,-6,-46,-139
1741510101.802481,57,37,-65
1741510101.847481,39,43,-141
1741510101.893481,-22,57,0
1741510101.939481,-42,-12,-161
1741510101.9844809,19,18,-165
1741510102.0304809,21,-21,-91
1741510102.0764809,45,-6,-109
1741510102.1224809,-11,20,-211
1741510102.167481,31,58,-89
1741510102.213481,79,4,-111
1741510102.259481,29,-15,-173
1741510102.304481,-6,-3,-75
1741510102.350481,25,6,-99
1741510102.396481,-74,-91,-111
1741510102.4424808,-42,43,-93
1741510102.4874809,45,11,-137
1741510102.533481,-42,-30,38
1741510102.579481,-42,-18,-161
1741510102.624481,17,37,-39
1741510102.670481,1,34,-105
1741510102.716481,-13,-76,-133
1741510102.762481,-56,-26,-13
1741510102.8074808,-68,-36,-49
1741510102.8534808,-28,-24,-63
1741510102.8994808,-52,23,-89
1741510102.944481,31,-34,-69
1741510102.990481,50,-9,-39
1741510103.036481,-81,-29,-40
1741510103.082481,11,0,-40
1741510103.127481,5,-40,-108
1741510103.173481,-46,-18,-80
1741510103.219481,73,-31,-40
1741510103.2644808,-2,-3,-22
1741510103.3104808,5,-7,-66
1741510103.3564808,14,17,-178
1741510103.4024808,20,-60,-134
1741510103.447481,-4,-21,103
1741510103.493481,17,-10,-46
1741510103.539481,37,41,-26
1741510103.584481,29,-76,-116
1741510103.630481,-6,-58,-102
1741510103.676481,23,-64,-142
1741510103.722481,-64,5,-116
1741510103.7674809,14,-30,-68
1741510103.8134809,-13,-48,-54
1741510103.864481,-15,-6,-64
1741510103.910481,36,29,-52
1741510103.956481,-21,-74,-40
1741510104.002481,-43,13,-248
1741510104.0474808,-13,13,-176
1741510104.0934808,-96,59,-66
1741510104.1394808,9,2,-48
1741510104.184481,-65,48,-230
1741510104.230481,12,32,0
1741510104.276481,15,-53,-114
1741510104.322481,49,0,-30
1741510104.3664808,-20,42,-52
1741510104.4124808,-40,20,-124
1741510104.4584808,51,-19,-75
1741510104.503481,41,86,-47
1741510104.549481,-36,-56,-93
1741510104.595481,15,31,-11
1741510104.640481,-52,11,-71
1741510104.686481,-46,-10,22
1741510104.732481,9,-10,-171
1741510104.778481,-22,-58,-93
1741510104.8234808,83,33,-103
1741510104.8694808,-16,-6,-23
1741510104.9154809,-18,41,-151
1741510104.960481,87,-14,-99
1741510105.006481,-106,53,12
1741510105.052481,31,15,-71
1741510105.098481,-7,49,-143
1741510105.143481,6,-22,-83
1741510105.189481,53,1,-151
1741510105.235481,-64,46,-108
1741510105.2804809,-8,34,-32
1741510105.3264809,-12,12,-106
1741510105.3724809,-47,-86,0
1741510105.4184809,16,133,-139
1741510105.463481,-11,-62,-40
1741510105.509481,20,-46,-152
1741510105.555481,10,9,-138
1741510105.600481,-43,-4,-92
1741510105.646481,-15,9,-20
1741510105.6924808,22,-28,-140
1741510105.7384808,2,19,-8
1741510105.783481,-25,-8,-2
1741510105.829481,68,-22,-8
1741510105.875481,-35,15,12
1741510105.920481,-41,35,-94
1741510105.966481,-14,59,-257
1741510106.012481,17,31,4
1741510106.058481,41,48,-75
1741510106.1034808,-74,-34,-83
1741510106.1494808,-3,64,-95
1741510106.1954808,12,46,-9
1741510106.240481,0,-33,-67
1741510106.286481,-7,20,-29
1741510106.332481,14,32,-99
1741510106.378481,-29,30,-59
1741510106.423481,30,8,-135
1741510106.469481,-1,-81,-81
1741510106.515481,-21,8,-27
1741510106.5604808,-31,24,12
1741510106.6064808,-103,48,-71
1741510106.6524808,-25,55,-93
1741510106.6984808,-58,-46,-19
1741510106.743481,31,-38,34
1741510106.789481,4,-24,-15
1741510106.835481,31,35,-143
1741510106.880481,36,31,-69
1741510106.926481,6,18,-93
1741510106.972481,0,50,6
1741510107.018481,8,62,-117
1741510107.0634809,-41,42,-179
1741510107.1094809,77,-43,-73
1741510107.1554809,23,12,-51
1741510107.200481,65,-94,-51
1741510107.246481,-20,19,-55
1741510107.292481,-32,-40,-57
1741510107.338481,28,12,-171
1741510107.383481,6,38,-69
1741510107.429481,-87,30,-75
1741510107.475481,-7,1,-27
1741510107.5204809,-13,-4,-61
1741510107.5664809,-25,-33,52
1741510107.6124809,25,23,44
1741510107.658481,91,-22,-97
1741510107.703481,-31,-71,-89
1741510107.749481,29,5,-87
1741510107.795481,-39,64,-97
1741510107.8404808,38,48,96
1741510107.8864808,26,6,-63
1741510107.9324808,-7,-114,-105
1741510107.9784808,60,7,-57
1741510108.023481,-3,33,-77
1741510108.069481,-43,-35,-95
1741510108.115481,16,42,-59
1741510108.160481,-17,-35,-87
1741510108.206481,-19,2,52
1741510108.252481,38,-15,-59
1741510108.298481,-15,-51,-55
1741510108.3434808,-19,11,68
1741510108.3894808,-3,0,-141
1741510108.4354808,27,-82,-245
1741510108.480481,14,-18,-83
1741510108.526481,46,15,-111
1741510108.572481,-39,-34,-167
1741510108.617481,14,-32,-151
1741510108.663481,-6,56,-111
1741510108.709481,17,2,-61
1741510108.755481,-23,-32,-137
1741510108.8004808,-21,47,-20
1741510108.8464808,-27,61,30
1741510108.8924809,-2,-56,14
1741510108.937481,69,-54,-101
1741510108.983481,1,-27,-125
1741510109.029481,115,-19,-153
1741510109.075481,-24,-59,-5
1741510109.120481,-26,13,-67
1741510109.166481,9,-42,-163
1741510109.212481,71,-4,-219
1741510109.2574809,-48,-22,-9
1741510109.3034809,-30,-34,30
1741510109.3494809,-20,8,-65
1741510109.3954809,-34,50,-103
1741510109.440481,23,6,-13
1741510109.486481,-2,3,-135
1741510109.532481,-39,-9,-121
1741510109.577481,58,0,-37
1741510109.623481,-34,-108,-89
1741510109.6694808,58,36,-139
1741510109.7154808,42,42,-61
1741510109.7604809,-10,-48,-119
1741510109.806481,22,-33,-95
1741510109.852481,63,-44,-95
1741510109.897481,-37,30,-7
1741510109.943481,-66,-18,-77
1741510109.989481,24,-58,-147
1741510110.035481,75,-5,-51
1741510110.0804808,-52,51,-77
1741510110.1264808,-76,-104,-81
1741510110.1724808,-16,-58,-45
1741510110.217481,-22,34,58
1741510110.263481,-32,-15,-125
1741510110.309481,15,6,-1
1741510110.355481,49,1,-109
1741510110.400481,24,23,-123
1741510110.446481,72,53,-21
1741510110.492481,-105,-50,-39
1741510110.5374808,50,57,22
1741510110.5834808,14,31,-5
1741510110.6294808,-31,89,-205
1741510110.6754808,42,-46,-177
1741510110.720481,19,37,-117
1741510110.766481,65,-40,-101
1741510110.812481,33,25,-29
1741510110.857481,28,8,-45
1741510110.903481,50,-27,-43
1741510110.949481,4,-21,-85
1741510110.995481,-1,22,-257
1741510111.0404809,50,-29,2
1741510111.0864809,18,44,68
1741510111.1324809,-21,18,-95
1741510111.177481,120,8,-79
1741510111.223481,-72,39,-129
1741510111.269481,4,-35,-141
1741510111.315481,-25,10,-107
1741510111.360481,-116,-16,-9
1741510111.406481,61,1,-75
1741510111.452481,27,5,-65
1741510111.4974809,23,-22,-113
1741510111.5434809,-2,45,-113
1741510111.5894809,16,65,-105
1741510111.6354809,49,43,-173
1741510111.680481,-35,11,-171
1741510111.726481,-64,-40,-239
1741510111.772481,-21,7,-189
1741510111.8174808,0,-56,-105
1741510111.8634808,-11,-56,-123
1741510111.9094808,7,60,-37
1741510111.9554808,49,22,-58
1741510112.000481,98,-38,-108
1741510112.046481,29,-23,-102
1741510112.092481,-16,-27,7
1741510112.137481,-18,-27,-190
1741510112.183481,-18,13,-84
1741510112.229481,23,18,-76
1741510112.275481,-8,-6,-35
1741510112.3204808,3,1,-45
1741510112.3664808,-48,-10,-138
1741510112.4124808,-28,17,-101
1741510112.457481,-64,90,-113
1741510112.503481,-68,24,-121
1741510112.549481,-20,78,-157
1741510112.595481,33,24,-69
1741510112.640481,59,-31,42
1741510112.686481,-38,6,-25
1741510112.732481,-18,-55,10
1741510112.7774808,48,4,-41
1741510112.8234808,-14,-56,-181
1741510112.8694808,77,61,-177
1741510112.9154809,13,21,-113
1741510112.960481,0,-41,-73
1741510113.006481,76,10,-67
1741510113.052481,-32,39,-43
1741510113.097481,-3,0,112
1741510113.143481,86,-31,-31
1741510113.189481,49,-66,-37
1741510113.235481,-11,46,-61
1741510113.2804809,13,-124,0
1741510113.3264809,5,-2,-3
1741510113.3724809,34,-16,4
1741510113.417481,9,72,-117
1741510113.463481,-96,22,-147
1741510113.509481,-37,95,-79
1741510113.555481,-42,-57,-139
1741510113.600481,13,-6,-71
1741510113.646481,-62,19,82
1741510113.6924808,-54,35,-107
1741510113.7374809,25,49,-171
1741510113.783481,35,7,-55
1741510113.829481,-40,-38,-39
1741510113.880481,53,-96,0
1741510113.926481,-46,-10,-131
1741510113.972481,17,15,-31
1741510114.0174809,-67,11,-135
1741510114.0634809,21,-42,-41
1741510114.1094809,-30,-9,-111
1741510114.1554809,92,40,-269
1741510114.200481,29,28,-45
1741510114.246481,-10,-1,-105
1741510114.292481,-34,-23,-83
1741510114.337481,35,-29,-89
1741510114.383481,27,-72,-147
1741510114.429481,49,-69,-133
1741510114.475481,-48,6,-17
1741510114.5204809,-28,-11,-179
1741510114.5664809,60,7,-67
1741510114.6124809,-31,23,-99
1741510114.657481,27,22,-253
1741510114.703481,-46,-12,-115
1741510114.749481,-22,-36,-91
1741510114.795481,-32,-85,-121
1741510114.8404808,39,-72,6
1741510114.8864808,-16,35,-141
1741510114.9324808,5,27,26
1741510114.977481,-98,-49,-31
1741510115.023481,15,19,-85
1741510115.069481,-74,-42,-75
1741510115.115481,33,-52,-91
1741510115.160481,43,34,4
1741510115.206481,-21,20,-103
1741510115.252481,32,-37,-109
1741510115.2974808,-9,9,-193
1741510115.3434808,-51,-16,-31
1741510115.3894808,70,87,-35
1741510115.434481,32,-70,94
1741510115.480481,58,-24,-119
1741510115.526481,27,53,-65
1741510115.572481,24,4,-69
1741510115.617481,-1,-41,-3
1741510115.663481,34,34,-137
1741510115.709481,0,-21,-101
1741510115.7544808,4,56,-111
1741510115.8004808,-13,30,-65
1741510115.8464808,46,15,-103
1741510115.8924809,-103,-3,-41
1741510115.937481,-41,-31,-63
1741510115.983481,-52,17,-109
1741510116.029481,-42,-46,-95
1741510116.074481,-83,-17,-1
1741510116.120481,42,-24,-94
1741510116.166481,36,-43,79
1741510116.212481,58,12,-108
1741510116.2574809,34,-5,-72
1741510116.3034809,10,26,-132
1741510116.3494809,-68,25,-150
1741510116.394481,-62,-44,-34
1741510116.440481,-40,1,-22
1741510116.486481,13,-8,-154
1741510116.532481,1,-10,-98
1741510116.577481,-8,-70,-194
1741510116.623481,39,25,-106
1741510116.6694808,-54,76,-146
1741510116.7144809,5,-25,-152
1741510116.7604809,-38,-37,-110
1741510116.806481,-46,10,-76
1741510116.852481,15,83,-56
1741510116.897481,-30,39,69
1741510116.943481,7,-40,-176
1741510116.989481,-43,-26,-146
1741510117.0344808,16,-68,-12
1741510117.0804808,-22,7,-22
1741510117.1264808,41,13,-164
1741510117.1724808,-50,71,-70
1741510117.217481,93,-90,-54
1741510117.263481,-24,56,-94
1741510117.309481,6,-24,-46
1741510117.354481,-34,-75,-160
1741510117.400481,-35,0,-118
1741510117.446481,48,-12,-63
1741510117.492481,22,-5,-79
1741510117.5374808,42,-7,-129
1741510117.5834808,-23,-19,-58
1741510117.6294808,-3,42,-106
1741510117.674481,-24,78,-91
1741510117.720481,17,22,-73
1741510117.766481,-58,30,-1
1741510117.812481,-16,-26,-9
1741510117.857481,-20,71,-129
1741510117.903481,35,-79,-93
1741510117.949481,-52,-27,-87
1741510117.9944808,59,40,-93
1741510118.0404809,-30,22,-24
1741510118.0864809,-34,-11,-61
1741510118.1324809,33,60,-89
1741510118.177481,-66,-14,-125
1741510118.223481,-36,43,-13
1741510118.269481,55,7,-121
1741510118.314481,51,1,-18
1741510118.360481,23,-4,75
1741510118.406481,91,27,-131
1741510118.452481,27,-28,14
1741510118.4974809,-6,10,-57
1741510118.5434809,8,-29,-91
1741510118.5894809,52,66,-33
1741510118.634481,12,-84,-47
1741510118.680481,67,-32,-67
1741510118.726481,4,-12,-21
1741510118.772481,0,86,-129
1741510118.8174808,48,36,-49
1741510118.8634808,116,40,-65
1741510118.9094808,-11,28,-151
1741510118.954481,-79,-37,-87
1741510119.000481,18,36,-177
1741510119.046481,66,-34,-129
1741510119.092481,-31,-62,-25
1741510119.137481,-27,11,-195
1741510119.183481,39,-32,-89
1741510119.229481,20,-11,-123
1741510119.2744808,66,-61,-83
1741510119.3204808,-51,-9,-83
1741510119.3664808,-16,31,-41
1741510119.4124808,23,-82,-83
1741510119.457481,57,-24,42
1741510119.503481,19,-22,-11
1741510119.549481,-61,57,-4
1741510119.594481,14,3,-54
1741510119.640481,16,-11,-70
1741510119.686481,-33,-11,-170
1741510119.732481,38,-3,-196
1741510119.7774808,-32,39,-61
1741510119.8234808,-27,-37,-165
1741510119.8694808,21,23,-90
1741510119.914481,-73,33,-134
1741510119.960481,-13,49,-11
1741510120.006481,-53,53,28
1741510120.052481,12,-60,-85
1741510120.097481,-27,23,-121
1741510120.143481,40,-64,-54
1741510120.189481,22,81,-82
1741510120.2344809,8,23,-256
1741510120.2804809,42,-45,-103
1741510120.3264809,26,2,-285
1741510120.3724809,-53,105,-81
1741510120.417481,12,0,-109
1741510120.463481,54,-50,-121
1741510120.509481,4,-28,-125
1741510120.554481,-32,15,-73
1741510120.600481,-18,5,-173
1741510120.646481,-72,-22,-113
1741510120.6924808,71,-96,-59
1741510120.7374809,-4,-46,-49
1741510120.783481,-60,35,-29
1741510120.829481,-25,-9,-201
1741510120.874481,0,-17,-83
1741510120.920481,47,-27,-23
1741510120.966481,-68,-58,-129
1741510121.012481,87,-14,-9
1741510121.0574808,47,-18,-41
1741510121.1034808,7,-16,-85
1741510121.1494808,40,-49,-133
1741510121.194481,61,0,2
1741510121.240481,-8,7,-53
1741510121.286481,-76,9,-17
1741510121.332481,48,23,-141
1741510121.377481,52,-15,-105
1741510121.423481,-56,0,-95
1741510121.469481,-19,-35,-159
1741510121.5144808,26,-67,-83
1741510121.5604808,-81,34,-179
1741510121.6064808,80,64,-127
1741510121.6524808,-17,94,-141
1741510121.697481,-13,-3,-123
1741510121.743481,-24,-17,-21
1741510121.789481,21,-25,-97
1741510121.834481,-30,65,-197
1741510121.880481,-68,-91,-67
1741510121.926481,10,44,-23
1741510121.972481,11,-53,-105
1741510122.0174809,78,14,-151
1741510122.0634809,24,-49,-27
1741510122.1094809,-27,34,-123
1741510122.154481,18,-27,-195
1741510122.200481,20,-47,-105
1741510122.246481,15,-9,-27
1741510122.291481,55,-89,-97
1741510122.337481,17,-3,-83
1741510122.383481,28,14,-45
1741510122.429481,40,8,-123
1741510122.4744809,-11,10,-63
1741510122.5204809,-10,11,-51
1741510122.5664809,77,59,-119
1741510122.611481,49,-34,-83
1741510122.657481,-74,-54,-65
1741510122.703481,23,33,-4
1741510122.749481,-66,14,-86
1741510122.7944808,-50,-40,-94
1741510122.8404808,-28,21,-156
1741510122.8864808,-15,7,-214
1741510122.931481,-38,-58,-156
1741510122.977481,-4,103,-112
1741510123.023481,-4,-9,-84
1741510123.069481,39,47,-122
1741510123.114481,66,-9,-144
1741510123.160481,40,-33,-44
1741510123.206481,33,-92,-28
1741510123.2514808,-70,-86,-80
1741510123.2974808,21,-32,-106
1741510123.3434808,39,-22,-52
1741510123.3894808,17,7,39
1741510123.434481,0,37,-98
1741510123.480481,13,7,-34
1741510123.526481,19,-52,11
1741510123.571481,33,-44,-26
1741510123.617481,-6,15,-126
1741510123.663481,-10,1,9
1741510123.709481,22,-64,-50
1741510123.7544808,13,-38,-64
1741510123.8004808,47,-36,-76
1741510123.8464808,-18,36,-32
1741510123.897481,-24,6,-24
1741510123.943481,-32,11,-30
1741510123.989481,-46,55,-26
1741510124.0344808,37,-16,-54
1741510124.0804808,-28,-52,-138
1741510124.1264808,-22,-80,25
1741510124.171481,-30,-62,-136
1741510124.217481,-28,-20,-60
1741510124.263481,41,25,-126
1741510124.309481,25,81,-78
1741510124.354481,-32,-34,11
1741510124.400481,-30,29,-130
1741510124.446481,-82,51,-170
1741510124.4914808,-28,-102,-62
1741510124.5374808,-14,7,-56
1741510124.5834808,-82,55,-60
1741510124.6294808,-28,-62,-50
1741510124.674481,-22,-26,43
1741510124.720481,-18,11,3
1741510124.766481,29,21,-134
1741510124.811481,57,-2,-114
1741510124.857481,0,51,109
1741510124.903481,55,51,-124
1741510124.949481,-20,-4,-18
1741510124.9944808,-76,59,-110
1741510125.0404809,-8,-16,-54
1741510125.0864809,-22,-40,-32
1741510125.131481,68,-71,-84
1741510125.177481,42,-5,-138
1741510125.223481,-62,-46,3
1741510125.269481,39,41,23
1741510125.314481,89,-24,-22
1741510125.360481,31,21,13
1741510125.406481,41,-15,-168
1741510125.4514809,21,-27,-82
1741510125.4974809,-21,-53,-132
1741510125.5434809,-5,-19,-158
1741510125.5894809,-80,-13,-56
1741510125.634481,13,63,-148
1741510125.680481,8,34,-2
1741510125.726481,-1,-25,-68
1741510125.771481,-88,48,-92
1741510125.8174808,-66,1,95
1741510125.8634808,-81,-39,-192
1741510125.9094808,26,-93,-42
1741510125.954481,-51,-11,-60
1741510126.000481,60,-37,-70
1741510126.046481,-48,51,3
1741510126.091481,147,0,-96
1741510126.137481,11,0,-90
1741510126.183481,20,-83,-94
1741510126.229481,-14,25,-74
1741510126.2744808,67,71,5
1741510126.3204808,62,-27,-146
1741510126.3664808,-7,14,-158
1741510126.411481,-7,66,-52
1741510126.457481,-8,-47,-66
1741510126.503481,-49,-1,-110
1741510126.549481,0,49,-54
1741510126.594481,-27,-29,0
1741510126.640481,35,24,-138
1741510126.686481,70,20,-66
1741510126.7314808,-43,40,-36
1741510126.7774808,34,-19,-54
1741510126.8234808,22,-23,-24
1741510126.8694808,-26,-28,-164
1741510126.914481,8,-41,-122
1741510126.960481,93,0,-126
1741510127.006481,-52,21,-110
1741510127.051481,72,50,-100
1741510127.097481,30,34,-8
1741510127.143481,-39,-89,-164
1741510127.189481,-72,-55,-38
1741510127.2344809,-11,-39,-126
1741510127.2804809,-47,-9,75
1741510127.3264809,67,-28,-70
1741510127.371481,-26,-39,-116
1741510127.417481,-68,-15,-8
1741510127.463481,54,-48,-32
1741510127.509481,44,-8,9
1741510127.554481,-71,-4,-244
1741510127.600481,0,37,-90
1741510127.646481,9,11,-36
1741510127.6914809,-28,25,31
1741510127.7374809,47,33,-178
1741510127.783481,-35,-10,-78
1741510127.829481,90,5,-152
1741510127.874481,8,14,-6
1741510127.920481,8,52,-20
1741510127.966481,-71,-61,-160
1741510128.0114808,10,16,-122
1741510128.0574808,38,28,-74
1741510128.1034808,84,24,-36
1741510128.1494808,68,2,-76
1741510128.194481,30,-9,-64
1741510128.240481,-81,0,35
1741510128.286481,-48,-67,-104
1741510128.331481,-21,-39,-66
1741510128.377481,-17,-37,-120
1741510128.423481,0,19,-156
1741510128.469481,-12,-50,-66
1741510128.5144808,3,26,-146
1741510128.5604808,39,31,-18
1741510128.6064808,27,21,-124
1741510128.651481,-26,29,49
1741510128.697481,-17,29,-186
1741510128.743481,22,22,61
1741510128.789481,-57,-33,-106
1741510128.834481,34,-15,-160
1741510128.880481,-3,54,-92
1741510128.926481,-23,-23,-128
1741510128.9714808,-13,-4,-134
1741510129.0174809,70,59,-4
1741510129.0634809,-23,-25,-100
1741510129.108481,22,31,13
1741510129.154481,-71,-34,-172
1741510129.200481,-81,45,-62
1741510129.246481,24,-38,-62
1741510129.291481,66,-4,-69
1741510129.337481,-49,7,-157
1741510129.383481,46,-5,-145
1741510129.4284809,2,-77,-83
1741510129.4744809,-45,-36,-129
1741510129.5204809,14,-28,-137
1741510129.5664809,-54,-58,-87
1741510129.611481,33,23,-97
1741510129.657481,-46,-26,-15
1741510129.703481,49,-16,-161
1741510129.748481,24,5,-49
1741510129.7944808,14,0,-86
1741510129.8404808,-78,-6,-93
1741510129.8864808,-8,-46,-99
1741510129.931481,15,-46,-51
1741510129.977481,-34,21,-51
1741510130.023481,11,-33,-107
1741510130.068481,47,-36,-21
1741510130.114481,-45,-3,-93
1741510130.160481,28,-20,-113
1741510130.206481,-9,17,-133
1741510130.2514808,60,58,8
1741510130.2974808,-42,18,-65
1741510130.3434808,31,6,-23
1741510130.388481,-40,26,-11
1741510130.434481,-42,54,-172
1741510130.480481,-34,-67,-81
1741510130.526481,-6,-57,-167
1741510130.571481,-47,-17,-28
1741510130.617481,-56,36,-124
1741510130.663481,-56,-66,-128
1741510130.7084808,67,-82,5
1741510130.7544808,-26,103,13
1741510130.8004808,3,-14,-172
1741510130.8464808,118,12,1
1741510130.891481,-94,-12,-60
1741510130.937481,-15,-7,-24
1741510130.983481,10,36,37
1741510131.028481,77,42,-56
1741510131.074481,-17,-73,-240
1741510131.120481,97,-2,6
1741510131.166481,19,-4,-181
1741510131.2114809,50,-37,38
1741510131.2574809,41,36,-57
1741510131.3034809,-6,-17,-173
1741510131.348481,43,-41,-73
1741510131.394481,61,4,-195
1741510131.440481,-102,-1,-93
1741510131.486481,-14,-7,-66
1741510131.531481,7,8,-129
1741510131.577481,-1,24,53
1741510131.623481,42,40,-108
1741510131.6684809,22,4,-20
1741510131.7144809,5,-5,-99
1741510131.7604809,-73,-21,-45
1741510131.806481,44,-31,-17
1741510131.851481,-37,-37,-125
1741510131.897481,8,-49,-83
1741510131.943481,13,71,-9
1741510131.9884808,29,41,-85
1741510132.0344808,111,-74,-87
1741510132.0804808,33,15,-65
1741510132.1264808,-15,-11,-61
1741510132.171481,68,50,-71
1741510132.217481,-17,76,-133
1741510132.263481,19,-52,-101
1741510132.308481,2,-25,-67
1741510132.354481,24,-37,-89
1741510132.400481,6,-21,-207
1741510132.446481,55,-29,-177
1741510132.4914808,-34,25,-55
1741510132.5374808,21,-92,-89
1741510132.5834808,-6,24,-43
1741510132.628481,7,-11,-51
1741510132.674481,38,-45,-83
1741510132.720481,-27,-39,-87
1741510132.766481,-12,11,10
1741510132.811481,19,-14,-9
1741510132.857481,65,47,-155
1741510132.903481,11,-48,-61
1741510132.9484808,-91,38,-9
1741510132.9944808,40,-59,-185
1741510133.0404809,-29,18,-25
1741510133.0864809,83,-29,-61
1741510133.131481,-84,41,-59
1741510133.177481,12,-83,-155
1741510133.223481,-14,57,-231
1741510133.268481,0,49,-13
1741510133.314481,24,24,-63
1741510133.360481,-40,69,-69
1741510133.406481,67,7,-79
1741510133.4514809,-1,-15,-51
1741510133.4974809,-13,-69,-34
1741510133.5434809,49,20,25
1741510133.588481,-8,-30,-178
1741510133.634481,21,17,-155
1741510133.680481,-34,-2,0
1741510133.726481,11,-30,-157
1741510133.771481,57,18,-173
1741510133.8174808,5,23,-107
1741510133.868481,15,-34,14
1741510133.914481,19,62,72
1741510133.960481,65,-19,-78
1741510134.006481,67,-105,-30
1741510134.051481,-6,-70,-98
1741510134.097481,7,-22,-34
1741510134.143481,1,15,-170
1741510134.1884809,93,59,-74
1741510134.2344809,95,37,-154
1741510134.2804809,-50,64,-44
1741510134.3264809,-22,-86,-124
1741510134.371481,-49,-3,-26
1741510134.417481,-10,13,-96
1741510134.463481,34,23,-150
1741510134.508481,-5,-22,-6
1741510134.554481,-3,15,5
1741510134.600481,-45,-8,-182
1741510134.646481,92,-37,-30
1741510134.6914809,90,35,-32
1741510134.7374809,-6,32,-122
1741510134.783481,-99,-34,-126
1741510134.828481,-95,-18,-172
1741510134.874481,29,15,57
1741510134.920481,101,-34,-156
1741510134.966481,7,25,-82
1741510135.0114808,-40,9,-56
1741510135.0574808,14,2,0
1741510135.1034808,0,-24,-32
1741510135.148481,51,-8,0
1741510135.194481,27,-9,-79
1741510135.240481,23,14,-1
1741510135.2874808,-29,40,51
1741510135.332481,14,-43,-139
1741510135.378481,-45,-65,-64
1741510135.424481,-14,59,-26
1741510135.470481,112,-15,-42
1741510135.515481,-12,-32,-178
1741510135.561481,108,-65,-108
1741510135.607481,64,34,-132
1741510135.6524808,3,7,-92
1741510135.6984808,-16,1,-142
1741510135.7444808,23,-30,-27
1741510135.789481,-8,47,-156
1741510135.835481,-73,-57,-20
1741510135.881481,-69,6,-76
1741510135.927481,-37,14,-78
1741510135.972481,65,-58,-64
1741510136.018481,-4,77,-143
1741510136.064481,-84,0,-57
1741510136.1094809,101,-14,-119
1741510136.1554809,29,-15,-59
1741510136.2014809,9,40,-211
1741510136.2474809,77,-30,-43
1741510136.292481,-8,-12,-103
1741510136.338481,21,-44,-189
1741510136.384481,-28,12,-189
1741510136.429481,-16,-45,-127
1741510136.475481,-14,2,-135
1741510136.521481,-72,18,34
1741510136.5674808,84,-29,70
1741510136.6124809,-87,12,-61
1741510136.658481,17,144,-153
1741510136.704481,-40,-51,-119
1741510136.749481,8,10,-141
1741510136.795481,57,43,-93
1741510136.841481,0,19,-107
1741510136.887481,29,-24,8
1741510136.9324808,11,-75,-81
1741510136.9784808,-38,-5,-139
1741510137.0244808,-5,38,-153
1741510137.069481,28,56,50
1741510137.115481,59,-46,-39
1741510137.161481,23,11,-159
1741510137.207481,-18,37,-101
1741510137.252481,55,-4,-151
1741510137.298481,-90,-20,-17
1741510137.344481,-31,18,-5
1741510137.3894808,22,-53,-181
1741510137.4354808,29,-38,-65
1741510137.4814808,-40,-4,-159
1741510137.5274808,40,-11,-39
1741510137.572481,119,-24,-247
1741510137.618481,69,27,-131
1741510137.664481,-61,-67,-120
1741510137.709481,26,-9,-184
1741510137.755481,33,-10,-174
1741510137.801481,24,-21,-57
1741510137.847481,24,-43,-115
1741510137.8924809,32,4,-65
1741510137.9384809,-48,-46,-91
1741510137.9844809,3,25,-31
1741510138.029481,87,29,-159
1741510138.075481,-31,-5,-25
1741510138.121481,-17,54,-33
1741510138.167481,-38,25,-57
1741510138.212481,-10,29,72
1741510138.258481,2,-7,-133
1741510138.304481,-85,-27,-155
1741510138.3494809,39,24,42
1741510138.3954809,12,0,-47
1741510138.4414809,-3,-3,-7
1741510138.4874809,29,-36,-87
1741510138.532481,-4,1,-117
1741510138.578481,74,-11,-119
1741510138.624481,8,68,-97
1741510138.6694808,48,52,-123
1741510138.7154808,26,22,-149
1741510138.7614808,24,38,-69
1741510138.8074808,-33,-23,-49
1741510138.852481,44,-21,18
1741510138.898481,-33,18,-161
1741510138.944481,31,-22,-183
1741510138.989481,39,-35,-59
1741510139.035481,50,52,25
1741510139.081481,-81,76,-90
1741510139.127481,62,10,-136
1741510139.1724808,58,-23,-48
1741510139.2184808,-50,-11,-122
1741510139.2644808,-8,-25,-30
1741510139.309481,11,6,-20
1741510139.355481,1,-83,-84
1741510139.401481,-51,6,-14
1741510139.447481,33,12,-34
1741510139.492481,-22,55,-76
1741510139.538481,21,-43,-80
1741510139.584481,87,35,-44
1741510139.6294808,-14,-4,-182
1741510139.6754808,-52,-6,23
1741510139.7214808,-62,-18,73
1741510139.7674809,79,31,-74
1741510139.812481,-58,61,-188
1741510139.858481,37,1,-82
1741510139.904481,-86,-68,-30
1741510139.949481,-4,-28,-148
1741510139.995481,-14,-26,-150
1741510140.041481,41,-26,-90
1741510140.087481,-41,6,-80
1741510140.1324809,-65,70,-106
1741510140.1784809,84,-73,-118
1741510140.2244809,40,24,7
1741510140.269481,-33,-5,-16
1741510140.315481,-60,-58,-78
1741510140.361481,2,32,-106
1741510140.407481,-71,-7,13
1741510140.452481,95,47,-86
1741510140.498481,-43,-21,39
1741510140.5444808,-47,-9,-158
1741510140.5894809,20,-31,-112
1741510140.6354809,86,22,-104
1741510140.681481,-72,-26,-146
1741510140.727481,-42,-36,-44
1741510140.772481,55,-13,-46
1741510140.818481,-10,-9,-210
1741510140.864481,23,-21,-92
1741510140.9094808,67,-17,-124
1741510140.9554808,43,-31,-94
1741510141.0014808,3,-41,-96
1741510141.0474808,-33,-29,-30
1741510141.092481,60,-1,-36
1741510141.138481,65,-45,-94
1741510141.184481,67,-141,-67
1741510141.229481,13,71,-94
1741510141.275481,4,-78,-15
1741510141.321481,98,-20,-129
1741510141.367481,-9,-42,30
1741510141.4124808,64,-54,-123
1741510141.4584808,36,-12,-47
1741510141.5044808,34,-12,-91
1741510141.549481,8,7,-109
1741510141.595481,15,0,-13
1741510141.641481,-22,-48,-57
1741510141.687481,37,-39,-81
1741510141.732481,-66,50,-89
1741510141.778481,-56,-14,-63
1741510141.824481,7,-10,-101
1741510141.8694808,-28,0,-113
1741510141.9154809,7,-17,-73
1741510141.9614809,-96,15,-17
1741510142.0074809,-16,70,-88
1741510142.052481,-32,-34,-99
1741510142.098481,31,-22,-69
1741510142.144481,-42,-20,-27
1741510142.189481,-54,31,-123
1741510142.235481,17,-20,-147
1741510142.281481,-20,-18,-97
1741510142.327481,-78,-46,-131
1741510142.3724809,15,-42,-137
1741510142.4184809,15,19,-39
1741510142.4644809,5,-150,-55
1741510142.509481,7,39,-109
1741510142.555481,-26,7,-142
1741510142.601481,115,-32,-154
1741510142.647481,-14,59,-180
1741510142.6924808,-13,100,-178
1741510142.7384808,-54,65,-140
1741510142.7844808,63,-8,-90
1741510142.829481,-84,20,-12
1741510142.875481,-14,20,-108
1741510142.921481,-6,7,43
1741510142.966481,-25,-13,-154
1741510143.012481,-15,70,-24
1741510143.058481,13,-1,-92
1741510143.104481,9,95,-20
1741510143.1494808,4,-9,-52
1741510143.1954808,-11,16,3
1741510143.2414808,-7,-15,-64
1741510143.286481,-17,-35,-124
1741510143.332481,-21,-65,-148
1741510143.378481,21,-33,-24
1741510143.424481,10,18,-28
1741510143.469481,-38,-29,-89
1741510143.515481,37,26,-82
1741510143.561481,-2,24,-86
1741510143.6064808,-50,2,-50
1741510143.6524808,7,-9,-22
1741510143.6984808,13,-77,-163
1741510143.7444808,2,76,-47
1741510143.789481,-5,46,-99
1741510143.835481,2,14,-69
1741510143.8864808,-3,-3,-72
1741510143.9324808,5,8,-77
1741510143.9784808,-30,34,-42
1741510144.0244808,-39,-21,-128
1741510144.069481,-27,-23,-100
1741510144.115481,-52,-14,-38
1741510144.161481,41,15,-132
1741510144.206481,-28,-6,1
1741510144.252481,25,-66,-74
1741510144.298481,19,37,-36
1741510144.344481,-10,3,-122
1741510144.3894808,-46,7,-206
1741510144.4354808,0,38,-46
1741510144.4814808,107,31,-16
1741510144.526481,19,-8,-30
1741510144.572481,13,65,-47
1741510144.618481,-50,-18,-15
1741510144.664481,-11,-9,-85
1741510144.709481,26,40,-51
1741510144.755481,2,8,-70
1741510144.801481,-108,-82,-96
1741510144.8464808,-54,-12,-94
1741510144.8924809,-64,24,33
1741510144.9384809,-62,-28,-38
1741510144.9844809,9,-28,-74
1741510145.029481,-66,15,-39
1741510145.075481,-24,-41,-143
1741510145.121481,23,-8,36
1741510145.166481,0,7,-205
1741510145.212481,-31,-24,-78
1741510145.258481,-37,35,-51
1741510145.304481,-6,38,-111
1741510145.3494809,0,-16,-25
1741510145.3954809,17,71,-17
1741510145.4414809,55,-30,-93
1741510145.486481,-20,31,-49
1741510145.532481,-9,-31,-25
1741510145.578481,-3,-35,-95
1741510145.624481,-2,-58,-136
1741510145.6694808,-55,-77,-119
1741510145.7154808,32,-113,-104
1741510145.7614808,-119,-43,-64
1741510145.806481,-35,44,-114
1741510145.852481,26,-56,-86
1741510145.898481,-79,-82,-70
1741510145.944481,69,-53,-84
1741510145.989481,24,6,-195
1741510146.035481,-2,-16,-72
1741510146.081481,16,-13,-132
1741510146.1264808,14,-41,-20
1741510146.1724808,-59,40,-164
1741510146.2184808,22,-13,-38
1741510146.2644808,-12,4,-9
1741510146.309481,-6,60,-83
1741510146.355481,54,66,-71
1741510146.401481,-5,-20,-61
1741510146.4454808,-76,-24,-109
1741510146.4914808,31,-40,-65
1741510146.5374808,27,15,-131
1741510146.582481,0,-10,10
1741510146.628481,9,-62,-181
1741510146.674481,-78,-34,-19
1741510146.720481,-44,-4,-121
1741510146.765481,21,-82,-61
1741510146.811481,-94,-30,-50
1741510146.857481,-70,1,-132
1741510146.9024808,48,-38,-81
1741510146.9484808,-31,-14,-89
1741510146.9944808,-13,-24,-65
1741510147.0404809,-15,61,2
1741510147.085481,90,71,-81
1741510147.131481,0,-24,-125
1741510147.177481,59,-34,-163
1741510147.222481,64,-8,-67
1741510147.268481,14,-34,-157
1741510147.314481,-1,-55,-21
1741510147.360481,-3,-33,-51
1741510147.4054809,32,-46,-9
1741510147.4514809,-11,-48,52
1741510147.4974809,0,17,-33
1741510147.542481,8,7,-37
1741510147.588481,36,-20,-108
1741510147.634481,-81,2,8
1741510147.680481,60,26,-123
1741510147.725481,16,-3,-37
1741510147.771481,-21,54,-97
1741510147.8174808,-26,-12,-101
1741510147.8624809,5,-14,16
1741510147.908481,17,-26,28
1741510147.954481,21,25,28
1741510148.000481,27,-14,-65
1741510148.045481,47,3,-174
1741510148.091481,-8,73,-79
1741510148.137481,10,-35,-146
1741510148.1824808,-79,-82,-30
1741510148.2284808,15,30,-16
1741510148.2744808,64,-28,17
1741510148.3204808,11,40,-20
1741510148.365481,71,-40,15
1741510148.411481,34,-5,-2
1741510148.457481,-30,-8,-126
1741510148.502481,79,-38,-40
1741510148.548481,-17,3,-72
1741510148.594481,-40,83,-47
1741510148.640481,-1,26,-85
1741510148.6854808,-61,-25,-107
1741510148.7314808,28,2,-63
1741510148.7774808,-41,-55,-171
1741510148.822481,118,-19,-113
1741510148.868481,7,33,-107
1741510148.914481,-9,-45,-131
1741510148.960481,52,24,-59
1741510149.005481,8,42,21
1741510149.051481,-35,102,-185
1741510149.097481,-20,-61,-61
1741510149.1424809,62,34,-185
1741510149.1884809,27,84,-57
1741510149.2344809,-46,46,-45
1741510149.2804809,49,51,26
1741510149.325481,-6,-40,-52
1741510149.371481,47,53,-86
1741510149.417481,19,0,-94
1741510149.462481,57,-50,28
1741510149.508481,-10,-12,-129
1741510149.554481,-16,-14,-51
1741510149.5994809,-38,45,-91
1741510149.6454809,-4,-5,-99
1741510149.6914809,-106,-16,-15
1741510149.7374809,19,-58,-155
1741510149.782481,0,-6,-7
1741510149.828481,-16,-72,-81
1741510149.874481,-34,7,-73
1741510149.9194808,31,-50,56
1741510149.9654808,21,19,-39
1741510150.0114808,23,-48,-122
1741510150.0574808,-16,25,-242
1741510150.102481,19,27,-134
1741510150.148481,-12,-48,-90
1741510150.194481,21,-46,-70
1741510150.239481,-6,45,-66
1741510150.285481,-34,21,-90
1741510150.331481,110,82,-96
1741510150.377481,40,-51,-90
1741510150.4224808,-3,68,-226
1741510150.4684808,26,-11,-110
1741510150.5144808,0,-37,-172
1741510150.559481,-8,-38,-14
1741510150.605481,13,-22,-66
1741510150.651481,29,-86,-142
1741510150.697481,-46,23,-70
1741510150.742481,-64,37,-34
1741510150.788481,9,19,-66
1741510150.834481,-18,-6,-42
1741510150.8794808,-26,25,-112
1741510150.9254808,15,-3,-34
1741510150.9714808,-10,-18,-113
1741510151.0174809,31,-28,-91
1741510151.062481,5,23,-133
1741510151.108481,32,10,-123
1741510151.154481,44,-33,110
1741510151.199481,17,-2,-81
1741510151.245481,40,-79,-113
1741510151.291481,-32,-26,-83
1741510151.337481,39,-26,-129
1741510151.3824809,-54,-77,-225
1741510151.4284809,71,31,-71
1741510151.4744809,-32,-1,-11
1741510151.519481,1,65,-147
1741510151.565481,-48,-10,-43
1741510151.611481,-36,-26,-167
1741510151.657481,0,-24,-171
1741510151.702481,67,-51,-193
1741510151.748481,15,-54,16
1741510151.7944808,14,-67,-57
1741510151.8394809,69,27,-114
1741510151.8854809,45,62,27
1741510151.931481,100,77,-40
1741510151.977481,46,23,-54
1741510152.022481,-46,-88,-48
1741510152.068481,-44,13,-28
1741510152.114481,-53,-71,-198
1741510152.1594808,43,61,-104
1741510152.2054808,47,25,-42
1741510152.2514808,41,-46,-76
1741510152.2974808,-68,-30,-22
1741510152.342481,27,-34,-28
1741510152.388481,-11,-62,-38
1741510152.434481,67,24,-142
1741510152.479481,30,-24,-26
1741510152.525481,0,-25,-186
1741510152.571481,97,-33,-10
1741510152.617481,5,-5,-38
1741510152.6624808,48,-8,-110
1741510152.7084808,-4,-13,-80
1741510152.7544808,0,-6,-90
1741510152.799481,-15,-47,-78
1741510152.845481,16,30,-18
1741510152.891481,31,4,-68
1741510152.937481,-14,0,-114
1741510152.982481,13,36,-116
1741510153.028481,-6,52,-44
1741510153.074481,23,0,1
1741510153.1194808,7,-37,-84
1741510153.1654809,43,-11,15
1741510153.2114809,-58,46,-2
1741510153.2574809,-62,23,-36
1741510153.302481,6,10,-4
1741510153.348481,-22,-43,-44
1741510153.394481,39,7,-102
1741510153.439481,37,25,-40
1741510153.485481,23,-2,-152
1741510153.531481,23,7,-96
1741510153.577481,-71,-79,-88
1741510153.6224809,-63,-33,-164
1741510153.6684809,40,-16,-76
1741510153.7144809,0,-62,-38
1741510153.759481,52,-70,-86
1741510153.805481,14,60,-88
1741510153.851481,3,-75,-18
1741510153.9024808,-20,-25,-56
1741510153.9484808,29,-126,-98
1741510153.9944808,63,-41,-106
1741510154.039481,-103,54,-124
1741510154.085481,-2,-50,3
1741510154.131481,-62,-8,-42
1741510154.177481,-22,-8,-70
1741510154.222481,-88,7,-126
1741510154.268481,-18,-6,-54
1741510154.314481,0,2,-90
1741510154.3594809,-28,-42,-62
1741510154.4054809,-76,-44,-48
1741510154.4514809,56,-21,-84
1741510154.4974809,34,-86,-188
1741510154.542481,54,61,-164
1741510154.588481,-7,13,-16
1741510154.634481,46,0,-200
1741510154.679481,52,75,-68
1741510154.725481,1,0,-112
1741510154.771481,32,34,7
1741510154.8174808,24,15,-32
1741510154.8624809,-3,-4,-112
1741510154.908481,44,13,-70
1741510154.954481,-5,-38,-136
1741510154.999481,-7,33,-70
1741510155.045481,56,-18,-10
1741510155.091481,6,35,-80
1741510155.137481,20,17,-108
1741510155.1824808,34,-18,1
1741510155.2284808,6,-22,-104
1741510155.2744808,40,-6,-60
1741510155.319481,8,7,-43
1741510155.365481,-118,1,20
1741510155.411481,-86,11,-211
1741510155.457481,58,-12,-119
1741510155.502481,67,-11,-27
1741510155.548481,19,5,-121
1741510155.594481,-11,-33,-145
1741510155.6394808,-51,-1,-25
1741510155.6854808,10,47,-97
1741510155.7314808,50,0,-63
1741510155.7774808,-31,-61,-111
1741510155.822481,-13,50,0
1741510155.868481,84,-46,-39
1741510155.914481,36,-48,-27
1741510155.959481,-91,37,-115
1741510156.005481,-29,45,-155
1741510156.051481,84,3,-127
1741510156.097481,24,39,-41
1741510156.1424809,-23,29,-15
1741510156.1884809,-29,6,-69
1741510156.2344809,-113,-27,-23
1741510156.279481,102,8,-155
1741510156.325481,-10,59,-83
1741510156.371481,-30,-56,-127
1741510156.416481,-28,127,-161
1741510156.462481,-61,-19,-51
1741510156.508481,75,-2,1
1741510156.554481,-60,21,-90
1741510156.5994809,-62,-26,-26
1741510156.6454809,8,-39,-184
1741510156.6914809,4,-7,-188
1741510156.736481,10,-37,-48
1741510156.782481,18,42,-62
1741510156.828481,-5,-17,13
1741510156.874481,-17,38,-118
1741510156.9194808,-33,14,-64
1741510156.9654808,28,-21,-106
1741510157.0114808,15,3,-136
1741510157.056481,-41,-3,-152
1741510157.102481,-10,-64,7
1741510157.148481,-16,-30,-138
1741510157.194481,20,64,1
1741510157.239481,30,-83,-138
1741510157.285481,-19,-45,-60
1741510157.331481,-67,8,-26
1741510157.3764808,11,-58,-110
1741510157.4224808,-16,-76,-192
1741510157.4684808,-92,25,-98
1741510157.5144808,33,31,-16
1741510157.559481,-27,-15,-66
1741510157.605481,-53,26,-84
1741510157.651481,-84,-26,-176
1741510157.696481,-44,-86,-12
1741510157.742481,18,-25,-82
1741510157.788481,12,36,95
1741510157.834481,-11,30,-68
1741510157.8794808,-39,76,-60
1741510157.9254808,54,30,-82
1741510157.9714808,-37,8,-18
1741510158.016481,-53,84,-54
1741510158.062481,22,-86,-76
1741510158.108481,-31,72,-6
1741510158.154481,-83,14,-50
1741510158.199481,26,-19,-120
1741510158.245481,-41,-41,-142
1741510158.291481,-53,74,-192
1741510158.3364809,8,-27,-50
1741510158.3824809,-79,-21,-70
1741510158.4284809,9,-11,-140
1741510158.4744809,38,-6,-24
1741510158.519481,-26,49,-66
1741510158.565481,-43,-46,-2
1741510158.611481,20,-52,-96
1741510158.656481,32,-40,-18
1741510158.702481,39,-45,-20
1741510158.748481,11,12,-76
1741510158.7944808,-24,25,0
1741510158.8394809,-37,28,-28
1741510158.8854809,8,-37,-70
1741510158.931481,6,55,-88
1741510158.976481,0,35,-31
1741510159.022481,8,-25,-87
1741510159.068481,77,33,4
1741510159.114481,-42,-36,-285
1741510159.1594808,-42,-28,-139
1741510159.2054808,23,63,-159
1741510159.2514808,-22,19,-47
1741510159.296481,40,-9,-43
1741510159.342481,-30,36,18
1741510159.388481,-66,4,34
1741510159.434481,21,-15,-159
1741510159.479481,13,36,70
1741510159.525481,71,12,-121
1741510159.571481,-64,28,-211
1741510159.6164808,33,10,-37
1741510159.6624808,-22,-43,-181
1741510159.7084808,-73,-40,-43
1741510159.7544808,46,2,-208
1741510159.799481,89,-40,14
1741510159.845481,13,-58,-57
1741510159.891481,24,-5,-79
1741510159.936481,-44,-34,-101
1741510159.982481,-35,-7,-61
1741510160.028481,-15,52,32
1741510160.074481,48,28,-43
1741510160.1194808,30,100,-21
1741510160.1654809,-49,66,-181
1741510160.2114809,-27,-15,-77
1741510160.256481,18,34,-59
1741510160.302481,-131,-111,-141
1741510160.348481,-53,-23,-95
1741510160.394481,47,-12,-51
1741510160.439481,13,-20,-57
1741510160.485481,23,-29,-115
1741510160.531481,-42,-25,-225
1741510160.5764809,-56,-123,-5
1741510160.6224809,-24,0,-121
1741510160.6684809,45,60,22
1741510160.7144809,9,46,-181
1741510160.759481,-24,59,-225
1741510160.805481,20,14,-41
1741510160.851481,90,38,-95
1741510160.896481,-51,-11,-51
1741510160.9424808,63,-30,2
1741510160.9884808,-100,-8,-133
1741510161.0344808,7,-52,-74
1741510161.079481,-9,36,-90
1741510161.125481,-54,23,35
1741510161.171481,19,-68,-126
1741510161.216481,-60,17,-160
1741510161.262481,25,-44,-164
1741510161.308481,7,-10,-106
1741510161.354481,-46,3,-98
1741510161.3994808,-48,-30,-38
1741510161.4454808,-33,9,-68
1741510161.4914808,-47,-66,-98
1741510161.536481,2,81,55
1741510161.582481,-3,-48,-140
1741510161.628481,-27,5,63
1741510161.674481,20,15,-92
1741510161.719481,0,10,-14
1741510161.765481,9,2,-6
1741510161.811481,-108,69,-200
1741510161.8564808,-6,31,-106
1741510161.9024808,73,15,-174
1741510161.9484808,-52,-16,-36
1741510161.9944808,39,3,-54
1741510162.039481,-6,5,-10
1741510162.085481,11,63,-32
1741510162.131481,-75,58,-76
1741510162.176481,-31,16,-84
1741510162.222481,34,42,-80
1741510162.268481,40,26,-170
1741510162.314481,-23,-5,-110
1741510162.3594809,14,44,-100
1741510162.4054809,30,-9,-24
1741510162.4514809,36,-75,31
1741510162.496481,-33,-5,45
1741510162.542481,3,-38,-58
1741510162.588481,-12,-52,3
1741510162.634481,107,-132,-70
1741510162.679481,-3,64,-96
1741510162.725481,16,12,-220
1741510162.771481,66,20,-42
1741510162.8164809,74,0,73
1741510162.8624809,-20,-4,-106
1741510162.908481,51,9,-96
1741510162.954481,58,-43,-228
1741510162.999481,74,-11,-154
1741510163.045481,47,-2,-94
1741510163.091481,-43,-3,-4
1741510163.1364808,14,-1,7
1741510163.1824808,-53,-43,-88
1741510163.2284808,-73,4,-81
1741510163.273481,-65,-31,-52
1741510163.319481,-61,-13,-133
1741510163.365481,32,-58,-49
1741510163.411481,62,13,-151
1741510163.456481,17,-22,-213
1741510163.502481,31,-90,-81
1741510163.548481,-17,-10,-91
1741510163.5934808,42,-38,-63
1741510163.6394808,-45,45,-23
1741510163.6854808,79,7,-129
1741510163.7314808,-24,47,-77
1741510163.776481,-30,-8,-135
1741510163.822481,77,26,-55
1741510163.868481,-47,19,-67
1741510163.9194808,61,-13,-72
1741510163.9654808,-34,-2,15
1741510164.0114808,61,-20,-92
1741510164.056481,7,8,-81
1741510164.102481,17,55,-73
1741510164.148481,-47,-66,-106
1741510164.193481,-35,-15,-61
1741510164.239481,-11,40,-33
1741510164.285481,18,1,-227
1741510164.331481,55,-7,26
1741510164.3764808,38,17,-111
1741510164.4224808,-7,46,-119
1741510164.4684808,52,-75,-87
1741510164.513481,28,-77,24
1741510164.559481,3,49,-69
1741510164.605481,46,-48,-173
1741510164.651481,3,-14,-119
1741510164.696481,-41,-45,-9
1741510164.742481,86,30,-77
1741510164.788481,0,-23,-131
1741510164.8334808,-120,-30,-13
1741510164.8794808,-73,36,-31
1741510164.9254808,5,54,-128
1741510164.9714808,81,38,-123
1741510165.016481,29,28,-127
1741510165.062481,17,62,-69
1741510165.108481,31,26,-96
1741510165.153481,13,30,-97
1741510165.199481,-14,-43,-45
1741510165.245481,16,25,-161
1741510165.291481,8,-30,-55
1741510165.3364809,-41,-82,-155
1741510165.3824809,14,56,6
1741510165.4284809,-112,-23,-155
1741510165.473481,-25,-81,-59
1741510165.519481,62,13,-151
1741510165.565481,38,62,-93
1741510165.611481,2,20,-75
1741510165.656481,-47,-33,-35
1741510165.702481,127,-8,-77
1741510165.748481,-4,27,-49
1741510165.7934809,-70,67,-71
1741510165.8394809,3,43,68
1741510165.8854809,-36,-23,-83
1741510165.931481,-46,61,-163
1741510165.976481,-26,-43,-59
1741510166.022481,0,-23,-99
1741510166.068481,-20,-6,-119
1741510166.1134808,-2,0,-49
1741510166.1594808,61,-108,-63
1741510166.2054808,-20,-26,-99
1741510166.2514808,-24,-26,-65
1741510166.296481,5,-16,-213
1741510166.342481,21,12,-87
1741510166.388481,-15,-84,-125
1741510166.433481,60,-2,18
1741510166.479481,26,-34,-28
1741510166.525481,-61,23,-39
1741510166.571481,-31,13,-8
1741510166.6164808,-28,58,-69
1741510166.6624808,-34,14,-107
1741510166.7084808,-4,-1,-75
1741510166.753481,-12,14,-25
1741510166.799481,-50,-26,-121
1741510166.845481,-73,54,-141
1741510166.891481,31,-20,-173
1741510166.936481,-15,20,-37
1741510166.982481,7,69,-37
1741510167.028481,-46,25,28
1741510167.0734808,23,5,-43
1741510167.1194808,27,-30,-47
1741510167.1654809,-4,12,20
1741510167.2114809,-76,-1,40
1741510167.256481,12,-10,-15
1741510167.302481,-22,47,-93
1741510167.348481,-25,-20,-97
1741510167.393481,-32,-48,-107
1741510167.439481,51,-106,-59
1741510167.485481,-6,-36,-141
1741510167.531481,-90,5,-91
1741510167.5764809,34,7,20
1741510167.6224809,0,-6,-23
1741510167.6684809,-6,-68,-141
1741510167.713481,-18,-32,-87
1741510167.759481,8,11,4
1741510167.805481,71,-84,-3
1741510167.851481,27,-26,-219
1741510167.896481,63,7,50
1741510167.9424808,-35,-23,-51
1741510167.9884808,85,-4,-69
1741510168.033481,-34,-54,-66
1741510168.079481,-78,-17,-93
1741510168.125481,13,-26,-255
1741510168.171481,-20,-46,-31
1741510168.216481,-30,47,-83
1741510168.262481,13,27,-33
1741510168.308481,-34,-4,-45
1741510168.3534808,-75,-22,-97
1741510168.3994808,41,-38,-159
1741510168.4454808,4,13,-17
1741510168.4914808,-51,-18,24
1741510168.536481,23,1,-54
1741510168.582481,-21,-47,-130
1741510168.628481,15,-8,-87
1741510168.673481,9,53,-21
1741510168.719481,-68,-67,-157
1741510168.765481,61,-9,-63
1741510168.811481,70,-47,-45
1741510168.8564808,-37,-19,-109
1741510168.9024808,31,40,-49
1741510168.9484808,67,-41,-81
1741510168.993481,61,31,0
1741510169.039481,38,-145,16
1741510169.085481,-129,20,74
1741510169.131481,45,0,-167
1741510169.176481,57,-20,-145
1741510169.222481,39,-54,10
1741510169.268481,-24,51,-161
1741510169.3134809,-90,-12,-19
1741510169.3594809,-70,-24,26
1741510169.4054809,-32,-24,-61
1741510169.4514809,25,-10,-107
1741510169.496481,-36,-15,-75
1741510169.542481,-82,-18,-115
1741510169.588481,-18,22,-85
1741510169.633481,45,5,-197
1741510169.679481,6,-18,-133
1741510169.725481,-7,33,-123
1741510169.771481,-9,29,-105
1741510169.8164809,-48,-2,-163
1741510169.8624809,-14,-16,4
1741510169.908481,14,-71,-17
1741510169.953481,-20,-12,2
1741510169.999481,54,-35,-147
1741510170.045481,-61,-21,-77
1741510170.0904808,-29,28,6
1741510170.1364808,20,-5,-123
1741510170.1824808,-38,13,-73
1741510170.2284808,72,10,-107
1741510170.273481,-5,-11,-87
1741510170.319481,21,-16,-95
1741510170.365481,70,20,-61
1741510170.410481,-50,-40,-69
1741510170.456481,-40,-18,-95
1741510170.502481,-72,41,42
1741510170.548481,57,-82,-173
1741510170.5934808,57,-89,-149
1741510170.6394808,11,-48,-118
1741510170.6854808,-24,-46,9
1741510170.730481,-2,-37,-22
1741510170.776481,-12,-76,-90
1741510170.822481,39,-13,-164
1741510170.868481,-28,-18,-46
1741510170.913481,61,69,-148
1741510170.959481,61,71,-4
1741510171.005481,89,-48,-126
1741510171.0504808,17,37,-198
1741510171.0964808,-22,28,-146
1741510171.1424809,82,25,-174
1741510171.1884809,37,-11,-150
1741510171.233481,-82,13,-2
1741510171.279481,-12,-77,-144
1741510171.325481,-25,17,-76
1741510171.370481,-42,37,-126
1741510171.416481,77,-40,-104
1741510171.462481,-26,43,-110
1741510171.508481,-50,-52,7
1741510171.5534809,-8,-70,25
1741510171.5994809,14,17,-78
1741510171.6454809,-31,33,-71
1741510171.690481,8,-14,-60
1741510171.736481,-8,-34,49
1741510171.782481,-42,13,-144
1741510171.828481,0,-60,-92
1741510171.873481,-40,83,13
1741510171.9194808,53,-26,-68
1741510171.9654808,-96,23,-22
1741510172.0104809,-10,37,-142
1741510172.055481,-10,11,-70
1741510172.101481,5,1,77
1741510172.146481,-80,-38,-210
1741510172.1924808,-32,-13,-110
1741510172.2384808,-44,-8,7
1741510172.2844808,5,-26,-186
1741510172.329481,7,49,-36
1741510172.375481,-8,47,-123
1741510172.421481,-29,21,-45
1741510172.466481,13,21,-73
1741510172.512481,20,-66,58
1741510172.558481,42,7,-71
1741510172.604481,41,1,-256
1741510172.6494808,39,3,-41
1741510172.6954808,-24,29,-45
1741510172.7414808,-6,13,-164
1741510172.786481,59,21,-115
1741510172.832481,-6,1,-31
1741510172.878481,-50,-14,-97
1741510172.924481,15,-8,47
1741510172.969481,68,130,-149
1741510173.015481,-61,-7,-72
1741510173.061481,84,6,-29
1741510173.1064808,61,59,-127
1741510173.1524808,-20,-52,-113
1741510173.1984808,-3,38,-59
1741510173.2444808,13,23,-86
1741510173.289481,7,43,-95
1741510173.335481,-6,23,-30
1741510173.381481,41,51,31
1741510173.426481,56,-29,-110
1741510173.472481,-34,5,-164
1741510173.518481,-2,3,-144
1741510173.564481,-24,-48,-196
1741510173.6094809,23,-58,-102
1741510173.6554809,-42,0,-48
1741510173.7014809,-4,59,-110
1741510173.746481,-2,0,-34
1741510173.792481,33,21,-34
1741510173.838481,7,-28,-2
1741510173.884481,73,15,-100
1741510173.9354808,53,23,-132
1741510173.9814808,9,-6,-132
1741510174.026481,29,-24,-30
1741510174.072481,65,-24,-122
1741510174.118481,58,-76,-82
1741510174.164481,-3,-22,-178
1741510174.209481,116,-6,-130
1741510174.255481,-17,13,-16
1741510174.301481,-29,27,-70
1741510174.3464808,-63,-59,-140
1741510174.3924809,-64,10,-172
1741510174.4384809,-23,-46,-118
1741510174.4844809,25,36,-12
1741510174.529481,-33,-16,-40
1741510174.575481,-35,-28,-134
1741510174.621481,-13,-42,-20
1741510174.666481,-29,12,-194
1741510174.712481,27,-11,-104
1741510174.758481,5,65,-126
1741510174.804481,-8,13,-58
1741510174.8494809,-18,59,-94
1741510174.8954809,63,3,-58
1741510174.9414809,49,-82,-68
1741510174.986481,-42,-44,-98
1741510175.032481,15,41,-90
1741510175.078481,19,-48,-84
1741510175.124481,8,41,-68
1741510175.1694808,34,-24,0
1741510175.2154808,-17,13,7
1741510175.2614808,8,-30,-26
1741510175.306481,-19,35,-144
1741510175.352481,-19,-100,-34
1741510175.398481,-34,33,-96
1741510175.444481,55,-22,-98
1741510175.489481,-16,-2,-226
1741510175.535481,-6,10,-162
1741510175.581481,9,67,-30
1741510175.6264808,71,3,-8
1741510175.6724808,-70,65,-129
1741510175.7184808,15,-44,-131
1741510175.7644808,-48,-32,-167
1741510175.809481,-18,0,-177
1741510175.855481,5,-8,-75
1741510175.901481,-55,-45,-143
1741510175.946481,73,17,-143
1741510175.992481,-43,-42,-119
1741510176.038481,-33,85,14
1741510176.084481,0,3,-85
1741510176.1294808,22,-23,-29
1741510176.1754808,-2,1,-81
1741510176.2214808,46,3,-51
1741510176.266481,-37,3,-151
1741510176.312481,-69,-34,-107
1741510176.358481,-41,-54,-49
1741510176.404481,16,5,-83
1741510176.449481,-31,27,-89
1741510176.495481,58,81,-103
1741510176.541481,55,-12,-118
1741510176.5864809,13,-16,26
1741510176.6324809,-34,37,-27
1741510176.6784809,21,-13,-21
1741510176.7244809,18,21,-33
1741510176.769481,24,11,-87
1741510176.815481,31,61,-135
1741510176.8594809,51,-4,11
1741510176.9054809,-60,-62,-158
1741510176.9514809,60,-65,-45
1741510176.9974809,51,13,-74
1741510177.042481,31,-4,-177
1741510177.088481,-24,-4,-79
1741510177.134481,41,57,-4
1741510177.179481,7,-20,-62
1741510177.225481,22,-29,-195
1741510177.271481,-63,-17,-36
1741510177.3174808,24,-61,-140
1741510177.3624809,16,-7,-5
1741510177.408481,10,-13,-199
1741510177.454481,-35,-19,-90
1741510177.499481,-56,42,-145
1741510177.545481,-77,44,-25
1741510177.591481,-25,46,-99
1741510177.637481,-25,-97,-51
1741510177.6824808,28,-39,-219
1741510177.7284808,18,22,-47
1741510177.7744808,-33,-39,-65
1741510177.819481,-12,-78,12
1741510177.865481,12,5,-85
1741510177.911481,137,-10,-97
1741510177.957481,38,57,16
1741510178.002481,-30,87,-9
1741510178.048481,59,-16,-141
1741510178.094481,60,51,-79
1741510178.1394808,-56,33,-97
1741510178.1854808,-9,-40,-29
1741510178.2314808,40,-70,-91
1741510178.2774808,58,-28,-135
1741510178.322481,-33,9,-65
1741510178.368481,-19,3,-79
1741510178.414481,52,7,-115
1741510178.459481,-5,-24,-33
1741510178.505481,36,-30,-65
1741510178.551481,-12,4,-89
1741510178.597481,137,12,11
1741510178.6424809,61,-69,-18
1741510178.6884809,-37,55,-34
1741510178.7344809,39,-47,-4
1741510178.779481,-13,56,-164
1741510178.825481,10,12,-78
1741510178.871481,-11,22,-10
1741510178.917481,-47,30,-8
1741510178.962481,9,0,-68
1741510179.008481,-42,-33,-120
1741510179.054481,-22,32,-68
1741510179.0994809,66,10,-34
1741510179.1454809,-13,50,-76
1741510179.1914809,37,45,-142
1741510179.2374809,-30,-82,-84
1741510179.282481,-85,-90,-140
1741510179.328481,54,33,-156
1741510179.374481,-83,-44,-38
1741510179.4194808,10,-32,-168
1741510179.4654808,-16,19,31
1741510179.5114808,-44,97,-174
1741510179.5574808,39,-64,-116
1741510179.602481,-16,4,-184
1741510179.648481,-73,49,-82
1741510179.694481,11,-53,-182
1741510179.739481,3,25,-108
1741510179.785481,-14,17,25
1741510179.831481,-73,-121,-228
1741510179.877481,-13,32,-132
1741510179.9224808,56,6,-112
1741510179.9684808,43,0,-76
1741510180.0144808,-24,47,-40
1741510180.059481,37,-44,-110
1741510180.105481,-58,37,-96
1741510180.151481,22,-14,-116
1741510180.197481,55,61,-136
1741510180.242481,-52,1,-90
1741510180.288481,29,-20,-140
1741510180.334481,-124,-76,-70
1741510180.3794808,-29,-28,-122
1741510180.4254808,-28,0,-52
1741510180.4714808,8,-70,-116
1741510180.5174809,6,-14,-120
1741510180.562481,-25,-5,-66
1741510180.608481,7,35,29
1741510180.654481,-7,74,-160
1741510180.699481,-61,-25,-6
1741510180.745481,106,-44,-42
1741510180.791481,-69,31,-116
1741510180.837481,-1,-4,-130
1741510180.8824809,-39,-48,1
1741510180.9284809,-25,15,-175
1741510180.9744809,-13,-50,13
1741510181.019481,-31,11,-102
1741510181.065481,-99,81,-57
1741510181.111481,17,81,-72
1741510181.157481,25,-25,-128
1741510181.202481,-92,18,-24
1741510181.248481,30,-43,-144
1741510181.2944808,-18,55,-53
1741510181.3394809,-16,-4,-125
1741510181.3854809,-9,0,-57
1741510181.431481,26,59,-44
1741510181.477481,29,-30,-94
1741510181.522481,-50,26,-28
1741510181.568481,34,-26,-62
1741510181.614481,-67,27,-46
1741510181.6594808,9,23,-142
1741510181.7054808,-52,63,-140
1741510181.7514808,79,15,-202
1741510181.7974808,-14,57,-46
1741510181.842481,-66,-5,9
1741510181.888481,-2,-8,-38
1741510181.934481,-32,35,-26
1741510181.979481,7,-30,-66
1741510182.025481,-56,11,-86
1741510182.071481,83,19,119
1741510182.117481,9,76,-86
1741510182.1624808,0,29,-20
1741510182.2084808,-20,45,-62
1741510182.2544808,-4,-6,31
1741510182.299481,29,-72,-98
1741510182.345481,-8,3,-133
1741510182.391481,61,60,-59
1741510182.437481,-34,17,-49
1741510182.482481,27,2,-1
1741510182.528481,33,14,-39
1741510182.574481,57,-20,-41
1741510182.6194808,71,-12,-155
1741510182.6654809,-71,-94,-227
1741510182.7114809,5,9,-89
1741510182.7574809,-2,-24,-3
1741510182.802481,-32,29,-93
1741510182.848481,-25,36,-39
1741510182.894481,13,23,-95
1741510182.939481,-67,-17,40
1741510182.985481,-42,-7,-67
1741510183.031481,-52,95,-51
1741510183.077481,81,49,-49
1741510183.1224809,-38,63,-11
1741510183.1684809,17,-32,-39
1741510183.2144809,9,-36,-107
1741510183.259481,11,-27,-55
1741510183.305481,-2,-45,-63
1741510183.351481,39,4,-127
1741510183.397481,-83,27,-169
1741510183.4424808,45,56,-147
1741510183.4884808,-86,42,-11
1741510183.5344808,-6,10,-57
1741510183.579481,-38,12,-67
1741510183.625481,-27,56,-115
1741510183.671481,-33,-11,-93
1741510183.716481,42,-24,-1
1741510183.762481,-69,-55,2
1741510183.808481,-11,-24,-95
1741510183.854481,60,-35,18
1741510183.9054809,20,-17,-9
1741510183.9514809,23,-41,-97
1741510183.996481,-20,-21,-187
1741510184.042481,-24,8,-119
1741510184.088481,1,-25,-27
1741510184.134481,10,46,-167
1741510184.179481,-25,8,-90
1741510184.225481,-76,-15,4
1741510184.271481,-28,-13,-4
1741510184.3164809,47,-63,22
1741510184.3624809,-2,100,-71
1741510184.408481,-63,-34,-18
1741510184.454481,25,-103,-35
1741510184.499481,-42,13,-87
1741510184.545481,-48,-14,-65
1741510184.591481,34,-15,-111
1741510184.6364808,41,-70,-71
1741510184.6824808,13,27,-57
1741510184.7284808,-37,-17,-193
1741510184.7744808,-62,-10,-31
1741510184.819481,-29,-7,-153
1741510184.865481,103,11,-95
1741510184.911481,5,-38,-113
1741510184.956481,-58,19,-117
1741510185.002481,-32,-34,-123
1741510185.048481,31,-76,-95
1741510185.094481,0,28,-87
1741510185.1394808,-21,-39,60
1741510185.1854808,43,13,-125
1741510185.2314808,3,-4,38
1741510185.276481,-8,17,14
1741510185.322481,34,-38,-135
1741510185.368481,114,27,-59
1741510185.414481,-27,-16,-115
1741510185.459481,-28,31,-157
1741510185.505481,-84,1,-205
1741510185.551481,-30,43,-27
1741510185.5964808,-50,-10,29
1741510185.6424809,41,27,-107
1741510185.6884809,-7,-53,16
1741510185.7344809,51,15,-37
1741510185.779481,9,46,-71
1741510185.825481,105,-18,-109
1741510185.871481,81,-114,-9
1741510185.916481,-20,-18,-15
1741510185.962481,-17,12,-99
1741510186.008481,82,32,-31
1741510186.054481,70,-17,-41
1741510186.0994809,6,24,-109
1741510186.1454809,33,-41,-19
1741510186.1914809,33,48,-127
1741510186.236481,38,-32,-109
1741510186.282481,-58,6,-137
1741510186.328481,-8,10,-105
1741510186.374481,-12,-75,-57
1741510186.4194808,-54,5,-145
1741510186.4654808,47,48,-91
1741510186.5114808,-14,-27,38
1741510186.556481,0,59,-124
1741510186.602481,-80,7,-67
1741510186.648481,13,1,-23
1741510186.694481,74,60,-21
1741510186.739481,32,80,-127
1741510186.785481,-55,18,-41
1741510186.831481,90,14,46
1741510186.8764808,0,44,-11
1741510186.9224808,8,64,-111
1741510186.9684808,-61,-43,-9
1741510187.0144808,26,12,-113
1741510187.059481,-50,75,-7
1741510187.105481,-3,-23,-95
1741510187.151481,-56,61,-95
1741510187.196481,-39,-51,-105
1741510187.242481,-21,34,0
1741510187.288481,38,42,-77
1741510187.334481,0,58,-71
1741510187.3794808,-33,-33,-31
1741510187.4254808,78,-23,24
1741510187.4714808,-89,-31,-19
1741510187.516481,14,24,-17
1741510187.562481,38,-1,-179
1741510187.608481,-41,30,-147
1741510187.654481,-89,15,56
1741510187.699481,54,-27,-137
1741510187.745481,-52,18,-61
1741510187.791481,-4,21,-105
1741510187.8364809,-48,-10,-67
1741510187.8824809,-26,-71,-79
1741510187.9284809,45,-1,-131
1741510187.9744809,87,1,164
1741510188.019481,23,11,-29
1741510188.065481,-54,-41,-91
1741510188.111481,-72,-3,27
1741510188.156481,30,35,-59
1741510188.202481,-29,-16,-156
1741510188.248481,-14,-56,-122
1741510188.2944808,-1,-59,-166
1741510188.3394809,-22,-38,-82
1741510188.3854809,-14,-20,-70
1741510188.431481,13,-12,-58
1741510188.476481,-58,33,65
1741510188.522481,3,-12,-34
1741510188.568481,-2,-10,-16
1741510188.614481,-46,11,-30
1741510188.6594808,-18,29,29
1741510188.7054808,-7,-38,-84
1741510188.7514808,14,3,25
1741510188.796481,58,-33,-104
1741510188.842481,12,26,-32
1741510188.888481,45,-59,-52
1741510188.934481,-68,32,-92
1741510188.979481,-38,-41,-42
1741510189.025481,-86,-15,-50
1741510189.071481,15,6,61
1741510189.1164808,-24,-45,-124
1741510189.1624808,5,-44,105
1741510189.2084808,-4,61,-16
1741510189.2544808,47,43,-166
1741510189.299481,17,17,-59
1741510189.345481,87,-12,-135
1741510189.391481,-23,-8,-185
1741510189.436481,-2,-14,-85
1741510189.482481,-93,40,24
1741510189.528481,-5,2,-55
1741510189.574481,-3,-63,-195
1741510189.6194808,60,9,-107
1741510189.6654809,-49,-83,-169
1741510189.7114809,-8,17,-145
1741510189.756481,-62,35,0
1741510189.802481,-24,-54,-3
1741510189.848481,31,3,-109
1741510189.894481,85,31,-43
1741510189.939481,-1,75,-25
1741510189.985481,-10,11,-93
1741510190.031481,4,-35,-109
1741510190.0764809,39,9,-76
1741510190.1224809,1,-10,-148
1741510190.1684809,-22,-58,-172
1741510190.2144809,43,49,-145
1741510190.259481,10,67,22
1741510190.305481,67,-8,-35
1741510190.351481,-88,19,-87
1741510190.396481,3,-48,-167
1741510190.4424808,-46,-8,-43
1741510190.4884808,-10,-14,-91
1741510190.533481,0,-80,54
1741510190.579481,2,-16,-125
1741510190.625481,-6,33,-165
1741510190.671481,-18,-70,-37
1741510190.716481,-15,40,-67
1741510190.762481,-30,-20,-73
1741510190.808481,-52,-14,-79
1741510190.8534808,-67,22,-121
1741510190.8994808,34,8,-3
1741510190.9454808,-35,2,-111
1741510190.9914808,48,-7,-53
1741510191.036481,-35,-53,-113
1741510191.082481,-12,1,-75
1741510191.128481,53,15,-97
1741510191.173481,-38,59,-97
1741510191.219481,-12,-30,-51
1741510191.265481,59,44,-119
1741510191.311481,15,8,26
1741510191.3564808,31,16,14
1741510191.4024808,23,30,-87
1741510191.4484808,61,-15,-51
1741510191.493481,26,42,-149
1741510191.539481,-11,1,40
1741510191.585481,-47,33,-75
1741510191.631481,-5,-60,-73
1741510191.676481,-29,-1,-123
1741510191.722481,28,-45,-135
1741510191.768481,-119,52,-37
1741510191.8134809,13,13,-18
1741510191.8594809,-37,86,-94
1741510191.9054809,-67,90,-102
1741510191.9514809,-9,-11,-55
1741510191.996481,53,25,-131
1741510192.042481,29,52,-115
1741510192.088481,43,-29,-130
1741510192.133481,23,-1,-30
1741510192.179481,0,-21,-122
1741510192.225481,43,-11,-8
1741510192.271481,-62,5,-214
1741510192.3164809,-42,68,-86
1741510192.3624809,51,-7,-44
1741510192.408481,35,-71,-14
1741510192.453481,1,-1,-132
1741510192.499481,22,-5,-72
1741510192.545481,106,-35,-68
1741510192.591481,-56,-32,-30
1741510192.6364808,-70,76,95
1741510192.6824808,45,-7,-6
1741510192.7284808,11,28,-114
1741510192.773481,-24,-73,-34
1741510192.819481,4,-45,-88
1741510192.865481,54,14,-120
1741510192.911481,-13,-46,-38
1741510192.956481,-99,5,-68
1741510193.002481,-57,-32,35
1741510193.048481,-27,7,-125
1741510193.0934808,14,31,-105
1741510193.1394808,18,23,-80
1741510193.1854808,36,5,35
1741510193.2314808,-22,-16,-84
1741510193.276481,50,16,-50
1741510193.322481,-22,-14,-53
1741510193.368481,34,-59,-195
1741510193.413481,9,7,-69
1741510193.459481,32,-19,-55
1741510193.505481,-7,-25,-125
1741510193.551481,-108,-14,-49
1741510193.5964808,15,-90,12
1741510193.6424809,29,-22,-79
1741510193.6884809,11,59,-107
1741510193.733481,3,41,80
1741510193.779481,-21,28,8
1741510193.825481,38,30,-3
1741510193.871481,-66,-32,-48
1741510193.9224808,-53,8,-119
1741510193.9684808,-53,-45,-89
1741510194.013481,39,-30,-83
1741510194.059481,-30,15,-33
1741510194.105481,-40,17,-13
1741510194.151481,7,-4,-147
1741510194.196481,75,-40,42
1741510194.242481,45,-35,-83
1741510194.288481,-23,-14,-33
1741510194.3334808,26,-24,-93
1741510194.3794808,4,85,-59
1741510194.4254808,39,49,-127
1741510194.4714808,-41,54,-125
1741510194.516481,-4,9,-66
1741510194.562481,-34,70,-173
1741510194.608481,1,115,-165
1741510194.653481,21,1,-19
1741510194.699481,-28,-11,-68
1741510194.745481,26,-23,-88
1741510194.791481,-11,-10,-32
1741510194.8364809,-63,-3,-98
1741510194.8824809,-91,67,-28
1741510194.9284809,22,51,-132
1741510194.973481,72,4,-36
1741510195.019481,24,-24,-46
1741510195.065481,-70,16,-118
1741510195.111481,31,10,-162
1741510195.156481,1,-7,-192
1741510195.202481,-20,-23,-72
1741510195.248481,88,-1,-68
1741510195.2934809,-109,-6,-82
1741510195.3394809,22,103,-152
1741510195.3854809,-27,17,-122
1741510195.431481,-85,27,-82
1741510195.476481,110,-18,-76
1741510195.522481,3,-8,-44
1741510195.568481,45,7,-86
1741510195.6134808,-65,49,-114
1741510195.6594808,-4,51,-84
1741510195.7054808,-50,-40,-72
1741510195.7514808,19,15,-164
1741510195.796481,30,6,19
1741510195.842481,-54,5,-150
1741510195.888481,-45,-10,-172
1741510195.933481,3,3,45
1741510195.979481,-54,-14,-78
1741510196.025481,3,65,-66
1741510196.071481,99,-23,-28
1741510196.1164808,-80,-4,-66
1741510196.1624808,51,-10,-134
1741510196.2084808,3,-36,-20
1741510196.253481,33,71,-220
1741510196.299481,-31,-62,-98
1741510196.345481,58,-24,-80
1741510196.391481,70,11,-16
1741510196.436481,30,45,-64
1741510196.482481,-3,-30,-22
1741510196.528481,-129,29,-54
1741510196.5734808,43,-8,-138
1741510196.6194808,25,-28,-144
1741510196.6654809,73,-36,-4
1741510196.7114809,73,37,85
1741510196.756481,49,-22,17
1741510196.802481,85,-18,111
1741510196.848481,-71,3,-72
1741510196.893481,26,-26,-26
1741510196.939481,-18,-22,-36
1741510196.985481,-11,-34,-68
1741510197.031481,-7,19,-176
1741510197.0764809,-1,-58,-102
1741510197.1224809,124,-65,-58
1741510197.1684809,68,-31,1
1741510197.213481,8,24,-122
1741510197.259481,74,74,-56
1741510197.305481,-77,-34,-31
1741510197.350481,-23,21,-103
1741510197.396481,16,69,-133
1741510197.4424808,22,-28,-175
1741510197.4884808,39,-5,-129
1741510197.533481,52,-15,-51
1741510197.579481,42,10,-85
1741510197.625481,-33,8,-9
1741510197.670481,42,32,-107
1741510197.716481,12,23,-91
1741510197.762481,70,115,39
1741510197.808481,-1,11,-129
1741510197.8534808,4,5,-227
1741510197.8994808,38,5,-149
1741510197.9454808,-47,-56,-55
1741510197.990481,1,-24,-127
1741510198.036481,-38,49,-67
1741510198.082481,-40,4,-157
1741510198.128481,66,-95,-59
1741510198.173481,8,-50,-81
1741510198.219481,-31,1,-140
1741510198.265481,-3,15,-78
1741510198.3104808,20,-9,-225
1741510198.3564808,0,-108,-89
1741510198.4024808,23,-30,32
1741510198.4484808,-27,-73,-19
1741510198.493481,-3,-27,-99
1741510198.539481,49,37,-157
1741510198.585481,-22,-38,-1
1741510198.630481,-56,1,-17
1741510198.676481,19,-30,-101
1741510198.722481,13,-40,-23
1741510198.768481,-5,-6,-73
1741510198.8134809,-29,45,28
1741510198.8594809,28,-18,-157
1741510198.9054809,94,-80,-58
1741510198.950481,46,0,-101
1741510198.996481,-13,-50,-83
1741510199.042481,-28,-50,-55
1741510199.088481,-18,-32,-95
1741510199.133481,-21,-29,40
1741510199.179481,50,40,-19
1741510199.225481,-14,-28,-35
1741510199.2704809,32,-15,-57
1741510199.3164809,-24,-96,-83
1741510199.3624809,21,-22,-42
1741510199.408481,-68,55,-79
1741510199.453481,-15,-20,-76
1741510199.499481,59,29,-126
1741510199.545481,11,-38,-159
1741510199.5904808,27,-75,26
1741510199.6364808,-28,-47,-233
1741510199.6824808,-72,-72,-103
1741510199.7284808,7,18,-177
1741510199.773481,7,28,-45
1741510199.819481,-42,42,-31
1741510199.865481,2,-62,-113
1741510199.910481,33,-72,-81
1741510199.956481,19,7,-15
1741510200.002481,15,-41,-109
1741510200.048481,-96,-72,-59
1741510200.0934808,93,19,-3
1741510200.1394808,107,71,86
1741510200.1854808,-29,27,-21
1741510200.230481,-28,-2,-43
1741510200.276481,-22,-50,-79
1741510200.322481,-5,-39,-121
1741510200.368481,26,-27,40
1741510200.413481,-7,-5,-31
1741510200.459481,-47,64,8
1741510200.505481,7,-14,-195
1741510200.5504808,-41,-28,-78
1741510200.5964808,83,43,-108
1741510200.6424809,1,41,-58
1741510200.6884809,7,46,-46
1741510200.733481,-18,-47,-28
1741510200.779481,17,32,-108
1741510200.825481,-19,34,-48
1741510200.870481,19,-91,-136
1741510200.916481,83,-25,-122
1741510200.962481,11,-9,-18
1741510201.008481,-40,-25,-88
1741510201.0534809,27,-91,-32
1741510201.0994809,3,56,-118
1741510201.1454809,79,16,-96
1741510201.190481,60,21,-52
1741510201.236481,11,-45,-78
1741510201.282481,-66,12,-146
1741510201.328481,43,-36,-162
1741510201.373481,-32,-28,-46
1741510201.4194808,3,5,-144
1741510201.4654808,23,-18,-74
1741510201.5104809,79,109,-36
1741510201.556481,43,-45,-114
1741510201.602481,-57,-5,63
1741510201.648481,-36,37,-80
1741510201.693481,4,22,-224
1741510201.739481,0,40,-128
1741510201.785481,22,22,-84
1741510201.8304808,20,-3,-156
1741510201.8764808,34,-21,-108
1741510201.9224808,-87,-21,-158
1741510201.9684808,-25,48,25
1741510202.013481,-50,0,-196
1741510202.059481,11,-31,-32
1741510202.105481,0,70,-52
1741510202.150481,40,-60,-150
1741510202.196481,47,-16,-74
1741510202.242481,20,28,-120
1741510202.288481,10,-15,-110
1741510202.3334808,5,73,-80
1741510202.3794808,27,-92,-44
1741510202.4254808,-102,4,13
1741510202.470481,51,3,-54
1741510202.516481,-13,-13,-78
1741510202.562481,9,-78,-216
1741510202.608481,3,-16,-50
1741510202.653481,103,-24,-122
1741510202.699481,-26,65,-98
1741510202.745481,19,75,-6
1741510202.7904809,40,77,-186
1741510202.8364809,-38,-44,-138
1741510202.8824809,3,11,-46
1741510202.9284809,85,-13,-53
1741510202.973481,-14,-43,-23
1741510203.019481,-52,-33,-131
1741510203.065481,48,35,-104
1741510203.110481,10,-8,-59
1741510203.156481,43,-79,-79
1741510203.202481,-2,-19,-37
1741510203.248481,-32,-17,54
1741510203.2934809,-16,2,-143
1741510203.3394809,-36,-1,-15
1741510203.3854809,-14,16,-107
1741510203.430481,24,25,-125
1741510203.475481,20,-12,-159
1741510203.521481,20,39,-51
1741510203.5664809,32,27,-69
1741510203.6124809,51,-41,-45
1741510203.658481,0,-40,-93
1741510203.704481,-28,-4,-149
1741510203.749481,-3,-46,12
1741510203.795481,-18,41,-7
1741510203.841481,-34,63,-15
1741510203.8864808,19,101,-75
1741510203.9384809,31,-57,-151
1741510203.9844809,-25,-3,0
1741510204.029481,73,3,-133
1741510204.075481,-23,40,-49
1741510204.121481,-13,-30,-61
1741510204.166481,-39,-3,-139
1741510204.212481,52,58,-43
1741510204.258481,-67,-11,-139
1741510204.3034809,-101,-35,-149
1741510204.3494809,43,-21,10
1741510204.3954809,17,35,-19
1741510204.4414809,-46,5,-31
1741510204.486481,-5,10,-27
1741510204.532481,134,32,-111
1741510204.578481,-11,61,-33
1741510204.623481,56,4,-113
1741510204.6694808,31,10,-113
1741510204.7154808,77,-23,-145
1741510204.7614808,41,-9,-72
1741510204.806481,-48,-5,-47
1741510204.852481,9,11,-59
1741510204.898481,-8,7,-1
1741510204.943481,13,0,-19
1741510204.989481,-54,-4,-67
1741510205.035481,29,7,-67
1741510205.081481,-70,-30,-23
1741510205.1264808,17,7,-199
1741510205.1724808,40,-9,-37
1741510205.2184808,-27,20,-19
1741510205.263481,30,-59,-77
1741510205.309481,-58,-32,17
1741510205.355481,-53,3,-190
1741510205.401481,-2,19,-118
1741510205.446481,-47,89,-74
1741510205.492481,23,-28,103
1741510205.538481,74,-92,17
1741510205.5834808,16,27,47
1741510205.6294808,-72,-18,-207
1741510205.6754808,-12,-32,25
1741510205.7214808,79,-24,-71
1741510205.766481,45,-24,-17
1741510205.812481,-69,53,-137
1741510205.858481,29,0,21
1741510205.903481,39,-28,27
1741510205.949481,29,79,-44
1741510205.995481,-23,-39,-67
1741510206.041481,57,-46,-29
1741510206.0864809,-10,51,-215
1741510206.1324809,0,-57,4
1741510206.1784809,53,29,-69
1741510206.223481,43,-18,-75
1741510206.269481,30,8,-9
1741510206.315481,-58,39,-75
1741510206.361481,-16,-30,-99
1741510206.406481,-6,19,-137
1741510206.452481,-14,-42,-101
1741510206.498481,-24,-22,-99
1741510206.5434809,-30,-2,-51
1741510206.5894809,-44,55,-20
1741510206.6354809,-18,63,-66
1741510206.681481,10,-24,-206
1741510206.726481,104,-14,-88
1741510206.772481,-25,-75,-151
1741510206.818481,-8,-11,-66
1741510206.8634808,1,50,-95
1741510206.9094808,-12,24,-105
1741510206.9554808,-20,-61,-37
1741510207.0014808,-66,7,-23
1741510207.046481,-32,51,-171
1741510207.092481,7,21,-97
1741510207.138481,-28,27,-83
1741510207.183481,67,-46,-12
1741510207.229481,-38,-80,-113
1741510207.275481,-56,69,28
1741510207.321481,29,-28,-29
1741510207.3664808,19,27,-98
1741510207.4124808,-22,36,-55
1741510207.4584808,25,62,24
1741510207.503481,9,-65,-87
1741510207.549481,-28,-5,-145
1741510207.595481,12,20,-111
1741510207.641481,45,-34,-19
1741510207.686481,116,-51,6
1741510207.732481,-46,-18,24
1741510207.778481,13,-4,-93
1741510207.8234808,-40,-46,26
1741510207.8694808,66,-28,-205
1741510207.9154809,-49,-16,-32
1741510207.9614809,-23,37,20
1741510208.006481,7,-44,-76
1741510208.052481,-21,15,-148
1741510208.098481,-53,-9,43
1741510208.143481,28,-49,-81
1741510208.189481,26,-53,-70
1741510208.235481,-17,-19,-210
1741510208.281481,-6,3,-162
1741510208.3264809,22,-39,-60
1741510208.3724809,-84,31,-77
1741510208.4184809,6,-19,-130
1741510208.463481,66,86,-144
1741510208.509481,-18,3,19
1741510208.555481,-8,-29,-112
1741510208.601481,45,-42,-202
1741510208.646481,3,-74,-20
1741510208.6924808,41,-33,-205
1741510208.7384808,-38,58,-13
1741510208.783481,-41,-84,-89
1741510208.829481,-86,52,-147
1741510208.875481,-18,-19,-63
1741510208.921481,-74,-21,-139
1741510208.966481,-64,47,-45
1741510209.012481,41,-54,-1
1741510209.058481,-3,47,-191
1741510209.1034808,31,-44,-75
1741510209.1494808,34,63,-97
1741510209.1954808,45,24,-165
1741510209.2414808,-70,36,-65
1741510209.286481,89,-6,14
1741510209.332481,61,1,-15
1741510209.378481,-20,61,-103
1741510209.423481,35,-72,-33
1741510209.469481,-16,21,-83
1741510209.515481,55,-26,-95
1741510209.561481,16,51,-149
1741510209.6064808,74,-40,-59
1741510209.6524808,-37,-24,2
1741510209.6984808,-16,-19,-49
1741510209.743481,-68,-1,-76
1741510209.789481,23,-11,-135
1741510209.835481,-74,46,-51
1741510209.881481,6,-27,-21
1741510209.926481,18,38,-193
1741510209.972481,18,-20,92
1741510210.018481,-31,-50,-96
1741510210.0634809,-31,-20,-135
1741510210.1094809,53,67,0
1741510210.1554809,-112,-18,-113
1741510210.2014809,-6,62,-21
1741510210.246481,43,76,-79
1741510210.292481,-53,-84,-104
1741510210.338481,12,-101,-82
1741510210.383481,16,14,-1
1741510210.429481,-6,-60,-173
1741510210.475481,-15,26,-119
1741510210.521481,25,-58,-69
1741510210.5664809,-1,-12,-77
1741510210.6124809,-29,-32,-19
1741510210.658481,-1,21,-199
1741510210.703481,2,0,-25
1741510210.749481,27,-38,-117
1741510210.795481,22,1,-29
1741510210.8404808,-29,-34,-127
1741510210.8864808,48,13,-197
1741510210.9324808,6,47,-153
1741510210.9784808,-41,71,92
1741510211.023481,32,-22,-133
1741510211.069481,-43,-58,-25
1741510211.115481,-21,7,-37
1741510211.160481,24,-48,-79
1741510211.206481,49,45,-89
1741510211.252481,-6,13,-99
1741510211.298481,17,55,-131
1741510211.3434808,9,1,22
1741510211.3894808,61,-40,-125
1741510211.4354808,-134,10,-153
1741510211.480481,63,47,-159
1741510211.526481,-6,-70,-95
1741510211.572481,-60,0,-21
1741510211.618481,-15,3,-107
1741510211.663481,-1,-50,-83
1741510211.709481,78,-18,-97
1741510211.755481,-18,-5,-35
1741510211.8004808,19,-71,40
1741510211.8464808,-106,-75,20
1741510211.8924809,3,-53,-217
1741510211.9384809,-2,-45,0
1741510211.983481,-73,16,20
1741510212.029481,4,30,30
1741510212.075481,110,-3,-59
1741510212.120481,-41,2,-186
1741510212.166481,31,-43,-90
1741510212.212481,-75,-16,-36
1741510212.258481,58,35,41
1741510212.3034809,17,68,-54
1741510212.3494809,-4,40,11
1741510212.3954809,-18,32,3
1741510212.440481,10,-28,-104
1741510212.486481,48,-16,-130
1741510212.532481,-1,-3,25
1741510212.578481,53,7,-94
1741510212.623481,105,48,-84
1741510212.6694808,-6,10,-20
1741510212.7154808,-53,-15,-92
1741510212.7604809,72,-13,-140
1741510212.806481,-43,-24,-106
1741510212.852481,66,-50,5
1741510212.898481,42,-59,3
1741510212.943481,-81,-67,-94
1741510212.989481,60,-27,53
1741510213.035481,14,28,-100
1741510213.0804808,35,22,-130
1741510213.1264808,55,-6,-144
1741510213.1724808,23,44,-16
1741510213.2184808,43,-29,67
1741510213.263481,-66,22,-168
1741510213.309481,1,41,-130
1741510213.355481,-74,-38,-74
1741510213.400481,5,-4,-108
1741510213.446481,-46,-22,-162
1741510213.492481,-25,-61,55
1741510213.538481,-7,-35,-78
1741510213.5834808,45,-11,-36
1741510213.6294808,-50,-63,-26
1741510213.6754808,18,-103,-152
1741510213.720481,-49,-45,-38
1741510213.766481,-1,-35,31
1741510213.812481,-5,-23,-118
1741510213.858481,14,4,-12
1741510213.903481,25,-82,47
1741510213.9554808,-28,28,-122
1741510214.000481,22,-12,-102
1741510214.046481,42,3,-66
1741510214.092481,28,-36,9
1741510214.138481,44,3,-136
1741510214.183481,-61,-4,-22
1741510214.229481,34,15,-84
1741510214.275481,-2,-52,-92
1741510214.3204808,-26,-66,26
1741510214.3664808,21,2,52
1741510214.4124808,31,64,-82
1741510214.4584808,-110,29,-82
1741510214.503481,-30,7,-166
1741510214.549481,41,27,-94
1741510214.595481,-3,-21,-91
1741510214.640481,14,-35,-185
1741510214.686481,20,-29,-12
1741510214.732481,-4,-55,-158
1741510214.778481,19,34,-52
1741510214.8234808,-68,12,-144
1741510214.8694808,1,-82,53
1741510214.9154809,-4,15,-100
1741510214.960481,13,-8,-168
1741510215.006481,-24,23,19
1741510215.052481,-32,17,1
1741510215.098481,53,-22,-148
1741510215.143481,-51,-8,11
1741510215.189481,13,-38,24
1741510215.235481,-33,-64,-113
1741510215.2804809,20,21,-65
1741510215.3264809,30,13,-31
1741510215.3724809,31,14,-87
1741510215.4184809,67,-13,-127
1741510215.463481,-70,67,-11
1741510215.509481,77,9,-59
1741510215.555481,5,21,-129
1741510215.600481,5,-62,-167
1741510215.646481,67,-32,66
1741510215.6924808,-66,-20,-65
1741510215.7384808,-6,-56,-23
1741510215.783481,37,-26,-89
1741510215.829481,23,4,-85
1741510215.875481,0,60,-173
1741510215.920481,-44,40,-209
1741510215.966481,-22,-24,-61
1741510216.012481,-104,-7,-49
1741510216.058481,-14,74,-83
1741510216.1034808,7,20,-191
1741510216.1494808,33,21,-95
1741510216.1954808,-16,19,-57
1741510216.240481,57,1,-189
1741510216.286481,57,23,26
1741510216.332481,-62,-30,-49
1741510216.378481,53,25,-1
1741510216.423481,-30,-68,-65
1741510216.469481,-28,27,-149
1741510216.515481,-65,-45,-125
1741510216.5604808,71,4,-61
1741510216.6064808,52,-17,52
1741510216.6524808,-6,-15,-143
1741510216.697481,-46,-7,22
1741510216.743481,-12,39,19
1741510216.789481,0,7,63
1741510216.835481,103,-14,-81
1741510216.880481,29,-15,32
1741510216.926481,31,4,-43
1741510216.972481,32,-32,-81
1741510217.018481,31,9,-31
1741510217.0634809,25,-52,-42
1741510217.1094809,7,13,-105
1741510217.1554809,0,27,-35
1741510217.200481,-38,-42,-187
1741510217.246481,3,-2,-99
1741510217.292481,19,7,-31
1741510217.338481,87,10,-127
1741510217.383481,-95,34,0
1741510217.429481,-87,18,-67
1741510217.475481,-30,49,-73
1741510217.5204809,50,-68,-51
1741510217.5664809,4,3,-75
1741510217.6124809,13,-68,-145
1741510217.658481,-11,-46,-43
1741510217.703481,-12,-52,-5
1741510217.749481,57,-5,-44
1741510217.795481,42,-12,-66
1741510217.8404808,-3,90,-84
1741510217.8864808,-15,24,-192
1741510217.9324808,-8,-38,-34
1741510217.977481,-48,-7,69
1741510218.023481,-24,-21,-4
1741510218.069481,45,-57,-72
1741510218.115481,-10,-35,-10
1741510218.160481,53,16,-114
1741510218.206481,-54,-44,3
1741510218.252481,49,-8,-12
1741510218.2974808,-77,-61,-62
1741510218.3434808,-5,90,-18
1741510218.3894808,14,-11,-110
1741510218.4354808,64,-30,-58
1741510218.480481,48,-14,43
1741510218.526481,70,-41,-120
1741510218.572481,-4,-38,19
1741510218.617481,-18,25,-74
1741510218.663481,-23,-4,-12
1741510218.709481,-34,-25,-130
1741510218.755481,-12,-81,-192
1741510218.8004808,-85,-9,-114
1741510218.8464808,-34,47,-90
1741510218.8924809,67,31,-97
1741510218.937481,123,-42,-94
1741510218.983481,29,31,-20
1741510219.029481,98,-51,-11
1741510219.075481,-40,-21,-153
1741510219.120481,28,22,-169
1741510219.166481,89,69,-235
1741510219.212481,53,-6,-33
1741510219.2574809,17,7,108
1741510219.3034809,19,-2,-71
1741510219.3494809,7,7,-79
1741510219.3954809,42,-1,-133
1741510219.440481,3,6,-49
1741510219.486481,50,-77,-109
1741510219.532481,70,-8,-171
1741510219.577481,-57,-21,-51
1741510219.623481,46,-41,-39
1741510219.6694808,42,13,-147
1741510219.7154808,-83,3,-111
1741510219.7604809,-11,77,-85
1741510219.806481,37,-2,-37
1741510219.852481,-83,30,-159
1741510219.897481,32,-78,-103
1741510219.943481,-29,79,-49
1741510219.989481,12,51,-35
1741510220.035481,-71,-8,-153
1741510220.0804808,48,-14,-37
1741510220.1264808,132,27,-29
1741510220.1724808,68,-70,-31
1741510220.217481,-60,42,-25
1741510220.263481,12,-14,-257
1741510220.309481,52,1,-187
1741510220.355481,85,63,-95
1741510220.400481,13,22,-79
1741510220.446481,-22,2,-107
1741510220.492481,29,-45,-101
1741510220.5374808,-35,-9,12
1741510220.5834808,49,-25,-78
1741510220.6294808,7,-19,-130
1741510220.6754808,11,-1,-104
1741510220.720481,-46,-20,-10
1741510220.766481,109,40,-140
1741510220.812481,15,44,33
1741510220.857481,-18,26,-204
1741510220.903481,7,21,-80
1741510220.949481,-12,-60,-148
1741510220.995481,0,-69,-58
1741510221.0404809,18,1,-8
1741510221.0864809,43,102,-194
1741510221.1324809,-27,-22,-58
1741510221.177481,-63,9,89
1741510221.223481,-52,39,-2
1741510221.269481,-60,53,1
1741510221.315481,39,-7,-46
1741510221.360481,-6,36,-38
1741510221.406481,-26,-1,-46
1741510221.452481,-32,7,-28
1741510221.4974809,-39,3,8
1741510221.5434809,-53,-12,-87
1741510221.5894809,18,-10,-15
1741510221.6354809,-32,33,-39
1741510221.680481,43,-47,-115
1741510221.726481,0,48,28
1741510221.772481,15,-21,-47
1741510221.8174808,-88,48,2
1741510221.8634808,-20,14,-53
1741510221.9094808,5,-14,-107
1741510221.9554808,-38,-44,24
1741510222.000481,89,25,-67
1741510222.046481,-30,-37,-123
1741510222.092481,7,-5,-105
1741510222.137481,19,-51,-157
1741510222.183481,66,6,-171
1741510222.229481,45,48,-111
1741510222.275481,55,-16,-115
1741510222.3204808,37,1,-65
1741510222.3664808,-45,-16,-53
1741510222.4124808,10,-74,-25
1741510222.457481,-8,-21,-157
1741510222.503481,39,-29,-127
1741510222.549481,31,-57,-191
1741510222.595481,-4,16,-63
1741510222.640481,57,-39,-113
1741510222.686481,50,75,-31
1741510222.732481,-7,-32,-159
1741510222.7774808,-7,-56,-111
1741510222.8234808,43,-70,-32
1741510222.8694808,-34,29,-208
1741510222.9154809,35,-62,-104
1741510222.960481,4,-14,-100
1741510223.006481,-50,-64,-53
1741510223.052481,-40,27,-108
1741510223.097481,-28,31,-40
1741510223.143481,55,45,7
1741510223.189481,24,-3,30
1741510223.235481,41,13,-105
1741510223.2804809,-8,-18,-112
1741510223.3264809,-16,-38,-51
1741510223.3724809,-98,-12,-99
1741510223.417481,-36,-16,-75
1741510223.463481,18,-30,-45
1741510223.509481,-12,19,-93
1741510223.555481,11,17,-43
1741510223.600481,-38,-76,-183
1741510223.646481,0,23,-175
1741510223.6924808,-28,-12,-61
1741510223.7374809,-16,-18,-81
1741510223.783481,15,57,-83
1741510223.829481,-6,-6,74
1741510223.875481,65,-57,-81
1741510223.920481,-4,-21,-39
1741510223.972481,-45,52,-13
1741510224.0174809,-7,44,-147
1741510224.0634809,-37,1,-73
1741510224.1094809,-28,0,-29
1741510224.1554809,34,66,-43
1741510224.200481,-23,-17,-39
1741510224.246481,61,32,-163
1741510224.291481,35,35,-99
1741510224.3364809,-30,-44,-75
1741510224.3824809,7,13,-119
1741510224.4284809,-24,-74,-75
1741510224.473481,-34,0,-101
1741510224.519481,38,48,-83
1741510224.565481,4,-84,-107
1741510224.610481,25,24,-95
1741510224.656481,-17,-22,-164
1741510224.702481,-25,-57,-134
1741510224.748481,-25,57,-138
1741510224.7934809,44,41,-26
1741510224.8394809,-47,5,-182
1741510224.8854809,-41,61,-56
1741510224.930481,-50,18,73
1741510224.976481,51,18,-14
1741510225.022481,91,-15,-74
1741510225.068481,69,-38,-244
1741510225.1134808,36,-6,-18
1741510225.1594808,-46,39,-106
1741510225.2054808,11,-38,87
1741510225.250481,63,5,-162
1741510225.296481,47,5,-24
1741510225.342481,-64,-18,-16
1741510225.388481,3,-30,-98
1741510225.433481,62,-12,-142
1741510225.479481,-18,85,-74
1741510225.525481,22,34,21
1741510225.5704808,10,6,-76
1741510225.6164808,97,68,9
1741510225.6624808,-24,-82,21
1741510225.7084808,-136,28,43
1741510225.753481,-32,-17,-94
1741510225.799481,-8,6,13
1741510225.845481,45,-82,-68
1741510225.890481,28,-79,-144
1741510225.936481,27,-14,21
1741510225.982481,-32,-40,-54
1741510226.028481,-18,-56,-92
1741510226.0734808,-4,5,-108
1741510226.1194808,-34,47,-110
1741510226.1654809,95,41,-92
1741510226.210481,-12,-56,-120
1741510226.256481,65,15,-77
1741510226.302481,61,-12,38
1741510226.348481,10,108,-13
1741510226.393481,-11,-11,-85
1741510226.439481,44,22,-109
1741510226.485481,56,-3,-93
1741510226.5304809,26,-91,-77
1741510226.5764809,-76,-22,-71
1741510226.6224809,-24,-24,-71
1741510226.6684809,-6,-10,-101
1741510226.713481,-34,45,-209
1741510226.759481,95,-68,-115
1741510226.805481,7,-28,-121
1741510226.850481,-14,-8,-71
1741510226.896481,-30,21,-113
1741510226.9424808,19,21,6
1741510226.9884808,-78,-30,-115
1741510227.033481,-30,15,30
1741510227.079481,-56,-50,-165
1741510227.125481,11,25,10
1741510227.170481,-39,-4,-51
1741510227.216481,-39,-50,-29
1741510227.262481,33,-93,-71
1741510227.308481,-35,32,-181
1741510227.3534808,13,-33,-57
1741510227.3994808,-2,-11,-35
1741510227.4454808,25,4,-127
1741510227.490481,-22,1,-181
1741510227.536481,99,21,-107
1741510227.582481,67,63,-35
1741510227.628481,37,7,-123
1741510227.673481,11,-2,-83
1741510227.719481,-72,-16,-119
1741510227.765481,45,1,16
1741510227.8104808,-4,-30,-11
1741510227.8564808,-4,-20,-91
1741510227.9024808,-32,-36,-37
1741510227.9484808,35,43,-161
1741510227.993481,-2,11,-105
1741510228.039481,28,27,-95
1741510228.085481,-36,-74,-57
1741510228.130481,22,-8,-23
1741510228.176481,24,-48,-33
1741510228.222481,51,-10,-41
1741510228.268481,21,57,-107
1741510228.3134809,21,79,-43
1741510228.3594809,65,23,-15
1741510228.4054809,60,-6,-137
1741510228.450481,-65,-28,22
1741510228.496481,-26,-16,-19
1741510228.542481,13,-20,-77
1741510228.588481,21,5,-91
1741510228.633481,5,3,-99
1741510228.679481,-12,-20,-105
1741510228.725481,-56,20,-197
1741510228.7704809,-16,54,-63
1741510228.8164809,-27,6,-101
1741510228.8624809,54,2,-113
1741510228.908481,-13,27,-37
1741510228.953481,3,57,-41
1741510228.999481,22,-61,-69
1741510229.045481,0,-31,-127
1741510229.0904808,-1,90,-159
1741510229.1364808,106,34,-117
1741510229.1824808,22,32,-95
1741510229.2284808,-24,17,-99
1741510229.273481,45,21,-35
1741510229.319481,29,31,-145
1741510229.365481,-28,-30,-45
1741510229.410481,10,6,-125
1741510229.456481,-11,-23,-145
1741510229.502481,128,16,120
1741510229.548481,-33,83,-119
1741510229.5934808,-3,-9,-31
1741510229.6394808,-21,-3,-259
1741510229.6854808,-7,6,-81
1741510229.730481,64,-73,2
1741510229.776481,-11,70,-161
1741510229.822481,-69,-25,-37
1741510229.868481,16,-23,-229
1741510229.913481,-65,-43,-67
1741510229.959481,0,18,-123
1741510230.005481,8,-25,-59
1741510230.0504808,56,-17,44
1741510230.0964808,-41,-65,-113
1741510230.1424809,30,-21,-112
1741510230.1884809,-63,41,-130
1741510230.233481,24,-26,-52
1741510230.279481,30,10,-272
1741510230.325481,-23,66,-120
1741510230.370481,52,-53,-70
1741510230.416481,41,-2,-114
1741510230.462481,108,-76,-130
1741510230.508481,40,-27,-100
1741510230.5534809,-4,-50,77
1741510230.5994809,-2,-8,0
1741510230.6454809,6,-23,5
1741510230.690481,-19,20,-64
1741510230.736481,-1,39,9
1741510230.782481,-3,21,-18
1741510230.828481,-59,70,-64
1741510230.873481,16,50,-104
1741510230.9194808,28,-24,5
1741510230.9654808,24,-9,-122
1741510231.0104809,-69,-51,-32
1741510231.056481,11,-5,-78
1741510231.102481,25,-23,-86
1741510231.148481,13,-33,-146
1741510231.193481,-40,-33,-154
1741510231.239481,3,58,-84
1741510231.285481,35,2,-62
1741510231.3304808,79,10,-134
1741510231.3764808,-62,76,-174
1741510231.4224808,33,86,-100
1741510231.467481,84,18,57
1741510231.513481,31,-68,-82
1741510231.559481,-42,-40,-40
1741510231.605481,-9,0,-50
1741510231.650481,-26,13,-56
1741510231.696481,42,-23,55
1741510231.742481,-46,10,-34
1741510231.7874808,-8,6,-92
1741510231.8334808,57,-33,7
1741510231.8794808,-54,0,-160
1741510231.9254808,-10,76,-46
1741510231.970481,57,-20,-88
1741510232.016481,33,53,-2
1741510232.062481,79,-24,-134
1741510232.107481,64,57,-88
1741510232.153481,52,3,-56
1741510232.199481,24,-36,-84
1741510232.245481,50,-10,-128
1741510232.2904809,72,-18,63
1741510232.3364809,-51,-30,-236
1741510232.3824809,24,71,-47
1741510232.427481,-23,-30,-55
1741510232.473481,-65,-20,4
1741510232.519481,12,-66,-117
1741510232.565481,-11,35,-65
1741510232.610481,38,-2,-36
1741510232.656481,14,-38,-93
1741510232.702481,34,-24,-66
1741510232.7474809,-89,31,-31
1741510232.7934809,-43,-38,-22
1741510232.8394809,-64,-14,-92
1741510232.8854809,81,5,-140
1741510232.930481,-11,-38,-70
1741510232.976481,-1,-22,-97
1741510233.022481,62,15,-110
1741510233.0674808,-18,-2,-194
1741510233.1134808,10,-2,-102
1741510233.1594808,22,48,3
1741510233.2054808,-45,48,-10
1741510233.250481,-25,-45,-16
1741510233.296481,-45,-7,-199
1741510233.342481,-23,16,-127
1741510233.387481,-46,37,-197
1741510233.433481,-16,-7,-19
1741510233.479481,14,94,13
1741510233.525481,-39,80,-48
1741510233.5704808,24,28,-94
1741510233.6164808,48,-12,-138
1741510233.6624808,-63,85,-147
1741510233.707481,38,24,-195
1741510233.753481,-20,12,10
1741510233.799481,30,20,-89
1741510233.845481,-37,28,-149
1741510233.8894808,-49,-21,-189
1741510233.9414809,34,59,-81
1741510233.986481,-59,-18,-82
1741510234.032481,-14,15,-227
1741510234.078481,23,-16,-64
1741510234.123481,-8,-10,-53
1741510234.1694808,59,23,-169
1741510234.2154808,-13,-41,-41
1741510234.2614808,23,-17,0
1741510234.306481,63,-1,56
1741510234.352481,41,-57,-121
1741510234.398481,-62,36,60
1741510234.443481,9,-29,-25
1741510234.489481,17,-6,52
1741510234.535481,-39,66,-39
1741510234.581481,-42,-54,-13
1741510234.6264808,13,-4,-23
1741510234.6724808,19,-7,-189
1741510234.7184808,-97,-20,-85
1741510234.763481,69,63,-173
1741510234.809481,-38,-62,-107
1741510234.855481,-41,-22,-229
1741510234.901481,0,54,-54
1741510234.946481,-22,-23,-13
1741510234.992481,-9,19,-63
1741510235.038481,42,5,-75
1741510235.0834808,0,-35,-102
1741510235.1294808,-16,19,-131
1741510235.1754808,52,2,-157
1741510235.2214808,21,3,-83
1741510235.266481,22,-51,-194
1741510235.312481,12,16,-112
1741510235.358481,-61,-39,-122
1741510235.403481,82,10,-230
1741510235.449481,50,-39,17
1741510235.495481,-43,12,-110
1741510235.541481,45,-14,1
1741510235.5864809,-76,0,-39
1741510235.6324809,-53,-2,-1
1741510235.6784809,-19,-4,-23
1741510235.723481,-56,19,-87
1741510235.769481,79,0,-85
1741510235.815481,119,-60,-105
1741510235.861481,3,11,60
1741510235.906481,-66,9,8
1741510235.952481,17,79,-89
1741510235.998481,57,0,-53
1741510236.0434809,73,-36,98
1741510236.0894809,13,92,-123
1741510236.1354809,-32,66,6
1741510236.181481,3,17,-131
1741510236.226481,-22,-31,22
1741510236.272481,-48,-44,-41
1741510236.318481,69,21,-57
1741510236.3634808,-25,20,-101
1741510236.4094808,6,-7,-51
1741510236.4554808,51,13,-122
1741510236.5014808,-71,38,60
1741510236.546481,-45,-33,-177
1741510236.592481,18,50,-99
1741510236.638481,-7,-39,-5
1741510236.683481,69,-16,-79
1741510236.729481,35,-12,2
1741510236.775481,9,53,-151
1741510236.821481,57,-98,-3
1741510236.8664808,4,-24,-27
1741510236.9124808,11,-40,-61
1741510236.9584808,16,-23,-39
1741510237.003481,-36,-18,-85
1741510237.049481,-27,-13,-85
1741510237.095481,-72,-56,-13
1741510237.141481,-2,-62,-145
1741510237.186481,-62,-82,-121
1741510237.232481,11,-7,-75
1741510237.278481,15,30,-133
1741510237.3234808,-78,12,-71
1741510237.3694808,-12,6,-50
1741510237.4154809,43,-53,-152
1741510237.4614809,-2,48,-93
1741510237.506481,-4,-1,-33
1741510237.552481,0,0,-99
1741510237.598481,20,36,63
1741510237.643481,50,90,-57
1741510237.689481,-41,16,-112
1741510237.735481,24,12,-68
1741510237.781481,-23,-45,-22
1741510237.8264809,42,-41,-66
1741510237.8724809,32,19,-58
1741510237.9184809,43,27,-16
1741510237.963481,-16,24,9
1741510238.009481,0,-77,-70
1741510238.055481,23,-49,-40
1741510238.101481,6,-39,-14
1741510238.146481,-19,-64,-152
1741510238.1924808,26,-30,27
1741510238.2384808,10,-20,-58
1741510238.283481,16,-10,-22
1741510238.329481,11,22,-156
1741510238.375481,-3,-13,-88
1741510238.420481,6,6,-74
1741510238.466481,44,-7,3
1741510238.512481,-73,32,-68
1741510238.558481,34,-23,-50
1741510238.6034808,12,70,63
1741510238.6494808,-113,48,-92
1741510238.696481,-3,6,-180
1741510238.742481,-47,-71,-38
1741510238.7874808,38,-43,-80
1741510238.8334808,-55,-21,-62
1741510238.8794808,-20,-46,-70
1741510238.924481,13,45,-156
1741510238.970481,27,-1,-56
1741510239.016481,-10,-44,-14
1741510239.062481,-10,36,-14
1741510239.107481,-2,11,-40
1741510239.153481,-68,-112,-114
1741510239.199481,33,-30,-92
1741510239.2444808,-48,-64,-72
1741510239.2904809,-38,82,-198
1741510239.3364809,23,2,-54
1741510239.3824809,0,-34,-64
1741510239.427481,-56,42,-56
1741510239.473481,33,-10,-191
1741510239.519481,-52,0,-51
1741510239.564481,-20,13,-77
1741510239.610481,-22,-28,-7
1741510239.656481,-82,-19,-151
1741510239.702481,9,-16,-125
1741510239.7474809,0,-64,26
1741510239.7934809,0,-2,-85
1741510239.8394809,-50,0,-75
1741510239.884481,-8,-48,2
1741510239.930481,-102,-80,-218
1741510239.976481,7,-2,-210
1741510240.022481,-57,-7,-147
1741510240.0674808,-78,-80,-145
1741510240.1134808,53,15,-35
1741510240.1594808,-16,-20,-209
1741510240.204481,-38,50,-42
1741510240.250481,59,-21,25
1741510240.296481,0,13,-114
1741510240.342481,5,6,-104
1741510240.387481,11,-31,-44
1741510240.433481,-24,6,-146
1741510240.479481,0,15,-116
1741510240.5244808,-70,-44,-244
1741510240.5704808,7,-92,-148
1741510240.6164808,43,15,-190
1741510240.6624808,-24,-6,-114
1741510240.707481,-16,13,-8
1741510240.753481,3,41,-76
1741510240.799481,-44,-14,-80
1741510240.844481,-14,102,-82
1741510240.890481,111,8,-90
1741510240.936481,-30,20,-160
1741510240.982481,-82,0,45
1741510241.0274808,41,-48,-134
1741510241.0734808,93,7,-140
1741510241.1194808,-18,58,-216
1741510241.164481,79,-18,-126
1741510241.210481,-48,-28,-48
1741510241.256481,57,107,-110
1741510241.302481,79,-2,-96
1741510241.347481,-111,29,-70
1741510241.393481,59,-33,-30
1741510241.439481,48,5,-26
1741510241.4844809,7,27,-210
1741510241.5304809,55,-46,-214
1741510241.5764809,-2,9,-2
1741510241.6224809,-96,37,-79
1741510241.667481,-132,19,-119
1741510241.713481,-6,-28,-51
1741510241.759481,-27,-22,-13
1741510241.804481,-72,96,-99
1741510241.850481,-26,21,-47
1741510241.896481,-66,12,-115
1741510241.9424808,-18,66,-55
1741510241.9874809,3,4,-93
1741510242.033481,-133,10,-15
1741510242.079481,-17,-94,-165
1741510242.124481,-5,39,-111
1741510242.170481,45,9,-151
1741510242.216481,-62,11,-69
1741510242.262481,61,76,-94
1741510242.3074808,23,-36,-26
1741510242.3534808,-2,-15,60
1741510242.3994808,-12,12,-101
1741510242.444481,-59,-16,40
1741510242.490481,-41,3,-91
1741510242.536481,2,-10,-137
1741510242.582481,11,-86,14
1741510242.627481,42,41,-101
1741510242.673481,-40,-40,-131
1741510242.719481,-80,-32,-145
1741510242.7644808,3,-48,-165
1741510242.8104808,-44,31,-63
1741510242.8564808,-2,-32,-75
1741510242.9024808,-38,-44,-147
1741510242.947481,-60,-15,-83
1741510242.993481,100,20,-61
1741510243.039481,-14,-54,-13
1741510243.084481,36,39,-87
1741510243.130481,-45,-23,34
1741510243.176481,-109,-55,-75
1741510243.222481,72,95,-93
1741510243.2674809,-14,93,-231
1741510243.3134809,-18,55,-79
1741510243.3594809,-22,-10,-152
1741510243.404481,89,-6,-84
1741510243.450481,103,7,-106
1741510243.496481,131,-64,-118
1741510243.542481,-28,1,-146
1741510243.587481,-14,-32,-146
1741510243.633481,23,9,-26
1741510243.679481,11,-12,-34
1741510243.7244809,29,-39,-60
1741510243.7704809,-20,5,-74
1741510243.8164809,-20,75,-168
1741510243.8624809,-4,-74,-118
1741510243.907481,20,99,65
1741510243.959481,44,-2,-180
1741510244.0044808,-83,-2,-26
1741510244.0504808,60,3,-38
1741510244.0964808,51,-30,-180
1741510244.1424809,-53,11,-94
1741510244.187481,-51,53,-218
1741510244.233481,28,-26,-92
1741510244.279481,-13,-12,-6
1741510244.324481,13,-47,-30
1741510244.370481,82,11,-96
1741510244.416481,-10,49,-70
1741510244.462481,-6,33,-92
1741510244.5074809,9,17,-84
1741510244.5534809,-76,-4,-28
1741510244.5994809,45,-16,-60
1741510244.644481,37,-2,-124
1741510244.690481,15,-106,-68
1741510244.736481,23,17,-28
1741510244.782481,81,-48,-40
1741510244.827481,-30,-24,-90
1741510244.873481,65,-52,-14
1741510244.9194808,62,-34,-112
1741510244.9644809,32,-74,58
1741510245.0104809,-48,-10,-79
1741510245.056481,71,-16,-97
1741510245.102481,25,45,-111
1741510245.147481,-10,1,-199
1741510245.193481,1,0,-27
1741510245.239481,3,-28,-173
1741510245.2844808,0,-5,44
1741510245.3304808,-14,19,-39
1741510245.3764808,55,31,6
1741510245.421481,69,-72,-103
1741510245.467481,82,62,-135
1741510245.513481,-7,-37,-129
1741510245.559481,71,-32,-167
1741510245.604481,39,33,-9
1741510245.650481,10,6,-91
1741510245.696481,-26,-108,-163
1741510245.7414808,84,-18,40
1741510245.7874808,-40,-16,26
1741510245.8334808,35,24,-133
1741510245.8794808,45,-5,-2
1741510245.924481,-76,26,-105
1741510245.970481,-98,56,-108
1741510246.016481,-38,6,-108
1741510246.061481,7,-50,9
1741510246.107481,-32,-4,-70
1741510246.153481,-60,-14,-52
1741510246.199481,19,-8,-139
1741510246.2444808,-17,-30,-114
1741510246.2904809,105,-3,-118
1741510246.3364809,0,-7,-84
1741510246.381481,-16,-66,-98
1741510246.427481,-33,-58,-110
1741510246.473481,51,57,-54
1741510246.519481,-51,-11,-94
1741510246.564481,16,-35,-50
1741510246.610481,-52,0,-198
1741510246.656481,0,-1,-28
1741510246.7014809,-19,26,-32
1741510246.7474809,38,36,97
1741510246.7934809,58,34,-22
1741510246.8394809,61,29,-240
1741510246.884481,-26,1,-180
1741510246.930481,46,32,87
1741510246.976481,39,-12,-176
1741510247.021481,40,-91,-140
1741510247.0674808,-31,-4,-168
1741510247.1134808,-25,-22,-42
1741510247.1594808,16,-76,-160
1741510247.204481,-35,67,-62
1741510247.250481,12,81,-114
1741510247.296481,28,35,-96
1741510247.341481,21,-14,-108
1741510247.387481,131,-44,-78
1741510247.433481,-52,-38,-4
1741510247.479481,25,-24,-217
1741510247.5244808,31,-48,-83
1741510247.5704808,7,33,-125
1741510247.6164808,19,-34,-81
1741510247.661481,5,21,-121
1741510247.707481,55,1,-31
1741510247.753481,76,52,-15
1741510247.799481,0,64,-33
1741510247.844481,104,54,-47
1741510247.890481,13,89,-131
1741510247.936481,-10,-46,-69
1741510247.9814808,-7,64,-57
1741510248.0274808,-17,-11,-41
1741510248.0734808,-7,52,-51
1741510248.1194808,-20,0,-65
1741510248.164481,86,74,-213
1741510248.210481,16,-9,-81
1741510248.256481,40,-7,14
1741510248.301481,-121,-22,118
1741510248.347481,96,-8,-110
1741510248.393481,-1,15,-83
1741510248.439481,10,32,-41
1741510248.4844809,36,14,-13
1741510248.5304809,-73,98,-129
1741510248.5764809,24,-11,-7
1741510248.621481,-21,-27,-85
1741510248.667481,-49,22,-149
1741510248.713481,-9,-14,-61
1741510248.759481,-52,29,-29
1741510248.804481,8,-16,20
1741510248.850481,-105,36,-93
1741510248.896481,20,4,-93
1741510248.9414809,94,-45,60
1741510248.9874809,4,-9,-13
1741510249.033481,14,28,-27
1741510249.079481,0,-102,50
1741510249.124481,-15,-6,-171
1741510249.170481,22,-5,-1
1741510249.216481,88,29,-141
1741510249.2614808,58,-47,10
1741510249.3074808,-13,-26,-199
1741510249.352481,48,-42,-107
1741510249.397481,82,5,-81
1741510249.443481,43,36,-21
1741510249.489481,0,-55,-78
1741510249.535481,55,-5,-146
1741510249.5804808,-30,-63,-34
1741510249.6264808,59,-9,-76
1741510249.6724808,27,-38,-132
1741510249.717481,-30,-100,-138
1741510249.763481,41,24,-170
1741510249.809481,97,65,21
1741510249.855481,35,-86,-100
1741510249.900481,-62,-2,-174
1741510249.946481,-2,65,-134
1741510249.992481,-29,-17,-102
1741510250.0374808,96,-32,-54
1741510250.0834808,78,-12,-164
1741510250.1294808,50,-62,-86
1741510250.1754808,-24,25,-42
1741510250.220481,-9,-6,-58
1741510250.266481,-13,-20,-42
1741510250.312481,-14,20,-182
1741510250.357481,50,39,-108
1741510250.403481,0,-26,-18
1741510250.449481,-53,-42,-52
1741510250.495481,76,-2,-70
1741510250.5404809,22,-42,-176
1741510250.5864809,25,0,-174
1741510250.6324809,-52,-114,-109
1741510250.677481,10,-58,-89
1741510250.723481,62,23,-44
1741510250.769481,8,-14,-124
1741510250.815481,40,57,-32
1741510250.860481,43,-30,25
1741510250.906481,-36,-25,-179
1741510250.952481,19,15,-11
1741510250.9974809,31,9,-17
1741510251.0434809,60,-8,-123
1741510251.0894809,76,51,-157
1741510251.1354809,55,-4,-19
1741510251.180481,37,39,-20
1741510251.226481,5,-30,-72
1741510251.272481,57,18,-50
1741510251.3174808,58,-10,-6
1741510251.3634808,-73,-66,-39
1741510251.4094808,-25,21,-123
1741510251.4554808,12,24,-201
1741510251.500481,-93,10,-33
1741510251.546481,12,30,-79
1741510251.592481,9,0,-71
1741510251.637481,37,29,34
1741510251.683481,-71,-3,-7
1741510251.729481,49,-28,2
1741510251.775481,-86,-63,-39
1741510251.8204808,33,5,-121
1741510251.8664808,75,-3,-101
1741510251.9124808,-56,47,36
1741510251.957481,69,4,-119
1741510252.003481,-51,32,-107
1741510252.049481,22,-55,-69
1741510252.094481,-27,-19,-111
1741510252.140481,-2,32,-72
1741510252.186481,-4,-8,-91
1741510252.232481,23,-39,5
1741510252.2774808,-70,-40,-106
1741510252.3234808,73,-54,-57
1741510252.3694808,-34,-6,-71
1741510252.414481,27,-40,-59
1741510252.460481,-60,17,-93
1741510252.506481,5,75,-85
1741510252.552481,61,-72,-85
1741510252.597481,27,67,-33
1741510252.643481,-60,15,-199
1741510252.689481,-36,9,-149
1741510252.7344809,49,85,-143
1741510252.7804809,-76,17,2
1741510252.8264809,67,3,-33
1741510252.8724809,6,67,-55
1741510252.917481,-18,-60,-9
1741510252.963481,-28,13,-137
1741510253.009481,-48,7,2
1741510253.054481,17,11,-91
1741510253.100481,20,24,-119
1741510253.146481,-16,39,-151
1741510253.1924808,5,-28,-59
1741510253.2374809,48,70,-93
1741510253.283481,75,-33,-15
1741510253.329481,-46,55,-121
1741510253.374481,44,-87,-45
1741510253.420481,79,-26,-122
1741510253.466481,-10,33,-27
1741510253.512481,0,-16,-97
1741510253.5574808,1,-2,-27
1741510253.6034808,7,3,-221
1741510253.6494808,-62,-34,-63
1741510253.694481,0,0,-93
1741510253.740481,-48,-18,-55
1741510253.786481,-76,29,-43
1741510253.832481,47,-39,-205
1741510253.877481,-14,-47,-69
1741510253.923481,17,2,-15
1741510253.9744809,15,-13,-175
1741510254.0204809,3,25,-55
1741510254.0664809,37,8,-111
1741510254.1124809,0,-4,-7
1741510254.157481,55,49,-129
1741510254.202481,-58,55,-169
1741510254.248481,49,-90,-107
1741510254.2934809,3,19,-149
1741510254.3394809,-56,-13,-45
1741510254.3854809,55,-51,-47
1741510254.430481,-16,-35,-43
1741510254.476481,-111,-53,-114
1741510254.522481,1,86,-160
1741510254.568481,94,14,-100
1741510254.6134808,31,-19,-78
1741510254.6594808,-28,62,-74
1741510254.7054808,-28,-35,-174
1741510254.750481,-1,-28,-80
1741510254.796481,-11,53,-218
1741510254.842481,21,-62,-50
1741510254.888481,-17,-26,-72
1741510254.933481,50,33,-122
1741510254.979481,-66,-48,-2
1741510255.025481,100,-59,-72
1741510255.0704808,45,-2,-72
1741510255.1164808,-77,29,7
1741510255.1624808,-54,1,-122
1741510255.2084808,60,1,-58
1741510255.253481,48,-6,-54
1741510255.299481,-6,0,-164
1741510255.345481,-32,29,-70
1741510255.390481,9,37,11
1741510255.436481,-192,-4,-70
1741510255.482481,7,-6,-72
1741510255.528481,46,-74,-64
1741510255.5734808,66,87,-80
1741510255.6194808,-10,15,-122
1741510255.6654809,-59,4,-102
1741510255.710481,-126,19,-62
1741510255.756481,-13,0,-152
1741510255.802481,54,2,-80
1741510255.848481,36,26,-46
1741510255.893481,-7,-23,-68
1741510255.939481,10,-25,-29
1741510255.985481,-21,-3,-43
1741510256.0304809,26,46,-33
1741510256.0764809,-22,-73,92
1741510256.1224809,32,-9,-45
1741510256.1684809,-6,-28,-85
1741510256.213481,15,4,-43
1741510256.259481,11,20,-145
1741510256.305481,31,-26,-143
1741510256.350481,-100,-1,-51
1741510256.396481,-10,16,-95
1741510256.4424808,31,-75,-107
1741510256.4884808,-18,-33,-89
1741510256.533481,-36,-51,-77
1741510256.579481,-19,-69,-50
1741510256.625481,44,-35,-117
1741510256.670481,20,4,-75
1741510256.716481,20,-4,-101
1741510256.762481,41,-15,-23
1741510256.808481,-30,-17,-101
1741510256.8534808,1,-36,8
1741510256.8994808,-62,1,-53
1741510256.9454808,9,-46,-83
1741510256.990481,59,-26,-69
1741510257.036481,17,5,-31
1741510257.082481,-58,-52,-191
1741510257.128481,23,-45,-1
1741510257.173481,-18,40,-29
1741510257.219481,37,62,-29
1741510257.265481,0,-47,-46
1741510257.3104808,9,-37,-98
1741510257.3564808,-98,-17,-150
1741510257.4024808,-36,20,75
1741510257.4484808,-51,4,-132
1741510257.493481,41,-26,-126
1741510257.539481,-47,-3,-95
1741510257.585481,46,-77,-115
1741510257.630481,-54,7,-70
1741510257.676481,25,-73,-185
1741510257.722481,-2,-61,-3
1741510257.768481,41,44,-157
1741510257.8134809,35,-64,-56
1741510257.8594809,15,-110,-107
1741510257.9054809,-18,-20,-193
1741510257.950481,27,33,-56
1741510257.996481,-14,-32,-95
1741510258.042481,15,27,-163
1741510258.088481,79,-18,50
1741510258.133481,-29,-70,-57
1741510258.179481,-5,15,10
1741510258.225481,24,-7,-83
1741510258.2704809,-35,-49,-59
1741510258.3164809,4,28,-59
1741510258.3624809,-61,-59,-109
1741510258.408481,-32,-22,-79
1741510258.453481,1,-12,-77
1741510258.499481,107,-28,-121
1741510258.545481,-38,-32,-35
1741510258.5904808,1,11,-99
1741510258.6364808,-49,39,-137
1741510258.6824808,-44,-18,-85
1741510258.7284808,-29,-60,-109
1741510258.773481,-9,-2,-123
1741510258.819481,94,-24,-161
1741510258.865481,-15,31,-187
1741510258.910481,-11,126,-115
1741510258.956481,111,110,-49
1741510259.002481,-10,15,-101
1741510259.0474808,-8,-57,-107
1741510259.0934808,-4,-5,-25
1741510259.1394808,9,40,-39
1741510259.1854808,49,-31,-9
1741510259.230481,-44,-17,-69
1741510259.276481,45,58,-137
1741510259.322481,-60,46,-101
1741510259.367481,15,-26,-97
1741510259.413481,5,68,-138
1741510259.459481,49,59,-6
1741510259.505481,63,-12,-34
1741510259.5504808,37,-26,-239
1741510259.5964808,-60,59,-155
1741510259.6424809,-49,45,-211
1741510259.687481,64,-40,-37
1741510259.733481,-27,18,-13
1741510259.779481,-35,-47,-75
1741510259.825481,-46,-17,-109
1741510259.870481,5,8,-31
1741510259.916481,37,-33,-87
1741510259.962481,3,18,-21
1741510260.0074809,11,-81,-81
1741510260.0534809,1,-23,-175
1741510260.0994809,-20,-87,-147
1741510260.1454809,76,-55,-37
1741510260.190481,-1,-1,-113
1741510260.236481,-21,-33,-171
1741510260.282481,-52,-43,-107
1741510260.327481,-4,-17,-103
1741510260.373481,-17,42,-95
1741510260.4194808,-32,-19,-171
1741510260.4654808,-13,10,-115
1741510260.5104809,2,-25,-97
1741510260.556481,32,-5,-149
1741510260.602481,26,11,-69
1741510260.647481,-57,-39,-95
1741510260.693481,-19,-44,106
1741510260.739481,4,-34,-79
1741510260.785481,11,31,-169
1741510260.8304808,-50,0,-11
1741510260.8764808,3,-82,-57
1741510260.9224808,91,-38,24
1741510260.967481,69,-22,-119
1741510261.013481,23,-4,-77
1741510261.059481,-78,-50,-155
1741510261.105481,-45,-1,-81
1741510261.150481,24,-23,-1
1741510261.196481,1,8,72
1741510261.242481,44,-41,-123
1741510261.2874808,-2,-10,28
1741510261.3334808,77,-64,-63
1741510261.3794808,47,-80,-15
1741510261.4254808,52,50,-185
1741510261.470481,3,-38,-143
1741510261.516481,-88,-24,-167
1741510261.562481,-21,18,-140
1741510261.607481,-17,-57,-89
1741510261.653481,6,44,-248
1741510261.699481,23,15,-97
1741510261.745481,59,75,4
1741510261.7904809,-62,-4,-141
1741510261.8364809,9,-16,-17
1741510261.8824809,-80,-21,-9
1741510261.927481,51,8,-29
1741510261.973481,70,28,-113
1741510262.019481,-86,-3,-105
1741510262.065481,69,48,-5
1741510262.110481,-8,-33,-3
1741510262.156481,-112,2,-142
1741510262.202481,-92,10,-87
1741510262.2474809,-10,-5,-131
1741510262.2934809,-76,22,124
1741510262.3394809,-20,-25,27
1741510262.3854809,-42,-20,-87
1741510262.430481,37,-4,-64
1741510262.476481,21,-18,-103
1741510262.522481,-26,30,-28
1741510262.5674808,-24,47,-189
1741510262.6134808,22,13,-147
1741510262.6594808,48,-14,-93
1741510262.7054808,-37,49,-155
1741510262.750481,-61,25,-117
1741510262.796481,16,-32,-145
1741510262.842481,-114,-65,-181
1741510262.887481,7,-25,-141
1741510262.933481,27,68,-35
1741510262.979481,13,-61,-205
1741510263.025481,-208,30,-37
1741510263.0704808,43,-19,-27
1741510263.1164808,-14,17,-145
1741510263.1624808,-117,27,-63
1741510263.207481,7,-18,12
1741510263.253481,38,-28,-47
1741510263.299481,8,65,-69
1741510263.345481,-55,-74,-5
1741510263.390481,-14,118,-131
1741510263.436481,-8,-67,-59
1741510263.482481,-16,-2,14
1741510263.5274808,-18,-38,-35
1741510263.5734808,33,30,-183
1741510263.6194808,-2,-8,-97
1741510263.6654809,12,19,-175
1741510263.710481,43,81,-67
1741510263.756481,-98,-48,-103
1741510263.802481,19,-4,-31
1741510263.847481,-68,118,-81
1741510263.893481,-48,96,10
1741510263.939481,-80,44,-139
1741510263.990481,51,-19,-39
1741510264.036481,-19,25,-125
1741510264.082481,23,-24,-49
1741510264.127481,-64,-57,-57
1741510264.173481,-37,15,-45
1741510264.219481,-53,13,-147
1741510264.265481,24,29,-85
1741510264.3104808,38,61,-119
1741510264.3564808,50,-22,-81
1741510264.4024808,-39,89,-65
1741510264.447481,-76,0,-55
1741510264.493481,-73,12,-35
1741510264.539481,14,30,-191
1741510264.585481,41,-71,-33
1741510264.630481,0,27,10
1741510264.676481,37,46,6
1741510264.722481,43,42,-201
1741510264.7674809,-35,54,-61
1741510264.8134809,3,-23,-5
1741510264.8594809,-8,27,-81
1741510264.9054809,-64,-41,-156
1741510264.950481,36,-93,15
1741510264.996481,30,-121,-90
1741510265.042481,-72,1,-32
1741510265.087481,13,29,-168
1741510265.133481,-2,67,-84
1741510265.179481,0,33,-18
1741510265.225481,5,31,-98
1741510265.2704809,-13,48,-92
1741510265.3164809,-51,52,-144
1741510265.3624809,42,36,-24
1741510265.407481,42,-13,-94
1741510265.453481,1,-14,-134
1741510265.499481,-87,70,-124
1741510265.545481,36,-53,-58
1741510265.5904808,-31,-27,-86
1741510265.6364808,-7,6,-80
1741510265.6824808,64,-35,-192
1741510265.727481,-18,107,39
1741510265.773481,100,-47,-144
1741510265.819481,-9,18,5
1741510265.864481,-23,-17,-134
1741510265.910481,-13,16,-132
1741510265.956481,10,8,-176
1741510266.002481,-7,-18,-50
1741510266.0474808,12,127,-108
1741510266.0934808,-57,23,-4
1741510266.1394808,-18,41,-118
1741510266.184481,57,53,-130
1741510266.230481,-30,-69,-82
1741510266.276481,37,-43,-48
1741510266.322481,-44,10,-116
1741510266.367481,76,-34,-58
1741510266.413481,38,-24,-152
1741510266.459481,68,-72,-126
1741510266.5044808,48,43,-108
1741510266.5504808,-13,-48,-84
1741510266.5964808,-31,-30,-134
1741510266.6424809,-15,59,-177
1741510266.687481,-2,-3,-333
1741510266.733481,-28,35,50
1741510266.779481,-42,23,-107
1741510266.824481,-18,-16,-95
1741510266.870481,-44,9,-187
1741510266.916481,-12,-19,-39
1741510266.962481,45,-27,-29
1741510267.0074809,-48,83,-123
1741510267.0534809,-48,97,-105
1741510267.0994809,-56,-62,-87
1741510267.144481,49,-78,-43
1741510267.190481,-14,55,-67
1741510267.236481,-2,45,-305
1741510267.282481,-20,19,-85
1741510267.327481,-14,-29,-95
1741510267.373481,25,36,-93
1741510267.4194808,44,-16,34
1741510267.4644809,81,-61,-29
1741510267.5104809,25,-29,-55
1741510267.556481,40,8,-107
1741510267.602481,16,-9,-109
1741510267.647481,10,4,-35
1741510267.693481,-74,-20,-31
1741510267.739481,-34,-12,-97
1741510267.7844808,-14,-8,-161
1741510267.8304808,-66,-2,-59
1741510267.8764808,53,47,-115
1741510267.9224808,45,17,-123
1741510267.967481,-60,-54,-149
1741510268.013481,-4,-12,-153
1741510268.059481,21,-44,-165
1741510268.104481,59,71,18
1741510268.150481,41,19,-79
1741510268.196481,-4,31,-90
1741510268.242481,-32,61,-16
1741510268.2874808,-18,-42,-132
1741510268.3334808,46,-25,-15
1741510268.3794808,-32,52,-142
1741510268.424481,-30,-21,-69
1741510268.470481,0,-4,-59
1741510268.516481,111,-22,-105
1741510268.562481,0,-34,-72
1741510268.607481,-2,-18,-101
1741510268.653481,-78,-59,-126
1741510268.699481,41,-64,-25
1741510268.7444808,1,-28,-105
1741510268.7904809,29,-34,-165
1741510268.8364809,-40,-40,80
1741510268.8824809,71,34,-6
1741510268.927481,42,-11,-110
1741510268.973481,-12,6,-19
1741510269.019481,-14,-15,-89
1741510269.064481,24,16,11
1741510269.110481,-15,-25,-111
1741510269.156481,54,-35,-65
1741510269.202481,-34,-18,-115
1741510269.2474809,9,7,-37
1741510269.2934809,-54,-7,-81
1741510269.3394809,-10,6,-73
1741510269.384481,-41,-87,-73
1741510269.430481,112,12,-65
1741510269.476481,18,10,-95
1741510269.522481,83,-47,28
1741510269.5674808,77,-59,-89
1741510269.6134808,-8,6,-125
1741510269.6594808,57,32,-146
1741510269.704481,-53,16,-92
1741510269.750481,-9,-29,57
1741510269.796481,30,-9,-30
1741510269.842481,-6,-6,-126
1741510269.887481,11,25,-112
1741510269.933481,-39,-16,-114
1741510269.979481,31,-62,97
1741510270.0244808,29,3,-55
1741510270.0704808,-94,-15,-170
1741510270.1164808,1,15,-140
1741510270.1624808,1,-4,-78
1741510270.207481,-54,37,-130
1741510270.253481,33,-82,-40
1741510270.299481,11,-52,-86
1741510270.344481,-36,17,-120
1741510270.390481,81,-8,-36
1741510270.436481,3,15,-50
1741510270.482481,-4,-12,-118
1741510270.5274808,-36,-60,-90
1741510270.5734808,-66,-54,-104
1741510270.6194808,7,11,-24
1741510270.664481,43,27,-56
1741510270.710481,67,-4,-94
1741510270.756481,-1,-55,-164
1741510270.802481,-37,20,41
1741510270.847481,0,-67,-94
1741510270.893481,2,16,-110
1741510270.939481,1,-6,-90
1741510270.9844809,-14,-12,-56
1741510271.0304809,-29,41,-154
1741510271.0764809,92,-28,-154
1741510271.1224809,-24,3,-93
1741510271.167481,-2,-84,-149
1741510271.213481,57,-56,-97
1741510271.259481,99,51,-113
1741510271.304481,6,-20,-83
1741510271.350481,25,13,-129
1741510271.396481,7,25,-31
1741510271.4424808,-93,-20,-127
1741510271.4874809,-7,-13,4
1741510271.533481,8,-26,-193
1741510271.579481,-5,-22,-113
1741510271.624481,13,23,-207
1741510271.670481,15,-22,-61
1741510271.716481,-38,-4,-61
1741510271.762481,19,23,-41
1741510271.8074808,-14,11,-63
1741510271.8534808,23,17,-111
1741510271.8994808,-62,13,-131
1741510271.944481,15,21,-165
1741510271.990481,-18,31,-241
1741510272.036481,37,85,48
1741510272.082481,49,-10,-53
1741510272.127481,49,-15,-127
1741510272.173481,33,1,-21
1741510272.219481,7,23,-145
1741510272.2644808,32,-54,-89
1741510272.3104808,57,-61,-29
1741510272.3564808,8,-10,-147
1741510272.401481,-25,-42,-145
1741510272.447481,-100,75,18
1741510272.493481,-6,-8,-217
1741510272.539481,-4,-33,-19
1741510272.584481,45,6,-33
1741510272.630481,13,5,-33
1741510272.676481,26,21,-67
1741510272.7214808,-67,79,-103
1741510272.7674809,14,21,-154
1741510272.8134809,-29,9,-94
1741510272.8594809,-21,-20,-66
1741510272.904481,-21,-56,-108
1741510272.950481,42,8,-100
1741510272.996481,48,-19,-14
1741510273.041481,-15,20,-150
1741510273.087481,-43,64,-2
1741510273.133481,46,-75,-70
1741510273.179481,0,35,-32
1741510273.2244809,11,6,-202
1741510273.2704809,-34,-52,-8
1741510273.3164809,-45,-65,27
1741510273.361481,-8,-8,-110
1741510273.407481,-24,52,-104
1741510273.453481,91,-73,-80
1741510273.499481,43,-9,-16
1741510273.5444808,25,31,-110
1741510273.5904808,-24,-24,-74
1741510273.6364808,-42,-56,21
1741510273.681481,13,-84,-34
1741510273.727481,1,-10,-122
1741510273.773481,69,-40,-90
1741510273.819481,-60,30,-72
1741510273.864481,108,11,-22
1741510273.910481,-3,33,55
1741510273.956481,-88,-23,57
1741510274.0074809,24,-47,-191
1741510274.0534809,0,10,-157
1741510274.0994809,-5,-33,-49
1741510274.144481,-25,28,-221
1741510274.190481,68,-18,-111
1741510274.236481,-23,79,-87
1741510274.281481,-3,-66,-105
1741510274.327481,-15,-8,-83
1741510274.373481,-60,21,-29
1741510274.4194808,29,-62,22
1741510274.4644809,9,-32,-91
1741510274.5104809,-4,51,-133
1741510274.556481,25,-36,-41
1741510274.601481,78,25,-27
1741510274.647481,54,3,-167
1741510274.693481,-9,17,-3
1741510274.739481,11,6,-47
1741510274.7844808,15,24,-127
1741510274.8304808,-2,-25,-83
1741510274.8764808,-66,38,-23
1741510274.921481,29,52,-83
1741510274.967481,83,42,-121
1741510275.013481,-77,-31,-207
1741510275.059481,5,34,-97
1741510275.104481,93,-28,-57
1741510275.150481,9,19,-1
1741510275.196481,39,-48,-61
1741510275.2414808,-76,-47,-101
1741510275.2874808,33,-9,-107
1741510275.3334808,-50,44,-85
1741510275.3794808,9,-12,4
1741510275.424481,21,-15,-41
1741510275.470481,-4,23,-93
1741510275.516481,3,-20,-139
1741510275.561481,-58,-8,-209
1741510275.607481,1,-44,-93
1741510275.653481,57,14,22
1741510275.699481,-5,-34,-49
1741510275.7444808,31,12,-55
1741510275.7904809,-44,33,-43
1741510275.8364809,-43,44,-27
1741510275.881481,9,43,-111
1741510275.927481,-14,25,-41
1741510275.973481,-30,10,84
1741510276.019481,-1,-41,-83
1741510276.064481,18,14,-37
1741510276.110481,24,2,-117
1741510276.156481,-33,-13,-97
1741510276.2014809,-35,-19,-153
1741510276.2474809,31,-16,-89
1741510276.2934809,2,-51,-70
1741510276.3394809,10,16,-6
1741510276.384481,-73,-129,-30
1741510276.430481,34,-16,-184
1741510276.476481,-9,-6,-130
1741510276.521481,11,31,-38
1741510276.5674808,29,-22,-88
1741510276.6134808,49,-18,-74
1741510276.6594808,-114,-36,-102
1741510276.704481,25,31,-78
1741510276.750481,0,-65,-92
1741510276.796481,-133,76,-28
1741510276.841481,40,6,-168
1741510276.887481,-93,18,-26
1741510276.933481,-41,-15,-90
1741510276.979481,65,-17,1
1741510277.0244808,7,-51,-158
1741510277.0704808,9,-7,-124
1741510277.1164808,35,4,-52
1741510277.161481,13,-13,-124
1741510277.207481,19,-59,-56
1741510277.253481,37,-17,-86
1741510277.299481,-18,8,-24
1741510277.344481,-33,-58,-168
1741510277.390481,-31,-32,-58
1741510277.436481,-14,0,-122
1741510277.4814808,-41,6,-66
1741510277.5274808,64,17,-132
1741510277.5734808,-59,-24,-86
1741510277.6194808,-51,-64,-54
1741510277.664481,22,-32,-80
1741510277.710481,-55,-23,-156
1741510277.756481,-41,-17,-149
1741510277.801481,7,-58,-143
1741510277.847481,-43,12,-69
1741510277.893481,0,-29,-89
1741510277.939481,77,1,-145
1741510277.9844809,-20,14,-27
1741510278.0304809,105,-15,-71
1741510278.0764809,-17,-23,-169
1741510278.121481,110,19,-82
1741510278.167481,-85,105,-52
1741510278.213481,-29,-35,-42
1741510278.259481,2,-36,-112
1741510278.304481,2,55,123
1741510278.350481,-51,-2,-142
1741510278.396481,-29,-12,-130
1741510278.4414809,-90,-40,-102
1741510278.4874809,-64,25,-60
1741510278.533481,-38,7,25
1741510278.579481,5,13,2
1741510278.624481,-28,25,-71
1741510278.670481,-6,-3,-117
1741510278.716481,-5,-42,-117
1741510278.7614808,-23,-8,-63
1741510278.8074808,8,23,-21
1741510278.8534808,-53,-46,-67
1741510278.8994808,-20,-33,-145
1741510278.944481,-27,-22,-5
1741510278.990481,0,23,-131
1741510279.036481,51,19,-107
1741510279.081481,13,-22,-69
1741510279.127481,-8,-64,60
1741510279.173481,19,39,-39
1741510279.2184808,5,-22,-69
1741510279.2644808,3,13,-17
1741510279.3104808,6,28,58
1741510279.3564808,-71,10,16
1741510279.401481,-5,20,-85
1741510279.447481,82,-29,2
1741510279.493481,98,-47,-66
1741510279.538481,39,-15,27
1741510279.584481,-9,-15,3
1741510279.630481,-38,4,-74
1741510279.676481,-55,-37,-136
1741510279.7214808,68,-38,-126
1741510279.7674809,40,-7,5
1741510279.8134809,52,11,-4
1741510279.858481,54,-20,-73
1741510279.904481,58,3,-51
1741510279.950481,-2,8,-138
1741510279.996481,10,9,-82
1741510280.041481,-13,7,-86
1741510280.087481,-56,-58,-181
1741510280.133481,-35,-40,-30
1741510280.1784809,28,5,-152
1741510280.2244809,-13,-20,-80
1741510280.2704809,-53,69,-119
1741510280.3164809,-1,-60,-105
1741510280.361481,2,36,-201
1741510280.407481,-13,56,-131
1741510280.453481,-9,-41,-165
1741510280.498481,6,-19,-161
1741510280.5444808,-39,56,-95
1741510280.5904808,28,-113,-37
1741510280.6364808,110,0,0
1741510280.681481,10,-55,-97
1741510280.727481,-50,-69,-166
1741510280.773481,68,69,-112
1741510280.818481,-3,-24,-77
1741510280.864481,7,-95,22
1741510280.910481,40,117,-40
1741510280.956481,13,-39,-53
1741510281.0014808,-18,17,-125
1741510281.0474808,35,-46,-147
1741510281.0934808,37,-22,-211
1741510281.138481,11,25,-93
1741510281.184481,13,-32,-75
1741510281.230481,35,29,-15
1741510281.276481,11,19,-21
1741510281.3204808,55,-36,-55
1741510281.3664808,11,9,0
1741510281.4124808,-56,47,-129
1741510281.457481,0,13,44
1741510281.503481,73,-18,32
1741510281.549481,-7,-59,-97
1741510281.594481,26,28,-79
1741510281.640481,47,27,-55
1741510281.686481,-1,53,-249
1741510281.732481,-34,-34,-13
1741510281.7774808,-20,-40,-31
1741510281.8234808,135,-43,-33
1741510281.8694808,17,-20,-275
1741510281.914481,-8,-68,-65
1741510281.960481,117,-16,-171
1741510282.006481,7,-20,-63
1741510282.052481,8,-3,-85
1741510282.097481,-88,0,6
1741510282.143481,114,-72,-17
1741510282.189481,-28,-12,-21
1741510282.2344809,69,-22,-3
1741510282.2804809,-6,27,34
1741510282.3264809,3,85,-118
1741510282.3724809,-30,-38,-75
1741510282.417481,-34,-94,-72
1741510282.463481,-24,73,-57
1741510282.509481,45,-44,-145
1741510282.554481,-33,28,-117
1741510282.600481,21,87,-139
1741510282.646481,-18,-24,-55
1741510282.6924808,54,24,-157
1741510282.7374809,7,-73,-105
1741510282.783481,-26,14,-39
1741510282.829481,16,96,-93
1741510282.874481,-49,-75,-61
1741510282.920481,-13,-19,-89
1741510282.966481,-46,-52,-106
1741510283.012481,-30,63,-113
1741510283.0574808,-65,-25,-96
1741510283.1034808,70,-13,49
1741510283.1494808,12,-117,-63
1741510283.194481,5,23,64
1741510283.240481,-4,9,-79
1741510283.286481,-72,-22,-87
1741510283.332481,-40,75,-19
1741510283.377481,-34,129,-89
1741510283.423481,71,49,-41
1741510283.469481,-85,2,-77
1741510283.5144808,-32,-26,-59
1741510283.5604808,-9,-25,-93
1741510283.6064808,30,-69,-51
1741510283.6524808,-50,-32,-97
1741510283.697481,-3,-15,54
1741510283.743481,45,-36,-73
1741510283.789481,-58,3,18
1741510283.834481,-44,-26,54
1741510283.880481,4,-28,-15
1741510283.926481,-41,-46,-109
1741510283.977481,-23,11,-111
1741510284.023481,33,-8,60
1741510284.069481,-80,45,-39
1741510284.114481,-28,27,-72
1741510284.160481,19,-2,-142
1741510284.206481,-39,41,-118
1741510284.252481,8,9,29
1741510284.2974808,-8,3,-192
1741510284.3434808,34,-16,-42
1741510284.3894808,-5,17,7
1741510284.434481,-54,7,-40
1741510284.480481,52,-26,93
1741510284.526481,-35,57,-112
1741510284.572481,96,-4,-98
1741510284.617481,-69,63,-140
1741510284.663481,-21,-14,-180
1741510284.709481,12,61,-54
1741510284.7544808,-21,-22,-64
1741510284.8004808,46,-60,-52
1741510284.8464808,162,-38,-18
1741510284.8924809,-47,17,-64
1741510284.937481,-7,63,-12
1741510284.983481,107,17,49
1741510285.029481,84,-2,-104
1741510285.074481,1,-2,-230
1741510285.120481,23,-46,-24
1741510285.166481,-88,5,-122
1741510285.212481,-21,34,-50
1741510285.2574809,2,22,-58
1741510285.3034809,93,31,-86
1741510285.3494809,-19,-5,-80
1741510285.394481,10,-11,-136
1741510285.440481,5,-38,-22
1741510285.486481,-12,55,37
1741510285.532481,-59,-39,44
1741510285.577481,-9,68,-99
1741510285.623481,-35,-44,-123
1741510285.6694808,38,23,-117
1741510285.7144809,78,41,-25
1741510285.7604809,-69,-3,10
1741510285.806481,2,-84,-229
1741510285.852481,-87,-26,0
1741510285.897481,-9,29,-69
1741510285.943481,18,49,-137
1741510285.989481,41,-10,0
1741510286.0344808,18,38,-115
1741510286.0804808,17,50,-55
1741510286.1264808,-20,-25,-207
1741510286.171481,-74,-15,-57
1741510286.217481,-47,38,79
1741510286.263481,-18,-27,-154
1741510286.309481,-30,33,-76
1741510286.354481,-61,-51,-34
1741510286.400481,-38,21,-83
1741510286.446481,-30,0,-58
1741510286.4914808,41,-9,-46
1741510286.5374808,-54,32,-223
1741510286.5834808,-33,69,4
1741510286.627481,22,27,-61
1741510286.673481,-127,20,-115
1741510286.719481,-5,4,-69
1741510286.765481,-84,74,-43
1741510286.8104808,-28,9,-31
1741510286.8564808,-8,1,22
1741510286.9024808,9,-30,-41
1741510286.947481,17,7,-201
1741510286.993481,47,-40,-101
1741510287.039481,-24,-2,-183
1741510287.085481,-34,-16,-19
1741510287.130481,57,-47,-111
1741510287.176481,-58,51,-41
1741510287.222481,6,-38,-187
1741510287.2674809,26,-48,-106
1741510287.3134809,53,0,-81
1741510287.3594809,63,16,-121
1741510287.4054809,10,72,-81
1741510287.450481,28,-15,-11
1741510287.496481,-11,71,-125
1741510287.542481,14,-8,-11
1741510287.587481,-53,30,-127
1741510287.633481,60,-22,-97
1741510287.679481,-23,-35,88
1741510287.725481,-49,-7,26
1741510287.7704809,27,15,-44
1741510287.8164809,6,34,-56
1741510287.8624809,-36,2,11
1741510287.907481,-18,26,-186
1741510287.953481,-1,43,-96
1741510287.999481,-124,14,-46
1741510288.045481,53,-2,27
1741510288.0904808,81,13,-216
1741510288.1364808,9,-46,-52
1741510288.1824808,9,-34,-120
1741510288.227481,-18,-18,-96
1741510288.273481,-7,-16,-28
1741510288.319481,77,-81,-56
1741510288.365481,-16,-67,49
1741510288.410481,71,32,-70
1741510288.456481,21,-17,-172
1741510288.502481,37,-37,-130
1741510288.5474808,-10,22,-50
1741510288.5934808,59,26,-82
1741510288.6394808,-10,-21,-100
1741510288.6854808,-60,4,-42
1741510288.730481,-74,-37,-54
1741510288.776481,43,-25,-92
1741510288.822481,-65,25,-104
1741510288.867481,34,-4,-14
1741510288.913481,28,-30,-58
1741510288.959481,-19,-8,52
1741510289.005481,23,-36,-125
1741510289.0504808,-25,122,-91
1741510289.0964808,-20,-34,-35
1741510289.1424809,93,0,86
1741510289.187481,6,59,-109
1741510289.233481,-29,25,-113
1741510289.279481,48,-21,-119
1741510289.325481,-3,8,-95
1741510289.370481,-33,39,-93
1741510289.416481,-15,-4,-67
1741510289.462481,-3,-52,-3
1741510289.5074809,-5,11,-55
1741510289.5534809,32,-16,-15
1741510289.5994809,-30,-12,-187
1741510289.6454809,19,-12,-89
1741510289.690481,40,31,-209
1741510289.736481,-4,55,-123
1741510289.782481,-12,61,-111
1741510289.827481,-4,-16,-41
1741510289.873481,3,-6,-87
1741510289.9194808,-56,41,-3
1741510289.9654808,59,-64,-72
1741510290.0104809,-13,-88,-55
1741510290.056481,51,-58,-97
1741510290.102481,36,43,-72
1741510290.147481,-91,-10,-93
1741510290.193481,42,19,-5
1741510290.239481,-12,18,-121
1741510290.285481,6,78,4
1741510290.3304808,72,15,-89
1741510290.3764808,0,-4,-201
1741510290.4224808,14,75,-153
1741510290.467481,-97,-26,-15
1741510290.513481,-24,17,-103
1741510290.559481,-14,-8,-159
1741510290.605481,-66,-14,-149
1741510290.650481,36,-5,28
1741510290.696481,-5,0,-131
1741510290.742481,26,-3,-149
1741510290.7874808,-73,-103,-81
1741510290.8334808,64,-23,-79
1741510290.8794808,18,-35,-67
1741510290.9254808,18,-34,-205
1741510290.970481,-28,64,-15
1741510291.016481,-59,-104,-39
1741510291.062481,51,45,-81
1741510291.107481,-5,-11,-83
1741510291.153481,-28,31,-155
1741510291.199481,-8,-65,-123
1741510291.245481,-10,0,-113
1741510291.2904809,79,53,28
1741510291.3364809,29,-52,-33
1741510291.3824809,41,-14,-125
1741510291.427481,-6,-30,-55
1741510291.473481,-82,33,-17
1741510291.519481,-15,-38,20
1741510291.565481,-52,-52,-167
1741510291.610481,13,-20,-59
1741510291.656481,7,41,-63
1741510291.702481,-34,-21,-83
1741510291.7474809,24,27,-17
1741510291.7934809,38,-12,-95
1741510291.8394809,-7,-50,-37
1741510291.8854809,-57,-12,-27
1741510291.930481,-19,-84,-55
1741510291.976481,-13,-80,-129
1741510292.022481,-14,-63,-153
1741510292.0674808,77,-73,-249
1741510292.1134808,10,-55,-131
1741510292.1594808,42,52,-3
1741510292.2054808,-77,-31,-79
1741510292.250481,-13,0,-173
1741510292.296481,94,30,28
1741510292.342481,24,-49,-73
1741510292.387481,34,-10,-17
1741510292.433481,22,-8,-8
1741510292.479481,-65,3,-64
1741510292.525481,-57,0,-119
1741510292.5704808,-6,-52,-149
1741510292.6164808,-74,-26,-32
1741510292.6624808,-30,13,-137
1741510292.707481,127,33,-107
1741510292.753481,21,-24,-10
1741510292.799481,41,-24,-95
1741510292.845481,-22,9,-13
1741510292.890481,-44,-28,-125
1741510292.936481,37,-36,-167
1741510292.982481,55,54,-185
1741510293.0274808,36,83,14
1741510293.0734808,90,-16,-125
1741510293.1194808,15,-35,-144
1741510293.164481,30,-18,-38
1741510293.210481,94,15,-103
1741510293.256481,-37,-54,-147
1741510293.302481,-59,-15,-17
1741510293.347481,-41,10,-161
1741510293.393481,0,3,-25
1741510293.439481,15,28,-147
1741510293.4844809,-97,-20,-145
1741510293.5304809,-17,-36,-29
1741510293.5764809,-9,9,-67
1741510293.6224809,6,60,-129
1741510293.667481,5,-23,-85
1741510293.713481,16,-37,-83
1741510293.759481,3,8,-45
1741510293.804481,57,-72,-83
1741510293.850481,-12,-27,-59
1741510293.896481,105,-42,-25
1741510293.9424808,-32,19,-9
1741510293.993481,17,13,-75
1741510294.039481,-58,-125,38
1741510294.084481,-70,-78,-5
1741510294.130481,77,-10,-85
1741510294.176481,43,-105,18
1741510294.222481,27,68,-33
1741510294.2674809,12,-17,-151
1741510294.3134809,-44,-2,-90
1741510294.3594809,44,40,-90
1741510294.404481,-55,56,-182
1741510294.450481,0,-25,-116
1741510294.496481,-85,-67,-118
1741510294.542481,21,-90,-76
1741510294.587481,-8,-68,7
1741510294.633481,19,-30,-98
1741510294.679481,48,-24,-70
1741510294.7244809,35,-39,-98
1741510294.7704809,29,12,-99
1741510294.8164809,63,-121,-109
1741510294.8624809,93,44,-108
1741510294.907481,42,-19,-154
1741510294.953481,-23,-81,-78
1741510294.999481,-96,59,-98
1741510295.0444808,-14,21,-36
1741510295.0904808,-104,-40,-40
1741510295.1364808,-64,13,-156
1741510295.1824808,-43,-3,-46
1741510295.227481,45,0,-98
1741510295.273481,-57,60,-134
1741510295.319481,2,4,-6
1741510295.364481,32,-28,0
1741510295.410481,18,-28,-74
1741510295.456481,-135,-20,-264
1741510295.502481,49,6,-80
1741510295.5474808,-72,34,-80
1741510295.5934808,55,18,-8
1741510295.6394808,-24,-26,-94
1741510295.684481,40,5,-46
1741510295.730481,46,3,-68
1741510295.776481,9,-32,-190
1741510295.822481,11,-30,-138
1741510295.867481,15,5,3
1741510295.913481,35,0,-76
1741510295.959481,19,-47,-60
1741510296.0044808,21,-45,-110
1741510296.0504808,22,-5,9
1741510296.0964808,-91,-106,-8
1741510296.1424809,39,-29,19
1741510296.187481,8,-38,-74
1741510296.233481,48,3,-4
1741510296.279481,52,57,-128
1741510296.324481,113,-23,-184
1741510296.370481,-30,-5,-156
1741510296.416481,-18,-25,-226
1741510296.462481,-52,3,-32
1741510296.5074809,15,3,-68
1741510296.5534809,19,17,-209
1741510296.5994809,-22,-50,-127
1741510296.644481,29,-40,10
1741510296.690481,13,-52,-105
1741510296.736481,15,47,-57
1741510296.782481,17,23,-143
1741510296.827481,15,3,-21
1741510296.873481,-38,67,-91
1741510296.9194808,-18,-22,-75
1741510296.9644809,37,45,-101
1741510297.0104809,6,-14,-53
1741510297.056481,-29,-72,-26
1741510297.102481,43,44,-67
1741510297.147481,13,8,-135
1741510297.193481,31,-40,-36
1741510297.239481,-18,-2,-83
1741510297.2844808,0,17,-26
1741510297.3304808,41,25,-26
1741510297.3764808,-12,15,-113
1741510297.4224808,-35,-20,44
1741510297.467481,-56,10,68
1741510297.513481,56,79,-31
1741510297.559481,-6,-41,-23
1741510297.604481,56,3,-95
1741510297.650481,52,8,-131
1741510297.696481,26,-13,-143
1741510297.742481,41,44,-33
1741510297.7874808,25,0,-105
1741510297.8334808,-24,-15,-189
1741510297.8794808,11,-77,-59
1741510297.924481,89,-1,-9
1741510297.970481,15,16,-141
1741510298.016481,29,-23,-195
1741510298.062481,33,-11,-33
1741510298.107481,-4,-5,22
1741510298.153481,-20,-79,-177
1741510298.199481,45,2,-53
1741510298.2444808,-7,2,-119
1741510298.2904809,37,-49,-47
1741510298.3364809,-102,12,-207
1741510298.3824809,1,-35,-109
1741510298.427481,-12,-11,-125
1741510298.473481,20,-48,0
1741510298.519481,-20,14,-79
1741510298.564481,-14,42,-115
1741510298.610481,-36,0,-43
1741510298.656481,-23,-64,0
1741510298.702481,38,-56,-121
1741510298.7474809,5,-49,-55
1741510298.7934809,-41,34,-29
1741510298.8394809,-92,28,-81
1741510298.884481,69,54,-31
1741510298.930481,-7,49,-181
1741510298.976481,41,-27,-35
1741510299.022481,-48,34,-81
1741510299.0674808,7,12,-53
1741510299.1134808,5,28,-87
1741510299.1594808,-4,-11,-1
1741510299.204481,33,38,-97
1741510299.250481,82,-23,-125
1741510299.296481,-48,9,-111
1741510299.342481,8,-2,-17
1741510299.387481,-92,-6,-9
1741510299.433481,0,-50,-181
1741510299.479481,-61,-24,0
1741510299.5244808,-40,-72,-85
1741510299.5704808,1,75,-59
1741510299.6164808,1,-42,-97
1741510299.6624808,11,5,-1
1741510299.707481,35,-42,-226
1741510299.753481,-70,-24,-68
1741510299.799481,-66,-10,-164
1741510299.844481,17,5,-32
1741510299.890481,-14,93,-90
1741510299.936481,63,-6,-64
1741510299.9814808,13,-38,-56
1741510300.0274808,17,-18,-104
1741510300.0734808,31,-6,-24
1741510300.1194808,64,-10,-58
1741510300.164481,49,11,-206
1741510300.210481,-60,-54,-156
1741510300.256481,19,-20,21
1741510300.301481,-2,17,-66
1741510300.347481,-4,71,33
1741510300.393481,51,0,15
1741510300.439481,46,0,-140
1741510300.4844809,-24,23,-128
1741510300.5304809,-56,-2,-66
1741510300.5764809,21,-16,-100
1741510300.621481,27,17,-78
1741510300.667481,-10,-20,39
1741510300.713481,-16,2,-138
1741510300.759481,21,-18,-38
1741510300.804481,-6,-12,-36
1741510300.850481,23,13,-90
1741510300.896481,11,63,-120
1741510300.9414809,55,-55,-100
1741510300.9874809,23,-29,-56
1741510301.033481,-10,10,-4
1741510301.079481,-24,9,83
1741510301.124481,1,-12,29
1741510301.170481,6,-9,-104
1741510301.216481,80,-50,-60
1741510301.2614808,104,-56,-118
1741510301.3074808,-61,-30,-112
1741510301.3534808,72,-6,-150
1741510301.3994808,-67,47,-90
1741510301.444481,86,-26,-76
1741510301.490481,-79,-20,-82
1741510301.536481,-16,37,-16
1741510301.581481,-1,24,-116
1741510301.627481,35,-26,-70
1741510301.673481,35,-38,43
1741510301.719481,-40,-6,-146
1741510301.7644808,-8,-10,-116
1741510301.8104808,46,47,-168
1741510301.8564808,-18,24,-70
1741510301.901481,-4,-15,-14
1741510301.947481,-76,32,-124
1741510301.993481,-68,-32,-6
1741510302.039481,-81,49,-67
1741510302.084481,-1,-28,-97
1741510302.130481,-7,23,66
1741510302.176481,1,-22,-103
1741510302.2214808,-12,27,-51
1741510302.2674809,-38,-42,-99
1741510302.3134809,-36,-16,-121
1741510302.3594809,-68,-12,-55
1741510302.404481,-59,40,-81
1741510302.450481,52,22,-59
1741510302.496481,22,28,-151
1741510302.541481,28,20,-69
1741510302.587481,7,-11,-129
1741510302.633481,-37,12,-112
1741510302.679481,28,-87,-154
1741510302.7244809,-58,59,-134
1741510302.7704809,63,-72,9
1741510302.8164809,-10,-72,-87
1741510302.861481,27,-30,15
1741510302.907481,101,45,-39
1741510302.953481,25,27,-145
1741510302.999481,23,-36,-99
1741510303.0444808,29,27,-71
1741510303.0904808,24,6,-41
1741510303.1364808,106,28,-33
1741510303.181481,88,-37,-107
1741510303.227481,103,55,-189
1741510303.273481,-21,-45,-185
1741510303.319481,57,53,-125
1741510303.364481,-37,-21,-113
1741510303.410481,46,3,-59
1741510303.456481,-122,-22,-3
1741510303.5014808,7,-4,-83
1741510303.5474808,84,19,-191
1741510303.5934808,39,31,-43
1741510303.6394808,-68,3,-119
1741510303.684481,-9,72,-179
1741510303.730481,45,-28,-19
1741510303.776481,-48,-38,-71
1741510303.821481,49,-18,-193
1741510303.867481,-74,7,-168
1741510303.913481,37,65,-120
1741510303.959481,33,-34,-90
1741510304.0104809,-12,13,-70
1741510304.056481,-62,63,28
1741510304.101481,-6,-24,-113
1741510304.147481,-108,24,-115
1741510304.193481,-36,10,-83
1741510304.239481,-8,1,-147
1741510304.2844808,-26,3,-91
1741510304.3304808,33,4,-51
1741510304.3764808,-52,11,-79
1741510304.421481,11,-20,-130
1741510304.467481,37,-34,-127
1741510304.513481,11,27,-73
1741510304.559481,5,-30,20
1741510304.604481,-22,-2,-87
1741510304.650481,7,-20,-55
1741510304.696481,6,-49,-57
1741510304.7414808,-72,-14,-87
1741510304.7874808,49,0,-39
1741510304.8334808,103,-10,-47
1741510304.8794808,21,29,46
1741510304.924481,-34,27,-69
1741510304.970481,-29,-5,-1
1741510305.016481,19,13,-31
1741510305.061481,65,-74,-57
1741510305.107481,11,55,28
1741510305.153481,-94,-2,-7
1741510305.199481,25,7,-75
1741510305.2444808,-22,33,-7
1741510305.2904809,29,-24,-89
1741510305.3364809,-1,89,-87
1741510305.381481,60,1,70
1741510305.427481,-10,1,-67
1741510305.473481,-44,-34,30
1741510305.519481,33,29,-159
1741510305.564481,-12,35,-78
1741510305.610481,1,49,-67
1741510305.656481,15,3,-179
1741510305.7014809,5,71,42
1741510305.7474809,-100,-24,-205
1741510305.7934809,40,-9,-106
1741510305.8394809,-31,3,-89
1741510305.884481,-26,-21,-259
1741510305.930481,-18,-76,-125
1741510305.976481,69,-80,-131
1741510306.021481,-78,31,-61
1741510306.0674808,-37,-98,-157
1741510306.1134808,-24,-18,-63
1741510306.1594808,-112,-7,-63
1741510306.204481,-7,6,-113
1741510306.250481,-16,0,-181
1741510306.296481,-20,2,-65
1741510306.341481,27,-30,-105
1741510306.387481,-17,5,-55
1741510306.433481,58,-62,-35
1741510306.479481,41,62,-70
1741510306.5244808,37,-61,-95
1741510306.5704808,24,-43,-201
1741510306.6164808,60,-13,-43
1741510306.661481,-21,2,-27
1741510306.707481,30,-1,-53
1741510306.753481,92,-1,-93
1741510306.798481,16,-17,-85
1741510306.844481,70,0,-97
1741510306.890481,-58,-19,-147
1741510306.936481,-94,4,-119
1741510306.9814808,-108,12,15
1741510307.0274808,19,-16,-146
1741510307.0734808,-20,-36,-38
1741510307.118481,69,87,-140
1741510307.164481,33,55,-168
1741510307.210481,-49,-25,-74
1741510307.256481,10,24,-38
1741510307.301481,-59,-15,-18
1741510307.347481,48,-23,27
1741510307.393481,58,-12,-134
1741510307.4384809,-11,0,-182
1741510307.4844809,29,29,-64
1741510307.5304809,96,-18,-170
1741510307.5764809,66,41,-90
1741510307.621481,-94,11,-118
1741510307.667481,7,-16,-12
1741510307.713481,45,35,-156
1741510307.758481,11,21,-101
1741510307.804481,-4,55,-47
1741510307.850481,27,9,-35
1741510307.896481,39,27,-61
1741510307.9414809,-8,-26,20
1741510307.9874809,-26,-60,-85
1741510308.033481,37,15,-34
1741510308.078481,45,1,-135
1741510308.124481,43,57,84
1741510308.170481,79,-40,12
1741510308.216481,-18,13,-99
1741510308.2614808,-49,5,-131
1741510308.3074808,-43,-64,-45
1741510308.3534808,43,-26,-15
1741510308.398481,-14,-22,2
1741510308.444481,27,-38,-85
1741510308.490481,72,-16,-167
1741510308.536481,19,63,-83
1741510308.581481,7,35,-171
1741510308.627481,29,-2,-203
1741510308.673481,-28,25,-136
1741510308.7184808,-86,1,41
1741510308.7644808,-104,-34,-52
1741510308.8104808,13,77,-136
1741510308.8564808,77,-44,-114
1741510308.901481,17,-45,-10
1741510308.947481,41,38,-56
1741510308.993481,78,5,17
1741510309.038481,-58,20,-106
1741510309.084481,-66,6,-20
1741510309.130481,1,112,-24
1741510309.176481,27,26,-66
1741510309.2214808,-48,-51,-154
1741510309.2674809,27,14,-42
1741510309.3134809,18,-51,-208
1741510309.358481,28,20,-120
1741510309.404481,-62,0,-164
1741510309.450481,53,-46,-36
1741510309.496481,25,35,-147
1741510309.541481,9,-8,-87
1741510309.587481,72,29,-35
1741510309.633481,-12,5,-91
1741510309.6784809,34,-73,-181
1741510309.7244809,29,-4,-101
1741510309.7704809,11,-82,-87
1741510309.8164809,71,-3,-89
1741510309.861481,-2,26,26
1741510309.907481,82,-25,-25
1741510309.953481,38,26,-73
1741510309.998481,-79,-76,-29
1741510310.0444808,50,-52,-27
1741510310.0904808,-2,-23,-123
1741510310.1364808,63,58,-25
1741510310.181481,-20,-81,-45
1741510310.227481,48,-78,102
1741510310.273481,-46,-26,-15
1741510310.318481,-18,-23,-71
1741510310.364481,1,2,-215
1741510310.410481,8,-78,-73
1741510310.456481,-127,19,-77
1741510310.5014808,-49,-6,-97
1741510310.5474808,44,8,46
1741510310.5934808,54,33,-56
1741510310.638481,-69,-31,-117
1741510310.684481,16,-40,-86
1741510310.730481,-25,11,-54
1741510310.776481,14,-10,-112
1741510310.821481,122,19,-160
1741510310.867481,-33,27,-4
1741510310.913481,24,-40,-54
1741510310.9584808,-16,21,-92
1741510311.0044808,-21,-10,-154
1741510311.0504808,-50,-109,-28
1741510311.0964808,79,-11,-46
1741510311.141481,-50,-21,53
1741510311.187481,35,-52,-183
1741510311.233481,-30,-21,-29
1741510311.278481,13,-90,-63
1741510311.324481,-30,16,60
1741510311.370481,-10,-5,16
1741510311.416481,1,39,-157
1741510311.4614809,-76,38,32
1741510311.5074809,21,-32,-24
1741510311.5534809,27,-30,-80
1741510311.598481,111,-18,108
1741510311.644481,41,-20,-212
1741510311.690481,-13,-30,-67
1741510311.7344809,-47,1,-11
1741510311.7804809,-17,-4,-109
1741510311.8264809,10,15,-179
1741510311.8724809,-16,-24,-169
1741510311.917481,-22,37,-99
1741510311.963481,-1,-44,-43
1741510312.009481,-7,-80,6
1741510312.054481,104,33,-93
1741510312.100481,-57,19,-65
1741510312.146481,14,-34,-97
1741510312.1924808,8,1,-23
1741510312.2374809,0,-74,28
1741510312.283481,-15,3,-159
1741510312.329481,42,-50,56
1741510312.374481,-125,31,-7
1741510312.420481,-45,91,-165
1741510312.466481,36,48,-63
1741510312.512481,-1,-25,-127
1741510312.5574808,-19,-42,-103
1741510312.6034808,-1,-12,-91
1741510312.6494808,-38,-4,-313
1741510312.694481,2,39,-106
1741510312.740481,-5,-44,-117
1741510312.786481,62,5,-205
1741510312.832481,54,15,-93
1741510312.877481,-73,27,-38
1741510312.923481,-17,65,-31
1741510312.969481,-13,-44,-71
1741510313.0144808,56,-30,-166
1741510313.0604808,58,-10,-205
1741510313.1064808,48,-26,-193
1741510313.1524808,4,-28,-13
1741510313.197481,-37,71,-41
1741510313.243481,-25,-82,-61
1741510313.289481,-44,-13,-101
1741510313.334481,26,-60,-83
1741510313.380481,-13,3,16
1741510313.426481,34,15,-59
1741510313.4714808,22,-57,-189
1741510313.5174809,56,6,-33
1741510313.5634809,-19,-21,54
1741510313.6094809,11,11,2
1741510313.654481,-49,-32,-103
1741510313.700481,0,-36,-79
1741510313.746481,31,49,-130
1741510313.791481,11,1,-27
1741510313.837481,-59,2,-97
1741510313.883481,-23,-21,-54
1741510313.929481,-28,0,79
1741510313.9744809,-13,-19,-85
1741510314.026481,-6,-50,-29
1741510314.071481,-44,1,-29
1741510314.117481,-20,-24,-1
1741510314.163481,-6,-34,-39
1741510314.209481,-91,17,-23
1741510314.2544808,47,-8,34
1741510314.3004808,-2,19,24
1741510314.3464808,70,18,-31
1741510314.391481,-18,-60,-9
1741510314.437481,0,-100,-103
1741510314.483481,35,27,-217
1741510314.529481,-46,59,-49
1741510314.574481,11,15,-13
1741510314.620481,43,59,-27
1741510314.666481,31,-8,-77
1741510314.7114809,-16,-38,-177
1741510314.7574809,-37,-50,-27
1741510314.8034809,12,67,-157
1741510314.8494809,10,-2,-119
1741510314.894481,-71,-56,-155
1741510314.940481,-28,61,-53
1741510314.986481,57,-70,-61
1741510315.031481,-12,79,-71
1741510315.077481,-44,41,-26
1741510315.123481,-75,101,41
1741510315.1694808,56,20,-30
1741510315.2144809,58,30,-49
1741510315.2604809,44,28,-17
1741510315.306481,-30,-88,-51
1741510315.351481,-8,-26,-87
1741510315.397481,-142,-20,-192
1741510315.443481,-31,43,-100
1741510315.489481,-20,-16,-10
1741510315.5344808,-46,-2,-178
1741510315.5804808,9,-22,-108
1741510315.6264808,17,23,-6
1741510315.671481,-58,-2,-67
1741510315.717481,49,3,-123
1741510315.763481,-24,67,-155
1741510315.809481,-116,3,-129
1741510315.854481,57,8,22
1741510315.900481,8,77,40
1741510315.946481,47,-41,-41
1741510315.9914808,-36,8,-103
1741510316.0374808,-16,-27,-129
1741510316.0834808,7,12,-95
1741510316.1294808,18,45,-227
1741510316.174481,8,119,-152
1741510316.220481,-27,47,-96
1741510316.266481,8,-98,-50
1741510316.311481,32,29,-132
1741510316.357481,-32,-13,-214
1741510316.403481,13,-1,-86
1741510316.449481,75,-39,-26
1741510316.4944808,-149,41,-15
1741510316.5404809,-26,-23,8
1741510316.5864809,-3,35,-77
1741510316.631481,-83,-36,-85
1741510316.677481,-39,21,-211
1741510316.723481,22,39,-217
1741510316.769481,-24,-19,-61
1741510316.814481,1,32,-67
1741510316.860481,33,14,-187
1741510316.906481,39,-56,-123
1741510316.9514809,33,11,-23
1741510316.9974809,-4,4,-33
1741510317.0444808,29,8,-103
1741510317.0904808,-56,0,-1
1741510317.1354809,28,2,-7
1741510317.181481,-18,5,-57
1741510317.227481,54,-31,-171
1741510317.273481,-14,66,-93
1741510317.318481,-10,54,-54
1741510317.364481,69,56,-27
1741510317.410481,-64,50,-51
1741510317.4554808,55,-22,-27
1741510317.5014808,-110,-6,40
1741510317.5474808,-9,-36,-44
1741510317.5934808,37,-79,-56
1741510317.638481,35,-16,-137
1741510317.684481,33,-63,-148
1741510317.730481,20,-34,-14
1741510317.775481,49,-7,1
1741510317.821481,19,-81,-8
1741510317.867481,-21,41,-76
1741510317.913481,-14,18,-74
1741510317.9584808,25,-49,-86
1741510318.0044808,-52,-15,35
1741510318.0504808,-90,-63,-36
1741510318.095481,-24,-16,0
1741510318.141481,19,25,-64
1741510318.187481,31,-8,29
1741510318.233481,-53,-11,-138
1741510318.278481,32,-57,-48
1741510318.324481,22,-139,-68
1741510318.370481,-47,87,-156
1741510318.4154809,14,-36,-29
1741510318.4614809,-73,82,32
1741510318.5074809,-40,-10,-185
1741510318.5534809,13,13,-140
1741510318.598481,51,25,-4
1741510318.644481,0,-20,-38
1741510318.690481,45,33,-150
1741510318.735481,32,-5,-69
1741510318.781481,2,-33,83
1741510318.827481,-3,70,-46
1741510318.873481,-12,9,-112
1741510318.9184809,15,47,-40
1741510318.9644809,12,40,-114
1741510319.0104809,31,1,-48
1741510319.055481,39,17,-85
1741510319.101481,46,40,-5
1741510319.147481,36,20,-75
1741510319.1924808,4,-26,96
1741510319.2384808,-21,0,-129
1741510319.2844808,-95,-56,-49
1741510319.3304808,76,-4,-109
1741510319.375481,10,43,-145
1741510319.421481,-2,11,-125
1741510319.467481,-86,15,-135
1741510319.513481,-59,-30,-148
1741510319.558481,94,103,32
1741510319.604481,5,-60,-148
1741510319.650481,1,41,-86
1741510319.6954808,53,-6,-42
1741510319.7414808,51,49,-92
1741510319.7874808,-54,87,-74
1741510319.8334808,51,-8,-30
1741510319.878481,-39,33,-102
1741510319.924481,32,-84,-28
1741510319.970481,-119,-60,-144
1741510320.015481,57,21,-60
1741510320.061481,85,75,4
1741510320.107481,-44,41,-78
1741510320.153481,9,35,-87
1741510320.1984808,29,-2,-23
1741510320.2444808,-18,23,-133
1741510320.2904809,8,-1,60
1741510320.335481,25,14,-113
1741510320.381481,-38,-84,-169
1741510320.427481,-16,-88,-35
1741510320.472481,-26,3,-71
1741510320.518481,39,47,-49
1741510320.564481,-25,19,-1
1741510320.610481,14,51,-127
1741510320.6554809,-31,-14,22
1741510320.7014809,-13,-14,-61
1741510320.7474809,-44,27,10
1741510320.792481,9,22,-70
1741510320.838481,5,-51,-153
1741510320.884481,-22,52,-91
1741510320.930481,-100,-40,-101
1741510320.975481,-96,-2,-5
1741510321.021481,-48,57,-5
1741510321.0674808,-8,1,-65
1741510321.1124809,59,-35,-109
1741510321.158481,53,5,-137
1741510321.204481,49,28,-119
1741510321.250481,13,115,-175
1741510321.295481,-57,20,-165
1741510321.341481,14,-53,-87
1741510321.387481,43,29,-171
1741510321.4324808,-14,16,-59
1741510321.4784808,-18,13,14
1741510321.5244808,-40,35,-206
1741510321.5704808,-22,-50,-80
1741510321.615481,-23,-41,-44
1741510321.661481,18,-21,-48
1741510321.707481,35,11,-72
1741510321.752481,-18,-40,-24
1741510321.798481,48,34,-82
1741510321.844481,-32,9,-148
1741510321.890481,0,-80,-84
1741510321.9354808,-10,-60,25
1741510321.9814808,3,-96,-96
1741510322.0274808,-9,55,-132
1741510322.072481,34,36,-31
1741510322.118481,12,-13,-53
1741510322.164481,32,6,-143
1741510322.210481,50,62,-9
1741510322.255481,-37,-71,-149
1741510322.301481,34,45,-71
1741510322.347481,20,-4,-163
1741510322.3924809,36,81,-61
1741510322.4384809,34,13,-135
1741510322.4844809,45,-27,-47
1741510322.5304809,28,20,-41
1741510322.575481,10,45,-31
1741510322.621481,-9,9,-187
1741510322.667481,-29,1,-183
1741510322.712481,-27,11,-121
1741510322.758481,-16,-44,-22
1741510322.804481,-32,27,-112
1741510322.850481,-2,-19,-120
1741510322.8954809,-47,23,-79
1741510322.9414809,6,33,-57
1741510322.9874809,13,-16,-57
1741510323.032481,70,-2,-173
1741510323.078481,36,-60,-101
1741510323.124481,14,-44,-11
1741510323.170481,117,-8,-13
1741510323.2154808,55,-74,-37
1741510323.2614808,-33,-59,24
1741510323.3074808,-9,42,-37
1741510323.352481,30,-47,-79
1741510323.398481,11,27,-35
1741510323.444481,5,-28,-89
1741510323.490481,16,-46,54
1741510323.535481,-17,-38,-85
1741510323.581481,-15,13,-127
1741510323.627481,7,-39,-41
1741510323.6724808,101,8,-223
1741510323.7184808,-32,-61,20
1741510323.7644808,5,20,-189
1741510323.8104808,-15,-51,-47
1741510323.855481,40,44,-161
1741510323.901481,93,67,-100
1741510323.947481,11,-26,39
1741510323.992481,-80,-18,-44
1741510324.0444808,27,-32,-10
1741510324.0904808,-34,11,-43
1741510324.1354809,13,-73,-131
1741510324.181481,-32,24,-59
1741510324.227481,-56,6,-29
1741510324.272481,65,-27,-27
1741510324.318481,-2,40,-103
1741510324.364481,-8,68,32
1741510324.410481,26,31,-89
1741510324.4554808,51,16,-41
1741510324.5014808,64,-64,-7
1741510324.5474808,16,50,-161
1741510324.592481,90,-62,-125
1741510324.638481,78,1,-193
1741510324.684481,11,9,-57
1741510324.730481,7,23,-96
1741510324.775481,-32,10,-83
1741510324.821481,-16,-65,-103
1741510324.867481,-36,-31,-173
1741510324.9124808,-8,-9,12
1741510324.9584808,-42,25,4
1741510325.0044808,-4,-3,-120
1741510325.0504808,77,-32,-108
1741510325.095481,67,-64,21
1741510325.141481,29,-28,-116
1741510325.187481,-37,-48,7
1741510325.232481,30,-106,-128
1741510325.278481,19,23,-92
1741510325.324481,33,27,-112
1741510325.370481,13,23,-54
1741510325.4154809,13,67,-40
1741510325.4614809,30,17,-34
1741510325.5074809,-21,-22,-70
1741510325.552481,-39,6,-46
1741510325.598481,-5,-21,-42
1741510325.644481,-8,-18,-68
1741510325.690481,4,-46,55
1741510325.735481,36,14,-56
1741510325.781481,47,5,-20
1741510325.827481,-17,48,-10
1741510325.8724809,30,-21,-68
1741510325.9184809,-11,64,-108
1741510325.9644809,-45,10,-190
1741510326.0104809,10,54,-58
1741510326.055481,-39,52,-24
1741510326.101481,54,15,-32
1741510326.147481,40,76,-172
1741510326.1924808,77,-51,-12
1741510326.2384808,18,-9,-60
1741510326.2844808,-41,-38,-46
1741510326.3304808,-26,0,-94
1741510326.375481,-19,9,-16
1741510326.421481,-41,-10,-74
1741510326.467481,8,65,-92
1741510326.512481,-19,-40,-104
1741510326.558481,38,-20,-91
1741510326.604481,-43,37,-97
1741510326.650481,18,27,-51
1741510326.6954808,59,-70,-77
1741510326.7414808,50,-62,-143
1741510326.7874808,51,71,68
1741510326.832481,-54,78,-65
1741510326.878481,-38,3,-89
1741510326.924481,-4,-13,-93
1741510326.970481,-14,38,-59
1741510327.015481,4,33,-77
1741510327.061481,27,14,-127
1741510327.107481,-34,-48,-85
1741510327.1524808,-88,-22,-145
1741510327.1984808,47,-38,-79
1741510327.2444808,1,35,-87
1741510327.289481,-46,-27,-55
1741510327.335481,67,-3,-139
1741510327.381481,-1,-34,-65
1741510327.427481,-53,10,-35
1741510327.472481,-42,11,-33
1741510327.518481,-37,26,10
1741510327.564481,-19,-33,-69
1741510327.6094809,-12,16,-117
1741510327.6554809,-34,-27,-41
1741510327.7014809,33,26,-45
1741510327.7474809,-54,-55,-95
1741510327.792481,-26,-43,-3
1741510327.838481,-36,-61,-121
1741510327.884481,-110,-24,-31
1741510327.929481,53,17,-47
1741510327.975481,-3,33,-103
1741510328.021481,-42,-15,-85
1741510328.0674808,49,46,-17
1741510328.1124809,33,-59,-67
1741510328.158481,41,11,34
1741510328.204481,-50,71,-103
1741510328.249481,-73,9,-119
1741510328.295481,-57,69,-55
1741510328.341481,48,9,-99
1741510328.387481,21,-26,-43
1741510328.4324808,53,33,-115
1741510328.4784808,19,21,-1
1741510328.5244808,3,-50,-95
1741510328.569481,-54,9,-43
1741510328.615481,45,58,-197
1741510328.661481,45,-35,-5
1741510328.707481,-8,-75,24
1741510328.752481,-39,-45,-5
1741510328.798481,-47,26,12
1741510328.844481,42,30,-77
1741510328.8894808,-15,-76,-165
1741510328.9354808,-51,46,-185
1741510328.9814808,-5,-37,96
1741510329.0274808,66,-34,-92
1741510329.072481,-41,6,-65
1741510329.118481,-3,36,-141
1741510329.164481,4,-27,-109
1741510329.209481,70,42,-95
1741510329.255481,21,17,-99
1741510329.301481,-22,2,-67
1741510329.347481,37,68,-173
1741510329.3924809,-50,-27,0
1741510329.4384809,6,-47,14
1741510329.4844809,-5,36,-57
1741510329.529481,48,-39,-89
1741510329.575481,58,-21,-87
1741510329.621481,-40,-38,-101
1741510329.667481,-68,-8,32
1741510329.712481,45,41,-261
1741510329.758481,-22,-12,-185
1741510329.804481,13,45,-61
1741510329.8494809,-50,41,-49
1741510329.8954809,0,43,-125
1741510329.9414809,19,45,-19
1741510329.9874809,29,115,-197
1741510330.032481,1,7,-66
1741510330.078481,-24,-86,-32
1741510330.124481,15,43,-32
1741510330.1694808,31,1,-114
1741510330.2154808,-32,-46,-154
1741510330.2614808,19,-6,-36
1741510330.3074808,-15,-43,61
1741510330.352481,-25,-5,-140
1741510330.398481,7,-6,-134
1741510330.444481,-64,-2,-12
1741510330.489481,-15,-29,-150
1741510330.535481,-25,-61,-20
1741510330.581481,7,-42,-144
1741510330.627481,-17,-7,-272
1741510330.6724808,49,8,-78
1741510330.7184808,-70,-72,-33
1741510330.7644808,31,7,-91
1741510330.809481,0,-92,-69
1741510330.855481,5,80,-75
1741510330.901481,71,-31,-81
1741510330.947481,-53,11,0
1741510330.992481,-17,0,-1
1741510331.038481,31,12,-45
1741510331.084481,99,8,-27
1741510331.1294808,41,-17,-63
1741510331.1754808,-20,46,-23
1741510331.2214808,-36,5,-211
1741510331.2674809,-12,-8,-83
1741510331.312481,-2,62,-79
1741510331.358481,0,-21,-211
1741510331.404481,-126,1,-61
1741510331.449481,75,-16,-27
1741510331.495481,-3,-34,-153
1741510331.541481,30,72,-47
1741510331.587481,12,-41,-77
1741510331.6324809,19,-8,-39
1741510331.6784809,-8,7,-53
1741510331.7244809,81,63,-15
1741510331.769481,-14,-3,-105
1741510331.815481,-48,-17,28
1741510331.861481,-66,-35,14
1741510331.907481,-38,-27,-14
1741510331.952481,-16,-11,-157
1741510331.998481,26,-57,-88
1741510332.0444808,-15,-57,-86
1741510332.0894809,39,-17,-152
1741510332.1354809,73,68,-134
1741510332.181481,-10,-7,-64
1741510332.227481,81,5,-196
1741510332.272481,-28,-44,-65
1741510332.318481,-9,14,-111
1741510332.364481,34,-49,-136
1741510332.4094808,-34,29,-36
1741510332.4554808,51,-14,-100
1741510332.5014808,18,-37,-124
1741510332.5474808,-18,17,-30
1741510332.592481,7,49,-62
1741510332.638481,-30,-2,-30
1741510332.684481,-22,3,-60
1741510332.729481,5,-40,-185
1741510332.775481,-10,1,-45
1741510332.821481,-5,-50,-1
1741510332.867481,-32,23,-215
1741510332.9124808,-25,-40,-21
1741510332.9584808,-19,-56,-13
1741510333.0044808,-26,-12,-51
1741510333.049481,17,-32,-25
1741510333.095481,-24,65,-73
1741510333.141481,9,-10,-51
1741510333.187481,-52,-28,-25
1741510333.232481,46,-33,-133
1741510333.278481,-56,51,-23
1741510333.324481,-104,29,-41
1741510333.3694808,9,-19,-89
1741510333.4154809,97,23,0
1741510333.4614809,67,-6,-155
1741510333.5074809,-14,-54,-59
1741510333.552481,49,-60,-47
1741510333.598481,29,33,-99
1741510333.644481,-36,19,-119
1741510333.689481,-5,-35,-57
1741510333.735481,12,-15,-85
1741510333.781481,-2,-21,-167
1741510333.827481,-40,10,-107
1741510333.8724809,17,-5,-211
1741510333.9184809,-62,-61,-29
1741510333.9644809,51,-34,-135
1741510334.015481,5,9,-19
1741510334.061481,41,-6,-139
1741510334.1064808,33,93,-46
1741510334.1524808,18,-34,-81
1741510334.1984808,13,33,-33
1741510334.2444808,69,23,-114
1741510334.289481,-13,-25,0
1741510334.335481,4,0,-39
1741510334.381481,72,87,-130
1741510334.426481,50,35,-103
1741510334.472481,-45,19,-154
1741510334.518481,12,-1,-26
1741510334.565481,-27,24,-103
1741510334.610481,-4,-6,-121
1741510334.656481,-101,-14,-81
1741510334.702481,32,27,-93
1741510334.748481,-14,31,-127
1741510334.7934809,-25,-59,-45
1741510334.8394809,18,-43,-123
1741510334.8854809,32,40,-17
1741510334.930481,43,12,84
1741510334.976481,47,48,-53
1741510335.022481,17,47,-31
1741510335.068481,33,35,-151
1741510335.1134808,75,-56,2
1741510335.1594808,54,32,-5
1741510335.2054808,18,16,-139
1741510335.250481,-5,38,-87
1741510335.296481,-36,-18,-21
1741510335.342481,38,46,-151
1741510335.388481,14,-104,-97
1741510335.433481,-63,52,-101
1741510335.479481,-37,32,-159
1741510335.525481,-11,76,-13
1741510335.5704808,6,-37,-191
1741510335.6164808,12,1,-125
1741510335.6624808,-39,-82,-161
1741510335.7084808,-15,-9,-43
1741510335.753481,90,14,-29
1741510335.799481,-72,-22,-165
1741510335.845481,-75,-35,-49
1741510335.890481,-22,13,-117
1741510335.936481,0,-53,-47
1741510335.982481,-102,-1,-119
1741510336.028481,7,-17,-53
1741510336.0734808,-10,8,-97
1741510336.1194808,13,14,-37
1741510336.1654809,24,0,-61
1741510336.210481,14,40,-93
1741510336.256481,72,-11,-211
1741510336.302481,52,-59,-41
1741510336.348481,59,-100,-103
1741510336.393481,43,61,-125
1741510336.439481,17,-16,-41
1741510336.485481,-11,24,-65
1741510336.5304809,32,9,-69
1741510336.5764809,-27,-4,-51
1741510336.6224809,-86,-15,-171
1741510336.6684809,12,-14,-37
1741510336.713481,42,0,-45
1741510336.759481,-17,-5,-69
1741510336.805481,48,-112,-69
1741510336.850481,-57,-34,38
1741510336.896481,76,0,0
1741510336.9424808,-12,-7,-93
1741510336.9884808,43,26,-69
1741510337.033481,37,-75,-61
1741510337.079481,-46,12,-85
1741510337.125481,53,55,42
1741510337.170481,-8,-48,-23
1741510337.216481,-30,15,-193
1741510337.262481,41,13,28
1741510337.308481,-76,31,-207
1741510337.3534808,-58,29,-125
1741510337.3994808,-16,33,-83
1741510337.4454808,3,-16,-127
1741510337.490481,-16,39,-31
1741510337.536481,-3,4,-219
1741510337.582481,-22,13,10
1741510337.628481,-17,-14,-59
1741510337.673481,-8,75,-65
1741510337.719481,-20,-32,-174
1741510337.765481,-34,17,-101
1741510337.8104808,43,-8,-123
1741510337.8564808,11,-48,-129
1741510337.9024808,35,-10,-162
1741510337.9484808,-39,-32,-207
1741510337.993481,-28,69,-121
1741510338.039481,19,-32,-101
1741510338.085481,27,-24,3
1741510338.130481,43,8,12
1741510338.176481,-18,-23,-47
1741510338.222481,27,-25,-21
1741510338.268481,-26,11,-47
1741510338.3134809,-47,55,-141
1741510338.3594809,-26,29,-113
1741510338.4054809,-84,27,-25
1741510338.450481,0,-11,-65
1741510338.496481,0,-34,-129
1741510338.542481,-29,-18,-221
1741510338.588481,34,89,-47
1741510338.633481,40,61,-47
1741510338.679481,13,11,-91
1741510338.725481,43,-64,-161
1741510338.7704809,91,31,-155
1741510338.8164809,68,17,-169
1741510338.8624809,32,23,-42
1741510338.908481,8,-60,-88
1741510338.953481,40,36,-156
1741510338.999481,32,6,-98
1741510339.045481,-49,34,-58
1741510339.0904808,-21,-55,-8
1741510339.1364808,-6,41,-182
1741510339.1824808,-21,-39,-70
1741510339.2284808,5,24,-162
1741510339.273481,51,-41,-108
1741510339.319481,-10,-11,3
1741510339.365481,-14,0,-84
1741510339.410481,-71,-2,-14
1741510339.456481,-97,-96,-66
1741510339.502481,34,39,-194
1741510339.548481,-9,-68,-48
1741510339.5934808,14,-10,23
1741510339.6394808,24,53,-74
1741510339.6854808,-9,-2,27
1741510339.730481,-19,-86,-162
1741510339.776481,39,-4,9
1741510339.822481,-18,19,31
1741510339.868481,7,69,-124
1741510339.913481,61,21,-84
1741510339.959481,-50,-28,-204
1741510340.005481,5,49,-106
1741510340.0504808,71,87,-156
1741510340.0964808,69,36,-98
1741510340.1424809,-12,26,37
1741510340.1884809,25,-51,-100
1741510340.233481,1,-43,-70
1741510340.279481,-13,13,-84
1741510340.325481,-25,-78,-110
1741510340.370481,68,-62,19
1741510340.416481,-5,17,-16
1741510340.462481,79,54,-90
1741510340.508481,2,-16,-78
1741510340.5534809,46,-8,-54
1741510340.5994809,28,-8,-108
1741510340.6454809,-27,-26,19
1741510340.690481,130,-69,-168
1741510340.736481,-71,-9,-120
1741510340.782481,-7,54,-118
1741510340.827481,67,59,-62
1741510340.873481,94,8,-163
1741510340.9194808,0,-5,-130
1741510340.9654808,34,-29,-68
1741510341.0104809,29,-29,-128
1741510341.056481,-17,-43,-67
1741510341.102481,-9,-47,48
1741510341.147481,30,-20,10
1741510341.193481,4,-60,-37
1741510341.239481,30,37,-7
1741510341.285481,30,53,-69
1741510341.3304808,-53,-40,-95
1741510341.3764808,-65,7,-137
1741510341.4224808,-21,-12,-141
1741510341.467481,11,-4,-55
1741510341.513481,43,21,62
1741510341.559481,-5,44,-64
1741510341.605481,6,27,-15
1741510341.650481,40,-76,-177
1741510341.696481,-15,-59,-143
1741510341.742481,-43,26,-3
1741510341.7874808,6,-46,-137
1741510341.8334808,66,-52,12
1741510341.8794808,-14,15,24
1741510341.9254808,-14,-74,-109
1741510341.970481,17,2,-143
1741510342.016481,-38,26,-105
1741510342.062481,21,73,-91
1741510342.107481,55,71,-1
1741510342.153481,-18,-26,-133
1741510342.199481,61,-18,-149
1741510342.245481,19,1,-121
1741510342.2904809,17,3,-33
1741510342.3364809,-8,-18,-39
1741510342.3824809,29,-10,-37
1741510342.427481,24,5,-136
1741510342.473481,13,11,-244
1741510342.519481,-17,125,-180
1741510342.565481,30,27,37
1741510342.610481,-37,84,29
1741510342.656481,-57,-47,-22
1741510342.702481,55,46,-98
1741510342.7474809,57,6,-220
1741510342.7934809,-49,-33,-98
1741510342.8394809,-54,-91,-146
1741510342.8854809,65,-10,-56
1741510342.930481,123,-24,-58
1741510342.976481,69,86,-78
1741510343.022481,31,-2,-62
1741510343.0674808,-56,-10,-20
1741510343.1134808,37,-42,-44
1741510343.1594808,7,-6,-8
1741510343.2054808,-42,-97,57
1741510343.250481,0,7,-80
1741510343.296481,105,50,-118
1741510343.342481,-18,-20,-22
1741510343.387481,-42,-12,5
1741510343.433481,1,3,-100
1741510343.479481,15,-22,-64
1741510343.525481,81,47,-108
1741510343.5704808,19,-21,41
1741510343.6164808,5,38,-82
1741510343.6624808,57,12,27
1741510343.707481,64,-58,-124
1741510343.753481,-27,0,-54
1741510343.799481,-19,13,-136
1741510343.845481,65,-7,-124
1741510343.890481,-12,-16,-226
1741510343.936481,25,-35,11
1741510343.982481,61,-54,-86
1741510344.033481,81,11,-220
1741510344.079481,71,-5,-130
1741510344.125481,90,-28,-150
1741510344.170481,-61,-16,-92
1741510344.216481,10,11,-66
1741510344.262481,35,-57,-112
1741510344.3074808,-50,-12,-172
1741510344.3534808,25,-34,-8
1741510344.3994808,27,5,-50
1741510344.4454808,41,37,-108
1741510344.490481,31,47,-88
1741510344.536481,61,-96,-144
1741510344.582481,12,-66,-6
1741510344.627481,17,-23,-26
1741510344.673481,-46,-6,-74
1741510344.7184808,3,-30,-96
1741510344.763481,38,0,-102
1741510344.809481,0,-72,-42
1741510344.855481,-36,-100,-180
1741510344.901481,59,103,-18
1741510344.946481,-30,-6,-62
1741510344.992481,-16,73,-156
1741510345.038481,-36,-38,-58
1741510345.0834808,-28,85,-86
1741510345.1294808,83,-14,-58
1741510345.1754808,-66,47,-151
1741510345.2214808,61,39,40
1741510345.266481,42,-61,-45
1741510345.312481,-91,-53,-183
1741510345.358481,7,-60,-7
1741510345.403481,-40,24,-87
1741510345.449481,29,2,-91
1741510345.495481,16,-14,-109
1741510345.541481,22,43,-113
1741510345.5864809,-11,-2,-67
1741510345.6324809,25,-98,-25
1741510345.6784809,-20,-14,-45
1741510345.723481,27,-8,-147
1741510345.769481,13,-56,-97
1741510345.815481,87,-22,40
1741510345.861481,-33,66,21
1741510345.906481,13,45,-74
1741510345.952481,-2,69,11
1741510345.998481,-18,55,-23
1741510346.0434809,20,21,-44
1741510346.0894809,20,-76,-159
1741510346.1354809,20,-26,-95
1741510346.181481,34,25,-63
1741510346.226481,62,35,-35
1741510346.272481,-79,30,8
1741510346.318481,-15,-5,-55
1741510346.3634808,-2,19,-79
1741510346.4094808,16,-45,-41
1741510346.4554808,22,-1,-203
1741510346.5014808,39,1,-137
1741510346.546481,-31,-19,-157
1741510346.592481,-104,0,-177
1741510346.638481,6,-46,-39
1741510346.683481,-40,37,-207
1741510346.729481,85,-36,-159
1741510346.775481,-5,36,-57
1741510346.821481,-58,-24,-129
1741510346.8664808,33,3,-127
1741510346.9124808,29,13,18
1741510346.9584808,-16,51,-85
1741510347.003481,-94,35,-92
1741510347.049481,11,-46,-43
1741510347.095481,-55,26,-144
1741510347.141481,-7,28,-74
1741510347.186481,-28,-24,-154
1741510347.232481,-42,-15,-6
1741510347.278481,27,0,-4
1741510347.3234808,-20,-9,-82
1741510347.3694808,-64,-82,-196
1741510347.4154809,-3,-69,-106
1741510347.4614809,-18,41,-60
1741510347.506481,49,-13,-58
1741510347.552481,55,44,-174
1741510347.598481,-12,4,-70
1741510347.643481,15,-7,-106
1741510347.689481,87,4,-198
1741510347.735481,-22,-16,-72
1741510347.7804809,0,-13,-8
1741510347.8264809,-18,49,-70
1741510347.8724809,-2,-5,-60
1741510347.9184809,31,77,105
1741510347.963481,67,23,-164
1741510348.009481,79,-69,-34
1741510348.055481,0,29,-38
1741510348.100481,-17,-45,-90
1741510348.146481,0,-33,27
1741510348.1924808,-57,40,3
1741510348.2384808,-39,-80,21
1741510348.283481,29,8,-148
1741510348.329481,-87,-77,-10
1741510348.375481,59,23,45
1741510348.420481,-1,28,-126
1741510348.466481,4,-20,-36
1741510348.512481,-25,12,-80
1741510348.558481,-27,50,-134
1741510348.6034808,-41,-3,-56
1741510348.6494808,34,-7,11
1741510348.6954808,-2,7,-20
1741510348.740481,-26,-52,-162
1741510348.786481,11,17,-248
1741510348.832481,-58,33,-82
1741510348.878481,3,-12,-172
1741510348.923481,-14,5,-4
1741510348.969481,-16,-20,-34
1741510349.015481,25,1,-76
1741510349.0604808,35,17,-54
1741510349.1064808,7,0,-115
1741510349.1524808,-18,-68,-178
1741510349.1984808,25,-26,-58
1741510349.243481,47,40,-17
1741510349.289481,59,39,-115
1741510349.335481,17,-48,-83
1741510349.380481,110,58,-53
1741510349.426481,5,-54,-192
1741510349.472481,21,-20,18
1741510349.518481,47,45,-79
1741510349.5634809,3,-29,-55
1741510349.6094809,-78,0,15
1741510349.6554809,4,33,-107
1741510349.700481,-36,38,-135
1741510349.746481,24,0,-119
1741510349.792481,0,55,-5
1741510349.838481,-48,32,-127
1741510349.883481,-47,27,-123
1741510349.929481,-47,-32,-183
1741510349.975481,64,-8,-37
1741510350.0204809,137,-59,-103
1741510350.0664809,53,-39,-83
1741510350.1124809,69,43,-197
1741510350.158481,47,-50,-127
1741510350.203481,3,20,-7
1741510350.249481,-16,34,-19
1741510350.295481,-22,16,-87
1741510350.3404808,-10,37,-27
1741510350.3864808,2,44,-87
1741510350.4324808,-15,-55,-47
1741510350.4784808,-2,-25,-63
1741510350.523481,-102,-23,-89
1741510350.569481,0,40,-111
1741510350.615481,7,-38,-105
1741510350.660481,1,-10,-153
1741510350.706481,-26,-16,-91
1741510350.752481,16,-24,13
1741510350.798481,-91,83,-45
1741510350.8434808,-29,-14,-47
1741510350.8894808,-17,11,-27
1741510350.9354808,-22,-10,-47
1741510350.980481,-81,1,22
1741510351.026481,44,-96,-107
1741510351.072481,-53,1,-157
1741510351.118481,20,-4,36
1741510351.163481,6,23,-159
1741510351.209481,66,29,-113
1741510351.255481,-70,89,-3
1741510351.3004808,17,67,-67
1741510351.3464808,-8,33,-73
1741510351.3924809,25,-9,0
1741510351.4384809,-94,70,8
1741510351.483481,31,32,-74
1741510351.529481,63,-7,-88
1741510351.575481,-56,-21,-3
1741510351.620481,-50,22,-30
1741510351.666481,-26,64,-42
1741510351.712481,-14,-53,-24
1741510351.758481,-48,-8,-178
1741510351.8034809,17,-15,-32
1741510351.8494809,-116,-45,-96
1741510351.8954809,-32,38,-138
1741510351.940481,-29,-58,-156
1741510351.986481,-1,-118,15
1741510352.032481,12,-6,-126
1741510352.078481,15,3,7
1741510352.123481,-49,35,-118
1741510352.1694808,-56,67,-172
1741510352.2154808,-14,45,-20
1741510352.2604809,19,27,-70
1741510352.306481,15,27,-20
1741510352.352481,-40,-24,-126
1741510352.398481,17,0,-140
1741510352.443481,-30,-34,-38
1741510352.489481,-36,-6,-70
1741510352.535481,-42,19,-50
1741510352.5804808,23,7,-154
1741510352.6264808,41,-3,-72
1741510352.6724808,-26,16,53
1741510352.7184808,-53,12,-44
1741510352.763481,-57,-66,-116
1741510352.809481,-4,40,-28
1741510352.855481,-45,76,-76
1741510352.900481,-51,-76,-240
1741510352.946481,-21,-50,-122
1741510352.992481,-102,33,-14
1741510353.038481,-4,-36,-73
1741510353.0834808,33,17,-123
1741510353.1294808,-14,-100,-139
1741510353.1754808,53,17,-125
1741510353.220481,-38,27,-136
1741510353.266481,71,-19,-58
1741510353.312481,34,-56,-156
1741510353.358481,39,-20,-144
1741510353.403481,-62,-38,-84
1741510353.449481,-110,22,-126
1741510353.495481,-4,-13,33
1741510353.5404809,19,34,-133
1741510353.5864809,9,34,-153
1741510353.6324809,25,-21,-78
1741510353.6784809,-33,-4,-68
1741510353.723481,-6,50,-74
1741510353.769481,67,0,-106
1741510353.814481,68,-26,45
1741510353.8594809,16,29,-56
1741510353.9054809,68,27,-32
1741510353.9514809,64,25,-52
1741510353.996481,6,7,-134
1741510354.048481,-53,-7,-44
1741510354.094481,15,59,-54
1741510354.1394808,75,9,-60
1741510354.1854808,11,-8,-38
1741510354.2314808,-56,11,-156
1741510354.276481,37,-30,-52
1741510354.322481,93,37,-120
1741510354.368481,-42,-28,-34
1741510354.414481,-20,-46,-68
1741510354.459481,-30,-32,-120
1741510354.505481,-32,14,-18
1741510354.551481,-38,-34,-64
1741510354.5964808,25,-46,-236
1741510354.6424809,-48,23,-12
1741510354.6884809,79,-7,-130
1741510354.733481,57,-26,-154
1741510354.779481,39,25,-48
1741510354.825481,-22,-28,-54
1741510354.871481,56,-41,-46
1741510354.916481,-41,6,-52
1741510354.962481,11,9,-112
1741510355.008481,1,-10,-246
1741510355.0534809,35,-6,-142
1741510355.0994809,-164,11,-88
1741510355.1454809,69,-26,-56
1741510355.1914809,-12,-5,33
1741510355.236481,35,44,-92
1741510355.282481,-27,-18,-56
1741510355.328481,95,-2,9
1741510355.373481,-11,23,-198
1741510355.4194808,-22,35,-30
1741510355.4654808,-2,65,-118
1741510355.5114808,-76,-8,-60
1741510355.556481,-14,40,-143
1741510355.602481,-30,68,-69
1741510355.648481,-6,14,-131
1741510355.693481,-68,-15,-127
1741510355.739481,1,-24,18
1741510355.785481,3,32,-107
1741510355.831481,59,-5,-101
1741510355.8764808,-40,-53,14
1741510355.9224808,69,-61,-29
1741510355.9684808,47,70,-103
1741510356.013481,-15,-28,-57
1741510356.059481,-23,60,-55
1741510356.105481,76,53,-77
1741510356.151481,-30,23,-87
1741510356.196481,97,-70,-79
1741510356.242481,-62,139,-155
1741510356.288481,-22,57,-125
1741510356.3334808,10,26,-163
1741510356.3794808,39,-84,-109
1741510356.4254808,-28,9,-65
1741510356.4714808,23,-46,-17
1741510356.516481,-106,4,-39
1741510356.562481,-6,-8,-125
1741510356.608481,9,35,-31
1741510356.653481,-8,-20,-223
1741510356.699481,-82,-37,-185
1741510356.745481,-8,-72,-97
1741510356.791481,21,-6,-173
1741510356.8364809,53,73,-137
1741510356.8824809,-40,-38,-33
1741510356.9284809,-66,13,-9
1741510356.973481,-30,3,-35
1741510357.019481,-38,-13,-1
1741510357.065481,-22,36,-47
1741510357.111481,15,14,-235
1741510357.156481,-53,22,-119
1741510357.202481,28,14,-83
1741510357.248481,-71,-27,-21
1741510357.2934809,20,-8,-75
1741510357.3394809,78,31,-7
1741510357.3854809,16,17,-87
1741510357.431481,76,9,-49
1741510357.476481,-19,-32,-51
1741510357.522481,36,-6,-31
1741510357.568481,13,10,-155
1741510357.6134808,-28,-19,-9
1741510357.6594808,17,20,18
1741510357.7054808,55,-10,-121
1741510357.7514808,-32,32,-63
1741510357.796481,-18,44,-269
1741510357.842481,11,8,-87
1741510357.888481,-13,10,-151
1741510357.933481,-53,18,2
1741510357.979481,62,44,-105
1741510358.025481,84,20,-47
1741510358.071481,29,-3,-191
1741510358.117481,61,-52,-73
1741510358.163481,15,13,24
1741510358.209481,-9,21,-101
1741510358.255481,91,8,-125
1741510358.3004808,-40,-15,26
1741510358.3464808,11,12,-33
1741510358.3924809,-55,-21,-152
1741510358.437481,104,-17,-100
1741510358.483481,28,46,-162
1741510358.529481,-37,32,-124
1741510358.575481,51,36,-37
1741510358.620481,-21,44,-151
1741510358.666481,-13,-23,12
1741510358.712481,-37,-41,-27
1741510358.7574809,12,26,-134
1741510358.8034809,-23,14,34
1741510358.8494809,67,5,-7
1741510358.8954809,39,-86,17
1741510358.940481,35,3,-72
1741510358.986481,-22,27,-20
1741510359.032481,29,29,-62
1741510359.077481,23,-8,-90
1741510359.123481,-41,69,-98
1741510359.1694808,-30,-101,-50
1741510359.2154808,-26,6,-86
1741510359.2604809,21,-73,-100
1741510359.306481,-132,44,-176
1741510359.352481,9,33,-56
1741510359.397481,-44,27,-238
1741510359.443481,-14,11,-88
1741510359.489481,0,25,-168
1741510359.535481,0,-28,29
1741510359.5804808,-50,3,-112
1741510359.6264808,-16,-50,-68
1741510359.6724808,-94,-68,-2
1741510359.717481,-7,-7,-74
1741510359.763481,2,3,-54
1741510359.809481,-1,7,-40
1741510359.855481,71,-80,-160
1741510359.900481,-60,17,101
1741510359.946481,-30,-2,-48
1741510359.992481,-72,27,-42
1741510360.0374808,-28,47,-140
1741510360.0834808,1,-20,-84
1741510360.1294808,-70,-26,-8
1741510360.1754808,-32,11,63
1741510360.220481,75,-11,-136
1741510360.266481,-8,-61,-34
1741510360.312481,7,36,-194
1741510360.357481,21,6,-177
1741510360.403481,-10,-19,16
1741510360.449481,-28,62,-47
1741510360.495481,10,22,-87
1741510360.5404809,8,50,-181
1741510360.5864809,-17,50,-37
1741510360.6324809,-8,56,-147
1741510360.677481,18,26,-51
1741510360.723481,30,56,-51
1741510360.769481,16,-5,-59
1741510360.815481,-8,-94,6
1741510360.860481,77,-52,-117
1741510360.906481,16,45,48
1741510360.952481,-27,-55,-53
1741510360.9974809,-61,50,-159
1741510361.0434809,54,-23,-69
1741510361.0894809,-19,32,-101
1741510361.1354809,26,32,-77
1741510361.180481,-37,24,-185
1741510361.226481,-49,-4,-23
1741510361.272481,-15,-42,-169
1741510361.3174808,-37,-15,-105
1741510361.3634808,6,-32,-71
1741510361.4094808,34,91,-105
1741510361.454481,-66,0,-107
1741510361.500481,-34,19,-177
1741510361.546481,21,41,-15
1741510361.592481,45,0,-105
1741510361.637481,-36,26,-167
1741510361.683481,-8,-41,-77
1741510361.729481,83,30,-149
1741510361.7744808,35,-31,-172
1741510361.8204808,3,-13,-54
1741510361.8664808,-8,68,-54
1741510361.9124808,-67,-64,-158
1741510361.957481,104,-42,-156
1741510362.003481,63,-47,35
1741510362.049481,69,-27,-114
1741510362.094481,43,28,-16
1741510362.140481,20,47,21
1741510362.186481,-55,71,-76
1741510362.232481,-117,-40,-76
1741510362.2774808,100,93,-124
1741510362.3234808,38,-2,-102
1741510362.3694808,23,43,-172
1741510362.414481,-27,74,-192
1741510362.460481,-38,-24,-84
1741510362.506481,95,-12,7
1741510362.552481,-12,-4,-12
1741510362.597481,23,0,-46
1741510362.643481,-81,-5,15
1741510362.689481,-27,-13,-120
1741510362.7344809,-25,44,-30
1741510362.7804809,30,-89,-20
1741510362.8264809,67,-24,-100
1741510362.8724809,-74,-26,-132
1741510362.917481,22,55,-194
1741510362.963481,9,-10,-26
1741510363.009481,-64,-38,-76
1741510363.054481,-32,69,111
1741510363.100481,-16,9,-192
1741510363.146481,33,7,-80
1741510363.1924808,17,41,-156
1741510363.2374809,65,56,-34
1741510363.283481,7,-60,-92
1741510363.329481,-42,-22,-52
1741510363.374481,-66,-10,-36
1741510363.420481,29,-55,-238
1741510363.466481,-62,-25,-36
1741510363.512481,45,3,-160
1741510363.5574808,-76,-24,-104
1741510363.6034808,-90,15,-144
1741510363.6494808,-8,22,-76
1741510363.694481,11,-7,-20
1741510363.740481,10,36,-110
1741510363.786481,-14,-61,31
1741510363.832481,-8,-3,-148
1741510363.877481,-5,14,-23
1741510363.923481,-12,-21,-35
1741510363.969481,122,72,-9
1741510364.0144808,41,-17,-5
1741510364.0664809,-30,36,-55
1741510364.1124809,44,-29,-171
1741510364.157481,57,27,-57
1741510364.203481,-16,-27,94
1741510364.249481,-68,-3,-169
1741510364.2944808,17,27,-61
1741510364.3404808,25,38,-38
1741510364.3864808,31,-15,-26
1741510364.4324808,-58,-18,-126
1741510364.477481,42,17,20
1741510364.523481,21,-48,-129
1741510364.569481,75,-10,-57
1741510364.614481,45,-92,-13
1741510364.660481,39,45,-5
1741510364.706481,-35,-20,50
1741510364.752481,6,-30,-47
1741510364.7974808,104,-28,-51
1741510364.8434808,17,-50,-99
1741510364.8894808,105,-90,-183
1741510364.934481,-94,81,-33
1741510364.980481,13,-2,-125
1741510365.026481,-10,1,-49
1741510365.072481,7,-47,-53
1741510365.117481,-28,-1,-41
1741510365.163481,23,-71,-75
1741510365.209481,-37,-13,38
1741510365.2544808,26,-19,-2
1741510365.3004808,-5,68,-33
1741510365.3464808,-13,6,-19
1741510365.3924809,88,-11,-97
1741510365.437481,-15,14,-97
1741510365.483481,53,-28,-43
1741510365.529481,7,-46,-157
1741510365.574481,-91,-49,-61
1741510365.620481,88,-4,-37
1741510365.666481,40,10,12
1741510365.712481,-12,-40,-177
1741510365.7574809,-64,-54,2
1741510365.8034809,69,25,-19
1741510365.8494809,-24,-30,-39
1741510365.894481,51,-55,-123
1741510365.940481,-76,-4,-33
1741510365.986481,21,-21,-131
1741510366.032481,6,32,-5
1741510366.077481,24,-13,-51
1741510366.123481,74,45,-101
1741510366.1694808,18,-12,-49
1741510366.2144809,35,-27,-159
1741510366.2604809,-11,-11,-51
1741510366.306481,-31,-37,-39
1741510366.352481,22,8,-21
1741510366.397481,62,-85,-145
1741510366.443481,63,-8,-39
1741510366.489481,39,33,-21
1741510366.5344808,-2,-32,-133
1741510366.5804808,-74,97,-99
1741510366.6264808,-24,-4,18
1741510366.6724808,27,49,-11
1741510366.717481,46,38,-116
1741510366.763481,-45,8,-136
1741510366.809481,-91,16,-30
1741510366.854481,21,0,0
1741510366.900481,17,-13,-98
1741510366.946481,-26,2,-114
1741510366.992481,100,36,29
1741510367.0374808,-24,-73,-30
1741510367.0834808,-20,18,-120
1741510367.1294808,31,40,-42
1741510367.174481,109,-53,-14
1741510367.220481,-23,-22,35
1741510367.266481,42,17,-142
1741510367.312481,-11,-56,-92
1741510367.357481,14,11,51
1741510367.403481,30,7,-146
1741510367.449481,19,-39,-160
1741510367.4944808,115,-13,25
1741510367.5404809,-82,-66,-168
1741510367.5864809,41,17,-90
1741510367.6324809,27,51,-30
1741510367.677481,5,46,-2
1741510367.723481,-57,-18,7
1741510367.769481,-26,2,-88
1741510367.814481,94,-2,19
1741510367.860481,-11,-108,-184
1741510367.906481,17,88,-168
1741510367.952481,-80,0,-38
1741510367.9974809,45,-31,-68
1741510368.0434809,45,29,-154
1741510368.0894809,35,3,-122
1741510368.134481,13,-28,-104
1741510368.180481,35,43,-42
1741510368.226481,-8,0,-64
1741510368.271481,43,5,-12
1741510368.3174808,-22,-46,-94
1741510368.3634808,31,-68,13
1741510368.4094808,4,24,-88
1741510368.454481,74,-35,9
1741510368.500481,-36,-52,-66
1741510368.546481,27,-32,13
1741510368.591481,43,39,-82
1741510368.637481,47,41,-62
1741510368.683481,-6,-82,-38
1741510368.729481,-7,18,-114
1741510368.773481,-45,26,-134
1741510368.819481,94,17,-60
1741510368.865481,-23,7,-44
1741510368.910481,38,-8,-158
1741510368.956481,-13,5,-92
1741510369.002481,-5,-42,-64
1741510369.0474808,4,-65,-56
1741510369.0934808,8,10,-194
1741510369.1394808,2,-9,-110
1741510369.1854808,-20,0,39
1741510369.230481,67,3,-94
1741510369.276481,-38,-58,-106
1741510369.322481,-1,1,-68
1741510369.367481,-198,-6,-86
1741510369.413481,-82,41,-58
1741510369.459481,57,13,-128
1741510369.505481,-52,-26,-46
1741510369.5504808,3,17,-78
1741510369.5964808,61,1,-74
1741510369.6424809,-10,-27,20
1741510369.687481,25,0,-16
1741510369.733481,6,18,-66
1741510369.779481,49,0,-56
1741510369.825481,-27,32,-78
1741510369.870481,-19,42,-12
1741510369.916481,67,-25,-20
1741510369.962481,15,-24,-60
1741510370.0074809,51,57,-212
1741510370.0534809,25,-42,-78
1741510370.0994809,-2,-34,-32
1741510370.1454809,33,-36,-124
1741510370.190481,58,26,-14
1741510370.236481,-53,-9,-64
1741510370.282481,-21,-1,-45
1741510370.327481,23,-57,2
1741510370.373481,-13,66,-37
1741510370.4194808,21,2,-113
1741510370.4654808,-18,11,-65
1741510370.5104809,-10,12,-141
1741510370.556481,31,18,140
1741510370.602481,0,6,-91
1741510370.647481,53,-11,-153
1741510370.693481,-24,13,-51
1741510370.739481,-62,31,-29
1741510370.785481,-65,45,-87
1741510370.8304808,-12,10,-143
1741510370.8764808,63,-12,-23
1741510370.9224808,-2,-28,-53
1741510370.967481,-14,-24,-113
1741510371.013481,-50,-36,-123
1741510371.059481,-28,-26,-17
1741510371.105481,23,53,-101
1741510371.150481,-34,1,-119
1741510371.196481,9,-52,22
1741510371.242481,30,77,-29
1741510371.2874808,3,27,-63
1741510371.3334808,23,83,-47
1741510371.3794808,-42,-32,-47
1741510371.4254808,7,-18,-237
1741510371.470481,37,8,34
1741510371.516481,23,-25,-63
1741510371.562481,75,16,-159
1741510371.607481,57,7,-35
1741510371.653481,-10,-17,-137
1741510371.699481,-54,10,-201
1741510371.745481,45,34,-49
1741510371.7904809,-50,-11,-61
1741510371.8364809,14,-2,-93
1741510371.8824809,88,-20,-109
1741510371.927481,-11,43,-59
1741510371.973481,-31,-36,-291
1741510372.019481,39,3,-81
1741510372.065481,49,11,-61
1741510372.110481,-6,-52,-177
1741510372.156481,0,-97,-107
1741510372.202481,-91,6,-35
1741510372.2474809,62,-15,-39
1741510372.2934809,-49,-47,-1
1741510372.3394809,39,-2,-53
1741510372.3854809,35,7,8
1741510372.430481,-14,41,-103
1741510372.476481,55,10,-151
1741510372.522481,-92,-105,10
1741510372.5674808,57,-69,-35
1741510372.6134808,7,-66,-49
1741510372.6594808,-22,-52,-107
1741510372.7054808,3,-26,-69
1741510372.750481,-77,-65,-76
1741510372.796481,-3,30,-101
1741510372.842481,-15,-1,-49
1741510372.887481,-9,50,-61
1741510372.933481,-43,-9,-163
1741510372.979481,15,55,-43
1741510373.025481,24,-8,-109
1741510373.0704808,46,-10,-85
1741510373.1164808,-3,27,-81
1741510373.1624808,-55,-18,-211
1741510373.207481,36,-6,-65
1741510373.253481,6,11,-193
1741510373.299481,-23,-18,-5
1741510373.345481,49,-10,-99
1741510373.390481,3,-10,-40
1741510373.436481,24,17,-74
1741510373.482481,-62,-24,-21
1741510373.5274808,71,-34,-94
1741510373.5734808,-85,31,-74
1741510373.6194808,-55,-6,-62
1741510373.6654809,-8,-2,-128
1741510373.710481,-21,54,-46
1741510373.756481,31,-18,-42
1741510373.802481,-58,35,-104
1741510373.847481,70,21,-112
1741510373.893481,20,-16,-112
1741510373.939481,-17,-38,-60
1741510373.985481,2,-6,-72
1741510374.0304809,58,-18,-62
1741510374.082481,65,3,-154
1741510374.127481,23,3,-54
1741510374.173481,23,31,-212
1741510374.219481,39,1,-162
1741510374.265481,-30,-7,-216
1741510374.3104808,21,-3,-26
1741510374.3564808,53,-23,-108
1741510374.4024808,-30,-43,-132
1741510374.447481,89,9,-72
1741510374.493481,83,2,-6
1741510374.539481,-61,-34,-170
1741510374.585481,-1,-18,-76
1741510374.630481,0,16,-202
1741510374.676481,-91,-3,-146
1741510374.722481,14,8,-92
1741510374.7674809,28,1,27
1741510374.8134809,-111,37,-90
1741510374.8594809,44,-32,-72
1741510374.9054809,18,19,-52
1741510374.950481,52,75,-28
1741510374.996481,-4,22,-2
1741510375.042481,-56,19,-38
1741510375.087481,-14,38,-40
1741510375.1324809,41,75,-36
1741510375.1784809,2,0,-2
1741510375.223481,0,41,-64
1741510375.269481,-15,29,-78
1741510375.315481,-15,-50,-198
1741510375.360481,-60,-14,-172
1741510375.406481,45,-34,-2
1741510375.452481,37,-10,-78
1741510375.498481,33,-28,45
1741510375.5434809,46,43,-102
1741510375.5894809,6,-33,-80
1741510375.6354809,18,98,-112
1741510375.680481,7,-20,-130
1741510375.726481,-42,29,-122
1741510375.772481,75,21,-146
1741510375.818481,-57,66,-110
1741510375.8634808,0,-36,-76
1741510375.9094808,85,13,31
1741510375.9554808,-69,-39,-50
1741510376.000481,-33,-25,-20
1741510376.046481,86,9,-10
1741510376.092481,-10,2,-108
1741510376.138481,78,-8,59
1741510376.183481,40,-43,-76
1741510376.229481,-4,63,-30
1741510376.275481,-43,-43,0
1741510376.3204808,15,7,-118
1741510376.3664808,-18,-56,-116
1741510376.4124808,-78,-6,-104
1741510376.4584808,75,-72,-62
1741510376.503481,58,10,1
1741510376.549481,-26,-4,-14
1741510376.595481,-12,-6,-122
1741510376.640481,101,25,-12
1741510376.686481,21,15,5
1741510376.732481,-21,4,-60
1741510376.778481,26,-15,-32
1741510376.8234808,-15,-17,-72
1741510376.8694808,-25,-11,-18
1741510376.9154809,-10,-62,-48
1741510376.960481,-44,-14,-34
1741510377.006481,45,-32,-136
1741510377.052481,-30,17,-152
1741510377.098481,86,0,-40
1741510377.143481,-11,8,-42
1741510377.189481,-97,9,-12
1741510377.235481,-62,-12,7
1741510377.2804809,-120,-38,3
1741510377.3264809,55,70,-44
1741510377.3724809,11,9,-96
1741510377.4184809,-25,7,-124
1741510377.463481,18,20,-144
1741510377.509481,76,-85,-26
1741510377.555481,52,-43,-150
1741510377.600481,48,-61,-144
1741510377.646481,-44,-58,-58
1741510377.6924808,-76,-30,-32
1741510377.7384808,29,29,-136
1741510377.783481,25,-26,-28
1741510377.829481,4,49,55
1741510377.875481,56,23,33
1741510377.920481,94,-38,-42
1741510377.966481,-62,15,-228
1741510378.012481,1,39,77
1741510378.058481,43,62,-144
1741510378.1034808,7,-5,-46
1741510378.1494808,-50,33,-30
1741510378.1954808,28,-4,-32
1741510378.240481,-9,77,-152
1741510378.286481,4,29,-56
1741510378.332481,-95,-44,-70
1741510378.378481,-109,-82,-116
1741510378.423481,-28,94,-128
1741510378.469481,-62,-55,-82
1741510378.515481,-36,2,-128
1741510378.5604808,41,34,-134
1741510378.6064808,-16,-15,-12
1741510378.6524808,-2,-43,-160
1741510378.6984808,17,6,-30
1741510378.743481,39,-29,-104
1741510378.789481,5,-28,-118
1741510378.835481,41,-64,-152
1741510378.880481,-64,-8,-120
1741510378.926481,-40,27,-42
1741510378.972481,0,0,-152
1741510379.018481,18,40,-30
1741510379.0634809,-19,-23,-112
1741510379.1094809,6,-7,-72
1741510379.1554809,-51,102,-208
1741510379.200481,-12,-2,-18
1741510379.246481,-4,-48,-158
1741510379.292481,60,31,-126
1741510379.338481,-93,-2,-138
1741510379.383481,-74,9,27
1741510379.429481,-58,0,25
1741510379.475481,9,17,-88
1741510379.5204809,-12,-28,-162
1741510379.5664809,-12,-16,-136
1741510379.6124809,0,25,-72
1741510379.658481,0,-18,-124
1741510379.703481,13,43,-100
1741510379.749481,-74,15,-106
1741510379.795481,-19,38,-24
1741510379.8404808,-108,-58,-180
1741510379.8864808,49,18,-138
1741510379.9324808,37,-32,-80
1741510379.9784808,17,-48,-120
1741510380.023481,-27,-73,-48
1741510380.069481,86,8,-26
1741510380.115481,20,-8,-100
1741510380.160481,103,10,-82
1741510380.206481,-12,-35,-38
1741510380.252481,-4,33,-188
1741510380.298481,31,-10,-172
1741510380.3434808,18,-3,-56
1741510380.3894808,-41,-43,-32
1741510380.4354808,-42,22,39
1741510380.480481,-41,35,-66
1741510380.526481,74,-35,-66
1741510380.572481,-79,-59,-214
1741510380.618481,-9,-23,-82
1741510380.663481,-24,35,-172
1741510380.709481,1,-31,-26
1741510380.755481,21,0,-156
1741510380.8004808,51,-71,21
1741510380.8464808,19,45,-50
1741510380.8924809,-56,-57,-178
1741510380.9384809,-16,-13,-78
1741510380.983481,19,-2,-66
1741510381.029481,61,-16,5
1741510381.075481,27,19,-26
1741510381.120481,37,73,-42
1741510381.166481,-5,-64,-124
1741510381.212481,113,-10,-152
1741510381.258481,-114,-46,-110
1741510381.3034809,35,-66,-42
1741510381.3494809,25,27,-76
1741510381.3954809,37,-44,-100
1741510381.440481,-52,-44,-46
1741510381.486481,32,30,21
1741510381.532481,38,40,-120
1741510381.578481,46,2,-218
1741510381.623481,2,24,-56
1741510381.6694808,-25,34,-108
1741510381.7154808,8,13,-130
1741510381.7604809,86,-50,21
1741510381.806481,56,-29,-160
1741510381.852481,55,-72,-92
1741510381.897481,-2,27,-60
1741510381.943481,-26,-62,-150
1741510381.989481,70,-43,-262
1741510382.035481,26,18,-146
1741510382.0804808,-25,12,47
1741510382.1264808,40,-5,-58
1741510382.1724808,0,-77,-80
1741510382.217481,-10,10,-68
1741510382.263481,-12,-32,-40
1741510382.309481,-105,32,-140
1741510382.355481,-18,-29,-114
1741510382.400481,-34,-40,-130
1741510382.446481,-20,37,-14
1741510382.492481,-64,13,-64
1741510382.5374808,-76,-16,35
1741510382.5834808,-10,40,-148
1741510382.6294808,-14,88,-58
1741510382.6754808,-16,-13,19
1741510382.720481,-32,12,-115
1741510382.766481,63,-22,-138
1741510382.812481,11,7,-99
1741510382.857481,1,-31,-9
1741510382.903481,44,-29,-67
1741510382.949481,12,-9,-103
1741510382.995481,46,-23,-139
1741510383.0404809,97,32,-141
1741510383.0864809,-98,78,2
1741510383.1324809,-35,-13,-123
1741510383.177481,-13,-51,-48
1741510383.223481,-36,27,-145
1741510383.269481,9,-50,-109
1741510383.315481,29,21,-133
1741510383.360481,58,-8,-56
1741510383.406481,2,3,-79
1741510383.452481,42,11,-119
1741510383.4974809,0,-4,-69
1741510383.5434809,-148,63,-75
1741510383.5894809,37,-44,-99
1741510383.6354809,14,-73,8
1741510383.680481,-10,69,-65
1741510383.726481,-17,-9,-85
1741510383.772481,-61,-83,-19
1741510383.8174808,-5,-11,-173
1741510383.8634808,24,25,-57
1741510383.9094808,-56,-31,-79
1741510383.9554808,-37,-79,-57
1741510384.000481,-13,34,-69
1741510384.052481,39,-16,-7
1741510384.097481,43,27,-71
1741510384.143481,-22,-24,-51
1741510384.189481,-22,-44,-63
1741510384.235481,-48,81,-63
1741510384.2804809,3,-33,32
1741510384.3264809,-34,45,-29
1741510384.3724809,-43,-17,-46
1741510384.417481,-100,49,-102
1741510384.463481,82,-35,-32
1741510384.509481,78,120,-116
1741510384.555481,52,-26,-190
1741510384.600481,96,-2,-50
1741510384.646481,-6,-16,-92
1741510384.6924808,-6,-18,67
1741510384.7374809,-36,35,-48
1741510384.783481,-19,29,3
1741510384.829481,-16,-26,-42
1741510384.875481,-61,-33,-96
1741510384.920481,-29,34,-78
1741510384.966481,52,-37,-94
1741510385.012481,-9,34,-70
1741510385.0574808,61,-46,-152
1741510385.1034808,2,16,-98
1741510385.1494808,71,-78,-104
1741510385.1954808,-8,41,-128
1741510385.240481,-18,13,-16
1741510385.286481,103,-52,-86
1741510385.332481,-31,6,-10
1741510385.377481,-38,49,45
1741510385.423481,-26,37,-56
1741510385.469481,106,-39,-98
1741510385.515481,-57,24,-136
1741510385.5604808,29,19,103
1741510385.6064808,-42,33,81
1741510385.6524808,-24,39,-94
1741510385.697481,-68,-36,-30
1741510385.743481,-16,69,7
1741510385.789481,29,-38,-198
1741510385.835481,82,34,-196
1741510385.880481,-77,-119,-106
1741510385.926481,-7,86,-218
1741510385.972481,-6,-21,-58
1741510386.0174809,59,-3,-28
1741510386.0634809,89,50,-100
1741510386.1094809,28,35,-36
1741510386.1554809,21,87,7
1741510386.200481,-10,21,-118
1741510386.246481,37,33,-56
1741510386.292481,22,-36,-188
1741510386.337481,34,-74,-108
1741510386.383481,64,0,-130
1741510386.429481,-29,-54,-20
1741510386.475481,4,-19,-18
1741510386.5204809,-47,30,-50
1741510386.5664809,-31,-33,-98
1741510386.6124809,86,30,-116
1741510386.657481,-23,84,-130
1741510386.703481,46,14,-174
1741510386.749481,48,50,-204
1741510386.795481,-7,36,-90
1741510386.8404808,56,-37,59
1741510386.8864808,4,4,-36
1741510386.9324808,-20,64,-76
1741510386.977481,-56,-11,5
1741510387.023481,15,-95,37
1741510387.069481,57,-45,-70
1741510387.115481,-16,27,-38
1741510387.160481,17,5,-78
1741510387.206481,19,-32,-195
1741510387.252481,69,35,-27
1741510387.2974808,5,89,-133
1741510387.3434808,1,-42,-53
1741510387.3894808,15,41,-149
1741510387.4354808,-14,-39,34
1741510387.480481,39,30,-115
1741510387.526481,13,-14,-93
1741510387.572481,55,-26,-111
1741510387.617481,0,-33,-143
1741510387.663481,49,-5,-67
1741510387.709481,-6,-43,62
1741510387.755481,-46,18,-127
1741510387.8004808,-68,-39,-127
1741510387.8464808,39,-19,10
1741510387.8924809,3,-3,2
1741510387.937481,-14,-10,-139
1741510387.983481,71,23,-103
1741510388.029481,35,-44,-155
1741510388.075481,11,-30,-11
1741510388.120481,-78,-54,-77
1741510388.166481,49,0,36
1741510388.212481,29,-18,-139
1741510388.2574809,55,-31,-25
1741510388.3034809,51,34,-163
1741510388.3494809,-103,-42,-67
1741510388.3954809,58,65,-77
1741510388.440481,40,24,-9
1741510388.486481,-5,4,-169
1741510388.532481,38,-41,-109
1741510388.577481,-37,-53,4
1741510388.623481,-45,-50,-15
1741510388.6694808,21,34,-89
1741510388.7144809,29,47,-71
1741510388.7604809,-3,67,72
1741510388.806481,16,51,-27
1741510388.852481,-51,-92,-119
1741510388.897481,70,57,-119
1741510388.943481,7,-12,40
1741510388.989481,73,-68,-13
1741510389.0344808,35,-10,-175
1741510389.0804808,83,5,-87
1741510389.1264808,37,37,-185
1741510389.1724808,57,1,-67
1741510389.217481,5,-14,-157
1741510389.263481,59,-52,-101
1741510389.309481,-86,47,-87
1741510389.354481,-22,36,18
1741510389.400481,-48,-8,-137
1741510389.446481,-40,33,-21
1741510389.492481,17,-2,-101
1741510389.5374808,29,95,-87
1741510389.5834808,-17,-7,2
1741510389.6294808,10,48,-21
1741510389.674481,56,32,-15
1741510389.720481,15,89,-95
1741510389.766481,33,-86,-53
1741510389.812481,27,15,4
1741510389.857481,25,-82,38
1741510389.903481,-65,-30,-89
1741510389.949481,-62,-36,-69
1741510389.9944808,79,21,-93
1741510390.0404809,35,27,-191
1741510390.0864809,132,-39,-91
1741510390.1324809,34,34,-24
1741510390.177481,-18,12,-2
1741510390.223481,55,-44,-70
1741510390.269481,1,35,-162
1741510390.314481,5,0,-114
1741510390.360481,-36,20,0
1741510390.406481,-7,-80,-50
1741510390.452481,18,9,-10
1741510390.4974809,-107,-20,-92
1741510390.5434809,26,-12,-64
1741510390.5894809,50,-28,-100
1741510390.634481,-1,-46,39
1741510390.680481,25,-21,-156
1741510390.726481,16,31,-46
1741510390.772481,8,66,-150
1741510390.8174808,-50,27,-132
1741510390.8634808,4,6,-94
1741510390.9094808,-113,-9,-26
1741510390.954481,-28,13,-24
1741510391.000481,18,-49,-76
1741510391.046481,5,26,-82
1741510391.092481,-32,-43,-4
1741510391.137481,9,51,-72
1741510391.183481,32,18,-72
1741510391.229481,7,28,-180
1741510391.2744808,27,15,-128
1741510391.3204808,-14,31,39
1741510391.3664808,0,0,-120
1741510391.4124808,47,-25,-42
1741510391.457481,-40,-63,-62
1741510391.503481,-32,-97,-66
1741510391.549481,71,-50,5
1741510391.594481,-25,46,-80
1741510391.640481,14,-23,-60
1741510391.686481,-49,24,-78
1741510391.732481,-39,-11,-50
1741510391.7774808,49,-26,-184
1741510391.8234808,-11,-4,43
1741510391.8694808,6,21,-138
1741510391.914481,-76,-34,-118
1741510391.960481,-75,48,-24
1741510392.006481,26,-4,37
1741510392.052481,2,7,-106
1741510392.097481,-23,13,-159
1741510392.143481,-51,-24,-16
1741510392.189481,-51,-55,24
1741510392.2344809,-17,8,-97
1741510392.2804809,28,36,-103
1741510392.3264809,51,-98,-19
1741510392.3724809,-76,42,-76
1741510392.417481,-40,3,-177
1741510392.463481,-29,-22,-103
1741510392.509481,73,-39,-67
1741510392.554481,-8,19,-121
1741510392.600481,13,19,-21
1741510392.646481,34,36,-53
1741510392.6924808,-46,30,12
1741510392.7374809,-18,-35,-137
1741510392.783481,-30,-3,10
1741510392.829481,-12,36,-55
1741510392.874481,37,2,-21
1741510392.920481,-40,-58,-81
1741510392.966481,-62,-31,-75
1741510393.012481,-36,0,-19
1741510393.0574808,-61,42,-87
1741510393.1034808,-22,4,-103
1741510393.1494808,72,20,-171
1741510393.194481,11,-2,-11
1741510393.240481,94,-41,-139
1741510393.286481,-43,30,-109
1741510393.332481,0,14,-65
1741510393.377481,2,-91,-29
1741510393.423481,82,-13,40
1741510393.469481,-47,-74,47
1741510393.5144808,34,23,-98
1741510393.5604808,28,-6,-116
1741510393.6064808,30,-8,-210
1741510393.6524808,74,21,-40
1741510393.697481,-97,-8,-8
1741510393.743481,-69,8,37
1741510393.789481,-9,-1,-118
1741510393.834481,-23,-11,-58
1741510393.880481,4,-11,-136
1741510393.926481,-99,12,13
1741510393.972481,86,10,-122
1741510394.0174809,12,40,-32
1741510394.069481,-7,-6,-154
1741510394.114481,-34,-39,-100
1741510394.160481,-10,21,-20
1741510394.206481,9,22,-80
1741510394.252481,-14,-11,-54
1741510394.2974808,-80,12,-142
1741510394.3434808,89,52,-174
1741510394.3894808,83,-21,-12
1741510394.434481,-9,-12,-152
1741510394.480481,-1,-2,-120
1741510394.526481,68,-4,-58
1741510394.572481,27,-42,-36
1741510394.617481,-20,-36,-90
1741510394.663481,-60,-20,-40
1741510394.709481,16,26,-72
1741510394.7544808,-29,-81,-68
1741510394.8004808,16,17,-36
1741510394.8464808,-18,-32,-16
1741510394.8924809,-125,-7,-46
1741510394.937481,105,2,-64
1741510394.983481,17,6,-106
1741510395.029481,29,-24,-44
1741510395.074481,-34,-78,-36
1741510395.120481,-6,0,-108
1741510395.166481,-50,-2,-58
1741510395.212481,56,-2,35
1741510395.2574809,42,-14,-124
1741510395.3034809,14,16,-125
1741510395.3494809,-28,-3,-69
1741510395.394481,-28,5,-112
1741510395.440481,95,-11,-35
1741510395.486481,-24,42,0
1741510395.532481,-57,16,-7
1741510395.577481,33,41,-69
1741510395.623481,-11,25,-27
1741510395.6694808,28,0,-65
1741510395.7144809,0,-10,-133
1741510395.7604809,20,-50,-140
1741510395.806481,-17,-2,-78
1741510395.851481,-11,69,-44
1741510395.897481,12,53,-84
1741510395.943481,76,27,-146
1741510395.989481,-21,0,-118
1741510396.0344808,2,-46,-166
1741510396.0804808,-63,0,-94
1741510396.1264808,24,41,-52
1741510396.171481,3,21,-50
1741510396.217481,59,-76,-133
1741510396.263481,43,69,-27
1741510396.309481,-15,44,2
1741510396.354481,34,6,-35
1741510396.400481,5,-53,-61
1741510396.446481,-72,-108,-27
1741510396.4914808,59,37,-161
1741510396.5374808,37,67,-19
1741510396.5834808,-13,51,-145
1741510396.6294808,74,31,-73
1741510396.674481,34,0,-123
1741510396.720481,-4,12,-159
1741510396.766481,-38,-45,94
1741510396.811481,25,-71,-25
1741510396.857481,25,-111,-133
1741510396.903481,38,-36,-57
1741510396.949481,-54,27,16
1741510396.9944808,19,20,-93
1741510397.0404809,1,6,6
1741510397.0864809,-38,-3,-85
1741510397.131481,15,75,-11
1741510397.177481,0,32,-163
1741510397.223481,37,-21,-101
1741510397.269481,6,-13,38
1741510397.314481,6,-31,-33
1741510397.360481,-3,-49,-105
1741510397.406481,-9,8,-99
1741510397.4514809,4,30,-75
1741510397.4974809,38,-8,74
1741510397.5434809,-7,43,-139
1741510397.5894809,36,17,6
1741510397.634481,2,5,-121
1741510397.680481,62,-2,28
1741510397.726481,-61,34,-115
1741510397.771481,-141,6,30
1741510397.8174808,-23,-35,-163
1741510397.8634808,32,-11,-149
1741510397.9094808,-55,4,-13
1741510397.954481,26,49,-109
1741510398.000481,54,-72,-206
1741510398.046481,-54,-75,-124
1741510398.091481,-40,6,-90
1741510398.137481,14,-24,-38
1741510398.183481,0,-17,-102
1741510398.229481,-46,-29,-70
1741510398.2744808,67,-33,-74
1741510398.3204808,-24,-36,-124
1741510398.3664808,-30,-10,27
1741510398.411481,9,-107,-52
1741510398.457481,81,-66,-14
1741510398.503481,88,-57,-80
1741510398.549481,74,-17,-81
1741510398.594481,-37,-59,-81
1741510398.640481,48,-57,-173
1741510398.686481,-60,-22,-86
1741510398.7314808,69,5,-84
1741510398.7774808,-38,-40,-128
1741510398.8234808,26,-63,-119
1741510398.8694808,-45,-13,-163
1741510398.914481,-51,-27,-93
1741510398.960481,51,-22,-27
1741510399.006481,11,-44,49
1741510399.051481,-28,-52,-21
1741510399.097481,3,-3,-107
1741510399.143481,5,-11,-135
1741510399.189481,3,13,-43
1741510399.2344809,30,31,-1
1741510399.2804809,-28,-30,-111
1741510399.3264809,-27,10,-29
1741510399.371481,17,-16,-195
1741510399.417481,61,29,-9
1741510399.463481,31,-52,-75
1741510399.509481,93,13,-40
1741510399.554481,-46,4,-34
1741510399.600481,29,74,-89
1741510399.646481,37,4,-89
1741510399.6914809,-47,-20,-67
1741510399.7374809,-20,-49,-21
1741510399.783481,57,-29,-157
1741510399.829481,-16,18,-27
1741510399.874481,52,-42,-173
1741510399.920481,-35,-66,-31
1741510399.966481,-43,3,-65
1741510400.0114808,41,-77,-159
1741510400.0574808,28,42,-78
1741510400.1034808,-5,-35,13
1741510400.1494808,-15,24,-62
1741510400.193481,-17,40,-10
1741510400.239481,-101,-31,-57
1741510400.285481,-50,4,4
1741510400.3304808,-48,-29,-69
1741510400.3764808,32,-37,-105
1741510400.4224808,-17,-25,-219
1741510400.467481,36,18,-99
1741510400.513481,-2,60,-89
1741510400.559481,33,26,-43
1741510400.605481,9,72,58
1741510400.650481,-66,37,62
1741510400.696481,-8,25,-51
1741510400.742481,-40,32,-7
1741510400.7874808,143,-17,-135
1741510400.8334808,-46,117,-17
1741510400.8794808,-66,-62,-145
1741510400.9254808,-20,-54,-5
1741510400.970481,49,39,-61
1741510401.016481,-40,21,-71
1741510401.062481,-16,33,-101
1741510401.107481,-22,-12,-129
1741510401.153481,17,-64,-117
1741510401.199481,-66,-49,-101
1741510401.245481,63,-34,-177
1741510401.2904809,-17,72,-95
1741510401.3364809,-66,41,4
1741510401.3824809,-60,3,-63
1741510401.427481,-48,41,-99
1741510401.473481,-24,111,-73
1741510401.519481,9,-48,-83
1741510401.565481,-58,-37,-53
1741510401.610481,6,-13,-27
1741510401.656481,-59,-15,-31
1741510401.702481,0,-1,-199
1741510401.7474809,92,90,-31
1741510401.7934809,-7,38,-131
1741510401.8394809,-53,-3,-195
1741510401.8854809,60,-15,-63
1741510401.930481,-47,-23,-105
1741510401.976481,70,-55,-111
1741510402.022481,58,-49,0
1741510402.0674808,0,1,-171
1741510402.1134808,22,54,-61
1741510402.1594808,34,12,-121
1741510402.2054808,32,2,-93
1741510402.250481,-5,-45,-167
1741510402.296481,-17,26,-127
1741510402.342481,14,88,-161
1741510402.387481,35,-7,-83
1741510402.433481,37,6,-22
1741510402.479481,85,-49,3
1741510402.5244808,3,18,-60
1741510402.5704808,-74,-39,-98
1741510402.6164808,11,10,19
1741510402.6624808,-8,-47,-74
1741510402.707481,16,-14,-70
1741510402.753481,-11,9,-90
1741510402.799481,10,-68,-150
1741510402.844481,-49,39,-34
1741510402.890481,16,-46,-16
1741510402.936481,32,0,11
1741510402.982481,14,-18,-106
1741510403.0274808,-17,-14,-100
1741510403.0734808,-44,-20,-166
1741510403.1194808,31,-40,-130
1741510403.164481,-35,33,-102
1741510403.210481,16,4,-118
1741510403.256481,22,-1,-92
1741510403.302481,-27,94,-88
1741510403.347481,47,8,-4
1741510403.393481,31,10,3
1741510403.439481,-25,-21,-54
1741510403.4844809,25,43,0
1741510403.5304809,54,45,-37
1741510403.5764809,40,6,-73
1741510403.6224809,5,47,132
1741510403.667481,55,14,-144
1741510403.713481,3,-61,-69
1741510403.759481,-64,28,14
1741510403.804481,71,68,-133
1741510403.850481,-7,-43,-171
1741510403.896481,70,-9,32
1741510403.9424808,9,48,-205
1741510403.9874809,-18,14,-61
1741510404.033481,-90,30,-107
1741510404.084481,-17,-67,20
1741510404.130481,-40,-21,-103
1741510404.176481,19,38,-5
1741510404.222481,-24,-45,-163
1741510404.2674809,2,32,-81
1741510404.3134809,-8,8,-23
1741510404.3594809,-2,30,-117
1741510404.404481,15,-33,-173
1741510404.450481,27,-63,-219
1741510404.4974809,-77,-7,-95
1741510404.5434809,36,26,-69
1741510404.588481,39,-34,-133
1741510404.634481,41,-10,-115
1741510404.680481,-20,17,-35
1741510404.726481,-27,-37,-83
1741510404.771481,-63,-31,-79
1741510404.8174808,71,76,-71
1741510404.8634808,75,-19,28
1741510404.908481,129,-31,-73
1741510404.954481,40,-35,-41
1741510405.000481,-45,6,-63
1741510405.046481,34,-79,-101
1741510405.091481,-22,0,-111
1741510405.137481,-72,11,-155
1741510405.183481,-21,-5,-131
1741510405.2284808,86,12,-177
1741510405.2744808,22,4,-117
1741510405.3204808,-64,7,-105
1741510405.3664808,5,51,-97
1741510405.411481,89,-36,-161
1741510405.457481,41,-39,38
1741510405.503481,25,16,-16
1741510405.548481,6,-55,-129
1741510405.594481,92,-33,-74
1741510405.640481,14,58,-78
1741510405.686481,60,-1,-172
1741510405.7314808,-45,-85,-35
1741510405.7774808,-49,18,-45
1741510405.8234808,-13,-41,-113
1741510405.868481,-5,36,-163
1741510405.914481,1,22,-7
1741510405.960481,-8,56,-65
1741510406.006481,30,7,-237
1741510406.051481,-46,-49,-25
1741510406.097481,13,-29,-21
1741510406.143481,-46,-29,-119
1741510406.1884809,102,-37,-75
1741510406.2344809,64,-23,4
1741510406.2804809,30,76,-55
1741510406.3264809,26,64,-61
1741510406.371481,-15,48,-85
1741510406.417481,-18,-57,-47
1741510406.463481,49,24,14
1741510406.508481,15,-79,24
1741510406.554481,1,72,-5
1741510406.600481,21,30,-97
1741510406.646481,-24,33,-125
1741510406.6914809,3,-56,-101
1741510406.7374809,83,-30,-11
1741510406.783481,-9,-29,-25
1741510406.828481,70,-9,-79
1741510406.874481,18,-40,-11
1741510406.920481,-55,12,-7
1741510406.966481,-13,-32,-27
1741510407.0114808,42,-8,-51
1741510407.0574808,0,61,-101
1741510407.1034808,-52,23,-99
1741510407.148481,18,-67,-117
1741510407.194481,6,8,-149
1741510407.240481,-31,-5,-159
1741510407.286481,-25,6,-115
1741510407.331481,66,10,-121
1741510407.377481,-89,10,-76
1741510407.423481,-17,18,-132
1741510407.4684808,18,-43,-16
1741510407.5144808,74,0,-62
1741510407.5604808,-43,-27,5
1741510407.6064808,-49,-1,5
1741510407.651481,-29,30,3
1741510407.697481,-35,36,-20
1741510407.743481,28,-17,-104
1741510407.788481,12,6,-96
1741510407.834481,-55,-11,-50
1741510407.880481,8,-27,-22
1741510407.926481,13,6,-56
1741510407.9714808,29,-33,-60
1741510408.0174809,-7,-110,-104
1741510408.0634809,68,10,-28
1741510408.108481,21,-19,-124
1741510408.154481,13,-25,-92
1741510408.200481,11,-47,-164
1741510408.246481,9,-60,-220
1741510408.291481,-7,25,-152
1741510408.337481,46,-37,-92
1741510408.383481,-53,34,-182
1741510408.4284809,20,-23,-64
1741510408.4744809,18,0,-86
1741510408.5204809,46,-9,-122
1741510408.5664809,-13,-7,-2
1741510408.611481,10,-57,-6
1741510408.657481,-30,18,-120
1741510408.703481,68,68,-35
1741510408.748481,29,58,94
1741510408.7944808,54,-119,10
1741510408.8404808,58,4,-65
1741510408.8864808,-51,32,-101
1741510408.931481,-15,-85,-161
1741510408.977481,1,-2,-129
1741510409.023481,-28,39,-143
1741510409.068481,7,-52,-135
1741510409.114481,-72,-55,-19
1741510409.160481,-53,23,-71
1741510409.206481,-67,83,-91
1741510409.2514808,-49,-27,-51
1741510409.2974808,52,11,-17
1741510409.3434808,-3,-20,-121
1741510409.388481,24,61,-203
1741510409.434481,-69,-17,-51
1741510409.480481,-42,-10,-17
1741510409.525481,-30,-10,-31
1741510409.571481,87,-14,-55
1741510409.617481,2,-16,-15
1741510409.663481,-21,-40,-45
1741510409.7084808,-63,83,-29
1741510409.7544808,8,-22,-19
1741510409.8004808,55,10,18
1741510409.845481,15,18,-23
1741510409.891481,63,46,-101
1741510409.937481,-12,57,-139
1741510409.983481,-24,43,92
1741510410.028481,-39,-7,-91
1741510410.074481,-74,-42,-67
1741510410.120481,0,-10,54
1741510410.1654809,19,75,18
1741510410.2114809,31,19,-109
1741510410.2574809,43,5,-95
1741510410.3034809,-32,-10,15
1741510410.348481,34,66,-44
1741510410.394481,90,-27,-106
1741510410.440481,-20,9,-118
1741510410.485481,18,-59,-84
1741510410.531481,-21,39,-200
1741510410.577481,-23,-3,-140
1741510410.623481,-109,-23,-98
1741510410.6684809,14,4,-78
1741510410.7144809,-30,34,-196
1741510410.7604809,-25,-19,-144
1741510410.805481,31,13,-66
1741510410.851481,-13,-53,-192
1741510410.897481,25,-1,-160
1741510410.943481,106,12,-4
1741510410.9884808,-3,4,-42
1741510411.0344808,22,40,-74
1741510411.0804808,-36,-16,-96
1741510411.125481,17,-62,-180
1741510411.171481,-49,-5,-34
1741510411.217481,-35,-39,9
1741510411.263481,-47,-61,-124
1741510411.308481,-55,2,71
1741510411.354481,73,-16,19
1741510411.400481,6,96,-172
1741510411.4454808,-15,3,-164
1741510411.4914808,-23,39,-30
1741510411.5374808,-3,-82,-94
1741510411.5834808,-18,79,-38
1741510411.628481,-21,64,-60
1741510411.674481,17,7,-110
1741510411.720481,0,-29,-176
1741510411.765481,82,8,3
1741510411.811481,-72,43,-10
1741510411.857481,26,-11,-154
1741510411.903481,-23,-5,-37
1741510411.9484808,-72,0,-87
1741510411.9944808,-8,-42,-28
1741510412.0404809,-110,-24,-92
1741510412.085481,58,8,-105
1741510412.131481,100,8,-101
1741510412.177481,-7,24,-45
1741510412.223481,-9,76,-183
1741510412.268481,14,-67,-139
1741510412.314481,-12,-94,-77
1741510412.360481,-16,-101,-63
1741510412.4054809,40,31,-27
1741510412.4514809,37,-38,-119
1741510412.4974809,-12,66,-51
1741510412.5434809,29,20,-149
1741510412.588481,-44,12,-87
1741510412.634481,-3,40,12
1741510412.680481,-53,-1,-79
1741510412.725481,71,23,42
1741510412.771481,38,34,-57
1741510412.8174808,38,74,-27
1741510412.8634808,-70,67,-127
1741510412.908481,45,53,-117
1741510412.954481,58,-19,-155
1741510413.000481,-9,-41,-143
1741510413.045481,-31,10,-5
1741510413.091481,0,-1,82
1741510413.137481,8,-61,-49
1741510413.183481,-27,-32,-23
1741510413.2284808,4,-12,-121
1741510413.2744808,6,24,-17
1741510413.3204808,2,8,-129
1741510413.365481,46,-9,-249
1741510413.411481,-34,16,-71
1741510413.457481,2,60,-113
1741510413.503481,38,60,-3
1741510413.548481,-30,-50,-117
1741510413.594481,-27,-9,-143
1741510413.640481,17,21,-13
1741510413.6854808,7,5,66
1741510413.7314808,-56,-28,-95
1741510413.7774808,-32,-18,-87
1741510413.8234808,53,-58,-99
1741510413.868481,31,-4,-125
1741510413.914481,43,-2,-42
1741510413.960481,-30,-4,-207
1741510414.005481,21,0,-19
1741510414.051481,-12,92,-119
1741510414.1034808,35,6,-61
1741510414.148481,19,6,-7
1741510414.194481,-20,8,-129
1741510414.240481,19,-1,-105
1741510414.285481,-68,6,56
1741510414.331481,143,15,18
1741510414.377481,-4,23,-113
1741510414.423481,-60,15,-103
1741510414.4684808,51,33,-127
1741510414.5144808,58,41,-27
1741510414.5604808,30,23,-85
1741510414.605481,64,-8,-184
1741510414.651481,-65,17,-76
1741510414.697481,54,-48,-24
1741510414.743481,-7,101,-116
1741510414.788481,18,43,-100
1741510414.834481,34,-10,-66
1741510414.880481,-57,-20,0
1741510414.9254808,0,-74,-84
1741510414.9714808,-92,-26,-110
1741510415.0174809,72,28,-168
1741510415.0634809,-105,-11,-48
1741510415.108481,-39,-13,-76
1741510415.154481,-63,-18,-86
1741510415.200481,-13,-84,-46
1741510415.245481,-13,-58,-44
1741510415.291481,30,-40,77
1741510415.337481,28,25,-46
1741510415.383481,-2,16,-110
1741510415.4284809,-24,60,-10
1741510415.4744809,47,20,-40
1741510415.5204809,-58,2,-194
1741510415.565481,-4,-3,-70
1741510415.611481,-10,-44,-2
1741510415.656481,-9,5,-20
1741510415.7014809,-13,-27,-54
1741510415.7474809,-57,-37,-32
1741510415.7934809,-43,75,-112
1741510415.8394809,-8,-76,15
1741510415.884481,-10,-36,-40
1741510415.930481,-3,4,-196
1741510415.976481,-27,-5,-72
1741510416.021481,18,32,-98
1741510416.0674808,1,27,-68
1741510416.1134808,31,-8,-84
1741510416.158481,-2,27,-168
1741510416.204481,25,-36,-156
1741510416.250481,-74,25,-114
1741510416.296481,41,63,-120
1741510416.341481,-11,-61,17
1741510416.387481,-27,0,-48
1741510416.433481,-105,1,-142
1741510416.4784808,-71,-62,-72
1741510416.5244808,-57,44,-8
1741510416.5704808,-2,34,-74
1741510416.6164808,27,14,-48
1741510416.661481,66,-52,-82
1741510416.707481,-23,-4,-100
1741510416.753481,20,-68,-88
1741510416.798481,-1,-5,-110
1741510416.844481,26,30,-100
1741510416.890481,0,50,-236
1741510416.936481,-49,-51,-156
1741510416.9814808,-19,46,-62
1741510417.0274808,84,64,-88
1741510417.0734808,60,-39,-84
1741510417.118481,2,-61,-160
1741510417.164481,-47,-27,-79
1741510417.210481,-17,0,-95
1741510417.256481,1,-9,-63
1741510417.301481,35,-21,-25
1741510417.347481,60,-72,-139
1741510417.393481,42,69,-181
1741510417.4384809,9,38,-17
1741510417.4844809,-25,-10,-211
1741510417.5304809,-78,-22,-129
1741510417.5764809,19,-82,-113
1741510417.621481,-53,26,-5
1741510417.667481,2,15,-41
1741510417.713481,-33,26,-48
1741510417.758481,18,-47,-95
1741510417.804481,50,-25,-87
1741510417.850481,-29,-39,-43
1741510417.896481,84,88,-183
1741510417.9414809,32,20,-39
1741510417.9874809,53,14,-43
1741510418.033481,-70,-51,12
1741510418.078481,-7,-24,-43
1741510418.124481,2,-41,-65
1741510418.170481,72,12,-65
1741510418.216481,68,-3,-87
1741510418.2614808,64,-1,96
1741510418.3074808,-17,-20,28
1741510418.3534808,12,103,-57
1741510418.398481,20,-34,32
1741510418.444481,-37,-22,-117
1741510418.490481,12,-68,-127
1741510418.536481,23,15,-81
1741510418.581481,-46,37,-49
1741510418.627481,28,-13,-43
1741510418.673481,-7,68,-37
1741510418.7184808,4,2,-151
1741510418.7644808,59,1,-17
1741510418.8104808,-57,32,-77
1741510418.8564808,62,40,-10
1741510418.901481,-25,-59,-57
1741510418.947481,-47,14,-12
1741510418.993481,45,-65,-115
1741510419.038481,-2,32,-14
1741510419.084481,-44,-45,-120
1741510419.130481,-8,12,-42
1741510419.176481,54,38,-90
1741510419.2214808,-27,-3,-166
1741510419.2674809,116,0,17
1741510419.3134809,17,-67,-140
1741510419.358481,52,-63,-154
1741510419.404481,41,17,-90
1741510419.450481,-32,-34,71
1741510419.496481,-50,5,-60
1741510419.541481,-67,60,-28
1741510419.587481,-97,-103,-46
1741510419.633481,-75,-27,-66
1741510419.6784809,-36,-38,-40
1741510419.7244809,4,-23,-130
1741510419.7704809,-27,-5,-72
1741510419.8164809,8,-6,-54
1741510419.861481,18,-34,-102
1741510419.907481,-5,74,-128
1741510419.953481,-55,34,0
1741510419.998481,28,10,-98
1741510420.0444808,30,32,-70
1741510420.0904808,-3,-11,-66
1741510420.1364808,-15,8,-124
1741510420.181481,-5,-73,-106
1741510420.227481,39,-61,-204
1741510420.273481,38,9,-58
1741510420.318481,54,13,-54
1741510420.364481,-63,4,-56
1741510420.410481,60,-9,-36
1741510420.456481,68,-29,-96
1741510420.5014808,-1,-9,-116
1741510420.5474808,-15,86,-90
1741510420.5934808,-82,75,-62
1741510420.638481,1,-34,-142
1741510420.684481,65,-12,-76
1741510420.730481,85,-62,-92
1741510420.776481,-10,3,-170
1741510420.821481,-15,8,-116
1741510420.867481,-24,-16,-42
1741510420.913481,31,-2,-177
1741510420.9584808,-77,-11,-78
1741510421.0044808,-1,-53,-56
1741510421.0504808,2,18,-107
1741510421.0964808,-21,90,-59
1741510421.141481,36,-2,-61
1741510421.187481,-5,-39,-7
1741510421.233481,73,2,12
1741510421.278481,-99,38,-151
1741510421.324481,33,23,-47
1741510421.370481,-13,-7,-185
1741510421.416481,78,-61,-89
1741510421.4614809,-15,-49,-193
1741510421.5074809,-25,42,-115
1741510421.5534809,-23,-85,-101
1741510421.598481,-17,-31,-63
1741510421.644481,-65,-13,-52
1741510421.690481,-77,80,-33
1741510421.736481,20,-8,-77
1741510421.781481,-11,29,-29
1741510421.827481,16,27,38
1741510421.873481,-27,-102,-189
1741510421.9184809,24,-8,-11
1741510421.9644809,-11,-4,26
1741510422.0104809,-27,2,-117
1741510422.056481,-51,-11,-47
1741510422.101481,-69,-37,14
1741510422.147481,30,-27,-69
1741510422.193481,-51,12,-135
1741510422.2384808,59,-22,-103
1741510422.2844808,-15,-50,49
1741510422.3304808,20,41,-34
1741510422.3764808,9,55,-158
1741510422.421481,25,0,-50
1741510422.467481,-7,-11,-12
1741510422.513481,48,12,-74
1741510422.558481,72,-87,-14
1741510422.604481,-38,-75,-40
1741510422.650481,-20,30,-42
1741510422.696481,-16,-29,-44
1741510422.7414808,52,46,-46
1741510422.7874808,23,4,-104
1741510422.8334808,29,-41,11
1741510422.878481,28,44,169
1741510422.924481,2,42,-64
1741510422.970481,-61,-25,15
1741510423.015481,44,78,-116
1741510423.061481,-28,-39,-40
1741510423.107481,-2,8,-44
1741510423.153481,13,6,-118
1741510423.1984808,-25,-61,77
1741510423.2444808,-65,16,-190
1741510423.2904809,30,4,0
1741510423.335481,86,16,-84
1741510423.381481,-78,43,-4
1741510423.427481,11,5,-114
1741510423.473481,-4,5,-74
1741510423.518481,47,-8,-190
1741510423.564481,-20,0,-186
1741510423.610481,21,-6,-80
1741510423.6554809,14,17,-64
1741510423.7014809,58,17,-96
1741510423.7474809,52,-75,-62
1741510423.7934809,-21,59,-168
1741510423.838481,7,-71,-44
1741510423.884481,11,-7,-39
1741510423.930481,5,-5,24
1741510423.975481,-63,-12,-7
1741510424.021481,7,-41,3
1741510424.0674808,-56,10,-148
1741510424.118481,-7,4,-134
1741510424.164481,32,70,-31
1741510424.210481,-31,-29,-124
1741510424.255481,-37,28,7
1741510424.301481,30,-35,-8
1741510424.347481,32,22,42
1741510424.393481,43,-56,-72
1741510424.4384809,-75,-19,-2
1741510424.4844809,4,28,-47
1741510424.5304809,48,-19,0
1741510424.575481,16,-11,-137
1741510424.621481,2,10,-79
1741510424.667481,-49,2,-23
1741510424.713481,4,-39,-139
1741510424.758481,8,-37,0
1741510424.804481,22,-9,-89
1741510424.850481,32,-35,2
1741510424.8954809,52,-27,-111
1741510424.9414809,-8,7,-37
1741510424.9874809,39,129,10
1741510425.033481,18,-55,-121
1741510425.078481,8,-63,-123
1741510425.124481,20,32,-91
1741510425.170481,-81,-7,-89
1741510425.2154808,2,72,106
1741510425.2614808,3,-51,-137
1741510425.3074808,-2,-7,-27
1741510425.3534808,34,40,-115
1741510425.398481,-35,8,-77
1741510425.444481,46,2,-139
1741510425.490481,10,-43,-33
1741510425.535481,60,-5,-43
1741510425.581481,87,19,-67
1741510425.627481,41,9,-51
1741510425.673481,-53,-5,-38
1741510425.7184808,-37,-21,-87
1741510425.7644808,10,52,-55
1741510425.8104808,41,-24,26
1741510425.855481,7,-8,-134
1741510425.901481,-26,-50,-144
1741510425.947481,32,-39,-121
1741510425.993481,32,-25,-127
1741510426.038481,63,105,-17
1741510426.084481,-60,-10,-91
1741510426.130481,-61,22,-7
1741510426.1754808,-54,0,-29
1741510426.2214808,-6,43,-79
1741510426.2674809,-21,12,-111
1741510426.3134809,8,40,6
1741510426.358481,40,52,-33
1741510426.404481,-99,-31,16
1741510426.450481,82,-47,-109
1741510426.495481,58,1,-163
1741510426.541481,2,-68,-59
1741510426.587481,88,29,-185
1741510426.633481,-12,-27,-85
1741510426.6784809,-67,34,-13
1741510426.7244809,74,-41,-113
1741510426.7704809,-27,-17,-17
1741510426.815481,24,-99,-128
1741510426.861481,42,64,-153
1741510426.907481,-13,8,-45
1741510426.953481,-17,-35,55
1741510426.998481,10,-38,-53
1741510427.0444808,6,-23,-35
1741510427.0904808,9,13,-7
1741510427.1354809,-18,31,-115
1741510427.181481,7,-32,-183
1741510427.227481,17,0,42
1741510427.273481,14,0,-229
1741510427.318481,46,-33,-5
1741510427.364481,5,42,-97
1741510427.410481,-7,14,-1
1741510427.4554808,-24,46,-63
1741510427.5014808,16,-19,-145
1741510427.5474808,16,-55,48
1741510427.5934808,66,64,-189
1741510427.638481,-35,68,12
1741510427.684481,-39,2,-177
1741510427.730481,39,6,-65
1741510427.775481,-10,14,26
1741510427.821481,20,62,-69
1741510427.867481,-20,3,-111
1741510427.913481,-55,-5,-107
1741510427.9584808,1,-31,-121
1741510428.0044808,32,40,-103
1741510428.0504808,-5,-63,-109
1741510428.095481,16,-73,-1
1741510428.141481,-25,18,-147
1741510428.187481,0,76,-111
1741510428.233481,28,32,-153
1741510428.278481,2,-27,48
1741510428.324481,118,-1,-153
1741510428.370481,-27,96,-63
1741510428.4154809,6,-23,-99
1741510428.4614809,-15,-17,-47
1741510428.5074809,0,-47,-87
1741510428.5534809,4,-97,36
1741510428.598481,-41,-45,16
1741510428.644481,-16,-10,-109
1741510428.690481,3,5,-133
1741510428.735481,0,-28,-113
1741510428.781481,62,-53,-143
1741510428.827481,62,-53,-95
1741510428.873481,-43,-69,22
1741510428.9184809,12,10,-127
1741510428.9644809,56,-29,-285
1741510429.0104809,6,42,-103
1741510429.055481,90,14,-163
1741510429.101481,39,-71,-127
1741510429.147481,100,-26,-143
1741510429.193481,28,54,-43
1741510429.2384808,2,-13,-79
1741510429.2844808,-15,18,-113
1741510429.3304808,-1,-28,-127
1741510429.375481,6,-70,-92
1741510429.421481,15,70,-299
1741510429.467481,-28,-61,-18
1741510429.513481,3,-39,5
1741510429.558481,-23,55,-146
1741510429.604481,-3,-58,17
1741510429.650481,24,27,-110
1741510429.6954808,-11,0,39
1741510429.7414808,-68,23,-188
1741510429.7874808,-10,-14,55
1741510429.832481,-14,-6,-124
1741510429.878481,27,-96,-16
1741510429.924481,-8,-10,-162
1741510429.970481,-32,81,-52
1741510430.015481,7,-21,-82
1741510430.061481,29,13,-144
1741510430.108481,8,-11,0
1741510430.154481,-61,10,-128
1741510430.199481,-90,-64,-84
1741510430.245481,19,-32,-52
1741510430.291481,13,11,-28
1741510430.3364809,3,9,29
1741510430.3824809,9,-118,-72
1741510430.4284809,-24,0,-78
1741510430.4744809,-6,35,-120
1741510430.519481,9,5,-22
1741510430.565481,-18,-14,-170
1741510430.611481,21,-29,-117
1741510430.656481,11,-48,-218
1741510430.702481,-56,-46,-65
1741510430.748481,6,-12,-101
1741510430.7944808,98,8,-89
1741510430.8394809,-61,12,-57
1741510430.8854809,-59,20,-55
1741510430.931481,45,-18,-125
1741510430.976481,53,-48,-33
1741510431.022481,-29,-87,-89
1741510431.068481,12,5,-127
1741510431.114481,46,-51,-67
1741510431.1594808,62,-41,-23
1741510431.2054808,-35,36,-47
1741510431.2514808,-139,36,48
1741510431.296481,-33,-31,-129
1741510431.342481,-77,-9,44
1741510431.388481,11,-96,-117
1741510431.434481,12,-9,-49
1741510431.479481,56,-9,38
1741510431.525481,-39,-1,-69
1741510431.571481,-69,24,-1
1741510431.6164808,44,24,-61
1741510431.6624808,44,44,-27
1741510431.7084808,-55,46,-17
1741510431.7544808,40,-66,-125
1741510431.799481,-77,-23,-41
1741510431.845481,16,-41,-35
1741510431.891481,54,21,-111
1741510431.936481,56,-23,-137
1741510431.982481,-11,14,-143
1741510432.028481,-70,78,-115
1741510432.074481,-23,-9,38
1741510432.1194808,6,10,-121
1741510432.1654809,-53,14,-95
1741510432.2114809,54,-50,-79
1741510432.256481,-41,-54,-141
1741510432.302481,22,-2,-92
1741510432.348481,-3,-16,-221
1741510432.394481,-2,5,-39
1741510432.439481,-30,47,-164
1741510432.485481,31,47,-67
1741510432.531481,-3,38,30
1741510432.5764809,-13,-13,-117
1741510432.6224809,45,-63,-131
1741510432.6684809,-51,-9,-106
1741510432.7144809,-15,48,-6
1741510432.759481,-37,14,-114
1741510432.805481,26,-19,-150
1741510432.851481,42,28,-66
1741510432.896481,-3,22,63
1741510432.9424808,-113,44,-56
1741510432.9884808,46,-35,-92
1741510433.0344808,-43,-43,-18
1741510433.079481,58,-21,63
1741510433.125481,-67,-13,-70
1741510433.171481,78,16,-124
1741510433.216481,92,-33,-80
1741510433.262481,0,16,-60
1741510433.308481,14,-45,23
1741510433.354481,22,28,-168
1741510433.3994808,-65,32,-124
1741510433.4454808,-62,30,-148
1741510433.4914808,6,-43,-122
1741510433.536481,-29,8,-80
1741510433.582481,-33,32,-114
1741510433.628481,-1,44,-156
1741510433.674481,-13,26,-116
1741510433.719481,60,-40,-18
1741510433.765481,-87,21,-170
1741510433.811481,20,7,-136
1741510433.8564808,-6,-12,-126
1741510433.9024808,17,-38,-120
1741510433.9484808,39,9,-144
1741510433.9944808,-36,43,-164
1741510434.039481,-16,31,29
1741510434.091481,46,-29,-40
1741510434.1364808,-23,-9,-116
1741510434.1824808,22,-37,-81
1741510434.2284808,70,-5,-3
1741510434.2744808,-40,3,-91
1741510434.319481,1,-26,-161
1741510434.365481,-6,6,-103
1741510434.411481,-30,54,-35
1741510434.456481,17,-23,-27
1741510434.502481,-54,76,-139
1741510434.548481,-2,-43,-131
1741510434.594481,-36,-27,-97
1741510434.6394808,63,-67,-65
1741510434.6854808,43,3,-51
1741510434.7314808,-38,-22,-137
1741510434.776481,34,8,-91
1741510434.822481,24,4,-149
1741510434.868481,12,-27,-81
1741510434.914481,14,78,64
1741510434.959481,-33,12,20
1741510435.005481,-5,9,-1
1741510435.051481,18,57,-92
1741510435.0964808,26,-64,33
1741510435.1424809,66,12,-156
1741510435.1884809,37,-66,-38
1741510435.2344809,70,16,-64
1741510435.279481,-23,16,-92
1741510435.325481,-31,-31,-172
1741510435.371481,25,1,-120
1741510435.416481,-20,-138,-50
1741510435.462481,-2,-38,-48
1741510435.508481,7,17,-116
1741510435.554481,-10,49,-98
1741510435.5994809,85,-10,-60
1741510435.6454809,30,-19,-32
1741510435.6914809,-53,86,-56
1741510435.736481,82,-17,-102
1741510435.782481,-31,30,-124
1741510435.828481,-1,-9,-54
1741510435.874481,90,10,-126
1741510435.9194808,19,9,-48
1741510435.9654808,-16,1,-136
1741510436.0114808,22,-9,-36
1741510436.056481,68,-115,-62
1741510436.102481,42,2,-38
1741510436.148481,-5,-21,-96
1741510436.194481,23,-59,-60
1741510436.239481,22,-1,-184
1741510436.285481,-18,4,-60
1741510436.331481,-118,8,-250
1741510436.3764808,95,0,-42
1741510436.4224808,-44,0,-182
1741510436.4684808,-34,-5,-120
1741510436.5144808,-21,-21,23
1741510436.559481,-109,-65,-90
1741510436.605481,8,-41,-52
1741510436.651481,7,-1,-52
1741510436.696481,-9,-18,-132
1741510436.742481,-58,23,-52
1741510436.788481,55,33,-70
1741510436.8334808,53,31,-34
1741510436.8794808,19,7,-164
1741510436.9254808,-50,-42,-86
1741510436.9714808,88,-17,-40
1741510437.016481,-30,-26,-86
1741510437.062481,-74,-67,-70
1741510437.108481,36,-2,-208
1741510437.153481,58,-30,-72
1741510437.199481,28,13,-162
1741510437.245481,-49,0,1
1741510437.291481,-21,-2,-186
1741510437.3364809,-41,78,-160
1741510437.3824809,76,-11,-88
1741510437.4284809,140,5,107
1741510437.473481,-18,22,-74
1741510437.519481,-73,4,-60
1741510437.565481,-47,-9,-92
1741510437.611481,14,10,-152
1741510437.656481,-30,55,-16
1741510437.702481,17,-24,-44
1741510437.748481,1,5,-114
1741510437.7934809,31,-4,-122
1741510437.8394809,-72,33,-26
1741510437.8854809,49,-12,-80
1741510437.931481,-3,-20,-56
1741510437.976481,-13,-38,-100
1741510438.022481,74,-67,-134
1741510438.068481,44,-39,-100
1741510438.1134808,-3,-45,-136
1741510438.1594808,-1,32,-75
1741510438.2054808,14,-51,-45
1741510438.2514808,34,-3,66
1741510438.296481,26,-67,-33
1741510438.342481,80,-29,-89
1741510438.388481,-5,-25,-43
1741510438.433481,40,0,-65
1741510438.479481,-16,-83,-25
1741510438.525481,-46,50,-147
1741510438.571481,-2,-10,-61
1741510438.6164808,10,-29,8
1741510438.6624808,-10,-86,-187
1741510438.7084808,23,35,-99
1741510438.753481,43,5,-93
1741510438.799481,-55,56,-29
1741510438.845481,-1,14,-113
1741510438.891481,-31,24,-126
1741510438.936481,24,28,-149
1741510438.982481,13,5,-137
1741510439.028481,-63,54,-140
1741510439.0734808,8,28,-24
1741510439.1194808,110,-11,-85
1741510439.1654809,-29,-15,-73
1741510439.2114809,74,-15,-27
1741510439.256481,4,48,-79
1741510439.302481,36,0,-121
1741510439.348481,-55,-17,66
1741510439.393481,31,-60,-155
1741510439.439481,77,60,-55
1741510439.485481,-11,33,12
1741510439.531481,75,62,-37
1741510439.5764809,72,-63,-153
1741510439.6224809,-11,-6,66
1741510439.6684809,30,7,-51
1741510439.713481,-63,-28,-182
1741510439.759481,-15,-59,-246
1741510439.805481,-31,-47,18
1741510439.851481,12,-3,10
1741510439.896481,106,-92,-125
1741510439.9424808,-7,0,32
1741510439.9884808,11,-71,-117
1741510440.033481,25,-31,-33
1741510440.079481,-14,-16,-73
1741510440.125481,-14,-96,-155
1741510440.171481,-24,-54,-59
1741510440.216481,-30,17,-101
1741510440.262481,-2,-26,-89
1741510440.308481,-32,20,-33
1741510440.3534808,48,-5,42
1741510440.3994808,79,-50,-31
1741510440.4454808,-68,66,-13
1741510440.4914808,31,-13,4
1741510440.536481,51,4,-155
1741510440.582481,59,9,-85
1741510440.628481,17,0,-27
1741510440.673481,-25,-65,-181
1741510440.719481,-5,4,-147
1741510440.765481,-61,-27,-81
1741510440.811481,26,40,-45
1741510440.8564808,10,60,-61
1741510440.9024808,-45,4,52
1741510440.9484808,-37,-61,-75
1741510440.993481,-21,6,-31
1741510441.039481,-51,16,-77
1741510441.085481,1,-26,-65
1741510441.131481,-42,-39,-39
1741510441.176481,-4,-69,-27
1741510441.222481,-11,3,-207
1741510441.268481,-11,9,-117
1741510441.3134809,2,5,-219
1741510441.3594809,-19,77,-73
1741510441.4054809,-19,115,-203
1741510441.4514809,-79,15,-68
1741510441.496481,-11,-68,-93
1741510441.542481,10,32,-144
1741510441.588481,66,-14,-221
1741510441.633481,84,37,-133
1741510441.679481,-48,6,-127
1741510441.725481,-30,15,-32
1741510441.769481,-2,51,-38
1741510441.815481,7,-30,-160
1741510441.861481,26,-49,-124
1741510441.907481,10,-36,-82
1741510441.952481,62,-48,-14
1741510441.998481,38,11,41
1741510442.0444808,-7,23,-24
1741510442.0894809,8,-62,27
1741510442.1354809,-39,38,-92
1741510442.181481,38,-7,-34
1741510442.227481,-33,96,-60
1741510442.272481,-75,28,-90
1741510442.318481,-33,-61,-108
1741510442.364481,-71,-35,-30
1741510442.4094808,-37,-57,-74
1741510442.4554808,18,16,-148
1741510442.5014808,-69,-21,35
1741510442.5474808,36,-21,-202
1741510442.592481,-3,62,-6
1741510442.638481,-62,-3,-36
1741510442.684481,-16,0,35
1741510442.729481,-10,8,-268
1741510442.775481,14,20,-182
1741510442.821481,45,-13,-12
1741510442.867481,11,18,-100
1741510442.9124808,23,-15,-80
1741510442.9584808,-28,-15,-62
1741510443.0044808,1,56,-132
1741510443.049481,-64,24,-116
1741510443.095481,43,1,-20
1741510443.141481,-38,-34,3
1741510443.187481,20,2,-180
1741510443.232481,35,131,-170
1741510443.278481,41,17,-38
1741510443.324481,16,-27,-68
1741510443.3694808,-31,56,-172
1741510443.4154809,62,12,-116
1741510443.4614809,3,-110,-32
1741510443.5074809,-118,-44,-84
1741510443.552481,91,71,-118
1741510443.598481,-45,58,-50
1741510443.644481,24,-41,-80
1741510443.689481,-7,10,-48
1741510443.735481,-3,8,-180
1741510443.781481,-31,70,-78
1741510443.8264809,-33,-3,-88
1741510443.8724809,-20,-78,-39
1741510443.9184809,-74,-57,-107
1741510443.9644809,-52,50,-82
1741510444.009481,-60,-21,-117
1741510444.055481,95,-16,-41
1741510444.1064808,99,-45,-115
1741510444.1524808,41,17,-13
1741510444.1984808,-57,18,26
1741510444.2444808,-115,38,-89
1741510444.289481,39,5,-41
1741510444.335481,-11,81,-39
1741510444.381481,-11,5,-103
1741510444.426481,20,3,32
1741510444.472481,47,93,-65
1741510444.518481,83,77,-184
1741510444.564481,33,-8,-102
1741510444.6094809,-12,-96,-140
1741510444.6554809,49,-23,-49
1741510444.7014809,-3,-28,-8
1741510444.746481,-53,-30,-105
1741510444.792481,38,-13,-51
1741510444.838481,70,-37,-13
1741510444.884481,-85,-1,-107
1741510444.929481,10,32,-89
1741510444.975481,-3,28,-219
1741510445.021481,52,-64,-203
1741510445.0664809,2,4,-94
1741510445.1124809,-29,-4,-56
1741510445.158481,-1,3,-128
1741510445.204481,0,21,-29
1741510445.249481,39,9,-180
1741510445.295481,-8,7,-117
1741510445.341481,25,46,20
1741510445.3864808,15,84,-63
1741510445.4324808,-42,-1,-3
1741510445.4784808,41,-41,16
1741510445.5244808,-10,0,-100
1741510445.569481,-23,-41,3
1741510445.615481,-51,14,-87
1741510445.661481,92,12,-62
1741510445.706481,-16,2,-14
1741510445.752481,27,70,-140
1741510445.798481,67,28,-47
1741510445.844481,27,-63,-23
1741510445.8894808,-23,24,-32
1741510445.9354808,-9,26,-203
1741510445.9814808,-29,-21,-139
1741510446.026481,-80,101,42
1741510446.0734808,-42,29,-189
1741510446.1194808,102,-61,-133
1741510446.1654809,59,21,-29
1741510446.210481,26,36,20
1741510446.256481,141,58,-147
1741510446.302481,31,-17,-105
1741510446.348481,-77,-37,-23
1741510446.393481,26,20,22
1741510446.439481,-11,-43,-75
1741510446.485481,82,-7,-79
1741510446.5304809,6,54,-129
1741510446.5764809,111,-11,-163
1741510446.6224809,47,-67,-83
1741510446.6684809,54,50,-259
1741510446.713481,12,36,-11
1741510446.759481,-35,-36,-95
1741510446.805481,-49,-4,-121
1741510446.850481,24,-62,26
1741510446.896481,12,-42,-125
1741510446.9424808,76,-34,-135
1741510446.9884808,-35,101,-29
1741510447.033481,-28,-7,-123
1741510447.079481,72,-3,-67
1741510447.125481,26,70,-175
1741510447.170481,-33,0,-129
1741510447.216481,-25,20,-133
1741510447.262481,-1,-15,-83
1741510447.308481,-17,-45,-29
1741510447.3534808,26,-57,-123
1741510447.3994808,-39,-61,-179
1741510447.4454808,-15,-77,-42
1741510447.490481,-71,7,-189
1741510447.536481,4,-20,-223
1741510447.582481,32,-46,-236
1741510447.628481,66,101,-52
1741510447.673481,104,-32,-43
1741510447.719481,-25,-20,-101
1741510447.765481,56,-26,-99
1741510447.8104808,-7,95,-45
1741510447.8564808,40,-54,-101
1741510447.9024808,46,-23,-132
1741510447.9484808,56,-71,-141
1741510447.993481,74,18,-144
1741510448.039481,-38,25,-25
1741510448.085481,-70,-24,-51
1741510448.130481,-36,-48,-73
1741510448.176481,-55,0,-97
1741510448.222481,29,46,-83
1741510448.268481,37,12,47
1741510448.3134809,36,62,-116
1741510448.3594809,12,60,-75
1741510448.4054809,-40,-33,-101
1741510448.450481,-46,16,-167
1741510448.496481,-64,0,-207
1741510448.542481,-2,58,-83
1741510448.588481,61,0,-16
1741510448.633481,-11,-19,-193
1741510448.679481,46,16,-108
1741510448.725481,-47,-19,-83
1741510448.7704809,28,-81,42
1741510448.8164809,-121,-9,92
1741510448.8624809,110,75,-134
1741510448.908481,-45,6,-94
1741510448.953481,-2,21,-65
1741510448.999481,46,-11,-83
1741510449.045481,-19,34,-95
1741510449.0904808,-53,55,4
1741510449.1364808,24,59,-41
1741510449.1824808,-22,-18,-89
1741510449.2284808,40,-25,-99
1741510449.273481,-15,-31,-111
1741510449.319481,-53,-51,-2
1741510449.365481,-47,-37,-29
1741510449.410481,18,74,-123
1741510449.456481,2,50,52
1741510449.502481,-61,-63,-53
1741510449.548481,-7,26,-14
1741510449.5934808,-33,-33,-63
1741510449.6394808,2,24,-111
1741510449.6854808,-4,-2,-113
1741510449.730481,51,69,-70
1741510449.776481,-81,-23,-34
1741510449.822481,-11,-39,-87
1741510449.868481,52,-63,-17
1741510449.913481,-36,59,-31
1741510449.959481,-11,-11,-35
1741510450.005481,24,17,-112
1741510450.0504808,-4,-11,-41
1741510450.0964808,-10,-17,-67
1741510450.1424809,38,-42,-55
1741510450.1884809,59,44,57
1741510450.233481,-94,0,-103
1741510450.279481,-26,0,12
1741510450.325481,63,12,-107
1741510450.370481,0,8,-147
1741510450.416481,-4,30,-89
1741510450.462481,41,44,-17
1741510450.5074809,18,-32,-135
1741510450.5534809,44,-28,-40
1741510450.5994809,-1,-54,-133
1741510450.6454809,38,13,-23
1741510450.690481,-31,44,-54
1741510450.736481,-27,24,-87
1741510450.782481,-19,10,-143
1741510450.827481,26,3,-77
1741510450.873481,50,80,-67
1741510450.9194808,104,6,-77
1741510450.9654808,-1,-23,-41
1741510451.0104809,20,72,-23
1741510451.056481,-29,-41,-9
1741510451.102481,-44,-27,-129
1741510451.147481,-102,-79,-151
1741510451.193481,69,-103,54
1741510451.239481,-30,-23,-63
1741510451.285481,33,-10,-25
1741510451.3304808,-34,-18,-45
1741510451.3764808,23,19,-103
1741510451.4224808,2,32,-81
1741510451.467481,-43,-10,24
1741510451.513481,-2,-105,-112
1741510451.559481,29,-45,-73
1741510451.605481,-32,42,-69
1741510451.650481,-38,-5,-35
1741510451.696481,35,52,-153
1741510451.742481,35,46,-85
1741510451.7874808,-6,0,-97
1741510451.8334808,-29,34,-39
1741510451.8794808,82,-35,-67
1741510451.9254808,-17,56,-83
1741510451.970481,2,66,-83
1741510452.016481,20,2,-91
1741510452.062481,-68,54,-107
1741510452.107481,19,62,-11
1741510452.153481,-73,-11,-5
1741510452.199481,-46,10,-171
1741510452.245481,-12,-9,-99
1741510452.2904809,6,-37,-109
1741510452.3364809,48,61,-25
1741510452.3824809,2,31,16
1741510452.427481,-23,-22,-134
1741510452.473481,-47,-84,-134
1741510452.519481,-6,-29,-77
1741510452.565481,-7,-26,-55
1741510452.610481,28,-8,38
1741510452.656481,4,0,92
1741510452.702481,14,28,-127
1741510452.7474809,-97,6,-85
1741510452.7934809,-27,0,-137
1741510452.8394809,2,-71,-121
1741510452.8854809,-97,-11,-83
1741510452.930481,-60,114,-93
1741510452.976481,7,-35,-11
1741510453.022481,-12,-35,-7
1741510453.0674808,-44,22,-65
1741510453.1134808,-38,-63,-127
1741510453.1594808,-52,-71,4
1741510453.2054808,15,15,-77
1741510453.250481,48,21,-191
1741510453.296481,-10,57,10
1741510453.342481,-42,-38,-103
1741510453.387481,36,-3,-59
1741510453.433481,47,57,-161
1741510453.479481,-19,-4,-117
1741510453.525481,-5,-84,-165
1741510453.5704808,24,-40,-151
1741510453.6164808,46,45,44
1741510453.6624808,20,0,-123
1741510453.707481,11,-2,-27
1741510453.753481,-80,-25,-77
1741510453.799481,-10,-65,-75
1741510453.845481,79,66,-177
1741510453.890481,-22,74,-105
1741510453.936481,104,-12,-99
1741510453.982481,55,-31,6
1741510454.0274808,-6,-37,-59
1741510454.0734808,-57,-2,-41
1741510454.125481,0,25,-189
1741510454.170481,8,-6,-101
1741510454.216481,-79,-20,-17
1741510454.262481,40,-49,-1
1741510454.3074808,-31,22,-223
1741510454.3534808,-11,-9,-91
1741510454.3994808,-12,-38,-35
1741510454.4454808,22,13,-195
1741510454.490481,9,-4,-93
1741510454.536481,12,20,42
1741510454.582481,-17,16,-177
1741510454.627481,-9,46,-135
1741510454.673481,6,-16,-41
1741510454.719481,-57,9,-9
1741510454.765481,15,-2,-113
1741510454.8104808,37,-102,-103
1741510454.8564808,-81,20,-229
1741510454.9024808,44,-1,-145
1741510454.947481,36,40,-25
1741510454.993481,32,0,-30
1741510455.039481,-13,14,-164
1741510455.085481,49,4,-164
1741510455.130481,-70,-13,-130
1741510455.176481,-15,40,-24
1741510455.222481,-48,-70,-42
1741510455.2674809,-33,-87,-162
1741510455.3134809,-55,10,5
1741510455.3594809,48,30,43
1741510455.4054809,6,39,-28
1741510455.450481,6,33,-68
1741510455.496481,-21,67,-142
1741510455.542481,48,32,-4
1741510455.587481,-37,0,-48
1741510455.633481,34,-27,-64
1741510455.679481,-19,-57,-138
1741510455.725481,52,32,-84
1741510455.7704809,-1,-63,21
1741510455.8164809,-9,45,-236
1741510455.8624809,22,-12,15
1741510455.907481,2,-1,-206
1741510455.953481,14,-12,79
1741510455.999481,38,-52,0
1741510456.045481,-11,7,-28
1741510456.0904808,8,7,-32
1741510456.1364808,72,-22,-18
1741510456.1824808,52,35,7
1741510456.227481,4,17,-30
1741510456.273481,92,-7,-90
1741510456.319481,-1,-65,-66
1741510456.365481,52,2,-132
1741510456.410481,32,74,15
1741510456.456481,30,0,-60
1741510456.502481,54,49,-100
1741510456.5474808,30,-90,-114
1741510456.5934808,26,19,-152
1741510456.6394808,-143,-7,-56
1741510456.6854808,-101,10,-22
1741510456.729481,56,-31,-10
1741510456.775481,18,24,3
1741510456.821481,38,-44,-94
1741510456.8664808,2,-4,-104
1741510456.9124808,6,49,-96
1741510456.9584808,61,8,-128
1741510457.003481,-81,73,-110
1741510457.049481,18,-30,-126
1741510457.095481,112,3,-28
1741510457.141481,4,22,-58
1741510457.186481,-1,24,-52
1741510457.232481,86,-22,-30
1741510457.278481,41,73,-36
1741510457.3234808,-44,-4,-76
1741510457.3694808,-13,42,-69
1741510457.4154809,-11,8,-139
1741510457.460481,-7,18,-43
1741510457.506481,-52,-24,-77
1741510457.552481,33,-18,-43
1741510457.598481,6,-31,24
1741510457.643481,8,92,-21
1741510457.689481,-50,-32,-163
1741510457.735481,-39,2,-109
1741510457.7804809,-33,-45,-33
1741510457.8264809,42,-43,-75
1741510457.8724809,-8,39,36
1741510457.9184809,61,7,-61
1741510457.963481,-25,-29,-135
1741510458.009481,19,41,-90
1741510458.055481,-4,-78,47
1741510458.100481,-17,-25,-28
1741510458.146481,-23,-25,-186
1741510458.1924808,0,60,-51
1741510458.2384808,46,-17,-222
1741510458.283481,-19,-9,9
1741510458.329481,28,-8,-246
1741510458.375481,56,0,-60
1741510458.420481,16,-16,-158
1741510458.466481,-41,-12,-90
1741510458.512481,72,-62,-96
1741510458.558481,115,-25,-167
1741510458.6034808,34,65,-65
1741510458.6494808,69,-22,-119
1741510458.6954808,-104,-4,-83
1741510458.740481,25,-16,-95
1741510458.786481,-46,37,-100
1741510458.832481,44,-3,-153
1741510458.878481,105,90,-119
1741510458.923481,5,-13,-91
1741510458.969481,42,-50,-19
1741510459.015481,-41,-16,-171
1741510459.0604808,6,33,-53
1741510459.1064808,-29,-6,36
1741510459.1524808,-45,45,-141
1741510459.1984808,2,51,-27
1741510459.243481,21,-35,-81
1741510459.289481,11,-47,-145
1741510459.335481,35,84,-29
1741510459.380481,-81,-5,22
1741510459.426481,40,28,-29
1741510459.472481,-3,-1,-89
1741510459.518481,-73,102,-139
1741510459.5634809,-31,6,-116
1741510459.6094809,30,-1,-119
1741510459.6554809,-55,4,-121
1741510459.700481,44,56,-127
1741510459.746481,-66,-46,-191
1741510459.792481,-93,57,-45
1741510459.838481,58,25,-147
1741510459.883481,12,-24,-101
1741510459.929481,9,29,-73
1741510459.975481,36,-41,-169
1741510460.0204809,-81,-78,-61
1741510460.0664809,-53,-43,-51
1741510460.1124809,18,56,-85
1741510460.158481,72,-1,-105
1741510460.203481,-19,24,-81
1741510460.249481,-67,-63,-187
1741510460.295481,-93,8,-69
1741510460.3404808,-76,37,26
1741510460.3864808,74,-15,-73
1741510460.4324808,27,-64,-2
1741510460.4784808,45,-21,-84
1741510460.523481,1,-13,-65
1741510460.569481,12,-91,-109
1741510460.615481,-49,-37,-67
1741510460.660481,7,-5,-11
1741510460.706481,3,-43,44
1741510460.752481,-14,4,-29
1741510460.798481,31,35,-125
1741510460.8434808,-14,-22,50
1741510460.8894808,-17,-17,12
1741510460.9354808,30,-25,-91
1741510460.980481,22,44,-131
1741510461.026481,-40,-54,-25
1741510461.072481,13,19,-245
1741510461.118481,-86,-16,-75
1741510461.163481,37,37,-85
1741510461.209481,-26,9,-51
1741510461.255481,-24,-62,-55
1741510461.3004808,-4,21,-33
1741510461.3464808,-28,0,-85
1741510461.3924809,-10,12,-105
1741510461.4384809,-120,-49,-105
1741510461.483481,-6,37,-93
1741510461.529481,-19,-64,-57
1741510461.575481,-29,-38,-146
1741510461.620481,78,-30,-116
1741510461.666481,-33,-50,-6
1741510461.712481,-7,-50,-90
1741510461.758481,-29,3,-20
1741510461.8034809,72,104,-42
1741510461.8494809,30,-16,-66
1741510461.8954809,-24,47,17
1741510461.940481,-34,-38,-96
1741510461.986481,107,-22,-122
1741510462.032481,-56,-32,-66
1741510462.078481,-56,-42,0
1741510462.123481,-30,-37,-30
1741510462.1694808,-14,49,-22
1741510462.2154808,-24,-8,-32
1741510462.2604809,59,61,-178
1741510462.306481,51,-31,-50
1741510462.352481,-60,-29,-162
1741510462.398481,14,-35,-94
1741510462.443481,-2,34,-70
1741510462.489481,7,26,-21
1741510462.535481,-10,11,-97
1741510462.5804808,19,16,-95
1741510462.6264808,-86,-31,-7
1741510462.6724808,-95,-15,-97
1741510462.7184808,107,-45,-152
1741510462.763481,89,0,-119
1741510462.809481,0,30,-131
1741510462.855481,-73,31,-59
1741510462.900481,-55,-32,14
1741510462.946481,25,-43,-79
1741510462.992481,1,-63,-105
1741510463.038481,11,-27,-87
1741510463.0834808,-6,-25,19
1741510463.1294808,-110,-56,3
1741510463.1754808,10,-51,-129
1741510463.220481,-4,8,-67
1741510463.266481,5,-31,-120
1741510463.312481,91,6,-153
1741510463.358481,-40,-46,-89
1741510463.403481,-62,63,-17
1741510463.449481,16,21,-73
1741510463.495481,20,63,-37
1741510463.5404809,2,-2,-75
1741510463.5864809,90,9,-127
1741510463.6324809,-4,39,-84
1741510463.6784809,101,17,-177
1741510463.723481,12,-61,-241
1741510463.769481,-25,24,-133
1741510463.815481,-11,-43,-133
1741510463.860481,28,-15,-111
1741510463.906481,96,-13,-43
1741510463.952481,50,-83,-57
1741510463.998481,-72,13,-75
1741510464.0434809,-29,8,-47
1741510464.0894809,-7,-29,-47
1741510464.140481,26,-1,-83
1741510464.186481,63,29,-175
1741510464.232481,-58,-28,-119
1741510464.2774808,-40,-14,-51
1741510464.3234808,2,14,-45
1741510464.3694808,63,14,10
1741510464.4154809,-10,-5,-137
1741510464.460481,-38,24,-37
1741510464.506481,-90,38,-105
1741510464.552481,3,18,-55
1741510464.597481,1,10,-47
1741510464.643481,-8,-3,-131
1741510464.689481,-6,4,-55
1741510464.735481,-12,-47,-61
1741510464.7804809,-40,-71,-159
1741510464.8264809,-23,-47,-105
1741510464.8724809,18,72,-109
1741510464.917481,51,-40,76
1741510464.963481,-96,13,-69
1741510465.009481,-45,-49,-26
1741510465.055481,-29,26,-98
1741510465.100481,-41,-33,-164
1741510465.146481,-15,-81,-81
1741510465.1924808,0,-2,-156
1741510465.2374809,53,9,-78
1741510465.283481,90,-28,-165
1741510465.329481,28,5,-67
1741510465.375481,-27,-15,-211
1741510465.420481,-92,-70,-53
1741510465.466481,-38,-56,-235
1741510465.512481,-12,-94,-143
1741510465.5574808,13,1,-75
1741510465.6034808,51,0,-119
1741510465.6494808,61,-60,-105
1741510465.6954808,57,-116,-29
1741510465.740481,29,-64,-37
1741510465.786481,15,-36,10
1741510465.832481,7,-36,-77
1741510465.877481,-16,1,-119
1741510465.923481,45,-10,-83
1741510465.969481,-20,-11,-87
1741510466.015481,-4,-43,-45
1741510466.0604808,-5,-16,-113
1741510466.1064808,-8,12,-160
1741510466.1524808,1,-27,-82
1741510466.197481,65,-27,-38
1741510466.243481,-31,4,-46
1741510466.289481,-45,90,-16
1741510466.335481,38,86,-208
1741510466.380481,-2,35,-146
1741510466.426481,-8,35,-80
1741510466.472481,85,-22,-60
1741510466.5174809,-76,29,183
1741510466.5634809,-16,22,-98
1741510466.6094809,7,42,-92
1741510466.6554809,-41,-83,-48
1741510466.700481,9,69,-54
1741510466.746481,-42,0,-124
1741510466.792481,-21,54,-36
1741510466.837481,46,28,-40
1741510466.883481,-12,-24,-136
1741510466.929481,-23,8,-40
1741510466.975481,8,-35,63
1741510467.0204809,28,-22,17
1741510467.0664809,6,94,-50
1741510467.1124809,4,51,-138
1741510467.157481,18,7,-204
1741510467.203481,14,-8,-6
1741510467.249481,118,47,-178
1741510467.295481,-12,-15,-44
1741510467.3404808,12,46,-74
1741510467.3864808,-32,-27,-117
1741510467.4324808,1,-39,-198
1741510467.477481,7,-43,-122
1741510467.523481,39,16,-123
1741510467.569481,-43,-14,-155
1741510467.615481,-46,-13,-19
1741510467.660481,11,8,-71
1741510467.706481,11,-3,-107
1741510467.752481,-42,18,54
1741510467.7974808,-21,-73,-67
1741510467.8434808,36,22,-95
1741510467.8894808,8,10,-211
1741510467.9354808,-27,46,-107
1741510467.980481,16,-5,-39
1741510468.026481,4,-5,-55
1741510468.072481,54,37,-39
1741510468.117481,18,12,22
1741510468.163481,88,10,8
1741510468.209481,92,-11,-33
1741510468.255481,38,-7,-109
1741510468.3004808,0,58,-127
1741510468.3464808,-37,-5,-22
1741510468.3924809,-15,4,-34
1741510468.437481,-47,-103,-66
1741510468.483481,34,50,-128
1741510468.529481,24,-9,-72
1741510468.575481,-17,-20,-130
1741510468.620481,-17,47,-198
1741510468.666481,72,-39,-198
1741510468.712481,-23,26,-74
1741510468.7574809,46,78,-59
1741510468.8034809,28,-48,-65
1741510468.8494809,36,-3,-113
1741510468.8954809,14,12,-31
1741510468.940481,-13,-15,-33
1741510468.986481,24,2,-49
1741510469.032481,2,-45,-151
1741510469.077481,8,28,-30
1741510469.123481,30,22,-8
1741510469.1694808,41,18,-174
1741510469.2154808,100,88,-79
1741510469.2604809,49,-5,10
1741510469.306481,25,36,-37
1741510469.352481,-26,-65,40
1741510469.397481,17,-115,-149
1741510469.443481,51,-3,-88
1741510469.489481,-42,-9,34
1741510469.535481,-44,-5,-129
1741510469.5804808,-6,-39,-149
1741510469.6264808,15,-19,-99
1741510469.6724808,-38,-21,-121
1741510469.717481,59,62,-253
1741510469.763481,46,44,-179
1741510469.809481,-3,8,28
1741510469.855481,-28,95,-157
1741510469.900481,36,48,-27
1741510469.946481,-2,11,0
1741510469.992481,-40,47,-141
1741510470.0374808,19,65,-21
1741510470.0834808,74,-9,-23
1741510470.1294808,22,-17,-54
1741510470.1754808,-38,-33,-76
1741510470.220481,21,12,-126
1741510470.266481,35,42,1
1741510470.312481,9,50,-5
1741510470.357481,-26,-31,-91
1741510470.403481,3,42,-133
1741510470.449481,19,28,-67
1741510470.4944808,39,-91,36
1741510470.5404809,43,24,-71
1741510470.5864809,59,-85,-121
1741510470.6324809,-10,0,-29
1741510470.677481,65,-20,-89
1741510470.723481,14,0,-47
1741510470.769481,100,-38,-71
1741510470.815481,-73,-18,-29
1741510470.860481,-67,65,-111
1741510470.906481,-61,44,-83
1741510470.952481,76,-5,42
1741510470.9974809,-15,7,-113
1741510471.0434809,56,-76,-123
1741510471.0894809,28,7,-89
1741510471.134481,-33,-8,-67
1741510471.180481,38,17,8
1741510471.226481,-35,93,0
1741510471.272481,68,-14,6
1741510471.3174808,50,-26,-30
1741510471.3634808,39,-65,-87
1741510471.4094808,0,-15,-29
1741510471.454481,2,22,-31
1741510471.500481,-83,-35,-25
1741510471.546481,24,-25,-89
1741510471.592481,33,-30,-139
1741510471.637481,63,0,-99
1741510471.683481,15,-6,-59
1741510471.729481,68,32,-97
1741510471.7744808,0,86,-197
1741510471.8204808,-20,32,-57
1741510471.8664808,1,-5,-29
1741510471.9124808,81,-29,-123
1741510471.957481,-35,26,6
1741510472.003481,-3,-20,-97
1741510472.049481,51,-89,-89
1741510472.094481,25,2,-209
1741510472.140481,52,6,-19
1741510472.186481,-49,28,-127
1741510472.232481,-5,33,-27
1741510472.2774808,-17,69,-75
1741510472.3234808,12,-41,-43
1741510472.3694808,-17,-4,-33
1741510472.414481,8,-4,-60
1741510472.460481,18,0,-107
1741510472.506481,0,61,-52
1741510472.552481,100,7,-117
1741510472.597481,-5,-8,-157
1741510472.643481,-19,46,-125
1741510472.689481,46,-9,-59
1741510472.7344809,1,-66,-151
1741510472.7804809,31,-14,-101
1741510472.8264809,-20,35,-115
1741510472.8724809,5,-12,-109
1741510472.917481,-1,32,-95
1741510472.963481,72,-5,-153
1741510473.009481,-21,-81,-139
1741510473.054481,54,-31,-173
1741510473.100481,-135,26,-99
1741510473.146481,56,24,-17
1741510473.1924808,-39,18,-97
1741510473.2374809,-25,-39,-93
1741510473.283481,-17,-47,-41
1741510473.329481,45,-33,22
1741510473.374481,-54,12,-99
1741510473.420481,-52,-29,-57
1741510473.466481,-66,70,-161
1741510473.512481,59,33,-69
1741510473.5574808,49,-6,-22
1741510473.6034808,54,5,-39
1741510473.6494808,88,-6,-117
1741510473.694481,-9,-18,-123
1741510473.740481,6,27,-129
1741510473.786481,36,33,-45
1741510473.832481,-37,-61,-61
1741510473.877481,8,-9,-193
1741510473.923481,-35,-37,-145
1741510473.969481,94,-9,-69
1741510474.0144808,-103,-3,-143
1741510474.0604808,-51,28,26
1741510474.1064808,-18,-41,-53
1741510474.157481,5,-18,-23
1741510474.203481,-17,6,18
1741510474.249481,-61,-10,-69
1741510474.2944808,82,21,-125
1741510474.3404808,66,36,-111
1741510474.3864808,26,-19,-129
1741510474.4324808,46,-33,-105
1741510474.477481,-21,66,-199
1741510474.523481,76,-1,-21
1741510474.569481,-35,-45,-101
1741510474.614481,18,-5,14
1741510474.660481,21,-44,-97
1741510474.706481,59,-82,-79
1741510474.752481,-43,-25,-89
1741510474.7974808,18,-31,-69
1741510474.8434808,14,-53,-101
1741510474.8894808,-13,-43,-15
1741510474.934481,62,1,-80
1741510474.980481,-3,-32,-84
1741510475.026481,38,11,-208
1741510475.072481,-17,13,-148
1741510475.117481,19,5,-24
1741510475.163481,-14,-2,-106
1741510475.209481,22,-48,-70
1741510475.2544808,-65,-6,-114
1741510475.3004808,-21,-20,-11
1741510475.3464808,26,-8,-109
1741510475.3924809,-40,-2,-75
1741510475.437481,-5,-45,-180
1741510475.483481,26,-9,-141
1741510475.529481,-7,-28,-57
1741510475.574481,-19,-32,-119
1741510475.620481,50,-46,-89
1741510475.666481,24,21,-59
1741510475.712481,60,-55,-279
1741510475.7574809,-40,12,-84
1741510475.8034809,61,-8,-24
1741510475.8494809,-55,38,16
1741510475.894481,36,30,-161
1741510475.940481,36,-93,-147
1741510475.986481,18,11,-76
1741510476.032481,13,-5,-24
1741510476.077481,19,-5,-63
1741510476.123481,-8,10,-10
1741510476.1694808,-8,-25,-146
1741510476.2144809,11,-39,-62
1741510476.2604809,22,-57,-26
1741510476.306481,-59,2,-188
1741510476.352481,24,28,-72
1741510476.397481,-20,17,-58
1741510476.443481,-23,-141,-36
1741510476.489481,9,27,-112
1741510476.5344808,47,-28,-11
1741510476.5804808,1,-58,18
1741510476.6264808,-3,12,-93
1741510476.6724808,-5,16,-13
1741510476.717481,58,66,60
1741510476.763481,-47,7,-173
1741510476.809481,-18,-16,-87
1741510476.854481,25,55,-43
1741510476.900481,12,-35,-69
1741510476.946481,-23,6,-221
1741510476.992481,18,-26,-59
1741510477.0374808,-19,74,-31
1741510477.0834808,-61,33,-121
1741510477.1294808,-11,-6,-183
1741510477.174481,-11,-34,-93
1741510477.220481,-23,31,-47
1741510477.266481,20,-63,-77
1741510477.312481,14,40,-189
1741510477.357481,-15,66,-113
1741510477.403481,63,-35,-11
1741510477.449481,-65,64,-63
1741510477.4944808,-36,-29,-193
1741510477.5404809,53,40,10
1741510477.5864809,14,56,-185
1741510477.6324809,-38,-1,-85
1741510477.677481,38,12,20
1741510477.723481,58,24,-69
1741510477.769481,20,-9,-123
1741510477.814481,16,50,-93
1741510477.860481,-23,6,-27
1741510477.906481,-47,-19,-69
1741510477.9514809,-87,-27,-36
1741510477.9974809,42,2,3
1741510478.0434809,-93,-15,-82
1741510478.0894809,46,-25,-132
1741510478.134481,38,-11,-76
1741510478.180481,34,10,-112
1741510478.226481,-17,-17,-128
1741510478.271481,56,-46,-108
1741510478.3174808,-5,21,-26
1741510478.3634808,-13,-58,11
1741510478.4094808,-55,39,-110
1741510478.454481,-49,-6,-58
1741510478.500481,-67,30,-52
1741510478.546481,53,4,-180
1741510478.591481,0,34,-106
1741510478.637481,-43,28,-24
1741510478.683481,-77,34,-56
1741510478.729481,-45,22,-58
1741510478.7744808,18,24,-124
1741510478.8204808,36,-61,-74
1741510478.8664808,48,36,-116
1741510478.911481,-13,-7,-44
1741510478.957481,22,43,-10
1741510479.003481,-11,46,-122
1741510479.049481,-55,-9,-106
1741510479.094481,21,-3,-146
1741510479.140481,47,6,9
1741510479.186481,40,42,-103
1741510479.2314808,47,40,-201
1741510479.2774808,-8,13,-113
1741510479.3234808,-1,-90,29
1741510479.3694808,78,-28,-105
1741510479.414481,8,-44,-56
1741510479.460481,-3,-13,-34
1741510479.506481,10,-55,-104
1741510479.551481,-75,-13,-118
1741510479.597481,66,21,-18
1741510479.643481,-49,-90,-81
1741510479.689481,17,44,-77
1741510479.7344809,-80,40,-45
1741510479.7804809,-55,28,-79
1741510479.8264809,-23,10,-7
1741510479.871481,45,22,14
1741510479.917481,83,6,8
1741510479.963481,-83,-13,2
1741510480.009481,-119,-3,-135
1741510480.054481,-61,-33,-103
1741510480.100481,-19,62,-186
1741510480.146481,26,-73,-115
1741510480.1914809,-22,12,-93
1741510480.2374809,76,36,-111
1741510480.283481,0,-61,-83
1741510480.329481,13,23,-127
1741510480.374481,-23,-58,16
1741510480.420481,2,-21,-49
1741510480.466481,-41,-65,18
1741510480.5114808,-59,10,-61
1741510480.5574808,34,-29,-161
1741510480.6034808,30,28,-103
1741510480.6494808,2,46,-39
1741510480.694481,14,-27,-143
1741510480.740481,-21,75,-111
1741510480.786481,-3,-42,-23
1741510480.831481,33,-80,-19
1741510480.877481,15,-10,-3
1741510480.923481,-10,-48,-63
1741510480.969481,19,-98,-79
1741510481.0144808,25,-40,-51
1741510481.0604808,65,13,28
1741510481.1064808,36,-7,4
1741510481.151481,-93,-1,-191
1741510481.197481,44,24,16
1741510481.243481,33,42,-63
1741510481.289481,-9,-75,-145
1741510481.334481,6,70,-129
1741510481.380481,114,20,-77
1741510481.426481,53,-47,-43
1741510481.4714808,-80,-11,-255
1741510481.5174809,9,-29,-12
1741510481.5634809,5,-29,-110
1741510481.6094809,-69,42,-130
1741510481.654481,-11,18,21
1741510481.700481,-37,93,-104
1741510481.746481,70,69,-74
1741510481.791481,24,-2,-70
1741510481.837481,14,-22,-116
1741510481.883481,-5,-86,-72
1741510481.929481,12,35,-54
1741510481.9744809,-14,-25,-82
1741510482.0204809,16,-12,-36
1741510482.0664809,11,-6,-14
1741510482.111481,-51,4,-144
1741510482.157481,16,-13,-10
1741510482.203481,42,14,-10
1741510482.249481,-45,10,-230
1741510482.2944808,48,-1,-164
1741510482.3404808,-11,-53,-138
1741510482.3864808,63,13,-34
1741510482.431481,-25,46,-140
1741510482.477481,-9,41,-138
1741510482.523481,-17,-60,-68
1741510482.569481,-147,-72,77
1741510482.614481,0,-14,-6
1741510482.660481,24,-12,29
1741510482.706481,1,-48,-78
1741510482.7514808,-78,-48,-48
1741510482.7974808,19,-5,-108
1741510482.8434808,-14,47,-30
1741510482.8894808,53,-20,-10
1741510482.934481,55,-74,-52
1741510482.980481,15,32,-68
1741510483.026481,-72,43,-275
1741510483.071481,-12,17,-43
1741510483.117481,105,15,-171
1741510483.163481,15,-14,-89
1741510483.209481,-23,-18,-45
1741510483.2544808,-10,-50,-91
1741510483.3004808,-10,-31,-147
1741510483.3464808,-42,18,-57
1741510483.391481,-16,23,-77
1741510483.437481,33,-6,4
1741510483.483481,-71,31,66
1741510483.529481,-15,1,-119
1741510483.574481,58,-16,-71
1741510483.620481,29,49,-91
1741510483.666481,62,8,-69
1741510483.7114809,-7,-69,-291
1741510483.7574809,-17,44,-79
1741510483.8034809,76,-85,-81
1741510483.8494809,-1,-43,-56
1741510483.894481,-13,-5,-93
1741510483.940481,88,12,-73
1741510483.986481,16,-55,-71
1741510484.031481,106,22,-9
1741510484.077481,-27,16,-29
1741510484.1294808,26,-81,-63
1741510484.174481,-77,56,12
1741510484.220481,8,60,2
1741510484.266481,-27,50,-79
1741510484.311481,10,-15,-115
1741510484.357481,56,48,-127
1741510484.403481,-17,-55,-29
1741510484.449481,-71,2,-67
1741510484.4944808,-21,-11,-49
1741510484.5404809,62,34,-69
1741510484.5864809,42,24,21
1741510484.631481,-71,-85,-118
1741510484.677481,40,-43,-3
1741510484.723481,-41,-57,-168
1741510484.768481,18,-15,-38
1741510484.814481,19,22,-48
1741510484.860481,0,-7,-26
1741510484.906481,55,-25,-50
1741510484.9514809,87,10,19
1741510484.9974809,4,8,-124
1741510485.0434809,110,-33,5
1741510485.088481,18,-37,-88
1741510485.134481,-13,14,-38
1741510485.180481,-33,32,-198
1741510485.226481,85,-26,-72
1741510485.271481,-24,-62,51
1741510485.3174808,-1,-19,-6
1741510485.3634808,-37,32,-100
1741510485.408481,98,-55,-30
1741510485.454481,16,-49,-74
1741510485.500481,12,20,-52
1741510485.546481,-65,8,-116
1741510485.591481,35,91,-128
1741510485.637481,55,17,-96
1741510485.683481,73,-41,-152
1741510485.7284808,-65,6,39
1741510485.7744808,20,40,-62
1741510485.8204808,-59,-31,-66
1741510485.8664808,-19,116,-80
1741510485.911481,4,20,-66
1741510485.957481,-43,-21,19
1741510486.003481,-23,50,-42
1741510486.048481,29,-6,-132
1741510486.094481,106,-73,-44
1741510486.140481,63,14,-122
1741510486.186481,9,18,-24
1741510486.2314808,18,42,-48
1741510486.2774808,6,-23,-108
1741510486.3234808,28,-3,41
1741510486.368481,63,6,-166
1741510486.414481,-37,-3,-162
1741510486.460481,56,-47,-224
1741510486.506481,-7,24,1
1741510486.551481,-17,-57,-62
1741510486.597481,-43,-44,-44
1741510486.643481,60,-31,-166
1741510486.6884809,-48,-35,-182
1741510486.7344809,-2,2,-222
1741510486.7804809,-9,0,-88
1741510486.8264809,-51,-38,-170
1741510486.871481,54,35,-92
1741510486.917481,50,0,-20
1741510486.963481,-4,-34,-64
1741510487.008481,37,-2,-92
1741510487.054481,49,27,-78
1741510487.100481,50,-64,9
1741510487.147481,32,-46,-172
1741510487.1924808,-5,-42,-66
1741510487.2384808,-14,-40,-94
1741510487.2844808,7,-14,-46
1741510487.3304808,60,-16,-130
1741510487.375481,23,-22,37
1741510487.421481,-12,-20,-38
1741510487.467481,45,-34,-13
1741510487.512481,-35,26,-29
1741510487.558481,-7,-13,-47
1741510487.604481,86,10,-89
1741510487.650481,14,-27,-57
1741510487.6954808,94,20,-127
1741510487.7414808,0,-21,-55
1741510487.7874808,72,-29,-65
1741510487.832481,-37,-34,-85
1741510487.878481,0,6,-97
1741510487.924481,7,59,-25
1741510487.970481,-15,33,28
1741510488.015481,43,34,-149
1741510488.061481,-3,-54,-44
1741510488.107481,-5,21,-117
1741510488.1524808,36,1,18
1741510488.1984808,76,-39,-71
1741510488.2444808,-21,-26,-175
1741510488.2904809,-14,-17,-133
1741510488.335481,43,-36,-39
1741510488.381481,23,2,-59
1741510488.427481,-102,-77,-85
1741510488.472481,62,22,-62
1741510488.518481,105,40,32
1741510488.564481,-88,32,-101
1741510488.610481,9,-1,-31
1741510488.6554809,-16,-43,-67
1741510488.7014809,-26,2,-71
1741510488.7474809,35,45,-83
1741510488.792481,-38,-24,-197
1741510488.838481,-56,-50,-43
1741510488.884481,-28,-8,-105
1741510488.930481,-8,-18,-135
1741510488.975481,33,23,-127
1741510489.021481,33,43,-89
1741510489.0674808,23,16,-57
1741510489.1124809,9,-61,48
1741510489.158481,-2,-35,-105
1741510489.204481,-41,-14,2
1741510489.250481,6,-30,-93
1741510489.295481,-16,53,-47
1741510489.341481,53,19,-169
1741510489.387481,-24,19,-38
1741510489.4324808,31,-46,-169
1741510489.4784808,0,-18,77
1741510489.5244808,10,-46,35
1741510489.5704808,30,-21,-48
1741510489.615481,37,24,-54
1741510489.661481,17,40,-170
1741510489.707481,58,8,-36
1741510489.752481,26,2,-76
1741510489.798481,12,1,-92
1741510489.844481,-5,-43,-64
1741510489.890481,-3,26,-64
1741510489.9354808,-40,-41,-220
1741510489.9814808,3,40,-56
1741510490.0274808,-16,8,-146
1741510490.072481,167,-1,-20
1741510490.118481,-36,34,-12
1741510490.164481,-26,32,-72
1741510490.210481,-20,-25,63
1741510490.255481,-2,12,-34
1741510490.301481,-62,-37,-128
1741510490.347481,-16,40,-100
1741510490.3924809,-30,14,-104
1741510490.4384809,8,25,-48
1741510490.4844809,-1,39,-62
1741510490.5304809,92,6,-8
1741510490.575481,2,48,-130
1741510490.621481,-11,-9,-100
1741510490.667481,-23,-59,-10
1741510490.712481,-49,64,37
1741510490.758481,52,0,25
1741510490.804481,-19,-17,-24
1741510490.850481,48,6,-134
1741510490.8954809,-23,38,-78
1741510490.9414809,17,30,-52
1741510490.9874809,-39,-33,-130
1741510491.032481,-31,-43,-34
1741510491.078481,32,-9,-54
1741510491.124481,54,24,-76
1741510491.170481,30,16,-152
1741510491.2154808,-20,-28,-158
1741510491.2614808,14,-29,-8
1741510491.3074808,-32,-17,-76
1741510491.352481,-68,36,-16
1741510491.398481,-8,44,-116
1741510491.444481,44,-30,-114
1741510491.489481,34,25,-80
1741510491.535481,-31,-22,-48
1741510491.581481,46,-16,-2
1741510491.627481,-34,-14,43
1741510491.6724808,19,-22,7
1741510491.7184808,-64,43,-56
1741510491.7644808,-20,55,-16
1741510491.809481,35,-2,23
1741510491.855481,-39,-17,-64
1741510491.901481,-1,-27,-74
1741510491.947481,24,25,-2
1741510491.992481,-41,39,-108
1741510492.038481,57,-14,-74
1741510492.084481,35,29,-104
1741510492.1294808,-12,47,-32
1741510492.1754808,-16,-32,-156
1741510492.2214808,-7,40,-114
1741510492.2674809,50,15,-50
1741510492.312481,9,-32,-88
1741510492.358481,36,-85,-192
1741510492.404481,4,-39,-26
1741510492.449481,-49,26,-28
1741510492.495481,-39,132,-42
1741510492.541481,-107,-51,-32
1741510492.587481,64,-29,-204
1741510492.6324809,-105,58,-80
1741510492.6784809,48,-29,-58
1741510492.7244809,-24,19,-68
1741510492.769481,-81,-41,1
1741510492.815481,62,-25,-158
1741510492.861481,17,-17,-118
1741510492.907481,17,8,-74
1741510492.952481,-12,-5,-64
1741510492.998481,-9,10,-138
1741510493.0444808,-27,22,-190
1741510493.0894809,11,-15,-176
1741510493.1354809,24,48,-132
1741510493.181481,10,-51,-68
1741510493.227481,-1,-21,-62
1741510493.272481,36,-31,-84
1741510493.318481,-33,-53,-26
1741510493.364481,-61,31,-114
1741510493.4094808,-4,-36,-100
1741510493.4554808,87,59,83
1741510493.5014808,29,-86,-90
1741510493.5474808,-40,105,-70
1741510493.592481,-6,39,7
1741510493.638481,-13,19,-154
1741510493.684481,-45,-11,-170
1741510493.729481,-12,-54,-90
1741510493.775481,-31,27,-14
1741510493.821481,-21,12,-24
1741510493.867481,5,27,-102
1741510493.9124808,41,-50,-96
1741510493.9584808,-53,-33,-72
1741510494.0044808,93,-36,-166
1741510494.049481,53,23,-128
1741510494.095481,3,3,-44
1741510494.147481,-48,19,29
1741510494.1924808,-17,41,-176
1741510494.2384808,0,10,-36
1741510494.2844808,42,3,-90
1741510494.329481,50,69,-152
1741510494.375481,-55,74,-194
1741510494.421481,34,64,-47
1741510494.467481,52,16,-85
1741510494.512481,58,42,-127
1741510494.558481,68,-33,-35
1741510494.604481,34,6,-39
1741510494.6494808,-11,-25,-93
1741510494.6954808,-5,35,-63
1741510494.7414808,-59,-40,-107
1741510494.7874808,21,17,-129
1741510494.832481,-10,-88,-67
1741510494.878481,-67,-102,-39
1741510494.924481,-4,7,-98
1741510494.969481,50,-84,-72
1741510495.015481,28,-4,-112
1741510495.061481,16,-15,-127
1741510495.107481,88,18,-79
1741510495.1524808,51,-36,28
1741510495.1984808,49,-6,-83
1741510495.2444808,15,12,-107
1741510495.289481,12,22,-87
1741510495.335481,96,-65,-35
1741510495.381481,-26,-57,-133
1741510495.427481,-68,-5,-7
1741510495.472481,41,-33,-145
1741510495.518481,82,-21,-103
1741510495.564481,-29,-31,18
1741510495.6094809,-89,2,44
1741510495.6554809,-63,58,-109
1741510495.7014809,-43,18,-107
1741510495.7474809,48,8,38
1741510495.792481,-43,62,-133
1741510495.838481,-58,-14,-53
1741510495.884481,-70,17,-43
1741510495.929481,-3,8,-183
1741510495.975481,24,68,-7
1741510496.021481,-9,40,-69
1741510496.0674808,34,58,-114
1741510496.1124809,-18,-9,-61
1741510496.158481,58,43,-41
1741510496.204481,-69,1,-38
1741510496.249481,36,31,-164
1741510496.295481,2,-100,-92
1741510496.341481,-52,-27,-106
1741510496.387481,26,-17,-54
1741510496.4324808,-4,-29,-120
1741510496.4784808,-62,-25,-118
1741510496.5244808,-76,-31,-28
1741510496.569481,-26,-55,-4
1741510496.615481,-24,64,-98
1741510496.661481,149,20,69
1741510496.707481,11,-1,-58
1741510496.752481,-44,-65,-122
1741510496.798481,-1,43,0
1741510496.844481,-27,-4,-100
1741510496.8894808,-5,3,-52
1741510496.9354808,22,-18,-70
1741510496.9814808,-63,61,-82
1741510497.0274808,78,7,-146
1741510497.072481,-45,-10,-4
1741510497.118481,-59,-78,-42
1741510497.164481,48,-6,-84
1741510497.209481,-29,-22,-106
1741510497.255481,32,33,-32
1741510497.301481,26,39,-140
1741510497.347481,-29,-60,-10
1741510497.3924809,22,63,-68
1741510497.4384809,-21,40,5
1741510497.4844809,-27,-29,-30
1741510497.529481,-41,16,-170
1741510497.575481,19,-36,-26
1741510497.621481,27,-12,-22
1741510497.667481,-32,21,-170
1741510497.712481,-52,-2,-68
1741510497.758481,5,-34,-68
1741510497.804481,49,23,-113
1741510497.8494809,77,-34,-80
1741510497.8954809,-38,-6,-6
1741510497.9414809,34,-107,-105
1741510497.9874809,68,54,-125
1741510498.032481,24,0,-143
1741510498.078481,-44,-41,-9
1741510498.124481,25,-1,-26
1741510498.1694808,-38,-69,-16
1741510498.2154808,-9,-38,-10
1741510498.2614808,-47,54,-16
1741510498.306481,-13,9,-167
1741510498.352481,-17,-26,-165
1741510498.398481,38,-38,-67
1741510498.444481,32,47,-145
1741510498.489481,69,-40,-103
1741510498.535481,-58,-82,-133
1741510498.581481,-120,69,-101
1741510498.6264808,-26,17,-67
1741510498.6724808,-58,1,-31
1741510498.7184808,-22,37,-33
1741510498.7644808,-32,33,-211
1741510498.808481,19,-20,-91
1741510498.854481,81,3,-79
1741510498.900481,27,5,-117
1741510498.9454808,-32,3,-95
1741510498.9914808,-37,23,-189
1741510499.0374808,-42,-10,-19
1741510499.082481,-39,-10,-57
1741510499.128481,90,-26,-59
1741510499.174481,-67,27,-117
1741510499.220481,42,-13,-90
1741510499.265481,-9,0,-49
1741510499.311481,22,24,-126
1741510499.357481,74,-35,-132
1741510499.4024808,-45,-25,-91
1741510499.4484808,-61,-17,-100
1741510499.4944808,-19,-1,-2
1741510499.5404809,63,-13,-105
1741510499.585481,-82,-59,-131
1741510499.631481,65,-69,-123
1741510499.677481,46,42,-163
1741510499.722481,-1,12,-179
1741510499.768481,1,62,-127
1741510499.814481,-20,-29,-137
1741510499.860481,-89,-55,-91
1741510499.9054809,-43,6,-49
1741510499.9514809,-22,-29,26
1741510499.9974809,21,22,-82
1741510500.042481,82,-20,-72
1741510500.088481,-81,55,-102
1741510500.134481,-3,-110,-220
1741510500.180481,-38,-30,-198
1741510500.225481,-24,-78,-134
1741510500.271481,20,-35,-168
1741510500.3174808,40,-44,43
1741510500.3624809,16,43,-54
1741510500.408481,-55,0,-38
1741510500.454481,-80,-52,-184
1741510500.500481,22,-67,-98
1741510500.545481,-72,-53,-194
1741510500.591481,-28,66,-114
1741510500.637481,29,-63,-24
1741510500.6824808,43,22,-24
1741510500.7284808,-33,-13,-58
1741510500.7744808,55,-5,-76
1741510500.8204808,-6,-40,-108
1741510500.865481,-20,11,-162
1741510500.911481,21,-20,-39
1741510500.957481,22,11,-137
1741510501.002481,-1,21,38
1741510501.048481,-11,99,-17
1741510501.094481,30,49,-73
1741510501.140481,-50,18,8
1741510501.1854808,1,-55,-124
1741510501.2314808,51,38,-81
1741510501.2774808,-53,-37,-100
1741510501.322481,-21,-11,-149
1741510501.368481,34,24,-121
1741510501.414481,-49,-21,-73
1741510501.460481,1,5,-7
1741510501.505481,-43,-57,-23
1741510501.551481,28,10,-67
1741510501.597481,-55,2,-117
1741510501.6424809,46,18,34
1741510501.6884809,-15,38,-67
1741510501.7344809,-24,6,-121
1741510501.7804809,42,-4,-120
1741510501.825481,48,-52,-1
1741510501.871481,-62,23,-81
1741510501.917481,7,36,-67
1741510501.962481,1,-76,-165
1741510502.008481,-4,15,-47
1741510502.054481,-12,59,-99
1741510502.100481,22,-80,-49
1741510502.1454809,2,3,-67
1741510502.1914809,60,10,-85
1741510502.2374809,0,-43,-97
1741510502.282481,-30,44,-73
1741510502.328481,77,-11,-167
1741510502.374481,-22,-9,-79
1741510502.420481,30,-28,26
1741510502.4654808,2,-10,-141
1741510502.5114808,-7,11,-7
1741510502.5574808,-8,39,-119
1741510502.602481,6,-3,-134
1741510502.648481,-18,15,-82
1741510502.694481,-17,-9,-38
1741510502.740481,11,47,-70
1741510502.785481,47,-82,-113
1741510502.831481,40,26,0
1741510502.877481,71,-30,-129
1741510502.9224808,11,-36,12
1741510502.9684808,-5,-93,-75
1741510503.0144808,-47,-3,-115
1741510503.0604808,50,34,-99
1741510503.105481,-79,-27,-97
1741510503.151481,36,22,-123
1741510503.197481,69,-12,-82
1741510503.242481,-10,-80,-108
1741510503.288481,53,65,13
1741510503.334481,89,-34,-110
1741510503.380481,-18,36,15
1741510503.4254808,60,-27,-46
1741510503.4714808,-24,-65,27
1741510503.5174809,-51,-35,-180
1741510503.562481,-2,8,-234
1741510503.608481,-11,-65,-50
1741510503.654481,-30,4,-41
1741510503.700481,-17,-15,-121
1741510503.745481,48,14,8
1741510503.791481,-13,-21,-147
1741510503.837481,-17,26,-15
1741510503.8824809,-47,-63,-137
1741510503.9284809,0,-9,-35
1741510503.9744809,10,-11,-133
1741510504.0204809,-31,64,18
1741510504.065481,-95,-37,-145
1741510504.111481,-57,-9,-49
1741510504.1624808,-37,54,-167
1741510504.2084808,68,-49,-143
1741510504.2544808,-5,-5,-137
1741510504.3004808,58,10,-91
1741510504.345481,-7,28,2
1741510504.391481,-48,-81,-85
1741510504.437481,-6,26,-111
1741510504.482481,-50,24,-19
1741510504.528481,-28,30,-139
1741510504.574481,52,-2,-79
1741510504.620481,-107,7,-67
1741510504.666481,-75,-8,-29
1741510504.712481,-23,-44,-33
1741510504.758481,-43,7,-151
1741510504.804481,10,-16,-181
1741510504.8494809,-111,-24,-83
1741510504.8954809,-65,-17,-111
1741510504.9414809,28,18,-111
1741510504.986481,-27,-17,-127
1741510505.032481,16,-25,-109
1741510505.078481,-5,-27,-150
1741510505.123481,-1,-39,-26
1741510505.1694808,146,-35,-108
1741510505.2154808,6,-1,-55
1741510505.2614808,-21,54,34
1741510505.306481,-1,-43,-211
1741510505.352481,-45,-3,-45
1741510505.398481,52,-14,-89
1741510505.443481,-55,7,-85
1741510505.489481,66,-34,-83
1741510505.535481,-31,-22,-175
1741510505.581481,16,33,-157
1741510505.6264808,-54,76,-37
1741510505.6724808,50,-57,-135
1741510505.7184808,-13,-57,-187
1741510505.763481,0,-79,-27
1741510505.809481,-33,-65,-63
1741510505.855481,-43,-51,-57
1741510505.901481,76,28,56
1741510505.946481,4,40,-5
1741510505.992481,8,-8,-61
1741510506.038481,50,-16,-31
1741510506.0834808,0,13,-35
1741510506.1294808,-93,42,-21
1741510506.1754808,-41,-9,-193
1741510506.2214808,-5,-31,-209
1741510506.266481,-54,63,-37
1741510506.312481,60,0,-60
1741510506.358481,62,14,-165
1741510506.403481,44,-43,-99
1741510506.449481,94,72,-185
1741510506.495481,23,-17,-13
1741510506.541481,32,-13,-205
1741510506.5864809,-22,-47,24
1741510506.6324809,56,4,-77
1741510506.6784809,43,12,-189
1741510506.723481,17,42,-75
1741510506.769481,0,12,60
1741510506.815481,26,-41,-69
1741510506.861481,12,-7,-49
1741510506.906481,40,-93,-64
1741510506.952481,-20,28,-136
1741510506.998481,43,110,5
1741510507.0434809,-4,-29,-92
1741510507.0894809,-27,34,-20
1741510507.1354809,41,-47,-104
1741510507.181481,4,-18,-82
1741510507.226481,-41,-24,45
1741510507.272481,15,-23,-112
1741510507.318481,-20,-23,-14
1741510507.3634808,3,-1,-84
1741510507.4094808,33,-6,-188
1741510507.4554808,-30,-2,13
1741510507.5014808,27,1,-169
1741510507.546481,-14,-58,-83
1741510507.592481,-86,-38,40
1741510507.638481,-53,0,-7
1741510507.683481,-19,6,-23
1741510507.729481,7,-43,70
1741510507.775481,18,10,-91
1741510507.821481,-93,-41,-91
1741510507.8664808,8,8,-127
1741510507.9124808,-7,24,-153
1741510507.9584808,40,20,-173
1741510508.003481,-16,24,-43
1741510508.049481,24,46,-225
1741510508.095481,12,-49,-113
1741510508.141481,48,-49,-55
1741510508.186481,-40,-25,2
1741510508.232481,57,64,-133
1741510508.278481,86,-79,-257
1741510508.3234808,11,-19,-85
1741510508.3694808,-115,-5,-49
1741510508.4154809,24,14,-85
1741510508.4614809,0,18,-5
1741510508.506481,-63,-2,-3
1741510508.552481,86,48,72
1741510508.598481,-56,-14,-9
1741510508.643481,5,-20,-81
1741510508.689481,-26,-36,-187
1741510508.735481,45,-4,-60
1741510508.781481,-32,16,-152
1741510508.8264809,27,6,-55
1741510508.8724809,-8,34,-111
1741510508.9184809,1,-103,-151
1741510508.963481,-1,-29,-191
1741510509.009481,24,18,-81
1741510509.055481,-31,-18,-139
1741510509.101481,34,-35,-41
1741510509.146481,-29,8,-91
1741510509.1924808,2,77,-170
1741510509.2384808,34,-7,-116
1741510509.283481,17,36,29
1741510509.329481,22,-25,7
1741510509.375481,21,49,-90
1741510509.421481,45,-28,-77
1741510509.466481,63,-17,-27
1741510509.512481,48,-50,-107
1741510509.558481,85,-13,-123
1741510509.6034808,71,6,-27
1741510509.6494808,-59,4,-43
1741510509.6954808,-19,-3,-45
1741510509.7414808,14,-24,-135
1741510509.786481,29,-48,-153
1741510509.832481,31,-28,-59
1741510509.878481,10,-49,-127
1741510509.923481,8,-20,20
1741510509.969481,-81,-2,-5
1741510510.015481,-89,15,-47
1741510510.061481,54,-11,-45
1741510510.1064808,-71,-20,-57
1741510510.1524808,44,-42,-117
1741510510.1984808,13,-5,-89
1741510510.243481,17,32,-55
1741510510.289481,-27,-72,-73
1741510510.335481,19,-9,-95
1741510510.381481,-14,24,-107
1741510510.426481,-14,126,-81
1741510510.472481,21,66,-103
1741510510.518481,-73,-83,-117
1741510510.5634809,0,14,-233
1741510510.6094809,-9,-13,-97
1741510510.6554809,24,-43,4
1741510510.7014809,-57,-29,-121
1741510510.746481,-121,-15,-109
1741510510.792481,88,60,-9
1741510510.838481,-71,73,-161
1741510510.883481,126,-28,-107
1741510510.929481,-39,-45,-117
1741510510.975481,-3,-29,2
1741510511.021481,-14,24,-117
1741510511.0664809,-62,-87,-91
1741510511.1124809,-32,1,-57
1741510511.158481,-68,-66,-147
1741510511.203481,-44,-28,-59
1741510511.249481,47,97,-9
1741510511.295481,29,-8,-101
1741510511.341481,47,-16,-87
1741510511.3864808,25,27,-57
1741510511.4324808,-102,-35,-39
1741510511.4784808,-78,22,-157
1741510511.523481,-39,-29,-25
1741510511.569481,26,-9,-15
1741510511.615481,36,-1,-39
1741510511.661481,-59,-47,46
1741510511.706481,40,58,-129
1741510511.752481,99,-51,38
1741510511.798481,-21,-13,56
1741510511.8434808,70,18,-9
1741510511.8894808,-27,20,6
1741510511.9354808,46,-55,-135
1741510511.980481,64,-15,-189
1741510512.026481,28,22,-61
1741510512.072481,54,12,-167
1741510512.118481,-33,-25,-99
1741510512.163481,10,-3,-105
1741510512.209481,-35,57,-13
1741510512.255481,-82,59,22
1741510512.3004808,-38,-20,-1
1741510512.3464808,-15,-9,-21
1741510512.3924809,12,-39,-67
1741510512.4384809,-15,-9,-79
1741510512.483481,-21,38,-25
1741510512.529481,-93,-11,-153
1741510512.575481,-73,15,-77
1741510512.620481,-23,-16,54
1741510512.666481,-5,17,-3
1741510512.712481,-5,-50,-97
1741510512.758481,-11,-22,-99
1741510512.8034809,24,-24,-39
1741510512.8494809,-3,37,-47
1741510512.8954809,-21,-59,-113
1741510512.940481,-30,18,-47
1741510512.986481,-25,52,42
1741510513.032481,-53,-17,-231
1741510513.078481,-52,-23,-155
1741510513.123481,-22,10,-19
1741510513.1694808,-35,-37,-161
1741510513.2154808,66,20,-108
1741510513.2604809,12,18,-82
1741510513.306481,-94,-13,34
1741510513.352481,22,22,57
1741510513.398481,7,28,0
1741510513.443481,-56,-21,-146
1741510513.489481,59,28,-114
1741510513.535481,-13,36,-6
1741510513.5804808,68,34,-44
1741510513.6264808,-30,4,-44
1741510513.6724808,-81,0,-62
1741510513.7184808,77,8,-216
1741510513.763481,4,42,-154
1741510513.809481,52,-65,-140
1741510513.855481,22,16,-162
1741510513.900481,18,-21,-8
1741510513.946481,16,-25,-138
1741510513.992481,10,32,-112
1741510514.038481,-73,62,-27
1741510514.0834808,-9,2,-67
1741510514.1294808,-23,-33,-25
1741510514.180481,26,24,-80
1741510514.226481,-1,2,-145
1741510514.272481,-28,-27,-67
1741510514.318481,22,84,-41
1741510514.3634808,71,-31,69
1741510514.4094808,0,-19,-54
1741510514.4554808,19,14,-188
1741510514.500481,98,31,-76
1741510514.546481,137,72,-54
1741510514.592481,22,47,33
1741510514.638481,40,-22,-36
1741510514.683481,44,-88,-70
1741510514.729481,-3,-58,-62
1741510514.775481,88,-6,-110
1741510514.8204808,4,-30,-152
1741510514.8664808,12,28,25
1741510514.9124808,94,-4,-156
1741510514.9584808,-23,21,-162
1741510515.003481,32,-4,-56
1741510515.049481,-49,114,-70
1741510515.095481,72,-63,-148
1741510515.140481,-41,-15,-80
1741510515.186481,-33,-45,-150
1741510515.232481,48,28,-102
1741510515.278481,-8,-39,-50
1741510515.322481,-23,-27,-72
1741510515.368481,36,68,-16
1741510515.414481,58,-25,-226
1741510515.459481,-3,-45,-18
1741510515.505481,-33,23,-116
1741510515.551481,-3,-58,-36
1741510515.5964808,36,-24,-36
1741510515.6424809,-1,-3,-176
1741510515.6884809,-52,-9,-110
1741510515.7344809,-8,-67,3
1741510515.779481,-74,-49,-62
1741510515.825481,-20,26,-44
1741510515.871481,77,32,-188
1741510515.916481,-32,-53,-20
1741510515.962481,-24,-43,-60
1741510516.008481,23,-57,-160
1741510516.054481,22,-17,-70
1741510516.0994809,-7,90,-120
1741510516.1454809,-8,-21,-96
1741510516.1914809,-5,47,-42
1741510516.236481,23,-78,-70
1741510516.282481,19,-36,-170
1741510516.328481,19,-44,-152
1741510516.374481,4,31,-76
1741510516.4194808,-65,-35,-90
1741510516.4654808,20,-31,-36
1741510516.5114808,54,-13,-4
1741510516.556481,26,62,19
1741510516.602481,-37,-59,-168
1741510516.648481,20,-61,17
1741510516.694481,33,23,-122
1741510516.739481,96,-5,-152
1741510516.785481,-85,62,-70
1741510516.831481,-58,72,-56
1741510516.8764808,-7,48,-68
1741510516.9224808,4,-31,-82
1741510516.9684808,50,0,-17
1741510517.0144808,-11,-15,-74
1741510517.059481,-25,-33,24
1741510517.105481,-41,94,-102
1741510517.151481,62,58,-54
1741510517.196481,-22,-17,-73
1741510517.242481,-19,-2,-175
1741510517.288481,-1,6,-93
1741510517.334481,-15,-72,-107
1741510517.3794808,12,-40,-129
1741510517.4254808,29,46,-57
1741510517.4714808,19,-59,-97
1741510517.516481,-34,45,-113
1741510517.562481,61,-21,-115
1741510517.608481,-37,29,-87
1741510517.654481,-25,40,-71
1741510517.699481,-27,62,-39
1741510517.745481,12,34,-95
1741510517.791481,-28,-31,-155
1741510517.8364809,-8,-5,-101
1741510517.8824809,-35,19,-65
1741510517.9284809,-5,-70,-113
1741510517.9744809,20,1,4
1741510518.019481,-33,95,-58
1741510518.065481,-57,-46,-57
1741510518.111481,20,-46,-201
1741510518.156481,81,-19,-207
1741510518.202481,6,-43,-135
1741510518.248481,34,-51,8
1741510518.2944808,-32,-85,-73
1741510518.3394809,-35,18,-45
1741510518.3854809,40,10,-157
1741510518.431481,-15,-51,-27
1741510518.476481,54,12,-83
1741510518.522481,-15,0,-165
1741510518.568481,-17,-47,-159
1741510518.614481,-13,-33,-69
1741510518.6594808,111,16,-63
1741510518.7054808,82,30,-21
1741510518.7514808,79,-11,-115
1741510518.796481,55,-43,-179
1741510518.842481,-32,-45,-151
1741510518.888481,-24,37,-69
1741510518.933481,-10,-18,54
1741510518.979481,68,-21,-56
1741510519.025481,-17,28,-58
1741510519.071481,68,-97,-62
1741510519.1164808,-15,-69,0
1741510519.1624808,66,58,-148
1741510519.2084808,-7,-57,39
1741510519.253481,12,58,-116
1741510519.299481,-35,-27,-34
1741510519.345481,12,55,-76
1741510519.391481,44,43,-124
1741510519.436481,21,-25,19
1741510519.482481,-30,22,-112
1741510519.528481,31,-26,-142
1741510519.5734808,1,-50,15
1741510519.6194808,-26,-30,-122
1741510519.6654809,6,-27,-40
1741510519.7114809,79,31,25
1741510519.756481,-18,-11,-2
1741510519.802481,11,20,-116
1741510519.848481,-56,24,-68
1741510519.893481,25,2,-90
1741510519.939481,-28,18,-56
1741510519.985481,-44,52,3
1741510520.031481,-4,-31,-12
1741510520.0764809,90,51,-62
1741510520.1224809,24,-23,-110
1741510520.1684809,-7,31,-156
1741510520.213481,-26,56,-90
1741510520.259481,74,7,53
1741510520.305481,21,-37,-172
1741510520.351481,13,-5,-150
1741510520.396481,-28,-45,-100
1741510520.4424808,-19,-4,-50
1741510520.4884808,62,-8,-130
1741510520.533481,36,-32,-152
1741510520.579481,-85,47,-84
1741510520.625481,89,20,-88
1741510520.671481,35,-53,-46
1741510520.716481,-20,-17,-60
1741510520.762481,59,-46,-152
1741510520.808481,10,-19,-80
1741510520.8534808,-53,-69,-114
1741510520.8994808,-15,-4,-132
1741510520.9454808,44,-72,-58
1741510520.9914808,-22,23,-54
1741510521.036481,-18,33,-88
1741510521.082481,-48,-26,-132
1741510521.128481,29,-58,-64
1741510521.173481,25,7,47
1741510521.219481,-19,44,-10
1741510521.265481,-71,-22,23
1741510521.311481,-59,40,-68
1741510521.3564808,88,-11,-80
1741510521.4024808,8,32,-60
1741510521.4484808,-39,-27,-38
1741510521.493481,-61,10,-68
1741510521.539481,-41,10,-15
1741510521.585481,-67,-17,-89
1741510521.631481,-16,-37,-13
1741510521.676481,-10,6,-151
1741510521.722481,7,-77,-63
1741510521.768481,-25,20,-17
1741510521.8134809,31,-25,88
1741510521.8594809,-31,-22,-135
1741510521.9054809,-33,0,-72
1741510521.9514809,66,-34,-108
1741510521.996481,-53,-24,-75
1741510522.042481,-102,-29,-77
1741510522.088481,-4,-61,-143
1741510522.133481,-66,-39,-58
1741510522.179481,9,20,23
1741510522.225481,-38,-5,-69
1741510522.271481,28,-24,-59
1741510522.3164809,80,1,32
1741510522.3624809,-4,-27,-45
1741510522.408481,48,-57,-130
1741510522.453481,-11,-37,73
1741510522.499481,12,88,-149
1741510522.545481,-43,34,-119
1741510522.591481,8,12,33
1741510522.6364808,-27,42,-82
1741510522.6824808,-27,54,-159
1741510522.7284808,-1,-3,-33
1741510522.773481,-13,-37,-113
1741510522.819481,-1,-30,4
1741510522.865481,-17,13,-111
1741510522.911481,54,-32,-115
1741510522.956481,-25,-5,-99
1741510523.002481,48,-61,-95
1741510523.048481,42,35,-135
1741510523.0934808,34,41,-1
1741510523.1394808,8,17,-57
1741510523.1854808,-35,22,-113
1741510523.2314808,44,48,-37
1741510523.276481,15,-5,-121
1741510523.322481,43,-57,-127
1741510523.368481,-11,12,-71
1741510523.413481,-27,18,-75
1741510523.459481,34,42,102
1741510523.505481,-11,0,-15
1741510523.551481,-37,-48,-105
1741510523.5964808,-33,129,-105
1741510523.6424809,72,-56,-41
1741510523.6884809,-78,7,-116
1741510523.733481,13,-54,-20
1741510523.779481,-9,0,-83
1741510523.825481,-49,18,-115
1741510523.871481,10,-33,30
1741510523.9154809,34,20,-47
1741510523.9614809,-7,34,-189
1741510524.0074809,-31,9,-1
1741510524.052481,22,18,-87
1741510524.098481,-5,48,-67
1741510524.144481,94,-9,-93
1741510524.1954808,35,-22,-73
1741510524.2414808,132,-3,40
1741510524.2874808,76,-21,-133
1741510524.332481,42,10,74
1741510524.378481,104,-39,-45
1741510524.424481,20,6,-109
1741510524.469481,80,-31,-59
1741510524.515481,-25,-3,-191
1741510524.561481,20,69,-121
1741510524.607481,18,-2,-7
1741510524.6524808,85,-72,-147
1741510524.6984808,-35,75,-27
1741510524.7444808,62,-62,28
1741510524.789481,-29,49,-133
1741510524.835481,8,27,-101
1741510524.881481,-11,13,34
1741510524.927481,3,46,-33
1741510524.972481,-53,-19,-25
1741510525.018481,84,-20,-159
1741510525.064481,108,-43,-63
1741510525.1094809,-15,34,-141
1741510525.1554809,14,-35,-69
1741510525.2014809,-49,35,-177
1741510525.2474809,-51,30,-143
1741510525.292481,-51,-19,-150
1741510525.338481,-9,46,-62
1741510525.384481,10,-19,-68
1741510525.429481,-71,-36,-36
1741510525.475481,-43,-4,-182
1741510525.521481,-23,81,-52
1741510525.5674808,-13,32,-91
1741510525.6124809,55,-14,-55
1741510525.658481,0,93,-23
1741510525.704481,55,-68,-89
1741510525.749481,23,16,-93
1741510525.795481,-13,40,-47
1741510525.841481,54,-13,-175
1741510525.8864808,18,24,-128
1741510525.9324808,-17,-11,-121
1741510525.9784808,52,-5,-37
1741510526.0244808,-64,100,-137
1741510526.069481,35,0,-187
1741510526.115481,31,53,19
1741510526.161481,38,-20,-96
1741510526.206481,62,-3,-122
1741510526.252481,-22,36,-144
1741510526.298481,-4,-27,-76
1741510526.344481,-8,44,53
1741510526.3894808,25,-5,77
1741510526.4354808,7,52,-58
1741510526.4814808,39,-23,-32
1741510526.526481,-32,-7,37
1741510526.572481,-42,34,27
1741510526.618481,-30,8,-74
1741510526.664481,-57,30,-94
1741510526.709481,-21,69,-172
1741510526.755481,26,0,-112
1741510526.801481,-36,34,-74
1741510526.8464808,28,29,-88
1741510526.8924809,-6,-13,-70
1741510526.9384809,51,-9,-124
1741510526.9844809,-21,-10,-144
1741510527.029481,-63,35,-54
1741510527.075481,-32,-6,-128
1741510527.121481,9,-52,-120
1741510527.166481,20,29,-100
1741510527.212481,-3,-63,-210
1741510527.258481,6,-54,23
1741510527.304481,-6,27,-96
1741510527.3494809,45,60,-10
1741510527.3954809,-9,79,-44
1741510527.4414809,11,80,-154
1741510527.486481,-15,-30,-176
1741510527.532481,-25,-44,-154
1741510527.578481,-68,0,-16
1741510527.624481,-2,62,-144
1741510527.6694808,19,4,-68
1741510527.7154808,23,55,-34
1741510527.7614808,38,4,-66
1741510527.806481,-28,-74,-2
1741510527.852481,20,8,-116
1741510527.898481,16,26,-142
1741510527.944481,-33,-79,-230
1741510527.989481,-45,9,-36
1741510528.035481,10,8,-244
1741510528.081481,-7,-39,37
1741510528.1264808,42,8,-128
1741510528.1724808,-53,-45,-148
1741510528.2184808,58,42,-160
1741510528.2644808,-35,6,-180
1741510528.309481,62,-51,-62
1741510528.355481,16,-13,-116
1741510528.401481,-75,-18,-24
1741510528.446481,6,-14,-60
1741510528.492481,-37,4,-32
1741510528.538481,-23,19,-154
1741510528.584481,67,38,-96
1741510528.6294808,39,-37,-256
1741510528.6754808,75,-37,0
1741510528.7214808,31,14,-70
1741510528.766481,53,26,-42
1741510528.812481,-71,60,-108
1741510528.858481,56,-7,-40
1741510528.904481,-22,-64,-15
1741510528.949481,9,-22,86
1741510528.995481,15,36,-111
1741510529.041481,69,-61,-29
1741510529.0864809,-52,-43,-123
1741510529.1324809,-50,-17,-91
1741510529.1784809,23,-36,-143
1741510529.222481,-20,-2,-87
1741510529.268481,-50,9,-99
1741510529.314481,-56,-24,-200
1741510529.360481,-26,-38,-13
1741510529.4054809,-84,-50,31
1741510529.4514809,32,8,-82
1741510529.4974809,-31,0,-42
1741510529.542481,-5,29,-119
1741510529.588481,82,-24,12
1741510529.634481,18,-14,-85
1741510529.680481,-49,-73,-121
1741510529.725481,-9,-41,-133
1741510529.771481,40,-29,-169
1741510529.8174808,10,-3,-47
1741510529.8624809,85,-4,-93
1741510529.908481,35,65,-93
1741510529.954481,44,-47,-111
1741510530.000481,20,-7,-69
1741510530.045481,-33,0,-175
1741510530.091481,-7,36,-195
1741510530.137481,4,10,-51
1741510530.1824808,-19,70,42
1741510530.2284808,53,6,-93
1741510530.2744808,64,-9,-67
1741510530.3204808,-2,-27,2
1741510530.365481,15,10,-255
1741510530.411481,-36,16,-99
1741510530.457481,-4,-36,-125
1741510530.502481,12,-18,-125
1741510530.548481,-53,13,-31
1741510530.594481,54,-36,-5
1741510530.640481,-21,-4,-71
1741510530.6854808,-7,-4,-65
1741510530.7314808,-26,-29,-145
1741510530.7774808,-70,-74,-14
1741510530.822481,-10,0,1
1741510530.868481,-49,47,-82
1741510530.914481,-15,-40,-182
1741510530.960481,-33,11,21
1741510531.005481,-57,33,-40
1741510531.051481,-30,88,-14
1741510531.097481,-14,21,-34
1741510531.1424809,25,-32,-84
1741510531.1884809,80,16,-46
1741510531.2344809,27,33,-114
1741510531.2804809,42,4,-162
1741510531.325481,134,-105,-126
1741510531.371481,41,-26,-110
1741510531.417481,-4,29,-136
1741510531.462481,61,-26,-130
1741510531.508481,1,45,-118
1741510531.554481,1,21,-60
1741510531.600481,1,-48,-86
1741510531.6454809,4,22,-24
1741510531.6914809,-125,-50,-140
1741510531.7374809,34,-23,-96
1741510531.782481,-31,0,37
1741510531.828481,6,54,-126
1741510531.874481,-27,-9,-18
1741510531.920481,4,26,-135
1741510531.9654808,37,51,-31
1741510532.0114808,-16,13,-8
1741510532.0574808,36,-31,-194
1741510532.102481,-37,-37,-113
1741510532.148481,-3,-5,-170
1741510532.194481,32,14,-22
1741510532.240481,-95,23,-26
1741510532.285481,46,8,-76
1741510532.331481,-19,-41,-72
1741510532.377481,4,-1,-102
1741510532.4224808,0,54,-36
1741510532.4684808,37,14,-94
1741510532.5144808,-39,-23,-72
1741510532.559481,74,58,15
1741510532.605481,-8,18,-122
1741510532.651481,-27,14,-170
1741510532.697481,-44,12,-116
1741510532.742481,104,-65,39
1741510532.788481,-71,24,-50
1741510532.834481,5,-51,-126
1741510532.8794808,-6,14,-78
1741510532.9254808,-96,36,-16
1741510532.9714808,3,18,-212
1741510533.0174809,-51,0,-44
1741510533.062481,-13,74,-170
1741510533.108481,14,0,-230
1741510533.154481,18,-31,-86
1741510533.199481,-24,-9,-104
1741510533.245481,10,46,39
1741510533.291481,16,-17,-58
1741510533.337481,78,12,-44
1741510533.3824809,50,-31,-130
1741510533.4284809,-53,-19,27
1741510533.4744809,81,-35,39
1741510533.519481,-36,73,-118
1741510533.565481,24,-13,-38
1741510533.611481,26,-69,-28
1741510533.657481,30,4,-28
1741510533.702481,82,-16,-90
1741510533.748481,45,65,-52
1741510533.7944808,-77,26,-82
1741510533.8394809,-55,-9,-104
1741510533.8854809,-21,-11,-78
1741510533.931481,36,-9,-201
1741510533.977481,-39,28,12
1741510534.022481,19,13,-128
1741510534.068481,26,-52,-124
1741510534.114481,22,-21,-101
1741510534.1654809,29,-73,-97
1741510534.2114809,-42,-7,-133
1741510534.2574809,-30,9,-57
1741510534.302481,-48,-24,-31
1741510534.348481,-46,-14,-5
1741510534.394481,-49,27,-67
1741510534.439481,-3,-26,44
1741510534.485481,18,18,-53
1741510534.531481,-99,16,-47
1741510534.578481,-55,22,55
1741510534.623481,-3,-41,-95
1741510534.6694808,-129,4,-29
1741510534.7154808,-35,-50,-71
1741510534.7614808,9,-37,-24
1741510534.806481,-67,44,-82
1741510534.852481,6,20,-134
1741510534.898481,70,-37,-76
1741510534.943481,-7,12,-114
1741510534.989481,-41,-1,-42
1741510535.035481,-11,-47,-141
1741510535.081481,8,-3,-146
1741510535.1264808,-26,4,-56
1741510535.1724808,-10,35,-84
1741510535.2184808,35,-12,-5
1741510535.263481,-6,-12,-21
1741510535.309481,1,1,-41
1741510535.355481,18,26,-55
1741510535.401481,-63,-25,-45
1741510535.446481,4,-11,-59
1741510535.492481,-11,-5,-43
1741510535.538481,-71,-37,-99
1741510535.5834808,110,-5,-19
1741510535.6294808,-33,2,-93
1741510535.6754808,60,34,-155
1741510535.7214808,-73,46,-93
1741510535.766481,-56,14,-31
1741510535.812481,50,-39,2
1741510535.858481,2,0,-31
1741510535.903481,2,7,-55
1741510535.949481,8,-20,-125
1741510535.995481,-9,54,-139
1741510536.041481,2,-15,-119
1741510536.0864809,-11,-5,12
1741510536.1324809,-55,34,58
1741510536.1784809,6,39,-141
1741510536.223481,28,13,-103
1741510536.269481,10,-12,-143
1741510536.315481,-113,-28,-109
1741510536.361481,-19,4,-181
1741510536.406481,-39,-39,-39
1741510536.452481,92,-13,-153
1741510536.498481,-9,-37,-71
1741510536.5434809,-51,-33,-19
1741510536.5894809,-47,-13,-101
1741510536.6354809,-13,-9,-21
1741510536.681481,25,-18,-183
1741510536.726481,-20,13,-11
1741510536.772481,-56,21,-39
1741510536.818481,-82,91,-275
1741510536.8634808,32,-14,-73
1741510536.9094808,-29,1,104
1741510536.9554808,20,-52,-116
1741510537.0014808,-25,-46,-220
1741510537.046481,-60,37,-9
1741510537.092481,-9,17,-143
1741510537.138481,2,128,-67
1741510537.183481,24,-41,-133
1741510537.229481,-13,-29,-133
1741510537.275481,-1,-9,0
1741510537.321481,-7,18,-110
1741510537.3664808,34,-59,-67
1741510537.4124808,58,-21,-57
1741510537.4584808,8,-20,6
1741510537.503481,54,49,-77
1741510537.549481,54,25,-122
1741510537.595481,-9,9,-27
1741510537.641481,4,-58,-95
1741510537.686481,-10,-10,24
1741510537.732481,-7,10,-99
1741510537.778481,-73,75,-115
1741510537.8234808,-5,-11,-67
1741510537.8694808,50,-49,-67
1741510537.9154809,44,-57,-187
1741510537.9614809,0,58,-23
1741510538.006481,112,32,-42
1741510538.052481,48,-23,1
1741510538.098481,-25,-33,-26
1741510538.143481,7,17,5
1741510538.189481,53,1,-80
1741510538.235481,46,-29,19
1741510538.281481,71,-36,-46
1741510538.3264809,-46,39,-46
1741510538.3724809,-39,24,5
1741510538.4184809,4,10,-72
1741510538.463481,50,-3,-10
1741510538.509481,136,50,-94
1741510538.555481,-57,54,7
1741510538.601481,-27,17,-84
1741510538.646481,-23,-21,-180
1741510538.6924808,54,-26,-32
1741510538.7384808,96,43,-93
1741510538.783481,51,19,-157
1741510538.829481,33,-12,0
1741510538.875481,63,-11,-45
1741510538.921481,53,-50,-29
1741510538.966481,39,-16,-195
1741510539.012481,-4,-59,-125
1741510539.058481,-33,55,-85
1741510539.1034808,55,-18,-13
1741510539.1494808,-28,23,-145
1741510539.1954808,-84,-2,-45
1741510539.240481,2,-37,-125
1741510539.286481,-11,-11,20
1741510539.332481,25,-28,-148
1741510539.378481,-30,25,-96
1741510539.423481,-6,14,-136
1741510539.469481,30,84,-122
1741510539.515481,-3,34,-122
1741510539.5604808,10,-35,-70
1741510539.6064808,37,-57,-77
1741510539.6524808,-123,30,-79
1741510539.6984808,74,-55,-136
1741510539.743481,-75,-23,-161
1741510539.789481,-48,94,5
1741510539.835481,31,38,-44
1741510539.880481,50,-13,-92
1741510539.926481,-39,56,-82
1741510539.972481,-13,22,-76
1741510540.018481,4,20,-105
1741510540.0634809,-57,-71,-67
1741510540.1094809,-45,-25,-95
1741510540.1554809,-29,36,-109
1741510540.200481,70,-24,-57
1741510540.246481,-1,-44,-7
1741510540.292481,-78,-35,-139
1741510540.338481,51,50,-67
1741510540.383481,37,36,-115
1741510540.429481,63,11,-127
1741510540.475481,-30,21,-187
1741510540.5204809,0,-2,20
1741510540.5664809,-67,-41,-167
1741510540.6124809,78,62,-39
1741510540.658481,48,22,-57
1741510540.703481,64,-13,-149
1741510540.749481,65,-13,-183
1741510540.795481,19,-1,-125
1741510540.8404808,49,-53,-49
1741510540.8864808,-6,47,-57
1741510540.9324808,-60,-48,-21
1741510540.9784808,0,1,-39
1741510541.023481,-36,-6,-17
1741510541.069481,-59,-61,-101
1741510541.115481,-32,39,-29
1741510541.160481,-108,13,-151
1741510541.206481,36,22,-99
1741510541.252481,46,24,-61
1741510541.298481,51,-93,-23
1741510541.3434808,97,-6,-71
1741510541.3894808,16,-59,-153
1741510541.4354808,-25,87,-65
1741510541.480481,81,30,8
1741510541.526481,80,19,-66
1741510541.572481,-85,-12,-67
1741510541.618481,-47,-92,-91
1741510541.663481,57,33,-83
1741510541.709481,13,0,-81
1741510541.755481,43,22,-15
1741510541.8004808,26,-55,-87
1741510541.8464808,-8,-3,-143
1741510541.8924809,14,76,12
1741510541.9384809,-55,40,-3
1741510541.983481,-49,68,-29
1741510542.029481,-27,58,-73
1741510542.075481,0,8,-185
1741510542.120481,33,18,-101
1741510542.166481,-8,-47,-113
1741510542.212481,-72,35,-13
1741510542.258481,27,-43,-161
1741510542.3034809,16,43,-97
1741510542.3494809,34,24,-117
1741510542.3954809,26,-29,-57
1741510542.440481,-77,-5,-23
1741510542.486481,-28,42,-143
1741510542.532481,68,42,-48
1741510542.578481,58,-9,-89
1741510542.623481,-9,-5,-113
1741510542.6694808,-21,-33,31
1741510542.7154808,-12,63,-98
1741510542.7604809,-62,-66,-134
1741510542.806481,35,33,-164
1741510542.852481,-7,-5,-56
1741510542.898481,65,49,-56
1741510542.943481,87,-12,-140
1741510542.989481,92,47,15
1741510543.035481,6,-8,-166
1741510543.0804808,-11,73,-136
1741510543.1264808,80,-20,-58
1741510543.1724808,-3,21,3
1741510543.2184808,15,9,41
1741510543.263481,-44,25,-62
1741510543.309481,12,-17,-92
1741510543.355481,-13,44,-86
1741510543.400481,86,-51,-188
1741510543.446481,-56,41,-64
1741510543.492481,-8,71,-82
1741510543.538481,2,25,-58
1741510543.5834808,10,-14,-100
1741510543.6294808,-53,-22,-110
1741510543.6754808,-21,-28,-62
1741510543.720481,4,27,-16
1741510543.766481,93,29,-130
1741510543.812481,-40,18,-20
1741510543.858481,0,15,-96
1741510543.903481,-30,5,-26
1741510543.949481,-4,6,-116
1741510543.995481,17,35,-4
1741510544.0404809,67,12,-46
1741510544.0864809,17,-1,-74
1741510544.1324809,19,-61,-68
1741510544.183481,91,-21,-32
1741510544.229481,52,-35,-16
1741510544.275481,61,40,-34
1741510544.3204808,-40,-35,-41
1741510544.3664808,-36,52,-66
1741510544.4124808,37,-82,-46
1741510544.4584808,-22,39,-44
1741510544.503481,33,45,-18
1741510544.549481,9,-53,-100
1741510544.595481,45,6,-12
1741510544.640481,-104,26,-116
1741510544.686481,78,48,-116
1741510544.732481,-30,-65,-155
1741510544.778481,7,16,-87
1741510544.8234808,27,10,-71
1741510544.8694808,-59,12,-73
1741510544.9154809,15,-37,-21
1741510544.960481,-47,42,-179
1741510545.006481,8,-7,-51
1741510545.052481,62,44,-77
1741510545.098481,-2,-1,28
1741510545.143481,53,56,-37
1741510545.189481,5,22,-57
1741510545.235481,-28,28,-43
1741510545.2804809,3,-25,-153
1741510545.3264809,5,-37,-63
1741510545.3724809,27,-49,-21
1741510545.4184809,22,-23,-74
1741510545.463481,50,10,7
1741510545.509481,-40,10,-209
1741510545.555481,27,18,-171
1741510545.600481,7,0,46
1741510545.646481,-92,6,-87
1741510545.6924808,5,-36,-235
1741510545.736481,55,5,11
1741510545.782481,59,67,-106
1741510545.828481,-12,19,-59
1741510545.874481,28,38,-107
1741510545.9194808,-53,20,-125
1741510545.9654808,22,36,-103
1741510546.0114808,50,54,-33
1741510546.056481,54,-39,-93
1741510546.102481,-63,-95,-55
1741510546.148481,22,0,-152
1741510546.193481,20,-75,-87
1741510546.239481,-11,-79,-103
1741510546.285481,42,-23,-55
1741510546.331481,-45,64,-131
1741510546.3764808,-9,-45,-57
1741510546.4224808,22,-23,18
1741510546.4684808,-29,-35,-149
1741510546.513481,-79,4,-17
1741510546.559481,50,4,-137
1741510546.605481,64,20,-61
1741510546.651481,-67,8,-169
1741510546.696481,-53,48,-119
1741510546.742481,70,-11,-163
1741510546.788481,-50,37,-117
1741510546.8334808,9,-64,117
1741510546.8794808,-54,50,-70
1741510546.9254808,5,-19,-102
1741510546.9714808,-25,78,-130
1741510547.016481,-15,14,-108
1741510547.062481,-31,8,-30
1741510547.108481,-5,-17,15
1741510547.153481,14,57,-184
1741510547.199481,52,-17,-82
1741510547.245481,62,18,-126
1741510547.291481,-47,-15,-86
1741510547.3364809,-27,-1,-184
1741510547.3824809,-61,91,-72
1741510547.4284809,2,-74,-108
1741510547.473481,-53,-24,-180
1741510547.519481,34,-16,-122
1741510547.565481,-45,35,55
1741510547.611481,-51,-76,-96
1741510547.656481,72,-2,-8
1741510547.702481,-9,-9,-56
1741510547.748481,88,89,-92
1741510547.7934809,-89,38,-50
1741510547.8394809,-19,-69,9
1741510547.8854809,-17,102,-72
1741510547.931481,-9,-21,-92
1741510547.976481,-83,-19,-194
1741510548.022481,-83,40,-110
1741510548.068481,0,-17,11
1741510548.1134808,-4,11,25
1741510548.1594808,87,43,-62
1741510548.2054808,65,-18,-170
1741510548.2514808,-5,26,-84
1741510548.296481,-8,21,-66
1741510548.342481,23,-104,-196
1741510548.388481,-40,-10,-128
1741510548.433481,9,33,-88
1741510548.479481,67,-60,-60
1741510548.525481,68,-61,-54
1741510548.571481,-33,16,-110
1741510548.6164808,-3,51,-120
1741510548.6624808,70,-20,-80
1741510548.7084808,-36,-46,-40
1741510548.753481,46,14,-16
1741510548.799481,-70,-10,-30
1741510548.845481,39,-22,-96
1741510548.891481,13,31,-64
1741510548.936481,-20,87,-8
1741510548.982481,-64,-34,-114
1741510549.028481,-18,18,-38
1741510549.0734808,72,-80,-114
1741510549.1194808,-39,-24,-94
1741510549.1654809,10,-42,-138
1741510549.2114809,62,-28,-166
1741510549.256481,-35,-9,-102
1741510549.302481,-15,100,-74
1741510549.348481,152,-9,-100
1741510549.393481,-35,39,-64
1741510549.439481,-19,14,-104
1741510549.485481,-53,-67,-22
1741510549.531481,20,21,-200
1741510549.5764809,-81,-48,-10
1741510549.6224809,-97,25,-80
1741510549.6684809,84,-72,23
1741510549.713481,-51,-70,-110
1741510549.759481,52,-32,-182
1741510549.805481,-38,27,-104
1741510549.851481,9,5,-62
1741510549.896481,33,-24,-130
1741510549.9424808,-34,-11,-44
1741510549.9884808,5,0,-158
1741510550.033481,29,30,-194
1741510550.079481,-58,21,-212
1741510550.125481,125,58,-212
1741510550.171481,21,5,-68
1741510550.216481,33,-14,-20
1741510550.262481,20,-13,-100
1741510550.308481,8,8,-84
1741510550.3534808,30,44,-138
1741510550.3994808,-35,68,-86
1741510550.4454808,-73,24,-150
1741510550.4914808,-78,3,-170
1741510550.536481,-76,1,-84
1741510550.582481,-49,6,-82
1741510550.628481,-27,69,-74
1741510550.673481,-47,-14,-64
1741510550.719481,26,-74,33
1741510550.765481,-74,15,-14
1741510550.811481,-60,49,-212
1741510550.8564808,3,-56,-228
1741510550.9024808,-10,27,-32
1741510550.9484808,13,-22,-104
1741510550.993481,-16,-22,-192
1741510551.039481,25,7,-72
1741510551.085481,35,-54,-54
1741510551.131481,17,-38,-34
1741510551.176481,-22,-6,-96
1741510551.222481,59,-8,-70
1741510551.268481,19,-14,-152
1741510551.3134809,-81,75,-12
1741510551.3594809,-99,-41,-218
1741510551.4054809,32,38,-74
1741510551.4514809,30,10,-74
1741510551.496481,-53,-73,-88
1741510551.542481,8,18,-16
1741510551.588481,0,12,-28
1741510551.633481,-55,-7,-94
1741510551.679481,35,76,-126
1741510551.725481,-44,-43,-46
1741510551.771481,-53,-31,-48
1741510551.8164809,-15,28,35
1741510551.8624809,24,-65,35
1741510551.908481,-67,-103,-38
1741510551.953481,-23,18,-4
1741510551.999481,83,-5,-192
1741510552.045481,-133,59,-36
1741510552.091481,-29,-14,-38
1741510552.1364808,12,-118,-110
1741510552.1824808,48,55,-136
1741510552.2284808,74,-64,-192
1741510552.273481,-65,-17,-79
1741510552.319481,-83,-33,22
1741510552.365481,24,-1,-53
1741510552.411481,-9,-54,-103
1741510552.456481,-48,8,-3
1741510552.502481,30,-24,-49
1741510552.548481,26,-8,-59
1741510552.5934808,10,-18,-39
1741510552.6394808,52,-36,-65
1741510552.6854808,44,-23,52
1741510552.7314808,46,17,-115
1741510552.776481,72,37,-121
1741510552.822481,24,1,-59
1741510552.868481,-89,1,-129
1741510552.913481,56,-4,40
1741510552.959481,39,-56,-183
1741510553.005481,-63,30,-83
1741510553.0504808,-25,72,-151
1741510553.0964808,12,30,-99
1741510553.1424809,-49,-37,-47
1741510553.1884809,-33,-49,-83
1741510553.233481,84,6,-49
1741510553.279481,76,-35,-118
1741510553.325481,1,11,-31
1741510553.370481,-3,-45,-87
1741510553.416481,-29,20,34
1741510553.462481,-61,-5,-47
1741510553.508481,-22,41,-119
1741510553.5534809,55,-50,-67
1741510553.5994809,55,31,-51
1741510553.6454809,67,-8,0
1741510553.690481,57,0,-27
1741510553.736481,14,-28,26
1741510553.782481,24,-24,0
1741510553.828481,52,-14,-99
1741510553.873481,8,-14,-35
1741510553.9194808,52,15,-26
1741510553.9654808,90,-10,-82
1741510554.0104809,-3,-36,-67
1741510554.056481,-36,13,-119
1741510554.102481,74,-56,19
1741510554.148481,-5,-2,-61
1741510554.199481,-49,-42,-152
1741510554.245481,-74,-12,-86
1741510554.2904809,-88,-16,-79
1741510554.3364809,-57,15,38
1741510554.3824809,-13,43,-109
1741510554.4284809,4,-12,-21
1741510554.473481,18,-48,-39
1741510554.519481,101,66,56
1741510554.565481,-1,33,-85
1741510554.610481,35,-17,-95
1741510554.656481,30,-96,-21
1741510554.702481,92,-49,-85
1741510554.748481,6,-5,-57
1741510554.7934809,-47,-22,-21
1741510554.8394809,11,26,74
1741510554.8854809,-88,36,-55
1741510554.930481,27,-13,0
1741510554.976481,-30,54,-119
1741510555.022481,3,26,-171
1741510555.068481,-16,-15,-125
1741510555.1134808,35,34,-33
1741510555.1594808,50,-73,-77
1741510555.2054808,-13,0,20
1741510555.250481,-74,11,-33
1741510555.296481,57,-76,-11
1741510555.342481,-92,-6,0
1741510555.388481,35,13,-133
1741510555.433481,-56,49,-97
1741510555.479481,1,-16,-39
1741510555.525481,-16,-12,-34
1741510555.5704808,-14,35,-119
1741510555.6164808,37,43,-180
1741510555.6624808,0,-20,-41
1741510555.7084808,-26,-10,-3
1741510555.753481,-24,-2,-102
1741510555.799481,67,-56,-91
1741510555.845481,-53,60,-91
1741510555.890481,24,-65,-91
1741510555.936481,22,46,-127
1741510555.982481,-15,11,-89
1741510556.028481,28,39,-15
1741510556.0734808,24,16,36
1741510556.1194808,-16,-2,-125
1741510556.1654809,-20,55,-57
1741510556.210481,36,-21,-125
1741510556.256481,26,47,-13
1741510556.302481,84,-76,-89
1741510556.348481,14,35,-78
1741510556.393481,82,-29,-96
1741510556.439481,-31,9,-114
1741510556.485481,16,-9,-86
1741510556.5304809,38,-15,21
1741510556.5764809,-13,-49,3
1741510556.6224809,-9,-25,-84
1741510556.6684809,60,-23,-44
1741510556.713481,-69,-5,-104
1741510556.759481,12,72,-64
1741510556.805481,117,17,-82
1741510556.850481,-37,-37,-34
1741510556.896481,36,11,-96
1741510556.9424808,62,23,-148
1741510556.9884808,41,-92,-134
1741510557.033481,-68,0,-4
1741510557.079481,-54,-9,-60
1741510557.125481,-81,-54,-106
1741510557.170481,-47,-21,-130
1741510557.216481,59,26,-112
1741510557.262481,15,0,-56
1741510557.308481,-78,-48,-92
1741510557.3534808,-58,37,-86
1741510557.3994808,29,61,-134
1741510557.4454808,29,53,-18
1741510557.490481,11,-44,0
1741510557.536481,19,-81,45
1741510557.582481,-36,-82,-80
1741510557.628481,23,-25,-56
1741510557.673481,-48,-102,61
1741510557.719481,-66,-12,-42
1741510557.765481,130,-104,-52
1741510557.8104808,-25,-35,-97
1741510557.8564808,-17,-36,-115
1741510557.9024808,-43,-54,-90
1741510557.9484808,42,-23,1
1741510557.993481,-29,-3,-130
1741510558.039481,-13,0,-22
1741510558.085481,32,-30,-75
1741510558.130481,34,-38,-47
1741510558.176481,12,-12,-121
1741510558.222481,-5,9,4
1741510558.268481,-23,-62,-45
1741510558.3134809,8,75,-81
1741510558.3594809,2,-2,-48
1741510558.4054809,10,26,-70
1741510558.450481,10,17,-27
1741510558.496481,72,-20,-125
1741510558.542481,13,-5,90
1741510558.588481,-16,-41,-109
1741510558.633481,33,4,40
1741510558.679481,2,-45,-91
1741510558.725481,22,-28,-93
1741510558.7704809,55,-7,-49
1741510558.8164809,-22,-22,-73
1741510558.8624809,-28,23,-129
1741510558.908481,-16,8,-127
1741510558.953481,54,99,20
1741510558.999481,4,-19,-107
1741510559.045481,2,52,-115
1741510559.0904808,-49,46,-101
1741510559.1364808,0,58,-29
1741510559.1824808,30,2,-51
1741510559.2284808,22,-43,-153
1741510559.273481,33,0,-51
1741510559.319481,0,54,-117
1741510559.365481,-22,-7,22
1741510559.410481,-42,22,-15
1741510559.456481,31,10,-21
1741510559.502481,-34,38,-55
1741510559.548481,-7,-58,-183
1741510559.5934808,79,33,-33
1741510559.6394808,3,67,-93
1741510559.6854808,23,-18,-69
1741510559.730481,31,1,-71
1741510559.776481,7,-82,-29
1741510559.822481,1,25,-157
1741510559.867481,3,-29,-163
1741510559.913481,-100,-83,-69
1741510559.959481,-10,50,-83
1741510560.005481,-26,-51,-73
1741510560.0504808,-29,54,-81
1741510560.0964808,17,-81,-93
1741510560.1424809,67,-87,-39
1741510560.187481,-4,-19,-129
1741510560.233481,-8,50,-34
1741510560.279481,-38,-15,-10
1741510560.325481,-19,64,-176
1741510560.370481,1,-8,-44
1741510560.416481,12,56,-185
1741510560.462481,78,10,-121
1741510560.5074809,-3,4,-143
1741510560.5534809,-19,28,-175
1741510560.5994809,-25,-11,-27
1741510560.6454809,-17,-5,-35
1741510560.690481,0,40,-26
1741510560.736481,-37,-29,-109
1741510560.782481,-39,-17,-122
1741510560.827481,20,-31,-67
1741510560.873481,-11,-66,-187
1741510560.9194808,-9,-126,-42
1741510560.9654808,38,-34,-152
1741510561.0104809,10,33,-79
1741510561.056481,-19,8,32
1741510561.102481,-3,45,-51
1741510561.147481,-9,25,-69
1741510561.193481,-61,3,-182
1741510561.239481,-26,-81,-39
1741510561.285481,33,-7,-217
1741510561.3304808,59,1,-9
1741510561.3764808,-8,57,-29
1741510561.4224808,-20,-6,-67
1741510561.467481,33,-12,-103
1741510561.513481,-46,75,-50
1741510561.559481,-40,-4,-173
1741510561.605481,-20,15,-99
1741510561.650481,77,0,-95
1741510561.696481,24,8,-93
1741510561.742481,52,6,-83
1741510561.7874808,-41,0,-123
1741510561.8334808,45,-12,-29
1741510561.8794808,41,-28,-23
1741510561.9254808,-89,56,-166
1741510561.970481,-63,-3,-95
1741510562.016481,18,-31,-105
1741510562.062481,-41,-55,-69
1741510562.107481,16,22,-98
1741510562.153481,76,50,-39
1741510562.199481,32,-1,-119
1741510562.245481,-11,0,-105
1741510562.2904809,-23,-39,-59
1741510562.3364809,-29,15,-115
1741510562.3824809,86,2,-113
1741510562.427481,36,-49,-129
1741510562.473481,20,66,-121
1741510562.519481,-35,22,2
1741510562.565481,92,4,-95
1741510562.610481,-50,-72,-80
1741510562.656481,12,-19,-115
1741510562.702481,1,-102,-151
1741510562.7474809,-9,42,-34
1741510562.7934809,-41,45,-77
1741510562.8394809,5,10,90
1741510562.8854809,-2,66,-172
1741510562.930481,37,30,-208
1741510562.976481,-22,-45,-69
1741510563.022481,-48,62,36
1741510563.0674808,-8,-39,-139
1741510563.1134808,3,-7,-153
1741510563.1594808,78,-35,-83
1741510563.2054808,15,-11,-87
1741510563.250481,-54,-33,-63
1741510563.296481,-46,28,-41
1741510563.342481,35,46,-107
1741510563.387481,-70,0,-53
1741510563.433481,-20,38,-40
1741510563.479481,-13,34,-92
1741510563.525481,-31,10,-104
1741510563.5704808,-45,-5,-52
1741510563.6164808,70,3,77
1741510563.6624808,-31,-10,-132
1741510563.707481,-27,56,-110
1741510563.753481,-29,-27,-24
1741510563.799481,-34,7,-74
1741510563.845481,33,7,-174
1741510563.890481,27,21,-156
1741510563.936481,-35,36,-2
1741510563.982481,56,12,-132
1741510564.0274808,-31,54,-74
1741510564.0734808,32,-45,-98
1741510564.1194808,-85,24,-6
1741510564.1654809,-91,26,-162
1741510564.216481,-19,-14,18
1741510564.262481,-12,-45,-99
1741510564.3074808,-10,28,-29
1741510564.3534808,24,-30,6
1741510564.3994808,-11,26,-71
1741510564.4454808,46,4,-57
1741510564.490481,-25,-15,-75
1741510564.536481,32,12,-67
1741510564.582481,44,-7,-27
1741510564.627481,-14,-74,-221
1741510564.673481,-58,-30,-30
1741510564.719481,3,37,-39
1741510564.765481,28,12,-171
1741510564.8104808,4,44,-55
1741510564.8564808,60,67,2
1741510564.9024808,62,27,-175
1741510564.947481,26,-42,-235
1741510564.993481,-1,29,-35
1741510565.039481,36,-48,-123
1741510565.085481,84,35,-156
1741510565.130481,-45,29,-94
1741510565.176481,124,32,-174
1741510565.222481,2,-20,-108
1741510565.2674809,-9,-13,59
1741510565.3134809,-10,-22,-133
1741510565.3594809,27,-30,-15
1741510565.4054809,-26,-40,-125
1741510565.450481,25,-10,-63
1741510565.496481,23,21,-121
1741510565.542481,44,-43,-97
1741510565.587481,44,-19,-197
1741510565.633481,144,6,-161
1741510565.679481,10,46,-21
1741510565.725481,63,11,-53
1741510565.7704809,24,-11,-69
1741510565.8164809,-21,24,-31
1741510565.8624809,36,2,-79
1741510565.907481,-21,-5,-56
1741510565.953481,-49,-21,-120
1741510565.999481,-22,-3,-120
1741510566.045481,-4,-75,-165
1741510566.0904808,0,-43,0
1741510566.1364808,9,4,-130
1741510566.1824808,35,-42,-68
1741510566.227481,-24,-52,-71
1741510566.273481,25,23,8
1741510566.319481,-4,-40,-35
1741510566.365481,-90,-47,-173
1741510566.410481,-15,48,-23
1741510566.456481,-41,-27,14
1741510566.502481,34,-6,-37
1741510566.5474808,46,0,-137
1741510566.5934808,35,-11,8
1741510566.6394808,-37,-63,-155
1741510566.684481,-61,72,-148
1741510566.730481,-69,-77,-93
1741510566.776481,-7,-29,-126
1741510566.822481,84,64,6
1741510566.867481,-85,12,-51
1741510566.913481,-10,-19,-65
1741510566.959481,67,-37,-27
1741510567.0044808,-3,79,-43
1741510567.0504808,-52,-56,72
1741510567.0964808,57,-56,-41
1741510567.1424809,-46,-6,-65
1741510567.187481,-34,29,-155
1741510567.233481,12,-1,-77
1741510567.279481,-5,2,28
1741510567.324481,-84,-38,-111
1741510567.370481,-42,-4,-67
1741510567.416481,23,-4,-45
1741510567.462481,-91,-6,14
1741510567.5074809,-87,-47,-59
1741510567.5534809,-45,-92,-9
1741510567.5994809,-4,2,-61
1741510567.644481,-16,-59,-80
1741510567.690481,71,-55,-112
1741510567.736481,-104,0,-122
1741510567.782481,-63,-43,-77
1741510567.827481,60,-43,-69
1741510567.873481,-31,48,-115
1741510567.9194808,-51,-7,-63
1741510567.9644809,0,8,-7
1741510568.0104809,2,-66,62
1741510568.056481,-35,6,-119
1741510568.102481,-31,10,-16
1741510568.147481,20,-17,-56
1741510568.193481,-25,-14,-151
1741510568.239481,-23,14,-169
1741510568.2844808,-55,20,-103
1741510568.3304808,20,-37,-35
1741510568.3764808,26,-29,-11
1741510568.4224808,15,-49,-105
1741510568.467481,-32,44,-131
1741510568.513481,18,56,-23
1741510568.559481,-33,16,-27
1741510568.604481,37,-1,-27
1741510568.650481,-31,-23,-55
1741510568.696481,4,14,-81
1741510568.742481,-27,-63,-115
1741510568.7874808,62,-71,20
1741510568.8334808,21,78,-49
1741510568.8794808,-2,-43,-73
1741510568.924481,25,-33,-61
1741510568.970481,-76,-79,-19
1741510569.016481,-18,-27,-9
1741510569.062481,16,-29,44
1741510569.107481,104,18,-87
1741510569.153481,-19,-63,-119
1741510569.199481,18,-32,-203
1741510569.2444808,30,39,-81
1741510569.2904809,4,9,-125
1741510569.3364809,-8,-6,-59
1741510569.3824809,-26,63,-161
1741510569.427481,-12,1,-133
1741510569.473481,17,67,-67
1741510569.519481,19,-26,-149
1741510569.564481,29,-6,-12
1741510569.610481,-7,20,-196
1741510569.656481,-9,-26,-102
1741510569.702481,37,-7,-42
1741510569.7474809,45,70,-62
1741510569.7934809,66,11,-142
1741510569.8394809,36,-38,38
1741510569.884481,-18,16,-47
1741510569.930481,-95,-10,28
1741510569.976481,22,-28,-47
1741510570.022481,53,6,-35
1741510570.0674808,-56,-65,-173
1741510570.1134808,-27,3,-57
1741510570.1594808,-89,9,-79
1741510570.204481,-39,23,-143
1741510570.250481,-19,10,8
1741510570.296481,2,-25,-125
1741510570.342481,-31,-34,42
1741510570.387481,-29,-47,-37
1741510570.433481,-40,-15,-19
1741510570.479481,3,32,-77
1741510570.5244808,-26,8,-219
1741510570.5704808,-81,-80,-31
1741510570.6164808,37,-4,-80
1741510570.6624808,39,15,-96
1741510570.707481,-55,13,-70
1741510570.753481,-8,-32,-42
1741510570.799481,-56,31,-186
1741510570.844481,-31,58,-124
1741510570.890481,-27,0,-16
1741510570.936481,5,39,-120
1741510570.982481,-29,-56,29
1741510571.0274808,-21,-30,-186
1741510571.0734808,28,-4,-173
1741510571.1194808,-11,-36,6
1741510571.164481,50,61,-13
1741510571.210481,-71,-46,-93
1741510571.256481,14,47,-197
1741510571.302481,-39,33,-125
1741510571.347481,-15,14,-197
1741510571.393481,-42,-40,-17
1741510571.439481,75,-6,-87
1741510571.4844809,-26,17,-169
1741510571.5304809,35,87,-33
1741510571.5764809,34,-1,0
1741510571.6224809,-39,2,-47
1741510571.667481,-93,-49,-141
1741510571.713481,4,32,-165
1741510571.759481,6,-19,74
1741510571.804481,-71,20,40
1741510571.850481,-87,99,-77
1741510571.896481,0,-65,-51
1741510571.9424808,-39,-55,32
1741510571.9874809,13,44,-163
1741510572.033481,-44,10,-73
1741510572.079481,45,14,-62
1741510572.124481,-58,-57,-82
1741510572.170481,3,2,-144
1741510572.216481,-25,-65,35
1741510572.262481,46,-42,-152
1741510572.3074808,92,61,-56
1741510572.3534808,-11,7,-134
1741510572.3994808,10,-6,-40
1741510572.444481,-13,-12,-146
1741510572.490481,-23,20,-200
1741510572.536481,-36,-9,15
1741510572.582481,29,110,-142
1741510572.627481,87,-87,-34
1741510572.673481,51,2,-40
1741510572.719481,5,44,-46
1741510572.7644808,81,53,-112
1741510572.8104808,-35,-59,-4
1741510572.8564808,30,109,-130
1741510572.9024808,22,5,-30
1741510572.947481,28,-46,-190
1741510572.993481,24,33,-60
1741510573.039481,12,-20,-148
1741510573.084481,-61,5,-158
1741510573.130481,-25,-11,-90
1741510573.176481,-37,-15,-170
1741510573.222481,-37,18,63
1741510573.2674809,24,36,-80
1741510573.3134809,-69,-23,-18
1741510573.3594809,51,-56,-44
1741510573.404481,0,-14,1
1741510573.450481,55,-10,-94
1741510573.496481,3,23,-34
1741510573.541481,12,-49,-78
1741510573.587481,-75,-33,77
1741510573.633481,-83,-5,-164
1741510573.679481,-81,30,-108
1741510573.7244809,27,24,-90
1741510573.7704809,56,52,-54
1741510573.8164809,100,-13,-80
1741510573.861481,-1,23,-96
1741510573.907481,70,18,31
1741510573.953481,-3,-27,-92
1741510573.999481,7,-33,16
1741510574.0444808,10,-45,-141
1741510574.0904808,-28,-87,-5
1741510574.1364808,-64,10,58
1741510574.181481,-76,-41,-153
1741510574.233481,-132,82,92
1741510574.279481,0,-7,60
1741510574.324481,-15,32,-89
1741510574.370481,-9,-27,-87
1741510574.416481,-13,78,-101
1741510574.4614809,81,30,84
1741510574.5074809,121,8,-28
1741510574.5534809,-20,-51,-37
1741510574.5994809,25,-31,-29
1741510574.644481,-6,-41,-129
1741510574.690481,97,36,-59
1741510574.736481,91,-11,-15
1741510574.781481,37,-83,-86
1741510574.827481,-30,32,12
1741510574.873481,-56,-11,-81
1741510574.9194808,-55,58,-151
1741510574.9644809,-61,-89,-105
1741510575.0104809,47,-9,-143
1741510575.056481,-12,-65,4
1741510575.101481,-38,-9,-99
1741510575.147481,30,-21,-61
1741510575.193481,48,16,-107
1741510575.239481,20,-14,-87
1741510575.2844808,-63,-34,-121
1741510575.3304808,-3,17,-61
1741510575.3764808,25,45,-117
1741510575.421481,10,-26,-133
1741510575.467481,-74,23,-127
1741510575.513481,-6,90,-95
1741510575.559481,33,-9,-36
1741510575.605481,-34,2,27
1741510575.651481,35,-70,-38
1741510575.697481,31,1,-44
1741510575.743481,-70,-6,-168
1741510575.788481,31,41,11
1741510575.834481,12,4,-80
1741510575.880481,12,16,13
1741510575.9254808,22,0,-76
1741510575.9714808,16,4,-156
1741510576.0174809,-5,-87,-148
1741510576.0634809,23,-2,-164
1741510576.108481,39,45,-118
1741510576.154481,-9,-9,-110
1741510576.200481,-45,-47,-102
1741510576.245481,39,1,-100
1741510576.291481,51,7,-168
1741510576.337481,-58,-18,-28
1741510576.383481,-7,4,-18
1741510576.4284809,17,58,-92
1741510576.4744809,-21,2,-64
1741510576.5204809,0,40,-154
1741510576.565481,31,-24,17
1741510576.611481,59,-8,-88
1741510576.657481,38,42,-112
1741510576.703481,16,14,-124
1741510576.748481,-72,-20,-120
1741510576.7944808,-54,-5,29
1741510576.8404808,79,46,-118
1741510576.8854809,-4,54,-4
1741510576.931481,83,-5,-124
1741510576.977481,3,-79,-24
1741510577.023481,-67,19,-16
1741510577.068481,-3,-26,-186
1741510577.114481,-21,-38,-174
1741510577.160481,22,-64,-72
1741510577.2054808,77,-25,-132
1741510577.2514808,-27,57,-88
1741510577.2974808,-57,17,-64
1741510577.3434808,60,24,-118
1741510577.388481,40,35,93
1741510577.434481,-61,-5,-120
1741510577.480481,-36,-3,-74
1741510577.525481,51,-2,-28
1741510577.571481,15,15,-216
1741510577.617481,34,-11,-3
1741510577.663481,-61,60,32
1741510577.7084808,6,58,-111
1741510577.7544808,42,54,-79
1741510577.8004808,4,64,-113
1741510577.845481,-37,-36,6
1741510577.891481,-43,-32,66
1741510577.937481,42,-83,-95
1741510577.983481,-37,2,16
1741510578.028481,42,18,-83
1741510578.074481,-5,-2,24
1741510578.120481,-11,29,-89
1741510578.1654809,-35,-14,-71
1741510578.2114809,64,-36,-81
1741510578.2574809,-1,24,-7
1741510578.3034809,-20,56,-111
1741510578.348481,35,-13,10
1741510578.394481,-22,-23,-7
1741510578.440481,80,28,-56
1741510578.485481,-31,12,-50
1741510578.531481,-62,-19,-30
1741510578.577481,70,32,-1
1741510578.623481,34,32,-24
1741510578.6684809,-57,-5,-87
1741510578.7144809,-7,36,-242
1741510578.7604809,46,54,-40
1741510578.805481,44,-26,-162
1741510578.851481,90,77,-13
1741510578.897481,26,0,-155
1741510578.943481,-19,-3,-163
1741510578.9884808,18,-32,62
1741510579.0344808,-25,67,-131
1741510579.0804808,-35,-48,-13
1741510579.125481,34,17,-79
1741510579.171481,-81,-2,-83
1741510579.217481,-89,79,16
1741510579.263481,18,17,-13
1741510579.308481,72,-87,-85
1741510579.354481,50,-27,-57
1741510579.400481,-5,-67,-84
1741510579.4454808,65,-23,-49
1741510579.4914808,-40,6,-52
1741510579.5374808,0,76,-151
1741510579.5834808,74,-25,16
1741510579.628481,26,-65,-101
1741510579.674481,-13,94,-125
1741510579.720481,28,-7,-31
1741510579.765481,-33,76,-83
1741510579.811481,-11,96,-39
1741510579.857481,21,-23,36
1741510579.903481,-31,-23,-59
1741510579.9484808,22,78,-131
1741510579.9944808,10,-59,-57
1741510580.0404809,-12,53,-91
1741510580.085481,61,19,10
1741510580.131481,35,85,-25
1741510580.177481,-43,0,-135
1741510580.223481,0,-6,20
1741510580.268481,-62,57,-141
1741510580.314481,-7,-103,-141
1741510580.360481,-58,-30,-187
1741510580.4054809,54,72,62
1741510580.4514809,68,-11,-89
1741510580.4974809,-7,-9,-107
1741510580.542481,-45,-1,-11
1741510580.588481,-21,-27,-89
1741510580.634481,-27,60,-103
1741510580.680481,59,-55,-153
1741510580.725481,-7,-55,-137
1741510580.771481,-7,78,-77
1741510580.8174808,-22,-51,-83
1741510580.8624809,33,1,-79
1741510580.908481,-71,0,-89
1741510580.954481,36,56,-135
1741510581.000481,22,36,-61
1741510581.045481,30,-15,-53
1741510581.091481,-25,-55,-21
1741510581.137481,-49,-45,-123
1741510581.1824808,16,26,-99
1741510581.2284808,51,-35,-224
1741510581.2744808,24,-47,-36
1741510581.3204808,84,34,-68
1741510581.365481,20,32,-176
1741510581.411481,52,8,-182
1741510581.457481,30,4,-106
1741510581.502481,-16,46,-80
1741510581.548481,-49,20,9
1741510581.594481,42,98,21
1741510581.640481,26,-29,-28
1741510581.6854808,-23,132,-162
1741510581.7314808,76,-33,83
1741510581.7774808,6,-26,-130
1741510581.822481,-27,-67,-100
1741510581.868481,23,25,-70
1741510581.914481,80,-9,-128
1741510581.960481,-46,0,-78
1741510582.005481,83,-58,-88
1741510582.051481,9,35,-20
1741510582.097481,-62,19,-158
1741510582.1424809,9,27,-96
1741510582.1884809,36,56,-32
1741510582.2344809,-67,-11,17
1741510582.2804809,12,82,-68
1741510582.325481,-37,26,-102
1741510582.371481,-3,-7,-52
1741510582.417481,62,-40,-96
1741510582.462481,12,-50,-44
1741510582.508481,-11,23,5
1741510582.554481,44,-70,-6
1741510582.600481,80,-31,-179
1741510582.6454809,84,-59,-27
1741510582.6914809,6,56,-95
1741510582.7374809,-47,4,2
1741510582.782481,50,-51,-147
1741510582.828481,6,-39,58
1741510582.874481,36,-33,16
1741510582.920481,-3,30,-187
1741510582.9654808,70,-21,-55
1741510583.0114808,16,80,-217
1741510583.0574808,-49,28,-51
1741510583.102481,16,2,-165
1741510583.148481,18,-36,24
1741510583.194481,-23,-44,14
1741510583.240481,0,-97,-55
1741510583.285481,32,13,-123
1741510583.331481,-33,-15,-99
1741510583.377481,9,-77,54
1741510583.4224808,-11,-15,-157
1741510583.4684808,82,-63,-139
1741510583.5144808,33,0,-98
1741510583.5604808,-56,-19,-62
1741510583.605481,48,-70,39
1741510583.651481,5,-33,-87
1741510583.697481,-53,42,-45
1741510583.742481,9,-8,-130
1741510583.788481,38,-15,-96
1741510583.834481,-6,5,-157
1741510583.880481,44,80,60
1741510583.9254808,19,4,-83
1741510583.9714808,-50,-41,-55
1741510584.0174809,-38,33,-57
1741510584.062481,-51,17,-139
1741510584.108481,-33,-78,-69
1741510584.154481,80,-69,-145
1741510584.2054808,-11,65,-79
1741510584.2514808,77,-8,-83
1741510584.2974808,-87,30,-71
1741510584.342481,18,-17,-67
1741510584.388481,-26,24,-67
1741510584.434481,-29,-26,-189
1741510584.480481,-98,-28,0
1741510584.525481,-9,-26,-163
1741510584.571481,-35,-12,-109
1741510584.617481,54,78,-115
1741510584.6624808,66,24,-99
1741510584.7084808,-2,3,-89
1741510584.7544808,34,28,-65
1741510584.8004808,21,23,-49
1741510584.845481,-54,37,-25
1741510584.891481,-86,55,-83
1741510584.937481,98,-12,-85
1741510584.982481,34,-62,-71
1741510585.028481,-13,-6,-119
1741510585.074481,-16,45,-61
1741510585.120481,-41,-30,-15
1741510585.1654809,-22,19,-53
1741510585.2114809,-12,-54,-111
1741510585.2574809,33,69,-141
1741510585.302481,56,60,-77
1741510585.348481,-1,20,-157
1741510585.394481,-67,8,-128
1741510585.440481,70,24,-145
1741510585.485481,2,-33,-9
1741510585.531481,-29,-31,104
1741510585.577481,66,53,-93
1741510585.6224809,-21,-22,20
1741510585.6684809,7,-13,-177
1741510585.7144809,8,13,-83
1741510585.7604809,-28,-1,72
1741510585.805481,-76,-41,-57
1741510585.851481,-22,23,-41
1741510585.897481,-17,69,-85
1741510585.9424808,-7,53,-135
1741510585.9884808,121,11,-93
1741510586.0344808,39,-44,30
1741510586.0804808,16,49,-134
1741510586.125481,38,-3,-58
1741510586.171481,19,-26,-102
1741510586.217481,35,-24,-47
1741510586.262481,-32,-2,-145
1741510586.308481,49,-40,-97
1741510586.354481,-11,47,-130
1741510586.400481,-26,-18,-43
1741510586.4454808,23,13,-41
1741510586.4914808,-40,-12,-131
1741510586.5374808,5,-44,-92
1741510586.582481,5,-35,-32
1741510586.628481,-66,-11,-58
1741510586.674481,-52,-3,-78
1741510586.720481,-50,-49,-120
1741510586.765481,-6,-15,-94
1741510586.811481,0,20,-122
1741510586.857481,37,36,-128
1741510586.9024808,25,20,-86
1741510586.9484808,-12,-10,-62
1741510586.9944808,-20,-9,-64
1741510587.039481,27,58,-138
1741510587.085481,11,44,-58
1741510587.131481,-13,-54,-12
1741510587.177481,98,21,-66
1741510587.222481,30,0,-70
1741510587.268481,-33,-22,-34
1741510587.3134809,-25,-34,-80
1741510587.358481,-17,34,39
1741510587.404481,14,22,-60
1741510587.450481,45,-107,-54
1741510587.495481,52,33,-180
1741510587.541481,80,-50,65
1741510587.587481,-39,-39,-36
1741510587.633481,53,-51,-16
1741510587.6784809,8,0,-64
1741510587.7244809,30,-52,-26
1741510587.7704809,1,-1,-46
1741510587.815481,15,54,-80
1741510587.861481,41,-61,1
1741510587.907481,68,12,-106
1741510587.953481,76,16,-28
1741510587.998481,72,74,-52
1741510588.0444808,40,48,-112
1741510588.0904808,-33,-43,-96
1741510588.1354809,83,-1,-40
1741510588.181481,-37,51,-140
1741510588.227481,-59,-26,-130
1741510588.273481,64,40,-170
1741510588.318481,-21,-29,-88
1741510588.364481,-16,35,-16
1741510588.410481,-28,75,-2
1741510588.4554808,0,-2,-160
1741510588.5014808,-64,3,-134
1741510588.5474808,-32,-30,-38
1741510588.5934808,46,-134,-212
1741510588.638481,-17,-44,-42
1741510588.684481,-15,-22,-62
1741510588.730481,14,33,-32
1741510588.775481,-45,-52,-94
1741510588.821481,16,-54,3
1741510588.867481,12,40,25
1741510588.913481,76,-47,-62
1741510588.9584808,10,-21,-10
1741510589.0044808,-49,72,-38
1741510589.0504808,59,35,-120
1741510589.095481,30,-21,-90
1741510589.141481,-38,-34,-136
1741510589.187481,7,49,-164
1741510589.233481,-28,21,-118
1741510589.278481,27,-25,-98
1741510589.324481,-3,60,-87
1741510589.370481,-119,40,-69
1741510589.4154809,10,46,-129
1741510589.4614809,10,-10,40
1741510589.5074809,70,53,-117
1741510589.5534809,0,8,-167
1741510589.598481,-64,-15,-83
1741510589.644481,-62,-43,-77
1741510589.690481,-59,29,-31
1741510589.735481,8,-12,-217
1741510589.781481,4,-26,-133
1741510589.827481,-5,47,-109
1741510589.873481,-97,15,-161
1741510589.9184809,-37,-30,-127
1741510589.9644809,-9,-47,-25
1741510590.0104809,-23,90,-37
1741510590.055481,9,8,6
1741510590.101481,23,-60,42
1741510590.147481,-14,10,-78
1741510590.193481,47,3,-103
1741510590.2384808,-8,-20,-109
1741510590.2844808,53,-11,-29
1741510590.3304808,39,-47,-95
1741510590.375481,-4,-83,-85
1741510590.421481,-13,-16,-106
1741510590.467481,4,-15,-120
1741510590.513481,14,18,-24
1741510590.558481,-15,150,-62
1741510590.604481,78,22,-102
1741510590.650481,17,-29,-6
1741510590.6954808,-30,52,67
1741510590.7414808,29,-9,-94
1741510590.7874808,49,-41,-214
1741510590.8334808,-40,24,-154
1741510590.878481,-48,-59,-82
1741510590.924481,1,12,-36
1741510590.970481,-43,18,-162
1741510591.015481,-57,14,-26
1741510591.061481,-97,28,-86
1741510591.107481,17,3,-84
1741510591.153481,27,-32,12
1741510591.1984808,-34,-2,-33
1741510591.2444808,15,-30,-83
1741510591.2904809,22,34,48
1741510591.335481,71,-100,-27
1741510591.381481,88,-29,-15
1741510591.427481,54,-105,-39
1741510591.473481,20,-12,-95
1741510591.518481,-9,-44,-51
1741510591.564481,-7,41,-79
1741510591.610481,0,13,-63
1741510591.6554809,22,-13,-75
1741510591.7014809,-16,-11,-63
1741510591.7474809,11,-51,-91
1741510591.7934809,15,-11,-113
1741510591.838481,27,38,-73
1741510591.884481,37,-41,-143
1741510591.930481,3,0,-55
1741510591.975481,53,-41,-47
1741510592.021481,-18,12,-118
1741510592.0674808,-7,-3,-169
1741510592.1134808,41,78,-105
1741510592.158481,28,-47,-95
1741510592.204481,-29,12,-81
1741510592.250481,-23,-38,-7
1741510592.295481,-23,7,-129
1741510592.341481,-35,-9,-91
1741510592.387481,-41,84,-165
1741510592.433481,36,-27,-171
1741510592.4784808,-118,-32,-99
1741510592.5244808,51,-2,49
1741510592.5704808,49,-62,41
1741510592.615481,51,-10,-24
1741510592.661481,-1,-1,-168
1741510592.707481,65,11,-94
1741510592.753481,-23,-19,-108
1741510592.798481,-7,-32,-12
1741510592.844481,44,58,-208
1741510592.890481,-41,-9,59
1741510592.9354808,54,-17,-158
1741510592.9814808,-22,-9,-68
1741510593.0274808,-2,10,-52
1741510593.0734808,-8,22,-150
1741510593.118481,63,-25,-88
1741510593.164481,65,44,-6
1741510593.210481,16,31,-94
1741510593.255481,62,-24,-54
1741510593.301481,-7,19,-94
1741510593.347481,12,33,-90
1741510593.3924809,0,-14,-114
1741510593.4384809,-57,2,-94
1741510593.4844809,-25,58,31
1741510593.5304809,-5,18,-16
1741510593.575481,-5,40,-72
1741510593.621481,22,-5,-104
1741510593.667481,-23,38,-140
1741510593.713481,8,-33,-88
1741510593.758481,-43,-53,-174
1741510593.804481,-105,-21,-56
1741510593.850481,19,6,-42
1741510593.8954809,3,32,-130
1741510593.9414809,-48,68,-74
1741510593.9874809,-64,46,-98
1741510594.032481,-58,46,-144
1741510594.078481,-4,56,-108
1741510594.124481,-2,26,-104
1741510594.170481,9,-11,-44
1741510594.2214808,47,-31,17
1741510594.2674809,34,-17,-2
1741510594.312481,0,-117,51
1741510594.358481,2,-45,-20
1741510594.404481,-67,44,-146
1741510594.450481,28,64,-32
1741510594.495481,70,108,29
1741510594.541481,50,14,7
1741510594.587481,-11,36,-168
1741510594.6324809,-41,-13,-48
1741510594.6784809,43,-10,-108
1741510594.7244809,-63,8,-188
1741510594.7704809,-33,48,-42
1741510594.815481,24,32,-82
1741510594.861481,69,6,-82
1741510594.907481,-72,46,-96
1741510594.952481,-16,-17,121
1741510594.998481,-78,-9,-36
1741510595.0444808,-34,-31,-180
1741510595.0904808,42,56,3
1741510595.1354809,98,-7,-148
1741510595.181481,3,21,-72
1741510595.227481,-33,14,-118
1741510595.272481,-7,-39,-102
1741510595.318481,-19,-7,-78
1741510595.364481,-109,28,-41
1741510595.410481,8,2,-99
1741510595.4554808,-29,-27,12
1741510595.5014808,36,-62,-3
1741510595.5474808,30,22,-139
1741510595.592481,14,42,-21
1741510595.638481,6,-23,-69
1741510595.684481,23,22,-39
1741510595.730481,45,12,-69
1741510595.775481,55,-59,-69
1741510595.821481,80,-3,-85
1741510595.867481,58,-39,-125
1741510595.9124808,62,-49,-119
1741510595.9584808,-9,-13,-151
1741510596.0044808,22,-3,-92
1741510596.0504808,-51,-20,-92
1741510596.095481,-79,-28,-110
1741510596.141481,40,-66,-45
1741510596.187481,33,50,-101
1741510596.232481,-22,-41,-43
1741510596.278481,-60,12,-10
1741510596.324481,69,-21,-132
1741510596.370481,7,-33,-136
1741510596.4154809,19,-47,-10
1741510596.4614809,-42,44,-128
1741510596.5074809,-5,-35,-82
1741510596.552481,48,-33,-218
1741510596.598481,-51,-27,-103
1741510596.644481,28,12,-4
1741510596.690481,14,-15,-248
1741510596.735481,34,22,6
1741510596.781481,-25,28,-27
1741510596.827481,-83,-7,-35
1741510596.8724809,35,0,-37
1741510596.9184809,-34,-49,-29
1741510596.9644809,14,16,-157
1741510597.0104809,22,66,2
1741510597.055481,124,-87,-25
1741510597.101481,20,-71,-81
1741510597.147481,32,12,-47
1741510597.1924808,-67,-57,-41
1741510597.2384808,-51,22,-99
1741510597.2844808,-93,-39,-29
1741510597.3304808,-5,-21,16
1741510597.375481,23,-45,-91
1741510597.421481,-21,48,-35
1741510597.467481,42,-36,8
1741510597.512481,-24,7,-111
1741510597.558481,-22,7,-61
1741510597.604481,-122,-16,-89
1741510597.650481,-87,23,16
1741510597.6954808,23,-90,-179
1741510597.7414808,10,-46,-65
1741510597.7874808,62,-9,-35
1741510597.832481,-79,12,-113
1741510597.878481,46,-55,-81
1741510597.924481,-49,46,-27
1741510597.970481,-31,-13,-79
1741510598.015481,48,7,-25
1741510598.061481,8,-14,-59
1741510598.107481,36,-32,-32
1741510598.1524808,36,-22,-73
1741510598.1984808,-33,-61,14
1741510598.2444808,-21,24,-34
1741510598.2904809,36,-17,29
1741510598.335481,1,84,-152
1741510598.381481,35,-41,-110
1741510598.427481,1,-1,-115
1741510598.472481,90,-61,-121
1741510598.518481,26,-7,-127
1741510598.564481,82,-39,-59
1741510598.610481,-82,-23,-91
1741510598.6554809,-19,-33,76
1741510598.7014809,-29,-5,-66
1741510598.7474809,33,-58,-89
1741510598.792481,27,-18,-68
1741510598.838481,-9,-27,9
1741510598.884481,-76,84,-40
1741510598.930481,94,62,-27
1741510598.975481,-7,56,36
1741510599.021481,-85,-65,-129
1741510599.0674808,-39,26,-37
1741510599.1124809,40,26,24
1741510599.158481,-26,-52,-101
1741510599.204481,23,-58,-53
1741510599.250481,11,11,-3
1741510599.295481,-9,29,-29
1741510599.341481,-46,11,-57
1741510599.387481,-17,-43,-141
1741510599.4324808,6,-35,-65
1741510599.4784808,38,-3,-7
1741510599.5244808,50,9,-121
1741510599.5704808,-23,-36,-143
1741510599.615481,-1,5,-119
1741510599.661481,-56,-62,-21
1741510599.707481,15,19,-121
1741510599.752481,13,0,18
1741510599.798481,11,5,-93
1741510599.844481,35,65,-105
1741510599.890481,85,-16,-99
1741510599.9354808,-52,-58,-30
1741510599.9814808,-2,11,-27
1741510600.0274808,-47,-75,-214
1741510600.072481,-44,31,-79
1741510600.118481,92,25,-49
1741510600.164481,-78,-20,-83
1741510600.210481,-37,-10,-117
1741510600.255481,102,17,6
1741510600.301481,-73,31,-113
1741510600.347481,42,5,-137
1741510600.3924809,60,-18,-108
1741510600.4384809,62,43,-146
1741510600.4844809,-20,-37,-105
1741510600.5304809,-10,-33,-145
1741510600.575481,-16,28,-187
1741510600.621481,115,-15,-141
1741510600.667481,-50,60,-171
1741510600.712481,-3,31,-35
1741510600.758481,-1,-56,-89
1741510600.804481,34,-11,-175
1741510600.8494809,46,3,-185
1741510600.8954809,56,-16,-63
1741510600.9414809,80,-22,-57
1741510600.9874809,-1,22,62
1741510601.032481,76,-33,-125
1741510601.078481,16,22,-39
1741510601.124481,12,-1,-103
1741510601.1694808,-27,-9,-113
1741510601.2154808,10,-56,-177
1741510601.2614808,-5,16,-46
1741510601.3074808,22,60,-230
1741510601.352481,2,-69,-132
1741510601.398481,-7,2,-152
1741510601.444481,-59,-87,-116
1741510601.489481,-57,16,15
1741510601.535481,-30,4,-92
1741510601.581481,-72,-92,-102
1741510601.627481,-7,-37,-8
1741510601.6724808,70,0,47
1741510601.7184808,-8,0,-54
1741510601.7644808,25,-54,-212
1741510601.809481,4,85,-16
1741510601.855481,-53,0,7
1741510601.901481,74,-4,83
1741510601.947481,18,-26,-44
1741510601.992481,34,5,-96
1741510602.038481,2,14,-202
1741510602.084481,96,18,-120
1741510602.1294808,-13,8,-48
1741510602.1754808,62,-33,-44
1741510602.2214808,-38,1,-98
1741510602.2674809,85,-10,-70
1741510602.312481,55,-8,-64
1741510602.358481,15,41,-110
1741510602.404481,17,1,-64
1741510602.449481,94,-77,-84
1741510602.495481,-71,-11,-50
1741510602.541481,-33,-45,-132
1741510602.587481,18,27,-38
1741510602.6324809,27,15,-70
1741510602.6784809,-28,-34,-54
1741510602.7244809,73,61,-98
1741510602.769481,-60,19,0
1741510602.815481,57,87,-110
1741510602.861481,0,82,-140
1741510602.907481,-3,-31,-18
1741510602.952481,-57,-9,-10
1741510602.998481,15,25,-156
1741510603.0444808,12,-42,-98
1741510603.0894809,-93,71,-82
1741510603.1354809,-71,7,-50
1741510603.181481,112,21,-36
1741510603.227481,-12,41,-114
1741510603.272481,103,39,-78
1741510603.318481,-14,-20,-104
1741510603.364481,-9,-62,-146
1741510603.4094808,40,59,23
1741510603.4554808,1,-6,-138
1741510603.5014808,-38,-10,-44
1741510603.5474808,-51,19,-60
1741510603.592481,28,13,-140
1741510603.638481,-31,-21,-113
1741510603.684481,58,25,80
1741510603.729481,10,55,-107
1741510603.775481,-35,9,-83
1741510603.821481,58,37,-82
1741510603.867481,28,-28,-8
1741510603.9124808,-23,53,-125
1741510603.9584808,-89,-86,-183
1741510604.0044808,51,-2,-41
1741510604.049481,19,-8,0
1741510604.095481,-74,0,-165
1741510604.141481,-14,45,-101
1741510604.187481,5,21,-105
1741510604.2384808,-18,-17,-245
1741510604.2844808,-4,2,-79
1741510604.329481,-66,14,-13
1741510604.375481,-28,61,-103
1741510604.421481,48,-71,-43
1741510604.467481,14,54,-115
1741510604.512481,-50,-40,0
1741510604.558481,-28,7,-130
1741510604.604481,63,53,-145
1741510604.6494808,-84,-10,-147
1741510604.6954808,-33,3,-209
1741510604.7414808,64,-32,-93
1741510604.7874808,-13,-18,-223
1741510604.832481,-18,-23,-27
1741510604.878481,27,4,-79
1741510604.924481,-21,27,10
1741510604.969481,-27,94,-83
1741510605.015481,-39,23,40
1741510605.061481,-29,11,-175
1741510605.107481,24,-100,-105
1741510605.1524808,48,-53,-107
1741510605.1984808,-14,-1,-149
1741510605.2444808,-50,-37,-17
1741510605.289481,-44,-5,-181
1741510605.335481,75,57,-84
1741510605.381481,100,-39,-99
1741510605.427481,-48,64,-119
1741510605.472481,-12,44,-54
1741510605.518481,4,-35,-143
1741510605.564481,-58,80,9
1741510605.6094809,-34,64,-45
1741510605.6554809,17,14,-59
1741510605.7014809,-69,12,-101
1741510605.7474809,-23,-43,-147
1741510605.792481,-45,-55,-3
1741510605.838481,36,-31,-111
1741510605.884481,-6,-53,-75
1741510605.929481,-32,-9,-69
1741510605.975481,-80,30,-51
1741510606.021481,-62,6,-47
1741510606.0674808,19,-5,-81
1741510606.1124809,19,-9,-107
1741510606.158481,19,10,-177
1741510606.204481,29,-58,-93
1741510606.249481,-54,59,-43
1741510606.295481,-4,-64,-61
1741510606.341481,9,1,-149
1741510606.387481,-20,-92,-33
1741510606.4324808,34,-14,54
1741510606.4784808,-65,8,-59
1741510606.5244808,2,-17,60
1741510606.569481,-19,-57,-69
1741510606.615481,-39,-5,-33
1741510606.661481,-57,10,-77
1741510606.707481,38,-29,-131
1741510606.752481,26,-21,-153
1741510606.798481,-21,6,-15
1741510606.844481,6,-19,-43
1741510606.8894808,-1,-9,-159
1741510606.9354808,-99,23,-111
1741510606.9814808,-51,-87,-11
1741510607.0274808,-17,22,26
1741510607.072481,-9,-30,12
1741510607.118481,30,81,-83
1741510607.164481,-2,75,-151
1741510607.209481,-75,26,-11
1741510607.255481,24,-9,-187
1741510607.301481,-17,-63,-55
1741510607.347481,-29,-15,-61
1741510607.3924809,-23,-5,42
1741510607.4384809,71,-51,-7
1741510607.4844809,4,30,-175
1741510607.529481,28,-54,-173
1741510607.575481,37,-9,-113
1741510607.621481,5,-51,-49
1741510607.666481,41,30,-31
1741510607.712481,-16,7,-109
1741510607.758481,41,15,-59
1741510607.804481,33,7,-107
1741510607.8494809,-57,-60,-44
1741510607.8954809,10,7,-163
1741510607.9414809,6,-44,-27
1741510607.986481,8,11,-153
1741510608.032481,20,-12,4
1741510608.078481,-74,55,-99
1741510608.124481,25,-74,-45
1741510608.1694808,6,8,-71
1741510608.2154808,-58,-26,-85
1741510608.2614808,26,35,-39
1741510608.306481,-15,-34,-49
1741510608.352481,17,-20,-129
1741510608.398481,59,-26,-147
1741510608.444481,-26,13,-87
1741510608.489481,15,-98,-167
1741510608.535481,24,-41,-31
1741510608.581481,45,-40,-111
1741510608.6264808,-24,39,-109
1741510608.6724808,0,25,-113
1741510608.7184808,32,-27,-81
1741510608.7644808,-4,29,-47
1741510608.809481,6,38,-19
1741510608.855481,-23,-2,-178
1741510608.901481,-69,-42,-155
1741510608.946481,-45,41,-82
1741510608.992481,-27,0,-6
1741510609.038481,-15,68,-24
1741510609.084481,-9,-1,14
1741510609.1294808,-33,8,14
1741510609.1754808,-50,6,34
1741510609.2214808,-41,0,-175
1741510609.266481,-4,22,-95
1741510609.312481,44,-30,-13
1741510609.358481,-46,-35,-93
1741510609.404481,44,-33,-23
1741510609.449481,0,-1,90
1741510609.495481,-89,-31,-49
1741510609.541481,-71,42,-21
1741510609.5864809,24,28,-29
1741510609.6324809,13,48,-141
1741510609.6784809,-17,36,4
1741510609.7244809,14,-8,17
1741510609.769481,-7,-40,-64
1741510609.815481,-63,96,-34
1741510609.861481,32,11,-32
1741510609.906481,-64,-22,-98
1741510609.952481,-8,-52,23
1741510609.998481,-10,7,-48
1741510610.0444808,-49,-5,-126
1741510610.0894809,-23,50,-74
1741510610.1354809,16,50,11
1741510610.181481,68,16,49
1741510610.226481,22,18,-22
1741510610.272481,-83,-61,-83
1741510610.318481,-7,-5,-103
1741510610.364481,14,0,-41
1741510610.4094808,80,-103,-63
1741510610.4554808,68,-13,-145
1741510610.5014808,-37,34,-13
1741510610.546481,42,82,-181
1741510610.592481,62,-33,-67
1741510610.638481,-11,-33,-75
1741510610.684481,-83,10,-45
1741510610.729481,-38,-19,-147
1741510610.775481,-20,-23,-91
1741510610.821481,48,34,-97
1741510610.8664808,-1,-81,-45
1741510610.9124808,20,24,-127
1741510610.9584808,24,-21,-88
1741510611.0044808,-15,36,-38
1741510611.049481,26,-33,-50
1741510611.095481,46,68,-54
1741510611.141481,-65,8,-144
1741510611.186481,16,-67,39
1741510611.232481,-18,43,-94
1741510611.278481,-22,-8,35
1741510611.324481,23,47,-184
1741510611.3694808,-3,-69,-102
1741510611.4154809,90,52,-8
1741510611.4614809,-45,-5,19
1741510611.506481,18,-13,51
1741510611.552481,-31,4,-140
1741510611.598481,12,30,-209
1741510611.644481,27,5,-131
1741510611.689481,-54,23,-112
1741510611.735481,-4,-58,-86
1741510611.781481,12,32,-79
1741510611.8264809,-13,-7,-21
1741510611.8724809,120,52,-59
1741510611.9184809,28,-26,-71
1741510611.9644809,50,98,-59
1741510612.009481,-19,-51,46
1741510612.055481,84,20,-45
1741510612.101481,41,-65,-79
1741510612.146481,80,-45,-2
1741510612.1924808,-7,-17,-159
1741510612.2384808,-23,-75,-143
1741510612.2844808,-29,100,-127
1741510612.329481,20,-17,-67
1741510612.375481,-65,-33,42
1741510612.421481,23,14,-15
1741510612.466481,20,-3,32
1741510612.512481,7,-25,-37
1741510612.558481,-19,2,-51
1741510612.604481,-17,46,-67
1741510612.6494808,48,16,-53
1741510612.6954808,-58,-33,-171
1741510612.7414808,23,38,-89
1741510612.786481,58,-7,-241
1741510612.832481,-45,-73,-123
1741510612.878481,38,-55,-33
1741510612.9224808,18,32,-35
1741510612.9684808,33,50,-109
1741510613.0144808,-41,-26,-131
1741510613.0604808,43,-35,-103
1741510613.105481,-28,36,-48
1741510613.151481,2,-68,-12
1741510613.197481,17,-13,-294
1741510613.242481,-31,53,-70
1741510613.288481,92,-2,42
1741510613.334481,38,-36,-191
1741510613.380481,-85,-21,32
1741510613.4254808,-27,58,-93
1741510613.4714808,-15,17,-17
1741510613.5174809,-25,-42,-24
1741510613.562481,0,-19,-82
1741510613.608481,1,0,-42
1741510613.654481,-56,-21,-61
1741510613.700481,-18,-44,-51
1741510613.745481,13,94,-113
1741510613.791481,35,28,-73
1741510613.837481,-28,10,-201
1741510613.8824809,28,61,-127
1741510613.9284809,26,33,-161
1741510613.9744809,33,-49,-79
1741510614.0204809,133,2,-67
1741510614.065481,37,32,-85
1741510614.111481,93,40,-63
1741510614.157481,-18,-101,-113
1741510614.202481,-14,-73,-191
1741510614.2544808,-60,-44,-63
1741510614.299481,61,10,-31
1741510614.345481,-4,-37,-9
1741510614.391481,41,-48,-133
1741510614.437481,-10,-26,-143
1741510614.482481,47,-12,-97
1741510614.528481,-46,0,16
1741510614.574481,-28,-46,-11
1741510614.6194808,8,-48,-59
1741510614.6654809,-28,117,-63
1741510614.7114809,17,-44,8
1741510614.7574809,81,13,-3
1741510614.802481,-30,-54,-165
1741510614.848481,4,44,-19
1741510614.894481,-49,40,-53
1741510614.939481,85,6,-53
1741510614.985481,-4,18,2
1741510615.031481,33,41,22
1741510615.077481,5,-70,-145
1741510615.1224809,-10,45,-57
1741510615.1684809,49,53,-89
1741510615.2144809,-18,-32,-141
1741510615.259481,25,3,-65
1741510615.305481,3,21,-91
1741510615.351481,29,-58,-15
1741510615.397481,11,71,-177
1741510615.4424808,-6,5,0
1741510615.4884808,59,43,-12
1741510615.5344808,56,13,-74
1741510615.579481,44,-10,-13
1741510615.625481,-31,32,-67
1741510615.671481,18,4,-30
1741510615.717481,-53,7,-21
1741510615.762481,-89,47,-107
1741510615.808481,-7,-41,-47
1741510615.854481,-33,-47,-175
1741510615.8994808,40,-35,-43
1741510615.9454808,48,-4,-55
1741510615.9914808,-9,6,-111
1741510616.0374808,64,-47,-31
1741510616.082481,90,86,-79
1741510616.128481,-35,-13,-104
1741510616.174481,-56,-31,-108
1741510616.219481,5,25,-57
1741510616.265481,23,-28,31
1741510616.311481,46,8,-50
1741510616.357481,-27,8,-86
1741510616.4024808,-18,-21,-72
1741510616.4484808,-38,30,-26
1741510616.4944808,-94,12,-106
1741510616.539481,-28,28,-88
1741510616.585481,17,10,-170
1741510616.631481,57,56,-98
1741510616.677481,77,-3,-78
1741510616.722481,0,-5,-134
1741510616.768481,8,-77,-94
1741510616.814481,-47,-11,-6
1741510616.8594809,-39,-17,-84
1741510616.9054809,50,-59,-148
1741510616.9514809,-7,10,119
1741510616.9974809,-21,-51,-58
1741510617.042481,7,-49,5
1741510617.088481,-40,16,-88
1741510617.134481,36,-79,5
1741510617.179481,-7,-51,-66
1741510617.225481,-81,14,-134
1741510617.271481,28,-13,-46
1741510617.3174808,-20,19,-38
1741510617.3624809,52,-25,-78
1741510617.408481,64,-113,-106
1741510617.454481,-25,-29,-18
1741510617.499481,90,-17,-8
1741510617.545481,-15,0,-52
1741510617.591481,-73,-43,-98
1741510617.637481,-17,16,-30
1741510617.6824808,16,46,-126
1741510617.727481,-11,2,-170
1741510617.773481,-21,-21,9
1741510617.818481,-1,-20,-144
1741510617.864481,-13,-50,-178
1741510617.910481,46,19,-4
1741510617.9554808,32,41,-86
1741510618.0014808,-11,37,-24
1741510618.0474808,24,49,-54
1741510618.0934808,-53,-29,-152
1741510618.138481,-120,68,-54
1741510618.184481,19,11,-34
1741510618.230481,3,-18,-172
1741510618.275481,79,6,-132
1741510618.321481,-28,-27,-62
1741510618.367481,-102,-31,-174
1741510618.413481,-78,-42,25
1741510618.4584808,51,23,-112
1741510618.5044808,51,23,-146
1741510618.5504808,-54,47,-74
1741510618.595481,25,21,-94
1741510618.641481,21,2,-68
1741510618.687481,-11,53,-10
1741510618.733481,-30,8,-230
1741510618.778481,-2,104,-66
1741510618.824481,30,46,9
1741510618.870481,6,-9,3
1741510618.9154809,40,-63,-30
1741510618.9614809,-11,6,-32
1741510619.0074809,96,30,-74
1741510619.0534809,25,-15,-26
1741510619.098481,62,44,-86
1741510619.144481,-62,-5,-106
1741510619.190481,15,-51,-130
1741510619.235481,75,-11,-42
1741510619.281481,0,74,-134
1741510619.327481,51,-63,-164
1741510619.373481,5,4,-78
1741510619.4184809,85,-31,-28
1741510619.4644809,64,2,-122
1741510619.5104809,-14,-79,1
1741510619.555481,41,28,-58
1741510619.601481,51,18,-102
1741510619.647481,29,20,-158
1741510619.693481,31,52,-186
1741510619.7384808,0,16,-92
1741510619.7844808,-77,12,3
1741510619.8304808,21,10,-174
1741510619.875481,-58,-65,-100
1741510619.921481,-22,11,7
1741510619.967481,-37,-21,3
1741510620.013481,-25,-13,-14
1741510620.058481,48,14,-198
1741510620.104481,20,-15,-66
1741510620.150481,30,-22,-20
1741510620.1954808,-33,-25,7
1741510620.2414808,-25,23,-140
1741510620.2874808,50,-4,-70
1741510620.332481,-3,-78,-94
1741510620.378481,2,1,-72
1741510620.424481,-26,58,-64
1741510620.470481,52,-48,-128
1741510620.515481,-35,-20,-20
1741510620.561481,-23,37,-8
1741510620.607481,-73,-26,9
1741510620.653481,-39,107,-104
1741510620.6984808,0,-12,-162
1741510620.7444808,4,-34,-51
1741510620.7904809,54,-14,-101
1741510620.835481,12,-12,-175
1741510620.881481,-1,18,44
1741510620.927481,-23,-17,-77
1741510620.973481,-1,52,-81
1741510621.018481,112,-40,-71
1741510621.064481,-3,-4,-121
1741510621.110481,38,-33,-31
1741510621.1554809,96,12,-29
1741510621.2014809,62,2,-95
1741510621.2474809,-7,57,-53
1741510621.292481,4,-24,-23
1741510621.338481,78,-26,-131
1741510621.384481,0,0,-129
1741510621.430481,-33,11,-196
1741510621.475481,-17,-4,-52
1741510621.521481,10,-69,-1
1741510621.5674808,52,-1,-107
1741510621.6124809,-13,-28,-107
1741510621.658481,84,-14,-57
1741510621.704481,8,-28,14
1741510621.750481,12,-16,-53
1741510621.795481,-23,-22,-65
1741510621.841481,55,-10,-61
1741510621.887481,42,25,-61
1741510621.9324808,49,-6,-17
1741510621.9784808,37,35,10
1741510622.0244808,-59,-29,-79
1741510622.0704808,-51,-35,-33
1741510622.115481,-61,-33,-109
1741510622.161481,29,-32,-213
1741510622.207481,65,-2,-96
1741510622.252481,-32,117,-49
1741510622.298481,-18,1,-89
1741510622.344481,41,21,-19
1741510622.390481,1,-1,10
1741510622.4354808,27,23,-115
1741510622.4814808,14,-77,-103
1741510622.5274808,60,52,-69
1741510622.572481,-11,72,-17
1741510622.618481,-74,41,-195
1741510622.664481,-19,-21,-101
1741510622.710481,-11,-21,-59
1741510622.755481,50,-13,-111
1741510622.801481,-41,-43,-135
1741510622.847481,12,-1,-46
1741510622.8924809,2,-1,-86
1741510622.9384809,4,62,-143
1741510622.9844809,-3,36,-125
1741510623.0304809,78,-6,2
1741510623.075481,-53,-28,-153
1741510623.121481,27,11,-11
1741510623.167481,-54,59,-69
1741510623.212481,-54,-6,-123
1741510623.258481,-12,-151,-127
1741510623.304481,-28,1,26
1741510623.350481,7,21,-101
1741510623.3954809,19,-20,-69
1741510623.4414809,51,23,-115
1741510623.4874809,79,-48,-115
1741510623.532481,-36,-52,-97
1741510623.578481,7,10,-103
1741510623.624481,78,-13,22
1741510623.670481,-27,-63,-158
1741510623.7154808,63,-24,-53
1741510623.7614808,-17,-35,-28
1741510623.8074808,-40,-68,-74
1741510623.852481,1,5,-63
1741510623.898481,5,45,-207
1741510623.944481,-35,4,-55
1741510623.990481,38,-45,-31
1741510624.035481,-37,78,-161
1741510624.081481,26,30,-247
1741510624.127481,-14,5,-127
1741510624.1724808,-52,-22,-73
1741510624.2184808,25,23,-31
1741510624.2704809,87,-10,-69
1741510624.315481,-13,7,-201
1741510624.361481,74,13,-167
1741510624.407481,44,39,-67
1741510624.452481,-3,76,-201
1741510624.498481,-34,67,-121
1741510624.5444808,-18,11,-95
1741510624.591481,-16,15,-162
1741510624.6364808,-12,-68,-56
1741510624.6824808,-3,-73,-128
1741510624.7284808,-64,35,-96
1741510624.7744808,-11,-72,-130
1741510624.819481,22,34,-74
1741510624.865481,-1,-52,-126
1741510624.911481,-11,23,-136
1741510624.956481,42,-17,-52
1741510625.002481,-19,-39,89
1741510625.048481,54,39,-28
1741510625.094481,2,7,-74
1741510625.1394808,72,0,-154
1741510625.1854808,-41,13,-46
1741510625.2314808,-3,2,-86
1741510625.276481,-27,64,-24
1741510625.322481,62,33,-38
1741510625.368481,54,-108,-160
1741510625.414481,-13,-42,-110
1741510625.459481,-33,-42,-128
1741510625.505481,14,1,-44
1741510625.551481,-87,11,-170
1741510625.5964808,-1,-32,-132
1741510625.6424809,75,53,-164
1741510625.6884809,-11,-69,-57
1741510625.7344809,29,30,-196
1741510625.779481,-42,28,-108
1741510625.825481,47,-43,-152
1741510625.871481,101,-31,-53
1741510625.916481,-5,44,-16
1741510625.962481,-7,36,-32
1741510626.008481,5,-19,-80
1741510626.054481,-13,66,-20
1741510626.0994809,8,-28,-136
1741510626.1454809,24,-10,-92
1741510626.1914809,-123,69,-134
1741510626.236481,-19,-5,-77
1741510626.282481,61,7,-54
1741510626.328481,7,-32,-115
1741510626.374481,-60,68,-33
1741510626.4194808,-10,24,-85
1741510626.4654808,-47,-25,-67
1741510626.5114808,26,-45,-139
1741510626.556481,-45,-1,66
1741510626.602481,-7,-21,-67
1741510626.648481,-21,2,-178
1741510626.694481,112,12,5
1741510626.739481,53,42,125
1741510626.785481,23,-23,-302
1741510626.831481,5,90,-208
1741510626.8764808,-16,-25,-170
1741510626.9224808,66,-43,-32
1741510626.9684808,38,20,-86
1741510627.0144808,-5,-26,-144
1741510627.059481,-113,17,-145
1741510627.105481,-45,1,-166
1741510627.151481,-47,-14,-118
1741510627.196481,-55,37,-182
1741510627.242481,8,-40,34
1741510627.288481,74,-20,-153
1741510627.334481,-11,-102,-25
1741510627.3794808,-31,-12,-93
1741510627.4254808,38,-18,-15
1741510627.4714808,10,35,-41
1741510627.516481,18,2,-63
1741510627.562481,56,47,-129
1741510627.608481,66,-5,-41
1741510627.653481,43,-22,-67
1741510627.699481,-4,51,-159
1741510627.745481,62,26,10
1741510627.791481,-71,28,25
1741510627.8364809,-17,18,-31
1741510627.8824809,25,-96,-149
1741510627.9284809,33,-1,-83
1741510627.973481,35,10,-109
1741510628.019481,-13,-22,-87
1741510628.065481,-35,-23,-51
1741510628.111481,-65,11,4
1741510628.156481,43,-60,-1
1741510628.202481,39,-77,-183
1741510628.248481,-12,123,-123
1741510628.2934809,0,-93,-143
1741510628.3394809,31,18,-95
1741510628.3854809,65,-1,-73
1741510628.431481,9,-9,-115
1741510628.476481,45,1,42
1741510628.522481,-27,1,-141
1741510628.568481,16,43,16
1741510628.6134808,-10,5,-179
1741510628.6594808,-70,11,-21
1741510628.7054808,23,30,-29
1741510628.7514808,-30,-13,-147
1741510628.796481,39,-45,42
1741510628.842481,15,-6,-39
1741510628.888481,-34,-67,8
1741510628.933481,-58,6,-53
1741510628.979481,41,-21,-149
1741510629.025481,-11,-13,-119
1741510629.071481,-55,-17,-183
1741510629.1164808,17,56,-63
1741510629.1624808,-2,52,-55
1741510629.2084808,-72,-31,-89
1741510629.253481,95,18,-175
1741510629.299481,36,-88,-39
1741510629.345481,44,5,-67
1741510629.391481,6,-14,-111
1741510629.436481,76,-28,-61
1741510629.482481,-25,-24,-189
1741510629.528481,52,-2,-291
1741510629.5734808,-9,15,-37
1741510629.6194808,6,1,55
1741510629.6654809,-35,-20,-68
1741510629.7114809,-5,45,0
1741510629.756481,79,15,-64
1741510629.802481,57,11,-82
1741510629.848481,15,-34,-100
1741510629.893481,-32,-68,-168
1741510629.939481,-96,-13,-4
1741510629.985481,-51,13,-18
1741510630.031481,32,34,11
1741510630.0764809,54,36,-52
1741510630.1224809,-45,46,-36
1741510630.1684809,22,-57,11
1741510630.213481,-7,12,-70
1741510630.259481,6,-20,25
1741510630.305481,70,-40,-22
1741510630.351481,-38,2,-82
1741510630.396481,-32,114,-72
1741510630.4424808,71,103,-132
1741510630.4884808,-40,27,0
1741510630.533481,-18,21,-4
1741510630.579481,143,5,-56
1741510630.625481,25,58,-130
1741510630.671481,23,2,35
1741510630.716481,-62,18,-38
1741510630.762481,7,-11,-240
1741510630.808481,-66,59,-126
1741510630.8534808,25,-22,-110
1741510630.8994808,27,-54,-108
1741510630.9454808,61,-36,-38
1741510630.9914808,47,19,-128
1741510631.036481,1,57,-232
1741510631.082481,-19,-27,-17
1741510631.128481,-68,7,-19
1741510631.173481,-42,-31,-213
1741510631.219481,26,-98,-149
1741510631.265481,58,-42,36
1741510631.311481,-21,-49,-127
1741510631.3564808,-51,3,-37
1741510631.4024808,-87,-97,-91
1741510631.4484808,68,-94,-31
1741510631.493481,38,-11,-121
1741510631.539481,-21,-34,-57
1741510631.585481,-13,10,-153
1741510631.631481,42,10,-85
1741510631.676481,-87,-1,-111
1741510631.722481,-31,34,-43
1741510631.768481,-61,68,-115
1741510631.8134809,10,-109,-107
1741510631.8594809,40,14,-79
1741510631.9054809,28,-71,-91
1741510631.9514809,87,-18,-111
1741510631.996481,1,55,-71
1741510632.042481,8,-27,-69
1741510632.088481,92,72,-101
1741510632.133481,-3,-65,-69
1741510632.179481,-4,-51,-85
1741510632.225481,39,-1,-245
1741510632.271481,-4,43,-131
1741510632.3164809,27,-26,-49
1741510632.3624809,-27,8,-49
1741510632.408481,-12,-2,-73
1741510632.453481,-66,17,-145
1741510632.499481,6,-1,-163
1741510632.545481,-46,-16,-45
1741510632.591481,-4,29,-134
1741510632.6364808,-98,45,-54
1741510632.6824808,48,74,-124
1741510632.7284808,-11,72,24
1741510632.773481,-13,-23,-30
1741510632.819481,-61,34,-76
1741510632.865481,20,-37,-52
1741510632.911481,85,30,-178
1741510632.956481,-9,-42,65
1741510633.002481,33,-41,-86
1741510633.048481,0,-30,-134
1741510633.0934808,-86,-75,-126
1741510633.1394808,4,-39,-68
1741510633.1854808,62,-16,-54
1741510633.2314808,48,65,-60
1741510633.276481,33,26,-136
1741510633.322481,17,-13,-62
1741510633.368481,-2,-19,-54
1741510633.413481,-48,106,-96
1741510633.459481,11,20,-42
1741510633.505481,5,24,-28
1741510633.551481,-4,54,0
1741510633.5964808,-36,0,45
1741510633.6424809,48,26,-174
1741510633.6884809,23,-37,129
1741510633.733481,-53,100,-4
1741510633.779481,-23,18,-52
1741510633.825481,10,28,-112
1741510633.871481,63,43,-22
1741510633.916481,-85,44,27
1741510633.962481,-24,47,9
1741510634.008481,-55,76,45
1741510634.0534809,12,46,-58
1741510634.0994809,59,4,-32
1741510634.1454809,42,-37,-36
1741510634.1914809,-20,50,-106
1741510634.242481,-22,6,-94
1741510634.288481,-66,4,-88
1741510634.3334808,-72,10,-168
1741510634.3794808,33,-5,-12
1741510634.4254808,29,-11,-32
1741510634.4714808,31,14,-166
1741510634.516481,27,-27,-96
1741510634.562481,89,86,-110
1741510634.608481,-36,-51,99
1741510634.653481,27,-7,-244
1741510634.6984808,-30,-19,-18
1741510634.7444808,1,-55,-174
1741510634.789481,35,38,-176
1741510634.835481,-5,-5,-40
1741510634.881481,36,20,-80
1741510634.926481,-73,-33,-140
1741510634.972481,-35,-47,-200
1741510635.018481,15,47,19
1741510635.064481,71,-18,-46
1741510635.1094809,-18,-28,-154
1741510635.1554809,13,-31,-206
1741510635.2014809,-6,78,-168
1741510635.246481,28,62,-110
1741510635.292481,33,-43,-100
1741510635.338481,-22,-49,-22
1741510635.384481,-6,32,-103
1741510635.429481,-32,56,-139
1741510635.475481,13,28,-123
1741510635.521481,19,-47,22
1741510635.5664809,-35,-17,-141
1741510635.6124809,-8,-29,-73
1741510635.658481,-41,-26,-67
1741510635.704481,-59,89,-63
1741510635.749481,4,-34,-117
1741510635.795481,-87,-60,-55
1741510635.841481,10,-20,6
1741510635.8864808,52,9,-71
1741510635.9324808,35,-64,-145
1741510635.9784808,-10,-44,30
1741510636.0244808,37,-22,-69
1741510636.069481,59,14,-91
1741510636.115481,-54,-14,-97
1741510636.161481,-8,-39,-63
1741510636.206481,20,11,-111
1741510636.252481,15,-27,-99
1741510636.298481,33,32,-1
1741510636.344481,26,19,36
1741510636.3894808,10,21,-120
1741510636.4354808,82,64,-30
1741510636.4814808,-21,-17,7
1741510636.526481,-11,76,10
1741510636.572481,38,17,-151
1741510636.618481,-29,-52,-197
1741510636.664481,22,23,-45
1741510636.709481,-37,-106,-167
1741510636.755481,-37,-7,-31
1741510636.801481,-69,41,-81
1741510636.8464808,36,85,-79
1741510636.8924809,82,7,-111
1741510636.9384809,-40,70,-111
1741510636.9844809,65,32,-1
1741510637.029481,-32,28,-109
1741510637.075481,-38,-45,-123
1741510637.121481,61,36,-28
1741510637.166481,7,0,-150
1741510637.212481,42,-42,-94
1741510637.258481,0,-65,-146
1741510637.304481,50,28,-88
1741510637.3494809,-27,-71,1
1741510637.3954809,60,46,-34
1741510637.4414809,68,-55,-34
1741510637.486481,-81,-15,-129
1741510637.532481,76,54,-49
1741510637.578481,-61,-3,-107
1741510637.624481,64,66,-205
1741510637.6694808,22,2,-5
1741510637.7154808,82,-5,-80
1741510637.7614808,-19,54,-71
1741510637.806481,62,76,-197
1741510637.852481,-15,38,-211
1741510637.898481,48,48,-93
1741510637.944481,-89,-16,-135
1741510637.989481,-85,76,4
1741510638.035481,-1,24,-133
1741510638.081481,10,38,-4
1741510638.1264808,-65,-35,14
1741510638.1724808,-17,83,-135
1741510638.2184808,-17,61,-149
1741510638.2644808,-3,-6,-7
1741510638.309481,-27,30,10
1741510638.355481,30,-7,-121
1741510638.401481,-71,-25,-93
1741510638.446481,-95,-75,44
1741510638.492481,98,34,-29
1741510638.538481,-25,28,14
1741510638.584481,-6,-83,-10
1741510638.6294808,-7,-21,-8
1741510638.6754808,12,6,-130
1741510638.7214808,25,7,-108
1741510638.766481,99,3,-46
1741510638.812481,26,108,-162
1741510638.858481,-81,-13,-70
1741510638.904481,6,-9,-34
1741510638.949481,22,4,-152
1741510638.995481,42,-21,-24
1741510639.041481,-11,-49,19
1741510639.0864809,56,-51,-60
1741510639.1324809,43,-48,-101
1741510639.1784809,-17,-35,-83
1741510639.2244809,-83,-1,-49
1741510639.269481,-71,-45,-51
1741510639.315481,-43,42,-141
1741510639.361481,60,26,-151
1741510639.406481,40,-65,-121
1741510639.452481,98,-1,-11
1741510639.498481,-3,-25,-147
1741510639.5444808,-41,-24,-183
1741510639.5894809,18,-8,-53
1741510639.6354809,16,-25,20
1741510639.681481,0,10,-163
1741510639.726481,12,56,-103
1741510639.772481,-9,-51,64
1741510639.818481,-37,16,-31
1741510639.864481,20,12,-82
1741510639.9094808,13,59,-198
1741510639.9554808,92,-21,-48
1741510640.0014808,-75,12,-105
1741510640.046481,78,-12,-19
1741510640.092481,-13,-22,-15
1741510640.138481,-75,-19,-113
1741510640.184481,-19,43,-39
1741510640.229481,-65,-10,-193
1741510640.275481,-21,11,-129
1741510640.321481,-18,-34,-160
1741510640.3664808,-2,-8,-136
1741510640.4124808,-5,-33,-126
1741510640.4584808,16,-91,13
1741510640.5044808,-3,-27,-183
1741510640.549481,2,-57,-12
1741510640.595481,32,-41,-56
1741510640.641481,35,-7,-71
1741510640.686481,74,-46,26
1741510640.732481,-5,-25,-137
1741510640.778481,-35,-47,-93
1741510640.824481,-29,-97,-21
1741510640.8694808,-11,1,76
1741510640.9154809,0,-62,-133
1741510640.9614809,-65,5,-45
1741510641.006481,73,-66,-61
1741510641.052481,26,21,-95
1741510641.098481,40,-48,-59
1741510641.144481,-18,-58,-85
1741510641.189481,29,73,-79
1741510641.235481,6,-3,-49
1741510641.281481,-38,-13,-97
1741510641.3264809,112,32,-139
1741510641.3724809,6,-15,-89
1741510641.4184809,78,-43,-87
1741510641.4644809,-35,66,-59
1741510641.509481,-11,-17,-137
1741510641.555481,26,58,-103
1741510641.601481,36,-16,-107
1741510641.646481,50,38,-32
1741510641.6924808,-22,-21,-35
1741510641.7384808,-42,-37,-167
1741510641.783481,31,100,-133
1741510641.829481,65,20,-119
1741510641.875481,129,-35,-51
1741510641.921481,-14,-41,-39
1741510641.966481,91,58,-91
1741510642.012481,-3,0,-23
1741510642.058481,-4,-62,-9
1741510642.1034808,0,-41,-121
1741510642.1494808,-2,7,-83
1741510642.1954808,-80,47,22
1741510642.2414808,46,30,-37
1741510642.286481,-35,16,-31
1741510642.332481,74,22,-143
1741510642.378481,7,-16,-33
1741510642.423481,55,19,-119
1741510642.469481,96,0,-107
1741510642.515481,20,105,-101
1741510642.561481,-73,13,-101
1741510642.6064808,0,-17,-159
1741510642.6524808,-59,100,-99
1741510642.6984808,14,-4,-35
1741510642.743481,22,-20,-63
1741510642.789481,74,9,-103
1741510642.835481,49,34,-69
1741510642.881481,-52,0,56
1741510642.926481,54,59,-97
1741510642.972481,-31,85,-131
1741510643.018481,88,-23,72
1741510643.0634809,2,48,58
1741510643.1094809,-83,-13,-59
1741510643.1554809,8,-11,-31
1741510643.2014809,-23,-19,-63
1741510643.246481,-13,12,-43
1741510643.292481,28,34,-75
1741510643.338481,-47,-15,-79
1741510643.383481,-35,-37,-21
1741510643.429481,-45,32,-87
1741510643.475481,-33,96,-179
1741510643.521481,-33,32,-87
1741510643.5664809,22,42,-137
1741510643.6124809,16,-48,-91
1741510643.658481,-90,11,-137
1741510643.703481,-44,27,14
1741510643.749481,-36,-2,-123
1741510643.795481,-2,-72,54
1741510643.8394809,-46,-28,-87
1741510643.8854809,17,-64,-105
1741510643.931481,-86,0,-247
1741510643.977481,107,41,4
1741510644.022481,48,-24,-115
1741510644.068481,91,21,-147
1741510644.114481,-28,11,-33
1741510644.1594808,49,-64,-9
1741510644.2054808,41,-16,-21
1741510644.2574809,29,-46,-45
1741510644.302481,71,-72,-99
1741510644.348481,7,-12,-15
1741510644.394481,11,9,-87
1741510644.439481,45,-40,-81
1741510644.485481,-53,-11,6
1741510644.531481,-11,24,-111
1741510644.577481,35,-29,-95
1741510644.6224809,93,-27,-43
1741510644.6684809,18,-35,-119
1741510644.7144809,-3,62,-45
1741510644.759481,-1,-10,-221
1741510644.805481,-55,17,-99
1741510644.851481,74,15,-75
1741510644.897481,36,24,-43
1741510644.9424808,-31,-8,-172
1741510644.9884808,50,42,-119
1741510645.0344808,-50,80,-42
1741510645.079481,42,-36,-148
1741510645.125481,-100,-21,-86
1741510645.171481,36,12,-92
1741510645.217481,-80,-31,-168
1741510645.262481,-4,6,-162
1741510645.308481,43,-3,-120
1741510645.354481,34,94,-56
1741510645.3994808,-39,-65,-106
1741510645.4454808,-89,50,-100
1741510645.4914808,2,-129,1
1741510645.5374808,56,32,-98
1741510645.582481,-95,-7,-114
1741510645.628481,-51,-11,-106
1741510645.674481,-13,59,35
1741510645.719481,-12,-34,-164
1741510645.765481,-26,-50,-108
1741510645.811481,-52,-66,-140
1741510645.857481,21,1,-22
1741510645.9024808,22,-47,-2
1741510645.9484808,-3,64,-62
1741510645.9944808,-13,-55,3
1741510646.039481,-67,-49,-84
1741510646.085481,28,-65,-68
1741510646.131481,94,-13,-38
1741510646.177481,-19,52,-56
1741510646.222481,-103,-67,-36
1741510646.268481,-41,6,-88
1741510646.314481,72,-3,-36
1741510646.3594809,2,65,-6
1741510646.4054809,62,-40,-56
1741510646.4514809,-9,-52,-132
1741510646.4974809,-2,-70,-98
1741510646.542481,11,-66,37
1741510646.588481,-56,-106,-6
1741510646.634481,40,30,-46
1741510646.679481,75,10,-120
1741510646.725481,80,3,-140
1741510646.771481,24,-13,-118
1741510646.8174808,-34,-66,-96
1741510646.8624809,-56,13,-52
1741510646.908481,48,-43,-180
1741510646.954481,-13,-38,-146
1741510646.999481,-18,34,-33
1741510647.045481,21,26,-90
1741510647.091481,-98,-69,-136
1741510647.137481,-56,2,25
1741510647.1824808,66,-23,-71
1741510647.2284808,0,-5,-67
1741510647.2744808,-27,18,-129
1741510647.319481,-11,-5,-91
1741510647.365481,-2,27,-215
1741510647.411481,-68,-24,-129
1741510647.457481,-11,-97,-77
1741510647.502481,48,3,-185
1741510647.548481,-59,-10,6
1741510647.594481,30,1,-104
1741510647.6394808,-72,-22,-106
1741510647.6854808,49,-28,62
1741510647.7314808,7,-34,16
1741510647.7774808,-30,-30,-50
1741510647.822481,15,31,-202
1741510647.868481,45,63,30
1741510647.914481,13,-52,-44
1741510647.959481,40,42,-40
1741510648.005481,-65,-43,-113
1741510648.051481,21,16,8
1741510648.097481,35,12,-152
1741510648.143481,-24,36,-71
1741510648.189481,68,-13,-55
1741510648.235481,72,0,-37
1741510648.281481,-5,-37,-63
1741510648.3264809,12,-13,-87
1741510648.3724809,-3,-15,-47
1741510648.4184809,66,18,-139
1741510648.463481,88,-29,-55
1741510648.509481,-55,-1,-77
1741510648.555481,34,-37,-29
1741510648.600481,-17,44,-119
1741510648.646481,-83,-31,26
1741510648.6924808,-17,102,10
1741510648.7384808,60,8,-65
1741510648.783481,2,-75,-183
1741510648.829481,88,-29,-65
1741510648.875481,11,-30,2
1741510648.920481,-3,-15,-135
1741510648.966481,23,-14,-150
1741510649.012481,3,33,77
1741510649.058481,-10,26,-2
1741510649.1034808,-87,-5,-200
1741510649.1494808,-36,-67,0
1741510649.1954808,31,-14,-32
1741510649.240481,12,-15,-154
1741510649.286481,20,18,-96
1741510649.332481,-28,39,-10
1741510649.378481,-61,36,-100
1741510649.423481,-63,-6,-42
1741510649.469481,67,39,27
1741510649.515481,32,-38,-50
1741510649.5604808,68,12,-74
1741510649.6064808,31,-24,-64
1741510649.6524808,-42,-8,-156
1741510649.6984808,31,-20,-108
1741510649.743481,0,41,-166
1741510649.789481,-3,54,-70
1741510649.835481,28,-13,3
1741510649.880481,130,-9,-246
1741510649.926481,-19,-25,-154
1741510649.972481,-43,-63,-64
1741510650.018481,-55,22,-36
1741510650.0634809,-31,72,-16
1741510650.1094809,-67,-57,-128
1741510650.1554809,-19,-17,-40
1741510650.200481,-129,79,-28
1741510650.246481,-7,49,-184
1741510650.292481,12,33,-120
1741510650.338481,52,49,-104
1741510650.383481,-32,29,15
1741510650.429481,41,-80,-102
1741510650.475481,-55,37,13
1741510650.5204809,0,1,-43
1741510650.5664809,-3,-21,-123
1741510650.6124809,-3,-57,-117
1741510650.658481,2,-4,-131
1741510650.703481,-9,33,-97
1741510650.749481,69,26,-41
1741510650.795481,4,51,-95
1741510650.8404808,6,21,16
1741510650.8864808,12,15,-25
1741510650.9324808,93,-95,-51
1741510650.9784808,17,-40,-121
1741510651.023481,107,9,-209
1741510651.069481,19,54,-161
1741510651.115481,47,6,-45
1741510651.160481,23,-45,-75
1741510651.206481,-90,38,-195
1741510651.252481,60,7,58
1741510651.298481,-4,-83,-29
1741510651.3434808,3,100,-23
1741510651.3894808,-27,9,38
1741510651.4354808,40,19,-119
1741510651.480481,-23,-14,-23
1741510651.526481,24,-6,-15
1741510651.572481,-23,-32,-193
1741510651.618481,34,55,-65
1741510651.663481,-59,33,-99
1741510651.709481,-33,-6,-23
1741510651.755481,46,-24,-81
1741510651.8004808,52,27,-99
1741510651.8464808,36,21,-99
1741510651.8924809,94,103,-105
1741510651.9384809,55,7,-139
1741510651.983481,75,-2,-113
1741510652.029481,36,-102,62
1741510652.075481,-43,-7,-75
1741510652.120481,18,-13,-73
1741510652.166481,28,10,-21
1741510652.212481,6,14,-149
1741510652.258481,2,-65,-87
1741510652.3034809,55,27,-135
1741510652.3494809,-41,33,-67
1741510652.3954809,-61,70,8
1741510652.440481,26,-17,-119
1741510652.486481,43,25,-41
1741510652.532481,22,-3,-67
1741510652.578481,3,0,-37
1741510652.623481,21,-33,-141
1741510652.6694808,13,-28,36
1741510652.7154808,72,-29,-213
1741510652.7604809,26,26,-158
1741510652.806481,-75,-39,-144
1741510652.852481,93,23,-87
1741510652.898481,-50,33,-94
1741510652.943481,42,-35,-178
1741510652.989481,35,-2,-76
1741510653.035481,-22,-64,-150
1741510653.0804808,49,31,-50
1741510653.1264808,-72,-56,-110
1741510653.1724808,5,-54,-106
1741510653.2184808,9,-56,-112
1741510653.263481,91,-10,-168
1741510653.309481,-9,-25,-50
1741510653.355481,40,-41,-104
1741510653.400481,22,-35,-70
1741510653.446481,54,54,-130
1741510653.492481,-13,24,-149
1741510653.538481,58,-41,-35
1741510653.5834808,46,-85,-103
1741510653.6294808,144,-63,-97
1741510653.6754808,29,-80,-68
1741510653.720481,-10,23,-18
1741510653.766481,-26,7,-92
1741510653.812481,11,35,-6
1741510653.858481,48,6,-144
1741510653.903481,7,-62,-88
1741510653.949481,-92,-72,-16
1741510653.995481,48,-55,-248
1741510654.0404809,-79,16,29
1741510654.0864809,-79,-26,-130
1741510654.1324809,-11,12,-61
1741510654.1784809,-33,22,-99
1741510654.223481,98,23,6
1741510654.275481,10,73,-69
1741510654.3204808,-1,-1,-61
1741510654.3664808,-31,26,-129
1741510654.4124808,-37,43,-87
1741510654.4584808,-10,-26,-181
1741510654.503481,44,10,-195
1741510654.549481,-59,18,-161
1741510654.595481,54,48,-55
1741510654.640481,32,24,-107
1741510654.686481,30,-39,-133
1741510654.732481,10,52,-75
1741510654.778481,-23,-9,-89
1741510654.8234808,-75,-25,-139
1741510654.8694808,-33,21,-181
1741510654.9154809,-13,49,-63
1741510654.960481,0,131,-77
1741510655.006481,3,-78,10
1741510655.052481,5,-32,-61
1741510655.098481,11,59,-53
1741510655.143481,41,27,-131
1741510655.189481,39,-14,-135
1741510655.235481,7,47,-175
1741510655.2804809,14,-1,-141
1741510655.3264809,-36,41,-103
1741510655.3724809,41,27,-139
1741510655.417481,41,-78,-65
1741510655.463481,43,5,-67
1741510655.509481,1,57,-41
1741510655.555481,-18,0,-104
1741510655.600481,-17,117,-20
1741510655.646481,-37,-19,71
1741510655.6924808,5,25,-164
1741510655.7374809,47,-62,-68
1741510655.783481,-6,-32,94
1741510655.829481,9,-22,41
1741510655.875481,49,-28,-82
1741510655.920481,-8,43,77
1741510655.966481,23,-34,-204
1741510656.012481,-24,-10,-46
1741510656.0574808,3,3,-94
1741510656.1034808,-37,44,-140
1741510656.1494808,-91,-57,-46
1741510656.1954808,-74,-25,-54
1741510656.240481,17,-18,-60
1741510656.286481,-20,73,-42
1741510656.332481,-8,54,-102
1741510656.377481,91,36,-92
1741510656.423481,-36,47,-40
1741510656.469481,3,-58,-60
1741510656.515481,-37,6,-134
1741510656.5604808,-23,0,-82
1741510656.6064808,30,4,-178
1741510656.6524808,24,74,13
1741510656.697481,26,-34,-2
1741510656.743481,-35,-40,-16
1741510656.789481,74,13,-38
1741510656.835481,-5,-14,-32
1741510656.880481,12,48,11
1741510656.926481,-26,-38,54
1741510656.972481,91,-76,-44
1741510657.0174809,11,0,-21
1741510657.0634809,-23,17,-9
1741510657.1094809,-70,-38,-105
1741510657.1554809,-31,12,-103
1741510657.200481,4,-7,-5
1741510657.246481,-67,58,-167
1741510657.292481,60,10,-1
1741510657.337481,-7,52,-167
1741510657.383481,87,12,-91
1741510657.429481,15,94,-163
1741510657.475481,63,-2,-159
1741510657.5204809,25,-58,-165
1741510657.5664809,5,-16,22
1741510657.6124809,41,-31,-43
1741510657.657481,-2,-105,-213
1741510657.703481,19,-15,-135
1741510657.749481,-64,4,-65
1741510657.795481,47,6,-94
1741510657.8404808,1,42,107
1741510657.8864808,-9,32,-73
1741510657.9324808,-14,-69,-55
1741510657.977481,30,19,-151
1741510658.023481,80,30,-125
1741510658.069481,35,-23,-110
1741510658.115481,37,-12,-186
1741510658.160481,-28,20,-118
1741510658.206481,-20,-5,-122
1741510658.252481,50,-75,-110
1741510658.2974808,-43,-19,-142
1741510658.3434808,16,-67,-8
1741510658.3894808,10,-65,-106
1741510658.4354808,-39,74,-100
1741510658.480481,18,-6,-23
1741510658.526481,50,-40,-95
1741510658.572481,-3,-91,-105
1741510658.617481,-43,-4,-87
1741510658.663481,-87,-12,-89
1741510658.709481,-39,-32,-47
1741510658.755481,22,5,-86
1741510658.8004808,87,-73,-58
1741510658.8464808,17,0,-45
1741510658.8924809,7,26,4
1741510658.937481,25,-93,-39
1741510658.983481,53,-40,-133
1741510659.029481,-40,17,86
1741510659.075481,65,-4,-109
1741510659.120481,83,42,-21
1741510659.166481,-51,9,-131
1741510659.212481,-53,-4,-49
1741510659.2574809,-7,-14,-111
1741510659.3034809,-15,39,-107
1741510659.3494809,-49,-26,-165
1741510659.3954809,-89,14,-135
1741510659.440481,48,-36,-61
1741510659.486481,14,15,-215
1741510659.532481,24,0,-202
1741510659.577481,30,39,29
1741510659.623481,-53,-2,-52
1741510659.6694808,76,-26,-176
1741510659.7154808,-23,-20,-22
1741510659.7604809,7,-13,23
1741510659.806481,58,-20,-90
1741510659.852481,-9,52,20
1741510659.897481,17,8,-45
1741510659.943481,14,2,-101
1741510659.989481,116,-7,-137
1741510660.035481,64,40,-85
1741510660.0804808,-6,-6,-107
1741510660.1264808,27,61,-113
1741510660.1724808,62,-17,-177
1741510660.217481,96,-11,-183
1741510660.263481,-26,-14,-35
1741510660.309481,62,-15,-185
1741510660.355481,2,10,-69
1741510660.400481,-3,25,-147
1741510660.446481,-25,35,-75
1741510660.492481,8,0,8
1741510660.5374808,28,-61,-107
1741510660.5834808,26,30,-115
1741510660.6294808,2,70,-85
1741510660.6754808,-41,9,8
1741510660.720481,-33,-2,-97
1741510660.766481,39,-25,-63
1741510660.812481,44,24,-1
1741510660.857481,-51,31,-146
1741510660.903481,42,-6,-54
1741510660.949481,-9,60,-174
1741510660.995481,42,44,-188
1741510661.0404809,-17,-29,-74
1741510661.0864809,-59,-3,9
1741510661.1324809,126,0,-84
1741510661.177481,-43,11,9
1741510661.223481,-3,-43,-108
1741510661.269481,-11,-7,-34
1741510661.315481,-11,-16,-80
1741510661.360481,-16,-45,-152
1741510661.406481,-24,-26,-82
1741510661.452481,-98,63,-58
1741510661.4974809,-58,-80,9
1741510661.5434809,69,-10,-172
1741510661.5894809,15,-10,-170
1741510661.6354809,-69,-4,-30
1741510661.680481,-79,14,-136
1741510661.726481,21,-49,-40
1741510661.772481,-35,-6,-60
1741510661.8174808,0,-24,-22
1741510661.8634808,30,-26,-6
1741510661.9094808,9,-14,-34
1741510661.9554808,-49,-24,-70
1741510662.000481,36,-71,-76
1741510662.046481,82,30,-60
1741510662.092481,46,-25,-82
1741510662.137481,-41,48,-172
1741510662.183481,64,46,-60
1741510662.229481,22,15,-48
1741510662.2744808,-133,-36,-158
1741510662.3204808,15,-2,-202
1741510662.3664808,-2,-26,-102
1741510662.4124808,18,-53,-80
1741510662.457481,27,-10,-198
1741510662.503481,-47,-67,-146
1741510662.549481,-38,83,-58
1741510662.594481,-31,-3,-28
1741510662.640481,-65,-79,-120
1741510662.686481,-67,-15,-98
1741510662.732481,56,-45,15
1741510662.7774808,30,104,-74
1741510662.8234808,10,-66,-77
1741510662.8694808,-85,-52,29
1741510662.914481,13,-43,-188
1741510662.960481,-2,-7,-116
1741510663.006481,5,-29,-18
1741510663.052481,79,-77,-163
1741510663.097481,92,-3,-217
1741510663.143481,-38,-69,-182
1741510663.189481,-20,-21,-78
1741510663.2344809,27,8,-95
1741510663.2804809,-56,-11,-117
1741510663.3264809,61,-35,-81
1741510663.3724809,-18,12,-145
1741510663.417481,-56,-9,-143
1741510663.463481,-2,-9,-103
1741510663.509481,-18,16,-89
1741510663.554481,67,22,-129
1741510663.600481,41,46,68
1741510663.646481,105,54,-37
1741510663.6924808,71,-7,-225
1741510663.7374809,19,-3,-43
1741510663.783481,21,26,-83
1741510663.829481,0,-66,-77
1741510663.874481,-37,-1,-51
1741510663.920481,-23,20,-75
1741510663.966481,44,-21,-135
1741510664.012481,-41,36,12
1741510664.0574808,-1,24,-161
1741510664.1034808,53,23,-143
1741510664.1494808,-24,-12,-3
1741510664.194481,68,-73,-103
1741510664.240481,-9,28,-103
1741510664.292481,-37,-75,-49
1741510664.337481,-7,12,-77
1741510664.383481,-115,-29,22
1741510664.429481,-52,15,-150
1741510664.4744809,26,6,-135
1741510664.5204809,-80,-54,-30
1741510664.5664809,-1,-10,-91
1741510664.6134808,40,-22,-88
1741510664.658481,-37,24,-201
1741510664.704481,12,-37,-173
1741510664.750481,-86,79,-38
1741510664.796481,-22,-52,-102
1741510664.841481,17,-32,-25
1741510664.887481,4,18,-71
1741510664.933481,-3,-7,-71
1741510664.9784808,22,37,-25
1741510665.0244808,-52,19,-97
1741510665.0704808,25,-28,-151
1741510665.1164808,33,-10,-109
1741510665.161481,-26,-72,-73
1741510665.207481,-14,31,-91
1741510665.253481,33,-76,84
1741510665.298481,-4,45,-57
1741510665.344481,13,-20,-7
1741510665.390481,70,26,-79
1741510665.436481,-25,-43,-143
1741510665.4814808,42,-49,-91
1741510665.5274808,2,26,-31
1741510665.5734808,70,-11,-75
1741510665.618481,46,40,-47
1741510665.664481,-45,-75,-55
1741510665.710481,-11,23,-99
1741510665.756481,32,-20,-95
1741510665.801481,-58,-6,-45
1741510665.847481,50,-56,-3
1741510665.893481,-30,-56,-163
1741510665.9384809,-93,-32,-97
1741510665.9844809,-5,-8,-145
1741510666.0304809,26,104,-25
1741510666.0764809,12,-39,8
1741510666.121481,-26,-26,-21
1741510666.167481,-19,-33,-69
1741510666.213481,54,22,-97
1741510666.258481,-35,-5,-91
1741510666.304481,-31,16,-45
1741510666.350481,77,17,-187
1741510666.396481,-10,45,6
1741510666.4414809,-10,-18,-89
1741510666.4874809,-27,-20,-29
1741510666.533481,22,45,-157
1741510666.578481,-47,-60,48
1741510666.624481,-82,-58,-35
1741510666.670481,94,19,-147
1741510666.716481,-38,37,-73
1741510666.7614808,-21,11,-59
1741510666.8074808,50,-28,62
1741510666.8534808,-51,45,9
1741510666.898481,86,35,-82
1741510666.944481,4,23,-112
1741510666.990481,6,-27,-60
1741510667.036481,-19,-44,-154
1741510667.081481,34,-6,19
1741510667.127481,-35,19,105
1741510667.173481,32,87,-90
1741510667.2184808,10,-10,-148
1741510667.2644808,90,-79,-144
1741510667.3104808,4,-3,-190
1741510667.3564808,22,38,-89
1741510667.401481,6,-7,42
1741510667.447481,-35,-17,-1
1741510667.493481,1,-12,-165
1741510667.538481,7,-30,54
1741510667.584481,85,47,-95
1741510667.630481,-18,9,-125
1741510667.6754808,-24,75,-91
1741510667.7214808,7,13,-49
1741510667.7674809,87,11,-9
1741510667.8134809,49,5,-99
1741510667.858481,75,-68,80
1741510667.904481,23,15,-121
1741510667.950481,110,-5,86
1741510667.996481,66,-54,-29
1741510668.041481,8,6,16
1741510668.087481,22,-41,-63
1741510668.133481,67,-58,-157
1741510668.1784809,3,0,26
1741510668.2244809,-22,43,-64
1741510668.2704809,61,-48,-102
1741510668.3164809,-24,45,91
1741510668.361481,78,-24,-98
1741510668.407481,-9,-77,26
1741510668.453481,38,2,-15
1741510668.498481,-28,31,-43
1741510668.5444808,24,16,-47
1741510668.5904808,5,-58,56
1741510668.6364808,-3,-44,-131
1741510668.681481,1,-8,-151
1741510668.727481,-33,69,28
1741510668.773481,-22,-28,-37
1741510668.818481,-11,19,-35
1741510668.864481,38,-26,50
1741510668.910481,-19,-38,-61
1741510668.9554808,-5,47,-11
1741510669.0014808,-53,15,52
1741510669.0474808,1,-60,-143
1741510669.0934808,6,15,-119
1741510669.138481,8,-14,-85
1741510669.184481,-27,-32,-61
1741510669.230481,58,15,-81
1741510669.275481,-79,-102,2
1741510669.321481,-53,-15,-41
1741510669.367481,-66,0,-99
1741510669.413481,27,-14,8
1741510669.4584808,37,-48,-63
1741510669.5044808,-72,-62,26
1741510669.5504808,-88,18,-143
1741510669.595481,-44,-93,-23
1741510669.641481,45,30,-133
1741510669.687481,46,8,-109
1741510669.733481,132,-21,-107
1741510669.778481,-50,6,-147
1741510669.824481,69,18,-27
1741510669.870481,-46,10,-93
1741510669.9154809,23,-46,-11
1741510669.9614809,11,-22,-111
1741510670.0074809,20,87,-61
1741510670.0534809,21,-16,20
1741510670.098481,5,67,-177
1741510670.144481,-42,0,-51
1741510670.190481,13,23,-43
1741510670.235481,-28,53,-7
1741510670.281481,-13,-53,-109
1741510670.327481,-53,-5,-75
1741510670.373481,14,30,-65
1741510670.4184809,-14,-40,22
1741510670.4644809,-52,17,-15
1741510670.5104809,-4,41,-127
1741510670.555481,2,-26,-123
1741510670.601481,69,0,-143
1741510670.647481,-1,60,-81
1741510670.693481,-63,-21,-107
1741510670.7384808,2,96,-23
1741510670.7844808,-22,-2,-113
1741510670.8304808,15,-52,-11
1741510670.875481,-94,11,58
1741510670.921481,82,16,-143
1741510670.967481,-65,-30,-181
1741510671.013481,-13,-13,-93
1741510671.058481,-3,16,-69
1741510671.104481,-9,14,-107
1741510671.150481,37,28,-87
1741510671.1954808,-47,-5,-51
1741510671.2414808,-1,108,-1
1741510671.2874808,-11,76,-147
1741510671.3334808,-37,-59,-61
1741510671.378481,64,6,10
1741510671.424481,65,77,-93
1741510671.470481,-69,4,74
1741510671.515481,79,-30,-77
1741510671.561481,-22,-26,-1
1741510671.607481,67,9,-87
1741510671.653481,-20,71,-141
1741510671.6984808,23,43,-151
1741510671.7444808,-70,-58,-77
1741510671.7904809,15,-6,-52
1741510671.835481,71,31,-28
1741510671.881481,-33,-29,-88
1741510671.927481,-30,35,-82
1741510671.973481,63,1,-130
1741510672.018481,64,-2,-88
1741510672.064481,10,-29,-120
1741510672.110481,-69,-26,-54
1741510672.1554809,15,1,-164
1741510672.2014809,16,-5,-88
1741510672.2474809,38,-29,-48
1741510672.2934809,-19,-89,-78
1741510672.338481,-25,-75,21
1741510672.384481,28,-5,-14
1741510672.430481,-101,115,-16
1741510672.475481,-23,-13,-114
1741510672.521481,8,46,17
1741510672.5674808,44,4,-48
1741510672.6134808,-105,16,-92
1741510672.658481,-71,-31,-118
1741510672.704481,-37,68,-116
1741510672.750481,-12,-40,-86
1741510672.795481,-12,-34,-94
1741510672.841481,50,-21,53
1741510672.887481,-27,-11,-38
1741510672.933481,76,8,-56
1741510672.9784808,-7,60,-22
1741510673.0244808,6,26,-94
1741510673.0704808,-13,-7,-18
1741510673.115481,12,-93,-54
1741510673.161481,-5,6,-60
1741510673.207481,13,-26,-260
1741510673.253481,33,41,-32
1741510673.298481,50,-1,-26
1741510673.344481,-25,38,-64
1741510673.390481,-34,-12,-62
1741510673.4354808,1,-16,19
1741510673.4814808,-26,-16,-48
1741510673.5274808,103,-84,-122
1741510673.5734808,42,-17,-48
1741510673.618481,40,-25,-114
1741510673.664481,34,-29,-194
1741510673.710481,44,38,-66
1741510673.755481,-47,0,-146
1741510673.801481,25,-31,-86
1741510673.847481,146,-49,13
1741510673.893481,64,-38,-46
1741510673.9384809,23,7,-82
1741510673.9844809,85,1,-148
1741510674.0304809,41,-12,-26
1741510674.075481,47,-2,3
1741510674.121481,41,-28,-36
1741510674.167481,-74,-26,-74
1741510674.213481,33,18,-10
1741510674.258481,-50,37,-174
1741510674.3104808,27,-24,-10
1741510674.355481,-22,-31,-2
1741510674.401481,-19,91,-84
1741510674.447481,-95,-30,0
1741510674.493481,21,-15,-90
1741510674.538481,-25,-24,-76
1741510674.584481,47,-73,-99
1741510674.630481,-30,2,-89
1741510674.6754808,45,-71,-193
1741510674.7214808,-26,-17,-26
1741510674.766481,15,45,-112
1741510674.811481,-43,2,7
1741510674.857481,-25,-65,-100
1741510674.903481,-17,-23,-60
1741510674.949481,28,43,77
1741510674.9944808,-36,12,-148
1741510675.0404809,-14,-11,-22
1741510675.0864809,-24,55,-70
1741510675.131481,-34,31,-88
1741510675.177481,-50,-24,-116
1741510675.223481,-83,-21,-80
1741510675.269481,-9,50,-132
1741510675.314481,90,35,-102
1741510675.360481,-63,60,-164
1741510675.406481,-1,-11,99
1741510675.4514809,12,-49,-130
1741510675.4974809,12,-51,35
1741510675.5434809,13,27,-24
1741510675.5894809,-20,-42,-54
1741510675.634481,1,-4,-146
1741510675.680481,63,37,-54
1741510675.726481,19,63,-60
1741510675.771481,-47,34,-40
1741510675.8174808,-11,6,23
1741510675.8634808,-12,52,-47
1741510675.908481,-20,46,-113
1741510675.954481,-76,53,-111
1741510676.000481,19,79,-131
1741510676.046481,79,-31,-1
1741510676.091481,-16,-7,-39
1741510676.137481,-38,2,-155
1741510676.183481,-74,-11,-75
1741510676.2284808,50,-32,-105
1741510676.2744808,-77,-5,-72
1741510676.3204808,18,16,-126
1741510676.3664808,60,-63,-179
1741510676.411481,12,-21,-182
1741510676.457481,12,4,-100
1741510676.503481,52,24,-99
1741510676.548481,-11,-3,-119
1741510676.594481,-3,8,-198
1741510676.640481,35,31,-115
1741510676.686481,-6,69,-212
1741510676.7314808,27,39,-56
1741510676.7774808,-7,18,12
1741510676.8234808,-31,46,-212
1741510676.868481,34,55,-28
1741510676.914481,22,-18,-173
1741510676.960481,-7,-2,-1
1741510677.006481,-17,-4,-127
1741510677.051481,31,-32,-71
1741510677.097481,54,45,-39
1741510677.143481,16,39,-13
1741510677.1884809,-3,27,4
1741510677.2344809,-12,-42,-157
1741510677.2804809,29,-30,-37
1741510677.3264809,73,-6,-125
1741510677.371481,-54,-14,-75
1741510677.417481,11,0,-71
1741510677.463481,48,51,-13
1741510677.508481,44,41,-117
1741510677.554481,68,19,-27
1741510677.600481,14,-34,-53
1741510677.646481,60,-22,-143
1741510677.6914809,46,35,3
1741510677.7374809,-59,9,-161
1741510677.783481,41,48,2
1741510677.828481,-72,10,-139
1741510677.874481,9,-65,16
1741510677.920481,-68,-13,-19
1741510677.966481,-26,74,-47
1741510678.0114808,-44,14,-100
1741510678.0574808,62,-6,-24
1741510678.1034808,-116,-45,-96
1741510678.148481,4,19,-54
1741510678.194481,-7,-32,-175
1741510678.240481,44,21,-9
1741510678.286481,52,-43,10
1741510678.331481,48,-71,-16
1741510678.377481,26,-67,-117
1741510678.423481,65,-31,-115
1741510678.4684808,-33,14,-72
1741510678.5144808,2,18,-89
1741510678.5604808,-12,6,-79
1741510678.6064808,90,-47,68
1741510678.651481,38,66,-110
1741510678.697481,38,24,-204
1741510678.743481,8,-102,-142
1741510678.788481,1,10,-84
1741510678.834481,-20,58,-166
1741510678.880481,60,15,-84
1741510678.926481,37,-21,-98
1741510678.9714808,-60,54,-112
1741510679.0174809,-14,0,-84
1741510679.0634809,15,-57,-46
1741510679.108481,-20,-33,-6
1741510679.154481,-9,0,31
1741510679.200481,-23,-11,-22
1741510679.246481,43,-19,-162
1741510679.291481,10,-95,-8
1741510679.337481,6,20,25
1741510679.383481,0,18,-54
1741510679.4284809,-48,46,-24
1741510679.4744809,13,-16,-74
1741510679.5204809,35,-58,32
1741510679.5664809,0,41,-41
1741510679.611481,7,-91,-87
1741510679.657481,-14,76,-19
1741510679.703481,12,-40,-122
1741510679.748481,24,-24,-23
1741510679.7944808,20,-4,-61
1741510679.8404808,-37,-2,16
1741510679.8864808,12,-20,-91
1741510679.931481,6,33,-135
1741510679.977481,18,31,-117
1741510680.023481,41,36,-70
1741510680.068481,-1,15,-144
1741510680.114481,-13,3,-136
1741510680.160481,-45,0,-50
1741510680.206481,44,-22,-95
1741510680.2514808,-15,35,-93
1741510680.2974808,42,35,-55
1741510680.3434808,-87,-2,72
1741510680.388481,10,-70,-33
1741510680.434481,-55,-10,-125
1741510680.480481,89,-63,-89
1741510680.526481,5,10,-87
1741510680.571481,-104,-8,-159
1741510680.617481,-22,-35,-123
1741510680.663481,51,34,-17
1741510680.7084808,-16,-61,0
1741510680.7544808,7,27,26
1741510680.8004808,0,-33,-45
1741510680.8464808,-52,-105,56
1741510680.891481,21,12,-79
1741510680.937481,43,0,-75
1741510680.983481,-42,-31,-43
1741510681.028481,-24,38,-225
1741510681.074481,37,-55,-268
1741510681.120481,-4,-3,-172
1741510681.166481,63,-25,-56
1741510681.2114809,21,-25,-28
1741510681.2574809,9,-29,-92
1741510681.3034809,-6,-57,-92
1741510681.348481,-20,18,-160
1741510681.394481,7,22,-112
1741510681.440481,-2,101,-78
1741510681.486481,-38,29,-8
1741510681.531481,-62,-99,-124
1741510681.577481,13,-42,-102
1741510681.623481,-26,15,-166
1741510681.6684809,-2,-16,-74
1741510681.7144809,1,-30,-112
1741510681.7604809,-8,31,-14
1741510681.806481,31,-76,-58
1741510681.851481,-20,-62,-36
1741510681.897481,36,-16,-38
1741510681.943481,-34,93,-146
1741510681.9884808,-84,37,-108
1741510682.0344808,-40,-20,11
1741510682.0804808,51,-4,-130
1741510682.1264808,-24,33,-168
1741510682.171481,-50,16,-76
1741510682.217481,7,-47,-60
1741510682.263481,-8,-16,-74
1741510682.308481,1,-26,-84
1741510682.354481,-8,15,-18
1741510682.400481,35,-46,-30
1741510682.446481,35,-14,-140
1741510682.4914808,-3,16,-72
1741510682.5374808,23,65,-100
1741510682.5834808,49,13,-58
1741510682.628481,-20,-16,-18
1741510682.674481,58,10,-30
1741510682.720481,-7,-13,-40
1741510682.765481,-21,52,-26
1741510682.811481,-26,-44,-22
1741510682.857481,40,-43,3
1741510682.903481,51,-36,-110
1741510682.9484808,-23,64,-14
1741510682.9944808,-14,39,-46
1741510683.0404809,-62,17,-92
1741510683.085481,17,-50,-78
1741510683.131481,31,23,-118
1741510683.177481,-64,27,83
1741510683.223481,0,15,-56
1741510683.268481,-43,-35,-170
1741510683.314481,106,-21,-60
1741510683.360481,4,-13,-168
1741510683.4054809,14,-24,-84
1741510683.4514809,54,-2,-92
1741510683.4974809,-29,30,-106
1741510683.5434809,54,38,-106
1741510683.588481,-57,26,-72
1741510683.634481,92,-15,-108
1741510683.680481,4,-17,95
1741510683.725481,-35,-25,-138
1741510683.771481,42,-11,-100
1741510683.8174808,-5,-13,1
1741510683.8634808,36,-9,-74
1741510683.908481,-37,-63,-144
1741510683.954481,0,6,-76
1741510684.000481,-34,-62,-4
1741510684.045481,-20,-122,-40
1741510684.091481,64,-22,-112
1741510684.137481,0,-56,-108
1741510684.183481,-4,43,-38
1741510684.2284808,71,67,-96
1741510684.2804809,37,7,-143
1741510684.325481,-26,-4,-89
1741510684.371481,43,19,-238
1741510684.417481,-14,27,-106
1741510684.463481,-32,27,-117
1741510684.508481,17,11,22
1741510684.554481,7,-26,-75
1741510684.600481,97,87,-63
1741510684.6454809,49,-66,-113
1741510684.6914809,17,29,44
1741510684.7374809,53,15,-125
1741510684.783481,-26,5,-109
1741510684.828481,65,21,-57
1741510684.874481,-66,11,-123
1741510684.920481,-6,-52,-83
1741510684.9654808,-31,-8,-203
1741510685.0114808,22,7,-151
1741510685.0574808,10,6,-25
1741510685.1034808,-87,20,-27
1741510685.148481,40,-27,54
1741510685.194481,96,-34,-169
1741510685.240481,-9,-12,-91
1741510685.285481,41,25,32
1741510685.331481,-36,-44,-69
1741510685.377481,11,31,-23
1741510685.423481,54,-94,-107
1741510685.4684808,-1,-18,-19
1741510685.5144808,46,-40,-107
1741510685.5604808,-37,11,-93
1741510685.605481,8,33,22
1741510685.651481,8,-58,-35
1741510685.697481,-13,22,-165
1741510685.743481,14,12,-17
1741510685.788481,4,-5,20
1741510685.834481,-97,22,-61
1741510685.880481,10,-21,-197
1741510685.9254808,-3,-44,-67
1741510685.9714808,42,32,-133
1741510686.0174809,-19,3,-133
1741510686.0634809,-11,-30,-145
1741510686.108481,6,-4,-29
1741510686.154481,-3,36,-31
1741510686.200481,89,-14,-47
1741510686.245481,53,71,16
1741510686.291481,-24,41,-11
1741510686.337481,74,-3,-87
1741510686.383481,30,-30,-137
1741510686.4284809,54,-82,41
1741510686.4744809,-19,-41,-36
1741510686.5204809,10,46,0
1741510686.565481,7,-12,-44
1741510686.611481,-70,-32,-175
1741510686.657481,63,-12,-49
1741510686.703481,30,4,-85
1741510686.748481,-53,-7,-153
1741510686.7944808,20,38,-151
1741510686.8404808,46,16,-15
1741510686.8854809,2,14,-111
1741510686.931481,-32,7,26
1741510686.977481,-83,-92,-73
1741510687.023481,-46,9,-103
1741510687.068481,-94,5,-91
1741510687.114481,-1,-43,-43
1741510687.160481,-67,-21,-45
1741510687.2054808,16,-9,51
1741510687.2514808,68,-15,-98
1741510687.2974808,-15,-21,-151
1741510687.3434808,28,-31,-125
1741510687.388481,-29,-15,-41
1741510687.434481,-69,32,21
1741510687.480481,4,-31,-9
1741510687.525481,-25,-5,-107
1741510687.571481,64,-9,3
1741510687.617481,-49,38,-93
1741510687.663481,13,-8,-47
1741510687.7084808,-3,-5,-67
1741510687.7544808,63,-88,27
1741510687.8004808,29,77,-11
1741510687.845481,27,47,-25
1741510687.891481,-14,53,-46
1741510687.937481,0,17,-83
1741510687.983481,-70,-8,-113
1741510688.028481,-64,21,-104
1741510688.074481,-8,37,-93
1741510688.120481,-43,66,-157
1741510688.1654809,36,46,-111
1741510688.2114809,-17,-25,-91
1741510688.2574809,48,12,-43
1741510688.3034809,-29,-31,-5
1741510688.348481,48,-18,-77
1741510688.394481,-7,-53,-99
1741510688.440481,24,-86,101
1741510688.485481,4,-55,-47
1741510688.531481,-31,60,-173
1741510688.577481,20,42,-55
1741510688.623481,18,40,-103
1741510688.6684809,-21,-31,-99
1741510688.7144809,-113,41,-111
1741510688.7604809,-17,13,-147
1741510688.805481,44,3,-161
1741510688.851481,-30,-27,19
1741510688.897481,45,34,-27
1741510688.943481,-30,34,-43
1741510688.9884808,35,-19,-123
1741510689.0344808,21,80,-83
1741510689.0804808,29,4,-72
1741510689.125481,25,18,-177
1741510689.171481,10,-20,-61
1741510689.217481,-5,-44,-185
1741510689.262481,42,-8,-97
1741510689.308481,-30,-61,-118
1741510689.354481,15,6,-106
1741510689.400481,-14,-7,-68
1741510689.4454808,9,-13,-132
1741510689.4914808,17,48,33
1741510689.5374808,17,-16,-78
1741510689.582481,-6,-36,-48
1741510689.628481,13,29,17
1741510689.674481,27,-13,-144
1741510689.720481,-14,-25,-68
1741510689.765481,2,79,53
1741510689.811481,-28,-35,-15
1741510689.857481,37,76,-123
1741510689.9024808,63,-3,-27
1741510689.9484808,-4,28,-79
1741510689.9944808,7,-15,-103
1741510690.0404809,122,-44,-177
1741510690.085481,19,-43,-162
1741510690.131481,-10,-19,-142
1741510690.177481,51,50,-210
1741510690.222481,25,-40,-58
1741510690.268481,-104,-19,-138
1741510690.314481,39,16,-134
1741510690.360481,-2,-57,-200
1741510690.4054809,-2,22,-162
1741510690.4514809,37,13,-152
1741510690.4974809,-2,17,-128
1741510690.542481,-8,43,-78
1741510690.588481,61,33,-193
1741510690.634481,15,-12,-232
1741510690.680481,15,-54,-87
1741510690.725481,3,55,-162
1741510690.771481,7,31,-66
1741510690.8174808,-90,27,-104
1741510690.8624809,-57,-6,-38
1741510690.908481,-15,-70,-146
1741510690.954481,-53,0,-118
1741510691.000481,0,-54,-2
1741510691.045481,34,7,-198
1741510691.091481,-39,35,-124
1741510691.137481,-7,-38,-186
1741510691.1824808,10,-16,-88
1741510691.2284808,22,4,-100
1741510691.2744808,-43,6,-110
1741510691.3204808,30,72,-8
1741510691.365481,18,-5,-38
1741510691.411481,-15,-39,-58
1741510691.457481,-55,-5,-76
1741510691.502481,80,-31,-8
1741510691.548481,-43,-7,-78
1741510691.594481,74,32,-124
1741510691.640481,-75,-81,-140
1741510691.6854808,8,-15,-94
1741510691.7314808,0,1,-134
1741510691.7774808,-49,-29,-32
1741510691.822481,-67,-58,-28
1741510691.868481,63,0,-38
1741510691.914481,35,11,-112
1741510691.960481,-22,6,-178
1741510692.005481,67,-24,29
1741510692.051481,75,-36,-106
1741510692.097481,-34,-50,5
1741510692.1424809,-74,-18,-48
1741510692.1884809,78,18,-120
1741510692.2344809,36,-47,-42
1741510692.2804809,-29,-77,37
1741510692.325481,66,-1,-18
1741510692.371481,38,20,-72
1741510692.417481,-4,-8,-92
1741510692.462481,5,-62,-120
1741510692.508481,60,-25,33
1741510692.554481,119,-16,-20
1741510692.600481,-16,-34,-56
1741510692.6454809,13,0,-124
1741510692.6914809,-8,27,-150
1741510692.7374809,10,38,-156
1741510692.782481,-64,41,-6
1741510692.828481,-77,-23,-166
1741510692.874481,22,47,-216
1741510692.920481,3,-1,-16
1741510692.9654808,79,-1,-102
1741510693.0114808,92,52,-24
1741510693.0574808,0,0,-52
1741510693.102481,3,-67,-36
1741510693.148481,19,-57,-158
1741510693.194481,-39,0,-148
1741510693.240481,24,-23,-38
1741510693.285481,-31,-11,-52
1741510693.331481,2,84,-72
1741510693.377481,44,35,-168
1741510693.4224808,-7,17,-43
1741510693.4684808,76,1,5
1741510693.5144808,-33,11,-99
1741510693.5604808,30,-2,-39
1741510693.605481,-5,-2,-109
1741510693.651481,86,-31,-247
1741510693.697481,36,-71,7
1741510693.742481,42,0,-57
1741510693.788481,52,21,-192
1741510693.834481,-31,-30,-26
1741510693.880481,19,-41,-146
1741510693.9254808,-40,20,-74
1741510693.9714808,10,-61,-114
1741510694.0174809,-31,4,7
1741510694.062481,-11,-69,-24
1741510694.108481,-3,11,21
1741510694.154481,80,6,-138
1741510694.200481,26,74,-29
1741510694.245481,63,-40,54
1741510694.2974808,19,-10,-119
1741510694.342481,7,-4,-163
1741510694.388481,-40,-52,-121
1741510694.434481,-35,-54,-39
1741510694.480481,10,32,-39
1741510694.525481,-31,-1,-35
1741510694.571481,-28,-56,-117
1741510694.617481,71,41,-25
1741510694.6624808,-99,-35,30
1741510694.7084808,12,32,16
1741510694.7544808,-41,28,-31
1741510694.8004808,-89,-34,-73
1741510694.845481,9,0,-43
1741510694.891481,-69,-18,-185
1741510694.937481,-29,-16,-181
1741510694.982481,-9,52,-113
1741510695.028481,7,-36,67
1741510695.074481,32,-30,-51
1741510695.120481,-11,-4,94
1741510695.1654809,61,8,-43
1741510695.2114809,5,38,-53
1741510695.2574809,42,-9,-103
1741510695.302481,-6,-56,-49
1741510695.348481,56,61,-3
1741510695.394481,50,52,-175
1741510695.440481,-37,26,-79
1741510695.485481,-33,-5,-77
1741510695.531481,-67,-27,92
1741510695.577481,-21,-9,-33
1741510695.6224809,-75,-37,-21
1741510695.6684809,32,-9,-69
1741510695.7144809,-74,-26,-31
1741510695.7604809,-68,-28,-59
1741510695.805481,9,-12,-38
1741510695.851481,33,-52,58
1741510695.897481,23,-44,-95
1741510695.9424808,-32,-20,-21
1741510695.9884808,91,3,-79
1741510696.0344808,-50,-6,-77
1741510696.079481,33,-108,-7
1741510696.125481,25,57,-217
1741510696.171481,-18,13,-85
1741510696.217481,-69,49,-1
1741510696.262481,-43,-26,-87
1741510696.308481,14,47,-19
1741510696.354481,-38,-12,-85
1741510696.3994808,77,-22,-9
1741510696.4454808,59,-25,-71
1741510696.4914808,-4,-35,-77
1741510696.5374808,39,19,-117
1741510696.582481,7,-20,-119
1741510696.628481,33,-31,-25
1741510696.674481,-43,3,-77
1741510696.719481,110,32,-133
1741510696.765481,-43,3,-127
1741510696.811481,47,-34,-77
1741510696.857481,59,-10,-149
1741510696.9024808,28,-52,-129
1741510696.9484808,34,-43,-71
1741510696.9944808,18,-75,-53
1741510697.039481,-5,4,-115
1741510697.085481,-3,-85,-129
1741510697.131481,-3,12,-187
1741510697.177481,8,-77,-65
1741510697.222481,26,28,-155
1741510697.268481,37,-32,-117
1741510697.314481,9,8,-35
1741510697.3594809,17,-53,-191
1741510697.4054809,57,5,-27
1741510697.4514809,31,13,0
1741510697.4974809,61,35,-51
1741510697.542481,-46,-24,-145
1741510697.588481,-26,-70,-73
1741510697.634481,47,-28,-61
1741510697.679481,71,13,-147
1741510697.725481,69,26,-33
1741510697.771481,-6,-9,-115
1741510697.8174808,49,-10,-141
1741510697.8624809,-34,13,-37
1741510697.908481,-65,-51,-123
1741510697.954481,31,18,-43
1741510697.999481,-50,-28,-97
1741510698.045481,-12,-4,-213
1741510698.091481,11,5,-193
1741510698.137481,-1,-15,-15
1741510698.1824808,87,-26,-37
1741510698.2284808,89,-35,-77
1741510698.2744808,1,28,-43
1741510698.319481,44,-51,54
1741510698.365481,30,48,-29
1741510698.411481,24,-97,-166
1741510698.457481,5,3,-8
1741510698.502481,123,-14,-37
1741510698.548481,-44,59,41
1741510698.594481,-98,79,-82
1741510698.6394808,-71,-76,-60
1741510698.6854808,-47,21,-112
1741510698.7314808,-19,5,-220
1741510698.7774808,53,30,-62
1741510698.822481,-2,16,-72
1741510698.868481,54,53,-98
1741510698.914481,9,57,-68
1741510698.959481,-19,-10,-124
1741510699.005481,-66,28,17
1741510699.051481,57,-65,0
1741510699.097481,13,30,-44
1741510699.1424809,26,10,-106
1741510699.1884809,9,-81,-94
1741510699.2344809,0,6,-174
1741510699.279481,-17,29,-78
1741510699.325481,-2,-1,-104
1741510699.371481,-58,24,-24
1741510699.417481,-24,-19,-46
1741510699.462481,49,20,-168
1741510699.508481,-2,28,-118
1741510699.554481,49,-23,-132
1741510699.5994809,15,-33,-180
1741510699.6454809,31,25,-214
1741510699.6914809,-32,-34,-44
1741510699.7374809,-106,-4,-100
1741510699.782481,-8,-12,-56
1741510699.828481,-18,-14,-46
1741510699.874481,-28,-62,-184
1741510699.9194808,27,-56,-106
1741510699.9654808,-4,32,-42
1741510700.0114808,1,-47,-52
1741510700.0574808,-28,-41,-14
1741510700.102481,1,70,-12
1741510700.148481,-50,20,-66
1741510700.194481,63,14,-48
1741510700.239481,23,12,-178
1741510700.285481,31,64,-102
1741510700.331481,-51,43,-16
1741510700.377481,22,0,-262
1741510700.4224808,48,-1,-104
1741510700.4684808,-59,-9,-94
1741510700.5144808,-31,-33,-158
1741510700.559481,16,-39,-60
1741510700.605481,-25,-13,-124
1741510700.651481,-35,27,-50
1741510700.697481,14,-40,7
1741510700.742481,46,-48,-118
1741510700.788481,85,-29,-132
1741510700.834481,-50,16,-73
1741510700.878481,-6,-91,26
1741510700.924481,-3,-15,-161
1741510700.970481,54,-24,-85
1741510701.015481,43,-48,-81
1741510701.061481,56,-51,-97
1741510701.107481,-8,-46,-51
1741510701.153481,9,10,-191
1741510701.1984808,-10,-75,-79
1741510701.2444808,-5,-16,-41
1741510701.2904809,46,39,69
1741510701.335481,-1,-58,-261
1741510701.381481,52,56,-133
1741510701.427481,16,16,-57
1741510701.473481,60,30,-95
1741510701.518481,86,50,-79
1741510701.564481,12,8,-101
1741510701.610481,-34,-29,-29
1741510701.6554809,-19,22,-17
1741510701.7014809,-11,-41,-121
1741510701.7474809,-13,-83,-103
1741510701.7934809,-23,97,-171
1741510701.838481,40,-57,-89
1741510701.884481,38,-2,-37
1741510701.930481,15,-17,-75
1741510701.975481,-70,-28,-125
1741510702.021481,7,44,-75
1741510702.0674808,-32,0,-89
1741510702.1134808,47,-17,-129
1741510702.158481,15,-45,-109
1741510702.204481,37,-59,-187
1741510702.250481,-15,14,-127
1741510702.295481,38,1,-114
1741510702.341481,-96,-23,-12
1741510702.387481,17,-3,-148
1741510702.433481,0,59,-130
1741510702.4784808,-12,-2,-154
1741510702.5244808,-36,53,-74
1741510702.5704808,-99,-4,-56
1741510702.615481,3,-35,-166
1741510702.661481,7,28,-34
1741510702.707481,35,-51,-98
1741510702.753481,-12,63,-30
1741510702.798481,73,57,17
1741510702.844481,37,-26,-130
1741510702.890481,-88,-22,-108
1741510702.9354808,-50,-34,-58
1741510702.9814808,17,23,-52
1741510703.0274808,-30,-56,-18
1741510703.072481,-118,14,-36
1741510703.118481,23,38,-162
1741510703.164481,-66,82,-122
1741510703.210481,-42,-46,-46
1741510703.255481,71,43,-90
1741510703.301481,73,-29,-160
1741510703.347481,-64,-28,-100
1741510703.3924809,27,-35,-136
1741510703.4384809,-54,12,-48
1741510703.4844809,-44,-17,-178
1741510703.5304809,-16,60,51
1741510703.575481,53,-8,-40
1741510703.621481,-10,-24,-100
1741510703.667481,56,4,-92
1741510703.712481,52,58,93
1741510703.758481,-75,-63,-70
1741510703.804481,77,-14,-48
1741510703.850481,16,-47,-58
1741510703.8954809,14,2,-58
1741510703.9414809,48,42,-23
1741510703.9874809,-16,0,-89
1741510704.032481,-34,-30,-99
1741510704.078481,31,34,-80
1741510704.124481,-22,-14,40
1741510704.170481,35,44,-91
1741510704.2154808,55,34,-177
1741510704.2614808,53,-90,-55
1741510704.312481,-30,50,-81
1741510704.358481,-49,-57,-65
1741510704.404481,-18,-30,-41
1741510704.450481,-30,33,-119
1741510704.495481,31,47,-165
1741510704.541481,-62,2,-33
1741510704.587481,1,37,-35
1741510704.6324809,-24,15,-156
1741510704.6784809,27,13,-124
1741510704.7244809,59,63,-83
1741510704.7704809,25,-15,-67
1741510704.815481,-6,33,-173
1741510704.861481,37,-74,-51
1741510704.907481,-18,-2,-185
1741510704.952481,5,29,-75
1741510704.998481,-86,11,-101
1741510705.0444808,29,-8,-53
1741510705.0904808,-16,-22,-65
1741510705.1354809,-50,37,-147
1741510705.181481,27,15,-27
1741510705.227481,-24,-38,-95
1741510705.272481,5,-2,-45
1741510705.318481,-26,25,-121
1741510705.364481,-6,-12,14
1741510705.410481,-88,-38,-21
1741510705.4554808,71,-20,12
1741510705.5014808,79,-48,-41
1741510705.5474808,38,58,-147
1741510705.592481,-27,-47,-155
1741510705.638481,6,46,-121
1741510705.683481,32,20,16
1741510705.7284808,-97,-71,-119
1741510705.7744808,-112,51,-75
1741510705.8204808,33,-16,-103
1741510705.8664808,-16,29,-55
1741510705.911481,-124,49,-115
1741510705.957481,-36,-28,-73
1741510706.003481,-18,3,-85
1741510706.048481,45,-32,-95
1741510706.094481,41,31,-49
1741510706.140481,35,87,-87
1741510706.186481,29,5,-63
1741510706.2314808,-14,11,-131
1741510706.2774808,59,-20,-105
1741510706.3234808,-58,9,-91
1741510706.368481,-16,-30,-1
1741510706.414481,-3,-12,56
1741510706.460481,33,-34,-5
1741510706.506481,-95,19,-29
1741510706.551481,102,-10,-25
1741510706.597481,-99,43,-75
1741510706.643481,15,33,-97
1741510706.6884809,-40,69,-189
1741510706.7344809,3,17,0
1741510706.7804809,3,47,-69
1741510706.8264809,-31,-20,-29
1741510706.871481,-17,-61,-85
1741510706.917481,-75,40,-29
1741510706.963481,-39,-11,-69
1741510707.008481,55,11,-107
1741510707.054481,-62,-22,-165
1741510707.100481,61,1,-141
1741510707.146481,11,-20,-69
1741510707.1914809,27,-20,-171
1741510707.2374809,44,31,16
1741510707.283481,38,71,-169
1741510707.328481,36,15,-105
1741510707.374481,22,-2,-34
1741510707.420481,0,-8,-174
1741510707.466481,5,-6,-80
1741510707.5114808,71,19,-38
1741510707.5574808,76,30,-62
1741510707.6034808,86,15,15
1741510707.648481,22,-38,-76
1741510707.694481,-31,-20,75
1741510707.740481,18,-4,-150
1741510707.786481,78,28,-118
1741510707.831481,-36,-12,-78
1741510707.877481,-112,104,-172
1741510707.923481,-4,-40,-76
1741510707.9684808,31,-33,-154
1741510708.0144808,-8,7,-178
1741510708.0604808,-26,5,-94
1741510708.1064808,-15,-27,7
1741510708.151481,-20,-42,47
1741510708.197481,9,25,-118
1741510708.243481,-24,-2,-22
1741510708.288481,-10,-14,37
1741510708.334481,-42,-20,-62
1741510708.380481,-56,23,-44
1741510708.426481,-44,-54,-152
1741510708.4714808,-26,-65,-232
1741510708.5174809,-46,-17,101
1741510708.5634809,-78,10,21
1741510708.608481,-12,-25,-42
1741510708.654481,0,24,-140
1741510708.700481,5,74,-104
1741510708.746481,-12,-29,-72
1741510708.791481,-66,-11,-156
1741510708.837481,23,-39,-106
1741510708.883481,0,-9,-100
1741510708.9284809,-2,16,28
1741510708.9744809,-21,82,-97
1741510709.0204809,13,28,-101
1741510709.0664809,46,66,-130
1741510709.111481,31,-5,41
1741510709.157481,-14,-1,-10
1741510709.203481,56,75,-18
1741510709.248481,38,-52,-26
1741510709.2944808,34,1,-90
1741510709.3404808,92,65,15
1741510709.3864808,-6,20,-176
1741510709.431481,-27,-56,4
1741510709.477481,28,-64,-63
1741510709.523481,57,-23,-121
1741510709.568481,-91,-50,-67
1741510709.614481,-119,17,32
1741510709.660481,96,84,-77
1741510709.706481,28,-22,-141
1741510709.7514808,6,-6,16
1741510709.7974808,1,-19,-59
1741510709.8434808,-60,4,-85
1741510709.888481,66,-8,42
1741510709.934481,40,103,-73
1741510709.980481,-57,-6,-141
1741510710.025481,46,15,-31
1741510710.071481,-83,-32,-35
1741510710.117481,-27,-26,12
1741510710.163481,-19,21,-104
1741510710.2084808,-45,-8,-49
1741510710.2544808,30,-54,-139
1741510710.3004808,-81,-16,-77
1741510710.345481,-5,-74,-77
1741510710.391481,8,27,-195
1741510710.437481,45,-27,-49
1741510710.483481,6,1,-53
1741510710.528481,-37,-1,-21
1741510710.574481,-40,12,-107
1741510710.620481,-111,-69,-65
1741510710.6654809,-50,28,-171
1741510710.7114809,-68,12,-105
1741510710.7574809,-9,-1,-219
1741510710.8034809,-85,76,-33
1741510710.848481,-29,-25,70
1741510710.894481,-17,-56,-99
1741510710.940481,65,14,-59
1741510710.985481,19,12,48
1741510711.031481,45,0,-52
1741510711.077481,-34,72,-184
1741510711.123481,-6,-54,-102
1741510711.1684809,-19,-44,-164
1741510711.2144809,0,-114,-106
1741510711.2604809,-34,-20,-140
1741510711.305481,39,-42,-48
1741510711.351481,28,15,-82
1741510711.397481,42,-22,-108
1741510711.443481,57,0,-106
1741510711.4884808,-10,29,-86
1741510711.5344808,55,15,-66
1741510711.5804808,3,-86,-188
1741510711.625481,15,53,67
1741510711.671481,-42,-20,-150
1741510711.717481,-72,43,-128
1741510711.763481,11,-22,-66
1741510711.808481,53,43,-2
1741510711.854481,33,-74,-52
1741510711.900481,5,23,-60
1741510711.9454808,19,-8,-46
1741510711.9914808,41,11,-112
1741510712.0374808,-16,15,-30
1741510712.0834808,7,0,-196
1741510712.128481,48,-47,-140
1741510712.174481,15,-4,-52
1741510712.220481,-64,-28,-104
1741510712.265481,53,-16,-16
1741510712.311481,40,16,-50
1741510712.357481,13,-26,-144
1741510712.403481,-51,-24,-78
1741510712.4484808,18,5,29
1741510712.4944808,-43,-4,-126
1741510712.5404809,-73,-60,31
1741510712.585481,38,47,-30
1741510712.631481,-57,-20,-142
1741510712.677481,-66,67,-100
1741510712.723481,-47,-26,-198
1741510712.768481,-9,11,11
1741510712.814481,15,-6,-160
1741510712.860481,54,48,-152
1741510712.9054809,52,16,-60
1741510712.9514809,16,14,-108
1741510712.9974809,8,12,-72
1741510713.0434809,11,-9,-3
1741510713.088481,-45,-5,42
1741510713.134481,-9,-95,-109
1741510713.180481,64,-53,-105
1741510713.225481,-32,-66,-119
1741510713.271481,79,65,-141
1741510713.3174808,-26,-6,-77
1741510713.3634808,-63,-17,0
1741510713.408481,1,25,-51
1741510713.454481,3,89,-67
1741510713.500481,30,-20,-91
1741510713.545481,-7,-74,-65
1741510713.591481,3,49,-3
1741510713.637481,25,-42,-111
1741510713.683481,-42,15,-103
1741510713.7284808,-28,9,-69
1741510713.7744808,77,-78,-49
1741510713.8204808,-8,-22,-157
1741510713.865481,-80,5,-155
1741510713.911481,31,-44,-95
1741510713.957481,31,-24,-155
1741510714.003481,89,-48,-159
1741510714.048481,57,-4,-133
1741510714.094481,-5,0,-101
1741510714.140481,12,-11,8
1741510714.1854808,-49,36,-95
1741510714.2314808,41,-52,-95
1741510714.2774808,45,21,-91
1741510714.328481,-48,-10,-147
1741510714.374481,12,58,-109
1741510714.420481,42,26,-43
1741510714.4654808,66,82,-87
1741510714.5114808,2,52,-41
1741510714.5574808,8,-34,24
1741510714.6034808,58,67,-39
1741510714.648481,-17,-58,-156
1741510714.694481,-9,59,-115
1741510714.740481,-77,-38,26
1741510714.785481,-19,18,34
1741510714.831481,-97,-39,-119
1741510714.877481,61,-28,-85
1741510714.923481,14,-60,-36
1741510714.9684808,-81,-72,23
1741510715.0144808,20,56,-43
1741510715.0604808,-43,12,-69
1741510715.105481,-83,-1,-47
1741510715.151481,-25,-12,-79
1741510715.197481,58,-111,-197
1741510715.243481,40,0,-124
1741510715.288481,88,-62,9
1741510715.334481,-25,3,7
1741510715.380481,-13,17,-30
1741510715.4254808,-79,-30,11
1741510715.4714808,29,54,-94
1741510715.5174809,-30,8,-5
1741510715.5634809,43,4,-32
1741510715.608481,-15,-29,7
1741510715.654481,2,38,-143
1741510715.700481,-27,-62,-3
1741510715.745481,86,-10,-40
1741510715.791481,-13,-6,-88
1741510715.837481,30,-117,-153
1741510715.883481,-15,44,-107
1741510715.9284809,24,26,-47
1741510715.9744809,-39,32,-9
1741510716.0204809,4,-15,-39
1741510716.065481,24,0,-61
1741510716.111481,-27,-39,-85
1741510716.157481,-23,-39,-105
1741510716.203481,22,64,44
1741510716.248481,-61,52,-151
1741510716.2944808,-11,-75,-109
1741510716.3404808,16,-59,100
1741510716.3854809,-11,78,8
1741510716.431481,-23,-67,-129
1741510716.477481,0,7,-119
1741510716.523481,17,-32,-109
1741510716.568481,28,10,-121
1741510716.614481,59,3,-81
1741510716.660481,-20,-96,-157
1741510716.7054808,81,-18,-145
1741510716.7514808,79,1,-85
1741510716.7974808,8,68,-29
1741510716.842481,77,29,-177
1741510716.888481,-18,17,-17
1741510716.934481,-18,-42,-153
1741510716.980481,31,-118,46
1741510717.025481,-46,13,-115
1741510717.071481,-20,-16,-19
1741510717.117481,-30,25,-95
1741510717.1624808,21,21,-171
1741510717.2084808,27,-28,-19
1741510717.2544808,-59,44,-69
1741510717.3004808,-25,26,-131
1741510717.345481,10,-25,-139
1741510717.391481,18,-1,-107
1741510717.437481,-69,-58,-23
1741510717.482481,40,8,-45
1741510717.528481,26,-21,-7
1741510717.574481,-41,-1,-159
1741510717.620481,10,-47,-131
1741510717.6654809,-35,26,-87
1741510717.7114809,72,54,-95
1741510717.7574809,10,36,-235
1741510717.802481,11,-14,-95
1741510717.848481,76,8,-57
1741510717.894481,1,-68,-169
1741510717.940481,2,-40,-77
1741510717.985481,-75,-87,-101
1741510718.031481,-3,-20,-97
1741510718.077481,43,9,8
1741510718.1224809,-14,25,-103
1741510718.1684809,-56,-70,-123
1741510718.2144809,72,59,-73
1741510718.2604809,-26,5,-61
1741510718.305481,114,12,-25
1741510718.351481,-2,-8,-61
1741510718.397481,-1,-66,-65
1741510718.4424808,21,7,4
1741510718.4884808,45,61,-81
1741510718.5344808,-42,-18,-124
1741510718.5804808,56,22,-62
1741510718.625481,-37,26,-92
1741510718.671481,86,10,-28
1741510718.717481,26,-57,49
1741510718.762481,-81,22,-74
1741510718.808481,34,32,-110
1741510718.854481,38,-35,-60
1741510718.900481,-26,-38,-122
1741510718.9454808,-11,42,47
1741510718.9914808,-36,73,-192
1741510719.0374808,-46,7,19
1741510719.082481,71,0,-100
1741510719.128481,-28,-84,-214
1741510719.174481,-43,58,91
1741510719.220481,-1,31,-21
1741510719.265481,-43,73,-52
1741510719.311481,-35,13,47
1741510719.357481,-14,5,-110
1741510719.4024808,-9,-30,-108
1741510719.4484808,12,0,-64
1741510719.4944808,50,59,-160
1741510719.5404809,30,51,-30
1741510719.585481,6,-52,-64
1741510719.631481,-10,-8,-18
1741510719.677481,-24,25,-152
1741510719.722481,-54,-32,-102
1741510719.768481,55,-36,45
1741510719.814481,7,-60,33
1741510719.860481,-47,18,-6
1741510719.9054809,66,-13,-22
1741510719.9514809,73,-18,-176
1741510719.9974809,-58,-36,-126
1741510720.042481,-40,-64,-110
1741510720.088481,-36,-12,-18
1741510720.134481,-38,20,-22
1741510720.180481,69,43,-78
1741510720.225481,-80,-38,-84
1741510720.271481,-12,-10,-38
1741510720.3174808,53,36,-164
1741510720.3624809,-38,22,-174
1741510720.408481,-20,36,-42
1741510720.454481,-83,35,-128
1741510720.500481,34,65,-50
1741510720.545481,6,28,-110
1741510720.591481,46,14,-108
1741510720.637481,34,71,-60
1741510720.6824808,76,-12,-102
1741510720.7284808,23,25,-32
1741510720.7744808,39,9,-136
1741510720.8204808,35,7,-68
1741510720.865481,87,47,-128
1741510720.911481,-18,55,-237
1741510720.957481,-24,-20,-85
1741510721.002481,-54,53,-13
1741510721.048481,-51,-39,-41
1741510721.094481,10,90,-93
1741510721.140481,0,-9,-177
1741510721.1854808,-79,-1,24
1741510721.2314808,88,-15,-95
1741510721.2774808,48,12,-201
1741510721.322481,-17,8,84
1741510721.368481,-7,4,-17
1741510721.414481,30,-19,-36
1741510721.460481,-27,38,-96
1741510721.505481,27,-19,-74
1741510721.551481,76,-3,10
1741510721.597481,20,-45,-135
1741510721.6424809,20,-11,-129
1741510721.6884809,-43,5,-117
1741510721.7344809,-19,38,-67
1741510721.7804809,0,-19,-91
1741510721.825481,2,20,-3
1741510721.871481,14,-19,-105
1741510721.917481,16,11,-13
1741510721.962481,20,-12,-125
1741510722.008481,-20,-6,-176
1741510722.054481,32,-79,-31
1741510722.100481,-59,-35,-40
1741510722.1454809,-81,-3,17
1741510722.1914809,-53,-65,-166
1741510722.2374809,2,-21,-56
1741510722.282481,34,-11,-187
1741510722.328481,72,-11,-73
1741510722.374481,-17,24,-85
1741510722.420481,8,6,-145
1741510722.4654808,-9,-61,-9
1741510722.5114808,12,36,-37
1741510722.5574808,58,14,-63
1741510722.602481,28,63,-81
1741510722.648481,0,-2,-65
1741510722.694481,-91,6,-89
1741510722.740481,38,-21,18
1741510722.785481,-13,32,-115
1741510722.831481,30,24,-145
1741510722.877481,1,-24,-157
1741510722.9224808,45,23,-85
1741510722.9684808,7,-30,-57
1741510723.0144808,47,19,-7
1741510723.0604808,-4,-20,18
1741510723.105481,-28,-12,-249
1741510723.151481,-7,8,44
1741510723.197481,16,-21,-77
1741510723.242481,-43,6,-111
1741510723.288481,55,-14,-141
1741510723.334481,-20,43,-79
1741510723.3794808,-63,2,-125
1741510723.4254808,66,-17,-65
1741510723.4714808,65,35,15
1741510723.5174809,-1,-37,-71
1741510723.562481,63,-42,-28
1741510723.608481,-62,31,-72
1741510723.654481,44,-33,113
1741510723.699481,9,-42,-141
1741510723.745481,10,-19,-106
1741510723.791481,7,-28,0
1741510723.837481,-21,-48,-26
1741510723.8824809,-96,-1,-132
1741510723.9284809,4,31,-114
1741510723.9744809,52,81,-150
1741510724.019481,14,23,-28
1741510724.065481,6,-45,-113
1741510724.111481,-17,-31,-98
1741510724.157481,18,-53,-186
1741510724.202481,38,-35,-38
1741510724.248481,10,-59,-136
1741510724.2944808,2,50,-116
1741510724.345481,16,-43,-84
1741510724.391481,-11,60,-84
1741510724.437481,41,-25,43
1741510724.482481,37,6,-52
1741510724.528481,44,-40,-54
1741510724.574481,-15,35,-132
1741510724.6194808,52,-22,-14
1741510724.6654809,-26,2,-134
1741510724.7114809,-6,58,-125
1741510724.7574809,91,24,-179
1741510724.802481,-67,16,-72
1741510724.848481,24,78,41
1741510724.894481,-19,4,-76
1741510724.939481,41,26,-110
1741510724.985481,-40,32,21
1741510725.031481,-26,-21,-82
1741510725.077481,95,-85,-186
1741510725.1224809,-47,40,-92
1741510725.1684809,-56,31,-174
1741510725.2144809,-80,1,17
1741510725.259481,0,12,-116
1741510725.305481,-98,-41,-36
1741510725.351481,-94,-53,-131
1741510725.397481,-16,-1,-40
1741510725.4424808,-23,-33,-114
1741510725.4884808,24,4,-18
1741510725.5344808,64,-13,-60
1741510725.579481,6,20,-22
1741510725.625481,26,-14,-138
1741510725.671481,112,-12,-52
1741510725.717481,-7,-37,-128
1741510725.762481,-43,-13,-14
1741510725.808481,-31,22,-115
1741510725.854481,-27,-7,-105
1741510725.8994808,-19,8,-135
1741510725.9454808,64,-22,-49
1741510725.9914808,34,-6,-95
1741510726.0374808,-73,53,-38
1741510726.082481,-1,5,-34
1741510726.128481,53,0,-110
1741510726.174481,-27,-4,-60
1741510726.219481,-51,37,-66
1741510726.265481,19,26,-14
1741510726.311481,-73,57,-42
1741510726.357481,84,53,-29
1741510726.4024808,-2,45,-159
1741510726.4484808,-72,49,-72
1741510726.4944808,-6,-90,-8
1741510726.539481,9,-32,-50
1741510726.585481,22,14,-115
1741510726.631481,32,-49,-161
1741510726.677481,36,10,-125
1741510726.722481,84,-62,-87
1741510726.768481,-28,-72,-7
1741510726.814481,55,39,-131
1741510726.8594809,27,25,-25
1741510726.9054809,3,-48,-139
1741510726.9514809,-8,11,6
1741510726.9974809,43,-56,-131
1741510727.042481,87,51,-63
1741510727.088481,-62,-76,-121
1741510727.134481,33,-22,-137
1741510727.179481,-10,-30,-147
1741510727.225481,-44,-86,-55
1741510727.271481,95,-104,-137
1741510727.3174808,-43,-62,-75
1741510727.3624809,-79,0,-61
1741510727.408481,52,-54,-115
1741510727.454481,16,3,-165
1741510727.499481,-79,2,-269
1741510727.545481,0,41,-1
1741510727.591481,31,19,-179
1741510727.637481,75,3,-73
1741510727.6824808,46,74,-199
1741510727.7284808,1,-26,16
1741510727.7744808,29,-32,-185
1741510727.819481,-26,-28,-177
1741510727.865481,47,17,52
1741510727.911481,23,-34,-123
1741510727.957481,-15,-24,-35
1741510728.002481,18,3,-95
1741510728.048481,-13,6,-159
1741510728.094481,36,3,-97
1741510728.1394808,-1,7,-93
1741510728.1854808,-31,-22,22
1741510728.2314808,-69,75,-105
1741510728.2774808,74,51,-31
1741510728.322481,-35,-18,-5
1741510728.368481,-30,-2,-103
1741510728.414481,-8,35,-43
1741510728.459481,16,-84,-33
1741510728.505481,6,-58,-77
1741510728.551481,48,23,-115
1741510728.597481,-33,100,-149
1741510728.6424809,-63,-45,36
1741510728.6884809,84,2,-105
1741510728.7344809,24,-67,-45
1741510728.779481,20,-73,-79
1741510728.825481,4,17,-145
1741510728.871481,30,-45,-111
1741510728.917481,22,-94,-107
1741510728.962481,30,-111,-110
1741510729.008481,82,-55,-135
1741510729.054481,12,-7,-123
1741510729.0994809,-36,-18,-85
1741510729.1454809,5,-14,-95
1741510729.1914809,17,-98,-67
1741510729.2374809,-40,-26,-125
1741510729.282481,65,-70,-87
1741510729.328481,53,1,-121
1741510729.374481,-37,57,-23
1741510729.4194808,-73,-28,-29
1741510729.4654808,-11,-74,-84
1741510729.5114808,-75,-71,-96
1741510729.5574808,76,-19,-110
1741510729.602481,-35,42,-42
1741510729.648481,-39,-33,-66
1741510729.694481,-27,10,-88
1741510729.739481,4,4,-174
1741510729.785481,14,-61,-4
1741510729.831481,-9,8,-208
1741510729.877481,-137,50,-46
1741510729.9224808,-21,-17,-208
1741510729.9684808,-17,6,-98
1741510730.0144808,-5,34,1
1741510730.059481,6,-1,-166
1741510730.105481,-90,-20,-40
1741510730.151481,18,-57,95
1741510730.196481,-35,-21,-20
1741510730.242481,6,-3,-92
1741510730.288481,-83,30,1
1741510730.334481,7,25,37
1741510730.3794808,12,2,-144
1741510730.4254808,13,-38,-131
1741510730.4714808,-12,33,-62
1741510730.516481,10,32,-158
1741510730.562481,-73,-113,39
1741510730.608481,-59,24,-83
1741510730.654481,-5,54,-13
1741510730.699481,102,-6,-69
1741510730.745481,8,6,-85
1741510730.791481,4,-76,-73
1741510730.8364809,148,29,-141
1741510730.8824809,-15,21,-3
1741510730.9284809,-13,102,-94
1741510730.9744809,-29,-37,-42
1741510731.019481,1,11,-10
1741510731.065481,27,39,-6
1741510731.111481,-14,-68,-154
1741510731.156481,9,61,-92
1741510731.202481,51,-18,-53
1741510731.248481,-39,64,-27
1741510731.2944808,12,-43,-102
1741510731.3394809,-40,-36,-44
1741510731.3854809,109,-24,20
1741510731.431481,36,-36,3
1741510731.476481,30,13,24
1741510731.522481,14,2,-109
1741510731.568481,-12,60,-111
1741510731.614481,-16,28,-81
1741510731.6594808,-25,-48,-111
1741510731.7054808,43,-7,8
1741510731.7514808,37,-7,-91
1741510731.796481,-9,85,-91
1741510731.842481,39,-35,-3
1741510731.888481,9,-16,64
1741510731.934481,-10,25,-139
1741510731.979481,19,13,-67
1741510732.025481,-10,57,48
1741510732.071481,17,11,-97
1741510732.1164808,-66,23,-37
1741510732.1624808,-15,13,-159
1741510732.2084808,-31,-34,-111
1741510732.2544808,-48,49,-113
1741510732.298481,-16,53,-23
1741510732.344481,7,15,-165
1741510732.390481,7,43,-75
1741510732.4354808,-35,-45,-103
1741510732.4814808,26,50,-105
1741510732.5274808,22,-15,-57
1741510732.572481,-51,-57,-153
1741510732.618481,12,2,-139
1741510732.664481,-39,0,78
1741510732.710481,-102,0,-41
1741510732.755481,23,-11,-155
1741510732.801481,45,52,-71
1741510732.847481,5,28,-49
1741510732.8924809,5,-33,-31
1741510732.9384809,17,-55,-88
1741510732.9844809,1,22,-143
1741510733.0304809,-36,-30,-125
1741510733.075481,-28,25,14
1741510733.121481,-10,-31,-133
1741510733.167481,15,14,18
1741510733.212481,-20,6,-19
1741510733.258481,51,-93,-174
1741510733.304481,59,60,4
1741510733.350481,-132,-16,-133
1741510733.3954809,-70,85,-9
1741510733.4414809,0,21,52
1741510733.4874809,39,0,-239
1741510733.532481,67,11,-201
1741510733.578481,31,-12,-153
1741510733.624481,-3,27,11
1741510733.670481,70,14,-111
1741510733.7154808,28,-31,-60
1741510733.7614808,24,-69,2
1741510733.8074808,-3,48,-63
1741510733.852481,40,-25,-55
1741510733.898481,-31,6,10
1741510733.944481,-55,0,-59
1741510733.990481,0,15,-103
1741510734.035481,-20,5,-135
1741510734.081481,4,5,-19
1741510734.127481,6,-28,-49
1741510734.1724808,34,-54,30
1741510734.2184808,72,-40,-55
1741510734.2644808,63,51,-55
1741510734.315481,10,53,-41
1741510734.361481,-14,-42,-49
1741510734.407481,-21,-50,-17
1741510734.452481,-81,-18,26
1741510734.498481,-23,-45,-65
1741510734.545481,-11,-47,-169
1741510734.591481,-63,58,-3
1741510734.6364808,63,-64,-71
1741510734.6824808,13,9,-157
1741510734.7284808,-24,23,-151
1741510734.7744808,-38,35,-110
1741510734.819481,-32,35,-54
1741510734.865481,13,85,-156
1741510734.911481,55,5,33
1741510734.956481,73,-4,-86
1741510735.002481,41,15,-125
1741510735.048481,0,10,-65
1741510735.094481,0,9,18
1741510735.1394808,69,43,-86
1741510735.1854808,47,-62,-46
1741510735.2314808,121,14,-46
1741510735.276481,12,54,-90
1741510735.322481,76,-49,21
1741510735.368481,52,-9,-116
1741510735.414481,2,-17,-78
1741510735.459481,6,-41,-86
1741510735.505481,26,-63,-102
1741510735.551481,17,73,-66
1741510735.5964808,-42,37,-95
1741510735.6424809,-8,-54,17
1741510735.6884809,-101,12,-141
1741510735.7344809,-16,77,-91
1741510735.779481,-32,13,-31
1741510735.825481,47,-32,-51
1741510735.871481,-6,25,-127
1741510735.916481,56,-25,-17
1741510735.962481,-83,-51,6
1741510736.008481,-55,-33,-170
1741510736.054481,19,-46,-145
1741510736.0994809,97,43,-45
1741510736.1454809,-1,38,-67
1741510736.1914809,26,-47,-104
1741510736.236481,-12,-16,-222
1741510736.282481,11,-10,-114
1741510736.328481,35,-42,-15
1741510736.374481,-24,-12,-99
1741510736.4194808,-2,-44,-159
1741510736.4654808,-11,39,-101
1741510736.5114808,-38,63,-3
1741510736.556481,-112,9,-89
1741510736.602481,-96,-22,-121
1741510736.648481,-23,-15,-112
1741510736.694481,-67,-46,11
1741510736.739481,10,-36,-44
1741510736.785481,36,-40,-119
1741510736.831481,-57,1,-137
1741510736.8764808,-50,-31,-77
1741510736.9224808,-62,66,-119
1741510736.9684808,-2,102,-78
1741510737.013481,51,-35,-125
1741510737.059481,-57,-5,-88
1741510737.105481,31,-71,-165
1741510737.151481,25,-19,-56
1741510737.196481,7,21,21
1741510737.242481,-64,25,-122
1741510737.288481,51,-56,-25
1741510737.3334808,11,1,-57
1741510737.3794808,-24,3,-139
1741510737.4254808,-92,-42,-104
1741510737.4714808,-1,-12,-87
1741510737.516481,-1,51,-83
1741510737.562481,-14,-89,-151
1741510737.608481,19,61,-5
1741510737.653481,35,-74,-167
1741510737.699481,-36,13,-55
1741510737.745481,37,37,-63
1741510737.791481,-14,75,-145
1741510737.8364809,-8,5,-93
1741510737.8824809,-42,-10,-79
1741510737.9284809,46,15,-139
1741510737.973481,-11,49,28
1741510738.019481,-41,-20,-147
1741510738.065481,36,21,-5
1741510738.111481,20,-10,-121
1741510738.156481,6,13,-29
1741510738.202481,-23,37,-23
1741510738.248481,6,-50,-159
1741510738.2934809,53,-62,-161
1741510738.3394809,67,-12,-82
1741510738.3854809,9,-78,-31
1741510738.431481,-62,73,-61
1741510738.476481,-1,42,-29
1741510738.522481,-33,-21,-63
1741510738.568481,20,-11,44
1741510738.6134808,-33,38,-135
1741510738.6594808,-49,-35,28
1741510738.7054808,-81,28,-123
1741510738.7514808,70,6,-73
1741510738.796481,-9,46,-131
1741510738.842481,44,26,10
1741510738.888481,-55,-7,-77
1741510738.933481,-9,60,-39
1741510738.979481,-1,-1,-49
1741510739.025481,-3,80,30
1741510739.071481,20,-55,-55
1741510739.1164808,2,32,22
1741510739.1624808,24,0,-205
1741510739.2084808,-3,-13,-61
1741510739.253481,32,-65,-87
1741510739.299481,20,-39,-155
1741510739.345481,42,8,-105
1741510739.391481,12,22,54
1741510739.436481,52,1,-167
1741510739.482481,-63,29,-75
1741510739.528481,-15,-2,-10
1741510739.5734808,30,-45,-88
1741510739.6194808,-49,30,-36
1741510739.6654809,10,-77,-46
1741510739.7114809,-20,38,-120
1741510739.756481,37,2,-146
1741510739.802481,-24,24,-72
1741510739.848481,3,52,-44
1741510739.893481,-40,0,-24
1741510739.939481,-2,99,-68
1741510739.985481,0,-59,47
1741510740.031481,-83,24,-70
1741510740.0764809,13,-52,-162
1741510740.1224809,29,-52,47
1741510740.1684809,95,-80,-156
1741510740.213481,7,17,33
1741510740.259481,62,-79,9
1741510740.305481,4,-43,-130
1741510740.351481,-29,-97,-60
1741510740.396481,-75,22,-8
1741510740.4424808,-8,9,-20
1741510740.4884808,-72,11,-24
1741510740.533481,20,62,-54
1741510740.579481,-9,-22,-64
1741510740.625481,91,45,-90
1741510740.671481,35,31,-78
1741510740.716481,-102,0,-174
1741510740.762481,55,35,-68
1741510740.808481,-47,-67,-104
1741510740.8534808,63,-28,-176
1741510740.8994808,43,-32,-48
1741510740.9454808,-9,-7,-42
1741510740.9914808,22,20,-82
1741510741.036481,-12,-38,-194
1741510741.082481,29,-16,-74
1741510741.128481,37,-28,-113
1741510741.173481,-42,17,-40
1741510741.219481,-42,-12,-115
1741510741.265481,18,48,-111
1741510741.311481,2,-31,-69
1741510741.3564808,-15,-16,-63
1741510741.4024808,-13,-19,-109
1741510741.4484808,-47,52,-105
1741510741.493481,-42,0,-67
1741510741.539481,-70,-2,-139
1741510741.585481,47,67,-89
1741510741.631481,95,15,50
1741510741.676481,7,57,-205
1741510741.722481,-5,28,-73
1741510741.768481,-18,3,-154
1741510741.8134809,-74,-38,-28
1741510741.8594809,25,-14,-34
1741510741.9054809,-60,-46,63
1741510741.9514809,-20,-54,-46
1741510741.996481,97,-14,-62
1741510742.042481,-26,31,-92
1741510742.088481,-32,47,-28
1741510742.133481,-12,-54,-58
1741510742.179481,31,-42,-218
1741510742.225481,-62,-2,-144
1741510742.271481,5,47,-36
1741510742.3164809,-59,32,-94
1741510742.3624809,32,-81,21
1741510742.408481,44,4,-86
1741510742.453481,34,6,117
1741510742.499481,-91,-39,-184
1741510742.545481,18,90,-88
1741510742.591481,20,7,-76
1741510742.6364808,-47,17,-6
1741510742.6824808,16,-80,-234
1741510742.7284808,14,-97,-184
1741510742.773481,-101,92,-18
1741510742.819481,-18,-38,-70
1741510742.865481,112,38,-44
1741510742.911481,24,-21,-24
1741510742.956481,32,-13,-64
1741510743.002481,-9,-99,-40
1741510743.048481,54,-45,-90
1741510743.0934808,22,-43,-12
1741510743.1394808,10,-73,-48
1741510743.1854808,28,-33,-50
1741510743.2314808,101,17,-152
1741510743.276481,3,43,-154
1741510743.322481,-14,43,-78
1741510743.368481,9,-26,-8
1741510743.413481,-50,69,-6
1741510743.459481,47,-6,-84
1741510743.505481,80,-68,-44
1741510743.551481,-29,-48,-162
1741510743.5964808,-4,-12,-178
1741510743.6424809,1,59,-164
1741510743.6884809,43,117,-2
1741510743.733481,-4,-22,-132
1741510743.779481,19,45,9
1741510743.825481,43,23,-142
1741510743.870481,-34,-4,-78
1741510743.916481,43,23,-158
1741510743.962481,-78,-40,-34
1741510744.008481,37,41,-110
1741510744.0534809,49,37,-154
1741510744.0994809,-32,-22,-160
1741510744.1454809,7,0,-94
1741510744.190481,52,17,21
1741510744.236481,-10,-70,-126
1741510744.282481,-2,-42,-56
1741510744.3334808,-40,-8,-120
1741510744.3794808,43,15,-174
1741510744.4254808,12,-2,29
1741510744.470481,-31,-78,-106
1741510744.516481,-12,-10,-126
1741510744.562481,20,52,-100
1741510744.608481,-50,17,-32
1741510744.653481,123,-2,17
1741510744.699481,-34,-18,-114
1741510744.745481,-84,-106,-274
1741510744.7904809,-68,75,-70
1741510744.8364809,1,-22,-82
1741510744.8824809,91,9,-88
1741510744.9284809,-26,17,-60
1741510744.973481,-51,-37,-36
1741510745.019481,2,42,-112
1741510745.065481,-1,0,-130
1741510745.110481,-71,30,-56
1741510745.156481,48,14,-72
1741510745.202481,-17,24,-146
1741510745.248481,24,50,-146
1741510745.2934809,-21,-31,-134
1741510745.3394809,2,-105,-140
1741510745.3854809,-81,-15,-98
1741510745.430481,28,12,-50
1741510745.476481,-9,-25,-12
1741510745.522481,48,-27,-88
1741510745.568481,56,20,-98
1741510745.6134808,-17,14,-120
1741510745.6594808,-5,26,-144
1741510745.7054808,2,-20,-30
1741510745.750481,2,-28,-168
1741510745.796481,-23,55,-14
1741510745.842481,30,-52,-136
1741510745.888481,40,-11,-90
1741510745.933481,-35,-55,-12
1741510745.979481,-3,30,-210
1741510746.025481,-25,-27,-106
1741510746.0704808,37,0,-86
1741510746.1164808,6,-54,13
1741510746.1624808,13,-24,-70
1741510746.2084808,-56,-113,-100
1741510746.253481,-23,-51,-182
1741510746.299481,40,-52,3
1741510746.345481,-16,-7,-74
1741510746.390481,-67,-46,-68
1741510746.436481,-10,-45,-143
1741510746.482481,27,86,-155
1741510746.528481,8,20,-159
1741510746.5734808,40,-6,-107
1741510746.6194808,-47,112,-162
1741510746.6654809,-75,-35,-149
1741510746.710481,0,20,84
1741510746.756481,-14,-25,-29
1741510746.802481,-23,-16,54
1741510746.848481,84,87,1
1741510746.893481,-25,14,-81
1741510746.939481,110,34,-205
1741510746.985481,62,2,64
1741510747.0304809,-32,-28,26
1741510747.0764809,108,26,-107
1741510747.1224809,62,20,-105
1741510747.1684809,-4,-72,-69
1741510747.213481,33,-10,52
1741510747.259481,34,-20,34
1741510747.305481,10,19,-109
1741510747.350481,-15,-16,-23
1741510747.396481,-57,0,-111
1741510747.4424808,6,11,-12
1741510747.4884808,5,-84,-127
1741510747.533481,-2,15,-154
1741510747.579481,77,-18,-18
1741510747.625481,23,-8,-152
1741510747.670481,-72,-10,-113
1741510747.716481,-40,-18,-1
1741510747.762481,-46,-8,14
1741510747.808481,12,-21,-89
1741510747.8534808,38,-1,-99
1741510747.8994808,84,16,-139
1741510747.9454808,-105,-5,-15
1741510747.990481,14,56,134
1741510748.036481,8,-21,-161
1741510748.082481,-3,-15,-53
1741510748.128481,-6,-30,-203
1741510748.173481,53,91,-139
1741510748.219481,26,30,-137
1741510748.265481,4,26,-57
1741510748.3104808,59,-6,16
1741510748.3564808,0,-11,-135
1741510748.4024808,-88,-25,-181
1741510748.4484808,9,-1,-63
1741510748.493481,0,-24,14
1741510748.539481,40,-10,-173
1741510748.585481,56,9,-119
1741510748.630481,31,27,-163
1741510748.676481,17,-42,-113
1741510748.722481,70,3,-87
1741510748.768481,-44,-90,-7
1741510748.8134809,-21,-1,-95
1741510748.8594809,0,0,-7
1741510748.9054809,-36,30,-41
1741510748.950481,43,41,124
1741510748.996481,7,-140,-75
1741510749.042481,-18,-24,-155
1741510749.088481,29,-1,-101
1741510749.133481,80,46,-81
1741510749.179481,10,-53,-47
1741510749.225481,-17,66,-111
1741510749.2704809,6,-9,-158
1741510749.3164809,2,-6,-124
1741510749.3624809,-43,61,-30
1741510749.408481,12,39,-87
1741510749.453481,-13,7,-77
1741510749.499481,-28,31,-28
1741510749.545481,27,15,-90
1741510749.5904808,-6,25,3
1741510749.6364808,-2,-6,-92
1741510749.6824808,-15,-20,-96
1741510749.7284808,-72,-52,-106
1741510749.773481,-56,9,-66
1741510749.819481,19,-8,-8
1741510749.865481,-3,-49,-80
1741510749.910481,-27,-25,-72
1741510749.956481,48,-15,-102
1741510750.002481,56,-5,-8
1741510750.048481,32,-21,-196
1741510750.0934808,42,-27,-208
1741510750.1394808,-77,-31,-182
1741510750.1854808,12,-31,-40
1741510750.230481,-13,-35,-116
1741510750.276481,-21,-26,-22
1741510750.322481,-5,-56,-14
1741510750.368481,9,1,-60
1741510750.413481,-63,-35,-16
1741510750.459481,-26,35,-96
1741510750.505481,-13,-48,-32
1741510750.5504808,68,3,-18
1741510750.5964808,-57,-10,-24
1741510750.6424809,-13,15,-94
1741510750.687481,50,-77,-38
1741510750.733481,18,-11,-162
1741510750.779481,16,-19,-88
1741510750.825481,6,-9,-108
1741510750.870481,-45,6,-120
1741510750.916481,-1,-19,-4
1741510750.962481,83,17,35
1741510751.0074809,38,35,-172
1741510751.0534809,0,25,71
1741510751.0994809,-17,-26,-82
1741510751.1454809,-23,69,-116
1741510751.190481,-3,43,33
1741510751.236481,-27,13,-170
1741510751.282481,0,-82,-42
1741510751.327481,20,6,-132
1741510751.373481,-35,13,-102
1741510751.4194808,-111,14,-62
1741510751.4654808,48,74,-110
1741510751.5104809,-37,9,-68
1741510751.556481,18,1,-68
1741510751.602481,-44,-12,-137
1741510751.647481,-14,-54,-42
1741510751.693481,-41,-27,-69
1741510751.739481,-28,-74,-143
1741510751.785481,43,-28,-131
1741510751.8304808,13,1,-147
1741510751.8764808,25,-6,-41
1741510751.9224808,2,10,-47
1741510751.967481,-47,48,116
1741510752.013481,39,41,-49
1741510752.059481,-10,-120,-177
1741510752.105481,-22,-8,-173
1741510752.150481,-56,-28,-133
1741510752.196481,-3,-94,-111
1741510752.242481,36,-26,-58
1741510752.2874808,-103,-36,-2
1741510752.3334808,-70,-8,-70
1741510752.3794808,-20,46,-84
1741510752.4254808,-50,25,-73
1741510752.470481,-34,5,-89
1741510752.516481,-18,-38,-158
1741510752.562481,9,-32,-50
1741510752.607481,95,-50,36
1741510752.653481,26,-37,-59
1741510752.699481,6,6,-125
1741510752.745481,8,-9,-106
1741510752.7904809,-92,23,-134
1741510752.8364809,-34,57,-122
1741510752.8824809,39,-72,-73
1741510752.927481,8,-93,-93
1741510752.973481,-8,49,-111
1741510753.019481,41,11,-25
1741510753.065481,5,2,-157
1741510753.110481,-44,11,-179
1741510753.156481,-40,24,30
1741510753.202481,9,-35,-125
1741510753.2474809,-45,62,-85
1741510753.2934809,-80,49,-109
1741510753.3394809,-7,25,-89
1741510753.3854809,-23,5,-109
1741510753.430481,-59,12,-73
1741510753.476481,-57,-25,-139
1741510753.522481,4,22,-27
1741510753.5674808,60,-11,-35
1741510753.6134808,-57,-123,-83
1741510753.6594808,102,-111,-121
1741510753.7054808,-111,-12,27
1741510753.750481,18,-73,32
1741510753.796481,43,7,-77
1741510753.842481,-16,39,-89
1741510753.887481,32,28,-111
1741510753.933481,-18,-28,-43
1741510753.979481,-11,18,-57
1741510754.025481,-5,18,-195
1741510754.0704808,10,30,-25
1741510754.1164808,74,-13,-73
1741510754.1624808,41,-6,-104
1741510754.207481,108,4,-70
1741510754.253481,30,-5,-146
1741510754.299481,82,-57,-97
1741510754.350481,14,-37,-85
1741510754.396481,-37,-19,-128
1741510754.4424808,66,-7,-137
1741510754.4874809,16,2,87
1741510754.533481,-59,-81,-26
1741510754.579481,6,-5,-125
1741510754.625481,-47,-49,-104
1741510754.670481,-53,-73,-42
1741510754.716481,44,-39,-114
1741510754.762481,-29,34,-106
1741510754.8074808,70,-9,-30
1741510754.8534808,60,68,-42
1741510754.8994808,-47,-13,-158
1741510754.9454808,36,-19,-46
1741510754.990481,-19,60,-24
1741510755.036481,-54,-4,-20
1741510755.082481,12,4,-100
1741510755.127481,64,34,-56
1741510755.173481,36,98,-66
1741510755.219481,12,-43,7
1741510755.265481,33,15,-61
1741510755.3104808,-30,-2,-123
1741510755.3564808,16,-15,-127
1741510755.4024808,-13,44,-119
1741510755.447481,26,-51,-61
1741510755.493481,10,-53,-141
1741510755.539481,5,-10,-49
1741510755.585481,23,-4,-69
1741510755.630481,51,-54,-129
1741510755.676481,-34,23,-125
1741510755.722481,63,21,-61
1741510755.7674809,33,-68,-17
1741510755.8134809,28,-15,-16
1741510755.8594809,-41,36,-158
1741510755.9054809,-67,-39,-104
1741510755.950481,34,-21,-214
1741510755.996481,-12,-40,-98
1741510756.042481,42,-3,-149
1741510756.087481,-15,-46,-103
1741510756.133481,32,-6,-143
1741510756.179481,-75,17,22
1741510756.225481,50,13,-67
1741510756.2704809,-41,25,-259
1741510756.3164809,40,50,-87
1741510756.3624809,18,-67,-17
1741510756.407481,-1,4,116
1741510756.453481,58,-23,-63
1741510756.499481,68,-9,-167
1741510756.545481,-15,-118,-51
1741510756.5904808,-37,-24,-77
1741510756.6364808,-39,-9,-181
1741510756.6824808,-43,-21,-108
1741510756.727481,36,9,-102
1741510756.773481,4,-55,-83
1741510756.819481,12,11,10
1741510756.865481,-90,13,-190
1741510756.910481,-11,29,-64
1741510756.956481,-63,-24,-145
1741510757.002481,36,0,-19
1741510757.0474808,-55,-22,-121
1741510757.0934808,-41,55,-201
1741510757.1394808,-29,6,-161
1741510757.1854808,-57,17,-157
1741510757.230481,-11,-86,-53
1741510757.276481,-27,23,-2
1741510757.322481,42,67,-148
1741510757.367481,48,0,-33
1741510757.413481,35,-89,-70
1741510757.459481,23,-71,-120
1741510757.5044808,41,23,-26
1741510757.5504808,-85,-38,-138
1741510757.5964808,34,-70,-64
1741510757.6424809,52,-26,-143
1741510757.687481,-13,-42,-143
1741510757.733481,-14,7,-79
1741510757.779481,-60,11,-21
1741510757.824481,21,-2,-139
1741510757.870481,-10,5,-69
1741510757.916481,0,-20,-127
1741510757.962481,-54,-30,-105
1741510758.0074809,-84,-46,-35
1741510758.0534809,-21,41,-135
1741510758.0994809,-27,-14,-138
1741510758.144481,12,-62,-95
1741510758.190481,18,15,-77
1741510758.236481,-11,-6,86
1741510758.282481,-62,-22,-12
1741510758.327481,-188,11,-22
1741510758.373481,-77,-8,-86
1741510758.4194808,1,29,-86
1741510758.4644809,-27,-30,17
1741510758.5104809,-34,-68,-136
1741510758.556481,-18,-88,-36
1741510758.602481,39,13,-52
1741510758.647481,-14,0,31
1741510758.693481,25,-74,-164
1741510758.739481,-52,-28,-28
1741510758.7844808,-41,-21,-28
1741510758.8304808,24,90,-106
1741510758.8764808,-47,-23,-100
1741510758.9224808,50,84,-148
1741510758.967481,70,-41,-174
1741510759.013481,23,67,29
1741510759.059481,-28,-70,-210
1741510759.104481,0,17,1
1741510759.150481,-24,127,-112
1741510759.196481,-14,61,27
1741510759.242481,-36,-34,-60
1741510759.2874808,-56,5,-8
1741510759.3334808,66,21,-118
1741510759.3794808,2,23,-74
1741510759.424481,-59,69,-268
1741510759.470481,-25,8,-140
1741510759.516481,64,-27,-72
1741510759.562481,64,16,-130
1741510759.607481,-39,-13,-142
1741510759.653481,49,7,-136
1741510759.699481,55,33,-80
1741510759.7444808,-60,-22,-218
1741510759.7904809,7,-49,-98
1741510759.8364809,-36,62,-23
1741510759.8824809,-2,-3,-32
1741510759.927481,-52,7,-84
1741510759.973481,-52,-37,-6
1741510760.019481,79,-1,-45
1741510760.064481,19,18,-19
1741510760.110481,11,-21,-159
1741510760.156481,-16,-9,-29
1741510760.202481,41,-1,46
1741510760.2474809,-26,-17,-189
1741510760.2934809,-6,-37,-153
1741510760.3394809,-75,29,-31
1741510760.384481,1,72,-96
1741510760.430481,55,4,44
1741510760.476481,-32,6,79
1741510760.522481,27,-5,-64
1741510760.5674808,22,-27,-114
1741510760.6134808,-6,-13,-48
1741510760.6594808,69,20,-56
1741510760.704481,4,-36,-86
1741510760.750481,66,40,-112
1741510760.796481,28,-53,-80
1741510760.842481,43,-68,67
1741510760.887481,14,-9,-17
1741510760.933481,21,-2,-157
1741510760.979481,-54,-22,-15
1741510761.0244808,47,-14,-91
1741510761.0704808,-4,7,-44
1741510761.1164808,-101,47,-54
1741510761.1624808,90,17,-124
1741510761.207481,-20,-12,-82
1741510761.253481,28,-22,-212
1741510761.299481,23,3,73
1741510761.344481,-26,43,-92
1741510761.390481,3,-11,27
1741510761.436481,39,45,-76
1741510761.482481,-46,27,-156
1741510761.5274808,-30,19,-146
1741510761.5734808,-10,-20,-92
1741510761.6194808,0,-10,-92
1741510761.664481,-109,-69,-40
1741510761.710481,8,8,-24
1741510761.756481,-29,0,-26
1741510761.802481,-9,-18,-70
1741510761.847481,2,-14,-216
1741510761.893481,81,-48,-34
1741510761.939481,-6,43,-42
1741510761.9844809,-8,-17,-22
1741510762.0304809,-38,-14,-110
1741510762.0764809,10,30,-24
1741510762.1224809,77,-26,-116
1741510762.167481,-76,21,-24
1741510762.213481,25,-16,-92
1741510762.259481,-22,-20,-1
1741510762.304481,-4,-74,-109
1741510762.350481,-70,-54,-77
1741510762.396481,36,69,-19
1741510762.4424808,60,17,-191
1741510762.4874809,-77,11,-77
1741510762.533481,-65,41,10
1741510762.579481,-54,-18,-129
1741510762.624481,-35,-6,-105
1741510762.670481,76,-13,-93
1741510762.716481,7,1,-40
1741510762.762481,-37,-11,-127
1741510762.8074808,-21,-68,14
1741510762.8534808,-61,-35,-143
1741510762.8994808,70,-47,-133
1741510762.944481,-1,38,-137
1741510762.990481,-71,8,-103
1741510763.036481,2,80,-53
1741510763.082481,46,18,-93
1741510763.127481,48,-84,-125
1741510763.173481,14,23,-81
1741510763.219481,-17,31,-105
1741510763.2644808,42,-19,-87
1741510763.3104808,-43,-41,-33
1741510763.3564808,38,-9,76
1741510763.4024808,-3,22,-93
1741510763.447481,69,11,-27
1741510763.493481,-28,-48,-73
1741510763.539481,3,15,-117
1741510763.584481,19,-88,-133
1741510763.630481,-23,-25,36
1741510763.676481,-11,-29,-177
1741510763.722481,-27,-33,-119
1741510763.7674809,92,-7,-65
1741510763.8134809,12,26,-151
1741510763.8594809,-63,2,-135
1741510763.904481,-36,20,-173
1741510763.950481,-66,56,-19
1741510763.996481,9,22,-56
1741510764.042481,19,-20,-24
1741510764.087481,41,-51,49
1741510764.133481,-46,-7,-6
1741510764.179481,-16,-27,-84
1741510764.2244809,109,-23,-150
1741510764.2704809,-50,-16,-198
1741510764.3164809,-2,-56,-82
1741510764.367481,29,3,-42
1741510764.413481,-76,107,-22
1741510764.459481,59,-34,11
1741510764.5044808,37,21,-20
1741510764.5504808,13,-80,-46
1741510764.5964808,55,33,-134
1741510764.641481,65,-42,-142
1741510764.687481,15,-34,5
1741510764.733481,-12,-24,1
1741510764.779481,-25,18,-190
1741510764.824481,-9,34,-54
1741510764.870481,12,22,-102
1741510764.916481,-66,-42,-34
1741510764.9614809,-9,-10,-4
1741510765.0074809,15,3,-58
1741510765.0534809,-15,33,-56
1741510765.0994809,4,11,-170
1741510765.144481,41,25,-18
1741510765.190481,-6,-12,-44
1741510765.236481,13,-28,-116
1741510765.281481,20,-1,-122
1741510765.327481,-29,55,-70
1741510765.373481,30,-34,-48
1741510765.4194808,-42,-28,17
1741510765.4644809,35,-34,73
1741510765.5104809,-38,21,-82
1741510765.556481,-64,63,-136
1741510765.601481,-70,37,-182
1741510765.647481,53,-82,-18
1741510765.693481,73,-12,7
1741510765.739481,4,34,-182
1741510765.7844808,4,-81,-222
1741510765.8304808,-16,35,-153
1741510765.8764808,47,-26,-31
1741510765.921481,-97,-56,-77
1741510765.967481,102,-4,-61
1741510766.013481,37,22,-97
1741510766.059481,33,23,-123
1741510766.104481,54,-57,-65
1741510766.150481,0,-50,65
1741510766.196481,85,21,-97
1741510766.2414808,33,-26,-154
1741510766.2874808,-60,-6,-137
1741510766.3334808,8,-10,-68
1741510766.3794808,-24,19,-212
1741510766.424481,33,-38,1
1741510766.470481,67,25,-26
1741510766.516481,55,47,-57
1741510766.561481,-12,-96,-7
1741510766.607481,-21,47,-122
1741510766.653481,16,-15,-136
1741510766.699481,28,-27,-48
1741510766.7444808,-37,12,-24
1741510766.7904809,140,-3,8
1741510766.8364809,-31,-6,-103
1741510766.881481,-40,1,-85
1741510766.927481,-54,25,-61
1741510766.973481,-8,-98,-103
1741510767.019481,-43,-6,-7
1741510767.064481,45,-60,-55
1741510767.110481,-62,-30,-141
1741510767.156481,-26,21,-138
1741510767.2014809,-28,-44,-69
1741510767.2474809,7,-32,-183
1741510767.2934809,-34,-24,-83
1741510767.3394809,31,-42,-27
1741510767.384481,-16,19,-55
1741510767.430481,55,-50,-19
1741510767.476481,113,5,64
1741510767.521481,-20,-26,-119
1741510767.5674808,6,-55,-9
1741510767.6134808,70,54,-63
1741510767.6594808,18,-59,-3
1741510767.704481,-28,71,-38
1741510767.750481,-16,13,-11
1741510767.796481,12,-40,-69
1741510767.841481,-42,-8,18
1741510767.887481,-82,19,-51
1741510767.933481,71,5,-100
1741510767.979481,11,21,45
1741510768.0244808,-12,-60,-50
1741510768.0704808,-45,-2,-98
1741510768.1164808,-22,-34,-175
1741510768.161481,90,14,-126
1741510768.207481,-41,-3,53
1741510768.253481,-17,-15,-172
1741510768.299481,12,-3,-75
1741510768.344481,0,4,-111
1741510768.390481,-16,-70,-51
1741510768.436481,17,-26,-45
1741510768.4814808,0,-12,-8
1741510768.5274808,-20,-22,-52
1741510768.5734808,101,-22,-96
1741510768.6194808,-42,65,-44
1741510768.664481,-9,-64,153
1741510768.710481,18,-32,-162
1741510768.756481,12,49,25
1741510768.801481,77,-33,-24
1741510768.847481,35,-8,-104
1741510768.893481,2,-62,-160
1741510768.939481,44,-20,-27
1741510768.9844809,-13,-36,-83
1741510769.0304809,18,-28,-57
1741510769.0764809,-11,5,-161
1741510769.121481,18,-94,-87
1741510769.167481,-51,45,-85
1741510769.213481,-26,-8,-25
1741510769.259481,-3,-7,-65
1741510769.304481,21,29,-127
1741510769.350481,-20,7,-49
1741510769.396481,45,43,-61
1741510769.4414809,33,87,58
1741510769.4874809,-16,-34,-37
1741510769.533481,-2,4,-99
1741510769.579481,61,-7,-165
1741510769.624481,51,43,-17
1741510769.670481,18,-5,-163
1741510769.716481,21,-10,-195
1741510769.7614808,7,23,-4
1741510769.8074808,-96,-23,5
1741510769.8534808,-88,-47,-118
1741510769.8994808,31,-37,-52
1741510769.944481,47,-27,-120
1741510769.990481,19,60,-60
1741510770.036481,-20,34,-102
1741510770.081481,13,4,-173
1741510770.127481,-8,-83,-96
1741510770.173481,-51,21,-8
1741510770.219481,0,12,-62
1741510770.2644808,6,-8,-114
1741510770.3104808,-11,23,7
1741510770.3564808,4,25,-14
1741510770.401481,53,-8,-60
1741510770.447481,-56,49,-80
1741510770.493481,31,-24,-102
1741510770.539481,62,55,-110
1741510770.584481,12,-16,-150
1741510770.630481,-37,21,-119
1741510770.676481,-78,17,-18
1741510770.7214808,15,-56,-24
1741510770.7674809,62,70,-5
1741510770.8134809,3,17,-113
1741510770.8594809,33,7,-147
1741510770.904481,-2,-58,28
1741510770.950481,9,51,-147
1741510770.996481,-19,-28,-37
1741510771.041481,88,56,-47
1741510771.087481,32,105,-77
1741510771.133481,-17,65,-139
1741510771.1784809,86,9,-161
1741510771.2244809,88,36,-141
1741510771.2704809,-37,20,-131
1741510771.3164809,-7,11,-3
1741510771.361481,-43,27,-127
1741510771.407481,-10,-24,-91
1741510771.453481,-44,-60,-165
1741510771.498481,41,-6,36
1741510771.5444808,5,21,-5
1741510771.5904808,-38,93,-199
1741510771.6364808,1,0,46
1741510771.681481,-1,11,-73
1741510771.727481,79,-10,-199
1741510771.773481,-20,13,-127
1741510771.818481,-40,-46,28
1741510771.864481,-44,30,-63
1741510771.910481,-76,-23,25
1741510771.956481,67,28,-42
1741510772.0014808,-34,-36,57
1741510772.0474808,-104,42,-14
1741510772.0934808,-9,-21,-118
1741510772.138481,-54,10,-196
1741510772.184481,31,-16,-48
1741510772.230481,9,-19,-42
1741510772.276481,94,56,-104
1741510772.321481,-5,-64,-92
1741510772.367481,-83,40,-54
1741510772.413481,-21,-3,-154
1741510772.4584808,-41,44,-50
1741510772.5044808,-8,-45,-88
1741510772.5504808,-44,-51,-214
1741510772.5964808,7,6,-60
1741510772.641481,75,-37,-154
1741510772.687481,23,-26,-56
1741510772.733481,-63,8,-142
1741510772.778481,7,15,-64
1741510772.824481,-29,-24,-122
1741510772.8694808,6,-56,-31
1741510772.914481,24,59,-42
1741510772.960481,-41,-20,-113
1741510773.006481,18,9,-145
1741510773.052481,-10,31,-130
1741510773.097481,-13,-35,-34
1741510773.143481,12,-44,-38
1741510773.189481,44,-17,-48
1741510773.2344809,16,5,-133
1741510773.2804809,24,8,-141
1741510773.3264809,-13,60,-79
1741510773.3724809,60,27,-39
1741510773.417481,112,38,-83
1741510773.463481,-79,5,-121
1741510773.509481,-101,31,-95
1741510773.554481,-57,27,-27
1741510773.600481,46,-34,-21
1741510773.646481,21,79,-85
1741510773.6924808,0,-42,-75
1741510773.7374809,79,-58,-93
1741510773.783481,0,49,-149
1741510773.829481,89,-38,-8
1741510773.874481,68,56,-24
1741510773.920481,-8,29,-62
1741510773.966481,5,73,-155
1741510774.012481,37,-30,-241
1741510774.0574808,55,-22,-61
1741510774.1034808,-64,-32,-92
1741510774.1494808,36,-20,-54
1741510774.194481,110,-10,-118
1741510774.240481,-71,-12,27
1741510774.286481,-80,26,-96
1741510774.332481,-6,40,-14
1741510774.383481,24,101,-124
1741510774.429481,-13,-38,-84
1741510774.4744809,28,25,-110
1741510774.5204809,-1,39,-112
1741510774.5664809,28,-49,-116
1741510774.6124809,42,-9,-84
1741510774.657481,27,-56,-70
1741510774.703481,-62,35,1
1741510774.749481,43,-58,-169
1741510774.7944808,5,16,-91
1741510774.8404808,-3,-20,-27
1741510774.8864808,31,74,-171
1741510774.9324808,-14,-1,-203
1741510774.977481,21,42,50
1741510775.023481,26,-8,-15
1741510775.069481,39,-55,-40
1741510775.114481,39,24,-24
1741510775.160481,-36,-10,-27
1741510775.206481,59,87,15
1741510775.252481,56,-4,-25
1741510775.2974808,18,37,-27
1741510775.3434808,4,29,-113
1741510775.3894808,-123,-30,-97
1741510775.434481,22,-19,-109
1741510775.480481,16,-39,-39
1741510775.526481,38,40,-79
1741510775.572481,62,-23,-135
1741510775.617481,18,-31,-31
1741510775.663481,66,-59,-79
1741510775.709481,-55,64,-83
1741510775.7544808,-35,-17,-55
1741510775.8004808,-17,-11,-157
1741510775.8464808,-19,2,-170
1741510775.8924809,92,-69,-88
1741510775.937481,12,0,-179
1741510775.983481,-20,7,-25
1741510776.029481,29,-6,-55
1741510776.074481,47,-42,-121
1741510776.120481,18,8,-145
1741510776.166481,78,2,-51
1741510776.212481,-39,32,-191
1741510776.2574809,-25,-19,-153
1741510776.3034809,97,-20,-85
1741510776.3494809,-1,-47,-117
1741510776.394481,32,2,-49
1741510776.440481,72,36,-65
1741510776.486481,-69,12,-147
1741510776.532481,48,-23,-17
1741510776.577481,106,-11,102
1741510776.623481,-17,-21,-239
1741510776.6694808,25,-28,-7
1741510776.7144809,-27,2,-125
1741510776.7604809,-8,-6,-111
1741510776.806481,31,25,-85
1741510776.852481,-90,-16,-25
1741510776.897481,-38,-14,-95
1741510776.943481,-56,5,-79
1741510776.989481,19,19,-79
1741510777.0344808,31,-32,-15
1741510777.0804808,11,-14,-145
1741510777.1264808,25,-70,-5
1741510777.1724808,-105,-114,-175
1741510777.217481,12,127,-57
1741510777.263481,22,-18,20
1741510777.309481,56,86,-93
1741510777.354481,19,-6,-11
1741510777.400481,15,111,-79
1741510777.446481,-42,-10,-157
1741510777.4914808,75,-28,6
1741510777.5374808,-17,46,-149
1741510777.5834808,-55,-19,-7
1741510777.6294808,-37,4,-55
1741510777.676481,62,-13,-23
1741510777.7214808,-65,-25,4
1741510777.7674809,70,-15,-33
1741510777.8134809,58,-9,-77
1741510777.858481,100,-83,-49
1741510777.904481,3,23,-164
1741510777.950481,69,-22,-42
1741510777.995481,47,-60,-126
1741510778.041481,-28,75,-188
1741510778.087481,-100,115,-58
1741510778.133481,9,-52,-90
1741510778.1784809,-20,15,-24
1741510778.2244809,-12,19,-120
1741510778.2704809,50,-47,-98
1741510778.315481,-13,-37,-142
1741510778.361481,94,-31,-94
1741510778.407481,75,21,-114
1741510778.453481,78,-57,-62
1741510778.498481,14,-23,-190
1741510778.5444808,-43,54,-74
1741510778.5904808,-2,79,3
1741510778.6354809,65,69,-86
1741510778.681481,-20,0,77
1741510778.727481,4,10,-48
1741510778.773481,44,0,-22
1741510778.818481,58,-39,-34
1741510778.864481,6,14,-134
1741510778.910481,-9,-25,-160
1741510778.9554808,6,-12,-54
1741510779.0014808,46,40,-50
1741510779.0474808,23,-23,-202
1741510779.0934808,21,-23,-160
1741510779.138481,53,-28,-102
1741510779.184481,32,41,-46
1741510779.230481,-26,-37,-28
1741510779.275481,62,-34,-136
1741510779.321481,-1,16,-10
1741510779.367481,13,-45,-166
1741510779.413481,-31,-23,-96
1741510779.4584808,-51,-45,21
1741510779.5044808,114,-61,-106
1741510779.5504808,-17,36,-18
1741510779.595481,88,54,-15
1741510779.641481,20,-15,-31
1741510779.687481,-37,16,-115
1741510779.733481,0,90,-87
1741510779.778481,-2,1,-113
1741510779.824481,-26,49,18
1741510779.870481,39,-2,-83
1741510779.9154809,-38,9,-119
1741510779.9614809,13,23,-137
1741510780.0074809,-32,-56,-85
1741510780.0534809,-10,-28,-162
1741510780.098481,-44,15,-223
1741510780.144481,32,20,-27
1741510780.190481,15,-32,-105
1741510780.235481,-91,-21,41
1741510780.281481,-35,68,0
1741510780.327481,92,-27,-74
1741510780.373481,-23,-13,-19
1741510780.4184809,40,29,-59
1741510780.4644809,1,-24,-53
1741510780.5104809,57,-70,-108
1741510780.555481,-83,-82,-129
1741510780.601481,62,-46,-41
1741510780.647481,-7,-40,-125
1741510780.693481,60,-44,-93
1741510780.7384808,46,17,-75
1741510780.7844808,-13,31,-147
1741510780.8304808,-80,-76,-161
1741510780.875481,53,-30,-11
1741510780.921481,-30,-16,-141
1741510780.967481,65,-2,-19
1741510781.013481,3,-32,40
1741510781.058481,-12,13,-66
1741510781.104481,23,-16,-81
1741510781.150481,13,1,-183
1741510781.1954808,-16,-2,-101
1741510781.2414808,19,33,-119
1741510781.2874808,15,29,-123
1741510781.3334808,-20,19,-7
1741510781.378481,-36,23,-145
1741510781.424481,-42,33,-17
1741510781.470481,-24,-28,-45
1741510781.515481,35,-20,-121
1741510781.561481,63,-54,-123
1741510781.607481,-2,5,-49
1741510781.653481,43,51,18
1741510781.6984808,-38,1,-129
1741510781.7444808,-93,46,14
1741510781.7904809,124,54,-73
1741510781.835481,73,67,-37
1741510781.881481,30,-10,-79
1741510781.927481,-19,-24,-145
1741510781.973481,6,-71,58
1741510782.018481,-13,-5,-119
1741510782.064481,64,-21,-163
1741510782.110481,44,-41,-163
1741510782.1554809,-1,-15,-51
1741510782.2014809,104,-19,-39
1741510782.2474809,-25,50,-83
1741510782.2934809,116,-31,-129
1741510782.338481,4,54,-161
1741510782.384481,25,29,-129
1741510782.430481,83,-62,-143
1741510782.475481,53,15,-85
1741510782.521481,27,-32,-87
1741510782.5674808,55,-20,-37
1741510782.6134808,33,-32,-57
1741510782.658481,19,33,-17
1741510782.704481,-49,-36,-177
1741510782.750481,-24,41,-175
1741510782.795481,128,21,-133
1741510782.841481,-1,-46,-69
1741510782.887481,-15,-58,-135
1741510782.933481,0,-28,-71
1741510782.9784808,88,-54,6
1741510783.0244808,-1,5,-181
1741510783.0704808,-6,-28,-42
1741510783.115481,49,-16,-93
1741510783.161481,-44,69,-72
1741510783.207481,32,-10,-38
1741510783.253481,-26,32,-5
1741510783.298481,-8,-2,2
1741510783.344481,-98,53,-9
1741510783.390481,45,65,-59
1741510783.4354808,51,-2,-31
1741510783.4814808,-12,15,-17
1741510783.5274808,34,-23,-137
1741510783.5734808,-15,74,8
1741510783.618481,-67,-15,-199
1741510783.664481,4,32,6
1741510783.710481,-13,10,-121
1741510783.755481,-7,-55,-159
1741510783.801481,-51,74,-85
1741510783.847481,35,-26,56
1741510783.893481,-38,15,-57
1741510783.9384809,26,7,-117
1741510783.9844809,-45,-32,-63
1741510784.0304809,9,-21,34
1741510784.075481,-23,-9,-45
1741510784.121481,-12,54,-9
1741510784.167481,-54,-39,76
1741510784.213481,31,34,-93
1741510784.258481,-14,-47,-51
1741510784.304481,-9,19,-5
1741510784.355481,40,57,-89
1741510784.401481,-5,-50,-171
1741510784.447481,36,67,12
1741510784.493481,-17,17,-65
1741510784.538481,-17,-36,-17
1741510784.584481,-23,-8,-67
1741510784.630481,-31,21,-91
1741510784.6754808,8,23,-47
1741510784.7214808,-27,87,-97
1741510784.7674809,-51,7,-29
1741510784.812481,4,37,36
1741510784.858481,2,-40,-91
1741510784.904481,-17,-40,-151
1741510784.950481,-57,-78,6
1741510784.995481,-8,40,-203
1741510785.041481,-25,-48,-67
1741510785.087481,92,69,-87
1741510785.1324809,-26,-16,-41
1741510785.1784809,-43,13,-73
1741510785.2244809,32,-56,31
1741510785.2704809,18,-14,-172
1741510785.315481,-89,-44,-115
1741510785.361481,-20,58,-166
1741510785.407481,-40,-78,-38
1741510785.452481,-60,-24,-112
1741510785.498481,39,3,35
1741510785.5444808,13,-79,-1
1741510785.5904808,-44,-51,63
1741510785.6354809,-12,-15,-111
1741510785.681481,-25,42,-67
1741510785.727481,24,0,-73
1741510785.772481,24,88,-58
1741510785.818481,11,-14,-85
1741510785.864481,45,11,-143
1741510785.910481,-2,-7,-47
1741510785.9554808,-40,-13,-123
1741510786.0014808,3,46,64
1741510786.0474808,-14,32,-71
1741510786.092481,-30,36,-67
1741510786.138481,17,-48,-9
1741510786.184481,75,41,-97
1741510786.230481,-68,-2,-56
1741510786.275481,-36,-7,-58
1741510786.321481,66,27,-43
1741510786.367481,-38,-73,-59
1741510786.4124808,-57,25,-115
1741510786.4584808,-145,1,-27
1741510786.5044808,-6,-26,-243
1741510786.5504808,28,71,-29
1741510786.595481,8,-2,-31
1741510786.641481,-43,31,-33
1741510786.687481,-3,3,-101
1741510786.732481,69,43,-53
1741510786.778481,53,7,0
1741510786.824481,83,55,-57
1741510786.870481,-77,-33,-235
1741510786.9154809,-85,-33,-129
1741510786.9614809,28,-7,-49
1741510787.0074809,42,6,37
1741510787.052481,20,-15,-36
1741510787.098481,39,32,33
1741510787.144481,0,-31,-266
1741510787.190481,-63,-41,7
1741510787.235481,32,0,-36
1741510787.281481,-13,-59,-132
1741510787.327481,-25,-19,-2
1741510787.3724809,22,-31,-130
1741510787.4184809,52,44,-74
1741510787.4644809,-15,28,-64
1741510787.5104809,28,21,-6
1741510787.555481,26,15,-120
1741510787.601481,-23,19,53
1741510787.647481,5,19,-126
1741510787.6924808,9,1,-146
1741510787.7384808,-78,-26,-28
1741510787.7844808,59,-18,-100
1741510787.8304808,0,22,-60
1741510787.875481,-43,-1,-134
1741510787.921481,41,45,-4
1741510787.967481,-6,7,-148
1741510788.012481,-31,-57,-66
1741510788.058481,-81,44,-48
1741510788.104481,-17,50,-36
1741510788.150481,-1,-21,-60
1741510788.1954808,54,22,19
1741510788.2414808,-91,0,-34
1741510788.2874808,-25,-41,-190
1741510788.332481,15,-9,-34
1741510788.378481,-7,20,-25
1741510788.424481,43,14,-57
1741510788.470481,11,-71,118
1741510788.515481,-42,-45,-71
1741510788.561481,13,-7,-145
1741510788.607481,23,-35,-75
1741510788.6524808,22,18,-19
1741510788.6984808,5,-121,-65
1741510788.7444808,-86,20,-83
1741510788.7904809,-26,-89,-27
1741510788.834481,-27,-69,-23
1741510788.880481,-5,-11,-135
1741510788.926481,64,-18,-29
1741510788.9714808,80,-69,-99
1741510789.0174809,-91,-45,-51
1741510789.0634809,0,-8,-187
1741510789.108481,-35,-43,-116
1741510789.154481,28,8,-61
1741510789.200481,37,2,-109
1741510789.246481,82,84,-67
1741510789.291481,-18,-57,-33
1741510789.337481,-33,0,-73
1741510789.383481,-45,-69,-177
1741510789.4284809,-12,10,-79
1741510789.4744809,-26,-78,-241
1741510789.5204809,16,-75,-37
1741510789.5664809,-108,-60,-27
1741510789.611481,86,35,-131
1741510789.657481,-9,-30,-32
1741510789.703481,44,51,-57
1741510789.748481,54,-19,-117
1741510789.7944808,-55,-11,-53
1741510789.8404808,14,25,22
1741510789.8864808,56,-7,-25
1741510789.931481,1,-29,-41
1741510789.977481,61,52,14
1741510790.023481,29,29,-131
1741510790.068481,26,98,-69
1741510790.114481,-15,-29,-61
1741510790.160481,12,61,-119
1741510790.206481,-35,11,-101
1741510790.2514808,10,23,36
1741510790.2974808,-29,27,-49
1741510790.3434808,0,35,-69
1741510790.388481,-55,41,-111
1741510790.434481,-61,13,-33
1741510790.480481,62,33,-187
1741510790.526481,17,-7,-103
1741510790.571481,-28,-15,-43
1741510790.617481,-23,-4,-79
1741510790.663481,-51,-19,-15
1741510790.7084808,50,-19,-5
1741510790.7544808,23,22,-91
1741510790.8004808,-72,34,-43
1741510790.8464808,-19,16,-109
1741510790.891481,-75,5,-47
1741510790.937481,-9,-23,-99
1741510790.983481,42,62,-134
1741510791.028481,-75,28,-33
1741510791.074481,82,26,-97
1741510791.120481,-105,-15,-180
1741510791.166481,52,31,-117
1741510791.2114809,-15,17,-39
1741510791.2574809,5,10,-75
1741510791.3034809,-30,-7,-21
1741510791.348481,21,6,-33
1741510791.394481,82,-33,-63
1741510791.440481,-21,20,20
1741510791.485481,51,-43,-76
1741510791.531481,-2,-27,-121
1741510791.577481,-5,-28,-55
1741510791.623481,35,-119,-81
1741510791.6684809,9,-3,-169
1741510791.7144809,-24,-30,-2
1741510791.7604809,-24,-16,-38
1741510791.805481,17,28,-127
1741510791.851481,37,14,30
1741510791.897481,-70,47,-37
1741510791.943481,-58,51,-47
1741510791.9884808,16,9,-69
1741510792.0344808,-11,23,-89
1741510792.0804808,79,-62,-123
1741510792.125481,-26,-88,-161
1741510792.171481,-4,-56,-47
1741510792.217481,13,-82,-41
1741510792.263481,11,-40,-71
1741510792.308481,35,87,-103
1741510792.354481,-57,-86,-65
1741510792.400481,44,-19,-45
1741510792.4454808,-11,-39,-3
1741510792.4914808,-7,42,-77
1741510792.5374808,-27,6,-111
1741510792.5834808,37,1,-67
1741510792.628481,-50,-28,-43
1741510792.674481,-30,55,-45
1741510792.720481,-40,-24,-101
1741510792.765481,26,-59,-87
1741510792.811481,33,15,-13
1741510792.857481,-26,27,-49
1741510792.903481,67,55,-83
1741510792.9484808,11,9,-71
1741510792.9944808,-16,17,-125
1741510793.0404809,127,-12,-25
1741510793.085481,-138,-46,-43
1741510793.131481,59,-14,-58
1741510793.177481,-23,68,23
1741510793.223481,50,58,-70
1741510793.268481,-63,24,-196
1741510793.314481,20,33,-6
1741510793.360481,56,-52,-180
1741510793.4054809,-33,21,-94
1741510793.4514809,-4,57,-102
1741510793.4974809,61,-52,-40
1741510793.5434809,57,5,-38
1741510793.588481,-59,-9,-118
1741510793.634481,-3,34,23
1741510793.680481,7,15,-134
1741510793.725481,0,-11,-26
1741510793.771481,12,22,53
1741510793.8174808,-12,-18,-56
1741510793.8634808,-42,14,0
1741510793.908481,-8,10,-188
1741510793.954481,-8,-37,-96
1741510794.000481,49,-8,-70
1741510794.045481,64,8,-80
1741510794.091481,2,-23,-78
1741510794.137481,1,-17,-184
1741510794.183481,65,30,-90
1741510794.2284808,-24,-5,-60
1741510794.2744808,0,68,-62
1741510794.3204808,-10,42,-170
1741510794.371481,-17,-36,-134
1741510794.417481,6,93,-58
1741510794.463481,10,-4,-176
1741510794.508481,-15,3,27
1741510794.554481,4,22,-70
1741510794.600481,-5,14,-34
1741510794.6454809,4,-13,-150
1741510794.690481,88,-69,-64
1741510794.736481,114,-61,-70
1741510794.781481,26,-99,-146
1741510794.827481,17,-52,-53
1741510794.873481,-17,22,-75
1741510794.9194808,71,-64,-20
1741510794.9644809,-56,-42,-65
1741510795.0104809,31,-76,-157
1741510795.056481,-48,39,-167
1741510795.101481,-28,51,-89
1741510795.147481,-51,-41,-49
1741510795.193481,37,19,-103
1741510795.239481,11,-6,-89
1741510795.2844808,-40,-70,68
1741510795.3304808,-38,11,-117
1741510795.3764808,61,-20,-49
1741510795.421481,22,-34,92
1741510795.467481,-45,-58,-115
1741510795.513481,-30,-64,0
1741510795.559481,-18,13,-42
1741510795.604481,-47,-69,-96
1741510795.650481,64,-36,-90
1741510795.696481,-60,-60,-61
1741510795.7414808,34,57,-57
1741510795.7874808,-113,9,-177
1741510795.8334808,-28,-72,-43
1741510795.8794808,-54,43,-121
1741510795.924481,3,-46,-169
1741510795.970481,-64,-28,-165
1741510796.016481,35,11,-99
1741510796.061481,69,9,-71
1741510796.107481,-4,11,-131
1741510796.153481,51,41,-95
1741510796.199481,1,-22,-17
1741510796.2444808,-34,21,-185
1741510796.2904809,-73,15,-93
1741510796.3364809,-5,-5,-147
1741510796.381481,26,-27,-109
1741510796.427481,-73,12,-95
1741510796.473481,1,27,-33
1741510796.519481,40,-30,-91
1741510796.564481,-98,-64,-59
1741510796.610481,-35,6,-63
1741510796.656481,48,-31,-29
1741510796.7014809,-103,6,12
1741510796.7474809,-23,0,-139
1741510796.7934809,51,49,-13
1741510796.8394809,-7,-83,-55
1741510796.884481,-91,14,-63
1741510796.930481,-43,-21,38
1741510796.976481,-31,-9,-161
1741510797.021481,-15,-101,-41
1741510797.0674808,56,74,-112
1741510797.1134808,58,12,-120
1741510797.1594808,-28,-2,-78
1741510797.204481,-85,42,-52
1741510797.250481,48,-51,-78
1741510797.296481,-8,-8,-78
1741510797.341481,8,-3,0
1741510797.387481,-18,-36,-34
1741510797.433481,58,-65,-38
1741510797.479481,-66,-4,-170
1741510797.5244808,-17,-3,-72
1741510797.5704808,72,-41,-36
1741510797.6164808,-24,-38,-80
1741510797.661481,0,57,-168
1741510797.707481,0,-14,-186
1741510797.753481,51,49,-90
1741510797.799481,-135,-8,-110
1741510797.844481,13,-24,-100
1741510797.890481,9,-24,-148
1741510797.936481,-27,26,-62
1741510797.9814808,29,-36,-158
1741510798.0274808,36,4,-90
1741510798.0734808,10,8,-20
1741510798.1194808,-81,-71,-42
1741510798.164481,4,-15,-30
1741510798.210481,-3,-21,3
1741510798.256481,-23,114,-118
1741510798.301481,-27,-45,-46
1741510798.347481,46,-66,-102
1741510798.393481,57,52,-18
1741510798.4384809,-18,18,-88
1741510798.4844809,7,-31,-122
1741510798.5304809,-10,32,65
1741510798.5764809,27,66,-91
1741510798.621481,147,14,-91
1741510798.667481,-18,34,-71
1741510798.713481,-42,40,-63
1741510798.758481,19,-35,-39
1741510798.804481,10,6,-89
1741510798.850481,-5,16,-173
1741510798.896481,-5,6,-183
1741510798.9414809,-41,8,-67
1741510798.9874809,36,-89,-181
1741510799.033481,-57,18,24
1741510799.078481,20,-73,38
1741510799.124481,-12,43,-159
1741510799.170481,26,-45,-131
1741510799.216481,11,-12,-177
1741510799.2614808,29,-34,-110
1741510799.3074808,-122,7,-109
1741510799.3534808,-10,5,4
1741510799.398481,25,0,-59
1741510799.444481,-68,61,18
1741510799.490481,-62,63,-3
1741510799.536481,39,-20,-131
1741510799.581481,-44,23,-135
1741510799.627481,33,-52,-53
1741510799.673481,-40,19,-119
1741510799.7184808,96,19,76
1741510799.7644808,34,41,-59
1741510799.8104808,-12,12,-7
1741510799.8564808,-30,28,18
1741510799.901481,-60,-57,-89
1741510799.947481,17,-13,-211
1741510799.993481,-24,-19,-133
