time,x,y,z
1754049600.00846,3,-1,-171
1754049600.0464602,0,0,-153
1754049600.0854602,3,4,-168
1754049600.1214602,1,4,-163
1754049600.15846,-7,0,-161
1754049600.19646,0,-1,-152
1754049600.23546,0,-3,-147
1754049600.27146,-6,-8,-152
1754049600.3094602,0,-1,-158
1754049600.34746,-4,-1,-157
1754049600.38646,0,0,-165
1754049600.4244602,0,5,-174
1754049600.4604602,6,6,-171
1754049600.49746,5,-4,-148
1754049600.5364602,-2,-1,-144
1754049600.57446,0,1,-162
1754049600.61046,0,-1,-170
1754049600.64846,9,0,-164
1754049600.68646,2,4,-165
1754049600.72546,7,6,-158
1754049600.76146,1,-5,-169
1754049600.7994602,0,-4,-158
1754049600.83746,1,0,-161
1754049600.87646,-1,3,-155
1754049600.9144602,-5,2,-168
1754049600.9504602,-2,3,-147
1754049600.98846,5,-1,-155
1754049601.0264602,5,-1,-160
1754049601.0654602,1,-4,-146
1754049601.10146,7,-2,-168
1754049601.13946,4,-4,-169
1754049601.17846,0,1,-176
1754049601.21646,3,5,-160
1754049601.25446,2,-8,-143
1754049601.29146,-3,-8,-147
1754049601.32846,-5,-1,-144
1754049601.36646,7,-5,-147
1754049601.40546,0,-3,-155
1754049601.44146,9,-2,-152
1754049601.47846,1,-9,-157
1754049601.5164602,-1,-8,-156
1754049601.55546,2,0,-162
1754049601.59146,-3,0,-165
1754049601.6284602,0,0,-155
1754049601.66646,0,-2,-148
1754049601.70546,0,-7,-158
1754049601.74146,3,-5,-153
1754049601.7794602,-2,-2,-164
1754049601.81746,-4,5,-156
1754049601.85646,-1,0,-154
1754049601.89246,-1,-7,-167
1754049601.93046,4,-5,-154
1754049601.96846,4,-3,-151
1754049602.0064602,-2,-6,-153
1754049602.04546,-2,-4,-160
1754049602.08146,1,-5,-159
1754049602.11946,3,-2,-161
1754049602.1574602,4,0,-159
1754049602.19646,6,-3,-158
1754049602.23246,4,-10,-148
1754049602.27046,6,2,-162
1754049602.30846,-2,0,-163
1754049602.34746,-1,1,-164
1754049602.38546,2,1,-169
1754049602.4214602,-3,3,-155
1754049602.45946,-6,-2,-150
1754049602.49846,0,-2,-152
1754049602.5364602,-9,1,-160
1754049602.5724602,-6,0,-157
1754049602.61046,-3,-6,-158
1754049602.64846,0,-2,-155
1754049602.6874602,3,-6,-161
1754049602.72546,-5,1,-153
1754049602.76146,-4,2,-155
1754049602.7994602,3,-3,-165
1754049602.83746,7,-2,-164
1754049602.87646,2,-3,-157
1754049602.91246,0,-7,-160
1754049602.95146,-8,-5,-158
1754049602.98846,-1,2,-164
1754049603.02746,-4,-1,-167
1754049603.0654602,1,1,-162
1754049603.10146,-7,3,-159
1754049603.14046,-5,-3,-153
1754049603.1774602,0,-3,-157
1754049603.21646,5,-5,-147
1754049603.25246,4,-1,-151
1754049603.29046,4,0,-163
1754049603.32846,1,1,-164
1754049603.37346,-2,0,-148
1754049603.41046,2,-5,-152
1754049603.44846,1,-3,-158
1754049603.48746,2,1,-156
1754049603.52346,-2,0,-153
1754049603.56146,0,0,-163
1754049603.59946,-4,-1,-169
1754049603.63746,-5,7,-160
1754049603.67646,8,-1,-161
1754049603.71246,3,-1,-160
1754049603.75046,4,4,-148
1754049603.78846,3,-3,-157
1754049603.82746,0,-3,-152
1754049603.86346,-1,-6,-160
1754049603.9014602,-1,0,-163
1754049603.9404602,2,0,-165
1754049603.97746,0,-2,-159
1754049604.0164602,-3,1,-160
1754049604.0524602,-2,0,-162
1754049604.09046,0,-1,-164
1754049604.1284602,2,-4,-174
1754049604.1674602,1,5,-160
1754049604.20346,0,0,-162
1754049604.2404602,-1,-1,-159
1754049604.2794602,-6,0,-161
1754049604.31746,-2,1,-164
1754049604.35346,0,1,-167
1754049604.39046,-6,1,-175
1754049604.42946,-4,-3,-168
1754049604.4674602,3,-5,-161
1754049604.5034602,6,-1,-157
1754049604.54146,6,-5,-157
1754049604.57946,1,-1,-157
1754049604.6184602,-1,-2,-165
1754049604.65646,3,-1,-164
1754049604.69246,0,0,-162
1754049604.72946,-1,-7,-158
1754049604.76846,-4,0,-168
1754049604.80646,-5,1,-164
1754049604.8424602,0,-1,-168
1754049604.88046,3,-4,-165
1754049604.91846,1,0,-156
1754049604.9574602,9,4,-156
1754049604.9934602,1,3,-157
1754049605.03046,2,-5,-154
1754049605.06846,-2,-2,-158
1754049605.10746,3,2,-156
1754049605.14346,5,0,-160
1754049605.18046,-1,-5,-163
1754049605.21846,3,-7,-150
1754049605.25746,-1,-3,-165
1754049605.29346,3,4,-163
1754049605.33046,0,8,-148
1754049605.3684602,-5,4,-154
1754049605.4074602,-3,1,-156
1754049605.44346,-10,3,-162
1754049605.48146,-8,0,-169
1754049605.5194602,3,0,-152
1754049605.55846,-3,2,-161
1754049605.59446,3,2,-165
1754049605.63246,6,2,-170
1754049605.6714602,4,-1,-160
1754049605.70846,-7,0,-155
1754049605.74746,4,0,-154
1754049605.78346,1,1,-158
1754049605.82046,-2,2,-161
1754049605.8584602,6,-6,-161
1754049605.89746,8,0,-157
1754049605.93346,2,-1,-158
1754049605.97246,0,0,-164
1754049606.0094602,8,-7,-159
1754049606.04846,0,-6,-154
1754049606.08446,-1,-8,-160
1754049606.12246,0,-1,-154
1754049606.16046,2,1,-162
1754049606.19946,2,0,-152
1754049606.23746,2,-6,-153
1754049606.27346,4,-1,-153
1754049606.31146,3,0,-156
1754049606.35046,0,-6,-157
1754049606.3884602,1,-2,-165
1754049606.4244602,0,-3,-171
1754049606.4634602,-1,3,-163
1754049606.50046,10,-5,-158
1754049606.5394602,0,2,-152
1754049606.57746,-4,-1,-155
1754049606.61346,3,3,-156
1754049606.65046,-1,1,-157
1754049606.68946,1,0,-148
1754049606.72746,1,0,-166
1754049606.7634602,1,0,-171
1754049606.80046,6,2,-163
1754049606.83946,10,-1,-157
1754049606.87746,3,-5,-160
1754049606.91346,3,-2,-165
1754049606.95146,1,-4,-164
1754049606.98946,-1,1,-159
1754049607.02846,2,1,-157
1754049607.06446,2,-1,-145
1754049607.10246,-2,-2,-163
1754049607.14046,-1,3,-162
1754049607.17946,-6,9,-154
1754049607.21546,-1,2,-167
1754049607.2534602,-10,0,-166
1754049607.2924602,-10,0,-173
1754049607.32946,-1,0,-173
1754049607.3684602,4,4,-164
1754049607.40546,0,-2,-156
1754049607.44246,0,3,-157
1754049607.4804602,0,-4,-156
1754049607.5194602,6,4,-160
1754049607.55546,-1,4,-171
1754049607.59346,0,0,-149
1754049607.6314602,-2,7,-159
1754049607.66946,-2,-3,-149
1754049607.70846,1,-2,-151
1754049607.74446,0,-1,-160
1754049607.7824602,-4,0,-161
1754049607.82046,-4,-3,-159
1754049607.85946,-3,-4,-155
1754049607.89646,-4,-1,-154
1754049607.93346,-1,0,-151
1754049607.97146,-2,-2,-167
1754049608.01046,-2,-3,-155
1754049608.04846,-7,0,-168
1754049608.08446,-1,-1,-162
1754049608.12246,2,0,-155
1754049608.16046,4,5,-161
1754049608.19946,4,2,-157
1754049608.23546,7,-3,-166
1754049608.27346,6,-3,-173
1754049608.3124602,1,-1,-166
1754049608.35046,-3,-4,-152
1754049608.3884602,-1,0,-146
1754049608.4244602,6,-2,-150
1754049608.46246,3,-1,-152
1754049608.50046,0,-1,-153
1754049608.5394602,-2,-1,-161
1754049608.5754602,-2,-8,-156
1754049608.61346,0,-1,-154
1754049608.6514602,2,-6,-164
1754049608.6904602,10,-8,-160
1754049608.72846,0,-1,-167
1754049608.76446,-3,-2,-170
1754049608.8024602,-6,4,-155
1754049608.84046,-3,0,-159
1754049608.87946,0,-1,-157
1754049608.91546,5,0,-157
1754049608.95246,9,-4,-152
1754049608.9904602,-2,-4,-151
1754049609.0294602,0,-3,-152
1754049609.0654602,-3,0,-150
1754049609.10246,0,-11,-164
1754049609.14046,-2,-6,-156
1754049609.17946,0,-1,-172
1754049609.21546,1,0,-150
1754049609.25246,-2,-4,-153
1754049609.29046,-1,0,-149
1754049609.32946,7,4,-153
1754049609.3654602,8,-2,-146
1754049609.40346,-2,0,-150
1754049609.44146,7,-3,-160
1754049609.4804602,0,-7,-166
1754049609.5164602,0,-2,-158
1754049609.55446,-2,-2,-162
1754049609.5924602,2,2,-154
1754049609.63046,0,1,-150
1754049609.66946,5,1,-157
1754049609.70546,4,3,-159
1754049609.74246,-6,-3,-153
1754049609.78046,-2,6,-162
1754049609.8194602,-2,-4,-157
1754049609.8554602,2,0,-155
1754049609.89246,-3,6,-163
1754049609.93146,2,4,-159
1754049609.96946,5,4,-175
1754049610.00546,3,4,-163
1754049610.0424602,-2,-4,-158
1754049610.08146,0,2,-148
1754049610.11946,-4,-1,-160
1754049610.15546,4,0,-160
1754049610.19246,-1,-3,-164
1754049610.23146,0,0,-153
1754049610.2694602,0,-4,-156
1754049610.30546,-6,1,-161
1754049610.34346,1,0,-162
1754049610.38246,1,-1,-155
1754049610.42046,2,-1,-160
1754049610.45646,7,2,-156
1754049610.49546,5,2,-149
1754049610.5324602,5,3,-155
1754049610.57146,-2,-4,-167
1754049610.60946,-4,2,-161
1754049610.64546,-2,0,-160
1754049610.68246,11,4,-154
1754049610.72146,4,0,-155
1754049610.7594602,-7,0,-148
1754049610.79546,-4,0,-164
1754049610.8324602,-3,0,-162
1754049610.8714602,0,1,-170
1754049610.90946,9,-6,-165
1754049610.94546,5,5,-168
1754049610.9834602,0,-8,-162
1754049611.02146,0,-4,-172
1754049611.06046,2,1,-155
1754049611.09646,9,-5,-154
1754049611.1344602,-1,0,-161
1754049611.17246,3,0,-161
1754049611.21146,2,-2,-163
1754049611.24746,-3,6,-159
1754049611.2864602,-5,0,-163
1754049611.32346,2,1,-153
1754049611.3614602,6,0,-160
1754049611.40046,2,-2,-155
1754049611.43646,0,-2,-161
1754049611.47446,2,-4,-163
1754049611.51246,0,3,-167
1754049611.55146,-4,-2,-158
1754049611.58746,2,2,-156
1754049611.62446,8,-2,-159
1754049611.66246,-1,1,-164
1754049611.70146,-5,5,-174
1754049611.73746,2,1,-166
1754049611.77446,4,-2,-156
1754049611.8124602,0,-9,-160
1754049611.85146,-3,4,-161
1754049611.88746,1,0,-152
1754049611.9244602,3,0,-149
1754049611.96246,-4,-2,-163
1754049612.00146,-8,-6,-169
1754049612.03746,-13,-7,-160
1754049612.0754602,4,-4,-171
1754049612.11346,4,-2,-159
1754049612.15246,0,-4,-146
1754049612.1904602,6,-2,-152
1754049612.22646,10,0,-146
1754049612.2634602,6,0,-154
1754049612.3024602,2,2,-162
1754049612.34046,7,-1,-165
1754049612.37646,0,-3,-163
1754049612.41546,2,-3,-157
1754049612.45246,-1,-7,-154
1754049612.49146,-3,0,-155
1754049612.52846,-1,-1,-156
1754049612.5654602,-8,5,-159
1754049612.60446,2,3,-161
1754049612.64246,4,-3,-159
1754049612.68046,0,0,-161
1754049612.71646,4,-7,-163
1754049612.75446,-1,0,-172
1754049612.7924602,4,0,-158
1754049612.83146,5,4,-156
1754049612.86746,4,3,-162
1754049612.9044602,1,-1,-162
1754049612.94246,1,-7,-152
1754049612.98146,1,0,-146
1754049613.01746,-1,-2,-151
1754049613.05546,-4,-2,-152
1754049613.09346,0,0,-153
1754049613.13246,0,-1,-148
1754049613.16846,5,-3,-151
1754049613.2074602,7,-2,-151
1754049613.24446,1,-2,-146
1754049613.2824602,3,-3,-156
1754049613.32146,-3,-7,-166
1754049613.35746,-1,-3,-164
1754049613.40346,-3,0,-160
1754049613.44146,0,-5,-150
1754049613.47746,-2,-6,-150
1754049613.51546,1,-8,-156
1754049613.55346,1,-4,-165
1754049613.5924602,0,-9,-150
1754049613.6284602,6,-1,-151
1754049613.66646,0,1,-156
1754049613.70446,4,-2,-150
1754049613.7434602,0,-5,-161
1754049613.78146,0,0,-162
1754049613.81746,4,2,-158
1754049613.85446,-1,4,-161
1754049613.89346,2,6,-143
1754049613.93146,-4,7,-156
1754049613.9674602,-8,8,-140
1754049614.00546,-4,0,-151
1754049614.04346,-2,-1,-155
1754049614.0824602,0,-2,-146
1754049614.1184602,2,3,-157
1754049614.15546,1,3,-161
1754049614.19346,0,4,-165
1754049614.23246,-3,4,-166
1754049614.26846,-1,-6,-158
1754049614.30746,-4,-1,-158
1754049614.34446,1,0,-151
1754049614.38346,-3,0,-154
1754049614.4214602,-1,8,-149
1754049614.4574602,0,10,-158
1754049614.49446,-1,-5,-164
1754049614.53346,-5,-6,-179
1754049614.57146,5,-3,-165
1754049614.60746,1,-3,-168
1754049614.64546,1,-2,-162
1754049614.68346,3,-4,-151
1754049614.72246,8,2,-148
1754049614.75846,4,6,-145
1754049614.7964602,-7,0,-156
1754049614.8354602,5,2,-152
1754049614.87346,-1,-1,-154
1754049614.90946,0,-1,-158
1754049614.9474602,-4,2,-157
1754049614.98546,0,1,-167
1754049615.02346,-5,3,-168
1754049615.0624602,-5,0,-168
1754049615.0984602,-3,0,-163
1754049615.13546,-4,0,-162
1754049615.17346,0,0,-162
1754049615.21246,2,-1,-168
1754049615.24846,2,0,-167
1754049615.2864602,3,5,-157
1754049615.32346,3,7,-155
1754049615.36246,-4,4,-156
1754049615.39846,-5,-1,-153
1754049615.43646,-6,-3,-151
1754049615.47446,-3,-9,-159
1754049615.5134602,6,-8,-165
1754049615.5494602,0,0,-166
1754049615.58646,-1,4,-172
1754049615.62446,-1,1,-174
1754049615.66346,-1,4,-162
1754049615.69946,-5,-2,-161
1754049615.73746,4,-2,-165
1754049615.77546,5,1,-160
1754049615.81446,4,-4,-152
1754049615.85246,4,-3,-164
1754049615.8884602,3,-2,-165
1754049615.9274602,-6,0,-151
1754049615.96446,-1,0,-158
1754049616.0034602,1,3,-154
1754049616.0394602,0,2,-157
1754049616.07746,0,-1,-149
1754049616.11446,-1,-1,-166
1754049616.15346,-2,-12,-155
1754049616.18946,-3,0,-156
1754049616.22746,8,-4,-158
1754049616.26546,0,-5,-163
1754049616.30446,-3,-2,-161
1754049616.3424602,0,-5,-159
1754049616.3784602,-3,-1,-148
1754049616.41646,-9,-2,-149
1754049616.45446,-3,-2,-153
1754049616.4934602,-1,1,-169
1754049616.5294602,6,0,-157
1754049616.56646,2,-4,-156
1754049616.60446,6,0,-161
1754049616.64346,7,3,-172
1754049616.67946,5,0,-166
1754049616.71646,8,1,-166
1754049616.75446,5,-1,-173
1754049616.79346,4,-4,-173
1754049616.82946,3,-4,-159
1754049616.86746,0,1,-172
1754049616.90546,-8,-2,-159
1754049616.9444602,4,-1,-157
1754049616.9804602,11,1,-158
1754049617.01746,0,0,-155
1754049617.05646,0,1,-152
1754049617.09446,-7,7,-156
1754049617.13046,-6,5,-164
1754049617.16946,-6,0,-156
1754049617.20646,-1,5,-166
1754049617.24446,4,4,-155
1754049617.28346,5,-5,-160
1754049617.3194602,7,-2,-166
1754049617.35746,4,-10,-163
1754049617.39546,-1,-2,-151
1754049617.4344602,0,-3,-151
1754049617.4704602,1,1,-162
1754049617.50746,6,2,-173
1754049617.54546,0,1,-161
1754049617.58446,1,-1,-158
1754049617.62046,1,-9,-159
1754049617.65846,0,-11,-160
1754049617.69646,0,-6,-161
1754049617.73546,-3,0,-155
1754049617.77346,-1,0,-166
1754049617.8094602,1,-2,-157
1754049617.84746,5,-4,-172
1754049617.88546,-2,-4,-168
1754049617.9244602,-1,-4,-163
1754049617.9604602,0,4,-151
1754049617.99746,-4,-4,-160
1754049618.03546,-1,-5,-160
1754049618.07446,-1,-1,-155
1754049618.11046,-3,0,-162
1754049618.14846,-1,-11,-153
1754049618.18646,3,-11,-163
1754049618.22546,0,-4,-153
1754049618.2634602,-1,-2,-161
1754049618.2994602,-5,2,-161
1754049618.33746,0,2,-171
1754049618.37546,0,5,-156
1754049618.4144602,3,2,-168
1754049618.4504602,-1,5,-161
1754049618.48846,-6,-1,-163
1754049618.5264602,0,-4,-157
1754049618.5654602,0,-5,-153
1754049618.60346,4,-2,-145
1754049618.63946,0,-1,-158
1754049618.67646,0,1,-165
1754049618.71546,1,-4,-160
1754049618.7534602,1,-1,-162
1754049618.7894602,2,-2,-163
1754049618.82746,2,-3,-155
1754049618.8654602,5,0,-162
1754049618.9044602,1,-2,-157
1754049618.9404602,1,-5,-159
1754049618.97846,6,-2,-148
1754049619.0164602,1,-2,-155
1754049619.05546,1,3,-162
1754049619.09146,-2,-4,-160
1754049619.12946,-7,-2,-153
1754049619.1674602,-4,-4,-160
1754049619.20546,-1,-5,-161
1754049619.24446,-1,4,-176
1754049619.28046,2,2,-170
1754049619.31846,-1,-1,-166
1754049619.35646,-2,-4,-158
1754049619.39546,-3,-1,-161
1754049619.43146,-4,-7,-149
1754049619.46946,0,-1,-151
1754049619.50746,-6,2,-159
1754049619.54546,3,-3,-154
1754049619.58446,-4,2,-159
1754049619.62046,-1,-1,-166
1754049619.65846,-8,0,-164
1754049619.69646,2,-3,-166
1754049619.73546,4,-1,-168
1754049619.77146,0,-3,-157
1754049619.8094602,1,9,-164
1754049619.84746,-1,3,-164
1754049619.88646,-6,1,-150
1754049619.9244602,-1,1,-145
1754049619.9604602,0,0,-151
1754049619.99746,0,-6,-145
1754049620.0364602,-5,-1,-158
1754049620.07446,1,1,-145
1754049620.11046,2,0,-157
1754049620.14746,0,-2,-156
1754049620.18646,-5,2,-163
1754049620.22446,4,-6,-163
1754049620.26046,-1,-2,-156
1754049620.29846,-2,-2,-159
1754049620.33646,-3,-2,-166
1754049620.37546,4,-2,-153
1754049620.4114602,7,-4,-152
1754049620.44946,-3,-9,-152
1754049620.48746,-1,-6,-154
1754049620.5264602,2,-7,-155
1754049620.56446,0,-11,-153
1754049620.60046,-3,-12,-154
1754049620.6384602,3,-8,-148
1754049620.67646,1,0,-152
1754049620.71546,0,6,-148
1754049620.75146,6,2,-151
1754049620.78846,11,-7,-158
1754049620.82646,2,-11,-157
1754049620.8654602,0,-2,-159
1754049620.9014602,-7,1,-158
1754049620.93946,-2,0,-163
1754049620.97746,6,-3,-166
1754049621.0164602,2,-6,-155
1754049621.0524602,2,-5,-151
1754049621.09046,-4,-2,-159
1754049621.12946,3,-4,-156
1754049621.16646,11,-10,-155
1754049621.20546,5,-4,-147
1754049621.24246,-2,-1,-156
1754049621.2794602,-4,3,-165
1754049621.31846,3,0,-160
1754049621.35646,2,1,-152
1754049621.39246,-6,2,-165
1754049621.43046,3,0,-156
1754049621.46846,4,-8,-152
1754049621.5064602,9,-7,-154
1754049621.54546,8,0,-162
1754049621.58146,-1,0,-162
1754049621.6184602,0,0,-150
1754049621.6574602,-7,-2,-155
1754049621.69546,-8,5,-162
1754049621.73146,0,2,-152
1754049621.76846,-1,0,-159
1754049621.80746,0,2,-159
1754049621.8454602,-4,7,-170
1754049621.8814602,-7,4,-163
1754049621.91946,1,-3,-160
1754049621.9574602,5,-1,-161
1754049621.9964602,-3,-4,-163
1754049622.0324602,-8,-1,-163
1754049622.07046,-6,3,-150
1754049622.10946,-2,1,-148
1754049622.14746,0,6,-156
1754049622.18546,6,4,-157
1754049622.22146,-1,0,-147
1754049622.2594602,0,-5,-149
1754049622.29746,4,-2,-164
1754049622.33646,2,5,-152
1754049622.37246,1,-2,-159
1754049622.41046,6,0,-148
1754049622.44846,5,-1,-147
1754049622.48746,-2,0,-144
1754049622.52546,7,0,-154
1754049622.56146,0,-2,-162
1754049622.59946,0,-1,-159
1754049622.63746,7,5,-165
1754049622.67646,7,5,-162
1754049622.71246,5,-5,-154
1754049622.75146,0,2,-158
1754049622.78846,-1,-3,-163
1754049622.82746,-2,-7,-176
1754049622.86346,-1,-1,-168
1754049622.9014602,7,-9,-172
1754049622.93946,-8,0,-173
1754049622.97746,-1,8,-169
1754049623.0164602,0,0,-169
1754049623.0524602,0,-2,-171
1754049623.09046,-2,2,-170
1754049623.1284602,3,-1,-161
1754049623.1674602,-2,-4,-156
1754049623.20346,-6,-5,-148
1754049623.24246,2,-3,-156
1754049623.2794602,0,-1,-165
1754049623.31746,6,0,-148
1754049623.35646,0,5,-164
1754049623.39246,-2,9,-158
1754049623.43846,0,1,-160
1754049623.47646,0,-3,-169
1754049623.51246,-1,-2,-154
1754049623.55146,3,-2,-153
1754049623.5884602,10,2,-160
1754049623.62746,2,-2,-162
1754049623.66346,-2,2,-165
1754049623.70146,2,3,-157
1754049623.73946,7,0,-160
1754049623.77846,6,-1,-163
1754049623.81646,7,0,-164
1754049623.85246,5,-5,-158
1754049623.89046,1,2,-155
1754049623.92846,0,-1,-158
1754049623.9674602,-3,0,-165
1754049624.0034602,-1,3,-162
1754049624.04146,0,2,-169
1754049624.07946,0,3,-162
1754049624.1184602,-5,0,-163
1754049624.15646,-7,3,-152
1754049624.19246,-2,1,-152
1754049624.2304602,-7,-2,-158
1754049624.26846,-1,-1,-152
1754049624.30746,4,3,-156
1754049624.34346,5,0,-160
1754049624.3814602,-6,-3,-150
1754049624.41946,1,0,-150
1754049624.45846,7,-7,-149
1754049624.4964602,5,0,-150
1754049624.5324602,3,3,-144
1754049624.5694602,1,1,-155
1754049624.6084602,0,1,-147
1754049624.6444602,6,-1,-156
1754049624.68246,1,1,-163
1754049624.7204602,0,1,-150
1754049624.75846,-3,4,-162
1754049624.79746,-6,-1,-154
1754049624.83346,-3,1,-151
1754049624.8714602,1,0,-154
1754049624.90946,4,3,-161
1754049624.94846,-8,-4,-156
1754049624.98446,-6,-1,-156
1754049625.02346,-3,-3,-147
1754049625.06146,2,-7,-146
1754049625.0984602,6,-4,-157
1754049625.13746,1,-10,-155
1754049625.17346,4,-3,-164
1754049625.21146,-1,3,-167
1754049625.25046,6,3,-163
1754049625.28846,-2,-1,-148
1754049625.32446,-4,-5,-162
1754049625.36246,-3,-4,-168
1754049625.40046,0,-5,-158
1754049625.43846,2,-2,-154
1754049625.47746,6,-1,-150
1754049625.5134602,-3,0,-149
1754049625.55146,-1,0,-145
1754049625.58946,-1,-4,-161
1754049625.6284602,2,-7,-155
1754049625.6644602,0,-1,-161
1754049625.70246,-6,-3,-171
1754049625.7404602,-2,-8,-163
1754049625.7794602,-3,0,-165
1754049625.81746,0,1,-155
1754049625.85346,8,-4,-147
1754049625.8914602,1,-4,-165
1754049625.92946,2,-7,-162
1754049625.96846,0,0,-155
1754049626.00446,-2,-1,-149
1754049626.0424602,0,6,-165
1754049626.08046,6,7,-158
1754049626.11946,4,0,-164
1754049626.1574602,0,4,-149
1754049626.19346,2,0,-153
1754049626.2304602,0,2,-158
1754049626.2694602,-2,4,-168
1754049626.30746,-2,4,-168
1754049626.34346,1,3,-156
1754049626.38046,5,-4,-154
1754049626.41946,-6,-1,-152
1754049626.4574602,-1,1,-164
1754049626.4934602,-1,-3,-163
1754049626.53146,-5,0,-157
1754049626.5694602,-4,0,-166
1754049626.6084602,-6,-5,-156
1754049626.6444602,1,-14,-148
1754049626.68246,4,-4,-160
1754049626.7204602,0,-1,-151
1754049626.7594602,-5,-1,-162
1754049626.79546,-5,-3,-156
1754049626.83346,2,-3,-161
1754049626.87246,8,0,-150
1754049626.90946,6,0,-156
1754049626.94846,-6,0,-166
1754049626.98446,4,-8,-162
1754049627.02346,3,-3,-155
1754049627.06046,-2,0,-152
1754049627.09946,3,4,-156
1754049627.13546,-3,0,-149
1754049627.17346,0,0,-154
1754049627.21146,-1,3,-162
1754049627.24946,5,5,-148
1754049627.28846,2,-2,-154
1754049627.32446,2,-6,-155
1754049627.36246,0,-4,-163
1754049627.40046,3,3,-166
1754049627.43946,6,-4,-167
1754049627.47546,3,1,-163
1754049627.51246,-3,-6,-166
1754049627.55046,-3,3,-163
1754049627.58946,0,-5,-166
1754049627.62546,-2,-5,-160
1754049627.66346,-2,1,-156
1754049627.70246,-3,0,-149
1754049627.7404602,-2,4,-153
1754049627.77846,1,4,-166
1754049627.81446,2,2,-164
1754049627.85246,7,-2,-155
1754049627.89046,4,5,-157
1754049627.92946,0,1,-156
1754049627.96546,1,2,-150
1754049628.00246,10,-2,-150
1754049628.04046,7,0,-155
1754049628.07946,-1,-3,-152
1754049628.1154602,2,-2,-157
1754049628.15346,0,-1,-157
1754049628.19146,1,-4,-155
1754049628.2304602,0,-9,-157
1754049628.26846,-7,-10,-158
1754049628.30446,-3,-9,-160
1754049628.3424602,-3,0,-158
1754049628.3814602,3,0,-154
1754049628.41946,2,5,-156
1754049628.45546,8,1,-155
1754049628.49246,3,-2,-150
1754049628.53146,-2,-4,-159
1754049628.5694602,0,4,-156
1754049628.6054602,-1,-1,-149
1754049628.64346,0,1,-164
1754049628.68146,-2,-4,-155
1754049628.7204602,0,0,-160
1754049628.7564602,-4,-2,-149
1754049628.79446,-8,-2,-156
1754049628.8324602,-1,7,-151
1754049628.87046,0,-3,-152
1754049628.90946,-1,0,-161
1754049628.94546,0,-4,-160
1754049628.9834602,3,2,-166
1754049629.02146,2,3,-158
1754049629.06046,7,0,-159
1754049629.09646,6,0,-157
1754049629.13346,4,-6,-150
1754049629.17246,2,-1,-158
1754049629.2104602,-2,-11,-160
1754049629.2464602,0,0,-159
1754049629.28346,1,-4,-155
1754049629.32146,0,-2,-155
1754049629.36046,2,0,-154
1754049629.39646,1,0,-162
1754049629.4344602,-2,-7,-162
1754049629.47146,2,-3,-164
1754049629.51046,5,-1,-164
1754049629.5464602,1,3,-154
1754049629.58446,3,6,-159
1754049629.62246,3,2,-162
1754049629.6614602,-2,2,-159
1754049629.69946,6,1,-166
1754049629.73546,-5,-1,-166
1754049629.77346,-6,3,-155
1754049629.81146,-5,-6,-150
1754049629.85046,9,3,-151
1754049629.88646,4,-5,-161
1754049629.92346,-1,0,-167
1754049629.96146,-4,-1,-157
1754049630.00046,-4,3,-154
1754049630.0364602,0,0,-157
1754049630.07346,6,1,-150
1754049630.11246,-6,-7,-146
1754049630.15046,0,-1,-155
1754049630.18646,2,-4,-161
1754049630.22546,-5,-8,-159
1754049630.26246,2,-7,-160
1754049630.30146,-1,-6,-161
1754049630.33946,-5,-3,-166
1754049630.37546,-6,-6,-147
1754049630.41346,2,-7,-155
1754049630.45146,0,-4,-160
1754049630.4904602,-1,-1,-160
1754049630.5264602,-1,-8,-158
1754049630.56446,2,-4,-161
1754049630.60246,-3,-5,-161
1754049630.6414602,-3,0,-154
1754049630.6774602,-2,-9,-161
1754049630.71546,3,-5,-162
1754049630.7534602,-3,-1,-158
1754049630.79146,-1,-5,-153
1754049630.83046,-5,-4,-160
1754049630.86646,-4,-1,-168
1754049630.9044602,-4,1,-168
1754049630.94246,3,-1,-154
1754049630.98146,3,0,-161
1754049631.01746,-1,0,-159
1754049631.05446,3,-4,-158
1754049631.0924602,0,-2,-156
1754049631.1314602,2,-3,-159
1754049631.1674602,5,1,-159
1754049631.20446,0,6,-162
1754049631.24246,-1,-3,-160
1754049631.28146,0,-8,-160
1754049631.31746,1,-5,-152
1754049631.3554602,-5,-2,-160
1754049631.39346,-4,-3,-147
1754049631.43246,0,5,-156
1754049631.4704602,0,-2,-159
1754049631.5064602,1,-3,-165
1754049631.54446,-1,-5,-168
1754049631.58346,-1,7,-157
1754049631.6214602,5,3,-152
1754049631.6574602,1,3,-155
1754049631.6944602,-7,-1,-160
1754049631.73246,-9,-5,-160
1754049631.77146,-6,0,-159
1754049631.80746,-2,1,-166
1754049631.84646,3,-9,-156
1754049631.88346,1,-6,-162
1754049631.92246,0,-7,-168
1754049631.9604602,3,-2,-162
1754049631.9964602,-5,-3,-161
1754049632.03446,4,-3,-163
1754049632.07346,0,-2,-156
1754049632.1114602,4,0,-156
1754049632.14746,6,-5,-168
1754049632.18546,1,-3,-150
1754049632.2234602,4,0,-153
1754049632.26246,2,-1,-146
1754049632.30046,9,2,-154
1754049632.33646,2,-1,-165
1754049632.37446,-6,-4,-157
1754049632.41246,-1,-1,-159
1754049632.45146,-5,-2,-152
1754049632.48746,0,3,-167
1754049632.52446,-3,-5,-159
1754049632.5624602,-6,-4,-160
1754049632.60146,0,-6,-158
1754049632.63746,9,0,-157
1754049632.6744602,3,-7,-150
1754049632.71246,-6,-2,-160
1754049632.75146,-2,-5,-163
1754049632.78746,-3,0,-165
1754049632.8254602,3,-2,-167
1754049632.86346,-3,-10,-154
1754049632.90246,0,-5,-160
1754049632.93846,3,1,-167
1754049632.97746,1,3,-169
1754049633.01446,4,-6,-161
1754049633.05346,-1,0,-158
1754049633.09146,-3,-2,-157
1754049633.12746,8,-5,-160
1754049633.16546,3,-6,-158
1754049633.20346,2,0,-166
1754049633.24246,-1,-5,-163
1754049633.27846,1,1,-157
1754049633.3154602,3,5,-154
1754049633.35346,4,4,-159
1754049633.39246,-2,4,-162
1754049633.42846,0,-2,-162
1754049633.47446,-4,2,-176
1754049633.51246,-2,-2,-159
1754049633.54846,-8,0,-150
1754049633.58646,-7,2,-154
1754049633.62446,-2,6,-158
1754049633.66346,6,5,-156
1754049633.70146,-6,2,-170
1754049633.73846,-2,0,-159
1754049633.77546,4,-2,-148
1754049633.81346,5,1,-140
1754049633.85246,1,0,-146
1754049633.8884602,1,-2,-152
1754049633.92646,-4,-1,-137
1754049633.96446,-8,2,-163
1754049634.0034602,-6,-1,-153
1754049634.04146,0,0,-154
1754049634.07846,0,0,-159
1754049634.1154602,1,7,-168
1754049634.15346,3,0,-161
1754049634.19246,-1,-4,-156
1754049634.22846,0,3,-159
1754049634.26546,7,1,-153
1754049634.30346,7,-3,-155
1754049634.3424602,0,3,-160
1754049634.3784602,-3,6,-156
1754049634.41646,-4,3,-153
1754049634.45446,-2,2,-157
1754049634.4934602,2,-4,-158
1754049634.53146,-2,0,-167
1754049634.56846,3,7,-164
1754049634.6054602,-1,1,-164
1754049634.6444602,2,3,-165
1754049634.68246,1,3,-170
1754049634.71846,-1,-6,-155
1754049634.7564602,0,-1,-166
1754049634.79446,-1,-1,-165
1754049634.83346,-5,1,-174
1754049634.86946,0,3,-167
1754049634.90646,5,0,-152
1754049634.9444602,4,2,-155
1754049634.9834602,0,-3,-146
1754049635.0194602,-5,-3,-150
1754049635.05746,-4,-4,-161
1754049635.0954602,1,0,-155
1754049635.13346,-5,1,-153
1754049635.17246,-1,-4,-156
1754049635.20846,-5,-5,-162
1754049635.2464602,0,-4,-156
1754049635.28546,3,-1,-157
1754049635.32346,-3,0,-163
1754049635.35946,-2,-4,-157
1754049635.39746,-8,-4,-166
1754049635.43546,0,-1,-163
1754049635.47446,8,-4,-161
1754049635.51246,2,-1,-174
1754049635.54846,-2,7,-174
1754049635.58646,-4,0,-149
1754049635.62446,-3,-2,-158
1754049635.66346,-1,0,-164
1754049635.69946,2,-1,-165
1754049635.73746,1,0,-147
1754049635.77546,2,0,-151
1754049635.81446,-1,3,-154
1754049635.85246,-5,8,-148
1754049635.8884602,3,3,-145
1754049635.92546,2,6,-158
1754049635.96446,-6,-1,-155
1754049636.00246,-4,-4,-162
1754049636.03846,1,0,-160
1754049636.0754602,-7,0,-160
1754049636.11446,8,0,-155
1754049636.15246,8,5,-161
1754049636.18846,6,-2,-159
1754049636.22746,2,-7,-161
1754049636.26446,-5,-9,-167
1754049636.30346,0,-1,-161
1754049636.33946,-6,-1,-149
1754049636.37746,0,2,-159
1754049636.41546,8,6,-157
1754049636.45446,2,-1,-151
1754049636.4904602,-1,0,-143
1754049636.52846,-2,0,-152
1754049636.56646,0,0,-164
1754049636.60446,5,-7,-159
1754049636.64346,0,-1,-166
1754049636.67946,-2,4,-171
1754049636.7174602,-7,-3,-155
1754049636.75546,-11,-2,-159
1754049636.79446,-2,-5,-148
1754049636.83046,6,1,-160
1754049636.86746,1,-4,-155
1754049636.90546,-3,-2,-161
1754049636.9444602,-1,-3,-159
1754049636.9804602,-3,0,-161
1754049637.01746,1,-3,-160
1754049637.05546,0,-5,-155
1754049637.09446,3,-9,-167
1754049637.13046,0,-9,-155
1754049637.1674602,0,-5,-157
1754049637.20546,5,-7,-148
1754049637.24446,0,-6,-157
1754049637.28046,6,-7,-164
1754049637.31846,3,-1,-166
1754049637.35646,-1,5,-158
1754049637.39546,1,-2,-155
1754049637.43346,1,0,-157
1754049637.46946,0,5,-162
1754049637.5064602,3,1,-156
1754049637.54546,2,1,-142
1754049637.58346,3,-1,-149
1754049637.61946,6,-6,-150
1754049637.6574602,5,-5,-157
1754049637.69646,0,-1,-153
1754049637.73446,1,-4,-145
1754049637.77046,4,0,-168
1754049637.80746,10,1,-165
1754049637.8454602,8,2,-164
1754049637.8844602,-2,-2,-162
1754049637.92046,0,-3,-160
1754049637.95946,1,-6,-168
1754049637.9964602,0,-3,-165
1754049638.03546,-3,3,-162
1754049638.07346,0,3,-164
1754049638.10946,0,0,-156
1754049638.14646,-3,-1,-158
1754049638.18546,0,3,-169
1754049638.2234602,0,4,-163
1754049638.26046,0,0,-155
1754049638.29746,-2,2,-159
1754049638.3354602,-5,3,-161
1754049638.37446,-6,2,-173
1754049638.41046,-3,0,-152
1754049638.44846,0,-1,-149
1754049638.4864602,6,0,-155
1754049638.52546,-1,4,-154
1754049638.56146,4,0,-155
1754049638.5984602,1,-4,-149
1754049638.63646,-1,-7,-156
1754049638.67546,3,0,-156
1754049638.71146,6,2,-155
1754049638.74846,-5,-4,-153
1754049638.7864602,-3,-7,-149
1754049638.8254602,3,-4,-153
1754049638.8614602,0,-3,-169
1754049638.89846,-1,-6,-160
1754049638.93646,0,0,-156
1754049638.97546,2,0,-160
1754049639.01146,0,-5,-162
1754049639.04846,7,-3,-166
1754049639.08646,8,-5,-163
1754049639.12546,0,0,-154
1754049639.1614602,-2,-4,-147
1754049639.19946,4,2,-152
1754049639.23746,7,-1,-143
1754049639.2764602,4,0,-155
1754049639.31446,-1,0,-144
1754049639.35046,-3,3,-140
1754049639.3884602,-9,0,-148
1754049639.42646,-2,-6,-154
1754049639.46546,-6,-6,-151
1754049639.50146,-9,-9,-144
1754049639.5394602,-2,-8,-150
1754049639.57746,5,0,-151
1754049639.61646,-8,-4,-158
1754049639.6544602,-3,-1,-157
1754049639.6904602,-4,-2,-151
1754049639.72846,-1,-2,-152
1754049639.7664602,3,-4,-154
1754049639.80546,1,0,-151
1754049639.84146,1,2,-160
1754049639.8784602,5,1,-156
1754049639.91646,1,1,-152
1754049639.95546,2,-1,-154
1754049639.99146,-1,-1,-162
1754049640.0294602,-2,-4,-160
1754049640.06746,0,-2,-168
1754049640.10646,4,-7,-165
1754049640.1444602,10,5,-166
1754049640.18046,6,1,-160
1754049640.21846,0,0,-166
1754049640.2564602,-9,-2,-155
1754049640.29546,-8,-2,-153
1754049640.33146,3,-1,-151
1754049640.36946,-1,0,-157
1754049640.40846,0,-2,-149
1754049640.44646,2,-6,-153
1754049640.48246,0,-4,-158
1754049640.52046,-1,-2,-157
1754049640.55846,-6,-4,-150
1754049640.59646,3,-2,-156
1754049640.63546,3,-3,-161
1754049640.6714602,0,-2,-161
1754049640.70846,3,4,-166
1754049640.7464602,4,-1,-151
1754049640.78546,8,-5,-145
1754049640.82146,2,-5,-143
1754049640.85946,-3,-9,-155
1754049640.89746,-1,-9,-165
1754049640.93646,-4,-3,-159
1754049640.97246,5,-12,-152
1754049641.01146,-3,-5,-147
1754049641.04846,0,-5,-163
1754049641.08646,5,-4,-161
1754049641.12546,3,-1,-153
1754049641.1614602,2,-2,-162
1754049641.19946,2,-9,-161
1754049641.23746,5,-10,-164
1754049641.2764602,0,-5,-158
1754049641.3124602,5,-1,-158
1754049641.35046,10,0,-157
1754049641.3884602,-1,1,-152
1754049641.4274602,0,2,-166
1754049641.46546,-5,0,-167
1754049641.50146,-1,-1,-166
1754049641.5394602,-3,-4,-170
1754049641.57746,-4,-3,-154
1754049641.61646,6,1,-155
1754049641.65246,10,-4,-149
1754049641.6904602,3,-11,-161
1754049641.72846,0,-9,-154
1754049641.76746,-3,-3,-163
1754049641.80546,-2,-5,-161
1754049641.84146,0,-15,-149
1754049641.87946,-5,-5,-160
1754049641.91846,0,-8,-160
1754049641.95646,-2,-4,-152
1754049641.99246,3,0,-158
1754049642.03046,12,-2,-157
1754049642.06846,1,-4,-150
1754049642.10746,-3,-2,-154
1754049642.14546,-3,0,-164
1754049642.18146,-6,-3,-172
1754049642.21946,5,1,-156
1754049642.25746,5,0,-168
1754049642.2964602,-3,0,-169
1754049642.3324602,6,-6,-154
1754049642.37046,-1,0,-173
1754049642.40846,3,-1,-160
1754049642.4474602,1,1,-160
1754049642.4834602,10,-3,-163
1754049642.52246,3,-4,-164
1754049642.5594602,4,-4,-148
1754049642.59746,2,-5,-158
1754049642.63646,4,-7,-153
1754049642.67246,6,-3,-156
1754049642.7104602,4,1,-162
1754049642.74846,0,-4,-155
1754049642.78746,3,-3,-160
1754049642.82346,5,-7,-160
1754049642.8614602,-1,-3,-161
1754049642.89946,10,3,-156
1754049642.9374602,2,-1,-158
1754049642.97646,-2,-1,-149
1754049643.01246,1,0,-157
1754049643.05146,1,0,-173
1754049643.0884602,2,-9,-155
1754049643.12746,2,-3,-159
1754049643.16346,11,0,-166
1754049643.20146,5,0,-166
1754049643.23846,7,-3,-148
1754049643.27746,3,6,-154
1754049643.31446,2,1,-155
1754049643.35146,-2,0,-163
1754049643.39046,4,0,-158
1754049643.42846,4,7,-162
1754049643.46646,7,0,-164
1754049643.51046,4,2,-164
1754049643.54846,1,-1,-150
1754049643.58746,2,-6,-163
1754049643.62346,0,0,-164
1754049643.6614602,0,-4,-151
1754049643.69946,2,-1,-167
1754049643.73846,0,6,-169
1754049643.7764602,-4,3,-167
1754049643.8124602,2,4,-170
1754049643.84946,0,-2,-164
1754049643.8884602,4,-3,-159
1754049643.92646,2,9,-159
1754049643.96246,3,5,-166
1754049643.99946,-3,-1,-171
1754049644.03846,-5,-5,-162
1754049644.07646,-1,0,-157
1754049644.11246,7,3,-155
1754049644.14946,5,2,-157
1754049644.18846,4,-1,-158
1754049644.22446,6,0,-166
1754049644.26146,0,-6,-156
1754049644.2994602,-1,-8,-158
1754049644.3384602,-1,-3,-160
1754049644.37446,-3,-1,-147
1754049644.41246,0,-6,-160
1754049644.4504602,-3,-6,-162
1754049644.48846,-2,-3,-165
1754049644.52746,0,0,-161
1754049644.56346,0,0,-155
1754049644.60146,5,3,-155
1754049644.63946,8,-1,-158
1754049644.67846,-1,1,-158
1754049644.71446,3,8,-155
1754049644.75146,-2,-1,-153
1754049644.7894602,-1,-4,-164
1754049644.82846,6,2,-151
1754049644.86446,5,0,-142
1754049644.9014602,8,0,-163
1754049644.93946,1,-1,-159
1754049644.97846,3,-1,-156
1754049645.01446,1,3,-156
1754049645.05146,5,-7,-149
1754049645.08946,0,-1,-143
1754049645.1284602,-2,-1,-152
1754049645.1644602,5,2,-154
1754049645.20146,0,11,-160
1754049645.23946,1,7,-168
1754049645.27846,-1,3,-157
1754049645.31446,-6,0,-156
1754049645.35246,-1,-5,-155
1754049645.39046,-1,-2,-154
1754049645.42946,16,-2,-163
1754049645.4674602,14,5,-160
1754049645.5034602,12,-2,-165
1754049645.54146,8,1,-164
1754049645.58046,0,2,-168
1754049645.6184602,0,-1,-164
1754049645.6544602,4,0,-151
1754049645.69146,0,-1,-143
1754049645.72946,3,-3,-153
1754049645.76746,-1,2,-154
1754049645.80446,-9,-2,-157
1754049645.84146,-1,0,-157
1754049645.88046,-3,-5,-161
1754049645.91846,-4,3,-160
1754049645.95446,-8,3,-159
1754049645.99246,0,1,-163
1754049646.03046,0,6,-156
1754049646.0694602,-1,1,-159
1754049646.10746,-4,-5,-151
1754049646.1444602,0,-3,-153
1754049646.18346,3,-3,-162
1754049646.2204602,8,8,-151
1754049646.2594602,0,5,-162
1754049646.29546,0,2,-164
1754049646.3324602,3,-5,-159
1754049646.37046,-2,2,-161
1754049646.40946,4,-5,-162
1754049646.44546,-5,-3,-157
1754049646.4834602,-3,-4,-156
1754049646.52246,-1,1,-172
1754049646.5594602,-5,-1,-160
1754049646.5984602,0,0,-155
1754049646.6344602,8,0,-156
1754049646.67246,8,-5,-149
1754049646.70946,-3,-5,-170
1754049646.74846,-3,1,-166
1754049646.78446,0,1,-170
1754049646.82146,-1,4,-158
1754049646.85946,0,5,-155
1754049646.89846,-2,-6,-164
1754049646.9344602,0,0,-157
1754049646.97146,-7,-3,-158
1754049647.01046,-6,-1,-156
1754049647.04846,2,-4,-152
1754049647.08446,3,0,-152
1754049647.1214602,0,-1,-171
1754049647.16046,-6,-4,-162
1754049647.19846,-7,-8,-163
1754049647.23446,-1,-5,-149
1754049647.27246,-7,-10,-155
1754049647.31046,0,-4,-159
1754049647.34946,3,6,-157
1754049647.38546,2,-3,-152
1754049647.42346,6,-5,-160
1754049647.46146,0,-3,-168
1754049647.50046,1,0,-164
1754049647.53846,4,3,-167
1754049647.57446,3,0,-169
1754049647.6114602,1,4,-161
1754049647.65046,-2,2,-151
1754049647.68846,1,4,-152
1754049647.72446,-2,3,-150
1754049647.76246,0,4,-166
1754049647.80046,2,0,-161
1754049647.83946,-3,6,-164
1754049647.87546,-9,-1,-163
1754049647.91346,-8,-4,-158
1754049647.95146,-5,-6,-157
1754049647.9904602,3,-8,-153
1754049648.02846,1,-1,-155
1754049648.06446,0,-1,-150
1754049648.10346,2,-4,-150
1754049648.14046,6,-5,-156
1754049648.17946,3,11,-170
1754049648.21546,0,2,-172
1754049648.2534602,0,5,-163
1754049648.29046,-2,-4,-157
1754049648.32946,0,-3,-166
1754049648.3654602,7,-3,-156
1754049648.4044602,-5,-7,-157
1754049648.44146,0,-6,-159
1754049648.4804602,-1,-4,-157
1754049648.5164602,-3,0,-154
1754049648.55446,2,0,-154
1754049648.59146,1,-3,-149
1754049648.63046,0,-8,-150
1754049648.66646,0,-2,-158
1754049648.70446,2,2,-160
1754049648.74146,0,-1,-160
1754049648.78046,-8,-4,-168
1754049648.81646,-2,-4,-168
1754049648.85446,-1,4,-158
1754049648.89246,8,1,-160
1754049648.93146,7,-4,-150
1754049648.96946,0,-1,-153
1754049649.00546,8,-2,-153
1754049649.04346,4,6,-155
1754049649.0824602,2,4,-153
1754049649.12046,0,-4,-154
1754049649.15646,0,-5,-162
1754049649.19546,5,-12,-156
1754049649.23246,1,0,-146
1754049649.27146,0,3,-155
1754049649.3094602,4,-1,-159
1754049649.3454602,2,0,-160
1754049649.38246,0,-2,-160
1754049649.4214602,-1,-8,-157
1754049649.45946,-9,5,-160
1754049649.49546,0,-2,-163
1754049649.53346,7,1,-162
1754049649.57146,-3,4,-152
1754049649.61046,-5,-2,-151
1754049649.64646,0,-2,-158
1754049649.6844602,0,0,-161
1754049649.72246,8,-5,-150
1754049649.76146,0,-2,-159
1754049649.7994602,-2,-2,-153
1754049649.8354602,-3,-1,-154
1754049649.87446,1,-1,-156
1754049649.9114602,0,2,-159
1754049649.9504602,8,0,-145
1754049649.9864602,-2,2,-146
1754049650.02446,-5,-3,-150
1754049650.0624602,0,-3,-148
1754049650.10146,-2,0,-152
1754049650.13746,0,6,-154
1754049650.1744602,-4,1,-157
1754049650.21246,6,1,-158
1754049650.25146,7,1,-158
1754049650.28746,5,6,-156
1754049650.32446,2,0,-152
1754049650.36246,1,-4,-161
1754049650.4014602,4,-6,-162
1754049650.4374602,8,-1,-164
1754049650.47546,3,-2,-168
1754049650.5134602,5,3,-150
1754049650.5524602,1,7,-142
1754049650.59046,-2,1,-147
1754049650.62646,0,0,-159
1754049650.66346,4,0,-155
1754049650.70146,-1,0,-160
1754049650.7404602,1,-1,-165
1754049650.7764602,-4,-6,-164
1754049650.81446,-6,-3,-168
1754049650.85246,4,-6,-171
1754049650.8914602,0,0,-152
1754049650.9274602,-2,-6,-155
1754049650.96546,-2,-1,-152
1754049651.0034602,-4,-6,-165
1754049651.0424602,1,3,-168
1754049651.08046,11,0,-165
1754049651.11646,5,-3,-163
1754049651.1544602,-5,0,-160
1754049651.19246,11,0,-155
1754049651.23146,9,-6,-158
1754049651.26746,10,3,-161
1754049651.30546,4,-3,-158
1754049651.34446,-3,-6,-161
1754049651.38246,-1,1,-151
1754049651.42046,-9,-1,-160
1754049651.45646,0,-4,-156
1754049651.49446,6,2,-153
1754049651.5324602,-2,0,-147
1754049651.57046,4,-5,-147
1754049651.60646,5,0,-150
1754049651.64346,2,0,-152
1754049651.68246,-3,2,-153
1754049651.7204602,-6,2,-158
1754049651.7564602,-5,0,-158
1754049651.79446,-2,0,-153
1754049651.8324602,-8,-2,-153
1754049651.8714602,-9,0,-156
1754049651.9074602,-3,-1,-158
1754049651.94546,0,-9,-155
1754049651.9834602,-6,-1,-154
1754049652.02246,-4,-4,-169
1754049652.05846,0,1,-168
1754049652.09646,1,0,-161
1754049652.1344602,-4,3,-159
1754049652.17346,-5,-1,-158
1754049652.21146,0,-4,-160
1754049652.24746,-4,-3,-154
1754049652.2864602,1,-6,-160
1754049652.32346,-4,-4,-166
1754049652.36246,-6,1,-161
1754049652.39846,0,5,-162
1754049652.43646,3,0,-168
1754049652.4734602,4,1,-164
1754049652.51246,7,2,-167
1754049652.54846,2,1,-169
1754049652.58646,0,2,-166
1754049652.62346,6,-7,-169
1754049652.66246,1,-2,-163
1754049652.69846,-5,0,-153
1754049652.7364602,-2,-9,-153
1754049652.77546,-3,-1,-157
1754049652.81346,-1,0,-158
1754049652.85146,-11,-1,-161
1754049652.88746,-4,-2,-154
1754049652.92546,2,-3,-162
1754049652.96446,3,0,-159
1754049653.00246,6,-5,-166
1754049653.03846,9,0,-163
1754049653.0754602,-1,1,-153
1754049653.11346,0,2,-152
1754049653.15246,3,-5,-149
1754049653.18846,-1,-5,-144
1754049653.22646,3,-3,-152
1754049653.26446,6,8,-157
1754049653.30346,2,2,-156
1754049653.34146,-2,-1,-157
1754049653.37746,2,0,-157
1754049653.4144602,0,-2,-149
1754049653.45346,-6,-5,-158
1754049653.49146,-2,0,-169
1754049653.53546,-4,3,-172
1754049653.57346,-1,1,-161
1754049653.6114602,-2,0,-153
1754049653.64746,-3,0,-164
1754049653.68546,-5,-2,-160
1754049653.7234602,-12,-4,-155
1754049653.76146,0,6,-159
1754049653.79746,8,2,-158
1754049653.8354602,6,0,-158
1754049653.87346,0,-4,-149
1754049653.9114602,2,-5,-162
1754049653.9474602,-5,-4,-168
1754049653.98546,0,-2,-165
1754049654.02346,1,0,-170
1754049654.0624602,-5,-8,-162
1754049654.0984602,0,-7,-162
1754049654.13646,4,-12,-164
1754049654.1744602,-4,-7,-162
1754049654.2134602,-3,-5,-162
1754049654.24946,0,-2,-165
1754049654.28746,5,0,-158
1754049654.32646,1,0,-169
1754049654.36346,5,-2,-168
1754049654.40246,-9,-6,-153
1754049654.43846,0,-5,-150
1754049654.47646,2,0,-155
1754049654.51446,0,-4,-149
1754049654.55346,-4,-5,-161
1754049654.58946,0,-2,-166
1754049654.62746,5,-4,-166
1754049654.66546,0,-5,-163
1754049654.70346,-1,-2,-156
1754049654.74246,-2,2,-158
1754049654.77846,-6,-5,-160
1754049654.81746,0,-3,-169
1754049654.8554602,-7,-6,-159
1754049654.89346,1,2,-167
1754049654.92946,2,1,-158
1754049654.96646,3,-4,-157
1754049655.00446,3,-1,-157
1754049655.04346,1,-6,-160
1754049655.07946,0,-3,-157
1754049655.11646,0,0,-165
1754049655.15546,0,-1,-167
1754049655.19346,-1,-1,-154
1754049655.22946,3,-2,-141
1754049655.26846,-2,4,-150
1754049655.30546,1,-2,-155
1754049655.34446,3,-2,-150
1754049655.38246,1,-2,-145
1754049655.41846,2,-10,-158
1754049655.45646,-4,-5,-156
1754049655.49446,-3,0,-155
1754049655.53346,-4,0,-147
1754049655.5694602,-7,0,-150
1754049655.60746,-1,0,-157
1754049655.64546,-5,-3,-153
1754049655.6844602,-3,-5,-155
1754049655.72246,-4,0,-163
1754049655.75846,0,0,-161
1754049655.7964602,1,4,-148
1754049655.83446,-2,-1,-159
1754049655.87346,-2,2,-154
1754049655.90946,-1,0,-161
1754049655.9474602,-7,-6,-153
1754049655.98546,-6,0,-165
1754049656.02446,-4,2,-156
1754049656.0624602,-3,-5,-154
1754049656.09946,0,-3,-154
1754049656.1384602,0,0,-147
1754049656.17546,2,-2,-148
1754049656.21446,0,-4,-153
1754049656.25146,5,-3,-159
1754049656.28846,6,-4,-155
1754049656.32646,9,-11,-157
1754049656.36446,6,1,-153
1754049656.40346,2,0,-157
1754049656.43946,2,-9,-162
1754049656.47746,13,-4,-155
1754049656.5164602,2,-1,-151
1754049656.55446,-3,2,-157
1754049656.59046,0,0,-156
1754049656.62746,-1,0,-161
1754049656.66546,-9,0,-168
1754049656.70446,-3,6,-154
1754049656.7404602,-2,5,-159
1754049656.77846,-5,-5,-159
1754049656.81646,-5,-6,-158
1754049656.8554602,-2,-1,-150
1754049656.89346,2,1,-157
1754049656.92946,0,-2,-149
1754049656.9674602,-11,-2,-149
1754049657.00546,-8,0,-150
1754049657.04446,-3,-10,-145
1754049657.08046,0,-2,-152
1754049657.1184602,0,-6,-156
1754049657.15646,-7,-1,-155
1754049657.19546,-1,3,-157
1754049657.2334602,-3,0,-158
1754049657.27046,-11,-4,-167
1754049657.30846,-4,0,-163
1754049657.3454602,-3,-1,-161
1754049657.3844602,0,-6,-155
1754049657.42046,2,-2,-154
1754049657.45846,3,0,-158
1754049657.4964602,-4,9,-147
1754049657.53546,6,4,-148
1754049657.57346,2,-2,-153
1754049657.60946,0,-6,-160
1754049657.64746,-4,-3,-161
1754049657.68546,-1,6,-171
1754049657.72446,4,-3,-159
1754049657.76046,5,3,-154
1754049657.79746,0,4,-160
1754049657.8354602,6,3,-167
1754049657.87446,-1,-1,-149
1754049657.91046,-4,-9,-148
1754049657.94846,0,-3,-142
1754049657.98746,0,-4,-146
1754049658.02546,-3,-2,-151
1754049658.06146,-4,-7,-164
1754049658.10046,-7,-6,-157
1754049658.13746,-2,-8,-154
1754049658.17546,0,-3,-164
1754049658.21446,3,-1,-161
1754049658.25046,4,-3,-154
1754049658.28746,0,0,-151
1754049658.3254602,2,0,-152
1754049658.36446,5,3,-161
1754049658.40046,4,3,-159
1754049658.4374602,-2,-6,-163
1754049658.47546,-7,0,-171
1754049658.51446,-14,7,-158
1754049658.55046,-5,7,-159
1754049658.5884602,2,0,-159
1754049658.62646,0,-2,-156
1754049658.66546,1,0,-161
1754049658.70146,1,-2,-156
1754049658.73946,1,0,-162
1754049658.77746,4,-1,-139
1754049658.81646,0,0,-155
1754049658.85446,0,-12,-153
1754049658.89046,-3,-9,-148
1754049658.92846,2,-1,-163
1754049658.96646,-2,-2,-158
1754049659.00546,8,4,-151
1754049659.04146,1,5,-158
1754049659.07846,7,5,-172
1754049659.11646,-2,-3,-159
1754049659.15546,-2,-3,-155
1754049659.19146,0,-4,-155
1754049659.22946,0,-3,-155
1754049659.26746,-2,1,-147
1754049659.30646,-3,-3,-146
1754049659.34446,7,2,-153
1754049659.38046,5,0,-160
1754049659.41846,7,-2,-155
1754049659.4574602,6,2,-154
1754049659.49546,6,7,-153
1754049659.53146,3,7,-161
1754049659.56846,1,-1,-162
1754049659.60746,0,-2,-167
1754049659.64546,1,-2,-167
1754049659.68146,0,-4,-172
1754049659.7204602,5,6,-169
1754049659.75746,9,7,-152
1754049659.7964602,3,-2,-153
1754049659.8324602,0,-5,-164
1754049659.87046,-3,-2,-160
1754049659.90846,-1,-5,-148
1754049659.94646,2,-1,-156
1754049659.98546,0,2,-149
1754049660.02146,-1,0,-153
1754049660.0594602,2,-3,-159
1754049660.09746,-1,-1,-160
1754049660.13646,-10,-6,-168
1754049660.17246,-3,4,-151
1754049660.2104602,-3,-2,-159
1754049660.24946,4,-4,-152
1754049660.2864602,-1,-3,-153
1754049660.3254602,-4,-2,-164
1754049660.3614602,6,-4,-155
1754049660.39946,7,-6,-150
1754049660.4374602,-2,0,-158
1754049660.47546,6,-1,-161
1754049660.51146,7,-1,-164
1754049660.5494602,7,2,-163
1754049660.58746,0,2,-143
1754049660.62646,-4,4,-157
1754049660.66246,1,1,-170
1754049660.69946,0,0,-165
1754049660.73846,-6,-9,-159
1754049660.7764602,2,-1,-157
1754049660.8124602,6,-5,-157
1754049660.85046,2,-1,-164
1754049660.8884602,2,1,-155
1754049660.9274602,5,1,-141
1754049660.96546,-3,-8,-160
1754049661.00146,-2,-2,-154
1754049661.04046,7,0,-157
1754049661.07746,-2,3,-158
1754049661.11646,0,0,-161
1754049661.15246,-1,-4,-151
1754049661.1904602,4,-3,-155
1754049661.22846,0,5,-150
1754049661.26746,3,3,-161
1754049661.30546,-2,0,-158
1754049661.34146,-1,5,-169
1754049661.37946,4,6,-168
1754049661.4174602,4,0,-163
1754049661.45646,-3,-1,-159
1754049661.49246,-7,-5,-166
1754049661.53046,0,-2,-157
1754049661.5694602,2,-1,-153
1754049661.60746,-2,1,-153
1754049661.64546,-1,-2,-163
1754049661.68246,0,0,-160
1754049661.71946,6,1,-163
1754049661.75746,0,-3,-165
1754049661.7964602,-4,1,-158
1754049661.8324602,-3,-4,-161
1754049661.87046,2,-2,-162
1754049661.90846,-1,-6,-161
1754049661.9474602,4,0,-162
1754049661.9834602,1,1,-164
1754049662.02146,1,-1,-159
1754049662.0594602,4,-5,-163
1754049662.09746,1,-6,-157
1754049662.13646,5,-5,-162
1754049662.17246,3,-4,-159
1754049662.2104602,3,-5,-160
1754049662.24846,3,-12,-150
1754049662.28746,-3,-8,-149
1754049662.32346,-2,-5,-153
1754049662.3614602,-2,-4,-156
1754049662.39946,0,-4,-161
1754049662.4374602,2,-6,-146
1754049662.47646,0,1,-158
1754049662.51246,0,3,-152
1754049662.55046,-7,5,-150
1754049662.58946,-5,6,-140
1754049662.62746,-5,-4,-133
1754049662.66346,-5,-5,-149
1754049662.70246,-2,-2,-150
1754049662.73946,1,-5,-154
1754049662.77846,3,2,-164
1754049662.81646,-3,-5,-156
1754049662.85246,-1,-11,-157
1754049662.89046,-6,-1,-162
1754049662.92846,0,-2,-155
1754049662.9674602,3,3,-161
1754049663.0034602,2,-1,-159
1754049663.04146,-2,-5,-151
1754049663.07946,-1,-2,-161
1754049663.1184602,0,1,-164
1754049663.15646,2,-2,-153
1754049663.19246,-2,-2,-152
1754049663.23146,7,-2,-158
1754049663.26846,0,-4,-163
1754049663.30746,-2,-8,-162
1754049663.34346,7,-2,-162
1754049663.3814602,8,1,-154
1754049663.41946,0,3,-153
1754049663.45846,0,9,-150
1754049663.4964602,-4,4,-155
1754049663.54046,2,3,-150
1754049663.57846,1,-8,-149
1754049663.61746,-3,-6,-157
1754049663.6544602,4,-4,-152
1754049663.69246,0,0,-143
1754049663.72946,0,-1,-151
1754049663.76846,-3,-3,-148
1754049663.80446,-3,0,-152
1754049663.8424602,0,1,-159
1754049663.8814602,2,-5,-156
1754049663.91846,3,0,-165
1754049663.9574602,2,-9,-157
1754049663.9934602,0,-2,-167
1754049664.03146,4,-7,-164
1754049664.06846,8,-4,-161
1754049664.10746,2,-3,-159
1754049664.14346,-1,-4,-153
1754049664.18146,-5,-5,-155
1754049664.21946,-6,-5,-157
1754049664.25846,-1,-2,-156
1754049664.29446,1,0,-158
1754049664.33146,0,0,-156
1754049664.36946,3,-1,-146
1754049664.40846,-5,-6,-150
1754049664.4444602,-1,-6,-155
1754049664.48246,-1,-6,-140
1754049664.52046,1,0,-147
1754049664.5594602,-1,0,-149
1754049664.59746,-2,-4,-159
1754049664.63346,0,0,-159
1754049664.67046,2,-1,-149
1754049664.70946,-1,1,-155
1754049664.74746,0,2,-154
1754049664.78346,3,-1,-167
1754049664.8224602,-4,-3,-160
1754049664.85946,2,4,-159
1754049664.89846,1,0,-155
1754049664.9344602,0,0,-153
1754049664.97146,4,0,-158
1754049665.0094602,0,-1,-162
1754049665.04846,0,3,-158
1754049665.08446,-2,3,-151
1754049665.12246,4,-3,-158
1754049665.16046,9,-4,-155
1754049665.19946,6,-8,-149
1754049665.23746,0,-9,-157
1754049665.27446,1,-4,-155
1754049665.31146,7,-3,-160
1754049665.34946,5,-4,-161
1754049665.3884602,-1,0,-159
1754049665.4244602,3,-3,-162
1754049665.46246,-2,0,-161
1754049665.50146,-5,-5,-157
1754049665.5394602,5,2,-157
1754049665.57746,1,0,-162
1754049665.61346,3,-1,-163
1754049665.6514602,9,-7,-149
1754049665.68946,-1,-6,-154
1754049665.72846,9,-6,-156
1754049665.76446,8,-4,-158
1754049665.8024602,3,-1,-165
1754049665.84146,-2,1,-160
1754049665.87946,0,4,-137
1754049665.91546,-3,4,-152
1754049665.95346,1,4,-157
1754049665.99146,0,1,-159
1754049666.03046,5,4,-156
1754049666.06846,7,-3,-149
1754049666.10446,7,4,-159
1754049666.1414602,2,1,-161
1754049666.18046,-7,0,-154
1754049666.21846,-6,-1,-158
1754049666.25446,-8,-2,-160
1754049666.2924602,-3,-3,-169
1754049666.33046,-2,1,-163
1754049666.36946,-2,1,-153
1754049666.40546,0,-1,-146
1754049666.44346,-3,-5,-157
1754049666.48146,4,-2,-156
1754049666.52046,2,-2,-153
1754049666.55846,2,-2,-161
1754049666.59446,2,0,-162
1754049666.63246,3,-1,-157
1754049666.6714602,-4,3,-163
1754049666.70946,3,3,-161
1754049666.74546,1,4,-157
1754049666.7824602,-2,-1,-151
1754049666.82046,-5,-4,-154
1754049666.85946,-5,0,-166
1754049666.89546,-1,-2,-167
1754049666.93346,2,1,-169
1754049666.97146,-3,-3,-153
1754049667.01046,-9,-4,-152
1754049667.04846,0,-1,-158
1754049667.08446,-1,-6,-158
1754049667.12246,7,-4,-158
1754049667.16046,6,-2,-157
1754049667.19946,3,0,-166
1754049667.23546,-1,2,-163
1754049667.27346,-3,0,-166
1754049667.31146,-7,6,-165
1754049667.35046,0,3,-163
1754049667.3884602,1,0,-164
1754049667.4244602,5,0,-165
1754049667.46146,8,-4,-169
1754049667.50046,-5,-3,-164
1754049667.53846,-4,-2,-168
1754049667.57446,-1,-4,-149
1754049667.61346,3,-8,-153
1754049667.65046,-1,-3,-162
1754049667.68946,0,1,-151
1754049667.72546,6,0,-159
1754049667.7634602,1,-1,-165
1754049667.80046,0,0,-153
1754049667.83946,-5,-6,-165
1754049667.87546,-1,-3,-162
1754049667.91346,-2,-7,-161
1754049667.95146,3,-7,-164
1754049667.9904602,1,-5,-167
1754049668.0264602,0,-7,-165
1754049668.06446,2,-1,-168
1754049668.10246,1,2,-157
1754049668.14046,6,2,-139
1754049668.17946,7,1,-154
1754049668.21546,3,2,-157
1754049668.25246,1,1,-153
1754049668.29046,0,0,-145
1754049668.32946,2,-1,-167
1754049668.3654602,1,0,-164
1754049668.40246,4,-1,-153
1754049668.44146,-1,0,-163
1754049668.47946,4,0,-155
1754049668.51546,0,-3,-149
1754049668.55346,3,-6,-160
1754049668.59146,4,-6,-172
1754049668.63046,-7,5,-159
1754049668.66646,-3,7,-155
1754049668.70446,-5,0,-151
1754049668.74246,-4,-6,-138
1754049668.78146,-1,-11,-152
1754049668.8194602,-2,-5,-162
1754049668.8554602,-4,-6,-157
1754049668.89346,0,-1,-166
1754049668.93146,-1,-1,-154
1754049668.9704602,3,5,-159
1754049669.0064602,9,0,-159
1754049669.04346,11,3,-159
1754049669.08146,6,-2,-151
1754049669.12046,4,-5,-160
1754049669.15646,5,-2,-152
1754049669.1944602,0,-1,-157
1754049669.2334602,0,3,-161
1754049669.27146,1,0,-157
1754049669.3094602,-8,-1,-155
1754049669.3454602,-1,-2,-166
1754049669.38346,-5,1,-164
1754049669.4214602,-3,0,-164
1754049669.4604602,-8,0,-154
1754049669.4964602,-2,-6,-151
1754049669.53446,-1,-8,-145
1754049669.5724602,-4,-1,-159
1754049669.6114602,-4,-7,-148
1754049669.64746,-1,0,-161
1754049669.68546,5,-5,-167
1754049669.7234602,3,-6,-158
1754049669.76246,4,-2,-156
1754049669.80046,4,5,-153
1754049669.83646,9,0,-161
1754049669.87346,8,-4,-169
1754049669.91246,5,-5,-147
1754049669.9504602,-1,-6,-161
1754049669.9864602,0,-5,-159
1754049670.02446,-1,0,-158
1754049670.0624602,-1,-2,-162
1754049670.10146,2,0,-162
1754049670.13746,5,-3,-152
1754049670.17546,3,3,-147
1754049670.2134602,-5,-2,-152
1754049670.25146,1,-9,-166
1754049670.29046,0,-2,-175
1754049670.32646,0,0,-165
1754049670.36446,-5,4,-160
1754049670.40346,6,9,-168
1754049670.44146,0,-6,-155
1754049670.47746,1,-1,-143
1754049670.5164602,0,-4,-153
1754049670.55346,0,-5,-144
1754049670.5924602,-2,-4,-169
1754049670.63046,-8,8,-151
1754049670.66646,-7,5,-166
1754049670.70446,-2,2,-163
1754049670.74246,-12,0,-162
1754049670.78146,-2,-1,-162
1754049670.81746,1,-1,-162
1754049670.8554602,5,1,-158
1754049670.89346,-3,1,-156
1754049670.93246,-2,6,-168
1754049670.9704602,3,-1,-160
1754049671.0064602,7,-8,-157
1754049671.04546,0,-6,-159
1754049671.0824602,-6,-8,-167
1754049671.1214602,-4,6,-162
1754049671.1574602,1,-2,-160
1754049671.19646,2,-3,-159
1754049671.2334602,5,0,-160
1754049671.27246,0,2,-157
1754049671.31046,2,-5,-153
1754049671.34646,-5,0,-162
1754049671.3844602,-4,0,-163
1754049671.42246,-3,4,-143
1754049671.46146,-1,3,-166
1754049671.49846,0,0,-152
1754049671.53546,5,-1,-152
1754049671.57346,1,0,-157
1754049671.61246,2,3,-153
1754049671.64846,0,2,-149
1754049671.68646,3,-2,-151
1754049671.7234602,3,0,-157
1754049671.76246,-2,10,-150
1754049671.79846,-5,1,-153
1754049671.83646,-2,-1,-159
1754049671.87446,0,-2,-166
1754049671.91246,4,0,-162
1754049671.95146,0,1,-157
1754049671.98746,-2,-3,-159
1754049672.02546,3,-3,-152
1754049672.06346,0,-2,-159
1754049672.10246,-2,-1,-166
1754049672.1384602,-2,-7,-159
1754049672.17646,1,-3,-166
1754049672.21546,-2,-3,-161
1754049672.25246,-8,-2,-152
1754049672.29146,2,-10,-152
1754049672.32846,10,-3,-157
1754049672.3654602,4,-9,-156
1754049672.40346,3,-4,-158
1754049672.44246,1,0,-153
1754049672.47846,1,-2,-159
1754049672.5164602,5,-1,-158
1754049672.55446,10,3,-162
1754049672.59346,5,0,-162
1754049672.6314602,4,-7,-151
1754049672.6674602,-4,-1,-156
1754049672.70546,-3,-3,-145
1754049672.7434602,-4,-2,-146
1754049672.7824602,-1,3,-160
1754049672.81846,-12,-6,-156
1754049672.85646,0,-4,-160
1754049672.8944602,0,-2,-154
1754049672.93346,-2,-3,-159
1754049672.97146,-1,-1,-165
1754049673.00746,-1,-6,-165
1754049673.04546,0,-1,-161
1754049673.08346,-6,3,-167
1754049673.12246,2,5,-172
1754049673.15846,2,2,-170
1754049673.19646,6,0,-159
1754049673.23546,5,8,-145
1754049673.27346,-5,-2,-150
1754049673.31146,0,-8,-159
1754049673.34746,-1,-1,-161
1754049673.38546,-1,0,-154
1754049673.42346,4,0,-166
1754049673.46246,4,-1,-163
1754049673.49846,0,0,-164
1754049673.54446,4,3,-154
1754049673.5824602,-3,0,-156
1754049673.6184602,-1,1,-163
1754049673.65646,-1,0,-164
1754049673.6944602,4,8,-166
1754049673.7334602,6,-1,-154
1754049673.7694602,-2,-4,-152
1754049673.80746,-3,-2,-149
1754049673.8454602,-1,-2,-153
1754049673.88346,-1,1,-149
1754049673.92246,-4,0,-157
1754049673.95846,0,-3,-150
1754049673.9964602,-1,5,-151
1754049674.03546,-2,2,-154
1754049674.07346,-5,2,-162
1754049674.10946,-2,0,-157
1754049674.14846,-7,-2,-156
1754049674.18546,-6,0,-155
1754049674.2234602,2,-1,-159
1754049674.26246,1,0,-162
1754049674.29846,1,2,-163
1754049674.3354602,3,0,-168
1754049674.37446,0,1,-170
1754049674.41246,-8,0,-164
1754049674.44846,-6,0,-167
1754049674.4864602,0,-3,-165
1754049674.52446,-7,-3,-156
1754049674.56346,0,-4,-159
1754049674.59946,1,-1,-159
1754049674.63746,-5,9,-142
1754049674.67546,-2,-4,-152
1754049674.71446,-6,2,-150
1754049674.75246,-2,-1,-150
1754049674.78846,-8,-3,-153
1754049674.82746,3,1,-153
1754049674.86446,9,4,-161
1754049674.90346,1,2,-161
1754049674.93946,-2,0,-162
1754049674.97646,4,0,-170
1754049675.01446,7,-1,-161
1754049675.05346,2,-6,-158
1754049675.08946,4,0,-152
1754049675.12746,2,2,-163
1754049675.1644602,0,2,-166
1754049675.20346,6,-1,-163
1754049675.23946,3,0,-140
1754049675.27746,-3,0,-148
1754049675.31446,0,0,-153
1754049675.35346,3,0,-156
1754049675.38946,0,1,-157
1754049675.4274602,5,-9,-160
1754049675.46446,-1,-3,-154
1754049675.5034602,-5,1,-162
1754049675.5394602,-1,-3,-150
1754049675.57746,3,3,-147
1754049675.6154602,-2,1,-151
1754049675.6544602,0,-5,-157
1754049675.6904602,-5,-2,-168
1754049675.72846,-3,-6,-162
1754049675.7664602,-11,-6,-163
1754049675.80546,3,-6,-156
1754049675.84346,1,0,-154
1754049675.87946,4,6,-160
1754049675.91646,5,-1,-158
1754049675.95446,0,4,-164
1754049675.9934602,-2,-9,-153
1754049676.0294602,-7,-1,-152
1754049676.06846,-8,-4,-157
1754049676.1054602,-2,-5,-150
1754049676.1444602,3,-2,-160
1754049676.18046,4,-4,-152
1754049676.21846,2,-4,-152
1754049676.2564602,-2,-3,-156
1754049676.29546,4,-5,-160
1754049676.33346,2,-4,-159
1754049676.36946,10,-1,-154
1754049676.4074602,5,0,-149
1754049676.44546,2,-2,-151
1754049676.48446,2,0,-160
1754049676.52046,2,5,-157
1754049676.55746,-4,3,-154
1754049676.5954602,0,-5,-156
1754049676.6344602,-2,0,-157
1754049676.67046,0,0,-154
1754049676.7074602,-2,5,-165
1754049676.74546,1,0,-155
1754049676.78446,-2,6,-152
1754049676.82046,0,5,-156
1754049676.85746,3,4,-155
1754049676.89546,3,0,-161
1754049676.9344602,1,7,-152
1754049676.9704602,2,2,-147
1754049677.00746,-1,-3,-161
1754049677.04546,0,-1,-164
1754049677.08446,-3,0,-173
1754049677.12046,6,0,-161
1754049677.1574602,-1,-7,-153
1754049677.19546,0,-3,-154
1754049677.23446,-2,2,-152
1754049677.27046,-6,0,-152
1754049677.30846,1,-2,-159
1754049677.34746,4,-3,-164
1754049677.38546,2,-1,-168
1754049677.4214602,-1,-2,-162
1754049677.4604602,-2,-4,-152
1754049677.49746,-2,-6,-156
1754049677.53546,1,0,-157
1754049677.57446,1,-1,-156
1754049677.61046,1,-2,-158
1754049677.64846,7,-7,-170
1754049677.68646,-1,-4,-162
1754049677.72546,5,-2,-150
1754049677.76146,3,1,-152
1754049677.79846,9,0,-156
1754049677.83646,3,6,-166
1754049677.87546,0,3,-164
1754049677.9114602,7,-1,-153
1754049677.94946,9,0,-148
1754049677.98746,-1,-3,-139
1754049678.02546,-7,-3,-166
1754049678.06446,-2,-1,-161
1754049678.10046,3,0,-151
1754049678.13746,5,-1,-152
1754049678.17646,-1,-2,-160
1754049678.21446,-4,-1,-160
1754049678.25046,4,-2,-155
1754049678.28846,0,-4,-151
1754049678.32646,2,0,-152
1754049678.3654602,5,-8,-162
1754049678.4014602,10,3,-152
1754049678.43846,4,4,-157
1754049678.47646,-3,-4,-162
1754049678.51546,-4,-7,-154
1754049678.55146,-3,-3,-150
1754049678.58946,1,-2,-153
1754049678.62746,8,-4,-152
1754049678.66646,6,-6,-157
1754049678.70446,2,3,-163
1754049678.7404602,0,0,-159
1754049678.77846,3,1,-158
1754049678.81646,6,-2,-156
1754049678.8554602,-1,-1,-163
1754049678.8914602,0,4,-160
1754049678.92946,-3,-3,-162
1754049678.9674602,2,0,-157
1754049679.0064602,-4,0,-157
1754049679.04446,1,1,-166
1754049679.08046,11,0,-162
1754049679.11746,1,-1,-166
1754049679.15646,1,2,-157
1754049679.1944602,-6,-2,-164
1754049679.2304602,-4,0,-162
1754049679.26846,-7,-2,-169
1754049679.30646,2,-1,-155
1754049679.3454602,4,-4,-151
1754049679.3814602,10,-7,-148
1754049679.41946,7,-5,-163
1754049679.4574602,3,1,-171
1754049679.4964602,10,1,-162
1754049679.5324602,12,3,-161
1754049679.5694602,0,3,-152
1754049679.60746,-8,2,-162
1754049679.64646,2,-3,-156
1754049679.68246,0,-3,-155
1754049679.7204602,3,-2,-147
1754049679.7594602,-9,0,-153
1754049679.7964602,-5,5,-159
1754049679.8354602,6,0,-153
1754049679.8714602,-5,2,-155
1754049679.90946,-2,-6,-165
1754049679.9474602,-2,0,-159
1754049679.9864602,0,-6,-176
1754049680.02246,3,-4,-173
1754049680.06046,-1,-6,-168
1754049680.0984602,2,0,-156
1754049680.13646,0,4,-158
1754049680.17546,8,2,-167
1754049680.21146,0,-1,-149
1754049680.24946,2,0,-157
1754049680.28746,-5,0,-155
1754049680.32646,-4,-8,-155
1754049680.36246,-4,-4,-151
1754049680.40046,2,-4,-158
1754049680.43846,-6,-3,-152
1754049680.47746,-3,10,-149
1754049680.51546,2,-2,-152
1754049680.55146,5,-6,-157
1754049680.58946,3,-6,-155
1754049680.62746,0,0,-160
1754049680.66646,0,-1,-156
1754049680.70246,5,-9,-154
1754049680.7404602,6,-1,-161
1754049680.7794602,-1,-10,-156
1754049680.81746,1,0,-169
1754049680.8554602,-2,-2,-169
1754049680.8914602,0,-6,-162
1754049680.92946,2,-1,-163
1754049680.9674602,-6,-6,-156
1754049681.0064602,-3,3,-156
1754049681.0424602,0,7,-157
1754049681.07946,-1,2,-162
1754049681.11746,-1,-4,-146
1754049681.15646,4,-2,-159
1754049681.19246,-2,0,-155
1754049681.2304602,-4,-4,-157
1754049681.26846,-2,-3,-154
1754049681.30746,5,-8,-157
1754049681.34346,1,-6,-152
1754049681.3814602,-2,2,-160
1754049681.41946,0,9,-161
1754049681.4574602,-2,3,-170
1754049681.4964602,4,-1,-163
1754049681.5324602,4,0,-155
1754049681.57046,-5,-6,-149
1754049681.6084602,-8,-1,-151
1754049681.64746,0,0,-164
1754049681.68346,1,-2,-166
1754049681.72146,6,1,-165
1754049681.7594602,5,5,-160
1754049681.79746,3,0,-161
1754049681.83646,-1,0,-165
1754049681.87246,2,1,-164
1754049681.91046,5,2,-150
1754049681.94946,9,4,-153
1754049681.98746,1,2,-160
1754049682.02346,6,1,-164
1754049682.06046,-4,0,-160
1754049682.0984602,-5,-2,-165
1754049682.13746,6,-1,-158
1754049682.17346,5,-5,-162
1754049682.21246,9,0,-153
1754049682.24946,1,3,-158
1754049682.28746,-9,1,-152
1754049682.32346,-3,3,-153
1754049682.36246,7,-2,-153
1754049682.39946,11,-1,-162
1754049682.43846,0,-2,-163
1754049682.47646,-7,1,-157
1754049682.51246,1,4,-159
1754049682.5494602,-1,1,-165
1754049682.5884602,3,-4,-162
1754049682.62646,3,-3,-156
1754049682.66246,2,-4,-149
1754049682.7004602,-4,-6,-154
1754049682.73846,-1,-6,-157
1754049682.77746,0,-1,-166
1754049682.81346,-3,0,-170
1754049682.85146,11,1,-162
1754049682.88946,2,0,-162
1754049682.92846,2,3,-152
1754049682.96646,7,6,-147
1754049683.00246,3,2,-155
1754049683.0394602,10,-7,-162
1754049683.07846,2,-7,-158
1754049683.11646,-7,-6,-156
1754049683.15246,-1,-2,-159
1754049683.19146,1,-3,-157
1754049683.22846,-1,-8,-157
1754049683.26746,-2,-5,-156
1754049683.30346,-8,-4,-162
1754049683.34146,-5,-4,-157
1754049683.37946,-2,2,-150
1754049683.41846,-8,3,-158
1754049683.45446,-7,2,-160
1754049683.49246,4,-8,-159
1754049683.53046,-5,-5,-157
1754049683.57446,0,-4,-154
1754049683.61346,4,-4,-167
1754049683.65046,6,-6,-156
1754049683.68846,0,-3,-153
1754049683.72746,-3,-2,-156
1754049683.7634602,5,1,-156
1754049683.8024602,9,0,-148
1754049683.83946,5,2,-146
1754049683.8784602,1,0,-148
1754049683.91546,10,0,-149
1754049683.95246,2,-4,-147
1754049683.99146,7,2,-148
1754049684.02846,5,5,-158
1754049684.06746,0,3,-159
1754049684.10346,-2,1,-161
1754049684.1414602,-1,-4,-160
1754049684.18046,0,4,-160
1754049684.21846,0,2,-157
1754049684.25446,1,2,-156
1754049684.29146,-1,-5,-162
1754049684.32946,-3,-6,-154
1754049684.3684602,0,0,-165
1754049684.4044602,0,0,-159
1754049684.44246,1,-9,-161
1754049684.4804602,-9,-4,-157
1754049684.5194602,0,0,-161
1754049684.55746,0,-3,-149
1754049684.59346,5,-1,-155
1754049684.6314602,0,1,-160
1754049684.66946,5,1,-152
1754049684.70846,7,-2,-152
1754049684.74446,-1,-6,-154
1754049684.7824602,1,0,-164
1754049684.82046,7,-5,-162
1754049684.85946,1,1,-158
1754049684.89746,0,0,-153
1754049684.93346,-2,-7,-164
1754049684.97146,2,-3,-157
1754049685.0094602,8,-4,-162
1754049685.04846,2,-7,-157
1754049685.08446,7,-2,-154
1754049685.12346,5,0,-152
1754049685.16046,3,2,-145
1754049685.19946,-2,1,-147
1754049685.23546,0,3,-156
1754049685.27246,5,-5,-163
1754049685.31146,-4,-6,-163
1754049685.34946,1,1,-157
1754049685.38546,0,4,-161
1754049685.42246,-5,-5,-167
1754049685.46146,-2,2,-161
1754049685.49946,-4,1,-156
1754049685.53546,-3,0,-152
1754049685.57446,2,3,-164
1754049685.6114602,3,5,-164
1754049685.64946,9,-3,-174
1754049685.68846,2,-2,-160
1754049685.72446,0,-1,-155
1754049685.76146,0,-7,-158
1754049685.7994602,4,-1,-153
1754049685.8384602,4,-4,-152
1754049685.87446,0,1,-152
1754049685.9114602,0,-4,-162
1754049685.94946,0,-5,-151
1754049685.98846,2,4,-147
1754049686.02446,-6,-1,-157
1754049686.0624602,-10,-6,-153
1754049686.10146,-4,-9,-153
1754049686.13946,3,-12,-160
1754049686.17546,8,0,-157
1754049686.2134602,4,0,-154
1754049686.25146,6,-2,-161
1754049686.29046,-6,0,-160
1754049686.32846,0,4,-154
1754049686.36446,-2,0,-150
1754049686.40246,0,-5,-153
1754049686.4404602,-5,2,-151
1754049686.47946,-7,-3,-145
1754049686.51546,-4,4,-146
1754049686.55346,5,0,-149
1754049686.59146,3,-2,-151
1754049686.63046,0,0,-148
1754049686.66846,5,-5,-144
1754049686.70446,5,-7,-150
1754049686.74246,3,-7,-166
1754049686.78146,0,2,-147
1754049686.8194602,-4,1,-139
1754049686.8554602,0,0,-142
1754049686.89246,-4,1,-152
1754049686.93146,6,0,-151
1754049686.96946,9,-4,-153
1754049687.00546,3,0,-147
1754049687.0424602,-6,-2,-156
1754049687.08146,-7,-4,-163
1754049687.11946,0,-1,-166
1754049687.15546,0,-3,-154
1754049687.19246,-5,-3,-162
1754049687.2304602,1,-3,-168
1754049687.2694602,0,-2,-163
1754049687.30546,-4,-1,-165
1754049687.34346,3,-3,-157
1754049687.3814602,-2,3,-162
1754049687.42046,0,-3,-159
1754049687.45646,-5,-1,-147
1754049687.49446,-2,-5,-150
1754049687.5324602,2,0,-160
1754049687.57046,3,-1,-167
1754049687.60946,2,-13,-168
1754049687.64546,0,-4,-160
1754049687.6844602,5,-2,-163
1754049687.72146,-2,-4,-158
1754049687.76046,-7,-1,-161
1754049687.7964602,-7,2,-159
1754049687.83446,7,0,-172
1754049687.87346,-2,-1,-158
1754049687.91046,-2,-2,-158
1754049687.94946,0,0,-159
1754049687.98546,-1,-2,-159
1754049688.02346,-3,-2,-162
1754049688.06146,-2,3,-154
1754049688.10046,0,3,-158
1754049688.13646,-3,7,-169
1754049688.1744602,-1,4,-164
1754049688.21246,0,-2,-154
1754049688.25146,1,-3,-147
1754049688.2894602,-6,4,-168
1754049688.3254602,-3,3,-160
1754049688.36346,-2,2,-161
1754049688.4014602,-6,1,-170
1754049688.4404602,-2,0,-154
1754049688.47646,-1,0,-157
1754049688.51446,0,-5,-152
1754049688.5524602,3,-3,-153
1754049688.59146,6,-3,-154
1754049688.62946,7,-2,-160
1754049688.66546,5,-3,-158
1754049688.70346,4,-1,-155
1754049688.74146,-5,-4,-157
1754049688.78046,-7,0,-157
1754049688.81646,2,0,-154
1754049688.85346,-1,0,-150
1754049688.8914602,2,0,-155
1754049688.93046,2,-3,-161
1754049688.96646,1,1,-153
1754049689.0034602,-2,3,-164
1754049689.04146,4,-1,-155
1754049689.08046,4,0,-156
1754049689.11646,3,-6,-154
1754049689.15346,7,0,-156
1754049689.19146,6,-2,-158
1754049689.2304602,0,-1,-159
1754049689.2664602,-3,-5,-161
1754049689.30446,0,0,-153
1754049689.3424602,-4,1,-157
1754049689.3814602,1,0,-158
1754049689.4174602,4,6,-159
1754049689.45446,1,4,-158
1754049689.49246,-3,-1,-155
1754049689.53146,2,-2,-153
1754049689.56746,0,-1,-155
1754049689.60446,0,0,-151
1754049689.64246,3,0,-157
1754049689.68146,1,3,-147
1754049689.7174602,0,3,-154
1754049689.75446,0,-3,-165
1754049689.7924602,6,-1,-159
1754049689.83146,2,0,-157
1754049689.86746,7,5,-149
1754049689.9044602,1,-2,-154
1754049689.94246,-8,1,-157
1754049689.98146,8,2,-152
1754049690.01746,4,-4,-145
1754049690.05546,-3,-11,-160
1754049690.09346,2,-5,-163
1754049690.13246,0,-3,-167
1754049690.17046,3,3,-155
1754049690.20646,0,-2,-156
1754049690.24446,7,-8,-157
1754049690.28346,2,-2,-162
1754049690.32146,-4,0,-167
1754049690.3584602,2,1,-160
1754049690.39546,1,1,-159
1754049690.43346,9,0,-150
1754049690.47246,7,0,-152
1754049690.51046,3,-2,-152
1754049690.5464602,8,-6,-154
1754049690.58446,12,-1,-151
1754049690.62246,5,-5,-157
1754049690.6614602,5,7,-151
1754049690.6974602,6,-5,-161
1754049690.73446,3,-4,-156
1754049690.77246,2,-4,-153
1754049690.81146,-4,-1,-154
1754049690.84746,-1,1,-164
1754049690.88546,-4,-4,-160
1754049690.92346,-7,4,-147
1754049690.96246,-6,1,-144
1754049691.00046,0,5,-151
1754049691.0364602,0,3,-155
1754049691.07446,-3,0,-165
1754049691.11346,3,-7,-154
1754049691.1514602,4,-1,-154
1754049691.1874602,6,-1,-155
1754049691.22546,1,2,-163
1754049691.2634602,0,-2,-173
1754049691.3024602,0,0,-154
1754049691.3384602,-2,-7,-159
1754049691.37646,-1,-2,-159
1754049691.4144602,0,-2,-152
1754049691.45246,2,-2,-156
1754049691.49146,-3,-2,-163
1754049691.52746,3,-5,-153
1754049691.5654602,4,-7,-157
1754049691.60346,2,-1,-164
1754049691.64246,-5,-3,-165
1754049691.67946,-4,-13,-168
1754049691.71646,3,-3,-164
1754049691.75546,6,0,-161
1754049691.7924602,5,0,-155
1754049691.83146,0,-6,-157
1754049691.86746,0,-1,-149
1754049691.90546,4,-3,-161
1754049691.94346,0,-3,-161
1754049691.98246,6,-2,-158
1754049692.01846,3,-8,-152
1754049692.05646,0,-5,-153
1754049692.09446,9,-3,-158
1754049692.13346,2,-1,-178
1754049692.1714602,0,1,-163
1754049692.2074602,0,2,-155
1754049692.24446,2,0,-174
1754049692.28346,-2,-4,-156
1754049692.32146,4,-1,-152
1754049692.35746,10,-5,-156
1754049692.39546,8,-5,-158
1754049692.43346,0,-3,-171
1754049692.47246,0,-7,-167
1754049692.50846,0,-9,-154
1754049692.5464602,2,-4,-155
1754049692.58446,0,0,-164
1754049692.62346,1,1,-150
1754049692.6614602,7,-5,-144
1754049692.6974602,5,-2,-156
1754049692.73546,0,-1,-165
1754049692.77346,5,-3,-163
1754049692.8124602,6,3,-161
1754049692.8484602,2,3,-157
1754049692.88546,-5,1,-159
1754049692.92346,-7,-2,-159
1754049692.96246,2,-6,-150
1754049692.99846,-1,-7,-143
1754049693.0364602,-1,-3,-146
1754049693.0754602,-4,0,-142
1754049693.11346,1,-4,-149
1754049693.14946,5,-3,-152
1754049693.1874602,3,-2,-161
1754049693.22546,4,4,-159
1754049693.2634602,-2,0,-156
1754049693.3024602,-1,0,-153
1754049693.3384602,3,0,-156
1754049693.37546,0,3,-161
1754049693.41346,-5,0,-160
1754049693.45246,-3,-5,-153
1754049693.48846,2,-2,-151
1754049693.52546,0,-7,-166
1754049693.56346,-4,-1,-164
1754049693.6084602,-1,0,-161
1754049693.64546,0,1,-151
1754049693.68346,4,1,-162
1754049693.72246,9,1,-159
1754049693.75846,-5,2,-146
1754049693.7964602,3,-2,-156
1754049693.83446,-10,-1,-155
1754049693.87346,-11,-2,-158
1754049693.90946,-1,-7,-155
1754049693.9474602,6,-7,-151
1754049693.98546,1,-1,-158
1754049694.02446,3,-3,-151
1754049694.0624602,7,-9,-152
1754049694.0984602,2,-3,-160
1754049694.13646,1,0,-161
1754049694.1744602,5,-7,-153
1754049694.2134602,6,-5,-164
1754049694.24946,2,-7,-160
1754049694.28746,10,0,-156
1754049694.3254602,-1,-7,-174
1754049694.36446,4,-5,-162
1754049694.40246,3,2,-153
1754049694.43846,2,-1,-148
1754049694.47746,3,-1,-159
1754049694.51546,4,-6,-165
1754049694.55346,1,3,-165
1754049694.58946,4,0,-151
1754049694.62746,0,2,-151
1754049694.66546,-1,2,-151
1754049694.70446,-4,-6,-147
1754049694.74246,0,-2,-172
1754049694.77846,-7,-8,-167
1754049694.81646,0,-2,-165
1754049694.85446,-2,0,-168
1754049694.89346,1,6,-156
1754049694.92946,5,1,-151
1754049694.96646,0,-1,-164
1754049695.00446,0,-2,-157
1754049695.04346,3,-7,-156
1754049695.07946,0,-7,-155
1754049695.11646,-4,-3,-167
1754049695.15546,0,3,-158
1754049695.19346,-3,-1,-154
1754049695.22946,-2,-2,-169
1754049695.26746,8,-11,-161
1754049695.30546,1,-6,-158
1754049695.34446,3,-4,-155
1754049695.38046,2,-1,-163
1754049695.41846,0,-7,-165
1754049695.4574602,1,2,-160
1754049695.49446,0,2,-154
1754049695.53346,4,-3,-157
1754049695.5694602,6,-4,-150
1754049695.60746,1,1,-156
1754049695.64546,11,0,-160
1754049695.6844602,0,-2,-154
1754049695.7204602,-2,-1,-155
1754049695.75846,0,3,-165
1754049695.7964602,-1,0,-166
1754049695.8354602,2,-5,-167
1754049695.87346,4,-4,-167
1754049695.90946,8,3,-159
1754049695.94646,1,-1,-155
1754049695.98546,-7,-3,-160
1754049696.02346,-2,-2,-161
1754049696.0594602,0,-4,-145
1754049696.09746,0,0,-153
1754049696.13546,5,4,-168
1754049696.1744602,8,-4,-160
1754049696.2104602,3,4,-157
1754049696.24846,-1,-1,-151
1754049696.2864602,-1,-2,-153
1754049696.3254602,-6,-6,-170
1754049696.36346,7,-3,-163
1754049696.39946,8,-3,-155
1754049696.4374602,1,0,-158
1754049696.47546,0,0,-158
1754049696.51446,1,-2,-155
1754049696.55046,0,0,-153
1754049696.58746,0,-2,-159
1754049696.62546,2,1,-162
1754049696.6644602,9,-4,-158
1754049696.7004602,6,-4,-158
1754049696.73846,2,0,-168
1754049696.7764602,0,1,-168
1754049696.8154602,-5,4,-172
1754049696.85346,2,2,-163
1754049696.88946,-2,-2,-153
1754049696.9274602,5,-1,-166
1754049696.96546,0,-4,-158
1754049697.00446,1,0,-164
1754049697.04046,0,-6,-161
1754049697.07846,2,-1,-167
1754049697.11646,-2,-3,-171
1754049697.15546,-1,2,-158
1754049697.19146,-3,3,-158
1754049697.22946,-3,1,-158
1754049697.26746,3,0,-160
1754049697.30546,3,-6,-152
1754049697.34446,2,-6,-165
1754049697.38046,0,-6,-164
1754049697.41846,0,0,-154
1754049697.45646,-7,4,-151
1754049697.49546,0,0,-154
1754049697.53146,-1,0,-158
1754049697.5694602,-10,-3,-159
1754049697.60746,-2,0,-160
1754049697.64546,2,0,-155
1754049697.6844602,0,2,-162
1754049697.7204602,0,5,-156
1754049697.75746,5,5,-157
1754049697.7964602,0,0,-165
1754049697.83446,0,0,-164
1754049697.87046,-1,-6,-163
1754049697.90846,2,-11,-163
1754049697.94646,0,2,-152
1754049697.98546,0,2,-148
1754049698.02146,0,2,-142
1754049698.06046,3,3,-151
1754049698.09746,0,-3,-148
1754049698.13646,4,-10,-160
1754049698.1744602,-11,-5,-155
1754049698.2104602,0,-3,-157
1754049698.24846,-3,1,-162
1754049698.2864602,0,-6,-155
1754049698.3254602,0,0,-162
1754049698.3614602,0,-2,-152
1754049698.39946,-5,-4,-146
1754049698.4374602,1,7,-146
1754049698.47646,-7,6,-157
1754049698.51446,-3,0,-157
1754049698.55046,5,6,-154
1754049698.5884602,0,4,-156
1754049698.62746,9,2,-142
1754049698.66546,1,0,-148
1754049698.70146,0,4,-147
1754049698.73946,3,6,-148
1754049698.7764602,5,-3,-152
1754049698.8154602,0,-3,-155
1754049698.85146,3,5,-163
1754049698.8884602,0,-3,-157
1754049698.92646,6,-12,-148
1754049698.96546,0,-3,-151
1754049699.00146,2,-2,-152
1754049699.0394602,1,-8,-148
1754049699.07746,-1,-4,-170
1754049699.11646,-7,0,-161
1754049699.15246,-1,0,-156
1754049699.18946,-3,0,-163
1754049699.22746,-5,-5,-175
1754049699.2664602,-1,0,-169
1754049699.3024602,4,-7,-174
1754049699.34046,0,0,-155
1754049699.3784602,6,-4,-147
1754049699.41646,-2,-4,-153
1754049699.45546,4,-6,-155
1754049699.49146,1,-1,-150
1754049699.53046,-2,-1,-155
1754049699.56746,-10,-3,-150
1754049699.60646,-7,2,-153
1754049699.64346,-4,2,-148
1754049699.68046,-6,3,-146
1754049699.71846,-4,-1,-160
1754049699.75746,-5,-3,-167
1754049699.79546,-4,-1,-162
1754049699.83146,3,-3,-161
1754049699.86946,2,-7,-160
1754049699.9074602,1,-7,-160
1754049699.94646,-1,7,-170
1754049699.98246,-1,6,-179
1754049700.02046,0,4,-159
1754049700.05846,-3,-1,-163
1754049700.09746,-1,-1,-162
1754049700.13546,-3,-5,-162
1754049700.1714602,-5,-6,-155
1754049700.20946,4,6,-157
1754049700.24746,11,-3,-166
1754049700.2864602,-1,4,-168
1754049700.3224602,-5,3,-153
1754049700.36046,-7,6,-159
1754049700.39846,-6,0,-169
1754049700.4374602,-1,0,-161
1754049700.47546,-7,-2,-157
1754049700.51146,-4,2,-150
1754049700.5494602,2,1,-157
1754049700.58746,-1,-3,-162
1754049700.62646,4,-7,-160
1754049700.66246,4,-4,-165
1754049700.7004602,3,-3,-153
1754049700.73846,-4,-1,-155
1754049700.77746,1,1,-156
1754049700.8154602,-1,1,-172
1754049700.85146,-3,-5,-159
1754049700.88946,0,1,-154
1754049700.9274602,3,4,-162
1754049700.96646,0,-6,-157
1754049701.00246,-1,-5,-150
1754049701.04046,5,1,-166
1754049701.07846,-3,-2,-160
1754049701.11746,0,-2,-154
1754049701.15346,0,1,-149
1754049701.19146,-2,-2,-169
1754049701.22946,-3,-3,-161
1754049701.26846,-4,0,-153
1754049701.30646,-3,-5,-157
1754049701.3424602,-1,-1,-156
1754049701.38046,-3,7,-158
1754049701.41846,-3,-6,-151
1754049701.4574602,-5,0,-146
1754049701.4934602,-4,-1,-150
1754049701.53146,-2,-2,-152
1754049701.5694602,-9,1,-155
1754049701.60746,0,0,-162
1754049701.64646,-5,-5,-164
1754049701.68246,0,2,-164
1754049701.7204602,-1,-1,-164
1754049701.7594602,-1,-1,-165
1754049701.79746,3,0,-167
1754049701.83346,0,0,-159
1754049701.87046,1,2,-152
1754049701.90946,-2,0,-151
1754049701.9474602,1,1,-147
1754049701.9834602,0,-1,-155
1754049702.02146,-3,-2,-151
1754049702.0594602,-4,1,-166
1754049702.0984602,0,7,-168
1754049702.13646,0,2,-163
1754049702.17246,0,3,-157
1754049702.2104602,4,-1,-161
1754049702.24846,6,5,-168
1754049702.28746,-3,4,-159
1754049702.32446,-1,2,-161
1754049702.3614602,9,1,-142
1754049702.39946,3,0,-145
1754049702.43846,9,1,-162
1754049702.47646,-3,0,-161
1754049702.51246,-1,0,-159
1754049702.55146,1,4,-155
1754049702.5884602,-3,4,-151
1754049702.62746,-3,7,-166
1754049702.66346,2,5,-169
1754049702.7004602,2,-4,-162
1754049702.73846,1,-1,-167
1754049702.77746,-2,-4,-156
1754049702.81346,-5,-6,-165
1754049702.85146,-2,-2,-153
1754049702.88946,-1,-1,-151
1754049702.92846,4,0,-158
1754049702.96446,9,2,-163
1754049703.00146,3,2,-153
1754049703.0394602,2,4,-147
1754049703.07846,3,1,-152
1754049703.11446,4,5,-152
1754049703.1514602,-6,6,-150
1754049703.18946,-4,-7,-151
1754049703.22846,-1,-3,-155
1754049703.26446,-11,3,-154
1754049703.3024602,-3,0,-151
1754049703.34046,-3,0,-161
1754049703.3784602,-1,5,-158
1754049703.4174602,4,8,-155
1754049703.45346,3,5,-153
1754049703.49146,3,-3,-158
1754049703.5294602,1,-6,-150
1754049703.56846,0,4,-156
1754049703.61246,1,-1,-154
1754049703.6514602,-3,4,-161
1754049703.68946,-11,5,-162
1754049703.72746,-3,4,-159
1754049703.7634602,-4,2,-162
1754049703.80146,-2,0,-153
1754049703.83946,-3,1,-151
1754049703.8784602,8,3,-155
1754049703.9144602,2,0,-151
1754049703.95146,2,-8,-150
1754049703.98946,-1,0,-157
1754049704.02846,-5,-7,-146
1754049704.06446,-6,0,-147
1754049704.10246,5,-3,-151
1754049704.14046,0,-4,-158
1754049704.17946,1,-3,-152
1754049704.2174602,-7,-3,-158
1754049704.2534602,-7,1,-157
1754049704.2924602,-3,0,-151
1754049704.32946,0,2,-152
1754049704.3684602,1,1,-150
1754049704.4044602,2,-2,-160
1754049704.44246,1,0,-163
1754049704.4804602,1,-1,-166
1754049704.5194602,-1,-2,-164
1754049704.55746,1,1,-163
1754049704.59346,-2,-2,-154
1754049704.6314602,1,-5,-165
1754049704.66946,2,-4,-158
1754049704.70846,1,-2,-153
1754049704.74446,10,2,-159
1754049704.78146,3,0,-171
1754049704.8194602,5,-5,-171
1754049704.8584602,-3,0,-163
1754049704.8944602,-10,2,-161
1754049704.93246,-6,0,-145
1754049704.97146,-8,1,-161
1754049705.0094602,-1,-2,-155
1754049705.04546,-2,4,-157
1754049705.08446,-4,1,-151
1754049705.1214602,-6,-3,-146
1754049705.15946,-6,-1,-154
1754049705.19846,-6,1,-162
1754049705.23446,-4,0,-167
1754049705.27246,-6,-4,-155
1754049705.31046,-5,9,-152
1754049705.34946,1,7,-156
1754049705.38546,-2,0,-156
1754049705.42346,0,0,-146
1754049705.46246,-1,6,-145
1754049705.49946,-1,-5,-153
1754049705.53846,0,-5,-152
1754049705.57446,-1,-7,-158
1754049705.61246,1,0,-152
1754049705.65046,-3,0,-165
1754049705.68946,-1,-6,-162
1754049705.72546,0,2,-162
1754049705.7634602,4,7,-147
1754049705.80146,2,-3,-154
1754049705.84046,-4,2,-152
1754049705.8784602,-7,4,-140
1754049705.9144602,-4,6,-149
1754049705.95246,0,0,-155
1754049705.9904602,2,-4,-159
1754049706.0294602,-2,-2,-156
1754049706.0654602,-4,-5,-157
1754049706.10446,6,-3,-159
1754049706.1414602,8,-2,-156
1754049706.18046,13,-2,-149
1754049706.21846,9,-3,-151
1754049706.25446,6,1,-155
1754049706.29146,5,-1,-151
1754049706.33046,4,-1,-161
1754049706.3684602,1,-4,-153
1754049706.4044602,-6,-4,-161
1754049706.44246,1,-5,-156
1754049706.4804602,6,-3,-163
1754049706.5194602,0,0,-163
1754049706.55546,1,1,-157
1754049706.5924602,8,0,-159
1754049706.63046,2,-1,-169
1754049706.66946,5,-9,-172
1754049706.70546,1,-9,-162
1754049706.7434602,5,0,-156
1754049706.78146,0,2,-168
1754049706.82046,-2,0,-150
1754049706.85646,2,0,-157
1754049706.89546,-6,-1,-163
1754049706.93246,-1,1,-162
1754049706.97146,0,-1,-157
1754049707.0094602,-3,-6,-167
1754049707.04546,0,0,-159
1754049707.0824602,3,0,-158
1754049707.1214602,4,-11,-158
1754049707.15946,-3,0,-155
1754049707.19546,0,2,-151
1754049707.23246,1,0,-163
1754049707.27146,-1,-5,-167
1754049707.3094602,5,-1,-157
1754049707.3454602,2,0,-156
1754049707.3844602,-5,-1,-153
1754049707.4214602,-2,-3,-149
1754049707.4604602,1,3,-158
1754049707.4964602,-1,-1,-154
1754049707.53446,-2,-9,-161
1754049707.5724602,-1,-6,-157
1754049707.6114602,2,0,-166
1754049707.64946,1,0,-161
1754049707.68546,-1,1,-160
1754049707.7234602,-3,-3,-156
1754049707.76146,1,-2,-157
1754049707.80046,-2,-7,-162
1754049707.83646,-1,-4,-154
1754049707.87446,1,0,-162
1754049707.91246,-1,7,-158
1754049707.95146,2,-1,-146
1754049707.98946,6,-2,-147
1754049708.02546,3,-6,-146
1754049708.06346,-8,-7,-154
1754049708.10146,-1,0,-165
1754049708.14046,0,0,-156
1754049708.17646,-5,-3,-149
1754049708.21446,3,-2,-149
1754049708.25246,6,-3,-155
1754049708.29146,0,-3,-154
1754049708.32946,0,0,-164
1754049708.3654602,-6,3,-154
1754049708.4044602,-2,-2,-161
1754049708.44146,0,-2,-170
1754049708.4804602,3,0,-161
1754049708.5164602,8,-2,-153
1754049708.55446,5,-3,-166
1754049708.5924602,9,-1,-154
1754049708.6314602,8,6,-168
1754049708.6674602,5,0,-161
1754049708.70446,3,5,-173
1754049708.74246,-1,-1,-162
1754049708.78146,-2,8,-147
1754049708.81746,0,1,-144
1754049708.85446,-2,8,-150
1754049708.89246,-6,1,-152
1754049708.93146,2,-5,-161
1754049708.9674602,0,-3,-154
1754049709.00546,-3,-2,-164
1754049709.04346,-5,0,-161
1754049709.08146,0,-8,-151
1754049709.12046,0,-9,-161
1754049709.15646,6,-6,-157
1754049709.19546,2,-5,-154
1754049709.23246,-3,-1,-156
1754049709.27146,1,1,-155
1754049709.30846,-3,5,-168
1754049709.3454602,-1,-4,-153
1754049709.3844602,4,-6,-159
1754049709.42246,9,-2,-148
1754049709.4604602,4,-1,-151
1754049709.4964602,5,-4,-160
1754049709.53446,0,-6,-161
1754049709.5724602,4,-1,-161
1754049709.6114602,0,0,-156
1754049709.64746,5,0,-154
1754049709.6844602,0,1,-165
1754049709.72246,0,1,-154
1754049709.76146,11,6,-158
1754049709.79746,0,-2,-161
1754049709.83446,5,-4,-152
1754049709.87246,0,-2,-155
1754049709.9114602,1,1,-152
1754049709.9474602,4,2,-154
1754049709.98446,5,-2,-153
1754049710.02246,-3,6,-149
1754049710.06146,-3,-3,-164
1754049710.09746,0,-1,-168
1754049710.1344602,5,-1,-165
1754049710.17246,-4,5,-163
1754049710.21146,-7,-7,-153
1754049710.24746,3,-2,-160
1754049710.28546,-2,-9,-153
1754049710.32346,6,-8,-159
1754049710.36246,0,0,-152
1754049710.40046,0,1,-158
1754049710.43646,6,-3,-165
1754049710.47546,0,3,-161
1754049710.51246,6,0,-162
1754049710.55146,7,5,-161
1754049710.58746,3,3,-157
1754049710.62446,-1,-7,-153
1754049710.66246,3,-4,-154
1754049710.70146,8,-3,-157
1754049710.73746,-1,-5,-162
1754049710.77546,2,-2,-157
1754049710.81346,6,-2,-161
1754049710.85246,1,0,-176
1754049710.8884602,6,0,-154
1754049710.92546,2,-4,-149
1754049710.9634602,2,-2,-166
1754049711.00246,3,0,-156
1754049711.03846,5,-9,-160
1754049711.07646,2,-6,-156
1754049711.11446,-1,0,-154
1754049711.15246,1,-5,-155
1754049711.19146,0,0,-160
1754049711.22746,0,-1,-149
1754049711.26546,3,-1,-144
1754049711.30346,4,-4,-152
1754049711.3424602,3,-4,-161
1754049711.3784602,-4,-1,-157
1754049711.41646,-2,-7,-157
1754049711.45446,2,-4,-166
1754049711.4934602,-5,2,-162
1754049711.53146,-2,5,-160
1754049711.56746,-8,2,-157
1754049711.6054602,0,-2,-158
1754049711.64346,2,6,-164
1754049711.68246,-3,-1,-160
1754049711.71846,-3,0,-151
1754049711.75746,10,2,-149
1754049711.79546,-6,-1,-164
1754049711.83346,-2,2,-160
1754049711.8714602,1,-1,-150
1754049711.9074602,3,2,-156
1754049711.9444602,2,-6,-162
1754049711.9834602,-3,-1,-157
1754049712.02146,-3,-1,-163
1754049712.05746,8,0,-160
1754049712.0954602,9,-6,-164
1754049712.1344602,7,-3,-155
1754049712.17246,-1,-9,-151
1754049712.20846,4,-2,-154
1754049712.2464602,-4,1,-153
1754049712.28446,-5,-2,-149
1754049712.32346,-6,12,-155
1754049712.3614602,1,2,-159
1754049712.39746,3,-2,-157
1754049712.43546,1,-4,-142
1754049712.4734602,5,2,-162
1754049712.51246,5,-2,-159
1754049712.54846,6,1,-150
1754049712.58646,11,0,-154
1754049712.62446,3,3,-163
1754049712.66346,0,-1,-154
1754049712.69946,-4,2,-152
1754049712.73846,-1,-1,-163
1754049712.77546,-9,-5,-157
1754049712.81346,-10,-1,-160
1754049712.85246,-5,0,-159
1754049712.8884602,-3,-4,-147
1754049712.92646,-5,-4,-148
1754049712.96446,7,-2,-153
1754049713.0034602,-2,-6,-149
1754049713.0394602,0,0,-143
1754049713.07746,4,4,-144
1754049713.1154602,0,3,-150
1754049713.15346,8,2,-152
1754049713.19246,2,-5,-152
1754049713.22846,3,-6,-161
1754049713.2664602,6,-7,-152
1754049713.30446,8,-5,-152
1754049713.34346,-1,-7,-161
1754049713.37946,1,0,-162
1754049713.41646,0,-4,-158
1754049713.45446,4,-5,-156
1754049713.4934602,16,-9,-145
1754049713.5294602,7,2,-158
1754049713.56646,3,5,-167
1754049713.60446,9,0,-168
1754049713.64946,3,2,-162
1754049713.68646,-1,-7,-166
1754049713.72546,2,0,-168
1754049713.7634602,0,5,-158
1754049713.7994602,0,0,-166
1754049713.83646,1,2,-162
1754049713.87546,-3,1,-164
1754049713.91346,8,-4,-158
1754049713.94946,1,-1,-161
1754049713.98846,-4,-9,-151
1754049714.02546,0,0,-150
1754049714.06446,1,0,-164
1754049714.10246,1,-1,-172
1754049714.1384602,-7,3,-164
1754049714.17646,2,-3,-155
1754049714.21446,-3,-3,-149
1754049714.2534602,-10,-1,-132
1754049714.2894602,8,-1,-150
1754049714.32746,1,-1,-152
1754049714.3654602,-3,0,-152
1754049714.4044602,1,0,-156
1754049714.44246,0,1,-152
1754049714.47846,2,0,-148
1754049714.51546,0,3,-152
1754049714.55446,3,-4,-144
1754049714.59046,2,-12,-145
1754049714.6284602,6,0,-160
1754049714.66646,0,2,-152
1754049714.70446,0,0,-154
1754049714.7434602,1,0,-159
1754049714.7794602,0,-4,-151
1754049714.81646,-1,-1,-145
1754049714.85446,3,-1,-152
1754049714.89346,-5,4,-150
1754049714.92946,3,0,-157
1754049714.96646,11,-5,-157
1754049715.00446,0,0,-164
1754049715.04346,3,-7,-156
1754049715.07946,6,-6,-162
1754049715.11746,0,-13,-147
1754049715.15546,6,-7,-160
1754049715.1944602,4,-10,-164
1754049715.2304602,8,-7,-161
1754049715.26846,11,1,-154
1754049715.30746,5,3,-142
1754049715.3454602,0,2,-152
1754049715.38346,-9,0,-150
1754049715.41946,-8,4,-147
1754049715.4574602,-2,2,-151
1754049715.49546,4,0,-152
1754049715.53446,2,1,-147
1754049715.57046,3,2,-147
1754049715.60746,0,-2,-149
1754049715.64546,-6,-10,-160
1754049715.6844602,-4,-5,-157
1754049715.7204602,-2,1,-164
1754049715.75846,1,-5,-160
1754049715.7964602,1,-2,-164
1754049715.8354602,6,-2,-170
1754049715.87346,5,3,-164
1754049715.90946,4,1,-146
1754049715.94646,1,1,-153
1754049715.98546,3,3,-157
1754049716.02346,5,1,-158
1754049716.0594602,1,0,-155
1754049716.09646,5,-4,-150
1754049716.13546,0,0,-157
1754049716.17346,-1,2,-153
1754049716.20946,-6,6,-163
1754049716.24746,3,0,-158
1754049716.28546,-2,-2,-159
1754049716.32446,0,-1,-154
1754049716.3614602,0,0,-144
1754049716.39846,0,5,-152
1754049716.43646,4,0,-142
1754049716.47546,-3,0,-151
1754049716.51146,-4,-2,-156
1754049716.5494602,0,-4,-159
1754049716.58746,-2,0,-160
1754049716.62546,-9,3,-155
1754049716.6644602,0,1,-145
1754049716.7004602,-1,2,-156
1754049716.73846,1,0,-161
1754049716.7764602,0,-1,-161
1754049716.8154602,2,1,-166
1754049716.85146,-3,-5,-160
1754049716.88946,2,-6,-162
1754049716.9274602,1,-1,-163
1754049716.96546,1,1,-161
1754049717.00446,-6,8,-153
1754049717.04046,-2,-1,-153
1754049717.07946,6,0,-158
1754049717.11646,2,-2,-156
1754049717.15546,3,0,-155
1754049717.19146,0,-4,-151
1754049717.22946,-6,-2,-158
1754049717.26746,-1,-3,-170
1754049717.30646,-1,-6,-153
1754049717.34446,-2,1,-155
1754049717.38046,3,-3,-150
1754049717.41846,-3,-1,-157
1754049717.45646,0,-3,-154
1754049717.49546,-1,0,-163
1754049717.53146,5,-2,-154
1754049717.5694602,0,-2,-158
1754049717.60746,-7,-4,-150
1754049717.64646,-3,-2,-158
1754049717.6844602,1,3,-159
1754049717.7204602,4,3,-153
1754049717.75746,5,1,-155
1754049717.7964602,5,0,-157
1754049717.83446,0,-4,-159
1754049717.87046,2,-1,-160
1754049717.90846,3,-4,-152
1754049717.94646,9,-4,-154
1754049717.98546,7,0,-158
1754049718.02146,6,0,-157
1754049718.05846,6,2,-156
1754049718.09746,-2,-5,-150
1754049718.13546,0,3,-156
1754049718.1714602,-1,2,-151
1754049718.20946,-5,4,-165
1754049718.24746,-1,-6,-154
1754049718.2864602,-6,-4,-166
1754049718.32446,-4,1,-156
1754049718.36046,4,-2,-155
1754049718.39846,0,-5,-157
1754049718.43646,0,6,-156
1754049718.47546,1,0,-154
1754049718.51146,0,0,-150
1754049718.5494602,0,-1,-144
1754049718.5884602,1,-4,-151
1754049718.62646,-3,-2,-162
1754049718.66246,0,-1,-162
1754049718.70146,-5,0,-157
1754049718.73846,0,1,-168
1754049718.7764602,1,0,-154
1754049718.8154602,-2,2,-159
1754049718.85146,0,3,-163
1754049718.8884602,-1,-1,-162
1754049718.92646,1,2,-159
1754049718.96546,4,3,-167
1754049719.00146,2,-1,-161
1754049719.0394602,-3,3,-154
1754049719.07746,-5,1,-157
1754049719.11646,-9,-1,-166
1754049719.15246,4,-3,-155
1754049719.1904602,0,6,-159
1754049719.22946,5,4,-154
1754049719.26746,-7,2,-150
1754049719.30546,-4,1,-161
1754049719.34146,2,-2,-152
1754049719.37946,-1,0,-154
1754049719.41846,0,-3,-158
1754049719.45646,5,-7,-160
1754049719.49246,9,-3,-160
1754049719.53146,4,4,-160
1754049719.5694602,-1,0,-164
1754049719.60746,-1,-1,-158
1754049719.64646,1,-1,-156
1754049719.68246,-1,1,-158
1754049719.7204602,-2,2,-154
1754049719.7594602,-1,-2,-154
1754049719.79746,-2,-2,-158
1754049719.8354602,-2,2,-162
1754049719.8714602,-1,-1,-151
1754049719.90946,-4,-1,-146
1754049719.9474602,-10,-10,-144
1754049719.9864602,0,0,-151
1754049720.02246,3,0,-150
1754049720.0594602,4,2,-159
1754049720.09746,-2,-6,-163
1754049720.13646,0,0,-160
1754049720.17246,3,0,-164
1754049720.20946,2,-4,-152
1754049720.24746,-1,-3,-161
1754049720.2864602,-3,-5,-144
1754049720.3224602,-4,-6,-152
1754049720.36046,-1,-5,-161
1754049720.39846,0,-10,-160
1754049720.4374602,0,-3,-154
1754049720.4734602,8,-2,-141
1754049720.51146,-1,-1,-148
1754049720.5494602,0,-5,-156
1754049720.58746,-3,2,-163
1754049720.62646,3,-2,-158
1754049720.66246,0,-2,-163
1754049720.7004602,3,1,-161
1754049720.73946,0,4,-159
1754049720.77746,0,2,-158
1754049720.81346,3,2,-156
1754049720.85046,2,1,-158
1754049720.8884602,0,-3,-156
1754049720.9274602,4,-3,-156
1754049720.9634602,-2,-7,-159
1754049721.00246,4,2,-155
1754049721.0394602,2,1,-168
1754049721.07746,3,4,-169
1754049721.11646,0,6,-162
1754049721.15246,0,2,-157
1754049721.18946,-3,-3,-160
1754049721.22846,3,0,-160
1754049721.2664602,-5,-2,-156
1754049721.3024602,-7,1,-155
1754049721.34046,0,2,-156
1754049721.3784602,-3,-1,-167
1754049721.4174602,0,0,-154
1754049721.45346,0,0,-145
1754049721.4904602,3,-3,-151
1754049721.52846,8,-9,-157
1754049721.56746,0,-5,-155
1754049721.60346,7,-1,-153
1754049721.6414602,5,-3,-163
1754049721.67946,5,-2,-161
1754049721.71846,1,1,-160
1754049721.7564602,0,-6,-166
1754049721.79346,-3,-5,-167
1754049721.83046,-5,-1,-171
1754049721.86946,-6,-1,-166
1754049721.9074602,-8,-1,-156
1754049721.94346,-4,-2,-160
1754049721.98146,3,-5,-146
1754049722.0194602,2,-4,-144
1754049722.05846,0,1,-151
1754049722.09646,2,4,-152
1754049722.13246,8,1,-149
1754049722.16946,0,-4,-158
1754049722.20846,-3,-4,-160
1754049722.2464602,0,6,-154
1754049722.2824602,0,-3,-156
1754049722.32046,3,-1,-156
1754049722.3584602,3,-1,-152
1754049722.39746,1,-2,-155
1754049722.43346,1,0,-154
1754049722.47146,5,6,-165
1754049722.51046,-1,3,-153
1754049722.54846,4,-1,-161
1754049722.58446,8,1,-162
1754049722.6214602,3,-2,-160
1754049722.66046,-3,-8,-150
1754049722.69846,-6,-5,-153
1754049722.73446,-2,4,-148
1754049722.77346,-4,0,-154
1754049722.81046,-2,-5,-157
1754049722.8484602,0,-1,-161
1754049722.88746,-8,0,-160
1754049722.92346,-2,-2,-156
1754049722.96146,8,4,-164
1754049722.99946,3,2,-163
1754049723.03846,-7,2,-156
1754049723.07446,0,-1,-163
1754049723.11246,-1,-2,-169
1754049723.15046,-2,-2,-161
1754049723.18946,-4,1,-156
1754049723.22746,5,-3,-153
1754049723.2634602,4,1,-149
1754049723.30046,4,1,-155
1754049723.33946,4,0,-155
1754049723.37746,6,-7,-159
1754049723.41346,0,-3,-161
1754049723.45146,-4,2,-157
1754049723.4904602,-5,-1,-160
1754049723.52846,1,4,-162
1754049723.56446,0,3,-156
1754049723.60146,-2,-2,-159
1754049723.64046,-2,0,-171
1754049723.68346,3,1,-157
1754049723.72146,-2,0,-153
1754049723.7594602,3,-7,-153
1754049723.79846,6,0,-154
1754049723.83446,0,-2,-155
1754049723.87246,-4,-1,-163
1754049723.91046,10,3,-146
1754049723.94946,10,-1,-145
1754049723.98746,0,0,-152
1754049724.02346,3,3,-157
1754049724.06046,-7,-1,-152
1754049724.09946,-1,2,-149
1754049724.13746,-2,-4,-149
1754049724.17346,0,-2,-152
1754049724.21146,1,2,-157
1754049724.24946,4,0,-148
1754049724.28846,-2,-3,-152
1754049724.32446,-5,-1,-155
1754049724.36246,-5,-1,-173
1754049724.40046,-2,-1,-169
1754049724.43946,-2,2,-166
1754049724.47546,-4,0,-157
1754049724.5134602,-6,5,-170
1754049724.55146,-3,0,-166
1754049724.58946,0,0,-158
1754049724.6284602,-3,3,-156
1754049724.6644602,1,11,-160
1754049724.70146,0,7,-168
1754049724.73946,1,0,-164
1754049724.77846,-1,0,-157
1754049724.81446,-1,-5,-156
1754049724.85246,4,0,-162
1754049724.89046,4,0,-143
1754049724.92946,0,-1,-157
1754049724.96546,-5,1,-160
1754049725.0034602,0,5,-163
1754049725.04146,0,3,-169
1754049725.07946,0,5,-163
1754049725.1184602,1,-2,-166
1754049725.1544602,-5,0,-161
1754049725.19246,-8,-2,-156
1754049725.2304602,-4,1,-150
1754049725.2694602,3,5,-155
1754049725.30546,6,3,-159
1754049725.34346,2,-3,-159
1754049725.3814602,-3,0,-151
1754049725.42046,-1,-3,-156
1754049725.45846,5,-6,-160
1754049725.49446,-3,-1,-164
1754049725.5324602,0,-2,-151
1754049725.57046,0,-1,-158
1754049725.60946,2,-3,-161
1754049725.64546,1,-3,-155
1754049725.68346,-1,1,-157
1754049725.72146,0,5,-154
1754049725.76046,4,0,-158
1754049725.79846,3,-2,-164
1754049725.83446,0,-2,-167
1754049725.87246,3,-4,-161
1754049725.91046,1,-11,-154
1754049725.94946,-1,1,-162
1754049725.98546,-2,2,-161
1754049726.02446,-1,0,-152
1754049726.06146,1,2,-157
1754049726.10046,1,0,-148
1754049726.1384602,0,6,-165
1754049726.1744602,-2,6,-168
1754049726.21246,-5,-2,-151
1754049726.25046,-2,0,-156
1754049726.2894602,0,5,-154
1754049726.3254602,1,5,-155
1754049726.36246,-1,0,-161
1754049726.40046,-4,5,-166
1754049726.43946,-6,6,-159
1754049726.47546,5,5,-165
1754049726.51246,-1,-3,-158
1754049726.55046,-7,-1,-157
1754049726.58946,-2,3,-157
1754049726.62546,0,-1,-164
1754049726.66346,-1,2,-157
1754049726.70146,-3,0,-156
1754049726.7404602,-2,1,-145
1754049726.7764602,1,8,-149
1754049726.81446,-2,7,-152
1754049726.85246,0,1,-154
1754049726.8914602,0,-6,-157
1754049726.92946,2,-11,-168
1754049726.96546,0,-10,-161
1754049727.00446,0,-4,-155
1754049727.04146,-5,0,-163
1754049727.08046,0,0,-161
1754049727.11646,-4,-2,-169
1754049727.1544602,-6,0,-172
1754049727.19246,-5,0,-169
1754049727.23146,-3,2,-156
1754049727.2694602,-3,-2,-160
1754049727.30546,-2,1,-152
1754049727.34346,3,-5,-162
1754049727.3814602,0,0,-156
1754049727.42046,-1,-2,-156
1754049727.45646,0,-5,-156
1754049727.49446,7,-2,-166
1754049727.5324602,3,0,-153
1754049727.57146,2,-3,-158
1754049727.60946,1,-3,-160
1754049727.64546,-1,-2,-156
1754049727.68346,-7,-3,-160
1754049727.72146,-6,2,-160
1754049727.76046,1,-5,-153
1754049727.7964602,0,0,-151
1754049727.83346,0,0,-160
1754049727.8714602,2,-2,-156
1754049727.91046,3,-1,-154
1754049727.94646,5,0,-158
1754049727.98446,7,3,-168
1754049728.02246,7,3,-158
1754049728.06146,3,1,-162
1754049728.09946,4,-1,-163
1754049728.13546,0,-9,-158
1754049728.17346,-2,-4,-169
1754049728.21146,-8,3,-162
1754049728.25046,-4,-1,-158
1754049728.2864602,-3,-2,-161
1754049728.3254602,1,1,-159
1754049728.36246,0,2,-146
1754049728.4014602,-4,0,-158
1754049728.43846,-7,4,-145
1754049728.47546,1,2,-160
1754049728.5134602,5,0,-166
1754049728.55146,-1,-3,-164
1754049728.59046,-3,-3,-169
1754049728.62646,6,0,-153
1754049728.66346,-2,-1,-153
1754049728.70146,-7,-6,-159
1754049728.7404602,-2,-5,-153
1754049728.7764602,0,-5,-152
1754049728.81446,2,0,-146
1754049728.85246,2,4,-160
1754049728.8914602,-3,-8,-167
1754049728.9274602,0,0,-157
1754049728.96646,0,3,-155
1754049729.0034602,5,-6,-165
1754049729.0424602,-8,-8,-164
1754049729.08046,-2,-3,-165
1754049729.11646,7,-1,-162
1754049729.15546,8,-3,-167
1754049729.19246,3,1,-165
1754049729.23146,3,1,-163
1754049729.26746,10,0,-154
1754049729.30446,5,-2,-155
1754049729.3424602,-1,3,-154
1754049729.3814602,1,0,-157
1754049729.4174602,0,3,-158
1754049729.45546,5,5,-150
1754049729.49246,5,4,-161
1754049729.53146,6,4,-169
1754049729.56746,4,3,-160
1754049729.6054602,6,0,-159
1754049729.64246,-9,2,-162
1754049729.68146,-9,-4,-144
1754049729.7174602,0,-1,-159
1754049729.75446,3,0,-164
1754049729.7924602,-8,0,-160
1754049729.83146,-1,-2,-160
1754049729.86746,-5,-1,-169
1754049729.90546,3,0,-164
1754049729.94346,3,-3,-163
1754049729.98246,0,-4,-162
1754049730.02046,4,-7,-151
1754049730.05646,1,-4,-154
1754049730.0954602,-1,4,-158
1754049730.13246,1,2,-162
1754049730.1714602,2,1,-147
1754049730.2074602,2,-7,-144
1754049730.24546,-2,-2,-145
1754049730.28346,5,0,-155
1754049730.3224602,-3,-6,-154
1754049730.3584602,-2,-5,-152
1754049730.39646,5,0,-156
1754049730.4344602,4,-1,-163
1754049730.47246,9,6,-162
1754049730.51146,9,4,-168
1754049730.54746,6,5,-173
1754049730.58446,0,-3,-162
1754049730.62246,-11,0,-161
1754049730.6614602,-8,-3,-158
1754049730.6974602,-7,2,-164
1754049730.73546,2,1,-168
1754049730.77346,-2,0,-155
1754049730.8124602,-5,4,-156
1754049730.84946,-1,-1,-151
1754049730.88646,0,-1,-154
1754049730.9244602,-3,0,-150
1754049730.96246,-5,-4,-163
1754049731.00146,-3,0,-156
1754049731.03746,-3,-3,-158
1754049731.07646,-4,-5,-154
1754049731.11346,0,0,-147
1754049731.15246,-3,3,-147
1754049731.18846,-8,0,-157
1754049731.22646,-7,0,-160
1754049731.26446,-7,3,-169
1754049731.30346,-5,0,-165
1754049731.34146,-1,-3,-162
1754049731.37746,0,-4,-156
1754049731.4144602,2,2,-163
1754049731.45346,4,-2,-159
1754049731.49146,2,2,-154
1754049731.52746,1,0,-152
1754049731.56446,0,0,-162
1754049731.60346,2,0,-157
1754049731.6414602,-3,-2,-158
1754049731.6774602,1,-1,-166
1754049731.71546,-3,1,-162
1754049731.7534602,0,0,-154
1754049731.7924602,2,-3,-163
1754049731.82846,-1,-2,-158
1754049731.86646,3,0,-166
1754049731.9044602,1,-1,-147
1754049731.94346,0,-5,-166
1754049731.98146,0,1,-157
1754049732.01746,3,5,-155
1754049732.05446,-3,4,-166
1754049732.09346,0,0,-163
1754049732.1314602,1,-3,-153
1754049732.16846,-7,0,-148
1754049732.20646,3,2,-145
1754049732.24446,-2,4,-150
1754049732.28346,10,-5,-162
1754049732.3194602,5,-3,-159
1754049732.35746,5,-2,-153
1754049732.39646,3,-6,-145
1754049732.4344602,1,-10,-151
1754049732.47246,3,0,-152
1754049732.50846,11,-2,-165
1754049732.5464602,-2,-2,-173
1754049732.58446,2,-4,-157
1754049732.62346,11,-1,-159
1754049732.65946,1,-4,-156
1754049732.69646,-3,-10,-153
1754049732.73446,0,0,-156
1754049732.77346,5,2,-162
1754049732.8094602,0,0,-159
1754049732.84646,-6,-2,-150
1754049732.8844602,-9,1,-149
1754049732.92346,-6,-1,-162
1754049732.95946,0,0,-164
1754049732.9964602,4,3,-153
1754049733.03446,0,0,-161
1754049733.07346,-6,-3,-152
1754049733.10946,-3,0,-164
1754049733.14746,-4,-1,-151
1754049733.1844602,-3,3,-154
1754049733.2234602,-10,-7,-156
1754049733.2594602,-1,-4,-156
1754049733.29746,1,-6,-156
1754049733.3354602,-4,-3,-170
1754049733.37446,2,-9,-165
1754049733.41246,-1,1,-159
1754049733.44846,1,-6,-147
1754049733.4864602,0,1,-147
1754049733.52446,0,6,-152
1754049733.56346,2,2,-158
1754049733.59946,-8,0,-155
1754049733.63746,-1,-1,-153
1754049733.67546,0,4,-171
1754049733.71946,0,9,-166
1754049733.75746,4,0,-165
1754049733.79546,-7,1,-146
1754049733.83446,0,0,-150
1754049733.87246,4,-2,-155
1754049733.90846,3,-2,-154
1754049733.94646,-7,3,-157
1754049733.98446,-2,-3,-152
1754049734.02346,-4,1,-156
1754049734.0594602,0,1,-161
1754049734.09646,2,0,-160
1754049734.1344602,3,-1,-162
1754049734.17346,-3,0,-158
1754049734.20946,2,2,-161
1754049734.2464602,2,-2,-162
1754049734.28446,4,-4,-149
1754049734.32346,1,3,-148
1754049734.35946,3,3,-163
1754049734.39746,1,-5,-162
1754049734.43546,0,3,-163
1754049734.47446,-1,-5,-152
1754049734.51046,-2,-4,-155
1754049734.54846,-1,0,-141
1754049734.58646,-5,1,-141
1754049734.62446,3,8,-150
1754049734.66346,-6,5,-140
1754049734.69946,-4,0,-152
1754049734.7364602,-1,3,-162
1754049734.77446,-1,0,-169
1754049734.81346,-3,1,-163
1754049734.84946,0,0,-158
1754049734.88646,0,0,-145
1754049734.92546,1,-5,-155
1754049734.9634602,-2,1,-160
1754049734.99946,1,0,-163
1754049735.0364602,2,-7,-155
1754049735.0754602,-3,-3,-149
1754049735.11346,-7,-1,-156
1754049735.14946,1,4,-152
1754049735.1874602,1,4,-164
1754049735.22546,3,0,-163
1754049735.26446,7,2,-154
1754049735.30046,8,-2,-150
1754049735.3384602,1,-3,-149
1754049735.37646,0,-6,-150
1754049735.41546,-4,0,-154
1754049735.45346,-9,1,-152
1754049735.48946,-2,-3,-152
1754049735.52746,-5,0,-154
1754049735.5654602,0,2,-154
1754049735.60446,-11,-2,-158
1754049735.64046,-4,-1,-159
1754049735.67846,-3,0,-156
1754049735.71646,-2,-1,-155
1754049735.75546,2,0,-152
1754049735.79346,0,0,-157
1754049735.82946,-4,4,-155
1754049735.86746,3,0,-156
1754049735.90646,-3,-1,-154
1754049735.9444602,-7,-7,-150
1754049735.9804602,1,-2,-152
1754049736.01846,-5,4,-155
1754049736.05646,-6,0,-151
1754049736.0954602,-7,0,-161
1754049736.13346,-5,2,-166
1754049736.16946,-1,-10,-153
1754049736.2074602,0,-3,-150
1754049736.24546,8,-6,-157
1754049736.28446,2,0,-154
1754049736.32046,2,4,-164
1754049736.35746,0,1,-164
1754049736.39546,-3,0,-153
1754049736.4344602,3,0,-149
1754049736.4704602,1,4,-144
1754049736.50746,-4,0,-151
1754049736.54546,-3,-2,-140
1754049736.58446,-6,-2,-157
1754049736.62046,-5,-5,-158
1754049736.65846,-5,0,-154
1754049736.6974602,-4,0,-158
1754049736.73546,-8,-6,-162
1754049736.77146,4,0,-165
1754049736.80846,2,-9,-156
1754049736.84646,2,-5,-160
1754049736.88546,0,-1,-152
1754049736.9214602,2,-3,-165
1754049736.95946,3,5,-172
1754049736.99746,-3,-5,-155
1754049737.0364602,-4,-6,-164
1754049737.07446,3,-4,-156
1754049737.11046,0,-1,-163
1754049737.14946,1,0,-155
1754049737.18646,0,1,-157
1754049737.22546,-8,5,-159
1754049737.26146,-10,1,-163
1754049737.2994602,1,-4,-151
1754049737.33746,2,1,-160
1754049737.37646,-2,3,-168
1754049737.4144602,10,2,-169
1754049737.4504602,0,3,-162
1754049737.48746,0,1,-161
1754049737.5264602,-2,1,-163
1754049737.56446,2,5,-154
1754049737.60046,-1,2,-154
1754049737.6384602,-1,7,-153
1754049737.67646,7,-1,-158
1754049737.71546,1,5,-166
1754049737.75146,4,2,-166
1754049737.7894602,5,-9,-155
1754049737.82746,-3,0,-165
1754049737.86646,0,0,-157
1754049737.9044602,-2,-5,-135
1754049737.9404602,0,-5,-155
1754049737.97746,1,-1,-158
1754049738.0164602,7,-6,-158
1754049738.0524602,1,-8,-150
1754049738.09046,8,-3,-148
1754049738.1284602,7,0,-148
1754049738.16646,0,0,-153
1754049738.20546,4,1,-155
1754049738.24146,11,0,-155
1754049738.27846,-2,-7,-158
1754049738.31646,1,1,-150
1754049738.3554602,-2,2,-155
1754049738.3914602,0,1,-156
1754049738.42946,-1,-1,-158
1754049738.4674602,-5,-7,-168
1754049738.5064602,1,-8,-156
1754049738.5424602,4,-5,-158
1754049738.58046,0,-3,-158
1754049738.6184602,4,0,-168
1754049738.65646,2,0,-160
1754049738.69546,-1,0,-156
1754049738.73146,4,0,-151
1754049738.76846,-1,-3,-146
1754049738.80746,0,0,-154
1754049738.8454602,0,1,-155
1754049738.8814602,0,4,-157
1754049738.91846,4,3,-154
1754049738.9574602,0,3,-158
1754049738.99546,1,-1,-156
1754049739.03146,0,-1,-152
1754049739.0694602,-1,-5,-164
1754049739.10746,-3,-1,-169
1754049739.14646,-1,-2,-166
1754049739.18246,3,-3,-171
1754049739.2204602,-5,-2,-162
1754049739.25846,0,-8,-151
1754049739.29746,-3,0,-148
1754049739.3354602,-1,-7,-154
1754049739.3714602,7,-4,-150
1754049739.40946,1,2,-159
1754049739.4474602,2,1,-161
1754049739.4864602,0,4,-158
1754049739.52246,-1,-1,-160
1754049739.56046,-5,-4,-164
1754049739.5984602,-2,-8,-157
1754049739.63746,5,-7,-166
1754049739.67546,1,-7,-156
1754049739.71146,0,-3,-158
1754049739.75046,6,0,-166
1754049739.78746,10,-4,-171
1754049739.82646,7,-1,-165
1754049739.86246,4,-4,-156
1754049739.90046,0,-7,-162
1754049739.93846,1,3,-156
1754049739.97746,-7,0,-162
1754049740.0134602,2,-5,-156
1754049740.05146,4,-3,-155
1754049740.08946,4,0,-148
1754049740.12746,7,-1,-157
1754049740.16646,6,0,-148
1754049740.20246,7,-4,-146
1754049740.24146,-1,0,-151
1754049740.27846,0,0,-160
1754049740.31746,-5,2,-160
1754049740.35346,-2,1,-155
1754049740.3914602,5,0,-161
1754049740.43046,-4,3,-154
1754049740.4674602,-2,5,-160
1754049740.5064602,2,0,-156
1754049740.5424602,-1,-5,-160
1754049740.58046,0,2,-163
1754049740.6184602,-6,-1,-158
1754049740.6574602,-2,-2,-157
1754049740.69346,4,-4,-156
1754049740.73146,1,-6,-163
1754049740.77046,-1,-6,-158
1754049740.80846,8,-10,-158
1754049740.84646,3,-5,-149
1754049740.88246,1,0,-159
1754049740.91946,-3,0,-164
1754049740.95846,-5,0,-170
1754049740.9964602,-5,0,-167
1754049741.0324602,-2,-5,-157
1754049741.07046,0,0,-162
1754049741.10946,7,-6,-159
1754049741.14746,1,0,-159
1754049741.18346,-1,5,-154
1754049741.22146,1,0,-162
1754049741.2594602,-2,-6,-149
1754049741.29846,-1,-9,-155
1754049741.33646,0,0,-156
1754049741.37246,-2,6,-153
1754049741.41046,-10,-3,-143
1754049741.44846,-2,-5,-155
1754049741.48746,7,0,-172
1754049741.52346,0,-5,-154
1754049741.56146,-2,-6,-154
1754049741.59946,4,-4,-172
1754049741.6384602,0,-4,-165
1754049741.67646,-4,-1,-149
1754049741.71246,0,1,-171
1754049741.74946,0,-6,-161
1754049741.78846,-1,2,-151
1754049741.82646,-2,-6,-153
1754049741.86346,-2,-6,-162
1754049741.9014602,1,-5,-161
1754049741.93946,0,-5,-156
1754049741.97846,-5,-1,-169
1754049742.01446,-6,-2,-158
1754049742.0524602,1,0,-157
1754049742.09046,3,2,-159
1754049742.1284602,0,5,-150
1754049742.1674602,5,1,-162
1754049742.20346,4,-4,-168
1754049742.24146,1,0,-162
1754049742.28046,-1,2,-159
1754049742.31846,0,-3,-147
1754049742.35446,6,-3,-157
1754049742.39346,5,0,-153
1754049742.43046,5,-9,-160
1754049742.46846,-8,-2,-148
1754049742.50746,3,-7,-144
1754049742.54346,4,5,-152
1754049742.58046,3,2,-159
1754049742.6184602,4,2,-157
1754049742.6574602,8,5,-155
1754049742.69346,8,8,-161
1754049742.7304602,0,-4,-155
1754049742.7694602,4,-2,-145
1754049742.80746,-2,1,-157
1754049742.84346,-1,2,-153
1754049742.8814602,5,-1,-148
1754049742.91946,-4,2,-144
1754049742.95846,0,-2,-154
1754049742.99446,3,0,-165
1754049743.03146,-2,3,-168
1754049743.0694602,0,4,-164
1754049743.1084602,4,0,-156
1754049743.1444602,9,-3,-157
1754049743.18246,10,0,-156
1754049743.2204602,5,0,-159
1754049743.2594602,9,-2,-159
1754049743.29746,2,8,-161
1754049743.33346,-6,2,-158
1754049743.3714602,5,-1,-147
1754049743.41046,1,-1,-153
1754049743.44846,0,3,-150
1754049743.48446,4,-3,-147
1754049743.52246,6,-2,-153
1754049743.56046,0,-4,-157
1754049743.59946,-5,-3,-155
1754049743.63746,0,-3,-162
1754049743.67346,-2,0,-156
1754049743.7104602,-1,2,-163
1754049743.75546,1,0,-164
1754049743.7924602,3,-2,-160
1754049743.83046,5,9,-147
1754049743.86946,-4,0,-154
1754049743.90546,5,0,-157
1754049743.94246,4,0,-151
1754049743.9804602,0,-1,-150
1754049744.0194602,0,0,-153
1754049744.05546,-2,3,-157
1754049744.09446,-1,2,-154
1754049744.1314602,-2,-7,-153
1754049744.16946,-1,-5,-157
1754049744.20846,0,-4,-158
1754049744.24446,0,-1,-154
1754049744.2824602,4,-1,-156
1754049744.32046,1,4,-151
1754049744.35946,2,1,-165
1754049744.39546,11,2,-162
1754049744.43246,3,0,-162
1754049744.4704602,-1,2,-158
1754049744.5094602,-5,-3,-161
1754049744.54546,-3,-3,-159
1754049744.58346,-1,0,-159
1754049744.62246,0,5,-151
1754049744.65946,2,-6,-149
1754049744.69846,0,-2,-149
1754049744.73446,1,-6,-156
1754049744.77246,-3,1,-158
1754049744.81046,0,1,-145
1754049744.84946,4,0,-157
1754049744.88546,4,-2,-156
1754049744.92346,2,3,-151
1754049744.96146,3,1,-145
1754049745.00046,6,1,-154
1754049745.03846,5,0,-144
1754049745.07446,4,6,-145
1754049745.1114602,2,-3,-141
1754049745.15046,7,1,-159
1754049745.18846,6,0,-154
1754049745.22446,1,-9,-155
1754049745.26246,4,0,-159
1754049745.30146,-7,0,-146
1754049745.33946,-4,0,-158
1754049745.37546,0,3,-161
1754049745.41346,-8,-3,-155
1754049745.45246,-2,2,-159
1754049745.4904602,-2,2,-150
1754049745.52846,5,-7,-157
1754049745.56446,0,0,-160
1754049745.60146,5,-3,-154
1754049745.64046,0,-8,-152
1754049745.67846,-1,-3,-151
1754049745.71446,2,4,-156
1754049745.75146,-1,-1,-154
1754049745.79046,-2,-1,-152
1754049745.82646,6,-1,-160
1754049745.86446,8,2,-168
1754049745.90246,9,3,-166
1754049745.9404602,0,3,-165
1754049745.97946,0,2,-146
1754049746.01546,0,-1,-151
1754049746.0524602,8,-4,-162
1754049746.09046,-1,-2,-155
1754049746.12946,1,0,-160
1754049746.16546,1,-3,-155
1754049746.20346,-4,0,-155
1754049746.24146,-3,-2,-157
1754049746.28046,-8,0,-156
1754049746.31646,-5,-4,-157
1754049746.35446,0,-4,-159
1754049746.39246,5,-10,-162
1754049746.43046,0,-9,-156
1754049746.46946,2,-4,-163
1754049746.50546,7,-4,-160
1754049746.54346,0,0,-154
1754049746.58146,6,-2,-153
1754049746.62046,2,-2,-165
1754049746.65646,4,2,-152
1754049746.69346,2,0,-152
1754049746.73146,2,0,-167
1754049746.77046,2,6,-163
1754049746.80646,3,-3,-164
1754049746.84446,0,-6,-153
1754049746.88246,-6,0,-142
1754049746.9214602,-6,-3,-151
1754049746.95946,-2,-1,-165
1754049746.99546,1,0,-159
1754049747.0324602,0,4,-151
1754049747.07146,3,0,-155
1754049747.10946,5,0,-156
1754049747.14546,5,-3,-153
1754049747.18346,5,1,-152
1754049747.22146,1,0,-153
1754049747.26046,0,3,-160
1754049747.2964602,0,3,-168
1754049747.33446,-3,4,-157
1754049747.37246,0,-8,-156
1754049747.4114602,8,-5,-156
1754049747.44946,2,-1,-154
1754049747.48546,-1,4,-144
1754049747.52346,0,9,-145
1754049747.56146,-2,-2,-159
1754049747.60046,-1,-9,-154
1754049747.63646,-4,-5,-159
1754049747.6744602,-4,-3,-152
1754049747.71246,5,-1,-141
1754049747.75146,5,7,-156
1754049747.7894602,4,0,-149
1754049747.8254602,5,0,-147
1754049747.86346,4,0,-158
1754049747.9014602,0,-9,-155
1754049747.9404602,0,-1,-160
1754049747.97646,-6,3,-153
1754049748.01446,0,-7,-152
1754049748.0524602,2,0,-153
1754049748.09146,-5,0,-162
1754049748.12746,4,2,-156
1754049748.16546,-2,1,-149
1754049748.20446,1,3,-154
1754049748.24246,5,-4,-154
1754049748.28146,-5,-3,-142
1754049748.31746,-1,3,-144
1754049748.3554602,-9,0,-147
1754049748.39346,-1,0,-148
1754049748.43246,1,0,-156
1754049748.4704602,3,0,-162
1754049748.5064602,6,-6,-165
1754049748.54546,-4,-1,-160
1754049748.5824602,3,-1,-153
1754049748.6214602,5,-3,-167
1754049748.6574602,-2,-2,-164
1754049748.69546,4,6,-158
1754049748.7334602,-4,3,-155
1754049748.77246,-1,4,-164
1754049748.81046,1,0,-154
1754049748.84646,0,-1,-148
1754049748.8844602,0,0,-156
1754049748.92246,-5,7,-147
1754049748.96146,0,0,-162
1754049748.99746,1,2,-158
1754049749.0364602,0,-3,-154
1754049749.07346,-6,-1,-161
1754049749.11246,0,4,-166
1754049749.15046,-6,-5,-147
1754049749.18646,-5,-7,-161
1754049749.22446,7,-2,-161
1754049749.26246,1,-1,-163
1754049749.30146,-8,0,-160
1754049749.33746,-3,-2,-157
1754049749.37546,4,-1,-155
1754049749.41346,0,4,-163
1754049749.45246,2,1,-153
1754049749.4904602,2,-1,-151
1754049749.5264602,3,0,-141
1754049749.56446,1,0,-150
1754049749.60346,-2,-2,-153
1754049749.6414602,3,-3,-147
1754049749.6774602,5,-5,-152
1754049749.71546,-3,0,-161
1754049749.7534602,1,-3,-157
1754049749.7924602,1,-2,-153
1754049749.82846,-2,-2,-151
1754049749.86646,11,1,-163
1754049749.9044602,0,-1,-157
1754049749.94246,-2,6,-143
1754049749.98146,-3,0,-155
1754049750.01846,0,-3,-162
1754049750.05546,-2,0,-152
1754049750.09346,-3,0,-147
1754049750.13246,17,0,-155
1754049750.16846,2,0,-148
1754049750.20546,-1,0,-149
1754049750.2434602,-4,-5,-162
1754049750.2824602,1,-3,-162
1754049750.31846,-2,0,-162
1754049750.3554602,1,0,-162
1754049750.39346,3,-1,-159
1754049750.43246,2,0,-149
1754049750.46846,1,2,-156
1754049750.5064602,1,-5,-158
1754049750.54446,0,-1,-153
1754049750.5824602,1,3,-150
1754049750.6184602,6,-5,-157
1754049750.65646,-1,3,-158
1754049750.6944602,-7,9,-159
1754049750.7334602,-4,1,-162
1754049750.77146,-1,-3,-156
1754049750.80746,2,-7,-154
1754049750.8454602,5,-4,-146
1754049750.88346,-5,-1,-145
1754049750.92246,4,0,-148
1754049750.95846,6,-3,-149
1754049750.9964602,1,-3,-155
1754049751.03446,0,-4,-154
1754049751.07346,0,-4,-149
1754049751.1114602,1,-3,-157
1754049751.14746,0,-2,-153
1754049751.18546,-6,-4,-143
1754049751.2234602,3,-4,-149
1754049751.26246,0,-3,-160
1754049751.29846,0,0,-169
1754049751.3354602,-3,-3,-161
1754049751.37346,0,-6,-163
1754049751.41246,7,2,-164
1754049751.44846,-1,-5,-160
1754049751.4864602,0,6,-147
1754049751.52446,3,2,-157
1754049751.56346,0,4,-159
1754049751.60146,6,2,-163
1754049751.63746,0,2,-159
1754049751.6744602,-2,-2,-157
1754049751.7134602,0,-4,-146
1754049751.74946,0,-5,-156
1754049751.78746,-1,7,-156
1754049751.82446,-1,3,-160
1754049751.86346,0,0,-163
1754049751.89946,-5,-5,-151
1754049751.9374602,-9,-5,-157
1754049751.97546,-4,-2,-159
1754049752.0134602,-3,-3,-155
1754049752.0524602,1,-1,-152
1754049752.0884602,-4,0,-160
1754049752.12646,-5,1,-159
1754049752.1644602,2,0,-156
1754049752.20346,3,-2,-166
1754049752.23946,2,-3,-152
1754049752.27746,0,1,-147
1754049752.31646,-2,0,-160
1754049752.35346,1,-8,-148
1754049752.39246,-4,-3,-156
1754049752.42846,-6,-3,-160
1754049752.46646,-3,2,-150
1754049752.50546,-1,0,-161
1754049752.54446,6,3,-156
1754049752.5824602,2,-8,-162
1754049752.6184602,3,0,-150
1754049752.65646,2,-2,-163
1754049752.6944602,-3,0,-152
1754049752.7334602,-2,-3,-153
1754049752.7694602,-1,-1,-162
1754049752.80746,1,1,-166
1754049752.84646,3,4,-158
1754049752.8844602,4,1,-154
1754049752.92246,5,-5,-151
1754049752.95846,0,-2,-156
1754049752.9964602,-4,4,-161
1754049753.03446,-2,-3,-163
1754049753.0724602,1,-7,-162
1754049753.1084602,5,-2,-149
1754049753.14646,6,0,-158
1754049753.1844602,7,-2,-150
1754049753.2234602,4,-6,-154
1754049753.2594602,3,-5,-158
1754049753.29746,-2,3,-151
1754049753.33646,0,3,-150
1754049753.37446,3,-2,-153
1754049753.41246,-2,0,-156
1754049753.44946,-5,-1,-158
1754049753.4864602,-4,3,-156
1754049753.52446,-3,1,-151
1754049753.56346,-1,3,-157
1754049753.59946,0,6,-172
1754049753.63646,-3,-2,-169
1754049753.6744602,-8,0,-153
1754049753.7134602,0,2,-164
1754049753.7564602,2,0,-165
1754049753.79446,3,-2,-169
1754049753.83346,0,-2,-158
1754049753.86946,0,-1,-148
1754049753.90646,-5,-8,-154
1754049753.9444602,0,-3,-160
1754049753.9834602,2,0,-154
1754049754.0194602,6,2,-157
1754049754.05646,0,2,-153
1754049754.09446,-2,0,-157
1754049754.13346,2,-1,-146
1754049754.16946,1,-1,-154
1754049754.2074602,1,0,-149
1754049754.24546,0,-2,-148
1754049754.28446,4,0,-154
1754049754.32046,0,0,-153
1754049754.35746,-1,-9,-157
1754049754.39546,-8,-7,-155
1754049754.4344602,-8,-8,-155
1754049754.4704602,-5,-5,-151
1754049754.50846,-4,-6,-145
1754049754.54746,-5,-2,-159
1754049754.5854602,-3,3,-157
1754049754.62346,0,0,-161
1754049754.65946,5,0,-158
1754049754.6974602,6,1,-162
1754049754.73546,4,1,-151
1754049754.77346,-7,1,-150
1754049754.8094602,-8,-3,-159
1754049754.84746,-1,-4,-156
1754049754.88546,0,-6,-155
1754049754.9244602,-3,-10,-149
1754049754.9604602,-2,-7,-144
1754049754.99846,-5,-4,-148
1754049755.0364602,-4,3,-151
1754049755.0754602,0,3,-150
1754049755.11346,-4,7,-156
1754049755.14946,-1,1,-149
1754049755.18846,-4,-2,-154
1754049755.22546,1,-11,-155
1754049755.26446,0,-5,-156
1754049755.30046,-4,0,-164
1754049755.3384602,3,-6,-167
1754049755.37646,0,-2,-150
1754049755.41546,0,-7,-157
1754049755.45346,-1,0,-162
1754049755.48946,-2,-2,-153
1754049755.52746,-2,0,-152
1754049755.5654602,2,-5,-151
1754049755.60446,-1,-3,-150
1754049755.64046,0,-8,-141
1754049755.67946,1,-10,-156
1754049755.71646,-8,-8,-149
1754049755.75546,0,-4,-164
1754049755.79146,1,0,-161
1754049755.82846,-2,0,-160
1754049755.86646,-3,-3,-159
1754049755.90546,12,-2,-148
1754049755.94146,5,0,-147
1754049755.97846,-1,-1,-163
1754049756.0164602,0,1,-152
1754049756.05546,0,-1,-157
1754049756.09146,0,-2,-149
1754049756.12946,-6,1,-138
1754049756.1674602,0,-3,-147
1754049756.20546,1,-3,-150
1754049756.24446,0,1,-160
1754049756.28146,3,-1,-151
1754049756.31846,0,0,-161
1754049756.35646,0,-3,-154
1754049756.39546,2,0,-155
1754049756.43146,3,-2,-159
1754049756.46946,4,-2,-162
1754049756.50746,3,-6,-158
1754049756.5464602,1,-7,-169
1754049756.58446,-7,-3,-159
1754049756.62046,-1,-3,-157
1754049756.65846,-4,0,-156
1754049756.69646,-3,0,-151
1754049756.73546,-6,-6,-159
1754049756.77146,-1,-1,-152
1754049756.8094602,3,0,-156
1754049756.8484602,0,-8,-138
1754049756.88646,8,0,-146
1754049756.9244602,5,-5,-163
1754049756.9604602,5,-3,-158
1754049756.99846,1,-2,-160
1754049757.0364602,0,-4,-152
1754049757.0754602,5,-6,-146
1754049757.1114602,4,-7,-150
1754049757.14946,-2,0,-151
1754049757.1874602,-1,0,-154
1754049757.22646,-5,-11,-155
1754049757.26446,-3,-3,-159
1754049757.30046,0,-2,-156
1754049757.33946,-5,-2,-148
1754049757.37646,-1,4,-162
1754049757.41546,1,0,-149
1754049757.45146,0,-1,-162
1754049757.48946,4,0,-153
1754049757.52746,6,2,-150
1754049757.56646,-3,-2,-166
1754049757.60246,-4,-5,-157
1754049757.64046,3,-3,-159
1754049757.67846,-3,3,-154
1754049757.71646,1,5,-154
1754049757.75546,-1,-3,-155
1754049757.79146,3,-8,-159
1754049757.83046,-1,-1,-160
1754049757.86946,5,-3,-159
1754049757.90646,5,-5,-152
1754049757.94546,4,2,-146
1754049757.98146,-1,-1,-161
1754049758.0194602,-6,0,-164
1754049758.05746,0,-2,-152
1754049758.09646,-4,-2,-154
1754049758.13246,0,-2,-154
1754049758.17046,-1,-4,-159
1754049758.20846,-5,0,-159
1754049758.24746,5,4,-163
1754049758.28546,-7,0,-167
1754049758.32146,-1,3,-171
1754049758.35946,-3,0,-159
1754049758.39746,-4,-2,-154
1754049758.43646,-10,-3,-156
1754049758.47246,-2,1,-163
1754049758.51046,5,-5,-157
1754049758.54846,5,-6,-159
1754049758.58746,7,-1,-148
1754049758.62546,3,0,-154
1754049758.6614602,-4,-6,-156
1754049758.69946,3,-3,-152
1754049758.73746,0,0,-140
1754049758.7764602,2,-2,-147
1754049758.8124602,1,-5,-141
1754049758.85046,-3,-4,-148
1754049758.8884602,-2,-5,-136
1754049758.9274602,0,0,-149
1754049758.96546,3,0,-147
1754049759.00146,1,0,-150
1754049759.03846,-3,-6,-157
1754049759.07746,4,4,-155
1754049759.1154602,-4,0,-153
1754049759.1514602,-4,-4,-154
1754049759.1904602,-1,-2,-158
1754049759.22746,-2,-7,-153
1754049759.2664602,3,-1,-154
1754049759.3024602,-9,-3,-153
1754049759.34046,-9,3,-159
1754049759.3784602,-5,0,-149
1754049759.4174602,-1,1,-149
1754049759.45546,2,4,-157
1754049759.49146,6,0,-150
1754049759.52846,3,-2,-163
1754049759.56746,-7,1,-158
1754049759.60346,0,0,-157
1754049759.64046,-1,3,-150
1754049759.67846,0,2,-161
1754049759.7174602,3,0,-158
1754049759.7534602,-1,-2,-163
1754049759.79146,-1,-6,-158
1754049759.82946,2,-6,-154
1754049759.86746,-2,-6,-159
1754049759.90646,-7,-4,-157
1754049759.94246,-1,-5,-162
1754049759.9804602,8,2,-162
1754049760.01846,0,2,-163
1754049760.05746,-2,-8,-153
1754049760.09346,2,-2,-153
1754049760.1314602,-1,-4,-165
1754049760.17046,-2,-7,-162
1754049760.2074602,-4,-3,-167
1754049760.2464602,-6,1,-164
1754049760.2824602,-2,0,-159
1754049760.32046,-3,6,-153
1754049760.3584602,0,3,-149
1754049760.39746,9,-3,-162
1754049760.43346,7,-1,-151
1754049760.47146,-2,3,-155
1754049760.5094602,-5,0,-156
1754049760.54846,4,-2,-151
1754049760.58646,3,-5,-164
1754049760.62246,-3,1,-167
1754049760.66046,-6,-2,-163
1754049760.69846,-1,-4,-161
1754049760.73746,0,-3,-158
1754049760.77346,0,-7,-164
1754049760.81146,6,-8,-170
1754049760.85046,0,-1,-170
1754049760.8884602,4,7,-168
1754049760.92646,0,-1,-160
1754049760.96246,2,-2,-159
1754049761.00046,2,-4,-147
1754049761.03846,3,6,-162
1754049761.07746,0,1,-155
1754049761.11346,-1,5,-157
1754049761.1514602,1,0,-163
1754049761.18946,7,-6,-144
1754049761.22846,2,1,-143
1754049761.2664602,0,1,-174
1754049761.3024602,3,2,-167
1754049761.34146,3,-2,-173
1754049761.3784602,2,0,-160
1754049761.4174602,1,5,-166
1754049761.45346,-1,-1,-164
1754049761.49146,2,-2,-154
1754049761.5294602,4,-1,-158
1754049761.56846,1,-4,-160
1754049761.60446,5,-1,-157
1754049761.64246,-2,-6,-161
1754049761.68046,0,-2,-154
1754049761.71846,-4,0,-148
1754049761.75746,0,0,-147
1754049761.79346,1,2,-146
1754049761.83146,7,0,-158
1754049761.86946,-5,1,-158
1754049761.90846,-5,6,-160
1754049761.9444602,-2,2,-156
1754049761.98246,3,-1,-144
1754049762.02146,0,0,-147
1754049762.05846,2,0,-156
1754049762.09746,2,1,-158
1754049762.1344602,1,0,-160
1754049762.1714602,-4,-3,-158
1754049762.20946,1,1,-151
1754049762.24846,-5,3,-160
1754049762.28446,-2,1,-158
1754049762.3224602,8,0,-162
1754049762.36046,0,2,-166
1754049762.39946,-4,1,-167
1754049762.4374602,-2,-2,-164
1754049762.4734602,0,4,-160
1754049762.51146,2,3,-173
1754049762.5494602,-3,-5,-161
1754049762.5884602,-6,-5,-148
1754049762.62446,0,5,-152
1754049762.6614602,0,4,-151
1754049762.69946,-2,0,-148
1754049762.73846,0,-4,-154
1754049762.77446,5,1,-155
1754049762.81146,-1,1,-148
1754049762.84946,-1,0,-159
1754049762.8884602,3,-2,-156
1754049762.9244602,-3,-1,-153
1754049762.96246,-5,2,-154
1754049763.00046,-5,-1,-152
1754049763.0394602,2,-3,-160
1754049763.07746,0,-4,-157
1754049763.11346,5,-4,-155
1754049763.1514602,0,-2,-153
1754049763.18946,-5,3,-157
1754049763.22846,6,4,-151
1754049763.26446,4,3,-157
1754049763.3024602,4,0,-145
1754049763.34146,6,2,-152
1754049763.37946,2,0,-153
1754049763.4174602,-3,-2,-159
1754049763.45346,0,2,-159
1754049763.49146,5,1,-160
1754049763.5294602,-2,3,-148
1754049763.56846,2,0,-153
1754049763.60446,0,0,-155
1754049763.6414602,-4,1,-147
1754049763.67946,0,-7,-147
1754049763.71846,0,2,-149
1754049763.7634602,-2,8,-159
1754049763.80046,0,3,-155
1754049763.83946,-3,-4,-158
1754049763.87546,-9,0,-162
1754049763.91346,-3,-3,-156
1754049763.95246,0,0,-160
1754049763.98946,6,6,-147
1754049764.02846,5,2,-159
1754049764.06446,5,1,-154
1754049764.10246,6,7,-167
1754049764.13946,3,1,-157
1754049764.17846,-4,-2,-158
1754049764.21446,-2,-6,-162
1754049764.25246,-1,-2,-152
1754049764.29046,2,-3,-158
1754049764.32946,2,5,-161
1754049764.3654602,-1,2,-153
1754049764.40346,2,1,-146
1754049764.44146,4,-2,-147
1754049764.4804602,2,3,-166
1754049764.51846,-2,0,-154
1754049764.55546,2,0,-157
1754049764.59346,5,4,-151
1754049764.63046,8,4,-155
1754049764.66946,1,4,-157
1754049764.70546,6,3,-158
1754049764.74246,3,4,-157
1754049764.78046,-2,0,-158
1754049764.8194602,-8,-3,-162
1754049764.8554602,-4,5,-156
1754049764.89346,-6,0,-152
1754049764.93146,-2,7,-166
1754049764.9704602,-4,3,-152
1754049765.00846,-8,-6,-149
1754049765.04446,0,-3,-154
1754049765.08146,-1,-1,-150
1754049765.12046,3,6,-161
1754049765.15846,9,7,-153
1754049765.1944602,8,9,-162
1754049765.23146,4,1,-160
1754049765.27046,6,1,-166
1754049765.30846,5,0,-150
1754049765.34646,4,2,-166
1754049765.38346,0,0,-160
1754049765.4214602,5,7,-156
1754049765.4604602,3,5,-149
1754049765.4964602,0,0,-152
1754049765.53346,2,-10,-157
1754049765.57146,3,0,-152
1754049765.61046,0,2,-163
1754049765.64646,13,0,-159
1754049765.68346,7,1,-153
1754049765.72146,4,-3,-154
1754049765.76046,0,4,-159
1754049765.7964602,-2,5,-150
1754049765.83446,-1,5,-157
1754049765.87346,1,5,-151
1754049765.91046,4,0,-140
1754049765.94946,-4,-6,-147
1754049765.98546,-2,-1,-145
1754049766.02346,0,-2,-159
1754049766.06146,3,0,-151
1754049766.10046,2,-2,-148
1754049766.13646,0,-3,-148
1754049766.1744602,9,0,-147
1754049766.21246,0,-6,-146
1754049766.25146,-5,0,-146
1754049766.2894602,1,3,-149
1754049766.32646,-4,-4,-158
1754049766.36446,-2,-3,-152
1754049766.4014602,1,-2,-144
1754049766.4404602,1,-8,-144
1754049766.47646,3,-1,-151
1754049766.51446,-2,-4,-158
1754049766.55346,0,-8,-165
1754049766.59146,0,-7,-161
1754049766.62946,-3,-6,-147
1754049766.66546,-3,-3,-156
1754049766.70346,-4,-2,-153
1754049766.74146,0,1,-158
1754049766.78046,-3,4,-155
1754049766.81646,-1,2,-157
1754049766.85446,-4,1,-152
1754049766.89246,-3,-1,-139
1754049766.93146,1,-9,-158
1754049766.96946,5,2,-148
1754049767.00546,4,0,-155
1754049767.04346,0,0,-155
1754049767.08146,0,3,-147
1754049767.12046,9,3,-142
1754049767.15646,7,-2,-151
1754049767.19546,1,-7,-162
1754049767.23246,-2,-11,-157
1754049767.27146,0,-8,-156
1754049767.3094602,-2,-3,-155
1754049767.34646,2,-2,-156
1754049767.3844602,10,0,-161
1754049767.42246,7,2,-157
1754049767.46146,-1,0,-158
1754049767.49746,0,3,-157
1754049767.53446,1,2,-158
1754049767.5724602,2,-4,-153
1754049767.6114602,-5,0,-149
1754049767.64746,0,2,-150
1754049767.6844602,4,0,-159
1754049767.72246,3,0,-157
1754049767.76146,-2,-2,-158
1754049767.79746,0,-3,-159
1754049767.8354602,-1,1,-155
1754049767.87446,-3,-5,-154
1754049767.91246,0,-2,-160
1754049767.9504602,4,-1,-159
1754049767.9864602,-1,0,-165
1754049768.02346,-4,-4,-166
1754049768.0624602,-4,-4,-155
1754049768.10046,0,-6,-166
1754049768.13646,-2,-9,-164
1754049768.1744602,5,-2,-154
1754049768.21246,6,0,-160
1754049768.25146,7,0,-170
1754049768.28746,5,-1,-151
1754049768.3254602,5,-1,-154
1754049768.36346,0,-2,-144
1754049768.40246,-1,1,-156
1754049768.4404602,1,-1,-151
1754049768.47646,0,0,-143
1754049768.51446,0,4,-157
1754049768.5524602,1,-4,-168
1754049768.59146,1,-4,-158
1754049768.62746,0,-7,-160
1754049768.66546,-8,-3,-158
1754049768.70346,-5,-1,-165
1754049768.74246,-6,-2,-153
1754049768.78046,-1,0,-151
1754049768.81646,-8,-4,-148
1754049768.85446,1,4,-151
1754049768.89246,4,0,-152
1754049768.93146,1,-4,-151
1754049768.9674602,0,-2,-155
1754049769.00446,3,-9,-151
1754049769.0424602,1,-3,-158
1754049769.08146,3,0,-160
1754049769.11746,1,0,-155
1754049769.15546,-4,1,-160
1754049769.19246,1,1,-163
1754049769.23146,-4,-4,-162
1754049769.26746,1,-9,-156
1754049769.30546,-6,2,-157
1754049769.34346,3,-3,-157
1754049769.38246,3,-1,-160
1754049769.41846,3,-2,-157
1754049769.45646,6,-8,-159
1754049769.49446,-3,-4,-153
1754049769.5324602,-3,-10,-159
1754049769.57146,-3,-4,-163
1754049769.60746,2,6,-156
1754049769.6444602,0,3,-157
1754049769.68246,0,-1,-159
1754049769.72146,4,-9,-157
1754049769.75746,-3,-10,-159
1754049769.7964602,5,-4,-158
1754049769.83346,1,8,-144
1754049769.87246,5,-3,-148
1754049769.90846,2,1,-151
1754049769.94646,-4,1,-144
1754049769.9834602,1,3,-153
1754049770.02246,0,-5,-160
1754049770.05846,1,1,-156
1754049770.09646,0,-3,-140
1754049770.13346,-8,-3,-145
1754049770.17246,-1,-5,-153
1754049770.20846,-3,3,-150
1754049770.2464602,-5,0,-146
1754049770.28446,3,-1,-154
1754049770.32346,2,0,-154
1754049770.3614602,1,-5,-150
1754049770.39746,1,-5,-159
1754049770.43546,4,-1,-157
1754049770.4734602,1,-5,-171
1754049770.51246,-2,-1,-168
1754049770.54846,-7,2,-167
1754049770.58646,-3,1,-154
1754049770.62446,1,0,-162
1754049770.66346,1,0,-155
1754049770.70146,3,0,-157
1754049770.73746,-2,6,-152
1754049770.77546,-8,1,-146
1754049770.81346,-1,7,-148
1754049770.85246,1,-1,-150
1754049770.88946,-1,-3,-139
1754049770.92646,0,2,-158
1754049770.96446,0,2,-153
1754049771.0034602,2,6,-158
1754049771.04146,-3,2,-151
1754049771.07746,-2,4,-144
1754049771.1154602,6,0,-160
1754049771.15346,1,-6,-167
1754049771.19246,-2,-10,-154
1754049771.22846,-7,-7,-150
1754049771.2664602,8,-5,-155
1754049771.30446,1,-3,-159
1754049771.34346,-2,-6,-154
1754049771.37946,0,-2,-151
1754049771.4174602,1,-7,-156
1754049771.45646,0,0,-162
1754049771.4934602,5,2,-153
1754049771.5324602,0,-7,-168
1754049771.56846,1,-5,-167
1754049771.60646,0,3,-158
1754049771.6444602,0,-1,-154
1754049771.68346,0,2,-155
1754049771.71946,-1,-3,-156
1754049771.75746,-3,-2,-154
1754049771.79546,0,4,-151
1754049771.83346,-1,0,-141
1754049771.87246,-3,-3,-153
1754049771.90846,-3,2,-154
1754049771.9474602,-1,-3,-154
1754049771.98446,-4,1,-162
1754049772.02346,-7,0,-152
1754049772.0594602,5,0,-167
1754049772.09646,-2,0,-151
1754049772.1344602,4,-1,-153
1754049772.17346,0,1,-161
1754049772.20946,2,1,-155
1754049772.2464602,-3,-4,-152
1754049772.28446,0,0,-154
1754049772.32346,3,0,-162
1754049772.35946,7,2,-161
1754049772.39646,-1,-4,-157
1754049772.4344602,-2,-5,-159
1754049772.4734602,1,-2,-146
1754049772.5094602,3,0,-158
1754049772.5464602,7,-1,-161
1754049772.58446,-1,0,-145
1754049772.62346,0,5,-144
1754049772.65946,1,1,-153
1754049772.69646,0,-8,-151
1754049772.73446,2,-2,-152
1754049772.77346,6,-1,-157
1754049772.8094602,3,-1,-151
1754049772.84746,-1,-5,-155
1754049772.88546,8,-1,-153
1754049772.9244602,2,-1,-163
1754049772.96246,7,-7,-155
1754049772.99846,-2,-4,-151
1754049773.0364602,-5,0,-156
1754049773.07446,-14,-4,-158
1754049773.11346,-4,0,-158
1754049773.14946,1,0,-162
1754049773.18646,7,-3,-154
1754049773.22446,0,-4,-152
1754049773.2634602,1,-2,-165
1754049773.30046,4,-4,-164
1754049773.33746,-3,-7,-159
1754049773.37546,-2,-4,-160
1754049773.4144602,3,1,-147
1754049773.4504602,7,1,-154
1754049773.48746,-1,0,-154
1754049773.52546,-15,2,-155
1754049773.56446,-7,2,-149
1754049773.60046,-1,3,-158
1754049773.6384602,9,4,-152
1754049773.6774602,7,0,-155
1754049773.71546,1,-1,-155
1754049773.7534602,3,-5,-159
1754049773.7964602,0,-3,-148
1754049773.83446,1,-7,-167
1754049773.87346,2,-6,-159
1754049773.91046,2,-3,-157
1754049773.94846,0,-4,-146
1754049773.98546,7,1,-136
1754049774.02446,0,-1,-147
1754049774.06046,-4,0,-149
1754049774.0984602,-1,-2,-156
1754049774.13646,-7,-5,-163
1754049774.17546,-9,-2,-161
1754049774.2134602,-17,-1,-149
1754049774.24946,-13,-1,-147
1754049774.28746,-2,0,-151
1754049774.3254602,3,1,-155
1754049774.36446,-2,3,-160
1754049774.40046,0,-3,-147
1754049774.43846,3,-3,-153
1754049774.47646,-1,0,-159
1754049774.51546,2,0,-155
1754049774.55346,8,-3,-162
1754049774.58946,0,2,-150
1754049774.62646,-5,-1,-156
1754049774.66546,0,-8,-150
1754049774.70346,2,-3,-153
1754049774.73946,-5,-1,-157
1754049774.77846,-1,-3,-155
1754049774.8154602,1,-1,-144
1754049774.85446,-6,2,-161
1754049774.8914602,-1,-5,-153
1754049774.92846,-1,-5,-149
1754049774.96646,1,0,-158
1754049775.00546,-3,1,-164
1754049775.04346,0,2,-160
1754049775.07946,-4,0,-162
1754049775.11746,2,-1,-166
1754049775.15546,2,-4,-155
1754049775.1944602,-3,-6,-160
1754049775.2304602,-3,-1,-147
1754049775.26846,0,-7,-151
1754049775.30646,5,-4,-149
1754049775.3454602,7,3,-150
1754049775.3814602,7,-1,-155
1754049775.41946,-1,6,-153
1754049775.45846,-8,1,-148
1754049775.49546,-6,0,-153
1754049775.53446,-7,-3,-166
1754049775.57046,-6,-1,-160
1754049775.6084602,2,0,-151
1754049775.64646,5,-2,-160
1754049775.68546,-3,-1,-155
1754049775.72146,0,-3,-154
1754049775.7594602,1,-8,-157
1754049775.79746,5,-2,-164
1754049775.83646,-4,-4,-162
1754049775.87446,5,0,-164
1754049775.91046,8,3,-163
1754049775.94946,5,-3,-164
1754049775.9864602,-2,0,-160
1754049776.02546,-5,-4,-154
1754049776.06146,0,-7,-152
1754049776.09946,-3,-5,-153
1754049776.13746,-3,4,-146
1754049776.17646,0,-5,-157
1754049776.21446,-5,-5,-164
1754049776.25046,4,0,-165
1754049776.28746,9,-3,-163
1754049776.32646,4,0,-155
1754049776.36446,-2,-5,-160
1754049776.40046,-6,-6,-163
1754049776.43846,-1,0,-162
1754049776.47646,0,-1,-160
1754049776.51546,0,4,-169
1754049776.55146,3,3,-170
1754049776.58946,2,-3,-158
1754049776.62746,-4,-3,-154
1754049776.66646,0,0,-149
1754049776.70446,-1,-3,-162
1754049776.7404602,2,3,-171
1754049776.77746,5,3,-157
1754049776.81646,6,0,-149
1754049776.85446,-1,1,-162
1754049776.89046,-1,2,-156
1754049776.92846,3,0,-172
1754049776.96646,7,1,-156
1754049777.00546,1,5,-150
1754049777.0424602,2,4,-148
1754049777.07946,-2,-1,-151
1754049777.11746,-4,0,-155
1754049777.15646,2,0,-164
1754049777.1944602,-5,-2,-149
1754049777.2304602,-1,-4,-154
1754049777.26846,6,1,-148
1754049777.30646,9,-1,-150
1754049777.3454602,0,-1,-165
1754049777.3814602,-3,2,-159
1754049777.42046,-8,-9,-160
1754049777.4574602,-4,3,-147
1754049777.4964602,-10,0,-145
1754049777.53346,-4,0,-153
1754049777.57046,-2,0,-154
1754049777.60946,-4,0,-159
1754049777.64646,2,5,-153
1754049777.68546,8,1,-156
1754049777.72146,-1,0,-165
1754049777.7594602,-5,0,-163
1754049777.79746,2,-4,-161
1754049777.83646,-3,-7,-158
1754049777.87246,-5,-2,-149
1754049777.91046,-3,0,-161
1754049777.94846,8,-1,-164
1754049777.98746,2,-3,-155
1754049778.02546,7,-6,-153
1754049778.06146,9,-3,-161
1754049778.09946,-1,-3,-158
1754049778.13746,0,0,-152
1754049778.17546,0,3,-144
1754049778.21146,-4,-2,-151
1754049778.24946,-1,-2,-162
1754049778.28746,5,0,-159
1754049778.32646,6,2,-158
1754049778.36246,-1,-1,-158
1754049778.40046,1,-3,-158
1754049778.43846,3,-4,-164
1754049778.47746,-5,1,-169
1754049778.51546,0,-4,-164
1754049778.55146,4,-3,-161
1754049778.58946,6,-1,-152
1754049778.62746,2,-2,-150
1754049778.66646,0,0,-161
1754049778.70246,2,0,-157
1754049778.73946,-1,0,-160
1754049778.77746,0,2,-152
1754049778.81646,-6,-7,-160
1754049778.85246,-3,-3,-162
1754049778.8914602,-1,-4,-155
1754049778.92846,1,-5,-147
1754049778.9674602,1,-3,-153
1754049779.00546,-4,-5,-153
1754049779.04146,-7,-4,-156
1754049779.07946,1,-3,-152
1754049779.11746,3,0,-155
1754049779.15646,5,0,-152
1754049779.19246,-6,-7,-150
1754049779.2304602,-2,-4,-163
1754049779.26846,-1,-7,-157
1754049779.30746,3,-3,-162
1754049779.34346,-2,0,-163
1754049779.38246,6,1,-157
1754049779.41946,3,1,-144
1754049779.45846,-1,0,-155
1754049779.4964602,4,1,-156
1754049779.5324602,4,0,-149
1754049779.5694602,3,0,-146
1754049779.60746,3,-3,-143
1754049779.64646,2,-5,-149
1754049779.68246,1,-3,-148
1754049779.7204602,3,2,-147
1754049779.75846,4,0,-155
1754049779.79746,1,3,-166
1754049779.83346,0,0,-158
1754049779.87046,2,-1,-156
1754049779.90846,2,-3,-155
1754049779.9474602,-5,-2,-151
1754049779.9834602,-6,0,-142
1754049780.02146,-7,-4,-155
1754049780.0594602,1,-12,-150
1754049780.0984602,0,-1,-154
1754049780.13646,-1,-8,-137
1754049780.17246,-4,-2,-159
1754049780.2104602,-5,-1,-149
1754049780.24846,2,0,-155
1754049780.28746,0,-4,-153
1754049780.32346,-2,-3,-158
1754049780.3614602,3,0,-161
1754049780.39946,1,-2,-165
1754049780.43846,0,-1,-156
1754049780.47646,3,-9,-152
1754049780.51246,4,-1,-151
1754049780.55046,7,-3,-150
1754049780.5884602,1,2,-154
1754049780.62746,-2,6,-161
1754049780.66346,6,3,-162
1754049780.7004602,-2,3,-159
1754049780.73846,-1,2,-172
1754049780.77746,-1,-6,-165
1754049780.81346,-3,-9,-154
1754049780.85146,0,-2,-154
1754049780.88946,0,0,-152
1754049780.92846,0,2,-153
1754049780.96646,-3,9,-151
1754049781.00246,0,6,-154
1754049781.04046,-4,8,-167
1754049781.07846,0,2,-155
1754049781.11746,-1,8,-147
1754049781.15346,-4,5,-147
1754049781.19146,-4,4,-145
1754049781.2304602,-7,9,-154
1754049781.26846,-5,5,-149
1754049781.30446,0,4,-154
1754049781.34146,0,-2,-163
1754049781.38046,-5,7,-153
1754049781.41846,-3,-2,-150
1754049781.45446,6,-2,-148
1754049781.4934602,4,6,-152
1754049781.53046,-2,2,-158
1754049781.56846,2,-4,-151
1754049781.60746,2,6,-147
1754049781.64346,8,0,-143
1754049781.68146,10,-6,-150
1754049781.71946,5,-3,-151
1754049781.75846,-3,-2,-155
1754049781.79446,-2,-8,-160
1754049781.8324602,7,-10,-162
1754049781.8714602,2,-4,-161
1754049781.90846,0,-4,-153
1754049781.9474602,3,-2,-166
1754049781.9834602,-5,0,-159
1754049782.02146,-2,0,-156
1754049782.0594602,-4,1,-142
1754049782.0984602,2,1,-145
1754049782.1344602,0,0,-155
1754049782.1714602,0,-5,-148
1754049782.20946,0,-2,-150
1754049782.24846,1,0,-158
1754049782.28446,1,-2,-154
1754049782.3224602,-5,-4,-149
1754049782.36046,2,-11,-156
1754049782.39946,0,-14,-156
1754049782.4374602,5,-2,-172
1754049782.4734602,3,-4,-171
1754049782.51146,1,4,-154
1754049782.5494602,2,-2,-156
1754049782.5884602,1,7,-153
1754049782.62446,-1,-4,-149
1754049782.66246,1,-11,-148
1754049782.7004602,-8,0,-162
1754049782.73946,-3,10,-157
1754049782.77746,2,3,-161
1754049782.81346,2,2,-160
1754049782.85046,-1,0,-156
1754049782.88946,-4,0,-157
1754049782.9274602,-6,6,-147
1754049782.9634602,-4,3,-150
1754049783.00146,0,0,-146
1754049783.0394602,-2,1,-149
1754049783.07846,-2,0,-147
1754049783.11446,0,-1,-159
1754049783.15246,4,-6,-160
1754049783.1904602,-3,-2,-152
1754049783.22946,-3,-4,-155
1754049783.26546,3,-7,-148
1754049783.30446,2,-6,-151
1754049783.34146,-7,-10,-151
1754049783.38046,10,3,-152
1754049783.41846,4,-4,-152
1754049783.45446,6,-6,-158
1754049783.4934602,-2,0,-163
1754049783.53046,-1,-3,-158
1754049783.5694602,1,0,-140
1754049783.6054602,2,-4,-147
1754049783.64346,0,-3,-158
1754049783.68146,-6,-6,-147
1754049783.71946,-5,-8,-157
1754049783.75846,0,-3,-158
1754049783.8024602,3,-7,-158
1754049783.84046,0,-12,-156
1754049783.87946,3,-3,-160
1754049783.91546,2,5,-161
1754049783.95246,-2,-6,-149
1754049783.9904602,0,-2,-145
1754049784.0294602,0,4,-153
1754049784.0654602,6,1,-151
1754049784.10446,5,-3,-142
1754049784.1414602,-2,-10,-157
1754049784.17946,-4,-1,-157
1754049784.21546,-4,-4,-152
1754049784.25446,10,-2,-140
1754049784.29146,2,-4,-140
1754049784.33046,-3,-2,-149
1754049784.3684602,8,-3,-151
1754049784.4044602,3,-4,-154
1754049784.44346,6,6,-150
1754049784.4804602,0,2,-147
1754049784.5194602,0,-3,-159
1754049784.55546,-3,2,-156
1754049784.59346,1,5,-158
1754049784.6314602,1,0,-159
1754049784.67046,-4,-13,-162
1754049784.70846,4,-4,-150
1754049784.74446,-1,4,-148
1754049784.7824602,0,5,-160
1754049784.82046,7,2,-153
1754049784.85946,0,0,-168
1754049784.89546,-1,0,-159
1754049784.93346,1,-7,-162
1754049784.97146,0,-3,-155
1754049785.01046,0,-5,-146
1754049785.0464602,1,-1,-159
1754049785.08446,5,6,-152
1754049785.12246,-1,5,-160
1754049785.16046,-4,0,-157
1754049785.19946,0,-5,-153
1754049785.23546,1,-7,-159
1754049785.27346,-1,0,-152
1754049785.31146,0,1,-151
1754049785.35046,1,-4,-147
1754049785.38646,8,1,-147
1754049785.42346,4,0,-150
1754049785.46146,4,-6,-158
1754049785.50046,-1,-5,-159
1754049785.5364602,-6,-7,-165
1754049785.57446,0,-5,-153
1754049785.61346,-2,-2,-155
1754049785.65046,-9,1,-157
1754049785.68946,-2,-12,-143
1754049785.72546,0,-4,-148
1754049785.7634602,-2,-1,-147
1754049785.80146,-3,-4,-151
1754049785.84046,2,-2,-156
1754049785.87646,6,-3,-155
1754049785.91346,2,-9,-153
1754049785.95146,-8,-8,-156
1754049785.9904602,-6,0,-145
1754049786.0264602,5,-1,-150
1754049786.06446,8,0,-146
1754049786.10246,12,1,-143
1754049786.1414602,3,-3,-163
1754049786.17946,4,-6,-160
1754049786.21546,-3,1,-163
1754049786.2534602,-6,-2,-166
1754049786.29146,-9,0,-161
1754049786.33046,-1,-6,-156
1754049786.36746,0,-4,-152
1754049786.4044602,3,3,-155
1754049786.44246,-1,-2,-150
1754049786.48146,3,3,-154
1754049786.5194602,4,0,-159
1754049786.55546,1,0,-150
1754049786.5924602,1,-3,-162
1754049786.6314602,-6,4,-161
1754049786.66946,-3,-3,-163
1754049786.70546,-5,-3,-161
1754049786.7434602,-1,-1,-161
1754049786.7824602,-1,-7,-160
1754049786.82046,-4,-2,-162
1754049786.85646,0,-2,-164
1754049786.8944602,6,-3,-161
1754049786.93346,5,0,-157
1754049786.97146,-1,2,-164
1754049787.0094602,0,2,-152
1754049787.0464602,-2,-5,-151
1754049787.08446,0,-7,-159
1754049787.12246,0,-6,-140
1754049787.1614602,5,-1,-147
1754049787.1974602,5,2,-152
1754049787.23546,3,-1,-145
1754049787.27446,4,-1,-156
1754049787.3124602,-4,-10,-157
1754049787.35046,0,3,-158
1754049787.38646,-3,5,-163
1754049787.42546,1,4,-150
1754049787.46246,-1,0,-157
1754049787.50146,1,-5,-153
1754049787.53746,1,3,-156
1754049787.5754602,2,-7,-167
1754049787.61246,-3,0,-167
1754049787.6514602,0,-2,-158
1754049787.6874602,0,-3,-153
1754049787.72546,1,2,-157
1754049787.76246,1,8,-163
1754049787.80146,-1,0,-153
1754049787.83746,-2,-1,-155
1754049787.87546,6,-2,-140
1754049787.91346,-2,-2,-148
1754049787.95246,-5,-5,-144
1754049787.9904602,-6,-11,-146
1754049788.0264602,0,-5,-157
1754049788.06446,3,-12,-156
1754049788.10346,1,-9,-146
1754049788.1414602,-4,-6,-140
1754049788.1774602,5,0,-150
1754049788.21446,7,-2,-154
1754049788.25246,16,-7,-162
1754049788.29146,7,-2,-159
1754049788.32746,10,-5,-154
1754049788.3654602,-7,-1,-161
1754049788.40346,0,-7,-162
1754049788.44246,0,-7,-151
1754049788.4804602,2,0,-152
1754049788.5164602,4,-2,-152
1754049788.55446,1,-4,-153
1754049788.5924602,0,-2,-151
1754049788.6314602,3,-3,-146
1754049788.6674602,4,-9,-139
1754049788.70546,0,-6,-154
1754049788.7434602,-2,-2,-152
1754049788.7824602,0,3,-152
1754049788.82046,0,0,-157
1754049788.85646,2,-3,-147
1754049788.89546,0,1,-144
1754049788.93246,1,-5,-152
1754049788.97146,-1,-9,-152
1754049789.00846,7,-4,-148
1754049789.04546,7,-6,-156
1754049789.08346,5,7,-159
1754049789.12246,2,0,-157
1754049789.15846,2,-2,-149
1754049789.19646,-1,1,-154
1754049789.23546,4,0,-155
1754049789.27346,3,3,-153
1754049789.31146,-6,1,-150
1754049789.34746,-1,2,-170
1754049789.38546,0,-4,-154
1754049789.42346,-2,0,-159
1754049789.46246,7,-6,-152
1754049789.49846,11,0,-156
1754049789.53546,1,-2,-157
1754049789.57446,0,0,-146
1754049789.61246,-7,0,-151
1754049789.64846,0,-1,-146
1754049789.68646,0,1,-157
1754049789.72446,-2,1,-146
1754049789.7634602,6,1,-158
1754049789.80146,5,0,-159
1754049789.83746,0,0,-164
1754049789.87446,-1,-3,-149
1754049789.91346,1,-1,-164
1754049789.95146,0,-8,-152
1754049789.98746,1,-12,-147
1754049790.02546,7,-9,-165
1754049790.06346,8,-2,-154
1754049790.10246,9,0,-148
1754049790.1384602,1,2,-152
1754049790.17646,4,0,-151
1754049790.21446,6,1,-153
1754049790.2534602,3,-4,-156
1754049790.29146,5,-3,-149
1754049790.32746,-1,-1,-151
1754049790.3654602,5,-3,-157
1754049790.40346,1,-3,-154
1754049790.44246,1,-1,-157
1754049790.47846,-4,4,-155
1754049790.5164602,0,0,-144
1754049790.55446,6,-1,-166
1754049790.59346,3,3,-172
1754049790.6314602,4,0,-168
1754049790.6674602,-2,-4,-170
1754049790.70546,1,0,-168
1754049790.74446,3,-6,-161
1754049790.7824602,0,-3,-168
1754049790.81846,4,-1,-171
1754049790.85746,-9,2,-156
1754049790.8944602,3,1,-157
1754049790.93346,10,-2,-153
1754049790.96946,1,-6,-147
1754049791.00746,0,-13,-163
1754049791.04546,-1,1,-161
1754049791.08346,-5,1,-161
1754049791.12246,-4,0,-151
1754049791.15846,1,-4,-152
1754049791.19646,0,-1,-145
1754049791.23446,4,0,-155
1754049791.27346,2,4,-149
1754049791.3094602,1,1,-156
1754049791.34646,4,-3,-154
1754049791.3844602,0,-3,-152
1754049791.42346,2,-3,-162
1754049791.45946,3,-7,-155
1754049791.49746,3,-2,-162
1754049791.53546,7,-5,-150
1754049791.57346,4,-1,-154
1754049791.61246,3,-1,-159
1754049791.64846,3,0,-160
1754049791.68546,3,4,-158
1754049791.7234602,0,3,-149
1754049791.76246,0,0,-152
1754049791.79846,3,-2,-143
1754049791.83646,10,-2,-150
1754049791.87446,5,-5,-147
1754049791.91346,3,-5,-154
1754049791.94946,-2,-1,-146
1754049791.98746,-1,3,-150
1754049792.02546,2,3,-154
1754049792.06446,2,-2,-149
1754049792.10246,6,0,-155
1754049792.1384602,12,-2,-150
1754049792.17646,3,-2,-153
1754049792.21446,0,-1,-155
1754049792.2534602,-3,0,-149
1754049792.2894602,2,1,-147
1754049792.32646,1,-4,-144
1754049792.36446,0,-2,-152
1754049792.40346,-1,-2,-143
1754049792.43946,2,-10,-139
1754049792.47746,0,-4,-144
1754049792.51546,-5,1,-145
1754049792.55446,-8,-6,-157
1754049792.5924602,-2,0,-157
1754049792.6284602,-6,0,-159
1754049792.6674602,-1,3,-155
1754049792.70446,0,-5,-161
1754049792.7434602,0,-5,-153
1754049792.7794602,-7,-6,-148
1754049792.81746,-5,-2,-135
1754049792.85646,-3,-6,-152
1754049792.8944602,-3,-4,-161
1754049792.93046,-4,-4,-158
1754049792.96846,-13,1,-157
1754049793.0064602,4,-3,-162
1754049793.04446,0,-3,-161
1754049793.08346,-4,2,-154
1754049793.11946,-10,0,-143
1754049793.1574602,-5,-3,-154
1754049793.19546,-5,3,-157
1754049793.23446,2,5,-152
1754049793.27046,-2,2,-146
1754049793.30846,4,2,-151
1754049793.34646,-2,-3,-159
1754049793.3844602,5,-8,-156
1754049793.42346,0,-4,-152
1754049793.45946,3,-5,-153
1754049793.49746,7,2,-153
1754049793.53546,3,0,-162
1754049793.57446,5,0,-156
1754049793.61046,1,3,-159
1754049793.64846,2,0,-155
1754049793.68646,5,3,-162
1754049793.72546,6,-1,-171
1754049793.7634602,1,1,-164
1754049793.80646,-3,-2,-158
1754049793.8454602,0,4,-165
1754049793.88346,-1,1,-163
1754049793.91946,3,-7,-161
1754049793.9574602,4,-5,-148
1754049793.9964602,-3,-5,-145
1754049794.03446,1,-1,-145
1754049794.07046,-1,-3,-159
1754049794.10946,4,1,-149
1754049794.14646,2,0,-148
1754049794.18546,-1,4,-148
1754049794.2234602,-2,1,-143
1754049794.2594602,3,-4,-147
1754049794.29746,3,0,-147
1754049794.3354602,0,0,-141
1754049794.37446,2,-6,-147
1754049794.41046,-1,-3,-153
1754049794.44846,-1,-1,-158
1754049794.48746,4,-5,-154
1754049794.52546,0,0,-160
1754049794.56346,0,8,-164
1754049794.59946,2,-1,-156
1754049794.63746,0,4,-158
1754049794.67546,3,0,-147
1754049794.71446,3,-3,-151
1754049794.75046,-8,-8,-151
1754049794.78846,-2,5,-156
1754049794.82646,0,1,-145
1754049794.8654602,6,3,-150
1754049794.9014602,2,4,-152
1754049794.93846,7,-4,-150
1754049794.97646,8,-3,-146
1754049795.01546,1,-11,-160
1754049795.05146,4,-5,-159
1754049795.08946,-1,-2,-153
1754049795.12746,-1,-1,-158
1754049795.16546,4,-2,-157
1754049795.20446,1,-4,-154
1754049795.2404602,0,-4,-161
1754049795.2794602,2,-10,-160
1754049795.31646,10,-3,-153
1754049795.3554602,-2,8,-152
1754049795.3914602,0,0,-152
1754049795.42846,-1,0,-163
1754049795.46646,2,0,-151
1754049795.50546,0,3,-156
1754049795.54146,-2,6,-168
1754049795.57946,-3,6,-158
1754049795.61746,-3,3,-158
1754049795.65546,-6,-1,-147
1754049795.6944602,0,-3,-150
1754049795.7304602,8,0,-166
1754049795.76746,0,0,-159
1754049795.80646,5,-4,-161
1754049795.84446,-6,-6,-149
1754049795.88046,-1,1,-148
1754049795.91846,0,3,-150
1754049795.95646,0,-7,-151
1754049795.99546,-1,-4,-148
1754049796.03146,-1,-4,-155
1754049796.0694602,2,-8,-166
1754049796.1084602,-2,6,-150
1754049796.14646,-5,0,-162
1754049796.1844602,-9,4,-154
1754049796.22146,-3,-4,-160
1754049796.25846,0,-2,-159
1754049796.2964602,2,4,-153
1754049796.3354602,0,-5,-145
1754049796.3714602,0,-4,-153
1754049796.40846,-5,-3,-166
1754049796.44646,-2,0,-158
1754049796.48546,-3,1,-153
1754049796.52146,-1,0,-157
1754049796.56046,-6,-4,-163
1754049796.59746,-4,-6,-164
1754049796.63646,4,-4,-159
1754049796.6744602,-1,2,-158
1754049796.7104602,-1,1,-150
1754049796.74946,0,0,-152
1754049796.7864602,1,0,-156
1754049796.8254602,0,1,-155
1754049796.8614602,-7,6,-143
1754049796.89946,-4,7,-156
1754049796.9374602,-1,2,-152
1754049796.97646,1,4,-164
1754049797.01246,5,0,-168
1754049797.0494602,1,-2,-156
1754049797.08746,9,-3,-148
1754049797.12646,-3,-1,-148
1754049797.16246,-6,-3,-154
1754049797.2004602,-10,1,-167
1754049797.23846,0,5,-159
1754049797.2764602,1,5,-158
1754049797.3154602,-5,9,-157
1754049797.35146,0,5,-150
1754049797.3884602,7,2,-145
1754049797.42646,6,4,-151
1754049797.46546,1,-5,-166
1754049797.50146,-3,0,-166
1754049797.5394602,-3,0,-154
1754049797.57746,-5,-2,-157
1754049797.61646,0,2,-148
1754049797.65246,-1,2,-155
1754049797.6904602,3,-6,-167
1754049797.72846,1,-5,-157
1754049797.76746,3,-4,-145
1754049797.80546,2,-2,-147
1754049797.84146,4,0,-150
1754049797.8784602,0,1,-158
1754049797.9174602,1,-3,-162
1754049797.95546,-4,0,-156
1754049797.99146,0,0,-163
1754049798.02846,-1,-2,-156
1754049798.06746,1,3,-159
1754049798.1054602,0,-2,-159
1754049798.1414602,-7,-3,-156
1754049798.17946,-6,0,-154
1754049798.2174602,0,5,-154
1754049798.2564602,-1,1,-149
1754049798.2924602,-1,0,-155
1754049798.33046,-2,1,-155
1754049798.3684602,-1,-2,-151
1754049798.4074602,-2,-5,-158
1754049798.44546,-4,-2,-161
1754049798.48146,4,4,-157
1754049798.51846,0,0,-154
1754049798.55746,-1,0,-155
1754049798.5954602,-1,0,-146
1754049798.6314602,-5,0,-148
1754049798.66846,-2,-4,-157
1754049798.7074602,2,-3,-143
1754049798.74546,-1,1,-147
1754049798.78146,1,-1,-150
1754049798.82046,-4,1,-161
1754049798.85746,2,0,-159
1754049798.89646,0,2,-159
1754049798.93246,0,4,-155
1754049798.9704602,-6,-4,-152
1754049799.00746,-4,-6,-154
1754049799.0464602,3,-1,-159
1754049799.0824602,3,-2,-157
1754049799.12046,-3,-3,-157
1754049799.15846,2,4,-147
1754049799.1974602,-1,2,-157
1754049799.2334602,-2,-4,-154
1754049799.27146,3,4,-155
1754049799.3094602,2,6,-153
1754049799.34746,3,1,-148
1754049799.38646,1,2,-150
1754049799.42246,0,7,-155
1754049799.45946,2,3,-157
1754049799.49746,1,8,-150
1754049799.5364602,6,0,-142
1754049799.5724602,4,-2,-157
1754049799.61046,3,-1,-155
1754049799.64846,-3,-2,-153
1754049799.6874602,-3,0,-150
1754049799.7234602,-9,-3,-152
1754049799.76146,-4,1,-154
1754049799.7994602,0,-1,-144
1754049799.8384602,-3,-1,-148
1754049799.87646,0,2,-152
1754049799.91246,-5,0,-152
1754049799.9504602,-6,0,-150
1754049799.98846,4,0,-162
1754049800.02746,1,1,-154
1754049800.06346,7,2,-150
1754049800.10046,8,-4,-159
1754049800.1384602,-3,0,-158
1754049800.1774602,0,0,-153
1754049800.2134602,0,0,-156
1754049800.25046,5,0,-148
1754049800.28846,1,7,-156
1754049800.32746,-2,-1,-159
1754049800.36346,-6,-1,-158
1754049800.4014602,-8,0,-154
1754049800.43946,1,-2,-148
1754049800.47846,-2,-6,-150
1754049800.5164602,6,-3,-160
1754049800.5524602,0,-4,-166
1754049800.59046,-4,-7,-161
1754049800.6284602,-2,0,-155
1754049800.6674602,-7,0,-145
1754049800.70346,-13,0,-155
1754049800.74246,1,-4,-164
1754049800.78046,6,0,-160
1754049800.81846,7,-3,-163
1754049800.85646,-4,-2,-156
1754049800.89346,2,4,-161
1754049800.93046,-4,-1,-158
1754049800.96946,-6,-9,-148
1754049801.00746,5,-4,-144
1754049801.04346,9,-5,-159
1754049801.08146,-3,0,-162
1754049801.11946,4,4,-160
1754049801.15846,7,3,-157
1754049801.1944602,1,0,-153
1754049801.23146,1,0,-154
1754049801.2694602,-4,-3,-148
1754049801.30846,-3,1,-148
1754049801.34446,5,2,-146
1754049801.3814602,0,2,-152
1754049801.41946,0,2,-153
1754049801.45846,-8,0,-157
1754049801.49446,0,4,-145
1754049801.53146,1,1,-151
1754049801.5694602,-1,6,-149
1754049801.6084602,-2,9,-156
1754049801.6444602,-2,6,-157
1754049801.68246,-7,-5,-150
1754049801.7204602,-5,-2,-146
1754049801.7594602,-1,5,-146
1754049801.79746,-2,5,-155
1754049801.83346,1,5,-154
1754049801.87246,1,0,-166
1754049801.91046,-1,-2,-164
1754049801.94846,-6,-2,-160
1754049801.98446,4,-5,-154
1754049802.02246,2,-6,-155
1754049802.06046,-1,-1,-152
1754049802.09946,-1,-3,-158
1754049802.13746,0,-1,-149
1754049802.17346,3,3,-155
1754049802.2104602,1,0,-156
1754049802.24946,1,-4,-162
1754049802.28746,1,0,-152
1754049802.32346,0,-1,-154
1754049802.36046,5,1,-152
1754049802.39946,8,3,-154
1754049802.4374602,0,-6,-153
1754049802.4734602,3,-3,-141
1754049802.51146,5,-4,-149
1754049802.5494602,0,-1,-156
1754049802.5884602,0,5,-159
1754049802.62446,-5,1,-149
1754049802.66246,0,-2,-167
1754049802.7004602,-4,-2,-148
1754049802.73946,3,-1,-156
1754049802.77546,0,-5,-152
1754049802.81346,-1,0,-147
1754049802.85246,0,5,-150
1754049802.88946,-3,4,-161
1754049802.92846,-1,-2,-159
1754049802.96446,3,-2,-154
1754049803.00246,7,-2,-153
1754049803.04046,8,-2,-156
1754049803.07946,1,1,-159
1754049803.1154602,2,0,-158
1754049803.15246,-5,-3,-154
1754049803.1904602,-5,-4,-164
1754049803.22946,9,-1,-161
1754049803.26546,3,-3,-162
1754049803.30346,3,0,-153
1754049803.34146,6,-3,-163
1754049803.37946,3,4,-160
1754049803.41846,-1,2,-156
1754049803.45446,-3,1,-164
1754049803.49246,-10,-1,-146
1754049803.53046,-12,0,-152
1754049803.5694602,-4,5,-155
1754049803.6054602,-6,0,-158
1754049803.64246,-5,5,-154
1754049803.68046,-1,3,-149
1754049803.71946,3,1,-166
1754049803.75546,2,0,-151
1754049803.7924602,8,1,-146
1754049803.8384602,3,-4,-139
1754049803.87546,0,-3,-143
1754049803.91346,-6,5,-152
1754049803.95146,-5,0,-155
1754049803.98946,3,2,-154
1754049804.02546,4,2,-142
1754049804.06346,7,-4,-149
1754049804.10146,0,-8,-150
1754049804.13946,7,0,-158
1754049804.17546,2,3,-155
1754049804.21246,9,3,-154
1754049804.25046,0,2,-157
1754049804.2894602,2,6,-169
1754049804.3254602,3,2,-159
1754049804.36246,0,5,-139
1754049804.4014602,4,5,-138
1754049804.43946,6,1,-163
1754049804.47546,-4,0,-163
1754049804.5134602,-7,2,-157
1754049804.55146,1,3,-141
1754049804.59046,5,1,-153
1754049804.6284602,6,-1,-161
1754049804.6644602,-4,-3,-160
1754049804.70246,-5,2,-163
1754049804.7404602,1,1,-158
1754049804.7794602,-1,-1,-156
1754049804.8154602,0,9,-155
1754049804.85346,1,10,-160
1754049804.8914602,4,-1,-157
1754049804.93046,8,-1,-159
1754049804.96646,3,0,-165
1754049805.0034602,2,3,-161
1754049805.0424602,-2,7,-149
1754049805.08046,-1,-9,-152
1754049805.11646,2,-8,-154
1754049805.1544602,1,-4,-145
1754049805.19246,-1,0,-150
1754049805.2304602,2,-1,-159
1754049805.2694602,6,3,-164
1754049805.30546,4,0,-153
1754049805.3424602,-1,-3,-154
1754049805.38046,-2,4,-152
1754049805.41946,-3,1,-162
1754049805.45546,-4,5,-163
1754049805.4934602,-9,8,-153
1754049805.53146,0,7,-155
1754049805.57046,1,0,-141
1754049805.60646,1,2,-156
1754049805.6444602,0,-1,-161
1754049805.68246,1,-5,-152
1754049805.72146,-5,-7,-144
1754049805.7594602,-4,-6,-151
1754049805.79546,-7,1,-146
1754049805.83446,-2,-11,-136
1754049805.8714602,-6,-3,-151
1754049805.91046,-5,-5,-144
1754049805.94646,-9,-2,-153
1754049805.98446,1,-1,-161
1754049806.02246,4,5,-164
1754049806.06146,2,0,-155
1754049806.09946,-3,0,-155
1754049806.13546,0,-1,-148
1754049806.17346,-1,-9,-148
1754049806.21246,0,-1,-148
1754049806.25046,7,-3,-144
1754049806.2864602,2,-5,-155
1754049806.3254602,3,-4,-152
1754049806.36246,0,1,-155
1754049806.4014602,0,1,-163
1754049806.43946,0,1,-166
1754049806.47546,5,0,-169
1754049806.51246,-4,-1,-159
1754049806.55146,-4,2,-159
1754049806.58946,3,-12,-156
1754049806.62646,0,-9,-152
1754049806.66346,-8,-3,-158
1754049806.70146,2,-5,-153
1754049806.7404602,7,-2,-154
1754049806.7764602,-5,4,-152
1754049806.81446,1,-6,-148
1754049806.85246,1,0,-152
1754049806.8914602,0,0,-161
1754049806.9274602,-2,0,-161
1754049806.96546,0,-3,-158
1754049807.0034602,-1,4,-147
1754049807.04146,0,0,-157
1754049807.08046,-12,-2,-149
1754049807.11646,-7,-8,-146
1754049807.1544602,0,-5,-142
1754049807.19246,8,0,-148
1754049807.23146,1,3,-151
1754049807.26746,7,0,-165
1754049807.30446,0,-4,-158
1754049807.3424602,0,5,-146
1754049807.3814602,0,2,-151
1754049807.4174602,3,0,-150
1754049807.45446,8,-2,-150
1754049807.49246,1,6,-154
1754049807.53146,3,0,-152
1754049807.56746,0,-4,-158
1754049807.6054602,0,-4,-159
1754049807.64346,-4,-2,-163
1754049807.68246,-1,-2,-151
1754049807.7204602,3,-2,-142
1754049807.7564602,2,-2,-148
1754049807.79446,5,1,-155
1754049807.8324602,7,1,-155
1754049807.8714602,2,-2,-147
1754049807.9074602,-1,0,-146
1754049807.94546,-5,-4,-144
1754049807.9834602,-3,4,-154
1754049808.02246,0,-2,-150
1754049808.06046,-2,2,-156
1754049808.09646,-2,-2,-156
1754049808.1344602,-4,-3,-148
1754049808.17246,-7,0,-150
1754049808.21146,-4,1,-153
1754049808.24746,-4,-7,-148
1754049808.28546,0,-4,-161
1754049808.32346,-6,-6,-143
1754049808.36246,-4,-1,-163
1754049808.40046,-2,-2,-160
1754049808.43646,-6,-7,-156
1754049808.47446,0,-8,-158
1754049808.51246,3,0,-147
1754049808.55146,2,1,-148
1754049808.58746,-1,-4,-143
1754049808.62546,6,3,-151
1754049808.66346,11,-5,-151
1754049808.70246,2,-8,-159
1754049808.73846,2,-10,-146
1754049808.7764602,1,-6,-151
1754049808.81446,3,0,-153
1754049808.85246,6,0,-150
1754049808.8914602,-1,-5,-163
1754049808.9274602,-3,-2,-160
1754049808.96546,0,-4,-149
1754049809.00446,-3,-3,-156
1754049809.0424602,6,0,-157
1754049809.07846,8,2,-161
1754049809.1154602,2,-6,-156
1754049809.1544602,-4,-6,-161
1754049809.19246,3,-7,-150
1754049809.22846,1,-2,-155
1754049809.26746,2,1,-155
1754049809.30446,7,0,-155
1754049809.3424602,4,-3,-151
1754049809.3814602,8,-5,-155
1754049809.4174602,7,-4,-152
1754049809.45546,5,3,-154
1754049809.4934602,12,0,-160
1754049809.5324602,5,0,-159
1754049809.56846,3,-2,-156
1754049809.60646,0,-6,-157
1754049809.6444602,0,-6,-154
1754049809.68346,-4,2,-157
1754049809.72146,-5,0,-149
1754049809.75746,0,-3,-161
1754049809.79546,3,-5,-157
1754049809.83346,-1,-3,-160
1754049809.87246,-3,-8,-160
1754049809.90846,3,-6,-161
1754049809.94646,1,-3,-150
1754049809.98446,0,-1,-156
1754049810.02346,5,-5,-164
1754049810.06146,-1,-5,-167
1754049810.09746,-3,-1,-159
1754049810.13546,-4,1,-171
1754049810.1744602,0,0,-171
1754049810.21246,-1,-6,-159
1754049810.24846,0,-8,-156
1754049810.2864602,0,-2,-150
1754049810.32446,0,1,-156
1754049810.36346,-2,-8,-149
1754049810.4014602,1,1,-160
1754049810.4374602,6,-3,-160
1754049810.47546,-2,3,-144
1754049810.5134602,-1,0,-149
1754049810.5524602,1,3,-148
1754049810.5884602,2,0,-152
1754049810.62646,6,1,-146
1754049810.66546,-1,-4,-149
1754049810.70346,7,-4,-150
1754049810.73946,6,-3,-166
1754049810.77746,8,-3,-156
1754049810.8154602,0,-7,-154
1754049810.85346,-4,-2,-152
1754049810.89246,3,-14,-151
1754049810.92846,-1,-4,-152
1754049810.96646,0,0,-153
1754049811.00446,4,-3,-153
1754049811.04346,1,-6,-158
1754049811.07946,-4,-5,-151
1754049811.11746,1,-4,-148
1754049811.15546,-1,-2,-155
1754049811.19346,1,-1,-152
1754049811.23246,-2,-1,-159
1754049811.26846,0,1,-151
1754049811.30646,3,-3,-163
1754049811.34446,4,-4,-155
1754049811.38346,-1,-7,-151
1754049811.41946,-6,-2,-148
1754049811.4574602,0,0,-153
1754049811.49546,0,-9,-147
1754049811.53446,0,-9,-154
1754049811.5724602,1,-6,-138
1754049811.6084602,4,-6,-141
1754049811.64646,0,4,-138
1754049811.6844602,3,0,-142
1754049811.7234602,4,-5,-153
1754049811.7594602,0,-1,-158
1754049811.79746,1,-2,-156
1754049811.8354602,5,-3,-148
1754049811.87446,5,-1,-158
1754049811.91246,3,4,-165
1754049811.94846,7,-2,-159
1754049811.98746,1,0,-151
1754049812.02446,3,-4,-156
1754049812.06346,1,-5,-159
1754049812.10046,0,-6,-154
1754049812.13746,-4,-4,-154
1754049812.17546,-1,-5,-157
1754049812.21446,-2,-9,-153
1754049812.25246,5,-6,-150
1754049812.28846,-4,0,-155
1754049812.32646,-2,-2,-158
1754049812.36446,-4,6,-155
1754049812.40346,-3,3,-167
1754049812.43946,2,3,-153
1754049812.47646,7,0,-150
1754049812.51446,-1,2,-165
1754049812.55346,-3,-7,-148
1754049812.58946,1,-7,-155
1754049812.62746,8,-1,-159
1754049812.66546,6,-13,-146
1754049812.70446,4,-13,-163
1754049812.7404602,-2,-12,-163
1754049812.77846,0,-5,-149
1754049812.81746,5,-4,-159
1754049812.85446,-5,-3,-166
1754049812.89346,1,-2,-154
1754049812.92946,0,-4,-149
1754049812.9674602,1,-1,-145
1754049813.00546,2,0,-154
1754049813.04446,-2,-1,-162
1754049813.08046,2,0,-160
1754049813.1184602,5,0,-153
1754049813.15646,2,0,-153
1754049813.1944602,-2,-1,-143
1754049813.2334602,-2,0,-166
1754049813.2694602,0,0,-164
1754049813.30646,-6,1,-156
1754049813.34446,0,3,-153
1754049813.38346,4,9,-156
1754049813.41946,-3,1,-164
1754049813.4574602,8,-5,-154
1754049813.49546,4,1,-152
1754049813.53446,0,-6,-158
1754049813.57046,0,-4,-156
1754049813.60746,5,-5,-144
1754049813.64546,0,-5,-154
1754049813.6844602,-2,-1,-149
1754049813.7204602,-1,7,-159
1754049813.75846,-1,6,-152
1754049813.7964602,-1,2,-162
1754049813.84146,2,-4,-157
1754049813.8784602,2,0,-163
1754049813.91646,1,-7,-156
1754049813.95546,4,-8,-153
1754049813.9934602,0,-1,-146
1754049814.0294602,-4,-2,-163
1754049814.06746,-4,-3,-160
1754049814.1054602,0,1,-154
1754049814.1444602,-11,-3,-154
1754049814.18046,-1,0,-157
1754049814.21846,-5,-1,-162
1754049814.2564602,1,-2,-158
1754049814.29546,-3,-3,-147
1754049814.33346,-3,-2,-151
1754049814.36946,2,-2,-149
1754049814.4074602,-3,1,-154
1754049814.44546,-1,0,-155
1754049814.48446,-3,1,-153
1754049814.52046,0,0,-151
1754049814.55746,-3,-6,-151
1754049814.5954602,0,0,-153
1754049814.6344602,6,-7,-156
1754049814.67046,5,-4,-160
1754049814.70846,4,0,-152
1754049814.7464602,6,-6,-143
1754049814.78546,-8,-1,-156
1754049814.82146,0,2,-147
1754049814.85946,2,-2,-146
1754049814.89746,-2,2,-155
1754049814.93546,3,1,-160
1754049814.97446,2,4,-159
1754049815.01046,3,0,-163
1754049815.04746,5,-3,-156
1754049815.0854602,9,0,-153
1754049815.12446,6,1,-162
1754049815.16046,-1,0,-156
1754049815.1974602,5,-9,-154
1754049815.23546,7,0,-150
1754049815.27446,4,-1,-148
1754049815.31046,0,-4,-151
1754049815.3484602,3,-1,-153
1754049815.38646,0,-3,-159
1754049815.4244602,10,-3,-160
1754049815.4604602,8,3,-154
1754049815.49846,0,-2,-151
1754049815.5364602,3,-3,-153
1754049815.57446,6,-4,-142
1754049815.61046,7,1,-148
1754049815.64846,-1,2,-149
1754049815.68646,5,0,-147
1754049815.72446,1,-3,-146
1754049815.76046,0,-2,-148
1754049815.7994602,-5,0,-150
1754049815.83646,-1,7,-147
1754049815.87546,5,4,-165
1754049815.9114602,4,3,-163
1754049815.94846,-9,3,-159
1754049815.9864602,-5,0,-148
1754049816.02546,-8,0,-147
1754049816.06146,1,3,-152
1754049816.0984602,0,2,-156
1754049816.13646,0,0,-153
1754049816.17546,1,0,-157
1754049816.21146,8,0,-156
1754049816.24846,-2,0,-145
1754049816.2864602,-5,0,-150
1754049816.3254602,0,0,-158
1754049816.3614602,0,0,-148
1754049816.39846,5,1,-150
1754049816.43646,7,4,-150
1754049816.47246,0,7,-152
1754049816.5094602,6,4,-155
1754049816.54746,0,8,-152
1754049816.58646,9,-1,-147
1754049816.62246,-1,-3,-151
1754049816.66046,2,0,-153
1754049816.69846,-2,-2,-162
1754049816.7364602,-5,0,-155
1754049816.77546,0,-2,-160
1754049816.81146,-1,-2,-157
1754049816.84946,0,3,-148
1754049816.88746,3,0,-155
1754049816.92646,0,-1,-151
1754049816.96246,-2,-5,-168
1754049817.00046,-13,-4,-153
1754049817.03846,0,-3,-149
1754049817.07746,-4,2,-160
1754049817.1154602,1,1,-153
1754049817.1514602,-3,-4,-153
1754049817.18946,1,-4,-164
1754049817.22746,-1,4,-165
1754049817.2664602,2,-2,-153
1754049817.3024602,4,-1,-155
1754049817.34046,-1,4,-159
1754049817.3784602,0,0,-155
1754049817.4174602,0,4,-162
1754049817.45546,1,-2,-152
1754049817.49146,-2,-4,-147
1754049817.5294602,1,-4,-149
1754049817.56746,-7,-6,-156
1754049817.60646,0,-8,-140
1754049817.64246,9,-8,-139
1754049817.68046,11,2,-149
1754049817.71846,2,-2,-153
1754049817.75746,0,6,-146
1754049817.79546,2,4,-158
1754049817.83146,-3,-6,-157
1754049817.86946,0,-5,-153
1754049817.9074602,0,-2,-144
1754049817.94646,0,6,-150
1754049817.98246,-1,7,-165
1754049818.02046,7,-3,-152
1754049818.05846,6,3,-154
1754049818.09746,-4,1,-164
1754049818.13546,4,1,-158
1754049818.1714602,-1,1,-154
1754049818.20946,-3,0,-159
1754049818.24846,1,1,-163
1754049818.2864602,-1,3,-155
1754049818.3224602,-4,9,-162
1754049818.36046,-7,0,-155
1754049818.39946,-6,0,-158
1754049818.4374602,0,-2,-163
1754049818.4734602,6,0,-146
1754049818.51046,7,0,-156
1754049818.5494602,-2,1,-148
1754049818.58746,-2,-2,-150
1754049818.62346,0,0,-156
1754049818.66046,-9,4,-150
1754049818.69946,-3,6,-148
1754049818.73746,-1,1,-146
1754049818.77346,0,4,-154
1754049818.81046,5,2,-148
1754049818.84946,0,2,-160
1754049818.88746,-4,-5,-155
1754049818.92346,0,1,-153
1754049818.9604602,0,-3,-162
1754049818.99946,2,-5,-156
1754049819.03746,-2,0,-152
1754049819.07346,0,-1,-157
1754049819.1114602,-5,0,-157
1754049819.14946,1,-5,-157
1754049819.1874602,4,-3,-162
1754049819.22646,5,-5,-159
1754049819.26246,-3,-4,-165
1754049819.30046,-7,-3,-155
1754049819.3384602,-5,7,-158
1754049819.37746,-5,0,-163
1754049819.41346,1,3,-163
1754049819.45146,2,-2,-170
1754049819.4904602,1,7,-155
1754049819.52846,0,-2,-154
1754049819.56646,0,-4,-151
1754049819.60246,0,-6,-153
1754049819.64046,3,1,-151
1754049819.67846,-1,0,-161
1754049819.71646,0,2,-165
1754049819.75246,-6,-2,-169
1754049819.79046,-1,-6,-171
1754049819.82846,2,-7,-165
1754049819.86746,4,0,-147
1754049819.90346,-1,2,-152
1754049819.94146,-3,3,-152
1754049819.97946,-6,6,-160
1754049820.01846,0,5,-161
1754049820.05646,-11,2,-154
1754049820.0924602,-6,5,-155
1754049820.13046,4,0,-157
1754049820.16946,5,1,-155
1754049820.2074602,-1,-2,-153
1754049820.2434602,2,-3,-152
1754049820.2824602,-5,0,-155
1754049820.3194602,-1,6,-166
1754049820.3584602,-4,0,-156
1754049820.39646,-3,2,-162
1754049820.43346,4,1,-156
1754049820.4704602,0,-2,-154
1754049820.50846,0,-6,-150
1754049820.54746,-4,-5,-153
1754049820.58346,0,-2,-156
1754049820.62046,4,5,-164
1754049820.65946,8,-5,-152
1754049820.6974602,0,-2,-163
1754049820.7334602,0,0,-163
1754049820.77046,2,2,-147
1754049820.80846,0,2,-152
1754049820.84746,3,5,-152
1754049820.88346,2,6,-151
1754049820.92046,1,1,-149
1754049820.95846,5,2,-152
1754049820.99746,-1,-5,-159
1754049821.03346,1,-2,-145
1754049821.07146,0,0,-145
1754049821.10946,-4,-3,-154
1754049821.14846,0,-3,-155
1754049821.1844602,0,2,-158
1754049821.22146,1,6,-151
1754049821.2594602,2,-1,-148
1754049821.29846,8,-4,-152
1754049821.33446,0,3,-157
1754049821.3714602,-1,4,-162
1754049821.40946,-3,-5,-155
1754049821.44846,6,-7,-162
1754049821.48446,2,-6,-158
1754049821.52346,2,-5,-166
1754049821.56046,-3,-6,-169
1754049821.59946,0,-4,-152
1754049821.63746,-1,0,-160
1754049821.67346,-5,-3,-151
1754049821.71146,0,-2,-147
1754049821.74946,-3,-6,-153
1754049821.78846,-2,-8,-149
1754049821.82446,1,-6,-164
1754049821.86246,0,-3,-154
1754049821.90046,-3,-4,-155
1754049821.93946,-4,-5,-150
1754049821.97746,0,-3,-161
1754049822.0134602,0,-3,-147
1754049822.05146,1,-2,-145
1754049822.08946,5,0,-149
1754049822.1284602,-2,-7,-147
1754049822.1644602,-1,0,-141
1754049822.20246,-3,7,-146
1754049822.2404602,0,5,-150
1754049822.2794602,6,5,-156
1754049822.31746,4,-2,-160
1754049822.35346,5,3,-153
1754049822.39046,10,1,-166
1754049822.42946,1,-4,-155
1754049822.46546,-2,0,-148
1754049822.5034602,-1,-1,-158
1754049822.54146,2,0,-157
1754049822.57946,0,0,-158
1754049822.6184602,-2,0,-147
1754049822.6544602,-8,0,-153
1754049822.69246,-3,-4,-149
1754049822.7304602,0,-2,-149
1754049822.7694602,0,-4,-146
1754049822.80546,0,1,-141
1754049822.84346,-1,5,-154
1754049822.88046,4,-7,-152
1754049822.91946,3,0,-151
1754049822.95546,-2,3,-148
1754049822.9934602,-7,-2,-151
1754049823.03146,0,4,-151
1754049823.0694602,3,1,-152
1754049823.1084602,5,5,-157
1754049823.1444602,9,-5,-152
1754049823.18246,4,-6,-156
1754049823.2204602,-1,-2,-143
1754049823.2594602,2,-8,-154
1754049823.29546,1,-5,-145
1754049823.33346,4,4,-161
1754049823.3714602,9,0,-156
1754049823.41046,-1,2,-163
1754049823.44846,0,1,-159
1754049823.48446,8,-5,-153
1754049823.52246,3,5,-142
1754049823.56046,3,0,-154
1754049823.59946,6,-6,-142
1754049823.63546,4,-2,-152
1754049823.67346,8,-2,-141
1754049823.71146,1,-2,-155
1754049823.75046,0,0,-149
1754049823.78846,5,-3,-156
1754049823.82446,5,-2,-148
1754049823.87046,6,0,-142
1754049823.90846,0,-1,-147
1754049823.9444602,-3,0,-155
1754049823.98246,-7,1,-164
1754049824.02046,-10,-5,-157
1754049824.0594602,-14,0,-159
1754049824.0954602,0,-4,-159
1754049824.13346,2,0,-147
1754049824.1714602,7,2,-151
1754049824.2104602,5,-1,-144
1754049824.24846,0,-1,-159
1754049824.28446,0,1,-155
1754049824.3224602,7,4,-153
1754049824.36046,0,2,-134
1754049824.39946,9,7,-152
1754049824.43546,-3,0,-149
1754049824.47246,-1,-4,-159
1754049824.51046,-5,4,-160
1754049824.5494602,0,-2,-158
1754049824.5854602,2,-2,-155
1754049824.62346,0,-1,-161
1754049824.6614602,2,-2,-166
1754049824.7004602,2,-4,-150
1754049824.7364602,7,-5,-149
1754049824.77446,1,2,-161
1754049824.81346,-3,-2,-156
1754049824.85046,-3,-4,-153
1754049824.88946,4,-5,-147
1754049824.92546,1,3,-149
1754049824.9634602,0,0,-146
1754049825.00046,2,0,-143
1754049825.0364602,0,0,-151
1754049825.07446,0,3,-152
1754049825.11346,5,4,-151
1754049825.15046,8,5,-152
1754049825.18946,6,-5,-146
1754049825.22546,2,-1,-152
1754049825.2634602,6,-4,-138
1754049825.30146,4,-3,-153
1754049825.34046,0,-4,-157
1754049825.37646,-2,-6,-150
1754049825.4144602,3,-8,-152
1754049825.45246,-1,0,-146
1754049825.49146,-4,0,-142
1754049825.5294602,1,3,-145
1754049825.5654602,2,0,-161
1754049825.60246,2,-1,-151
1754049825.6414602,3,-4,-149
1754049825.67946,0,-1,-163
1754049825.71546,-1,-4,-151
1754049825.7534602,1,-1,-145
1754049825.79146,2,-3,-153
1754049825.83046,-7,2,-147
1754049825.86646,-3,4,-135
1754049825.9044602,4,-2,-154
1754049825.94246,2,2,-160
1754049825.98146,-3,-2,-155
1754049826.0194602,1,0,-159
1754049826.05546,-1,-2,-159
1754049826.09346,0,-7,-159
1754049826.1314602,2,-7,-161
1754049826.17046,0,-6,-155
1754049826.20646,-4,0,-160
1754049826.24446,3,-2,-159
1754049826.2824602,-2,2,-149
1754049826.32146,-2,2,-146
1754049826.35946,1,0,-145
1754049826.39546,-2,2,-149
1754049826.43346,4,1,-149
1754049826.47246,12,1,-151
1754049826.51046,11,0,-154
1754049826.5464602,4,-3,-145
1754049826.58446,0,-1,-157
1754049826.62246,4,3,-166
1754049826.6614602,-2,-6,-153
1754049826.6974602,0,-5,-143
1754049826.73546,9,-2,-152
1754049826.77346,3,0,-147
1754049826.81146,0,-6,-143
1754049826.85046,4,-3,-147
1754049826.88646,-6,-4,-150
1754049826.92546,0,-9,-149
1754049826.96246,-5,-1,-155
1754049827.00146,0,0,-159
1754049827.03746,-1,-4,-154
1754049827.0754602,1,-1,-156
1754049827.11446,4,-3,-169
1754049827.15246,0,-7,-146
1754049827.1904602,4,-2,-153
1754049827.22646,14,-4,-160
1754049827.26446,3,-2,-144
1754049827.3024602,7,-1,-142
1754049827.34146,3,-1,-152
1754049827.37746,6,-2,-152
1754049827.41546,7,0,-156
1754049827.45346,2,0,-168
1754049827.49246,4,2,-162
1754049827.53046,2,4,-149
1754049827.56646,5,-4,-143
1754049827.60446,1,0,-161
1754049827.64246,-3,-6,-158
1754049827.68146,-1,-1,-140
1754049827.7174602,-1,-3,-142
1754049827.75546,-7,-3,-141
1754049827.79346,-3,-5,-150
1754049827.8324602,-1,0,-151
1754049827.87046,9,2,-146
1754049827.90646,4,0,-164
1754049827.94346,5,-1,-157
1754049827.98246,7,-3,-154
1754049828.02046,5,-2,-153
1754049828.05646,-3,-2,-162
1754049828.09446,-2,0,-157
1754049828.13246,-3,-7,-154
1754049828.1714602,-8,-2,-152
1754049828.2074602,0,1,-152
1754049828.24446,-3,-1,-158
1754049828.2824602,2,-6,-148
1754049828.32146,1,0,-155
1754049828.35746,0,-1,-156
1754049828.3944602,8,-6,-158
1754049828.43246,0,-7,-169
1754049828.47146,4,1,-154
1754049828.50746,4,-6,-165
1754049828.54546,0,-3,-158
1754049828.58446,0,-7,-150
1754049828.62246,1,-1,-161
1754049828.65846,-2,-1,-152
1754049828.6974602,-6,-5,-154
1754049828.73446,-4,-1,-160
1754049828.77246,-1,0,-161
1754049828.81146,6,-1,-156
1754049828.84746,0,-2,-148
1754049828.88546,7,-2,-153
1754049828.92346,-1,-1,-161
1754049828.96246,2,-6,-168
1754049828.99846,8,-1,-164
1754049829.0364602,0,-7,-163
1754049829.07446,-2,-2,-158
1754049829.11346,0,-4,-153
1754049829.1514602,1,-9,-134
1754049829.1874602,-1,-3,-141
1754049829.22546,5,2,-150
1754049829.2634602,5,1,-157
1754049829.3024602,4,-2,-145
1754049829.3384602,0,-5,-143
1754049829.37546,-3,-4,-144
1754049829.41346,0,1,-150
1754049829.45246,-1,1,-144
1754049829.48846,-5,0,-152
1754049829.5264602,0,0,-151
1754049829.56446,-5,-3,-149
1754049829.60346,1,1,-159
1754049829.6414602,2,0,-155
1754049829.6774602,7,-5,-158
1754049829.71546,0,-7,-140
1754049829.7534602,0,0,-155
1754049829.7924602,3,-5,-150
1754049829.82846,3,1,-160
1754049829.8654602,-2,-4,-169
1754049829.90346,-4,-1,-160
1754049829.94246,0,0,-156
1754049829.97846,1,2,-150
1754049830.01546,9,1,-153
1754049830.05346,0,0,-147
1754049830.0924602,3,-2,-147
1754049830.1284602,-1,-1,-144
1754049830.16646,4,-1,-159
1754049830.20446,2,-3,-154
1754049830.2434602,-2,0,-145
1754049830.28046,6,8,-147
1754049830.31746,-2,0,-160
1754049830.3554602,-3,-4,-157
1754049830.39346,-1,-4,-158
1754049830.43246,2,3,-158
1754049830.46846,5,1,-165
1754049830.5064602,3,-4,-160
1754049830.54446,8,2,-155
1754049830.58346,0,0,-151
1754049830.61946,-1,3,-156
1754049830.6574602,1,-1,-159
1754049830.69546,0,0,-160
1754049830.7334602,6,-2,-162
1754049830.77246,-1,0,-157
1754049830.80846,-1,0,-166
1754049830.84646,-4,3,-144
1754049830.8844602,-3,6,-155
1754049830.92346,-4,0,-155
1754049830.95946,-2,1,-157
1754049830.99746,-3,-4,-154
1754049831.03546,-2,1,-147
1754049831.07446,2,-3,-146
1754049831.11246,-10,-2,-156
1754049831.14846,-2,-4,-155
1754049831.18646,-1,-4,-150
1754049831.22446,-1,-2,-159
1754049831.2634602,2,-1,-161
1754049831.2994602,-3,-4,-158
1754049831.33746,-1,-1,-154
1754049831.37546,-2,3,-150
1754049831.4144602,0,1,-160
1754049831.45246,5,1,-160
1754049831.48846,-1,2,-151
1754049831.5264602,4,3,-154
1754049831.56446,-5,3,-155
1754049831.60346,2,-3,-160
1754049831.64046,2,-3,-147
1754049831.6774602,6,-5,-151
1754049831.71546,2,-5,-150
1754049831.75446,5,-7,-151
1754049831.7924602,11,-5,-157
1754049831.82846,3,-6,-161
1754049831.86746,-5,4,-155
1754049831.9044602,-3,-8,-146
1754049831.94346,0,0,-148
1754049831.9804602,1,-5,-156
1754049832.01746,0,-6,-164
1754049832.05546,-3,5,-166
1754049832.09446,0,4,-157
1754049832.13246,-1,4,-156
1754049832.16846,3,2,-160
1754049832.20646,0,3,-154
1754049832.24446,-5,2,-148
1754049832.28346,0,0,-151
1754049832.3194602,-2,4,-151
1754049832.35746,-1,0,-151
1754049832.39546,-5,-9,-155
1754049832.4344602,-9,1,-159
1754049832.4704602,-3,0,-141
1754049832.50846,-1,-5,-148
1754049832.5464602,2,-5,-155
1754049832.58446,-1,-2,-166
1754049832.62346,0,-10,-161
1754049832.65946,0,-4,-150
1754049832.69646,-1,2,-147
1754049832.73446,3,4,-156
1754049832.77346,-6,-5,-155
1754049832.8094602,-2,0,-146
1754049832.84646,0,2,-153
1754049832.8844602,-7,1,-153
1754049832.92346,0,4,-158
1754049832.95946,3,-3,-155
1754049832.99746,-4,-7,-151
1754049833.0364602,2,-11,-151
1754049833.07446,5,-2,-139
1754049833.11046,5,0,-148
1754049833.14846,-1,3,-148
1754049833.18646,2,-2,-151
1754049833.22546,6,0,-162
1754049833.2634602,-1,-2,-157
1754049833.2994602,-3,0,-156
1754049833.33746,-3,3,-155
1754049833.37546,-1,0,-158
1754049833.4144602,3,0,-166
1754049833.4504602,6,6,-166
1754049833.48746,0,3,-166
1754049833.52546,-2,5,-159
1754049833.56446,1,8,-158
1754049833.60046,-4,6,-140
1754049833.6384602,-2,-1,-155
1754049833.67646,-6,1,-159
1754049833.71546,-2,-7,-151
1754049833.7534602,-5,0,-153
1754049833.7894602,-3,1,-154
1754049833.82846,4,0,-155
1754049833.87346,0,-2,-147
1754049833.90946,-2,-3,-148
1754049833.9474602,-1,-7,-150
1754049833.98546,-2,-1,-146
1754049834.02446,-5,2,-145
1754049834.06046,2,0,-146
1754049834.0984602,7,-1,-151
1754049834.13746,3,-3,-150
1754049834.17546,5,0,-146
1754049834.21146,3,3,-154
1754049834.24846,-3,0,-149
1754049834.28746,0,2,-155
1754049834.3254602,-3,2,-148
1754049834.3614602,-4,0,-148
1754049834.40046,-1,-1,-148
1754049834.4374602,-4,-1,-157
1754049834.47546,1,-9,-144
1754049834.51446,8,-6,-150
1754049834.55046,3,-3,-147
1754049834.5884602,0,0,-152
1754049834.62646,3,1,-144
1754049834.6644602,1,1,-143
1754049834.7004602,0,-1,-143
1754049834.73746,1,1,-143
1754049834.77546,4,3,-158
1754049834.81446,2,-7,-164
1754049834.85046,-1,0,-158
1754049834.88746,-4,3,-153
1754049834.92546,-6,2,-159
1754049834.96446,-2,0,-139
1754049835.00046,6,-4,-143
1754049835.03846,-2,-6,-155
1754049835.07646,-1,-2,-150
1754049835.1154602,4,-1,-141
1754049835.1514602,0,0,-141
1754049835.18946,2,-2,-152
1754049835.22746,-9,4,-149
1754049835.2664602,-2,6,-155
1754049835.30446,-1,12,-154
1754049835.34046,0,1,-155
1754049835.37746,-6,0,-152
1754049835.41646,3,1,-163
1754049835.45446,1,-3,-154
1754049835.4904602,3,-4,-153
1754049835.52846,0,2,-144
1754049835.56646,1,3,-155
1754049835.6054602,5,0,-152
1754049835.6414602,-2,4,-143
1754049835.67946,-3,-1,-147
1754049835.7174602,0,3,-153
1754049835.7564602,1,1,-160
1754049835.79446,-3,-5,-153
1754049835.83046,0,-1,-145
1754049835.86746,0,3,-148
1754049835.90646,-6,1,-156
1754049835.9444602,-1,-1,-152
1754049835.9804602,4,-2,-152
1754049836.01846,4,0,-158
1754049836.05646,0,-6,-152
1754049836.0954602,0,4,-149
1754049836.13246,5,1,-144
1754049836.17046,0,0,-148
1754049836.2074602,-1,-4,-150
1754049836.2464602,-4,-6,-148
1754049836.2824602,0,0,-155
1754049836.32046,-2,-4,-152
1754049836.35746,-2,-1,-140
1754049836.39646,3,2,-155
1754049836.43246,1,4,-153
1754049836.4704602,3,-1,-162
1754049836.50746,1,-10,-155
1754049836.5464602,3,-4,-163
1754049836.5824602,-2,0,-159
1754049836.62046,-7,0,-161
1754049836.65846,-2,-2,-156
1754049836.69646,2,-4,-161
1754049836.73546,-1,-4,-162
1754049836.77146,-2,0,-151
1754049836.8094602,1,-6,-166
1754049836.84746,3,-5,-161
1754049836.88646,0,2,-159
1754049836.92246,-2,4,-152
1754049836.9604602,0,0,-156
1754049836.99846,-2,-3,-150
1754049837.03746,5,-4,-157
1754049837.0754602,5,0,-147
1754049837.1114602,-1,-3,-149
1754049837.14946,-1,-6,-153
1754049837.1874602,5,-10,-160
1754049837.22646,2,-10,-151
1754049837.26246,4,-9,-154
1754049837.30046,12,0,-158
1754049837.3384602,3,1,-146
1754049837.37746,-3,5,-158
1754049837.41546,-4,1,-158
1754049837.45246,-1,-7,-155
1754049837.4904602,0,-1,-160
1754049837.52746,4,0,-156
1754049837.56646,6,-3,-154
1754049837.60246,-2,-3,-156
1754049837.64046,3,-5,-159
1754049837.67946,8,-1,-152
1754049837.7174602,7,0,-156
1754049837.75546,7,-2,-147
1754049837.79146,3,4,-150
1754049837.82946,-4,8,-156
1754049837.86746,1,-2,-147
1754049837.90546,2,-5,-144
1754049837.94146,3,-2,-155
1754049837.97946,2,1,-159
1754049838.01746,-2,0,-154
1754049838.05646,3,0,-152
1754049838.0924602,-2,-1,-158
1754049838.13046,-6,-2,-164
1754049838.16846,-6,0,-157
1754049838.2074602,-6,3,-153
1754049838.2434602,-5,2,-152
1754049838.28146,-3,3,-158
1754049838.32046,0,-2,-151
1754049838.35746,0,1,-150
1754049838.39646,-1,0,-149
1754049838.43246,1,1,-151
1754049838.4704602,1,-1,-152
1754049838.50746,1,3,-154
1754049838.5464602,0,-5,-149
1754049838.5824602,-3,-2,-151
1754049838.62046,-3,4,-151
1754049838.65846,-1,9,-146
1754049838.6974602,-1,5,-149
1754049838.7334602,0,-1,-154
1754049838.77146,2,0,-161
1754049838.8094602,-7,2,-162
1754049838.84746,-5,2,-155
1754049838.88646,0,2,-152
1754049838.92246,4,2,-150
1754049838.95946,-2,-2,-148
1754049838.99846,5,-3,-155
1754049839.0364602,1,-4,-150
1754049839.0724602,3,-4,-142
1754049839.11046,6,0,-141
1754049839.14846,7,1,-151
1754049839.1874602,1,0,-163
1754049839.2234602,8,0,-158
1754049839.26046,7,-5,-164
1754049839.29846,0,-8,-161
1754049839.33746,0,-5,-152
1754049839.37346,3,-2,-153
1754049839.41246,-1,-6,-144
1754049839.44946,-1,-2,-145
1754049839.48846,1,-3,-162
1754049839.5264602,-2,-4,-157
1754049839.5624602,-2,0,-156
1754049839.60046,-7,3,-152
1754049839.6384602,-9,3,-148
1754049839.6774602,-4,5,-153
1754049839.7134602,-4,0,-157
1754049839.75146,-1,3,-154
1754049839.7894602,-3,0,-158
1754049839.82846,-1,0,-147
1754049839.86646,-3,2,-150
1754049839.90346,-1,-2,-163
1754049839.9404602,-6,-2,-159
1754049839.97846,-6,-3,-163
1754049840.01746,-2,-5,-167
1754049840.05346,-2,-4,-148
1754049840.09146,-1,0,-152
1754049840.12946,-3,5,-149
1754049840.16846,-3,4,-153
1754049840.20446,4,3,-151
1754049840.24146,-1,3,-152
1754049840.2794602,-1,10,-150
1754049840.31846,-6,3,-159
1754049840.35446,-3,1,-162
1754049840.39246,3,2,-160
1754049840.43046,11,6,-160
1754049840.46846,-5,4,-160
1754049840.50746,2,2,-148
1754049840.54346,1,-4,-146
1754049840.5824602,0,-6,-151
1754049840.62046,3,3,-155
1754049840.65846,0,1,-161
1754049840.6944602,2,0,-146
1754049840.73146,4,0,-153
1754049840.77046,5,-5,-164
1754049840.80846,3,2,-162
1754049840.84446,5,-5,-158
1754049840.88246,2,-1,-149
1754049840.92046,0,6,-160
1754049840.95946,9,3,-156
1754049840.99746,4,-1,-144
1754049841.03346,-1,-5,-154
1754049841.07146,1,0,-150
1754049841.10946,0,-4,-150
1754049841.14846,-7,0,-148
1754049841.1844602,-3,2,-147
1754049841.22246,-2,-1,-150
1754049841.26046,0,1,-157
1754049841.2994602,0,5,-163
1754049841.33746,-3,-2,-166
1754049841.37346,-1,0,-161
1754049841.41246,4,-3,-157
1754049841.44946,2,-7,-161
1754049841.48846,-8,-11,-149
1754049841.52446,2,-2,-159
1754049841.5624602,0,1,-153
1754049841.60046,5,0,-160
1754049841.63946,-2,-1,-148
1754049841.6774602,2,-10,-146
1754049841.7134602,1,-5,-145
1754049841.75146,-2,-2,-150
1754049841.7894602,0,0,-157
1754049841.82846,-1,2,-158
1754049841.86446,1,-5,-151
1754049841.90246,-3,-2,-156
1754049841.9404602,3,3,-162
1754049841.97946,2,-1,-163
1754049842.01746,0,-5,-165
1754049842.05446,-7,0,-153
1754049842.0924602,-2,3,-150
1754049842.13046,0,-5,-147
1754049842.16946,6,-3,-147
1754049842.20546,4,-2,-141
1754049842.2434602,5,-2,-149
1754049842.2824602,1,1,-159
1754049842.3194602,-4,0,-160
1754049842.3584602,2,1,-157
1754049842.3944602,6,0,-157
1754049842.43246,2,0,-153
1754049842.4704602,9,4,-155
1754049842.5094602,8,0,-150
1754049842.54546,4,0,-153
1754049842.5824602,2,0,-156
1754049842.62046,5,1,-154
1754049842.65946,-1,-3,-157
1754049842.69546,-2,-1,-164
1754049842.7334602,0,0,-151
1754049842.77146,0,-12,-159
1754049842.8094602,0,-8,-157
1754049842.8484602,-6,0,-156
1754049842.8844602,-4,5,-145
1754049842.92246,-2,5,-150
1754049842.9604602,2,2,-140
1754049842.99946,7,3,-150
1754049843.03546,6,5,-146
1754049843.07346,0,0,-147
1754049843.11246,-3,-2,-145
1754049843.15046,3,-1,-145
1754049843.18846,-2,-3,-147
1754049843.22446,-1,-4,-155
1754049843.26246,0,-3,-149
1754049843.30046,0,0,-154
1754049843.33946,-6,-6,-164
1754049843.37546,-3,-8,-167
1754049843.41346,-4,5,-160
1754049843.45146,-3,4,-163
1754049843.4904602,3,1,-160
1754049843.52846,-4,-4,-152
1754049843.56446,-4,-1,-141
1754049843.60346,1,-4,-149
1754049843.64046,0,-8,-149
1754049843.67946,-5,-2,-149
1754049843.71546,4,-3,-155
1754049843.7534602,-5,-3,-153
1754049843.79146,-5,0,-162
1754049843.83046,9,-3,-161
1754049843.87446,1,-2,-167
1754049843.91246,7,3,-167
1754049843.9504602,6,0,-154
1754049843.98946,1,-4,-158
1754049844.02546,0,0,-155
1754049844.06346,9,0,-161
1754049844.10246,4,0,-146
1754049844.14046,0,4,-146
1754049844.17646,-1,7,-142
1754049844.21546,1,1,-149
1754049844.25246,-4,-2,-149
1754049844.29046,4,-4,-148
1754049844.32946,4,-6,-147
1754049844.3654602,7,-8,-156
1754049844.40346,0,-4,-161
1754049844.44146,1,-2,-162
1754049844.4804602,-6,-6,-172
1754049844.5164602,-1,-1,-160
1754049844.55446,-1,-5,-154
1754049844.5924602,7,-4,-147
1754049844.63046,-3,-6,-150
1754049844.66946,0,2,-161
1754049844.70546,3,3,-156
1754049844.74246,7,0,-155
1754049844.78046,3,1,-154
1754049844.8194602,-1,-2,-147
1754049844.8554602,-1,-2,-145
1754049844.89346,-3,-1,-150
1754049844.93246,0,-2,-154
1754049844.9704602,0,-1,-156
1754049845.0064602,-2,-1,-156
1754049845.04546,0,1,-156
1754049845.0824602,-3,3,-155
1754049845.1214602,-3,-3,-157
1754049845.15946,-1,-6,-156
1754049845.19546,-4,-5,-142
1754049845.2334602,4,0,-147
1754049845.27146,-3,0,-146
1754049845.31046,-1,1,-154
1754049845.34646,0,0,-145
1754049845.38346,-1,4,-155
1754049845.4214602,-3,2,-162
1754049845.4604602,0,-4,-160
1754049845.4964602,-3,0,-151
1754049845.53446,-6,-9,-149
1754049845.5724602,-1,-1,-160
1754049845.6114602,-2,2,-158
1754049845.64946,0,3,-143
1754049845.68646,-1,3,-141
1754049845.7234602,-5,1,-145
1754049845.76146,-6,-2,-155
1754049845.80046,-5,0,-157
1754049845.83646,0,0,-157
1754049845.87346,-4,-10,-133
1754049845.9114602,1,-3,-139
1754049845.9504602,0,0,-144
1754049845.9864602,3,-1,-155
1754049846.02446,0,-6,-143
1754049846.0624602,-6,-2,-153
1754049846.10146,-5,0,-149
1754049846.13746,0,0,-145
1754049846.17546,-8,0,-158
1754049846.2134602,-4,5,-157
1754049846.25146,-3,-8,-149
1754049846.29046,0,-6,-151
1754049846.32646,4,-12,-153
1754049846.3654602,0,-9,-158
1754049846.40246,1,-4,-159
1754049846.44146,3,0,-147
1754049846.47746,0,-1,-149
1754049846.51546,7,-5,-155
1754049846.55346,2,-1,-158
1754049846.59146,0,-5,-139
1754049846.63046,1,-8,-149
1754049846.66646,8,-7,-147
1754049846.70446,-2,-2,-155
1754049846.74246,4,2,-160
1754049846.78146,2,-1,-147
1754049846.81746,0,-9,-143
1754049846.85646,4,-1,-147
1754049846.89346,0,-1,-154
1754049846.93246,5,-4,-147
1754049846.9704602,13,-3,-142
1754049847.0064602,4,1,-151
1754049847.04346,0,-5,-153
1754049847.0824602,2,-6,-141
1754049847.12046,-3,-3,-138
1754049847.15646,-1,-2,-145
1754049847.1944602,1,-2,-149
1754049847.23246,3,-6,-157
1754049847.27146,0,-5,-155
1754049847.30746,-3,-5,-155
1754049847.3454602,-6,0,-160
1754049847.38346,2,2,-145
1754049847.42246,4,2,-151
1754049847.4604602,-2,0,-149
1754049847.49746,3,1,-162
1754049847.53446,3,-2,-157
1754049847.5724602,-3,3,-148
1754049847.6114602,-2,2,-148
1754049847.64746,-3,-4,-137
1754049847.68646,1,-3,-152
1754049847.7234602,1,-1,-152
1754049847.76246,0,0,-152
1754049847.80046,0,-2,-155
1754049847.83646,4,0,-147
1754049847.87346,-4,-5,-161
1754049847.91246,13,-2,-150
1754049847.94846,5,-5,-154
1754049847.9864602,-1,0,-152
1754049848.02446,-3,-3,-149
1754049848.0624602,5,-3,-142
1754049848.10146,0,5,-161
1754049848.1384602,3,1,-163
1754049848.17546,0,-6,-151
1754049848.2134602,5,-3,-154
1754049848.25246,9,0,-153
1754049848.28846,3,2,-152
1754049848.3254602,7,-1,-148
1754049848.36346,0,1,-157
1754049848.40246,5,-3,-154
1754049848.43846,7,-2,-151
1754049848.47646,2,14,-152
1754049848.51546,-4,0,-158
1754049848.5524602,-6,0,-150
1754049848.59146,-1,3,-152
1754049848.6284602,5,-2,-159
1754049848.66546,7,0,-151
1754049848.70346,-3,4,-135
1754049848.74246,0,-1,-151
1754049848.77846,-1,4,-159
1754049848.81646,2,-1,-152
1754049848.85446,-5,1,-151
1754049848.89346,-6,-4,-152
1754049848.93146,-2,-2,-154
1754049848.9674602,-2,0,-148
1754049849.00546,0,9,-145
1754049849.04346,5,8,-146
1754049849.0824602,1,-2,-147
1754049849.1184602,2,-4,-149
1754049849.15646,5,0,-152
1754049849.1944602,1,3,-165
1754049849.2334602,3,6,-158
1754049849.27146,3,3,-158
1754049849.30746,6,2,-153
1754049849.34446,-3,-2,-156
1754049849.38346,-1,-4,-151
1754049849.4214602,0,1,-162
1754049849.4574602,-3,-4,-163
1754049849.49546,-4,-3,-154
1754049849.53346,-5,0,-149
1754049849.5724602,-3,1,-151
1754049849.6084602,-2,2,-152
1754049849.64646,-3,10,-162
1754049849.6844602,-14,0,-153
1754049849.7234602,-6,3,-157
1754049849.76146,-3,-4,-158
1754049849.79746,2,-7,-156
1754049849.8354602,1,-6,-148
1754049849.87346,-4,0,-154
1754049849.91246,4,-7,-151
1754049849.94846,1,-8,-148
1754049849.9864602,-1,-7,-150
1754049850.02446,-4,0,-140
1754049850.06346,-3,-4,-141
1754049850.09946,0,2,-149
1754049850.13746,-4,3,-152
1754049850.17546,5,-2,-157
1754049850.2134602,1,-3,-151
1754049850.25246,3,3,-148
1754049850.28846,4,3,-149
1754049850.3254602,3,4,-150
1754049850.36346,0,0,-149
1754049850.40246,0,0,-156
1754049850.43846,2,3,-150
1754049850.47546,-1,-1,-153
1754049850.5134602,-4,-1,-147
1754049850.5524602,3,1,-148
1754049850.5884602,-1,-4,-150
1754049850.62646,4,-4,-143
1754049850.6644602,-5,3,-140
1754049850.70346,-7,0,-139
1754049850.73946,-6,2,-145
1754049850.77846,-1,4,-146
1754049850.8154602,0,0,-142
1754049850.85446,-2,-11,-150
1754049850.89246,0,-1,-149
1754049850.92846,3,-6,-148
1754049850.96546,-3,-3,-151
1754049851.00446,-3,1,-137
1754049851.0424602,1,1,-156
1754049851.07846,6,-1,-151
1754049851.11646,2,3,-144
1754049851.1544602,4,-3,-159
1754049851.19346,0,-5,-148
1754049851.22946,0,-3,-157
1754049851.26746,2,-5,-147
1754049851.30546,0,-1,-153
1754049851.34446,-4,-4,-157
1754049851.38246,-7,0,-163
1754049851.41846,-2,6,-153
1754049851.45646,2,-3,-147
1754049851.49446,-2,0,-156
1754049851.53346,-2,6,-160
1754049851.5694602,1,0,-153
1754049851.60646,-1,6,-151
1754049851.6444602,-3,4,-144
1754049851.68346,3,-5,-146
1754049851.71946,3,-2,-136
1754049851.75746,2,1,-145
1754049851.79546,9,-5,-148
1754049851.83446,0,-3,-162
1754049851.87246,-1,-6,-150
1754049851.90846,-5,-2,-154
1754049851.94646,0,6,-148
1754049851.98446,1,0,-156
1754049852.02346,-2,0,-142
1754049852.0594602,-9,-1,-143
1754049852.0984602,-2,-1,-147
1754049852.13646,-3,-2,-145
1754049852.1744602,0,-6,-144
1754049852.2104602,-6,-2,-156
1754049852.24846,-5,-5,-148
1754049852.2864602,4,-3,-154
1754049852.32446,-4,2,-151
1754049852.36346,1,-2,-159
1754049852.39946,-1,0,-152
1754049852.4374602,2,0,-157
1754049852.47546,6,0,-156
1754049852.51446,-3,0,-152
1754049852.55046,0,-1,-156
1754049852.58946,6,3,-150
1754049852.62646,0,1,-152
1754049852.6644602,8,5,-156
1754049852.70346,0,4,-155
1754049852.73946,0,-2,-147
1754049852.7764602,5,6,-153
1754049852.8154602,-1,0,-148
1754049852.85346,-4,3,-156
1754049852.88946,-10,-4,-165
1754049852.92846,0,-6,-161
1754049852.96546,0,-1,-165
1754049853.00446,-1,3,-165
1754049853.04046,-9,0,-151
1754049853.07846,-1,-2,-153
1754049853.1154602,1,-3,-143
1754049853.1544602,1,-5,-146
1754049853.1904602,0,-2,-157
1754049853.22846,-7,4,-151
1754049853.26546,0,1,-148
1754049853.30446,-2,2,-160
1754049853.34046,6,-7,-152
1754049853.3784602,-1,0,-152
1754049853.41646,-3,-1,-151
1754049853.45546,1,-3,-151
1754049853.4934602,2,-2,-157
1754049853.5294602,-2,-4,-161
1754049853.56746,-4,1,-158
1754049853.60646,-5,-5,-154
1754049853.6444602,-3,1,-139
1754049853.68046,-3,-5,-156
1754049853.71946,0,-3,-158
1754049853.7564602,0,0,-156
1754049853.79546,5,0,-152
1754049853.83346,-2,2,-137
1754049853.8784602,7,-2,-145
1754049853.91546,0,2,-158
1754049853.95446,0,-4,-159
1754049853.9904602,5,-5,-160
1754049854.02846,0,-4,-152
1754049854.06646,0,2,-150
1754049854.1054602,2,7,-154
1754049854.1414602,0,-1,-150
1754049854.17946,0,3,-140
1754049854.2174602,-9,1,-158
1754049854.2564602,0,2,-161
1754049854.29446,-5,2,-155
1754049854.33046,-2,3,-154
1754049854.36946,3,-1,-166
1754049854.40646,3,-6,-152
1754049854.44546,6,0,-154
1754049854.48146,8,0,-161
1754049854.5194602,3,-9,-152
1754049854.55646,5,3,-147
1754049854.5954602,-1,-1,-152
1754049854.6314602,-5,-2,-161
1754049854.66946,1,-2,-168
1754049854.7074602,-1,1,-155
1754049854.7464602,-1,1,-145
1754049854.78446,0,0,-149
1754049854.82046,2,0,-152
1754049854.8584602,1,-4,-154
1754049854.89646,10,3,-144
1754049854.93546,5,4,-147
1754049854.97146,6,6,-149
1754049855.00846,3,5,-152
1754049855.0464602,7,2,-160
1754049855.0854602,7,0,-159
1754049855.1214602,1,-2,-155
1754049855.15946,0,-3,-152
1754049855.1974602,9,1,-150
1754049855.2364602,0,0,-146
1754049855.27446,-1,0,-151
1754049855.31046,0,1,-148
1754049855.34746,2,-2,-162
1754049855.38646,-1,-4,-149
1754049855.4244602,0,-1,-154
1754049855.4604602,-5,0,-159
1754049855.49846,-2,-3,-141
1754049855.5364602,0,1,-143
1754049855.5754602,1,2,-151
1754049855.6114602,7,8,-145
1754049855.64846,1,6,-154
1754049855.68646,0,6,-154
1754049855.72546,-2,0,-162
1754049855.76146,-2,-2,-167
1754049855.7994602,0,0,-158
1754049855.83746,-5,-3,-153
1754049855.87646,0,1,-157
1754049855.91246,-2,-6,-160
1754049855.9504602,0,-9,-143
1754049855.98846,-1,0,-145
1754049856.0264602,-3,-7,-158
1754049856.0654602,9,-5,-158
1754049856.10146,13,0,-154
1754049856.13946,3,3,-152
1754049856.17646,3,0,-157
1754049856.21546,5,-4,-156
1754049856.25146,2,-3,-150
1754049856.2894602,-1,3,-150
1754049856.32846,-3,12,-147
1754049856.36646,0,8,-142
1754049856.40246,1,7,-150
1754049856.43946,1,-2,-141
1754049856.47746,2,1,-153
1754049856.5164602,13,2,-151
1754049856.5524602,11,0,-152
1754049856.58946,2,0,-155
1754049856.6284602,2,0,-155
1754049856.66646,2,-2,-142
1754049856.70246,5,2,-153
1754049856.73946,3,3,-146
1754049856.77846,12,-7,-145
1754049856.81646,1,2,-147
1754049856.85246,-6,0,-157
1754049856.89046,0,2,-156
1754049856.92846,-1,2,-154
1754049856.9674602,2,-1,-148
1754049857.00546,7,1,-157
1754049857.04146,3,4,-157
1754049857.07846,8,-4,-159
1754049857.11746,6,1,-154
1754049857.15546,1,-5,-155
1754049857.19146,0,2,-157
1754049857.22846,2,2,-153
1754049857.26746,2,-2,-157
1754049857.30546,0,1,-144
1754049857.34146,-3,0,-146
1754049857.3784602,-3,-3,-154
1754049857.4174602,0,-4,-156
1754049857.45546,-1,-4,-156
1754049857.49146,-1,-2,-140
1754049857.5294602,-4,3,-158
1754049857.56746,0,-1,-140
1754049857.60646,-1,0,-140
1754049857.64246,5,0,-151
1754049857.68046,3,-4,-144
1754049857.71846,5,-3,-149
1754049857.75746,0,-1,-152
1754049857.79346,-3,-6,-154
1754049857.8324602,-2,-1,-163
1754049857.86946,-2,-1,-166
1754049857.9074602,3,0,-163
1754049857.94646,0,-4,-152
1754049857.98246,-2,1,-154
1754049858.02046,-3,-4,-152
1754049858.05846,2,0,-158
1754049858.09746,5,-3,-157
1754049858.13346,0,2,-158
1754049858.1714602,-4,7,-155
1754049858.2104602,1,3,-153
1754049858.24846,6,4,-152
1754049858.2864602,4,-2,-156
1754049858.3224602,-2,4,-152
1754049858.3614602,-5,1,-157
1754049858.39846,-6,3,-150
1754049858.4374602,0,-5,-155
1754049858.4734602,-1,-6,-140
1754049858.51146,-1,-2,-146
1754049858.5494602,-1,0,-140
1754049858.58746,2,-2,-147
1754049858.62646,0,-4,-153
1754049858.66246,-4,0,-152
1754049858.70146,3,-2,-151
1754049858.73846,-5,-3,-155
1754049858.77746,-2,0,-148
1754049858.81346,-3,0,-140
1754049858.85146,-9,0,-144
1754049858.88946,-3,-4,-144
1754049858.92846,0,-2,-144
1754049858.96646,1,4,-153
1754049859.00246,-7,0,-145
1754049859.0394602,-5,5,-150
1754049859.07846,-3,0,-158
1754049859.11646,0,0,-145
1754049859.15246,-6,0,-146
1754049859.18946,0,0,-158
1754049859.22846,5,0,-148
1754049859.2664602,1,1,-157
1754049859.3024602,-2,4,-157
1754049859.34046,0,-4,-155
1754049859.3784602,3,-3,-168
1754049859.4174602,-4,-5,-159
1754049859.45346,0,-2,-149
1754049859.4904602,1,-6,-138
1754049859.52846,-3,-4,-147
1754049859.56746,-3,-2,-153
1754049859.60346,6,5,-146
1754049859.64046,3,5,-155
1754049859.67846,6,2,-165
1754049859.7174602,2,-2,-147
1754049859.7534602,5,1,-144
1754049859.79046,2,1,-152
1754049859.82946,2,1,-148
1754049859.86746,-2,-2,-154
1754049859.90346,0,-2,-151
1754049859.94146,-3,0,-156
1754049859.97946,0,-1,-156
1754049860.01846,0,-2,-156
1754049860.05446,0,-1,-148
1754049860.09346,0,-4,-151
1754049860.1314602,2,-2,-157
1754049860.16946,2,-7,-165
1754049860.2074602,3,3,-151
1754049860.2434602,5,-4,-152
1754049860.28146,-2,0,-150
1754049860.3194602,-1,4,-154
1754049860.3584602,5,2,-160
1754049860.3944602,-4,-3,-167
1754049860.43246,0,0,-158
1754049860.4704602,-3,0,-151
1754049860.50846,3,-4,-147
1754049860.54746,-2,-8,-153
1754049860.58346,-2,-4,-157
1754049860.62246,5,-4,-149
1754049860.65946,-6,-2,-146
1754049860.69846,-3,-3,-158
1754049860.73446,1,-2,-151
1754049860.77246,-1,-2,-148
1754049860.81146,5,0,-148
1754049860.84946,4,-9,-163
1754049860.88746,3,-4,-165
1754049860.92346,-1,0,-145
1754049860.96146,1,-5,-146
1754049860.99946,1,-3,-155
1754049861.03846,-2,-3,-156
1754049861.07446,-3,-2,-149
1754049861.11246,2,2,-154
1754049861.15046,0,1,-147
1754049861.18946,-6,-4,-157
1754049861.22746,-6,11,-152
1754049861.26446,-4,2,-159
1754049861.3024602,3,0,-151
1754049861.33946,-3,2,-148
1754049861.3784602,-5,0,-153
1754049861.4144602,4,3,-154
1754049861.45146,2,1,-148
1754049861.48946,3,-4,-148
1754049861.52846,-3,-2,-160
1754049861.56446,3,3,-157
1754049861.60246,5,-1,-150
1754049861.63946,-1,-1,-145
1754049861.67846,-1,0,-158
1754049861.71446,-3,-2,-146
1754049861.75246,1,1,-149
1754049861.79046,5,-4,-157
1754049861.82946,8,0,-155
1754049861.8654602,1,0,-161
1754049861.90246,0,2,-150
1754049861.9404602,1,-4,-152
1754049861.97946,-2,3,-158
1754049862.01546,-1,0,-165
1754049862.05346,-2,4,-159
1754049862.09146,0,-6,-159
1754049862.12946,0,1,-151
1754049862.16846,1,-1,-161
1754049862.20446,4,-2,-171
1754049862.2434602,2,-5,-158
1754049862.28046,2,0,-156
1754049862.3194602,-1,-4,-153
1754049862.3554602,3,-1,-157
1754049862.39346,-2,-3,-152
1754049862.43146,-6,-1,-141
1754049862.46946,-1,5,-155
1754049862.50846,-7,-2,-156
1754049862.54446,-3,-9,-148
1754049862.5824602,0,1,-151
1754049862.62046,0,0,-163
1754049862.65946,-4,-6,-162
1754049862.69546,-1,-8,-167
1754049862.73446,2,-5,-155
1754049862.77246,-4,-4,-149
1754049862.81046,-3,0,-142
1754049862.8484602,0,-1,-146
1754049862.8844602,0,2,-145
1754049862.9214602,0,-1,-152
1754049862.9604602,-10,0,-149
1754049862.99846,1,-4,-158
1754049863.03446,2,-2,-158
1754049863.0724602,-1,0,-149
1754049863.1114602,-4,-9,-149
1754049863.14946,-1,-3,-152
1754049863.18546,-2,-1,-148
1754049863.2234602,3,0,-145
1754049863.26146,-8,-4,-150
1754049863.30046,-6,-3,-154
1754049863.3384602,-4,0,-152
1754049863.37446,-1,-1,-149
1754049863.41246,-2,-4,-152
1754049863.4504602,0,-4,-158
1754049863.48946,-2,-5,-149
1754049863.52546,-5,-5,-150
1754049863.56346,-5,5,-156
1754049863.60146,0,6,-156
1754049863.64046,3,-1,-138
1754049863.67846,2,0,-146
1754049863.71446,-2,5,-148
1754049863.75146,3,2,-145
1754049863.79046,0,1,-145
1754049863.82646,-7,-2,-149
1754049863.86446,-2,2,-151
1754049863.91046,3,-6,-148
1754049863.9474602,-6,-1,-157
1754049863.98546,-5,4,-153
1754049864.02246,-3,-3,-152
1754049864.06146,-4,2,-148
1754049864.09946,-1,-5,-153
1754049864.13546,3,3,-151
1754049864.17246,-3,-3,-149
1754049864.21146,0,-5,-150
1754049864.24946,5,-4,-150
1754049864.28546,-2,-2,-149
1754049864.32346,-3,-8,-143
1754049864.3614602,-3,-2,-150
1754049864.40046,-5,0,-160
1754049864.43646,-1,3,-143
1754049864.47446,1,-6,-158
1754049864.51246,-4,-4,-160
1754049864.55046,1,-6,-156
1754049864.58946,0,-2,-151
1754049864.62546,2,-3,-151
1754049864.66346,5,3,-152
1754049864.70146,1,1,-155
1754049864.7404602,1,0,-148
1754049864.7764602,1,-1,-151
1754049864.81446,-4,0,-152
1754049864.85246,0,-1,-149
1754049864.8914602,-8,2,-157
1754049864.92946,4,0,-158
1754049864.96546,3,0,-150
1754049865.00246,0,-2,-148
1754049865.04146,6,-5,-155
1754049865.07946,2,0,-149
1754049865.1154602,0,0,-151
1754049865.15246,0,-7,-145
1754049865.19146,4,-5,-138
1754049865.22946,0,0,-155
1754049865.26546,2,3,-152
1754049865.3024602,5,-2,-157
1754049865.34146,0,4,-162
1754049865.37946,5,2,-149
1754049865.41546,0,4,-155
1754049865.45246,-3,0,-162
1754049865.49146,3,-5,-158
1754049865.5294602,4,-12,-153
1754049865.5654602,0,-8,-163
1754049865.60346,1,-1,-159
1754049865.6414602,6,-2,-158
1754049865.68046,9,-7,-141
1754049865.71646,-5,0,-145
1754049865.75446,-3,3,-144
1754049865.7924602,-4,7,-150
1754049865.83146,4,1,-152
1754049865.86746,0,0,-146
1754049865.90546,2,-4,-153
1754049865.9444602,11,-1,-158
1754049865.98146,3,-7,-157
1754049866.02046,-14,-5,-150
1754049866.05646,-9,-2,-144
1754049866.09446,-7,0,-141
1754049866.13246,-6,-6,-149
1754049866.1714602,0,-13,-149
1754049866.2074602,-2,-6,-152
1754049866.24546,2,-5,-149
1754049866.28446,2,-2,-149
1754049866.32146,-1,0,-156
1754049866.36046,0,-6,-156
1754049866.39646,3,0,-145
1754049866.43546,3,-3,-156
1754049866.47246,0,-3,-154
1754049866.51146,-1,-4,-158
1754049866.54746,-2,2,-140
1754049866.5854602,0,0,-162
1754049866.62346,1,3,-150
1754049866.66246,0,-6,-149
1754049866.7004602,0,-1,-152
1754049866.73746,0,0,-156
1754049866.77446,-6,0,-156
1754049866.8124602,-4,2,-160
1754049866.85146,-1,4,-160
1754049866.88746,-4,0,-156
1754049866.92546,2,-3,-148
1754049866.96446,3,2,-148
1754049867.00246,-3,2,-147
1754049867.04046,-5,5,-163
1754049867.07646,-7,0,-164
1754049867.11446,-5,-5,-150
1754049867.15246,-4,-12,-148
1754049867.19146,0,-7,-152
1754049867.22746,0,-14,-146
1754049867.26546,-2,-6,-153
1754049867.30346,-1,-4,-155
1754049867.3424602,6,-3,-163
1754049867.38046,7,-1,-155
1754049867.41646,4,0,-146
1754049867.45546,3,1,-151
1754049867.49246,9,-2,-153
1754049867.53146,5,-4,-157
1754049867.56746,6,-1,-151
1754049867.6054602,0,-2,-158
1754049867.6444602,-1,0,-155
1754049867.68246,4,5,-150
1754049867.71846,-1,-3,-148
1754049867.7564602,0,1,-150
1754049867.79446,2,0,-154
1754049867.8324602,5,-3,-147
1754049867.8714602,-7,-3,-148
1754049867.9074602,2,-5,-151
1754049867.94546,0,1,-153
1754049867.9834602,4,-2,-158
1754049868.02246,4,-2,-161
1754049868.05846,8,-3,-164
1754049868.09646,6,-1,-163
1754049868.13546,2,-7,-164
1754049868.17246,4,-5,-153
1754049868.21146,-5,-2,-147
1754049868.24746,-2,0,-149
1754049868.28546,-4,0,-157
1754049868.32346,0,-1,-143
1754049868.36246,0,2,-138
1754049868.39846,-3,3,-147
1754049868.43646,-10,-1,-153
1754049868.47446,2,-5,-149
1754049868.5134602,1,-2,-153
1754049868.55146,-3,4,-157
1754049868.58746,-2,-9,-162
1754049868.62546,5,-2,-163
1754049868.66346,-3,-6,-160
1754049868.70246,-2,2,-152
1754049868.73846,3,-2,-153
1754049868.77746,-1,0,-146
1754049868.81446,3,1,-153
1754049868.85346,0,2,-157
1754049868.8914602,-5,-1,-166
1754049868.9274602,-7,-1,-157
1754049868.96546,3,1,-162
1754049869.0034602,3,-3,-159
1754049869.0424602,0,-4,-159
1754049869.07846,0,-3,-149
1754049869.11646,11,1,-152
1754049869.15546,2,-4,-154
1754049869.19346,1,-1,-155
1754049869.23146,1,-1,-155
1754049869.26746,0,1,-149
1754049869.30546,-5,2,-152
1754049869.34446,0,-3,-157
1754049869.38246,-1,0,-155
1754049869.41846,5,6,-155
1754049869.45546,2,-9,-145
1754049869.4934602,8,1,-149
1754049869.5324602,3,-2,-150
1754049869.56846,-1,-1,-156
1754049869.60646,1,5,-150
1754049869.6444602,0,7,-151
1754049869.68346,3,-1,-145
1754049869.71946,0,0,-154
1754049869.7564602,-1,-2,-139
1754049869.79446,-7,-1,-143
1754049869.83346,-5,-5,-155
1754049869.86946,-2,-3,-150
1754049869.9074602,1,-1,-138
1754049869.94546,10,-1,-148
1754049869.9834602,-3,1,-151
1754049870.02246,-2,-2,-142
1754049870.05846,2,5,-146
1754049870.09746,-1,-3,-161
1754049870.1344602,1,-3,-144
1754049870.17346,0,-4,-158
1754049870.20946,3,-1,-155
1754049870.24746,3,-2,-153
1754049870.28546,-4,0,-145
1754049870.32346,0,-1,-150
1754049870.36246,0,-1,-152
1754049870.39846,3,1,-151
1754049870.43546,0,-3,-146
1754049870.4734602,-2,-1,-151
1754049870.51246,-3,-3,-152
1754049870.54846,4,1,-145
1754049870.58646,0,-5,-153
1754049870.62446,-3,2,-150
1754049870.66346,-9,-4,-150
1754049870.69946,0,1,-154
1754049870.7364602,0,-3,-146
1754049870.77446,0,-2,-164
1754049870.81346,0,-3,-154
1754049870.84946,3,0,-152
1754049870.88646,-2,-1,-152
1754049870.9244602,5,2,-153
1754049870.9634602,0,-8,-147
1754049870.99946,2,0,-146
1754049871.0364602,-2,0,-150
1754049871.07446,-5,4,-147
1754049871.11346,5,-1,-148
1754049871.14946,4,-3,-151
1754049871.1874602,0,1,-145
1754049871.22546,-2,0,-152
1754049871.26446,-5,1,-152
1754049871.3024602,-3,0,-155
1754049871.3384602,0,3,-156
1754049871.37546,-1,5,-162
1754049871.4144602,4,2,-151
1754049871.45246,14,-6,-148
1754049871.48846,2,-6,-144
1754049871.5264602,6,-3,-148
1754049871.56446,0,-3,-140
1754049871.60346,0,-4,-150
1754049871.63946,5,0,-154
1754049871.67646,9,-1,-155
1754049871.71446,4,0,-161
1754049871.7534602,2,0,-152
1754049871.7894602,0,3,-156
1754049871.82646,0,6,-161
1754049871.86446,3,13,-150
1754049871.90346,-1,4,-147
1754049871.93946,3,-4,-153
1754049871.97746,6,-3,-154
1754049872.01546,-1,0,-151
1754049872.05446,2,-5,-151
1754049872.09046,0,7,-153
1754049872.12746,8,-3,-145
1754049872.16546,4,-1,-156
1754049872.20446,5,-1,-147
1754049872.2404602,9,-4,-149
1754049872.27846,1,-4,-144
1754049872.31646,3,-1,-154
1754049872.35446,-4,-5,-151
1754049872.39346,2,0,-155
1754049872.42946,3,-2,-155
1754049872.4674602,0,-3,-148
1754049872.50546,-11,-5,-136
1754049872.54446,-6,-4,-144
1754049872.58046,1,0,-146
1754049872.61746,-1,3,-148
1754049872.65546,-1,5,-152
1754049872.6944602,2,4,-143
1754049872.7304602,0,1,-144
1754049872.76746,0,-1,-152
1754049872.80546,4,-2,-141
1754049872.84446,1,-1,-147
1754049872.88046,1,3,-158
1754049872.9174602,1,0,-160
1754049872.95546,-1,-11,-158
1754049872.99446,6,-3,-148
1754049873.03046,4,-3,-152
1754049873.06846,7,-3,-145
1754049873.10646,-3,0,-146
1754049873.14546,2,-2,-149
1754049873.18346,-1,-1,-159
1754049873.21946,0,-4,-153
1754049873.25746,-1,-2,-154
1754049873.29546,-6,10,-146
1754049873.33446,-4,-4,-159
1754049873.37046,-1,-5,-149
1754049873.40846,1,-7,-154
1754049873.4474602,-6,-1,-143
1754049873.48546,-8,1,-143
1754049873.52346,1,-1,-150
1754049873.5594602,-1,9,-153
1754049873.59746,4,-2,-157
1754049873.63546,6,-5,-148
1754049873.6744602,9,3,-159
1754049873.7104602,2,4,-157
1754049873.74746,3,-2,-151
1754049873.78546,2,-7,-157
1754049873.82446,2,-3,-157
1754049873.86046,7,-2,-154
1754049873.89946,2,-5,-165
1754049873.9444602,-4,-6,-155
1754049873.9804602,-4,-10,-154
1754049874.0194602,1,-3,-148
1754049874.05646,0,0,-147
1754049874.0954602,1,-4,-151
1754049874.1314602,1,2,-146
1754049874.16946,0,3,-156
1754049874.20846,1,-2,-158
1754049874.24546,2,0,-155
1754049874.28446,-1,-3,-143
1754049874.32046,5,-6,-138
1754049874.3584602,8,-7,-144
1754049874.39746,0,2,-152
1754049874.43546,1,5,-153
1754049874.47146,3,1,-150
1754049874.50846,2,5,-163
1754049874.5464602,7,-2,-152
1754049874.5854602,-1,1,-154
1754049874.6214602,-10,-2,-155
1754049874.65946,0,-1,-145
1754049874.6974602,0,0,-156
1754049874.7364602,0,-10,-154
1754049874.77446,0,0,-149
1754049874.81046,-3,0,-146
1754049874.84946,-6,2,-149
1754049874.88746,-13,-6,-161
1754049874.92546,-2,-11,-155
1754049874.96146,2,-7,-150
1754049874.99946,-2,-6,-162
1754049875.03746,-2,4,-160
1754049875.07646,0,0,-146
1754049875.11446,0,-4,-147
1754049875.15046,6,4,-156
1754049875.1874602,1,-1,-158
1754049875.22646,3,-4,-152
1754049875.26446,0,-3,-153
1754049875.30046,0,0,-150
1754049875.33746,3,-5,-157
1754049875.37646,7,-6,-156
1754049875.4144602,2,-7,-152
1754049875.4504602,-1,-2,-152
1754049875.48846,0,1,-154
1754049875.5264602,1,-2,-151
1754049875.5654602,-4,-3,-149
1754049875.60146,-5,0,-138
1754049875.63946,2,-3,-137
1754049875.6774602,5,-4,-160
1754049875.71646,1,-5,-157
1754049875.75246,2,-6,-151
1754049875.79046,8,-9,-140
1754049875.82846,0,-3,-141
1754049875.86746,0,-7,-139
1754049875.90546,-1,-6,-148
1754049875.94146,-13,0,-141
1754049875.97946,-7,-1,-136
1754049876.01746,-5,0,-144
1754049876.05646,0,5,-149
1754049876.0924602,2,-1,-152
1754049876.13046,5,0,-150
1754049876.16846,-3,-2,-154
1754049876.20646,-2,-4,-156
1754049876.24546,-2,0,-152
1754049876.28146,3,0,-152
1754049876.32046,3,-2,-144
1754049876.35746,2,-6,-146
1754049876.39646,0,-3,-142
1754049876.43246,-3,-3,-147
1754049876.4704602,-7,0,-158
1754049876.50846,0,1,-155
1754049876.54746,0,-1,-147
1754049876.5854602,2,0,-147
1754049876.6214602,-1,-2,-152
1754049876.65946,-7,0,-143
1754049876.6974602,-5,5,-152
1754049876.7364602,-3,3,-155
1754049876.77246,1,2,-145
1754049876.8094602,12,-7,-152
1754049876.84746,1,-8,-159
1754049876.88646,0,-1,-157
1754049876.92246,-2,1,-157
1754049876.9604602,-1,-2,-151
1754049876.99846,5,-1,-141
1754049877.03746,1,-2,-148
1754049877.0754602,3,-3,-153
1754049877.11246,3,-4,-154
1754049877.15046,1,0,-146
1754049877.1874602,9,-3,-141
1754049877.22646,5,-5,-156
1754049877.26246,6,-2,-171
1754049877.30046,0,0,-147
1754049877.3384602,4,1,-156
1754049877.37746,-3,2,-153
1754049877.41546,-6,-5,-154
1754049877.45146,-6,-6,-164
1754049877.48946,1,-3,-163
1754049877.52746,2,4,-162
1754049877.56646,-1,1,-144
1754049877.60246,2,-2,-147
1754049877.64046,0,-10,-142
1754049877.67846,0,0,-164
1754049877.7174602,-1,3,-156
1754049877.7534602,-5,3,-157
1754049877.79146,-8,-4,-152
1754049877.82946,-1,3,-143
1754049877.86746,-1,0,-149
1754049877.90646,-4,-1,-136
1754049877.94246,2,0,-142
1754049877.97946,6,-2,-146
1754049878.01746,2,-3,-147
1754049878.05646,-7,2,-143
1754049878.0924602,6,5,-147
1754049878.12946,-1,7,-155
1754049878.1674602,3,1,-155
1754049878.20646,6,-5,-148
1754049878.24246,0,-1,-142
1754049878.28046,3,-3,-139
1754049878.31846,0,-3,-150
1754049878.35746,4,-1,-157
1754049878.39346,-3,-8,-152
1754049878.43246,-10,-11,-149
1754049878.4704602,-6,-6,-156
1754049878.50846,1,-2,-150
1754049878.5464602,0,0,-165
1754049878.5824602,4,-3,-149
1754049878.62046,-9,2,-140
1754049878.65946,-5,-4,-152
1754049878.6974602,-13,-1,-145
1754049878.7334602,-9,2,-145
1754049878.77146,-3,1,-142
1754049878.8094602,-2,1,-155
1754049878.8484602,-3,3,-141
1754049878.88646,-1,0,-151
1754049878.92246,4,-5,-141
1754049878.9604602,5,-2,-145
1754049878.99846,0,0,-155
1754049879.03746,-2,-2,-154
1754049879.07346,-6,-5,-152
1754049879.1114602,4,-11,-152
1754049879.15046,7,-3,-152
1754049879.18846,4,-2,-159
1754049879.22646,3,-5,-155
1754049879.26246,0,-6,-158
1754049879.30046,0,0,-147
1754049879.3384602,0,0,-144
1754049879.37746,4,-3,-143
1754049879.41346,6,-1,-146
1754049879.45146,-2,0,-149
1754049879.48946,-1,-1,-152
1754049879.52846,4,3,-133
1754049879.56446,-3,6,-145
1754049879.60346,4,-2,-154
1754049879.64046,6,-2,-156
1754049879.67946,0,0,-166
1754049879.7174602,0,-1,-163
1754049879.7534602,0,0,-157
1754049879.79046,-6,-2,-156
1754049879.82846,-4,2,-156
1754049879.86746,-4,-1,-156
1754049879.90346,3,-3,-141
1754049879.94246,-2,-9,-151
1754049879.97946,10,0,-159
1754049880.01846,0,-2,-152
1754049880.05446,10,-2,-149
1754049880.0924602,1,5,-150
1754049880.13046,-2,7,-146
1754049880.16846,-2,-4,-152
1754049880.2074602,0,0,-142
1754049880.2434602,-1,-3,-141
1754049880.28146,2,-1,-153
1754049880.3194602,3,-1,-152
1754049880.3584602,-8,-7,-153
1754049880.3944602,-1,-8,-156
1754049880.43346,0,-6,-153
1754049880.4704602,1,-10,-155
1754049880.5094602,3,-7,-140
1754049880.54746,-2,-6,-150
1754049880.58346,-10,-6,-134
1754049880.6214602,-7,-13,-143
1754049880.65946,5,-1,-153
1754049880.69846,-4,-1,-155
1754049880.73446,0,-2,-152
1754049880.77246,-6,0,-146
1754049880.81046,3,2,-145
1754049880.8484602,7,4,-152
1754049880.8844602,4,3,-156
1754049880.9214602,2,0,-151
1754049880.95946,-2,3,-146
1754049880.99846,-1,4,-144
1754049881.03546,-3,7,-150
1754049881.0724602,-10,0,-143
1754049881.11046,-4,-3,-150
1754049881.14946,6,-3,-139
1754049881.1874602,-2,-2,-143
1754049881.2234602,-7,-1,-145
1754049881.26146,-8,-2,-149
1754049881.30046,-1,-6,-146
1754049881.3384602,-2,-3,-161
1754049881.37446,-6,-3,-154
1754049881.41246,0,-2,-150
1754049881.4504602,0,-4,-150
1754049881.48946,4,-3,-138
1754049881.52546,6,2,-138
1754049881.5624602,-1,3,-151
1754049881.60046,0,-6,-153
1754049881.63946,2,1,-153
1754049881.67546,3,0,-153
1754049881.71246,-2,-2,-168
1754049881.75046,-7,0,-151
1754049881.7894602,-1,2,-148
1754049881.8254602,-4,-3,-138
1754049881.86346,3,-5,-142
1754049881.9014602,3,0,-145
1754049881.93946,0,-10,-136
1754049881.97846,-3,-2,-141
1754049882.01446,-5,1,-140
1754049882.05346,-7,6,-155
1754049882.09046,1,0,-153
1754049882.12946,3,0,-151
1754049882.16546,-1,3,-153
1754049882.20346,1,-1,-149
1754049882.24246,1,-1,-154
1754049882.2794602,2,-3,-153
1754049882.31846,4,-2,-157
1754049882.35446,5,1,-153
1754049882.39246,8,3,-151
1754049882.43046,8,3,-150
1754049882.46846,6,-4,-159
1754049882.50446,7,-2,-142
1754049882.5424602,0,-2,-141
1754049882.58046,9,-1,-147
1754049882.61946,10,0,-143
1754049882.65546,3,-3,-143
1754049882.69346,2,-5,-148
1754049882.73146,3,0,-142
1754049882.77046,-1,4,-146
1754049882.80846,-8,2,-153
1754049882.84446,2,-4,-148
1754049882.88346,-3,0,-146
1754049882.92046,1,-2,-145
1754049882.95946,2,-1,-140
1754049882.99546,4,0,-146
1754049883.03346,2,2,-157
1754049883.07046,2,-2,-148
1754049883.10946,4,-1,-152
1754049883.14546,3,0,-152
1754049883.18346,8,0,-159
1754049883.2204602,5,-4,-152
1754049883.2594602,-6,-3,-152
1754049883.29546,-1,1,-155
1754049883.33346,2,-7,-137
1754049883.3714602,-7,-1,-147
1754049883.41046,5,0,-151
1754049883.44646,-6,2,-163
1754049883.4834602,3,7,-161
1754049883.52146,8,-1,-159
1754049883.56046,1,-6,-160
1754049883.59646,-2,-4,-152
1754049883.6344602,5,0,-139
1754049883.67246,7,0,-147
1754049883.7104602,1,0,-157
1754049883.74946,1,2,-158
1754049883.78546,4,1,-154
1754049883.8224602,2,-3,-140
1754049883.86046,-2,3,-150
1754049883.89946,-1,-4,-153
1754049883.93546,2,-6,-144
1754049883.98146,9,-6,-150
1754049884.0194602,8,-6,-149
1754049884.05546,3,-4,-152
1754049884.09346,3,0,-149
1754049884.1314602,-1,-3,-145
1754049884.17046,1,-3,-147
1754049884.20646,-3,-6,-142
1754049884.24546,-9,-6,-149
1754049884.2824602,-1,-3,-148
1754049884.32146,0,0,-146
1754049884.35946,2,-2,-152
1754049884.39546,2,1,-167
1754049884.43346,8,4,-163
1754049884.47146,10,-2,-139
1754049884.51046,1,-4,-140
1754049884.5464602,11,-4,-159
1754049884.58446,2,-2,-154
1754049884.62246,1,-4,-152
1754049884.6614602,3,0,-151
1754049884.69946,0,-5,-152
1754049884.73546,3,-3,-159
1754049884.77346,0,-6,-154
1754049884.8124602,-1,0,-155
1754049884.85046,9,0,-144
1754049884.88646,-1,4,-159
1754049884.92546,1,-3,-162
1754049884.96246,-3,1,-141
1754049885.00146,1,-7,-144
1754049885.0394602,-2,-3,-148
1754049885.0754602,-2,-1,-150
1754049885.11346,-4,-4,-143
1754049885.1514602,-2,2,-151
1754049885.1904602,0,-4,-146
1754049885.22646,5,-2,-149
1754049885.26446,1,1,-148
1754049885.30346,3,-3,-148
1754049885.34146,-1,0,-153
1754049885.37946,-7,1,-156
1754049885.41546,0,5,-149
1754049885.45246,0,1,-151
1754049885.49146,5,5,-156
1754049885.52746,9,0,-165
1754049885.56446,5,6,-154
1754049885.60246,5,8,-157
1754049885.6414602,5,-5,-154
1754049885.6774602,10,-3,-150
1754049885.71646,1,-4,-156
1754049885.7534602,-5,-6,-154
1754049885.79146,2,-5,-146
1754049885.83046,3,-6,-153
1754049885.86646,1,-6,-155
1754049885.9044602,-2,4,-143
1754049885.94246,2,0,-145
1754049885.98146,0,0,-147
1754049886.01746,-3,-5,-141
1754049886.05546,2,-2,-159
1754049886.09346,-5,1,-163
1754049886.1314602,-3,0,-148
1754049886.17046,-2,-1,-155
1754049886.20646,-1,0,-150
1754049886.24546,3,-6,-152
1754049886.2824602,2,-3,-157
1754049886.32146,-10,2,-155
1754049886.35746,-3,-6,-158
1754049886.39546,4,0,-152
1754049886.43346,2,9,-148
1754049886.47246,7,0,-154
1754049886.51046,0,-6,-148
1754049886.5464602,-1,-12,-147
1754049886.58446,5,-2,-161
1754049886.62246,1,-3,-152
1754049886.6614602,1,-6,-141
1754049886.6974602,2,-6,-147
1754049886.7364602,2,-2,-153
1754049886.77346,4,-1,-147
1754049886.8124602,1,1,-144
1754049886.85046,0,2,-160
1754049886.88646,-5,4,-152
1754049886.9244602,-1,1,-150
1754049886.96246,0,-4,-149
1754049887.00146,5,0,-136
1754049887.03746,1,4,-142
1754049887.07446,1,3,-156
1754049887.11246,-3,1,-141
1754049887.1514602,4,0,-143
1754049887.1874602,6,2,-145
1754049887.22446,2,0,-160
1754049887.26246,2,-7,-150
1754049887.30146,14,-2,-153
1754049887.33746,12,-6,-158
1754049887.37546,6,2,-152
1754049887.41346,3,3,-160
1754049887.45246,5,-2,-158
1754049887.48846,4,-9,-152
1754049887.5264602,0,-4,-151
1754049887.56446,0,-4,-158
1754049887.60246,9,-7,-150
1754049887.6414602,7,8,-148
1754049887.6774602,8,-1,-147
1754049887.71546,2,-4,-151
1754049887.7534602,0,0,-146
1754049887.7924602,-1,-3,-150
1754049887.82846,3,-3,-151
1754049887.86646,-4,-6,-150
1754049887.9044602,-7,2,-146
1754049887.94246,-4,-4,-147
1754049887.98146,-3,-8,-160
1754049888.01746,-4,-6,-151
1754049888.05546,0,-8,-155
1754049888.09346,2,-6,-146
1754049888.13246,-8,-7,-143
1754049888.16846,2,-3,-143
1754049888.20646,-8,-3,-145
1754049888.24446,0,1,-150
1754049888.28346,-4,2,-155
1754049888.32146,4,2,-143
1754049888.35746,1,0,-152
1754049888.39546,2,3,-158
1754049888.43346,1,-4,-155
1754049888.47246,6,4,-166
1754049888.50846,7,-1,-159
1754049888.5464602,4,5,-151
1754049888.58446,4,7,-146
1754049888.62346,2,-3,-151
1754049888.6614602,4,-1,-150
1754049888.6974602,-6,1,-147
1754049888.73546,8,2,-152
1754049888.77446,6,-1,-155
1754049888.8124602,4,-3,-139
1754049888.8484602,0,0,-150
1754049888.88546,-1,-3,-152
1754049888.92346,1,0,-154
1754049888.96246,-3,0,-155
1754049888.99846,-8,2,-149
1754049889.0364602,-6,-5,-161
1754049889.07446,2,-5,-161
1754049889.11346,2,-5,-151
1754049889.1514602,0,-2,-150
1754049889.1874602,2,4,-144
1754049889.22446,2,1,-151
1754049889.2634602,4,-5,-148
1754049889.30146,3,0,-152
1754049889.33746,-4,0,-144
1754049889.37546,0,-5,-151
1754049889.41346,6,-7,-153
1754049889.45246,3,0,-145
1754049889.48846,2,-1,-151
1754049889.5264602,1,-4,-147
1754049889.5654602,6,-2,-151
1754049889.60346,7,6,-148
1754049889.63946,-1,7,-153
1754049889.67846,6,2,-151
1754049889.71546,2,0,-145
1754049889.7534602,-1,-4,-147
1754049889.7924602,9,-3,-149
1754049889.82846,1,0,-148
1754049889.8654602,4,-1,-150
1754049889.90346,-3,5,-140
1754049889.94246,-6,-5,-156
1754049889.97846,-8,-5,-148
1754049890.0164602,-2,-2,-148
1754049890.05446,-2,0,-151
1754049890.09346,-9,0,-152
1754049890.13046,-7,0,-154
1754049890.1674602,1,-2,-153
1754049890.20546,-1,-2,-162
1754049890.24446,-2,-6,-149
1754049890.2824602,1,-2,-146
1754049890.31846,5,-1,-145
1754049890.35646,2,0,-150
1754049890.3944602,-3,0,-152
1754049890.43346,1,-1,-157
1754049890.46946,1,-2,-157
1754049890.50746,-4,0,-159
1754049890.54546,-4,0,-158
1754049890.58446,-6,0,-149
1754049890.62246,-1,-1,-150
1754049890.65846,0,0,-149
1754049890.69546,-3,0,-141
1754049890.73446,-3,-1,-146
1754049890.77246,2,0,-142
1754049890.80846,0,0,-148
1754049890.8454602,0,-1,-152
1754049890.8844602,5,-3,-152
1754049890.92246,-2,-5,-149
1754049890.95846,3,-4,-144
1754049890.9964602,-1,-1,-148
1754049891.03446,-4,-6,-154
1754049891.07346,1,-2,-148
1754049891.10946,3,0,-161
1754049891.14846,-1,7,-162
1754049891.18546,-4,1,-154
1754049891.22446,-7,0,-152
1754049891.26246,0,-5,-148
1754049891.29846,1,-2,-141
1754049891.33646,5,0,-140
1754049891.37446,3,3,-156
1754049891.41346,6,1,-149
1754049891.44946,4,1,-159
1754049891.4864602,-3,0,-156
1754049891.52446,0,-2,-149
1754049891.56346,9,-6,-154
1754049891.59946,6,-7,-163
1754049891.63746,0,-1,-154
1754049891.67546,2,-1,-146
1754049891.71446,2,0,-141
1754049891.75046,0,0,-143
1754049891.78746,5,-4,-148
1754049891.8254602,-1,-2,-155
1754049891.86446,0,0,-152
1754049891.90046,-5,2,-150
1754049891.93846,-3,1,-155
1754049891.97746,3,-3,-151
1754049892.01446,5,-6,-154
1754049892.05346,7,1,-150
1754049892.08946,2,1,-141
1754049892.12746,2,1,-148
1754049892.16546,-1,-3,-155
1754049892.20346,0,0,-157
1754049892.23946,4,-4,-152
1754049892.27746,6,-3,-152
1754049892.3154602,-1,-2,-156
1754049892.35446,2,-2,-151
1754049892.39046,-3,-3,-152
1754049892.42846,4,-5,-153
1754049892.46646,0,-1,-150
1754049892.50546,1,0,-146
1754049892.54346,3,-1,-145
1754049892.57946,5,0,-148
1754049892.61646,1,3,-145
1754049892.65546,3,3,-157
1754049892.69346,2,0,-158
1754049892.72946,-3,3,-158
1754049892.76746,-4,-13,-145
1754049892.80546,0,-6,-157
1754049892.84446,0,0,-152
1754049892.88046,0,-2,-153
1754049892.91846,-5,1,-162
1754049892.9574602,-5,-4,-151
1754049892.99546,-4,3,-148
1754049893.03346,-3,1,-148
1754049893.0694602,-6,-2,-160
1754049893.10746,-2,-7,-151
1754049893.14546,0,3,-149
1754049893.1844602,-4,-4,-160
1754049893.2204602,-4,-5,-148
1754049893.25846,-3,-7,-150
1754049893.2964602,4,-2,-144
1754049893.3354602,0,-3,-142
1754049893.3714602,-1,-3,-143
1754049893.40946,3,-1,-167
1754049893.44846,10,-2,-151
1754049893.48546,5,-6,-154
1754049893.52446,10,-1,-145
1754049893.56046,8,-4,-141
1754049893.5984602,0,-7,-143
1754049893.63646,2,-4,-159
1754049893.67546,3,-6,-154
1754049893.71146,3,-4,-157
1754049893.74946,2,-4,-157
1754049893.78746,1,-1,-147
1754049893.8254602,1,-9,-156
1754049893.86446,2,-6,-161
1754049893.90046,4,-6,-156
1754049893.93846,4,-5,-156
1754049893.98446,2,-4,-146
1754049894.02046,-2,-6,-157
1754049894.05846,0,-5,-154
1754049894.09646,0,-2,-152
1754049894.13546,6,-2,-147
1754049894.1714602,0,2,-149
1754049894.20846,8,3,-153
1754049894.2464602,8,-4,-146
1754049894.28546,5,0,-154
1754049894.32146,-1,-6,-149
1754049894.36046,4,-3,-150
1754049894.39746,-2,0,-149
1754049894.43646,-2,5,-139
1754049894.47446,0,-1,-138
1754049894.51046,5,-2,-151
1754049894.54846,0,-4,-159
1754049894.58646,2,-7,-153
1754049894.62546,0,-2,-162
1754049894.6614602,0,-6,-152
1754049894.69946,0,-9,-151
1754049894.73746,12,-4,-152
1754049894.7764602,6,4,-142
1754049894.81446,1,1,-149
1754049894.85046,1,0,-151
1754049894.8884602,0,-2,-150
1754049894.9274602,6,2,-147
1754049894.96546,7,2,-141
1754049895.00146,8,2,-142
1754049895.03846,0,2,-146
1754049895.07746,1,-3,-156
1754049895.1154602,0,0,-156
1754049895.1514602,0,6,-152
1754049895.18946,0,-1,-156
1754049895.22746,0,-4,-144
1754049895.2664602,4,-6,-159
1754049895.3024602,0,3,-165
1754049895.33946,-8,2,-155
1754049895.37746,-4,0,-161
1754049895.41646,-2,0,-154
1754049895.45246,3,0,-159
1754049895.4904602,0,-2,-152
1754049895.52746,1,0,-151
1754049895.56646,0,-4,-154
1754049895.60246,-9,0,-147
1754049895.63946,0,-2,-149
1754049895.6774602,0,1,-145
1754049895.71646,-1,-5,-151
1754049895.75246,2,-5,-158
1754049895.79046,-1,2,-158
1754049895.82846,4,2,-165
1754049895.86646,-3,-1,-164
1754049895.90546,2,-1,-151
1754049895.94146,-4,0,-150
1754049895.97946,0,-5,-145
1754049896.01846,1,0,-149
1754049896.05646,9,-2,-153
1754049896.0924602,1,-2,-149
1754049896.13046,-2,0,-150
1754049896.16846,8,-4,-147
1754049896.2074602,2,-8,-144
1754049896.24546,1,-2,-144
1754049896.28146,0,0,-149
1754049896.31846,-3,-4,-150
1754049896.35746,0,-3,-148
1754049896.39546,1,3,-159
1754049896.43146,-3,2,-160
1754049896.46946,-3,-3,-148
1754049896.50746,-10,-3,-139
1754049896.5464602,-5,-2,-152
1754049896.58346,-6,-5,-144
1754049896.62046,-2,-6,-145
1754049896.65846,12,0,-149
1754049896.6974602,10,0,-160
1754049896.73546,5,-2,-159
1754049896.77146,7,-1,-151
1754049896.81046,4,-6,-154
1754049896.84746,-5,-11,-162
1754049896.88646,-5,-2,-150
1754049896.92246,-8,-3,-150
1754049896.9604602,-6,-2,-148
1754049896.99846,0,-5,-151
1754049897.03746,-7,-2,-158
1754049897.0754602,-5,-8,-148
1754049897.1114602,-5,1,-158
1754049897.14946,-4,3,-152
1754049897.18846,3,1,-155
1754049897.22646,3,-1,-155
1754049897.26246,6,-1,-147
1754049897.30046,2,0,-154
1754049897.3384602,0,-2,-144
1754049897.37746,3,0,-161
1754049897.41346,1,5,-159
1754049897.45146,0,-2,-152
1754049897.48946,-1,-3,-148
1754049897.52746,-3,-2,-158
1754049897.56646,-1,-3,-154
1754049897.60246,-1,2,-150
1754049897.64046,6,-2,-146
1754049897.67846,8,-2,-147
1754049897.7174602,-1,-4,-144
1754049897.7534602,-4,-5,-148
1754049897.79146,0,-6,-147
1754049897.82946,3,-7,-157
1754049897.86746,7,-3,-164
1754049897.90646,0,-6,-148
1754049897.94246,5,-3,-149
1754049897.9804602,1,-8,-154
1754049898.01846,0,-2,-148
1754049898.05746,7,-6,-144
1754049898.09346,4,-8,-150
1754049898.1314602,1,-2,-150
1754049898.16946,1,0,-143
1754049898.20846,0,0,-163
1754049898.2464602,0,4,-160
1754049898.2824602,2,-2,-150
1754049898.32046,0,-2,-151
1754049898.3584602,-2,-5,-147
1754049898.39746,1,-7,-154
1754049898.43346,3,-1,-152
1754049898.47146,8,3,-133
1754049898.5094602,4,1,-150
1754049898.54846,2,-2,-146
1754049898.58646,1,-9,-154
1754049898.62246,-2,-2,-159
1754049898.66046,6,-2,-142
1754049898.69846,-3,-2,-148
1754049898.73746,-10,4,-150
1754049898.77346,-3,0,-148
1754049898.81146,4,0,-159
1754049898.84946,2,-3,-153
1754049898.8884602,0,-1,-142
1754049898.92646,4,-2,-140
1754049898.96246,5,0,-149
1754049899.00046,4,-3,-141
1754049899.03846,7,0,-148
1754049899.07646,1,-1,-151
1754049899.11246,1,-2,-154
1754049899.15046,2,0,-151
1754049899.18846,1,0,-157
1754049899.22746,0,-2,-158
1754049899.2634602,4,-1,-165
1754049899.30146,4,-6,-159
1754049899.33946,0,-2,-161
1754049899.3784602,5,-11,-161
1754049899.4144602,7,-5,-160
1754049899.45246,4,3,-151
1754049899.4904602,7,-4,-150
1754049899.52846,0,-1,-151
1754049899.56746,5,-1,-148
1754049899.60346,3,0,-145
1754049899.6414602,2,-1,-157
1754049899.68046,-6,4,-158
1754049899.71846,5,-2,-154
1754049899.75446,5,-3,-161
1754049899.7924602,7,-2,-144
1754049899.83046,8,0,-152
1754049899.8684602,2,-5,-153
1754049899.9074602,0,-7,-147
1754049899.94346,0,-4,-150
1754049899.98146,0,-6,-151
1754049900.0194602,3,-2,-158
1754049900.05846,0,-4,-153
1754049900.09446,1,-5,-151
1754049900.13246,0,2,-152
1754049900.1714602,7,-3,-155
1754049900.20946,-1,5,-160
1754049900.24746,-4,6,-159
1754049900.28346,-3,-1,-144
1754049900.3224602,2,-2,-145
1754049900.35946,7,-4,-138
1754049900.39846,-1,-4,-150
1754049900.4344602,-7,-7,-148
1754049900.47246,4,-7,-150
1754049900.51046,1,-5,-153
1754049900.5494602,5,-8,-155
1754049900.58746,2,-3,-149
1754049900.62346,2,-2,-152
1754049900.6614602,-6,-1,-141
1754049900.7004602,-3,-5,-142
1754049900.73846,-1,3,-145
1754049900.77446,1,0,-150
1754049900.81346,-3,-6,-148
1754049900.85046,4,1,-155
1754049900.88946,4,-5,-154
1754049900.9274602,2,0,-155
1754049900.9634602,0,4,-152
1754049901.00046,4,4,-161
1754049901.0394602,4,1,-163
1754049901.07746,1,5,-156
1754049901.11346,3,0,-160
1754049901.15046,5,-3,-153
1754049901.18946,9,-3,-159
1754049901.22746,5,0,-147
1754049901.2634602,3,-6,-145
1754049901.30146,4,-3,-157
1754049901.33946,5,0,-153
1754049901.3784602,2,0,-155
1754049901.4144602,-1,0,-157
1754049901.45246,-9,0,-155
1754049901.4904602,-3,9,-143
1754049901.5294602,-2,1,-151
1754049901.5654602,-4,-1,-143
1754049901.60346,-4,-1,-144
1754049901.6414602,-6,-1,-150
1754049901.67946,1,0,-150
1754049901.71846,0,-8,-153
1754049901.75446,1,-1,-141
1754049901.7924602,-2,-2,-146
1754049901.83046,-2,-4,-154
1754049901.86946,-1,-6,-147
1754049901.90546,-2,-1,-145
1754049901.94346,0,-4,-142
1754049901.98146,0,-5,-161
1754049902.0194602,0,3,-167
1754049902.05846,-3,-2,-164
1754049902.09446,4,4,-163
1754049902.1314602,2,8,-159
1754049902.17046,8,1,-158
1754049902.20846,9,3,-137
1754049902.24446,0,0,-143
1754049902.28146,3,-2,-148
1754049902.32046,8,-3,-142
1754049902.3584602,-4,-7,-162
1754049902.3944602,0,-3,-150
1754049902.43246,7,-7,-143
1754049902.4704602,2,-5,-145
1754049902.5094602,-3,-2,-150
1754049902.54546,-1,-7,-137
1754049902.58346,-7,-3,-148
1754049902.62246,0,3,-150
1754049902.66046,-9,-2,-152
1754049902.69846,-8,0,-153
1754049902.73446,-6,-1,-157
1754049902.77246,1,8,-153
1754049902.81046,3,7,-153
1754049902.84946,-7,-4,-159
1754049902.88546,5,3,-158
1754049902.92246,2,-2,-154
1754049902.9604602,3,-3,-160
1754049902.99946,0,-6,-150
1754049903.03546,5,-5,-154
1754049903.07346,2,0,-154
1754049903.1114602,5,-2,-151
1754049903.15046,3,-6,-148
1754049903.18646,0,-6,-150
1754049903.22446,-5,-7,-159
1754049903.26246,-3,-2,-156
1754049903.30046,2,7,-141
1754049903.33946,0,1,-146
1754049903.37546,0,3,-144
1754049903.41246,-3,6,-145
1754049903.4504602,1,5,-131
1754049903.48946,-1,-1,-139
1754049903.52546,0,0,-142
1754049903.5624602,0,0,-156
1754049903.60046,-5,-5,-143
1754049903.63946,0,-1,-151
1754049903.67546,1,0,-148
1754049903.71246,0,-1,-148
1754049903.75046,7,-2,-150
1754049903.7894602,0,-4,-146
1754049903.8254602,4,-8,-151
1754049903.86346,0,-6,-144
1754049903.9014602,5,0,-145
1754049903.9404602,-1,-9,-141
1754049903.98446,-10,-2,-153
1754049904.02246,0,-7,-145
1754049904.06046,-1,-9,-150
1754049904.09946,3,-2,-155
1754049904.13546,-2,0,-153
1754049904.17346,1,0,-151
1754049904.21146,0,0,-152
1754049904.25046,0,-6,-153
1754049904.2864602,3,0,-160
1754049904.3254602,0,2,-149
1754049904.36246,0,-3,-143
1754049904.4014602,-1,-6,-140
1754049904.43946,0,-2,-150
1754049904.47546,11,-2,-157
1754049904.5134602,9,2,-152
1754049904.55146,0,0,-154
1754049904.59046,2,0,-149
1754049904.62646,5,-6,-151
1754049904.6644602,-5,0,-147
1754049904.70246,4,1,-144
1754049904.74146,-6,-4,-147
1754049904.7794602,-4,-5,-151
1754049904.8154602,-8,-10,-155
1754049904.85346,-2,-6,-160
1754049904.8914602,-5,-4,-160
1754049904.93046,-6,1,-155
1754049904.96646,0,1,-151
1754049905.0034602,4,-2,-147
1754049905.04146,0,-5,-145
1754049905.08046,3,0,-145
1754049905.11646,3,3,-162
1754049905.15346,3,7,-148
1754049905.19146,2,0,-149
1754049905.2304602,-4,-4,-149
1754049905.2664602,3,-1,-161
1754049905.30446,0,-2,-155
1754049905.3424602,-2,-2,-143
1754049905.3814602,2,-9,-135
1754049905.4174602,1,-3,-147
1754049905.45546,5,3,-143
1754049905.49446,-4,-5,-144
1754049905.5324602,-2,-7,-152
1754049905.57046,-2,-6,-147
1754049905.60646,3,-6,-148
1754049905.6444602,0,-5,-157
1754049905.68246,2,-3,-159
1754049905.72146,7,0,-145
1754049905.75746,5,2,-150
1754049905.79446,3,-1,-151
1754049905.8324602,-1,-8,-149
1754049905.8714602,-1,0,-147
1754049905.9074602,4,-5,-156
1754049905.94546,7,-2,-159
1754049905.9834602,9,-1,-155
1754049906.02246,8,5,-156
1754049906.06046,1,2,-159
1754049906.09646,-2,-2,-163
1754049906.1344602,-2,4,-148
1754049906.17246,6,4,-149
1754049906.21146,2,-4,-156
1754049906.24846,2,-6,-145
1754049906.28546,5,-4,-143
1754049906.32346,8,-6,-150
1754049906.36246,0,1,-150
1754049906.40046,5,-5,-147
1754049906.43646,5,-1,-159
1754049906.47446,3,2,-150
1754049906.51246,-7,-6,-154
1754049906.55146,5,-9,-149
1754049906.58746,12,-6,-156
1754049906.62546,6,0,-140
1754049906.66346,1,-4,-144
1754049906.70246,0,-8,-138
1754049906.7404602,-2,3,-147
1754049906.7764602,-2,-5,-131
1754049906.81446,2,-4,-134
1754049906.85246,-1,-4,-150
1754049906.8914602,1,5,-150
1754049906.9274602,0,5,-143
1754049906.96446,6,0,-154
1754049907.00246,0,-3,-151
1754049907.04146,0,3,-151
1754049907.07746,0,1,-148
1754049907.11446,1,-1,-146
1754049907.15246,1,1,-148
1754049907.19146,-1,-6,-162
1754049907.22746,2,0,-161
1754049907.26446,0,-9,-166
1754049907.3024602,-5,-7,-165
1754049907.34146,1,-3,-161
1754049907.37746,-4,3,-157
1754049907.41546,-1,0,-145
1754049907.45346,2,-6,-145
1754049907.49246,0,-4,-147
1754049907.52846,-7,-5,-153
1754049907.56646,5,-5,-152
1754049907.60446,0,-2,-153
1754049907.64246,1,2,-160
1754049907.68146,4,-4,-148
1754049907.7174602,-2,-11,-147
1754049907.75546,6,-4,-151
1754049907.79346,3,-3,-157
1754049907.8324602,7,1,-150
1754049907.8684602,-1,-1,-149
1754049907.90646,0,-1,-149
1754049907.9444602,-3,0,-158
1754049907.98246,0,0,-147
1754049908.02146,0,-4,-151
1754049908.05746,5,-6,-150
1754049908.0954602,8,-6,-146
1754049908.13346,-4,-4,-166
1754049908.17246,1,-3,-164
1754049908.20846,-7,-7,-162
1754049908.2464602,-6,-1,-149
1754049908.28446,0,-11,-156
1754049908.32346,5,0,-154
1754049908.3614602,3,1,-143
1754049908.39746,5,5,-142
1754049908.4344602,6,7,-146
1754049908.4734602,10,0,-157
1754049908.51146,0,-1,-148
1754049908.54746,-3,0,-156
1754049908.5854602,2,-2,-153
1754049908.62346,9,2,-141
1754049908.66246,1,-5,-134
1754049908.69846,-6,0,-139
1754049908.7364602,1,3,-148
1754049908.77446,-1,1,-146
1754049908.81346,-2,-4,-147
1754049908.85146,-3,-8,-143
1754049908.88746,-3,-3,-157
1754049908.92546,4,-6,-150
1754049908.9634602,-1,-1,-158
1754049909.00246,-3,-5,-158
1754049909.03846,5,0,-155
1754049909.0754602,4,-3,-146
1754049909.11346,-1,0,-153
1754049909.15246,0,-8,-138
1754049909.18846,-3,-7,-146
1754049909.22746,-2,-2,-148
1754049909.26446,-1,7,-144
1754049909.30346,-2,0,-141
1754049909.33946,-6,3,-143
1754049909.37746,3,5,-151
1754049909.41546,1,-7,-156
1754049909.45446,11,2,-157
1754049909.49246,5,0,-157
1754049909.52846,1,-3,-157
1754049909.56646,-5,-6,-157
1754049909.60446,0,2,-162
1754049909.64346,-2,0,-149
1754049909.67946,0,-1,-143
1754049909.7174602,4,-1,-137
1754049909.75546,5,-3,-154
1754049909.79346,0,0,-147
1754049909.8324602,0,-6,-153
1754049909.8684602,-1,0,-156
1754049909.90646,2,-1,-145
1754049909.94546,1,0,-145
1754049909.9834602,-7,-2,-146
1754049910.0194602,-11,0,-138
1754049910.05746,5,0,-139
1754049910.0954602,-3,2,-159
1754049910.1344602,1,-7,-153
1754049910.17246,7,-6,-154
1754049910.20846,10,1,-148
1754049910.24546,6,0,-151
1754049910.28446,-1,3,-160
1754049910.3224602,0,-1,-150
1754049910.3584602,0,0,-142
1754049910.39546,3,-8,-151
1754049910.4344602,4,-2,-157
1754049910.47246,10,2,-154
1754049910.50846,9,-6,-152
1754049910.5464602,-1,-1,-146
1754049910.58446,-7,-2,-140
1754049910.62346,-4,-1,-141
1754049910.65946,2,-1,-141
1754049910.6974602,-1,0,-162
1754049910.73546,0,0,-159
1754049910.77446,-1,0,-154
1754049910.8124602,0,0,-145
1754049910.8484602,-5,2,-145
1754049910.88546,6,3,-148
1754049910.9244602,7,5,-161
1754049910.96246,5,0,-147
1754049910.99846,1,0,-138
1754049911.03546,4,-4,-148
1754049911.07446,-5,-3,-150
1754049911.11246,-3,-3,-146
1754049911.14946,0,2,-139
1754049911.1874602,-4,7,-157
1754049911.22446,3,4,-154
1754049911.26046,-1,-4,-149
1754049911.29846,1,2,-153
1754049911.33746,5,-3,-154
1754049911.37446,9,-1,-145
1754049911.41346,9,-4,-144
1754049911.44946,1,-8,-147
1754049911.48746,-4,-3,-150
1754049911.52546,-2,0,-149
1754049911.56446,-5,0,-154
1754049911.60046,0,-6,-138
1754049911.63746,-1,-9,-151
1754049911.67546,0,0,-144
1754049911.71446,0,1,-153
1754049911.75046,-3,0,-147
1754049911.78846,0,-1,-155
1754049911.82646,1,2,-162
1754049911.8654602,1,1,-162
1754049911.90346,-5,-1,-143
1754049911.93946,1,4,-144
1754049911.97746,0,1,-139
1754049912.01546,3,-2,-158
1754049912.05446,-3,-9,-159
1754049912.09046,3,-9,-158
1754049912.1284602,4,-3,-153
1754049912.16646,-2,-4,-153
1754049912.20546,-5,-9,-145
1754049912.2434602,-3,-11,-147
1754049912.2794602,2,-11,-144
1754049912.31746,-2,1,-153
1754049912.3554602,-3,-1,-151
1754049912.3944602,-2,2,-142
1754049912.43046,4,2,-136
1754049912.4674602,0,0,-150
1754049912.50546,-2,0,-147
1754049912.54446,2,7,-157
1754049912.58046,2,2,-152
1754049912.61746,7,0,-154
1754049912.65546,0,-1,-154
1754049912.6944602,-6,-1,-151
1754049912.7304602,-5,-3,-144
1754049912.76846,3,1,-148
1754049912.80746,-5,0,-153
1754049912.8454602,-4,-5,-146
1754049912.88346,-4,-1,-152
1754049912.91946,-2,-4,-150
1754049912.9574602,5,-1,-156
1754049912.99546,2,-4,-160
1754049913.03446,-3,-2,-159
1754049913.07046,-6,0,-152
1754049913.1084602,-4,-4,-159
1754049913.14646,-8,0,-156
1754049913.18546,1,1,-159
1754049913.22146,3,3,-152
1754049913.25846,-2,0,-143
1754049913.2964602,-3,-7,-152
1754049913.3354602,0,0,-148
1754049913.3714602,-2,0,-147
1754049913.40946,1,-4,-146
1754049913.4474602,1,0,-154
1754049913.48546,3,-1,-150
1754049913.52446,1,2,-147
1754049913.56046,-1,0,-147
1754049913.5984602,5,1,-148
1754049913.63746,-6,-2,-159
1754049913.67546,-4,-7,-156
1754049913.71146,0,-5,-152
1754049913.74946,0,-6,-153
1754049913.78846,-4,0,-150
1754049913.8254602,0,3,-145
1754049913.86446,-15,0,-149
1754049913.90046,-13,-5,-161
1754049913.93846,-7,-1,-156
1754049913.97646,-2,-7,-154
1754049914.02046,-5,-5,-156
1754049914.05846,-2,3,-155
1754049914.09746,0,-3,-150
1754049914.13546,8,1,-161
1754049914.1714602,3,-2,-155
1754049914.20946,5,2,-156
1754049914.24746,6,1,-154
1754049914.2864602,0,2,-160
1754049914.32446,-5,3,-151
1754049914.36046,-11,2,-147
1754049914.39846,1,6,-152
1754049914.4374602,5,0,-149
1754049914.47546,-1,-5,-147
1754049914.51146,1,-1,-147
1754049914.5494602,2,-3,-157
1754049914.58746,1,-4,-156
1754049914.62646,5,1,-162
1754049914.6644602,3,-6,-169
1754049914.7004602,3,-8,-167
1754049914.73846,7,0,-159
1754049914.7764602,1,0,-153
1754049914.81646,2,-1,-155
1754049914.85446,-2,-1,-161
1754049914.89046,4,2,-153
1754049914.92846,-2,3,-155
1754049914.96646,2,1,-152
1754049915.00446,0,4,-153
1754049915.04046,2,0,-156
1754049915.07846,0,-2,-147
1754049915.11646,-4,1,-150
1754049915.15246,-1,-2,-150
1754049915.1904602,0,-6,-152
1754049915.22846,3,-2,-153
1754049915.2664602,-1,0,-152
1754049915.30546,-2,3,-159
1754049915.34146,-6,-3,-164
1754049915.37946,5,-2,-152
1754049915.4174602,-2,-1,-158
1754049915.45646,-1,-6,-154
1754049915.49246,-3,-9,-156
1754049915.53146,-8,0,-143
1754049915.56846,-6,-1,-153
1754049915.60746,-6,-1,-152
1754049915.64546,1,-3,-146
1754049915.68146,-1,0,-153
1754049915.71846,-2,-4,-145
1754049915.75746,1,-3,-138
1754049915.79546,4,-7,-140
1754049915.83146,-4,-5,-143
1754049915.87046,3,-5,-147
1754049915.9074602,4,-3,-145
1754049915.94646,-1,-4,-143
1754049915.98246,-5,5,-159
1754049916.02046,1,-4,-153
1754049916.05846,7,-2,-152
1754049916.09746,6,4,-153
1754049916.13546,-2,-2,-149
1754049916.1714602,-11,0,-148
1754049916.20946,5,1,-152
1754049916.24846,0,1,-149
1754049916.2864602,0,1,-156
1754049916.3224602,0,0,-155
1754049916.3614602,-1,-4,-155
1754049916.39846,4,-2,-160
1754049916.4374602,-2,3,-159
1754049916.47546,-5,0,-152
1754049916.51146,-2,-3,-146
1754049916.5494602,7,-5,-146
1754049916.58746,12,-6,-138
1754049916.62546,5,-2,-153
1754049916.6614602,1,2,-149
1754049916.69846,2,-4,-157
1754049916.73746,-9,-6,-146
1754049916.77546,-3,0,-154
1754049916.81146,-3,2,-153
1754049916.84946,-2,-4,-149
1754049916.88746,0,-3,-152
1754049916.92646,0,-6,-142
1754049916.96246,-1,-4,-151
1754049917.00046,-3,2,-150
1754049917.03846,0,10,-160
1754049917.07746,-10,-3,-148
1754049917.11346,-3,0,-152
1754049917.15046,0,1,-161
1754049917.18846,0,-6,-150
1754049917.22746,3,0,-140
1754049917.2634602,-2,-4,-157
1754049917.3024602,1,-2,-152
1754049917.33946,1,0,-153
1754049917.3784602,-3,-1,-148
1754049917.41646,4,-3,-148
1754049917.45246,0,-5,-150
1754049917.4904602,2,-5,-160
1754049917.52846,-3,-5,-154
1754049917.56746,-7,-4,-147
1754049917.60346,-5,-5,-158
1754049917.6414602,-4,-6,-157
1754049917.67946,5,-4,-152
1754049917.7174602,4,-5,-134
1754049917.7564602,8,-3,-143
1754049917.7924602,10,-2,-140
1754049917.83046,6,0,-143
1754049917.8684602,-7,3,-157
1754049917.9074602,-4,0,-159
1754049917.94346,4,-4,-160
1754049917.98146,-1,-1,-149
1754049918.02046,1,3,-148
1754049918.05846,0,0,-151
1754049918.09646,0,-3,-133
1754049918.13246,-3,2,-133
1754049918.17046,0,-1,-134
1754049918.20846,-1,-4,-144
1754049918.24746,-1,0,-156
1754049918.28346,0,-3,-151
1754049918.32146,4,-1,-158
1754049918.35946,5,-6,-153
1754049918.39846,-1,0,-143
1754049918.43646,0,3,-147
1754049918.47246,-1,0,-138
1754049918.51146,-3,-4,-152
1754049918.54846,1,-3,-145
1754049918.58746,3,-5,-147
1754049918.62346,8,-7,-155
1754049918.6614602,3,3,-143
1754049918.69946,1,1,-142
1754049918.73846,0,-10,-145
1754049918.7764602,8,-7,-148
1754049918.8124602,2,-4,-135
1754049918.85046,-3,-2,-146
1754049918.8884602,-5,1,-148
1754049918.9274602,1,-3,-160
1754049918.9634602,-3,-1,-153
1754049919.00146,-6,2,-145
1754049919.0394602,-2,0,-160
1754049919.07846,-5,0,-153
1754049919.11746,0,2,-156
1754049919.15346,1,2,-159
1754049919.1904602,-9,-8,-153
1754049919.22846,-6,-5,-150
1754049919.26746,1,-4,-152
1754049919.30346,0,-2,-148
1754049919.34146,1,3,-156
1754049919.37946,0,2,-162
1754049919.41846,0,-3,-162
1754049919.45446,2,0,-152
1754049919.49146,-6,-1,-151
1754049919.5294602,-4,-1,-135
1754049919.56846,4,2,-154
1754049919.60446,3,4,-151
1754049919.6414602,0,0,-148
1754049919.67946,-3,-1,-149
1754049919.71846,3,0,-145
1754049919.75446,3,-2,-143
1754049919.7924602,2,-3,-145
1754049919.83046,3,0,-158
1754049919.86946,-4,1,-156
1754049919.9074602,-3,-1,-155
1754049919.94346,-1,-9,-156
1754049919.98146,6,-8,-150
1754049920.02046,-1,3,-143
1754049920.05846,2,0,-141
1754049920.09446,4,-2,-152
1754049920.13246,4,-3,-146
1754049920.17046,4,-6,-152
1754049920.20946,0,-11,-137
1754049920.24746,1,-5,-133
1754049920.28346,2,2,-143
1754049920.32046,4,0,-143
1754049920.35946,-1,-1,-144
1754049920.39746,2,-3,-148
1754049920.43346,0,-4,-147
1754049920.47146,-4,-3,-149
1754049920.5094602,-4,1,-144
1754049920.54846,-4,0,-155
1754049920.58446,-2,1,-151
1754049920.62246,0,-2,-156
1754049920.66046,6,0,-152
1754049920.69946,-3,1,-159
1754049920.73746,-4,3,-157
1754049920.77346,1,1,-151
1754049920.81146,0,-3,-159
1754049920.84946,-3,-1,-160
1754049920.88746,4,4,-148
1754049920.92346,4,-3,-147
1754049920.96146,8,0,-152
1754049920.99946,4,-6,-148
1754049921.03846,5,4,-141
1754049921.07446,-1,3,-139
1754049921.11246,-3,7,-152
1754049921.15046,3,-5,-159
1754049921.18946,-4,-5,-153
1754049921.22546,-2,-6,-146
1754049921.26446,0,-1,-143
1754049921.30146,1,0,-148
1754049921.33946,-6,-4,-163
1754049921.3784602,2,-1,-148
1754049921.4144602,3,1,-145
1754049921.45146,-9,5,-152
1754049921.48946,1,-4,-153
1754049921.52846,-2,-5,-149
1754049921.56446,-4,-6,-150
1754049921.60346,2,0,-139
1754049921.64046,7,-3,-139
1754049921.67946,1,-1,-143
1754049921.71546,1,-1,-149
1754049921.7534602,1,-1,-143
1754049921.79146,-5,-4,-148
1754049921.83046,4,-6,-145
1754049921.8684602,2,0,-142
1754049921.9044602,-4,7,-140
1754049921.94246,-4,0,-151
1754049921.98146,-6,0,-155
1754049922.0194602,0,-2,-157
1754049922.05546,0,0,-148
1754049922.09446,7,0,-146
1754049922.1314602,3,-3,-154
1754049922.17046,2,-2,-147
1754049922.20846,0,-2,-152
1754049922.24446,-8,-6,-152
1754049922.2824602,1,-1,-160
1754049922.32046,8,-2,-151
1754049922.35946,5,4,-158
1754049922.39546,2,2,-141
1754049922.43346,11,3,-154
1754049922.47146,-1,11,-155
1754049922.51046,-1,0,-145
1754049922.54846,1,3,-145
1754049922.58446,4,-4,-146
1754049922.62246,3,-3,-135
1754049922.66046,7,-6,-147
1754049922.69946,0,-7,-154
1754049922.73546,0,1,-154
1754049922.77246,5,-2,-151
1754049922.81146,-3,5,-164
1754049922.84946,0,0,-149
1754049922.88546,-3,1,-144
1754049922.92346,-5,-2,-150
1754049922.96146,-2,-3,-153
1754049923.00046,6,5,-152
1754049923.03846,1,1,-141
1754049923.07446,5,-9,-148
1754049923.1114602,2,-3,-147
1754049923.15046,-1,1,-151
1754049923.18646,0,-5,-146
1754049923.22446,0,2,-145
1754049923.26246,-1,0,-158
1754049923.30046,2,-2,-155
1754049923.33946,-1,-6,-155
1754049923.37546,0,-7,-141
1754049923.4144602,0,-3,-151
1754049923.45146,-6,-7,-150
1754049923.4904602,-2,-8,-155
1754049923.5264602,-1,-16,-155
1754049923.56446,1,-6,-150
1754049923.60346,-1,-3,-148
1754049923.64046,7,0,-139
1754049923.67946,-2,0,-154
1754049923.71546,1,-1,-153
1754049923.7534602,1,0,-153
1754049923.79146,-8,3,-156
1754049923.83046,1,0,-153
1754049923.86646,3,-4,-144
1754049923.9044602,-1,-1,-161
1754049923.94246,0,7,-149
1754049923.98146,7,1,-148
1754049924.0264602,5,-3,-150
1754049924.06346,-2,2,-144
1754049924.10146,-5,-1,-144
1754049924.14046,-4,-3,-155
1754049924.17646,2,-5,-156
1754049924.21446,0,2,-148
1754049924.2534602,2,-4,-143
1754049924.29146,-4,-5,-150
1754049924.32946,0,-3,-149
1754049924.3654602,-2,-1,-167
1754049924.40346,-1,-5,-159
1754049924.44146,4,-3,-157
1754049924.4804602,4,-2,-152
1754049924.5164602,7,-6,-148
1754049924.55446,8,-1,-148
1754049924.5924602,12,0,-144
1754049924.6314602,3,-2,-150
1754049924.66946,3,-4,-153
1754049924.70546,1,5,-151
1754049924.74446,0,0,-153
1754049924.78146,-7,-6,-152
1754049924.82046,-14,0,-141
1754049924.85646,-12,-3,-143
1754049924.8944602,-1,-4,-141
1754049924.93246,-3,-9,-148
1754049924.97146,0,-5,-144
1754049925.00746,6,-9,-141
1754049925.04546,3,-13,-149
1754049925.08346,-1,-5,-146
1754049925.1214602,4,-14,-146
1754049925.16046,7,-4,-151
1754049925.19646,4,-8,-143
1754049925.23446,-1,-3,-153
1754049925.27346,-7,-2,-164
1754049925.31146,-2,2,-153
1754049925.34746,-1,-4,-142
1754049925.38546,0,2,-152
1754049925.42346,-4,0,-147
1754049925.46146,-4,0,-150
1754049925.50046,-5,6,-150
1754049925.5364602,2,5,-150
1754049925.57346,2,2,-147
1754049925.6114602,-3,-1,-142
1754049925.65046,5,-3,-140
1754049925.68646,6,-3,-137
1754049925.72446,4,3,-141
1754049925.76246,6,-1,-133
1754049925.80146,6,0,-133
1754049925.83746,11,0,-139
1754049925.87446,14,4,-144
1754049925.91246,3,-1,-157
1754049925.95146,-1,-5,-136
1754049925.98746,-3,-1,-145
1754049926.02546,-5,1,-150
1754049926.06446,-1,3,-148
1754049926.10246,-5,-1,-157
1754049926.14046,-5,-4,-158
1754049926.17646,-4,1,-154
1754049926.21446,-2,-2,-154
1754049926.2534602,0,-1,-142
1754049926.29146,3,-3,-152
1754049926.32746,3,0,-149
1754049926.36446,-7,-2,-161
1754049926.40346,-2,0,-145
1754049926.44146,4,-3,-144
1754049926.47746,11,-2,-145
1754049926.51546,9,-1,-146
1754049926.55346,3,-3,-157
1754049926.5924602,-1,-8,-158
1754049926.63046,-1,-6,-154
1754049926.66646,-4,-4,-151
1754049926.70446,0,-8,-145
1754049926.74246,3,-3,-142
1754049926.78146,-3,-5,-141
1754049926.81746,0,-1,-143
1754049926.85646,1,-2,-140
1754049926.8944602,0,-3,-152
1754049926.93246,2,0,-152
1754049926.96846,0,1,-149
1754049927.0064602,0,-4,-143
1754049927.04446,-2,-5,-140
1754049927.0824602,-1,-2,-146
1754049927.1184602,0,-6,-150
1754049927.15646,-2,1,-153
1754049927.1944602,-2,5,-155
1754049927.23246,4,2,-154
1754049927.27146,-1,-2,-150
1754049927.30746,1,1,-144
1754049927.34446,3,4,-149
1754049927.38246,6,0,-160
1754049927.4214602,0,0,-158
1754049927.4574602,3,-1,-154
1754049927.49546,-5,6,-147
1754049927.53346,-5,-2,-155
1754049927.5724602,-1,-8,-159
1754049927.6084602,-7,-4,-156
1754049927.64646,1,0,-154
1754049927.6844602,5,0,-152
1754049927.7234602,1,-5,-145
1754049927.76146,3,-7,-143
1754049927.79746,4,-1,-151
1754049927.8354602,-3,2,-148
1754049927.87346,1,4,-143
1754049927.91246,2,0,-135
1754049927.94846,2,2,-139
1754049927.98546,4,-6,-157
1754049928.02346,0,-12,-156
1754049928.0624602,-3,-8,-154
1754049928.0984602,6,-4,-151
1754049928.13646,1,-7,-149
1754049928.1744602,1,-2,-137
1754049928.2134602,7,3,-148
1754049928.25146,4,-3,-150
1754049928.28746,-5,-3,-145
1754049928.3254602,4,-1,-140
1754049928.36346,0,0,-159
1754049928.40246,-2,1,-154
1754049928.43846,1,8,-155
1754049928.47546,5,3,-149
1754049928.5134602,-3,-2,-152
1754049928.5524602,-1,-2,-151
1754049928.5884602,-6,-4,-160
1754049928.62646,-7,-2,-159
1754049928.6644602,-3,-7,-148
1754049928.70346,0,-5,-139
1754049928.74146,4,-6,-141
1754049928.77746,-5,0,-149
1754049928.8154602,2,0,-150
1754049928.85346,-1,-3,-139
1754049928.89246,0,-1,-144
1754049928.92846,-3,-3,-144
1754049928.96646,4,0,-143
1754049929.00446,-1,0,-137
1754049929.04346,2,-4,-150
1754049929.07946,3,-4,-146
1754049929.11746,17,-7,-153
1754049929.15646,9,0,-150
1754049929.19346,7,0,-158
1754049929.23246,2,-1,-146
1754049929.26846,7,-7,-143
1754049929.30646,-5,-6,-143
1754049929.34446,-1,-3,-145
1754049929.38346,2,-3,-145
1754049929.41946,1,6,-153
1754049929.45646,-4,0,-155
1754049929.49446,0,-2,-149
1754049929.53346,-1,5,-137
1754049929.5694602,0,0,-150
1754049929.60646,10,-3,-143
1754049929.6444602,15,3,-142
1754049929.68346,5,-2,-147
1754049929.71946,1,-3,-156
1754049929.75746,0,-10,-139
1754049929.79546,2,-2,-149
1754049929.83446,5,2,-145
1754049929.87246,-1,1,-127
1754049929.90846,-2,-3,-142
1754049929.94646,0,-8,-149
1754049929.98546,0,-4,-152
1754049930.02346,-2,0,-144
1754049930.0594602,-7,-2,-138
1754049930.09746,0,5,-138
1754049930.13546,6,1,-139
1754049930.1744602,4,-2,-157
1754049930.21246,-2,4,-148
1754049930.24846,2,1,-149
1754049930.28546,0,-2,-136
1754049930.32446,0,3,-151
1754049930.36246,0,2,-145
1754049930.39846,-5,-2,-153
1754049930.43646,-8,4,-149
1754049930.47446,-2,6,-147
1754049930.5134602,-14,2,-151
1754049930.5494602,-15,6,-160
1754049930.58746,-4,4,-152
1754049930.62546,-1,5,-157
1754049930.6644602,0,0,-147
1754049930.70246,-1,4,-148
1754049930.73846,2,0,-157
1754049930.77546,0,8,-155
1754049930.81446,-4,-4,-145
1754049930.85246,10,0,-144
1754049930.8884602,5,9,-145
1754049930.92546,-2,-4,-139
1754049930.96446,7,-2,-146
1754049931.00046,4,2,-152
1754049931.03846,-4,0,-155
1754049931.07646,-2,-1,-149
1754049931.11446,-1,-1,-151
1754049931.15346,-6,-3,-159
1754049931.18946,-7,-2,-163
1754049931.22746,-8,-2,-160
1754049931.26546,1,4,-148
1754049931.30446,-3,1,-151
1754049931.34046,0,-3,-157
1754049931.3784602,0,0,-155
1754049931.41646,5,-1,-159
1754049931.45446,4,-2,-150
1754049931.4934602,1,0,-160
1754049931.5294602,6,-1,-150
1754049931.56746,1,-6,-142
1754049931.6054602,5,-11,-144
1754049931.6444602,1,-1,-143
1754049931.68046,2,-4,-149
1754049931.71846,3,0,-139
1754049931.7564602,1,-6,-151
1754049931.79546,2,2,-145
1754049931.83346,7,-3,-152
1754049931.86946,3,-3,-149
1754049931.9074602,0,-6,-149
1754049931.94546,5,-5,-138
1754049931.98446,0,-3,-146
1754049932.02046,-1,-2,-154
1754049932.05846,0,0,-153
1754049932.09646,8,-4,-143
1754049932.13546,3,-5,-145
1754049932.17346,-2,-4,-147
1754049932.20946,2,-8,-156
1754049932.24746,-5,-5,-147
1754049932.28546,-1,-5,-150
1754049932.32446,0,0,-146
1754049932.36046,0,-4,-152
1754049932.39846,0,-3,-150
1754049932.43646,8,0,-148
1754049932.47546,0,-3,-149
1754049932.5134602,2,3,-142
1754049932.5494602,9,-1,-146
1754049932.58746,0,-3,-140
1754049932.62546,0,-2,-155
1754049932.6644602,0,4,-143
1754049932.7004602,-2,1,-146
1754049932.73846,2,-2,-159
1754049932.7764602,9,-4,-153
1754049932.8154602,7,-3,-145
1754049932.85346,6,-6,-149
1754049932.88946,7,2,-150
1754049932.92646,4,1,-149
1754049932.96546,-2,-1,-149
1754049933.00146,0,-2,-149
1754049933.0394602,-2,-4,-157
1754049933.07846,-4,-1,-158
1754049933.1154602,1,-3,-146
1754049933.1544602,0,-6,-152
1754049933.1904602,-1,-1,-152
1754049933.22846,1,1,-158
1754049933.26746,4,0,-145
1754049933.30546,-2,5,-144
1754049933.34146,-1,-1,-140
1754049933.37946,-5,0,-144
1754049933.4174602,-9,0,-146
1754049933.45546,-5,-2,-140
1754049933.49446,-4,-4,-144
1754049933.53046,2,1,-145
1754049933.56746,2,-5,-144
1754049933.6054602,-1,-4,-150
1754049933.6444602,-1,-2,-140
1754049933.68046,0,-2,-150
1754049933.71846,0,-6,-147
1754049933.75746,0,-3,-150
1754049933.79546,7,-2,-143
1754049933.83146,6,-6,-148
1754049933.87046,11,-4,-157
1754049933.9074602,1,1,-144
1754049933.94646,3,0,-150
1754049933.98446,4,3,-146
1754049934.02846,6,-1,-144
1754049934.06646,0,4,-150
1754049934.10446,-1,-5,-146
1754049934.1414602,4,1,-146
1754049934.17846,2,-5,-145
1754049934.21646,0,-7,-140
1754049934.25546,-3,6,-149
1754049934.29146,4,-1,-150
1754049934.32946,1,-4,-143
1754049934.36746,0,-1,-152
1754049934.40646,6,0,-147
1754049934.4444602,0,-2,-149
1754049934.4804602,0,-1,-142
1754049934.51846,1,-3,-128
1754049934.55646,0,-6,-134
1754049934.5954602,0,-8,-147
1754049934.6314602,4,3,-147
1754049934.66846,2,2,-159
1754049934.70646,-1,-2,-144
1754049934.74546,7,-7,-145
1754049934.78146,12,-7,-145
1754049934.8194602,9,0,-148
1754049934.85746,4,0,-141
1754049934.89646,2,0,-149
1754049934.9344602,5,2,-148
1754049934.9704602,3,1,-157
1754049935.00746,-7,2,-144
1754049935.0464602,2,-5,-149
1754049935.0824602,-5,-8,-164
1754049935.12046,0,-1,-154
1754049935.15846,-1,-4,-155
1754049935.19646,5,0,-149
1754049935.23546,8,-2,-149
1754049935.27146,-1,0,-147
1754049935.3094602,2,-1,-139
1754049935.34746,6,-4,-149
1754049935.38646,8,-3,-156
1754049935.42246,6,0,-152
1754049935.45946,1,-2,-152
1754049935.49746,7,-1,-152
1754049935.5364602,3,-6,-155
1754049935.5724602,4,2,-150
1754049935.61046,-1,1,-143
1754049935.64746,4,-6,-157
1754049935.68646,8,-7,-146
1754049935.72246,5,-5,-149
1754049935.76046,1,-3,-153
1754049935.7994602,0,-1,-143
1754049935.83746,5,-5,-142
1754049935.87546,0,-1,-145
1754049935.9114602,4,-3,-140
1754049935.94946,7,-3,-158
1754049935.98746,7,-1,-147
1754049936.02546,3,-4,-142
1754049936.06146,3,-3,-156
1754049936.09946,2,-1,-156
1754049936.13746,3,-5,-157
1754049936.17646,0,-12,-143
1754049936.21246,-3,-4,-145
1754049936.25046,-6,3,-154
1754049936.28846,1,0,-152
1754049936.32746,0,-10,-150
1754049936.3654602,4,-9,-152
1754049936.4014602,7,-4,-148
1754049936.4404602,-1,-2,-143
1754049936.47746,6,-3,-149
1754049936.5164602,6,2,-147
1754049936.5524602,0,-1,-159
1754049936.59046,-1,-7,-149
1754049936.6284602,-1,0,-142
1754049936.6674602,5,-2,-150
1754049936.70546,1,0,-150
1754049936.74146,1,-1,-133
1754049936.7794602,3,-3,-138
1754049936.81746,4,-4,-144
1754049936.85646,0,-6,-144
1754049936.89246,2,-13,-147
1754049936.93046,2,-6,-161
1754049936.96946,4,-3,-160
1754049937.00746,-2,-3,-138
1754049937.04346,-1,0,-153
1754049937.0824602,-5,-4,-153
1754049937.11946,-3,-2,-163
1754049937.1574602,-3,0,-154
1754049937.19646,-4,4,-146
1754049937.23246,1,-3,-157
1754049937.27046,5,-7,-157
1754049937.30846,3,-5,-150
1754049937.34746,-1,-7,-147
1754049937.38346,-4,-6,-156
1754049937.4214602,-3,-1,-147
1754049937.45946,2,1,-156
1754049937.49746,5,0,-144
1754049937.5364602,3,0,-137
1754049937.5724602,-4,-4,-141
1754049937.61046,1,0,-153
1754049937.64846,-3,-2,-143
1754049937.6874602,5,-3,-150
1754049937.7234602,2,0,-163
1754049937.76046,1,0,-140
1754049937.79846,-8,-5,-144
1754049937.83746,-8,-6,-148
1754049937.87346,-5,0,-155
1754049937.9114602,2,-2,-142
1754049937.94946,-2,-4,-146
1754049937.98846,-1,0,-145
1754049938.0264602,-6,-3,-138
1754049938.0624602,0,-1,-141
1754049938.10046,-3,-3,-144
1754049938.13946,-2,0,-150
1754049938.1774602,2,-5,-148
1754049938.2134602,0,0,-151
1754049938.25046,0,-1,-146
1754049938.28846,-3,0,-151
1754049938.32746,2,-2,-147
1754049938.36346,5,-6,-154
1754049938.4014602,0,-4,-144
1754049938.43946,1,-4,-144
1754049938.47846,4,-3,-139
1754049938.5164602,4,-8,-147
1754049938.5524602,-4,-5,-149
1754049938.59046,0,5,-145
1754049938.6284602,0,5,-135
1754049938.6674602,-4,1,-145
1754049938.70446,5,1,-136
1754049938.74146,-2,7,-147
1754049938.7794602,-5,3,-159
1754049938.81846,-4,-3,-149
1754049938.85446,7,-7,-151
1754049938.89246,-1,-5,-143
1754049938.93046,0,-7,-149
1754049938.96846,7,0,-144
1754049939.00746,2,-2,-152
1754049939.04346,-1,0,-150
1754049939.08146,-1,-6,-151
1754049939.11946,0,-4,-151
1754049939.15846,4,-6,-155
1754049939.1944602,-4,-1,-139
1754049939.23246,-7,-11,-152
1754049939.27046,0,-7,-144
1754049939.30846,9,1,-144
1754049939.34746,2,3,-148
1754049939.38346,1,3,-145
1754049939.42246,1,-3,-154
1754049939.45946,5,-9,-142
1754049939.49846,1,-3,-147
1754049939.53446,1,-4,-139
1754049939.5724602,-2,-2,-142
1754049939.61046,1,-5,-151
1754049939.64846,1,4,-147
1754049939.6874602,-2,-3,-145
1754049939.7234602,-1,-4,-150
1754049939.76146,-8,-7,-141
1754049939.7994602,1,-2,-155
1754049939.8384602,-2,-2,-156
1754049939.87446,6,0,-146
1754049939.9114602,3,0,-153
1754049939.94946,0,0,-142
1754049939.98846,-3,1,-159
1754049940.02446,-1,-1,-146
1754049940.0624602,3,-5,-139
1754049940.10146,0,-7,-153
1754049940.13946,5,-4,-153
1754049940.1774602,0,-6,-153
1754049940.21446,-3,-4,-152
1754049940.25146,-1,-4,-144
1754049940.2894602,-4,4,-150
1754049940.32846,-3,2,-146
1754049940.36446,2,2,-145
1754049940.4014602,9,2,-136
1754049940.43946,2,-1,-147
1754049940.47846,4,-6,-152
1754049940.51446,7,-7,-149
1754049940.5524602,9,-1,-155
1754049940.59046,-2,-3,-165
1754049940.62946,-2,-5,-144
1754049940.6674602,0,-7,-146
1754049940.70346,0,-7,-149
1754049940.74146,8,-1,-155
1754049940.7794602,3,1,-154
1754049940.81846,-2,1,-148
1754049940.85446,-8,-4,-147
1754049940.89246,-11,1,-149
1754049940.93046,-2,5,-154
1754049940.96946,1,-2,-145
1754049941.00546,-4,-1,-141
1754049941.04346,7,1,-138
1754049941.08146,-1,1,-142
1754049941.11946,3,-8,-146
1754049941.15846,2,-11,-153
1754049941.1944602,4,-7,-141
1754049941.23246,2,-4,-146
1754049941.27046,7,-1,-138
1754049941.3094602,1,1,-142
1754049941.3454602,0,1,-146
1754049941.38246,5,-1,-160
1754049941.42046,-3,-4,-155
1754049941.45946,-3,-5,-153
1754049941.49546,-4,-1,-143
1754049941.53446,-4,3,-154
1754049941.57146,0,-3,-156
1754049941.60946,7,-3,-151
1754049941.64846,3,1,-142
1754049941.6844602,-2,-6,-142
1754049941.72246,0,5,-147
1754049941.76046,2,2,-150
1754049941.7994602,4,-5,-140
1754049941.8354602,0,-7,-143
1754049941.87346,-5,-8,-146
1754049941.9114602,6,-5,-147
1754049941.9504602,6,-4,-156
1754049941.98846,1,0,-146
1754049942.02446,3,0,-154
1754049942.06146,5,0,-141
1754049942.10046,-2,0,-142
1754049942.1384602,4,1,-152
1754049942.1744602,4,-2,-148
1754049942.21146,5,-10,-149
1754049942.25046,1,-5,-143
1754049942.28846,1,5,-153
1754049942.32446,5,0,-149
1754049942.3614602,7,5,-149
1754049942.40046,-1,-1,-156
1754049942.43846,-4,-5,-155
1754049942.47446,-1,-5,-154
1754049942.5134602,-4,-3,-150
1754049942.55046,-1,-3,-144
1754049942.58946,4,-1,-141
1754049942.62546,-2,2,-143
1754049942.66346,3,5,-147
1754049942.70146,3,3,-156
1754049942.7404602,5,-3,-145
1754049942.77846,-3,-2,-143
1754049942.81446,3,-2,-145
1754049942.85246,7,-9,-149
1754049942.8914602,9,-1,-149
1754049942.92946,6,0,-152
1754049942.96546,6,0,-146
1754049943.0034602,-4,0,-147
1754049943.04146,2,1,-141
1754049943.08046,1,4,-142
1754049943.11646,-3,3,-140
1754049943.1544602,3,1,-143
1754049943.19246,1,1,-149
1754049943.2304602,-8,-1,-149
1754049943.2694602,-7,-1,-145
1754049943.30546,-6,-3,-144
1754049943.34346,1,0,-148
1754049943.3814602,-5,1,-152
1754049943.42046,-8,-2,-155
1754049943.45646,-9,0,-142
1754049943.4934602,-7,-4,-158
1754049943.53146,-1,-4,-155
1754049943.57046,-2,-3,-147
1754049943.60646,-2,-3,-149
1754049943.6444602,2,-2,-161
1754049943.68346,7,-1,-156
1754049943.72146,0,3,-158
1754049943.7594602,6,-5,-157
1754049943.7964602,-1,-8,-151
1754049943.83346,2,-6,-150
1754049943.8714602,-2,-8,-154
1754049943.91046,0,-5,-147
1754049943.94646,-4,0,-150
1754049943.98446,-1,1,-157
1754049944.02246,-5,0,-161
1754049944.06646,-2,3,-147
1754049944.10446,-7,-1,-155
1754049944.14246,-13,0,-151
1754049944.18146,-4,2,-155
1754049944.21946,-12,-3,-148
1754049944.25546,-5,-8,-137
1754049944.29346,-1,-8,-151
1754049944.33146,-3,-6,-152
1754049944.37046,2,1,-152
1754049944.40646,-1,1,-156
1754049944.4444602,0,-4,-156
1754049944.4834602,-2,-7,-149
1754049944.52146,-1,-3,-147
1754049944.5594602,2,-1,-150
1754049944.5954602,7,-7,-145
1754049944.63346,8,-8,-150
1754049944.6714602,17,0,-157
1754049944.7104602,0,0,-155
1754049944.7464602,0,-5,-150
1754049944.78446,4,0,-152
1754049944.82346,14,7,-151
1754049944.8614602,-1,1,-139
1754049944.89946,0,8,-151
1754049944.93546,-1,4,-162
1754049944.9734602,-2,0,-155
1754049945.01246,4,-2,-148
1754049945.05046,-2,-2,-151
1754049945.08646,0,-6,-142
1754049945.12446,8,-9,-146
1754049945.16246,11,-7,-147
1754049945.20146,1,-5,-150
1754049945.23746,-3,-2,-153
1754049945.27546,-1,-4,-153
1754049945.31346,-3,-1,-151
1754049945.35146,-2,1,-155
1754049945.39046,-4,0,-154
1754049945.42646,4,-1,-155
1754049945.46446,-2,0,-156
1754049945.5034602,-2,4,-137
1754049945.54146,-1,1,-156
1754049945.57746,0,4,-148
1754049945.61446,2,-1,-156
1754049945.65246,5,0,-152
1754049945.69146,2,2,-149
1754049945.72746,1,2,-157
1754049945.76446,0,-3,-152
1754049945.8024602,2,-6,-146
1754049945.84146,6,2,-149
1754049945.87746,4,0,-131
1754049945.9144602,2,-2,-143
1754049945.95246,8,-3,-148
1754049945.99146,8,-6,-151
1754049946.02746,3,-10,-163
1754049946.0654602,-4,-4,-156
1754049946.10346,-6,1,-151
1754049946.14246,-4,3,-153
1754049946.18046,-2,1,-150
1754049946.21646,0,-8,-160
1754049946.25446,1,-8,-144
1754049946.2924602,-7,-2,-151
1754049946.33146,0,-8,-143
1754049946.36746,-4,-9,-145
1754049946.40546,1,-2,-148
1754049946.44346,6,1,-136
1754049946.48246,4,-1,-140
1754049946.52046,5,-3,-147
1754049946.55646,5,-4,-147
1754049946.5954602,0,-2,-145
1754049946.63246,-3,-2,-150
1754049946.6714602,-4,0,-153
1754049946.7074602,1,2,-139
1754049946.74546,-2,0,-149
1754049946.7824602,-7,2,-159
1754049946.82146,-6,0,-152
1754049946.85746,-3,-3,-155
1754049946.89546,-4,-5,-161
1754049946.93346,-7,1,-159
1754049946.97246,1,0,-150
1754049947.00846,6,-2,-142
1754049947.0464602,1,4,-150
1754049947.08446,0,0,-154
1754049947.12246,-7,4,-155
1754049947.1614602,-3,-1,-159
1754049947.1974602,-2,-2,-153
1754049947.2364602,-3,-5,-150
1754049947.27346,2,5,-144
1754049947.3124602,-3,5,-139
1754049947.3484602,-10,-2,-146
1754049947.38646,-3,0,-143
1754049947.4244602,0,-3,-138
1754049947.46246,0,1,-134
1754049947.50146,2,-1,-139
1754049947.53746,2,-4,-139
1754049947.5754602,-5,0,-150
1754049947.61346,-2,2,-150
1754049947.65246,-5,-8,-161
1754049947.68846,5,-10,-161
1754049947.72646,4,0,-149
1754049947.76546,0,0,-159
1754049947.80346,2,4,-147
1754049947.84146,3,2,-148
1754049947.8784602,2,-1,-157
1754049947.91546,2,-3,-149
1754049947.95346,2,-8,-142
1754049947.99246,0,-2,-155
1754049948.02846,0,-1,-149
1754049948.06746,-6,-1,-140
1754049948.10446,0,1,-150
1754049948.14346,-2,-2,-152
1754049948.18146,3,4,-151
1754049948.2174602,8,0,-144
1754049948.25446,1,4,-158
1754049948.29346,-2,-4,-144
1754049948.33146,2,-7,-135
1754049948.36746,0,-6,-140
1754049948.4044602,-1,-6,-162
1754049948.44346,1,-9,-147
1754049948.48146,2,-5,-157
1754049948.51746,1,1,-150
1754049948.55446,4,-3,-151
1754049948.59346,3,-6,-159
1754049948.6314602,-7,0,-153
1754049948.6674602,1,0,-149
1754049948.70446,2,0,-158
1754049948.7434602,1,-3,-147
1754049948.78146,0,-6,-151
1754049948.81746,-1,-9,-150
1754049948.8554602,-1,0,-141
1754049948.89346,-2,5,-146
1754049948.93246,-1,3,-147
1754049948.96846,2,1,-155
1754049949.00546,-2,-3,-145
1754049949.04446,-2,-9,-150
1754049949.0824602,9,-2,-168
1754049949.1184602,3,-2,-161
1754049949.15646,8,-1,-149
1754049949.1944602,7,2,-152
1754049949.2334602,1,-4,-151
1754049949.2694602,1,5,-153
1754049949.30646,0,3,-155
1754049949.34446,1,1,-155
1754049949.38346,-4,0,-155
1754049949.41946,0,0,-152
1754049949.45646,-1,0,-145
1754049949.49446,6,-5,-153
1754049949.53346,0,0,-146
1754049949.5694602,-5,-3,-143
1754049949.60746,-8,1,-159
1754049949.64546,-5,0,-153
1754049949.6844602,1,-9,-153
1754049949.72246,-3,-7,-149
1754049949.75846,-3,-3,-147
1754049949.7964602,1,-5,-150
1754049949.8354602,-8,0,-152
1754049949.87346,-1,2,-144
1754049949.90946,-1,4,-151
1754049949.9474602,-7,-3,-151
1754049949.98546,-1,10,-151
1754049950.02446,-3,0,-141
1754049950.0624602,-4,0,-143
1754049950.0984602,0,5,-143
1754049950.13546,3,2,-139
1754049950.1744602,-1,1,-143
1754049950.21246,-1,-7,-144
1754049950.24846,-4,-8,-146
1754049950.2864602,3,0,-151
1754049950.32446,7,-5,-138
1754049950.36346,-1,-3,-147
1754049950.39946,-3,-10,-148
1754049950.4374602,0,0,-147
1754049950.47546,7,0,-131
1754049950.51446,0,-3,-142
1754049950.5524602,0,0,-146
1754049950.5884602,-3,-6,-149
1754049950.62746,1,-5,-149
1754049950.6644602,10,2,-137
1754049950.70346,4,-6,-142
1754049950.73946,6,-6,-149
1754049950.77746,1,-2,-158
1754049950.8154602,-5,2,-152
1754049950.85446,-8,3,-157
1754049950.89046,-6,0,-164
1754049950.92846,2,0,-150
1754049950.96646,3,-3,-142
1754049951.00546,11,-11,-142
1754049951.04346,8,-2,-147
1754049951.07946,6,-5,-136
1754049951.11746,8,-6,-145
1754049951.15546,-1,-11,-144
1754049951.1944602,3,-7,-151
1754049951.2304602,4,-1,-154
1754049951.26846,-1,-3,-150
1754049951.30646,-8,-1,-143
1754049951.34446,0,1,-145
1754049951.38346,5,-2,-142
1754049951.41946,7,-1,-148
1754049951.4574602,3,-2,-148
1754049951.49546,3,-2,-134
1754049951.53446,0,-6,-143
1754049951.57046,0,-2,-149
1754049951.6084602,1,-1,-154
1754049951.64746,3,-4,-160
1754049951.68546,-3,0,-151
1754049951.7234602,-5,0,-159
1754049951.7594602,-7,-6,-158
1754049951.79746,-2,-6,-153
1754049951.8354602,0,0,-141
1754049951.87446,0,-4,-150
1754049951.91046,3,4,-152
1754049951.9474602,7,5,-153
1754049951.98546,-1,-1,-138
1754049952.02446,0,0,-147
1754049952.06046,1,0,-147
1754049952.09746,-4,-6,-150
1754049952.13546,2,-11,-148
1754049952.1744602,0,-7,-145
1754049952.2104602,-3,-2,-146
1754049952.24846,2,-5,-144
1754049952.2864602,4,-10,-139
1754049952.3254602,4,-6,-137
1754049952.36346,-1,-3,-150
1754049952.39946,0,-5,-146
1754049952.4374602,1,-5,-138
1754049952.47546,-4,0,-153
1754049952.51446,-2,-6,-153
1754049952.55046,-1,-7,-147
1754049952.5884602,1,-3,-152
1754049952.62646,5,0,-147
1754049952.66546,5,0,-153
1754049952.70146,0,3,-145
1754049952.73846,1,-2,-139
1754049952.7764602,3,-2,-139
1754049952.8154602,4,-2,-141
1754049952.85146,6,-5,-139
1754049952.88946,4,-7,-136
1754049952.9274602,5,-8,-151
1754049952.96546,7,-7,-155
1754049953.00446,0,-7,-162
1754049953.04046,1,-4,-155
1754049953.07846,-4,3,-158
1754049953.11746,-2,1,-153
1754049953.15546,4,2,-138
1754049953.19146,3,1,-154
1754049953.22846,7,3,-158
1754049953.2664602,-4,0,-155
1754049953.30546,1,0,-161
1754049953.34146,7,1,-153
1754049953.3784602,0,-1,-149
1754049953.41646,4,-2,-141
1754049953.45546,5,-3,-159
1754049953.49146,5,3,-161
1754049953.52846,-2,4,-148
1754049953.56646,0,4,-147
1754049953.6054602,0,-1,-142
1754049953.6414602,1,-3,-140
1754049953.68046,0,0,-154
1754049953.7174602,-4,6,-147
1754049953.7564602,4,1,-146
1754049953.79446,-3,-1,-152
1754049953.83046,0,-1,-156
1754049953.8684602,3,-2,-158
1754049953.90646,0,-1,-154
1754049953.94546,0,-3,-143
1754049953.98146,-3,-2,-145
1754049954.0194602,0,-4,-138
1754049954.05746,7,0,-145
1754049954.10146,2,0,-151
1754049954.13946,5,-8,-150
1754049954.1774602,-1,-2,-147
1754049954.21646,2,0,-150
1754049954.25446,7,-1,-140
1754049954.29046,0,3,-147
1754049954.32846,7,1,-156
1754049954.36646,4,3,-141
1754049954.40546,9,-2,-144
1754049954.44146,4,-3,-150
1754049954.4804602,0,-3,-146
1754049954.51746,4,-2,-146
1754049954.55646,3,-3,-148
1754049954.59446,-2,-3,-148
1754049954.6314602,8,0,-149
1754049954.66846,8,-5,-159
1754049954.70646,3,1,-146
1754049954.74546,1,-2,-152
1754049954.78146,-8,-2,-148
1754049954.8194602,-1,0,-147
1754049954.85746,1,2,-144
1754049954.89646,-5,-2,-142
1754049954.93246,4,4,-152
1754049954.96946,6,-7,-152
1754049955.00746,10,0,-151
1754049955.0464602,1,0,-158
1754049955.0824602,5,0,-154
1754049955.11946,1,-6,-150
1754049955.1574602,1,-1,-156
1754049955.19646,4,8,-159
1754049955.23246,1,1,-153
1754049955.2694602,1,9,-139
1754049955.30746,-3,-1,-150
1754049955.34646,-3,-7,-152
1754049955.38246,1,-1,-140
1754049955.42046,0,0,-146
1754049955.45846,-4,-1,-151
1754049955.4964602,-3,0,-138
1754049955.53546,0,-4,-137
1754049955.57146,0,-2,-152
1754049955.60946,4,-2,-150
1754049955.64746,3,-5,-144
1754049955.68646,-3,-8,-148
1754049955.72246,-1,-4,-154
1754049955.76046,-2,-3,-135
1754049955.79846,11,5,-143
1754049955.83746,0,3,-146
1754049955.87546,-1,2,-141
1754049955.9114602,-2,0,-153
1754049955.94946,3,3,-137
1754049955.98746,5,0,-152
1754049956.0264602,5,3,-154
1754049956.0624602,0,-2,-154
1754049956.10146,-3,-1,-153
1754049956.1384602,-1,-2,-150
1754049956.1774602,-1,0,-147
1754049956.21546,7,-3,-163
1754049956.25146,1,-3,-160
1754049956.2894602,3,-2,-150
1754049956.32746,7,-5,-148
1754049956.36646,0,-2,-149
1754049956.40246,6,2,-144
1754049956.43946,2,0,-150
1754049956.47746,2,0,-161
1754049956.5164602,0,1,-156
1754049956.5524602,4,0,-155
1754049956.59046,0,-1,-145
1754049956.6284602,-7,2,-147
1754049956.6674602,5,0,-158
1754049956.70346,3,3,-151
1754049956.7404602,5,0,-147
1754049956.77846,3,0,-141
1754049956.81746,3,0,-148
1754049956.85346,-1,3,-146
1754049956.8914602,-1,-2,-142
1754049956.93046,-5,-3,-138
1754049956.9674602,-5,-2,-151
1754049957.0064602,0,-9,-145
1754049957.04346,2,-4,-149
1754049957.08046,-17,-3,-148
1754049957.1184602,-16,-7,-146
1754049957.1574602,-6,0,-144
1754049957.19346,-3,0,-154
1754049957.2304602,5,1,-157
1754049957.26846,2,0,-148
1754049957.30746,0,0,-150
1754049957.34346,0,-5,-144
1754049957.3814602,0,5,-145
1754049957.41946,-7,2,-143
1754049957.4574602,-6,-3,-149
1754049957.4964602,2,-1,-156
1754049957.5324602,-3,1,-147
1754049957.57046,-2,-2,-150
1754049957.6084602,0,-3,-139
1754049957.64746,1,-3,-144
1754049957.68346,-1,1,-139
1754049957.72146,1,-7,-155
1754049957.7594602,-2,1,-151
1754049957.79846,1,2,-151
1754049957.83646,5,-2,-152
1754049957.87246,10,0,-157
1754049957.90946,3,2,-148
1754049957.94846,5,-3,-155
1754049957.9864602,0,-4,-153
1754049958.02246,0,-2,-148
1754049958.06046,0,4,-142
1754049958.0984602,-6,0,-134
1754049958.13746,-6,1,-137
1754049958.17346,3,3,-137
1754049958.2104602,-1,0,-142
1754049958.24846,7,1,-143
1754049958.28746,0,-7,-151
1754049958.32346,3,-6,-149
1754049958.3614602,-1,-4,-152
1754049958.39946,-1,-2,-153
1754049958.43846,-1,1,-151
1754049958.47646,-3,0,-156
1754049958.51246,7,0,-159
1754049958.5494602,3,1,-165
1754049958.5884602,4,2,-154
1754049958.62646,0,-4,-151
1754049958.66246,0,-4,-147
1754049958.7004602,2,-6,-144
1754049958.73846,8,-3,-153
1754049958.77746,0,-5,-148
1754049958.81346,5,-7,-153
1754049958.85146,1,-2,-152
1754049958.88946,-3,7,-150
1754049958.92846,0,3,-146
1754049958.96446,2,-6,-155
1754049959.00246,3,-2,-150
1754049959.04046,6,-5,-150
1754049959.07846,2,-3,-149
1754049959.11746,0,0,-148
1754049959.15346,-2,4,-163
1754049959.19146,7,0,-153
1754049959.2304602,5,4,-150
1754049959.26846,4,4,-149
1754049959.30446,-2,2,-152
1754049959.34346,-4,-4,-147
1754049959.38046,3,0,-129
1754049959.41846,0,-3,-147
1754049959.4574602,0,-7,-152
1754049959.4934602,-2,-4,-156
1754049959.53146,0,-2,-147
1754049959.5694602,-3,-5,-141
1754049959.6084602,-4,-10,-149
1754049959.6444602,-3,-4,-147
1754049959.68246,-2,-4,-155
1754049959.72146,-4,-4,-149
1754049959.7594602,0,-3,-147
1754049959.79746,-2,-7,-160
1754049959.83346,2,-5,-153
1754049959.8714602,-1,1,-145
1754049959.91046,-4,0,-145
1754049959.94846,5,5,-147
1754049959.98446,5,6,-144
1754049960.02146,11,-4,-136
1754049960.0594602,13,-4,-155
1754049960.0984602,10,-2,-143
1754049960.1344602,10,-5,-147
1754049960.17246,2,-12,-154
1754049960.2104602,6,-2,-149
1754049960.24946,0,-8,-159
1754049960.28746,1,1,-152
1754049960.32346,3,-4,-139
1754049960.3614602,-2,4,-144
1754049960.39946,0,3,-146
1754049960.43846,-4,0,-134
1754049960.47446,8,3,-139
1754049960.51246,6,3,-142
1754049960.55046,6,0,-143
1754049960.58946,-2,0,-143
1754049960.62746,0,-2,-147
1754049960.66346,1,2,-146
1754049960.70146,5,2,-152
1754049960.73946,2,2,-150
1754049960.77546,0,-4,-154
1754049960.81346,3,-2,-148
1754049960.85146,1,2,-149
1754049960.88946,-1,-6,-144
1754049960.92846,-2,-4,-148
1754049960.96446,4,-9,-150
1754049961.00246,3,0,-144
1754049961.04046,5,-9,-147
1754049961.07946,-4,-7,-153
1754049961.1154602,-4,-7,-145
1754049961.15346,-8,-3,-145
1754049961.19146,-6,1,-144
1754049961.2304602,-6,-3,-154
1754049961.26846,5,0,-141
1754049961.30446,8,-5,-139
1754049961.3424602,0,3,-145
1754049961.38046,-6,3,-144
1754049961.41946,-5,1,-153
1754049961.45546,-4,0,-144
1754049961.4934602,-2,0,-151
1754049961.53146,-5,-2,-146
1754049961.57046,-1,-6,-152
1754049961.6084602,4,-4,-147
1754049961.6444602,1,-2,-147
1754049961.68246,12,-3,-138
1754049961.72146,9,-8,-141
1754049961.7594602,4,-7,-160
1754049961.79546,4,-6,-161
1754049961.83346,2,-3,-152
1754049961.8714602,5,-7,-150
1754049961.91046,6,-7,-141
1754049961.94846,0,-7,-144
1754049961.98446,0,-1,-139
1754049962.02246,1,-6,-153
1754049962.06046,0,-5,-154
1754049962.09946,1,-6,-156
1754049962.13546,-1,-6,-148
1754049962.17346,6,0,-148
1754049962.21146,3,-1,-149
1754049962.25046,7,0,-149
1754049962.28846,7,-1,-138
1754049962.32446,-2,1,-138
1754049962.36246,-4,7,-147
1754049962.4014602,0,5,-154
1754049962.43946,-4,-6,-148
1754049962.47546,-2,0,-155
1754049962.51246,3,-1,-156
1754049962.55046,-1,3,-146
1754049962.58946,0,0,-163
1754049962.62546,-2,-3,-162
1754049962.66346,3,-2,-147
1754049962.70146,-3,-1,-148
1754049962.7404602,2,0,-147
1754049962.7794602,-1,6,-149
1754049962.8154602,3,8,-149
1754049962.85346,2,0,-152
1754049962.8914602,0,0,-153
1754049962.93046,-5,2,-152
1754049962.96646,0,1,-146
1754049963.0034602,6,-3,-137
1754049963.04146,-5,-4,-141
1754049963.08046,-6,-2,-146
1754049963.11646,-3,-4,-139
1754049963.1544602,2,-4,-154
1754049963.19346,0,-7,-150
1754049963.2304602,-8,1,-146
1754049963.2694602,-4,-6,-154
1754049963.30546,1,-1,-144
1754049963.34346,1,1,-153
1754049963.3814602,0,2,-148
1754049963.42046,2,1,-144
1754049963.45646,6,1,-144
1754049963.4934602,-2,0,-147
1754049963.53146,-1,-8,-136
1754049963.57046,-4,-2,-139
1754049963.60646,1,-6,-144
1754049963.6444602,-7,0,-151
1754049963.68346,-8,-2,-151
1754049963.72146,0,-3,-146
1754049963.7594602,-2,-6,-153
1754049963.79546,-1,0,-153
1754049963.83346,-1,3,-157
1754049963.8714602,4,-2,-145
1754049963.91046,9,0,-135
1754049963.94646,4,1,-141
1754049963.9834602,5,3,-144
1754049964.02146,-6,0,-144
1754049964.06046,2,2,-146
1754049964.1054602,-7,-2,-157
1754049964.14346,-8,1,-157
1754049964.18146,-3,1,-149
1754049964.21946,0,7,-146
1754049964.25546,8,0,-150
1754049964.29346,1,-2,-137
1754049964.33146,1,3,-137
1754049964.36946,2,-3,-153
1754049964.40546,-5,0,-158
1754049964.44346,-2,-1,-145
1754049964.48146,0,3,-142
1754049964.52046,-4,-2,-141
1754049964.55646,2,-1,-146
1754049964.59446,5,2,-163
1754049964.63346,4,-4,-149
1754049964.6714602,-1,-7,-156
1754049964.7074602,1,-8,-152
1754049964.74546,7,-11,-145
1754049964.78346,1,0,-145
1754049964.82146,0,-1,-143
1754049964.86046,0,1,-144
1754049964.89646,3,2,-150
1754049964.93346,1,1,-158
1754049964.97146,-8,1,-140
1754049965.01046,-1,-2,-147
1754049965.0464602,0,-1,-147
1754049965.08346,7,-2,-147
1754049965.1214602,1,-1,-143
1754049965.16046,-3,-2,-154
1754049965.19646,-2,-4,-163
1754049965.23446,1,-2,-141
1754049965.27246,6,-1,-147
1754049965.31146,4,6,-150
1754049965.34746,2,0,-127
1754049965.3844602,0,0,-139
1754049965.42246,1,-10,-143
1754049965.46146,-3,-2,-143
1754049965.49746,8,0,-140
1754049965.53446,7,-1,-157
1754049965.5724602,2,13,-156
1754049965.6114602,1,6,-142
1754049965.64746,-3,0,-132
1754049965.6844602,2,-4,-141
1754049965.72246,0,0,-143
1754049965.76146,0,0,-152
1754049965.79746,-4,-5,-147
1754049965.8354602,-4,-1,-164
1754049965.87346,-6,0,-153
1754049965.91246,2,-3,-154
1754049965.9504602,8,-1,-149
1754049965.9864602,1,-1,-148
1754049966.02446,-6,3,-144
1754049966.0624602,-2,-2,-148
1754049966.10146,1,-5,-149
1754049966.13746,0,-1,-144
1754049966.17546,3,0,-148
1754049966.21446,4,1,-155
1754049966.25246,7,5,-149
1754049966.29046,0,1,-152
1754049966.32646,2,6,-147
1754049966.36446,-6,0,-144
1754049966.40246,-5,-6,-152
1754049966.44146,6,-2,-148
1754049966.47746,6,0,-138
1754049966.51446,1,-1,-149
1754049966.5524602,2,-4,-151
1754049966.59146,-2,3,-141
1754049966.62746,0,2,-151
1754049966.6644602,-1,-6,-148
1754049966.70246,-1,-5,-139
1754049966.74146,10,-5,-141
1754049966.77746,4,-6,-138
1754049966.8154602,-1,-7,-152
1754049966.85346,-3,-2,-149
1754049966.89246,2,4,-147
1754049966.92846,-2,5,-145
1754049966.96646,0,0,-148
1754049967.00446,-1,-5,-148
1754049967.0424602,0,-8,-150
1754049967.08146,0,0,-143
1754049967.11746,-7,0,-150
1754049967.15546,-1,-1,-139
1754049967.19346,8,0,-145
1754049967.23246,3,4,-134
1754049967.26846,0,-3,-143
1754049967.30646,-2,-4,-150
1754049967.34446,-1,-2,-162
1754049967.38246,-2,3,-155
1754049967.4214602,-3,-4,-148
1754049967.4574602,-1,0,-140
1754049967.49546,3,-3,-140
1754049967.53346,3,-4,-152
1754049967.5724602,0,0,-142
1754049967.6084602,3,0,-149
1754049967.64546,4,-1,-150
1754049967.68346,6,0,-151
1754049967.72246,2,1,-141
1754049967.75846,-1,0,-150
1754049967.79746,9,7,-154
1754049967.83446,2,0,-149
1754049967.87346,0,-1,-152
1754049967.9114602,1,-2,-139
1754049967.9474602,-2,1,-134
1754049967.98546,-3,-1,-145
1754049968.02346,0,-4,-158
1754049968.0624602,4,-2,-142
1754049968.0984602,2,0,-145
1754049968.13546,-2,-4,-141
1754049968.17346,1,0,-146
1754049968.21246,-2,2,-142
1754049968.24846,-6,6,-144
1754049968.2864602,-2,0,-153
1754049968.32446,-3,0,-147
1754049968.36346,1,1,-150
1754049968.4014602,-1,0,-144
1754049968.4374602,2,-4,-154
1754049968.47446,6,-3,-159
1754049968.5134602,-1,-3,-149
1754049968.55146,2,1,-145
1754049968.58746,4,4,-148
1754049968.62446,-2,3,-158
1754049968.66346,0,3,-150
1754049968.69946,0,1,-152
1754049968.73746,0,-4,-141
1754049968.77546,-5,-6,-149
1754049968.81346,-2,-1,-161
1754049968.84946,6,-5,-142
1754049968.88746,7,-1,-141
1754049968.92546,0,-3,-141
1754049968.96446,-1,-7,-138
1754049969.00246,-2,-5,-144
1754049969.03846,1,-2,-145
1754049969.07746,2,-1,-149
1754049969.11446,3,1,-154
1754049969.15346,4,0,-155
1754049969.18946,1,1,-148
1754049969.22746,0,0,-145
1754049969.26546,2,1,-150
1754049969.30346,6,-4,-154
1754049969.3424602,4,-5,-145
1754049969.3784602,-1,-1,-152
1754049969.41646,1,2,-148
1754049969.45446,4,0,-142
1754049969.4934602,5,1,-151
1754049969.5294602,11,-3,-152
1754049969.56846,10,-5,-155
1754049969.6054602,3,-1,-148
1754049969.6444602,2,0,-154
1754049969.68246,0,0,-159
1754049969.71846,-2,-7,-156
1754049969.7564602,-5,-4,-153
1754049969.79446,0,-3,-152
1754049969.83346,6,1,-153
1754049969.86946,-11,2,-161
1754049969.90846,-2,0,-147
1754049969.94546,2,1,-147
1754049969.98446,-5,3,-146
1754049970.02246,9,-3,-150
1754049970.05846,3,-5,-151
1754049970.09646,6,-3,-144
1754049970.13546,1,-3,-159
1754049970.17346,0,2,-154
1754049970.20946,2,-5,-155
1754049970.24746,9,0,-158
1754049970.28546,0,3,-156
1754049970.32446,5,0,-153
1754049970.36246,5,4,-149
1754049970.39846,5,-2,-152
1754049970.43646,4,-4,-138
1754049970.47446,2,0,-145
1754049970.5134602,2,1,-149
1754049970.5494602,0,0,-150
1754049970.58746,6,-4,-151
1754049970.62546,0,-6,-142
1754049970.6644602,-7,4,-136
1754049970.7004602,-7,0,-144
1754049970.73846,-1,-1,-148
1754049970.77746,-4,-2,-146
1754049970.81446,3,0,-152
1754049970.85346,2,-5,-142
1754049970.88946,-3,0,-157
1754049970.9274602,0,-6,-149
1754049970.96546,2,1,-143
1754049971.00446,-6,-8,-158
1754049971.04046,-1,-2,-157
1754049971.07846,0,-6,-157
1754049971.11646,2,-2,-152
1754049971.1544602,6,-5,-156
1754049971.19346,0,0,-146
1754049971.22946,1,0,-157
1754049971.26746,3,0,-155
1754049971.30546,7,-9,-165
1754049971.34446,9,-8,-143
1754049971.38046,6,-7,-149
1754049971.41846,-1,-4,-142
1754049971.45646,0,-6,-137
1754049971.49546,0,-7,-148
1754049971.53346,0,-5,-151
1754049971.5694602,-4,-6,-148
1754049971.60746,2,0,-144
1754049971.64546,-6,-6,-147
1754049971.6844602,-3,0,-159
1754049971.7204602,4,1,-150
1754049971.75746,-4,3,-154
1754049971.79546,-2,2,-147
1754049971.83446,4,-3,-147
1754049971.87046,2,-3,-146
1754049971.90846,-7,1,-157
1754049971.94646,-4,-2,-150
1754049971.98546,1,0,-153
1754049972.02346,2,0,-152
1754049972.0594602,2,-4,-153
1754049972.09646,1,0,-138
1754049972.13546,6,4,-146
1754049972.17346,0,2,-149
1754049972.20946,0,-1,-153
1754049972.24746,2,-5,-149
1754049972.28546,-11,-5,-145
1754049972.32446,-7,0,-155
1754049972.3614602,-1,-3,-160
1754049972.39846,-2,0,-153
1754049972.43646,2,-2,-151
1754049972.47546,0,-8,-145
1754049972.51146,6,-5,-146
1754049972.5494602,-5,-5,-154
1754049972.58746,0,0,-147
1754049972.62646,0,-9,-142
1754049972.6644602,6,-6,-160
1754049972.7004602,0,-6,-146
1754049972.73946,-8,0,-146
1754049972.7764602,7,-5,-136
1754049972.8154602,9,-4,-143
1754049972.85146,10,-9,-144
1754049972.88946,-4,-3,-156
1754049972.9274602,-3,5,-142
1754049972.96546,3,-2,-149
1754049973.00446,6,0,-158
1754049973.04046,8,-4,-148
1754049973.07846,3,-2,-143
1754049973.11646,5,0,-133
1754049973.15546,1,1,-138
1754049973.19146,-4,-4,-161
1754049973.22946,0,0,-143
1754049973.26746,4,-1,-150
1754049973.30546,-1,4,-155
1754049973.34446,6,5,-157
1754049973.38046,2,2,-153
1754049973.4174602,-1,-4,-155
1754049973.45646,-5,-6,-141
1754049973.49446,-2,-5,-153
1754049973.53046,4,-6,-161
1754049973.56846,2,-1,-149
1754049973.60646,-1,2,-157
1754049973.64546,3,8,-153
1754049973.68146,1,2,-153
1754049973.71946,-9,0,-149
1754049973.7564602,-6,0,-146
1754049973.79546,-8,-2,-149
1754049973.83146,-6,-10,-148
1754049973.86946,1,-3,-147
1754049973.9074602,7,0,-151
1754049973.94646,-5,-7,-150
1754049973.98446,4,-6,-144
1754049974.02046,-2,-2,-145
1754049974.05846,0,-4,-153
1754049974.09646,2,0,-147
1754049974.14046,2,-3,-148
1754049974.17846,6,-7,-148
1754049974.21646,4,-2,-145
1754049974.25546,7,1,-153
1754049974.29146,2,0,-153
1754049974.32846,-6,-1,-148
1754049974.36646,0,-3,-148
1754049974.40546,-1,-3,-143
1754049974.44146,0,1,-154
1754049974.47946,4,-1,-160
1754049974.51746,5,-8,-155
1754049974.55646,3,1,-146
1754049974.5924602,4,5,-144
1754049974.63046,7,2,-144
1754049974.66946,-7,-5,-159
1754049974.70646,0,-8,-156
1754049974.74546,1,-4,-140
1754049974.78146,6,-2,-144
1754049974.8194602,3,-1,-150
1754049974.85746,-3,-5,-139
1754049974.89646,-1,0,-134
1754049974.93246,-4,-1,-143
1754049974.9704602,0,-6,-152
1754049975.00846,2,-3,-140
1754049975.0464602,3,6,-149
1754049975.0854602,0,3,-148
1754049975.1214602,1,-5,-149
1754049975.15946,4,0,-152
1754049975.1974602,-1,-5,-148
1754049975.2364602,-6,-2,-152
1754049975.27246,-5,-3,-149
1754049975.31046,6,11,-143
1754049975.3484602,4,-2,-141
1754049975.38646,4,0,-145
1754049975.42546,5,0,-150
1754049975.46146,6,2,-152
1754049975.49846,3,-1,-142
1754049975.53746,-5,4,-140
1754049975.5754602,0,2,-143
1754049975.6114602,-1,0,-142
1754049975.64946,4,-1,-143
1754049975.6874602,8,2,-142
1754049975.72646,3,1,-150
1754049975.76246,3,-2,-152
1754049975.80046,8,0,-146
1754049975.8384602,0,-4,-147
1754049975.87746,0,0,-143
1754049975.91546,1,-3,-134
1754049975.95146,-1,-5,-137
1754049975.98946,4,-4,-150
1754049976.02846,5,-4,-147
1754049976.06646,4,-4,-141
1754049976.10246,8,-9,-145
1754049976.14046,0,-3,-139
1754049976.17846,4,-4,-150
1754049976.2174602,1,1,-150
1754049976.25546,0,0,-153
1754049976.29146,4,0,-158
1754049976.32846,2,-5,-136
1754049976.36746,3,-1,-143
1754049976.40546,1,-3,-141
1754049976.44146,0,-6,-144
1754049976.47846,-2,-5,-147
1754049976.51746,-1,-2,-145
1754049976.55346,-3,-4,-156
1754049976.59146,9,-3,-153
1754049976.62946,3,-7,-143
1754049976.6674602,5,-3,-147
1754049976.70646,4,-5,-139
1754049976.74246,2,-2,-145
1754049976.78046,3,1,-145
1754049976.8194602,1,-8,-149
1754049976.85746,-3,-11,-150
1754049976.89346,-3,-10,-154
1754049976.93246,-2,-5,-155
1754049976.96946,-10,-5,-152
1754049977.00746,-2,-4,-164
1754049977.0464602,0,-5,-158
1754049977.0824602,3,5,-165
1754049977.11946,-1,4,-146
1754049977.1574602,-1,-2,-154
1754049977.19646,3,-2,-156
1754049977.23246,10,-5,-153
1754049977.27046,6,-2,-147
1754049977.30846,8,6,-157
1754049977.34746,3,4,-151
1754049977.38346,6,1,-148
1754049977.42046,4,-2,-155
1754049977.45846,0,-3,-143
1754049977.49746,-2,1,-144
1754049977.53346,-2,-2,-152
1754049977.57146,0,4,-155
1754049977.60946,5,0,-157
1754049977.64846,4,-4,-152
1754049977.68646,5,-6,-157
1754049977.72246,8,-5,-151
1754049977.76046,1,-3,-146
1754049977.7994602,-3,-1,-150
1754049977.83746,2,2,-147
1754049977.87346,4,1,-147
1754049977.91046,0,0,-142
1754049977.94946,-1,6,-147
1754049977.98746,1,6,-149
1754049978.02346,-1,1,-152
1754049978.0624602,-2,1,-141
1754049978.09946,0,0,-151
1754049978.1384602,0,2,-149
1754049978.17646,-2,1,-142
1754049978.21246,-1,9,-151
1754049978.25046,0,8,-153
1754049978.28846,0,0,-157
1754049978.32746,-8,0,-148
1754049978.36346,-1,2,-144
1754049978.4014602,-4,-1,-153
1754049978.43946,0,3,-156
1754049978.47846,-2,0,-152
1754049978.5164602,-4,-6,-152
1754049978.55346,-4,-7,-151
1754049978.59046,1,-4,-142
1754049978.6284602,-3,-2,-150
1754049978.6674602,1,-7,-150
1754049978.70346,0,-5,-138
1754049978.74146,-3,-3,-147
1754049978.7794602,-1,2,-164
1754049978.81846,2,-5,-151
1754049978.85446,0,-4,-156
1754049978.89246,1,-6,-161
1754049978.93046,3,-5,-144
1754049978.96846,2,-2,-147
1754049979.00746,-3,-2,-155
1754049979.04346,0,-2,-161
1754049979.0824602,3,-4,-143
1754049979.12046,0,0,-140
1754049979.15846,-4,2,-152
1754049979.1944602,6,4,-154
1754049979.23246,3,4,-153
1754049979.27046,4,1,-147
1754049979.30846,0,7,-146
1754049979.34446,-6,-4,-155
1754049979.38246,-2,-1,-148
1754049979.42046,-3,-6,-153
1754049979.45946,1,-3,-149
1754049979.49746,2,-1,-153
1754049979.53346,-4,1,-160
1754049979.57146,1,-1,-153
1754049979.60946,7,-5,-146
1754049979.64846,0,-4,-136
1754049979.6844602,6,-1,-140
1754049979.72246,9,-5,-156
1754049979.76046,0,-8,-142
1754049979.7994602,5,-4,-140
1754049979.83746,-4,-7,-147
1754049979.87346,-2,-1,-148
1754049979.91246,3,2,-145
1754049979.94946,1,-1,-154
1754049979.98846,6,-10,-156
1754049980.02446,0,-6,-154
1754049980.0624602,0,0,-150
1754049980.10046,4,4,-139
1754049980.13946,5,0,-140
1754049980.1774602,8,-2,-143
1754049980.2134602,5,1,-144
1754049980.25046,8,0,-152
1754049980.2894602,-3,-1,-151
1754049980.32746,-3,7,-148
1754049980.36346,1,6,-137
1754049980.40046,0,0,-130
1754049980.43946,1,-2,-134
1754049980.47746,12,-3,-146
1754049980.5134602,2,-6,-143
1754049980.55146,7,0,-145
1754049980.58946,1,0,-135
1754049980.6284602,1,0,-149
1754049980.6644602,1,-1,-146
1754049980.70246,-2,-5,-152
1754049980.7404602,7,-4,-144
1754049980.7794602,0,-3,-154
1754049980.8154602,0,1,-151
1754049980.85346,-8,-6,-142
1754049980.89046,0,1,-142
1754049980.92946,3,0,-147
1754049980.96546,-4,3,-137
1754049981.0034602,-1,-2,-146
1754049981.04146,4,-5,-137
1754049981.07946,-5,-4,-140
1754049981.1184602,2,-6,-134
1754049981.1544602,-5,5,-135
1754049981.19246,-3,1,-147
1754049981.2304602,5,1,-154
1754049981.2694602,-1,-4,-148
1754049981.30546,6,-5,-145
1754049981.34346,10,1,-136
1754049981.3814602,6,-5,-152
1754049981.42046,3,-1,-157
1754049981.45846,4,-8,-165
1754049981.49446,-2,-11,-160
1754049981.5324602,-4,-5,-149
1754049981.57046,0,-2,-164
1754049981.60946,2,2,-151
1754049981.64546,0,3,-145
1754049981.68246,1,-2,-152
1754049981.7204602,6,3,-145
1754049981.7594602,-1,-6,-131
1754049981.79546,0,0,-149
1754049981.8324602,4,4,-154
1754049981.87046,-7,2,-156
1754049981.90946,-5,0,-142
1754049981.94546,5,-1,-134
1754049981.9834602,0,0,-153
1754049982.02146,-3,-1,-139
1754049982.06046,8,0,-141
1754049982.0984602,2,-6,-131
1754049982.1344602,-3,-2,-134
1754049982.17246,7,-1,-134
1754049982.2104602,3,-6,-136
1754049982.24946,6,3,-141
1754049982.28546,10,1,-142
1754049982.3224602,12,0,-158
1754049982.36046,3,2,-162
1754049982.39946,1,-1,-155
1754049982.43546,0,-3,-149
1754049982.4734602,3,-4,-137
1754049982.51246,6,1,-143
1754049982.55046,2,4,-140
1754049982.58646,-1,-2,-144
1754049982.62446,-3,0,-151
1754049982.66246,4,-5,-143
1754049982.7004602,2,-1,-141
1754049982.73946,-3,0,-146
1754049982.77546,2,1,-155
1754049982.8124602,1,-3,-146
1754049982.85046,-2,0,-144
1754049982.88946,-1,1,-148
1754049982.92546,2,-4,-143
1754049982.9634602,6,-5,-150
1754049983.00146,2,-3,-150
1754049983.04046,-4,2,-147
1754049983.07646,3,0,-150
1754049983.11446,2,-2,-149
1754049983.15346,-1,-3,-143
1754049983.1904602,1,-6,-148
1754049983.22946,-7,3,-147
1754049983.26546,-2,2,-148
1754049983.30346,-6,-5,-145
1754049983.34146,-4,-4,-134
1754049983.38046,-1,-2,-138
1754049983.41646,-9,0,-137
1754049983.45446,-10,-6,-142
1754049983.49246,-7,-1,-152
1754049983.53146,2,1,-145
1754049983.5694602,2,-4,-140
1754049983.6054602,13,-6,-150
1754049983.6444602,-4,-3,-147
1754049983.68146,-10,-4,-144
1754049983.7204602,-2,-3,-141
1754049983.7564602,-1,0,-149
1754049983.79446,-3,1,-155
1754049983.8324602,-1,2,-140
1754049983.8714602,-1,0,-137
1754049983.90946,-3,4,-149
1754049983.94546,1,3,-148
1754049983.98246,-1,1,-148
1754049984.02146,2,1,-136
1754049984.0594602,4,-1,-150
1754049984.0954602,7,-3,-149
1754049984.13346,2,-2,-148
1754049984.17946,-1,4,-152
1754049984.21546,-1,0,-138
1754049984.2534602,-1,-1,-145
1754049984.29146,-4,-10,-150
1754049984.33046,2,-5,-142
1754049984.36646,-3,1,-142
1754049984.4044602,3,-1,-143
1754049984.44246,2,1,-139
1754049984.48146,8,1,-144
1754049984.51846,5,5,-155
1754049984.55546,0,-6,-158
1754049984.59346,-4,0,-150
1754049984.6314602,-1,4,-149
1754049984.67046,5,-1,-148
1754049984.70646,7,0,-156
1754049984.7434602,5,-3,-150
1754049984.78146,6,-6,-148
1754049984.82046,4,-4,-151
1754049984.85646,0,0,-155
1754049984.89346,2,0,-146
1754049984.93146,0,-6,-136
1754049984.9704602,0,0,-144
1754049985.0064602,-3,1,-138
1754049985.04446,0,-7,-140
1754049985.0824602,1,-2,-146
1754049985.1214602,0,-5,-140
1754049985.1574602,-9,-5,-150
1754049985.19546,-2,-1,-147
1754049985.2334602,-5,-5,-140
1754049985.27146,2,-6,-154
1754049985.31046,6,-2,-146
1754049985.34646,3,-2,-154
1754049985.38346,3,-4,-144
1754049985.42246,1,4,-144
1754049985.4604602,1,-2,-156
1754049985.4964602,-10,-6,-142
1754049985.53446,-3,-5,-144
1754049985.5724602,-7,-6,-153
1754049985.6114602,0,-6,-166
1754049985.64746,-3,-5,-152
1754049985.68546,4,-2,-148
1754049985.7234602,3,-1,-150
1754049985.76246,7,-6,-148
1754049985.80046,-4,-3,-147
1754049985.83646,-11,-5,-147
1754049985.87446,0,-6,-143
1754049985.91246,5,-6,-153
1754049985.95146,-4,0,-153
1754049985.98746,-1,1,-137
1754049986.02446,-2,-7,-140
1754049986.0624602,-5,-4,-140
1754049986.10146,7,4,-148
1754049986.13746,-4,0,-153
1754049986.17546,2,0,-152
1754049986.2134602,13,0,-142
1754049986.25246,8,-1,-138
1754049986.29046,7,0,-148
1754049986.32646,4,-3,-147
1754049986.36446,-5,-6,-137
1754049986.40346,-3,-5,-153
1754049986.44146,-2,-8,-153
1754049986.47746,0,-6,-139
1754049986.51446,1,-10,-153
1754049986.55346,0,-6,-147
1754049986.59146,0,-9,-150
1754049986.62746,1,-7,-140
1754049986.6644602,2,-1,-145
1754049986.70246,8,-3,-146
1754049986.74146,-1,-1,-149
1754049986.77746,0,2,-159
1754049986.81446,1,-1,-149
1754049986.85246,0,-9,-144
1754049986.8914602,1,-5,-149
1754049986.9274602,0,-5,-150
1754049986.96446,-4,-5,-152
1754049987.00246,-1,-1,-143
1754049987.04146,2,-1,-137
1754049987.07746,0,0,-147
1754049987.11446,-6,4,-147
1754049987.15346,-6,-3,-144
1754049987.19146,-2,-4,-149
1754049987.22746,-3,-12,-151
1754049987.26546,-5,-5,-152
1754049987.30346,4,-1,-147
1754049987.3424602,2,-2,-143
1754049987.3784602,0,-3,-142
1754049987.41646,-1,2,-139
1754049987.45446,3,-2,-152
1754049987.4934602,4,2,-146
1754049987.53146,1,10,-143
1754049987.56746,3,7,-153
1754049987.6054602,-6,-1,-141
1754049987.64346,-3,4,-144
1754049987.68246,1,-6,-145
1754049987.71846,-1,1,-148
1754049987.7564602,2,0,-151
1754049987.79546,5,-7,-143
1754049987.83346,9,-3,-143
1754049987.8714602,1,-5,-149
1754049987.9074602,8,-3,-161
1754049987.94546,0,-4,-151
1754049987.9834602,-3,-1,-151
1754049988.02246,-5,0,-143
1754049988.05846,-1,-3,-140
1754049988.09646,4,0,-136
1754049988.13546,3,0,-138
1754049988.17346,0,2,-129
1754049988.21146,0,2,-145
1754049988.24746,0,11,-146
1754049988.2864602,-6,6,-147
1754049988.32346,4,4,-150
1754049988.36246,-5,-1,-150
1754049988.39846,0,-2,-142
1754049988.43646,3,1,-142
1754049988.47446,1,-5,-145
1754049988.5134602,0,-6,-147
1754049988.5494602,0,1,-136
1754049988.58646,-5,3,-138
1754049988.62446,-6,0,-153
1754049988.66346,6,-2,-152
1754049988.69946,-3,3,-150
1754049988.73746,-3,4,-143
1754049988.77546,2,12,-151
1754049988.81346,1,-4,-147
1754049988.85246,7,-1,-150
1754049988.8884602,6,0,-149
1754049988.9274602,2,0,-153
1754049988.96446,3,-3,-151
1754049989.0034602,4,0,-148
1754049989.0394602,2,-4,-153
1754049989.07746,-1,-8,-152
1754049989.1154602,3,-5,-152
1754049989.15346,-2,-8,-149
1754049989.19246,9,-4,-145
1754049989.22846,8,0,-151
1754049989.26546,7,-1,-136
1754049989.30446,5,-4,-131
1754049989.3424602,7,-3,-139
1754049989.3784602,3,-15,-156
1754049989.41646,1,-5,-156
1754049989.45446,-4,0,-146
1754049989.4934602,0,0,-148
1754049989.5294602,0,2,-146
1754049989.56646,-3,-8,-148
1754049989.60446,-3,1,-137
1754049989.64346,1,-1,-139
1754049989.67946,1,-2,-163
1754049989.71846,-5,-5,-150
1754049989.75546,12,-6,-151
1754049989.79446,10,0,-145
1754049989.8324602,6,1,-160
1754049989.8684602,6,0,-145
1754049989.90646,0,1,-152
1754049989.94546,0,-2,-160
1754049989.9834602,-5,-7,-135
1754049990.0194602,-1,0,-148
1754049990.05746,-2,5,-149
1754049990.0954602,7,-2,-150
1754049990.1344602,12,-2,-149
1754049990.17246,7,-5,-140
1754049990.20846,2,0,-141
1754049990.24546,5,0,-154
1754049990.28446,4,-2,-147
1754049990.3224602,0,0,-142
1754049990.3584602,0,-6,-136
1754049990.39646,6,-9,-150
1754049990.4344602,4,-1,-151
1754049990.4734602,0,4,-154
1754049990.5094602,4,0,-156
1754049990.54746,6,3,-154
1754049990.58646,1,-2,-153
1754049990.62446,2,1,-147
1754049990.66046,-2,-3,-149
1754049990.69846,0,-2,-144
1754049990.7364602,4,-4,-155
1754049990.77446,2,-1,-143
1754049990.81346,3,0,-156
1754049990.84946,-1,-7,-159
1754049990.88746,-2,-7,-151
1754049990.92546,-3,-2,-147
1754049990.96446,2,-1,-145
1754049991.00046,0,0,-156
1754049991.03846,7,-2,-154
1754049991.07646,8,-4,-156
1754049991.1154602,8,0,-150
1754049991.15346,1,-4,-146
1754049991.18946,1,-3,-144
1754049991.22746,1,-5,-150
1754049991.26546,0,-5,-140
1754049991.30446,7,-3,-150
1754049991.34046,0,-5,-150
1754049991.3784602,0,-2,-151
1754049991.41646,1,1,-127
1754049991.45546,-6,0,-136
1754049991.4934602,-4,-2,-146
1754049991.5294602,0,0,-150
1754049991.56646,4,-2,-147
1754049991.6054602,7,-3,-145
1754049991.64346,3,-4,-150
1754049991.67946,1,-2,-148
1754049991.7174602,1,-4,-140
1754049991.7564602,6,2,-148
1754049991.79446,5,0,-140
1754049991.83046,4,-5,-137
1754049991.8684602,8,-4,-139
1754049991.90646,0,-6,-144
1754049991.94546,0,-8,-146
1754049991.9834602,0,0,-141
1754049992.0194602,-1,2,-137
1754049992.05746,-8,0,-136
1754049992.0954602,0,1,-145
1754049992.1344602,0,0,-158
1754049992.17046,2,-2,-151
1754049992.20846,8,0,-142
1754049992.2464602,-8,6,-153
1754049992.28546,0,1,-148
1754049992.32346,6,-2,-141
1754049992.35946,0,4,-148
1754049992.39746,1,-1,-140
1754049992.43546,3,2,-142
1754049992.47446,1,1,-136
1754049992.51046,1,4,-156
1754049992.54746,0,-2,-158
1754049992.58646,-7,-2,-165
1754049992.62446,-1,-5,-149
1754049992.66046,3,-1,-148
1754049992.69846,-6,0,-141
1754049992.7364602,-5,2,-138
1754049992.77546,-8,-1,-141
1754049992.81146,-2,-5,-138
1754049992.84946,-5,-5,-152
1754049992.88746,-5,-5,-154
1754049992.92546,4,-2,-150
1754049992.96446,3,-5,-152
1754049993.00046,5,1,-144
1754049993.03846,10,0,-146
1754049993.07646,4,2,-139
1754049993.1154602,3,0,-146
1754049993.1514602,6,0,-145
1754049993.18946,4,0,-157
1754049993.22846,-3,1,-141
1754049993.2664602,-1,-3,-148
1754049993.30446,-6,2,-141
1754049993.34046,0,0,-145
1754049993.3784602,3,-1,-142
1754049993.41646,3,0,-144
1754049993.45446,1,1,-153
1754049993.4904602,3,5,-153
1754049993.52846,1,0,-143
1754049993.56646,-2,-3,-147
1754049993.60446,2,-7,-135
1754049993.64046,-3,-5,-150
1754049993.67846,0,-7,-157
1754049993.71646,1,0,-151
1754049993.75546,-2,3,-145
1754049993.79146,-2,2,-146
1754049993.82946,3,8,-141
1754049993.86746,9,1,-151
1754049993.90646,7,-6,-157
1754049993.9444602,7,0,-143
1754049993.9804602,7,1,-141
1754049994.01746,2,1,-151
1754049994.05646,4,0,-145
1754049994.09446,8,2,-137
1754049994.13046,3,8,-144
1754049994.1674602,-1,-1,-144
1754049994.21146,3,-4,-137
1754049994.24946,6,-1,-144
1754049994.28846,7,-7,-151
1754049994.32646,9,-4,-154
1754049994.36446,3,-4,-146
1754049994.40046,-1,1,-146
1754049994.43846,-6,8,-144
1754049994.47646,-2,-1,-145
1754049994.51546,-3,-6,-147
1754049994.55146,1,-3,-147
1754049994.58946,0,-2,-149
1754049994.6284602,3,0,-143
1754049994.66646,2,2,-144
1754049994.70246,8,8,-140
1754049994.73946,7,5,-147
1754049994.77846,1,0,-153
1754049994.81646,-6,1,-149
1754049994.85246,3,-1,-146
1754049994.88946,0,1,-154
1754049994.92846,-5,-2,-155
1754049994.96646,-2,-7,-153
1754049995.00246,-5,-4,-156
1754049995.04046,-10,-3,-158
1754049995.07846,-6,-6,-145
1754049995.11646,-1,2,-148
1754049995.15546,-4,0,-150
1754049995.19146,3,-2,-146
1754049995.22946,-2,-8,-146
1754049995.26746,-7,-4,-152
1754049995.30646,-8,2,-151
1754049995.3424602,-4,0,-157
1754049995.38046,-5,-7,-155
1754049995.41946,-3,-2,-147
1754049995.4574602,4,0,-149
1754049995.49546,-1,-9,-154
1754049995.53146,0,-1,-150
1754049995.5694602,5,0,-134
1754049995.60746,0,-2,-150
1754049995.64546,-3,5,-147
1754049995.68146,0,0,-152
1754049995.71946,-4,-1,-162
1754049995.75746,-1,-1,-147
1754049995.79546,-1,-1,-144
1754049995.83146,3,-4,-158
1754049995.86946,2,-5,-150
1754049995.9074602,4,-7,-151
1754049995.94646,2,-6,-150
1754049995.98246,5,-1,-155
1754049996.02146,9,1,-156
1754049996.05846,8,-3,-159
1754049996.09746,0,2,-151
1754049996.13546,-1,0,-150
1754049996.1714602,0,1,-144
1754049996.20846,-7,-3,-152
1754049996.24746,-4,0,-150
1754049996.28546,-3,0,-144
1754049996.3224602,3,-4,-146
1754049996.3614602,-3,0,-144
1754049996.39846,-3,-2,-145
1754049996.4374602,2,-8,-149
1754049996.4734602,-3,1,-154
1754049996.51146,-7,-1,-162
1754049996.5494602,8,-6,-159
1754049996.58746,3,-5,-147
1754049996.62646,3,-7,-159
1754049996.66246,8,-10,-155
1754049996.7004602,11,-3,-146
1754049996.73946,14,-2,-157
1754049996.77746,6,-3,-149
1754049996.81346,5,4,-151
1754049996.85146,0,-3,-156
1754049996.88946,5,2,-148
1754049996.9274602,2,-1,-151
1754049996.96646,1,0,-152
1754049997.00246,0,-4,-144
1754049997.04046,6,-6,-150
1754049997.07846,2,-2,-135
1754049997.11746,5,-7,-147
1754049997.15346,1,-5,-138
1754049997.19146,-3,-9,-141
1754049997.22946,4,-10,-144
1754049997.26846,-1,-1,-147
1754049997.30646,1,7,-144
1754049997.3424602,2,-4,-152
1754049997.3814602,-2,2,-142
1754049997.41846,1,-4,-147
1754049997.4574602,-6,-6,-150
1754049997.4934602,0,-7,-151
1754049997.53146,-2,-3,-152
1754049997.5694602,-2,0,-160
1754049997.6084602,3,0,-159
1754049997.64646,2,-8,-160
1754049997.68246,5,2,-153
1754049997.71946,5,1,-142
1754049997.75846,-1,3,-146
1754049997.7964602,-1,-3,-146
1754049997.8324602,-3,-6,-146
1754049997.87046,0,0,-155
1754049997.90846,5,0,-154
1754049997.9474602,3,0,-148
1754049997.9834602,0,0,-153
1754049998.02246,0,-4,-151
1754049998.0594602,0,-3,-146
1754049998.0984602,-7,-6,-142
1754049998.13646,-6,-2,-147
1754049998.17246,-10,2,-142
1754049998.21146,-6,-6,-141
1754049998.24846,-3,-3,-151
1754049998.28746,0,3,-145
1754049998.32346,5,-3,-137
1754049998.3614602,0,-6,-150
1754049998.39946,5,-2,-140
1754049998.43846,2,-1,-140
1754049998.47446,-7,-1,-144
1754049998.51246,-9,1,-140
1754049998.55046,-3,-1,-140
1754049998.5884602,-1,0,-155
1754049998.62746,1,2,-154
1754049998.66346,0,5,-156
1754049998.7004602,-1,-8,-153
1754049998.73846,-3,-3,-149
1754049998.77746,-1,-7,-153
1754049998.81346,3,-4,-147
1754049998.85246,-2,-3,-147
1754049998.88946,3,-2,-147
1754049998.92846,-2,-4,-137
1754049998.96446,-4,-3,-146
1754049999.00246,3,-4,-148
1754049999.04046,1,3,-153
1754049999.07846,3,-3,-155
1754049999.11746,3,0,-152
1754049999.15346,7,-4,-140
1754049999.19146,6,4,-151
1754049999.22946,3,-2,-151
1754049999.26846,3,-3,-147
1754049999.30446,7,-7,-141
1754049999.3424602,8,-3,-149
1754049999.3814602,1,-1,-151
1754049999.41946,-2,1,-155
1754049999.4574602,3,0,-147
1754049999.4934602,3,-6,-149
1754049999.53146,6,-4,-159
1754049999.5694602,11,4,-156
1754049999.6084602,4,2,-153
1754049999.6444602,-7,0,-151
1754049999.68246,-2,9,-148
1754049999.7204602,3,0,-156
1754049999.7594602,-1,-3,-155
1754049999.79746,-7,1,-145
1754049999.83346,-3,5,-152
1754049999.87246,-5,0,-145
1754049999.90946,-2,5,-146
1754049999.94846,0,-3,-144
1754049999.98446,-3,-7,-143
1754050000.02246,4,-2,-152
1754050000.06046,-3,0,-150
1754050000.09946,1,-5,-142
1754050000.13746,6,0,-152
1754050000.17346,8,-4,-152
1754050000.21146,2,1,-144
1754050000.24946,6,0,-153
1754050000.28846,5,-3,-160
1754050000.32446,1,2,-152
1754050000.36246,1,1,-148
1754050000.40046,3,5,-149
1754050000.43946,2,-1,-147
1754050000.47546,6,-2,-148
1754050000.51446,1,2,-145
1754050000.55146,-1,-11,-145
1754050000.58946,11,-1,-142
1754050000.6284602,3,2,-140
1754050000.6644602,2,-3,-143
1754050000.70246,-1,-3,-146
1754050000.7404602,-3,1,-143
1754050000.7794602,0,-1,-142
1754050000.8154602,1,-4,-153
1754050000.85346,1,2,-154
1754050000.8914602,6,-6,-152
1754050000.92946,-1,-1,-156
1754050000.96846,2,-6,-150
1754050001.00446,0,3,-146
1754050001.04146,0,-1,-150
1754050001.07946,0,3,-154
1754050001.1184602,0,2,-159
1754050001.1544602,-5,2,-157
1754050001.19246,-6,-3,-157
1754050001.23146,-5,7,-150
1754050001.2694602,-4,3,-159
1754050001.30546,-9,0,-163
1754050001.34446,3,-3,-147
1754050001.3814602,2,-2,-148
1754050001.42046,-1,7,-141
1754050001.45846,-5,0,-149
1754050001.49446,-2,-7,-152
1754050001.5324602,2,-3,-144
1754050001.57046,-3,-3,-144
1754050001.60946,-4,-9,-156
1754050001.64546,-1,-3,-151
1754050001.68346,-1,-3,-137
1754050001.72146,-3,0,-142
1754050001.76046,-4,0,-154
1754050001.79846,0,0,-157
1754050001.83446,-13,1,-154
1754050001.87246,-3,-1,-151
1754050001.91046,4,-5,-146
1754050001.94946,-3,3,-147
1754050001.98546,-8,0,-149
1754050002.02346,1,-3,-152
1754050002.06146,8,-8,-158
1754050002.10046,8,-9,-158
1754050002.1384602,3,-5,-153
1754050002.1744602,4,1,-149
1754050002.21146,-4,0,-150
1754050002.25046,-1,-4,-144
1754050002.28846,-1,-4,-152
1754050002.32446,-2,-3,-149
1754050002.36246,0,1,-151
1754050002.4014602,7,1,-144
1754050002.43946,0,3,-143
1754050002.47546,0,-2,-151
1754050002.51446,9,0,-152
1754050002.55146,5,-7,-145
1754050002.59046,7,0,-152
1754050002.62646,4,-2,-146
1754050002.6644602,5,0,-144
1754050002.70246,3,-2,-148
1754050002.7404602,5,-1,-150
1754050002.7794602,0,0,-147
1754050002.8154602,2,-3,-151
1754050002.85346,1,0,-140
1754050002.8914602,-4,-1,-144
1754050002.93046,-7,-3,-145
1754050002.96646,-3,-2,-152
1754050003.00546,-2,-1,-152
1754050003.0424602,3,2,-141
1754050003.08046,4,1,-140
1754050003.11946,8,0,-141
1754050003.15546,3,-2,-150
1754050003.19346,2,-1,-144
1754050003.23146,5,1,-146
1754050003.27046,5,-7,-144
1754050003.30646,7,-2,-142
1754050003.34446,1,2,-133
1754050003.38246,-3,-2,-149
1754050003.4214602,-4,0,-150
1754050003.45946,2,2,-147
1754050003.4964602,1,-2,-142
1754050003.53346,3,-2,-141
1754050003.57146,0,-5,-150
1754050003.61046,0,5,-139
1754050003.64646,0,-7,-142
1754050003.68546,1,-5,-141
1754050003.72246,8,-1,-135
1754050003.76146,5,-6,-148
1754050003.7994602,7,-5,-147
1754050003.8354602,3,-4,-145
1754050003.87346,-1,0,-144
1754050003.9114602,-5,-2,-153
1754050003.9504602,-8,0,-150
1754050003.98746,5,3,-154
1754050004.02446,-1,-3,-143
1754050004.0624602,5,5,-138
1754050004.10146,-10,-4,-145
1754050004.13946,0,-2,-147
1754050004.17546,8,-5,-158
1754050004.22146,-2,2,-148
1754050004.2594602,2,0,-141
1754050004.29546,6,1,-139
1754050004.33346,9,1,-152
1754050004.3714602,1,2,-148
1754050004.41046,-4,-8,-145
1754050004.44646,-3,4,-144
1754050004.48446,1,1,-147
1754050004.52246,1,-6,-149
1754050004.56146,-5,0,-145
1754050004.59746,1,0,-135
1754050004.6344602,0,5,-135
1754050004.67246,2,0,-137
1754050004.71146,5,-3,-144
1754050004.74746,8,-7,-155
1754050004.78546,1,-2,-161
1754050004.82346,-2,0,-156
1754050004.8614602,9,0,-144
1754050004.90046,3,0,-156
1754050004.93646,2,-2,-141
1754050004.97446,0,-5,-149
1754050005.01246,1,-1,-143
1754050005.05146,1,-1,-142
1754050005.08746,2,-4,-132
1754050005.12546,0,-4,-143
1754050005.1644602,2,1,-152
1754050005.20246,-1,2,-149
1754050005.2404602,-4,0,-154
1754050005.2764602,4,-2,-155
1754050005.31446,3,0,-153
1754050005.35246,6,-5,-146
1754050005.3914602,0,-4,-152
1754050005.4274602,0,1,-156
1754050005.46446,0,1,-145
1754050005.50246,0,0,-153
1754050005.54146,1,-4,-143
1754050005.57746,-6,-5,-142
1754050005.6154602,5,0,-145
1754050005.65346,0,-8,-145
1754050005.69246,1,-1,-146
1754050005.7304602,1,3,-145
1754050005.7664602,4,-3,-145
1754050005.80546,2,-9,-147
1754050005.8424602,0,-9,-140
1754050005.8814602,0,-3,-143
1754050005.91846,-7,-4,-161
1754050005.95546,-5,-6,-148
1754050005.9934602,-1,-9,-134
1754050006.0324602,0,-3,-144
1754050006.07046,0,-1,-142
1754050006.10646,-7,1,-143
1754050006.1444602,-5,0,-139
1754050006.18246,5,-1,-142
1754050006.22146,1,-2,-141
1754050006.25746,1,-4,-156
1754050006.29546,0,-9,-151
1754050006.33346,-5,-2,-144
1754050006.37246,-7,-3,-141
1754050006.40846,-8,-4,-149
1754050006.4474602,-12,-4,-147
1754050006.48446,0,-2,-146
1754050006.52246,0,2,-149
1754050006.56146,-4,-8,-137
1754050006.59746,4,-1,-146
1754050006.63546,3,-1,-155
1754050006.67346,10,0,-149
1754050006.71246,-3,-5,-158
1754050006.74846,0,-6,-146
1754050006.7864602,0,-4,-145
1754050006.8254602,5,0,-146
1754050006.86246,-1,-1,-137
1754050006.9014602,2,0,-149
1754050006.9374602,-1,-5,-139
1754050006.97546,-3,-5,-150
1754050007.0134602,-1,-4,-146
1754050007.0524602,1,-1,-137
1754050007.0884602,5,0,-142
1754050007.12546,-3,4,-129
1754050007.16346,0,2,-146
1754050007.20246,-7,3,-154
1754050007.23846,0,5,-148
1754050007.27546,0,-7,-151
1754050007.31346,-8,-5,-150
1754050007.35246,-5,-1,-151
1754050007.3884602,-4,-3,-156
1754050007.42646,-2,0,-149
1754050007.46446,-2,-2,-133
1754050007.5034602,-2,0,-140
1754050007.54146,-2,-6,-146
1754050007.57746,1,-4,-157
1754050007.6154602,3,-3,-138
1754050007.65346,8,-3,-148
1754050007.69246,7,-8,-143
1754050007.72846,3,-1,-151
1754050007.7664602,4,3,-142
1754050007.80446,3,-1,-138
1754050007.84346,-4,0,-148
1754050007.8814602,1,-1,-148
1754050007.9174602,-8,2,-142
1754050007.95546,-2,4,-147
1754050007.9934602,-3,-2,-151
1754050008.0324602,14,4,-153
1754050008.06846,5,3,-158
1754050008.1054602,7,1,-162
1754050008.14346,3,2,-149
1754050008.18246,3,-2,-143
1754050008.21846,3,-2,-146
1754050008.25546,2,-4,-136
1754050008.29346,6,-9,-142
1754050008.3324602,2,-2,-148
1754050008.3684602,4,6,-138
1754050008.40546,3,-2,-135
1754050008.44346,-1,-4,-143
1754050008.48246,-1,-3,-157
1754050008.51846,4,3,-158
1754050008.55546,8,-1,-160
1754050008.59346,2,-4,-151
1754050008.63246,4,-8,-149
1754050008.66846,0,-4,-139
1754050008.70546,4,-4,-144
1754050008.7434602,0,-1,-147
1754050008.7824602,0,-5,-149
1754050008.81846,0,-1,-147
1754050008.85646,2,-3,-139
1754050008.8944602,1,-4,-156
1754050008.93346,-2,0,-149
1754050008.96946,1,2,-149
1754050009.0064602,4,-3,-145
1754050009.04446,0,-1,-156
1754050009.08346,-2,-3,-143
1754050009.11946,-7,-8,-149
1754050009.1574602,-2,-4,-134
1754050009.19546,-2,-4,-150
1754050009.23446,0,-5,-145
1754050009.27246,2,-2,-147
1754050009.30846,1,-1,-143
1754050009.34646,-4,-5,-147
1754050009.3844602,-5,0,-139
1754050009.42346,9,-11,-145
1754050009.45946,2,-4,-156
1754050009.49746,-1,-4,-147
1754050009.53546,4,-9,-154
1754050009.57446,-2,-8,-144
1754050009.61246,3,-1,-148
1754050009.64946,-4,-7,-137
1754050009.68646,3,-4,-140
1754050009.72446,0,-1,-145
1754050009.7634602,6,0,-147
1754050009.7994602,4,-1,-146
1754050009.83746,1,4,-148
1754050009.87646,1,-2,-150
1754050009.9144602,0,-1,-149
1754050009.95246,2,-1,-156
1754050009.98846,-3,-5,-159
1754050010.0264602,-1,2,-157
1754050010.06446,2,0,-156
1754050010.10346,6,-9,-138
1754050010.13946,9,-4,-132
1754050010.1774602,6,-2,-144
1754050010.21546,7,-8,-152
1754050010.25446,1,-7,-150
1754050010.2924602,-2,-3,-147
1754050010.32846,-5,-3,-147
1754050010.36746,-8,-5,-155
1754050010.4044602,-5,-1,-151
1754050010.44346,4,-8,-141
1754050010.47946,1,-8,-144
1754050010.51746,-6,0,-146
1754050010.55546,-5,0,-149
1754050010.59446,6,-5,-138
1754050010.63046,2,-6,-152
1754050010.66846,8,-8,-147
1754050010.70646,2,-7,-141
1754050010.74446,-3,-5,-145
1754050010.78346,0,-5,-159
1754050010.8194602,-3,0,-153
1754050010.85746,-10,-5,-152
1754050010.89546,-2,-8,-150
1754050010.9344602,-2,-3,-152
1754050010.9704602,-2,-3,-144
1754050011.0094602,-8,0,-144
1754050011.0464602,4,4,-148
1754050011.08446,6,5,-148
1754050011.12346,3,6,-155
1754050011.15946,4,-1,-147
1754050011.1974602,-2,-6,-139
1754050011.23546,-2,-4,-141
1754050011.27446,-1,-5,-153
1754050011.31046,-5,-7,-155
1754050011.3484602,-2,2,-144
1754050011.38746,2,5,-147
1754050011.42546,0,0,-145
1754050011.4634602,3,-1,-136
1754050011.49946,12,-6,-142
1754050011.53746,8,-4,-136
1754050011.5754602,1,-3,-137
1754050011.61446,-5,-8,-147
1754050011.65046,0,-3,-146
1754050011.68846,6,3,-141
1754050011.72646,4,3,-139
1754050011.76546,0,0,-139
1754050011.80346,-7,-3,-146
1754050011.83946,2,0,-145
1754050011.87646,-1,-4,-143
1754050011.91546,1,-1,-150
1754050011.95346,-6,0,-155
1754050011.98946,-1,2,-154
1754050012.02746,0,0,-148
1754050012.0654602,4,-2,-136
1754050012.10446,1,-3,-150
1754050012.14046,-4,-3,-153
1754050012.17946,-4,-2,-158
1754050012.21646,0,0,-151
1754050012.25546,3,-3,-142
1754050012.29346,13,-5,-153
1754050012.32946,8,-9,-149
1754050012.36746,0,-3,-150
1754050012.40546,1,-7,-159
1754050012.4444602,7,-4,-144
1754050012.4804602,3,3,-144
1754050012.51746,2,4,-146
1754050012.55546,3,2,-142
1754050012.59446,2,2,-149
1754050012.63046,-11,-5,-142
1754050012.66846,3,-2,-154
1754050012.70646,-4,-9,-157
1754050012.74546,-1,-7,-162
1754050012.78146,2,-1,-146
1754050012.82046,3,-2,-151
1754050012.85746,-1,0,-144
1754050012.89646,-6,-5,-143
1754050012.9344602,2,-3,-150
1754050012.9704602,0,-4,-146
1754050013.00746,0,-4,-153
1754050013.0464602,0,-7,-140
1754050013.08446,7,-2,-147
1754050013.12046,2,-2,-144
1754050013.15846,0,-6,-147
1754050013.19646,0,1,-149
1754050013.23546,4,4,-142
1754050013.27146,0,6,-139
1754050013.3094602,-4,6,-142
1754050013.34646,2,-3,-143
1754050013.38546,-3,6,-145
1754050013.4214602,-4,5,-142
1754050013.45946,-1,3,-142
1754050013.49846,-1,-2,-150
1754050013.5364602,2,-1,-149
1754050013.57446,8,0,-142
1754050013.61046,0,-1,-144
1754050013.64846,7,-1,-146
1754050013.6874602,2,2,-150
1754050013.72546,0,3,-154
1754050013.76146,-1,0,-150
1754050013.80046,-2,-6,-152
1754050013.83746,2,-10,-141
1754050013.87646,5,-7,-145
1754050013.9144602,5,-3,-142
1754050013.9504602,4,0,-147
1754050013.98746,4,2,-143
1754050014.0264602,0,-4,-146
1754050014.06446,6,3,-149
1754050014.10046,5,3,-150
1754050014.13746,4,6,-149
1754050014.17646,1,0,-140
1754050014.21446,-4,0,-145
1754050014.25846,4,1,-151
1754050014.2964602,0,1,-143
1754050014.3354602,-1,0,-154
1754050014.3714602,0,-1,-144
1754050014.40946,6,-4,-156
1754050014.4474602,-1,-9,-141
1754050014.4864602,0,1,-147
1754050014.52246,4,-2,-138
1754050014.56046,4,-2,-143
1754050014.59946,0,-4,-150
1754050014.63646,-7,-1,-151
1754050014.67546,-6,0,-144
1754050014.71146,0,1,-158
1754050014.74846,-2,-3,-147
1754050014.7864602,4,-3,-140
1754050014.8254602,0,-10,-147
1754050014.8614602,1,-9,-143
1754050014.89946,0,-7,-140
1754050014.9374602,-1,-8,-146
1754050014.97646,4,0,-149
1754050015.01246,1,3,-142
1754050015.0494602,1,-2,-152
1754050015.08746,1,-5,-147
1754050015.12646,6,-3,-142
1754050015.16246,0,-5,-143
1754050015.19946,5,-11,-146
1754050015.23746,5,0,-147
1754050015.2764602,8,0,-145
1754050015.3124602,6,2,-143
1754050015.34946,-2,-1,-150
1754050015.38746,-6,-2,-148
1754050015.42646,-2,-7,-136
1754050015.46246,4,-2,-136
1754050015.49946,2,2,-140
1754050015.53746,6,4,-147
1754050015.57646,1,0,-152
1754050015.61246,5,-1,-144
1754050015.65046,8,0,-150
1754050015.68846,0,1,-154
1754050015.72746,1,5,-150
1754050015.76546,2,4,-145
1754050015.80146,-2,-3,-148
1754050015.83946,0,4,-138
1754050015.87746,-6,0,-133
1754050015.91646,1,3,-135
1754050015.95246,-2,-1,-146
1754050015.9904602,-3,-3,-146
1754050016.0294602,-2,2,-157
1754050016.06746,0,0,-145
1754050016.1054602,3,-3,-143
1754050016.1414602,-2,-1,-144
1754050016.17946,6,-2,-139
1754050016.2174602,4,-3,-150
1754050016.2564602,7,0,-146
1754050016.2924602,2,-3,-145
1754050016.33046,-2,-3,-143
1754050016.3684602,2,1,-144
1754050016.4074602,3,2,-153
1754050016.44346,4,7,-149
1754050016.4804602,0,-2,-146
1754050016.51846,0,-5,-149
1754050016.55746,2,-2,-152
1754050016.59346,1,-4,-146
1754050016.6314602,5,-10,-157
1754050016.66946,-3,-5,-136
1754050016.70846,-2,-3,-144
1754050016.7464602,-1,0,-142
1754050016.7824602,-1,-5,-142
1754050016.82046,4,0,-142
1754050016.8584602,3,-4,-127
1754050016.89746,8,-2,-125
1754050016.93346,3,-4,-134
1754050016.97146,5,1,-148
1754050017.0094602,4,-3,-145
1754050017.04746,-1,-4,-142
1754050017.08646,-1,0,-154
1754050017.12246,-3,2,-157
1754050017.16046,-2,-3,-163
1754050017.19846,-5,1,-145
1754050017.23746,6,-3,-144
1754050017.27346,7,-4,-145
1754050017.31146,8,-6,-145
1754050017.34946,1,-9,-158
1754050017.3884602,6,-6,-151
1754050017.42646,2,-5,-144
1754050017.46246,-7,-1,-147
1754050017.50046,-1,0,-156
1754050017.53846,-1,0,-149
1754050017.57746,1,-2,-148
1754050017.61346,5,2,-145
1754050017.6514602,0,-5,-153
1754050017.6904602,1,0,-148
1754050017.72846,-2,1,-153
1754050017.7664602,6,0,-148
1754050017.8024602,-1,-3,-147
1754050017.84046,-2,2,-148
1754050017.8784602,4,-1,-152
1754050017.9174602,-7,-2,-150
1754050017.95346,-2,-1,-149
1754050017.99146,0,-5,-137
1754050018.0294602,1,-1,-143
1754050018.06846,-1,-3,-138
1754050018.10646,-2,-5,-141
1754050018.14246,7,-3,-145
1754050018.18046,5,3,-137
1754050018.21846,1,3,-140
1754050018.25746,0,0,-149
1754050018.29346,0,-3,-140
1754050018.33146,1,0,-142
1754050018.36946,0,-1,-148
1754050018.40846,0,2,-148
1754050018.4444602,-3,-3,-137
1754050018.48246,-6,0,-140
1754050018.52046,-8,-1,-146
1754050018.55846,-4,-2,-150
1754050018.59746,8,4,-133
1754050018.63346,0,-2,-134
1754050018.6714602,-2,-2,-138
1754050018.70946,-1,-2,-156
1754050018.74846,0,2,-156
1754050018.78446,5,-4,-143
1754050018.8224602,-1,-2,-152
1754050018.86046,1,-3,-151
1754050018.89946,-6,-6,-140
1754050018.9374602,0,-3,-154
1754050018.9734602,-4,0,-151
1754050019.01246,3,-4,-144
1754050019.0494602,-2,-4,-159
1754050019.0884602,6,0,-139
1754050019.12446,-4,4,-140
1754050019.16246,2,-4,-144
1754050019.2004602,-1,0,-139
1754050019.23946,4,-2,-154
1754050019.27746,7,0,-141
1754050019.31346,4,-6,-146
1754050019.35146,1,-3,-143
1754050019.38946,-3,-6,-132
1754050019.42846,3,-3,-131
1754050019.46446,4,-2,-136
1754050019.50146,-3,-13,-148
1754050019.5394602,1,-3,-151
1754050019.57846,-5,1,-162
1754050019.61446,-2,0,-159
1754050019.65346,1,-2,-147
1754050019.6904602,-2,1,-137
1754050019.72946,4,-5,-134
1754050019.76746,5,2,-143
1754050019.80346,5,2,-145
1754050019.84146,-8,-4,-135
1754050019.87946,-1,-10,-150
1754050019.9174602,1,-3,-148
1754050019.95346,0,-3,-145
1754050019.99146,-6,-5,-148
1754050020.0294602,-3,-1,-153
1754050020.06846,3,0,-145
1754050020.10446,2,-1,-146
1754050020.14246,-1,0,-144
1754050020.18046,-3,5,-135
1754050020.21946,-4,-4,-154
1754050020.25746,3,0,-154
1754050020.29346,0,0,-134
1754050020.33146,1,-6,-144
1754050020.36946,0,-5,-145
1754050020.40846,9,3,-149
1754050020.4444602,1,-3,-151
1754050020.48246,8,1,-157
1754050020.52046,-2,-3,-143
1754050020.5594602,1,-6,-156
1754050020.5954602,2,-7,-147
1754050020.63346,4,-3,-142
1754050020.6714602,1,-7,-149
1754050020.70946,3,-2,-145
1754050020.74846,6,0,-143
1754050020.78446,1,-1,-148
1754050020.8224602,-3,5,-137
1754050020.86046,4,-2,-143
1754050020.89946,0,-2,-152
1754050020.93546,0,-2,-161
1754050020.9734602,2,0,-147
1754050021.01146,7,-2,-160
1754050021.0494602,2,-4,-153
1754050021.0884602,4,-3,-159
1754050021.12446,6,-2,-161
1754050021.16246,5,0,-153
1754050021.2004602,4,1,-150
1754050021.23946,2,4,-147
1754050021.27546,-4,1,-141
1754050021.31346,-3,-11,-146
1754050021.35146,-1,-1,-152
1754050021.39046,-5,-1,-153
1754050021.42846,0,-4,-151
1754050021.46446,2,4,-149
1754050021.50146,-5,-7,-151
1754050021.54046,-3,-8,-151
1754050021.57846,-5,-6,-148
1754050021.61446,-4,-3,-140
1754050021.65246,-2,-2,-155
1754050021.69146,0,-2,-146
1754050021.72946,4,3,-146
1754050021.76546,2,-4,-138
1754050021.80346,4,-4,-126
1754050021.84146,6,-2,-137
1754050021.88046,3,-2,-150
1754050021.91846,0,0,-136
1754050021.95446,0,-3,-138
1754050021.99146,1,-7,-147
1754050022.03046,1,-1,-145
1754050022.06846,2,4,-147
1754050022.10446,-2,3,-150
1754050022.14246,-4,1,-144
1754050022.18146,-2,-3,-140
1754050022.21946,1,-4,-143
1754050022.25546,-1,-5,-157
1754050022.29346,3,0,-167
1754050022.33146,4,-8,-149
1754050022.37046,4,-5,-148
1754050022.40646,-3,-4,-136
1754050022.44546,-2,-1,-160
1754050022.48246,-10,-3,-150
1754050022.52046,0,-2,-150
1754050022.5594602,3,-5,-157
1754050022.5954602,-1,0,-149
1754050022.63346,-1,2,-150
1754050022.6714602,3,-6,-146
1754050022.7104602,2,-4,-144
1754050022.7464602,0,1,-144
1754050022.78446,1,-4,-141
1754050022.82346,2,2,-143
1754050022.86046,0,0,-151
1754050022.89946,-10,4,-153
1754050022.93546,-4,4,-146
1754050022.9734602,0,0,-140
1754050023.01146,1,1,-142
1754050023.05046,4,0,-148
1754050023.08646,0,0,-146
1754050023.12346,5,0,-141
1754050023.1614602,3,2,-157
1754050023.2004602,10,-1,-149
1754050023.2364602,4,-3,-143
1754050023.27446,2,-2,-140
1754050023.3124602,0,4,-144
1754050023.35146,-2,5,-156
1754050023.38946,1,-6,-144
1754050023.42546,3,-5,-157
1754050023.4634602,-3,0,-149
1754050023.50146,0,-3,-152
1754050023.54046,0,1,-145
1754050023.57646,0,1,-139
1754050023.61446,5,0,-145
1754050023.65246,3,-2,-145
1754050023.69146,10,5,-146
1754050023.72946,4,2,-145
1754050023.76546,1,3,-140
1754050023.8024602,-4,4,-146
1754050023.84146,-1,-2,-138
1754050023.87946,-2,-3,-137
1754050023.91546,-3,-2,-130
1754050023.95346,0,-1,-137
1754050023.99146,2,-4,-131
1754050024.03046,10,-3,-141
1754050024.06646,3,-4,-144
1754050024.10446,2,-6,-144
1754050024.14246,-1,-1,-145
1754050024.18146,1,-4,-148
1754050024.21946,-2,-2,-138
1754050024.2634602,4,0,-155
1754050024.30146,1,1,-151
1754050024.34046,-4,1,-151
1754050024.37746,0,-1,-139
1754050024.4144602,11,-2,-151
1754050024.45246,0,2,-150
1754050024.49146,5,4,-151
1754050024.52746,5,0,-153
1754050024.56446,0,-6,-149
1754050024.60246,3,0,-140
1754050024.6414602,-1,-1,-139
1754050024.6774602,1,-4,-141
1754050024.71546,-1,3,-136
1754050024.7534602,-8,-4,-156
1754050024.79146,1,-4,-144
1754050024.83046,-3,-1,-144
1754050024.86646,-2,-4,-148
1754050024.9044602,-4,1,-143
1754050024.94246,-2,0,-138
1754050024.98146,-1,3,-139
1754050025.01846,1,-6,-134
1754050025.05546,-3,-2,-141
1754050025.09346,0,-1,-141
1754050025.13246,-1,6,-147
1754050025.17046,3,2,-147
1754050025.20646,5,3,-141
1754050025.2434602,2,-3,-150
1754050025.2824602,0,-1,-141
1754050025.32046,0,-1,-146
1754050025.35646,-5,-1,-154
1754050025.39546,3,0,-151
1754050025.43246,5,-5,-140
1754050025.47146,2,3,-142
1754050025.50846,3,4,-140
1754050025.54546,0,-2,-140
1754050025.58346,-6,2,-149
1754050025.62246,-3,-2,-145
1754050025.66046,-10,-6,-141
1754050025.69646,0,-5,-141
1754050025.73446,-3,0,-149
1754050025.77346,4,0,-152
1754050025.81146,2,-3,-147
1754050025.84746,5,-3,-140
1754050025.88646,7,-5,-159
1754050025.92346,6,-6,-152
1754050025.96246,2,0,-146
1754050026.00046,-3,4,-143
1754050026.0364602,-1,1,-144
1754050026.07446,5,-2,-145
1754050026.11246,1,-3,-159
1754050026.1514602,-3,3,-149
1754050026.1874602,1,0,-149
1754050026.22446,5,3,-143
1754050026.26246,8,-6,-149
1754050026.30146,-4,0,-156
1754050026.33746,-5,3,-157
1754050026.37546,0,1,-154
1754050026.41346,3,1,-157
1754050026.45246,-2,1,-147
1754050026.48846,-2,3,-147
1754050026.5264602,-1,1,-141
1754050026.56446,1,2,-154
1754050026.60246,-5,-2,-149
1754050026.6414602,0,5,-157
1754050026.6774602,-4,1,-158
1754050026.71546,-1,5,-153
1754050026.7534602,3,-3,-143
1754050026.7924602,8,-4,-149
1754050026.82846,4,-4,-156
1754050026.86646,2,3,-155
1754050026.9044602,2,-1,-147
1754050026.94246,-2,-2,-157
1754050026.98146,-3,-2,-153
1754050027.01746,3,0,-151
1754050027.05546,0,1,-151
1754050027.09346,-6,3,-154
1754050027.13246,-5,-2,-144
1754050027.16846,6,-2,-134
1754050027.20646,3,-5,-149
1754050027.24546,3,0,-155
1754050027.28346,1,-7,-149
1754050027.32146,-4,-4,-147
1754050027.3584602,3,-1,-148
1754050027.39546,2,2,-149
1754050027.43346,5,0,-146
1754050027.47246,0,0,-150
1754050027.50846,3,5,-134
1754050027.54546,-2,0,-129
1754050027.58346,2,-3,-148
1754050027.62246,0,0,-146
1754050027.65846,-4,0,-147
1754050027.69646,4,5,-140
1754050027.73446,1,-3,-141
1754050027.77346,-3,-2,-158
1754050027.81146,2,-5,-155
1754050027.84746,-4,-1,-151
1754050027.88546,4,-2,-149
1754050027.92346,-1,-7,-146
1754050027.96246,-5,-5,-136
1754050027.99946,2,-1,-135
1754050028.0364602,0,-4,-149
1754050028.07446,0,0,-141
1754050028.11346,-3,-1,-148
1754050028.1514602,1,2,-161
1754050028.1874602,4,2,-150
1754050028.22446,5,-10,-140
1754050028.2634602,-1,-13,-141
1754050028.2994602,7,-6,-146
1754050028.33746,-4,-2,-141
1754050028.37546,-5,4,-146
1754050028.41346,3,2,-139
1754050028.45246,1,-4,-132
1754050028.48846,-6,-1,-136
1754050028.5264602,-5,2,-144
1754050028.56446,-7,-1,-138
1754050028.60346,-2,-1,-145
1754050028.63946,0,-2,-152
1754050028.67846,4,-4,-153
1754050028.71546,-1,0,-144
1754050028.7534602,0,0,-142
1754050028.7924602,-4,-2,-148
1754050028.82846,1,-1,-145
1754050028.86646,2,1,-148
1754050028.9044602,-5,0,-136
1754050028.94346,-3,3,-139
1754050028.97946,-4,-4,-133
1754050029.01746,-3,-6,-137
1754050029.05546,-2,0,-131
1754050029.09446,0,-1,-134
1754050029.13246,-1,-3,-143
1754050029.16846,-3,-2,-145
1754050029.20646,2,2,-142
1754050029.24546,2,-1,-137
1754050029.28346,-1,-4,-150
1754050029.3194602,1,-3,-155
1754050029.3584602,4,1,-148
1754050029.39546,-2,2,-135
1754050029.4344602,-7,2,-140
1754050029.47246,1,2,-144
1754050029.50846,1,3,-142
1754050029.54546,5,-2,-136
1754050029.58446,3,-1,-139
1754050029.62246,-2,-3,-150
1754050029.65846,0,-2,-153
1754050029.69546,5,-4,-133
1754050029.73446,4,0,-133
1754050029.77246,3,-2,-135
1754050029.80846,0,0,-144
1754050029.84646,-5,4,-144
1754050029.8844602,5,-3,-139
1754050029.92346,2,1,-146
1754050029.95946,1,-2,-148
1754050029.99746,-4,2,-153
1754050030.03546,1,1,-141
1754050030.07446,-2,-5,-142
1754050030.11246,2,-7,-143
1754050030.14946,-1,-4,-142
1754050030.18646,-2,2,-140
1754050030.22446,-3,3,-151
1754050030.2634602,-8,-4,-132
1754050030.2994602,2,-10,-141
1754050030.33746,0,-7,-142
1754050030.37546,2,-2,-148
1754050030.4144602,5,5,-150
1754050030.4504602,6,0,-148
1754050030.48746,5,-4,-151
1754050030.52546,3,0,-148
1754050030.56446,-3,-4,-131
1754050030.60046,-3,0,-136
1754050030.6384602,0,-1,-137
1754050030.67646,3,1,-135
1754050030.71546,7,-3,-136
1754050030.7534602,-1,0,-139
1754050030.7894602,2,-4,-138
1754050030.82746,-5,-6,-148
1754050030.8654602,2,6,-160
1754050030.9044602,-1,0,-150
1754050030.9404602,-4,-2,-138
1754050030.97846,3,-5,-144
1754050031.0164602,1,-2,-145
1754050031.05446,0,-4,-143
1754050031.09346,4,2,-141
1754050031.12946,4,0,-148
1754050031.1674602,0,0,-147
1754050031.20546,3,-6,-143
1754050031.24446,6,0,-135
1754050031.28046,0,1,-158
1754050031.31746,-3,-3,-148
1754050031.3554602,0,4,-151
1754050031.3944602,-1,0,-144
1754050031.43046,1,0,-146
1754050031.4674602,0,4,-146
1754050031.50546,-6,5,-137
1754050031.54446,-4,-6,-144
1754050031.58046,-2,0,-138
1754050031.61946,2,-7,-144
1754050031.65646,-1,2,-147
1754050031.69546,-10,-3,-150
1754050031.7334602,-2,-1,-155
1754050031.7694602,4,0,-153
1754050031.80646,2,0,-158
1754050031.8454602,2,0,-149
1754050031.88346,2,-1,-148
1754050031.91946,2,-1,-144
1754050031.9574602,4,7,-143
1754050031.99546,-2,2,-160
1754050032.03446,-5,-7,-148
1754050032.07046,-4,-5,-147
1754050032.1084602,-1,-6,-152
1754050032.14646,-1,-4,-143
1754050032.18546,0,-5,-137
1754050032.2234602,3,-8,-148
1754050032.2594602,4,-11,-145
1754050032.29746,7,-4,-149
1754050032.3354602,0,2,-137
1754050032.37446,3,6,-142
1754050032.41046,3,5,-146
1754050032.4474602,2,6,-137
1754050032.48546,1,2,-133
1754050032.52446,-1,1,-143
1754050032.56046,0,7,-140
1754050032.59746,6,2,-142
1754050032.63546,1,1,-149
1754050032.6744602,3,-7,-142
1754050032.7104602,2,-3,-151
1754050032.74846,0,3,-144
1754050032.7864602,0,-1,-135
1754050032.8254602,1,-4,-152
1754050032.8614602,0,-1,-153
1754050032.89946,0,6,-164
1754050032.9374602,-1,0,-146
1754050032.97546,-2,1,-145
1754050033.01446,2,3,-144
1754050033.05046,8,4,-146
1754050033.0884602,4,-2,-147
1754050033.12646,2,-2,-150
1754050033.16546,-1,-5,-153
1754050033.20146,-2,-8,-139
1754050033.23946,0,0,-142
1754050033.27746,5,-2,-149
1754050033.31646,-2,0,-146
1754050033.35446,-2,0,-156
1754050033.39046,-2,4,-152
1754050033.42846,-2,0,-146
1754050033.46646,1,-3,-139
1754050033.50546,-1,0,-148
1754050033.54146,-6,-6,-147
1754050033.57946,-1,-6,-150
1754050033.61746,5,-5,-148
1754050033.65646,0,-5,-147
1754050033.6944602,3,-10,-139
1754050033.7304602,0,-1,-149
1754050033.76846,-3,0,-140
1754050033.80646,-1,2,-152
1754050033.84446,-3,0,-155
1754050033.88046,0,7,-149
1754050033.91846,0,3,-150
1754050033.9574602,2,9,-151
1754050033.99546,1,0,-148
1754050034.03146,-1,0,-145
1754050034.0694602,-5,2,-150
1754050034.10746,-3,1,-142
1754050034.14646,-2,-5,-142
1754050034.1844602,8,-3,-144
1754050034.2204602,3,2,-150
1754050034.25746,7,-1,-144
1754050034.3024602,4,-7,-147
1754050034.34046,7,-3,-154
1754050034.37746,0,1,-147
1754050034.41646,0,-10,-152
1754050034.45246,0,-3,-145
1754050034.4904602,2,1,-145
1754050034.52846,-3,4,-152
1754050034.56646,-2,2,-160
1754050034.6054602,1,-4,-151
1754050034.6414602,-5,-2,-150
1754050034.68046,-7,-6,-148
1754050034.7174602,2,-2,-148
1754050034.7564602,2,0,-146
1754050034.7924602,-1,-5,-141
1754050034.83046,0,-4,-140
1754050034.8684602,2,0,-154
1754050034.9074602,-2,1,-164
1754050034.94546,7,3,-150
1754050034.98146,3,5,-138
1754050035.01846,5,7,-146
1754050035.05746,6,7,-145
1754050035.0954602,5,4,-151
1754050035.1314602,-3,2,-149
1754050035.16946,2,0,-146
1754050035.2074602,1,0,-144
1754050035.2464602,0,-4,-150
1754050035.2824602,0,0,-149
1754050035.3194602,-2,-5,-150
1754050035.35746,-4,-3,-153
1754050035.39646,0,-5,-149
1754050035.43246,-4,-2,-147
1754050035.4704602,2,-2,-150
1754050035.50846,-2,-9,-140
1754050035.54746,-1,-5,-137
1754050035.5854602,5,-2,-149
1754050035.6214602,0,-1,-140
1754050035.66046,-7,4,-135
1754050035.69846,-1,3,-144
1754050035.7364602,-4,0,-146
1754050035.77246,1,2,-136
1754050035.8094602,-1,-3,-142
1754050035.8484602,3,-1,-141
1754050035.88646,0,0,-146
1754050035.92246,3,2,-144
1754050035.9604602,1,0,-148
1754050035.99746,-2,-2,-147
1754050036.0364602,-2,-1,-149
1754050036.0724602,5,-1,-146
1754050036.11046,5,-3,-150
1754050036.14846,5,-1,-156
1754050036.1874602,0,0,-145
1754050036.22546,0,-2,-159
1754050036.26146,9,-1,-152
1754050036.2994602,9,0,-137
1754050036.33746,0,-1,-146
1754050036.37646,2,0,-146
1754050036.41246,-6,-3,-146
1754050036.4504602,-1,-4,-148
1754050036.48846,1,-5,-148
1754050036.52746,2,-2,-156
1754050036.56446,0,-4,-150
1754050036.60146,4,4,-151
1754050036.63946,3,0,-154
1754050036.6774602,2,-2,-150
1754050036.71646,0,-6,-147
1754050036.75246,6,-5,-141
1754050036.79046,5,3,-142
1754050036.82846,3,1,-150
1754050036.86746,-3,3,-138
1754050036.90346,0,0,-132
1754050036.9404602,0,6,-144
1754050036.97846,-2,2,-143
1754050037.01746,-5,5,-141
1754050037.05346,0,0,-148
1754050037.09046,0,2,-148
1754050037.1284602,-3,1,-148
1754050037.1674602,1,-2,-142
1754050037.20346,-8,-5,-135
1754050037.24146,0,1,-147
1754050037.2794602,1,5,-152
1754050037.31846,1,0,-135
1754050037.35646,-2,0,-147
1754050037.39246,-6,1,-148
1754050037.43046,0,-4,-144
1754050037.46846,-1,-6,-147
1754050037.50746,-2,-9,-150
1754050037.54346,0,0,-148
1754050037.58046,5,0,-146
1754050037.6184602,1,0,-151
1754050037.6574602,1,-2,-146
1754050037.69346,3,-3,-141
1754050037.73146,1,-12,-146
1754050037.7694602,-6,-6,-149
1754050037.80846,-2,-2,-133
1754050037.84646,4,-8,-142
1754050037.88246,-1,-6,-138
1754050037.9214602,1,0,-144
1754050037.95846,-3,0,-144
1754050037.99746,1,-4,-142
1754050038.03346,0,-1,-141
1754050038.07146,10,2,-135
1754050038.10946,7,-1,-143
1754050038.14846,9,5,-143
1754050038.1844602,5,-3,-146
1754050038.22246,3,0,-136
1754050038.26046,-5,-5,-140
1754050038.29846,-5,-12,-149
1754050038.33746,-6,-1,-155
1754050038.37346,-11,-2,-153
1754050038.4114602,-8,-1,-145
1754050038.4504602,-5,-4,-152
1754050038.48846,-2,3,-148
1754050038.52446,0,0,-152
1754050038.5624602,1,-5,-136
1754050038.60046,0,5,-144
1754050038.63946,7,-1,-151
1754050038.6774602,4,0,-146
1754050038.7134602,4,-1,-151
1754050038.75146,0,-3,-153
1754050038.7894602,0,-3,-153
1754050038.82846,-4,-5,-149
1754050038.86446,0,0,-142
1754050038.9014602,-3,0,-153
1754050038.93946,0,-2,-150
1754050038.97846,-2,-2,-142
1754050039.01446,-7,0,-145
1754050039.05146,-9,-1,-150
1754050039.08946,-6,-4,-148
1754050039.1284602,-4,2,-136
1754050039.1644602,-4,-1,-142
1754050039.20246,0,-8,-139
1754050039.2404602,1,-6,-154
1754050039.2794602,-6,-3,-148
1754050039.31746,-5,0,-142
1754050039.35346,1,-2,-154
1754050039.39246,1,-3,-148
1754050039.43046,3,1,-144
1754050039.46846,0,-6,-137
1754050039.50446,0,-6,-132
1754050039.5424602,6,-2,-144
1754050039.58046,5,1,-145
1754050039.61946,3,-4,-132
1754050039.6574602,1,1,-144
1754050039.69346,0,-4,-144
1754050039.7304602,1,0,-152
1754050039.7694602,-4,-2,-140
1754050039.80746,2,0,-149
1754050039.84346,-1,-1,-149
1754050039.8814602,-1,0,-139
1754050039.91946,0,1,-147
1754050039.95846,2,9,-145
1754050039.99446,5,2,-149
1754050040.0324602,-1,1,-148
1754050040.07046,0,0,-141
1754050040.10946,-2,0,-133
1754050040.14746,-1,0,-146
1754050040.18346,-2,0,-146
1754050040.22146,-2,-8,-142
1754050040.2594602,-2,-2,-150
1754050040.29846,3,-1,-133
1754050040.33446,7,-3,-131
1754050040.37246,3,-4,-141
1754050040.41046,4,1,-141
1754050040.44946,1,1,-139
1754050040.48546,-2,-1,-141
1754050040.52346,-2,3,-141
1754050040.56146,-4,0,-142
1754050040.59946,-9,-4,-141
1754050040.6384602,1,0,-139
1754050040.6744602,5,3,-133
1754050040.71146,0,3,-134
1754050040.74946,0,1,-145
1754050040.78846,-2,0,-142
1754050040.82446,5,-1,-141
1754050040.86246,7,0,-150
1754050040.90046,1,-1,-159
1754050040.93946,1,-2,-148
1754050040.97546,-2,-6,-148
1754050041.0134602,0,-6,-126
1754050041.05146,2,0,-135
1754050041.09046,2,0,-145
1754050041.1284602,5,0,-144
1754050041.1644602,11,-3,-148
1754050041.20246,-1,-3,-136
1754050041.2404602,-2,-6,-150
1754050041.2794602,1,3,-147
1754050041.3154602,-4,4,-145
1754050041.35346,-4,1,-145
1754050041.3914602,-3,4,-138
1754050041.43046,-3,-3,-135
1754050041.46846,-3,0,-134
1754050041.50446,-1,0,-153
1754050041.5424602,7,-1,-153
1754050041.58046,2,-5,-148
1754050041.61946,4,-3,-151
1754050041.65546,5,0,-145
1754050041.69246,-2,1,-147
1754050041.7304602,0,-4,-144
1754050041.7694602,5,-2,-145
1754050041.80546,2,0,-153
1754050041.8424602,-3,0,-142
1754050041.88046,-2,-4,-135
1754050041.91946,0,3,-137
1754050041.95546,-2,5,-131
1754050041.9934602,0,11,-148
1754050042.03146,3,3,-148
1754050042.07046,3,-1,-143
1754050042.1084602,-5,-1,-150
1754050042.1444602,-3,0,-161
1754050042.18246,-4,1,-164
1754050042.22146,-1,-3,-159
1754050042.2594602,-1,-3,-154
1754050042.29546,-2,1,-161
1754050042.33346,4,-5,-155
1754050042.3714602,0,-2,-155
1754050042.41046,6,-2,-166
1754050042.44646,6,-4,-159
1754050042.48446,2,1,-146
1754050042.52246,-3,-4,-145
1754050042.56046,5,-3,-145
1754050042.59946,3,-5,-146
1754050042.63546,5,-4,-143
1754050042.67346,4,-4,-146
1754050042.71246,2,-5,-139
1754050042.75046,-1,-7,-134
1754050042.7864602,0,-3,-141
1754050042.82446,0,-7,-140
1754050042.86246,1,-8,-145
1754050042.90046,6,0,-151
1754050042.93946,0,-1,-145
1754050042.97546,-2,-4,-151
1754050043.0134602,-4,-2,-159
1754050043.05146,0,1,-156
1754050043.09046,-3,-1,-136
1754050043.12746,-4,-1,-133
1754050043.16546,4,1,-144
1754050043.20246,2,0,-135
1754050043.24146,-2,-5,-141
1754050043.2794602,0,3,-158
1754050043.3154602,1,6,-157
1754050043.35246,1,1,-151
1754050043.3914602,-1,-5,-148
1754050043.42946,0,1,-148
1754050043.46546,2,-5,-155
1754050043.5034602,2,-5,-142
1754050043.54146,0,-3,-153
1754050043.58046,0,-5,-144
1754050043.61646,3,-2,-146
1754050043.6544602,4,-2,-145
1754050043.69246,1,4,-150
1754050043.73146,1,-4,-144
1754050043.7694602,9,0,-136
1754050043.80546,6,0,-137
1754050043.84346,0,0,-144
1754050043.8814602,-3,-2,-151
1754050043.92046,-3,-4,-139
1754050043.95646,-6,-6,-143
1754050043.99446,-4,0,-151
1754050044.0324602,-4,0,-154
1754050044.07146,0,-4,-138
1754050044.10946,0,5,-142
1754050044.14546,-1,-3,-143
1754050044.18346,-2,-2,-150
1754050044.22146,3,0,-152
1754050044.26046,1,-2,-148
1754050044.30446,2,-2,-148
1754050044.3424602,6,0,-143
1754050044.3814602,0,0,-139
1754050044.4174602,1,0,-139
1754050044.45546,6,1,-138
1754050044.4934602,2,-3,-147
1754050044.53146,-7,-7,-139
1754050044.57046,-1,-6,-143
1754050044.60646,-1,-9,-137
1754050044.6444602,-9,-5,-140
1754050044.68246,-3,0,-143
1754050044.72146,-5,-5,-141
1754050044.75746,0,-6,-144
1754050044.79446,-2,-5,-133
1754050044.8324602,2,-1,-144
1754050044.8714602,7,-9,-146
1754050044.9074602,7,-6,-141
1754050044.94546,0,0,-150
1754050044.9834602,0,1,-140
1754050045.02146,0,-1,-150
1754050045.06046,0,-2,-153
1754050045.09646,1,-2,-150
1754050045.1344602,0,0,-148
1754050045.17246,2,-1,-154
1754050045.21146,0,-2,-146
1754050045.24746,1,-4,-146
1754050045.28546,0,0,-151
1754050045.32346,-3,-2,-147
1754050045.36246,1,-2,-141
1754050045.40046,-1,4,-143
1754050045.43646,-5,-6,-148
1754050045.47446,-9,-7,-142
1754050045.51246,-9,0,-137
1754050045.55146,0,-1,-140
1754050045.58746,0,-2,-149
1754050045.62646,-4,6,-141
1754050045.6644602,-4,4,-148
1754050045.70246,-4,-3,-148
1754050045.7404602,-3,2,-153
1754050045.7764602,5,-4,-153
1754050045.81446,4,-3,-154
1754050045.85346,1,-4,-150
1754050045.8914602,5,-3,-151
1754050045.9274602,1,-4,-144
1754050045.96546,-3,0,-143
1754050046.0034602,-4,-4,-146
1754050046.0424602,-2,-2,-142
1754050046.08046,4,-4,-147
1754050046.11646,0,2,-143
1754050046.15346,4,-5,-144
1754050046.19246,-3,0,-143
1754050046.22846,7,-1,-157
1754050046.2664602,5,4,-148
1754050046.30446,-2,1,-148
1754050046.3424602,4,1,-153
1754050046.3814602,0,-5,-154
1754050046.4174602,4,-4,-148
1754050046.45646,1,4,-137
1754050046.49446,9,2,-141
1754050046.5324602,1,-4,-153
1754050046.56846,1,1,-147
1754050046.60646,0,2,-147
1754050046.6444602,-1,-5,-145
1754050046.68246,8,-8,-143
1754050046.71846,4,-7,-147
1754050046.7564602,0,-5,-150
1754050046.79446,-3,-6,-151
1754050046.8324602,4,-8,-143
1754050046.8714602,0,-8,-149
1754050046.9074602,0,-7,-148
1754050046.94546,0,-3,-146
1754050046.9834602,1,4,-146
1754050047.02246,2,0,-140
1754050047.05846,-6,0,-148
1754050047.09646,2,2,-144
1754050047.1344602,-7,0,-142
1754050047.17346,-3,-2,-140
1754050047.21146,-1,3,-148
1754050047.24746,2,2,-141
1754050047.28446,4,6,-151
1754050047.32346,-2,3,-150
1754050047.3614602,2,-2,-139
1754050047.39746,0,-5,-145
1754050047.4344602,3,-6,-145
1754050047.4734602,-1,2,-148
1754050047.51146,0,0,-150
1754050047.54746,7,0,-153
1754050047.58446,2,2,-137
1754050047.62346,2,-3,-144
1754050047.6614602,-1,-7,-145
1754050047.6974602,-3,-3,-138
1754050047.73546,0,0,-140
1754050047.77346,0,-4,-148
1754050047.8124602,-4,0,-157
1754050047.8484602,0,-4,-147
1754050047.88546,7,-4,-150
1754050047.92346,1,-3,-152
1754050047.96246,1,-4,-151
1754050047.99846,-8,-4,-149
1754050048.0364602,-2,3,-153
1754050048.0754602,4,2,-142
1754050048.11346,-1,2,-149
1754050048.1514602,0,-1,-137
1754050048.1874602,-4,-2,-140
1754050048.22546,3,-5,-128
1754050048.2634602,0,1,-137
1754050048.3024602,1,7,-140
1754050048.3384602,1,7,-138
1754050048.37546,-2,2,-153
1754050048.41346,-4,9,-148
1754050048.45346,-2,0,-154
1754050048.48946,4,0,-147
1754050048.5264602,3,3,-142
1754050048.56446,-2,1,-138
1754050048.60346,-4,-5,-139
1754050048.63946,-2,-4,-150
1754050048.6774602,4,-6,-153
1754050048.71546,2,-2,-143
1754050048.7534602,0,-6,-154
1754050048.7924602,-3,-3,-150
1754050048.82846,2,2,-134
1754050048.8654602,-2,0,-138
1754050048.90346,-1,1,-142
1754050048.94246,-4,1,-151
1754050048.97846,7,2,-148
1754050049.01546,1,3,-143
1754050049.05446,0,0,-136
1754050049.0924602,-2,-4,-142
1754050049.1284602,5,-8,-139
1754050049.16646,-1,0,-142
1754050049.20546,4,0,-139
1754050049.2434602,4,0,-141
1754050049.2794602,2,1,-146
1754050049.31646,-3,-5,-140
1754050049.3554602,-5,-6,-143
1754050049.39346,-4,3,-134
1754050049.42946,0,0,-140
1754050049.46646,-2,0,-150
1754050049.50546,0,5,-141
1754050049.54346,-2,-4,-147
1754050049.57946,-9,3,-139
1754050049.6184602,6,1,-149
1754050049.65546,0,4,-141
1754050049.6944602,-1,0,-134
1754050049.73246,0,2,-147
1754050049.76846,0,-1,-147
1754050049.80646,-3,-1,-162
1754050049.84446,0,-5,-159
1754050049.88346,-2,0,-153
1754050049.91946,-2,0,-151
1754050049.9574602,-5,-4,-146
1754050049.99546,0,-5,-148
1754050050.03446,2,-7,-153
1754050050.0724602,5,-1,-147
1754050050.1084602,5,-1,-145
1754050050.14646,0,-2,-143
1754050050.1844602,-2,2,-139
1754050050.2234602,3,-2,-144
1754050050.2594602,-1,0,-153
1754050050.2964602,-6,-2,-150
1754050050.33446,-5,-4,-148
1754050050.37346,-4,-2,-143
1754050050.40946,0,-6,-153
1754050050.44646,11,1,-145
1754050050.48446,4,0,-147
1754050050.52346,0,0,-149
1754050050.5594602,7,0,-151
1754050050.59646,6,0,-136
1754050050.6344602,-1,6,-143
1754050050.67346,-1,2,-148
1754050050.70946,-2,1,-136
1754050050.74746,0,-4,-148
1754050050.78546,2,-1,-145
1754050050.82446,1,-2,-153
1754050050.86046,-3,-3,-149
1754050050.89846,-5,-2,-145
1754050050.93646,-1,-2,-138
1754050050.97446,6,5,-150
1754050051.0134602,-3,7,-147
1754050051.0494602,-2,5,-148
1754050051.0884602,0,2,-149
1754050051.12546,0,-1,-146
1754050051.1644602,0,-1,-144
1754050051.20146,0,-3,-140
1754050051.23846,-2,-7,-130
1754050051.2764602,-5,-7,-131
1754050051.3154602,0,0,-147
1754050051.35346,-4,-5,-147
1754050051.38946,0,3,-140
1754050051.42646,-2,-5,-142
1754050051.46546,-1,0,-153
1754050051.5034602,-2,-1,-140
1754050051.5394602,0,-3,-144
1754050051.57746,5,-8,-149
1754050051.6154602,2,-4,-146
1754050051.6544602,9,-8,-132
1754050051.6904602,2,-4,-141
1754050051.72946,-1,-3,-152
1754050051.76746,-3,-5,-145
1754050051.80546,-3,-1,-159
1754050051.84446,-1,5,-144
1754050051.88046,5,-2,-136
1754050051.91846,-1,-1,-153
1754050051.9574602,0,-1,-149
1754050051.99546,0,2,-139
1754050052.03346,0,-2,-141
1754050052.0694602,-2,0,-139
1754050052.10746,-2,-1,-138
1754050052.14546,0,-1,-142
1754050052.1844602,-6,3,-141
1754050052.2204602,-4,0,-149
1754050052.25746,0,0,-150
1754050052.29546,-1,0,-138
1754050052.33446,1,-2,-139
1754050052.37046,5,-1,-141
1754050052.40846,3,3,-144
1754050052.44646,-2,-1,-144
1754050052.48546,0,-3,-156
1754050052.52146,0,-2,-149
1754050052.5594602,-5,-1,-138
1754050052.59746,-1,-5,-151
1754050052.63546,-4,1,-151
1754050052.6744602,2,-2,-146
1754050052.7104602,-2,-3,-146
1754050052.74946,-10,2,-136
1754050052.78746,-4,0,-147
1754050052.8254602,-2,1,-149
1754050052.8614602,0,0,-142
1754050052.90046,-1,-2,-142
1754050052.9374602,7,0,-138
1754050052.97546,-6,-4,-132
1754050053.01446,-2,4,-135
1754050053.05046,-5,-2,-133
1754050053.0884602,-5,-7,-148
1754050053.12646,-4,-9,-150
1754050053.16546,-6,-2,-140
1754050053.20146,-10,3,-146
1754050053.23946,-15,-1,-141
1754050053.27746,-1,-1,-143
1754050053.31646,1,-2,-145
1754050053.35446,-2,2,-141
1754050053.39046,2,2,-140
1754050053.42846,-6,-1,-142
1754050053.46646,-2,-7,-124
1754050053.50546,4,-8,-142
1754050053.54146,11,0,-142
1754050053.57846,3,-3,-140
1754050053.61646,7,-2,-149
1754050053.65546,-5,0,-142
1754050053.69146,-2,1,-141
1754050053.72946,0,0,-137
1754050053.76746,0,2,-133
1754050053.80646,0,1,-138
1754050053.84446,7,2,-141
1754050053.88046,4,-1,-132
1754050053.91846,2,4,-147
1754050053.95646,-7,-5,-147
1754050053.99546,-12,0,-152
1754050054.03146,-1,-1,-145
1754050054.0694602,0,0,-151
1754050054.10746,0,-2,-145
1754050054.14646,7,-2,-150
1754050054.1844602,2,5,-153
1754050054.2204602,-1,2,-141
1754050054.25846,-4,-2,-150
1754050054.2964602,0,-2,-146
1754050054.34146,6,2,-149
1754050054.3784602,0,-1,-149
1754050054.41646,9,0,-143
1754050054.45546,2,1,-143
1754050054.49146,3,-5,-152
1754050054.5294602,-2,-7,-149
1754050054.56746,-7,-5,-141
1754050054.60646,-5,1,-144
1754050054.64346,0,-1,-144
1754050054.68046,8,-6,-147
1754050054.71846,3,2,-144
1754050054.75746,0,0,-149
1754050054.79546,-6,0,-131
1754050054.83146,-7,5,-132
1754050054.86946,-10,-5,-138
1754050054.9074602,2,1,-138
1754050054.94646,10,2,-146
1754050054.9834602,5,3,-146
1754050055.02046,6,-4,-135
1754050055.05846,2,-3,-135
1754050055.09746,1,0,-140
1754050055.13546,2,-6,-145
1754050055.1714602,2,-3,-152
1754050055.20946,2,-1,-149
1754050055.24846,5,-4,-147
1754050055.2864602,1,-6,-149
1754050055.3224602,1,0,-158
1754050055.35946,1,-4,-135
1754050055.39746,1,-7,-141
1754050055.43646,-6,0,-141
1754050055.47246,-4,1,-132
1754050055.51046,0,-5,-144
1754050055.5494602,5,-6,-149
1754050055.58746,5,-5,-134
1754050055.62546,9,-6,-138
1754050055.6614602,6,-8,-142
1754050055.69946,1,-1,-147
1754050055.73746,-3,-2,-138
1754050055.7764602,0,0,-137
1754050055.8124602,1,0,-133
1754050055.84946,2,-6,-156
1754050055.88746,-4,-6,-149
1754050055.92646,-11,0,-139
1754050055.96246,0,0,-133
1754050055.99946,7,1,-139
1754050056.03746,0,1,-146
1754050056.07646,7,-2,-153
1754050056.11246,-1,-1,-144
1754050056.15046,-2,-5,-142
1754050056.18846,2,3,-142
1754050056.22746,7,2,-152
1754050056.2634602,4,7,-146
1754050056.30146,6,-2,-152
1754050056.34046,-2,0,-138
1754050056.37746,2,-2,-137
1754050056.41646,0,-1,-140
1754050056.45246,4,-1,-136
1754050056.4904602,0,-2,-142
1754050056.52846,3,-7,-150
1754050056.56746,7,-5,-151
1754050056.60346,10,-4,-153
1754050056.6414602,0,-6,-144
1754050056.67946,7,0,-146
1754050056.7174602,5,-2,-144
1754050056.7564602,0,0,-146
1754050056.7924602,1,-1,-143
1754050056.83046,0,-7,-141
1754050056.86946,4,0,-138
1754050056.9074602,3,1,-129
1754050056.94346,2,0,-136
1754050056.9804602,0,0,-140
1754050057.01846,4,0,-135
1754050057.05746,-1,-1,-151
1754050057.09346,0,1,-153
1754050057.13046,-3,0,-148
1754050057.16946,-2,-2,-134
1754050057.2074602,-1,-5,-147
1754050057.2434602,6,-3,-138
1754050057.2824602,0,-5,-148
1754050057.3194602,7,2,-151
1754050057.3584602,2,-3,-153
1754050057.39646,0,-5,-148
1754050057.43246,4,-3,-144
1754050057.4704602,0,4,-128
1754050057.50846,3,1,-144
1754050057.54746,2,0,-146
1754050057.58346,1,-4,-141
1754050057.6214602,-7,-7,-144
1754050057.65946,1,-8,-143
1754050057.69846,-4,-3,-137
1754050057.7364602,6,0,-135
1754050057.77246,-2,-3,-140
1754050057.81046,-4,-5,-150
1754050057.8484602,1,-3,-153
1754050057.88746,-1,-7,-146
1754050057.92346,2,-10,-153
1754050057.96146,4,-8,-140
1754050057.99946,2,0,-143
1754050058.03846,-1,0,-143
1754050058.07646,2,-4,-144
1754050058.11246,-1,-3,-153
1754050058.15046,-3,-5,-163
1754050058.18946,0,-3,-149
1754050058.22746,-7,-9,-141
1754050058.2634602,1,-4,-155
1754050058.3024602,4,0,-138
1754050058.33946,2,3,-142
1754050058.3784602,-1,4,-147
1754050058.4144602,-7,1,-149
1754050058.45246,-2,0,-160
1754050058.4904602,0,-3,-150
1754050058.52846,0,-4,-147
1754050058.56746,8,-5,-144
1754050058.60346,7,-6,-147
1754050058.6414602,0,0,-141
1754050058.67946,7,0,-147
1754050058.71846,11,-4,-149
1754050058.75446,0,5,-153
1754050058.79146,0,0,-142
1754050058.82946,-4,-2,-145
1754050058.8684602,2,-2,-136
1754050058.9044602,1,-8,-144
1754050058.94246,1,-10,-136
1754050058.98146,1,0,-141
1754050059.0194602,-11,3,-152
1754050059.05746,-1,0,-146
1754050059.09346,0,5,-150
1754050059.1314602,0,-4,-146
1754050059.16946,1,0,-148
1754050059.2074602,8,-13,-136
1754050059.2434602,1,-6,-127
1754050059.28146,-1,-7,-133
1754050059.3194602,4,-10,-147
1754050059.3584602,4,-9,-142
1754050059.3944602,-6,-2,-138
1754050059.43246,-6,-6,-142
1754050059.4704602,3,0,-157
1754050059.5094602,3,-2,-148
1754050059.54746,-6,3,-144
1754050059.58346,4,0,-144
1754050059.62046,4,-1,-129
1754050059.65946,0,-7,-129
1754050059.6974602,-1,-11,-135
1754050059.7334602,0,-6,-145
1754050059.77146,-3,-6,-147
1754050059.8094602,3,-2,-149
1754050059.8484602,-4,1,-145
1754050059.8844602,-1,-3,-149
1754050059.92246,0,0,-139
1754050059.9604602,3,0,-133
1754050059.99946,6,3,-144
1754050060.03746,2,-1,-148
1754050060.07346,9,-8,-145
1754050060.1114602,0,-2,-149
1754050060.14946,0,-6,-148
1754050060.18846,1,0,-150
1754050060.22446,13,1,-148
1754050060.26246,11,2,-142
1754050060.30146,6,-1,-146
1754050060.33946,3,0,-147
1754050060.37546,-3,3,-142
1754050060.41246,-6,0,-145
1754050060.4504602,-3,2,-148
1754050060.48946,-5,-4,-144
1754050060.52546,-4,-4,-139
1754050060.56446,7,-1,-135
1754050060.60146,9,-1,-140
1754050060.63946,-1,-1,-142
1754050060.67846,-1,-4,-154
1754050060.71446,-4,-2,-157
1754050060.75246,-7,-4,-140
1754050060.79046,-4,-1,-140
1754050060.82946,0,0,-151
1754050060.8654602,6,3,-151
1754050060.90246,2,1,-155
1754050060.9404602,2,3,-148
1754050060.97946,0,-6,-136
1754050061.01546,0,2,-145
1754050061.0524602,-8,0,-141
1754050061.09046,-3,-7,-149
1754050061.12946,0,0,-136
1754050061.16546,-3,3,-150
1754050061.20346,0,0,-152
1754050061.24246,-4,2,-154
1754050061.28046,0,0,-159
1754050061.31846,-1,2,-157
1754050061.3554602,0,-3,-152
1754050061.39246,14,-1,-154
1754050061.43046,4,0,-143
1754050061.46946,0,3,-139
1754050061.50546,-4,-3,-147
1754050061.54346,6,-4,-143
1754050061.58146,-5,-6,-146
1754050061.62046,1,0,-149
1754050061.65846,-3,-4,-151
1754050061.6944602,1,-2,-145
1754050061.73246,-1,-1,-141
1754050061.77046,3,2,-138
1754050061.8094602,5,0,-152
1754050061.8454602,6,0,-148
1754050061.88246,10,5,-152
1754050061.9214602,4,0,-150
1754050061.95946,6,-4,-149
1754050061.99546,0,-8,-140
1754050062.03446,-10,-2,-147
1754050062.07146,-3,0,-146
1754050062.11046,-3,0,-142
1754050062.14846,-1,-1,-152
1754050062.18546,-1,2,-153
1754050062.2234602,-1,0,-148
1754050062.26146,-4,2,-145
1754050062.30046,7,2,-150
1754050062.33646,17,0,-139
1754050062.37446,3,-2,-139
1754050062.4114602,0,-2,-140
1754050062.4504602,-3,-4,-150
1754050062.4864602,0,-5,-147
1754050062.52446,3,1,-140
1754050062.56346,-3,-2,-141
1754050062.60046,-2,1,-151
1754050062.63946,-6,0,-146
1754050062.67546,-1,-10,-139
1754050062.7134602,-8,-18,-150
1754050062.75146,-7,-12,-143
1754050062.79046,-4,0,-145
1754050062.82646,0,0,-141
1754050062.86346,2,2,-151
1754050062.9014602,2,-3,-145
1754050062.9404602,9,-3,-146
1754050062.97646,9,-8,-153
1754050063.01446,7,-2,-139
1754050063.0524602,4,-1,-139
1754050063.09146,6,2,-144
1754050063.12946,-1,0,-142
1754050063.16546,-3,2,-162
1754050063.20446,2,-3,-156
1754050063.24146,4,0,-147
1754050063.28046,0,0,-146
1754050063.31646,5,-1,-151
1754050063.35446,3,-2,-153
1754050063.39246,6,-7,-159
1754050063.43146,-5,-5,-137
1754050063.46946,-12,-2,-140
1754050063.50546,0,-3,-143
1754050063.54346,-4,-2,-155
1754050063.58146,-4,1,-155
1754050063.62046,-6,-2,-148
1754050063.65646,-4,-4,-139
1754050063.6944602,-6,-2,-143
1754050063.7334602,-5,-6,-146
1754050063.77146,2,-5,-146
1754050063.8094602,3,-10,-133
1754050063.8454602,-4,-9,-140
1754050063.88346,-2,3,-144
1754050063.9214602,-2,2,-147
1754050063.9604602,2,7,-135
1754050063.9964602,0,-1,-139
1754050064.03446,3,0,-139
1754050064.0724602,8,0,-149
1754050064.1114602,8,-5,-149
1754050064.14946,6,-2,-156
1754050064.18546,3,-4,-142
1754050064.2234602,-4,2,-139
1754050064.26146,-2,4,-147
1754050064.30046,0,1,-149
1754050064.34446,-3,-1,-143
1754050064.38346,-6,2,-140
1754050064.4214602,4,-2,-144
1754050064.4574602,5,0,-141
1754050064.49446,-3,-6,-143
1754050064.53346,0,0,-155
1754050064.57146,0,-7,-151
1754050064.60746,-4,-1,-145
1754050064.64646,-1,-6,-155
1754050064.68346,-3,-4,-154
1754050064.72146,0,-5,-146
1754050064.76046,2,-1,-147
1754050064.7964602,5,-6,-149
1754050064.83446,0,-8,-149
1754050064.87246,8,0,-153
1754050064.9114602,9,-1,-153
1754050064.9474602,3,-2,-145
1754050064.98546,0,4,-143
1754050065.02446,-5,-6,-138
1754050065.0624602,2,-9,-140
1754050065.10046,0,-6,-141
1754050065.13646,0,-5,-136
1754050065.1744602,0,-3,-134
1754050065.21246,-3,-3,-141
1754050065.25146,0,-1,-147
1754050065.28746,-4,-3,-142
1754050065.3254602,-3,0,-146
1754050065.36346,0,-4,-141
1754050065.40246,-2,-1,-144
1754050065.4404602,4,0,-153
1754050065.47646,0,-2,-159
1754050065.51446,2,-5,-154
1754050065.55346,4,-4,-147
1754050065.59146,0,-4,-139
1754050065.62746,4,-6,-139
1754050065.66646,3,-12,-147
1754050065.70346,7,-7,-146
1754050065.74246,0,-6,-147
1754050065.78046,-4,-5,-145
1754050065.81646,-1,-10,-149
1754050065.85446,4,-6,-140
1754050065.89246,3,-8,-151
1754050065.93146,1,-10,-147
1754050065.9674602,0,-10,-152
1754050066.00546,7,-4,-147
1754050066.04346,4,-3,-143
1754050066.0824602,-1,-1,-143
1754050066.12046,-12,-1,-142
1754050066.15646,-11,1,-128
1754050066.1944602,0,-3,-131
1754050066.23246,-3,0,-140
1754050066.27146,3,0,-131
1754050066.30746,-1,6,-140
1754050066.3454602,11,3,-140
1754050066.38346,5,4,-146
1754050066.42246,-1,-2,-143
1754050066.45846,-8,0,-134
1754050066.4964602,0,-6,-134
1754050066.53446,3,-2,-145
1754050066.5724602,3,1,-147
1754050066.6114602,2,5,-141
1754050066.64746,6,2,-142
1754050066.68546,0,2,-137
1754050066.7234602,-1,2,-139
1754050066.76246,2,-2,-139
1754050066.79846,-3,-3,-133
1754050066.83746,2,-6,-133
1754050066.87446,-2,-3,-141
1754050066.91246,-4,0,-132
1754050066.95146,-4,-7,-129
1754050066.98746,-4,-4,-133
1754050067.02546,-2,-9,-131
1754050067.06346,-6,-8,-136
1754050067.10246,5,0,-157
1754050067.1384602,7,-2,-152
1754050067.17646,6,-2,-138
1754050067.21446,2,-7,-147
1754050067.2534602,-4,-5,-142
1754050067.29146,-4,-4,-145
1754050067.32746,4,-2,-141
1754050067.36646,16,-7,-149
1754050067.40346,10,-2,-140
1754050067.44246,4,-1,-142
1754050067.47846,3,-4,-140
1754050067.5164602,6,0,-153
1754050067.55446,8,-4,-142
1754050067.59346,1,-10,-140
1754050067.6314602,4,-3,-141
1754050067.6674602,1,-2,-142
1754050067.70546,5,2,-144
1754050067.7434602,5,3,-156
1754050067.7824602,1,-2,-133
1754050067.81846,0,1,-140
1754050067.8554602,0,-3,-147
1754050067.89346,2,-6,-151
1754050067.93246,0,-7,-151
1754050067.96846,-1,-4,-137
1754050068.00746,7,6,-150
1754050068.04546,6,-1,-151
1754050068.08346,7,-1,-150
1754050068.1214602,1,0,-140
1754050068.1574602,2,-1,-134
1754050068.19546,9,1,-141
1754050068.2334602,3,5,-131
1754050068.27246,2,-2,-138
1754050068.30846,6,2,-140
1754050068.3454602,-2,3,-155
1754050068.38346,-5,-4,-145
1754050068.42246,-1,-3,-143
1754050068.45846,0,-9,-140
1754050068.49546,2,-6,-137
1754050068.53346,-1,-3,-129
1754050068.5724602,-5,-1,-140
1754050068.6084602,-1,4,-141
1754050068.64646,6,-1,-144
1754050068.6844602,1,0,-141
1754050068.7234602,0,2,-134
1754050068.7594602,-3,1,-139
1754050068.79746,5,1,-145
1754050068.8354602,0,0,-145
1754050068.87346,-3,5,-142
1754050068.91246,-3,0,-144
1754050068.94846,0,2,-140
1754050068.9864602,-2,2,-137
1754050069.02446,-5,2,-132
1754050069.0624602,-5,0,-140
1754050069.0984602,6,4,-148
1754050069.13646,6,-1,-149
1754050069.1744602,7,-8,-148
1754050069.21246,1,-1,-145
1754050069.24846,4,-1,-149
1754050069.2864602,-1,2,-144
1754050069.32446,4,-3,-135
1754050069.36346,3,-4,-146
1754050069.39946,-1,-4,-150
1754050069.4374602,-2,-8,-143
1754050069.47546,5,1,-142
1754050069.51446,3,-4,-152
1754050069.5524602,-3,-8,-150
1754050069.5884602,-2,1,-152
1754050069.62646,0,3,-136
1754050069.6644602,4,-2,-142
1754050069.70346,0,-1,-147
1754050069.73946,-1,-2,-156
1754050069.77746,3,-1,-142
1754050069.8154602,4,-2,-136
1754050069.85446,3,-1,-144
1754050069.89246,3,6,-147
1754050069.92846,1,-1,-138
1754050069.96646,4,-2,-146
1754050070.00446,8,-4,-149
1754050070.04346,0,-2,-142
1754050070.07946,-5,-5,-143
1754050070.11746,-1,-4,-140
1754050070.15546,-1,-9,-146
1754050070.1944602,0,-2,-136
1754050070.23246,-4,0,-141
1754050070.2694602,-2,-1,-151
1754050070.30746,-3,6,-141
1754050070.3454602,1,3,-151
1754050070.3844602,3,0,-150
1754050070.42046,-9,1,-153
1754050070.45846,-4,2,-151
1754050070.4964602,0,-5,-142
1754050070.53446,0,-2,-144
1754050070.57346,1,0,-142
1754050070.60946,7,-3,-140
1754050070.64746,-1,-8,-147
1754050070.68646,-2,-2,-137
1754050070.72446,5,0,-149
1754050070.76046,-2,-2,-140
1754050070.79846,0,-1,-141
1754050070.83646,-3,-5,-150
1754050070.87446,0,5,-126
1754050070.91346,5,0,-131
1754050070.94946,-1,-5,-139
1754050070.98746,0,-2,-153
1754050071.02546,1,-3,-146
1754050071.06446,0,0,-148
1754050071.10046,1,2,-144
1754050071.1384602,5,5,-150
1754050071.17646,1,0,-145
1754050071.21546,-1,0,-158
1754050071.2534602,-4,3,-144
1754050071.2894602,-1,-1,-138
1754050071.32846,-3,-1,-137
1754050071.3654602,-2,-5,-141
1754050071.4044602,-5,-2,-151
1754050071.4404602,-7,-2,-142
1754050071.47846,-6,-2,-142
1754050071.5164602,-4,-8,-141
1754050071.55546,2,-4,-145
1754050071.59346,-3,0,-149
1754050071.62946,7,-3,-145
1754050071.66846,6,-3,-150
1754050071.70646,9,-6,-141
1754050071.74446,1,-9,-157
1754050071.78046,6,-10,-144
1754050071.81846,3,0,-147
1754050071.85646,-1,-1,-150
1754050071.89546,1,0,-155
1754050071.93346,2,3,-146
1754050071.96946,0,1,-150
1754050072.0064602,5,1,-146
1754050072.04546,-1,-5,-138
1754050072.08346,0,-4,-145
1754050072.12046,-10,-3,-147
1754050072.15846,-4,0,-137
1754050072.19646,-3,-1,-139
1754050072.23546,-8,2,-136
1754050072.27146,0,2,-135
1754050072.30846,2,0,-129
1754050072.34646,7,7,-142
1754050072.38546,7,-3,-139
1754050072.4214602,-2,2,-137
1754050072.45946,-4,-3,-143
1754050072.49746,0,-1,-139
1754050072.53546,-1,-2,-138
1754050072.57446,-5,0,-147
1754050072.61046,0,-2,-141
1754050072.64846,0,6,-130
1754050072.68646,0,0,-141
1754050072.72546,1,3,-157
1754050072.76146,-3,0,-157
1754050072.7994602,0,0,-156
1754050072.83746,6,-6,-147
1754050072.87546,4,1,-149
1754050072.9144602,1,-4,-147
1754050072.95146,5,2,-144
1754050072.98946,9,-3,-152
1754050073.0264602,0,3,-136
1754050073.0654602,2,0,-141
1754050073.10146,-3,-9,-136
1754050073.13946,-6,-13,-134
1754050073.17846,-8,1,-141
1754050073.21646,-3,-3,-150
1754050073.25446,1,0,-139
1754050073.29046,0,7,-151
1754050073.32846,1,2,-141
1754050073.36646,0,-3,-147
1754050073.4044602,6,-3,-148
1754050073.4404602,6,-2,-146
1754050073.47846,7,1,-150
1754050073.5164602,-2,0,-146
1754050073.55546,3,-10,-146
1754050073.59146,1,-9,-145
1754050073.6284602,7,-2,-154
1754050073.66646,5,-8,-156
1754050073.70546,-2,-5,-142
1754050073.74146,-6,-6,-148
1754050073.7794602,-1,-3,-137
1754050073.81746,0,-1,-140
1754050073.85646,1,-4,-130
1754050073.8944602,-1,5,-141
1754050073.93046,-3,0,-147
1754050073.96946,5,2,-150
1754050074.0064602,0,1,-137
1754050074.04546,-6,0,-128
1754050074.08146,-10,-2,-139
1754050074.11946,-7,1,-145
1754050074.1574602,0,7,-151
1754050074.19646,3,4,-146
1754050074.23246,2,2,-150
1754050074.2694602,-3,3,-154
1754050074.30746,2,7,-150
1754050074.35146,6,-1,-149
1754050074.38946,2,1,-149
1754050074.42846,6,5,-144
1754050074.46646,-3,3,-136
1754050074.50246,3,-1,-140
1754050074.5394602,-1,-3,-131
1754050074.57746,-5,-3,-144
1754050074.61646,-3,0,-142
1754050074.65246,2,1,-133
1754050074.68946,1,2,-143
1754050074.72746,0,2,-138
1754050074.7664602,0,3,-146
1754050074.8024602,1,-1,-144
1754050074.84046,-6,-4,-143
1754050074.8784602,-1,-4,-146
1754050074.91646,-1,-4,-137
1754050074.95546,-1,-2,-141
1754050074.99146,7,-2,-141
1754050075.0294602,1,-4,-138
1754050075.06746,-3,0,-140
1754050075.10646,1,-1,-144
1754050075.14246,2,-2,-147
1754050075.18146,0,6,-143
1754050075.21846,-1,5,-146
1754050075.25746,-4,0,-141
1754050075.29546,0,-2,-139
1754050075.33146,6,-8,-147
1754050075.36946,5,-3,-136
1754050075.4074602,0,3,-146
1754050075.44646,0,-2,-143
1754050075.48246,-3,-2,-138
1754050075.52046,1,0,-147
1754050075.55846,-3,-8,-146
1754050075.59746,1,0,-137
1754050075.63546,0,-3,-151
1754050075.6714602,-3,-6,-145
1754050075.70946,0,0,-147
1754050075.74846,0,-4,-145
1754050075.7864602,-3,1,-135
1754050075.8224602,-7,-2,-133
1754050075.8614602,-4,-6,-140
1754050075.89846,-6,2,-146
1754050075.9374602,-3,0,-138
1754050075.97546,-3,-2,-147
1754050076.01146,-1,-2,-146
1754050076.0494602,0,0,-139
1754050076.08746,4,2,-139
1754050076.12646,4,-6,-146
1754050076.16246,0,0,-146
1754050076.19946,1,0,-143
1754050076.23746,0,-2,-152
1754050076.2764602,0,-4,-136
1754050076.3124602,0,-1,-147
1754050076.35046,2,-2,-142
1754050076.38946,6,-3,-138
1754050076.4274602,-3,-7,-145
1754050076.4634602,0,-2,-147
1754050076.50246,5,5,-158
1754050076.5394602,-3,8,-145
1754050076.57746,-6,1,-142
1754050076.61646,1,-5,-132
1754050076.65246,-7,-1,-140
1754050076.6904602,-5,0,-143
1754050076.72846,-1,0,-145
1754050076.76746,-1,4,-135
1754050076.80346,-8,-2,-143
1754050076.84146,-5,2,-148
1754050076.87946,1,0,-144
1754050076.9174602,1,0,-152
1754050076.95646,2,-2,-147
1754050076.99246,2,-2,-149
1754050077.03146,2,-6,-147
1754050077.06846,0,-3,-129
1754050077.10746,-6,2,-151
1754050077.14346,-7,-2,-141
1754050077.18146,-4,2,-134
1754050077.21946,-1,-2,-130
1754050077.25846,4,-5,-147
1754050077.2964602,2,-1,-144
1754050077.3324602,4,-1,-142
1754050077.37046,5,0,-151
1754050077.40846,3,0,-142
1754050077.4474602,2,0,-148
1754050077.4834602,3,-1,-151
1754050077.52146,0,0,-146
1754050077.5594602,2,1,-135
1754050077.5984602,2,3,-138
1754050077.63646,0,3,-144
1754050077.67246,5,2,-149
1754050077.70946,4,3,-147
1754050077.74846,-1,-4,-138
1754050077.7864602,0,-2,-138
1754050077.8224602,2,-3,-138
1754050077.86046,-2,0,-139
1754050077.89846,-2,0,-147
1754050077.9374602,0,-7,-142
1754050077.9734602,3,1,-136
1754050078.01046,6,-7,-135
1754050078.04846,5,-3,-144
1754050078.08746,-1,3,-137
1754050078.12346,-3,2,-143
1754050078.1614602,-9,-8,-134
1754050078.19946,-4,-7,-132
1754050078.23846,4,-9,-144
1754050078.27446,5,0,-146
1754050078.31146,7,-2,-127
1754050078.34946,3,-3,-134
1754050078.3884602,1,-2,-145
1754050078.4244602,-8,0,-138
1754050078.46246,-10,4,-143
1754050078.50046,-4,2,-144
1754050078.53846,-2,2,-138
1754050078.57746,3,3,-150
1754050078.61346,3,1,-163
1754050078.6514602,-8,0,-148
1754050078.68946,4,-4,-148
1754050078.72846,9,-2,-138
1754050078.76446,8,-5,-158
1754050078.8024602,4,-4,-149
1754050078.84046,-2,4,-158
1754050078.8784602,5,5,-144
1754050078.9174602,0,3,-149
1754050078.95346,0,2,-148
1754050078.99146,0,0,-138
1754050079.0294602,1,-6,-140
1754050079.06846,-3,0,-153
1754050079.10446,-4,-3,-154
1754050079.14246,0,-6,-145
1754050079.18146,2,0,-148
1754050079.21946,0,-1,-146
1754050079.25746,3,-12,-144
1754050079.29446,0,-6,-141
1754050079.33146,-1,-5,-143
1754050079.36946,-2,0,-153
1754050079.40846,4,-1,-139
1754050079.4444602,2,2,-142
1754050079.48146,1,4,-143
1754050079.5194602,5,3,-145
1754050079.55846,5,4,-150
1754050079.59446,0,0,-147
1754050079.6314602,0,-5,-148
1754050079.66946,2,-4,-142
1754050079.70846,3,-1,-138
1754050079.74446,2,-2,-146
1754050079.7824602,-3,6,-149
1754050079.82046,-6,-4,-151
1754050079.85946,0,7,-153
1754050079.89746,2,3,-145
1754050079.93346,-3,2,-149
1754050079.97146,-8,2,-150
1754050080.0094602,-1,0,-148
1754050080.04846,-1,2,-142
1754050080.0854602,3,-6,-142
1754050080.12246,3,3,-153
1754050080.16046,0,-3,-149
1754050080.19946,-3,-2,-144
1754050080.23546,3,-5,-144
1754050080.27346,-6,-3,-144
1754050080.31146,3,-2,-139
1754050080.34946,5,-2,-125
1754050080.3884602,0,-5,-136
1754050080.4244602,6,-8,-145
1754050080.46246,0,-8,-137
1754050080.50046,-2,1,-132
1754050080.5394602,0,4,-132
1754050080.5754602,-5,0,-134
1754050080.61446,0,0,-143
1754050080.6514602,0,4,-145
1754050080.68946,-1,4,-148
1754050080.72846,-6,3,-142
1754050080.76446,0,2,-138
1754050080.80146,0,2,-131
1754050080.83946,-1,3,-149
1754050080.8784602,-6,0,-152
1754050080.9144602,-7,-1,-154
1754050080.95246,-3,3,-147
1754050080.9904602,1,12,-142
1754050081.0294602,0,7,-140
1754050081.0654602,8,3,-140
1754050081.10246,2,0,-144
1754050081.14046,4,-1,-138
1754050081.17946,7,1,-151
1754050081.21546,4,-6,-139
1754050081.2534602,1,0,-144
1754050081.29146,-1,1,-139
1754050081.33046,5,-1,-148
1754050081.3684602,-1,-2,-156
1754050081.4044602,0,0,-154
1754050081.44146,4,-9,-146
1754050081.4804602,6,-7,-151
1754050081.51846,-1,3,-150
1754050081.55446,2,5,-146
1754050081.59146,7,-5,-144
1754050081.63046,0,-3,-130
1754050081.66846,-2,4,-138
1754050081.70446,0,3,-135
1754050081.74146,1,-3,-150
1754050081.78046,-3,-1,-149
1754050081.81846,3,0,-150
1754050081.85446,-2,3,-148
1754050081.89246,1,6,-139
1754050081.93046,3,-4,-140
1754050081.96946,5,1,-132
1754050082.00546,-1,-7,-137
1754050082.04346,1,1,-143
1754050082.08146,-1,-4,-148
1754050082.12046,-2,-10,-141
1754050082.15646,0,0,-149
1754050082.19346,4,0,-149
1754050082.23146,2,1,-128
1754050082.27046,-6,1,-144
1754050082.30646,0,-2,-144
1754050082.34446,2,-7,-146
1754050082.38246,1,-10,-140
1754050082.42046,3,-4,-133
1754050082.45946,0,-1,-133
1754050082.49546,-1,2,-133
1754050082.53346,1,-3,-137
1754050082.57146,0,1,-137
1754050082.61046,4,-3,-144
1754050082.64646,-1,-2,-147
1754050082.6844602,2,0,-136
1754050082.72246,4,0,-133
1754050082.76046,1,-1,-139
1754050082.7994602,-11,-8,-149
1754050082.8354602,-3,-1,-130
1754050082.87346,0,-2,-148
1754050082.9114602,0,-2,-155
1754050082.9504602,1,-2,-137
1754050082.9864602,5,-4,-137
1754050083.02446,-2,-4,-139
1754050083.0624602,-3,2,-143
1754050083.10146,-4,-1,-139
1754050083.13946,7,0,-141
1754050083.17546,3,-3,-132
1754050083.21446,1,-7,-137
1754050083.25146,-1,-6,-133
1754050083.29046,1,-2,-137
1754050083.32746,-1,-3,-135
1754050083.36446,0,-3,-140
1754050083.40246,0,-1,-139
1754050083.44146,0,1,-142
1754050083.47946,-4,-1,-146
1754050083.51546,-1,-1,-141
1754050083.55346,-3,-1,-135
1754050083.59146,-1,-8,-145
1754050083.63046,-2,0,-147
1754050083.66646,-6,4,-154
1754050083.70546,0,1,-147
1754050083.74246,0,5,-151
1754050083.78146,1,0,-152
1754050083.8194602,0,2,-151
1754050083.8554602,4,0,-144
1754050083.89246,10,-5,-143
1754050083.93146,8,0,-142
1754050083.96946,2,0,-142
1754050084.00546,2,0,-144
1754050084.0424602,-3,-1,-145
1754050084.08146,-6,-2,-151
1754050084.11946,-2,0,-144
1754050084.15546,-2,0,-152
1754050084.19346,-1,-6,-155
1754050084.23146,1,-3,-148
1754050084.2694602,-11,-1,-134
1754050084.30646,-5,-1,-131
1754050084.34446,0,-5,-138
1754050084.39046,-2,-7,-132
1754050084.42646,3,-8,-138
1754050084.46446,0,-8,-142
1754050084.50246,2,-5,-148
1754050084.54146,4,0,-152
1754050084.57746,-1,-2,-149
1754050084.6154602,1,-4,-145
1754050084.65346,1,-1,-147
1754050084.69146,0,-1,-152
1754050084.7304602,-2,-10,-150
1754050084.7664602,-3,-4,-143
1754050084.80546,2,-1,-157
1754050084.8424602,-3,1,-152
1754050084.8814602,0,0,-141
1754050084.9174602,-6,-2,-136
1754050084.95546,-2,-6,-136
1754050084.9934602,-5,-1,-151
1754050085.0324602,0,-1,-146
1754050085.07046,5,-2,-146
1754050085.10646,7,-6,-142
1754050085.1444602,2,-4,-134
1754050085.18346,0,-2,-147
1754050085.22146,5,0,-141
1754050085.25746,5,-3,-146
1754050085.29546,2,-1,-142
1754050085.33346,1,-2,-144
1754050085.37246,5,0,-141
1754050085.41046,4,-8,-145
1754050085.44646,2,-3,-139
1754050085.48446,0,-4,-138
1754050085.52246,2,0,-148
1754050085.56146,5,-1,-136
1754050085.59746,-6,-2,-134
1754050085.63546,5,0,-145
1754050085.67346,2,-1,-144
1754050085.71246,0,-1,-145
1754050085.75046,0,-1,-142
1754050085.7864602,3,-7,-149
1754050085.82446,0,-6,-143
1754050085.86246,1,0,-139
1754050085.9014602,1,-3,-141
1754050085.9374602,-2,2,-141
1754050085.97546,-10,-4,-141
1754050086.0134602,1,1,-130
1754050086.0524602,0,-3,-135
1754050086.09046,-3,5,-146
1754050086.12646,-6,-3,-148
1754050086.1644602,0,-5,-140
1754050086.20246,7,0,-139
1754050086.24146,3,-13,-135
1754050086.27746,2,-8,-134
1754050086.31646,1,-9,-146
1754050086.35446,2,-7,-140
1754050086.39246,-3,-4,-133
1754050086.42846,-2,0,-139
1754050086.46646,2,-7,-142
1754050086.50446,11,1,-148
1754050086.54346,7,-5,-156
1754050086.58146,2,-5,-156
1754050086.61746,0,-4,-139
1754050086.65546,-4,-2,-123
1754050086.69346,1,-2,-138
1754050086.73246,-5,5,-140
1754050086.76846,0,2,-139
1754050086.80546,-2,-2,-149
1754050086.84346,3,-7,-143
1754050086.88246,0,-3,-144
1754050086.91846,5,-1,-146
1754050086.95646,2,-8,-142
1754050086.99446,0,-5,-136
1754050087.03346,0,-2,-141
1754050087.07146,3,0,-139
1754050087.10746,4,-2,-145
1754050087.14546,0,-4,-141
1754050087.1844602,7,2,-133
1754050087.22246,-1,3,-136
1754050087.25846,3,-5,-147
1754050087.2964602,5,-2,-143
1754050087.33446,2,1,-147
1754050087.37346,-1,0,-151
1754050087.4114602,4,0,-145
1754050087.4474602,2,-5,-139
1754050087.48546,2,-5,-147
1754050087.52346,2,-4,-142
1754050087.5624602,-2,-1,-143
1754050087.59946,-4,6,-129
1754050087.63746,5,6,-135
1754050087.6744602,-2,1,-130
1754050087.7134602,5,-1,-132
1754050087.75146,1,-1,-146
1754050087.78746,1,-3,-152
1754050087.82646,1,0,-143
1754050087.86346,2,-9,-150
1754050087.90246,0,-3,-141
1754050087.93846,0,-1,-141
1754050087.97646,1,-6,-143
1754050088.0134602,7,-6,-137
1754050088.0524602,0,-1,-143
1754050088.0884602,3,0,-150
1754050088.12646,-1,-1,-136
1754050088.1644602,-8,2,-132
1754050088.20346,-2,-4,-145
1754050088.23946,0,-2,-143
1754050088.2764602,-5,0,-136
1754050088.31446,-9,-5,-151
1754050088.35346,-3,-3,-150
1754050088.38946,2,2,-137
1754050088.42646,1,0,-138
1754050088.46446,-1,-4,-140
1754050088.5034602,4,-2,-147
1754050088.5394602,1,-6,-146
1754050088.57746,-2,-6,-151
1754050088.6154602,0,0,-143
1754050088.65346,3,-1,-145
1754050088.69246,1,-1,-139
1754050088.72846,-3,-6,-140
1754050088.7664602,-3,-2,-143
1754050088.80446,0,-6,-140
1754050088.84346,-4,0,-147
1754050088.87946,2,0,-140
1754050088.91646,7,0,-136
1754050088.95446,1,-3,-138
1754050088.9934602,1,-4,-143
1754050089.0294602,-2,-3,-139
1754050089.06746,-3,-1,-140
1754050089.10646,2,0,-137
1754050089.1444602,0,1,-135
1754050089.18246,1,-2,-147
1754050089.21846,0,-3,-152
1754050089.2564602,-6,0,-139
1754050089.29446,-7,3,-140
1754050089.33346,-5,-1,-143
1754050089.36946,-3,-7,-148
1754050089.4074602,-5,-6,-148
1754050089.44546,0,-4,-135
1754050089.48446,0,1,-144
1754050089.52246,-4,6,-135
1754050089.55846,1,5,-144
1754050089.5954602,1,-2,-146
1754050089.6344602,5,0,-143
1754050089.67246,4,-6,-150
1754050089.70846,-1,-4,-147
1754050089.7464602,-1,0,-140
1754050089.78446,-2,1,-145
1754050089.82346,0,0,-147
1754050089.85946,0,-2,-136
1754050089.89746,1,8,-143
1754050089.93646,-1,-8,-134
1754050089.97446,0,-2,-147
1754050090.01246,2,0,-145
1754050090.04846,6,-1,-142
1754050090.08646,-2,-3,-139
1754050090.12546,-4,3,-145
1754050090.16346,-2,1,-154
1754050090.19946,3,-1,-143
1754050090.23746,3,0,-139
1754050090.27546,3,0,-142
1754050090.31446,3,-1,-145
1754050090.35046,6,-6,-138
1754050090.3884602,-4,-5,-133
1754050090.42646,3,-3,-133
1754050090.46446,-1,-4,-137
1754050090.5034602,-2,-6,-153
1754050090.5394602,-1,-1,-146
1754050090.57746,-1,-3,-151
1754050090.61646,5,0,-145
1754050090.6544602,7,-2,-131
1754050090.6904602,1,-7,-141
1754050090.72846,-5,-6,-142
1754050090.7664602,-4,1,-154
1754050090.80446,-8,-1,-151
1754050090.84346,5,0,-147
1754050090.87946,0,-1,-139
1754050090.91646,0,-7,-135
1754050090.95446,-5,-2,-145
1754050090.9934602,-4,-3,-152
1754050091.0294602,-8,4,-148
1754050091.06746,0,1,-144
1754050091.1054602,0,-1,-151
1754050091.1444602,0,-7,-145
1754050091.18046,0,-7,-143
1754050091.21846,-3,0,-146
1754050091.2564602,-8,6,-144
1754050091.29546,-10,-3,-148
1754050091.33346,-5,-2,-133
1754050091.36946,-2,-8,-140
1754050091.40846,-6,3,-140
1754050091.44546,0,-2,-150
1754050091.48446,8,0,-148
1754050091.52046,1,-7,-149
1754050091.55846,5,-5,-148
1754050091.59646,5,-4,-149
1754050091.63546,-6,-6,-141
1754050091.67346,7,-7,-140
1754050091.70946,0,-6,-140
1754050091.7464602,-4,-7,-148
1754050091.78546,-1,0,-145
1754050091.82346,0,-5,-147
1754050091.85946,4,-5,-142
1754050091.89846,7,1,-135
1754050091.93546,4,-2,-149
1754050091.97446,3,-5,-140
1754050092.01046,6,-5,-140
1754050092.0494602,0,-4,-136
1754050092.08646,-1,0,-136
1754050092.12546,0,-1,-138
1754050092.16346,2,-1,-153
1754050092.19946,-2,-5,-146
1754050092.23746,5,2,-144
1754050092.27546,8,0,-144
1754050092.31446,-2,-5,-144
1754050092.35046,3,-5,-148
1754050092.3884602,1,-4,-151
1754050092.42646,1,1,-152
1754050092.46546,1,0,-143
1754050092.50146,3,-4,-148
1754050092.5394602,4,3,-154
1754050092.57846,0,3,-156
1754050092.6154602,0,0,-154
1754050092.6544602,0,-3,-148
1754050092.69146,1,-2,-155
1754050092.72846,-2,0,-134
1754050092.7664602,-3,1,-142
1754050092.80546,3,-5,-141
1754050092.84146,0,0,-145
1754050092.8784602,-10,-5,-145
1754050092.91646,-4,-5,-139
1754050092.95546,-7,0,-133
1754050092.99146,-2,-1,-140
1754050093.03046,-1,-2,-151
1754050093.06746,0,-6,-154
1754050093.10646,-4,-8,-155
1754050093.1444602,-4,-8,-141
1754050093.18046,-2,0,-150
1754050093.21846,6,1,-144
1754050093.25746,2,1,-138
1754050093.29546,-1,6,-142
1754050093.33146,1,3,-147
1754050093.36946,3,-3,-127
1754050093.4074602,7,-5,-140
1754050093.44646,-5,-2,-150
1754050093.48446,-1,-11,-149
1754050093.52046,-1,-4,-138
1754050093.55846,2,-6,-141
1754050093.59646,1,-6,-139
1754050093.63546,0,-2,-137
1754050093.6714602,0,4,-143
1754050093.70946,2,-1,-135
1754050093.74746,-1,-3,-145
1754050093.7864602,0,-3,-147
1754050093.82446,1,-4,-141
1754050093.86046,3,-2,-136
1754050093.89846,11,-2,-141
1754050093.93646,-1,1,-140
1754050093.97546,0,7,-137
1754050094.01146,-2,0,-148
1754050094.0494602,0,-4,-144
1754050094.08746,-1,-4,-145
1754050094.12646,2,0,-151
1754050094.1644602,-3,0,-150
1754050094.2004602,2,-1,-138
1754050094.23846,6,-6,-144
1754050094.27746,8,-3,-146
1754050094.3154602,3,-4,-148
1754050094.35146,-4,3,-145
1754050094.39746,1,1,-147
1754050094.43546,0,-5,-146
1754050094.47146,4,-6,-131
1754050094.5094602,4,1,-133
1754050094.54846,7,2,-136
1754050094.58646,5,-3,-140
1754050094.62246,1,0,-140
1754050094.66046,-1,-1,-143
1754050094.69846,-2,0,-139
1754050094.7364602,5,2,-128
1754050094.77246,0,2,-141
1754050094.8094602,-2,2,-152
1754050094.8484602,5,1,-145
1754050094.88646,1,-7,-132
1754050094.92246,-1,-1,-142
1754050094.9604602,-5,1,-141
1754050094.99846,-4,0,-149
1754050095.03746,-3,1,-143
1754050095.0754602,1,-8,-145
1754050095.1114602,1,-6,-152
1754050095.14946,4,-1,-144
1754050095.1874602,1,-4,-142
1754050095.22646,-2,2,-134
1754050095.26246,-1,2,-136
1754050095.30146,6,-1,-144
1754050095.3384602,5,-1,-154
1754050095.37746,2,-4,-150
1754050095.41546,2,-3,-139
1754050095.45146,1,-3,-136
1754050095.4904602,1,-5,-143
1754050095.52746,-3,-5,-147
1754050095.56646,-2,-1,-146
1754050095.60246,5,-8,-135
1754050095.64046,6,-2,-133
1754050095.67846,2,-8,-140
1754050095.7174602,9,-2,-141
1754050095.75546,9,-8,-136
1754050095.79146,4,-8,-144
1754050095.82946,2,1,-135
1754050095.8684602,1,2,-128
1754050095.90646,5,-5,-143
1754050095.94246,3,0,-147
1754050095.97946,0,0,-130
1754050096.01846,2,-6,-137
1754050096.05646,2,-6,-134
1754050096.0924602,6,-10,-131
1754050096.1314602,6,0,-149
1754050096.16846,-3,4,-147
1754050096.2074602,-3,-2,-132
1754050096.2434602,0,0,-132
1754050096.28046,-1,0,-134
1754050096.31846,3,-5,-142
1754050096.35746,3,0,-138
1754050096.39346,-2,-1,-137
1754050096.43146,-8,1,-143
1754050096.46946,-4,-2,-130
1754050096.50746,0,-3,-132
1754050096.5464602,4,-4,-149
1754050096.5824602,1,0,-152
1754050096.62046,-4,-1,-141
1754050096.65846,0,-6,-134
1754050096.6974602,3,-9,-140
1754050096.7334602,-1,0,-145
1754050096.77146,-4,-3,-148
1754050096.8094602,1,0,-141
1754050096.84746,1,-1,-134
1754050096.88646,3,0,-129
1754050096.92246,3,0,-134
1754050096.9604602,2,0,-135
1754050096.99846,3,-7,-141
1754050097.03746,0,-7,-150
1754050097.07346,0,-4,-142
1754050097.11046,-3,0,-144
1754050097.14846,-1,-2,-148
1754050097.1874602,1,-2,-141
1754050097.2234602,-1,2,-136
1754050097.26146,-1,-5,-149
1754050097.2994602,8,-6,-139
1754050097.3384602,2,-9,-133
1754050097.37646,1,-1,-137
1754050097.41246,-3,-9,-137
1754050097.4504602,-7,0,-131
1754050097.48946,-5,-9,-131
1754050097.52746,-2,-2,-139
1754050097.56346,0,-4,-142
1754050097.60246,-7,0,-149
1754050097.63946,-9,-1,-147
1754050097.67846,-7,0,-144
1754050097.71646,2,3,-149
1754050097.75246,4,0,-149
1754050097.7894602,0,0,-142
1754050097.82846,2,3,-146
1754050097.86646,5,-7,-141
1754050097.90246,7,-1,-142
1754050097.9404602,9,3,-141
1754050097.97846,2,3,-141
1754050098.01746,1,3,-141
1754050098.05346,0,0,-149
1754050098.09146,5,-6,-140
1754050098.13046,0,-9,-151
1754050098.16846,0,0,-146
1754050098.20446,6,6,-141
1754050098.24146,-2,9,-142
1754050098.2794602,2,1,-138
1754050098.31846,1,4,-148
1754050098.35446,7,10,-146
1754050098.3914602,2,1,-137
1754050098.43046,0,0,-140
1754050098.46846,0,-5,-149
1754050098.50446,2,-5,-148
1754050098.5424602,5,-3,-145
1754050098.58046,10,1,-143
1754050098.6184602,6,2,-155
1754050098.6574602,0,0,-154
1754050098.69346,-6,0,-152
1754050098.73246,1,1,-156
1754050098.7694602,0,-1,-149
1754050098.80846,6,0,-143
1754050098.84446,5,-1,-144
1754050098.88246,-1,3,-151
1754050098.92046,-1,2,-146
1754050098.95946,-2,-2,-144
1754050098.99746,-4,-4,-139
1754050099.03346,-7,-4,-140
1754050099.0724602,-2,4,-148
1754050099.10946,-6,3,-132
1754050099.14846,3,-2,-139
1754050099.1844602,2,1,-143
1754050099.22246,0,4,-147
1754050099.2594602,0,4,-135
1754050099.29846,-1,3,-144
1754050099.33446,-5,-1,-150
1754050099.37246,5,2,-153
1754050099.41046,4,-2,-157
1754050099.44946,0,2,-146
1754050099.48746,-8,1,-142
1754050099.52446,-2,-7,-141
1754050099.56146,0,3,-155
1754050099.59946,8,-1,-148
1754050099.6384602,0,-6,-147
1754050099.6744602,-3,-3,-146
1754050099.71246,1,-3,-142
1754050099.75046,-1,-6,-151
1754050099.7894602,-6,-11,-138
1754050099.82746,0,4,-151
1754050099.86346,3,6,-150
1754050099.90046,2,1,-147
1754050099.93946,3,1,-141
1754050099.97746,0,0,-153
1754050100.0134602,0,-7,-145
1754050100.05046,2,0,-153
1754050100.08946,-5,-4,-144
1754050100.12746,-5,-2,-144
1754050100.16346,-8,-1,-140
1754050100.20146,-7,0,-147
1754050100.23946,6,-5,-150
1754050100.27846,2,-2,-151
1754050100.31446,6,-2,-147
1754050100.35246,2,-10,-139
1754050100.39046,0,-5,-135
1754050100.42946,5,4,-144
1754050100.46546,2,-5,-134
1754050100.5034602,-2,-5,-128
1754050100.5424602,5,-4,-139
1754050100.57946,3,-6,-132
1754050100.6184602,0,-2,-134
1754050100.6544602,2,-4,-142
1754050100.69246,7,1,-149
1754050100.7304602,2,-2,-150
1754050100.7694602,1,2,-151
1754050100.80546,2,-3,-152
1754050100.84346,2,-2,-148
1754050100.8814602,4,-2,-141
1754050100.91946,0,-2,-141
1754050100.95846,-1,-3,-146
1754050100.99446,3,1,-147
1754050101.03146,4,0,-138
1754050101.07046,-10,2,-140
1754050101.1084602,-3,3,-160
1754050101.1444602,0,-6,-139
1754050101.18146,-1,-4,-141
1754050101.2204602,3,-3,-141
1754050101.25846,1,3,-148
1754050101.29446,0,0,-150
1754050101.3324602,-3,-1,-147
1754050101.3714602,-4,0,-159
1754050101.40946,10,-2,-145
1754050101.44546,8,2,-136
1754050101.48246,4,2,-138
1754050101.52046,-6,0,-141
1754050101.5594602,-3,0,-140
1754050101.5954602,0,-10,-138
1754050101.63346,2,-2,-129
1754050101.6714602,2,1,-139
1754050101.7104602,0,-1,-136
1754050101.74846,1,5,-140
1754050101.78446,3,2,-134
1754050101.82146,10,-1,-132
1754050101.86046,7,0,-139
1754050101.89846,3,-3,-131
1754050101.9344602,11,-2,-136
1754050101.97246,3,0,-146
1754050102.01046,5,-4,-144
1754050102.0494602,0,-4,-133
1754050102.0854602,-3,0,-127
1754050102.12346,0,1,-125
1754050102.1614602,-1,-3,-143
1754050102.2004602,-1,-2,-152
1754050102.2364602,4,-1,-155
1754050102.27446,1,0,-142
1754050102.3124602,2,-6,-142
1754050102.35046,-1,-10,-149
1754050102.38946,-2,-5,-132
1754050102.42546,-4,0,-136
1754050102.4634602,-4,2,-140
1754050102.50146,-2,1,-142
1754050102.54046,-6,-4,-148
1754050102.57646,0,-9,-143
1754050102.61446,3,-6,-150
1754050102.65246,-2,-4,-131
1754050102.6904602,-3,0,-123
1754050102.72946,1,-6,-129
1754050102.76546,3,-4,-136
1754050102.80446,2,-2,-142
1754050102.84146,2,-5,-143
1754050102.88046,3,1,-141
1754050102.91646,1,0,-147
1754050102.95446,0,0,-141
1754050102.99146,1,2,-139
1754050103.03046,5,0,-137
1754050103.06646,0,2,-136
1754050103.10446,5,2,-138
1754050103.1414602,7,1,-134
1754050103.18046,8,-4,-135
1754050103.21646,0,0,-149
1754050103.25446,-1,3,-150
1754050103.29146,-5,-7,-129
1754050103.33046,3,0,-141
1754050103.36646,1,0,-144
1754050103.4044602,6,-7,-145
1754050103.44146,6,-8,-140
1754050103.4804602,11,4,-136
1754050103.5164602,5,3,-139
1754050103.55446,4,-1,-141
1754050103.59146,0,3,-125
1754050103.63046,-3,0,-135
1754050103.66646,-1,-4,-145
1754050103.70446,-2,-3,-148
1754050103.74246,-1,-10,-134
1754050103.78146,-1,-1,-141
1754050103.8194602,7,1,-141
1754050103.8554602,7,0,-149
1754050103.89346,7,-1,-141
1754050103.93146,-3,-5,-150
1754050103.9704602,-1,-3,-142
1754050104.0064602,2,4,-144
1754050104.04346,0,0,-137
1754050104.08146,-1,-3,-147
1754050104.12046,3,0,-144
1754050104.15646,-6,1,-139
1754050104.1944602,-3,-2,-139
1754050104.23246,-1,3,-144
1754050104.27146,-1,2,-135
1754050104.30746,0,0,-143
1754050104.3454602,0,-6,-135
1754050104.38246,1,2,-131
1754050104.42646,5,3,-146
1754050104.46546,0,-2,-144
1754050104.50246,-3,3,-140
1754050104.54146,3,-1,-143
1754050104.57846,0,-3,-143
1754050104.6154602,3,-1,-147
1754050104.65346,9,0,-144
1754050104.69146,11,1,-147
1754050104.7304602,0,-3,-137
1754050104.7664602,3,0,-141
1754050104.80346,-4,3,-147
1754050104.84146,0,6,-154
1754050104.88046,-1,4,-153
1754050104.91646,-1,-2,-146
1754050104.95446,-3,1,-143
1754050104.99246,-4,3,-141
1754050105.03146,6,0,-140
1754050105.06746,6,1,-136
1754050105.10446,2,-1,-127
1754050105.14246,0,-8,-143
1754050105.18146,0,-3,-146
1754050105.2174602,-7,0,-146
1754050105.25546,0,1,-137
1754050105.29446,3,0,-143
1754050105.3324602,1,-8,-132
1754050105.37046,2,-1,-146
1754050105.40646,-7,0,-151
1754050105.4444602,0,0,-142
1754050105.48246,-2,-6,-145
1754050105.52146,-2,-1,-161
1754050105.55746,-3,-3,-148
1754050105.5954602,-2,-1,-134
1754050105.63346,0,0,-145
1754050105.67246,0,-3,-150
1754050105.7104602,0,0,-146
1754050105.7464602,-7,-2,-150
1754050105.78446,-1,-3,-149
1754050105.8224602,-8,2,-144
1754050105.8614602,-5,-1,-132
1754050105.89746,-6,-4,-142
1754050105.93546,4,-1,-146
1754050105.9734602,0,2,-143
1754050106.01246,3,3,-143
1754050106.05046,-2,4,-134
1754050106.08646,2,4,-142
1754050106.12346,5,2,-144
1754050106.16246,1,2,-150
1754050106.19846,1,0,-147
1754050106.23546,-6,4,-136
1754050106.27346,-5,0,-139
1754050106.3124602,-1,-5,-135
1754050106.3484602,4,2,-147
1754050106.38546,2,-3,-142
1754050106.42346,6,-1,-138
1754050106.46246,-7,2,-137
1754050106.49846,-7,3,-133
1754050106.5364602,-3,1,-130
1754050106.57446,-2,0,-136
1754050106.61246,-2,-6,-137
1754050106.6514602,-8,-9,-146
1754050106.6874602,-4,-8,-140
1754050106.72546,0,-2,-137
1754050106.7634602,5,-2,-137
1754050106.8024602,4,1,-149
1754050106.8384602,2,-6,-137
1754050106.87646,0,2,-129
1754050106.9144602,3,5,-146
1754050106.95346,4,0,-151
1754050106.99146,3,3,-149
1754050107.02746,4,-2,-156
1754050107.0654602,-2,-4,-151
1754050107.10346,-5,0,-147
1754050107.14246,-2,0,-149
1754050107.17846,-4,-8,-160
1754050107.21646,0,-2,-143
1754050107.25446,0,-3,-137
1754050107.29346,1,-5,-143
1754050107.33146,11,-4,-141
1754050107.36746,5,-6,-137
1754050107.40546,3,-8,-144
1754050107.4444602,6,-5,-130
1754050107.48246,6,-8,-149
1754050107.51846,1,-5,-143
1754050107.55646,5,-3,-137
1754050107.59446,3,0,-145
1754050107.63346,3,-2,-144
1754050107.6714602,0,-11,-141
1754050107.7074602,4,-7,-141
1754050107.74546,0,-4,-134
1754050107.78346,-5,-8,-137
1754050107.8224602,1,1,-139
1754050107.8584602,2,2,-130
1754050107.89646,4,-5,-154
1754050107.9344602,-1,-6,-138
1754050107.9734602,-2,1,-147
1754050108.01146,4,-2,-147
1754050108.04746,1,-4,-145
1754050108.08646,-2,-1,-147
1754050108.12346,-6,-1,-150
1754050108.16246,3,-3,-140
1754050108.19846,2,4,-140
1754050108.2364602,0,-3,-145
1754050108.27346,0,3,-150
1754050108.3124602,-6,1,-147
1754050108.3484602,-5,0,-150
1754050108.38646,-3,1,-142
1754050108.4244602,-7,0,-147
1754050108.4634602,1,4,-135
1754050108.49946,6,3,-141
1754050108.5364602,-5,-2,-146
1754050108.57446,-1,5,-150
1754050108.61346,-3,-1,-149
1754050108.64946,0,-3,-155
1754050108.6874602,-5,-5,-154
1754050108.72546,0,-5,-149
1754050108.76446,-4,-8,-146
1754050108.8024602,-7,-3,-143
1754050108.8384602,-7,-1,-141
1754050108.87646,0,-8,-143
1754050108.9144602,4,0,-131
1754050108.95346,0,-6,-122
1754050108.98946,8,-1,-139
1754050109.02746,-2,-6,-127
1754050109.0654602,2,0,-128
1754050109.10446,-3,3,-123
1754050109.14246,0,1,-132
1754050109.17846,-5,-3,-143
1754050109.21646,3,-6,-150
1754050109.25446,0,-1,-149
1754050109.29346,0,-6,-144
1754050109.32946,-2,-2,-142
1754050109.36746,-5,-2,-148
1754050109.40546,-4,-1,-153
1754050109.4444602,-6,-9,-134
1754050109.48246,-6,-4,-139
1754050109.51846,1,-2,-142
1754050109.55646,4,0,-136
1754050109.5954602,2,-4,-139
1754050109.63346,5,-1,-146
1754050109.66946,-2,-2,-142
1754050109.7074602,0,2,-154
1754050109.74546,1,1,-139
1754050109.78446,6,0,-139
1754050109.8224602,6,-3,-140
1754050109.8584602,10,-1,-150
1754050109.89646,4,-5,-140
1754050109.9344602,1,-8,-142
1754050109.9734602,5,1,-144
1754050110.0094602,4,0,-149
1754050110.0464602,5,0,-148
1754050110.08446,6,2,-151
1754050110.12346,10,3,-137
1754050110.15946,10,5,-143
1754050110.19646,3,4,-141
1754050110.23446,4,-1,-150
1754050110.27346,1,-1,-141
1754050110.3094602,3,0,-150
1754050110.34646,-1,-5,-136
1754050110.3844602,1,-3,-143
1754050110.42346,-2,-10,-131
1754050110.45946,-10,-9,-147
1754050110.49746,0,1,-155
1754050110.53546,-3,3,-148
1754050110.57446,-3,0,-145
1754050110.6114602,0,0,-155
1754050110.64846,-3,0,-137
1754050110.68646,-1,-3,-147
1754050110.72446,0,0,-157
1754050110.7634602,4,-3,-143
1754050110.7994602,3,-1,-142
1754050110.83746,0,0,-138
1754050110.87546,0,6,-138
1754050110.9144602,2,1,-140
1754050110.9504602,-3,-1,-141
1754050110.98846,-1,-3,-154
1754050111.02746,8,-1,-137
1754050111.0654602,1,0,-146
1754050111.10346,6,0,-136
1754050111.13946,-1,-4,-135
1754050111.1774602,-4,-7,-141
1754050111.21546,4,-1,-134
1754050111.25446,-3,1,-148
1754050111.29046,-2,-1,-153
1754050111.32846,1,-1,-141
1754050111.36646,7,0,-141
1754050111.40546,8,3,-141
1754050111.44346,2,0,-134
1754050111.4804602,0,3,-139
1754050111.51746,0,2,-142
1754050111.55546,4,0,-140
1754050111.59446,-1,-5,-142
1754050111.63046,-3,0,-155
1754050111.66846,0,-1,-144
1754050111.7074602,6,0,-139
1754050111.74546,6,-6,-132
1754050111.78346,1,-4,-144
1754050111.8194602,4,0,-148
1754050111.85746,2,0,-131
1754050111.89546,1,3,-137
1754050111.9344602,6,2,-144
1754050111.9704602,4,-1,-141
1754050112.00846,11,-2,-128
1754050112.0464602,0,1,-131
1754050112.0854602,4,0,-146
1754050112.12346,1,0,-151
1754050112.15946,3,0,-138
1754050112.1974602,1,-3,-139
1754050112.23546,2,2,-134
1754050112.27446,2,0,-151
1754050112.31046,6,0,-148
1754050112.3484602,5,-3,-146
1754050112.38746,0,-7,-146
1754050112.42546,8,-3,-138
1754050112.46146,3,-4,-143
1754050112.49946,2,-2,-140
1754050112.53746,0,1,-145
1754050112.5754602,0,-6,-133
1754050112.61446,5,-3,-139
1754050112.65046,3,0,-147
1754050112.6874602,5,3,-152
1754050112.72546,1,10,-150
1754050112.76446,1,2,-153
1754050112.80046,0,3,-145
1754050112.83746,-8,0,-137
1754050112.87546,0,-3,-145
1754050112.9144602,3,-2,-144
1754050112.9504602,1,-4,-147
1754050112.98846,4,3,-142
1754050113.0264602,5,-3,-141
1754050113.0654602,-7,0,-138
1754050113.10146,2,0,-142
1754050113.13946,-11,7,-143
1754050113.1774602,3,6,-136
1754050113.21646,0,-2,-148
1754050113.25446,0,5,-140
1754050113.29046,-3,3,-136
1754050113.32846,-1,1,-148
1754050113.36646,-2,0,-152
1754050113.40546,0,-1,-145
1754050113.44146,0,-5,-149
1754050113.47846,0,1,-138
1754050113.5164602,-5,0,-146
1754050113.55546,-2,0,-140
1754050113.59146,0,-5,-138
1754050113.6284602,-1,-4,-144
1754050113.66646,1,-2,-142
1754050113.70546,2,-4,-150
1754050113.74146,1,2,-145
1754050113.77846,0,0,-148
1754050113.81646,-1,0,-138
1754050113.8554602,-9,2,-145
1754050113.8914602,2,1,-143
1754050113.92846,6,-5,-141
1754050113.96646,3,-1,-145
1754050114.00546,2,-9,-143
1754050114.04146,-5,-3,-143
1754050114.07946,-4,2,-133
1754050114.11746,4,0,-142
1754050114.15646,3,5,-133
1754050114.19246,3,-1,-129
1754050114.2304602,6,-3,-141
1754050114.26846,3,-4,-131
1754050114.30646,0,-1,-148
1754050114.3454602,-2,-3,-151
1754050114.3814602,2,0,-145
1754050114.41846,-3,-2,-139
1754050114.46246,-2,1,-138
1754050114.50046,-2,0,-152
1754050114.53846,0,-7,-149
1754050114.57646,2,-3,-152
1754050114.6154602,-4,-2,-149
1754050114.6514602,-9,-6,-143
1754050114.68946,-1,-8,-156
1754050114.72846,-6,-3,-144
1754050114.7664602,4,-1,-148
1754050114.8024602,-5,-7,-139
1754050114.84046,-4,0,-139
1754050114.8784602,-2,-2,-140
1754050114.91646,-3,2,-140
1754050114.95546,-2,-5,-149
1754050114.99146,-1,-7,-153
1754050115.0294602,-3,-4,-149
1754050115.06746,-4,-1,-149
1754050115.10646,4,-1,-137
1754050115.14246,5,-3,-140
1754050115.18046,-4,0,-151
1754050115.21946,1,-3,-149
1754050115.25746,-1,-1,-141
1754050115.29546,3,2,-148
1754050115.33146,-1,1,-150
1754050115.36946,-3,0,-148
1754050115.4074602,-6,-6,-137
1754050115.44646,-2,-8,-149
1754050115.48246,-1,-1,-146
1754050115.52146,-4,-2,-140
1754050115.55846,0,9,-140
1754050115.59746,2,6,-145
1754050115.63546,-1,-1,-140
1754050115.6714602,0,2,-148
1754050115.70846,1,3,-135
1754050115.74746,8,6,-144
1754050115.78546,6,-6,-151
1754050115.82146,8,0,-151
1754050115.8584602,4,0,-145
1754050115.89746,-4,0,-148
1754050115.93546,0,-5,-130
1754050115.97146,-4,0,-139
1754050116.0094602,-6,-1,-150
1754050116.04746,-3,-7,-155
1754050116.08646,8,-5,-150
1754050116.12246,5,-5,-147
1754050116.1614602,5,-3,-138
1754050116.19846,2,-3,-141
1754050116.23746,-3,-1,-143
1754050116.27546,-5,-2,-151
1754050116.3124602,0,-3,-148
1754050116.35046,4,-3,-145
1754050116.3884602,7,1,-142
1754050116.4274602,5,2,-136
1754050116.4634602,-5,-2,-140
1754050116.50146,2,-4,-146
1754050116.5394602,0,0,-137
1754050116.57846,2,0,-134
1754050116.61646,1,-4,-136
1754050116.65246,-4,-3,-143
1754050116.6904602,0,-6,-141
1754050116.72846,0,-7,-143
1754050116.76746,-3,-1,-140
1754050116.80346,-5,3,-145
1754050116.8424602,1,-4,-146
1754050116.87946,1,0,-141
1754050116.9174602,-2,1,-139
1754050116.95646,0,-1,-144
1754050116.99246,0,0,-147
1754050117.0294602,-4,-2,-143
1754050117.06846,-1,-1,-150
1754050117.10646,-2,-5,-138
1754050117.14246,-4,-3,-137
1754050117.18046,-6,-3,-134
1754050117.21846,2,0,-147
1754050117.25746,4,-6,-141
1754050117.29346,4,-4,-145
1754050117.33146,3,-3,-140
1754050117.36946,3,-2,-143
1754050117.40846,-3,-2,-126
1754050117.44646,3,-2,-140
1754050117.48246,1,-2,-147
1754050117.52046,-2,0,-146
1754050117.5594602,2,-5,-141
1754050117.59746,4,-6,-139
1754050117.63346,0,-5,-135
1754050117.67246,0,2,-140
1754050117.70946,4,-2,-141
1754050117.74846,0,1,-141
1754050117.7864602,-2,-4,-136
1754050117.8224602,-2,-4,-136
1754050117.86046,-5,-1,-143
1754050117.89846,4,1,-149
1754050117.9374602,-1,-6,-146
1754050117.9734602,-5,-10,-133
1754050118.01246,-10,-1,-135
1754050118.05046,-2,0,-139
1754050118.0884602,5,0,-130
1754050118.12646,2,-2,-156
1754050118.16246,2,0,-137
1754050118.2004602,2,0,-131
1754050118.23846,2,5,-151
1754050118.2764602,-5,-2,-143
1754050118.31346,2,-4,-149
1754050118.35146,0,-3,-142
1754050118.39046,0,-7,-140
1754050118.42846,1,-1,-149
1754050118.46446,-2,-5,-144
1754050118.50246,-4,-8,-142
1754050118.54046,-2,-2,-147
1754050118.57946,-2,0,-136
1754050118.61746,-1,5,-149
1754050118.65346,-4,1,-141
1754050118.69146,-2,-2,-151
1754050118.72946,-7,-2,-152
1754050118.76846,-2,0,-143
1754050118.80446,-5,8,-141
1754050118.84346,0,-4,-145
1754050118.88046,5,-7,-160
1754050118.91846,3,-5,-153
1754050118.9574602,3,-4,-158
1754050118.9934602,0,-3,-150
1754050119.03146,0,3,-142
1754050119.0694602,4,0,-149
1754050119.1084602,1,3,-143
1754050119.1444602,0,6,-150
1754050119.18146,-1,0,-150
1754050119.21946,7,0,-143
1754050119.25846,-3,3,-141
1754050119.29446,-6,0,-130
1754050119.3324602,-6,1,-137
1754050119.37046,2,-5,-121
1754050119.40946,0,0,-146
1754050119.4474602,-4,-1,-141
1754050119.4834602,-9,2,-145
1754050119.52146,-3,1,-137
1754050119.56046,2,4,-143
1754050119.5984602,5,0,-157
1754050119.6344602,5,-3,-152
1754050119.67346,2,0,-140
1754050119.7104602,-10,0,-139
1754050119.74946,-1,5,-141
1754050119.78746,-1,0,-153
1754050119.82346,-1,-5,-146
1754050119.8614602,0,-1,-152
1754050119.89946,-3,-7,-139
1754050119.93846,-1,0,-142
1754050119.97446,-8,-6,-140
1754050120.01246,-3,-1,-145
1754050120.05146,-1,0,-144
1754050120.08946,-5,8,-154
1754050120.12746,3,-5,-157
1754050120.16346,3,1,-159
1754050120.2004602,0,1,-158
1754050120.23946,-1,0,-143
1754050120.27746,-2,-2,-133
1754050120.31446,-5,0,-134
1754050120.35246,-4,5,-133
1754050120.39046,-2,5,-150
1754050120.42946,1,4,-132
1754050120.46546,-1,-2,-136
1754050120.5034602,-1,-2,-140
1754050120.54146,-7,3,-138
1754050120.57946,-5,0,-145
1754050120.6184602,3,2,-138
1754050120.6544602,1,1,-138
1754050120.69246,-1,3,-141
1754050120.7304602,3,-2,-135
1754050120.7694602,2,-7,-141
1754050120.80546,4,-5,-142
1754050120.84346,-2,-5,-140
1754050120.8814602,6,1,-132
1754050120.91946,0,1,-141
1754050120.95846,-4,5,-154
1754050120.99446,0,-4,-152
1754050121.03146,-6,-4,-148
1754050121.07046,0,2,-142
1754050121.1084602,0,-1,-147
1754050121.1444602,-3,4,-154
1754050121.18246,-1,4,-152
1754050121.2204602,-5,-2,-140
1754050121.2594602,-3,-3,-140
1754050121.29546,-6,-10,-139
1754050121.33346,3,-8,-145
1754050121.3714602,-8,-2,-141
1754050121.41046,-4,-3,-140
1754050121.44846,0,1,-139
1754050121.48446,-1,-1,-138
1754050121.52246,6,6,-125
1754050121.56046,4,1,-129
1754050121.59946,0,0,-144
1754050121.63546,-3,0,-142
1754050121.6744602,-2,-2,-129
1754050121.71146,0,-1,-131
1754050121.75046,0,-1,-135
1754050121.78846,-2,3,-142
1754050121.82446,2,2,-139
1754050121.8614602,1,-2,-146
1754050121.90046,0,0,-142
1754050121.93846,4,-1,-143
1754050121.97446,2,5,-140
1754050122.01146,1,1,-142
1754050122.05046,-2,1,-146
1754050122.0884602,-5,0,-156
1754050122.12446,-1,0,-141
1754050122.1614602,-5,-1,-140
1754050122.2004602,0,-6,-140
1754050122.2364602,6,-4,-139
1754050122.27446,-1,3,-155
1754050122.3124602,-1,-3,-158
1754050122.35046,-6,1,-157
1754050122.38946,2,7,-150
1754050122.42546,2,1,-148
1754050122.46246,-8,5,-140
1754050122.50046,-1,-1,-143
1754050122.5394602,2,3,-139
1754050122.5754602,1,-2,-146
1754050122.61446,0,0,-148
1754050122.6514602,0,-1,-146
1754050122.6904602,0,8,-143
1754050122.72646,5,-3,-141
1754050122.76446,1,-1,-133
1754050122.8024602,-4,-1,-136
1754050122.84146,0,6,-135
1754050122.87946,-7,0,-138
1754050122.91546,-3,-4,-125
1754050122.95346,-1,-1,-145
1754050122.99146,0,0,-140
1754050123.03046,6,-1,-143
1754050123.06646,2,-4,-128
1754050123.10446,5,-6,-137
1754050123.14246,3,-4,-132
1754050123.18146,-3,-7,-139
1754050123.21946,5,-8,-130
1754050123.25546,4,-2,-140
1754050123.29346,-1,0,-136
1754050123.33146,0,4,-144
1754050123.37046,2,-3,-135
1754050123.40646,0,-3,-140
1754050123.44546,-1,-1,-148
1754050123.48246,4,1,-148
1754050123.52146,1,3,-147
1754050123.5594602,1,2,-137
1754050123.5954602,2,1,-148
1754050123.63246,5,8,-141
1754050123.6714602,-1,7,-146
1754050123.70946,-3,-2,-142
1754050123.74546,3,2,-141
1754050123.7824602,4,5,-127
1754050123.82146,0,0,-139
1754050123.85946,1,-6,-141
1754050123.89546,3,-7,-131
1754050123.93346,2,-3,-138
1754050123.97146,3,-2,-137
1754050124.01046,10,2,-140
1754050124.0464602,10,-6,-147
1754050124.08446,2,-5,-150
1754050124.12246,-1,2,-144
1754050124.1614602,0,-1,-139
1754050124.19946,2,-6,-138
1754050124.23546,9,-3,-142
1754050124.27346,0,4,-143
1754050124.3124602,5,-2,-140
1754050124.35046,1,-2,-142
1754050124.38646,9,-5,-143
1754050124.42546,7,5,-154
1754050124.4704602,5,10,-143
1754050124.5064602,4,3,-149
1754050124.54446,8,-4,-142
1754050124.5824602,6,-6,-148
1754050124.6214602,-1,-3,-156
1754050124.6574602,5,5,-141
1754050124.6944602,3,-2,-148
1754050124.73246,-4,-1,-138
1754050124.77146,4,2,-137
1754050124.80746,2,-4,-140
1754050124.8454602,9,-4,-136
1754050124.88346,9,-5,-139
1754050124.9214602,7,0,-134
1754050124.9604602,10,-3,-145
1754050124.9964602,-2,-6,-137
1754050125.03446,0,0,-128
1754050125.0724602,4,-1,-148
1754050125.1114602,5,0,-142
1754050125.14746,2,0,-132
1754050125.1844602,6,-7,-137
1754050125.22246,1,0,-148
1754050125.26146,1,-2,-142
1754050125.29746,6,-4,-155
1754050125.3354602,1,-1,-153
1754050125.37446,4,0,-144
1754050125.41246,0,0,-143
1754050125.4504602,0,-3,-147
1754050125.4864602,0,0,-151
1754050125.52346,5,-3,-141
1754050125.5624602,4,-6,-134
1754050125.60046,3,2,-143
1754050125.63646,-6,-3,-148
1754050125.6744602,0,-6,-139
1754050125.71246,4,-1,-131
1754050125.75146,0,-11,-120
1754050125.78746,7,-3,-125
1754050125.82446,8,-6,-132
1754050125.86246,1,0,-144
1754050125.9014602,2,-1,-144
1754050125.9374602,3,3,-142
1754050125.97446,1,-1,-145
1754050126.0134602,7,-5,-140
1754050126.05146,0,-2,-136
1754050126.08746,-1,-5,-145
1754050126.12646,-4,1,-153
1754050126.16346,-3,2,-146
1754050126.20246,0,-1,-147
1754050126.2404602,-4,-2,-152
1754050126.27846,5,-5,-146
1754050126.31646,3,-6,-148
1754050126.35446,-2,-1,-138
1754050126.39246,0,-4,-130
1754050126.43146,-1,-3,-142
1754050126.4674602,0,0,-142
1754050126.50446,6,1,-148
1754050126.5424602,5,-3,-142
1754050126.58146,-2,-7,-139
1754050126.61746,0,-1,-149
1754050126.65546,-1,5,-150
1754050126.69346,7,-4,-157
1754050126.73246,6,-2,-143
1754050126.76846,9,-9,-155
1754050126.80646,-3,-10,-153
1754050126.84446,-4,-2,-142
1754050126.88246,0,2,-131
1754050126.9214602,-3,-4,-127
1754050126.9574602,2,-6,-137
1754050126.99546,4,-3,-147
1754050127.03446,6,0,-151
1754050127.0724602,5,8,-140
1754050127.1084602,1,-1,-148
1754050127.14646,5,-1,-147
1754050127.1844602,4,-3,-139
1754050127.2234602,-10,-2,-148
1754050127.26146,-2,-6,-149
1754050127.29746,-1,1,-154
1754050127.3354602,1,0,-143
1754050127.37346,7,4,-137
1754050127.41246,4,-1,-140
1754050127.44846,2,-6,-143
1754050127.4864602,-2,-7,-135
1754050127.52446,2,-8,-132
1754050127.56346,7,-2,-144
1754050127.60146,-4,0,-151
1754050127.63746,1,0,-143
1754050127.6744602,0,1,-134
1754050127.7134602,5,0,-142
1754050127.75146,-2,-2,-140
1754050127.78746,-6,-9,-138
1754050127.8254602,-7,-2,-142
1754050127.86446,1,-3,-140
1754050127.90246,1,3,-149
1754050127.93846,2,3,-152
1754050127.97546,8,0,-149
1754050128.01446,0,-9,-131
1754050128.0524602,-12,-7,-133
1754050128.0884602,-2,-4,-141
1754050128.12746,6,-1,-138
1754050128.1644602,6,0,-135
1754050128.20346,7,-9,-145
1754050128.23946,2,-5,-140
1754050128.27746,-1,1,-146
1754050128.3154602,8,1,-142
1754050128.35346,5,-5,-153
1754050128.39246,2,-7,-153
1754050128.42846,-2,-15,-136
1754050128.46646,5,-3,-145
1754050128.50546,2,-2,-149
1754050128.54346,0,-2,-141
1754050128.57946,0,-9,-135
1754050128.6184602,5,-8,-137
1754050128.65546,-2,-1,-145
1754050128.69346,-6,-6,-138
1754050128.73246,-5,0,-144
1754050128.76846,-2,1,-142
1754050128.80546,4,4,-140
1754050128.84446,4,5,-139
1754050128.88246,0,-4,-138
1754050128.91846,-2,1,-149
1754050128.95646,-1,0,-147
1754050128.99446,2,-4,-140
1754050129.03346,3,-6,-144
1754050129.0694602,1,-5,-138
1754050129.10746,-2,-1,-135
1754050129.14646,1,-2,-133
1754050129.1844602,0,-6,-140
1754050129.22246,-6,0,-142
1754050129.25846,-2,-1,-143
1754050129.2964602,3,-4,-144
1754050129.3354602,0,-3,-143
1754050129.37346,-4,-9,-139
1754050129.40946,3,-1,-130
1754050129.44846,2,-3,-141
1754050129.48546,-1,-6,-138
1754050129.52446,2,-1,-143
1754050129.5624602,-1,-5,-155
1754050129.5984602,-1,5,-152
1754050129.63646,-3,5,-139
1754050129.6744602,3,-4,-136
1754050129.7134602,4,-7,-128
1754050129.74946,-5,-12,-146
1754050129.78746,3,0,-152
1754050129.82646,5,2,-150
1754050129.86446,0,-6,-146
1754050129.90246,2,-4,-139
1754050129.93846,1,-7,-148
1754050129.97646,-5,-7,-148
1754050130.01446,-3,-2,-144
1754050130.05346,-6,2,-147
1754050130.08946,0,-2,-147
1754050130.12746,-3,1,-142
1754050130.16546,0,0,-133
1754050130.20446,6,-4,-134
1754050130.2404602,-1,-2,-138
1754050130.27846,0,-7,-132
1754050130.31646,6,0,-140
1754050130.35446,2,1,-146
1754050130.39346,2,1,-154
1754050130.42946,-1,1,-163
1754050130.4674602,1,2,-150
1754050130.50546,-2,-3,-132
1754050130.54446,-5,-6,-145
1754050130.58046,-12,-3,-137
1754050130.61946,-5,-2,-145
1754050130.65646,2,-1,-143
1754050130.6944602,-8,0,-155
1754050130.7334602,-3,-1,-152
1754050130.7694602,0,-4,-140
1754050130.80746,-3,-12,-140
1754050130.8454602,4,-6,-133
1754050130.8844602,0,-2,-136
1754050130.92046,-8,0,-148
1754050130.95846,5,1,-133
1754050130.9964602,1,-1,-151
1754050131.03446,7,0,-143
1754050131.07346,1,2,-140
1754050131.10946,-1,-5,-150
1754050131.14746,0,1,-137
1754050131.18646,0,2,-133
1754050131.22446,0,-2,-138
1754050131.26046,0,1,-148
1754050131.29746,1,0,-149
1754050131.33646,0,0,-139
1754050131.37446,0,-8,-144
1754050131.41046,-1,-13,-149
1754050131.44846,2,-3,-137
1754050131.4864602,-5,0,-135
1754050131.52546,-5,-1,-133
1754050131.56346,-5,-1,-144
1754050131.59946,0,-4,-148
1754050131.63746,6,1,-150
1754050131.67546,8,3,-147
1754050131.71446,2,3,-146
1754050131.75046,3,-6,-141
1754050131.78846,-7,-9,-137
1754050131.82746,-2,-3,-129
1754050131.8654602,0,0,-142
1754050131.90346,9,0,-146
1754050131.93946,3,2,-142
1754050131.97646,-7,0,-143
1754050132.01546,-4,-1,-146
1754050132.05346,-6,-1,-144
1754050132.08946,-8,1,-137
1754050132.12746,-4,-5,-147
1754050132.16546,0,5,-147
1754050132.20446,2,7,-150
1754050132.2404602,3,4,-150
1754050132.27746,1,0,-154
1754050132.3154602,-2,-5,-148
1754050132.35446,3,-5,-142
1754050132.39046,1,-3,-135
1754050132.42846,3,4,-140
1754050132.46646,4,2,-145
1754050132.50546,1,3,-143
1754050132.54146,0,9,-146
1754050132.57846,6,3,-142
1754050132.61646,-3,0,-137
1754050132.65546,0,1,-133
1754050132.69146,2,-10,-147
1754050132.72946,0,-6,-143
1754050132.76746,0,-5,-144
1754050132.80546,0,-3,-150
1754050132.84446,-1,0,-141
1754050132.88046,-2,1,-132
1754050132.91846,-7,6,-134
1754050132.95646,0,0,-138
1754050132.99546,-4,-5,-145
1754050133.03146,8,-2,-155
1754050133.07046,-4,0,-138
1754050133.10746,-7,0,-132
1754050133.14646,3,-6,-145
1754050133.1844602,1,-2,-148
1754050133.2204602,-3,0,-144
1754050133.25746,0,-6,-140
1754050133.2964602,-5,0,-131
1754050133.33446,-1,0,-142
1754050133.37046,0,-5,-136
1754050133.4074602,1,1,-135
1754050133.44646,0,-2,-136
1754050133.48446,1,0,-134
1754050133.52046,0,-2,-138
1754050133.55746,3,-3,-152
1754050133.59646,3,0,-151
1754050133.6344602,-1,2,-143
1754050133.67046,-2,8,-148
1754050133.70846,3,-3,-132
1754050133.7464602,0,-1,-122
1754050133.78546,1,-2,-138
1754050133.82146,3,-4,-132
1754050133.85946,5,0,-136
1754050133.89746,12,-3,-145
1754050133.93646,5,-3,-140
1754050133.97446,6,-6,-144
1754050134.01046,0,-1,-142
1754050134.04846,4,-1,-139
1754050134.08746,0,-2,-135
1754050134.12546,5,-5,-146
1754050134.1614602,2,-1,-150
1754050134.2004602,2,0,-144
1754050134.23746,1,-9,-140
1754050134.2764602,-4,-8,-136
1754050134.31446,4,2,-138
1754050134.35046,-1,-5,-151
1754050134.3884602,-7,-3,-143
1754050134.42646,2,0,-148
1754050134.4704602,-4,-1,-138
1754050134.50846,-2,0,-146
1754050134.5464602,-1,-3,-132
1754050134.5854602,-6,0,-132
1754050134.6214602,0,0,-139
1754050134.65846,-3,0,-142
1754050134.69646,-1,-3,-138
1754050134.73546,-5,-7,-135
1754050134.77146,-7,-2,-136
1754050134.8094602,1,-3,-137
1754050134.84746,2,0,-138
1754050134.88646,6,0,-149
1754050134.92246,4,1,-146
1754050134.95946,6,-1,-138
1754050134.99746,1,-3,-143
1754050135.0364602,5,-1,-144
1754050135.0724602,3,-1,-146
1754050135.11046,-2,-4,-141
1754050135.14846,4,-1,-133
1754050135.1874602,-2,0,-137
1754050135.22546,-4,4,-132
1754050135.26146,2,2,-137
1754050135.30046,7,-1,-146
1754050135.3384602,2,-8,-142
1754050135.37646,1,-7,-146
1754050135.41246,-2,-15,-130
1754050135.4504602,2,-11,-145
1754050135.48846,0,-2,-144
1754050135.52746,-1,-6,-144
1754050135.5654602,1,1,-131
1754050135.60146,0,-3,-144
1754050135.63946,3,-6,-140
1754050135.6774602,-2,5,-144
1754050135.71646,4,-3,-140
1754050135.75246,2,-4,-129
1754050135.79046,5,-5,-147
1754050135.82846,0,-3,-143
1754050135.86746,-4,1,-143
1754050135.90546,1,-2,-126
1754050135.94146,5,0,-124
1754050135.97846,-4,0,-142
1754050136.01746,1,-2,-138
1754050136.05546,-2,0,-149
1754050136.09146,0,-6,-151
1754050136.12946,7,-2,-143
1754050136.1674602,3,-4,-140
1754050136.20546,-6,-4,-147
1754050136.24146,-2,3,-144
1754050136.2794602,4,-4,-132
1754050136.31746,6,-2,-134
1754050136.35646,4,5,-135
1754050136.39246,-1,-3,-148
1754050136.43046,2,-2,-146
1754050136.46846,5,4,-145
1754050136.50746,3,-6,-138
1754050136.54346,4,-5,-140
1754050136.58146,0,-4,-140
1754050136.61946,0,3,-145
1754050136.6574602,0,-2,-144
1754050136.69646,1,-3,-127
1754050136.73246,-4,0,-131
1754050136.77046,-4,5,-141
1754050136.80846,-1,-5,-142
1754050136.84746,-3,-2,-136
1754050136.88346,-7,5,-137
1754050136.9214602,3,-3,-145
1754050136.95946,0,-8,-144
1754050136.99746,0,2,-148
1754050137.0364602,4,0,-146
1754050137.0724602,-4,-4,-140
1754050137.11046,-2,-3,-133
1754050137.14846,2,-1,-139
1754050137.1874602,-6,-6,-135
1754050137.2234602,-4,-2,-141
1754050137.26146,-1,-8,-141
1754050137.2994602,2,-6,-128
1754050137.3384602,1,-5,-125
1754050137.37646,-2,3,-150
1754050137.41246,7,-6,-147
1754050137.4504602,2,-4,-148
1754050137.48846,-3,0,-138
1754050137.52746,-3,-4,-135
1754050137.56346,-3,-6,-147
1754050137.60146,-5,2,-134
1754050137.63946,-1,0,-138
1754050137.67846,0,2,-139
1754050137.71646,-1,0,-145
1754050137.75246,8,-1,-150
1754050137.79046,11,0,-143
1754050137.82846,9,-4,-138
1754050137.86746,1,-5,-140
1754050137.9044602,0,0,-139
1754050137.94146,-3,-9,-133
1754050137.97946,0,-3,-144
1754050138.01846,3,-7,-144
1754050138.05646,-4,-6,-138
1754050138.0924602,-3,-9,-139
1754050138.13046,-8,-10,-141
1754050138.16846,-4,0,-142
1754050138.2074602,6,1,-135
1754050138.2434602,-3,0,-136
1754050138.28146,-6,4,-145
1754050138.3194602,1,6,-140
1754050138.3584602,0,9,-137
1754050138.3944602,8,0,-143
1754050138.43146,6,1,-145
1754050138.46946,5,0,-141
1754050138.50846,1,0,-139
1754050138.54446,-2,-6,-142
1754050138.5824602,-2,-1,-152
1754050138.62046,-5,3,-159
1754050138.65846,-2,2,-146
1754050138.6974602,-3,-4,-140
1754050138.7334602,0,-5,-141
1754050138.77146,4,-6,-137
1754050138.81046,-2,-6,-137
1754050138.8484602,-5,-4,-147
1754050138.8844602,-1,-5,-145
1754050138.92346,-4,-3,-139
1754050138.9604602,-3,0,-133
1754050138.99846,-4,-12,-131
1754050139.03746,0,-6,-133
1754050139.07346,4,5,-135
1754050139.1114602,1,-5,-125
1754050139.14946,2,-1,-135
1754050139.18846,0,0,-133
1754050139.22446,8,1,-136
1754050139.26146,10,-4,-135
1754050139.2994602,0,-5,-145
1754050139.3384602,-6,-8,-136
1754050139.37446,-2,2,-142
1754050139.41246,-2,3,-144
1754050139.4504602,0,2,-143
1754050139.4904602,-7,2,-151
1754050139.52846,-1,-1,-143
1754050139.56446,4,-5,-145
1754050139.60246,0,-4,-132
1754050139.64046,4,-8,-145
1754050139.67946,-2,-5,-132
1754050139.7174602,0,0,-144
1754050139.7534602,-8,0,-145
1754050139.79146,-1,0,-149
1754050139.82946,7,1,-147
1754050139.8684602,8,1,-152
1754050139.9044602,3,0,-154
1754050139.94246,4,0,-140
1754050139.98146,2,0,-150
1754050140.0194602,6,-1,-138
1754050140.05746,0,-4,-142
1754050140.09346,-4,0,-149
1754050140.13046,0,-8,-148
1754050140.16946,2,-4,-140
1754050140.2074602,0,-6,-148
1754050140.2434602,3,0,-147
1754050140.28046,0,-6,-134
1754050140.3194602,-1,-4,-146
1754050140.3554602,0,-6,-143
1754050140.39346,1,-1,-146
1754050140.43146,-5,1,-147
1754050140.4704602,2,-2,-151
1754050140.50846,4,-3,-143
1754050140.54446,9,-3,-147
1754050140.58346,4,5,-126
1754050140.62046,-3,1,-138
1754050140.65946,0,-9,-145
1754050140.69546,-1,-6,-138
1754050140.7334602,-2,-3,-137
1754050140.77146,0,-2,-129
1754050140.8094602,7,6,-140
1754050140.8484602,0,9,-141
1754050140.8844602,6,3,-142
1754050140.9214602,4,-6,-146
1754050140.95946,-7,-3,-142
1754050140.99846,2,-4,-135
1754050141.03446,-3,0,-148
1754050141.0724602,-3,-1,-148
1754050141.11046,1,-5,-144
1754050141.14946,-4,-2,-145
1754050141.18546,-6,-1,-144
1754050141.22446,9,0,-140
1754050141.26146,7,3,-137
1754050141.30046,2,-7,-141
1754050141.3384602,4,-4,-149
1754050141.37446,-2,1,-161
1754050141.41246,0,3,-150
1754050141.4504602,-1,-1,-145
1754050141.48946,-1,-2,-142
1754050141.52546,0,3,-125
1754050141.5624602,-2,4,-128
1754050141.60046,1,0,-133
1754050141.63946,-1,-3,-140
1754050141.67546,-1,-10,-135
1754050141.7134602,-5,-6,-138
1754050141.75146,-4,3,-134
1754050141.79046,0,5,-146
1754050141.82846,3,5,-145
1754050141.86446,2,-1,-143
1754050141.90246,1,-2,-148
1754050141.9404602,6,-4,-151
1754050141.97946,2,-3,-150
1754050142.01546,6,3,-149
1754050142.0524602,-2,5,-141
1754050142.09046,0,0,-141
1754050142.12946,1,-3,-147
1754050142.16546,0,-4,-144
1754050142.20446,2,-3,-133
1754050142.24146,7,2,-132
1754050142.28046,1,6,-141
1754050142.31846,2,4,-140
1754050142.35446,-2,-2,-140
1754050142.39246,5,-3,-136
1754050142.43046,-3,0,-155
1754050142.46946,1,3,-137
1754050142.50546,4,1,-132
1754050142.54346,2,2,-123
1754050142.58146,-4,6,-138
1754050142.62046,4,-4,-126
1754050142.65646,-4,-7,-127
1754050142.69546,-5,3,-128
1754050142.73246,-2,2,-140
1754050142.77146,0,3,-138
1754050142.8094602,-6,-2,-140
1754050142.8454602,-7,2,-135
1754050142.8844602,0,3,-141
1754050142.9214602,0,0,-141
1754050142.9604602,0,0,-147
1754050142.9964602,2,2,-148
1754050143.03446,1,2,-132
1754050143.07146,1,-6,-139
1754050143.11046,2,-1,-149
1754050143.14646,-1,-2,-137
1754050143.1844602,0,-1,-137
1754050143.22246,0,-7,-136
1754050143.26146,3,0,-140
1754050143.2994602,8,4,-135
1754050143.3354602,5,0,-136
1754050143.37246,0,-5,-132
1754050143.4114602,2,-6,-145
1754050143.44946,3,-13,-140
1754050143.48546,-2,-11,-140
1754050143.52346,4,-8,-140
1754050143.5624602,0,-5,-148
1754050143.60046,-2,-2,-138
1754050143.63646,0,2,-136
1754050143.6744602,0,7,-135
1754050143.71246,2,0,-139
1754050143.75146,0,-1,-134
1754050143.7894602,-4,-4,-137
1754050143.8254602,-4,-4,-130
1754050143.86346,0,-3,-127
1754050143.9014602,-6,-4,-123
1754050143.9404602,-7,1,-137
1754050143.97646,-3,4,-144
1754050144.01446,1,4,-135
1754050144.0524602,2,-3,-142
1754050144.09146,-4,-4,-135
1754050144.12946,-2,-5,-130
1754050144.16546,1,0,-139
1754050144.20346,-4,4,-155
1754050144.24246,2,-4,-144
1754050144.28046,2,8,-147
1754050144.31646,0,5,-147
1754050144.35346,1,6,-141
1754050144.39246,0,2,-134
1754050144.43046,-5,0,-135
1754050144.47446,-2,3,-141
1754050144.51246,3,-4,-148
1754050144.55146,-4,-2,-134
1754050144.58746,3,-3,-129
1754050144.62646,0,-3,-140
1754050144.66346,3,-3,-150
1754050144.70146,-6,2,-151
1754050144.7404602,-8,0,-151
1754050144.7764602,-4,-1,-141
1754050144.81446,-4,6,-140
1754050144.85246,0,1,-150
1754050144.8914602,3,-3,-147
1754050144.9274602,2,-2,-145
1754050144.96546,9,-4,-137
1754050145.0034602,1,-7,-150
1754050145.04146,0,-4,-149
1754050145.08046,3,-1,-145
1754050145.11646,1,3,-133
1754050145.1544602,0,-1,-137
1754050145.19246,-1,0,-129
1754050145.23146,-7,-1,-138
1754050145.26746,2,1,-137
1754050145.30546,-3,-1,-138
1754050145.34346,3,6,-144
1754050145.38246,-2,-1,-138
1754050145.42046,9,0,-135
1754050145.45646,13,2,-135
1754050145.4934602,-4,0,-135
1754050145.5324602,-2,-3,-137
1754050145.57046,-1,0,-138
1754050145.60646,-2,-3,-137
1754050145.6444602,-4,1,-137
1754050145.68246,0,-1,-130
1754050145.72146,1,3,-140
1754050145.75746,0,0,-129
1754050145.79546,0,2,-145
1754050145.83446,-1,-4,-146
1754050145.87246,0,-8,-146
1754050145.91046,0,-7,-146
1754050145.94646,-5,-5,-145
1754050145.98446,-4,0,-146
1754050146.02246,-7,-5,-139
1754050146.06146,-1,-5,-149
1754050146.09746,1,0,-144
1754050146.13546,10,-6,-141
1754050146.17246,-1,-8,-130
1754050146.21146,-3,-1,-143
1754050146.24746,2,0,-143
1754050146.28546,0,-5,-139
1754050146.3224602,5,1,-132
1754050146.3614602,1,-2,-136
1754050146.39746,2,-3,-147
1754050146.43546,0,-8,-151
1754050146.4734602,-2,-7,-136
1754050146.51246,0,-9,-144
1754050146.54846,3,-3,-147
1754050146.5854602,-2,-3,-149
1754050146.62346,0,-5,-144
1754050146.66246,-4,-3,-146
1754050146.69846,-4,-2,-141
1754050146.7364602,-3,-4,-141
1754050146.77446,4,-7,-149
1754050146.8124602,5,-7,-152
1754050146.85146,3,-5,-146
1754050146.88746,0,-4,-130
1754050146.92546,-6,0,-136
1754050146.9634602,-11,-1,-140
1754050147.00246,-1,-10,-147
1754050147.03846,0,-5,-148
1754050147.07746,1,-2,-144
1754050147.11446,-1,-2,-152
1754050147.15246,-8,-1,-143
1754050147.19146,2,-8,-139
1754050147.22746,-2,-8,-134
1754050147.26546,1,-5,-135
1754050147.30346,0,0,-144
1754050147.3424602,0,-3,-145
1754050147.3784602,-1,1,-149
1754050147.41646,4,-3,-153
1754050147.45446,-3,-1,-145
1754050147.4934602,-3,-2,-138
1754050147.53146,0,-6,-133
1754050147.56746,4,-10,-133
1754050147.60646,-2,-6,-137
1754050147.6444602,5,1,-152
1754050147.68246,6,-2,-137
1754050147.71846,6,-3,-135
1754050147.7564602,5,0,-136
1754050147.79446,1,-5,-141
1754050147.83346,5,-6,-131
1754050147.8714602,11,-2,-129
1754050147.9074602,7,-5,-132
1754050147.94546,0,1,-123
1754050147.9834602,1,4,-137
1754050148.02246,-4,-11,-138
1754050148.05846,4,-6,-141
1754050148.09646,1,-3,-146
1754050148.1344602,-5,-1,-142
1754050148.17346,-4,3,-137
1754050148.21146,1,0,-129
1754050148.24746,-9,4,-131
1754050148.2864602,-5,1,-140
1754050148.32346,-4,0,-142
1754050148.36246,2,-2,-133
1754050148.39846,3,1,-138
1754050148.43646,-2,-5,-145
1754050148.4734602,-2,2,-144
1754050148.51246,-3,2,-155
1754050148.54846,-4,-2,-143
1754050148.58646,-2,0,-137
1754050148.62446,-2,3,-132
1754050148.66346,-3,-4,-135
1754050148.69946,4,0,-136
1754050148.73746,4,0,-142
1754050148.77546,4,3,-137
1754050148.81346,0,0,-134
1754050148.85246,-10,0,-141
1754050148.8884602,-9,2,-145
1754050148.92646,-1,6,-143
1754050148.96446,0,-4,-141
1754050149.0034602,-2,-4,-147
1754050149.0394602,-6,0,-145
1754050149.07746,0,-3,-138
1754050149.1154602,3,-3,-146
1754050149.1544602,-5,5,-144
1754050149.19246,-3,0,-152
1754050149.22846,-4,-2,-139
1754050149.2664602,1,-5,-138
1754050149.30446,5,-1,-132
1754050149.34346,0,1,-136
1754050149.37946,3,-5,-144
1754050149.4174602,4,-6,-152
1754050149.45546,8,0,-127
1754050149.49446,5,-5,-136
1754050149.5324602,2,0,-145
1754050149.56846,0,-6,-145
1754050149.60646,3,-6,-149
1754050149.6444602,4,-7,-142
1754050149.68346,0,-8,-141
1754050149.71946,-1,-1,-138
1754050149.75746,-3,-9,-139
1754050149.79546,1,-1,-147
1754050149.83446,8,-1,-143
1754050149.87246,5,-2,-133
1754050149.90846,-3,-7,-144
1754050149.94646,0,0,-142
1754050149.98446,1,2,-136
1754050150.02346,1,-3,-137
1754050150.0594602,-7,-1,-145
1754050150.09746,-1,-2,-141
1754050150.13546,-7,0,-141
1754050150.1744602,-6,-5,-138
1754050150.21246,-7,-4,-133
1754050150.24846,-12,-3,-141
1754050150.28746,-5,-2,-136
1754050150.32446,-10,-1,-125
1754050150.36346,-7,0,-140
1754050150.39946,-4,0,-154
1754050150.4374602,-3,1,-151
1754050150.47546,-5,-5,-147
1754050150.51446,0,-11,-141
1754050150.55046,0,-4,-141
1754050150.5884602,3,-4,-146
1754050150.62646,1,-1,-141
1754050150.6644602,-3,0,-134
1754050150.70346,-4,-1,-135
1754050150.73946,-3,-3,-140
1754050150.77746,-1,0,-142
1754050150.8154602,1,-1,-144
1754050150.85446,0,0,-137
1754050150.89046,0,-3,-143
1754050150.92846,-2,-5,-138
1754050150.96646,-2,-1,-139
1754050151.00446,-2,-1,-140
1754050151.04346,0,-3,-144
1754050151.07946,2,-3,-136
1754050151.11746,-3,-2,-143
1754050151.15546,3,0,-149
1754050151.1944602,1,0,-146
1754050151.2304602,2,-7,-148
1754050151.26846,-4,-10,-138
1754050151.30646,-6,-4,-139
1754050151.3454602,1,6,-133
1754050151.38346,2,5,-138
1754050151.41946,3,-2,-137
1754050151.45846,0,-5,-135
1754050151.49546,-1,-1,-133
1754050151.53446,0,-7,-136
1754050151.57146,2,0,-138
1754050151.6084602,3,2,-140
1754050151.64646,5,0,-141
1754050151.68546,0,0,-145
1754050151.7234602,0,-6,-151
1754050151.7594602,5,-7,-152
1754050151.79746,5,-6,-138
1754050151.8354602,3,-3,-143
1754050151.87446,0,1,-145
1754050151.91046,-1,2,-145
1754050151.94846,0,0,-135
1754050151.9864602,0,1,-141
1754050152.02546,7,0,-144
1754050152.06346,5,3,-134
1754050152.09946,5,-2,-146
1754050152.1384602,-1,-6,-158
1754050152.17546,-8,-5,-147
1754050152.21446,-8,2,-148
1754050152.25046,-6,-4,-140
1754050152.2894602,5,-8,-144
1754050152.32646,11,-4,-124
1754050152.3654602,7,-2,-133
1754050152.4014602,4,-6,-142
1754050152.43946,2,2,-148
1754050152.47746,0,-2,-142
1754050152.51546,0,-6,-146
1754050152.55446,1,-3,-149
1754050152.59146,0,-4,-143
1754050152.62946,0,0,-150
1754050152.66646,-3,2,-141
1754050152.70546,-2,4,-145
1754050152.74146,-4,2,-147
1754050152.7794602,-5,-1,-144
1754050152.81746,-9,-1,-137
1754050152.8554602,2,-3,-137
1754050152.8944602,3,-3,-141
1754050152.93046,5,-2,-143
1754050152.96846,7,4,-127
1754050153.0064602,4,-6,-132
1754050153.04546,-1,5,-151
1754050153.08146,3,3,-137
1754050153.11946,-1,-1,-139
1754050153.1574602,-1,-3,-136
1754050153.19646,0,2,-151
1754050153.23446,-1,-3,-145
1754050153.27046,1,0,-137
1754050153.30746,6,-3,-138
1754050153.34646,8,2,-131
1754050153.3844602,8,-4,-141
1754050153.42046,0,-1,-138
1754050153.45946,6,0,-148
1754050153.4964602,1,-3,-145
1754050153.53546,4,1,-137
1754050153.5724602,5,-3,-144
1754050153.60946,9,-5,-139
1754050153.64746,1,-6,-147
1754050153.68646,-1,-2,-158
1754050153.72446,2,0,-156
1754050153.76046,6,-1,-147
1754050153.79846,4,3,-139
1754050153.83646,-2,3,-140
1754050153.87546,7,0,-146
1754050153.9114602,-5,1,-139
1754050153.9504602,-3,3,-141
1754050153.98746,-2,-2,-144
1754050154.0264602,-1,-1,-138
1754050154.06446,-3,0,-144
1754050154.10046,0,-3,-139
1754050154.1384602,1,-5,-140
1754050154.17646,5,-1,-141
1754050154.21546,2,-2,-134
1754050154.25146,1,0,-144
1754050154.28846,-3,-2,-140
1754050154.32646,0,0,-137
1754050154.3654602,0,-1,-137
1754050154.4014602,7,1,-140
1754050154.43946,4,-1,-154
1754050154.48246,-2,0,-143
1754050154.52046,0,0,-138
1754050154.5594602,3,2,-138
1754050154.59746,0,0,-144
1754050154.63546,0,-1,-140
1754050154.6714602,7,-2,-137
1754050154.70946,2,1,-134
1754050154.74746,1,0,-144
1754050154.7864602,-1,3,-137
1754050154.8224602,4,5,-145
1754050154.85946,0,-4,-140
1754050154.89746,-1,0,-148
1754050154.93646,-2,0,-163
1754050154.97246,1,1,-145
1754050155.0094602,4,-1,-143
1754050155.04746,1,-1,-141
1754050155.08646,0,0,-136
1754050155.12246,0,-1,-140
1754050155.15946,0,6,-140
1754050155.1974602,-4,-3,-151
1754050155.2364602,0,4,-154
1754050155.27246,-2,3,-142
1754050155.31046,1,3,-146
1754050155.3484602,2,8,-144
1754050155.38746,0,0,-129
1754050155.42546,2,1,-141
1754050155.46146,5,2,-133
1754050155.49946,5,-1,-144
1754050155.53746,5,-7,-150
1754050155.57646,-3,-5,-151
1754050155.61246,-6,0,-154
1754050155.65046,-2,3,-149
1754050155.68946,0,-2,-139
1754050155.72746,3,-5,-147
1754050155.76546,0,0,-148
1754050155.80146,8,-4,-146
1754050155.83946,0,-7,-136
1754050155.87746,10,0,-146
1754050155.91646,6,-1,-139
1754050155.95246,-1,-5,-138
1754050155.9904602,4,-4,-138
1754050156.02846,-1,-1,-143
1754050156.06746,-1,-1,-142
1754050156.1054602,4,-10,-148
1754050156.1414602,-4,-10,-136
1754050156.17946,-3,-14,-143
1754050156.2174602,0,-6,-141
1754050156.2564602,2,0,-137
1754050156.2924602,6,-1,-137
1754050156.33046,6,1,-136
1754050156.3684602,3,4,-139
1754050156.4074602,0,0,-145
1754050156.44346,-1,-1,-140
1754050156.48146,0,-12,-138
1754050156.5194602,0,-7,-126
1754050156.55746,2,0,-133
1754050156.59646,5,0,-138
1754050156.63246,8,3,-139
1754050156.67046,9,-1,-143
1754050156.70846,6,0,-141
1754050156.74746,6,0,-142
1754050156.78346,5,1,-142
1754050156.82046,0,-1,-153
1754050156.8584602,8,-3,-150
1754050156.89746,7,-9,-141
1754050156.93346,7,-4,-143
1754050156.97146,1,0,-142
1754050157.01046,2,-6,-135
1754050157.04746,0,7,-145
1754050157.08646,0,0,-133
1754050157.12346,0,-3,-142
1754050157.16046,4,-2,-150
1754050157.19846,6,-2,-142
1754050157.2364602,5,-2,-133
1754050157.27346,0,-2,-128
1754050157.31046,5,-2,-132
1754050157.3484602,1,0,-139
1754050157.38746,-2,-6,-143
1754050157.42346,0,-4,-136
1754050157.46146,0,0,-136
1754050157.49946,3,-2,-135
1754050157.53846,-2,-4,-132
1754050157.57646,0,0,-143
1754050157.61246,-6,0,-137
1754050157.6514602,0,0,-138
1754050157.68846,-2,-1,-142
1754050157.72746,-1,0,-142
1754050157.7634602,4,4,-136
1754050157.80046,7,1,-138
1754050157.8384602,-1,-7,-135
1754050157.87746,-9,-6,-151
1754050157.91346,1,-2,-150
1754050157.95146,4,3,-138
1754050157.9904602,0,-7,-146
1754050158.02846,-5,-3,-143
1754050158.06646,-4,2,-132
1754050158.10246,-7,1,-139
1754050158.14046,-2,5,-138
1754050158.17846,-2,3,-154
1754050158.2174602,-1,0,-151
1754050158.2534602,-8,9,-134
1754050158.29146,-6,6,-134
1754050158.32946,1,1,-140
1754050158.3684602,-4,5,-138
1754050158.4044602,-1,0,-140
1754050158.44246,3,1,-147
1754050158.48146,3,-5,-133
1754050158.51846,5,2,-138
1754050158.55746,0,-3,-130
1754050158.59346,3,0,-134
1754050158.6314602,6,-6,-129
1754050158.66846,3,-9,-134
1754050158.7074602,4,-7,-139
1754050158.7434602,4,-5,-134
1754050158.78146,2,-5,-138
1754050158.8194602,-6,1,-130
1754050158.8584602,-2,-10,-144
1754050158.8944602,3,-2,-143
1754050158.93246,-7,0,-144
1754050158.9704602,-3,0,-139
1754050159.00846,-1,-8,-152
1754050159.04746,3,-4,-149
1754050159.08346,5,2,-154
1754050159.12046,9,0,-141
1754050159.15846,1,-6,-149
1754050159.1974602,-2,0,-141
1754050159.2334602,4,-3,-144
1754050159.27146,3,4,-139
1754050159.3094602,5,2,-138
1754050159.3484602,-3,-3,-138
1754050159.3844602,1,-3,-147
1754050159.42246,10,-4,-150
1754050159.4604602,2,6,-149
1754050159.49946,-7,1,-142
1754050159.53746,-1,0,-138
1754050159.57346,-4,3,-140
1754050159.6114602,4,2,-151
1754050159.64946,0,8,-139
1754050159.68846,0,0,-150
1754050159.72446,-9,-11,-151
1754050159.7634602,-3,-3,-146
1754050159.80046,1,-1,-139
1754050159.83946,6,-4,-136
1754050159.87746,1,-6,-155
1754050159.91346,6,2,-143
1754050159.9504602,5,-3,-139
1754050159.98946,5,-4,-131
1754050160.02746,1,-1,-140
1754050160.06346,0,-8,-133
1754050160.10146,2,0,-137
1754050160.13946,1,-6,-146
1754050160.17846,0,-1,-137
1754050160.21446,0,6,-149
1754050160.25146,3,2,-147
1754050160.2894602,-4,5,-143
1754050160.32846,0,-1,-135
1754050160.36446,1,0,-138
1754050160.40246,-1,-1,-135
1754050160.4404602,-1,-1,-139
1754050160.47946,-5,2,-145
1754050160.51546,-7,1,-137
1754050160.55346,-6,0,-144
1754050160.5924602,-3,0,-145
1754050160.63046,-2,0,-151
1754050160.66846,8,0,-137
1754050160.70446,6,-3,-134
1754050160.74246,8,-2,-144
1754050160.78146,1,-3,-144
1754050160.8194602,1,1,-134
1754050160.8554602,3,0,-124
1754050160.89246,0,0,-135
1754050160.93046,-3,0,-142
1754050160.96946,-1,-2,-145
1754050161.00546,2,0,-145
1754050161.0424602,-1,0,-139
1754050161.08046,-4,-2,-143
1754050161.11946,0,-8,-132
1754050161.15546,1,-3,-140
1754050161.1944602,-5,-3,-137
1754050161.23146,-8,2,-138
1754050161.27046,-6,7,-140
1754050161.30846,-2,5,-148
1754050161.34446,0,1,-138
1754050161.3814602,-3,1,-137
1754050161.42046,-2,1,-142
1754050161.45846,3,0,-144
1754050161.49446,0,1,-140
1754050161.53146,0,-1,-144
1754050161.57046,-1,7,-142
1754050161.6084602,5,-5,-155
1754050161.6444602,0,0,-137
1754050161.68146,0,1,-145
1754050161.7204602,6,-3,-156
1754050161.75846,1,-2,-141
1754050161.79446,-1,-2,-148
1754050161.8324602,8,2,-141
1754050161.87046,4,-2,-138
1754050161.90946,5,4,-134
1754050161.94546,3,1,-138
1754050161.98246,-8,-3,-139
1754050162.02046,0,-7,-144
1754050162.0594602,1,0,-143
1754050162.0954602,0,4,-149
1754050162.13246,-5,-7,-143
1754050162.17046,0,-2,-148
1754050162.20946,0,-1,-144
1754050162.24546,-6,3,-129
1754050162.28346,3,-1,-139
1754050162.32146,3,0,-149
1754050162.36046,-2,3,-146
1754050162.39646,1,2,-143
1754050162.43346,2,-1,-132
1754050162.47146,-9,5,-138
1754050162.51046,-9,-2,-138
1754050162.5464602,-2,0,-132
1754050162.58446,-1,-6,-130
1754050162.62246,0,-1,-143
1754050162.66046,1,-6,-135
1754050162.69946,-4,0,-131
1754050162.73546,-5,2,-130
1754050162.77346,-3,0,-137
1754050162.81146,-2,0,-144
1754050162.85046,-5,0,-141
1754050162.88646,-2,0,-143
1754050162.92346,4,1,-153
1754050162.96146,-9,4,-142
1754050163.00046,0,0,-128
1754050163.0364602,-1,2,-139
1754050163.07446,-1,6,-137
1754050163.11246,-9,-3,-141
1754050163.15046,-1,-2,-146
1754050163.18946,3,-1,-139
1754050163.22546,-3,-4,-143
1754050163.2634602,-3,-7,-142
1754050163.30146,0,-2,-136
1754050163.34046,6,-6,-134
1754050163.37646,4,-8,-139
1754050163.41546,5,0,-142
1754050163.45246,-2,4,-140
1754050163.49146,0,-5,-142
1754050163.5294602,-7,0,-150
1754050163.5654602,-4,1,-147
1754050163.60346,6,-6,-143
1754050163.6414602,5,-4,-138
1754050163.68046,0,0,-133
1754050163.71646,-8,-8,-138
1754050163.75446,0,-5,-136
1754050163.7924602,3,-3,-141
1754050163.83146,2,-1,-136
1754050163.86946,4,-1,-140
1754050163.90546,1,-2,-130
1754050163.9444602,1,-1,-140
1754050163.98146,-1,4,-142
1754050164.02046,7,3,-150
1754050164.05646,4,-3,-154
1754050164.09446,0,0,-151
1754050164.13246,-2,2,-143
1754050164.1714602,6,-3,-135
1754050164.20946,4,0,-139
1754050164.24546,7,1,-137
1754050164.2824602,4,0,-142
1754050164.32146,-5,0,-137
1754050164.35746,-1,2,-137
1754050164.39546,4,7,-137
1754050164.43346,5,-2,-136
1754050164.47146,8,0,-137
1754050164.51546,4,-1,-139
1754050164.55346,0,-5,-153
1754050164.59146,-4,-2,-138
1754050164.63046,-1,-7,-141
1754050164.66646,-5,-1,-141
1754050164.70446,2,-1,-147
1754050164.74246,-1,-3,-127
1754050164.78146,1,-2,-137
1754050164.81746,3,-6,-140
1754050164.8554602,9,-7,-139
1754050164.8944602,2,-7,-136
1754050164.93146,0,0,-146
1754050164.9704602,0,-9,-145
1754050165.0064602,-1,0,-147
1754050165.04446,-3,-3,-133
1754050165.0824602,0,-4,-143
1754050165.1214602,5,1,-140
1754050165.1574602,3,-3,-138
1754050165.19546,6,0,-139
1754050165.2334602,-1,0,-134
1754050165.27246,0,-1,-140
1754050165.31046,0,-1,-137
1754050165.34646,1,0,-139
1754050165.38346,4,5,-141
1754050165.42246,0,0,-127
1754050165.4604602,9,-2,-134
1754050165.49746,3,-7,-147
1754050165.53546,-4,-6,-139
1754050165.5724602,-1,-3,-140
1754050165.6114602,4,-7,-141
1754050165.64746,1,-1,-137
1754050165.68546,-5,2,-127
1754050165.7234602,4,0,-137
1754050165.76246,-3,-2,-146
1754050165.80046,-3,-2,-156
1754050165.83646,-9,-7,-157
1754050165.87446,0,-1,-151
1754050165.91246,1,-1,-143
1754050165.95146,3,-5,-141
1754050165.98746,-3,-3,-143
1754050166.02546,-3,2,-145
1754050166.06346,5,0,-149
1754050166.10246,-3,-1,-151
1754050166.14046,1,-1,-139
1754050166.17646,8,-7,-142
1754050166.21546,-2,-9,-149
1754050166.25246,0,1,-154
1754050166.29146,-6,-1,-141
1754050166.32746,-4,-1,-139
1754050166.3654602,0,1,-146
1754050166.40346,-3,-7,-140
1754050166.44246,-12,-7,-140
1754050166.47846,-8,-10,-141
1754050166.5164602,-3,-3,-145
1754050166.55446,-7,-5,-144
1754050166.5924602,1,-8,-155
1754050166.6314602,0,-11,-151
1754050166.6674602,-2,-6,-149
1754050166.70546,2,-4,-141
1754050166.74446,0,-4,-136
1754050166.7824602,-2,-1,-146
1754050166.81846,0,0,-152
1754050166.8554602,-3,-1,-144
1754050166.8944602,0,-2,-143
1754050166.93246,-4,-6,-146
1754050166.96846,-4,0,-140
1754050167.00546,-12,-6,-136
1754050167.04346,-5,-8,-138
1754050167.0824602,-1,-5,-140
1754050167.1184602,6,-12,-138
1754050167.1574602,1,-6,-131
1754050167.1944602,8,-3,-137
1754050167.2334602,3,-4,-142
1754050167.27146,1,-3,-129
1754050167.30746,0,0,-137
1754050167.34446,6,1,-145
1754050167.38346,2,0,-144
1754050167.4214602,4,-6,-145
1754050167.4574602,0,-2,-148
1754050167.49546,0,-1,-137
1754050167.53346,1,-4,-130
1754050167.5724602,1,-7,-137
1754050167.6084602,0,-8,-146
1754050167.64646,0,-2,-143
1754050167.6844602,-7,0,-150
1754050167.7234602,-1,2,-135
1754050167.76146,-2,2,-127
1754050167.79746,2,0,-139
1754050167.8354602,8,5,-136
1754050167.87346,5,3,-141
1754050167.91246,1,1,-135
1754050167.94846,2,-5,-138
1754050167.9864602,4,0,-137
1754050168.02446,10,-5,-148
1754050168.06346,4,-1,-136
1754050168.10146,9,0,-135
1754050168.13746,1,2,-137
1754050168.1744602,1,1,-146
1754050168.2134602,2,2,-133
1754050168.25146,1,-5,-138
1754050168.28746,1,1,-138
1754050168.32446,-6,-6,-145
1754050168.36346,-1,0,-144
1754050168.39946,6,-3,-143
1754050168.4374602,-2,-10,-132
1754050168.47546,-1,2,-133
1754050168.5134602,0,0,-141
1754050168.5524602,5,-7,-140
1754050168.5884602,0,-1,-135
1754050168.62646,-1,1,-142
1754050168.6644602,1,1,-150
1754050168.70346,5,0,-144
1754050168.73946,3,-3,-144
1754050168.77746,0,-3,-143
1754050168.8154602,3,0,-141
1754050168.85346,-1,1,-133
1754050168.89246,0,-7,-131
1754050168.92846,-7,-2,-134
1754050168.96646,-4,4,-138
1754050169.00446,-1,-3,-132
1754050169.04346,11,-2,-127
1754050169.08046,7,-2,-135
1754050169.11746,5,-8,-141
1754050169.15546,1,-3,-137
1754050169.1944602,7,2,-141
1754050169.23246,0,-3,-145
1754050169.26846,0,-3,-146
1754050169.30746,0,-4,-149
1754050169.34446,-4,-7,-147
1754050169.38346,0,1,-135
1754050169.41946,-4,1,-133
1754050169.4574602,-2,-1,-137
1754050169.4964602,-6,0,-129
1754050169.53446,-3,-1,-142
1754050169.5724602,0,-6,-153
1754050169.6084602,2,-6,-146
1754050169.64646,-4,-6,-140
1754050169.6844602,-1,0,-145
1754050169.7234602,-4,5,-135
1754050169.7594602,0,1,-136
1754050169.7964602,-5,-5,-139
1754050169.83446,0,-1,-141
1754050169.87346,4,0,-136
1754050169.90946,3,0,-136
1754050169.94646,1,4,-136
1754050169.98546,4,4,-129
1754050170.02346,1,-1,-142
1754050170.0594602,11,-1,-143
1754050170.09746,6,3,-142
1754050170.13546,7,0,-147
1754050170.1744602,0,-5,-145
1754050170.21246,-4,-8,-140
1754050170.24846,5,-7,-137
1754050170.2864602,2,-8,-142
1754050170.32446,6,-4,-138
1754050170.36346,2,-3,-128
1754050170.39946,1,0,-139
1754050170.4374602,2,1,-133
1754050170.47546,1,-1,-140
1754050170.51446,1,0,-138
1754050170.55046,0,6,-142
1754050170.58746,3,1,-137
1754050170.62546,2,-1,-135
1754050170.6644602,-12,-11,-128
1754050170.7004602,-3,-15,-139
1754050170.73846,-2,-10,-144
1754050170.77746,1,2,-147
1754050170.81446,-3,-1,-143
1754050170.85346,6,1,-143
1754050170.88946,7,-2,-149
1754050170.9274602,-3,0,-148
1754050170.96546,0,-2,-140
1754050171.00446,4,4,-141
1754050171.04046,0,2,-135
1754050171.07746,-4,-2,-139
1754050171.1154602,-4,-4,-136
1754050171.1544602,0,-5,-148
1754050171.1904602,1,-2,-148
1754050171.22846,-1,2,-132
1754050171.2664602,-4,2,-133
1754050171.30546,-2,-2,-130
1754050171.34346,0,-2,-133
1754050171.37946,-4,0,-140
1754050171.41846,-4,-4,-132
1754050171.45646,3,-6,-137
1754050171.49446,9,0,-134
1754050171.53046,9,0,-137
1754050171.56846,2,0,-139
1754050171.60646,2,-4,-139
1754050171.64546,2,-8,-148
1754050171.68346,5,-5,-138
1754050171.71946,0,0,-131
1754050171.7564602,-1,-4,-147
1754050171.79546,4,1,-143
1754050171.83346,-1,-1,-140
1754050171.86946,-2,-3,-136
1754050171.9074602,-3,-5,-139
1754050171.94546,-1,-1,-137
1754050171.98446,1,1,-137
1754050172.02046,2,-3,-138
1754050172.05846,2,0,-137
1754050172.09746,0,-8,-139
1754050172.13546,6,-1,-143
1754050172.17346,0,-1,-139
1754050172.20946,7,0,-137
1754050172.24746,6,-1,-135
1754050172.28546,8,-1,-135
1754050172.32346,0,-3,-137
1754050172.35946,0,-3,-138
1754050172.39746,0,-3,-145
1754050172.43546,5,-2,-138
1754050172.47446,-4,-2,-143
1754050172.51046,-3,-2,-144
1754050172.54846,-1,-4,-143
1754050172.58646,2,-2,-136
1754050172.62546,0,-2,-138
1754050172.6614602,-3,-3,-140
1754050172.69946,-4,2,-144
1754050172.73746,1,-2,-148
1754050172.7764602,11,-4,-146
1754050172.81446,9,-3,-142
1754050172.85046,6,-3,-142
1754050172.88946,10,1,-131
1754050172.92646,0,1,-136
1754050172.96546,3,-6,-141
1754050173.00146,-1,-6,-137
1754050173.0394602,-4,-2,-134
1754050173.07746,-1,0,-134
1754050173.1154602,11,1,-132
1754050173.1544602,8,-3,-146
1754050173.1904602,4,-2,-139
1754050173.22846,4,-5,-143
1754050173.2664602,1,1,-143
1754050173.30546,5,-2,-143
1754050173.34146,-2,2,-137
1754050173.38046,6,-9,-143
1754050173.4174602,10,-1,-139
1754050173.45646,-1,-1,-137
1754050173.49446,-2,-7,-144
1754050173.53046,2,0,-153
1754050173.56746,-1,-4,-136
1754050173.60646,3,1,-139
1754050173.6444602,0,2,-139
1754050173.68046,4,0,-141
1754050173.7174602,0,5,-150
1754050173.7564602,4,0,-138
1754050173.79446,8,0,-134
1754050173.83046,-1,0,-147
1754050173.8684602,4,2,-144
1754050173.90646,2,-5,-135
1754050173.94546,9,-6,-139
1754050173.98146,2,-2,-145
1754050174.0194602,0,-1,-144
1754050174.05746,-1,-1,-145
1754050174.09646,2,-2,-131
1754050174.1344602,8,0,-146
1754050174.17046,10,3,-143
1754050174.2074602,-1,0,-146
1754050174.2464602,0,0,-143
1754050174.28446,-3,0,-141
1754050174.32046,-10,0,-135
1754050174.35946,-3,0,-140
1754050174.39646,6,-7,-141
1754050174.43546,0,0,-134
1754050174.47246,7,0,-142
1754050174.5094602,4,-2,-134
1754050174.55546,5,-3,-127
1754050174.59146,-2,-3,-131
1754050174.62946,-2,1,-140
1754050174.6674602,3,0,-139
1754050174.70646,7,-4,-136
1754050174.74246,5,2,-148
1754050174.7794602,1,0,-138
1754050174.81846,-2,-3,-134
1754050174.85646,3,3,-134
1754050174.89246,6,1,-140
1754050174.92946,4,-1,-143
1754050174.9674602,-10,1,-139
1754050175.0064602,3,-1,-134
1754050175.0424602,-5,-2,-146
1754050175.08046,0,-5,-142
1754050175.1184602,-2,0,-141
1754050175.15646,1,-2,-132
1754050175.19546,0,2,-137
1754050175.23146,0,-4,-130
1754050175.27046,-7,-3,-147
1754050175.30746,0,-5,-144
1754050175.34646,0,-6,-143
1754050175.38246,-1,0,-145
1754050175.42046,-3,0,-138
1754050175.45846,-1,-3,-129
1754050175.49746,3,-5,-124
1754050175.53546,-5,-3,-129
1754050175.57146,-9,-2,-136
1754050175.60946,0,-3,-140
1754050175.64746,4,-5,-139
1754050175.68646,5,-7,-142
1754050175.72246,3,0,-142
1754050175.7594602,-5,-1,-149
1754050175.79746,7,-3,-137
1754050175.83646,0,-7,-139
1754050175.87246,2,-2,-138
1754050175.9114602,1,-8,-145
1754050175.94946,8,0,-140
1754050175.98746,5,0,-141
1754050176.02546,0,-2,-142
1754050176.06146,6,-1,-142
1754050176.09946,-5,0,-140
1754050176.13746,-5,4,-144
1754050176.17646,-1,2,-145
1754050176.21246,-5,3,-142
1754050176.25046,-2,1,-141
1754050176.28846,-4,0,-147
1754050176.32746,-1,5,-138
1754050176.3654602,8,1,-135
1754050176.4014602,1,-4,-138
1754050176.43946,0,-1,-147
1754050176.47746,0,-1,-136
1754050176.5164602,-3,-12,-126
1754050176.5524602,-14,-9,-130
1754050176.59146,-1,-5,-145
1754050176.62946,-6,-6,-142
1754050176.6674602,1,1,-152
1754050176.70346,9,-2,-148
1754050176.74146,5,-6,-148
1754050176.7794602,1,-3,-146
1754050176.81746,-3,-4,-142
1754050176.85646,-1,2,-139
1754050176.89246,0,1,-139
1754050176.92946,-1,-13,-135
1754050176.9674602,1,-4,-135
1754050177.0064602,0,-6,-145
1754050177.0424602,0,-4,-140
1754050177.08046,-4,-1,-139
1754050177.1184602,-4,-2,-129
1754050177.1574602,1,-1,-142
1754050177.19346,-1,7,-145
1754050177.23246,7,3,-141
1754050177.2694602,2,1,-131
1754050177.30746,11,2,-136
1754050177.34346,7,-1,-132
1754050177.38246,-6,-9,-137
1754050177.41946,-1,-9,-140
1754050177.45846,0,-6,-139
1754050177.4964602,4,6,-139
1754050177.5324602,4,0,-131
1754050177.5694602,3,0,-132
1754050177.6084602,10,-4,-142
1754050177.64646,-2,0,-142
1754050177.68246,-5,-1,-138
1754050177.7204602,-5,-1,-129
1754050177.75846,-1,-7,-134
1754050177.79746,-5,-7,-146
1754050177.83346,0,-3,-143
1754050177.87046,0,0,-151
1754050177.90846,0,-4,-142
1754050177.9474602,-2,-3,-146
1754050177.9834602,-2,-2,-140
1754050178.02146,-2,3,-137
1754050178.06046,1,5,-139
1754050178.0984602,0,2,-142
1754050178.13646,2,1,-148
1754050178.17246,-1,1,-150
1754050178.2104602,4,-8,-138
1754050178.24846,5,2,-135
1754050178.28746,-1,-1,-129
1754050178.32346,1,0,-119
1754050178.36046,0,-7,-138
1754050178.39846,5,-2,-137
1754050178.4374602,-2,3,-141
1754050178.4734602,0,-4,-141
1754050178.51146,0,-1,-139
1754050178.5494602,4,0,-144
1754050178.5884602,0,5,-135
1754050178.62446,4,5,-130
1754050178.6614602,4,4,-138
1754050178.69946,3,0,-135
1754050178.73846,4,2,-130
1754050178.77446,3,-1,-130
1754050178.8124602,-1,2,-143
1754050178.85046,6,-1,-149
1754050178.8884602,6,-5,-144
1754050178.9274602,-1,4,-151
1754050178.9634602,-2,0,-134
1754050179.00146,5,0,-142
1754050179.04046,-1,-3,-136
1754050179.07846,1,6,-144
1754050179.11446,3,3,-139
1754050179.1514602,2,0,-129
1754050179.1904602,13,3,-129
1754050179.22846,-1,-4,-138
1754050179.26446,3,-2,-131
1754050179.30346,4,-1,-140
1754050179.34046,5,-2,-131
1754050179.37946,0,-6,-132
1754050179.4174602,5,-4,-121
1754050179.45346,2,-3,-133
1754050179.49146,0,4,-131
1754050179.5294602,10,-3,-137
1754050179.56846,5,-3,-138
1754050179.60446,3,-1,-143
1754050179.64246,5,4,-134
1754050179.68046,2,-3,-132
1754050179.71946,0,0,-143
1754050179.75746,0,1,-141
1754050179.79346,0,3,-137
1754050179.83146,1,-2,-140
1754050179.86946,4,-3,-131
1754050179.90846,-1,0,-153
1754050179.9444602,-1,-1,-137
1754050179.98246,-1,-3,-136
1754050180.02046,0,-5,-149
1754050180.0594602,-7,0,-141
1754050180.09746,-3,-1,-144
1754050180.13346,-3,-4,-135
1754050180.1714602,1,-2,-138
1754050180.20946,1,-3,-135
1754050180.24846,8,-1,-130
1754050180.28446,1,0,-132
1754050180.3224602,-1,3,-144
1754050180.36046,6,1,-138
1754050180.39946,0,4,-134
1754050180.4374602,2,4,-135
1754050180.4734602,3,2,-147
1754050180.51046,-8,-1,-124
1754050180.5494602,-3,0,-138
1754050180.5854602,0,0,-136
1754050180.62346,11,-5,-139
1754050180.6614602,3,-1,-149
1754050180.69946,-2,-8,-137
1754050180.73846,0,-7,-133
1754050180.77446,-1,3,-140
1754050180.8124602,0,2,-144
1754050180.85046,0,-7,-141
1754050180.88946,-6,-7,-144
1754050180.92546,-7,0,-136
1754050180.96246,0,0,-137
1754050181.00046,-4,-8,-126
1754050181.0394602,-8,-2,-129
1754050181.0754602,0,2,-137
1754050181.11246,5,0,-132
1754050181.15046,8,3,-145
1754050181.18946,7,-1,-130
1754050181.22546,2,-1,-136
1754050181.2634602,4,0,-143
1754050181.30146,3,-3,-138
1754050181.34046,0,0,-143
1754050181.3784602,4,1,-135
1754050181.4144602,3,0,-128
1754050181.45146,3,2,-139
1754050181.4904602,1,7,-149
1754050181.52846,4,0,-137
1754050181.56446,4,-2,-138
1754050181.60246,3,-1,-145
1754050181.64046,-3,-2,-144
1754050181.67946,-2,0,-139
1754050181.71546,-4,-3,-135
1754050181.7534602,-4,0,-140
1754050181.79146,-6,2,-143
1754050181.83046,0,-5,-149
1754050181.8684602,3,1,-132
1754050181.9044602,-3,-6,-141
1754050181.94246,-1,1,-131
1754050181.9804602,9,-1,-141
1754050182.0194602,-5,0,-148
1754050182.05546,1,6,-148
1754050182.09346,3,1,-155
1754050182.13046,0,-3,-156
1754050182.16946,5,4,-149
1754050182.20546,-1,2,-151
1754050182.2434602,4,0,-134
1754050182.28146,-2,5,-139
1754050182.32046,3,3,-144
1754050182.3584602,0,2,-140
1754050182.3944602,5,2,-139
1754050182.43246,3,2,-139
1754050182.4704602,-1,-3,-139
1754050182.5094602,-3,-8,-137
1754050182.54546,-1,-4,-136
1754050182.58346,3,-7,-126
1754050182.62246,0,-7,-136
1754050182.66046,2,-3,-147
1754050182.69646,0,-5,-143
1754050182.73446,6,-4,-149
1754050182.77246,0,-7,-148
1754050182.81046,3,-9,-139
1754050182.84946,-4,-1,-138
1754050182.88546,-4,0,-135
1754050182.92246,-2,0,-133
1754050182.9604602,-2,-7,-130
1754050182.99946,-2,-1,-132
1754050183.03546,7,-2,-144
1754050183.07346,0,-4,-151
1754050183.1114602,1,-7,-147
1754050183.15046,6,-9,-146
1754050183.18646,-2,-6,-148
1754050183.22446,1,-2,-146
1754050183.2634602,4,-8,-149
1754050183.30046,0,-8,-132
1754050183.33946,1,0,-123
1754050183.37546,4,-7,-134
1754050183.41346,6,0,-131
1754050183.45146,1,0,-126
1754050183.4904602,6,0,-125
1754050183.5264602,7,1,-133
1754050183.56346,4,0,-140
1754050183.60146,5,2,-145
1754050183.64046,2,-5,-138
1754050183.67646,5,0,-128
1754050183.7134602,-4,-1,-146
1754050183.75146,0,8,-148
1754050183.79046,0,13,-139
1754050183.82646,5,2,-135
1754050183.86346,3,0,-133
1754050183.9014602,0,-6,-135
1754050183.9404602,7,-5,-127
1754050183.97646,2,-3,-130
1754050184.01446,-1,-1,-139
1754050184.0524602,-6,0,-135
1754050184.09146,-5,-1,-138
1754050184.12946,2,-1,-133
1754050184.16546,4,-4,-130
1754050184.20346,0,0,-139
1754050184.24146,7,2,-145
1754050184.28046,6,0,-136
1754050184.31646,9,2,-130
1754050184.35346,11,0,-137
1754050184.3914602,0,-2,-132
1754050184.43046,3,0,-142
1754050184.46646,0,3,-138
1754050184.5034602,-6,3,-135
1754050184.54146,0,1,-143
1754050184.5854602,-3,12,-144
1754050184.62446,-7,4,-145
1754050184.66246,-3,-1,-132
1754050184.7004602,-5,0,-136
1754050184.73746,-3,0,-139
1754050184.77446,-1,0,-132
1754050184.8124602,-1,-4,-137
1754050184.85146,0,-2,-138
1754050184.88746,-3,0,-140
1754050184.92546,-1,-2,-146
1754050184.9634602,0,5,-135
1754050185.00146,1,-10,-142
1754050185.04046,3,-2,-143
1754050185.07646,0,-3,-148
1754050185.11446,-2,-11,-142
1754050185.15246,3,-6,-135
1754050185.19146,2,-7,-151
1754050185.22746,0,-4,-143
1754050185.2664602,1,-2,-135
1754050185.30346,0,-1,-145
1754050185.3424602,0,-1,-147
1754050185.38046,4,-3,-142
1754050185.41646,2,0,-148
1754050185.45346,2,2,-144
1754050185.49246,-1,2,-142
1754050185.53046,-1,-1,-144
1754050185.56646,-3,2,-141
1754050185.60446,4,-7,-135
1754050185.64246,1,-2,-134
1754050185.68146,7,-3,-138
1754050185.7174602,7,-1,-143
1754050185.75546,6,-1,-140
1754050185.79346,0,-3,-138
1754050185.8324602,4,-5,-139
1754050185.87046,0,1,-137
1754050185.90646,-2,-1,-133
1754050185.94546,9,-1,-129
1754050185.98246,1,-1,-139
1754050186.02146,6,-8,-141
1754050186.05746,-5,-7,-136
1754050186.0954602,0,-5,-135
1754050186.13346,7,-5,-138
1754050186.17246,3,-2,-151
1754050186.2104602,-1,-1,-136
1754050186.2464602,3,-2,-137
1754050186.28446,-1,2,-135
1754050186.3224602,-1,-1,-132
1754050186.3614602,5,-1,-135
1754050186.39746,1,3,-131
1754050186.4344602,1,-3,-127
1754050186.47246,1,2,-127
1754050186.51146,2,-5,-130
1754050186.54746,0,-12,-136
1754050186.5854602,3,-7,-136
1754050186.62346,-7,-1,-135
1754050186.66246,-7,0,-129
1754050186.69846,5,-5,-141
1754050186.73746,-1,-1,-142
1754050186.77446,-4,-1,-142
1754050186.8124602,-3,0,-141
1754050186.85146,-1,0,-142
1754050186.88746,-9,-9,-136
1754050186.92546,-2,-7,-138
1754050186.9634602,-8,-2,-136
1754050187.00246,0,-6,-148
1754050187.03846,-1,0,-138
1754050187.07646,2,-6,-139
1754050187.11446,7,-1,-149
1754050187.15246,1,5,-136
1754050187.19146,5,5,-131
1754050187.22746,12,1,-142
1754050187.26546,3,0,-137
1754050187.3024602,3,-4,-141
1754050187.34146,3,-5,-142
1754050187.37746,-1,-3,-145
1754050187.41546,1,-5,-140
1754050187.45346,0,-4,-142
1754050187.49246,-2,7,-137
1754050187.52846,-1,1,-131
1754050187.56646,0,1,-123
1754050187.60446,-2,0,-139
1754050187.64346,-2,0,-142
1754050187.68146,0,3,-141
1754050187.7174602,-4,0,-140
1754050187.75546,7,-4,-146
1754050187.79346,4,-6,-133
1754050187.8324602,6,-2,-140
1754050187.86946,10,-2,-141
1754050187.90646,2,-4,-137
1754050187.9444602,2,2,-136
1754050187.9834602,4,-4,-136
1754050188.02146,2,-9,-141
1754050188.05746,4,-3,-142
1754050188.0954602,-1,1,-148
1754050188.13346,6,-2,-148
1754050188.17246,1,0,-138
1754050188.20946,-1,2,-143
1754050188.2464602,-2,0,-136
1754050188.28446,0,-6,-142
1754050188.32346,-5,-3,-137
1754050188.3614602,-6,-4,-149
1754050188.39746,-3,-2,-133
1754050188.43546,1,4,-137
1754050188.4734602,5,3,-135
1754050188.51246,5,-4,-132
1754050188.54846,4,6,-141
1754050188.58646,2,-5,-148
1754050188.62446,-1,-4,-137
1754050188.66346,4,1,-120
1754050188.69946,-2,-1,-135
1754050188.73746,3,-1,-146
1754050188.77546,8,2,-150
1754050188.81346,2,3,-146
1754050188.85246,4,2,-141
1754050188.8884602,-4,3,-151
1754050188.9274602,-1,-1,-133
1754050188.96446,-3,-2,-128
1754050189.0034602,4,3,-132
1754050189.0394602,5,-3,-142
1754050189.07746,-3,-4,-149
1754050189.1154602,3,-9,-157
1754050189.15346,-4,1,-131
1754050189.19246,-5,1,-133
1754050189.22846,-5,9,-129
1754050189.2664602,4,5,-143
1754050189.30446,1,-4,-153
1754050189.34346,5,-1,-137
1754050189.37946,-3,-6,-139
1754050189.4174602,3,-2,-142
1754050189.45546,-3,-2,-145
1754050189.49446,-3,-6,-140
1754050189.5324602,-1,-3,-141
1754050189.56846,-4,3,-145
1754050189.60646,2,2,-152
1754050189.6444602,8,-4,-144
1754050189.68346,-3,0,-139
1754050189.71946,3,-2,-141
1754050189.75746,5,1,-141
1754050189.79546,3,-5,-147
1754050189.83446,6,-10,-129
1754050189.87246,7,-4,-137
1754050189.90846,10,-1,-150
1754050189.9474602,1,-5,-134
1754050189.98446,4,-2,-143
1754050190.02346,0,-3,-144
1754050190.0594602,-2,0,-138
1754050190.09746,3,1,-139
1754050190.13546,0,0,-145
1754050190.1744602,-3,2,-142
1754050190.21246,1,8,-132
1754050190.24846,-5,0,-123
1754050190.2864602,2,3,-136
1754050190.32446,5,0,-131
1754050190.36346,5,-7,-149
1754050190.39946,8,-5,-135
1754050190.43846,3,-2,-136
1754050190.47646,0,-3,-143
1754050190.51446,3,-5,-138
1754050190.5524602,0,-11,-144
1754050190.5884602,1,-5,-140
1754050190.62646,-1,0,-149
1754050190.66546,0,2,-130
1754050190.70346,1,-9,-141
1754050190.73946,1,-5,-143
1754050190.77746,3,-4,-151
1754050190.8154602,0,0,-147
1754050190.85446,-3,0,-145
1754050190.89046,-9,2,-146
1754050190.92846,-9,2,-141
1754050190.96646,5,1,-141
1754050191.00446,0,0,-137
1754050191.04346,0,-6,-137
1754050191.07946,0,-8,-127
1754050191.1184602,-3,-1,-133
1754050191.15646,-4,-6,-133
1754050191.1944602,-2,0,-119
1754050191.2304602,2,3,-128
1754050191.26846,0,4,-132
1754050191.30646,3,0,-138
1754050191.3454602,0,1,-142
1754050191.38346,5,2,-132
1754050191.41946,5,5,-136
1754050191.4574602,-1,2,-138
1754050191.49546,2,-1,-137
1754050191.53446,4,-3,-127
1754050191.57046,-8,-3,-143
1754050191.6084602,-10,-5,-137
1754050191.64646,-11,2,-139
1754050191.68546,1,-3,-137
1754050191.7234602,0,-10,-145
1754050191.7594602,1,-6,-128
1754050191.79746,5,-6,-146
1754050191.8354602,0,2,-139
1754050191.87446,-4,6,-145
1754050191.91046,-1,5,-130
1754050191.94846,-3,-2,-140
1754050191.9864602,5,1,-147
1754050192.02546,4,0,-142
1754050192.06346,-1,-2,-138
1754050192.09946,-1,-1,-142
1754050192.13746,1,2,-147
1754050192.17546,2,0,-144
1754050192.21446,4,2,-136
1754050192.25046,0,7,-136
1754050192.28746,1,1,-147
1754050192.3254602,3,-1,-138
1754050192.36446,8,0,-140
1754050192.40046,2,-2,-142
1754050192.43846,3,-3,-140
1754050192.47646,9,-3,-137
1754050192.51546,-1,-2,-135
1754050192.55146,-1,0,-134
1754050192.58946,0,2,-135
1754050192.62746,0,-2,-132
1754050192.66546,7,7,-141
1754050192.70446,-2,1,-136
1754050192.7404602,3,0,-140
1754050192.77846,0,0,-139
1754050192.81646,2,-8,-139
1754050192.8554602,-3,0,-143
1754050192.8914602,0,4,-140
1754050192.92846,-1,-1,-142
1754050192.96646,0,-7,-142
1754050193.00546,1,-8,-133
1754050193.04146,-2,-7,-145
1754050193.07946,-4,0,-147
1754050193.11746,-6,1,-136
1754050193.15546,-2,0,-139
1754050193.1944602,-3,-1,-147
1754050193.2304602,-2,0,-138
1754050193.26846,1,4,-141
1754050193.30646,0,0,-138
1754050193.3454602,-2,2,-144
1754050193.3814602,1,3,-134
1754050193.41846,-3,0,-138
1754050193.45646,3,0,-147
1754050193.49546,0,-6,-144
1754050193.53146,-3,2,-140
1754050193.57046,0,1,-134
1754050193.60746,0,-6,-130
1754050193.64646,1,-2,-129
1754050193.6844602,9,-3,-138
1754050193.7204602,6,-5,-140
1754050193.75846,3,-3,-137
1754050193.79746,4,-7,-132
1754050193.8354602,3,-7,-134
1754050193.8714602,5,0,-134
1754050193.90946,2,2,-141
1754050193.9474602,6,2,-139
1754050193.9864602,-3,3,-137
1754050194.02446,4,2,-132
1754050194.06046,7,1,-138
1754050194.09746,4,0,-134
1754050194.13646,3,0,-153
1754050194.1744602,7,-2,-142
1754050194.2104602,3,0,-140
1754050194.24746,8,-5,-153
1754050194.2864602,0,-1,-154
1754050194.32446,0,-3,-132
1754050194.36046,5,-1,-142
1754050194.39846,0,-4,-139
1754050194.43646,-1,-3,-138
1754050194.47546,-2,-5,-124
1754050194.51146,-3,-8,-133
1754050194.55046,-5,-1,-136
1754050194.5954602,-7,1,-139
1754050194.6314602,-6,5,-132
1754050194.66946,1,6,-138
1754050194.7074602,-5,1,-138
1754050194.7464602,0,0,-146
1754050194.7824602,-6,1,-138
1754050194.82146,1,1,-138
1754050194.8584602,3,0,-153
1754050194.89746,-1,1,-148
1754050194.93546,0,-2,-151
1754050194.97146,-2,0,-154
1754050195.0094602,2,-1,-150
1754050195.04746,7,2,-130
1754050195.08646,2,-3,-152
1754050195.12246,3,2,-144
1754050195.16046,1,-2,-135
1754050195.19846,4,0,-147
1754050195.2364602,2,-3,-140
1754050195.27546,2,3,-139
1754050195.31146,-1,-2,-137
1754050195.34946,-2,-6,-140
1754050195.38746,-2,-2,-132
1754050195.42646,-3,-5,-139
1754050195.4634602,5,-7,-130
1754050195.50046,7,-4,-149
1754050195.53846,6,0,-150
1754050195.57746,0,0,-153
1754050195.6154602,-1,-1,-148
1754050195.6514602,-1,-3,-141
1754050195.68946,3,-1,-138
1754050195.72846,-3,0,-141
1754050195.7664602,-2,5,-149
1754050195.8024602,-2,2,-142
1754050195.84046,6,2,-138
1754050195.8784602,-1,-5,-149
1754050195.9174602,-8,0,-140
1754050195.95546,5,-6,-144
1754050195.99146,5,-1,-147
1754050196.0294602,6,0,-130
1754050196.06746,4,0,-121
1754050196.10646,1,-3,-118
1754050196.14246,4,1,-137
1754050196.17946,0,5,-142
1754050196.2174602,-3,-6,-143
1754050196.2564602,0,-1,-140
1754050196.2924602,2,4,-135
1754050196.32946,4,-2,-134
1754050196.36746,4,-2,-138
1754050196.40646,-4,-1,-138
1754050196.44246,-2,-4,-151
1754050196.4804602,0,-8,-135
1754050196.5194602,-4,-10,-137
1754050196.55746,1,-7,-139
1754050196.59346,3,-2,-142
1754050196.6314602,-5,0,-148
1754050196.67046,0,0,-150
1754050196.7074602,7,-4,-139
1754050196.7464602,3,2,-131
1754050196.7824602,0,1,-132
1754050196.82046,4,6,-136
1754050196.85746,3,5,-148
1754050196.89646,-7,1,-140
1754050196.93246,0,-2,-136
1754050196.96946,1,8,-142
1754050197.00746,8,-1,-148
1754050197.0464602,1,-12,-146
1754050197.0824602,-8,-9,-143
1754050197.12046,-1,0,-134
1754050197.15846,5,-2,-134
1754050197.1974602,7,-2,-132
1754050197.2334602,8,0,-128
1754050197.27046,1,-5,-144
1754050197.30846,-1,-4,-136
1754050197.34746,-1,3,-145
1754050197.38346,0,3,-136
1754050197.42046,4,0,-135
1754050197.45846,2,-3,-137
1754050197.49746,-2,-3,-139
1754050197.53346,1,1,-141
1754050197.57046,0,0,-133
1754050197.6084602,1,-3,-127
1754050197.64746,2,3,-128
1754050197.68346,0,-4,-139
1754050197.7204602,0,-1,-139
1754050197.75846,2,3,-142
1754050197.79746,5,0,-146
1754050197.83346,4,-2,-149
1754050197.8714602,2,-2,-142
1754050197.90946,2,0,-147
1754050197.94846,-1,-2,-140
1754050197.9864602,0,-1,-132
1754050198.02246,4,0,-128
1754050198.0594602,5,4,-126
1754050198.0984602,1,-2,-139
1754050198.13646,6,1,-132
1754050198.17246,5,1,-128
1754050198.2104602,2,-2,-137
1754050198.24846,-2,0,-136
1754050198.28746,-6,-4,-134
1754050198.32346,-4,-4,-140
1754050198.36246,3,-1,-136
1754050198.39946,-1,-3,-144
1754050198.43846,-7,-2,-140
1754050198.47646,-3,1,-138
1754050198.5134602,-5,-1,-142
1754050198.55146,2,0,-145
1754050198.58946,-2,0,-141
1754050198.6284602,0,0,-135
1754050198.6644602,5,0,-140
1754050198.70146,0,0,-145
1754050198.73946,6,0,-144
1754050198.77846,-1,0,-154
1754050198.81446,-4,-2,-146
1754050198.85346,-2,-2,-146
1754050198.89046,2,1,-148
1754050198.92846,-5,0,-138
1754050198.9674602,-6,-6,-136
1754050199.0034602,2,-8,-130
1754050199.04146,5,-1,-133
1754050199.07946,0,0,-148
1754050199.1184602,2,0,-142
1754050199.1544602,4,-9,-134
1754050199.19246,2,-8,-138
1754050199.2304602,-3,0,-137
1754050199.2694602,-4,0,-131
1754050199.30746,-6,-6,-133
1754050199.34346,-9,1,-145
1754050199.38246,1,4,-132
1754050199.41946,11,-3,-127
1754050199.45846,6,-7,-130
1754050199.49446,7,-5,-141
1754050199.5324602,-2,-1,-140
1754050199.57046,-4,-13,-143
1754050199.60946,3,-10,-136
1754050199.64746,-4,-5,-146
1754050199.68346,-4,-4,-148
1754050199.72146,0,-6,-144
1754050199.7594602,0,-5,-141
1754050199.79846,0,0,-147
1754050199.83446,-2,2,-137
1754050199.87346,1,0,-150
1754050199.9114602,6,2,-138
1754050199.94946,8,-1,-142
1754050199.98746,4,0,-145
1754050200.02346,3,-3,-146
1754050200.06146,-2,-3,-141
1754050200.09946,-3,-1,-136
1754050200.1384602,0,1,-131
1754050200.1744602,-1,2,-132
1754050200.21246,0,-2,-137
1754050200.25146,2,2,-144
1754050200.2894602,1,-4,-139
1754050200.32746,3,-6,-148
1754050200.36346,-1,-1,-160
1754050200.4014602,8,-1,-146
1754050200.43946,7,-4,-140
1754050200.47846,-2,-8,-142
1754050200.51446,-1,-9,-140
1754050200.5524602,-2,-4,-149
1754050200.59046,-1,-4,-139
1754050200.62946,-3,0,-145
1754050200.66546,-8,-2,-136
1754050200.70346,-3,-6,-133
1754050200.74146,-2,-1,-131
1754050200.7794602,3,-6,-134
1754050200.81846,-2,4,-129
1754050200.85446,-1,-1,-129
1754050200.89246,-3,-1,-139
1754050200.93146,-2,3,-134
1754050200.96946,4,0,-143
1754050201.00546,6,2,-139
1754050201.0424602,-3,0,-133
1754050201.08046,-4,0,-138
1754050201.11946,-6,-3,-130
1754050201.15546,1,-7,-124
1754050201.1944602,8,-1,-138
1754050201.23146,-6,0,-137
1754050201.2694602,-1,-4,-144
1754050201.30846,0,-2,-131
1754050201.34446,-2,-6,-127
1754050201.38246,-2,2,-132
1754050201.42046,0,-2,-144
1754050201.45946,-1,-4,-140
1754050201.49546,-2,-2,-149
1754050201.53346,-1,-1,-143
1754050201.57146,0,-10,-146
1754050201.61046,-4,0,-143
1754050201.64846,0,2,-135
1754050201.68546,0,3,-134
1754050201.72246,-6,-5,-145
1754050201.76046,-3,-5,-136
1754050201.7994602,-2,-2,-125
1754050201.8354602,-4,-5,-144
1754050201.87346,0,0,-136
1754050201.9114602,0,-5,-146
1754050201.9504602,3,2,-132
1754050201.98846,5,-1,-138
1754050202.02446,5,-5,-142
1754050202.0624602,1,0,-146
1754050202.10046,-2,-1,-136
1754050202.13946,0,0,-138
1754050202.17546,0,-1,-146
1754050202.21446,-1,-2,-133
1754050202.25146,-2,4,-142
1754050202.29046,4,5,-141
1754050202.32846,4,3,-137
1754050202.36446,1,3,-145
1754050202.4014602,-4,2,-152
1754050202.4404602,0,0,-143
1754050202.47846,-1,-7,-143
1754050202.51446,0,-6,-143
1754050202.55146,-3,-3,-135
1754050202.59046,1,-1,-142
1754050202.62646,0,0,-154
1754050202.6644602,3,-5,-153
1754050202.70246,3,-6,-146
1754050202.7404602,0,-1,-143
1754050202.7794602,-4,-4,-127
1754050202.8154602,-10,-2,-137
1754050202.85346,1,0,-135
1754050202.8914602,0,5,-132
1754050202.93046,0,8,-130
1754050202.96646,0,1,-135
1754050203.0034602,4,-1,-139
1754050203.0424602,-2,-2,-136
1754050203.08046,1,0,-143
1754050203.11646,-4,3,-143
1754050203.1544602,0,-2,-124
1754050203.19246,-1,3,-126
1754050203.2304602,0,4,-131
1754050203.2694602,-1,0,-133
1754050203.30546,5,-2,-135
1754050203.34346,5,0,-136
1754050203.3814602,-4,-5,-143
1754050203.42046,-3,-2,-143
1754050203.45646,-8,-2,-151
1754050203.49446,0,2,-146
1754050203.5324602,-4,3,-134
1754050203.57146,1,4,-136
1754050203.60946,-2,1,-143
1754050203.64546,-3,-11,-137
1754050203.68346,3,-4,-140
1754050203.72146,0,-1,-131
1754050203.76046,2,-7,-140
1754050203.7964602,2,-3,-129
1754050203.83446,0,-3,-135
1754050203.87246,1,-5,-138
1754050203.9114602,8,-5,-138
1754050203.94946,2,0,-142
1754050203.98546,0,-3,-145
1754050204.02346,6,-4,-150
1754050204.06146,4,-1,-145
1754050204.10046,10,-3,-143
1754050204.13646,5,-1,-147
1754050204.1744602,-2,3,-127
1754050204.2134602,-4,2,-127
1754050204.25146,1,-2,-140
1754050204.2894602,-5,-9,-153
1754050204.3254602,-1,-4,-153
1754050204.36346,-5,-2,-136
1754050204.4014602,-9,-1,-145
1754050204.4404602,0,8,-142
1754050204.47646,4,9,-139
1754050204.5134602,6,-2,-136
1754050204.55146,2,-2,-141
1754050204.59646,5,-5,-150
1754050204.63346,6,0,-145
1754050204.6714602,8,-6,-148
1754050204.7104602,9,0,-150
1754050204.7464602,6,-1,-144
1754050204.78446,3,1,-145
1754050204.8224602,2,3,-128
1754050204.8614602,1,4,-133
1754050204.89746,7,-5,-128
1754050204.93546,12,-1,-130
1754050204.9734602,5,-10,-138
1754050205.01146,4,-5,-136
1754050205.05046,8,-2,-144
1754050205.08646,7,-5,-148
1754050205.12446,3,0,-147
1754050205.16346,4,0,-136
1754050205.20146,-2,-1,-125
1754050205.23746,4,0,-140
1754050205.27446,-4,-2,-143
1754050205.3124602,0,2,-136
1754050205.35146,-2,1,-140
1754050205.38746,2,-4,-130
1754050205.42646,2,-9,-137
1754050205.4634602,0,-6,-145
1754050205.50246,0,1,-149
1754050205.54046,-6,-3,-142
1754050205.57646,-1,-5,-139
1754050205.61446,-1,0,-142
1754050205.65246,0,-7,-144
1754050205.69146,1,-6,-137
1754050205.72746,0,-3,-135
1754050205.76546,-1,-5,-142
1754050205.80446,-2,-1,-144
1754050205.8424602,-3,0,-134
1754050205.88046,3,-2,-140
1754050205.9174602,-3,-3,-140
1754050205.95446,4,-3,-139
1754050205.99246,3,-4,-142
1754050206.03146,0,-2,-143
1754050206.06746,-6,-3,-147
1754050206.1054602,2,-5,-154
1754050206.14346,-1,-3,-144
1754050206.18246,6,-5,-145
1754050206.2204602,3,5,-140
1754050206.2564602,3,5,-139
1754050206.29446,3,1,-138
1754050206.3324602,5,-1,-138
1754050206.3714602,12,-2,-139
1754050206.4074602,9,-2,-143
1754050206.44646,1,1,-138
1754050206.4834602,1,-2,-155
1754050206.52246,-8,-2,-149
1754050206.56046,-7,-2,-138
1754050206.59646,-5,-4,-135
1754050206.6344602,-4,-1,-123
1754050206.67246,3,1,-131
1754050206.71146,1,4,-140
1754050206.74746,1,1,-132
1754050206.78546,1,-3,-130
1754050206.82346,3,-6,-143
1754050206.86246,10,-10,-137
1754050206.89846,4,-10,-132
1754050206.93646,3,-4,-133
1754050206.97546,-3,-1,-128
1754050207.01246,3,2,-137
1754050207.05146,0,1,-135
1754050207.08746,-5,-2,-136
1754050207.12546,1,-2,-129
1754050207.16346,-1,-2,-136
1754050207.20246,0,0,-150
1754050207.23846,0,2,-140
1754050207.27546,3,0,-142
1754050207.31346,-1,-5,-149
1754050207.35246,0,-1,-131
1754050207.3884602,7,-4,-142
1754050207.42646,-4,0,-143
1754050207.46546,0,-4,-134
1754050207.5034602,6,-5,-131
1754050207.54146,0,-3,-130
1754050207.57746,3,-1,-135
1754050207.61646,-4,-3,-138
1754050207.65346,8,-1,-126
1754050207.69246,7,-2,-128
1754050207.72846,5,-7,-123
1754050207.7664602,1,-13,-134
1754050207.80446,-1,-4,-143
1754050207.84346,4,-5,-128
1754050207.8814602,-3,-3,-130
1754050207.9174602,-2,4,-141
1754050207.95546,2,-1,-148
1754050207.9934602,-2,0,-145
1754050208.0324602,0,-3,-143
1754050208.06846,8,-5,-134
1754050208.10646,3,-3,-136
1754050208.14546,-3,0,-142
1754050208.18346,0,-5,-137
1754050208.22146,-2,0,-137
1754050208.25746,0,-1,-145
1754050208.29546,4,-7,-144
1754050208.33346,0,2,-141
1754050208.37246,-4,-4,-144
1754050208.40846,0,-3,-145
1754050208.44646,-4,2,-145
1754050208.48446,-9,-2,-149
1754050208.52346,-3,-6,-136
1754050208.56146,2,-6,-142
1754050208.59746,0,1,-154
1754050208.63546,-2,2,-148
1754050208.67346,-1,0,-148
1754050208.71246,-3,-1,-149
1754050208.74846,-3,-1,-149
1754050208.7864602,-4,7,-148
1754050208.82446,0,5,-140
1754050208.86346,-1,6,-129
1754050208.89946,0,-1,-139
1754050208.9374602,4,-2,-144
1754050208.97546,-4,0,-153
1754050209.0134602,-1,-2,-153
1754050209.0524602,2,-8,-135
1754050209.0884602,3,4,-146
1754050209.12546,1,5,-146
1754050209.16346,6,0,-140
1754050209.20246,7,1,-132
1754050209.23846,0,3,-136
1754050209.27546,9,-3,-125
1754050209.31346,9,-3,-123
1754050209.35246,5,2,-146
1754050209.3884602,0,-6,-147
1754050209.4274602,-1,0,-147
1754050209.46446,0,-6,-149
1754050209.5034602,-1,-7,-147
1754050209.5394602,-3,-2,-143
1754050209.57746,-3,-5,-132
1754050209.6154602,-1,-3,-135
1754050209.6544602,-3,-2,-141
1754050209.69246,2,-4,-137
1754050209.72846,-2,0,-127
1754050209.7664602,2,-1,-135
1754050209.80446,4,0,-128
1754050209.84346,3,-4,-136
1754050209.87946,-1,-3,-140
1754050209.9174602,-1,-4,-146
1754050209.95646,2,-8,-145
1754050209.99446,0,-2,-142
1754050210.0324602,2,-6,-140
1754050210.06846,0,-4,-150
1754050210.1054602,7,-5,-145
1754050210.1444602,2,-5,-147
1754050210.18246,1,1,-139
1754050210.21846,-3,3,-145
1754050210.25546,6,3,-138
1754050210.29446,0,5,-140
1754050210.3324602,4,-4,-137
1754050210.3684602,2,-7,-140
1754050210.40646,-2,-4,-139
1754050210.4444602,1,2,-141
1754050210.4834602,3,6,-129
1754050210.5194602,2,8,-129
1754050210.55746,4,5,-145
1754050210.59446,-4,-1,-137
1754050210.63346,7,-6,-137
1754050210.66946,4,0,-138
1754050210.7074602,2,3,-139
1754050210.74446,3,0,-130
1754050210.78346,8,-2,-140
1754050210.8194602,4,-3,-146
1754050210.85746,14,-2,-134
1754050210.89546,0,0,-141
1754050210.9344602,4,2,-141
1754050210.9704602,6,-6,-147
1754050211.00846,3,-3,-149
1754050211.04746,8,-12,-144
1754050211.0854602,-4,-8,-145
1754050211.12346,0,0,-149
1754050211.15946,-1,-6,-139
1754050211.19846,8,-2,-144
1754050211.23546,5,-2,-138
1754050211.27446,2,-9,-138
1754050211.31046,8,0,-138
1754050211.3484602,6,3,-150
1754050211.38546,0,-2,-135
1754050211.4244602,-6,-4,-137
1754050211.4604602,0,-4,-131
1754050211.49846,0,-3,-136
1754050211.5364602,4,-6,-139
1754050211.5754602,-3,-5,-133
1754050211.61346,4,-1,-132
1754050211.64946,5,1,-136
1754050211.68646,4,-7,-144
1754050211.72546,0,-1,-145
1754050211.7634602,3,0,-134
1754050211.7994602,4,-2,-136
1754050211.83746,-2,-2,-143
1754050211.87546,2,0,-145
1754050211.9144602,3,-5,-139
1754050211.9504602,0,-1,-152
1754050211.98746,5,0,-141
1754050212.02546,10,5,-130
1754050212.06446,7,0,-138
1754050212.10046,6,-5,-130
1754050212.1384602,0,-6,-139
1754050212.1774602,3,1,-140
1754050212.21546,-1,-5,-142
1754050212.2534602,-4,-8,-139
1754050212.2894602,1,-2,-138
1754050212.32746,2,-3,-148
1754050212.3654602,0,0,-142
1754050212.4044602,-1,-1,-140
1754050212.4404602,4,0,-123
1754050212.47746,5,-5,-149
1754050212.51546,2,4,-156
1754050212.55446,-2,3,-131
1754050212.59046,2,3,-138
1754050212.62746,-1,0,-137
1754050212.66546,-1,-6,-140
1754050212.70446,-4,1,-139
1754050212.7404602,-6,-1,-145
1754050212.77846,4,-3,-140
1754050212.81646,4,-1,-142
1754050212.8554602,4,-11,-141
1754050212.8914602,2,-7,-147
1754050212.92946,-7,0,-147
1754050212.96846,-5,1,-138
1754050213.00546,1,0,-150
1754050213.04446,1,-1,-155
1754050213.08046,-4,-3,-135
1754050213.1184602,0,3,-138
1754050213.15646,2,-2,-144
1754050213.19546,-2,-6,-144
1754050213.23146,0,1,-126
1754050213.26846,1,0,-131
1754050213.30646,0,-5,-134
1754050213.3454602,-2,-7,-137
1754050213.3814602,1,-8,-135
1754050213.41946,1,0,-129
1754050213.4574602,0,0,-138
1754050213.49546,-2,1,-133
1754050213.53446,-5,1,-131
1754050213.57046,0,0,-143
1754050213.60746,8,-6,-143
1754050213.64646,6,3,-141
1754050213.6844602,6,2,-131
1754050213.7204602,0,-1,-130
1754050213.75846,3,4,-131
1754050213.7964602,6,2,-134
1754050213.8354602,-1,4,-138
1754050213.8714602,2,0,-138
1754050213.90846,1,-3,-143
1754050213.94646,4,1,-137
1754050213.98546,0,1,-129
1754050214.02146,-1,0,-132
1754050214.06046,0,0,-138
1754050214.09746,0,1,-144
1754050214.13646,1,0,-130
1754050214.1744602,-2,0,-127
1754050214.2104602,-3,1,-138
1754050214.24846,-6,1,-142
1754050214.2864602,-1,3,-127
1754050214.3254602,-1,-5,-134
1754050214.3614602,4,-2,-144
1754050214.39946,-1,-1,-139
1754050214.4374602,3,-2,-131
1754050214.47646,11,-8,-141
1754050214.51446,3,-10,-145
1754050214.55046,-3,-5,-141
1754050214.5884602,0,-2,-128
1754050214.6344602,-2,-1,-145
1754050214.67046,2,1,-143
1754050214.70846,6,-3,-134
1754050214.7464602,-1,4,-136
1754050214.78546,0,-1,-133
1754050214.82146,2,-4,-134
1754050214.86046,0,3,-132
1754050214.89746,1,5,-131
1754050214.93646,-2,-8,-131
1754050214.97246,-3,-6,-128
1754050215.01046,-3,-7,-138
1754050215.04846,-5,0,-135
1754050215.08646,-6,6,-142
1754050215.12546,-2,1,-134
1754050215.1614602,1,-7,-129
1754050215.19946,3,-9,-146
1754050215.23846,-8,-7,-130
1754050215.2764602,0,0,-143
1754050215.3124602,3,1,-138
1754050215.34946,2,3,-141
1754050215.3884602,0,4,-136
1754050215.42646,-1,5,-143
1754050215.46246,0,6,-132
1754050215.49946,-3,-2,-133
1754050215.53746,3,-5,-131
1754050215.57646,3,-2,-129
1754050215.61246,0,0,-128
1754050215.64946,-3,-5,-139
1754050215.6874602,0,-3,-137
1754050215.72646,8,0,-130
1754050215.76246,4,-4,-136
1754050215.80146,2,-1,-134
1754050215.8384602,1,-2,-141
1754050215.87746,4,-3,-150
1754050215.91546,0,-8,-137
1754050215.95146,3,-6,-134
1754050215.98946,1,-1,-142
1754050216.02746,-10,-5,-146
1754050216.06646,-1,-6,-145
1754050216.10246,-6,-10,-137
1754050216.14046,-3,-1,-135
1754050216.17846,-5,-2,-145
1754050216.2174602,-3,-3,-142
1754050216.25546,-1,1,-153
1754050216.29146,-3,0,-141
1754050216.32946,0,-3,-137
1754050216.36746,-3,1,-138
1754050216.40646,-1,0,-133
1754050216.44246,-5,5,-131
1754050216.4804602,7,-1,-123
1754050216.51846,7,2,-144
1754050216.55746,0,-1,-149
1754050216.5954602,0,-1,-136
1754050216.6314602,2,-3,-135
1754050216.66946,2,-7,-133
1754050216.7074602,0,0,-140
1754050216.7464602,-1,-3,-136
1754050216.7824602,0,-6,-135
1754050216.82046,-3,-11,-133
1754050216.8584602,0,-5,-140
1754050216.89746,1,-1,-139
1754050216.93346,0,-4,-140
1754050216.9704602,0,-2,-142
1754050217.00846,6,0,-139
1754050217.04746,3,1,-138
1754050217.08346,3,0,-139
1754050217.12046,2,-1,-142
1754050217.15846,-6,-2,-147
1754050217.1974602,0,-2,-140
1754050217.2334602,1,-6,-144
1754050217.27146,0,-6,-140
1754050217.3094602,-5,0,-142
1754050217.34746,2,4,-150
1754050217.38346,1,0,-144
1754050217.4214602,-5,-2,-130
1754050217.45846,0,-7,-144
1754050217.49746,-12,0,-130
1754050217.53346,-4,-3,-141
1754050217.57146,-7,0,-135
1754050217.60946,-5,0,-142
1754050217.64846,1,-2,-140
1754050217.68646,-2,-2,-134
1754050217.72246,-4,-6,-145
1754050217.76046,2,1,-139
1754050217.79846,3,-3,-143
1754050217.83746,-1,-3,-143
1754050217.87346,-2,-5,-135
1754050217.9114602,0,-2,-144
1754050217.94946,0,-1,-138
1754050217.98846,0,-8,-132
1754050218.0264602,1,3,-126
1754050218.0624602,0,-2,-148
1754050218.10046,2,-9,-141
1754050218.13946,5,0,-141
1754050218.1774602,2,-2,-141
1754050218.2134602,2,-5,-142
1754050218.25146,1,4,-148
1754050218.2894602,0,-6,-144
1754050218.32846,1,3,-146
1754050218.36646,1,-9,-143
1754050218.40246,1,-6,-132
1754050218.4404602,-2,0,-134
1754050218.47846,4,1,-143
1754050218.51746,-1,0,-130
1754050218.55346,-5,-2,-127
1754050218.59146,0,0,-128
1754050218.62946,-8,-2,-148
1754050218.66846,0,-5,-149
1754050218.70646,8,0,-137
1754050218.74246,2,-2,-134
1754050218.78046,5,6,-146
1754050218.81846,1,-1,-145
1754050218.85746,-4,3,-140
1754050218.89346,1,-3,-142
1754050218.93146,3,-7,-146
1754050218.96946,2,-2,-145
1754050219.00846,8,-2,-146
1754050219.04446,-3,-3,-141
1754050219.0824602,-2,0,-138
1754050219.12046,-15,4,-143
1754050219.15946,-1,4,-145
1754050219.1974602,-3,0,-149
1754050219.2334602,-6,4,-135
1754050219.27146,1,1,-136
1754050219.3094602,-2,-11,-142
1754050219.3484602,7,0,-129
1754050219.3844602,9,-1,-131
1754050219.42246,4,0,-130
1754050219.4604602,0,-4,-149
1754050219.49846,3,-5,-144
1754050219.53746,0,2,-146
1754050219.57346,-7,1,-149
1754050219.6114602,0,2,-136
1754050219.64946,-2,-1,-135
1754050219.68846,-6,8,-134
1754050219.72446,-3,7,-138
1754050219.76246,-7,0,-135
1754050219.80046,0,-5,-139
1754050219.83946,-2,-1,-138
1754050219.87746,-3,2,-142
1754050219.91346,-5,3,-140
1754050219.95146,-1,-1,-128
1754050219.98946,-1,5,-151
1754050220.02846,1,-2,-148
1754050220.06446,4,1,-139
1754050220.10146,0,-1,-140
1754050220.13946,0,-2,-149
1754050220.17846,2,3,-144
1754050220.21446,2,-2,-146
1754050220.25246,1,-9,-146
1754050220.29046,-4,-12,-136
1754050220.32946,-2,-3,-142
1754050220.36746,5,-9,-143
1754050220.40346,3,-9,-139
1754050220.44146,2,0,-135
1754050220.47946,0,-10,-135
1754050220.51846,-8,-7,-146
1754050220.55446,-11,-1,-142
1754050220.59346,-5,1,-140
1754050220.63046,-2,-5,-145
1754050220.66946,2,-5,-145
1754050220.7074602,-3,0,-139
1754050220.7434602,-3,-6,-135
1754050220.78146,8,-4,-137
1754050220.8194602,0,3,-139
1754050220.8584602,3,3,-130
1754050220.8944602,2,3,-145
1754050220.93246,-2,4,-141
1754050220.9704602,0,2,-143
1754050221.0094602,-2,-5,-139
1754050221.04546,-4,-5,-139
1754050221.08446,4,-4,-139
1754050221.1214602,5,0,-151
1754050221.15946,-4,-1,-141
1754050221.19846,-2,2,-137
1754050221.23446,-3,-1,-145
1754050221.27246,1,3,-141
1754050221.31046,-1,-1,-138
1754050221.34946,-4,-4,-135
1754050221.38546,2,-9,-133
1754050221.42346,-2,1,-137
1754050221.46146,4,-3,-134
1754050221.49946,-3,-9,-140
1754050221.53846,7,-10,-137
1754050221.57446,0,-4,-146
1754050221.61246,4,-10,-141
1754050221.65046,0,-4,-145
1754050221.68946,-2,-2,-147
1754050221.72546,-6,-9,-143
1754050221.7634602,-5,-8,-136
1754050221.80146,5,-6,-146
1754050221.84046,0,-2,-139
1754050221.8784602,-3,-2,-128
1754050221.9144602,-3,-5,-125
1754050221.95246,3,-2,-133
1754050221.9904602,0,2,-133
1754050222.0294602,2,3,-129
1754050222.0654602,-4,-5,-132
1754050222.10346,0,-4,-133
1754050222.1414602,-3,-5,-140
1754050222.18046,-4,-4,-140
1754050222.21846,-3,0,-135
1754050222.25446,1,-6,-131
1754050222.29346,6,-6,-129
1754050222.33046,1,0,-136
1754050222.36946,4,1,-133
1754050222.40546,-6,0,-136
1754050222.44346,0,0,-121
1754050222.48146,0,3,-126
1754050222.52046,1,-3,-126
1754050222.55846,4,-2,-140
1754050222.59446,-2,0,-132
1754050222.6314602,7,-2,-140
1754050222.67046,2,0,-137
1754050222.70846,0,-5,-145
1754050222.74446,-2,-3,-141
1754050222.7824602,2,-2,-141
1754050222.82046,0,4,-140
1754050222.85946,0,3,-135
1754050222.89546,-1,-6,-138
1754050222.9344602,0,-9,-137
1754050222.97146,1,-4,-136
1754050223.01046,-1,-1,-144
1754050223.0464602,0,-1,-132
1754050223.08446,2,-1,-139
1754050223.12346,1,1,-144
1754050223.16046,0,-3,-144
1754050223.19946,0,0,-135
1754050223.23546,3,0,-136
1754050223.27346,1,-2,-146
1754050223.31046,-2,-2,-140
1754050223.34946,0,-1,-129
1754050223.38546,2,-3,-138
1754050223.42346,3,-2,-127
1754050223.46146,1,2,-136
1754050223.50046,0,-4,-132
1754050223.5364602,-2,-3,-129
1754050223.57446,5,5,-140
1754050223.61246,2,-3,-130
1754050223.6514602,7,-3,-123
1754050223.68946,2,-4,-121
1754050223.72546,0,0,-136
1754050223.7634602,1,6,-145
1754050223.80146,0,0,-149
1754050223.84046,-6,-3,-153
1754050223.87646,-8,-2,-141
1754050223.9144602,-11,-3,-147
1754050223.95246,-6,-2,-143
1754050223.99146,0,0,-160
1754050224.0294602,-2,0,-144
1754050224.0654602,3,2,-141
1754050224.10346,2,1,-145
1754050224.1414602,4,-2,-157
1754050224.18046,-8,-5,-151
1754050224.21646,3,0,-145
1754050224.2534602,-2,5,-138
1754050224.29146,-6,7,-146
1754050224.33046,-2,-1,-140
1754050224.36646,-7,-4,-134
1754050224.4044602,-4,0,-139
1754050224.44346,-5,-2,-139
1754050224.48146,-2,0,-154
1754050224.5194602,0,2,-141
1754050224.55546,3,-1,-140
1754050224.59446,2,-3,-130
1754050224.63946,0,-2,-141
1754050224.67546,1,-1,-143
1754050224.71446,5,0,-148
1754050224.75146,-3,-4,-137
1754050224.79046,-1,1,-134
1754050224.82646,-1,5,-138
1754050224.86446,1,-1,-145
1754050224.90246,0,0,-140
1754050224.94146,2,1,-151
1754050224.97746,-3,3,-143
1754050225.01546,-4,-2,-147
1754050225.05346,1,3,-142
1754050225.09146,1,-3,-147
1754050225.13046,9,-1,-144
1754050225.16646,8,-14,-138
1754050225.20546,-1,2,-145
1754050225.24246,0,1,-130
1754050225.28146,1,2,-140
1754050225.31746,3,1,-152
1754050225.35446,-2,2,-148
1754050225.39246,2,0,-142
1754050225.43146,-5,-3,-133
1754050225.4674602,-3,-8,-130
1754050225.50546,2,-7,-128
1754050225.54346,2,-3,-139
1754050225.58146,2,-2,-139
1754050225.62046,0,-8,-146
1754050225.65646,4,-8,-138
1754050225.6944602,2,-2,-143
1754050225.73246,3,-3,-149
1754050225.77146,0,-3,-138
1754050225.80746,1,4,-134
1754050225.84446,-4,2,-128
1754050225.88246,-1,-2,-141
1754050225.9214602,1,7,-140
1754050225.9574602,0,5,-137
1754050225.99446,3,-2,-146
1754050226.0324602,5,-2,-140
1754050226.07146,1,-4,-143
1754050226.10746,0,0,-136
1754050226.1444602,-5,-5,-139
1754050226.18246,4,-2,-147
1754050226.22146,-3,0,-139
1754050226.25746,4,-3,-132
1754050226.29546,3,1,-137
1754050226.33346,0,-3,-140
1754050226.37246,-2,3,-139
1754050226.41046,-1,3,-132
1754050226.44646,2,-5,-128
1754050226.48546,5,-5,-131
1754050226.52246,1,-3,-142
1754050226.56146,-7,-4,-131
1754050226.59746,-1,1,-133
1754050226.63546,4,0,-145
1754050226.67346,1,-9,-144
1754050226.71246,0,-2,-140
1754050226.75046,-1,5,-137
1754050226.7864602,2,0,-144
1754050226.82346,5,1,-140
1754050226.86246,1,0,-131
1754050226.89846,0,0,-135
1754050226.93546,0,3,-137
1754050226.97246,-7,1,-141
1754050227.01146,5,4,-136
1754050227.04846,-2,2,-135
1754050227.0854602,6,1,-143
1754050227.12346,6,-8,-139
1754050227.16246,9,-4,-139
1754050227.19846,7,2,-143
1754050227.23546,4,0,-136
1754050227.27346,0,1,-149
1754050227.3124602,-1,0,-137
1754050227.3484602,2,1,-135
1754050227.38546,-2,-3,-133
1754050227.42346,4,-7,-125
1754050227.46246,0,-4,-138
1754050227.49846,-1,-6,-130
1754050227.5364602,0,0,-130
1754050227.57446,1,0,-131
1754050227.61246,0,-2,-144
1754050227.6514602,-1,-1,-138
1754050227.6874602,-5,-2,-138
1754050227.72546,-1,5,-126
1754050227.7634602,0,2,-131
1754050227.8024602,0,0,-144
1754050227.8384602,0,0,-144
1754050227.87646,2,-2,-150
1754050227.91546,-4,-4,-146
1754050227.95346,0,-5,-142
1754050227.99146,-4,-4,-128
1754050228.02746,0,0,-143
1754050228.06446,9,-1,-149
1754050228.10346,2,-4,-154
1754050228.1414602,1,0,-151
1754050228.1774602,2,1,-139
1754050228.21546,5,0,-137
1754050228.2534602,4,-4,-146
1754050228.29146,3,-5,-139
1754050228.32746,0,-2,-135
1754050228.36446,-2,0,-133
1754050228.40346,-7,2,-137
1754050228.44146,2,-3,-127
1754050228.47746,-1,-1,-134
1754050228.51546,0,-6,-140
1754050228.55346,4,-3,-133
1754050228.5924602,6,-2,-142
1754050228.6284602,5,-2,-138
1754050228.66646,-2,-7,-141
1754050228.70446,-2,-2,-139
1754050228.7434602,-5,0,-131
1754050228.78146,0,0,-140
1754050228.81746,3,5,-144
1754050228.8554602,0,6,-132
1754050228.8944602,3,-5,-135
1754050228.93246,-4,-6,-145
1754050228.96846,-2,-4,-144
1754050229.0064602,-6,-11,-145
1754050229.04446,-2,-8,-141
1754050229.08346,1,-2,-135
1754050229.11946,1,-5,-137
1754050229.1574602,-1,2,-144
1754050229.19546,-11,0,-143
1754050229.2334602,-1,-3,-144
1754050229.27246,1,-3,-136
1754050229.30846,0,2,-137
1754050229.3454602,9,0,-149
1754050229.38346,10,-2,-139
1754050229.42246,-1,1,-141
1754050229.45846,-2,1,-136
1754050229.4964602,-3,-4,-134
1754050229.53446,0,-1,-138
1754050229.57346,-1,4,-147
1754050229.60946,-1,1,-128
1754050229.64846,2,0,-141
1754050229.68546,7,-3,-137
1754050229.72446,5,-8,-142
1754050229.76246,4,-4,-121
1754050229.79846,7,-3,-129
1754050229.83646,0,-5,-131
1754050229.87446,-1,0,-147
1754050229.91346,-1,0,-138
1754050229.94946,0,-2,-131
1754050229.98746,0,0,-132
1754050230.02546,0,-2,-137
1754050230.06446,7,-1,-138
1754050230.10246,0,-3,-136
1754050230.1384602,3,1,-136
1754050230.17546,4,5,-133
1754050230.21446,-1,-3,-135
1754050230.25246,5,-4,-131
1754050230.28846,9,-4,-135
1754050230.32646,0,-5,-128
1754050230.36446,-3,-6,-129
1754050230.40346,-4,-1,-133
1754050230.43946,-1,0,-147
1754050230.47746,0,0,-135
1754050230.51546,0,-2,-144
1754050230.55446,1,0,-146
1754050230.5924602,0,4,-139
1754050230.6284602,2,-2,-137
1754050230.66646,0,5,-129
1754050230.70446,4,4,-132
1754050230.7434602,0,-6,-135
1754050230.7794602,0,-9,-135
1754050230.81746,-8,2,-134
1754050230.8554602,1,5,-129
1754050230.8944602,-2,7,-135
1754050230.93046,-8,0,-132
1754050230.96846,-6,2,-141
1754050231.0064602,2,1,-133
1754050231.04546,1,-3,-128
1754050231.08346,0,-1,-137
1754050231.11946,-3,0,-125
1754050231.15646,-2,-3,-125
1754050231.19546,-1,-3,-142
1754050231.2334602,3,-7,-130
1754050231.2694602,6,-4,-137
1754050231.30846,-3,-4,-141
1754050231.3454602,11,-3,-137
1754050231.3844602,0,-2,-130
1754050231.42046,-2,-9,-127
1754050231.45846,0,-4,-122
1754050231.4964602,2,0,-133
1754050231.53446,1,-5,-130
1754050231.57346,3,-10,-143
1754050231.60946,5,-9,-140
1754050231.64746,3,-5,-135
1754050231.68546,3,0,-140
1754050231.72446,3,-5,-133
1754050231.76046,2,0,-138
1754050231.79846,-5,2,-138
1754050231.83646,-9,-8,-137
1754050231.87546,-3,-1,-146
1754050231.91346,0,-2,-132
1754050231.94946,0,1,-143
1754050231.9864602,-7,-4,-147
1754050232.02546,1,0,-137
1754050232.06346,0,0,-135
1754050232.09946,0,-1,-143
1754050232.13746,10,0,-155
1754050232.17546,0,-2,-139
1754050232.21446,3,-4,-128
1754050232.25046,4,0,-132
1754050232.28746,0,-7,-130
1754050232.3254602,-3,-3,-130
1754050232.36446,0,-1,-135
1754050232.40046,0,-4,-141
1754050232.43846,0,-2,-135
1754050232.47646,-1,-2,-145
1754050232.51546,3,-3,-142
1754050232.55346,7,-2,-137
1754050232.58946,4,-3,-149
1754050232.62746,2,3,-143
1754050232.66646,4,0,-134
1754050232.70446,0,-3,-134
1754050232.7404602,-1,-1,-138
1754050232.7794602,0,-4,-132
1754050232.81646,7,-5,-134
1754050232.8554602,4,-5,-133
1754050232.8914602,0,-2,-123
1754050232.92946,1,1,-137
1754050232.9674602,-1,-4,-137
1754050233.00546,5,-3,-140
1754050233.04446,-1,-3,-142
1754050233.08046,0,-2,-144
1754050233.1184602,5,4,-142
1754050233.15646,6,3,-133
1754050233.19546,7,3,-143
1754050233.23146,5,0,-139
1754050233.2694602,4,0,-147
1754050233.30746,-1,-1,-140
1754050233.34646,4,1,-140
1754050233.3844602,4,-4,-138
1754050233.42046,8,-2,-135
1754050233.45946,-1,-5,-125
1754050233.4964602,2,-4,-128
1754050233.53546,2,-3,-135
1754050233.57146,10,1,-139
1754050233.60946,6,1,-142
1754050233.64646,-3,-6,-144
1754050233.68546,-5,0,-146
1754050233.72146,0,4,-145
1754050233.7594602,-2,0,-139
1754050233.79746,3,-3,-141
1754050233.83646,4,2,-133
1754050233.87446,1,0,-143
1754050233.91046,0,-8,-131
1754050233.9474602,2,-4,-135
1754050233.9864602,-7,-7,-135
1754050234.02446,-7,-8,-135
1754050234.06046,-7,1,-141
1754050234.0984602,4,-7,-149
1754050234.13646,2,-2,-143
1754050234.17546,4,0,-137
1754050234.21246,0,-2,-145
1754050234.25046,1,-3,-140
1754050234.28746,-3,-2,-123
1754050234.32646,-4,-5,-132
1754050234.36446,-4,-1,-130
1754050234.40046,-3,-3,-137
1754050234.43846,0,-7,-130
1754050234.47646,1,-8,-141
1754050234.51546,9,-1,-138
1754050234.55146,0,2,-140
1754050234.5884602,0,0,-137
1754050234.62646,-1,-5,-130
1754050234.67046,0,-3,-141
1754050234.70846,5,-2,-124
1754050234.7464602,-2,-3,-136
1754050234.78546,0,-4,-137
1754050234.82146,0,-2,-146
1754050234.85946,4,-5,-140
1754050234.89746,2,0,-142
1754050234.93646,7,2,-148
1754050234.97246,-3,-4,-140
1754050235.01046,-3,1,-129
1754050235.04846,2,3,-143
1754050235.08646,-3,2,-135
1754050235.12546,0,0,-143
1754050235.1614602,2,-2,-142
1754050235.19946,0,2,-133
1754050235.23746,-9,-3,-122
1754050235.2764602,2,-3,-130
1754050235.3124602,0,-5,-126
1754050235.35046,-1,1,-122
1754050235.3884602,-2,0,-140
1754050235.42646,4,-1,-143
1754050235.46546,8,2,-136
1754050235.50146,5,-3,-136
1754050235.5394602,0,-8,-142
1754050235.57746,1,-10,-133
1754050235.61646,-8,-4,-126
1754050235.65246,-5,-9,-130
1754050235.6904602,5,-10,-132
1754050235.72846,0,-3,-136
1754050235.76746,0,-4,-141
1754050235.80546,0,-2,-122
1754050235.84146,4,-6,-132
1754050235.87946,1,-1,-137
1754050235.9174602,1,3,-123
1754050235.95646,-1,0,-137
1754050235.99246,-1,-1,-129
1754050236.03046,0,-8,-135
1754050236.06846,-10,-6,-125
1754050236.10746,-2,-1,-137
1754050236.14546,11,0,-140
1754050236.18146,4,0,-139
1754050236.21846,-1,0,-137
1754050236.25746,-3,-3,-129
1754050236.29546,3,2,-140
1754050236.33146,1,0,-139
1754050236.3684602,-7,-1,-137
1754050236.4074602,-5,0,-135
1754050236.44546,1,2,-136
1754050236.48146,5,-4,-140
1754050236.5194602,4,-5,-139
1754050236.55746,0,5,-137
1754050236.59646,-5,0,-136
1754050236.63246,0,0,-143
1754050236.67046,1,-2,-137
1754050236.70846,-3,-3,-136
1754050236.74746,0,0,-131
1754050236.78546,4,1,-136
1754050236.82146,1,-1,-148
1754050236.85946,-1,7,-146
1754050236.89746,2,6,-147
1754050236.93646,1,0,-129
1754050236.97246,3,1,-128
1754050237.0094602,1,0,-128
1754050237.04746,2,-8,-135
1754050237.08646,4,3,-125
1754050237.12246,0,-2,-148
1754050237.16046,0,-4,-144
1754050237.19846,-1,-5,-146
1754050237.23746,0,0,-143
1754050237.27346,0,-4,-144
1754050237.31146,-2,-3,-136
1754050237.34946,0,-7,-138
1754050237.38746,1,0,-135
1754050237.42646,-3,0,-132
1754050237.46246,-4,0,-137
1754050237.50046,0,-3,-137
1754050237.53846,1,-4,-126
1754050237.57746,5,1,-127
1754050237.61346,1,-1,-134
1754050237.65246,0,-3,-130
1754050237.68946,0,-5,-135
1754050237.72846,0,-4,-152
1754050237.7664602,-9,-6,-144
1754050237.8024602,-1,-2,-132
1754050237.84046,4,-6,-128
1754050237.8784602,3,-10,-139
1754050237.9174602,5,0,-141
1754050237.95346,0,0,-145
1754050237.9904602,2,3,-141
1754050238.02846,-2,0,-136
1754050238.06746,-6,-3,-136
1754050238.10346,6,-2,-132
1754050238.1414602,9,0,-116
1754050238.17946,2,0,-141
1754050238.21846,-2,-3,-134
1754050238.2564602,-7,-5,-134
1754050238.2924602,2,-2,-149
1754050238.33046,-4,-2,-135
1754050238.3684602,-2,-3,-143
1754050238.4074602,-2,4,-142
1754050238.44346,-7,0,-124
1754050238.4804602,0,2,-130
1754050238.51846,-2,1,-133
1754050238.55746,-4,-1,-135
1754050238.59346,-1,-7,-142
1754050238.6314602,0,6,-144
1754050238.66946,1,-2,-137
1754050238.70846,0,-6,-126
1754050238.7464602,5,-7,-140
1754050238.7824602,0,-2,-143
1754050238.82046,2,0,-136
1754050238.8584602,6,-4,-134
1754050238.89746,2,-5,-142
1754050238.93346,4,-1,-140
1754050238.97146,3,-1,-138
1754050239.0094602,7,-3,-144
1754050239.04846,6,2,-137
1754050239.08446,2,-4,-129
1754050239.12246,-2,-8,-137
1754050239.16046,-6,-8,-127
1754050239.19846,1,-3,-134
1754050239.23746,-1,-4,-138
1754050239.27346,0,-5,-145
1754050239.31046,3,-2,-136
1754050239.3484602,0,2,-138
1754050239.38746,0,-2,-149
1754050239.42346,1,-4,-154
1754050239.46146,-4,-2,-153
1754050239.49946,-2,-5,-145
1754050239.53846,0,-3,-142
1754050239.57446,-1,8,-123
1754050239.61246,2,0,-132
1754050239.65046,7,3,-145
1754050239.68946,-2,2,-141
1754050239.72746,2,4,-132
1754050239.7634602,4,-3,-129
1754050239.80146,8,-2,-139
1754050239.84046,4,0,-133
1754050239.8784602,0,0,-149
1754050239.9144602,3,-3,-148
1754050239.95346,5,2,-141
1754050239.9904602,0,0,-142
1754050240.0294602,-1,2,-133
1754050240.06746,-1,-2,-126
1754050240.10346,-2,-1,-135
1754050240.1414602,-3,1,-134
1754050240.17946,-1,0,-126
1754050240.21846,1,1,-125
1754050240.25446,2,0,-132
1754050240.29146,-5,-4,-142
1754050240.32946,-7,-7,-134
1754050240.3684602,3,-2,-137
1754050240.4044602,6,-8,-135
1754050240.44246,1,-5,-130
1754050240.4804602,5,0,-139
1754050240.5194602,7,3,-133
1754050240.55746,4,10,-130
1754050240.59346,1,1,-133
1754050240.63046,8,5,-135
1754050240.66946,6,6,-144
1754050240.7074602,0,0,-145
1754050240.7434602,-4,5,-141
1754050240.7824602,-1,9,-130
1754050240.82046,-5,-3,-125
1754050240.8584602,-4,2,-132
1754050240.8944602,5,0,-141
1754050240.93146,2,4,-140
1754050240.9704602,-1,1,-138
1754050241.00846,-5,0,-146
1754050241.04446,-1,1,-140
1754050241.0824602,3,8,-135
1754050241.12046,-2,-2,-142
1754050241.15946,4,-1,-141
1754050241.19546,-4,-3,-146
1754050241.2334602,-4,5,-146
1754050241.27146,1,2,-136
1754050241.3094602,0,6,-151
1754050241.3484602,0,-2,-147
1754050241.3844602,0,-2,-138
1754050241.42246,4,1,-145
1754050241.4604602,6,1,-134
1754050241.49946,2,-3,-136
1754050241.53546,7,1,-132
1754050241.57346,2,0,-139
1754050241.61046,3,0,-139
1754050241.64946,0,-3,-135
1754050241.68546,0,-1,-139
1754050241.72246,-2,3,-130
1754050241.76046,-1,0,-127
1754050241.7994602,4,-7,-143
1754050241.8354602,5,-3,-147
1754050241.87346,4,-1,-151
1754050241.91246,0,-3,-145
1754050241.9504602,3,-1,-142
1754050241.98846,9,-2,-144
1754050242.02446,9,-9,-135
1754050242.0624602,3,-2,-132
1754050242.10046,1,-3,-140
1754050242.13946,0,0,-133
1754050242.17546,0,-1,-132
1754050242.2134602,-3,-2,-125
1754050242.25146,-1,0,-133
1754050242.29046,-2,-1,-139
1754050242.32846,-1,-4,-141
1754050242.36446,0,-7,-142
1754050242.40246,4,2,-133
1754050242.4404602,0,3,-135
1754050242.47946,6,5,-142
1754050242.51546,6,-1,-128
1754050242.55346,2,3,-135
1754050242.59146,-3,-5,-137
1754050242.63046,3,-10,-140
1754050242.66846,3,-4,-155
1754050242.70446,-1,0,-150
1754050242.74246,3,1,-137
1754050242.78046,9,4,-130
1754050242.8194602,0,-1,-138
1754050242.8554602,3,7,-132
1754050242.89346,0,-5,-139
1754050242.93146,-9,0,-135
1754050242.9704602,2,1,-135
1754050243.0064602,0,0,-140
1754050243.04346,5,-1,-141
1754050243.08146,5,5,-141
1754050243.12046,8,4,-141
1754050243.15646,5,-4,-139
1754050243.1944602,6,3,-143
1754050243.23246,-4,9,-140
1754050243.27046,1,4,-146
1754050243.3094602,-1,3,-127
1754050243.34646,4,6,-136
1754050243.38346,-5,0,-131
1754050243.4214602,-6,-3,-133
1754050243.4604602,-8,0,-133
1754050243.4964602,-1,-2,-138
1754050243.53446,-1,0,-132
1754050243.5724602,-1,-2,-148
1754050243.61046,4,8,-144
1754050243.64946,6,2,-144
1754050243.68546,2,1,-138
1754050243.72246,3,1,-142
1754050243.76046,3,-7,-133
1754050243.7994602,5,0,-130
1754050243.8354602,9,1,-124
1754050243.87346,5,0,-132
1754050243.9114602,-2,-1,-149
1754050243.9504602,-3,-4,-141
1754050243.9864602,-2,-5,-144
1754050244.02446,-1,5,-140
1754050244.0624602,-3,5,-145
1754050244.10146,5,3,-135
1754050244.13946,1,0,-127
1754050244.17546,2,-3,-127
1754050244.2134602,-1,0,-128
1754050244.25146,2,-2,-137
1754050244.29046,4,2,-139
1754050244.32646,2,4,-136
1754050244.36346,-2,2,-129
1754050244.4014602,-2,-4,-127
1754050244.4404602,5,-3,-135
1754050244.47646,6,-3,-142
1754050244.51446,6,-7,-147
1754050244.5524602,5,-7,-138
1754050244.59146,3,-6,-134
1754050244.62946,0,-7,-138
1754050244.67346,6,-4,-142
1754050244.71146,4,1,-138
1754050244.75046,0,-4,-138
1754050244.7864602,0,6,-133
1754050244.82346,-3,1,-129
1754050244.8614602,-7,1,-141
1754050244.90046,5,4,-147
1754050244.93646,0,1,-146
1754050244.97446,2,0,-139
1754050245.01146,5,-1,-139
1754050245.05046,1,2,-140
1754050245.08646,-1,-1,-138
1754050245.12446,2,-1,-138
1754050245.16346,0,-4,-136
1754050245.20146,6,-1,-141
1754050245.23746,0,0,-132
1754050245.27446,0,-6,-149
1754050245.31346,0,-3,-135
1754050245.35146,-4,3,-144
1754050245.38746,-3,0,-140
1754050245.4244602,-4,-6,-132
1754050245.4634602,-7,0,-138
1754050245.50146,1,9,-137
1754050245.53746,0,5,-146
1754050245.57446,-3,9,-143
1754050245.61346,-6,3,-140
1754050245.6514602,-5,1,-131
1754050245.6874602,-4,-4,-128
1754050245.72546,1,-1,-137
1754050245.7634602,3,-2,-134
1754050245.8024602,6,7,-136
1754050245.84046,10,5,-141
1754050245.87646,1,3,-143
1754050245.91346,2,-3,-142
1754050245.95246,0,-3,-138
1754050245.9904602,-4,-3,-143
1754050246.0264602,-4,-1,-139
1754050246.06446,0,0,-135
1754050246.10346,8,2,-133
1754050246.1414602,-3,0,-143
1754050246.1774602,6,-5,-140
1754050246.21546,6,-4,-131
1754050246.2534602,2,-6,-137
1754050246.2924602,-5,0,-152
1754050246.33046,0,4,-138
1754050246.36646,-1,1,-144
1754050246.4044602,1,0,-145
1754050246.44246,-5,-5,-144
1754050246.48146,-2,-5,-144
1754050246.51746,-5,-1,-135
1754050246.55546,0,-5,-150
1754050246.59346,7,-7,-129
1754050246.63246,13,-5,-129
1754050246.67046,12,-4,-144
1754050246.70646,8,-2,-132
1754050246.74546,3,1,-136
1754050246.7824602,8,-1,-144
1754050246.82146,6,0,-143
1754050246.85746,7,-1,-149
1754050246.89546,1,-1,-143
1754050246.93346,3,3,-150
1754050246.97246,4,5,-133
1754050247.00846,7,0,-133
1754050247.04546,-4,-8,-125
1754050247.08346,-8,-5,-128
1754050247.12246,-4,-7,-138
1754050247.15846,4,-5,-148
1754050247.19646,-3,-8,-142
1754050247.23446,0,-4,-133
1754050247.27246,8,-5,-145
1754050247.31146,1,0,-154
1754050247.34746,1,0,-159
1754050247.3844602,9,0,-136
1754050247.42246,5,-8,-137
1754050247.46146,2,-4,-137
1754050247.49746,-1,4,-137
1754050247.5364602,-1,1,-144
1754050247.57346,-6,1,-134
1754050247.61246,-1,-2,-131
1754050247.64846,0,-3,-127
1754050247.68646,-1,1,-131
1754050247.72546,-2,4,-136
1754050247.7634602,1,-8,-148
1754050247.80146,6,0,-133
1754050247.83746,1,-2,-143
1754050247.87546,-2,1,-139
1754050247.91346,0,2,-130
1754050247.95246,-5,0,-133
1754050247.98846,1,0,-135
1754050248.02546,-3,5,-126
1754050248.06346,-3,0,-123
1754050248.10246,-3,-8,-132
1754050248.1384602,4,-3,-144
1754050248.17646,3,3,-138
1754050248.21446,1,5,-140
1754050248.2534602,-3,0,-145
1754050248.29146,3,1,-143
1754050248.32746,9,-5,-150
1754050248.3654602,3,-1,-135
1754050248.40346,1,3,-140
1754050248.44246,-1,-3,-140
1754050248.47846,0,-8,-142
1754050248.51746,0,-1,-137
1754050248.55446,7,3,-136
1754050248.59346,4,1,-137
1754050248.6314602,-7,4,-137
1754050248.6674602,-3,-1,-134
1754050248.70546,-3,3,-143
1754050248.7434602,1,9,-140
1754050248.7824602,2,2,-146
1754050248.81846,0,-2,-142
1754050248.85646,4,2,-138
1754050248.8944602,2,-1,-130
1754050248.93346,-1,0,-137
1754050248.97146,-3,-3,-139
1754050249.00746,-2,-6,-142
1754050249.04546,1,-7,-143
1754050249.08446,-2,-7,-138
1754050249.12246,1,-5,-137
1754050249.15846,-1,-3,-137
1754050249.1974602,1,-5,-128
1754050249.23446,-4,-4,-132
1754050249.27346,-4,3,-141
1754050249.3094602,-10,0,-135
1754050249.34746,-4,2,-130
1754050249.38546,3,1,-136
1754050249.42346,0,-3,-132
1754050249.46246,0,1,-141
1754050249.49846,2,2,-147
1754050249.53546,3,-2,-133
1754050249.57346,4,-7,-145
1754050249.61246,3,-2,-140
1754050249.64846,-4,-10,-140
1754050249.68646,3,0,-135
1754050249.72446,5,0,-137
1754050249.7634602,7,1,-142
1754050249.7994602,6,-3,-133
1754050249.8384602,-1,0,-127
1754050249.87546,3,-2,-144
1754050249.9144602,4,-3,-134
1754050249.95246,0,1,-130
1754050249.98846,0,5,-133
1754050250.0264602,4,3,-126
1754050250.06446,0,-3,-136
1754050250.10346,-12,1,-135
1754050250.13946,-5,0,-126
1754050250.1774602,1,-2,-126
1754050250.21546,3,-1,-137
1754050250.25446,7,7,-146
1754050250.2924602,4,8,-134
1754050250.32846,5,1,-133
1754050250.3654602,6,5,-147
1754050250.4044602,8,-4,-148
1754050250.44246,9,-1,-143
1754050250.47846,1,-1,-137
1754050250.51746,2,1,-134
1754050250.55446,1,1,-139
1754050250.59346,5,0,-135
1754050250.62946,-1,-5,-148
1754050250.6674602,0,1,-140
1754050250.70546,-3,0,-137
1754050250.74446,-1,-4,-131
1754050250.7824602,-2,-5,-127
1754050250.81846,4,1,-132
1754050250.8554602,0,1,-139
1754050250.8944602,-5,3,-132
1754050250.93246,-8,9,-127
1754050250.96846,-6,2,-121
1754050251.0064602,-1,2,-125
1754050251.04446,1,3,-136
1754050251.08346,4,2,-124
1754050251.11946,1,0,-134
1754050251.15646,6,-5,-130
1754050251.1944602,-3,0,-125
1754050251.2334602,0,4,-128
1754050251.2694602,1,10,-131
1754050251.30646,6,7,-138
1754050251.34446,8,7,-150
1754050251.38346,1,2,-146
1754050251.41946,6,-7,-144
1754050251.4574602,-3,-5,-138
1754050251.49546,-4,3,-121
1754050251.53446,7,3,-131
1754050251.57046,4,0,-131
1754050251.60746,5,-9,-145
1754050251.64546,-1,3,-136
1754050251.6844602,-3,0,-137
1754050251.7204602,0,0,-142
1754050251.75846,1,0,-135
1754050251.7964602,0,7,-139
1754050251.83446,2,-1,-135
1754050251.87346,0,4,-132
1754050251.90946,3,2,-125
1754050251.94646,1,2,-146
1754050251.98546,1,6,-157
1754050252.02346,-2,-3,-141
1754050252.0594602,-4,1,-144
1754050252.09746,0,-3,-143
1754050252.13546,-1,-3,-143
1754050252.1744602,-1,0,-149
1754050252.2104602,1,0,-148
1754050252.24746,0,2,-143
1754050252.28546,-2,-2,-148
1754050252.32446,0,-4,-153
1754050252.36046,2,-8,-149
1754050252.39846,5,-9,-131
1754050252.43646,-3,-3,-132
1754050252.47546,-2,-3,-138
1754050252.5134602,2,0,-134
1754050252.5494602,4,1,-132
1754050252.58646,-2,0,-130
1754050252.62546,1,-2,-141
1754050252.66346,1,-2,-139
1754050252.69946,5,-5,-124
1754050252.73746,1,0,-131
1754050252.77546,-3,-4,-130
1754050252.81446,1,7,-128
1754050252.85046,1,5,-130
1754050252.88746,-2,-3,-141
1754050252.92546,5,4,-140
1754050252.96446,2,2,-141
1754050253.00046,0,-3,-139
1754050253.03746,-5,-3,-132
1754050253.0754602,3,0,-140
1754050253.11446,0,-1,-130
1754050253.15046,-3,0,-131
1754050253.1874602,3,1,-137
1754050253.22546,6,-6,-131
1754050253.26446,-2,-4,-128
1754050253.30046,-3,-9,-142
1754050253.3384602,4,0,-145
1754050253.37646,7,3,-153
1754050253.41546,5,0,-143
1754050253.45146,1,5,-147
1754050253.48846,-3,2,-137
1754050253.5264602,-1,-2,-131
1754050253.5654602,0,-2,-135
1754050253.60146,-6,-2,-139
1754050253.63946,-1,-6,-149
1754050253.6774602,0,2,-133
1754050253.71546,8,1,-140
1754050253.75446,3,0,-144
1754050253.79046,8,-5,-138
1754050253.82846,-3,0,-138
1754050253.86646,0,1,-141
1754050253.90546,1,1,-140
1754050253.94146,-3,-1,-128
1754050253.97946,2,-5,-134
1754050254.01746,0,-5,-130
1754050254.05646,-6,-1,-154
1754050254.09446,0,-4,-132
1754050254.13046,0,-2,-139
1754050254.16846,0,5,-137
1754050254.20646,6,3,-138
1754050254.24546,2,8,-137
1754050254.28146,0,3,-141
1754050254.3194602,0,3,-144
1754050254.35746,-8,-6,-139
1754050254.39646,-10,0,-146
1754050254.4344602,-5,4,-136
1754050254.4704602,-3,-7,-134
1754050254.50846,2,-2,-141
1754050254.5464602,2,-4,-138
1754050254.5854602,0,-10,-131
1754050254.6214602,7,-2,-143
1754050254.65946,-1,-1,-147
1754050254.70546,-2,2,-139
1754050254.74146,-1,0,-136
1754050254.7794602,0,-8,-132
1754050254.81746,5,-9,-131
1754050254.85646,4,-4,-137
1754050254.8944602,1,-4,-131
1754050254.93046,-3,-2,-120
1754050254.96846,-2,-3,-130
1754050255.00746,5,3,-139
1754050255.04546,3,5,-151
1754050255.08146,-2,4,-147
1754050255.12046,10,5,-144
1754050255.1574602,10,0,-148
1754050255.19646,9,0,-128
1754050255.23246,7,-3,-137
1754050255.27046,8,-2,-133
1754050255.30846,5,1,-134
1754050255.34646,6,-1,-143
1754050255.38546,0,-5,-131
1754050255.4214602,-3,0,-155
1754050255.45946,2,0,-144
1754050255.49746,6,2,-137
1754050255.5364602,4,1,-131
1754050255.5724602,4,1,-138
1754050255.60946,0,12,-138
1754050255.64746,-1,6,-133
1754050255.68646,-8,-4,-134
1754050255.72246,3,-2,-137
1754050255.76046,3,-3,-149
1754050255.79846,3,3,-146
1754050255.83646,-6,5,-134
1754050255.87546,0,8,-138
1754050255.9114602,-2,6,-141
1754050255.94946,-7,0,-140
1754050255.98746,-6,0,-138
1754050256.0264602,1,-8,-134
1754050256.0624602,-7,-7,-136
1754050256.10046,-5,-5,-133
1754050256.1384602,-4,0,-120
1754050256.1774602,-4,0,-134
1754050256.21546,3,-1,-134
1754050256.25146,5,8,-134
1754050256.2894602,2,3,-141
1754050256.32746,-1,3,-131
1754050256.36646,-3,2,-133
1754050256.40246,-6,4,-139
1754050256.4404602,-1,1,-122
1754050256.47846,5,1,-131
1754050256.51746,5,10,-130
1754050256.55546,2,2,-136
1754050256.59146,-6,4,-135
1754050256.62946,0,7,-142
1754050256.6674602,6,4,-137
1754050256.70646,0,-3,-136
1754050256.74246,3,0,-134
1754050256.7794602,7,4,-129
1754050256.81746,3,3,-136
1754050256.85646,5,3,-128
1754050256.89246,0,2,-126
1754050256.92946,-4,0,-136
1754050256.9674602,-1,0,-140
1754050257.0064602,6,-6,-140
1754050257.0424602,3,-2,-134
1754050257.08046,4,2,-138
1754050257.1184602,0,3,-145
1754050257.1574602,-4,3,-139
1754050257.19346,-2,0,-141
1754050257.23146,-1,-1,-133
1754050257.2694602,-2,-3,-131
1754050257.30746,-3,-9,-133
1754050257.34646,5,2,-132
1754050257.38246,0,4,-135
1754050257.41946,0,1,-133
1754050257.4574602,1,2,-136
1754050257.4964602,0,-1,-140
1754050257.5324602,-2,0,-132
1754050257.57046,0,3,-137
1754050257.6084602,1,4,-131
1754050257.64746,-1,5,-130
1754050257.68346,2,-4,-131
1754050257.72146,-1,-1,-125
1754050257.76046,4,-4,-136
1754050257.79746,0,1,-135
1754050257.83646,0,1,-137
1754050257.87246,-2,-4,-137
1754050257.91046,-5,-3,-144
1754050257.94846,-5,0,-140
1754050257.98746,3,-3,-137
1754050258.02346,6,-2,-144
1754050258.06146,5,0,-148
1754050258.09946,-1,5,-147
1754050258.1384602,2,1,-131
1754050258.17646,-3,-1,-143
1754050258.21246,2,-4,-148
1754050258.25046,-4,-6,-140
1754050258.2894602,8,1,-138
1754050258.32746,0,-4,-142
1754050258.36346,3,-2,-141
1754050258.4014602,2,-1,-137
1754050258.43946,0,-4,-135
1754050258.47846,-2,2,-135
1754050258.5164602,-8,-3,-125
1754050258.5524602,0,0,-132
1754050258.58946,4,3,-135
1754050258.6284602,3,-7,-128
1754050258.66646,-3,-7,-129
1754050258.70246,1,0,-137
1754050258.73946,8,2,-132
1754050258.77846,0,0,-128
1754050258.81646,-1,-3,-132
1754050258.85246,1,-7,-139
1754050258.89046,6,-3,-133
1754050258.92846,-3,-3,-137
1754050258.9674602,-7,0,-134
1754050259.0034602,0,-4,-134
1754050259.04146,2,-5,-129
1754050259.07946,-5,-4,-138
1754050259.1184602,2,-8,-145
1754050259.1544602,-4,-3,-136
1754050259.19346,-1,-3,-131
1754050259.2304602,0,-1,-125
1754050259.26846,1,-7,-124
1754050259.30746,9,-6,-125
1754050259.34346,3,1,-126
1754050259.3814602,1,0,-127
1754050259.41946,0,2,-127
1754050259.4574602,3,-3,-141
1754050259.4934602,1,-3,-141
1754050259.53146,3,0,-135
1754050259.5694602,-6,0,-136
1754050259.6084602,-3,4,-143
1754050259.6444602,0,2,-144
1754050259.68146,5,-1,-138
1754050259.71946,3,0,-144
1754050259.75846,1,0,-123
1754050259.79446,-5,-2,-128
1754050259.8324602,-8,-1,-135
1754050259.87046,-3,-2,-134
1754050259.90846,-3,-1,-139
1754050259.9474602,3,-10,-150
1754050259.9834602,2,-7,-144
1754050260.02246,5,-8,-138
1754050260.0594602,5,-8,-140
1754050260.0984602,4,-3,-149
1754050260.1344602,-4,-8,-131
1754050260.17246,0,-5,-141
1754050260.2104602,-3,-1,-137
1754050260.24946,0,-5,-135
1754050260.28746,4,2,-141
1754050260.32346,1,3,-145
1754050260.3614602,-1,0,-138
1754050260.39946,0,-6,-136
1754050260.43846,5,-9,-132
1754050260.47446,10,-7,-129
1754050260.51246,2,-2,-134
1754050260.55046,0,-1,-134
1754050260.58946,4,-5,-138
1754050260.62746,4,0,-128
1754050260.66346,1,-8,-125
1754050260.70146,-4,6,-133
1754050260.73946,-1,-3,-132
1754050260.77846,-3,-9,-138
1754050260.81446,-4,-3,-143
1754050260.85246,1,-3,-133
1754050260.89046,4,-2,-136
1754050260.92946,10,0,-141
1754050260.9674602,2,0,-156
1754050261.0034602,0,-3,-134
1754050261.0424602,2,-11,-151
1754050261.07946,0,-4,-146
1754050261.1184602,0,2,-143
1754050261.1544602,-1,-1,-144
1754050261.19246,-4,-6,-136
1754050261.2304602,-2,3,-139
1754050261.2694602,1,0,-133
1754050261.30546,5,-2,-136
1754050261.34346,6,2,-136
1754050261.3814602,9,-3,-123
1754050261.41946,7,0,-138
1754050261.45846,8,-1,-138
1754050261.49446,3,1,-136
1754050261.53146,5,-1,-127
1754050261.5694602,0,-4,-128
1754050261.6084602,-2,-2,-141
1754050261.6444602,1,1,-137
1754050261.68146,-3,-6,-147
1754050261.71946,-9,-8,-136
1754050261.75846,-1,-4,-138
1754050261.79446,-7,-8,-130
1754050261.8324602,-6,-2,-128
1754050261.87046,-7,2,-142
1754050261.90946,1,2,-144
1754050261.94546,-3,2,-149
1754050261.9834602,0,5,-136
1754050262.02146,-4,1,-128
1754050262.06046,4,0,-131
1754050262.0984602,-1,0,-124
1754050262.1344602,-5,-4,-135
1754050262.17246,-3,-7,-132
1754050262.2104602,-5,-3,-141
1754050262.24946,7,-4,-150
1754050262.28546,1,-6,-142
1754050262.32346,-5,2,-125
1754050262.3614602,1,0,-126
1754050262.40046,1,0,-137
1754050262.43846,5,0,-142
1754050262.47546,0,-2,-139
1754050262.5134602,3,-6,-138
1754050262.55146,0,-8,-137
1754050262.59046,-5,-12,-135
1754050262.6284602,8,-4,-135
1754050262.6644602,5,-6,-128
1754050262.70246,0,-3,-136
1754050262.7404602,10,1,-135
1754050262.7794602,3,1,-124
1754050262.8154602,12,2,-135
1754050262.85446,4,-2,-138
1754050262.8914602,3,-7,-132
1754050262.93046,8,0,-133
1754050262.96846,2,-2,-138
1754050263.00446,0,-4,-128
1754050263.04346,-5,-1,-135
1754050263.08046,0,-5,-141
1754050263.11946,-6,-5,-139
1754050263.15546,0,-8,-123
1754050263.19346,3,-3,-132
1754050263.23146,-1,-2,-133
1754050263.27046,5,-1,-138
1754050263.30646,-1,-3,-135
1754050263.34446,7,-2,-135
1754050263.38346,-1,0,-130
1754050263.42046,1,-4,-145
1754050263.45946,-3,-8,-147
1754050263.4964602,2,-4,-149
1754050263.53346,2,-5,-140
1754050263.57146,-2,-7,-144
1754050263.61046,-4,1,-138
1754050263.64646,1,-4,-138
1754050263.6844602,2,-4,-139
1754050263.72246,-6,-4,-133
1754050263.76046,-7,1,-139
1754050263.7994602,-7,-10,-134
1754050263.8354602,-3,0,-133
1754050263.87346,4,0,-138
1754050263.9114602,5,0,-142
1754050263.9504602,-7,-14,-136
1754050263.9864602,4,-8,-135
1754050264.02446,1,-2,-130
1754050264.0624602,2,-2,-131
1754050264.10146,6,-1,-132
1754050264.13946,0,0,-140
1754050264.17546,8,-4,-132
1754050264.2134602,-1,-7,-128
1754050264.25146,-3,0,-141
1754050264.29046,2,1,-132
1754050264.32646,-1,-3,-145
1754050264.36446,-6,-5,-144
1754050264.40246,-1,2,-136
1754050264.44146,3,8,-131
1754050264.47946,1,1,-141
1754050264.51546,0,0,-135
1754050264.55446,7,2,-127
1754050264.59146,-1,-1,-142
1754050264.63046,-1,-1,-142
1754050264.66646,2,-1,-139
1754050264.71246,2,0,-140
1754050264.75046,0,4,-136
1754050264.7864602,-4,3,-138
1754050264.82446,-2,-3,-134
1754050264.86346,-5,-5,-124
1754050264.9014602,1,-2,-127
1754050264.93946,-5,4,-142
1754050264.97546,-1,6,-134
1754050265.0134602,-3,1,-139
1754050265.05146,-4,6,-134
1754050265.09046,1,3,-136
1754050265.12646,0,-4,-136
1754050265.1644602,-1,0,-129
1754050265.20246,1,-5,-138
1754050265.24146,6,0,-146
1754050265.28046,7,-4,-148
1754050265.31646,1,-4,-149
1754050265.35446,5,-3,-149
1754050265.39246,4,0,-146
1754050265.43146,-2,-4,-152
1754050265.4674602,-2,-4,-145
1754050265.50546,2,-10,-137
1754050265.54346,5,-2,-141
1754050265.58146,-1,-1,-138
1754050265.62046,-1,-3,-130
1754050265.65646,-6,-2,-145
1754050265.6944602,-3,-6,-139
1754050265.73246,-1,-8,-131
1754050265.77146,-3,0,-145
1754050265.80746,2,-7,-145
1754050265.8454602,4,-5,-149
1754050265.8844602,0,-4,-132
1754050265.9214602,3,3,-134
1754050265.9604602,3,4,-138
1754050265.9964602,-2,0,-142
1754050266.03346,-1,-5,-137
1754050266.0724602,-6,-3,-141
1754050266.11046,-8,2,-142
1754050266.14646,-3,2,-141
1754050266.1844602,-5,5,-143
1754050266.22246,-4,-1,-139
1754050266.26146,-3,-2,-145
1754050266.29746,3,0,-143
1754050266.33446,6,-1,-153
1754050266.37246,6,0,-142
1754050266.4114602,10,-1,-147
1754050266.4474602,1,-2,-130
1754050266.48546,-3,-6,-127
1754050266.52346,0,-3,-124
1754050266.5624602,-1,4,-133
1754050266.60046,10,7,-135
1754050266.63646,7,0,-132
1754050266.67346,5,-3,-136
1754050266.71246,3,0,-143
1754050266.75046,3,-1,-141
1754050266.7864602,4,-2,-131
1754050266.82446,-5,0,-139
1754050266.86246,4,0,-125
1754050266.9014602,1,-5,-137
1754050266.9374602,-3,-1,-139
1754050266.97646,3,-5,-134
1754050267.0134602,-6,0,-139
1754050267.0524602,-6,-3,-139
1754050267.09046,4,1,-145
1754050267.12646,5,-1,-141
1754050267.1644602,0,-6,-126
1754050267.20246,-4,0,-133
1754050267.24146,3,-1,-142
1754050267.27746,0,-1,-142
1754050267.3154602,-6,3,-137
1754050267.35446,-4,4,-135
1754050267.39246,0,3,-137
1754050267.42846,-2,5,-138
1754050267.4674602,-5,4,-142
1754050267.50446,-3,1,-138
1754050267.5424602,2,-7,-134
1754050267.58146,6,-10,-133
1754050267.61746,0,-4,-134
1754050267.65546,-1,-1,-133
1754050267.69346,-6,0,-139
1754050267.73246,-2,-1,-132
1754050267.76846,3,0,-140
1754050267.80546,4,-4,-134
1754050267.84346,2,-3,-139
1754050267.88246,-4,-5,-134
1754050267.91846,-5,-6,-140
1754050267.95646,-7,-1,-145
1754050267.99446,5,-3,-140
1754050268.03346,4,0,-140
1754050268.07146,7,-3,-131
1754050268.10746,2,-9,-126
1754050268.14646,4,-1,-137
1754050268.18346,1,-4,-140
1754050268.22246,-9,-4,-136
1754050268.25846,-8,-5,-127
1754050268.2964602,3,0,-140
1754050268.33446,6,7,-140
1754050268.37346,6,1,-138
1754050268.4114602,5,-2,-139
1754050268.4474602,0,0,-134
1754050268.48446,0,-3,-131
1754050268.52346,2,2,-139
1754050268.56146,6,0,-141
1754050268.59746,2,1,-138
1754050268.6344602,-4,-4,-140
1754050268.67346,1,-4,-139
1754050268.71146,0,-1,-134
1754050268.74746,-6,-1,-139
1754050268.78546,-6,-6,-129
1754050268.82346,-1,-10,-141
1754050268.86246,0,-7,-147
1754050268.89846,1,6,-143
1754050268.93546,-3,3,-141
1754050268.9734602,-4,-1,-136
1754050269.01246,-8,-1,-145
1754050269.04846,-2,-4,-139
1754050269.08646,1,-2,-138
1754050269.12446,2,2,-139
1754050269.16346,0,0,-135
1754050269.20146,0,3,-135
1754050269.23746,-7,5,-142
1754050269.2764602,-2,-5,-138
1754050269.31346,-1,0,-132
1754050269.35246,0,0,-132
1754050269.3884602,1,0,-131
1754050269.42646,6,0,-140
1754050269.4634602,0,-6,-133
1754050269.50246,-7,0,-135
1754050269.53846,-1,2,-126
1754050269.57646,-3,0,-127
1754050269.61446,0,1,-129
1754050269.65346,9,1,-134
1754050269.68946,5,0,-135
1754050269.72646,0,2,-138
1754050269.76446,-6,1,-142
1754050269.80346,2,-1,-148
1754050269.83946,-1,-4,-141
1754050269.87746,-5,-4,-132
1754050269.91546,3,-2,-130
1754050269.95446,-1,0,-123
1754050269.99246,-4,1,-131
1754050270.02846,-1,-1,-133
1754050270.06646,1,-4,-132
1754050270.10446,4,-6,-133
1754050270.14346,8,-12,-138
1754050270.17946,7,-11,-137
1754050270.2174602,3,-3,-137
1754050270.25546,4,-3,-132
1754050270.29446,2,1,-139
1754050270.3324602,3,0,-142
1754050270.3684602,5,0,-139
1754050270.40546,2,-3,-143
1754050270.4444602,5,-3,-136
1754050270.48246,-1,0,-141
1754050270.51846,7,0,-143
1754050270.55546,-6,-1,-131
1754050270.59446,-6,6,-130
1754050270.63246,-4,1,-135
1754050270.66846,-5,0,-151
1754050270.70646,3,0,-144
1754050270.74446,-4,-7,-145
1754050270.78346,12,-1,-139
1754050270.8194602,3,1,-147
1754050270.85646,-2,2,-135
1754050270.8944602,-4,4,-138
1754050270.93346,-3,-7,-136
1754050270.96946,1,-6,-125
1754050271.00846,0,-1,-128
1754050271.04546,-11,2,-130
1754050271.08446,2,-3,-133
1754050271.12246,-1,1,-131
1754050271.15846,0,3,-131
1754050271.19546,3,-4,-122
1754050271.23446,2,-5,-133
1754050271.27046,0,-3,-131
1754050271.30846,0,-1,-131
1754050271.34646,3,-2,-139
1754050271.3844602,2,-2,-143
1754050271.42346,8,0,-135
1754050271.45946,4,-1,-137
1754050271.49746,7,-6,-135
1754050271.53546,6,-3,-136
1754050271.57446,2,0,-143
1754050271.61046,0,8,-149
1754050271.64846,-4,4,-146
1754050271.68646,4,-4,-144
1754050271.72446,4,0,-139
1754050271.7634602,0,-5,-137
1754050271.7994602,5,0,-136
1754050271.83646,4,2,-140
1754050271.87446,-1,-3,-128
1754050271.91346,2,-1,-137
1754050271.94946,0,6,-149
1754050271.9864602,-1,-5,-147
1754050272.02446,-4,-1,-139
1754050272.06346,-3,-2,-134
1754050272.09946,-3,-1,-132
1754050272.13746,-5,1,-134
1754050272.17546,-11,-3,-129
1754050272.21446,-4,0,-136
1754050272.25046,0,-1,-132
1754050272.28846,-3,0,-139
1754050272.32646,0,2,-142
1754050272.3654602,0,-3,-129
1754050272.40346,8,-7,-130
1754050272.43946,9,2,-129
1754050272.47646,-1,-4,-136
1754050272.51546,-1,-2,-129
1754050272.55346,-2,-1,-128
1754050272.58946,-6,-3,-133
1754050272.62746,0,0,-141
1754050272.66546,0,0,-141
1754050272.70446,-4,-13,-137
1754050272.7404602,-1,-7,-141
1754050272.77846,-2,1,-135
1754050272.81646,-2,0,-135
1754050272.8554602,3,0,-137
1754050272.89346,3,-3,-137
1754050272.92946,0,0,-140
1754050272.96646,4,-4,-135
1754050273.00546,-3,-2,-129
1754050273.04346,0,-8,-126
1754050273.07946,5,0,-144
1754050273.11646,7,-3,-143
1754050273.15546,-2,1,-129
1754050273.19346,0,-4,-141
1754050273.2304602,-4,-6,-133
1754050273.26846,-2,-3,-139
1754050273.30646,1,-6,-144
1754050273.3454602,-2,0,-149
1754050273.3814602,-4,1,-143
1754050273.41946,-4,-2,-134
1754050273.4574602,-3,1,-136
1754050273.49546,-1,-3,-128
1754050273.53446,-1,-9,-138
1754050273.57046,3,-9,-138
1754050273.6084602,0,0,-138
1754050273.64746,-3,-3,-134
1754050273.68546,1,-4,-133
1754050273.72146,0,-6,-138
1754050273.76046,-8,-3,-146
1754050273.79746,-7,-5,-143
1754050273.8354602,0,4,-129
1754050273.87446,1,0,-136
1754050273.91046,5,1,-129
1754050273.9474602,1,5,-139
1754050273.98546,9,-4,-141
1754050274.02446,8,-5,-142
1754050274.06046,4,-6,-137
1754050274.0984602,0,-1,-139
1754050274.13646,0,0,-151
1754050274.17546,-1,-2,-138
1754050274.21146,-1,1,-145
1754050274.24946,-6,-6,-133
1754050274.28846,-2,1,-150
1754050274.32646,-3,0,-149
1754050274.36446,-1,1,-143
1754050274.40046,1,-3,-145
1754050274.43846,1,-3,-145
1754050274.47746,3,-6,-141
1754050274.51546,0,-3,-141
1754050274.55146,-1,-6,-135
1754050274.58946,1,-3,-144
1754050274.62746,-3,-5,-135
1754050274.66646,-1,-1,-141
1754050274.70446,0,-5,-135
1754050274.74746,-2,-3,-136
1754050274.7864602,1,0,-135
1754050274.82446,-6,1,-142
1754050274.86046,-1,2,-150
1754050274.89846,-2,-3,-133
1754050274.93646,-1,2,-134
1754050274.97546,0,-5,-125
1754050275.01146,-3,-9,-141
1754050275.0494602,-2,0,-143
1754050275.0884602,0,-6,-146
1754050275.12646,2,0,-127
1754050275.1644602,5,1,-138
1754050275.2004602,1,-2,-144
1754050275.23846,-1,-3,-140
1754050275.27746,2,-5,-134
1754050275.3154602,-4,-2,-132
1754050275.35146,1,0,-141
1754050275.3884602,2,0,-146
1754050275.4274602,3,-1,-138
1754050275.46546,3,-3,-142
1754050275.50146,0,-7,-139
1754050275.5394602,-8,-5,-152
1754050275.57746,2,-4,-150
1754050275.61646,0,-5,-136
1754050275.65246,3,-5,-133
1754050275.6904602,-4,-3,-146
1754050275.72846,-1,-6,-135
1754050275.7664602,-2,0,-135
1754050275.80546,-4,0,-131
1754050275.84146,0,-3,-140
1754050275.87946,-3,-4,-132
1754050275.9174602,-3,1,-139
1754050275.95646,-7,1,-136
1754050275.99246,3,-3,-137
1754050276.03046,2,0,-132
1754050276.0694602,-3,-4,-127
1754050276.10646,0,-5,-130
1754050276.14546,7,1,-138
1754050276.18146,1,-2,-130
1754050276.21946,-3,-7,-136
1754050276.25746,-1,-8,-135
1754050276.2964602,0,0,-121
1754050276.3324602,0,1,-130
1754050276.36946,12,-2,-145
1754050276.4074602,9,-4,-147
1754050276.44646,5,-1,-126
1754050276.48246,2,1,-133
1754050276.5194602,0,-8,-131
1754050276.55746,-1,-2,-144
1754050276.59646,-5,-2,-135
1754050276.63246,3,-1,-136
1754050276.67046,2,-6,-132
1754050276.70846,6,-4,-141
1754050276.74746,4,-7,-140
1754050276.78546,3,-4,-136
1754050276.82146,2,-4,-130
1754050276.85946,-4,-1,-130
1754050276.89746,-12,1,-137
1754050276.93646,0,0,-136
1754050276.97246,-1,-1,-148
1754050277.01046,-1,-8,-145
1754050277.04846,1,1,-155
1754050277.08746,6,0,-143
1754050277.12546,0,4,-140
1754050277.1614602,1,-4,-142
1754050277.19946,5,0,-143
1754050277.23746,6,2,-130
1754050277.2764602,2,-2,-135
1754050277.3124602,-4,1,-137
1754050277.35046,-2,2,-146
1754050277.3884602,-3,0,-143
1754050277.42846,3,3,-137
1754050277.46646,3,8,-132
1754050277.50246,0,5,-141
1754050277.54046,3,1,-139
1754050277.57846,0,3,-149
1754050277.61746,7,0,-141
1754050277.65346,1,1,-120
1754050277.6904602,-2,2,-125
1754050277.72846,5,0,-133
1754050277.76746,0,3,-133
1754050277.80346,-1,3,-145
1754050277.84146,-3,-1,-138
1754050277.87946,0,-1,-150
1754050277.9174602,2,-8,-128
1754050277.95646,0,-5,-140
1754050277.99246,1,0,-128
1754050278.0294602,-4,-3,-134
1754050278.06746,3,-5,-129
1754050278.10646,3,0,-135
1754050278.14246,5,3,-142
1754050278.17946,6,-2,-145
1754050278.21846,2,5,-144
1754050278.2564602,0,2,-132
1754050278.2924602,-3,-1,-136
1754050278.33046,0,-2,-144
1754050278.3684602,4,-2,-130
1754050278.4074602,-1,-6,-128
1754050278.44346,-2,-3,-131
1754050278.48146,2,-4,-138
1754050278.5194602,6,-6,-136
1754050278.55846,2,-5,-143
1754050278.59646,1,-1,-146
1754050278.63246,3,-9,-141
1754050278.67046,3,1,-137
1754050278.70846,0,-3,-141
1754050278.74746,7,-4,-141
1754050278.78346,2,1,-132
1754050278.82046,-3,2,-145
1754050278.8584602,-2,3,-141
1754050278.89746,0,2,-142
1754050278.93346,-2,2,-148
1754050278.97146,2,7,-152
1754050279.0094602,0,0,-138
1754050279.04846,8,0,-140
1754050279.08646,9,0,-136
1754050279.12246,0,3,-144
1754050279.16046,-5,0,-130
1754050279.19846,6,-1,-133
1754050279.23746,8,1,-130
1754050279.27346,4,3,-135
1754050279.31146,1,3,-134
1754050279.34946,2,-2,-132
1754050279.3884602,1,-5,-136
1754050279.4244602,3,-1,-129
1754050279.46246,9,0,-129
1754050279.50046,3,2,-119
1754050279.53846,2,0,-135
1754050279.57746,-6,-6,-136
1754050279.61346,-2,-2,-148
1754050279.6514602,-1,-2,-132
1754050279.68946,3,0,-145
1754050279.72846,-4,-3,-143
1754050279.76446,0,-3,-144
1754050279.8024602,0,2,-136
1754050279.84046,7,-4,-140
1754050279.8784602,6,1,-142
1754050279.9174602,0,-1,-142
1754050279.95346,0,3,-135
1754050279.9904602,-3,1,-135
1754050280.02846,0,1,-131
1754050280.06746,-5,-5,-123
1754050280.10346,-6,-3,-125
1754050280.1414602,0,-2,-128
1754050280.18046,10,-4,-132
1754050280.21846,-1,-8,-132
1754050280.25446,-2,-3,-135
1754050280.2924602,4,-2,-152
1754050280.33046,0,-1,-139
1754050280.36946,3,-1,-134
1754050280.4074602,-1,-6,-139
1754050280.44346,1,-6,-132
1754050280.48146,6,-7,-139
1754050280.5194602,0,-5,-150
1754050280.55846,-9,-5,-153
1754050280.59446,0,-7,-136
1754050280.63246,-7,4,-131
1754050280.6714602,-3,-4,-129
1754050280.70946,-3,-3,-134
1754050280.74746,3,-5,-142
1754050280.78346,1,-4,-140
1754050280.82146,0,0,-145
1754050280.85946,-2,-3,-142
1754050280.89846,9,-3,-143
1754050280.9344602,5,0,-134
1754050280.97146,10,-2,-144
1754050281.0094602,1,0,-139
1754050281.04846,4,-3,-140
1754050281.08446,5,1,-145
1754050281.1214602,6,-1,-145
1754050281.15946,8,-7,-131
1754050281.19846,9,-8,-144
1754050281.23446,8,-8,-140
1754050281.27246,7,-3,-139
1754050281.31046,-4,-1,-138
1754050281.34946,-2,-1,-132
1754050281.38546,1,-7,-140
1754050281.42346,3,0,-125
1754050281.46146,3,-11,-132
1754050281.49946,5,-5,-141
1754050281.53846,0,-1,-135
1754050281.57446,-4,0,-140
1754050281.61246,3,-4,-127
1754050281.65046,3,-6,-130
1754050281.68946,-3,-2,-143
1754050281.72546,1,-2,-144
1754050281.76446,-1,-6,-137
1754050281.80146,3,2,-135
1754050281.83946,0,0,-140
1754050281.8784602,1,0,-139
1754050281.9144602,0,-1,-139
1754050281.95246,1,3,-144
1754050281.9904602,-2,-4,-141
1754050282.0294602,2,1,-148
1754050282.0654602,5,-7,-153
1754050282.10346,0,-8,-154
1754050282.14246,-2,-5,-149
1754050282.18046,-3,0,-135
1754050282.21846,4,1,-132
1754050282.25446,3,1,-128
1754050282.2924602,8,0,-127
1754050282.33046,0,2,-138
1754050282.3684602,-2,0,-141
1754050282.4044602,0,0,-141
1754050282.44246,6,-1,-142
1754050282.4804602,3,3,-140
1754050282.51846,-2,1,-144
1754050282.55446,1,-2,-131
1754050282.5924602,-4,2,-129
1754050282.6314602,0,0,-137
1754050282.66946,7,-1,-140
1754050282.70546,5,-8,-136
1754050282.7434602,7,-4,-136
1754050282.78146,0,-3,-132
1754050282.82046,1,-3,-131
1754050282.8584602,0,0,-141
1754050282.8944602,-4,-2,-144
1754050282.93246,2,-5,-132
1754050282.9704602,6,-5,-127
1754050283.0094602,2,0,-140
1754050283.04546,-6,-4,-134
1754050283.08346,-6,-8,-145
1754050283.1214602,3,-6,-138
1754050283.16046,-2,0,-134
1754050283.19846,-4,-6,-137
1754050283.23446,-2,-3,-146
1754050283.27246,-3,0,-125
1754050283.31046,0,1,-132
1754050283.34946,0,-1,-136
1754050283.38546,0,-1,-137
1754050283.42346,-1,3,-143
1754050283.46146,1,0,-141
1754050283.50046,-1,6,-142
1754050283.5364602,-7,-2,-143
1754050283.57446,-4,1,-138
1754050283.61246,-1,6,-140
1754050283.65046,1,1,-143
1754050283.68946,0,0,-123
1754050283.72546,-2,-3,-120
1754050283.7634602,6,-1,-124
1754050283.8024602,1,-5,-140
1754050283.84046,8,0,-124
1754050283.87646,0,-1,-129
1754050283.91546,-4,-4,-126
1754050283.95246,-5,1,-129
1754050283.9904602,1,4,-140
1754050284.0294602,2,2,-140
1754050284.0654602,4,4,-149
1754050284.10246,6,7,-140
1754050284.14046,9,1,-149
1754050284.17946,9,1,-133
1754050284.21546,2,2,-138
1754050284.25246,1,4,-137
1754050284.29146,1,0,-139
1754050284.32946,1,-6,-142
1754050284.3654602,4,-5,-135
1754050284.40346,2,0,-142
1754050284.44146,4,0,-139
1754050284.4804602,2,0,-141
1754050284.5164602,8,-6,-140
1754050284.55546,0,0,-144
1754050284.5924602,0,-4,-135
1754050284.6314602,3,-5,-132
1754050284.66946,1,0,-133
1754050284.70546,6,-2,-128
1754050284.75146,4,-5,-129
1754050284.7894602,8,-5,-144
1754050284.8254602,0,-10,-135
1754050284.86346,0,-3,-136
1754050284.90246,-2,2,-136
1754050284.9404602,-1,2,-126
1754050284.97646,-2,-1,-128
1754050285.01446,-6,-3,-130
1754050285.0524602,3,4,-134
1754050285.09146,0,1,-134
1754050285.12946,2,4,-141
1754050285.16546,-1,4,-139
1754050285.20346,0,3,-131
1754050285.24146,-8,5,-138
1754050285.28046,2,6,-146
1754050285.31646,5,2,-138
1754050285.35346,10,-1,-137
1754050285.3914602,4,-3,-128
1754050285.43046,-3,0,-133
1754050285.46646,-1,-3,-136
1754050285.50446,3,3,-144
1754050285.5424602,-4,-2,-143
1754050285.58146,-1,1,-123
1754050285.61946,-5,-4,-129
1754050285.65646,0,-3,-121
1754050285.6944602,5,-6,-135
1754050285.73246,0,-3,-144
1754050285.77146,-3,-4,-138
1754050285.80746,0,1,-139
1754050285.84446,2,-6,-137
1754050285.88246,2,-1,-123
1754050285.9214602,-5,0,-135
1754050285.9574602,0,0,-135
1754050285.99446,1,-4,-128
1754050286.0324602,-4,0,-143
1754050286.07146,2,0,-142
1754050286.10746,0,-3,-134
1754050286.14546,8,4,-134
1754050286.18346,5,5,-138
1754050286.22146,1,-5,-132
1754050286.26046,-5,-5,-137
1754050286.2964602,0,-4,-144
1754050286.33346,0,0,-142
1754050286.37246,-4,-8,-149
1754050286.41046,1,-3,-143
1754050286.44646,0,6,-136
1754050286.4834602,5,-1,-129
1754050286.52246,4,-5,-128
1754050286.56046,0,-2,-137
1754050286.59646,2,-2,-142
1754050286.6344602,-2,-1,-151
1754050286.67246,4,2,-147
1754050286.71146,6,2,-133
1754050286.74846,9,0,-133
1754050286.78546,3,-4,-137
1754050286.82346,3,-2,-128
1754050286.86246,0,-4,-145
1754050286.90046,2,-3,-137
1754050286.93646,0,-6,-126
1754050286.97446,3,-5,-147
1754050287.01246,-2,5,-143
1754050287.05146,0,-2,-136
1754050287.08746,0,1,-137
1754050287.12446,3,-2,-132
1754050287.16246,1,-1,-131
1754050287.20146,3,-1,-127
1754050287.23746,3,0,-122
1754050287.27446,0,2,-143
1754050287.3124602,1,4,-141
1754050287.35146,0,-12,-151
1754050287.38746,-11,-5,-147
1754050287.42546,6,0,-135
1754050287.4634602,3,-1,-136
1754050287.50246,0,-3,-129
1754050287.53846,-2,-3,-126
1754050287.57646,2,6,-142
1754050287.61446,-6,3,-144
1754050287.65246,0,-2,-121
1754050287.69146,-6,-2,-143
1754050287.72746,-4,5,-144
1754050287.76546,6,0,-142
1754050287.80346,0,0,-145
1754050287.8424602,-2,7,-142
1754050287.8784602,1,0,-150
1754050287.91546,6,2,-139
1754050287.95446,0,-1,-128
1754050287.99246,-6,0,-123
1754050288.02846,1,-2,-121
1754050288.06746,0,0,-137
1754050288.10446,-1,-15,-134
1754050288.14246,-5,-5,-135
1754050288.18146,0,-4,-136
1754050288.2174602,1,0,-129
1754050288.25446,-2,-2,-130
1754050288.29346,1,-1,-134
1754050288.33146,-7,-6,-140
1754050288.36746,4,-6,-137
1754050288.40546,-1,0,-136
1754050288.44346,3,-1,-143
1754050288.48246,1,-2,-134
1754050288.51846,-5,-7,-133
1754050288.55646,2,-1,-123
1754050288.5954602,4,-3,-134
1754050288.63346,13,1,-135
1754050288.6714602,0,-1,-137
1754050288.7074602,0,0,-138
1754050288.74446,1,0,-140
1754050288.78346,-5,-2,-145
1754050288.82146,0,-6,-145
1754050288.85746,1,-6,-131
1754050288.89546,3,0,-128
1754050288.9344602,0,0,-127
1754050288.97246,4,-1,-127
1754050289.00846,10,0,-137
1754050289.0464602,1,0,-134
1754050289.08446,0,-6,-131
1754050289.12346,1,0,-133
1754050289.1614602,1,0,-132
1754050289.1974602,0,-6,-143
1754050289.23546,-5,-8,-130
1754050289.27346,-1,-7,-131
1754050289.3124602,3,0,-136
1754050289.3484602,-6,-3,-136
1754050289.38646,5,1,-139
1754050289.42546,0,0,-125
1754050289.4634602,3,-2,-131
1754050289.49946,0,-5,-137
1754050289.53846,-5,-5,-133
1754050289.5754602,0,-2,-136
1754050289.61346,-2,-1,-140
1754050289.65246,0,2,-137
1754050289.68846,4,1,-134
1754050289.72546,0,0,-144
1754050289.7634602,-5,-6,-128
1754050289.8024602,0,-5,-141
1754050289.8384602,3,0,-132
1754050289.87546,7,1,-128
1754050289.91346,1,0,-139
1754050289.95246,0,4,-140
1754050289.98846,-3,3,-144
1754050290.0264602,-7,-1,-136
1754050290.06446,-7,0,-145
1754050290.10346,0,-4,-146
1754050290.13946,1,-5,-147
1754050290.1774602,5,1,-130
1754050290.21546,1,-3,-126
1754050290.2534602,-4,-8,-133
1754050290.2924602,2,-5,-127
1754050290.32846,6,-1,-134
1754050290.36646,7,-3,-124
1754050290.4044602,4,1,-124
1754050290.44346,0,-3,-126
1754050290.47946,0,0,-133
1754050290.5164602,-1,-10,-131
1754050290.55546,3,-5,-143
1754050290.59346,6,-2,-134
1754050290.62946,5,-2,-134
1754050290.66846,0,0,-149
1754050290.70546,-6,0,-136
1754050290.74446,-11,-3,-139
1754050290.7824602,-3,-7,-130
1754050290.81846,8,-2,-130
1754050290.85646,7,0,-137
1754050290.8944602,4,2,-139
1754050290.93346,-3,-1,-136
1754050290.96946,1,0,-137
1754050291.0064602,-4,0,-142
1754050291.04446,1,3,-133
1754050291.08346,1,0,-128
1754050291.11946,1,6,-128
1754050291.15646,1,6,-122
1754050291.1944602,12,-2,-130
1754050291.2334602,1,-8,-126
1754050291.2694602,-1,-7,-134
1754050291.30746,5,0,-138
1754050291.3454602,0,-1,-145
1754050291.3844602,-1,6,-135
1754050291.42246,-1,5,-128
1754050291.45846,6,3,-142
1754050291.4964602,1,0,-129
1754050291.53446,1,2,-125
1754050291.57046,0,0,-130
1754050291.6084602,0,4,-141
1754050291.64646,2,-3,-138
1754050291.68546,3,2,-148
1754050291.7234602,3,6,-132
1754050291.7594602,0,0,-129
1754050291.7964602,5,0,-131
1754050291.8354602,1,-3,-122
1754050291.87346,-1,-5,-139
1754050291.90946,-2,0,-131
1754050291.9474602,2,4,-130
1754050291.98546,1,1,-129
1754050292.02446,0,0,-142
1754050292.06046,-5,5,-144
1754050292.0984602,0,6,-136
1754050292.13646,-1,-1,-132
1754050292.1744602,-3,-8,-147
1754050292.2134602,8,-5,-128
1754050292.24946,3,3,-131
1754050292.28746,7,-3,-130
1754050292.3254602,-5,0,-134
1754050292.36446,-4,-1,-143
1754050292.40046,-1,-6,-141
1754050292.43946,4,-2,-136
1754050292.47646,7,-2,-135
1754050292.51546,-2,0,-137
1754050292.55346,-12,-1,-130
1754050292.58946,-5,-5,-138
1754050292.62746,0,0,-130
1754050292.66546,1,-4,-129
1754050292.70446,-1,0,-129
1754050292.7404602,-4,0,-140
1754050292.77846,-10,-3,-147
1754050292.81646,-2,-2,-144
1754050292.8554602,6,0,-141
1754050292.89346,6,-6,-143
1754050292.92946,3,0,-131
1754050292.96646,-2,1,-138
1754050293.00546,-2,-2,-135
1754050293.04346,9,1,-139
1754050293.07946,-2,5,-148
1754050293.11646,-2,3,-141
1754050293.15546,-1,0,-146
1754050293.19346,-3,-1,-135
1754050293.22946,2,-2,-131
1754050293.26746,3,2,-128
1754050293.30646,0,4,-135
1754050293.34446,4,9,-134
1754050293.38046,3,3,-140
1754050293.4174602,7,2,-148
1754050293.45546,1,-2,-132
1754050293.49446,-4,1,-127
1754050293.53046,-2,-2,-126
1754050293.5694602,3,0,-141
1754050293.60646,2,1,-154
1754050293.64546,0,0,-148
1754050293.68146,1,3,-155
1754050293.71946,2,3,-139
1754050293.7564602,0,3,-139
1754050293.79546,-1,8,-136
1754050293.83146,2,-1,-132
1754050293.86946,0,1,-146
1754050293.9074602,2,1,-140
1754050293.94546,3,4,-144
1754050293.98146,1,-5,-145
1754050294.0194602,4,-3,-140
1754050294.05746,-9,2,-146
1754050294.0954602,-2,-4,-135
1754050294.1344602,4,-5,-133
1754050294.17046,0,-4,-129
1754050294.20846,0,3,-138
1754050294.24746,2,2,-134
1754050294.28546,5,-1,-132
1754050294.3224602,2,-1,-131
1754050294.36046,5,-4,-131
1754050294.39746,7,0,-138
1754050294.43646,-2,-2,-122
1754050294.47446,-5,-3,-149
1754050294.51046,-3,-5,-141
1754050294.54846,-2,-4,-137
1754050294.58646,-2,-6,-140
1754050294.62546,2,2,-133
1754050294.6614602,3,3,-135
1754050294.69846,-1,4,-133
1754050294.7364602,8,-1,-139
1754050294.78046,6,2,-133
1754050294.8194602,-4,3,-146
1754050294.85646,3,5,-137
1754050294.89546,0,-2,-139
1754050294.93146,-1,-4,-140
1754050294.96946,5,-1,-138
1754050295.00746,8,-1,-133
1754050295.0464602,4,-7,-132
1754050295.08446,-1,-2,-150
1754050295.12046,-6,3,-135
1754050295.15946,-1,3,-131
1754050295.19646,-1,1,-132
1754050295.23546,-3,7,-125
1754050295.27246,-6,3,-136
1754050295.31046,-7,1,-139
1754050295.34746,0,-6,-147
1754050295.38646,3,-2,-142
1754050295.4244602,-2,-6,-131
1754050295.4604602,-4,-2,-136
1754050295.49846,0,-2,-141
1754050295.5364602,-6,-2,-129
1754050295.5754602,-3,1,-138
1754050295.6114602,-5,3,-138
1754050295.64946,-1,1,-134
1754050295.6874602,0,-1,-119
1754050295.72646,-2,-6,-138
1754050295.7634602,6,5,-139
1754050295.80046,0,0,-134
1754050295.8384602,0,5,-146
1754050295.87746,3,1,-150
1754050295.91546,3,-1,-144
1754050295.95146,0,-4,-137
1754050295.9904602,-2,-3,-140
1754050296.02746,3,-4,-137
1754050296.06646,0,-1,-137
1754050296.10246,1,1,-146
1754050296.14046,0,-2,-142
1754050296.17846,2,-2,-130
1754050296.21646,5,4,-141
1754050296.25546,-2,-2,-144
1754050296.29146,-4,1,-143
1754050296.32946,-5,0,-145
1754050296.3684602,2,3,-139
1754050296.40646,6,0,-141
1754050296.44246,-3,4,-141
1754050296.4804602,3,5,-144
1754050296.51846,6,3,-131
1754050296.55746,2,-4,-129
1754050296.5954602,2,2,-129
1754050296.6314602,3,-1,-124
1754050296.66946,3,1,-125
1754050296.7074602,4,5,-135
1754050296.7464602,3,-4,-142
1754050296.7824602,2,1,-140
1754050296.8194602,4,2,-135
1754050296.85746,3,-2,-133
1754050296.89646,2,0,-129
1754050296.93246,5,1,-126
1754050296.96946,4,-1,-138
1754050297.00746,0,2,-139
1754050297.0464602,-3,-5,-141
1754050297.0824602,0,-6,-140
1754050297.12046,5,-4,-128
1754050297.15846,4,-4,-131
1754050297.1974602,6,-5,-132
1754050297.23546,0,-9,-132
1754050297.27146,-4,-5,-137
1754050297.3094602,0,2,-139
1754050297.34746,-1,0,-128
1754050297.38646,2,-5,-133
1754050297.42246,5,-6,-132
1754050297.46146,2,-4,-141
1754050297.49846,12,2,-138
1754050297.53746,3,-1,-143
1754050297.57346,4,0,-133
1754050297.6114602,0,7,-140
1754050297.64846,3,1,-132
1754050297.6874602,-1,-1,-138
1754050297.7234602,0,-2,-131
1754050297.76146,-2,-4,-135
1754050297.7994602,-3,-2,-140
1754050297.83746,0,-12,-141
1754050297.87646,6,0,-138
1754050297.91246,0,3,-131
1754050297.94946,8,1,-135
1754050297.98746,0,-2,-132
1754050298.0264602,1,4,-127
1754050298.0624602,1,7,-124
1754050298.09946,4,2,-132
1754050298.13746,3,-4,-135
1754050298.17646,9,-2,-127
1754050298.21246,3,-1,-137
1754050298.25046,5,-7,-135
1754050298.28846,0,-1,-142
1754050298.32746,-2,1,-130
1754050298.36346,0,0,-136
1754050298.40046,-2,-6,-139
1754050298.43846,-3,-1,-138
1754050298.47746,-2,0,-138
1754050298.5134602,0,-5,-143
1754050298.55146,3,0,-149
1754050298.59046,1,-2,-142
1754050298.6284602,0,8,-133
1754050298.66646,5,-3,-133
1754050298.70246,5,-1,-131
1754050298.7404602,7,-7,-134
1754050298.77846,-3,-2,-135
1754050298.81746,-1,-3,-120
1754050298.85346,2,0,-123
1754050298.89046,-3,-4,-131
1754050298.92846,-7,-1,-134
1754050298.9674602,-7,-3,-151
1754050299.0034602,-5,-2,-148
1754050299.04146,-5,-9,-142
1754050299.07946,-16,-3,-136
1754050299.1184602,0,2,-144
1754050299.15646,0,0,-148
1754050299.19246,4,1,-146
1754050299.2304602,6,-1,-137
1754050299.26846,-1,0,-136
1754050299.30746,-3,-3,-129
1754050299.34446,-4,-7,-135
1754050299.3814602,0,-9,-142
1754050299.41946,2,-9,-134
1754050299.45846,-1,-5,-144
1754050299.4964602,1,-4,-135
1754050299.5324602,3,-3,-125
1754050299.57046,-3,0,-140
1754050299.6084602,-4,-1,-132
1754050299.64746,-6,0,-119
1754050299.68346,-5,3,-123
1754050299.72146,-3,1,-142
1754050299.7594602,3,-2,-131
1754050299.79846,0,6,-140
1754050299.83446,-1,2,-146
1754050299.87246,3,1,-135
1754050299.9114602,-2,0,-135
1754050299.94846,-2,0,-128
1754050299.98746,-5,1,-130
1754050300.02346,-1,-3,-134
1754050300.06146,6,-9,-148
1754050300.09946,2,-10,-134
1754050300.1384602,7,0,-134
1754050300.1744602,1,-2,-133
1754050300.21246,2,-2,-138
1754050300.25046,2,-6,-146
1754050300.28846,0,3,-154
1754050300.32746,1,0,-135
1754050300.36346,7,0,-137
1754050300.4014602,1,2,-136
1754050300.43946,0,-8,-137
1754050300.47846,-2,-7,-127
1754050300.51446,-2,-9,-134
1754050300.55346,-3,0,-128
1754050300.59046,-3,-1,-133
1754050300.62946,-4,-5,-129
1754050300.6674602,-4,-3,-131
1754050300.70346,-8,0,-138
1754050300.74146,-1,-2,-137
1754050300.7794602,0,-2,-126
1754050300.81846,-1,-3,-130
1754050300.85446,2,-3,-132
1754050300.89246,-3,-9,-138
1754050300.93146,3,-9,-139
1754050300.96946,-1,-5,-133
1754050301.00746,1,-3,-141
1754050301.04446,4,-5,-141
1754050301.0824602,-3,0,-134
1754050301.11946,0,-4,-147
1754050301.15846,1,-4,-144
1754050301.1944602,1,-4,-144
1754050301.23246,7,-2,-148
1754050301.27046,4,-3,-132
1754050301.3094602,3,6,-142
1754050301.34746,-8,2,-143
1754050301.38346,1,4,-151
1754050301.4214602,-4,-3,-142
1754050301.45946,2,-5,-132
1754050301.49846,3,0,-144
1754050301.53446,3,-5,-133
1754050301.57346,-1,0,-131
1754050301.61046,-4,-2,-133
1754050301.64946,-2,0,-148
1754050301.68646,-5,-1,-143
1754050301.7234602,0,5,-141
1754050301.76146,5,0,-150
1754050301.7994602,1,-3,-130
1754050301.8384602,-6,-3,-131
1754050301.87446,2,-1,-145
1754050301.91246,3,0,-133
1754050301.9504602,4,-2,-147
1754050301.98946,4,3,-132
1754050302.02546,1,-7,-129
1754050302.06446,2,-7,-130
1754050302.10146,-1,-8,-140
1754050302.13946,1,-10,-139
1754050302.17846,4,-3,-132
1754050302.21446,0,-2,-146
1754050302.25246,0,0,-149
1754050302.29046,-2,3,-154
1754050302.32946,2,0,-139
1754050302.3654602,0,-4,-136
1754050302.40246,1,-4,-138
1754050302.4404602,5,-4,-137
1754050302.47946,1,-5,-135
1754050302.51546,0,-1,-135
1754050302.5524602,-3,0,-145
1754050302.59046,3,-3,-134
1754050302.62946,0,-3,-129
1754050302.66546,-2,-3,-133
1754050302.70346,-3,0,-134
1754050302.74246,1,1,-125
1754050302.78046,10,-3,-128
1754050302.81846,4,-3,-134
1754050302.8554602,-1,-2,-128
1754050302.89246,-6,-2,-121
1754050302.93046,-2,-1,-136
1754050302.96946,3,-4,-136
1754050303.00546,-2,-9,-140
1754050303.04346,-1,-11,-139
1754050303.08146,2,-4,-152
1754050303.12046,0,0,-152
1754050303.15846,2,4,-148
1754050303.1944602,3,0,-131
1754050303.23146,5,1,-133
1754050303.27046,8,0,-133
1754050303.30846,5,-3,-136
1754050303.34446,0,-7,-142
1754050303.38246,0,-5,-135
1754050303.42046,4,-1,-124
1754050303.45946,2,0,-135
1754050303.49546,-1,-1,-131
1754050303.53346,-7,-5,-144
1754050303.57046,-5,-5,-131
1754050303.60946,0,-6,-132
1754050303.64546,-1,-2,-139
1754050303.68346,4,4,-142
1754050303.72146,4,0,-142
1754050303.76046,5,1,-136
1754050303.7964602,7,5,-135
1754050303.83346,0,3,-133
1754050303.87246,1,6,-140
1754050303.91046,3,6,-140
1754050303.94646,-2,3,-137
1754050303.98446,-1,-5,-137
1754050304.02246,-9,3,-133
1754050304.06046,0,0,-131
1754050304.09946,6,-2,-130
1754050304.13546,0,-5,-137
1754050304.17346,-1,-5,-140
1754050304.21146,-6,3,-138
1754050304.25046,0,-2,-129
1754050304.2864602,2,-1,-134
1754050304.32446,3,-4,-135
1754050304.36346,-7,-4,-135
1754050304.40046,0,1,-131
1754050304.43946,7,0,-136
1754050304.47546,11,-2,-138
1754050304.5134602,0,-2,-146
1754050304.55146,1,-1,-144
1754050304.59046,-1,1,-134
1754050304.62646,-1,3,-144
1754050304.6644602,-4,1,-140
1754050304.70246,3,1,-133
1754050304.74146,6,2,-131
1754050304.78546,-1,0,-125
1754050304.82446,4,0,-130
1754050304.8614602,1,-3,-128
1754050304.90046,5,0,-130
1754050304.93646,1,3,-125
1754050304.97446,-1,-2,-139
1754050305.01246,2,-2,-133
1754050305.05046,-6,-1,-133
1754050305.08746,0,1,-129
1754050305.12546,-1,0,-135
1754050305.16246,-3,-3,-139
1754050305.20146,0,4,-125
1754050305.23946,-9,2,-129
1754050305.27546,-5,2,-136
1754050305.31346,-1,0,-136
1754050305.35146,1,6,-130
1754050305.39046,0,0,-123
1754050305.42646,1,-2,-130
1754050305.46446,3,2,-129
1754050305.50246,4,-2,-136
1754050305.54146,2,2,-126
1754050305.57946,-3,-1,-133
1754050305.6154602,-7,0,-138
1754050305.65346,0,3,-131
1754050305.69246,-3,-6,-128
1754050305.7304602,4,2,-130
1754050305.7664602,-3,0,-136
1754050305.80446,-1,0,-129
1754050305.8424602,-7,-2,-135
1754050305.8814602,6,6,-141
1754050305.9174602,4,-1,-134
1754050305.95546,1,-2,-130
1754050305.9934602,0,-5,-143
1754050306.03146,3,-5,-142
1754050306.07046,4,-4,-140
1754050306.10646,2,-3,-143
1754050306.1444602,-1,-5,-135
1754050306.18246,-1,0,-137
1754050306.22146,0,-2,-140
1754050306.25746,1,-1,-134
1754050306.29546,2,2,-134
1754050306.33346,1,-4,-146
1754050306.3714602,2,0,-144
1754050306.41046,5,0,-143
1754050306.44646,11,0,-134
1754050306.4834602,3,0,-126
1754050306.52246,7,2,-136
1754050306.56046,-2,1,-138
1754050306.59646,6,-5,-134
1754050306.6344602,5,0,-139
1754050306.67246,3,-3,-138
1754050306.71146,3,0,-133
1754050306.74746,-7,1,-133
1754050306.78546,1,1,-134
1754050306.82346,9,2,-129
1754050306.86246,-3,2,-128
1754050306.90046,0,0,-126
1754050306.93646,1,0,-144
1754050306.97446,6,2,-130
1754050307.01246,1,0,-137
1754050307.05046,2,-6,-131
1754050307.08646,-1,-2,-132
1754050307.12446,-1,-6,-135
1754050307.16246,2,-4,-136
1754050307.20146,0,-8,-140
1754050307.23746,7,-4,-144
1754050307.27546,4,-6,-130
1754050307.31346,-1,-11,-138
1754050307.35246,-1,-3,-151
1754050307.39046,1,-3,-135
1754050307.42646,-7,-4,-137
1754050307.46446,-4,0,-132
1754050307.50246,2,-5,-128
1754050307.54146,3,-1,-134
1754050307.57746,3,-3,-134
1754050307.61646,0,-7,-140
1754050307.65346,7,0,-136
1754050307.69246,2,-2,-127
1754050307.72846,2,-4,-143
1754050307.7664602,4,0,-145
1754050307.80446,2,3,-137
1754050307.8424602,-3,2,-136
1754050307.8814602,-5,-1,-139
1754050307.9174602,-4,1,-142
1754050307.95546,-2,-1,-144
1754050307.9934602,0,5,-135
1754050308.0324602,0,0,-134
1754050308.06846,6,-1,-136
1754050308.10646,-3,1,-133
1754050308.1444602,-5,1,-141
1754050308.18246,-1,-2,-132
1754050308.22146,10,-6,-144
1754050308.25746,0,-7,-137
1754050308.29546,-3,-1,-143
1754050308.33346,0,0,-143
1754050308.37246,0,-3,-152
1754050308.40846,1,-4,-147
1754050308.44646,5,-6,-139
1754050308.48446,4,-7,-148
1754050308.52346,-1,-2,-132
1754050308.56146,0,2,-135
1754050308.59746,-5,-3,-139
1754050308.63646,1,-1,-128
1754050308.67346,3,-3,-137
1754050308.71246,1,-3,-133
1754050308.74846,10,0,-129
1754050308.7864602,9,-4,-129
1754050308.82346,1,-2,-138
1754050308.86246,0,-4,-124
1754050308.89846,1,-4,-128
1754050308.93646,-10,-5,-142
1754050308.97446,1,-4,-132
1754050309.0134602,3,-1,-127
1754050309.05146,-2,3,-122
1754050309.08746,5,2,-125
1754050309.12546,6,1,-128
1754050309.16346,4,1,-132
1754050309.20246,0,0,-131
1754050309.23846,4,0,-129
1754050309.27546,-2,0,-131
1754050309.31346,0,0,-140
1754050309.35246,0,-5,-134
1754050309.3884602,3,-2,-125
1754050309.42646,1,-1,-135
1754050309.46546,2,-4,-134
1754050309.5034602,9,-3,-135
1754050309.54146,3,-7,-136
1754050309.57746,2,-1,-134
1754050309.6154602,3,9,-126
1754050309.65346,4,2,-130
1754050309.69246,-4,-6,-143
1754050309.72846,3,-6,-144
1754050309.7664602,0,4,-136
1754050309.80446,-3,0,-122
1754050309.84346,-1,-1,-134
1754050309.87946,3,-9,-139
1754050309.9174602,2,-8,-134
1754050309.95546,-1,-5,-129
1754050309.9934602,-1,-6,-140
1754050310.0324602,2,5,-140
1754050310.06846,5,1,-137
1754050310.1054602,0,-2,-129
1754050310.14346,-1,4,-131
1754050310.18246,-2,0,-143
1754050310.21846,-1,-3,-137
1754050310.2564602,7,0,-137
1754050310.29446,5,4,-143
1754050310.33346,0,2,-142
1754050310.36946,-1,2,-137
1754050310.4074602,4,-2,-143
1754050310.44546,-2,3,-128
1754050310.4834602,1,-2,-128
1754050310.52246,1,-2,-133
1754050310.55846,3,-1,-135
1754050310.59646,3,-7,-133
1754050310.6344602,3,-3,-131
1754050310.67346,4,0,-129
1754050310.70946,-3,1,-133
1754050310.74746,2,1,-132
1754050310.78546,6,5,-136
1754050310.82446,4,3,-146
1754050310.86246,1,0,-138
1754050310.89846,1,-3,-140
1754050310.93646,8,0,-134
1754050310.97446,2,5,-133
1754050311.0134602,-5,4,-121
1754050311.0494602,-3,1,-132
1754050311.08746,0,5,-131
1754050311.12546,1,2,-131
1754050311.1644602,-7,0,-136
1754050311.20246,1,-5,-145
1754050311.23846,1,-4,-146
1754050311.2764602,-5,-6,-136
1754050311.31446,6,0,-134
1754050311.35346,3,1,-135
1754050311.38946,0,-4,-128
1754050311.4274602,2,0,-134
1754050311.46546,5,4,-147
1754050311.50446,-5,1,-126
1754050311.5424602,1,6,-136
1754050311.57846,4,0,-141
1754050311.61646,1,-2,-146
1754050311.65546,0,-3,-147
1754050311.69346,2,0,-137
1754050311.72946,0,-2,-143
1754050311.76746,3,-5,-132
1754050311.80546,1,-1,-131
1754050311.84446,-9,0,-133
1754050311.88046,-4,1,-131
1754050311.91846,-2,6,-129
1754050311.95646,1,0,-141
1754050311.99446,-1,-1,-141
1754050312.03346,1,-3,-126
1754050312.0694602,0,-5,-137
1754050312.1084602,6,5,-143
1754050312.14546,8,0,-128
1754050312.1844602,2,1,-129
1754050312.2204602,-4,0,-127
1754050312.25846,0,-4,-128
1754050312.29746,3,0,-135
1754050312.33446,7,4,-138
1754050312.37346,-4,5,-145
1754050312.40946,-5,5,-134
1754050312.4474602,2,-4,-127
1754050312.48546,4,1,-129
1754050312.52446,0,-3,-126
1754050312.56046,6,-5,-136
1754050312.5984602,6,6,-128
1754050312.63646,4,-1,-125
1754050312.67546,-1,-1,-123
1754050312.7134602,-1,-4,-143
1754050312.74946,5,-5,-138
1754050312.78746,2,2,-135
1754050312.8254602,4,4,-129
1754050312.86446,6,-2,-131
1754050312.90046,8,-6,-132
1754050312.93846,10,0,-141
1754050312.97646,5,0,-131
1754050313.01546,6,-1,-130
1754050313.05346,4,-1,-130
1754050313.08946,2,0,-132
1754050313.12746,1,-2,-131
1754050313.1674602,5,-4,-123
1754050313.20546,3,4,-135
1754050313.2434602,5,6,-126
1754050313.2794602,-4,2,-142
1754050313.31746,0,-4,-127
1754050313.3554602,-3,-3,-130
1754050313.3944602,-3,-7,-135
1754050313.43046,-3,-3,-122
1754050313.46846,1,-4,-135
1754050313.5064602,0,6,-135
1754050313.54546,-6,-4,-128
1754050313.58346,-3,-5,-125
1754050313.61946,9,-5,-134
1754050313.6574602,3,-10,-137
1754050313.69646,4,0,-137
1754050313.73446,1,-2,-148
1754050313.77046,7,-7,-144
1754050313.80846,7,4,-135
1754050313.84646,1,7,-143
1754050313.88546,-2,-2,-130
1754050313.9214602,1,1,-139
1754050313.95846,-4,0,-132
1754050313.9964602,-1,1,-121
1754050314.03546,2,0,-136
1754050314.07146,2,-2,-140
1754050314.10946,2,-8,-138
1754050314.14746,1,-1,-140
1754050314.18646,-2,-2,-144
1754050314.22446,-7,-6,-130
1754050314.26046,0,-4,-124
1754050314.29846,6,-3,-131
1754050314.33646,7,-3,-130
1754050314.37546,0,-1,-127
1754050314.4114602,8,0,-134
1754050314.44846,-1,-2,-131
1754050314.48746,0,-3,-134
1754050314.52546,0,1,-128
1754050314.56146,-2,1,-129
1754050314.59946,-3,0,-131
1754050314.63746,-3,-2,-133
1754050314.67646,-3,2,-137
1754050314.71446,0,1,-131
1754050314.75046,-2,-5,-124
1754050314.7964602,1,-3,-127
1754050314.83446,0,1,-139
1754050314.87046,1,-2,-125
1754050314.90846,-6,0,-136
1754050314.94646,-1,0,-140
1754050314.98546,0,2,-144
1754050315.02146,-4,0,-146
1754050315.0594602,0,2,-144
1754050315.09746,-5,-2,-146
1754050315.13646,3,1,-135
1754050315.1744602,-2,1,-131
1754050315.2104602,1,0,-143
1754050315.24746,10,1,-144
1754050315.2864602,6,-3,-129
1754050315.32446,1,-6,-124
1754050315.36046,2,0,-127
1754050315.39746,0,-1,-133
1754050315.43646,3,0,-135
1754050315.47446,-2,0,-140
1754050315.51046,-8,-3,-141
1754050315.5494602,-3,1,-135
1754050315.58646,1,-6,-129
1754050315.62546,4,-12,-122
1754050315.6614602,2,-8,-127
1754050315.69946,3,2,-133
1754050315.73746,-4,1,-137
1754050315.7764602,-5,-3,-141
1754050315.8124602,-3,1,-131
1754050315.85046,10,2,-138
1754050315.88946,0,11,-137
1754050315.9274602,0,2,-139
1754050315.96546,-3,8,-142
1754050316.00146,-3,10,-131
1754050316.0394602,3,4,-136
1754050316.07846,-2,-3,-138
1754050316.11646,-3,-1,-136
1754050316.15246,-2,-5,-145
1754050316.1904602,4,0,-145
1754050316.22846,2,0,-139
1754050316.2664602,3,0,-131
1754050316.30546,-5,-5,-148
1754050316.34146,2,-7,-149
1754050316.37946,-1,-6,-139
1754050316.4174602,-1,-5,-148
1754050316.45646,2,-1,-134
1754050316.49246,-1,0,-145
1754050316.53046,-3,0,-147
1754050316.56846,-9,-2,-140
1754050316.60746,-9,3,-146
1754050316.64546,0,-6,-141
1754050316.68146,-2,0,-133
1754050316.71946,0,-6,-135
1754050316.75746,1,-4,-137
1754050316.7964602,3,-1,-136
1754050316.8324602,0,1,-135
1754050316.86946,2,6,-143
1754050316.9074602,-2,5,-137
1754050316.94646,3,-1,-143
1754050316.98246,6,-4,-137
1754050317.02046,6,-3,-129
1754050317.05846,7,-4,-127
1754050317.09746,0,-6,-138
1754050317.13546,5,-2,-133
1754050317.1714602,3,0,-139
1754050317.20846,0,-2,-123
1754050317.24746,0,-1,-125
1754050317.28546,2,-1,-138
1754050317.32146,0,1,-127
1754050317.3584602,3,0,-126
1754050317.39746,-4,1,-137
1754050317.43546,4,-3,-133
1754050317.47146,5,0,-133
1754050317.50846,2,-2,-135
1754050317.54746,-1,5,-128
1754050317.5854602,2,1,-142
1754050317.6214602,-2,-4,-133
1754050317.65946,2,-6,-145
1754050317.6974602,1,-4,-143
1754050317.7364602,-1,-6,-151
1754050317.77246,1,-1,-143
1754050317.81046,0,0,-136
1754050317.8484602,3,6,-129
1754050317.88746,1,6,-124
1754050317.92346,-3,2,-132
1754050317.96146,0,-1,-136
1754050317.99946,-4,-4,-139
1754050318.03746,-1,0,-141
1754050318.07646,4,1,-143
1754050318.11246,11,3,-129
1754050318.15046,3,-2,-135
1754050318.18846,0,-9,-133
1754050318.22746,3,-14,-124
1754050318.2634602,6,-10,-136
1754050318.30146,-4,-1,-133
1754050318.33946,-4,-3,-136
1754050318.37746,0,0,-131
1754050318.41646,3,1,-132
1754050318.45246,7,0,-150
1754050318.48946,1,-5,-138
1754050318.52746,10,-7,-151
1754050318.56646,6,-2,-150
1754050318.60246,0,0,-136
1754050318.63946,4,0,-135
1754050318.67846,3,1,-142
1754050318.71646,1,0,-129
1754050318.75246,-1,-4,-129
1754050318.79046,14,-2,-144
1754050318.82846,9,0,-132
1754050318.86746,-1,3,-122
1754050318.9044602,-1,2,-119
1754050318.94246,1,-3,-135
1754050318.97946,7,0,-146
1754050319.01846,6,-2,-146
1754050319.05646,-4,0,-134
1754050319.0924602,-1,3,-136
1754050319.13046,1,0,-130
1754050319.16846,1,3,-128
1754050319.2074602,2,-2,-130
1754050319.2434602,-2,-9,-140
1754050319.28146,0,-10,-144
1754050319.3194602,12,-7,-141
1754050319.3584602,4,0,-139
1754050319.39646,2,-1,-136
1754050319.43246,4,1,-137
1754050319.46946,7,0,-147
1754050319.50846,7,0,-148
1754050319.5464602,1,-1,-145
1754050319.5824602,-3,-2,-127
1754050319.6214602,-4,3,-136
1754050319.65846,3,2,-140
1754050319.6974602,7,0,-136
1754050319.7334602,1,-5,-128
1754050319.77146,-3,2,-133
1754050319.81046,-2,-3,-135
1754050319.8484602,0,-6,-148
1754050319.8844602,4,-1,-142
1754050319.92246,1,-2,-141
1754050319.9604602,-2,-3,-133
1754050319.99846,-1,-3,-138
1754050320.03746,-6,-1,-133
1754050320.07346,-4,-2,-134
1754050320.1114602,4,1,-140
1754050320.14946,6,-9,-135
1754050320.18846,1,-1,-138
1754050320.22446,-1,-2,-133
1754050320.26246,-3,-5,-124
1754050320.30146,0,0,-127
1754050320.3384602,2,1,-129
1754050320.37746,5,2,-138
1754050320.41346,1,0,-134
1754050320.4504602,6,1,-131
1754050320.48846,0,-1,-140
1754050320.52746,0,-6,-143
1754050320.56346,-2,2,-144
1754050320.60146,-4,-1,-143
1754050320.63946,1,-7,-135
1754050320.67846,0,-4,-132
1754050320.71446,-3,-6,-133
1754050320.75246,-2,-12,-125
1754050320.79046,-8,-1,-138
1754050320.82946,-5,-1,-139
1754050320.86746,0,0,-136
1754050320.90346,4,-5,-126
1754050320.94146,0,-7,-135
1754050320.9804602,3,-3,-140
1754050321.01846,3,2,-133
1754050321.05446,5,0,-143
1754050321.09146,-4,0,-136
1754050321.12946,-2,-2,-133
1754050321.16846,-1,0,-138
1754050321.20446,1,1,-133
1754050321.24146,2,0,-146
1754050321.2794602,7,6,-131
1754050321.31846,9,-7,-126
1754050321.35446,6,0,-133
1754050321.3914602,-5,-8,-136
1754050321.42946,0,-1,-129
1754050321.46846,-2,-4,-134
1754050321.50446,-5,-3,-132
1754050321.5424602,-7,-3,-129
1754050321.58046,-4,-2,-127
1754050321.61946,-3,0,-119
1754050321.6574602,0,0,-131
1754050321.69346,3,-3,-134
1754050321.73146,3,-1,-139
1754050321.7694602,0,-5,-132
1754050321.80846,0,-3,-130
1754050321.84446,5,3,-133
1754050321.88346,0,3,-129
1754050321.92046,0,0,-131
1754050321.95946,0,0,-138
1754050321.99546,-5,-3,-147
1754050322.03346,2,1,-134
1754050322.07146,0,2,-131
1754050322.10946,-4,0,-144
1754050322.14846,0,2,-132
1754050322.1844602,3,0,-140
1754050322.22146,2,-3,-143
1754050322.2594602,-4,-5,-126
1754050322.29846,-2,-6,-127
1754050322.33446,0,-1,-131
1754050322.3714602,3,-5,-127
1754050322.40946,3,-3,-124
1754050322.44846,2,-7,-133
1754050322.48446,11,-9,-126
1754050322.52146,0,-4,-136
1754050322.5594602,0,-3,-141
1754050322.5984602,-3,-5,-137
1754050322.6344602,-1,-1,-137
1754050322.67246,-1,-5,-142
1754050322.7104602,-5,-6,-152
1754050322.74946,-4,-8,-146
1754050322.78546,3,-3,-133
1754050322.8224602,4,0,-132
1754050322.86046,1,-1,-128
1754050322.89946,6,-5,-126
1754050322.93546,8,-4,-126
1754050322.9734602,5,-3,-134
1754050323.01146,7,-3,-139
1754050323.05046,-3,-2,-127
1754050323.0884602,1,-1,-129
1754050323.12446,0,2,-125
1754050323.1614602,2,3,-138
1754050323.2004602,8,-5,-129
1754050323.23846,11,0,-131
1754050323.27446,5,1,-138
1754050323.31146,-1,0,-148
1754050323.35046,5,-2,-146
1754050323.3884602,4,-8,-145
1754050323.4244602,-6,-3,-139
1754050323.46246,-10,-8,-132
1754050323.50046,-3,-5,-130
1754050323.5394602,0,-9,-137
1754050323.5754602,2,-3,-144
1754050323.61346,6,-2,-146
1754050323.6514602,0,-3,-143
1754050323.6904602,4,0,-135
1754050323.72846,2,-4,-131
1754050323.76446,0,-10,-134
1754050323.8024602,-2,-7,-135
1754050323.84046,6,-8,-128
1754050323.87946,-1,-2,-138
1754050323.91546,-4,3,-146
1754050323.95346,7,-2,-141
1754050323.99246,5,0,-126
1754050324.03046,1,0,-128
1754050324.06646,1,-8,-130
1754050324.10446,2,-6,-130
1754050324.14246,5,-1,-142
1754050324.18046,2,2,-146
1754050324.21946,5,-1,-145
1754050324.25546,2,0,-135
1754050324.2924602,3,2,-128
1754050324.33046,-1,4,-139
1754050324.36946,0,-1,-141
1754050324.40546,1,-4,-127
1754050324.44346,5,-6,-128
1754050324.48146,1,-5,-128
1754050324.52046,2,-6,-123
1754050324.55746,3,-6,-133
1754050324.59446,-3,-6,-137
1754050324.63346,4,0,-152
1754050324.67046,3,0,-140
1754050324.70946,-4,-3,-134
1754050324.74546,-3,-1,-130
1754050324.78346,3,-2,-136
1754050324.82946,1,2,-142
1754050324.8654602,2,-1,-139
1754050324.90346,5,-1,-137
1754050324.94146,6,-6,-141
1754050324.9804602,1,-6,-137
1754050325.0164602,4,-3,-141
1754050325.05446,4,-4,-154
1754050325.0924602,3,1,-145
1754050325.1314602,2,0,-144
1754050325.16946,-1,-2,-132
1754050325.20546,0,-2,-130
1754050325.2434602,3,-2,-128
1754050325.28146,1,0,-135
1754050325.32046,-2,1,-132
1754050325.35646,-9,0,-140
1754050325.39546,0,0,-141
1754050325.43246,3,0,-134
1754050325.47146,2,2,-134
1754050325.5094602,0,1,-138
1754050325.54546,1,-1,-134
1754050325.58346,2,-8,-144
1754050325.6214602,3,-3,-139
1754050325.66046,0,-5,-137
1754050325.69646,1,-2,-138
1754050325.73446,5,-1,-139
1754050325.77246,1,0,-149
1754050325.81146,1,-2,-134
1754050325.84946,4,-13,-135
1754050325.88546,5,-11,-136
1754050325.92346,5,-3,-133
1754050325.96246,-2,-5,-135
1754050326.00046,0,0,-142
1754050326.0364602,9,-2,-139
1754050326.0754602,6,-2,-128
1754050326.11246,7,-6,-135
1754050326.1514602,2,-4,-136
1754050326.1874602,6,-5,-137
1754050326.22546,1,-5,-141
1754050326.2634602,6,-9,-148
1754050326.30146,-2,-4,-129
1754050326.34046,-8,4,-142
1754050326.37646,-6,0,-142
1754050326.4144602,0,-1,-127
1754050326.45246,-5,0,-127
1754050326.49146,-1,6,-128
1754050326.52746,0,2,-130
1754050326.56446,2,1,-148
1754050326.60346,8,2,-136
1754050326.6414602,12,0,-140
1754050326.6774602,10,-2,-134
1754050326.71546,-9,-3,-129
1754050326.7534602,-10,0,-144
1754050326.7924602,-7,-10,-135
1754050326.83046,2,-4,-133
1754050326.86646,-2,0,-134
1754050326.9044602,-6,12,-136
1754050326.94246,4,6,-143
1754050326.98146,2,4,-136
1754050327.01746,2,3,-126
1754050327.05446,0,2,-133
1754050327.0924602,1,1,-133
1754050327.1314602,0,0,-133
1754050327.1674602,-2,-6,-133
1754050327.20546,0,-2,-130
1754050327.2434602,-1,-3,-138
1754050327.2824602,1,0,-143
1754050327.32046,3,0,-135
1754050327.35646,-9,-6,-133
1754050327.39546,2,-7,-126
1754050327.43246,0,-2,-130
1754050327.47146,0,5,-132
1754050327.50746,1,3,-130
1754050327.54546,0,-4,-139
1754050327.58346,-6,0,-144
1754050327.62246,-1,4,-142
1754050327.66046,-3,-4,-139
1754050327.69646,2,-5,-138
1754050327.73446,-1,1,-131
1754050327.77246,2,0,-130
1754050327.81146,-9,5,-130
1754050327.84746,-3,9,-131
1754050327.88546,0,7,-127
1754050327.92346,3,-6,-129
1754050327.96246,2,1,-119
1754050328.00046,3,-3,-135
1754050328.0364602,0,4,-133
1754050328.07346,3,-4,-137
1754050328.11246,-4,-11,-136
1754050328.14846,6,-2,-131
1754050328.18646,6,-1,-135
1754050328.22546,6,2,-129
1754050328.26246,5,5,-140
1754050328.30146,3,1,-136
1754050328.33746,4,-2,-138
1754050328.37546,-1,-3,-130
1754050328.41346,3,0,-126
1754050328.45246,-1,4,-132
1754050328.48846,6,-3,-132
1754050328.5264602,-1,0,-128
1754050328.56446,-4,0,-145
1754050328.60246,0,2,-142
1754050328.6414602,-1,2,-141
1754050328.6774602,-2,-5,-136
1754050328.71546,0,-7,-144
1754050328.7534602,-1,1,-140
1754050328.7924602,-3,-4,-137
1754050328.82846,0,-8,-139
1754050328.86646,1,-8,-143
1754050328.9044602,0,-6,-136
1754050328.94346,4,-2,-147
1754050328.98146,5,7,-130
1754050329.01746,1,-5,-144
1754050329.05546,2,0,-134
1754050329.09346,2,1,-143
1754050329.13246,-1,-2,-139
1754050329.16846,8,-2,-129
1754050329.2074602,-2,-2,-127
1754050329.24446,-3,0,-138
1754050329.28346,-4,0,-128
1754050329.32146,0,-1,-139
1754050329.35746,-1,-2,-135
1754050329.39546,6,-1,-133
1754050329.43346,2,2,-137
1754050329.47246,-2,-2,-125
1754050329.50846,0,-7,-134
1754050329.5464602,-5,-5,-130
1754050329.58446,0,-8,-141
1754050329.62346,7,-2,-127
1754050329.6614602,1,5,-127
1754050329.6974602,0,5,-134
1754050329.73546,-2,0,-141
1754050329.77346,2,7,-139
1754050329.8124602,1,0,-139
1754050329.8484602,0,0,-141
1754050329.88546,0,-5,-142
1754050329.92346,4,-6,-142
1754050329.96246,-1,-2,-138
1754050329.99846,1,0,-137
1754050330.0364602,6,-9,-130
1754050330.07346,-2,-3,-141
1754050330.11246,-4,-3,-127
1754050330.14846,-2,-7,-133
1754050330.18646,0,-7,-129
1754050330.22446,4,0,-133
1754050330.2634602,4,-3,-153
1754050330.2994602,3,-4,-142
1754050330.33746,-3,0,-134
1754050330.37546,4,-2,-143
1754050330.41346,0,0,-135
1754050330.45246,-7,0,-140
1754050330.48846,-6,2,-147
1754050330.5264602,-2,-2,-145
1754050330.56446,-5,1,-141
1754050330.60346,0,5,-129
1754050330.63946,-3,5,-139
1754050330.6774602,1,0,-153
1754050330.71546,0,-3,-140
1754050330.7534602,-5,0,-132
1754050330.7924602,-8,5,-133
1754050330.82846,-2,5,-135
1754050330.86646,2,3,-134
1754050330.9044602,5,-5,-142
1754050330.94346,-6,0,-133
1754050330.97946,2,-3,-135
1754050331.01746,2,0,-143
1754050331.05546,-1,-2,-139
1754050331.09446,-2,-3,-148
1754050331.13246,11,0,-146
1754050331.16846,3,-3,-138
1754050331.20646,1,-2,-138
1754050331.24446,6,0,-140
1754050331.28346,10,-5,-138
1754050331.3194602,6,-4,-142
1754050331.35746,0,-4,-140
1754050331.39646,0,-2,-140
1754050331.4344602,0,0,-136
1754050331.47246,1,-1,-145
1754050331.50846,4,0,-144
1754050331.5464602,7,-4,-134
1754050331.58446,6,0,-130
1754050331.62346,1,4,-136
1754050331.65946,-1,-2,-137
1754050331.6974602,-3,6,-132
1754050331.73546,2,-6,-133
1754050331.77446,-3,-6,-134
1754050331.8124602,2,-4,-133
1754050331.8484602,11,0,-132
1754050331.88546,5,-3,-121
1754050331.9244602,3,-4,-131
1754050331.96246,-1,-2,-146
1754050331.99846,4,-1,-135
1754050332.0364602,5,-2,-135
1754050332.07446,4,-7,-140
1754050332.11346,1,-5,-126
1754050332.14946,2,-2,-137
1754050332.1874602,1,-2,-143
1754050332.22546,-5,-6,-142
1754050332.26446,3,0,-133
1754050332.30046,7,0,-126
1754050332.33746,2,0,-137
1754050332.37546,4,-2,-132
1754050332.4144602,0,-4,-140
1754050332.4504602,-3,0,-138
1754050332.48846,0,-2,-132
1754050332.5264602,5,-2,-139
1754050332.56446,12,2,-136
1754050332.60346,5,-1,-140
1754050332.63946,1,0,-138
1754050332.67646,0,-5,-144
1754050332.71546,-6,-5,-142
1754050332.7534602,-2,-3,-142
1754050332.7894602,0,3,-142
1754050332.82746,-1,4,-137
1754050332.8654602,-1,-3,-131
1754050332.90346,-5,4,-129
1754050332.93946,0,4,-144
1754050332.97646,-2,3,-130
1754050333.01546,0,-4,-125
1754050333.05346,-7,2,-133
1754050333.08946,4,5,-145
1754050333.12646,-2,5,-135
1754050333.16546,1,-2,-134
1754050333.20346,2,-4,-136
1754050333.23946,-2,-6,-137
1754050333.27746,-4,-9,-145
1754050333.3154602,4,-2,-140
1754050333.35446,-1,-6,-139
1754050333.39046,0,-8,-134
1754050333.42846,0,-7,-139
1754050333.4674602,-2,-7,-143
1754050333.50546,1,-6,-137
1754050333.54346,-4,-9,-130
1754050333.57946,-7,0,-138
1754050333.61746,-2,1,-134
1754050333.65546,0,-3,-128
1754050333.6944602,-8,-5,-144
1754050333.7304602,-5,0,-151
1754050333.76846,0,0,-137
1754050333.80646,0,0,-141
1754050333.8454602,-5,-4,-137
1754050333.88346,0,0,-131
1754050333.91946,0,1,-141
1754050333.95646,-2,0,-135
1754050333.99546,-2,-1,-147
1754050334.03146,-2,1,-142
1754050334.0694602,-3,0,-136
1754050334.10746,-4,-2,-125
1754050334.14546,-6,-13,-136
1754050334.1844602,-6,-8,-141
1754050334.2204602,-4,-3,-141
1754050334.2594602,-5,-4,-131
1754050334.2964602,3,-3,-113
1754050334.3354602,-1,0,-128
1754050334.3714602,-3,-3,-131
1754050334.40946,3,-6,-136
1754050334.4474602,5,5,-139
1754050334.48546,3,2,-137
1754050334.52446,-2,-4,-134
1754050334.56046,-4,4,-128
1754050334.59946,-2,0,-132
1754050334.63646,-1,0,-131
1754050334.67546,0,-1,-139
1754050334.71146,-3,-3,-136
1754050334.74946,-6,-5,-130
1754050334.78746,-4,-2,-136
1754050334.83146,-2,-1,-129
1754050334.87046,-5,0,-131
1754050334.9074602,0,1,-138
1754050334.94646,4,0,-130
1754050334.98446,7,2,-139
1754050335.02046,-1,0,-136
1754050335.0594602,0,0,-135
1754050335.09646,-3,-4,-132
1754050335.13546,3,-4,-141
1754050335.1714602,2,-3,-141
1754050335.20946,-2,-1,-127
1754050335.24746,4,6,-131
1754050335.2864602,2,0,-132
1754050335.32446,0,0,-137
1754050335.36046,-2,-6,-133
1754050335.39946,0,-1,-129
1754050335.43646,0,-7,-130
1754050335.47546,7,-12,-134
1754050335.51146,1,-10,-133
1754050335.5494602,8,-8,-125
1754050335.58746,2,-4,-142
1754050335.62646,-5,4,-133
1754050335.6644602,-7,3,-136
1754050335.7004602,-4,5,-132
1754050335.73846,0,-1,-131
1754050335.7764602,0,0,-138
1754050335.8154602,7,-6,-132
1754050335.85146,1,-2,-137
1754050335.88946,-2,2,-135
1754050335.9274602,-1,3,-135
1754050335.96646,11,-4,-136
1754050336.00446,6,-4,-137
1754050336.04046,6,-9,-138
1754050336.07846,-2,-6,-137
1754050336.11646,5,-2,-133
1754050336.15546,-5,5,-134
1754050336.19146,-6,-6,-134
1754050336.22946,-4,0,-143
1754050336.26746,0,2,-134
1754050336.30646,-2,-1,-126
1754050336.34346,-1,3,-131
1754050336.38046,-1,-3,-123
1754050336.41846,0,8,-131
1754050336.45646,1,6,-128
1754050336.49546,0,9,-138
1754050336.53146,0,-1,-141
1754050336.5694602,2,0,-134
1754050336.60746,7,-3,-132
1754050336.64646,0,0,-132
1754050336.68246,-4,-2,-133
1754050336.72146,-12,-6,-133
1754050336.75846,-2,-5,-134
1754050336.7964602,-5,-5,-131
1754050336.8354602,2,-3,-134
1754050336.8714602,-3,-1,-142
1754050336.90946,0,-1,-132
1754050336.9474602,0,-5,-141
1754050336.9864602,3,3,-146
1754050337.02246,7,-4,-136
1754050337.06046,4,-6,-143
1754050337.0984602,-7,-1,-126
1754050337.13746,0,-4,-127
1754050337.17546,1,-5,-133
1754050337.21146,7,-5,-123
1754050337.24946,2,0,-136
1754050337.28746,-3,-6,-137
1754050337.32646,-1,-6,-130
1754050337.36246,0,-6,-134
1754050337.4014602,2,4,-129
1754050337.43846,1,0,-147
1754050337.47746,3,3,-131
1754050337.51546,6,-5,-130
1754050337.55146,3,-4,-134
1754050337.58946,-2,11,-133
1754050337.62746,-2,3,-134
1754050337.66646,0,3,-128
1754050337.70246,0,2,-133
1754050337.7404602,9,-3,-133
1754050337.77846,0,0,-131
1754050337.81746,-2,2,-131
1754050337.8554602,-1,0,-128
1754050337.8914602,2,-5,-131
1754050337.93046,7,0,-133
1754050337.9674602,1,0,-125
1754050338.0064602,0,-1,-129
1754050338.0424602,0,-5,-138
1754050338.08046,-1,6,-148
1754050338.1184602,-2,3,-130
1754050338.1574602,-1,5,-129
1754050338.19346,-2,-1,-134
1754050338.23146,0,-4,-132
1754050338.2694602,5,-2,-125
1754050338.30746,0,4,-137
1754050338.34646,-1,3,-138
1754050338.38246,-3,-5,-137
1754050338.42046,9,-3,-140
1754050338.45846,2,-1,-137
1754050338.49746,0,-3,-140
1754050338.53346,0,1,-147
1754050338.57146,8,0,-138
1754050338.6084602,4,-1,-145
1754050338.64746,-5,-2,-139
1754050338.68346,-2,6,-138
1754050338.72146,-2,-2,-137
1754050338.76046,0,-1,-134
1754050338.79746,-7,5,-135
1754050338.83646,-2,-5,-126
1754050338.87246,2,0,-129
1754050338.91046,3,-10,-140
1754050338.94846,1,-2,-136
1754050338.9864602,-1,-8,-130
1754050339.02246,0,-3,-148
1754050339.06046,0,2,-149
1754050339.0984602,-7,2,-125
1754050339.13746,-1,-2,-117
1754050339.17346,-5,1,-118
1754050339.21146,-2,1,-132
1754050339.24946,8,-3,-118
1754050339.28846,5,-4,-128
1754050339.32646,9,-1,-139
1754050339.36246,5,-2,-135
1754050339.40046,1,6,-125
1754050339.43846,0,1,-133
1754050339.47746,-1,3,-121
1754050339.5134602,-3,-2,-130
1754050339.55146,0,1,-125
1754050339.58946,4,-2,-138
1754050339.6284602,1,-4,-139
1754050339.66646,-7,-5,-134
1754050339.70246,-2,0,-140
1754050339.7404602,1,-4,-139
1754050339.77846,4,-2,-127
1754050339.81746,2,-8,-134
1754050339.85346,-2,-5,-139
1754050339.8914602,1,-4,-138
1754050339.93046,0,2,-132
1754050339.96846,6,2,-140
1754050340.0064602,-1,-1,-136
1754050340.0424602,-1,-2,-133
1754050340.08046,3,-5,-134
1754050340.1184602,1,-3,-134
1754050340.1574602,0,-1,-128
1754050340.19346,7,0,-135
1754050340.2304602,-1,-2,-141
1754050340.26846,8,-6,-139
1754050340.30746,7,0,-134
1754050340.34346,6,-2,-145
1754050340.38046,-6,-4,-135
1754050340.41846,-1,-4,-142
1754050340.4574602,5,-2,-149
1754050340.4934602,8,-1,-134
1754050340.53146,4,0,-137
1754050340.5694602,0,0,-119
1754050340.6084602,-2,-4,-128
1754050340.6444602,-3,-11,-138
1754050340.68246,-5,-9,-141
1754050340.7204602,-6,2,-128
1754050340.75846,-8,1,-131
1754050340.79746,-4,0,-140
1754050340.83346,10,4,-149
1754050340.8714602,3,6,-132
1754050340.90846,7,-2,-140
1754050340.9474602,11,1,-138
1754050340.9834602,7,-4,-129
1754050341.02146,1,-2,-130
1754050341.06046,2,-2,-128
1754050341.0984602,5,-6,-135
1754050341.1344602,10,0,-137
1754050341.1714602,2,0,-136
1754050341.2104602,1,-5,-130
1754050341.24846,0,-11,-130
1754050341.28446,-1,0,-136
1754050341.3224602,3,-2,-128
1754050341.36046,1,-1,-127
1754050341.39946,3,-2,-138
1754050341.4374602,4,-3,-152
1754050341.4734602,4,0,-141
1754050341.51046,2,-5,-127
1754050341.5494602,-6,2,-126
1754050341.58746,3,-1,-127
1754050341.62346,-2,5,-132
1754050341.6614602,0,-1,-131
1754050341.69946,0,-3,-134
1754050341.73846,-2,2,-125
1754050341.77446,9,7,-131
1754050341.8124602,2,0,-131
1754050341.85046,0,4,-134
1754050341.88946,6,-2,-141
1754050341.9274602,-1,-7,-132
1754050341.9634602,0,-1,-136
1754050342.00146,-1,-1,-131
1754050342.0394602,1,2,-137
1754050342.07846,0,0,-133
1754050342.11446,1,0,-136
1754050342.1514602,-3,2,-130
1754050342.18946,-2,-2,-138
1754050342.22846,-3,-4,-136
1754050342.26446,-4,0,-129
1754050342.3024602,-1,0,-138
1754050342.34046,0,-2,-138
1754050342.37946,1,-2,-130
1754050342.41546,-5,0,-132
1754050342.45346,1,-2,-134
1754050342.49246,-4,-1,-134
1754050342.5294602,4,0,-134
1754050342.56846,1,-3,-141
1754050342.60446,5,-6,-128
1754050342.64246,-2,-2,-130
1754050342.68046,-1,1,-135
1754050342.71946,-1,-1,-134
1754050342.75546,-5,0,-139
1754050342.7924602,0,0,-145
1754050342.83046,-2,-2,-137
1754050342.86946,0,6,-135
1754050342.90546,-2,4,-131
1754050342.94346,2,0,-126
1754050342.98146,3,-1,-141
1754050343.02046,6,-2,-140
1754050343.05846,0,-1,-133
1754050343.09446,0,-2,-141
1754050343.13346,4,-4,-140
1754050343.1714602,5,-2,-135
1754050343.20946,-1,0,-125
1754050343.24546,3,-3,-132
1754050343.28346,3,0,-143
1754050343.32146,2,1,-134
1754050343.36046,0,-5,-123
1754050343.39846,8,-1,-129
1754050343.4344602,3,0,-124
1754050343.47146,1,5,-130
1754050343.51046,3,5,-135
1754050343.54846,11,0,-137
1754050343.58446,9,7,-129
1754050343.6214602,1,-3,-134
1754050343.66046,2,-7,-136
1754050343.69846,-1,-8,-134
1754050343.73446,5,-6,-144
1754050343.77246,0,0,-142
1754050343.81046,2,-4,-133
1754050343.84946,1,-3,-137
1754050343.88546,-3,-2,-138
1754050343.92346,-1,-4,-139
1754050343.96146,4,-4,-129
1754050344.00046,4,-5,-139
1754050344.03846,0,0,-140
1754050344.07446,-2,-2,-138
1754050344.11246,1,-3,-145
1754050344.15046,2,-2,-137
1754050344.18946,-4,-5,-131
1754050344.22546,8,1,-131
1754050344.26246,12,0,-135
1754050344.30046,4,-2,-136
1754050344.33946,1,0,-133
1754050344.37546,1,-3,-124
1754050344.4144602,0,0,-120
1754050344.45146,3,3,-139
1754050344.4904602,5,2,-141
1754050344.5264602,1,-4,-134
1754050344.56446,-2,0,-137
1754050344.60246,2,6,-134
1754050344.64046,6,2,-129
1754050344.67946,2,-4,-128
1754050344.71546,-2,-1,-139
1754050344.7534602,-1,-1,-144
1754050344.79146,-2,-3,-140
1754050344.8354602,-7,-3,-137
1754050344.87346,-7,-11,-136
1754050344.9114602,0,-12,-130
1754050344.9504602,0,-6,-131
1754050344.9864602,1,1,-132
1754050345.02446,-2,5,-128
1754050345.0624602,0,1,-137
1754050345.10146,-10,3,-124
1754050345.13946,0,-2,-136
1754050345.17546,-3,-1,-132
1754050345.21446,-3,-2,-127
1754050345.25146,-1,0,-138
1754050345.29046,1,-1,-131
1754050345.32646,6,-1,-131
1754050345.36446,6,0,-133
1754050345.40246,0,0,-127
1754050345.44146,1,-1,-136
1754050345.47946,-2,4,-140
1754050345.51546,-1,0,-130
1754050345.55346,1,4,-132
1754050345.59146,0,-2,-140
1754050345.63046,-2,-5,-133
1754050345.66646,0,-4,-141
1754050345.70446,-5,3,-144
1754050345.74246,0,-2,-142
1754050345.78146,-6,7,-132
1754050345.8194602,-4,2,-126
1754050345.8554602,1,-1,-127
1754050345.89346,5,2,-131
1754050345.93146,-1,7,-125
1754050345.9704602,0,0,-137
1754050346.0064602,1,-2,-138
1754050346.04446,-4,-3,-147
1754050346.0824602,-6,-4,-141
1754050346.1214602,8,-3,-137
1754050346.1574602,6,0,-143
1754050346.19546,-1,3,-123
1754050346.2334602,5,-5,-138
1754050346.27146,0,0,-134
1754050346.31046,7,5,-129
1754050346.34646,3,-1,-143
1754050346.3844602,0,0,-125
1754050346.42246,1,1,-133
1754050346.46146,4,5,-139
1754050346.49746,5,1,-133
1754050346.53446,0,5,-138
1754050346.5724602,-3,2,-126
1754050346.6114602,1,2,-134
1754050346.64746,-3,5,-133
1754050346.68546,1,0,-134
1754050346.7234602,8,3,-123
1754050346.76146,1,1,-126
1754050346.80046,3,-4,-128
1754050346.83646,1,-2,-133
1754050346.87446,-2,1,-139
1754050346.91246,2,-4,-130
1754050346.95146,-1,3,-122
1754050346.98746,2,-4,-128
1754050347.02546,-3,3,-128
1754050347.06346,-6,0,-146
1754050347.10246,-7,1,-136
1754050347.14046,-3,0,-135
1754050347.17646,-4,2,-136
1754050347.21446,0,-1,-136
1754050347.25246,2,4,-133
1754050347.29146,9,0,-125
1754050347.32746,4,4,-123
1754050347.36446,-1,1,-135
1754050347.40246,0,-1,-125
1754050347.44146,1,2,-131
1754050347.47746,-7,-3,-124
1754050347.51546,-6,0,-125
1754050347.55346,-4,0,-137
1754050347.5924602,2,-6,-126
1754050347.63046,5,-8,-126
1754050347.66646,5,-7,-130
1754050347.70546,2,3,-117
1754050347.74246,3,-8,-138
1754050347.78146,6,-6,-127
1754050347.81746,10,0,-123
1754050347.8554602,1,-4,-132
1754050347.89346,-4,7,-130
1754050347.93246,-6,0,-135
1754050347.9704602,-6,-7,-133
1754050348.0064602,5,-6,-144
1754050348.04446,7,5,-139
1754050348.0824602,4,2,-135
1754050348.1214602,0,3,-123
1754050348.1574602,-5,0,-132
1754050348.19546,-7,-4,-128
1754050348.2334602,-6,1,-120
1754050348.27246,-1,2,-131
1754050348.30846,0,9,-131
1754050348.3454602,-1,9,-131
1754050348.3844602,1,6,-131
1754050348.42246,-2,0,-134
1754050348.45846,-7,-1,-139
1754050348.49746,-5,-3,-135
1754050348.53446,3,-3,-136
1754050348.5724602,9,-1,-132
1754050348.6114602,0,-6,-132
1754050348.64746,1,-3,-128
1754050348.68546,4,-2,-133
1754050348.7234602,3,2,-139
1754050348.76246,3,0,-127
1754050348.79846,6,-2,-125
1754050348.83646,1,-4,-128
1754050348.87446,0,7,-134
1754050348.91246,5,0,-139
1754050348.95146,8,-3,-141
1754050348.98746,1,0,-137
1754050349.02546,1,2,-131
1754050349.06346,2,1,-135
1754050349.10146,1,3,-115
1754050349.13746,-2,4,-131
1754050349.17546,0,0,-136
1754050349.2134602,0,1,-143
1754050349.25246,11,-4,-146
1754050349.28846,4,-6,-141
1754050349.32646,5,-6,-136
1754050349.36446,6,-6,-124
1754050349.40346,-2,-7,-129
1754050349.44146,1,-3,-135
1754050349.47746,-2,-5,-129
1754050349.51546,-9,-1,-137
1754050349.55346,1,-5,-134
1754050349.5924602,-2,-1,-146
1754050349.6284602,2,-2,-143
1754050349.66646,4,4,-142
1754050349.70546,-3,-4,-137
1754050349.7434602,0,2,-145
1754050349.78146,2,-2,-133
1754050349.81746,3,0,-140
1754050349.8554602,-1,-2,-127
1754050349.89346,6,-3,-135
1754050349.93146,-4,2,-128
1754050349.9674602,3,1,-138
1754050350.00446,5,2,-120
1754050350.04346,-3,-2,-123
1754050350.08146,-8,-1,-120
1754050350.11746,-1,1,-129
1754050350.15546,1,-2,-113
1754050350.19346,5,-3,-129
1754050350.23246,1,-6,-135
1754050350.26846,0,0,-129
1754050350.30546,2,2,-135
1754050350.34346,-2,1,-127
1754050350.38246,5,2,-127
1754050350.41846,1,2,-129
1754050350.45546,3,-6,-129
1754050350.4934602,0,3,-122
1754050350.5324602,0,0,-118
1754050350.56846,-4,-1,-122
1754050350.60646,-3,3,-133
1754050350.6444602,-2,0,-124
1754050350.68346,0,-5,-136
1754050350.71946,4,-5,-140
1754050350.75746,-6,-3,-142
1754050350.79546,0,0,-124
1754050350.83346,-5,1,-116
1754050350.87246,-3,-2,-131
1754050350.90846,1,1,-137
1754050350.94546,3,2,-140
1754050350.9834602,1,4,-136
1754050351.02246,5,-1,-137
1754050351.05846,8,3,-130
1754050351.0954602,4,0,-128
1754050351.1344602,3,-5,-141
1754050351.17246,8,-1,-136
1754050351.20846,3,3,-133
1754050351.24546,6,2,-132
1754050351.28446,-3,5,-131
1754050351.3224602,-10,-4,-127
1754050351.3584602,-8,-1,-127
1754050351.39646,-4,-3,-131
1754050351.4344602,-2,4,-137
1754050351.4734602,0,-3,-138
1754050351.51046,-1,-2,-137
1754050351.54746,-2,3,-137
1754050351.5854602,-7,-7,-137
1754050351.62446,-5,-3,-145
1754050351.66246,2,-4,-138
1754050351.69846,-2,-3,-136
1754050351.7364602,4,1,-133
1754050351.77446,7,1,-138
1754050351.81346,0,0,-138
1754050351.84946,3,1,-131
1754050351.88646,7,-2,-131
1754050351.9244602,7,1,-138
1754050351.9634602,9,0,-142
1754050351.99946,2,0,-147
1754050352.0364602,0,4,-146
1754050352.07446,1,0,-146
1754050352.11346,9,0,-141
1754050352.14946,12,3,-129
1754050352.18646,3,-1,-130
1754050352.22446,5,1,-132
1754050352.2634602,-3,3,-140
1754050352.2994602,11,2,-141
1754050352.33646,3,2,-129
1754050352.37446,-2,3,-125
1754050352.41346,-4,2,-127
1754050352.44946,-3,2,-134
1754050352.48746,0,-4,-136
1754050352.52546,2,-3,-130
1754050352.56446,-4,-2,-131
1754050352.60046,-4,-2,-131
1754050352.6384602,-3,0,-135
1754050352.67646,-1,4,-128
1754050352.71446,-2,2,-141
1754050352.7534602,-6,3,-142
1754050352.7894602,-8,-4,-131
1754050352.82746,7,-5,-138
1754050352.8654602,6,-3,-145
1754050352.9044602,4,-3,-142
1754050352.9404602,1,3,-131
1754050352.97746,-3,2,-140
1754050353.01546,-1,5,-146
1754050353.05446,-2,1,-138
1754050353.09046,8,-7,-138
1754050353.1284602,0,-5,-134
1754050353.16646,2,-1,-128
1754050353.20546,1,0,-132
1754050353.2434602,-3,3,-137
1754050353.2794602,2,0,-131
1754050353.31646,-6,0,-130
1754050353.3554602,-5,-6,-122
1754050353.39346,1,-1,-121
1754050353.42946,1,0,-129
1754050353.46646,6,5,-127
1754050353.50546,3,0,-134
1754050353.54346,4,3,-127
1754050353.57946,0,-2,-122
1754050353.61746,-4,-5,-128
1754050353.65546,-9,-4,-137
1754050353.6944602,0,-6,-136
1754050353.7304602,-5,1,-139
1754050353.76846,1,-1,-129
1754050353.80646,-2,-5,-132
1754050353.8454602,-1,-3,-135
1754050353.88346,-1,0,-137
1754050353.91946,1,-2,-129
1754050353.9574602,-3,0,-135
1754050353.99546,0,-1,-139
1754050354.03446,-2,-7,-130
1754050354.07046,8,-6,-122
1754050354.1084602,4,-3,-128
1754050354.14746,0,-4,-132
1754050354.18546,3,-6,-140
1754050354.2234602,0,-1,-141
1754050354.2594602,2,0,-143
1754050354.29746,0,0,-142
1754050354.3354602,-6,1,-136
1754050354.37446,2,0,-144
1754050354.41046,-1,2,-143
1754050354.44846,-2,0,-141
1754050354.4864602,-1,-7,-135
1754050354.52546,1,5,-136
1754050354.56146,1,6,-130
1754050354.5984602,-5,0,-135
1754050354.63646,2,-1,-145
1754050354.67546,-5,-8,-140
1754050354.71146,-5,-10,-138
1754050354.75046,-7,-1,-138
1754050354.78746,-3,0,-136
1754050354.8254602,-1,-6,-141
1754050354.86946,1,-3,-132
1754050354.90846,3,1,-131
1754050354.94546,0,-4,-142
1754050354.98446,2,-2,-123
1754050355.02046,3,0,-126
1754050355.05846,7,0,-138
1754050355.09646,-1,-4,-122
1754050355.13546,-4,0,-133
1754050355.1714602,-5,-2,-134
1754050355.20946,-6,0,-145
1754050355.24746,-7,-8,-136
1754050355.28546,7,-10,-130
1754050355.32146,5,-7,-130
1754050355.36046,4,0,-131
1754050355.39746,8,0,-121
1754050355.43646,2,-2,-130
1754050355.47446,1,-3,-133
1754050355.51046,7,-2,-138
1754050355.54846,7,-3,-141
1754050355.58646,2,1,-136
1754050355.62546,7,-5,-150
1754050355.6614602,4,-9,-130
1754050355.69946,13,-2,-129
1754050355.73746,8,-3,-134
1754050355.7764602,7,4,-139
1754050355.81446,6,3,-132
1754050355.85046,0,4,-138
1754050355.8884602,-5,-6,-127
1754050355.92646,0,-8,-146
1754050355.96446,4,-3,-124
1754050356.00046,0,-3,-113
1754050356.03846,-4,1,-135
1754050356.07646,-4,1,-126
1754050356.1154602,-1,3,-141
1754050356.15246,-3,0,-149
1754050356.18946,0,2,-134
1754050356.22746,-1,0,-139
1754050356.2664602,-5,-6,-136
1754050356.3024602,0,-2,-131
1754050356.34046,5,0,-146
1754050356.3784602,3,1,-129
1754050356.41646,-2,1,-137
1754050356.45546,0,0,-135
1754050356.49146,-1,-2,-122
1754050356.5294602,-6,-1,-129
1754050356.56746,0,-7,-140
1754050356.60646,-1,2,-150
1754050356.64246,0,-1,-135
1754050356.68146,-5,-2,-139
1754050356.71846,-6,-4,-127
1754050356.7564602,0,2,-132
1754050356.79546,-3,-2,-135
1754050356.83146,-2,0,-127
1754050356.86946,-4,5,-134
1754050356.9074602,0,3,-135
1754050356.94646,1,-6,-140
1754050356.98246,-1,-8,-135
1754050357.02046,-5,-3,-133
1754050357.05846,0,-2,-146
1754050357.09646,-2,-7,-125
1754050357.13546,3,-9,-127
1754050357.1714602,0,-6,-143
1754050357.20846,-9,-6,-136
1754050357.24746,-1,-10,-140
1754050357.28546,3,-4,-136
1754050357.32146,1,3,-128
1754050357.3584602,-4,1,-138
1754050357.39746,0,-7,-137
1754050357.43546,-4,-3,-136
1754050357.47146,-2,-9,-133
1754050357.5094602,-3,-4,-141
1754050357.54746,-4,-4,-143
1754050357.58646,0,0,-141
1754050357.62246,4,-2,-140
1754050357.65946,4,-6,-132
1754050357.69846,4,-10,-134
1754050357.7364602,-1,-2,-151
1754050357.77246,1,-5,-135
1754050357.81146,4,-9,-142
1754050357.8484602,1,-8,-136
1754050357.88746,-3,-8,-139
1754050357.92546,-1,-8,-136
1754050357.96146,-2,0,-132
1754050357.99946,1,1,-137
1754050358.03746,3,-2,-125
1754050358.07646,4,-6,-140
1754050358.11246,4,-5,-133
1754050358.15046,-3,-4,-142
1754050358.18846,-1,0,-132
1754050358.22746,-4,-9,-133
1754050358.26546,-6,-8,-127
1754050358.30146,-1,-4,-130
1754050358.33946,2,-8,-128
1754050358.37746,-1,-9,-124
1754050358.41646,2,0,-132
1754050358.45246,1,0,-136
1754050358.48946,-6,-4,-138
1754050358.52846,-3,-1,-131
1754050358.56646,1,1,-146
1754050358.60246,-3,-3,-140
1754050358.64046,5,0,-142
1754050358.67846,3,0,-143
1754050358.7174602,1,-6,-131
1754050358.7534602,-1,-4,-134
1754050358.79146,-7,-2,-134
1754050358.82946,-7,0,-126
1754050358.86746,-4,1,-140
1754050358.90646,-3,-1,-148
1754050358.94246,1,-5,-136
1754050358.9804602,-4,0,-135
1754050359.01846,-3,4,-136
1754050359.05746,1,1,-131
1754050359.09346,5,-1,-133
1754050359.13246,5,0,-131
1754050359.16946,7,1,-133
1754050359.20846,1,-1,-139
1754050359.2464602,5,-1,-148
1754050359.2824602,0,-4,-139
1754050359.32046,-5,0,-132
1754050359.3584602,-3,-4,-127
1754050359.39746,0,3,-138
1754050359.43346,3,3,-131
1754050359.4704602,7,3,-133
1754050359.50846,2,-4,-128
1754050359.54746,6,-6,-129
1754050359.58346,8,0,-135
1754050359.62046,0,1,-140
1754050359.65846,-10,2,-142
1754050359.6974602,-3,5,-141
1754050359.7334602,-2,4,-137
1754050359.77146,2,0,-130
1754050359.8094602,0,2,-135
1754050359.8484602,0,-6,-137
1754050359.88646,7,5,-135
1754050359.92246,3,-5,-135
1754050359.9604602,-4,-4,-150
1754050359.99946,-1,0,-135
1754050360.03746,6,2,-139
1754050360.07346,2,3,-139
1754050360.11046,6,0,-140
1754050360.14846,4,0,-135
1754050360.1874602,5,-1,-138
1754050360.2234602,4,0,-130
1754050360.26046,1,1,-127
1754050360.2994602,-3,-3,-138
1754050360.33746,-8,0,-135
1754050360.37346,0,2,-141
1754050360.41046,2,4,-142
1754050360.44846,4,3,-141
1754050360.48746,3,2,-134
1754050360.52346,0,-3,-137
1754050360.56146,3,-6,-137
1754050360.59946,-4,-2,-123
1754050360.6384602,2,-4,-133
1754050360.6744602,4,1,-128
1754050360.71146,2,-4,-125
1754050360.74946,-2,2,-136
1754050360.78846,3,-2,-137
1754050360.82446,0,0,-132
1754050360.8614602,3,-3,-141
1754050360.89946,-1,-5,-137
1754050360.93846,-6,0,-134
1754050360.97446,-5,-6,-136
1754050361.01246,-6,-1,-138
1754050361.05046,0,0,-131
1754050361.0884602,-1,0,-132
1754050361.12746,4,0,-135
1754050361.16346,-2,3,-138
1754050361.20146,-3,3,-137
1754050361.23946,0,2,-142
1754050361.27846,6,2,-146
1754050361.31446,1,-6,-135
1754050361.35246,2,4,-130
1754050361.39046,0,-2,-129
1754050361.42946,0,-5,-134
1754050361.4674602,0,-5,-131
1754050361.50446,10,-6,-131
1754050361.54146,4,2,-130
1754050361.57946,4,-2,-133
1754050361.6184602,1,-3,-140
1754050361.6544602,0,-2,-138
1754050361.69246,0,-7,-133
1754050361.7304602,3,0,-142
1754050361.7694602,5,3,-148
1754050361.80746,0,-2,-131
1754050361.84346,3,0,-148
1754050361.88046,-7,-2,-142
1754050361.91946,-7,-1,-134
1754050361.9574602,-4,-4,-134
1754050361.9934602,-3,-3,-120
1754050362.03146,0,-3,-124
1754050362.0694602,1,1,-119
1754050362.1084602,3,4,-125
1754050362.1444602,4,-2,-119
1754050362.18246,9,1,-124
1754050362.22146,-1,-1,-132
1754050362.2594602,-3,-4,-138
1754050362.29746,-2,4,-121
1754050362.33346,-4,1,-127
1754050362.3714602,1,1,-123
1754050362.40946,-3,1,-130
1754050362.44846,-5,0,-125
1754050362.48446,-5,2,-130
1754050362.52246,-1,-4,-129
1754050362.56046,-3,2,-129
1754050362.59946,-5,5,-130
1754050362.63546,-7,1,-133
1754050362.67346,-6,2,-134
1754050362.71246,1,0,-138
1754050362.74946,1,0,-137
1754050362.78846,-6,0,-139
1754050362.82446,-4,2,-152
1754050362.86246,-7,-3,-141
1754050362.90046,-3,4,-145
1754050362.93946,3,1,-133
1754050362.97546,0,-6,-125
1754050363.01246,5,-4,-133
1754050363.05046,0,-7,-127
1754050363.08946,4,0,-138
1754050363.12546,-1,2,-137
1754050363.16346,5,5,-125
1754050363.20146,5,0,-134
1754050363.2404602,3,-5,-128
1754050363.27846,0,3,-129
1754050363.31446,-2,0,-119
1754050363.35246,4,-5,-122
1754050363.39046,6,-5,-132
1754050363.42946,3,-2,-129
1754050363.46546,4,-1,-128
1754050363.5034602,12,2,-138
1754050363.54146,19,0,-131
1754050363.58046,5,0,-134
1754050363.6184602,10,-2,-135
1754050363.6544602,0,-5,-139
1754050363.69246,0,-7,-139
1754050363.7304602,-5,-8,-127
1754050363.7694602,1,-7,-132
1754050363.80546,1,-2,-135
1754050363.84346,0,0,-124
1754050363.8814602,2,-3,-127
1754050363.92046,0,0,-123
1754050363.95846,-1,-3,-134
1754050363.99446,-6,-2,-133
1754050364.0324602,-1,-1,-133
1754050364.07046,-1,-9,-130
1754050364.10946,1,-9,-121
1754050364.14546,1,-6,-115
1754050364.18346,3,-2,-134
1754050364.22246,-2,-2,-131
1754050364.26046,5,3,-126
1754050364.29846,-2,5,-140
1754050364.33446,-5,-2,-139
1754050364.37246,-2,-1,-139
1754050364.41046,2,-2,-133
1754050364.44946,1,0,-129
1754050364.48546,-2,-4,-137
1754050364.52346,9,-3,-137
1754050364.56146,2,-7,-140
1754050364.60046,11,4,-137
1754050364.63646,7,8,-137
1754050364.67346,5,-1,-141
1754050364.71146,9,0,-127
1754050364.75046,1,3,-129
1754050364.7864602,3,0,-136
1754050364.8254602,0,-2,-136
1754050364.86246,3,-1,-138
1754050364.90646,0,0,-138
1754050364.9444602,2,2,-134
1754050364.98246,-9,-4,-118
1754050365.02046,-3,-2,-134
1754050365.0594602,3,2,-141
1754050365.0954602,5,4,-135
1754050365.13346,4,6,-143
1754050365.1714602,-4,0,-129
1754050365.2104602,-1,-3,-131
1754050365.2464602,6,0,-139
1754050365.28346,0,3,-134
1754050365.3224602,0,-7,-126
1754050365.36046,4,-2,-137
1754050365.39646,-2,-7,-138
1754050365.43546,5,0,-136
1754050365.47246,7,0,-128
1754050365.51146,-1,0,-125
1754050365.5494602,5,0,-119
1754050365.5854602,0,2,-116
1754050365.62246,8,-3,-126
1754050365.6614602,6,-7,-139
1754050365.69946,6,-7,-131
1754050365.73546,3,-2,-141
1754050365.77346,2,-5,-127
1754050365.81146,3,0,-127
1754050365.85046,2,-2,-143
1754050365.88646,2,-2,-140
1754050365.9244602,-5,-3,-146
1754050365.96246,-7,-5,-136
1754050366.00146,-5,-2,-133
1754050366.0394602,-6,-6,-125
1754050366.0754602,-8,0,-125
1754050366.11246,-1,3,-133
1754050366.1514602,-2,-4,-130
1754050366.18946,2,0,-138
1754050366.22546,5,-1,-141
1754050366.2634602,4,0,-142
1754050366.3024602,-3,-5,-140
1754050366.34046,1,0,-137
1754050366.37646,-1,3,-139
1754050366.41546,1,-4,-135
1754050366.45246,9,0,-137
1754050366.49146,2,0,-141
1754050366.52746,-4,-3,-135
1754050366.5654602,-5,0,-130
1754050366.60346,1,3,-141
1754050366.6414602,-4,-10,-137
1754050366.68046,0,-11,-126
1754050366.71646,-1,-7,-126
1754050366.75446,-3,-4,-119
1754050366.79346,1,2,-131
1754050366.83146,-1,3,-139
1754050366.86746,7,0,-148
1754050366.90546,4,-1,-131
1754050366.94346,2,2,-129
1754050366.98246,-4,2,-133
1754050367.02046,4,0,-127
1754050367.05646,5,8,-133
1754050367.09346,2,-1,-131
1754050367.13246,-1,3,-134
1754050367.17046,0,4,-134
1754050367.20646,-3,4,-134
1754050367.24446,-5,5,-141
1754050367.2824602,-8,2,-124
1754050367.32146,-5,7,-138
1754050367.35746,2,1,-129
1754050367.3944602,0,-1,-125
1754050367.43246,1,7,-127
1754050367.47146,1,0,-125
1754050367.50746,2,-3,-128
1754050367.54546,5,0,-130
1754050367.58346,3,1,-140
1754050367.62246,-2,6,-125
1754050367.66046,0,1,-131
1754050367.69646,0,2,-126
1754050367.73446,6,2,-132
1754050367.77246,12,2,-134
1754050367.81146,4,0,-145
1754050367.84746,-5,3,-137
1754050367.88646,-4,6,-129
1754050367.92346,1,0,-132
1754050367.96246,5,-5,-141
1754050368.00046,7,-7,-148
1754050368.0364602,7,-2,-146
1754050368.07446,1,-1,-134
1754050368.11246,4,-5,-133
1754050368.1514602,2,-4,-134
1754050368.1874602,-9,-5,-132
1754050368.22546,-3,-3,-126
1754050368.2634602,1,-3,-134
1754050368.3024602,-1,1,-136
1754050368.34046,-4,3,-137
1754050368.37646,-1,3,-147
1754050368.4144602,-6,5,-142
1754050368.45246,-2,0,-141
1754050368.49146,4,1,-137
1754050368.52746,3,3,-133
1754050368.56446,0,-5,-137
1754050368.60346,4,1,-134
1754050368.6414602,6,-1,-133
1754050368.6774602,0,5,-136
1754050368.71446,1,-2,-128
1754050368.7534602,4,1,-125
1754050368.79146,0,1,-136
1754050368.82746,-3,8,-133
1754050368.8654602,-4,2,-129
1754050368.90346,0,0,-127
1754050368.94246,4,0,-133
1754050368.97846,5,1,-137
1754050369.0164602,0,-1,-135
1754050369.05346,6,-6,-137
1754050369.0924602,0,0,-136
1754050369.1284602,5,0,-138
1754050369.16646,4,0,-147
1754050369.20346,3,-3,-142
1754050369.24246,4,-6,-134
1754050369.27846,-1,-8,-129
1754050369.31646,-5,-8,-127
1754050369.35446,-4,-1,-139
1754050369.39346,3,-1,-140
1754050369.43146,0,2,-133
1754050369.4674602,0,2,-134
1754050369.50446,2,-3,-139
1754050369.54346,1,0,-138
1754050369.58146,0,-10,-129
1754050369.61746,2,-3,-128
1754050369.65546,5,0,-125
1754050369.69346,0,1,-119
1754050369.73246,-1,0,-138
1754050369.76846,-4,0,-134
1754050369.80646,0,1,-141
1754050369.84446,-2,3,-139
1754050369.88346,4,0,-134
1754050369.9214602,1,-2,-133
1754050369.9574602,10,1,-131
1754050369.99446,8,-1,-138
1754050370.03346,3,3,-130
1754050370.07146,2,3,-133
1754050370.10746,-4,0,-134
1754050370.14546,0,-5,-134
1754050370.18346,-9,0,-133
1754050370.22246,-1,4,-139
1754050370.25846,-6,2,-129
1754050370.2964602,6,4,-127
1754050370.33446,1,0,-129
1754050370.37346,0,0,-127
1754050370.4114602,-3,-5,-129
1754050370.4474602,4,0,-132
1754050370.48546,0,-2,-136
1754050370.52446,0,4,-144
1754050370.5624602,4,0,-133
1754050370.5984602,4,-4,-132
1754050370.63646,2,-5,-134
1754050370.6744602,-4,1,-132
1754050370.7134602,-4,2,-133
1754050370.74946,-1,-1,-137
1754050370.78746,-3,-4,-134
1754050370.8254602,-1,-4,-137
1754050370.86346,3,0,-138
1754050370.90246,3,-3,-138
1754050370.93846,5,-1,-142
1754050370.97646,0,-2,-134
1754050371.01446,2,-6,-146
1754050371.05346,2,-1,-139
1754050371.08946,2,1,-128
1754050371.12646,0,2,-125
1754050371.1644602,0,1,-131
1754050371.20346,0,-2,-131
1754050371.2404602,4,4,-132
1754050371.27746,2,1,-127
1754050371.31646,-1,0,-135
1754050371.35346,0,3,-139
1754050371.39246,-4,-2,-141
1754050371.42846,-2,-6,-143
1754050371.46646,5,1,-128
1754050371.50446,10,0,-130
1754050371.54346,8,0,-139
1754050371.57946,-5,3,-135
1754050371.61746,-3,-5,-127
1754050371.65646,8,1,-126
1754050371.6944602,2,-4,-141
1754050371.73246,-1,-2,-134
1754050371.76846,1,4,-136
1754050371.80646,7,-1,-129
1754050371.84446,0,-2,-126
1754050371.88346,-6,-5,-133
1754050371.91946,-8,-9,-139
1754050371.9574602,-1,-6,-136
1754050371.99546,-2,-1,-140
1754050372.03446,0,0,-141
1754050372.0724602,-5,-4,-140
1754050372.1084602,1,-4,-140
1754050372.14546,0,0,-132
1754050372.1844602,-1,2,-123
1754050372.22246,9,1,-132
1754050372.25846,5,0,-131
1754050372.2964602,7,0,-132
1754050372.33446,-6,0,-139
1754050372.37346,-1,10,-138
1754050372.40946,-1,1,-134
1754050372.4474602,-2,-3,-128
1754050372.48546,-2,-1,-135
1754050372.52446,0,3,-132
1754050372.56046,-1,0,-137
1754050372.5984602,1,-2,-134
1754050372.63546,3,-1,-128
1754050372.6744602,0,0,-128
1754050372.7104602,7,-3,-128
1754050372.74846,1,2,-137
1754050372.7864602,-4,1,-135
1754050372.82446,3,3,-134
1754050372.86346,9,1,-139
1754050372.89946,2,-6,-130
1754050372.9374602,9,-5,-130
1754050372.97546,8,1,-127
1754050373.01446,1,-7,-133
1754050373.05046,8,-1,-141
1754050373.0884602,4,-7,-144
1754050373.12646,-3,-2,-133
1754050373.1644602,0,-2,-136
1754050373.20346,6,-6,-138
1754050373.23946,4,-7,-133
1754050373.27746,2,0,-132
1754050373.31646,-1,-1,-129
1754050373.35446,3,0,-125
1754050373.39046,0,-3,-138
1754050373.42846,-2,0,-126
1754050373.46646,0,1,-136
1754050373.50546,3,1,-130
1754050373.54346,1,-2,-141
1754050373.57946,-2,-1,-144
1754050373.61746,0,-4,-141
1754050373.65546,1,2,-123
1754050373.6944602,1,-2,-138
1754050373.7304602,8,-3,-132
1754050373.76846,-2,2,-139
1754050373.80646,0,-2,-134
1754050373.8454602,2,1,-134
1754050373.88346,0,-3,-137
1754050373.91946,3,-1,-141
1754050373.9574602,1,8,-132
1754050373.99546,0,1,-143
1754050374.03446,-3,-2,-136
1754050374.07046,-1,0,-134
1754050374.1084602,-4,2,-137
1754050374.14646,4,-2,-137
1754050374.18546,2,4,-139
1754050374.2234602,4,0,-134
1754050374.2594602,-2,3,-142
1754050374.29746,0,-3,-125
1754050374.3354602,-1,0,-131
1754050374.37446,-6,3,-141
1754050374.41046,-1,0,-132
1754050374.44946,-2,1,-139
1754050374.4864602,6,-5,-139
1754050374.52546,-1,0,-123
1754050374.56146,-3,1,-124
1754050374.59946,0,0,-142
1754050374.63746,-1,3,-146
1754050374.67546,-3,9,-133
1754050374.71446,3,0,-138
1754050374.75046,0,2,-144
1754050374.78746,3,-2,-142
1754050374.8254602,4,1,-147
1754050374.86446,2,2,-139
1754050374.9074602,3,1,-132
1754050374.94546,4,5,-130
1754050374.98446,-1,-3,-128
1754050375.02046,-2,5,-128
1754050375.05846,-3,-2,-135
1754050375.09646,4,-3,-137
1754050375.13546,7,-5,-133
1754050375.1714602,5,-1,-128
1754050375.20946,0,0,-131
1754050375.24746,0,-3,-121
1754050375.2864602,1,0,-124
1754050375.32446,-2,0,-128
1754050375.36046,-8,0,-127
1754050375.39946,0,-4,-137
1754050375.43646,0,-3,-135
1754050375.47546,1,-6,-140
1754050375.51146,2,-1,-134
1754050375.5494602,1,-4,-137
1754050375.58746,0,-4,-134
1754050375.62646,-1,0,-132
1754050375.6644602,-2,0,-132
1754050375.7004602,-1,0,-129
1754050375.73846,1,1,-131
1754050375.77746,0,-8,-139
1754050375.8154602,-1,-1,-125
1754050375.85146,-6,-7,-125
1754050375.89046,0,-4,-136
1754050375.9274602,11,-4,-137
1754050375.96646,5,-6,-133
1754050376.00446,3,-3,-131
1754050376.04046,5,0,-128
1754050376.07846,1,3,-140
1754050376.11646,4,-2,-136
1754050376.15546,-1,-3,-134
1754050376.19146,-3,-8,-122
1754050376.22946,2,2,-138
1754050376.26746,7,-1,-133
1754050376.30646,1,2,-133
1754050376.34446,6,0,-128
1754050376.38046,-2,-1,-130
1754050376.41946,5,5,-131
1754050376.45646,12,5,-131
1754050376.49546,1,5,-123
1754050376.53146,3,3,-129
1754050376.5694602,0,1,-145
1754050376.60746,1,5,-140
1754050376.64646,5,3,-137
1754050376.68246,2,-1,-141
1754050376.7204602,-3,-5,-136
1754050376.75846,-3,-6,-137
1754050376.7964602,1,-3,-134
1754050376.8354602,-2,-4,-138
1754050376.8714602,-1,-4,-140
1754050376.91046,-1,-2,-129
1754050376.9474602,1,-5,-133
1754050376.9864602,0,-4,-126
1754050377.02346,0,0,-128
1754050377.06046,0,-5,-129
1754050377.0984602,1,-8,-130
1754050377.13646,-1,-6,-132
1754050377.17546,-1,-4,-137
1754050377.21146,-1,1,-132
1754050377.24946,-2,0,-129
1754050377.28746,2,-3,-138
1754050377.32646,0,-4,-127
1754050377.36246,0,0,-129
1754050377.40046,1,-1,-139
1754050377.43846,4,-2,-131
1754050377.47746,1,0,-134
1754050377.51546,4,-3,-138
1754050377.55146,4,-1,-143
1754050377.58946,2,-3,-136
1754050377.62746,1,-8,-134
1754050377.66646,0,-4,-125
1754050377.70246,-1,0,-126
1754050377.7404602,0,4,-135
1754050377.77846,3,-2,-143
1754050377.81746,8,3,-148
1754050377.8554602,0,0,-137
1754050377.8914602,-2,4,-143
1754050377.92946,-4,1,-133
1754050377.9674602,-4,0,-138
1754050378.0064602,0,-2,-127
1754050378.0424602,-2,-1,-132
1754050378.08146,-3,1,-140
1754050378.1184602,2,-7,-137
1754050378.1574602,-1,-11,-142
1754050378.19546,6,-6,-139
1754050378.23146,4,4,-144
1754050378.26846,3,-3,-139
1754050378.30746,0,0,-129
1754050378.3454602,-6,4,-128
1754050378.3814602,-5,-1,-124
1754050378.41946,-3,-8,-132
1754050378.4574602,-4,-6,-138
1754050378.4964602,6,0,-143
1754050378.5324602,0,-2,-144
1754050378.57146,-1,-6,-131
1754050378.60946,3,1,-143
1754050378.64746,-2,-5,-133
1754050378.68546,-4,-1,-138
1754050378.72246,-3,0,-131
1754050378.76046,2,-2,-139
1754050378.79846,-3,-3,-133
1754050378.83746,-4,4,-125
1754050378.87346,0,4,-132
1754050378.91046,3,-2,-131
1754050378.94846,8,1,-133
1754050378.98746,-7,1,-143
1754050379.02446,-2,-4,-128
1754050379.06146,-7,-2,-123
1754050379.09946,-3,-2,-122
1754050379.13746,-5,-4,-127
1754050379.17646,1,3,-123
1754050379.21246,1,-6,-133
1754050379.25046,1,-4,-131
1754050379.28846,3,-1,-138
1754050379.32746,-2,-3,-138
1754050379.36346,0,-5,-138
1754050379.4014602,0,-6,-142
1754050379.43946,0,-7,-139
1754050379.47746,3,-4,-128
1754050379.5164602,4,-4,-130
1754050379.5524602,-5,-5,-134
1754050379.59046,0,-2,-137
1754050379.6284602,-5,2,-130
1754050379.6674602,-7,-6,-126
1754050379.70346,3,-6,-133
1754050379.74246,1,1,-134
1754050379.7794602,2,-5,-129
1754050379.81846,-1,0,-133
1754050379.85646,1,-2,-129
1754050379.89246,8,-4,-128
1754050379.93046,5,0,-132
1754050379.96846,0,-4,-139
1754050380.00746,6,-4,-147
1754050380.04346,-2,-3,-134
1754050380.08146,1,2,-137
1754050380.11946,-2,1,-137
1754050380.15846,-3,-2,-127
1754050380.19646,2,-8,-124
1754050380.23246,-1,-11,-133
1754050380.27046,0,-3,-138
1754050380.30846,0,-4,-130
1754050380.34746,-1,-2,-119
1754050380.38346,2,-3,-124
1754050380.4214602,3,2,-129
1754050380.45946,0,0,-136
1754050380.49846,0,-4,-139
1754050380.5364602,1,9,-149
1754050380.5724602,5,5,-140
1754050380.60946,5,2,-141
1754050380.64846,4,-2,-126
1754050380.6844602,7,2,-138
1754050380.72146,-1,0,-138
1754050380.7594602,0,-2,-127
1754050380.79846,-3,0,-131
1754050380.83446,-3,0,-132
1754050380.87246,3,0,-130
1754050380.91046,4,2,-122
1754050380.94846,-1,2,-145
1754050380.98746,3,5,-139
1754050381.02346,1,6,-136
1754050381.06046,-1,2,-130
1754050381.0984602,3,0,-136
1754050381.13746,-1,0,-137
1754050381.17346,-3,5,-135
1754050381.21146,0,-2,-134
1754050381.25046,1,3,-146
1754050381.28846,0,2,-130
1754050381.32446,5,0,-128
1754050381.3614602,0,3,-117
1754050381.40046,-1,5,-134
1754050381.43846,-1,1,-126
1754050381.47446,-1,0,-134
1754050381.51246,0,-3,-132
1754050381.55046,-2,-4,-135
1754050381.58946,9,-8,-134
1754050381.62746,-2,-4,-139
1754050381.66346,6,-3,-124
1754050381.70146,2,1,-123
1754050381.73946,0,-1,-126
1754050381.77846,4,-9,-129
1754050381.81446,2,2,-129
1754050381.85146,0,4,-140
1754050381.88946,-2,-6,-137
1754050381.92846,1,0,-136
1754050381.96446,-1,-1,-140
1754050382.00246,2,-1,-138
1754050382.04046,7,-7,-137
1754050382.07946,3,1,-139
1754050382.11746,-4,-3,-127
1754050382.15346,-2,-4,-142
1754050382.19146,-3,-6,-119
1754050382.22946,-3,-5,-137
1754050382.26846,1,-4,-130
1754050382.30446,0,-1,-121
1754050382.3424602,-9,0,-135
1754050382.38046,-5,-1,-138
1754050382.41946,0,-5,-137
1754050382.4574602,3,-3,-138
1754050382.4934602,-3,0,-138
1754050382.53146,2,-6,-126
1754050382.5694602,6,0,-125
1754050382.6084602,3,-4,-131
1754050382.6444602,5,1,-134
1754050382.68146,0,-2,-135
1754050382.71946,-6,-4,-127
1754050382.75846,-1,-4,-147
1754050382.79446,0,1,-136
1754050382.83346,1,2,-132
1754050382.87046,-10,-2,-126
1754050382.90946,3,-1,-129
1754050382.94646,5,-3,-133
1754050382.9834602,7,-1,-130
1754050383.02146,8,3,-127
1754050383.0594602,0,-1,-125
1754050383.0984602,0,-5,-135
1754050383.1344602,3,-4,-132
1754050383.17246,1,-7,-132
1754050383.21146,5,-2,-138
1754050383.24946,1,-4,-135
1754050383.28546,1,-1,-124
1754050383.32346,11,1,-125
1754050383.3614602,-1,3,-129
1754050383.39946,0,0,-138
1754050383.43846,-1,-4,-135
1754050383.47446,6,-4,-132
1754050383.51246,3,-5,-139
1754050383.55046,8,-2,-134
1754050383.58946,9,-4,-136
1754050383.62546,5,-4,-128
1754050383.66346,-5,-4,-135
1754050383.70146,1,1,-132
1754050383.7404602,-1,0,-142
1754050383.77846,0,4,-133
1754050383.81446,-1,0,-130
1754050383.85346,0,3,-130
1754050383.89046,-4,6,-131
1754050383.92946,1,1,-131
1754050383.96546,0,-3,-136
1754050384.00246,0,-4,-138
1754050384.04046,-6,0,-154
1754050384.07946,-7,0,-143
1754050384.1154602,-6,-2,-140
1754050384.15346,-1,2,-131
1754050384.19146,-6,-3,-134
1754050384.2304602,8,1,-139
1754050384.26846,6,4,-129
1754050384.30446,1,-1,-124
1754050384.3424602,6,-10,-118
1754050384.38046,1,1,-132
1754050384.41946,1,3,-140
1754050384.45546,-1,1,-131
1754050384.4934602,1,-2,-135
1754050384.53146,5,0,-120
1754050384.57046,0,1,-122
1754050384.6084602,2,0,-125
1754050384.6444602,0,3,-120
1754050384.68246,1,-3,-119
1754050384.7204602,-2,4,-117
1754050384.7594602,2,2,-125
1754050384.79546,-5,-2,-129
1754050384.83346,2,1,-134
1754050384.8714602,3,-2,-132
1754050384.91546,3,3,-131
1754050384.95346,-3,-8,-127
1754050384.99146,4,0,-131
1754050385.03046,2,3,-145
1754050385.06646,9,-3,-153
1754050385.10446,5,2,-130
1754050385.14246,2,1,-134
1754050385.18046,-4,7,-126
1754050385.21946,2,0,-133
1754050385.25546,-2,2,-132
1754050385.29346,6,-3,-150
1754050385.3324602,0,1,-143
1754050385.37046,1,-3,-126
1754050385.40646,-8,2,-127
1754050385.44346,-1,-3,-126
1754050385.48246,1,-5,-137
1754050385.52046,0,-2,-146
1754050385.55646,3,-2,-143
1754050385.5954602,-2,-3,-141
1754050385.63246,-5,-1,-143
1754050385.6714602,0,-3,-142
1754050385.70946,5,-7,-142
1754050385.74546,0,-15,-130
1754050385.78346,-2,-7,-124
1754050385.82146,3,-1,-122
1754050385.86046,5,7,-128
1754050385.89646,0,1,-133
1754050385.93346,-3,1,-133
1754050385.97146,0,8,-145
1754050386.01046,5,-9,-132
1754050386.0464602,5,-5,-131
1754050386.08446,1,1,-114
1754050386.12246,-2,2,-119
1754050386.1614602,-1,3,-123
1754050386.19946,-6,5,-134
1754050386.23546,3,4,-137
1754050386.27346,-2,2,-129
1754050386.31146,0,-1,-135
1754050386.34946,-5,-3,-124
1754050386.38546,-1,0,-128
1754050386.42346,1,3,-135
1754050386.46146,-3,-11,-133
1754050386.50046,-8,-12,-137
1754050386.5364602,-2,-5,-138
1754050386.57446,2,-4,-134
1754050386.61246,3,-7,-132
1754050386.6514602,-1,-1,-142
1754050386.68946,3,0,-135
1754050386.72546,2,-3,-133
1754050386.7634602,-2,-5,-134
1754050386.8024602,0,5,-141
1754050386.84046,0,-1,-145
1754050386.87646,-4,-1,-137
1754050386.91546,-8,2,-143
1754050386.95246,2,-4,-146
1754050386.99146,-7,5,-133
1754050387.02746,-2,-2,-131
1754050387.0654602,-3,4,-139
1754050387.10346,-1,3,-129
1754050387.1414602,6,-3,-130
1754050387.18046,1,-3,-134
1754050387.21646,2,-3,-122
1754050387.25546,-2,-1,-130
1754050387.2924602,5,-3,-133
1754050387.33146,0,-3,-137
1754050387.36746,0,-8,-145
1754050387.4044602,4,-2,-131
1754050387.44246,-2,-4,-134
1754050387.48146,-3,3,-138
1754050387.51746,-1,-3,-142
1754050387.55546,-10,-1,-124
1754050387.59346,-1,0,-110
1754050387.63246,0,-6,-131
1754050387.67046,9,-7,-128
1754050387.70646,3,0,-137
1754050387.7434602,6,0,-137
1754050387.7824602,3,-4,-138
1754050387.82046,0,-2,-134
1754050387.85646,2,2,-138
1754050387.8944602,-2,-1,-128
1754050387.93246,0,-3,-134
1754050387.9704602,-5,0,-137
1754050388.0064602,-3,0,-126
1754050388.04446,-2,-1,-133
1754050388.0824602,1,-6,-135
1754050388.12046,0,0,-135
1754050388.15646,-2,4,-132
1754050388.1944602,2,1,-133
1754050388.23246,2,4,-136
1754050388.27146,0,3,-133
1754050388.30746,0,0,-136
1754050388.34446,-5,-4,-132
1754050388.38246,0,-4,-125
1754050388.4214602,2,-4,-127
1754050388.4574602,0,-11,-118
1754050388.49546,4,2,-133
1754050388.53346,-3,5,-132
1754050388.5724602,2,1,-132
1754050388.61046,3,-1,-153
1754050388.64646,0,1,-161
1754050388.68346,7,-6,-141
1754050388.72246,3,2,-135
1754050388.76046,-5,-2,-133
1754050388.7964602,0,0,-132
1754050388.83346,-6,2,-131
1754050388.87246,1,-6,-128
1754050388.90846,0,-7,-123
1754050388.9474602,0,-1,-139
1754050388.98546,-2,-3,-133
1754050389.02246,0,-3,-127
1754050389.06146,-3,-1,-129
1754050389.09746,-1,-1,-142
1754050389.13546,2,4,-139
1754050389.17346,1,0,-128
1754050389.21246,6,-9,-127
1754050389.24846,2,-5,-130
1754050389.2864602,2,-2,-130
1754050389.32446,1,-12,-146
1754050389.36246,2,-3,-142
1754050389.4014602,5,-3,-128
1754050389.4374602,5,-1,-122
1754050389.47546,0,-2,-132
1754050389.51446,0,1,-149
1754050389.5524602,-1,5,-132
1754050389.5884602,2,1,-127
1754050389.62546,8,-4,-137
1754050389.66346,11,0,-138
1754050389.70246,10,0,-130
1754050389.73846,4,-3,-127
1754050389.7764602,3,-8,-127
1754050389.81446,-5,-2,-129
1754050389.85346,2,-3,-127
1754050389.8914602,10,-4,-134
1754050389.9274602,10,1,-136
1754050389.96446,0,-4,-131
1754050390.0034602,2,0,-130
1754050390.04146,-2,-1,-131
1754050390.07746,-3,-7,-128
1754050390.1154602,1,-5,-136
1754050390.15346,2,-6,-137
1754050390.19246,-5,0,-137
1754050390.22846,0,-1,-121
1754050390.26746,-6,1,-134
1754050390.30446,-1,-2,-141
1754050390.34346,2,-6,-129
1754050390.3814602,6,-5,-139
1754050390.4174602,-2,-8,-138
1754050390.45546,2,-6,-130
1754050390.4934602,3,0,-134
1754050390.5324602,2,-3,-127
1754050390.56846,-1,0,-135
1754050390.60646,0,-1,-137
1754050390.6444602,6,0,-139
1754050390.68346,1,5,-135
1754050390.72146,-3,-1,-132
1754050390.75746,0,0,-133
1754050390.79546,-7,-2,-138
1754050390.83346,-3,-1,-131
1754050390.87246,2,1,-129
1754050390.90846,0,0,-133
1754050390.94546,2,-3,-130
1754050390.9834602,2,-10,-134
1754050391.02246,-4,-9,-138
1754050391.05846,0,-11,-135
1754050391.09646,-1,-3,-135
1754050391.1344602,0,-3,-128
1754050391.17346,2,3,-123
1754050391.20946,-4,3,-132
1754050391.24746,-2,-4,-135
1754050391.28546,4,8,-128
1754050391.32346,2,7,-140
1754050391.36246,7,-1,-137
1754050391.39846,4,-9,-137
1754050391.43646,0,-8,-136
1754050391.47446,6,1,-137
1754050391.5134602,2,-2,-137
1754050391.5494602,1,-5,-125
1754050391.58746,-3,-5,-131
1754050391.62646,-1,-1,-131
1754050391.66346,2,-3,-128
1754050391.70246,4,0,-128
1754050391.73846,-1,3,-125
1754050391.7764602,3,4,-124
1754050391.81446,-1,-2,-126
1754050391.85346,-5,-2,-134
1754050391.88946,-2,-3,-124
1754050391.9274602,2,9,-123
1754050391.96546,6,-1,-127
1754050392.00446,7,5,-136
1754050392.0424602,7,3,-144
1754050392.07846,3,3,-133
1754050392.1154602,5,3,-129
1754050392.1544602,0,-4,-128
1754050392.19246,5,-5,-139
1754050392.22846,6,0,-138
1754050392.26546,0,0,-136
1754050392.30446,1,3,-124
1754050392.3424602,7,-4,-134
1754050392.3784602,0,1,-136
1754050392.41546,-3,-2,-130
1754050392.45446,-5,1,-126
1754050392.49246,0,4,-127
1754050392.52846,0,-1,-136
1754050392.56646,6,1,-131
1754050392.60446,3,-3,-132
1754050392.64346,1,-2,-138
1754050392.67946,2,0,-131
1754050392.71646,2,-4,-138
1754050392.75446,-5,1,-140
1754050392.79346,1,-8,-137
1754050392.82946,1,-3,-130
1754050392.86746,9,1,-126
1754050392.90546,1,1,-131
1754050392.9444602,-2,-4,-126
1754050392.9804602,-3,-4,-121
1754050393.01846,-5,-8,-130
1754050393.05646,-7,-7,-133
1754050393.09446,-3,-6,-128
1754050393.13346,-10,-2,-146
1754050393.16946,-3,-3,-146
1754050393.2074602,0,-3,-131
1754050393.2464602,0,-5,-128
1754050393.28446,7,2,-122
1754050393.32046,3,6,-126
1754050393.35746,-5,-6,-127
1754050393.39646,-2,-5,-130
1754050393.4344602,-1,1,-134
1754050393.4704602,2,-5,-130
1754050393.5094602,0,-6,-135
1754050393.5464602,0,-4,-137
1754050393.58446,3,-1,-129
1754050393.62046,0,-2,-124
1754050393.6574602,0,-4,-133
1754050393.69546,0,-7,-133
1754050393.73446,4,-4,-136
1754050393.77046,0,-8,-127
1754050393.80746,-2,4,-135
1754050393.8454602,4,-3,-124
1754050393.8844602,1,-5,-130
1754050393.92046,0,-4,-142
1754050393.9574602,1,2,-127
1754050393.99546,2,6,-121
1754050394.03446,1,-2,-128
1754050394.07046,5,4,-129
1754050394.10946,2,0,-133
1754050394.14646,4,-9,-136
1754050394.18546,5,-2,-133
1754050394.2234602,6,-2,-139
1754050394.2594602,5,0,-136
1754050394.2964602,2,4,-132
1754050394.3354602,6,1,-135
1754050394.37346,10,4,-133
1754050394.40946,3,0,-139
1754050394.44646,-3,-4,-136
1754050394.48546,-12,-7,-143
1754050394.52346,-5,-1,-134
1754050394.5594602,6,-1,-140
1754050394.59746,-1,8,-129
1754050394.63546,5,-1,-136
1754050394.6744602,9,-4,-122
1754050394.7104602,5,-4,-128
1754050394.74846,0,-2,-129
1754050394.7864602,6,-2,-127
1754050394.8254602,6,-2,-135
1754050394.86346,7,0,-133
1754050394.89946,2,2,-128
1754050394.94546,2,1,-136
1754050394.98146,3,-1,-134
1754050395.02046,3,-4,-132
1754050395.05746,3,-2,-139
1754050395.09646,-1,-5,-137
1754050395.1344602,2,0,-138
1754050395.17046,2,-2,-141
1754050395.20946,3,-4,-138
1754050395.2464602,2,-4,-143
1754050395.28546,0,-2,-139
1754050395.32146,-8,-5,-142
1754050395.35946,-3,1,-141
1754050395.39746,3,4,-138
1754050395.43546,6,0,-145
1754050395.47446,5,-2,-137
1754050395.51046,0,0,-132
1754050395.54746,-2,5,-136
1754050395.5854602,-3,0,-139
1754050395.62446,4,-2,-129
1754050395.66046,0,-1,-127
1754050395.6974602,0,0,-127
1754050395.73546,1,0,-138
1754050395.77446,5,0,-133
1754050395.81046,2,3,-123
1754050395.84746,-6,0,-134
1754050395.88646,0,-1,-132
1754050395.9244602,5,-3,-118
1754050395.9604602,1,-3,-125
1754050395.99846,5,0,-129
1754050396.0364602,0,5,-123
1754050396.0754602,-2,6,-142
1754050396.11446,8,-5,-131
1754050396.15046,2,0,-136
1754050396.1874602,6,0,-127
1754050396.22646,4,-2,-137
1754050396.26446,1,4,-135
1754050396.30046,-3,-4,-134
1754050396.3384602,0,2,-137
1754050396.37646,2,0,-134
1754050396.41546,9,-2,-130
1754050396.45146,2,-4,-132
1754050396.48946,0,0,-135
1754050396.52746,8,5,-137
1754050396.56646,6,0,-145
1754050396.60446,4,1,-139
1754050396.64046,3,-4,-133
1754050396.67846,-6,-3,-140
1754050396.71646,4,-8,-129
1754050396.75546,9,-6,-135
1754050396.79146,0,0,-139
1754050396.82846,-4,-1,-143
1754050396.86646,1,1,-140
1754050396.90546,1,-5,-141
1754050396.94146,0,-4,-133
1754050396.97846,8,-6,-150
1754050397.0164602,0,3,-140
1754050397.05546,2,-3,-125
1754050397.09146,0,-5,-134
1754050397.1284602,0,-5,-128
1754050397.16646,-8,0,-134
1754050397.20546,-3,0,-129
1754050397.24146,-1,-2,-125
1754050397.2794602,-2,-7,-132
1754050397.31746,1,-1,-129
1754050397.35646,6,5,-124
1754050397.39246,1,1,-130
1754050397.42946,0,-1,-129
1754050397.4674602,2,-1,-132
1754050397.5064602,-2,0,-140
1754050397.5424602,-2,6,-143
1754050397.58046,-8,8,-132
1754050397.6184602,-4,8,-138
1754050397.65646,-5,2,-133
1754050397.69546,-3,0,-136
1754050397.73146,-2,1,-134
1754050397.7694602,3,4,-131
1754050397.80746,-3,7,-131
1754050397.84646,2,2,-138
1754050397.88246,9,-3,-137
1754050397.9214602,4,-7,-135
1754050397.95846,0,-3,-141
1754050397.99746,1,2,-139
1754050398.03546,1,-1,-128
1754050398.07146,0,-2,-130
1754050398.10946,-3,-6,-128
1754050398.14746,0,0,-130
1754050398.18646,6,0,-127
1754050398.22246,2,-6,-138
1754050398.26046,7,4,-121
1754050398.29846,2,0,-126
1754050398.33746,3,4,-139
1754050398.37546,0,-3,-139
1754050398.4114602,5,0,-126
1754050398.44846,2,-4,-120
1754050398.48746,3,2,-115
1754050398.52546,5,-2,-123
1754050398.56146,0,-1,-130
1754050398.59946,-3,-1,-130
1754050398.63746,2,-9,-133
1754050398.67646,6,-8,-135
1754050398.71246,0,-1,-131
1754050398.75146,0,4,-132
1754050398.78846,0,0,-132
1754050398.82746,4,6,-135
1754050398.8654602,6,0,-132
1754050398.9014602,5,4,-129
1754050398.93846,0,-2,-131
1754050398.97746,2,-4,-143
1754050399.0134602,3,-6,-129
1754050399.05146,3,0,-123
1754050399.08946,6,-7,-126
1754050399.12746,3,-3,-135
1754050399.16646,5,0,-134
1754050399.20246,5,-6,-143
1754050399.2404602,0,-4,-134
1754050399.27846,-8,-5,-136
1754050399.31746,-5,-5,-131
1754050399.35346,0,0,-135
1754050399.39046,2,-5,-131
1754050399.42846,-6,-1,-136
1754050399.4674602,-5,0,-134
1754050399.5034602,-4,4,-140
1754050399.54146,3,-1,-143
1754050399.57946,3,0,-121
1754050399.61746,0,-3,-130
1754050399.65646,-1,-6,-134
1754050399.69246,-1,-11,-135
1754050399.7304602,1,-2,-130
1754050399.76846,1,-1,-140
1754050399.80746,11,1,-137
1754050399.84346,0,-8,-143
1754050399.8814602,0,-5,-126
1754050399.91946,3,-10,-132
1754050399.95846,1,-1,-140
1754050399.9964602,2,-4,-138
1754050400.0324602,-1,0,-136
1754050400.07046,-5,-4,-120
1754050400.10946,-3,-4,-137
1754050400.14746,-1,-3,-142
1754050400.18346,-2,-6,-143
1754050400.22146,-1,0,-139
1754050400.2594602,3,-4,-133
1754050400.29846,1,-6,-138
1754050400.33646,2,-6,-138
1754050400.37246,1,-1,-138
1754050400.41046,-6,0,-135
1754050400.44846,-2,5,-134
1754050400.48746,5,-3,-127
1754050400.52346,-3,-2,-133
1754050400.56146,0,-2,-130
1754050400.59946,0,3,-131
1754050400.6384602,-4,3,-133
1754050400.67646,0,-6,-143
1754050400.71246,1,1,-140
1754050400.74946,-10,2,-127
1754050400.78846,1,-4,-132
1754050400.82646,4,-6,-128
1754050400.86246,8,-9,-135
1754050400.90046,0,-5,-137
1754050400.93946,-3,-4,-124
1754050400.97746,3,2,-130
1754050401.0134602,4,0,-137
1754050401.0524602,-1,0,-142
1754050401.08946,3,-5,-133
1754050401.1284602,4,1,-141
1754050401.1644602,-3,5,-140
1754050401.20246,1,2,-138
1754050401.2404602,-2,-1,-138
1754050401.27846,-10,-4,-136
1754050401.31746,-2,-2,-133
1754050401.35346,-6,-4,-132
1754050401.3914602,-3,-7,-134
1754050401.42946,6,-3,-126
1754050401.46846,0,1,-129
1754050401.50446,0,-3,-135
1754050401.5424602,2,-9,-142
1754050401.58046,-3,-1,-132
1754050401.61946,-5,-5,-129
1754050401.6574602,5,-7,-132
1754050401.69346,-2,-4,-137
1754050401.73246,0,-5,-127
1754050401.7694602,-5,-5,-124
1754050401.80846,-2,-8,-131
1754050401.8454602,-3,-6,-131
1754050401.88246,-3,-7,-140
1754050401.92046,-4,-8,-132
1754050401.95946,3,3,-137
1754050401.99746,-4,2,-119
1754050402.03346,-1,2,-130
1754050402.07146,-1,-1,-121
1754050402.10946,-2,5,-138
1754050402.14846,-3,-4,-126
1754050402.1844602,-6,-3,-132
1754050402.22246,0,4,-127
1754050402.26046,0,7,-122
1754050402.2994602,-1,2,-135
1754050402.33746,-3,-5,-129
1754050402.37346,-7,-3,-141
1754050402.41246,-2,1,-132
1754050402.44946,8,-2,-128
1754050402.48846,-5,2,-130
1754050402.52446,-8,-1,-136
1754050402.5624602,1,-2,-138
1754050402.60046,7,-3,-130
1754050402.63946,7,-6,-135
1754050402.6774602,-6,4,-128
1754050402.7134602,-1,-2,-143
1754050402.75146,3,-4,-142
1754050402.79046,5,-2,-140
1754050402.82846,0,-2,-127
1754050402.86446,6,-6,-139
1754050402.90346,-1,-4,-138
1754050402.9404602,-1,-6,-135
1754050402.97946,-6,0,-144
1754050403.01746,-4,-6,-144
1754050403.05346,-11,-1,-136
1754050403.09146,-3,-7,-147
1754050403.12946,-7,1,-131
1754050403.16846,0,-2,-131
1754050403.20446,-3,4,-133
1754050403.24246,2,1,-127
1754050403.28146,6,1,-133
1754050403.3194602,3,-1,-132
1754050403.35646,3,3,-129
1754050403.39346,5,0,-121
1754050403.43146,-1,-6,-129
1754050403.4704602,-4,2,-141
1754050403.50846,-2,3,-135
1754050403.54446,0,1,-145
1754050403.58146,-4,-9,-134
1754050403.61946,-4,0,-127
1754050403.65846,-2,-1,-138
1754050403.6944602,2,6,-138
1754050403.73146,4,0,-135
1754050403.7694602,-1,0,-135
1754050403.80846,-9,1,-139
1754050403.84446,-3,0,-135
1754050403.88346,0,0,-135
1754050403.92046,0,0,-126
1754050403.95946,-5,-7,-130
1754050403.9964602,-1,-5,-126
1754050404.03346,1,-4,-127
1754050404.07146,-4,3,-125
1754050404.11046,0,2,-131
1754050404.14846,-8,2,-141
1754050404.1844602,0,0,-139
1754050404.22246,2,2,-137
1754050404.26046,-1,-5,-139
1754050404.2994602,-3,4,-138
1754050404.3354602,-2,5,-138
1754050404.37346,-4,-4,-146
1754050404.4114602,2,0,-141
1754050404.4504602,2,0,-143
1754050404.48846,0,0,-125
1754050404.52446,1,0,-129
1754050404.56146,0,0,-135
1754050404.60046,0,2,-137
1754050404.6384602,-1,0,-140
1754050404.6744602,-4,-1,-134
1754050404.7134602,-4,-1,-130
1754050404.75046,0,-7,-135
1754050404.7894602,1,-1,-127
1754050404.8254602,1,0,-123
1754050404.86346,2,3,-134
1754050404.90046,-1,1,-131
1754050404.93946,-6,-1,-130
1754050404.9834602,0,-8,-130
1754050405.02146,-5,-5,-138
1754050405.06046,-7,-4,-128
1754050405.09646,0,-4,-132
1754050405.13346,-4,-1,-138
1754050405.1714602,1,5,-135
1754050405.2104602,-8,3,-139
1754050405.2464602,-1,8,-139
1754050405.28446,4,-1,-134
1754050405.3224602,-7,0,-136
1754050405.3614602,-6,-1,-133
1754050405.39946,-6,0,-131
1754050405.43546,-4,3,-127
1754050405.4734602,-2,0,-132
1754050405.51146,0,-1,-130
1754050405.55046,-3,-1,-133
1754050405.58646,-5,0,-128
1754050405.62446,-2,0,-130
1754050405.66346,2,2,-135
1754050405.7004602,0,3,-138
1754050405.7404602,-2,-2,-129
1754050405.7764602,0,2,-129
1754050405.81346,6,-5,-134
1754050405.85146,6,-3,-140
1754050405.89046,3,2,-131
1754050405.92646,-1,0,-137
1754050405.9634602,0,5,-126
1754050406.00146,0,2,-131
1754050406.04046,1,0,-139
1754050406.07646,2,-4,-141
1754050406.11446,1,1,-134
1754050406.15246,-6,1,-135
1754050406.19146,1,2,-130
1754050406.22946,4,7,-126
1754050406.26546,0,2,-138
1754050406.30346,-1,-1,-139
1754050406.34146,-7,-5,-142
1754050406.37946,-9,0,-123
1754050406.41546,4,0,-131
1754050406.45346,3,-5,-130
1754050406.49146,0,-6,-135
1754050406.53046,9,-1,-128
1754050406.56646,3,0,-126
1754050406.60346,-6,-1,-127
1754050406.6414602,-7,-4,-124
1754050406.68046,-2,-4,-130
1754050406.71646,3,0,-128
1754050406.7534602,2,-7,-133
1754050406.79146,2,0,-126
1754050406.83046,2,-3,-129
1754050406.86646,1,-1,-138
1754050406.90546,0,-3,-136
1754050406.94246,1,5,-120
1754050406.98146,0,2,-127
1754050407.0194602,6,0,-136
1754050407.05546,0,0,-140
1754050407.0924602,0,0,-146
1754050407.1314602,5,-3,-143
1754050407.1674602,1,-5,-145
1754050407.20546,-2,-1,-134
1754050407.2434602,0,-4,-133
1754050407.2824602,-3,3,-132
1754050407.32046,-6,-2,-138
1754050407.35646,-6,4,-149
1754050407.3944602,-2,-7,-138
1754050407.43246,-4,-4,-130
1754050407.47146,0,0,-139
1754050407.50746,1,2,-137
1754050407.54446,-1,1,-126
1754050407.5824602,-2,2,-124
1754050407.6214602,0,1,-139
1754050407.6574602,4,1,-123
1754050407.6944602,5,8,-123
1754050407.73246,-5,4,-134
1754050407.77146,0,-1,-137
1754050407.80746,1,-5,-132
1754050407.84646,3,-4,-119
1754050407.88346,-5,1,-137
1754050407.92246,-1,-4,-146
1754050407.9604602,3,-2,-134
1754050407.9964602,4,7,-131
1754050408.03346,3,-1,-131
1754050408.0724602,8,-1,-134
1754050408.11046,5,-3,-143
1754050408.14646,3,-2,-145
1754050408.1844602,3,-5,-138
1754050408.22246,11,-9,-134
1754050408.26146,10,0,-122
1754050408.29746,7,4,-123
1754050408.3354602,2,2,-127
1754050408.37346,1,8,-128
1754050408.41246,-3,6,-128
1754050408.4504602,-1,5,-129
1754050408.4864602,0,-4,-125
1754050408.52446,0,4,-130
1754050408.5624602,0,0,-129
1754050408.60146,3,1,-141
1754050408.63746,4,-11,-139
1754050408.67546,4,-7,-146
1754050408.7134602,4,6,-138
1754050408.75246,3,6,-128
1754050408.79046,1,1,-143
1754050408.82646,-2,2,-136
1754050408.86446,-5,-2,-143
1754050408.90246,2,-4,-135
1754050408.94146,4,-8,-120
1754050408.97746,9,-2,-121
1754050409.01546,5,0,-136
1754050409.05346,1,0,-128
1754050409.0924602,1,-2,-131
1754050409.1284602,0,0,-138
1754050409.16546,-4,0,-137
1754050409.20346,-2,-3,-133
1754050409.24246,-1,-4,-140
1754050409.27846,1,0,-129
1754050409.3154602,-1,0,-125
1754050409.35346,-2,0,-132
1754050409.39246,-3,0,-134
1754050409.42846,-1,-3,-135
1754050409.46646,0,4,-133
1754050409.50446,1,4,-124
1754050409.5424602,3,1,-128
1754050409.58146,-7,-1,-133
1754050409.61746,-5,0,-136
1754050409.6544602,-3,0,-136
1754050409.69246,0,-4,-127
1754050409.73146,8,-8,-126
1754050409.76746,6,0,-133
1754050409.80446,-1,-7,-130
1754050409.8424602,0,-5,-129
1754050409.8814602,-3,-4,-129
1754050409.9174602,0,-8,-141
1754050409.95646,4,-4,-135
1754050409.9934602,0,-2,-139
1754050410.0324602,10,0,-129
1754050410.06846,0,3,-125
1754050410.1054602,-4,-2,-125
1754050410.14346,-1,3,-132
1754050410.18246,-1,-1,-131
1754050410.21846,-4,-6,-131
1754050410.2564602,-2,-4,-135
1754050410.29446,-4,-4,-134
1754050410.33346,0,-2,-127
1754050410.3714602,1,-2,-141
1754050410.4074602,1,2,-142
1754050410.4444602,3,1,-144
1754050410.4834602,3,-1,-137
1754050410.52146,-6,-3,-123
1754050410.55746,-10,1,-131
1754050410.5954602,-12,-4,-115
1754050410.63346,0,2,-125
1754050410.67246,3,2,-137
1754050410.70846,0,3,-132
1754050410.74546,-5,0,-136
1754050410.78346,0,-5,-133
1754050410.8224602,-3,0,-132
1754050410.8584602,-5,-2,-130
1754050410.89646,0,0,-139
1754050410.9344602,0,1,-138
1754050410.9734602,0,-9,-135
1754050411.01146,-2,1,-126
1754050411.04746,-5,6,-130
1754050411.0854602,1,3,-135
1754050411.12346,3,4,-129
1754050411.16246,4,-1,-137
1754050411.19846,0,-7,-135
1754050411.2364602,-12,-3,-136
1754050411.27446,-7,-6,-133
1754050411.31346,-2,-1,-143
1754050411.34946,2,0,-133
1754050411.38646,-2,1,-129
1754050411.4244602,-1,0,-139
1754050411.4634602,-3,4,-129
1754050411.49946,-3,-4,-123
1754050411.53746,-2,-1,-135
1754050411.57646,7,-6,-126
1754050411.6154602,-1,-5,-136
1754050411.65346,-6,-3,-140
1754050411.68946,-4,13,-132
1754050411.72746,1,6,-122
1754050411.76546,2,8,-125
1754050411.80346,0,-1,-134
1754050411.8424602,3,5,-131
1754050411.8784602,0,-1,-150
1754050411.91646,0,3,-136
1754050411.95546,3,-4,-136
1754050411.9934602,-2,6,-134
1754050412.0294602,0,2,-132
1754050412.06746,0,-6,-129
1754050412.10646,11,1,-130
1754050412.1444602,-1,-2,-143
1754050412.18246,4,-3,-140
1754050412.21846,8,-3,-134
1754050412.2564602,9,0,-129
1754050412.29446,-1,-2,-130
1754050412.33346,0,-1,-130
1754050412.36946,-2,-6,-119
1754050412.4074602,3,-5,-126
1754050412.44546,-3,-3,-124
1754050412.48446,2,-4,-141
1754050412.52246,3,2,-129
1754050412.55846,3,2,-135
1754050412.59646,-3,-4,-131
1754050412.6344602,5,-3,-137
1754050412.67346,0,-1,-124
1754050412.70946,3,-6,-125
1754050412.74746,1,-7,-127
1754050412.78546,1,-2,-125
1754050412.82446,0,0,-131
1754050412.86246,3,2,-133
1754050412.89846,8,2,-126
1754050412.93646,4,-2,-133
1754050412.97446,-2,-1,-132
1754050413.0134602,2,-4,-135
1754050413.0494602,-1,-6,-143
1754050413.08746,1,0,-123
1754050413.12546,1,0,-125
1754050413.1644602,0,-5,-130
1754050413.20246,-1,-1,-139
1754050413.23846,-5,-1,-131
1754050413.2764602,0,-3,-134
1754050413.3154602,0,-1,-123
1754050413.35346,4,-3,-126
1754050413.38946,2,-8,-138
1754050413.4274602,6,-1,-134
1754050413.46546,2,-4,-135
1754050413.50446,-1,-2,-131
1754050413.54046,0,0,-132
1754050413.57846,6,4,-135
1754050413.61646,4,3,-137
1754050413.65546,-2,0,-139
1754050413.69346,-1,0,-131
1754050413.72946,5,0,-121
1754050413.76746,4,-4,-120
1754050413.80546,-9,-5,-124
1754050413.84446,-3,-2,-128
1754050413.88046,0,-6,-141
1754050413.91946,4,-7,-146
1754050413.95646,0,-8,-136
1754050413.99446,5,-2,-145
1754050414.03346,1,1,-137
1754050414.0694602,3,3,-134
1754050414.10646,0,-4,-142
1754050414.14546,0,0,-129
1754050414.18346,2,2,-122
1754050414.21946,5,0,-117
1754050414.2564602,6,-5,-132
1754050414.29546,0,-4,-133
1754050414.33346,-2,-5,-131
1754050414.36946,4,-1,-138
1754050414.4074602,3,7,-145
1754050414.44546,4,3,-140
1754050414.48446,1,-2,-141
1754050414.52046,5,0,-143
1754050414.55746,-3,1,-136
1754050414.5954602,9,0,-138
1754050414.6344602,5,0,-132
1754050414.67046,4,-7,-128
1754050414.70846,4,-1,-137
1754050414.74746,1,-6,-129
1754050414.78546,7,0,-134
1754050414.82346,-2,-3,-143
1754050414.85946,-6,-5,-140
1754050414.89746,-1,-1,-132
1754050414.93546,8,0,-126
1754050414.97446,0,-2,-134
1754050415.01746,3,2,-126
1754050415.05646,3,3,-141
1754050415.09446,1,-1,-141
1754050415.13046,0,-6,-148
1754050415.1674602,-2,0,-144
1754050415.20646,-1,1,-126
1754050415.24446,2,0,-143
1754050415.28046,4,3,-132
1754050415.31746,7,-2,-137
1754050415.35646,8,4,-127
1754050415.3944602,10,2,-125
1754050415.43046,10,-2,-131
1754050415.46946,0,1,-133
1754050415.5064602,5,-5,-137
1754050415.54546,6,0,-126
1754050415.58146,1,-1,-138
1754050415.61946,0,0,-127
1754050415.6574602,-1,-3,-135
1754050415.69546,4,-5,-123
1754050415.73446,1,1,-130
1754050415.77146,8,2,-134
1754050415.80846,4,-3,-131
1754050415.84646,0,5,-133
1754050415.88546,2,4,-140
1754050415.9214602,3,0,-139
1754050415.95846,4,-3,-122
1754050415.9964602,0,-1,-132
1754050416.03546,-5,1,-131
1754050416.07146,-4,2,-129
1754050416.10946,-1,2,-130
1754050416.14846,-5,1,-140
1754050416.18646,-3,1,-147
1754050416.22446,-4,-3,-134
1754050416.26046,-1,-3,-133
1754050416.29846,3,1,-136
1754050416.33646,0,-2,-131
1754050416.37546,-2,1,-130
1754050416.4114602,-1,2,-128
1754050416.44946,5,0,-147
1754050416.48746,6,-3,-126
1754050416.5264602,-3,-9,-129
1754050416.56446,-1,0,-134
1754050416.60046,0,-3,-130
1754050416.63946,8,0,-127
1754050416.67646,4,-2,-126
1754050416.71546,-2,-5,-122
1754050416.75146,-4,-7,-130
1754050416.7894602,-7,3,-131
1754050416.82746,0,1,-118
1754050416.86646,2,-2,-131
1754050416.9044602,6,-1,-140
1754050416.9404602,1,3,-138
1754050416.97746,-5,-4,-132
1754050417.0164602,0,-6,-140
1754050417.05446,3,-4,-144
1754050417.09046,3,-3,-143
1754050417.1284602,4,0,-145
1754050417.16646,5,-6,-134
1754050417.20546,0,-3,-137
1754050417.24146,-1,0,-141
1754050417.2794602,1,-2,-142
1754050417.31846,-4,-9,-138
1754050417.35646,-3,-1,-129
1754050417.39246,-4,-1,-126
1754050417.43146,0,-3,-142
1754050417.46846,3,0,-146
1754050417.5064602,11,-4,-133
1754050417.54546,10,0,-131
1754050417.58146,6,-3,-134
1754050417.61946,0,1,-126
1754050417.6574602,-7,-1,-128
1754050417.69646,4,3,-138
1754050417.73246,12,1,-135
1754050417.77046,1,1,-136
1754050417.80846,0,0,-135
1754050417.84746,-1,0,-128
1754050417.88546,0,-4,-139
1754050417.9214602,1,-2,-132
1754050417.95946,5,1,-136
1754050417.99746,3,0,-123
1754050418.0364602,7,-2,-138
1754050418.0724602,3,0,-141
1754050418.10946,3,-1,-127
1754050418.14746,0,-1,-123
1754050418.18646,-8,5,-120
1754050418.22246,1,0,-131
1754050418.2594602,-2,-1,-135
1754050418.29746,3,0,-127
1754050418.33646,1,2,-134
1754050418.37246,1,0,-144
1754050418.40946,-2,0,-142
1754050418.4474602,-1,-4,-143
1754050418.4864602,7,-4,-132
1754050418.52246,4,0,-132
1754050418.5594602,4,3,-133
1754050418.59746,-5,0,-128
1754050418.63646,0,-2,-133
1754050418.67246,5,0,-135
1754050418.70946,2,-4,-132
1754050418.74746,0,-5,-139
1754050418.7864602,5,-4,-139
1754050418.8224602,2,-2,-136
1754050418.86046,2,0,-140
1754050418.89846,4,1,-131
1754050418.9374602,4,1,-131
1754050418.97546,1,2,-134
1754050419.01146,4,-2,-144
1754050419.0494602,2,4,-140
1754050419.08746,0,-4,-128
1754050419.12646,4,-1,-121
1754050419.16246,2,2,-125
1754050419.2004602,0,-1,-119
1754050419.23846,-3,-2,-123
1754050419.27746,-1,2,-127
1754050419.3154602,-2,0,-122
1754050419.35146,1,3,-135
1754050419.3884602,3,2,-125
1754050419.4274602,5,-2,-132
1754050419.4634602,12,-5,-136
1754050419.50146,3,0,-132
1754050419.5394602,0,2,-128
1754050419.57746,1,-3,-125
1754050419.61646,5,-4,-141
1754050419.65246,0,-4,-139
1754050419.69146,0,-3,-132
1754050419.72846,5,-4,-125
1754050419.76746,6,-5,-133
1754050419.80346,6,0,-134
1754050419.84046,7,-4,-143
1754050419.8784602,6,-6,-136
1754050419.9174602,10,-2,-131
1754050419.95346,6,-3,-138
1754050419.99146,-8,-2,-137
1754050420.0294602,-4,1,-135
1754050420.06746,0,1,-131
1754050420.10646,8,-3,-129
1754050420.14246,7,-2,-141
1754050420.18046,9,0,-141
1754050420.21846,-3,6,-135
1754050420.25746,1,3,-120
1754050420.29346,8,0,-118
1754050420.33146,0,-1,-124
1754050420.37046,0,0,-123
1754050420.40846,4,-1,-123
1754050420.44646,6,-3,-128
1754050420.48246,0,-6,-131
1754050420.52046,2,-8,-121
1754050420.55846,-1,-2,-128
1754050420.59746,1,4,-141
1754050420.63346,4,0,-145
1754050420.67046,2,2,-134
1754050420.70846,-1,-4,-123
1754050420.74746,3,2,-131
1754050420.78346,0,-5,-128
1754050420.82046,3,-2,-130
1754050420.8584602,4,0,-131
1754050420.89746,2,0,-130
1754050420.93346,4,0,-139
1754050420.9704602,-2,1,-133
1754050421.00846,0,0,-138
1754050421.04746,5,-1,-139
1754050421.08346,2,0,-138
1754050421.12046,0,-2,-142
1754050421.15846,1,0,-129
1754050421.1974602,2,-4,-138
1754050421.2334602,8,-3,-136
1754050421.27146,-6,-2,-143
1754050421.3094602,-2,-3,-123
1754050421.3484602,0,-3,-130
1754050421.3844602,-4,-1,-125
1754050421.42246,-5,0,-138
1754050421.4604602,-6,-3,-125
1754050421.49846,-7,1,-125
1754050421.53746,-10,-1,-123
1754050421.57346,5,-2,-131
1754050421.61246,4,-6,-137
1754050421.64946,-1,-3,-133
1754050421.68846,-1,-4,-126
1754050421.72446,0,-1,-125
1754050421.76246,-1,-1,-133
1754050421.80046,3,-6,-126
1754050421.8384602,1,-1,-123
1754050421.87746,0,4,-135
1754050421.91346,2,4,-135
1754050421.9504602,5,0,-139
1754050421.98846,7,0,-135
1754050422.02746,9,2,-133
1754050422.06346,3,7,-137
1754050422.10146,1,2,-137
1754050422.13946,-1,-4,-133
1754050422.17846,1,-4,-133
1754050422.21446,1,-2,-131
1754050422.2534602,5,-1,-122
1754050422.29046,0,-7,-127
1754050422.32946,0,-1,-128
1754050422.36746,-4,6,-135
1754050422.40346,0,0,-121
1754050422.4404602,-3,-1,-116
1754050422.47946,-2,7,-133
1754050422.51746,-8,-1,-131
1754050422.55346,-5,0,-127
1754050422.59146,-7,3,-123
1754050422.62946,2,-5,-126
1754050422.66846,-3,-1,-130
1754050422.70446,2,1,-132
1754050422.74146,9,2,-121
1754050422.7794602,0,0,-125
1754050422.81846,0,4,-129
1754050422.85446,2,-2,-137
1754050422.89246,8,5,-131
1754050422.93046,3,0,-133
1754050422.96946,0,1,-136
1754050423.00746,5,4,-129
1754050423.04346,1,0,-133
1754050423.08146,-7,-1,-129
1754050423.11946,0,-1,-132
1754050423.15846,0,0,-138
1754050423.1944602,-2,-6,-141
1754050423.23246,2,2,-137
1754050423.27046,5,2,-131
1754050423.3094602,-1,4,-136
1754050423.34746,-5,0,-120
1754050423.38346,-5,-1,-135
1754050423.4214602,-1,-1,-137
1754050423.45946,3,0,-135
1754050423.49846,5,1,-135
1754050423.53446,0,-2,-144
1754050423.5724602,6,-1,-132
1754050423.6114602,-2,7,-137
1754050423.64946,-7,4,-137
1754050423.68546,0,0,-140
1754050423.72246,-6,0,-132
1754050423.76146,0,0,-123
1754050423.7994602,-7,1,-131
1754050423.8354602,0,-1,-122
1754050423.87346,0,-2,-124
1754050423.9114602,1,-8,-114
1754050423.94946,-4,-4,-125
1754050423.98846,-1,-2,-130
1754050424.02446,0,2,-134
1754050424.06146,5,2,-121
1754050424.09946,3,-1,-123
1754050424.1384602,4,5,-135
1754050424.1744602,10,7,-133
1754050424.21146,2,-3,-140
1754050424.25046,4,0,-135
1754050424.28846,2,5,-129
1754050424.32446,5,-1,-131
1754050424.36246,6,1,-120
1754050424.40046,1,6,-126
1754050424.43946,9,0,-130
1754050424.47546,6,-3,-124
1754050424.51446,1,-1,-131
1754050424.55146,6,-3,-125
1754050424.59046,3,-3,-136
1754050424.6284602,3,-3,-139
1754050424.6644602,1,-1,-138
1754050424.70246,7,-3,-150
1754050424.7404602,5,6,-139
1754050424.7794602,0,3,-127
1754050424.8154602,3,0,-128
1754050424.85246,2,2,-133
1754050424.89046,-6,7,-123
1754050424.92946,0,1,-122
1754050424.96546,5,1,-126
1754050425.00246,-6,0,-127
1754050425.04846,-1,2,-127
1754050425.08446,1,2,-131
1754050425.1214602,-2,1,-128
1754050425.16046,-1,2,-123
1754050425.19846,2,4,-129
1754050425.23446,3,2,-126
1754050425.27246,4,4,-128
1754050425.31046,1,2,-137
1754050425.34946,-4,4,-126
1754050425.38546,1,-4,-131
1754050425.42346,1,-4,-138
1754050425.46146,6,0,-145
1754050425.50046,3,-5,-127
1754050425.5364602,10,-3,-125
1754050425.57446,1,-6,-132
1754050425.61246,3,-2,-134
1754050425.65046,-3,-5,-125
1754050425.68946,-2,-5,-126
1754050425.72546,-4,-2,-130
1754050425.76446,5,-1,-122
1754050425.80146,2,0,-126
1754050425.84046,4,-3,-135
1754050425.87646,4,0,-133
1754050425.9144602,9,0,-128
1754050425.95246,7,-6,-135
1754050425.9904602,0,-6,-125
1754050426.0294602,-1,-5,-128
1754050426.0654602,-8,0,-135
1754050426.10346,-1,-2,-131
1754050426.1414602,-1,0,-139
1754050426.18046,-4,-1,-133
1754050426.21646,-2,1,-136
1754050426.25446,3,-1,-122
1754050426.29346,0,2,-129
1754050426.33146,0,-1,-125
1754050426.36946,0,1,-134
1754050426.40546,5,2,-134
1754050426.44346,-2,1,-141
1754050426.48146,-3,2,-134
1754050426.5194602,0,-3,-132
1754050426.55546,5,0,-121
1754050426.59346,3,1,-119
1754050426.6314602,-1,0,-137
1754050426.66946,3,0,-145
1754050426.70546,-6,0,-148
1754050426.7434602,0,-4,-137
1754050426.78146,-3,-1,-139
1754050426.82046,-3,-6,-135
1754050426.85646,0,-1,-133
1754050426.8944602,-1,-5,-128
1754050426.93246,-3,-4,-125
1754050426.97146,2,3,-128
1754050427.0094602,0,-8,-135
1754050427.04546,-5,-3,-135
1754050427.08346,-5,-2,-118
1754050427.1214602,-1,0,-126
1754050427.16046,-2,3,-125
1754050427.19646,2,-4,-118
1754050427.2334602,1,0,-119
1754050427.27146,0,5,-125
1754050427.31046,5,-3,-138
1754050427.34646,3,-1,-133
1754050427.3844602,-2,1,-133
1754050427.42246,-1,-1,-134
1754050427.46146,-4,-8,-131
1754050427.49746,-2,-6,-120
1754050427.53546,-5,-3,-126
1754050427.57346,-3,0,-123
1754050427.6114602,-5,2,-130
1754050427.65046,-4,6,-130
1754050427.68646,-3,4,-130
1754050427.72446,2,4,-129
1754050427.7634602,0,0,-135
1754050427.80146,-4,-6,-135
1754050427.83746,-1,-2,-137
1754050427.87646,-5,-3,-131
1754050427.91346,-4,-5,-116
1754050427.95146,-1,-1,-115
1754050427.9904602,3,-5,-122
1754050428.0264602,0,3,-142
1754050428.06346,5,4,-145
1754050428.10146,7,0,-143
1754050428.14046,-4,0,-137
1754050428.17646,-8,3,-141
1754050428.21446,-1,-1,-131
1754050428.25246,5,-6,-134
1754050428.29146,0,-1,-133
1754050428.32746,-3,5,-141
1754050428.3654602,-5,-1,-127
1754050428.40346,0,-2,-121
1754050428.44246,13,-3,-118
1754050428.4804602,1,-4,-125
1754050428.5164602,-3,-5,-124
1754050428.55446,-6,-2,-140
1754050428.5924602,0,-4,-143
1754050428.6314602,1,-3,-126
1754050428.6674602,2,-1,-129
1754050428.70546,-2,2,-139
1754050428.7434602,3,7,-123
1754050428.7824602,-1,-1,-126
1754050428.82046,1,-1,-129
1754050428.85646,1,1,-126
1754050428.8944602,-1,3,-127
1754050428.93246,1,1,-132
1754050428.97146,0,-4,-129
1754050429.00746,3,-8,-133
1754050429.04546,2,0,-133
1754050429.08346,1,5,-134
1754050429.12246,2,9,-124
1754050429.16046,0,5,-126
1754050429.19646,4,-1,-133
1754050429.23446,5,-6,-129
1754050429.27246,9,-3,-121
1754050429.31146,5,0,-133
1754050429.34746,7,-5,-130
1754050429.38546,5,-3,-125
1754050429.42346,3,-2,-127
1754050429.46246,-1,2,-132
1754050429.49846,-4,3,-144
1754050429.5364602,-2,6,-140
1754050429.57446,-9,11,-138
1754050429.61246,-1,2,-133
1754050429.6514602,0,0,-133
1754050429.6874602,4,-10,-135
1754050429.72546,5,-7,-140
1754050429.7634602,-4,-7,-129
1754050429.8024602,2,1,-126
1754050429.8384602,0,5,-133
1754050429.87546,-5,7,-138
1754050429.91346,-2,2,-135
1754050429.95246,0,1,-133
1754050429.98846,-3,0,-128
1754050430.02546,4,1,-128
1754050430.06346,1,4,-129
1754050430.10246,6,3,-123
1754050430.1384602,5,2,-130
1754050430.17546,-4,-3,-127
1754050430.2134602,-5,-5,-133
1754050430.25246,-2,-4,-138
1754050430.28846,-5,-3,-128
1754050430.32646,0,0,-133
1754050430.36446,-1,2,-134
1754050430.40346,0,2,-131
1754050430.44146,1,1,-141
1754050430.47746,-6,4,-152
1754050430.51546,-1,-1,-141
1754050430.55346,6,-6,-135
1754050430.5924602,-3,2,-131
1754050430.6284602,0,0,-139
1754050430.66646,2,3,-138
1754050430.70346,4,3,-128
1754050430.74246,-3,0,-128
1754050430.77846,-1,4,-123
1754050430.81646,3,1,-131
1754050430.85446,3,-2,-133
1754050430.89346,4,-5,-137
1754050430.93146,6,-8,-131
1754050430.9674602,6,-3,-133
1754050431.00546,6,0,-135
1754050431.04346,3,5,-134
1754050431.0824602,0,2,-129
1754050431.1184602,3,-4,-129
1754050431.15646,0,0,-129
1754050431.19546,-1,6,-127
1754050431.2334602,-2,3,-135
1754050431.27146,2,0,-130
1754050431.30846,0,0,-128
1754050431.3454602,2,-3,-121
1754050431.38346,-4,0,-120
1754050431.42246,-3,-3,-131
1754050431.45846,1,-2,-138
1754050431.4964602,-1,-3,-129
1754050431.53446,-1,1,-120
1754050431.57346,3,0,-129
1754050431.60946,2,0,-130
1754050431.64646,-6,6,-137
1754050431.6844602,0,0,-133
1754050431.7234602,-1,3,-120
1754050431.7594602,3,0,-129
1754050431.7964602,-5,-3,-133
1754050431.83446,-5,-2,-143
1754050431.87346,-3,-6,-136
1754050431.90946,-3,-1,-139
1754050431.9474602,0,2,-138
1754050431.98546,4,-2,-145
1754050432.02346,0,-3,-135
1754050432.0624602,7,1,-139
1754050432.09946,5,1,-132
1754050432.13646,2,1,-135
1754050432.1744602,2,-6,-131
1754050432.2134602,-2,-4,-129
1754050432.24946,-6,-3,-135
1754050432.28746,-8,-3,-130
1754050432.3254602,3,3,-122
1754050432.3654602,0,2,-132
1754050432.40346,0,0,-137
1754050432.43946,12,-2,-138
1754050432.47846,-3,-2,-137
1754050432.51546,-4,-7,-137
1754050432.55446,-7,-6,-121
1754050432.5924602,3,-1,-138
1754050432.6284602,-3,-4,-145
1754050432.66646,-2,-6,-130
1754050432.70446,4,2,-137
1754050432.7434602,-1,3,-129
1754050432.7794602,-4,3,-136
1754050432.81746,-6,-4,-121
1754050432.85646,6,0,-135
1754050432.8944602,9,-5,-130
1754050432.93246,-3,-1,-136
1754050432.96846,-2,-1,-133
1754050433.0064602,0,0,-137
1754050433.04446,-5,7,-144
1754050433.08346,-8,7,-131
1754050433.11946,0,-2,-126
1754050433.1574602,-11,-5,-129
1754050433.19546,-2,-8,-137
1754050433.23446,2,-4,-125
1754050433.27246,0,-4,-129
1754050433.30846,11,-1,-132
1754050433.34646,0,0,-124
1754050433.3844602,4,-6,-131
1754050433.42346,4,0,-131
1754050433.45946,6,2,-129
1754050433.49746,3,-4,-137
1754050433.53546,0,-1,-136
1754050433.57446,0,1,-134
1754050433.61046,0,0,-120
1754050433.64846,3,5,-136
1754050433.68646,4,1,-140
1754050433.72446,3,3,-139
1754050433.7634602,-2,0,-126
1754050433.7994602,0,0,-133
1754050433.83646,-3,-3,-136
1754050433.87446,-2,-12,-132
1754050433.91346,0,-2,-136
1754050433.94946,1,-2,-135
1754050433.98746,1,-3,-139
1754050434.02546,0,2,-122
1754050434.06446,1,-2,-130
1754050434.10046,1,0,-135
1754050434.1384602,-5,4,-149
1754050434.17646,-7,3,-138
1754050434.21446,0,-3,-140
1754050434.2534602,0,-11,-138
1754050434.2894602,0,0,-135
1754050434.32646,-3,4,-137
1754050434.36446,7,1,-135
1754050434.40346,-2,-1,-125
1754050434.43946,6,-2,-110
1754050434.47746,5,1,-121
1754050434.51546,0,-3,-137
1754050434.55446,3,0,-138
1754050434.59046,6,3,-141
1754050434.62746,-2,3,-138
1754050434.66546,2,1,-139
1754050434.70446,2,5,-131
1754050434.7404602,-2,10,-143
1754050434.77846,1,5,-138
1754050434.81646,1,-2,-135
1754050434.8554602,1,0,-126
1754050434.89346,5,-2,-129
1754050434.92946,-7,1,-133
1754050434.9674602,-5,0,-136
1754050435.00546,-10,-1,-129
1754050435.0494602,0,-6,-129
1754050435.08746,0,-5,-123
1754050435.12546,3,-3,-108
1754050435.1644602,3,0,-127
1754050435.2004602,0,-3,-124
1754050435.23846,-4,1,-122
1754050435.2764602,-1,0,-129
1754050435.3154602,-1,0,-136
1754050435.35346,2,0,-128
1754050435.38946,-5,1,-129
1754050435.4274602,-7,-4,-136
1754050435.46546,5,-3,-128
1754050435.50446,0,0,-130
1754050435.54046,5,-5,-130
1754050435.57846,2,0,-134
1754050435.61646,3,1,-146
1754050435.65546,8,-4,-133
1754050435.69146,7,-8,-122
1754050435.72946,0,-2,-138
1754050435.76746,1,0,-140
1754050435.80546,-2,-3,-131
1754050435.84446,7,-3,-136
1754050435.8814602,5,-6,-136
1754050435.91846,0,-6,-139
1754050435.9574602,2,-1,-129
1754050435.99546,1,-4,-127
1754050436.03146,-4,1,-143
1754050436.0694602,-1,-1,-133
1754050436.10746,3,0,-145
1754050436.14546,4,-4,-144
1754050436.1844602,0,0,-130
1754050436.2204602,-3,-6,-138
1754050436.25846,5,-6,-143
1754050436.2964602,0,-6,-142
1754050436.3354602,3,-3,-134
1754050436.3714602,1,-2,-142
1754050436.40946,3,-13,-137
1754050436.44846,0,0,-142
1754050436.4864602,-1,2,-146
1754050436.52446,-3,2,-151
1754050436.56046,4,-1,-147
1754050436.5984602,3,6,-132
1754050436.63646,0,4,-135
1754050436.67546,2,-3,-126
1754050436.71146,5,-2,-129
1754050436.74946,2,-3,-123
1754050436.78746,3,0,-122
1754050436.82646,-1,1,-138
1754050436.86446,0,-5,-132
1754050436.90046,-1,-9,-134
1754050436.93846,-3,0,-130
1754050436.97746,-1,-5,-135
1754050437.01546,-3,-4,-129
1754050437.05146,1,0,-125
1754050437.08946,-2,-1,-125
1754050437.12646,0,2,-119
1754050437.16546,0,7,-136
1754050437.20146,-12,5,-138
1754050437.23946,-3,5,-128
1754050437.27746,3,0,-125
1754050437.31646,7,0,-126
1754050437.35446,-5,-2,-133
1754050437.39046,1,-3,-127
1754050437.42846,-4,-1,-135
1754050437.46646,0,1,-136
1754050437.50546,1,-5,-136
1754050437.54146,0,-6,-132
1754050437.57946,0,-4,-127
1754050437.61746,0,-2,-130
1754050437.65646,-1,0,-132
1754050437.6944602,7,1,-135
1754050437.7304602,-1,3,-135
1754050437.76846,-1,-1,-132
1754050437.80746,3,6,-126
1754050437.8454602,0,-4,-126
1754050437.8814602,7,-2,-141
1754050437.91946,1,5,-135
1754050437.9574602,-2,0,-125
1754050437.9964602,-1,-1,-134
1754050438.0324602,2,-4,-126
1754050438.07046,0,0,-124
1754050438.1084602,4,2,-122
1754050438.14646,-5,1,-134
1754050438.18546,-1,9,-143
1754050438.22146,-4,7,-142
1754050438.2594602,11,2,-128
1754050438.29846,0,4,-135
1754050438.33646,-2,2,-134
1754050438.37246,3,-4,-139
1754050438.41046,0,-7,-132
1754050438.44846,-1,-4,-133
1754050438.4864602,-4,0,-133
1754050438.52546,-3,-1,-125
1754050438.56146,-1,-3,-133
1754050438.59946,1,0,-135
1754050438.63746,-5,1,-126
1754050438.67646,0,-2,-126
1754050438.71246,6,-2,-114
1754050438.75046,5,0,-135
1754050438.78846,4,-4,-140
1754050438.82746,-1,0,-132
1754050438.8654602,1,-2,-128
1754050438.9014602,0,-5,-129
1754050438.93846,0,1,-140
1754050438.97746,-2,2,-139
1754050439.01546,0,2,-140
1754050439.05146,-7,1,-135
1754050439.08946,-5,1,-134
1754050439.12746,-3,3,-127
1754050439.16646,-6,8,-125
1754050439.20246,-5,1,-133
1754050439.2404602,-3,-4,-126
1754050439.27846,8,-1,-126
1754050439.31746,1,0,-138
1754050439.3554602,4,-3,-129
1754050439.3914602,2,0,-131
1754050439.42846,-2,-1,-140
1754050439.4674602,-3,0,-129
1754050439.50546,3,-4,-128
1754050439.54146,1,-3,-131
1754050439.57946,-2,3,-133
1754050439.61746,-3,-2,-128
1754050439.65646,0,-8,-121
1754050439.69246,-5,-8,-119
1754050439.7304602,-2,-2,-131
1754050439.76846,-8,-1,-129
1754050439.80746,5,-1,-140
1754050439.84346,3,-6,-147
1754050439.88246,-1,0,-123
1754050439.91946,0,-3,-146
1754050439.9574602,4,1,-133
1754050439.9964602,10,-1,-131
1754050440.0324602,6,-3,-127
1754050440.0694602,7,-3,-128
1754050440.10746,1,-3,-124
1754050440.14646,-5,4,-132
1754050440.18246,4,0,-141
1754050440.21946,1,2,-134
1754050440.25746,0,0,-129
1754050440.2964602,2,1,-142
1754050440.3324602,-1,6,-138
1754050440.37046,-4,5,-127
1754050440.40846,5,3,-123
1754050440.4474602,-2,-5,-124
1754050440.4834602,5,-9,-129
1754050440.52146,2,0,-136
1754050440.5594602,-10,9,-140
1754050440.5984602,-2,4,-126
1754050440.63646,-3,0,-132
1754050440.67246,1,0,-135
1754050440.70946,-2,-2,-132
1754050440.74846,0,-1,-132
1754050440.7864602,1,0,-130
1754050440.8224602,3,4,-123
1754050440.85946,-2,-1,-118
1754050440.89846,3,0,-136
1754050440.93646,0,5,-128
1754050440.97246,-1,3,-124
1754050441.01146,0,6,-133
1754050441.04846,-2,5,-131
1754050441.08746,-1,0,-127
1754050441.12346,2,4,-129
1754050441.1614602,-2,1,-127
1754050441.19946,-6,0,-141
1754050441.23846,-3,2,-130
1754050441.2764602,2,0,-138
1754050441.3124602,2,1,-126
1754050441.34946,-2,0,-128
1754050441.3884602,-9,-9,-122
1754050441.42646,0,-1,-137
1754050441.46246,-3,-5,-134
1754050441.50046,-8,-3,-120
1754050441.53846,-5,2,-125
1754050441.57746,-6,2,-132
1754050441.61346,0,1,-138
1754050441.6514602,0,6,-136
1754050441.68946,-5,1,-138
1754050441.72846,2,-5,-127
1754050441.76446,3,-4,-130
1754050441.8024602,0,1,-133
1754050441.84146,-3,4,-139
1754050441.8784602,-2,0,-135
1754050441.9174602,3,0,-143
1754050441.95346,2,-1,-127
1754050441.99146,4,0,-129
1754050442.0294602,3,3,-134
1754050442.06846,4,0,-119
1754050442.10446,-1,-2,-126
1754050442.14246,0,0,-135
1754050442.18046,-6,-3,-143
1754050442.21846,-9,-1,-132
1754050442.25746,0,1,-127
1754050442.29346,-6,7,-134
1754050442.3324602,-11,-2,-127
1754050442.36946,-2,0,-123
1754050442.40846,-1,-5,-128
1754050442.4444602,-4,-3,-130
1754050442.48246,-4,3,-134
1754050442.52046,-1,-4,-127
1754050442.55846,1,-5,-127
1754050442.59746,3,-5,-137
1754050442.63346,0,0,-140
1754050442.6714602,0,4,-131
1754050442.70946,-1,1,-135
1754050442.74846,0,-4,-141
1754050442.78446,-4,1,-137
1754050442.8224602,-5,-5,-135
1754050442.86046,-4,0,-127
1754050442.89946,-5,5,-121
1754050442.9374602,3,0,-125
1754050442.9734602,0,0,-121
1754050443.01046,-8,3,-126
1754050443.0494602,-2,-1,-137
1754050443.08746,2,-1,-131
1754050443.12346,0,-4,-132
1754050443.16046,5,-3,-137
1754050443.19946,3,-5,-116
1754050443.23746,-1,2,-124
1754050443.27346,0,4,-132
1754050443.31046,7,6,-132
1754050443.34946,1,5,-142
1754050443.38746,-3,0,-141
1754050443.42346,-1,-2,-137
1754050443.46146,-1,2,-131
1754050443.49946,-4,7,-145
1754050443.53846,1,3,-128
1754050443.57446,-1,-7,-125
1754050443.61246,-3,0,-136
1754050443.65046,-7,-2,-139
1754050443.68946,-6,2,-130
1754050443.72746,1,-1,-130
1754050443.7634602,1,4,-137
1754050443.8024602,-2,7,-140
1754050443.84046,1,3,-132
1754050443.8784602,5,-3,-129
1754050443.9144602,4,0,-128
1754050443.95146,2,0,-131
1754050443.98946,10,0,-145
1754050444.02846,1,-2,-139
1754050444.06446,-5,0,-141
1754050444.10246,-6,-4,-139
1754050444.1414602,2,-3,-126
1754050444.17946,6,-1,-134
1754050444.21646,5,-4,-131
1754050444.2534602,-1,-3,-123
1754050444.29146,-1,-4,-134
1754050444.32946,2,-5,-130
1754050444.3684602,8,-2,-124
1754050444.4044602,14,-1,-132
1754050444.44246,1,2,-118
1754050444.4804602,1,2,-133
1754050444.5194602,3,-3,-130
1754050444.55546,3,-2,-139
1754050444.59346,-1,-1,-134
1754050444.6314602,1,-1,-127
1754050444.67046,-4,2,-134
1754050444.70846,2,5,-127
1754050444.74446,8,-1,-127
1754050444.7824602,-1,-7,-128
1754050444.82046,1,-2,-124
1754050444.85946,6,-5,-116
1754050444.89546,0,6,-122
1754050444.93346,2,6,-130
1754050444.9704602,0,0,-131
1754050445.0094602,1,1,-131
1754050445.05346,4,-1,-139
1754050445.09146,-1,5,-141
1754050445.13046,2,0,-128
1754050445.16846,-5,-4,-128
1754050445.20446,2,0,-130
1754050445.24146,3,4,-127
1754050445.28046,2,0,-141
1754050445.31846,-8,0,-138
1754050445.35446,0,-2,-123
1754050445.39246,0,-1,-134
1754050445.43046,2,-3,-144
1754050445.46946,-5,-1,-139
1754050445.50546,-2,3,-133
1754050445.54346,2,-2,-138
1754050445.58146,0,5,-139
1754050445.62046,7,-8,-122
1754050445.65846,6,-3,-129
1754050445.6944602,0,0,-135
1754050445.73146,-3,-6,-129
1754050445.77046,-1,-3,-134
1754050445.80646,-1,0,-115
1754050445.8454602,-2,-1,-121
1754050445.88346,-4,-4,-124
1754050445.92046,-2,-9,-131
1754050445.95946,0,-2,-133
1754050445.99546,0,-3,-130
1754050446.03346,-2,-3,-126
1754050446.07046,0,-11,-133
1754050446.10946,3,-1,-132
1754050446.14546,6,-2,-136
1754050446.18346,6,0,-128
1754050446.22146,-1,-6,-142
1754050446.26046,-3,0,-141
1754050446.2964602,0,4,-146
1754050446.33346,5,-4,-144
1754050446.3714602,1,3,-133
1754050446.41046,1,1,-135
1754050446.44646,1,-2,-120
1754050446.48446,-1,-3,-128
1754050446.52246,-4,-4,-124
1754050446.56046,-3,-2,-127
1754050446.59946,0,6,-126
1754050446.63546,-3,2,-130
1754050446.67346,0,-4,-124
1754050446.71146,-1,-6,-128
1754050446.75046,0,-2,-139
1754050446.7864602,0,-9,-129
1754050446.8254602,7,-11,-123
1754050446.86246,2,-8,-120
1754050446.9014602,-2,-4,-114
1754050446.93946,0,0,-126
1754050446.97546,7,1,-126
1754050447.01246,-1,7,-133
1754050447.05146,-6,0,-130
1754050447.08946,2,2,-124
1754050447.12546,4,0,-127
1754050447.16246,-1,-3,-132
1754050447.20146,-1,-2,-127
1754050447.23946,-2,-6,-126
1754050447.27546,-5,-1,-120
1754050447.31346,4,-11,-135
1754050447.35146,-2,-4,-137
1754050447.39046,-2,-1,-127
1754050447.42646,0,0,-127
1754050447.4634602,-1,2,-124
1754050447.50146,2,-2,-122
1754050447.54046,9,-6,-123
1754050447.57646,6,-2,-127
1754050447.61446,0,-7,-121
1754050447.65246,3,0,-133
1754050447.69146,5,0,-132
1754050447.72946,3,-1,-126
1754050447.7664602,-3,1,-126
1754050447.80346,5,-2,-123
1754050447.84146,9,2,-131
1754050447.88046,-2,-4,-121
1754050447.91646,-7,-3,-133
1754050447.95446,3,1,-132
1754050447.99246,2,-2,-129
1754050448.03146,1,-3,-127
1754050448.06746,2,-2,-129
1754050448.1054602,1,-7,-137
1754050448.14346,3,0,-131
1754050448.18146,-5,-5,-133
1754050448.2204602,3,-9,-133
1754050448.2564602,-2,-3,-127
1754050448.29446,-2,-3,-137
1754050448.33346,-5,-5,-144
1754050448.37046,-9,0,-125
1754050448.40646,-9,0,-127
1754050448.4444602,0,0,-135
1754050448.4834602,-2,7,-131
1754050448.52146,7,2,-129
1754050448.55746,3,0,-131
1754050448.59446,2,-3,-131
1754050448.63346,0,7,-129
1754050448.6714602,5,-1,-138
1754050448.7074602,2,-1,-140
1754050448.74546,7,0,-140
1754050448.78346,6,6,-127
1754050448.8224602,0,-2,-136
1754050448.86046,0,-1,-133
1754050448.89646,-1,0,-136
1754050448.9344602,0,-8,-133
1754050448.97246,-3,-5,-132
1754050449.01146,-3,-3,-139
1754050449.04746,5,1,-130
1754050449.0854602,6,-7,-138
1754050449.12346,6,-7,-131
1754050449.16246,3,-3,-125
1754050449.2004602,2,-1,-124
1754050449.2364602,5,-8,-136
1754050449.27446,2,-5,-126
1754050449.3124602,1,-4,-143
1754050449.35146,11,-4,-140
1754050449.38746,14,-1,-125
1754050449.42546,0,-1,-138
1754050449.4634602,0,0,-141
1754050449.50246,10,-4,-137
1754050449.54046,1,-4,-132
1754050449.57646,1,-4,-136
1754050449.6154602,-1,-9,-135
1754050449.65246,0,-4,-127
1754050449.69146,0,-2,-127
1754050449.72746,-5,-1,-118
1754050449.76546,0,-5,-127
1754050449.80346,1,-8,-132
1754050449.8424602,4,-5,-139
1754050449.8784602,1,-11,-132
1754050449.91646,0,-1,-124
1754050449.95446,-5,-3,-122
1754050449.99246,-3,3,-137
1754050450.03146,-4,3,-135
1754050450.06746,-1,3,-140
1754050450.1054602,0,0,-143
1754050450.14346,-1,0,-136
1754050450.18246,-5,-2,-135
1754050450.21846,-5,-2,-141
1754050450.25746,0,-5,-129
1754050450.29446,-3,-6,-137
1754050450.3324602,2,-4,-137
1754050450.3714602,6,-5,-143
1754050450.4074602,7,-4,-134
1754050450.44546,5,-1,-130
1754050450.4834602,3,1,-141
1754050450.52246,-1,4,-141
1754050450.55846,-2,-1,-135
1754050450.59646,0,-5,-137
1754050450.6344602,-2,-5,-115
1754050450.67246,-1,-5,-127
1754050450.71146,1,-3,-135
1754050450.74746,3,2,-130
1754050450.7864602,6,-3,-126
1754050450.82346,3,-2,-127
1754050450.86246,3,4,-142
1754050450.89846,-1,-2,-133
1754050450.93646,2,0,-143
1754050450.97546,3,-7,-123
1754050451.0134602,-2,-3,-138
1754050451.05146,6,-7,-135
1754050451.08746,0,-7,-128
1754050451.12546,-2,0,-121
1754050451.16346,-8,0,-129
1754050451.20246,-10,-4,-130
1754050451.23846,-15,3,-139
1754050451.2764602,-2,0,-149
1754050451.31446,0,-3,-145
1754050451.35346,5,-10,-133
1754050451.3914602,-3,-3,-133
1754050451.4274602,-2,3,-135
1754050451.46646,-4,-4,-138
1754050451.5034602,-8,-3,-133
1754050451.5424602,-7,-5,-135
1754050451.57846,0,-6,-140
1754050451.61646,3,-5,-135
1754050451.6544602,4,-1,-125
1754050451.69346,-2,6,-129
1754050451.73146,-2,-2,-118
1754050451.76746,-6,0,-114
1754050451.80546,-5,6,-134
1754050451.84346,7,2,-129
1754050451.88246,4,2,-130
1754050451.91846,5,1,-130
1754050451.95546,2,-2,-128
1754050451.9934602,-7,0,-127
1754050452.0324602,2,1,-127
1754050452.06846,2,1,-125
1754050452.1054602,6,4,-126
1754050452.14346,-6,1,-137
1754050452.18246,1,-1,-137
1754050452.21846,-1,1,-134
1754050452.2564602,6,-3,-133
1754050452.29446,0,-6,-135
1754050452.33346,3,0,-135
1754050452.36946,-1,-2,-136
1754050452.4074602,1,0,-130
1754050452.44546,-1,0,-131
1754050452.4834602,-1,0,-132
1754050452.52246,0,2,-129
1754050452.55846,1,0,-121
1754050452.5954602,5,3,-131
1754050452.63346,-1,0,-134
1754050452.66946,1,-2,-138
1754050452.7074602,3,-1,-131
1754050452.74546,7,2,-128
1754050452.78446,4,0,-126
1754050452.8224602,4,1,-132
1754050452.8584602,6,1,-138
1754050452.89546,0,-2,-130
1754050452.9344602,-2,-8,-134
1754050452.97246,-1,3,-131
1754050453.00846,-1,4,-132
1754050453.0464602,4,1,-133
1754050453.08446,6,-2,-127
1754050453.12346,-5,0,-127
1754050453.15946,-3,0,-116
1754050453.1974602,0,-3,-124
1754050453.23546,-2,8,-127
1754050453.27446,3,6,-120
1754050453.3124602,2,-3,-129
1754050453.3484602,-1,-1,-134
1754050453.38646,0,2,-130
1754050453.42546,-2,-3,-129
1754050453.4634602,-7,-7,-127
1754050453.49946,-14,-5,-128
1754050453.53746,-2,0,-125
1754050453.5754602,1,0,-129
1754050453.61446,0,0,-135
1754050453.65246,1,1,-131
1754050453.68846,2,-3,-137
1754050453.72646,-2,-4,-140
1754050453.76446,-1,2,-144
1754050453.80346,5,-5,-132
1754050453.83946,0,-1,-139
1754050453.87746,-2,-7,-139
1754050453.91646,-1,-6,-139
1754050453.95446,3,2,-133
1754050453.9904602,0,-7,-140
1754050454.02746,5,-7,-143
1754050454.06646,1,1,-132
1754050454.10446,5,0,-132
1754050454.14046,1,0,-128
1754050454.1774602,0,1,-128
1754050454.21546,0,-1,-119
1754050454.25446,-3,-3,-133
1754050454.29046,0,0,-135
1754050454.32746,-2,5,-136
1754050454.36646,-9,-4,-140
1754050454.4044602,-6,2,-137
1754050454.4404602,1,1,-134
1754050454.47746,3,1,-133
1754050454.51546,4,3,-126
1754050454.55446,2,-1,-138
1754050454.59046,0,0,-132
1754050454.62746,-3,-4,-146
1754050454.66546,-1,-3,-145
1754050454.70446,-3,3,-146
1754050454.7404602,-6,0,-130
1754050454.77846,0,0,-127
1754050454.81646,1,-1,-131
1754050454.8554602,3,0,-138
1754050454.89346,5,-2,-136
1754050454.92946,0,0,-129
1754050454.96646,4,-1,-128
1754050455.00546,0,-1,-136
1754050455.04346,-4,-2,-130
1754050455.08646,-2,-2,-133
1754050455.12546,0,-2,-131
1754050455.16346,7,2,-126
1754050455.19946,1,-1,-129
1754050455.23746,-2,0,-130
1754050455.27546,-7,-1,-131
1754050455.31446,-2,-3,-135
1754050455.35046,0,-3,-125
1754050455.3884602,3,-2,-128
1754050455.4274602,4,-7,-135
1754050455.46546,1,-2,-138
1754050455.5034602,-4,-4,-128
1754050455.5394602,0,-1,-125
1754050455.57846,-1,0,-121
1754050455.6154602,6,-2,-126
1754050455.6544602,0,-6,-137
1754050455.6904602,-6,-2,-133
1754050455.72846,-4,0,-133
1754050455.7664602,-1,9,-134
1754050455.80546,-1,8,-134
1754050455.84346,0,0,-132
1754050455.87946,-2,-4,-123
1754050455.9174602,-4,-2,-119
1754050455.95546,6,-1,-131
1754050455.99446,1,5,-133
1754050456.03146,4,6,-124
1754050456.0694602,6,2,-132
1754050456.10646,4,3,-135
1754050456.14546,-3,-6,-137
1754050456.18146,-2,-5,-127
1754050456.21946,-1,-7,-118
1754050456.25846,-5,-5,-121
1754050456.29546,2,0,-123
1754050456.33446,-1,5,-125
1754050456.37046,-3,3,-126
1754050456.40846,-2,-4,-127
1754050456.44646,-4,-4,-138
1754050456.48546,4,-2,-135
1754050456.52146,9,0,-130
1754050456.55846,0,2,-129
1754050456.59646,-2,4,-133
1754050456.63546,-4,7,-130
1754050456.6714602,0,4,-128
1754050456.70846,-2,-4,-120
1754050456.7464602,0,-5,-128
1754050456.78546,1,1,-127
1754050456.82146,1,0,-134
1754050456.8584602,-2,-5,-129
1754050456.89646,0,-11,-129
1754050456.93546,4,1,-126
1754050456.97146,3,-4,-130
1754050457.0094602,4,4,-127
1754050457.04746,1,1,-133
1754050457.08646,-1,0,-142
1754050457.12446,0,5,-142
1754050457.16046,6,-5,-134
1754050457.19946,3,-10,-128
1754050457.2364602,5,-4,-135
1754050457.27546,0,-7,-127
1754050457.31146,-4,-1,-128
1754050457.34946,2,-2,-122
1754050457.38746,4,-2,-127
1754050457.42646,2,0,-132
1754050457.46446,-3,-4,-129
1754050457.50046,-7,-3,-125
1754050457.53846,-4,-2,-129
1754050457.57646,3,-4,-128
1754050457.6154602,-2,-4,-128
1754050457.6514602,1,-4,-131
1754050457.68946,-1,-1,-132
1754050457.72846,-3,-5,-135
1754050457.7664602,1,0,-131
1754050457.80446,0,-4,-125
1754050457.84046,2,-1,-130
1754050457.8784602,-5,3,-127
1754050457.91646,-2,-3,-128
1754050457.95546,-5,-5,-132
1754050457.99146,2,0,-135
1754050458.02846,5,2,-139
1754050458.06746,0,-6,-122
1754050458.1054602,1,-7,-129
1754050458.1414602,6,0,-126
1754050458.17846,5,0,-130
1754050458.21646,2,4,-134
1754050458.25546,5,2,-131
1754050458.29146,-1,-2,-119
1754050458.32946,-5,2,-127
1754050458.36746,-4,5,-124
1754050458.40646,1,0,-127
1754050458.44246,5,5,-141
1754050458.4804602,4,4,-123
1754050458.51746,-2,-1,-121
1754050458.55646,8,-2,-124
1754050458.5924602,-1,-4,-131
1754050458.63046,0,2,-128
1754050458.66846,2,-1,-134
1754050458.70646,2,-2,-126
1754050458.74546,1,0,-130
1754050458.78146,0,-1,-133
1754050458.8194602,0,-2,-140
1754050458.85746,6,-1,-124
1754050458.89646,4,0,-138
1754050458.93246,7,1,-134
1754050458.96946,6,5,-126
1754050459.00746,4,-1,-127
1754050459.0464602,4,0,-114
1754050459.0824602,4,-3,-128
1754050459.12046,5,-2,-139
1754050459.15846,2,-2,-121
1754050459.1974602,-1,-6,-131
1754050459.23546,-1,-6,-126
1754050459.27146,0,-2,-137
1754050459.3094602,-3,2,-130
1754050459.34746,3,0,-136
1754050459.38646,2,-3,-133
1754050459.42246,0,-3,-134
1754050459.4604602,0,1,-134
1754050459.49846,2,0,-131
1754050459.53746,0,2,-143
1754050459.5754602,-1,-2,-140
1754050459.6114602,-6,1,-124
1754050459.64946,4,-5,-133
1754050459.6874602,-2,-3,-127
1754050459.72646,3,1,-136
1754050459.76246,-1,3,-140
1754050459.80046,-1,-1,-139
1754050459.83946,-4,7,-131
1754050459.87746,0,6,-127
1754050459.91546,7,-3,-137
1754050459.95146,-1,-2,-131
1754050459.98946,-9,-8,-143
1754050460.02746,-2,0,-148
1754050460.06646,-2,0,-142
1754050460.10246,-3,0,-132
1754050460.13946,-2,-4,-138
1754050460.1774602,-6,0,-128
1754050460.21646,-9,5,-123
1754050460.25246,-5,2,-122
1754050460.29046,0,-6,-127
1754050460.32846,0,2,-135
1754050460.36746,5,3,-120
1754050460.40346,8,-5,-125
1754050460.44146,6,-4,-126
1754050460.47946,2,2,-120
1754050460.51846,-4,-6,-128
1754050460.55646,-3,2,-133
1754050460.59346,-3,-5,-132
1754050460.63046,-6,-1,-136
1754050460.66846,-5,-2,-135
1754050460.7074602,0,-4,-142
1754050460.7434602,-1,-1,-137
1754050460.78146,-5,-1,-132
1754050460.8194602,1,-1,-135
1754050460.85746,5,-1,-146
1754050460.89646,1,-2,-128
1754050460.93246,-1,-6,-119
1754050460.9704602,-1,-6,-123
1754050461.00846,-14,-4,-131
1754050461.04746,-10,-7,-125
1754050461.08346,-3,0,-131
1754050461.1214602,2,3,-132
1754050461.15946,0,2,-128
1754050461.19846,2,0,-140
1754050461.2364602,0,-3,-135
1754050461.27246,9,1,-135
1754050461.3094602,2,0,-133
1754050461.3484602,-3,-2,-126
1754050461.38646,-2,-4,-144
1754050461.42246,-6,-2,-144
1754050461.4604602,-6,3,-138
1754050461.49846,0,7,-129
1754050461.53746,0,0,-136
1754050461.57346,-4,1,-129
1754050461.6114602,-2,0,-121
1754050461.64946,-2,2,-128
1754050461.68846,-2,-2,-133
1754050461.72646,5,0,-135
1754050461.76246,0,-2,-129
1754050461.80046,6,5,-129
1754050461.8384602,3,0,-137
1754050461.87746,3,1,-138
1754050461.91346,0,0,-129
1754050461.95146,0,0,-125
1754050461.9904602,-7,6,-132
1754050462.02846,-5,-2,-130
1754050462.06646,-5,1,-132
1754050462.10246,-5,2,-136
1754050462.14046,-4,-3,-134
1754050462.17846,0,-7,-130
1754050462.2174602,0,-9,-120
1754050462.2534602,2,-1,-132
1754050462.29146,2,-1,-139
1754050462.33046,-1,7,-147
1754050462.3684602,-6,-1,-139
1754050462.4044602,-4,-7,-135
1754050462.44246,6,-14,-134
1754050462.48146,1,-5,-131
1754050462.51846,-1,-1,-131
1754050462.55746,-1,-2,-124
1754050462.59346,3,5,-122
1754050462.63046,1,3,-128
1754050462.66846,-1,0,-138
1754050462.7074602,1,-2,-129
1754050462.7434602,3,-4,-128
1754050462.78146,4,2,-136
1754050462.8194602,2,-5,-138
1754050462.8584602,5,-3,-132
1754050462.8944602,1,5,-135
1754050462.93146,-7,0,-131
1754050462.96946,2,4,-136
1754050463.00846,3,-6,-133
1754050463.04446,-2,-4,-135
1754050463.0824602,-8,1,-140
1754050463.12046,-4,6,-130
1754050463.15946,-3,5,-118
1754050463.1974602,-1,-4,-116
1754050463.2334602,0,0,-128
1754050463.27046,0,6,-135
1754050463.3094602,-1,-3,-123
1754050463.34746,2,0,-125
1754050463.38346,7,1,-130
1754050463.42046,13,8,-133
1754050463.45946,2,-3,-128
1754050463.49746,3,0,-136
1754050463.53346,-1,5,-141
1754050463.57146,0,3,-140
1754050463.60946,-2,1,-127
1754050463.64846,3,-2,-131
1754050463.6844602,1,-1,-134
1754050463.7234602,4,4,-139
1754050463.76046,-1,0,-136
1754050463.7994602,9,-2,-127
1754050463.83746,7,0,-129
1754050463.87346,5,-1,-131
1754050463.91246,1,-1,-126
1754050463.94946,-1,2,-130
1754050463.98846,-5,2,-123
1754050464.02446,-3,1,-124
1754050464.0624602,-3,5,-119
1754050464.10046,-4,2,-131
1754050464.13946,-5,0,-132
1754050464.1774602,1,-2,-131
1754050464.2134602,5,1,-128
1754050464.25046,3,5,-122
1754050464.2894602,-6,2,-119
1754050464.32646,-4,-1,-126
1754050464.36346,0,0,-128
1754050464.4014602,-9,-1,-136
1754050464.4404602,-5,-7,-127
1754050464.47846,3,-7,-130
1754050464.51446,-2,0,-135
1754050464.5524602,-5,3,-140
1754050464.59046,-5,-7,-136
1754050464.62946,0,1,-132
1754050464.66546,-2,5,-129
1754050464.70346,4,0,-140
1754050464.74146,7,0,-145
1754050464.7794602,0,-4,-131
1754050464.81846,-9,-2,-135
1754050464.85446,-6,-1,-138
1754050464.89246,0,-1,-128
1754050464.93146,7,0,-128
1754050464.96946,6,1,-119
1754050465.00546,0,0,-123
1754050465.0424602,-8,0,-130
1754050465.08146,3,-1,-120
1754050465.12446,-4,-2,-131
1754050465.16246,1,-6,-143
1754050465.2004602,-2,-3,-137
1754050465.23946,-4,-2,-133
1754050465.27546,-2,0,-130
1754050465.31446,-3,0,-124
1754050465.35146,-3,0,-134
1754050465.39046,-1,5,-140
1754050465.42846,-2,-5,-130
1754050465.46446,-1,-5,-141
1754050465.50246,-1,0,-130
1754050465.54046,3,3,-134
1754050465.57946,0,2,-123
1754050465.6154602,0,2,-122
1754050465.65246,2,2,-122
1754050465.6904602,7,4,-127
1754050465.72946,6,2,-129
1754050465.76546,4,0,-126
1754050465.8024602,7,1,-135
1754050465.84046,0,-4,-123
1754050465.87946,0,-2,-126
1754050465.91546,0,0,-126
1754050465.95246,0,4,-129
1754050465.9904602,-4,2,-123
1754050466.0294602,1,8,-121
1754050466.0654602,-1,0,-121
1754050466.10346,4,-4,-128
1754050466.1414602,1,0,-136
1754050466.18046,-3,2,-137
1754050466.21846,3,-2,-126
1754050466.25446,5,4,-134
1754050466.2924602,12,2,-119
1754050466.33046,2,1,-134
1754050466.36946,0,5,-126
1754050466.40546,0,1,-129
1754050466.44246,1,0,-128
1754050466.4804602,11,1,-137
1754050466.5194602,11,2,-140
1754050466.55546,6,-3,-127
1754050466.59346,3,-4,-132
1754050466.6314602,0,4,-131
1754050466.67046,-3,3,-135
1754050466.70646,-5,-5,-127
1754050466.74446,-2,-3,-140
1754050466.7824602,-2,1,-127
1754050466.82046,-4,-3,-118
1754050466.85946,3,-4,-119
1754050466.89546,1,-5,-133
1754050466.93346,2,-7,-134
1754050466.97146,0,-8,-135
1754050467.01046,0,-8,-143
1754050467.0464602,7,-6,-132
1754050467.08446,11,-3,-125
1754050467.12346,-2,-3,-122
1754050467.1614602,-1,-2,-134
1754050467.19946,0,-3,-133
1754050467.23546,0,-2,-121
1754050467.27346,-2,-2,-121
1754050467.31146,-2,0,-137
1754050467.35046,-4,-1,-129
1754050467.38646,-2,-5,-131
1754050467.4244602,-2,-3,-133
1754050467.46246,3,-1,-135
1754050467.50146,3,-1,-130
1754050467.5394602,6,-6,-133
1754050467.5754602,5,-5,-129
1754050467.61346,1,-3,-121
1754050467.6514602,2,2,-120
1754050467.6904602,1,0,-127
1754050467.72646,-3,1,-131
1754050467.76446,0,2,-130
1754050467.8024602,-1,0,-131
1754050467.84146,7,0,-138
1754050467.87946,5,2,-132
1754050467.91546,7,4,-135
1754050467.95246,-8,3,-130
1754050467.99146,-4,3,-130
1754050468.0294602,-1,-2,-132
1754050468.0654602,1,-7,-131
1754050468.10346,0,-1,-127
1754050468.1414602,11,4,-133
1754050468.18046,1,1,-126
1754050468.21646,-1,0,-134
1754050468.25546,-7,0,-139
1754050468.2924602,3,-2,-136
1754050468.33146,0,0,-130
1754050468.36746,1,0,-132
1754050468.40546,1,0,-140
1754050468.44246,5,4,-127
1754050468.48146,3,5,-121
1754050468.51746,0,5,-123
1754050468.55446,11,1,-122
1754050468.5924602,7,-1,-132
1754050468.6314602,6,-6,-138
1754050468.6674602,6,-2,-134
1754050468.70546,5,-2,-135
1754050468.7434602,3,5,-135
1754050468.78146,8,1,-132
1754050468.82046,3,-4,-132
1754050468.85646,2,-2,-142
1754050468.8944602,3,0,-139
1754050468.93246,0,-6,-136
1754050468.97146,-9,5,-126
1754050469.00746,1,-1,-127
1754050469.04446,2,-4,-134
1754050469.0824602,-1,-1,-139
1754050469.1214602,0,-3,-132
1754050469.1574602,2,-3,-128
1754050469.19546,3,3,-120
1754050469.23446,2,2,-120
1754050469.27246,0,0,-123
1754050469.31046,1,0,-128
1754050469.34646,4,-1,-136
1754050469.3844602,-4,1,-128
1754050469.42346,0,-1,-138
1754050469.46146,0,-4,-139
1754050469.49746,-1,0,-135
1754050469.53546,-6,-2,-129
1754050469.57346,-2,-4,-139
1754050469.61246,3,3,-132
1754050469.65046,3,0,-137
1754050469.68646,6,-2,-132
1754050469.72446,2,-2,-138
1754050469.7634602,-1,-5,-144
1754050469.80146,-6,-1,-123
1754050469.83746,0,-3,-132
1754050469.87546,2,-3,-141
1754050469.9144602,4,-3,-131
1754050469.95246,2,-1,-132
1754050469.9904602,3,-9,-142
1754050470.0264602,4,-4,-135
1754050470.06446,-6,1,-132
1754050470.10246,-3,1,-125
1754050470.1414602,0,3,-138
1754050470.1774602,5,0,-139
1754050470.21446,8,3,-124
1754050470.25246,-2,-4,-123
1754050470.29146,-3,-2,-130
1754050470.32746,-3,-1,-130
1754050470.3654602,-2,-8,-134
1754050470.40346,0,3,-136
1754050470.44246,3,0,-123
1754050470.47846,-3,3,-122
1754050470.5164602,-6,6,-134
1754050470.55446,3,4,-135
1754050470.5924602,0,0,-140
1754050470.6314602,2,-6,-133
1754050470.6674602,1,-5,-137
1754050470.70546,0,-2,-140
1754050470.7434602,-5,0,-145
1754050470.7824602,-1,0,-135
1754050470.81846,-3,0,-137
1754050470.8554602,-1,-1,-137
1754050470.89346,2,-2,-140
1754050470.93246,-4,2,-128
1754050470.96846,3,-1,-126
1754050471.0064602,-1,4,-125
1754050471.04446,4,3,-133
1754050471.0824602,-1,-2,-134
1754050471.1214602,-8,-5,-129
1754050471.1574602,-13,-3,-125
1754050471.19546,-4,0,-132
1754050471.2334602,-1,1,-137
1754050471.27246,4,-3,-135
1754050471.30846,-4,-1,-128
1754050471.34646,1,-1,-134
1754050471.3844602,-1,-5,-136
1754050471.42346,-3,-8,-128
1754050471.46146,-2,-4,-132
1754050471.49746,-4,2,-134
1754050471.53546,1,3,-136
1754050471.57346,0,0,-138
1754050471.61246,-5,-6,-126
1754050471.64846,-2,-9,-122
1754050471.68646,-6,-9,-119
1754050471.72446,-4,-4,-111
1754050471.7634602,-5,0,-127
1754050471.80146,-9,-3,-131
1754050471.83746,-9,0,-139
1754050471.87546,-3,1,-132
1754050471.91346,-4,1,-138
1754050471.95246,-4,-3,-141
1754050471.98846,-3,-6,-132
1754050472.0264602,-5,-5,-134
1754050472.06446,2,2,-146
1754050472.10346,-5,1,-139
1754050472.1414602,3,1,-140
1754050472.1774602,0,-6,-132
1754050472.21446,0,-3,-126
1754050472.2534602,0,-6,-131
1754050472.29146,2,3,-129
1754050472.32746,3,2,-126
1754050472.36446,-2,-4,-122
1754050472.40346,1,-5,-121
1754050472.43946,6,-7,-119
1754050472.47746,-2,-10,-129
1754050472.51546,-8,-2,-137
1754050472.55346,-1,-2,-131
1754050472.5924602,1,3,-129
1754050472.6284602,-1,7,-129
1754050472.66646,2,-1,-127
1754050472.70446,-2,5,-139
1754050472.7434602,-6,4,-148
1754050472.7794602,0,2,-145
1754050472.81646,-4,0,-141
1754050472.85446,-8,-2,-139
1754050472.89346,-7,3,-140
1754050472.92946,0,1,-137
1754050472.96646,0,0,-135
1754050473.00446,1,0,-133
1754050473.04346,1,-2,-137
1754050473.07946,3,-2,-132
1754050473.11746,0,-1,-134
1754050473.15646,-4,-4,-134
1754050473.1944602,-4,-1,-134
1754050473.23246,-5,8,-128
1754050473.26846,-1,0,-129
1754050473.30646,0,5,-121
1754050473.34446,3,1,-131
1754050473.38346,1,4,-138
1754050473.41946,5,3,-134
1754050473.45646,1,0,-128
1754050473.49446,1,-5,-142
1754050473.53346,2,7,-140
1754050473.5694602,0,0,-135
1754050473.60646,3,2,-118
1754050473.6444602,1,0,-120
1754050473.68346,1,-5,-128
1754050473.71946,2,-3,-126
1754050473.75746,10,2,-121
1754050473.79546,5,-3,-131
1754050473.83446,-3,-4,-137
1754050473.87246,-6,2,-124
1754050473.90846,-3,-7,-133
1754050473.9474602,0,4,-139
1754050473.98446,1,5,-136
1754050474.02346,1,2,-136
1754050474.0594602,1,5,-128
1754050474.09746,2,1,-125
1754050474.1344602,0,-2,-129
1754050474.17346,6,-3,-123
1754050474.20946,1,-3,-133
1754050474.24746,2,-8,-136
1754050474.28546,-4,-3,-140
1754050474.32446,1,0,-133
1754050474.36046,0,9,-134
1754050474.39746,2,7,-120
1754050474.43546,-2,-3,-129
1754050474.47446,5,-4,-122
1754050474.51046,3,-5,-128
1754050474.54846,-4,-1,-142
1754050474.58646,-1,0,-139
1754050474.62446,-2,-2,-136
1754050474.66346,-1,0,-139
1754050474.69946,3,-3,-126
1754050474.73746,1,5,-132
1754050474.77546,-4,1,-141
1754050474.81446,2,1,-147
1754050474.85046,3,0,-142
1754050474.88746,0,1,-125
1754050474.92646,-3,0,-133
1754050474.96446,-3,-5,-129
1754050475.0034602,2,-4,-126
1754050475.0394602,4,-1,-113
1754050475.07746,0,-5,-125
1754050475.1154602,8,-2,-129
1754050475.15946,0,1,-137
1754050475.1974602,1,2,-133
1754050475.2364602,5,-9,-138
1754050475.27446,2,-3,-144
1754050475.31046,3,-1,-140
1754050475.3484602,3,1,-131
1754050475.38646,3,2,-129
1754050475.42546,0,-5,-135
1754050475.4634602,-3,0,-135
1754050475.49946,-2,-1,-124
1754050475.53746,3,-9,-126
1754050475.57646,0,-1,-124
1754050475.61446,-8,2,-134
1754050475.65046,-6,-4,-133
1754050475.68946,0,4,-136
1754050475.72646,-2,6,-128
1754050475.76546,-9,0,-127
1754050475.80346,-8,-3,-130
1754050475.83946,-6,0,-122
1754050475.87746,-5,0,-128
1754050475.91546,2,3,-126
1754050475.95446,6,6,-131
1754050475.99146,5,8,-126
1754050476.02846,0,6,-131
1754050476.06646,0,5,-142
1754050476.1054602,3,2,-132
1754050476.14346,3,3,-132
1754050476.18046,-1,1,-132
1754050476.2174602,-2,2,-135
1754050476.25546,2,-4,-137
1754050476.29446,6,-3,-130
1754050476.33046,0,-2,-126
1754050476.3684602,4,1,-119
1754050476.40646,4,-4,-122
1754050476.44546,0,-3,-132
1754050476.4834602,0,-4,-126
1754050476.5194602,-4,-6,-129
1754050476.55746,-3,-1,-127
1754050476.59646,9,-2,-132
1754050476.6344602,7,-4,-131
1754050476.67046,0,-8,-132
1754050476.70946,0,-3,-134
1754050476.7464602,-10,1,-125
1754050476.78546,-10,-2,-131
1754050476.82146,-2,0,-124
1754050476.85946,1,-1,-135
1754050476.89746,2,-5,-137
1754050476.93546,2,0,-125
1754050476.97446,6,-2,-130
1754050477.01046,5,-6,-124
1754050477.04846,3,-6,-133
1754050477.08646,1,-1,-130
1754050477.12546,12,-2,-127
1754050477.1614602,0,-1,-123
1754050477.19846,0,0,-136
1754050477.2364602,0,-2,-130
1754050477.27546,-3,-1,-132
1754050477.31146,0,7,-124
1754050477.3484602,3,0,-138
1754050477.38646,1,-2,-133
1754050477.42546,-5,0,-133
1754050477.46246,-5,-1,-127
1754050477.49946,0,10,-135
1754050477.53846,5,6,-127
1754050477.57646,-2,1,-129
1754050477.61446,-3,5,-138
1754050477.65046,1,0,-135
1754050477.68846,0,0,-136
1754050477.72646,3,-1,-141
1754050477.76446,0,-1,-140
1754050477.80046,-1,-7,-138
1754050477.8384602,6,-1,-138
1754050477.87646,0,-2,-131
1754050477.91546,-4,-4,-133
1754050477.95146,-2,1,-130
1754050477.98946,0,8,-129
1754050478.02746,12,3,-124
1754050478.06646,4,-1,-118
1754050478.10446,0,-1,-137
1754050478.14046,-4,0,-129
1754050478.17946,3,-2,-127
1754050478.21646,3,2,-135
1754050478.25546,2,0,-129
1754050478.29146,4,7,-129
1754050478.32846,6,4,-130
1754050478.36646,0,1,-135
1754050478.40546,-2,-2,-129
1754050478.44146,1,6,-132
1754050478.47946,-4,-6,-128
1754050478.5164602,-3,0,-127
1754050478.55546,-4,-3,-130
1754050478.59146,2,1,-125
1754050478.62946,0,10,-130
1754050478.66646,2,0,-137
1754050478.70546,4,-3,-128
1754050478.74146,0,-5,-131
1754050478.7794602,-5,-4,-136
1754050478.81746,0,-2,-131
1754050478.85646,1,1,-130
1754050478.89246,6,3,-132
1754050478.92946,-3,4,-133
1754050478.9674602,9,-2,-128
1754050479.0064602,-1,1,-130
1754050479.0424602,-2,0,-136
1754050479.08046,-6,2,-129
1754050479.1184602,7,4,-131
1754050479.15646,5,0,-125
1754050479.19546,0,1,-134
1754050479.23146,0,-2,-129
1754050479.2694602,-4,-5,-139
1754050479.30846,2,0,-140
1754050479.34646,0,0,-120
1754050479.38246,-2,2,-124
1754050479.4214602,-2,5,-141
1754050479.45846,-2,8,-127
1754050479.49746,-2,2,-127
1754050479.53546,1,0,-127
1754050479.57146,4,-3,-127
1754050479.60946,4,-4,-131
1754050479.64746,-2,-2,-123
1754050479.68646,-1,0,-123
1754050479.72246,4,-1,-133
1754050479.76046,5,0,-136
1754050479.79846,1,-1,-135
1754050479.83746,2,-3,-141
1754050479.87546,1,0,-140
1754050479.9114602,6,0,-137
1754050479.94846,5,-3,-135
1754050479.98746,-4,-1,-137
1754050480.02546,0,-6,-132
1754050480.06146,-4,-2,-132
1754050480.09946,-5,-4,-133
1754050480.13746,0,-4,-134
1754050480.17646,-1,2,-138
1754050480.21246,-4,2,-132
1754050480.25046,6,0,-133
1754050480.2894602,0,4,-143
1754050480.32746,-6,-2,-133
1754050480.3654602,4,-6,-131
1754050480.4014602,-4,-8,-119
1754050480.43946,3,-5,-126
1754050480.47846,1,-3,-131
1754050480.5164602,3,-9,-131
1754050480.5524602,7,-6,-141
1754050480.59146,3,-2,-145
1754050480.6284602,-1,2,-125
1754050480.6674602,-1,-1,-125
1754050480.70346,-3,1,-134
1754050480.74146,6,0,-136
1754050480.7794602,1,2,-131
1754050480.81746,-3,-1,-133
1754050480.85646,1,-12,-133
1754050480.89246,1,-8,-134
1754050480.93046,0,-3,-137
1754050480.96846,-4,0,-137
1754050481.00746,3,1,-137
1754050481.04346,5,0,-131
1754050481.08146,6,-3,-133
1754050481.11946,0,-3,-129
1754050481.1574602,0,0,-126
1754050481.19646,2,2,-131
1754050481.23246,-2,2,-122
1754050481.27046,5,2,-123
1754050481.30846,4,0,-127
1754050481.34746,0,-2,-133
1754050481.38346,-8,-1,-134
1754050481.4214602,4,3,-131
1754050481.45946,2,-1,-120
1754050481.49846,6,0,-125
1754050481.5364602,-2,5,-125
1754050481.5724602,1,-1,-134
1754050481.61046,-3,0,-127
1754050481.64846,-1,4,-131
1754050481.6874602,-2,0,-137
1754050481.7234602,-2,0,-134
1754050481.76146,-3,-4,-116
1754050481.7994602,-8,-7,-131
1754050481.8384602,-8,2,-129
1754050481.87646,-6,0,-130
1754050481.91246,1,-2,-130
1754050481.9504602,3,1,-132
1754050481.98846,0,-1,-125
1754050482.02746,5,-4,-126
1754050482.06346,2,1,-136
1754050482.10046,-5,1,-129
1754050482.1384602,-5,-5,-131
1754050482.1774602,-1,-1,-124
1754050482.2134602,4,1,-138
1754050482.25046,6,4,-127
1754050482.28846,-1,0,-126
1754050482.32746,-3,2,-128
1754050482.36346,-2,8,-133
1754050482.4014602,-10,4,-144
1754050482.4404602,-2,-3,-125
1754050482.47846,0,0,-132
1754050482.51446,7,2,-132
1754050482.55146,5,-5,-130
1754050482.59046,3,-4,-142
1754050482.6284602,3,-1,-137
1754050482.6644602,4,1,-130
1754050482.70146,-1,-1,-121
1754050482.7404602,1,-3,-121
1754050482.77846,-4,-5,-128
1754050482.81446,-5,-3,-124
1754050482.85346,0,6,-131
1754050482.89046,-2,0,-132
1754050482.92846,-1,-6,-141
1754050482.9674602,-2,-5,-126
1754050483.0034602,-4,-7,-128
1754050483.04146,0,-1,-132
1754050483.07946,-2,-2,-138
1754050483.1184602,0,-2,-121
1754050483.1544602,0,-8,-136
1754050483.19246,1,-2,-130
1754050483.2304602,4,-2,-143
1754050483.26846,5,-8,-135
1754050483.30746,2,-5,-132
1754050483.34346,5,4,-126
1754050483.38046,0,-1,-129
1754050483.41946,-3,-1,-128
1754050483.4574602,-4,1,-145
1754050483.4934602,-8,0,-133
1754050483.53146,-4,0,-127
1754050483.5694602,-3,-6,-130
1754050483.6084602,-3,-5,-137
1754050483.6444602,0,-1,-131
1754050483.68146,3,1,-128
1754050483.71946,0,-2,-127
1754050483.75846,4,6,-134
1754050483.79446,5,2,-131
1754050483.83146,-1,1,-131
1754050483.86946,-6,-2,-137
1754050483.90846,0,-4,-131
1754050483.9444602,1,3,-132
1754050483.98146,4,-6,-127
1754050484.0194602,-1,-1,-126
1754050484.05846,5,0,-133
1754050484.09446,2,-2,-123
1754050484.13246,-3,1,-127
1754050484.17046,-10,-2,-139
1754050484.20946,-1,-1,-132
1754050484.24746,4,-9,-127
1754050484.28346,7,-6,-124
1754050484.32146,1,-11,-132
1754050484.36046,-1,-2,-123
1754050484.39846,0,-2,-129
1754050484.4344602,0,-6,-132
1754050484.4734602,0,-7,-130
1754050484.51046,-1,0,-130
1754050484.5494602,0,-7,-131
1754050484.58746,8,1,-127
1754050484.62346,3,3,-116
1754050484.66046,-8,-4,-116
1754050484.69946,4,-4,-124
1754050484.73546,0,-3,-122
1754050484.77346,-1,-1,-131
1754050484.81146,-3,-1,-132
1754050484.84946,5,-2,-134
1754050484.8884602,1,1,-134
1754050484.9244602,0,5,-134
1754050484.96246,0,0,-134
1754050485.00046,-5,0,-129
1754050485.0394602,2,0,-136
1754050485.0754602,-3,-6,-132
1754050485.11346,-3,-4,-141
1754050485.1514602,0,-3,-137
1754050485.19546,3,3,-138
1754050485.23446,-6,5,-129
1754050485.27246,-1,2,-126
1754050485.31046,-6,-2,-135
1754050485.3484602,-3,-1,-137
1754050485.3844602,-6,-6,-130
1754050485.42246,-3,0,-122
1754050485.4604602,-2,-2,-130
1754050485.49946,-7,-4,-129
1754050485.53546,-5,-3,-141
1754050485.57346,-2,3,-129
1754050485.6114602,0,-4,-133
1754050485.65046,-5,3,-123
1754050485.68846,-5,-2,-122
1754050485.72446,-1,0,-125
1754050485.76246,5,0,-128
1754050485.80046,-6,-4,-136
1754050485.83946,1,-6,-132
1754050485.87546,7,-4,-117
1754050485.91346,3,-10,-127
1754050485.95246,-1,-3,-131
1754050485.9904602,2,0,-127
1754050486.02846,0,0,-124
1754050486.06446,3,-4,-137
1754050486.10246,0,-4,-137
1754050486.14046,5,-2,-136
1754050486.17946,6,-2,-127
1754050486.21546,9,-6,-130
1754050486.2534602,2,3,-135
1754050486.29146,2,7,-136
1754050486.33046,5,-5,-137
1754050486.3684602,-1,-4,-128
1754050486.4044602,2,3,-135
1754050486.44146,7,-3,-128
1754050486.4804602,-1,-2,-135
1754050486.51846,-7,-9,-134
1754050486.55446,-11,-5,-126
1754050486.59346,-6,0,-126
1754050486.63046,0,-8,-126
1754050486.66946,10,-4,-129
1754050486.70546,1,2,-133
1754050486.74246,-1,0,-122
1754050486.78046,0,0,-119
1754050486.8194602,-3,-3,-126
1754050486.8554602,-2,-5,-128
1754050486.89346,5,-3,-131
1754050486.93146,3,-2,-128
1754050486.9704602,2,-5,-129
1754050487.0064602,-1,1,-123
1754050487.04446,0,2,-124
1754050487.0824602,-2,1,-133
1754050487.12046,-1,1,-132
1754050487.15946,0,0,-127
1754050487.19546,-1,-2,-131
1754050487.2334602,0,1,-126
1754050487.27246,0,3,-138
1754050487.31046,-1,-5,-132
1754050487.34646,-4,-2,-135
1754050487.3844602,1,-1,-136
1754050487.42246,3,-4,-133
1754050487.46146,0,-8,-135
1754050487.49946,3,-5,-141
1754050487.53546,0,-4,-148
1754050487.57346,5,-8,-133
1754050487.6114602,-5,-7,-127
1754050487.65046,-6,-3,-133
1754050487.68646,1,-7,-134
1754050487.72446,2,-2,-139
1754050487.76246,6,-1,-130
1754050487.80146,4,0,-129
1754050487.83946,7,-4,-136
1754050487.87546,3,1,-125
1754050487.91246,-1,7,-133
1754050487.95146,-3,4,-116
1754050487.98946,-1,7,-131
1754050488.02546,-1,-2,-125
1754050488.06346,0,-5,-132
1754050488.10146,2,-5,-138
1754050488.14046,1,-2,-125
1754050488.17646,-2,-1,-116
1754050488.21446,-5,-1,-121
1754050488.25246,2,-3,-142
1754050488.29146,-6,-8,-128
1754050488.32946,7,1,-129
1754050488.3654602,0,1,-133
1754050488.40346,2,1,-132
1754050488.44246,1,-1,-126
1754050488.4804602,-3,-1,-133
1754050488.5164602,0,0,-134
1754050488.55346,8,-6,-120
1754050488.5924602,2,1,-129
1754050488.63046,7,-3,-129
1754050488.66646,3,-2,-121
1754050488.70546,4,-5,-132
1754050488.74246,2,1,-121
1754050488.78146,5,0,-119
1754050488.81746,-1,-7,-130
1754050488.8554602,-1,-3,-128
1754050488.89346,-1,0,-142
1754050488.93146,0,6,-128
1754050488.9704602,-1,-5,-121
1754050489.0064602,0,-5,-113
1754050489.04446,1,-2,-125
1754050489.0824602,5,0,-140
1754050489.1214602,5,-3,-135
1754050489.1574602,0,0,-134
1754050489.19546,2,-7,-123
1754050489.2334602,0,-2,-120
1754050489.27146,2,0,-132
1754050489.31046,5,-5,-127
1754050489.34646,-3,0,-126
1754050489.3844602,-4,-2,-122
1754050489.42246,-1,-4,-129
1754050489.46146,-11,-2,-130
1754050489.49746,1,-3,-124
1754050489.53546,-1,-5,-127
1754050489.57346,-1,-4,-131
1754050489.61246,3,3,-132
1754050489.65046,5,0,-126
1754050489.68646,0,1,-130
1754050489.7234602,2,-1,-132
1754050489.76246,-5,6,-127
1754050489.80046,1,-2,-132
1754050489.83646,0,-8,-125
1754050489.87546,-5,-7,-137
1754050489.91246,0,0,-135
1754050489.95146,-3,-4,-131
1754050489.98746,-1,4,-128
1754050490.02546,5,-4,-135
1754050490.06346,-1,-2,-123
1754050490.10246,1,3,-134
1754050490.14046,0,-8,-126
1754050490.17646,3,-4,-120
1754050490.21446,2,0,-134
1754050490.25246,0,-3,-127
1754050490.29146,5,1,-123
1754050490.32746,-1,-1,-126
1754050490.3654602,-3,5,-141
1754050490.40346,-5,0,-119
1754050490.44246,0,0,-127
1754050490.4804602,0,0,-128
1754050490.5164602,1,-7,-129
1754050490.55446,7,-5,-131
1754050490.5924602,3,-2,-135
1754050490.6314602,0,0,-128
1754050490.6674602,1,-3,-140
1754050490.70546,-1,-2,-144
1754050490.7434602,1,-6,-131
1754050490.7824602,6,-2,-134
1754050490.81846,-1,-2,-135
1754050490.85646,-2,-4,-129
1754050490.8944602,-2,1,-133
1754050490.93246,8,3,-130
1754050490.96846,2,5,-130
1754050491.00546,0,2,-140
1754050491.04346,0,1,-133
1754050491.0824602,0,5,-138
1754050491.1184602,0,0,-138
1754050491.15546,1,0,-141
1754050491.19346,-5,-1,-129
1754050491.23246,-3,6,-120
1754050491.26846,1,0,-121
1754050491.30546,5,-5,-128
1754050491.34346,8,-3,-124
1754050491.38246,7,-6,-133
1754050491.41846,0,-10,-128
1754050491.45646,7,-4,-125
1754050491.49546,4,0,-136
1754050491.53346,1,-3,-138
1754050491.57146,0,-1,-136
1754050491.60746,2,-3,-134
1754050491.64546,-1,-7,-125
1754050491.68346,-5,0,-131
1754050491.72246,-4,-4,-129
1754050491.75846,-1,-7,-123
1754050491.7964602,-1,-3,-135
1754050491.83446,-8,-8,-146
1754050491.87346,1,-2,-129
1754050491.9114602,-2,0,-119
1754050491.9474602,3,-1,-113
1754050491.98546,1,-3,-121
1754050492.02346,-5,-7,-132
1754050492.0624602,-6,0,-131
1754050492.0984602,0,6,-134
1754050492.13546,-1,-4,-139
1754050492.17346,0,-5,-130
1754050492.21246,4,-8,-136
1754050492.24846,2,-5,-142
1754050492.2864602,-5,0,-131
1754050492.32446,-8,-7,-142
1754050492.36346,2,0,-127
1754050492.4014602,5,-3,-129
1754050492.4374602,7,-1,-120
1754050492.47546,-4,-3,-130
1754050492.5134602,0,-8,-125
1754050492.5524602,-1,-4,-122
1754050492.5884602,0,-3,-125
1754050492.62646,2,-2,-130
1754050492.6644602,-4,-11,-128
1754050492.70346,-5,-7,-128
1754050492.73946,-4,-3,-115
1754050492.77846,-1,-4,-133
1754050492.8154602,-2,1,-146
1754050492.85346,-4,0,-141
1754050492.89246,8,-9,-142
1754050492.92846,5,-1,-135
1754050492.96646,-1,-4,-128
1754050493.00446,-2,-5,-128
1754050493.04346,-3,-6,-135
1754050493.07946,0,0,-142
1754050493.11646,5,1,-128
1754050493.1544602,0,0,-129
1754050493.19346,-4,-4,-129
1754050493.22946,0,-1,-137
1754050493.26746,-1,-5,-126
1754050493.30546,0,-7,-133
1754050493.34346,0,-9,-129
1754050493.38246,-3,0,-126
1754050493.41846,-5,3,-137
1754050493.45646,0,-4,-143
1754050493.49446,3,-2,-124
1754050493.53346,13,1,-133
1754050493.5694602,1,0,-134
1754050493.60646,0,2,-135
1754050493.6444602,0,-7,-126
1754050493.68346,-1,-4,-133
1754050493.71946,-1,-6,-139
1754050493.75746,0,2,-137
1754050493.79546,2,-2,-136
1754050493.83446,-1,-8,-132
1754050493.87246,-11,-5,-129
1754050493.90846,-4,-3,-125
1754050493.94646,-6,0,-133
1754050493.98446,-6,0,-133
1754050494.02346,0,-2,-126
1754050494.0594602,-4,-2,-127
1754050494.09746,-3,3,-138
1754050494.13546,1,-9,-136
1754050494.1744602,-3,-9,-117
1754050494.21246,2,0,-133
1754050494.24846,3,-1,-129
1754050494.28746,-2,-1,-132
1754050494.32446,-2,-9,-125
1754050494.36346,-4,-9,-136
1754050494.39946,-1,-9,-126
1754050494.4374602,0,-12,-131
1754050494.47546,7,-4,-131
1754050494.51446,3,-3,-131
1754050494.5524602,-2,0,-120
1754050494.5884602,-8,-1,-128
1754050494.62646,0,0,-124
1754050494.6644602,0,-1,-131
1754050494.70346,1,-4,-120
1754050494.73946,-3,-7,-129
1754050494.77746,-2,-3,-128
1754050494.8154602,-2,0,-133
1754050494.85446,5,0,-131
1754050494.89046,-3,0,-126
1754050494.92846,-5,-2,-117
1754050494.96646,3,-6,-124
1754050495.00446,0,-8,-126
1754050495.04346,-4,-5,-132
1754050495.07946,-4,-6,-127
1754050495.11746,3,-6,-128
1754050495.15546,1,7,-119
1754050495.19946,0,0,-127
1754050495.23746,-5,1,-137
1754050495.27546,5,4,-144
1754050495.31446,0,0,-147
1754050495.35046,-2,-1,-150
1754050495.3884602,-1,5,-134
1754050495.42646,2,0,-130
1754050495.46446,-3,2,-122
1754050495.5034602,0,-8,-128
1754050495.5394602,0,-5,-133
1754050495.57746,1,0,-133
1754050495.6154602,-3,3,-126
1754050495.6544602,-1,1,-121
1754050495.6904602,-4,-3,-129
1754050495.72846,-3,-10,-131
1754050495.7664602,0,-3,-130
1754050495.80546,0,-7,-135
1754050495.84346,-2,-1,-119
1754050495.87946,-2,4,-119
1754050495.9174602,5,0,-124
1754050495.95546,-1,4,-130
1754050495.99446,-2,0,-118
1754050496.03046,2,0,-124
1754050496.06846,-3,-6,-133
1754050496.10646,-4,-7,-124
1754050496.14546,-3,0,-127
1754050496.18346,5,-5,-139
1754050496.21946,1,-4,-122
1754050496.25746,3,-2,-132
1754050496.29546,-4,-3,-131
1754050496.33346,-5,0,-125
1754050496.36946,-6,0,-123
1754050496.4074602,-4,-1,-131
1754050496.44546,-2,0,-133
1754050496.48446,-2,-6,-134
1754050496.52046,-2,-1,-134
1754050496.55846,-3,1,-140
1754050496.59646,5,-6,-126
1754050496.63546,3,-1,-124
1754050496.67346,-3,-1,-128
1754050496.70946,0,-3,-127
1754050496.74746,-3,-1,-123
1754050496.78546,0,2,-134
1754050496.82446,-7,2,-127
1754050496.86046,-1,-3,-137
1754050496.89846,-2,-5,-132
1754050496.9374602,-5,-1,-135
1754050496.97546,0,-6,-127
1754050497.01146,-4,-3,-120
1754050497.0494602,1,0,-123
1754050497.08746,-2,-4,-124
1754050497.12546,3,-3,-133
1754050497.1644602,6,-6,-142
1754050497.2004602,6,-4,-131
1754050497.23946,4,-5,-137
1754050497.2764602,-3,-7,-140
1754050497.3154602,-5,0,-123
1754050497.35146,-4,-2,-128
1754050497.39046,-5,-2,-128
1754050497.4274602,-5,-1,-116
1754050497.46546,5,-2,-131
1754050497.50446,1,-1,-122
1754050497.54046,1,-3,-122
1754050497.57846,-1,-3,-134
1754050497.61646,3,0,-125
1754050497.65546,2,-1,-129
1754050497.69146,0,-2,-136
1754050497.72946,0,-5,-138
1754050497.76746,0,-2,-128
1754050497.80646,-7,-6,-133
1754050497.84446,0,-2,-122
1754050497.88046,1,1,-130
1754050497.91846,6,-3,-131
1754050497.95646,1,-1,-130
1754050497.99546,-2,-4,-135
1754050498.03146,1,-7,-136
1754050498.07046,0,0,-125
1754050498.10746,6,3,-129
1754050498.14646,7,-2,-126
1754050498.1844602,0,-3,-122
1754050498.2204602,0,0,-120
1754050498.25746,-5,3,-118
1754050498.2964602,3,-1,-130
1754050498.33446,1,1,-135
1754050498.37046,0,2,-135
1754050498.4074602,1,0,-136
1754050498.44646,0,1,-127
1754050498.48446,1,1,-135
1754050498.52046,7,-3,-127
1754050498.55846,-4,0,-126
1754050498.59646,-5,0,-140
1754050498.63546,1,-5,-128
1754050498.6714602,-1,-4,-123
1754050498.70946,0,-3,-132
1754050498.74746,2,-3,-134
1754050498.7864602,3,0,-133
1754050498.82446,4,1,-132
1754050498.8614602,8,-1,-133
1754050498.89946,0,-8,-121
1754050498.9374602,2,-5,-132
1754050498.97646,8,-7,-117
1754050499.01246,11,-8,-121
1754050499.05046,9,-7,-125
1754050499.0884602,6,-8,-136
1754050499.12646,-6,-2,-127
1754050499.16546,-6,-7,-136
1754050499.20146,-8,-4,-141
1754050499.23946,-1,0,-134
1754050499.27746,-3,-9,-133
1754050499.31646,0,0,-140
1754050499.35246,-1,6,-130
1754050499.39046,0,-3,-122
1754050499.42846,6,-1,-125
1754050499.46646,0,-2,-131
1754050499.50546,0,-3,-126
1754050499.54146,2,-1,-128
1754050499.57946,2,0,-130
1754050499.61746,2,3,-131
1754050499.65646,5,-2,-135
1754050499.69246,-1,-3,-125
1754050499.7304602,-5,-7,-131
1754050499.76846,-4,2,-139
1754050499.80746,-7,4,-126
1754050499.8454602,4,0,-146
1754050499.8814602,-6,-1,-141
1754050499.92046,-7,4,-128
1754050499.9574602,-5,1,-130
1754050499.9964602,-1,-1,-131
1754050500.03346,6,-1,-144
1754050500.07046,1,-1,-133
1754050500.1084602,4,-1,-130
1754050500.14746,2,-2,-128
1754050500.18546,8,-3,-124
1754050500.22146,6,2,-132
1754050500.25846,6,0,-131
1754050500.29746,6,5,-116
1754050500.3354602,0,-8,-129
1754050500.3714602,0,-9,-125
1754050500.40946,1,-2,-134
1754050500.4474602,1,0,-137
1754050500.4864602,3,-2,-130
1754050500.52246,-3,2,-128
1754050500.56146,16,3,-136
1754050500.5984602,0,0,-129
1754050500.63746,-5,3,-130
1754050500.67546,-4,-2,-124
1754050500.71146,0,-4,-123
1754050500.74846,-1,-4,-128
1754050500.78746,0,-11,-133
1754050500.8254602,-5,-7,-134
1754050500.8614602,2,-3,-140
1754050500.90046,8,-8,-130
1754050500.9374602,16,-4,-137
1754050500.97646,2,-1,-129
1754050501.01246,6,0,-134
1754050501.05046,5,-2,-136
1754050501.08746,7,-1,-135
1754050501.12646,7,-2,-135
1754050501.16246,7,0,-133
1754050501.2004602,-1,3,-126
1754050501.23746,0,9,-136
1754050501.2764602,-2,5,-132
1754050501.3124602,-3,7,-128
1754050501.35046,2,2,-135
1754050501.3884602,1,0,-141
1754050501.4274602,-1,-4,-130
1754050501.4634602,0,-7,-125
1754050501.50046,1,-3,-117
1754050501.53846,2,0,-128
1754050501.57746,0,-2,-143
1754050501.61346,-6,-2,-128
1754050501.6514602,-2,-7,-122
1754050501.6904602,0,-3,-136
1754050501.72746,3,-1,-132
1754050501.7664602,-1,12,-138
1754050501.8024602,2,10,-135
1754050501.84046,-2,3,-135
1754050501.8784602,-1,0,-139
1754050501.91646,9,-1,-137
1754050501.95246,0,-7,-135
1754050501.9904602,2,-4,-136
1754050502.02846,6,-2,-117
1754050502.06746,3,0,-128
1754050502.10346,0,2,-127
1754050502.14046,0,-1,-132
1754050502.17846,1,0,-129
1754050502.2174602,-2,-2,-123
1754050502.2534602,0,-5,-110
1754050502.29146,4,-2,-121
1754050502.32946,8,-1,-126
1754050502.3684602,-1,2,-137
1754050502.40646,-1,1,-127
1754050502.44246,0,-1,-135
1754050502.47946,-1,2,-138
1754050502.51846,-1,7,-143
1754050502.55646,-5,-1,-140
1754050502.5924602,-9,1,-137
1754050502.63046,0,-1,-135
1754050502.66846,-8,0,-134
1754050502.7074602,-5,0,-129
1754050502.7434602,-3,-1,-136
1754050502.78146,-4,-3,-143
1754050502.8194602,-5,1,-138
1754050502.8584602,0,3,-144
1754050502.8944602,1,4,-134
1754050502.93146,1,7,-126
1754050502.96946,2,5,-128
1754050503.00846,-1,-3,-134
1754050503.04446,-3,0,-126
1754050503.08146,-7,4,-131
1754050503.11946,-1,2,-136
1754050503.15846,-6,0,-131
1754050503.1944602,2,-2,-136
1754050503.23246,8,-9,-129
1754050503.27046,0,-5,-133
1754050503.30846,0,-2,-128
1754050503.34746,-6,-2,-140
1754050503.3844602,-2,0,-124
1754050503.4214602,0,0,-123
1754050503.45946,2,-6,-120
1754050503.49846,2,0,-122
1754050503.53446,0,5,-137
1754050503.57146,2,5,-138
1754050503.60946,4,0,-128
1754050503.64846,-1,0,-132
1754050503.6844602,2,1,-135
1754050503.72146,1,-1,-127
1754050503.7594602,1,0,-133
1754050503.79846,-1,0,-135
1754050503.83446,-1,-4,-123
1754050503.87246,2,0,-136
1754050503.91046,1,-4,-134
1754050503.94946,-3,-3,-139
1754050503.98746,1,3,-144
1754050504.02346,1,-3,-132
1754050504.0624602,5,-5,-125
1754050504.09946,1,-3,-127
1754050504.1384602,0,-3,-141
1754050504.1744602,-2,-6,-135
1754050504.21246,3,-3,-133
1754050504.25146,6,2,-133
1754050504.2894602,0,0,-123
1754050504.32746,0,0,-116
1754050504.36346,-1,-3,-118
1754050504.4014602,4,-3,-120
1754050504.43946,12,-1,-133
1754050504.47846,-5,0,-133
1754050504.51446,2,7,-136
1754050504.55146,5,-1,-124
1754050504.58946,5,2,-124
1754050504.6284602,-5,4,-125
1754050504.6644602,-2,2,-128
1754050504.70246,-4,0,-129
1754050504.7404602,-6,-5,-131
1754050504.7794602,-5,-5,-129
1754050504.81746,-2,-2,-126
1754050504.85346,-4,-9,-127
1754050504.89246,-2,0,-128
1754050504.92946,-7,0,-127
1754050504.96846,1,-4,-124
1754050505.00446,-6,-4,-129
1754050505.0424602,-2,4,-129
1754050505.08046,0,5,-119
1754050505.11946,-8,0,-117
1754050505.15546,-8,0,-129
1754050505.19246,-11,0,-133
1754050505.23846,5,-4,-136
1754050505.27446,0,0,-133
1754050505.31146,-2,1,-139
1754050505.34946,-5,4,-141
1754050505.3884602,-2,-3,-142
1754050505.4244602,0,-2,-126
1754050505.46246,2,1,-126
1754050505.50146,5,4,-121
1754050505.5394602,10,-2,-124
1754050505.5754602,6,3,-122
1754050505.61246,-4,-6,-118
1754050505.6514602,-1,3,-127
1754050505.68946,2,-1,-120
1754050505.72546,-2,-7,-126
1754050505.7634602,0,1,-120
1754050505.80146,-7,0,-150
1754050505.84046,-2,-4,-134
1754050505.8784602,-3,-2,-133
1754050505.9144602,-7,1,-140
1754050505.95246,0,-2,-131
1754050505.99146,-2,-1,-138
1754050506.0294602,-8,0,-134
1754050506.0654602,0,-1,-136
1754050506.10346,-2,-7,-138
1754050506.1414602,0,-3,-129
1754050506.18046,2,2,-130
1754050506.21846,1,3,-123
1754050506.25446,2,-4,-122
1754050506.2924602,2,-2,-138
1754050506.33046,0,-4,-134
1754050506.36946,-1,0,-137
1754050506.40546,-8,-1,-139
1754050506.44346,-1,-7,-127
1754050506.48146,0,-2,-119
1754050506.52046,-3,0,-121
1754050506.55846,0,3,-131
1754050506.59446,0,0,-126
1754050506.63246,3,-4,-136
1754050506.67046,0,-2,-133
1754050506.70946,6,0,-136
1754050506.74546,8,-2,-141
1754050506.78346,5,-1,-141
1754050506.82146,2,6,-131
1754050506.86046,-3,6,-136
1754050506.89846,-2,-1,-134
1754050506.9344602,-4,-5,-126
1754050506.97246,-8,-3,-129
1754050507.01046,-13,1,-130
1754050507.0494602,-6,-2,-131
1754050507.0854602,-2,-2,-132
1754050507.12346,2,-4,-140
1754050507.1614602,3,0,-132
1754050507.2004602,4,-1,-132
1754050507.2364602,4,0,-139
1754050507.27346,3,-1,-141
1754050507.31146,-4,-4,-140
1754050507.35046,6,0,-144
1754050507.38646,4,3,-142
1754050507.42346,-1,-2,-134
1754050507.46146,0,-7,-115
1754050507.50046,-2,-3,-124
1754050507.5364602,3,-5,-131
1754050507.5754602,3,-3,-128
1754050507.61246,5,-2,-123
1754050507.65046,2,-2,-136
1754050507.68946,-3,1,-131
1754050507.72546,-2,4,-125
1754050507.7634602,-1,4,-133
1754050507.8024602,3,1,-131
1754050507.84046,-1,-6,-129
1754050507.87646,1,2,-130
1754050507.91346,0,0,-117
1754050507.95246,1,0,-124
1754050507.9904602,0,0,-130
1754050508.0264602,9,-1,-143
1754050508.06446,8,1,-133
1754050508.10246,0,3,-133
1754050508.1414602,1,2,-136
1754050508.17946,1,-9,-138
1754050508.21546,-2,-2,-124
1754050508.2534602,-1,-2,-126
1754050508.29146,-4,0,-130
1754050508.33046,-2,0,-117
1754050508.36646,-3,5,-139
1754050508.4044602,4,-2,-134
1754050508.44346,3,1,-121
1754050508.48146,5,-2,-129
1754050508.5194602,4,-2,-124
1754050508.55546,0,0,-130
1754050508.59346,-3,4,-127
1754050508.6314602,3,-1,-127
1754050508.66946,-1,-6,-117
1754050508.70546,-7,-1,-124
1754050508.7434602,4,6,-132
1754050508.78146,2,0,-127
1754050508.82046,-3,0,-134
1754050508.85646,-4,0,-128
1754050508.8944602,-7,-1,-132
1754050508.93246,0,-2,-137
1754050508.97146,-3,2,-137
1754050509.0094602,1,1,-125
1754050509.04546,-1,-9,-127
1754050509.08346,0,-3,-132
1754050509.1214602,3,-10,-130
1754050509.16046,0,-5,-122
1754050509.19646,0,-2,-127
1754050509.23446,2,-2,-130
1754050509.27246,6,-1,-122
1754050509.31146,2,-2,-126
1754050509.34746,1,0,-128
1754050509.3844602,6,5,-117
1754050509.42246,10,4,-124
1754050509.46146,4,4,-128
1754050509.49746,-7,-4,-139
1754050509.5364602,-8,-1,-125
1754050509.57346,-3,0,-126
1754050509.6114602,-1,1,-129
1754050509.65046,0,4,-135
1754050509.68646,-7,4,-137
1754050509.72446,-2,3,-133
1754050509.76246,-2,1,-123
1754050509.80146,-1,1,-135
1754050509.83746,2,2,-127
1754050509.87446,4,0,-130
1754050509.91246,-3,-2,-137
1754050509.95146,-9,-3,-144
1754050509.98746,-10,0,-123
1754050510.02546,2,-5,-130
1754050510.06446,2,0,-132
1754050510.10246,-3,-4,-136
1754050510.14046,-3,-5,-128
1754050510.17646,-1,2,-118
1754050510.21446,4,0,-119
1754050510.25246,5,-1,-133
1754050510.29146,0,3,-131
1754050510.32746,-3,2,-127
1754050510.3654602,-3,-6,-129
1754050510.40346,7,0,-134
1754050510.44246,7,0,-127
1754050510.4804602,8,2,-129
1754050510.5164602,3,3,-125
1754050510.55346,3,0,-121
1754050510.5924602,-1,-8,-143
1754050510.63046,4,-2,-132
1754050510.66646,4,-5,-144
1754050510.70446,0,-5,-138
1754050510.74246,-3,-1,-132
1754050510.78146,0,-3,-121
1754050510.81746,3,-2,-127
1754050510.8554602,3,-1,-130
1754050510.89346,0,-3,-133
1754050510.93246,3,-1,-128
1754050510.9704602,0,-1,-126
1754050511.0064602,0,1,-139
1754050511.04446,-2,5,-130
1754050511.0824602,0,-7,-128
1754050511.1184602,3,-5,-136
1754050511.15646,4,0,-124
1754050511.1944602,9,1,-128
1754050511.23246,1,1,-124
1754050511.27146,-1,1,-142
1754050511.30746,-1,0,-136
1754050511.3454602,-5,0,-133
1754050511.38346,-5,3,-128
1754050511.42246,-7,2,-126
1754050511.45846,-7,-3,-116
1754050511.4964602,0,-1,-133
1754050511.53546,-2,1,-135
1754050511.5724602,-4,2,-145
1754050511.6114602,-1,0,-137
1754050511.64746,-1,5,-130
1754050511.68546,0,1,-125
1754050511.7234602,3,0,-127
1754050511.76246,2,1,-137
1754050511.79846,3,0,-139
1754050511.8354602,2,-4,-134
1754050511.87346,2,-4,-128
1754050511.91246,-1,-3,-145
1754050511.94846,-1,-9,-129
1754050511.9864602,-3,-2,-132
1754050512.02446,-7,1,-129
1754050512.06346,-3,2,-128
1754050512.10146,-1,0,-123
1754050512.13746,0,-5,-127
1754050512.17546,3,0,-128
1754050512.2134602,1,-4,-137
1754050512.25246,2,2,-135
1754050512.28846,-3,-2,-142
1754050512.32646,7,-2,-132
1754050512.36446,3,-3,-121
1754050512.40346,1,-3,-136
1754050512.44146,5,-3,-123
1754050512.47746,0,2,-122
1754050512.51546,4,-7,-127
1754050512.55346,3,0,-133
1754050512.5924602,0,-2,-130
1754050512.6284602,-10,2,-130
1754050512.66646,1,3,-125
1754050512.70446,6,2,-134
1754050512.7434602,4,-3,-141
1754050512.78146,1,0,-125
1754050512.81746,2,0,-126
1754050512.85446,-6,1,-117
1754050512.89346,-6,-6,-128
1754050512.93146,-9,-6,-133
1754050512.9674602,1,-8,-125
1754050513.00546,6,2,-133
1754050513.04346,2,-3,-139
1754050513.0824602,5,-3,-141
1754050513.1184602,6,-4,-130
1754050513.1574602,5,-7,-126
1754050513.19546,8,0,-135
1754050513.2334602,4,-8,-132
1754050513.2694602,1,1,-129
1754050513.30646,-7,0,-120
1754050513.3454602,2,4,-138
1754050513.38346,-4,4,-141
1754050513.41946,3,0,-136
1754050513.45646,0,6,-133
1754050513.49546,0,1,-138
1754050513.53346,-3,-1,-132
1754050513.5694602,-4,-3,-125
1754050513.60746,0,-9,-125
1754050513.64546,2,-7,-139
1754050513.68346,3,-6,-132
1754050513.72246,1,-2,-136
1754050513.75846,7,1,-129
1754050513.79546,2,-5,-126
1754050513.83346,2,-3,-131
1754050513.87246,-2,0,-125
1754050513.90846,7,-4,-124
1754050513.94646,10,-1,-125
1754050513.98446,-3,-2,-142
1754050514.02346,5,-4,-127
1754050514.0594602,4,-12,-134
1754050514.09746,0,-1,-128
1754050514.13546,1,2,-133
1754050514.1744602,8,-4,-135
1754050514.21246,5,0,-133
1754050514.24846,0,-8,-133
1754050514.28746,3,-1,-122
1754050514.32446,1,4,-141
1754050514.36346,3,-1,-132
1754050514.39946,-4,-6,-136
1754050514.4374602,2,-6,-122
1754050514.47546,0,0,-112
1754050514.51446,6,-1,-124
1754050514.5524602,3,0,-116
1754050514.5884602,9,5,-127
1754050514.62646,5,0,-122
1754050514.6644602,2,3,-129
1754050514.70346,3,0,-132
1754050514.73946,8,-1,-135
1754050514.77746,3,-3,-119
1754050514.8154602,-1,0,-131
1754050514.85446,-9,-3,-129
1754050514.89246,-7,0,-122
1754050514.92846,-1,-5,-121
1754050514.96646,-4,0,-125
1754050515.00446,0,0,-119
1754050515.04346,6,-1,-129
1754050515.07946,-1,-2,-133
1754050515.11746,0,8,-121
1754050515.15546,4,-1,-121
1754050515.1944602,0,-8,-130
1754050515.23746,-1,-5,-131
1754050515.27546,-1,0,-138
1754050515.31446,-3,5,-141
1754050515.35046,-1,7,-138
1754050515.3884602,0,-6,-140
1754050515.42646,-1,3,-132
1754050515.46446,0,-1,-140
1754050515.5034602,4,1,-140
1754050515.5394602,2,0,-135
1754050515.57646,1,-5,-133
1754050515.61446,3,-10,-128
1754050515.65346,4,-7,-123
1754050515.68946,-3,3,-122
1754050515.72746,-7,7,-123
1754050515.76546,0,-1,-122
1754050515.80446,-7,-5,-132
1754050515.84046,0,-2,-131
1754050515.87946,7,4,-136
1754050515.91646,4,-2,-138
1754050515.95446,5,-5,-122
1754050515.9934602,1,-4,-110
1754050516.0294602,4,-1,-132
1754050516.06746,5,-9,-121
1754050516.1054602,3,-6,-127
1754050516.1444602,-5,-1,-130
1754050516.18046,-4,-6,-128
1754050516.21846,-6,4,-128
1754050516.2564602,-2,3,-136
1754050516.29546,-2,6,-135
1754050516.33346,-2,0,-125
1754050516.36946,-3,1,-125
1754050516.4074602,3,2,-135
1754050516.44646,2,-1,-143
1754050516.48446,0,-7,-135
1754050516.52046,5,-2,-128
1754050516.55846,2,-6,-138
1754050516.59646,-3,3,-128
1754050516.63546,4,-6,-128
1754050516.67346,6,0,-126
1754050516.70946,2,0,-131
1754050516.7464602,0,2,-124
1754050516.78546,-7,9,-127
1754050516.82346,1,3,-138
1754050516.85946,7,0,-127
1754050516.89646,4,0,-131
1754050516.93546,3,0,-129
1754050516.9734602,-1,-3,-127
1754050517.0094602,-2,-4,-122
1754050517.04746,-5,-5,-126
1754050517.0854602,-1,2,-127
1754050517.12446,-4,1,-139
1754050517.16046,-1,-5,-115
1754050517.19846,1,0,-118
1754050517.2364602,0,3,-129
1754050517.27546,-1,-5,-136
1754050517.31146,-3,-5,-134
1754050517.34946,-8,-7,-138
1754050517.3884602,2,-3,-133
1754050517.42546,1,-3,-132
1754050517.46446,-3,-7,-135
1754050517.50046,-6,-1,-136
1754050517.53846,-9,-5,-125
1754050517.57646,-6,-4,-117
1754050517.6154602,6,-3,-128
1754050517.6514602,0,-4,-134
1754050517.68946,0,0,-132
1754050517.72746,-3,2,-127
1754050517.7664602,-5,-6,-133
1754050517.80446,0,7,-135
1754050517.84146,-1,-3,-130
1754050517.87946,8,-2,-132
1754050517.91646,0,-1,-129
1754050517.95546,2,-5,-115
1754050517.99146,3,0,-116
1754050518.02846,1,2,-117
1754050518.06646,0,-3,-127
1754050518.1054602,4,-7,-126
1754050518.1414602,0,-5,-123
1754050518.17846,-2,-2,-133
1754050518.21646,-1,-1,-139
1754050518.25546,-5,0,-142
1754050518.29146,1,-4,-140
1754050518.32946,2,-1,-130
1754050518.36746,-1,-8,-144
1754050518.40646,8,-8,-133
1754050518.4444602,4,-14,-122
1754050518.4804602,7,-11,-125
1754050518.51846,-6,-7,-116
1754050518.55646,4,5,-117
1754050518.5954602,3,-1,-129
1754050518.6314602,1,0,-129
1754050518.66946,5,-2,-116
1754050518.7074602,10,2,-124
1754050518.7464602,1,-6,-128
1754050518.78446,-5,-5,-140
1754050518.82046,-8,-6,-127
1754050518.85946,-2,2,-117
1754050518.89646,0,6,-131
1754050518.93546,4,-4,-122
1754050518.97246,2,-5,-142
1754050519.0094602,-1,0,-137
1754050519.04746,1,0,-123
1754050519.08646,2,0,-126
1754050519.12446,0,0,-122
1754050519.16046,-4,0,-129
1754050519.19846,-2,-3,-125
1754050519.2364602,0,-5,-127
1754050519.27546,8,2,-121
1754050519.31146,-1,0,-129
1754050519.34946,-3,-5,-124
1754050519.38746,0,0,-125
1754050519.42646,3,-4,-123
1754050519.46246,5,-1,-131
1754050519.50046,5,1,-128
1754050519.53846,5,-6,-134
1754050519.57646,0,-4,-129
1754050519.6154602,2,-3,-132
1754050519.6514602,-1,0,-126
1754050519.68946,-3,2,-129
1754050519.72646,7,0,-136
1754050519.76546,-2,0,-133
1754050519.80146,4,-3,-136
1754050519.83946,3,3,-120
1754050519.87746,1,-5,-130
1754050519.91646,-1,-2,-124
1754050519.95246,-5,-1,-122
1754050519.9904602,-6,-4,-122
1754050520.02846,-4,-3,-120
1754050520.06746,3,-8,-117
1754050520.1054602,2,-5,-127
1754050520.1414602,3,-1,-136
1754050520.17946,-4,8,-124
1754050520.2174602,-2,7,-131
1754050520.2564602,-2,3,-128
1754050520.2924602,-4,0,-124
1754050520.33046,-3,-1,-127
1754050520.3684602,-9,0,-118
1754050520.4074602,-8,-1,-121
1754050520.44546,6,1,-130
1754050520.48146,4,3,-121
1754050520.51846,0,2,-124
1754050520.55746,4,-2,-133
1754050520.5954602,10,-4,-131
1754050520.63246,1,-3,-125
1754050520.66946,0,-1,-135
1754050520.7074602,4,-2,-133
1754050520.7464602,0,0,-119
1754050520.7824602,3,-2,-120
1754050520.82146,8,0,-122
1754050520.8584602,2,-5,-122
1754050520.89746,-5,6,-125
1754050520.93546,0,0,-119
1754050520.97146,0,5,-119
1754050521.00846,2,0,-132
1754050521.04746,0,3,-143
1754050521.0854602,4,0,-130
1754050521.1214602,6,-5,-117
1754050521.15946,1,0,-119
1754050521.1974602,-2,2,-129
1754050521.2364602,-3,4,-129
1754050521.27246,-2,1,-131
1754050521.31046,-3,0,-136
1754050521.34946,-2,-3,-136
1754050521.38746,0,-1,-137
1754050521.42346,-2,-5,-141
1754050521.46146,-2,0,-127
1754050521.49946,3,3,-127
1754050521.53746,0,2,-134
1754050521.57646,3,3,-138
1754050521.61246,5,3,-136
1754050521.64946,6,0,-134
1754050521.6874602,6,1,-135
1754050521.72646,-2,-8,-135
1754050521.76246,3,1,-133
1754050521.7994602,-1,-3,-134
1754050521.83746,-2,2,-121
1754050521.87646,0,6,-127
1754050521.91246,4,0,-126
1754050521.94946,-5,0,-133
1754050521.98746,-1,-4,-125
1754050522.0264602,0,-2,-128
1754050522.0624602,0,-3,-123
1754050522.10046,3,-1,-123
1754050522.13946,2,0,-135
1754050522.1774602,3,-4,-124
1754050522.2134602,8,-2,-123
1754050522.25146,2,0,-125
1754050522.2894602,0,-1,-127
1754050522.32846,-1,-2,-136
1754050522.36646,0,-1,-133
1754050522.40246,1,0,-131
1754050522.43946,5,-1,-136
1754050522.47846,3,-3,-138
1754050522.5164602,0,-1,-134
1754050522.5524602,0,-2,-141
1754050522.59046,-8,0,-124
1754050522.6284602,-1,-2,-133
1754050522.6674602,4,-3,-135
1754050522.70346,1,-5,-135
1754050522.74146,4,3,-140
1754050522.7794602,-8,3,-148
1754050522.81846,-6,0,-140
1754050522.85646,1,5,-131
1754050522.89246,-1,5,-135
1754050522.93046,-1,-1,-137
1754050522.96846,2,0,-138
1754050523.00746,-5,2,-135
1754050523.04346,1,6,-127
1754050523.08046,6,2,-131
1754050523.1184602,1,2,-139
1754050523.1574602,-7,-1,-140
1754050523.19346,-3,0,-135
1754050523.23146,1,3,-121
1754050523.2694602,-4,4,-130
1754050523.30846,0,3,-122
1754050523.34446,1,0,-114
1754050523.3814602,-2,4,-117
1754050523.41946,-3,-6,-125
1754050523.45846,5,-2,-130
1754050523.49446,9,0,-130
1754050523.53146,-3,-3,-128
1754050523.5694602,-1,-1,-133
1754050523.6084602,0,-4,-130
1754050523.6444602,-1,1,-124
1754050523.68246,2,3,-132
1754050523.7204602,0,4,-119
1754050523.75846,-2,0,-130
1754050523.79746,3,-1,-128
1754050523.83346,7,3,-136
1754050523.87046,2,0,-139
1754050523.90846,-1,2,-140
1754050523.9474602,-2,-1,-140
1754050523.9834602,-1,-3,-131
1754050524.02146,3,-7,-127
1754050524.06046,-1,-4,-134
1754050524.0984602,0,-5,-141
1754050524.1344602,6,-1,-142
1754050524.17346,2,-2,-124
1754050524.2104602,0,-9,-121
1754050524.24946,2,1,-126
1754050524.28746,3,4,-117
1754050524.32346,4,1,-119
1754050524.36046,8,1,-126
1754050524.39946,-1,3,-127
1754050524.4374602,4,2,-129
1754050524.4734602,-1,-1,-132
1754050524.51146,-4,-2,-129
1754050524.5494602,-2,0,-141
1754050524.5884602,1,1,-127
1754050524.62446,8,-5,-129
1754050524.66246,8,-6,-131
1754050524.7004602,6,0,-118
1754050524.73946,-1,1,-124
1754050524.77746,-7,6,-115
1754050524.81346,-5,4,-134
1754050524.85146,1,0,-127
1754050524.89046,-2,0,-130
1754050524.92846,-7,0,-131
1754050524.96446,-1,0,-135
1754050525.00246,0,1,-133
1754050525.04046,3,-3,-124
1754050525.07946,9,-3,-121
1754050525.11746,2,-4,-126
1754050525.15346,2,-1,-113
1754050525.19146,-2,-11,-116
1754050525.22946,-8,-1,-122
1754050525.27346,-2,0,-129
1754050525.31146,2,-3,-127
1754050525.35046,-2,0,-131
1754050525.3884602,0,-2,-117
1754050525.4244602,2,-5,-120
1754050525.4634602,2,-1,-127
1754050525.50046,12,0,-127
1754050525.5394602,10,2,-125
1754050525.5754602,5,-4,-129
1754050525.61346,0,1,-126
1754050525.6514602,-5,0,-127
1754050525.6904602,-1,0,-131
1754050525.72846,-4,6,-132
1754050525.76446,2,1,-130
1754050525.80146,4,3,-128
1754050525.84046,-1,-2,-143
1754050525.8784602,2,2,-133
1754050525.9144602,0,1,-121
1754050525.95146,-5,0,-127
1754050525.9904602,0,2,-137
1754050526.02846,3,0,-139
1754050526.06446,4,-5,-130
1754050526.10246,9,0,-133
1754050526.14046,5,1,-120
1754050526.17946,-4,3,-130
1754050526.21546,-3,0,-133
1754050526.25246,1,2,-119
1754050526.29046,-1,-2,-128
1754050526.32946,2,3,-132
1754050526.3654602,0,6,-125
1754050526.40246,1,2,-126
1754050526.4404602,-2,0,-117
1754050526.47946,0,-2,-127
1754050526.51546,0,-2,-135
1754050526.55346,0,-3,-134
1754050526.59146,6,-1,-134
1754050526.63046,-5,0,-138
1754050526.66846,0,0,-138
1754050526.70446,-1,5,-135
1754050526.74246,-2,0,-126
1754050526.78046,0,-6,-138
1754050526.8194602,0,-2,-127
1754050526.8554602,0,-5,-120
1754050526.89346,8,2,-124
1754050526.93146,5,0,-141
1754050526.9704602,-2,4,-135
1754050527.00846,7,6,-130
1754050527.04446,3,0,-124
1754050527.08146,1,-2,-131
1754050527.12046,9,-1,-133
1754050527.15846,2,0,-134
1754050527.1944602,-2,2,-131
1754050527.23246,-5,8,-137
1754050527.27046,4,-2,-137
1754050527.3094602,9,-4,-133
1754050527.3454602,4,0,-131
1754050527.38346,0,2,-140
1754050527.4214602,5,7,-140
1754050527.4604602,-1,0,-149
1754050527.4964602,2,7,-138
1754050527.53546,7,3,-128
1754050527.5724602,4,-5,-136
1754050527.61046,-6,-4,-121
1754050527.64946,-7,-3,-125
1754050527.68546,-1,-5,-124
1754050527.7234602,2,-4,-116
1754050527.76146,0,-4,-124
1754050527.80046,0,2,-130
1754050527.83646,-1,-4,-134
1754050527.87446,-6,0,-127
1754050527.91246,1,0,-132
1754050527.9504602,3,-7,-128
1754050527.98946,-1,-2,-126
1754050528.02546,3,-4,-125
1754050528.06346,0,-3,-130
1754050528.10146,-2,-1,-137
1754050528.14046,5,4,-133
1754050528.17646,4,-4,-135
1754050528.21446,3,6,-132
1754050528.25246,6,1,-139
1754050528.29146,-4,-1,-127
1754050528.32946,2,0,-127
1754050528.3654602,0,-5,-131
1754050528.40346,-4,-8,-128
1754050528.44146,-15,-14,-133
1754050528.4804602,-4,-5,-120
1754050528.5164602,-8,3,-129
1754050528.55446,6,1,-129
1754050528.5924602,2,8,-127
1754050528.6314602,7,-1,-121
1754050528.66946,-7,-5,-120
1754050528.70546,-2,-5,-128
1754050528.7434602,-1,4,-126
1754050528.7824602,4,1,-122
1754050528.82046,2,-2,-132
1754050528.85646,-1,-1,-135
1754050528.8944602,-1,0,-146
1754050528.93246,7,-4,-131
1754050528.97146,3,-5,-132
1754050529.0094602,-1,-4,-130
1754050529.04546,-1,1,-135
1754050529.08346,1,-2,-121
1754050529.1214602,7,-4,-125
1754050529.16046,4,-4,-126
1754050529.19646,1,0,-128
1754050529.23446,7,0,-132
1754050529.27246,10,0,-131
1754050529.31146,8,0,-138
1754050529.34946,7,0,-127
1754050529.38546,0,0,-129
1754050529.42246,-7,4,-126
1754050529.46146,-9,0,-128
1754050529.49746,1,0,-134
1754050529.53446,-1,3,-124
1754050529.5724602,0,0,-127
1754050529.6114602,0,0,-118
1754050529.64746,0,-4,-128
1754050529.68546,-6,-7,-124
1754050529.7234602,-6,-3,-126
1754050529.76146,-5,0,-129
1754050529.80046,0,-1,-126
1754050529.83646,-4,1,-128
1754050529.87446,-4,1,-132
1754050529.91246,2,4,-120
1754050529.95146,5,0,-132
1754050529.98746,0,1,-124
1754050530.02446,-3,1,-123
1754050530.0624602,0,1,-133
1754050530.10146,6,2,-126
1754050530.13746,5,-6,-132
1754050530.17546,5,0,-128
1754050530.2134602,1,-6,-139
1754050530.25146,-8,0,-128
1754050530.29046,3,-6,-119
1754050530.32646,-1,-9,-128
1754050530.3654602,-3,-5,-136
1754050530.40246,0,-1,-131
1754050530.44146,4,-3,-130
1754050530.47746,0,-3,-126
1754050530.51546,-1,-7,-132
1754050530.55346,3,0,-131
1754050530.5924602,1,0,-128
1754050530.63046,1,-2,-117
1754050530.66646,0,4,-115
1754050530.70346,4,2,-129
1754050530.74246,5,0,-126
1754050530.78046,4,-9,-140
1754050530.81646,0,-3,-133
1754050530.85346,2,-3,-127
1754050530.89246,-5,0,-139
1754050530.93046,-3,1,-131
1754050530.96646,3,4,-129
1754050531.0034602,-1,3,-132
1754050531.0424602,-8,-5,-137
1754050531.08046,-4,-8,-134
1754050531.11646,5,-8,-130
1754050531.1544602,3,0,-131
1754050531.19246,3,-7,-138
1754050531.23146,4,8,-133
1754050531.26746,0,-4,-136
1754050531.30546,0,0,-132
1754050531.34346,-3,1,-126
1754050531.38246,-4,-1,-130
1754050531.42046,3,0,-124
1754050531.45646,5,0,-116
1754050531.49546,-4,-3,-129
1754050531.5324602,3,-2,-129
1754050531.57146,3,0,-136
1754050531.60746,1,2,-124
1754050531.64546,4,0,-124
1754050531.68346,5,0,-138
1754050531.72246,1,-5,-129
1754050531.75846,-1,-1,-125
1754050531.7964602,0,-3,-132
1754050531.83446,0,-1,-134
1754050531.87246,3,-3,-137
1754050531.9114602,3,0,-136
1754050531.9474602,1,-1,-133
1754050531.98446,1,1,-133
1754050532.02246,4,1,-125
1754050532.06146,2,-2,-130
1754050532.09746,-3,-1,-139
1754050532.13546,4,-3,-141
1754050532.17346,5,-2,-128
1754050532.21246,8,1,-132
1754050532.24846,6,0,-125
1754050532.2864602,4,10,-132
1754050532.32346,4,1,-128
1754050532.36246,3,0,-131
1754050532.39846,1,2,-124
1754050532.43646,5,-4,-129
1754050532.47446,6,-7,-124
1754050532.5134602,1,-7,-135
1754050532.55146,-3,-5,-130
1754050532.58746,0,-1,-126
1754050532.62546,-4,0,-129
1754050532.66346,-6,2,-138
1754050532.70246,-2,5,-129
1754050532.73846,6,3,-133
1754050532.77546,-4,3,-134
1754050532.81346,-1,-3,-127
1754050532.85246,1,-3,-130
1754050532.8884602,16,-3,-130
1754050532.92646,10,-2,-132
1754050532.96546,1,1,-132
1754050533.0034602,2,-3,-129
1754050533.04146,2,1,-132
1754050533.07746,-1,0,-131
1754050533.11646,5,1,-135
1754050533.15346,-2,-5,-129
1754050533.19246,-4,-6,-120
1754050533.22846,0,-2,-128
1754050533.26546,-1,-5,-140
1754050533.30346,0,0,-144
1754050533.3424602,5,-1,-134
1754050533.3784602,8,-1,-128
1754050533.41646,3,-6,-140
1754050533.45446,2,-4,-136
1754050533.4934602,3,-6,-137
1754050533.5294602,3,-2,-137
1754050533.56746,-3,3,-129
1754050533.6054602,7,1,-126
1754050533.64346,0,0,-125
1754050533.68246,-3,0,-130
1754050533.71846,1,0,-117
1754050533.75546,-2,1,-116
1754050533.79346,1,-7,-120
1754050533.8324602,-5,-11,-127
1754050533.8684602,-5,-2,-130
1754050533.90646,4,-2,-117
1754050533.9444602,4,0,-130
1754050533.9834602,2,-2,-143
1754050534.0194602,-6,-1,-136
1754050534.05746,0,-1,-124
1754050534.09646,3,-1,-139
1754050534.13346,0,-5,-142
1754050534.17246,8,-5,-141
1754050534.20946,5,-10,-137
1754050534.2464602,7,-4,-136
1754050534.28446,4,-2,-136
1754050534.32346,3,2,-129
1754050534.35946,6,-4,-127
1754050534.39746,-1,4,-138
1754050534.43546,-2,5,-139
1754050534.47446,-2,0,-131
1754050534.51246,-1,7,-125
1754050534.54846,0,-2,-120
1754050534.58646,-10,-7,-128
1754050534.62446,-3,2,-135
1754050534.66346,0,0,-139
1754050534.69946,-1,-5,-138
1754050534.73746,4,-6,-130
1754050534.77546,-1,-5,-135
1754050534.81446,6,3,-129
1754050534.85246,3,1,-136
1754050534.8884602,2,0,-135
1754050534.92546,2,0,-126
1754050534.96446,-6,-2,-125
1754050535.00246,-10,1,-140
1754050535.03846,-3,2,-136
1754050535.07646,-5,-2,-132
1754050535.11446,2,2,-129
1754050535.15346,5,-3,-131
1754050535.18946,9,-1,-142
1754050535.22746,6,-5,-136
1754050535.26546,-2,-10,-128
1754050535.3094602,-4,-5,-124
1754050535.34746,3,1,-133
1754050535.38546,2,-1,-138
1754050535.4244602,2,1,-143
1754050535.46246,3,4,-140
1754050535.49846,0,-1,-131
1754050535.5364602,9,2,-136
1754050535.57446,0,-2,-131
1754050535.61346,-3,-6,-136
1754050535.64946,1,3,-131
1754050535.6874602,3,6,-128
1754050535.72446,0,2,-137
1754050535.7634602,1,5,-130
1754050535.80046,-2,0,-127
1754050535.83746,-2,0,-131
1754050535.87646,4,3,-133
1754050535.9144602,-4,-3,-136
1754050535.9504602,7,-2,-137
1754050535.98846,5,-5,-124
1754050536.0264602,0,-4,-133
1754050536.06446,8,0,-126
1754050536.10346,7,-8,-140
1754050536.13946,0,-7,-135
1754050536.1774602,4,0,-131
1754050536.21546,5,-8,-134
1754050536.25446,2,-4,-135
1754050536.29046,2,-4,-133
1754050536.32846,6,2,-135
1754050536.36646,1,1,-122
1754050536.4044602,4,-1,-124
1754050536.44346,2,9,-122
1754050536.47946,4,5,-123
1754050536.51746,-1,-3,-131
1754050536.55546,-4,-3,-136
1754050536.59346,-2,4,-131
1754050536.62946,-3,2,-134
1754050536.6674602,-1,0,-137
1754050536.70546,0,-1,-135
1754050536.74446,-5,-6,-130
1754050536.78046,1,-8,-134
1754050536.81846,0,-7,-125
1754050536.85646,0,-2,-125
1754050536.89546,4,-2,-133
1754050536.93346,0,-1,-124
1754050536.96946,-2,-10,-128
1754050537.00746,0,-4,-141
1754050537.04546,3,1,-129
1754050537.08446,-1,0,-117
1754050537.12046,6,-3,-115
1754050537.15846,4,-2,-123
1754050537.19646,-1,0,-124
1754050537.23546,-3,-1,-121
1754050537.27346,6,-2,-129
1754050537.3094602,5,-5,-120
1754050537.34746,-1,-4,-137
1754050537.38546,1,-1,-131
1754050537.4244602,5,-5,-132
1754050537.4604602,-2,-10,-126
1754050537.49846,0,1,-133
1754050537.5364602,4,0,-132
1754050537.5754602,-6,1,-121
1754050537.61346,-3,-1,-135
1754050537.64946,-2,0,-144
1754050537.6874602,1,0,-144
1754050537.72546,3,-3,-131
1754050537.76446,1,-3,-132
1754050537.80046,10,-3,-142
1754050537.8384602,-5,-3,-131
1754050537.87646,2,-1,-117
1754050537.91546,2,-2,-131
1754050537.95146,-2,-6,-125
1754050537.98946,-3,0,-129
1754050538.02746,1,-2,-125
1754050538.0654602,-1,-2,-123
1754050538.10446,-3,3,-125
1754050538.14046,6,6,-125
1754050538.1774602,2,0,-132
1754050538.21546,1,0,-140
1754050538.25446,4,-6,-131
1754050538.29046,-1,-5,-129
1754050538.32846,2,-2,-132
1754050538.36646,0,-1,-139
1754050538.40546,-1,0,-129
1754050538.44146,-6,-3,-127
1754050538.4804602,-3,-5,-128
1754050538.51846,4,0,-131
1754050538.55646,-1,3,-122
1754050538.59446,8,-1,-126
1754050538.63046,2,3,-127
1754050538.6674602,-3,-6,-131
1754050538.70646,-4,-8,-129
1754050538.74446,-1,-3,-134
1754050538.78046,0,2,-139
1754050538.81846,0,0,-137
1754050538.85646,3,-5,-139
1754050538.8944602,5,-6,-139
1754050538.93046,-4,4,-137
1754050538.96846,-2,3,-128
1754050539.0064602,3,0,-130
1754050539.04546,5,-1,-132
1754050539.08146,0,1,-128
1754050539.1184602,1,1,-130
1754050539.15646,-1,-1,-126
1754050539.19546,0,-4,-124
1754050539.23146,3,-6,-121
1754050539.2694602,-1,1,-128
1754050539.30746,0,0,-130
1754050539.34646,0,-2,-128
1754050539.3844602,-1,-1,-133
1754050539.42046,-7,0,-124
1754050539.45846,-3,0,-130
1754050539.4964602,-1,0,-126
1754050539.53546,-1,-5,-130
1754050539.57146,-1,-4,-128
1754050539.60946,-6,2,-135
1754050539.64746,1,3,-127
1754050539.68646,0,0,-126
1754050539.72246,-8,2,-138
1754050539.76046,-2,-3,-125
1754050539.79846,1,0,-131
1754050539.83646,9,1,-137
1754050539.87546,5,-1,-128
1754050539.9114602,2,1,-126
1754050539.94846,-7,-1,-124
1754050539.9864602,6,3,-122
1754050540.02546,4,4,-122
1754050540.06146,1,0,-132
1754050540.0984602,0,2,-139
1754050540.13646,0,0,-134
1754050540.17546,7,-3,-132
1754050540.21146,8,0,-134
1754050540.24846,-2,1,-138
1754050540.2864602,3,3,-136
1754050540.3254602,6,1,-137
1754050540.3614602,3,3,-133
1754050540.39846,3,-2,-133
1754050540.43646,-5,0,-128
1754050540.47546,-7,0,-123
1754050540.51146,3,1,-122
1754050540.54846,1,0,-132
1754050540.58746,-3,0,-126
1754050540.62546,2,-2,-132
1754050540.6614602,6,-4,-130
1754050540.69946,9,-3,-146
1754050540.73746,0,-5,-128
1754050540.7764602,-3,-4,-130
1754050540.81346,-2,-1,-137
1754050540.85046,1,-5,-137
1754050540.8884602,0,-9,-138
1754050540.9274602,1,-1,-129
1754050540.96546,-1,5,-130
1754050541.00146,1,3,-138
1754050541.03846,-1,-4,-122
1754050541.07746,-4,-4,-120
1754050541.1154602,-5,0,-129
1754050541.1514602,-5,0,-124
1754050541.18946,0,0,-125
1754050541.22746,-2,10,-132
1754050541.2664602,-4,1,-124
1754050541.3024602,0,3,-124
1754050541.33946,2,-9,-118
1754050541.37746,4,-9,-123
1754050541.41646,8,-1,-132
1754050541.45246,-1,0,-126
1754050541.48946,-3,0,-117
1754050541.52746,-2,0,-123
1754050541.56646,-6,-6,-127
1754050541.60246,-4,-6,-119
1754050541.64046,-3,-7,-135
1754050541.67846,1,-8,-123
1754050541.7174602,3,0,-135
1754050541.75546,0,3,-119
1754050541.79146,3,0,-113
1754050541.82946,8,3,-124
1754050541.8684602,2,2,-128
1754050541.90646,1,-4,-119
1754050541.94246,3,-5,-114
1754050541.98146,3,-2,-117
1754050542.01846,-4,-6,-125
1754050542.05746,0,-1,-127
1754050542.09346,2,8,-121
1754050542.1314602,-3,4,-131
1754050542.16946,-7,-4,-128
1754050542.2074602,-7,0,-137
1754050542.2464602,1,-4,-132
1754050542.2824602,2,-5,-129
1754050542.32046,9,-2,-124
1754050542.3584602,5,-4,-114
1754050542.39746,7,-7,-109
1754050542.43346,6,-7,-116
1754050542.47146,4,1,-130
1754050542.5094602,3,-2,-134
1754050542.54746,0,0,-132
1754050542.58646,-2,0,-136
1754050542.62246,6,-5,-134
1754050542.66046,2,-5,-123
1754050542.69846,3,-2,-134
1754050542.73746,-4,-7,-119
1754050542.77346,-6,-6,-131
1754050542.81146,-3,-4,-129
1754050542.84946,8,-2,-133
1754050542.8884602,5,-1,-127
1754050542.92646,7,-6,-128
1754050542.96246,10,-7,-125
1754050543.00046,3,-1,-121
1754050543.03846,2,0,-130
1754050543.07746,2,-4,-123
1754050543.11346,3,-4,-136
1754050543.15046,-2,0,-126
1754050543.18846,0,2,-136
1754050543.22746,-4,4,-131
1754050543.2634602,-7,-4,-128
1754050543.3024602,-1,-8,-125
1754050543.33946,2,-2,-130
1754050543.3784602,3,-1,-133
1754050543.41646,3,-5,-134
1754050543.45246,2,-7,-133
1754050543.4904602,3,-4,-124
1754050543.52846,-2,0,-136
1754050543.56746,-5,-2,-133
1754050543.60346,-9,6,-137
1754050543.6414602,5,-2,-126
1754050543.67946,3,2,-134
1754050543.71846,-1,1,-129
1754050543.75446,3,-3,-142
1754050543.7924602,5,-5,-135
1754050543.83146,0,-2,-135
1754050543.8684602,-2,0,-126
1754050543.9074602,-4,-5,-130
1754050543.9444602,1,-7,-125
1754050543.98146,0,0,-125
1754050544.0194602,8,5,-131
1754050544.05846,2,5,-116
1754050544.09446,5,0,-131
1754050544.1314602,3,-4,-125
1754050544.16946,-4,0,-133
1754050544.20846,5,1,-133
1754050544.24446,0,-1,-136
1754050544.2824602,-4,-3,-122
1754050544.32046,1,-4,-133
1754050544.3584602,-3,-7,-119
1754050544.39746,-3,-11,-127
1754050544.43346,5,-6,-133
1754050544.47146,4,0,-133
1754050544.5094602,-2,0,-129
1754050544.54846,-5,-2,-136
1754050544.58446,-8,1,-132
1754050544.62246,-4,0,-130
1754050544.66046,2,-1,-122
1754050544.69946,0,2,-127
1754050544.73746,4,2,-121
1754050544.77346,10,-8,-123
1754050544.81146,5,-1,-125
1754050544.84946,-1,-9,-134
1754050544.8884602,-6,-3,-131
1754050544.9244602,0,-1,-134
1754050544.96246,0,2,-123
1754050545.00046,-6,3,-131
1754050545.0394602,-4,4,-130
1754050545.07746,-2,1,-138
1754050545.11346,-2,-1,-126
1754050545.1514602,-2,-1,-133
1754050545.18946,0,-6,-137
1754050545.22846,5,-6,-120
1754050545.26446,1,-6,-128
1754050545.3024602,-1,-7,-126
1754050545.3484602,6,-8,-127
1754050545.38546,5,-6,-125
1754050545.42246,0,-2,-121
1754050545.46146,0,-6,-126
1754050545.49946,4,-1,-121
1754050545.53746,1,2,-127
1754050545.57346,0,-1,-125
1754050545.6114602,-3,-11,-129
1754050545.65046,-5,-8,-134
1754050545.68846,-5,2,-135
1754050545.72446,3,3,-131
1754050545.76246,-8,1,-129
1754050545.80046,-2,2,-131
1754050545.83946,0,-1,-131
1754050545.87546,0,1,-123
1754050545.9144602,-3,2,-131
1754050545.95146,-6,0,-126
1754050545.98946,-3,2,-123
1754050546.02846,3,-1,-136
1754050546.06446,-1,-3,-133
1754050546.10246,-1,-9,-126
1754050546.14046,-7,-9,-134
1754050546.17946,-11,0,-126
1754050546.21546,-4,0,-121
1754050546.25246,-2,4,-129
1754050546.29046,3,0,-131
1754050546.32946,4,2,-125
1754050546.3654602,0,1,-124
1754050546.40246,-1,-2,-126
1754050546.4404602,0,-3,-132
1754050546.47946,0,0,-133
1754050546.51546,-2,-1,-122
1754050546.55346,-8,-8,-122
1754050546.59146,5,4,-135
1754050546.62946,3,5,-137
1754050546.66846,-6,-3,-143
1754050546.70446,-2,-3,-133
1754050546.74246,-2,-2,-135
1754050546.78046,0,-3,-138
1754050546.8194602,6,0,-133
1754050546.8554602,6,-3,-129
1754050546.89346,6,3,-120
1754050546.93146,5,-6,-128
1754050546.9704602,3,-8,-121
1754050547.00846,2,1,-121
1754050547.04446,3,0,-133
1754050547.08146,-2,-2,-135
1754050547.12046,-8,-8,-133
1754050547.15846,-3,-1,-140
1754050547.1944602,2,3,-137
1754050547.23146,-5,1,-127
1754050547.27046,-1,1,-130
1754050547.30846,-2,-2,-143
1754050547.34446,-1,3,-128
1754050547.38246,0,0,-136
1754050547.42046,0,1,-129
1754050547.45946,-2,-3,-131
1754050547.49546,-3,-6,-124
1754050547.53446,-5,-6,-133
1754050547.57146,-3,-5,-135
1754050547.61046,0,-4,-127
1754050547.64846,-2,-6,-124
1754050547.6844602,-1,-2,-125
1754050547.72246,5,-8,-133
1754050547.76046,3,-4,-127
1754050547.7994602,5,0,-142
1754050547.8354602,0,3,-129
1754050547.87246,0,3,-121
1754050547.91046,7,-1,-141
1754050547.94946,0,0,-124
1754050547.98546,5,0,-132
1754050548.02246,2,0,-133
1754050548.06046,6,-2,-128
1754050548.09946,-3,-5,-129
1754050548.13546,-3,-4,-130
1754050548.17346,5,-1,-128
1754050548.21146,1,-3,-124
1754050548.25046,7,5,-136
1754050548.2864602,6,1,-131
1754050548.32446,1,-1,-130
1754050548.36246,4,-3,-125
1754050548.4014602,3,-6,-128
1754050548.43946,-6,-1,-120
1754050548.47546,3,-4,-129
1754050548.5134602,4,-1,-135
1754050548.55146,-8,-3,-130
1754050548.59046,-9,-3,-139
1754050548.62646,-7,-10,-127
1754050548.6644602,-5,-7,-132
1754050548.70246,2,-2,-123
1754050548.74146,0,-12,-131
1754050548.7794602,-1,-5,-123
1754050548.8154602,-3,-12,-123
1754050548.85346,1,-4,-134
1754050548.8914602,2,-1,-141
1754050548.93046,4,4,-142
1754050548.96646,0,6,-128
1754050549.0034602,-1,-3,-124
1754050549.04146,-8,-4,-133
1754050549.08046,-4,-4,-124
1754050549.11646,7,4,-123
1754050549.15346,-1,-2,-116
1754050549.19146,0,0,-125
1754050549.2304602,0,-7,-123
1754050549.2664602,-2,-3,-126
1754050549.30446,-6,0,-135
1754050549.34346,-4,-2,-131
1754050549.3814602,-5,-3,-130
1754050549.41946,5,-5,-124
1754050549.45546,3,-4,-134
1754050549.4934602,-1,-4,-144
1754050549.53146,5,-6,-131
1754050549.57046,5,-6,-138
1754050549.60646,1,-6,-139
1754050549.6444602,2,-6,-129
1754050549.68246,-4,-5,-130
1754050549.72146,-4,3,-130
1754050549.7594602,0,6,-140
1754050549.79546,-1,5,-128
1754050549.83346,0,-3,-131
1754050549.8714602,3,-5,-134
1754050549.91046,0,3,-128
1754050549.94646,0,1,-126
1754050549.98446,3,0,-128
1754050550.02146,1,3,-124
1754050550.06046,-2,-3,-125
1754050550.09646,-10,4,-134
1754050550.13546,-9,1,-133
1754050550.17246,0,-5,-125
1754050550.21146,5,0,-128
1754050550.24746,-3,-2,-128
1754050550.28546,-1,-6,-120
1754050550.32346,3,-5,-114
1754050550.3614602,3,0,-130
1754050550.40046,-2,5,-132
1754050550.43646,-2,7,-121
1754050550.47446,-1,-2,-123
1754050550.5134602,1,-5,-123
1754050550.55146,0,-3,-122
1754050550.58746,4,-2,-124
1754050550.62646,1,-2,-126
1754050550.66346,1,-3,-127
1754050550.70146,4,0,-129
1754050550.7404602,1,0,-126
1754050550.7764602,2,-3,-128
1754050550.81446,3,-3,-131
1754050550.85246,0,-4,-132
1754050550.8914602,3,0,-130
1754050550.9274602,6,-2,-134
1754050550.96546,7,4,-123
1754050551.0034602,-4,2,-120
1754050551.0424602,6,0,-118
1754050551.08046,7,5,-124
1754050551.11646,5,3,-125
1754050551.1544602,-3,5,-122
1754050551.19246,0,1,-126
1754050551.23146,-2,-7,-145
1754050551.26746,3,5,-140
1754050551.30446,-2,-2,-127
1754050551.3424602,-4,-3,-123
1754050551.3814602,-2,-1,-114
1754050551.4174602,-5,4,-117
1754050551.45546,-4,3,-122
1754050551.4934602,-5,0,-125
1754050551.5324602,-3,-6,-122
1754050551.57046,-1,0,-120
1754050551.60646,0,-4,-128
1754050551.6444602,2,-2,-121
1754050551.68246,0,-3,-131
1754050551.72146,0,0,-129
1754050551.75746,7,1,-132
1754050551.79446,4,0,-126
1754050551.8324602,2,0,-131
1754050551.8714602,-4,-3,-139
1754050551.9074602,-3,0,-133
1754050551.94546,2,2,-134
1754050551.9834602,-11,0,-125
1754050552.02246,2,0,-130
1754050552.05846,0,-4,-133
1754050552.09646,2,0,-122
1754050552.1344602,-3,-1,-126
1754050552.17246,-5,-2,-125
1754050552.21146,-7,0,-134
1754050552.24746,-6,-5,-138
1754050552.28546,1,-2,-116
1754050552.32346,-1,-1,-127
1754050552.36246,-1,2,-126
1754050552.39846,1,0,-130
1754050552.43546,7,2,-125
1754050552.4734602,-4,-3,-126
1754050552.51246,-6,1,-120
1754050552.54846,-4,1,-115
1754050552.58646,-6,5,-124
1754050552.62446,-2,-1,-131
1754050552.66246,4,-4,-124
1754050552.70146,10,-1,-129
1754050552.73746,0,0,-122
1754050552.77546,1,-8,-135
1754050552.81346,1,-3,-138
1754050552.85146,1,-1,-127
1754050552.88746,-7,-3,-125
1754050552.92546,-7,-6,-129
1754050552.9634602,0,0,-127
1754050553.00246,-1,1,-133
1754050553.03846,2,-4,-131
1754050553.07646,-3,0,-135
1754050553.11446,-1,8,-125
1754050553.15346,1,2,-136
1754050553.19146,-4,0,-136
1754050553.22746,0,0,-136
1754050553.26446,6,3,-121
1754050553.30346,7,-4,-136
1754050553.3424602,0,0,-134
1754050553.3784602,0,0,-130
1754050553.41546,-1,-9,-130
1754050553.45346,3,-1,-118
1754050553.49246,4,-8,-112
1754050553.52846,0,-7,-125
1754050553.56646,2,-7,-133
1754050553.60346,-9,-5,-122
1754050553.64246,-1,-7,-137
1754050553.67846,0,-9,-123
1754050553.71646,-4,-6,-123
1754050553.7534602,0,-5,-137
1754050553.7924602,1,0,-124
1754050553.82846,1,0,-136
1754050553.8654602,1,6,-121
1754050553.90346,-2,3,-126
1754050553.94246,1,-5,-122
1754050553.97846,0,-1,-115
1754050554.0164602,1,0,-129
1754050554.05346,6,0,-121
1754050554.0924602,-1,-5,-137
1754050554.1284602,1,-2,-130
1754050554.16646,4,0,-135
1754050554.20446,4,1,-131
1754050554.2434602,8,-3,-130
1754050554.2794602,3,-4,-129
1754050554.31746,5,-2,-134
1754050554.3554602,-4,-4,-129
1754050554.39346,0,-2,-128
1754050554.43246,-1,1,-132
1754050554.46846,2,2,-131
1754050554.50546,5,6,-131
1754050554.54346,1,2,-120
1754050554.5824602,1,-1,-121
1754050554.6184602,-3,-1,-132
1754050554.65646,8,5,-133
1754050554.69546,1,6,-133
1754050554.7334602,-3,6,-135
1754050554.7694602,0,6,-125
1754050554.80646,2,9,-123
1754050554.84446,-1,5,-118
1754050554.88346,7,4,-115
1754050554.91946,0,-4,-129
1754050554.9574602,0,-3,-128
1754050554.99546,-2,1,-135
1754050555.03446,-4,0,-138
1754050555.0724602,0,2,-127
1754050555.1084602,-2,-5,-115
1754050555.14646,-1,1,-122
1754050555.1844602,1,0,-130
1754050555.2234602,-4,-2,-130
1754050555.2594602,-2,-1,-132
1754050555.29746,8,-4,-122
1754050555.3354602,-5,-5,-121
1754050555.37946,2,-1,-129
1754050555.4174602,4,-4,-118
1754050555.45546,2,-7,-126
1754050555.49446,4,0,-119
1754050555.5324602,-3,-7,-119
1754050555.56846,0,-6,-122
1754050555.60746,2,-3,-130
1754050555.6444602,1,-1,-136
1754050555.68346,9,1,-128
1754050555.71946,6,5,-123
1754050555.75746,4,-3,-123
1754050555.79446,-2,4,-121
1754050555.83346,-8,4,-126
1754050555.86946,3,1,-134
1754050555.9074602,6,-2,-125
1754050555.9444602,2,-2,-134
1754050555.9834602,6,1,-132
1754050556.0194602,-2,-3,-137
1754050556.05746,-2,-4,-127
1754050556.0954602,0,-6,-112
1754050556.1344602,0,-3,-132
1754050556.17046,-4,-4,-131
1754050556.20846,-4,-1,-136
1754050556.2464602,0,-5,-128
1754050556.28546,0,3,-133
1754050556.32346,5,0,-134
1754050556.35946,5,3,-126
1754050556.39846,-5,0,-124
1754050556.43546,4,-7,-116
1754050556.47446,-1,-5,-129
1754050556.51046,0,-5,-136
1754050556.54846,-6,0,-137
1754050556.58646,-5,-2,-137
1754050556.62446,-1,-4,-136
1754050556.66346,0,-4,-128
1754050556.69946,-2,-3,-136
1754050556.73746,-3,0,-122
1754050556.77546,-1,1,-130
1754050556.81446,-5,-3,-123
1754050556.85046,-4,2,-125
1754050556.8884602,2,1,-121
1754050556.92646,-2,2,-125
1754050556.96546,-2,2,-116
1754050557.0034602,0,7,-127
1754050557.0394602,2,5,-131
1754050557.07746,2,-3,-127
1754050557.1154602,-4,2,-120
1754050557.1544602,-5,7,-135
1754050557.1904602,0,0,-122
1754050557.22746,5,-3,-124
1754050557.26546,4,-3,-133
1754050557.30446,4,1,-131
1754050557.34046,0,-5,-123
1754050557.3784602,-13,-14,-118
1754050557.41646,0,-3,-121
1754050557.45546,-8,-8,-123
1754050557.4934602,-1,-7,-117
1754050557.5294602,5,-7,-121
1754050557.56746,0,-3,-131
1754050557.6054602,0,1,-122
1754050557.6444602,-1,-4,-134
1754050557.68046,-6,3,-128
1754050557.71846,-4,0,-133
1754050557.7564602,6,-4,-129
1754050557.79546,7,-5,-125
1754050557.83346,-5,-10,-134
1754050557.86946,-2,-3,-121
1754050557.9074602,-1,-4,-122
1754050557.94646,3,-3,-126
1754050557.98446,0,-5,-126
1754050558.02046,-2,-6,-137
1754050558.05846,4,-7,-130
1754050558.09646,-5,-5,-127
1754050558.13546,-3,-7,-116
1754050558.1714602,0,0,-117
1754050558.20846,-1,0,-125
1754050558.2464602,-13,1,-129
1754050558.28546,0,-3,-122
1754050558.32146,3,-3,-122
1754050558.36046,5,0,-122
1754050558.39746,0,-3,-135
1754050558.43546,-3,1,-127
1754050558.47446,0,-1,-134
1754050558.51046,-2,2,-133
1754050558.54846,-1,-6,-143
1754050558.58646,-7,-1,-126
1754050558.62546,1,-3,-128
1754050558.6614602,1,-5,-128
1754050558.69946,6,-6,-128
1754050558.73746,5,-4,-125
1754050558.77546,6,3,-120
1754050558.81446,1,0,-121
1754050558.85046,0,3,-121
1754050558.8884602,3,-3,-124
1754050558.92546,0,0,-128
1754050558.96446,-2,4,-119
1754050559.00046,6,-6,-123
1754050559.03846,-3,0,-132
1754050559.07646,0,-4,-145
1754050559.1154602,-4,-4,-139
1754050559.1514602,-4,2,-146
1754050559.18946,-2,1,-120
1754050559.22746,6,-5,-126
1754050559.2664602,1,-7,-121
1754050559.30446,-2,-6,-129
1754050559.34046,0,-4,-118
1754050559.3784602,2,-2,-135
1754050559.41646,0,2,-128
1754050559.45546,-3,-6,-124
1754050559.49246,-7,-1,-126
1754050559.5294602,0,0,-121
1754050559.56746,-4,-4,-144
1754050559.60646,2,2,-136
1754050559.6444602,-3,2,-134
1754050559.68046,1,0,-126
1754050559.7174602,2,-8,-136
1754050559.7564602,-1,-9,-134
1754050559.79446,0,-1,-142
1754050559.83046,-7,0,-137
1754050559.8684602,1,3,-136
1754050559.90646,-1,1,-137
1754050559.94546,0,1,-132
1754050559.98146,0,3,-120
1754050560.01846,0,-2,-131
1754050560.05646,0,-5,-125
1754050560.0954602,0,-5,-130
1754050560.1314602,0,0,-123
1754050560.16846,0,-1,-121
1754050560.20646,3,0,-129
1754050560.24546,8,0,-117
1754050560.28146,10,1,-112
1754050560.31846,1,-2,-128
1754050560.35646,4,3,-133
1754050560.39546,-5,-4,-129
1754050560.43146,-1,0,-122
1754050560.46946,-2,-4,-119
1754050560.50746,0,0,-131
1754050560.5464602,1,-2,-137
1754050560.5824602,2,-9,-133
1754050560.62046,0,-5,-129
1754050560.65946,-4,-5,-134
1754050560.6974602,1,-2,-139
1754050560.73546,-2,0,-135
1754050560.77146,3,0,-131
1754050560.8094602,-8,1,-143
1754050560.84746,0,1,-139
1754050560.88646,-3,5,-135
1754050560.92246,-3,6,-141
1754050560.9604602,5,3,-135
1754050560.99846,0,0,-132
1754050561.03746,1,-3,-143
1754050561.0754602,0,0,-130
1754050561.1114602,-7,1,-136
1754050561.15046,-3,-1,-138
1754050561.18846,-5,-5,-123
1754050561.22746,6,-2,-113
1754050561.26546,5,-3,-121
1754050561.30146,1,-3,-123
1754050561.33946,5,-6,-133
1754050561.37746,3,1,-139
1754050561.41646,5,2,-129
1754050561.45246,4,0,-124
1754050561.48946,0,4,-128
1754050561.52746,1,2,-125
1754050561.56646,0,0,-134
1754050561.60246,3,9,-145
1754050561.64046,8,-1,-124
1754050561.67846,0,-4,-134
1754050561.7174602,-3,-2,-127
1754050561.75546,-2,-2,-127
1754050561.79146,1,-4,-133
1754050561.82946,-2,0,-135
1754050561.86746,-3,-3,-129
1754050561.90646,1,3,-151
1754050561.94246,-2,-1,-134
1754050561.9804602,-2,-4,-125
1754050562.01846,0,5,-119
1754050562.05746,-1,0,-126
1754050562.0954602,-8,0,-137
1754050562.1314602,-2,-1,-127
1754050562.16946,-10,3,-130
1754050562.2074602,-5,1,-140
1754050562.2464602,-10,0,-138
1754050562.2824602,-8,0,-134
1754050562.3194602,-8,4,-133
1754050562.35746,-1,1,-140
1754050562.39646,1,-4,-134
1754050562.43246,0,-3,-125
1754050562.46946,-3,0,-127
1754050562.50746,-3,0,-126
1754050562.5464602,-1,4,-137
1754050562.5824602,-9,4,-134
1754050562.62046,4,0,-121
1754050562.65846,-3,3,-128
1754050562.6974602,-2,1,-128
1754050562.7334602,-5,6,-128
1754050562.77146,-1,0,-118
1754050562.8094602,0,0,-142
1754050562.84746,2,2,-133
1754050562.88646,-4,4,-125
1754050562.92246,1,5,-118
1754050562.95946,-6,9,-125
1754050562.99746,-2,-3,-134
1754050563.0364602,1,-2,-134
1754050563.0724602,4,-1,-135
1754050563.11046,-6,2,-131
1754050563.14846,3,2,-130
1754050563.1874602,0,-5,-135
1754050563.2234602,3,0,-141
1754050563.26146,2,0,-139
1754050563.2994602,-3,2,-140
1754050563.3384602,0,2,-144
1754050563.37646,0,-1,-137
1754050563.41246,2,6,-124
1754050563.44946,6,6,-123
1754050563.48846,1,-1,-134
1754050563.5264602,1,2,-117
1754050563.5624602,8,0,-118
1754050563.59946,4,1,-133
1754050563.6384602,-4,-1,-137
1754050563.67646,-2,3,-136
1754050563.71246,-2,5,-133
1754050563.75046,1,0,-129
1754050563.78846,0,5,-123
1754050563.82746,-3,4,-129
1754050563.86346,-2,-3,-135
1754050563.9014602,-1,-2,-131
1754050563.93946,1,2,-121
1754050563.97846,4,-5,-119
1754050564.0164602,0,2,-129
1754050564.0524602,1,4,-135
1754050564.09046,-2,-2,-135
1754050564.12946,-4,-8,-125
1754050564.1674602,-1,-6,-139
1754050564.20346,-2,-7,-127
1754050564.24146,-2,-2,-117
1754050564.2794602,5,-4,-124
1754050564.31846,5,2,-133
1754050564.35446,4,3,-132
1754050564.3914602,5,-1,-126
1754050564.42946,6,0,-127
1754050564.46846,3,0,-130
1754050564.50446,1,1,-129
1754050564.5424602,-1,6,-128
1754050564.58046,4,1,-128
1754050564.6184602,8,9,-121
1754050564.6574602,11,5,-121
1754050564.69346,3,0,-127
1754050564.73146,3,2,-131
1754050564.7694602,4,0,-123
1754050564.80846,-4,6,-114
1754050564.84446,-5,4,-120
1754050564.88246,-4,0,-129
1754050564.9214602,-3,5,-115
1754050564.95846,-8,0,-126
1754050564.99746,-4,0,-126
1754050565.03346,-6,3,-130
1754050565.07146,2,-6,-137
1754050565.10946,3,-1,-135
1754050565.14846,5,3,-139
1754050565.1844602,-4,-2,-130
1754050565.22246,-1,-3,-136
1754050565.26046,-6,1,-133
1754050565.2994602,3,3,-135
1754050565.33746,-10,6,-136
1754050565.3814602,-4,1,-139
1754050565.41946,-2,3,-138
1754050565.45846,-1,0,-135
1754050565.49446,1,9,-135
1754050565.5324602,-1,7,-133
1754050565.57146,-1,4,-134
1754050565.60946,6,2,-122
1754050565.64746,-3,10,-128
1754050565.68346,-1,5,-125
1754050565.72146,-5,5,-124
1754050565.7594602,3,1,-146
1754050565.79846,0,6,-130
1754050565.83446,-2,3,-130
1754050565.87246,-2,0,-127
1754050565.91046,-2,4,-132
1754050565.94946,5,0,-130
1754050565.98746,12,3,-123
1754050566.02346,5,0,-132
1754050566.06046,1,6,-135
1754050566.09946,1,1,-134
1754050566.13746,0,0,-129
1754050566.17346,0,0,-133
1754050566.2104602,3,-3,-133
1754050566.24946,-8,-1,-120
1754050566.28546,-4,1,-122
1754050566.32346,4,3,-126
1754050566.36246,-6,-5,-135
1754050566.39946,-2,-7,-126
1754050566.43846,0,-2,-134
1754050566.47446,-1,-9,-125
1754050566.5134602,0,-6,-123
1754050566.55146,-6,2,-127
1754050566.58946,-8,2,-138
1754050566.6284602,-5,-4,-141
1754050566.6644602,-3,-6,-125
1754050566.70246,-3,0,-127
1754050566.74146,0,2,-130
1754050566.7794602,5,3,-130
1754050566.8154602,1,0,-127
1754050566.85246,0,2,-123
1754050566.8914602,-3,1,-124
1754050566.92946,0,0,-137
1754050566.96546,3,1,-130
1754050567.00246,2,4,-124
1754050567.04046,0,-2,-136
1754050567.07946,-5,-7,-125
1754050567.1154602,0,3,-130
1754050567.15246,-1,1,-138
1754050567.1904602,3,0,-128
1754050567.22946,0,0,-133
1754050567.26546,-6,-1,-126
1754050567.30446,-6,-2,-128
1754050567.34146,2,0,-133
1754050567.38046,4,-4,-122
1754050567.41846,-2,1,-127
1754050567.45446,0,-1,-122
1754050567.49246,0,2,-123
1754050567.53046,-4,0,-119
1754050567.5694602,4,-1,-125
1754050567.6054602,1,-7,-128
1754050567.64346,3,-5,-119
1754050567.68146,6,-3,-125
1754050567.7204602,-8,-6,-127
1754050567.75846,-6,-6,-123
1754050567.79446,0,-7,-125
1754050567.8324602,2,0,-126
1754050567.87046,-3,-1,-135
1754050567.90946,0,-2,-131
1754050567.94546,0,-5,-129
1754050567.98246,-1,-3,-123
1754050568.02046,-5,-4,-133
1754050568.0594602,1,-2,-126
1754050568.0954602,-9,-6,-117
1754050568.13346,-6,-2,-128
1754050568.1714602,3,1,-143
1754050568.2104602,0,3,-136
1754050568.24846,1,-2,-135
1754050568.28446,5,-2,-126
1754050568.3224602,5,2,-123
1754050568.3614602,13,-2,-130
1754050568.39946,3,-3,-138
1754050568.43546,8,0,-128
1754050568.47246,9,-3,-133
1754050568.51146,6,-1,-122
1754050568.5494602,6,-4,-121
1754050568.5854602,7,-1,-115
1754050568.62446,2,-2,-123
1754050568.6614602,7,-8,-130
1754050568.7004602,-5,-4,-131
1754050568.73746,3,-2,-129
1754050568.77446,2,0,-143
1754050568.8124602,-1,0,-142
1754050568.85046,5,-1,-137
1754050568.88946,5,-3,-127
1754050568.92546,0,-5,-134
1754050568.9634602,-2,-4,-127
1754050569.00146,0,-5,-131
1754050569.04046,-3,3,-116
1754050569.07646,-5,-2,-137
1754050569.1154602,-4,0,-143
1754050569.15246,2,0,-137
1754050569.19146,0,-8,-142
1754050569.22946,-2,-4,-129
1754050569.26546,5,-10,-128
1754050569.30346,7,-2,-128
1754050569.34146,0,-2,-126
1754050569.38046,0,7,-117
1754050569.41646,1,-5,-122
1754050569.45446,3,-10,-123
1754050569.49246,1,-12,-124
1754050569.53146,2,-3,-122
1754050569.5694602,1,-2,-128
1754050569.6054602,0,-3,-120
1754050569.64346,0,-9,-128
1754050569.68146,-3,-12,-124
1754050569.7204602,0,-11,-118
1754050569.7564602,3,-8,-129
1754050569.79446,5,-9,-127
1754050569.8324602,-1,-2,-137
1754050569.8714602,3,-2,-139
1754050569.90946,-2,-5,-136
1754050569.94546,1,1,-137
1754050569.98246,1,5,-138
1754050570.02146,8,4,-124
1754050570.0594602,2,4,-127
1754050570.0954602,5,3,-132
1754050570.13346,4,-1,-136
1754050570.1714602,5,0,-135
1754050570.2104602,4,0,-125
1754050570.2464602,0,2,-123
1754050570.28446,0,-3,-119
1754050570.3224602,-3,-5,-125
1754050570.3614602,3,-3,-133
1754050570.39746,5,-3,-136
1754050570.43546,-2,-1,-135
1754050570.47446,4,-5,-133
1754050570.51146,0,-5,-135
1754050570.55046,-4,-10,-131
1754050570.58646,-4,-5,-133
1754050570.62446,4,-2,-131
1754050570.66246,0,-4,-121
1754050570.70146,6,5,-127
1754050570.73746,-2,5,-134
1754050570.77546,0,3,-138
1754050570.8154602,0,-5,-134
1754050570.85246,4,-4,-131
1754050570.8914602,1,-5,-129
1754050570.92846,7,-6,-132
1754050570.96546,3,-2,-128
1754050571.0034602,-3,1,-125
1754050571.04146,-9,-3,-136
1754050571.08046,2,0,-122
1754050571.11646,2,-2,-116
1754050571.1544602,-1,0,-116
1754050571.19246,-1,0,-128
1754050571.23146,4,0,-141
1754050571.26746,3,-1,-138
1754050571.30546,5,-5,-135
1754050571.34346,-3,-7,-129
1754050571.38246,0,0,-134
1754050571.42046,-2,1,-146
1754050571.45646,0,-6,-145
1754050571.49446,0,-5,-134
1754050571.5324602,2,-6,-136
1754050571.57146,-3,-6,-131
1754050571.60746,-3,0,-126
1754050571.64546,9,-6,-128
1754050571.68346,-1,-5,-124
1754050571.72246,3,-4,-137
1754050571.76046,-1,-1,-132
1754050571.7964602,-3,-4,-127
1754050571.83446,-1,-5,-123
1754050571.87246,6,-4,-123
1754050571.9114602,-4,-3,-133
1754050571.9474602,-3,-2,-126
1754050571.98546,-6,-5,-136
1754050572.02446,-3,0,-124
1754050572.0624602,2,-4,-134
1754050572.10046,0,0,-136
1754050572.13746,0,3,-138
1754050572.1744602,2,2,-126
1754050572.21246,-1,-4,-123
1754050572.25146,-1,-3,-129
1754050572.28746,3,-2,-134
1754050572.3254602,4,-3,-128
1754050572.36346,5,-1,-121
1754050572.40246,0,-2,-122
1754050572.43846,-4,-2,-120
1754050572.47646,-5,0,-136
1754050572.51446,0,3,-129
1754050572.5524602,4,-1,-127
1754050572.59146,-6,0,-129
1754050572.62746,-4,1,-128
1754050572.66546,-8,3,-123
1754050572.70346,0,-4,-119
1754050572.74246,6,-1,-126
1754050572.77846,1,-3,-129
1754050572.81646,1,-10,-131
1754050572.85446,8,-8,-130
1754050572.89246,4,-2,-123
1754050572.93146,-1,4,-132
1754050572.9674602,-1,0,-133
1754050573.00546,-3,0,-132
1754050573.04346,-3,-1,-135
1754050573.0824602,0,-3,-136
1754050573.1184602,1,-8,-135
1754050573.1574602,-3,-1,-123
1754050573.1944602,-2,-6,-127
1754050573.23246,2,-9,-112
1754050573.27146,-2,-5,-122
1754050573.30746,1,-2,-126
1754050573.3454602,2,-6,-128
1754050573.38346,-2,0,-139
1754050573.42246,0,2,-122
1754050573.45846,1,-3,-138
1754050573.4964602,5,-2,-124
1754050573.53446,7,0,-128
1754050573.57346,-1,-3,-142
1754050573.6114602,-2,-5,-129
1754050573.64746,-2,-1,-123
1754050573.68546,2,-4,-125
1754050573.7234602,0,0,-123
1754050573.76246,2,0,-121
1754050573.79846,5,1,-119
1754050573.8354602,6,-7,-126
1754050573.87346,3,3,-111
1754050573.91246,0,-5,-123
1754050573.94846,3,-5,-111
1754050573.98746,4,2,-123
1754050574.02446,0,8,-132
1754050574.06346,3,-2,-128
1754050574.10146,6,-7,-127
1754050574.13746,7,-5,-128
1754050574.17546,5,-3,-123
1754050574.2134602,-5,0,-122
1754050574.25246,-4,-3,-126
1754050574.28846,-1,2,-129
1754050574.32646,-2,-4,-131
1754050574.3654602,0,-7,-137
1754050574.40346,-2,-1,-129
1754050574.44146,-4,7,-121
1754050574.47746,-3,-3,-123
1754050574.51546,1,-4,-120
1754050574.55346,-5,2,-130
1754050574.5924602,4,3,-117
1754050574.6284602,2,-3,-120
1754050574.66646,1,-4,-121
1754050574.70546,3,-9,-134
1754050574.7434602,3,-7,-136
1754050574.7794602,3,-5,-141
1754050574.81746,1,-5,-136
1754050574.8554602,4,-2,-133
1754050574.89346,-4,0,-131
1754050574.93246,2,4,-123
1754050574.96846,0,6,-125
1754050575.0064602,-1,0,-134
1754050575.04446,7,2,-134
1754050575.08346,0,0,-126
1754050575.11946,7,-1,-128
1754050575.1574602,3,0,-138
1754050575.19546,-9,-2,-120
1754050575.2334602,0,1,-130
1754050575.27246,-2,1,-127
1754050575.30846,5,3,-131
1754050575.3454602,-1,1,-133
1754050575.38946,-1,1,-137
1754050575.42846,-5,7,-136
1754050575.46546,-2,0,-126
1754050575.50446,4,-3,-135
1754050575.5424602,-3,9,-144
1754050575.57846,5,4,-137
1754050575.6154602,7,4,-125
1754050575.6544602,6,-5,-132
1754050575.69246,5,-1,-132
1754050575.72846,0,-6,-128
1754050575.76546,-1,-3,-113
1754050575.80446,-3,-2,-120
1754050575.8424602,-9,-1,-141
1754050575.8784602,-10,5,-134
1754050575.91646,-6,-5,-136
1754050575.95446,-7,0,-127
1754050575.9934602,-5,0,-126
1754050576.0294602,-8,6,-127
1754050576.06746,-9,0,-140
1754050576.1054602,0,-4,-140
1754050576.1444602,-2,1,-129
1754050576.18246,1,-5,-142
1754050576.21846,2,-7,-133
1754050576.2564602,-2,-5,-126
1754050576.29546,-2,-5,-126
1754050576.33346,2,-7,-131
1754050576.36946,-3,-2,-128
1754050576.4074602,0,0,-139
1754050576.44646,0,-5,-121
1754050576.48446,-1,-2,-126
1754050576.52246,0,0,-135
1754050576.55846,-3,2,-135
1754050576.59646,1,0,-139
1754050576.6344602,3,3,-125
1754050576.67346,0,0,-132
1754050576.70946,1,-3,-132
1754050576.74746,-6,-1,-125
1754050576.7864602,-5,-5,-130
1754050576.82446,-15,0,-129
1754050576.86046,-10,-4,-127
1754050576.89846,-11,-7,-117
1754050576.93646,-6,-5,-124
1754050576.97446,-7,-4,-134
1754050577.0134602,0,-2,-135
1754050577.0494602,4,0,-132
1754050577.08646,1,2,-124
1754050577.12446,0,1,-135
1754050577.1644602,4,0,-134
1754050577.2004602,3,0,-142
1754050577.23746,7,1,-135
1754050577.27546,4,-6,-124
1754050577.31446,-5,2,-125
1754050577.35046,0,-2,-130
1754050577.3884602,6,2,-125
1754050577.42646,-1,-3,-123
1754050577.46546,-6,-8,-129
1754050577.5034602,5,3,-122
1754050577.5394602,6,0,-119
1754050577.57746,-3,-7,-121
1754050577.6154602,4,-8,-122
1754050577.6544602,4,-6,-126
1754050577.6904602,3,0,-130
1754050577.72746,8,0,-128
1754050577.76546,-2,-4,-127
1754050577.80446,0,-1,-128
1754050577.84046,-1,0,-121
1754050577.87946,-3,-4,-123
1754050577.91646,1,-4,-129
1754050577.95546,4,-1,-130
1754050577.9934602,6,0,-137
1754050578.0294602,8,-2,-136
1754050578.06746,4,-4,-131
1754050578.1054602,-3,-6,-135
1754050578.1444602,-2,-4,-128
1754050578.18046,-2,-3,-128
1754050578.21846,-2,-7,-119
1754050578.2564602,4,-2,-123
1754050578.29546,1,-9,-122
1754050578.33346,-6,-5,-127
1754050578.36946,1,-2,-130
1754050578.40846,6,2,-130
1754050578.44646,3,3,-129
1754050578.48446,-2,2,-133
1754050578.52046,6,4,-128
1754050578.55846,7,-3,-136
1754050578.59646,1,2,-131
1754050578.63546,2,0,-135
1754050578.6714602,6,6,-128
1754050578.70846,-4,3,-141
1754050578.7464602,-5,-6,-140
1754050578.78546,0,1,-137
1754050578.82146,-1,2,-127
1754050578.85946,6,2,-118
1754050578.89746,1,1,-125
1754050578.93546,-5,-3,-128
1754050578.97146,-3,-5,-133
1754050579.0094602,4,0,-127
1754050579.04746,0,1,-132
1754050579.0854602,1,-2,-126
1754050579.12446,-1,-5,-137
1754050579.16046,-1,2,-126
1754050579.19846,1,0,-135
1754050579.2364602,2,5,-132
1754050579.27546,1,4,-128
1754050579.31146,5,-1,-127
1754050579.34946,0,0,-128
1754050579.38746,-2,2,-129
1754050579.42546,0,4,-129
1754050579.46446,-13,-2,-131
1754050579.50046,-7,-4,-126
1754050579.53846,-7,-2,-124
1754050579.57646,-7,-2,-134
1754050579.6154602,0,0,-128
1754050579.6514602,-2,-1,-136
1754050579.68946,0,1,-133
1754050579.72746,-1,3,-129
1754050579.7664602,1,0,-131
1754050579.80446,1,-8,-132
1754050579.84046,4,-3,-125
1754050579.8784602,2,1,-128
1754050579.91646,-3,0,-130
1754050579.95546,7,-1,-126
1754050579.99146,-1,-5,-121
1754050580.03046,-2,0,-114
1754050580.06746,-3,3,-124
1754050580.10646,-2,-5,-126
1754050580.1444602,2,0,-135
1754050580.18046,1,-10,-132
1754050580.21846,-1,-6,-123
1754050580.2564602,-1,-1,-122
1754050580.29546,2,-6,-121
1754050580.3324602,-3,-3,-114
1754050580.36946,-4,-3,-126
1754050580.4074602,-2,0,-132
1754050580.44646,-3,3,-125
1754050580.48446,6,3,-132
1754050580.52046,1,6,-136
1754050580.55746,4,0,-132
1754050580.59646,-2,0,-134
1754050580.63246,-4,1,-129
1754050580.67046,3,6,-141
1754050580.70846,4,4,-129
1754050580.7464602,4,-3,-116
1754050580.78546,9,-3,-128
1754050580.82146,1,-1,-120
1754050580.85946,2,0,-127
1754050580.89746,0,1,-130
1754050580.93646,2,-3,-136
1754050580.97246,-6,1,-136
1754050581.01046,4,0,-127
1754050581.04846,1,1,-117
1754050581.08646,1,2,-130
1754050581.12546,-3,0,-125
1754050581.1614602,-2,3,-117
1754050581.2004602,-3,-4,-111
1754050581.23746,1,-1,-106
1754050581.2764602,0,-2,-133
1754050581.3124602,0,-2,-120
1754050581.34946,0,-5,-121
1754050581.38746,-6,-3,-121
1754050581.42646,1,-6,-119
1754050581.46546,1,-4,-119
1754050581.50146,-5,0,-122
1754050581.5394602,-4,-3,-132
1754050581.57746,-2,-5,-132
1754050581.61646,0,-4,-144
1754050581.65246,5,-1,-137
1754050581.6904602,0,-2,-136
1754050581.72846,-2,0,-129
1754050581.76746,-2,-2,-127
1754050581.80546,-1,0,-124
1754050581.84146,-7,2,-125
1754050581.88046,-3,-2,-130
1754050581.9174602,0,1,-135
1754050581.95646,0,-6,-132
1754050581.99246,-2,-5,-123
1754050582.03046,0,-3,-115
1754050582.06846,2,0,-126
1754050582.10746,2,0,-114
1754050582.14546,-1,2,-126
1754050582.18146,-2,3,-129
1754050582.21946,-3,-9,-117
1754050582.25746,1,-9,-128
1754050582.2964602,5,-5,-131
1754050582.3324602,5,-3,-124
1754050582.37046,3,1,-126
1754050582.40846,4,3,-135
1754050582.4474602,-1,-2,-127
1754050582.48546,6,-4,-140
1754050582.52146,5,-3,-128
1754050582.56046,3,-1,-131
1754050582.59746,0,-4,-137
1754050582.63646,4,-4,-135
1754050582.67346,1,-1,-137
1754050582.7104602,-1,-5,-131
1754050582.74846,0,-1,-133
1754050582.78746,3,1,-128
1754050582.82346,2,-2,-137
1754050582.8614602,3,0,-136
1754050582.89946,-7,4,-140
1754050582.9374602,-4,0,-139
1754050582.97646,-3,-2,-132
1754050583.01246,-1,-6,-130
1754050583.05146,-3,-7,-129
1754050583.0884602,0,-2,-121
1754050583.12746,-3,-3,-132
1754050583.1644602,-7,2,-129
1754050583.20146,1,2,-130
1754050583.2404602,2,5,-120
1754050583.27746,-2,-2,-131
1754050583.31646,-3,0,-127
1754050583.35246,1,-2,-125
1754050583.39046,0,-7,-131
1754050583.42846,1,-1,-126
1754050583.4674602,-1,-7,-133
1754050583.5034602,-6,-8,-130
1754050583.54146,-2,-1,-127
1754050583.57946,-7,-2,-138
1754050583.6184602,-2,-4,-126
1754050583.65646,-7,-4,-119
1754050583.69246,-4,0,-123
1754050583.73146,5,2,-131
1754050583.76846,7,5,-142
1754050583.80746,0,-1,-123
1754050583.84346,-6,-4,-134
1754050583.8814602,2,-2,-131
1754050583.91946,5,-1,-128
1754050583.95846,-4,-4,-132
1754050583.9964602,-8,-1,-123
1754050584.0324602,0,1,-130
1754050584.07046,-1,0,-124
1754050584.1084602,-3,1,-128
1754050584.14746,4,0,-130
1754050584.18346,0,0,-127
1754050584.2204602,0,2,-127
1754050584.25846,3,-3,-129
1754050584.29746,2,5,-138
1754050584.33446,3,0,-131
1754050584.3714602,4,6,-132
1754050584.40946,2,-3,-133
1754050584.44846,4,-1,-134
1754050584.4864602,-2,3,-131
1754050584.52246,8,3,-125
1754050584.5594602,5,1,-117
1754050584.5984602,1,0,-117
1754050584.63646,0,-1,-123
1754050584.67246,1,0,-128
1754050584.70946,4,-1,-136
1754050584.74846,2,1,-130
1754050584.78446,0,3,-124
1754050584.82146,-6,-3,-125
1754050584.85946,-5,-3,-128
1754050584.89846,1,0,-127
1754050584.9344602,6,-3,-128
1754050584.97246,-5,-6,-135
1754050585.01146,0,-6,-122
1754050585.04846,0,0,-130
1754050585.08746,0,-2,-127
1754050585.12446,1,2,-135
1754050585.1614602,1,1,-128
1754050585.19946,0,2,-127
1754050585.23846,0,0,-124
1754050585.27446,0,-3,-122
1754050585.3124602,1,-3,-114
1754050585.35046,2,0,-120
1754050585.3944602,4,-1,-120
1754050585.43246,7,0,-119
1754050585.4704602,-2,1,-129
1754050585.50846,-9,-1,-123
1754050585.54746,-7,0,-129
1754050585.58346,-2,0,-127
1754050585.6214602,-2,-1,-129
1754050585.65946,3,0,-126
1754050585.69846,7,-6,-127
1754050585.73446,1,-4,-129
1754050585.77246,3,1,-131
1754050585.81146,8,-1,-131
1754050585.84946,5,4,-127
1754050585.88746,-5,1,-132
1754050585.92346,0,0,-135
1754050585.9604602,1,0,-128
1754050585.99946,0,4,-131
1754050586.03746,-8,-1,-149
1754050586.07346,3,-4,-136
1754050586.1114602,1,-2,-141
1754050586.14946,2,3,-131
1754050586.18846,-3,0,-132
1754050586.22446,2,0,-127
1754050586.26146,7,5,-133
1754050586.2994602,7,-2,-121
1754050586.3384602,0,-2,-129
1754050586.37446,-3,0,-128
1754050586.41246,8,-1,-131
1754050586.4504602,3,-7,-121
1754050586.48946,-5,2,-123
1754050586.52746,-9,-1,-128
1754050586.56346,-10,0,-117
1754050586.60146,0,-6,-138
1754050586.63946,7,-6,-141
1754050586.67846,3,-1,-137
1754050586.71446,1,0,-131
1754050586.75146,-1,1,-134
1754050586.7894602,4,4,-123
1754050586.82846,-1,-4,-113
1754050586.86446,-4,-3,-115
1754050586.90246,-2,-3,-117
1754050586.9404602,0,-11,-117
1754050586.97946,-1,-8,-131
1754050587.01546,-2,-6,-132
1754050587.05346,-5,2,-122
1754050587.09146,0,0,-126
1754050587.12946,-3,0,-119
1754050587.16846,-6,0,-122
1754050587.20446,-8,-1,-125
1754050587.24246,-6,-3,-133
1754050587.28046,-1,1,-132
1754050587.3194602,4,-4,-138
1754050587.3554602,0,-5,-136
1754050587.39246,3,-1,-130
1754050587.43046,6,1,-129
1754050587.46946,8,0,-130
1754050587.50546,5,4,-129
1754050587.54346,-1,4,-132
1754050587.58146,1,0,-134
1754050587.61946,-7,0,-132
1754050587.65846,-1,0,-133
1754050587.6944602,-2,-2,-132
1754050587.73246,-6,-5,-124
1754050587.77046,3,-6,-125
1754050587.8094602,-3,0,-130
1754050587.8454602,-8,-6,-130
1754050587.88346,2,-2,-136
1754050587.9214602,11,1,-127
1754050587.9604602,6,-2,-124
1754050587.99846,-1,-4,-128
1754050588.03446,-6,4,-116
1754050588.0724602,-5,1,-127
1754050588.11046,-2,2,-124
1754050588.14946,-5,-2,-131
1754050588.18546,0,-1,-123
1754050588.2234602,2,-5,-131
1754050588.26146,3,0,-141
1754050588.30046,-4,-5,-138
1754050588.3384602,-3,-8,-134
1754050588.37446,-5,-9,-143
1754050588.41246,-3,-7,-138
1754050588.4504602,5,0,-129
1754050588.48946,-2,-9,-132
1754050588.52546,-1,-4,-133
1754050588.56346,2,0,-134
1754050588.60146,3,-3,-131
1754050588.64046,-3,-10,-121
1754050588.67846,-5,-9,-118
1754050588.71446,-2,-12,-118
1754050588.7534602,3,-4,-138
1754050588.79046,0,-1,-132
1754050588.82946,-4,-5,-129
1754050588.8654602,-5,0,-132
1754050588.90246,-2,0,-124
1754050588.9404602,1,-8,-135
1754050588.97946,1,-5,-136
1754050589.01546,3,-4,-126
1754050589.05346,2,0,-135
1754050589.09146,0,0,-123
1754050589.13046,-7,-1,-128
1754050589.16646,1,-2,-124
1754050589.20446,2,0,-126
1754050589.24246,-2,0,-130
1754050589.28046,3,-4,-134
1754050589.3194602,9,-2,-133
1754050589.3554602,-1,-2,-138
1754050589.39346,0,0,-120
1754050589.43146,0,0,-128
1754050589.4704602,0,-1,-131
1754050589.5064602,-2,-6,-130
1754050589.54446,-3,-4,-117
1754050589.5824602,-4,-6,-128
1754050589.62046,2,2,-125
1754050589.65946,0,7,-119
1754050589.69546,-4,-3,-118
1754050589.7334602,-3,-7,-121
1754050589.77146,-2,-3,-118
1754050589.81046,3,-5,-122
1754050589.84646,4,0,-132
1754050589.8844602,-1,6,-122
1754050589.9214602,-2,7,-132
1754050589.9604602,-2,-6,-119
1754050589.9964602,-2,-2,-122
1754050590.03446,3,3,-120
1754050590.0724602,0,2,-134
1754050590.1114602,2,-2,-125
1754050590.14946,3,-8,-130
1754050590.18546,1,0,-130
1754050590.22246,-4,-6,-124
1754050590.26146,-6,-5,-123
1754050590.2994602,0,-6,-128
1754050590.3354602,-3,-6,-131
1754050590.37346,-5,-3,-135
1754050590.4114602,0,-4,-138
1754050590.4504602,7,4,-135
1754050590.4864602,2,2,-118
1754050590.52346,0,1,-126
1754050590.56146,1,-2,-126
1754050590.60046,1,-3,-119
1754050590.63646,2,-6,-132
1754050590.67546,-9,7,-125
1754050590.71246,-5,7,-123
1754050590.75146,-5,4,-123
1754050590.7894602,-2,2,-125
1754050590.8254602,-2,-3,-124
1754050590.86346,3,-4,-130
1754050590.9014602,4,-8,-125
1754050590.9404602,5,-6,-129
1754050590.97646,3,-3,-137
1754050591.01446,-4,-1,-131
1754050591.0524602,-2,3,-139
1754050591.09146,-4,5,-136
1754050591.12746,-5,0,-132
1754050591.1644602,-2,0,-127
1754050591.20246,0,-2,-125
1754050591.24146,0,-3,-131
1754050591.27746,-1,0,-136
1754050591.3154602,5,7,-126
1754050591.35346,0,1,-130
1754050591.39246,2,2,-130
1754050591.43046,10,0,-134
1754050591.46646,3,-4,-128
1754050591.50446,2,-9,-133
1754050591.5424602,0,-5,-120
1754050591.58146,7,0,-131
1754050591.6184602,-3,3,-135
1754050591.65546,-1,-2,-124
1754050591.69346,4,-7,-132
1754050591.73246,-6,4,-133
1754050591.77046,-3,-4,-121
1754050591.80646,0,-3,-128
1754050591.84446,2,1,-135
1754050591.88246,2,7,-128
1754050591.9214602,0,10,-125
1754050591.9574602,-1,4,-125
1754050591.99546,-3,9,-127
1754050592.03346,-10,-2,-131
1754050592.0724602,-8,-1,-123
1754050592.11046,-4,2,-123
1754050592.14646,1,1,-119
1754050592.18346,3,6,-116
1754050592.22246,-6,4,-131
1754050592.26046,-2,0,-133
1754050592.2964602,-3,4,-135
1754050592.3354602,-3,3,-135
1754050592.37246,-4,1,-139
1754050592.4114602,-5,4,-135
1754050592.4474602,0,3,-136
1754050592.48446,-7,1,-130
1754050592.52246,0,4,-129
1754050592.56146,-1,0,-129
1754050592.59746,-2,2,-125
1754050592.63546,-7,1,-127
1754050592.67346,3,-2,-127
1754050592.71246,0,-1,-134
1754050592.75046,-2,0,-128
1754050592.7864602,-2,0,-128
1754050592.82446,-3,-1,-128
1754050592.86246,-3,0,-133
1754050592.9014602,-4,4,-119
1754050592.9374602,0,-4,-121
1754050592.97546,-1,-2,-128
1754050593.0134602,-4,-2,-122
1754050593.0524602,-4,-1,-119
1754050593.0884602,0,-2,-118
1754050593.12546,-2,-7,-122
1754050593.16346,1,-1,-133
1754050593.20246,-2,0,-133
1754050593.23846,0,0,-127
1754050593.2764602,0,1,-138
1754050593.3154602,7,0,-130
1754050593.35246,1,0,-133
1754050593.3914602,-3,0,-130
1754050593.4274602,0,0,-133
1754050593.46546,9,-4,-128
1754050593.5034602,2,1,-127
1754050593.5424602,1,-6,-127
1754050593.57846,0,0,-129
1754050593.6154602,3,4,-127
1754050593.65346,3,1,-124
1754050593.69246,2,-8,-130
1754050593.72846,4,-6,-133
1754050593.7664602,-3,5,-118
1754050593.80446,-5,-1,-127
1754050593.84346,-4,4,-136
1754050593.8814602,3,1,-138
1754050593.9174602,-1,5,-134
1754050593.95546,3,-4,-133
1754050593.9934602,0,4,-132
1754050594.0324602,1,-3,-131
1754050594.06846,1,0,-131
1754050594.10646,5,2,-130
1754050594.14546,2,0,-124
1754050594.18346,-10,4,-120
1754050594.22146,-2,4,-126
1754050594.25746,-3,0,-136
1754050594.29546,-3,-3,-133
1754050594.33346,2,3,-134
1754050594.37246,0,-3,-130
1754050594.40846,0,-4,-127
1754050594.44646,5,-8,-128
1754050594.48446,4,-3,-129
1754050594.52346,6,-3,-141
1754050594.56146,4,0,-141
1754050594.59746,-2,-5,-133
1754050594.63646,-1,-7,-122
1754050594.67346,2,-1,-125
1754050594.71246,5,-2,-120
1754050594.74846,2,0,-125
1754050594.7864602,0,-1,-131
1754050594.82346,-1,-8,-130
1754050594.86246,4,-3,-135
1754050594.89846,-7,4,-126
1754050594.93646,-6,-3,-121
1754050594.97446,-3,0,-126
1754050595.0134602,2,2,-127
1754050595.0494602,2,1,-134
1754050595.08646,3,-1,-121
1754050595.12446,0,0,-118
1754050595.16346,4,0,-126
1754050595.19946,1,1,-124
1754050595.2364602,-7,-4,-130
1754050595.27446,-3,1,-117
1754050595.31346,3,-3,-116
1754050595.34946,0,0,-126
1754050595.38646,-1,-5,-127
1754050595.43246,3,3,-137
1754050595.46846,-3,7,-124
1754050595.5064602,0,2,-122
1754050595.54546,-4,0,-134
1754050595.58346,0,2,-127
1754050595.62046,1,1,-116
1754050595.6574602,0,-2,-103
1754050595.69546,2,-1,-117
1754050595.7334602,0,-4,-117
1754050595.77246,0,0,-124
1754050595.80846,5,-2,-135
1754050595.84646,0,-4,-128
1754050595.88546,-6,-2,-138
1754050595.92346,0,-3,-133
1754050595.95946,-3,-2,-133
1754050595.99746,1,-6,-131
1754050596.03546,-3,-4,-123
1754050596.07446,-5,0,-122
1754050596.11246,0,8,-114
1754050596.14846,-3,5,-127
1754050596.18646,-1,3,-115
1754050596.22446,-4,3,-120
1754050596.2634602,0,6,-126
1754050596.2994602,-3,4,-123
1754050596.33746,0,-3,-125
1754050596.37546,2,0,-114
1754050596.4144602,0,0,-124
1754050596.45246,3,1,-129
1754050596.48846,0,4,-133
1754050596.5264602,0,-1,-125
1754050596.56446,-4,1,-134
1754050596.60346,0,-1,-124
1754050596.63946,-1,0,-119
1754050596.67646,2,-7,-123
1754050596.71446,1,0,-120
1754050596.7534602,-5,0,-123
1754050596.7894602,-1,0,-117
1754050596.82746,4,6,-116
1754050596.86646,0,3,-130
1754050596.9044602,3,6,-121
1754050596.94246,4,-2,-127
1754050596.97846,-1,3,-130
1754050597.0164602,0,4,-127
1754050597.05446,1,2,-124
1754050597.09346,-1,0,-132
1754050597.12946,-2,0,-125
1754050597.1674602,3,-8,-119
1754050597.20546,4,-9,-121
1754050597.24446,-3,-3,-134
1754050597.28046,0,-2,-129
1754050597.31846,4,1,-123
1754050597.35746,6,1,-127
1754050597.3944602,1,0,-122
1754050597.43346,0,-7,-129
1754050597.46946,1,0,-134
1754050597.5064602,-1,0,-131
1754050597.54446,-4,-3,-131
1754050597.58346,0,0,-123
1754050597.61946,-5,0,-129
1754050597.6574602,0,-10,-133
1754050597.69646,0,3,-119
1754050597.73446,0,-2,-115
1754050597.77046,-3,-3,-120
1754050597.80846,-4,-6,-131
1754050597.84646,4,-2,-126
1754050597.88546,-2,-9,-127
1754050597.92346,0,-4,-124
1754050597.95946,-1,0,-134
1754050597.99746,5,0,-137
1754050598.03546,4,-1,-127
1754050598.07446,1,-3,-129
1754050598.11046,9,-2,-124
1754050598.14846,-4,-1,-119
1754050598.18646,-3,0,-121
1754050598.22546,-6,2,-124
1754050598.2634602,0,6,-127
1754050598.2994602,0,-1,-122
1754050598.33646,5,-1,-132
1754050598.37546,0,-3,-122
1754050598.41346,3,0,-128
1754050598.44946,2,-4,-128
1754050598.48746,-8,-3,-118
1754050598.52546,0,0,-126
1754050598.56446,2,-1,-134
1754050598.60046,4,-9,-132
1754050598.6384602,-1,-3,-131
1754050598.67646,5,3,-124
1754050598.71546,-3,-2,-116
1754050598.7534602,-4,-2,-120
1754050598.79046,0,-2,-110
1754050598.82746,4,0,-124
1754050598.8654602,1,5,-121
1754050598.9044602,11,-2,-123
1754050598.9404602,1,-9,-125
1754050598.97846,1,-2,-138
1754050599.01746,-5,-1,-135
1754050599.05546,-6,-4,-125
1754050599.09146,-4,-7,-132
1754050599.12946,-3,-9,-139
1754050599.1674602,0,0,-137
1754050599.20546,5,0,-139
1754050599.24446,-1,-1,-130
1754050599.28046,1,-1,-128
1754050599.31846,1,-4,-117
1754050599.35646,0,3,-122
1754050599.39546,-3,-6,-124
1754050599.43146,0,-10,-130
1754050599.46946,9,-10,-124
1754050599.50746,6,-4,-127
1754050599.54546,5,-6,-131
1754050599.58446,-2,-1,-126
1754050599.62046,-4,0,-127
1754050599.65846,-1,4,-128
1754050599.69646,0,1,-134
1754050599.73546,-7,5,-119
1754050599.77146,-3,7,-129
1754050599.8094602,7,2,-129
1754050599.84746,5,-5,-125
1754050599.88646,2,0,-139
1754050599.9244602,0,7,-137
1754050599.9604602,3,3,-135
1754050599.99746,0,3,-124
1754050600.0364602,-1,0,-129
1754050600.07446,0,-2,-136
1754050600.11046,1,-3,-125
1754050600.14846,1,-4,-122
1754050600.18646,-1,1,-134
1754050600.22546,-1,3,-129
1754050600.26146,3,1,-124
1754050600.2994602,5,-3,-123
1754050600.33746,-1,-4,-126
1754050600.37646,1,-1,-126
1754050600.4144602,6,-3,-135
1754050600.4504602,6,3,-128
1754050600.48846,10,0,-121
1754050600.5264602,6,-2,-133
1754050600.56446,-2,-2,-129
1754050600.60046,0,1,-132
1754050600.6384602,0,6,-135
1754050600.67646,0,0,-115
1754050600.71446,-1,-2,-112
1754050600.75046,-1,-2,-116
1754050600.78846,-7,-4,-125
1754050600.82646,6,-3,-120
1754050600.8654602,1,-2,-124
1754050600.9014602,8,-3,-128
1754050600.93946,7,0,-124
1754050600.97746,-1,-4,-128
1754050601.0164602,7,-8,-139
1754050601.05446,7,-6,-122
1754050601.09046,0,-9,-129
1754050601.1284602,-2,-2,-133
1754050601.16646,2,0,-135
1754050601.20546,7,-5,-136
1754050601.24146,4,-5,-140
1754050601.28046,10,4,-128
1754050601.31746,0,1,-126
1754050601.35646,6,-1,-136
1754050601.39246,0,-6,-133
1754050601.43046,10,-4,-131
1754050601.4674602,7,0,-123
1754050601.5064602,14,6,-126
1754050601.5424602,6,7,-120
1754050601.58046,4,1,-122
1754050601.61746,-3,1,-126
1754050601.65646,-4,9,-134
1754050601.69246,0,4,-127
1754050601.72946,-2,1,-127
1754050601.76746,-7,0,-119
1754050601.80646,-1,-2,-119
1754050601.8424602,-5,-2,-115
1754050601.88046,-3,1,-128
1754050601.91846,-2,-1,-122
1754050601.9574602,3,3,-133
1754050601.99546,-4,3,-128
1754050602.03146,-4,-4,-126
1754050602.0694602,0,0,-120
1754050602.1084602,6,-3,-129
1754050602.14646,1,-4,-121
1754050602.18246,0,-3,-140
1754050602.22146,-5,-1,-129
1754050602.25846,-3,0,-123
1754050602.29746,3,-4,-137
1754050602.3354602,-2,-6,-133
1754050602.3714602,4,-6,-116
1754050602.40946,2,-5,-120
1754050602.4474602,3,-4,-130
1754050602.4864602,0,-1,-128
1754050602.52246,6,0,-140
1754050602.5594602,1,-4,-145
1754050602.59746,3,-7,-135
1754050602.63646,2,-4,-134
1754050602.67246,3,4,-129
1754050602.70946,0,1,-137
1754050602.74746,-1,0,-134
1754050602.7864602,-10,0,-123
1754050602.8224602,-3,-2,-135
1754050602.86046,-2,-4,-132
1754050602.89846,2,-3,-128
1754050602.9374602,2,-3,-130
1754050602.97546,3,-3,-113
1754050603.01146,5,-4,-121
1754050603.0494602,-5,0,-128
1754050603.0884602,1,1,-128
1754050603.12646,2,-3,-120
1754050603.16246,0,-5,-126
1754050603.20146,1,0,-131
1754050603.23846,5,1,-131
1754050603.27746,6,2,-130
1754050603.31346,-4,-1,-127
1754050603.35146,-2,3,-131
1754050603.38946,-2,-2,-142
1754050603.4274602,0,-3,-131
1754050603.46646,0,0,-129
1754050603.50246,-1,-2,-128
1754050603.54046,0,-3,-132
1754050603.57946,-5,-5,-121
1754050603.61746,-2,5,-139
1754050603.65346,1,0,-134
1754050603.6904602,3,-3,-142
1754050603.72846,-2,4,-137
1754050603.76746,-6,-2,-136
1754050603.80346,-2,-1,-130
1754050603.84146,-5,-4,-126
1754050603.87946,6,-1,-140
1754050603.9174602,0,6,-135
1754050603.95646,1,4,-133
1754050603.99246,3,-3,-117
1754050604.03046,4,0,-114
1754050604.06846,-1,1,-117
1754050604.10746,0,-4,-130
1754050604.14346,0,0,-127
1754050604.18046,-1,5,-123
1754050604.21846,7,-8,-129
1754050604.25746,-7,-5,-123
1754050604.29346,3,2,-133
1754050604.33046,6,-1,-129
1754050604.3684602,4,-1,-136
1754050604.4074602,10,0,-128
1754050604.44346,8,-2,-131
1754050604.48146,3,0,-120
1754050604.5194602,0,-3,-124
1754050604.55846,-2,-5,-129
1754050604.59646,0,-2,-115
1754050604.63246,0,-7,-125
1754050604.67046,-1,-4,-115
1754050604.70846,2,0,-122
1754050604.74746,-1,-1,-120
1754050604.78346,-1,1,-127
1754050604.82146,-6,0,-133
1754050604.85946,-3,5,-115
1754050604.89846,-7,7,-130
1754050604.93646,-3,0,-130
1754050604.97246,-3,-2,-120
1754050605.01046,0,-4,-124
1754050605.04846,3,-4,-128
1754050605.08646,-3,1,-120
1754050605.12346,5,-1,-124
1754050605.1614602,-4,2,-129
1754050605.19946,-7,-4,-141
1754050605.23846,-8,-1,-127
1754050605.27446,-9,0,-131
1754050605.3124602,0,5,-115
1754050605.35046,-7,0,-121
1754050605.3884602,5,-8,-122
1754050605.43346,-1,-4,-120
1754050605.4704602,3,0,-123
1754050605.5094602,-3,-1,-126
1754050605.54746,-1,-3,-129
1754050605.58346,-1,-2,-125
1754050605.6214602,-3,2,-133
1754050605.65946,3,-1,-124
1754050605.69846,-3,2,-131
1754050605.73446,1,4,-137
1754050605.77246,-3,0,-124
1754050605.81046,2,0,-128
1754050605.8484602,0,0,-126
1754050605.88746,0,-3,-122
1754050605.92346,7,-1,-135
1754050605.96146,5,3,-133
1754050605.99946,4,0,-123
1754050606.03846,-1,-2,-128
1754050606.07446,-3,-5,-130
1754050606.11246,5,0,-125
1754050606.15046,-2,-1,-126
1754050606.18946,-7,-3,-126
1754050606.22746,2,-4,-128
1754050606.2634602,-1,-5,-135
1754050606.30146,5,-5,-135
1754050606.33946,7,-7,-137
1754050606.3784602,-4,-5,-124
1754050606.4144602,0,0,-119
1754050606.45146,7,-1,-126
1754050606.48946,-2,0,-134
1754050606.52846,3,5,-140
1754050606.56446,7,3,-127
1754050606.60146,7,-2,-133
1754050606.63946,-2,-5,-132
1754050606.67846,3,1,-127
1754050606.71446,9,1,-125
1754050606.75146,1,0,-132
1754050606.7894602,-4,-8,-129
1754050606.82846,-4,-3,-123
1754050606.86446,0,2,-121
1754050606.9014602,-4,2,-125
1754050606.93946,3,-1,-124
1754050606.97846,1,-2,-140
1754050607.01446,-5,-2,-129
1754050607.0524602,-5,0,-133
1754050607.09046,0,-2,-119
1754050607.12946,-7,1,-124
1754050607.1674602,-4,-2,-126
1754050607.20346,7,5,-127
1754050607.24146,4,-5,-123
1754050607.2794602,0,-6,-120
1754050607.3154602,-2,-2,-122
1754050607.35346,-8,-3,-125
1754050607.3914602,0,-5,-132
1754050607.42946,-10,0,-133
1754050607.46846,2,0,-141
1754050607.50446,5,2,-128
1754050607.54146,1,0,-144
1754050607.58046,3,-5,-133
1754050607.6184602,3,-4,-127
1754050607.65546,3,-3,-143
1754050607.69246,5,0,-132
1754050607.7304602,1,3,-138
1754050607.7694602,3,-1,-130
1754050607.80546,10,1,-128
1754050607.8424602,1,-3,-132
1754050607.88046,2,0,-131
1754050607.91946,4,0,-136
1754050607.95546,-5,0,-135
1754050607.9934602,0,-7,-122
1754050608.03046,-3,-7,-132
1754050608.0694602,-3,-4,-132
1754050608.1054602,4,-6,-126
1754050608.14346,4,-2,-124
1754050608.18146,2,-2,-128
1754050608.2204602,-4,-3,-129
1754050608.25846,-5,-3,-131
1754050608.29446,3,-2,-129
1754050608.3324602,4,-6,-113
1754050608.3714602,0,-8,-117
1754050608.40946,-9,0,-122
1754050608.44546,-6,-1,-121
1754050608.4834602,-5,-3,-125
1754050608.52146,-2,-2,-124
1754050608.56046,-1,-3,-138
1754050608.5984602,1,1,-126
1754050608.6344602,4,-3,-117
1754050608.67246,-1,-1,-121
1754050608.7104602,0,-2,-130
1754050608.74946,-4,-1,-125
1754050608.78546,-5,-2,-137
1754050608.82346,-6,-4,-141
1754050608.8614602,-3,-7,-126
1754050608.90046,5,-4,-126
1754050608.93846,-1,-6,-135
1754050608.97446,1,-1,-129
1754050609.01246,1,-2,-122
1754050609.05046,2,-7,-130
1754050609.08946,4,-8,-127
1754050609.12546,2,-2,-136
1754050609.16346,2,0,-136
1754050609.20146,-3,-3,-120
1754050609.2404602,4,-5,-121
1754050609.2764602,7,0,-116
1754050609.31446,0,6,-121
1754050609.35146,2,2,-121
1754050609.39046,0,0,-122
1754050609.42646,0,-2,-116
1754050609.46446,-5,-3,-119
1754050609.50246,1,-1,-122
1754050609.54046,5,-3,-123
1754050609.57946,0,-1,-123
1754050609.6154602,0,-3,-128
1754050609.65346,0,-5,-128
1754050609.69146,1,2,-129
1754050609.7304602,1,5,-132
1754050609.7664602,1,3,-135
1754050609.80346,5,2,-125
1754050609.84146,0,-3,-136
1754050609.88046,0,-8,-121
1754050609.91646,-8,-8,-133
1754050609.95446,-1,1,-126
1754050609.99246,-7,-1,-127
1754050610.03046,-5,-2,-131
1754050610.0694602,-14,-2,-120
1754050610.1054602,-8,-5,-134
1754050610.14346,-3,-9,-143
1754050610.18146,-1,0,-130
1754050610.2204602,9,2,-128
1754050610.2564602,5,4,-128
1754050610.29446,0,-3,-129
1754050610.3324602,-3,-4,-117
1754050610.3714602,0,-6,-129
1754050610.40946,-3,-9,-140
1754050610.44546,-9,-12,-126
1754050610.4834602,-3,-3,-125
1754050610.52146,0,-5,-116
1754050610.56046,-4,-4,-124
1754050610.59646,1,-1,-121
1754050610.6344602,0,-1,-121
1754050610.67246,-2,0,-128
1754050610.71146,-4,-6,-123
1754050610.74946,4,2,-114
1754050610.78546,0,1,-125
1754050610.82346,3,3,-117
1754050610.8614602,-2,2,-111
1754050610.90046,1,-1,-116
1754050610.93646,1,0,-108
1754050610.9734602,-2,-1,-120
1754050611.01146,6,-4,-128
1754050611.05046,0,-1,-137
1754050611.08646,2,3,-136
1754050611.12346,-3,0,-135
1754050611.1614602,-2,-1,-136
1754050611.2004602,1,-8,-134
1754050611.2364602,-3,-3,-131
1754050611.27446,0,-2,-122
1754050611.31346,5,-2,-126
1754050611.35146,0,-1,-127
1754050611.38746,0,-3,-131
1754050611.42546,-3,-8,-130
1754050611.4634602,1,-1,-123
1754050611.50146,-3,-2,-138
1754050611.54046,-5,-5,-126
1754050611.57646,-2,-6,-125
1754050611.61446,1,0,-135
1754050611.65246,-7,-5,-129
1754050611.69146,-5,-4,-131
1754050611.72746,-3,-6,-117
1754050611.76546,-4,-2,-119
1754050611.80446,-3,0,-117
1754050611.84146,-2,-3,-120
1754050611.88046,2,-3,-108
1754050611.91646,1,0,-107
1754050611.95346,2,4,-118
1754050611.99146,-2,5,-130
1754050612.03046,-4,1,-128
1754050612.06646,3,0,-128
1754050612.10346,0,-4,-131
1754050612.1414602,0,-6,-129
1754050612.18046,0,-2,-135
1754050612.21646,0,-7,-129
1754050612.25446,-1,0,-129
1754050612.2924602,-3,4,-126
1754050612.33146,3,4,-128
1754050612.36746,0,1,-124
1754050612.40546,0,0,-129
1754050612.44346,0,0,-129
1754050612.48246,5,0,-123
1754050612.52046,0,-2,-135
1754050612.55646,0,-2,-128
1754050612.59346,2,2,-128
1754050612.63246,0,-3,-126
1754050612.67046,7,-1,-123
1754050612.70646,3,-2,-127
1754050612.74446,6,-1,-131
1754050612.78346,5,-8,-130
1754050612.82146,-2,-4,-134
1754050612.85746,-4,-7,-137
1754050612.89646,-1,-5,-115
1754050612.93346,-1,2,-127
1754050612.97246,0,-2,-133
1754050613.01046,2,0,-123
1754050613.0464602,-3,-2,-127
1754050613.08446,0,0,-122
1754050613.12246,0,-4,-127
1754050613.1614602,-6,-7,-125
1754050613.1974602,0,-5,-126
1754050613.23546,8,0,-130
1754050613.27346,0,4,-140
1754050613.3124602,-1,-3,-129
1754050613.3484602,-2,-7,-116
1754050613.38746,-2,-4,-119
1754050613.4244602,-2,-2,-120
1754050613.46246,-6,1,-128
1754050613.50146,-4,0,-149
1754050613.53746,-8,0,-135
1754050613.5754602,-4,0,-141
1754050613.61346,0,-2,-131
1754050613.65246,4,0,-130
1754050613.68846,2,2,-122
1754050613.72546,-4,-3,-125
1754050613.7634602,-3,-1,-109
1754050613.8024602,6,-2,-118
1754050613.83946,7,-8,-118
1754050613.87646,4,-6,-128
1754050613.9144602,8,-6,-127
1754050613.95246,7,-2,-129
1754050613.99146,5,-6,-128
1754050614.02746,7,-2,-129
1754050614.06646,-9,1,-123
1754050614.10346,-1,-2,-126
1754050614.14246,3,-6,-129
1754050614.17846,-2,-4,-126
1754050614.21646,2,3,-122
1754050614.25446,5,-2,-136
1754050614.29346,8,-6,-127
1754050614.33146,4,-7,-132
1754050614.36746,6,-9,-125
1754050614.40546,6,-2,-127
1754050614.44346,-5,-8,-135
1754050614.48246,7,-3,-133
1754050614.51846,6,-3,-132
1754050614.55646,6,-1,-131
1754050614.5954602,-2,-2,-121
1754050614.63346,-3,3,-126
1754050614.6714602,0,-3,-131
1754050614.7074602,-3,-5,-121
1754050614.74546,-4,-4,-112
1754050614.78346,0,-2,-132
1754050614.8224602,10,3,-131
1754050614.8584602,-1,4,-131
1754050614.89646,5,-4,-135
1754050614.93546,2,0,-131
1754050614.9734602,-1,-2,-136
1754050615.01146,8,2,-122
1754050615.04746,2,-3,-120
1754050615.08646,9,2,-134
1754050615.12346,4,-5,-139
1754050615.16246,4,-3,-135
1754050615.19846,0,-4,-129
1754050615.2364602,-3,-4,-128
1754050615.27346,0,0,-126
1754050615.3124602,-4,-2,-125
1754050615.3484602,-1,1,-125
1754050615.38646,3,3,-131
1754050615.4244602,0,3,-134
1754050615.46846,2,7,-135
1754050615.5064602,0,5,-129
1754050615.54546,-3,0,-145
1754050615.58346,-2,-2,-142
1754050615.61946,4,0,-133
1754050615.65646,1,5,-126
1754050615.69546,10,4,-128
1754050615.7334602,3,2,-133
1754050615.7694602,0,4,-130
1754050615.80646,5,-1,-130
1754050615.8454602,0,4,-130
1754050615.88346,-3,-1,-134
1754050615.91946,-1,2,-132
1754050615.9574602,0,0,-129
1754050615.99546,0,-3,-134
1754050616.03346,4,0,-135
1754050616.0724602,3,-2,-128
1754050616.1084602,-5,0,-133
1754050616.14546,1,-14,-128
1754050616.18346,2,0,-127
1754050616.22246,4,-1,-137
1754050616.25846,2,0,-141
1754050616.29546,0,10,-133
1754050616.33446,3,8,-121
1754050616.37246,9,6,-128
1754050616.40846,7,1,-128
1754050616.44546,9,0,-127
1754050616.48446,2,2,-126
1754050616.52246,-3,6,-129
1754050616.55846,0,4,-136
1754050616.5954602,4,-1,-124
1754050616.6344602,-1,1,-135
1754050616.67246,6,0,-132
1754050616.70846,-1,1,-126
1754050616.7464602,-3,5,-118
1754050616.78446,-1,0,-131
1754050616.82346,-4,0,-132
1754050616.85946,0,0,-130
1754050616.89646,-9,1,-120
1754050616.9344602,-8,4,-120
1754050616.9734602,2,4,-122
1754050617.0094602,-5,-1,-120
1754050617.04846,-1,-2,-128
1754050617.0854602,3,0,-126
1754050617.12446,3,-3,-133
1754050617.16246,5,-2,-136
1754050617.19846,5,-4,-135
1754050617.2364602,2,-6,-124
1754050617.27446,3,-4,-127
1754050617.31346,0,1,-140
1754050617.34946,2,3,-132
1754050617.38746,-4,2,-127
1754050617.42546,-1,-4,-130
1754050617.46446,-2,4,-124
1754050617.50046,0,4,-130
1754050617.53746,8,1,-130
1754050617.5754602,-3,-3,-122
1754050617.61446,-2,-7,-118
1754050617.65046,3,-2,-132
1754050617.68846,1,-3,-133
1754050617.72646,-1,0,-124
1754050617.76446,3,0,-122
1754050617.80346,-4,0,-132
1754050617.83946,-7,-1,-127
1754050617.87746,-4,2,-127
1754050617.91546,0,4,-121
1754050617.95446,6,4,-125
1754050617.9904602,5,3,-132
1754050618.02746,-1,4,-133
1754050618.0654602,-6,9,-136
1754050618.10446,4,6,-141
1754050618.14046,15,1,-138
1754050618.1774602,3,1,-132
1754050618.21546,1,-3,-125
1754050618.25446,1,1,-125
1754050618.29046,0,1,-131
1754050618.32746,-4,4,-129
1754050618.3654602,3,1,-125
1754050618.4044602,1,-3,-129
1754050618.4404602,-3,2,-121
1754050618.47846,0,8,-117
1754050618.5164602,1,0,-125
1754050618.55546,1,6,-118
1754050618.59346,4,1,-122
1754050618.62946,2,4,-126
1754050618.6674602,-8,-1,-125
1754050618.70546,-1,0,-127
1754050618.74446,-5,4,-125
1754050618.78046,-8,1,-130
1754050618.81846,0,-4,-131
1754050618.85646,-1,-1,-131
1754050618.89546,5,-2,-141
1754050618.93346,-1,2,-137
1754050618.96946,-5,-3,-135
1754050619.00746,4,-1,-125
1754050619.04546,5,11,-121
1754050619.08446,13,0,-114
1754050619.12046,8,-7,-127
1754050619.15846,1,-2,-119
1754050619.19646,1,3,-124
1754050619.23546,6,3,-125
1754050619.27346,0,7,-125
1754050619.3094602,0,4,-131
1754050619.34746,2,4,-129
1754050619.38546,2,6,-133
1754050619.42346,3,-3,-124
1754050619.45946,0,-8,-124
1754050619.49746,-3,-7,-124
1754050619.53546,-1,-7,-135
1754050619.57446,1,1,-128
1754050619.61046,1,3,-129
1754050619.64746,0,0,-111
1754050619.68546,-3,0,-127
1754050619.72446,5,2,-122
1754050619.76046,-4,2,-128
1754050619.79846,2,-3,-129
1754050619.83646,-2,5,-128
1754050619.87546,0,-5,-134
1754050619.9114602,-1,-5,-141
1754050619.94946,-7,4,-130
1754050619.98746,-7,0,-132
1754050620.02546,0,-2,-122
1754050620.06446,-1,-2,-125
1754050620.10046,-5,1,-121
1754050620.1384602,-6,3,-126
1754050620.17646,-3,0,-123
1754050620.21546,0,-7,-118
1754050620.25146,-2,-11,-128
1754050620.2894602,5,-1,-131
1754050620.32746,0,0,-132
1754050620.3654602,-5,2,-136
1754050620.4044602,1,0,-139
1754050620.4404602,-1,0,-130
1754050620.47846,-2,0,-124
1754050620.5164602,-5,1,-138
1754050620.55546,-1,2,-141
1754050620.59146,-5,0,-135
1754050620.62946,3,1,-121
1754050620.6674602,7,0,-129
1754050620.70646,1,2,-127
1754050620.74446,6,0,-131
1754050620.78046,1,4,-122
1754050620.81746,-3,0,-122
1754050620.85646,-4,5,-123
1754050620.8944602,-2,1,-121
1754050620.93046,-4,0,-127
1754050620.9674602,-2,-4,-131
1754050621.0064602,-2,0,-135
1754050621.04446,-4,-3,-123
1754050621.08046,-3,-6,-125
1754050621.1184602,0,-7,-126
1754050621.15646,0,-8,-129
1754050621.19546,2,-8,-136
1754050621.23146,-5,-9,-132
1754050621.2694602,-3,-8,-122
1754050621.30746,0,0,-130
1754050621.34646,0,1,-124
1754050621.3844602,-1,2,-136
1754050621.42046,-1,-4,-127
1754050621.45846,7,-6,-111
1754050621.4964602,3,-5,-133
1754050621.53546,5,-1,-119
1754050621.57146,2,2,-129
1754050621.6084602,5,5,-130
1754050621.64646,7,3,-132
1754050621.68546,-2,0,-133
1754050621.72146,0,-4,-133
1754050621.7594602,4,5,-131
1754050621.79746,6,1,-132
1754050621.83646,0,-1,-132
1754050621.87246,2,2,-141
1754050621.90946,1,0,-129
1754050621.9474602,-2,-4,-124
1754050621.9864602,-8,-5,-130
1754050622.02246,-6,-9,-131
1754050622.06046,0,0,-127
1754050622.0984602,-1,2,-130
1754050622.13646,-3,0,-131
1754050622.17546,-2,0,-126
1754050622.21146,-2,-6,-126
1754050622.24946,-3,-2,-137
1754050622.28746,-2,-3,-128
1754050622.32646,3,-1,-127
1754050622.36246,-1,0,-129
1754050622.39946,-7,-2,-123
1754050622.4374602,-6,-2,-117
1754050622.47646,-4,-2,-124
1754050622.51246,-2,0,-122
1754050622.5494602,-1,-7,-130
1754050622.58746,4,-2,-133
1754050622.62646,4,1,-123
1754050622.66246,5,-4,-144
1754050622.7004602,-1,1,-138
1754050622.73846,-2,-1,-126
1754050622.77746,0,-4,-125
1754050622.8154602,-8,-6,-126
1754050622.85146,-2,-2,-135
1754050622.88946,1,-1,-125
1754050622.9274602,5,0,-129
1754050622.96646,-4,-4,-123
1754050623.00246,2,-1,-137
1754050623.04146,-2,-4,-131
1754050623.07846,2,-5,-131
1754050623.11746,0,-4,-130
1754050623.15546,2,-1,-134
1754050623.19146,3,2,-126
1754050623.22846,-2,-3,-122
1754050623.26746,0,-9,-119
1754050623.30546,-2,-9,-121
1754050623.34146,-6,-2,-128
1754050623.37946,-5,-1,-135
1754050623.4174602,3,0,-133
1754050623.45646,3,-1,-127
1754050623.49246,0,-1,-138
1754050623.53046,7,-4,-140
1754050623.56846,7,-8,-134
1754050623.60746,-4,-1,-125
1754050623.64346,0,3,-126
1754050623.68046,-5,2,-128
1754050623.71846,-3,-2,-119
1754050623.75746,1,-1,-127
1754050623.79346,5,0,-135
1754050623.83046,6,0,-131
1754050623.8684602,0,0,-128
1754050623.9074602,5,-3,-126
1754050623.94346,3,-3,-130
1754050623.98146,3,-6,-132
1754050624.0194602,-3,5,-138
1754050624.05746,3,0,-139
1754050624.09346,5,-3,-133
1754050624.1314602,0,3,-131
1754050624.16946,3,0,-139
1754050624.2074602,2,0,-127
1754050624.2464602,-8,-4,-119
1754050624.2824602,-6,-4,-124
1754050624.32046,0,-3,-117
1754050624.35946,3,-5,-127
1754050624.39746,1,-7,-132
1754050624.43346,-1,-7,-134
1754050624.47146,1,2,-131
1754050624.5094602,3,-3,-118
1754050624.54846,9,-4,-121
1754050624.58646,4,-12,-118
1754050624.62246,1,-9,-129
1754050624.66046,-2,-2,-122
1754050624.69846,3,1,-124
1754050624.73746,0,2,-116
1754050624.77346,0,-2,-127
1754050624.81146,2,1,-128
1754050624.84946,3,-3,-126
1754050624.8884602,-4,-5,-124
1754050624.92646,-4,-3,-132
1754050624.96246,-2,-2,-130
1754050625.00046,-4,3,-121
1754050625.03846,-7,3,-134
1754050625.07746,2,-4,-120
1754050625.11346,6,-5,-126
1754050625.1514602,4,-4,-112
1754050625.1904602,4,-2,-127
1754050625.22846,0,-4,-140
1754050625.2664602,3,-6,-124
1754050625.3024602,-4,-1,-133
1754050625.34046,-2,-5,-118
1754050625.37946,6,-7,-115
1754050625.4174602,0,0,-122
1754050625.45346,0,-1,-132
1754050625.49946,0,0,-132
1754050625.53746,2,-2,-127
1754050625.57346,2,0,-124
1754050625.61246,0,-3,-130
1754050625.64946,2,-1,-132
1754050625.68846,1,-1,-133
1754050625.72446,-8,0,-119
1754050625.76246,-2,1,-118
1754050625.80146,0,-1,-122
1754050625.8384602,-4,-3,-119
1754050625.87746,0,-1,-125
1754050625.91346,4,-2,-129
1754050625.95146,-4,3,-125
1754050625.98946,2,0,-127
1754050626.02846,-2,-11,-123
1754050626.06446,-4,-11,-131
1754050626.10246,-10,-2,-124
1754050626.14046,-1,-1,-120
1754050626.17846,-8,2,-128
1754050626.2174602,-3,2,-133
1754050626.2534602,-1,3,-130
1754050626.2924602,-1,-5,-119
1754050626.32946,2,-6,-127
1754050626.3684602,5,0,-131
1754050626.4044602,-2,-2,-126
1754050626.44246,-4,-6,-129
1754050626.4804602,-5,-7,-124
1754050626.51846,-1,-6,-125
1754050626.55746,1,2,-130
1754050626.59346,3,0,-130
1754050626.63046,5,-1,-120
1754050626.66946,2,-4,-108
1754050626.7074602,-3,-2,-128
1754050626.7434602,0,-7,-126
1754050626.78146,0,-4,-135
1754050626.8194602,1,2,-129
1754050626.8584602,-1,3,-130
1754050626.8944602,-1,-2,-137
1754050626.93346,0,-8,-119
1754050626.9704602,3,-1,-121
1754050627.0094602,0,-2,-133
1754050627.04746,-4,0,-130
1754050627.08346,-5,-1,-127
1754050627.1214602,-2,-2,-120
1754050627.15946,-3,4,-120
1754050627.19846,-3,0,-129
1754050627.23446,-1,-1,-128
1754050627.27246,-5,0,-123
1754050627.31046,-5,-6,-125
1754050627.34946,-5,0,-130
1754050627.38746,-2,-9,-122
1754050627.42346,-3,-5,-122
1754050627.46246,-6,-7,-133
1754050627.49946,1,-3,-134
1754050627.53846,1,-2,-127
1754050627.5754602,2,-5,-120
1754050627.61246,7,-12,-119
1754050627.65046,5,-5,-129
1754050627.68946,3,-2,-139
1754050627.72546,0,-7,-129
1754050627.7634602,5,-5,-126
1754050627.80146,7,-1,-116
1754050627.83946,0,-4,-125
1754050627.8784602,5,-5,-128
1754050627.9144602,4,-6,-129
1754050627.95246,5,-1,-135
1754050627.9904602,-2,1,-122
1754050628.0294602,-3,0,-128
1754050628.0654602,0,2,-131
1754050628.10246,-4,3,-124
1754050628.14046,-4,-2,-136
1754050628.17946,6,-1,-139
1754050628.21546,3,-4,-136
1754050628.2534602,5,0,-129
1754050628.29146,-6,0,-121
1754050628.32946,3,-7,-134
1754050628.3684602,7,-4,-130
1754050628.4044602,0,-9,-123
1754050628.44146,-1,-4,-113
1754050628.47946,0,0,-136
1754050628.51846,1,5,-123
1754050628.55446,4,1,-122
1754050628.59146,6,0,-125
1754050628.63046,7,-8,-126
1754050628.66846,7,-1,-128
1754050628.70446,-2,0,-132
1754050628.74246,-2,0,-124
1754050628.78146,1,0,-118
1754050628.8194602,-1,1,-126
1754050628.8554602,4,-1,-129
1754050628.89346,2,7,-118
1754050628.93146,-3,2,-125
1754050628.9704602,2,1,-124
1754050629.00846,6,-4,-127
1754050629.04446,6,-8,-119
1754050629.0824602,-3,-5,-127
1754050629.12046,-3,-8,-131
1754050629.15946,4,3,-127
1754050629.19546,2,2,-132
1754050629.23246,-4,-1,-129
1754050629.27046,4,-6,-130
1754050629.3094602,3,-7,-124
1754050629.3454602,6,-6,-129
1754050629.38346,6,1,-131
1754050629.4214602,7,0,-134
1754050629.4604602,7,3,-127
1754050629.49846,-3,4,-131
1754050629.53446,2,0,-133
1754050629.5724602,-3,-1,-138
1754050629.61046,2,0,-123
1754050629.64946,-3,-2,-130
1754050629.68546,-2,-4,-124
1754050629.7234602,-2,-6,-123
1754050629.76246,9,-3,-116
1754050629.80046,10,-7,-119
1754050629.83646,-10,0,-121
1754050629.87446,-11,-6,-119
1754050629.91246,2,2,-128
1754050629.9504602,11,-3,-125
1754050629.98946,3,-4,-126
1754050630.02546,1,-1,-119
1754050630.06346,-5,-2,-115
1754050630.10146,3,-5,-132
1754050630.14046,-1,-4,-122
1754050630.17646,-3,-3,-135
1754050630.21446,-1,1,-116
1754050630.25246,4,2,-120
1754050630.29046,0,4,-120
1754050630.32946,0,0,-122
1754050630.3654602,-1,1,-128
1754050630.40346,0,-4,-123
1754050630.44146,-5,-1,-122
1754050630.4804602,-5,-2,-133
1754050630.5164602,3,0,-136
1754050630.55346,0,1,-120
1754050630.59146,1,0,-130
1754050630.63046,1,0,-128
1754050630.66646,8,1,-133
1754050630.70346,2,-2,-126
1754050630.74146,-1,-1,-121
1754050630.78046,7,2,-131
1754050630.81646,5,-4,-126
1754050630.85446,1,2,-138
1754050630.89246,-2,3,-155
1754050630.93146,-2,-2,-125
1754050630.96946,3,-2,-122
1754050631.00546,0,-5,-126
1754050631.04346,-6,-3,-132
1754050631.08146,0,2,-124
1754050631.12046,-3,-1,-125
1754050631.15646,1,0,-122
1754050631.19346,6,-2,-115
1754050631.23246,-1,-7,-122
1754050631.27046,0,-6,-133
1754050631.30646,0,1,-131
1754050631.34346,-2,-2,-138
1754050631.3814602,3,1,-129
1754050631.42046,-1,3,-108
1754050631.45646,-3,2,-117
1754050631.49546,-4,-2,-119
1754050631.53346,1,0,-121
1754050631.57146,2,0,-127
1754050631.60946,3,0,-129
1754050631.64546,4,0,-125
1754050631.68346,1,-2,-121
1754050631.72146,5,-3,-132
1754050631.7594602,0,-2,-122
1754050631.79546,-5,1,-122
1754050631.83346,-4,4,-123
1754050631.8714602,4,-5,-129
1754050631.91046,4,0,-129
1754050631.94646,6,3,-132
1754050631.9834602,8,11,-124
1754050632.02146,-3,4,-116
1754050632.06046,-1,0,-122
1754050632.09646,0,4,-128
1754050632.13346,0,2,-131
1754050632.1714602,2,0,-133
1754050632.2104602,0,0,-132
1754050632.2464602,1,-2,-129
1754050632.28446,3,0,-122
1754050632.3224602,-3,-4,-132
1754050632.3614602,0,-5,-131
1754050632.39746,-3,-5,-124
1754050632.43546,-1,0,-119
1754050632.4734602,8,-2,-130
1754050632.51146,0,-2,-133
1754050632.55046,5,3,-132
1754050632.58646,0,1,-125
1754050632.62346,-4,-3,-123
1754050632.66246,-7,2,-130
1754050632.7004602,-3,4,-124
1754050632.7364602,-6,-4,-116
1754050632.77546,-3,-5,-115
1754050632.8124602,-5,-10,-122
1754050632.85146,1,-7,-128
1754050632.88746,-3,-8,-134
1754050632.92546,9,-1,-144
1754050632.9634602,1,-2,-139
1754050633.00246,6,-3,-122
1754050633.04046,0,-1,-128
1754050633.07646,7,1,-132
1754050633.11346,0,-2,-131
1754050633.15246,4,5,-127
1754050633.1904602,0,-5,-129
1754050633.22646,-2,-1,-121
1754050633.26446,0,-9,-128
1754050633.3024602,-3,-6,-131
1754050633.34146,5,-6,-135
1754050633.37746,0,0,-125
1754050633.41546,-3,0,-125
1754050633.45346,5,-2,-121
1754050633.49246,6,-3,-126
1754050633.53046,3,0,-129
1754050633.56646,9,-1,-123
1754050633.60446,6,0,-138
1754050633.64246,13,-3,-130
1754050633.68146,1,-6,-128
1754050633.7174602,-4,0,-127
1754050633.75546,2,-4,-128
1754050633.79346,-5,3,-131
1754050633.8324602,-6,3,-127
1754050633.87046,-1,-1,-127
1754050633.90646,6,-6,-125
1754050633.9444602,0,-9,-130
1754050633.98246,-1,-4,-118
1754050634.02146,2,3,-121
1754050634.05746,7,0,-122
1754050634.09646,-2,6,-132
1754050634.13346,-2,1,-120
1754050634.17246,3,-2,-132
1754050634.20846,4,0,-135
1754050634.2464602,-3,0,-134
1754050634.28446,5,-2,-131
1754050634.3224602,-4,0,-130
1754050634.3614602,1,-4,-129
1754050634.39746,6,-2,-119
1754050634.43546,-11,-7,-124
1754050634.4734602,-5,-2,-138
1754050634.51246,-4,-7,-125
1754050634.54846,3,-4,-131
1754050634.58746,0,-6,-130
1754050634.62446,4,-5,-131
1754050634.66246,1,0,-131
1754050634.70146,0,0,-115
1754050634.73746,-1,2,-130
1754050634.7764602,0,-2,-138
1754050634.81346,2,0,-129
1754050634.85246,3,1,-131
1754050634.8884602,2,0,-136
1754050634.92646,-5,0,-131
1754050634.9634602,-4,-1,-134
1754050635.00246,2,-4,-136
1754050635.03846,9,-3,-148
1754050635.07646,8,-12,-129
1754050635.11346,1,0,-114
1754050635.15246,12,2,-124
1754050635.18846,10,0,-128
1754050635.22646,9,-1,-136
1754050635.26446,10,0,-122
1754050635.30346,1,-5,-130
1754050635.34146,5,-3,-131
1754050635.37746,-2,-1,-115
1754050635.41646,2,-2,-125
1754050635.45346,4,-3,-136
1754050635.49246,0,-6,-137
1754050635.53546,0,-6,-121
1754050635.57346,0,-1,-123
1754050635.61246,5,-6,-126
1754050635.64846,4,-6,-124
1754050635.68646,2,-2,-122
1754050635.72446,7,3,-123
1754050635.7634602,8,1,-132
1754050635.80146,4,2,-121
1754050635.83746,9,-1,-128
1754050635.87546,1,4,-126
1754050635.91346,3,1,-126
1754050635.95246,3,-2,-120
1754050635.98846,5,-1,-123
1754050636.0264602,3,-3,-126
1754050636.06446,1,0,-137
1754050636.10346,-3,2,-127
1754050636.13946,1,0,-122
1754050636.1774602,0,-4,-135
1754050636.21446,-9,-3,-129
1754050636.2534602,-6,0,-126
1754050636.2894602,-5,2,-125
1754050636.32746,-8,-2,-114
1754050636.3654602,2,0,-122
1754050636.40346,7,-1,-114
1754050636.44246,2,-4,-123
1754050636.47846,-2,1,-127
1754050636.5164602,-8,2,-118
1754050636.55446,-4,1,-133
1754050636.59346,-2,2,-128
1754050636.62946,-2,0,-127
1754050636.6674602,2,0,-134
1754050636.70546,1,3,-124
1754050636.7434602,5,4,-123
1754050636.7824602,2,2,-125
1754050636.81846,-2,2,-128
1754050636.85646,3,-3,-127
1754050636.8944602,7,3,-121
1754050636.93346,0,9,-127
1754050636.96946,-6,4,-129
1754050637.00746,-7,-3,-139
1754050637.04546,-9,-1,-134
1754050637.08446,0,-7,-132
1754050637.12246,-4,-7,-134
1754050637.15846,-4,0,-132
1754050637.19646,4,0,-134
1754050637.23446,12,2,-135
1754050637.27346,2,-5,-126
1754050637.3094602,-1,-6,-129
1754050637.34746,-2,0,-118
1754050637.38546,5,4,-123
1754050637.4244602,1,-5,-129
1754050637.46246,3,-6,-134
1754050637.49846,-2,-4,-125
1754050637.5364602,2,-3,-126
1754050637.57446,-1,-3,-132
1754050637.61346,2,-2,-125
1754050637.64946,6,2,-133
1754050637.6874602,0,-2,-133
1754050637.72546,5,3,-126
1754050637.76446,-3,-2,-129
1754050637.8024602,-5,-1,-123
1754050637.8384602,-1,0,-124
1754050637.87646,3,3,-133
1754050637.9144602,-1,0,-130
1754050637.95346,7,-4,-134
1754050637.98946,-3,-8,-131
1754050638.02746,4,-3,-135
1754050638.0654602,2,2,-132
1754050638.10446,7,-4,-129
1754050638.14046,5,-4,-126
1754050638.17846,4,-9,-129
1754050638.21646,7,-1,-128
1754050638.25446,5,1,-131
1754050638.29346,0,4,-122
1754050638.32946,5,4,-121
1754050638.36646,3,0,-122
1754050638.4044602,3,4,-132
1754050638.44346,-3,1,-129
1754050638.47946,-1,-1,-124
1754050638.51746,2,1,-133
1754050638.55646,-6,1,-129
1754050638.59446,-1,-6,-132
1754050638.63046,2,-6,-130
1754050638.66846,3,-2,-129
1754050638.70646,6,2,-137
1754050638.74446,-5,-3,-135
1754050638.78346,-3,4,-132
1754050638.8194602,-5,3,-130
1754050638.85746,3,-6,-129
1754050638.89546,1,-6,-126
1754050638.9344602,-2,-6,-125
1754050638.9704602,0,-5,-129
1754050639.00746,-4,-2,-135
1754050639.04546,2,-1,-132
1754050639.08446,2,-2,-133
1754050639.12046,-2,-5,-128
1754050639.15846,-2,2,-128
1754050639.19646,2,4,-122
1754050639.23546,1,-4,-127
1754050639.27346,3,1,-118
1754050639.3094602,9,-1,-130
1754050639.34746,1,2,-131
1754050639.38546,10,3,-134
1754050639.4244602,0,3,-139
1754050639.4604602,5,5,-121
1754050639.49746,3,4,-139
1754050639.5364602,10,-1,-132
1754050639.57446,4,0,-130
1754050639.61046,1,0,-126
1754050639.64746,4,5,-118
1754050639.68546,0,10,-114
1754050639.72446,0,5,-133
1754050639.76046,-1,-2,-127
1754050639.79846,-1,0,-126
1754050639.83646,-5,0,-118
1754050639.87546,-4,5,-127
1754050639.91346,-5,-3,-140
1754050639.94946,0,-10,-119
1754050639.98746,-3,-3,-126
1754050640.02546,0,0,-124
1754050640.06446,7,4,-124
1754050640.10046,4,7,-128
1754050640.1384602,2,5,-133
1754050640.17646,0,0,-120
1754050640.21546,-7,-2,-115
1754050640.25246,-5,0,-122
1754050640.2894602,-3,2,-128
1754050640.32746,-1,4,-130
1754050640.36646,-2,7,-121
1754050640.4044602,3,2,-135
1754050640.4404602,2,0,-131
1754050640.47746,4,-7,-141
1754050640.5164602,5,-1,-142
1754050640.55446,2,-4,-146
1754050640.59046,4,0,-132
1754050640.62746,2,0,-139
1754050640.66646,7,1,-120
1754050640.70446,-1,0,-115
1754050640.7404602,1,-3,-121
1754050640.77846,0,-7,-128
1754050640.81646,3,1,-132
1754050640.8554602,3,-7,-134
1754050640.8914602,-1,-4,-138
1754050640.92946,5,-1,-125
1754050640.9674602,8,0,-137
1754050641.0064602,9,3,-136
1754050641.04446,3,4,-128
1754050641.08046,-3,-2,-137
1754050641.1184602,2,0,-134
1754050641.15646,-2,-6,-128
1754050641.19546,0,-6,-136
1754050641.23246,3,-3,-131
1754050641.2694602,-2,4,-130
1754050641.30746,-6,0,-128
1754050641.34646,-10,4,-120
1754050641.3844602,-1,11,-123
1754050641.42046,3,5,-121
1754050641.45846,4,-1,-129
1754050641.4964602,2,0,-137
1754050641.53546,6,-1,-125
1754050641.57146,-2,-3,-121
1754050641.60946,-4,-4,-114
1754050641.64746,-3,-5,-113
1754050641.68646,1,0,-118
1754050641.72446,0,-6,-122
1754050641.76046,4,-3,-123
1754050641.79846,-1,3,-129
1754050641.83646,-1,2,-139
1754050641.87546,-1,-5,-130
1754050641.9114602,5,-8,-126
1754050641.9504602,2,-3,-123
1754050641.98746,-9,-1,-119
1754050642.0264602,-1,0,-118
1754050642.06446,-4,2,-123
1754050642.10046,-6,1,-122
1754050642.1384602,-8,0,-127
1754050642.17646,-4,2,-126
1754050642.21546,2,2,-134
1754050642.25146,7,3,-123
1754050642.28846,11,-6,-129
1754050642.32646,7,-1,-115
1754050642.3654602,0,5,-128
1754050642.4014602,1,3,-122
1754050642.43846,0,-1,-119
1754050642.47646,-3,0,-127
1754050642.51546,-5,6,-123
1754050642.55146,-4,0,-120
1754050642.58946,0,-2,-119
1754050642.62746,7,-2,-124
1754050642.66646,7,2,-115
1754050642.70246,2,0,-122
1754050642.7404602,6,-5,-126
1754050642.77846,-2,3,-125
1754050642.81646,2,-4,-140
1754050642.8554602,-3,-7,-123
1754050642.8914602,0,-3,-126
1754050642.92846,5,-7,-134
1754050642.9674602,0,-3,-141
1754050643.00546,0,4,-125
1754050643.04146,-2,-4,-121
1754050643.08046,5,-4,-116
1754050643.11746,2,-9,-122
1754050643.15646,-1,-11,-120
1754050643.19246,-1,-5,-129
1754050643.2304602,4,3,-116
1754050643.26846,2,-3,-116
1754050643.30746,2,1,-132
1754050643.3454602,1,-1,-135
1754050643.3814602,7,4,-132
1754050643.41846,0,1,-114
1754050643.4574602,-6,4,-131
1754050643.49546,-2,-2,-127
1754050643.53146,1,-4,-126
1754050643.5694602,7,-3,-124
1754050643.60746,0,-3,-133
1754050643.64646,-1,-9,-137
1754050643.68246,0,0,-127
1754050643.7204602,5,0,-123
1754050643.7594602,2,-2,-124
1754050643.79746,4,-1,-125
1754050643.8354602,8,-3,-124
1754050643.8714602,2,1,-123
1754050643.90846,-4,1,-126
1754050643.9474602,4,1,-116
1754050643.98546,0,0,-124
1754050644.02246,-1,-2,-118
1754050644.0594602,-3,-1,-127
1754050644.09746,0,-2,-123
1754050644.13646,-5,-7,-129
1754050644.17246,-7,-5,-130
1754050644.2104602,-7,0,-132
1754050644.24846,4,-2,-127
1754050644.28746,7,-2,-138
1754050644.32346,8,0,-135
1754050644.3614602,-1,-6,-136
1754050644.39946,-1,0,-124
1754050644.4374602,0,2,-129
1754050644.47646,5,1,-129
1754050644.51246,-3,-1,-126
1754050644.55146,5,1,-136
1754050644.58946,3,-5,-129
1754050644.62746,4,-5,-129
1754050644.66346,2,-1,-130
1754050644.70146,2,1,-137
1754050644.73946,2,-1,-128
1754050644.77746,6,-4,-130
1754050644.81646,4,-4,-125
1754050644.85246,6,-4,-128
1754050644.89046,3,0,-125
1754050644.92846,0,-5,-135
1754050644.9674602,-3,-5,-135
1754050645.0034602,-5,-4,-133
1754050645.04146,-7,-2,-130
1754050645.07946,-1,-3,-123
1754050645.1184602,-5,-2,-119
1754050645.15646,0,0,-122
1754050645.19246,0,0,-126
1754050645.22946,2,-6,-134
1754050645.26846,2,-6,-122
1754050645.30646,-6,0,-131
1754050645.3424602,-4,-3,-138
1754050645.3814602,-1,-6,-133
1754050645.41846,-4,-1,-132
1754050645.4574602,-5,4,-136
1754050645.4934602,-1,2,-136
1754050645.5394602,0,-5,-140
1754050645.57746,-1,-7,-121
1754050645.61346,8,-5,-136
1754050645.6514602,6,-1,-129
1754050645.68946,1,-8,-132
1754050645.72846,0,-9,-136
1754050645.7664602,2,-2,-144
1754050645.8024602,-4,-1,-132
1754050645.84046,-5,0,-133
1754050645.8784602,-4,1,-128
1754050645.9174602,1,-5,-138
1754050645.95346,-1,-5,-126
1754050645.99146,-2,-2,-128
1754050646.0294602,-10,-1,-119
1754050646.06846,-6,-4,-116
1754050646.10646,-1,-6,-126
1754050646.14246,3,-8,-130
1754050646.18046,-2,-8,-122
1754050646.21846,0,-7,-123
1754050646.25746,0,4,-120
1754050646.29346,4,0,-117
1754050646.33046,-1,0,-115
1754050646.3684602,-2,1,-132
1754050646.4074602,-5,-4,-121
1754050646.44346,1,-6,-130
1754050646.48146,3,0,-130
1754050646.5194602,-2,1,-121
1754050646.55846,-3,-4,-137
1754050646.59446,-3,0,-133
1754050646.63246,0,0,-139
1754050646.6714602,1,-8,-132
1754050646.70946,5,0,-129
1754050646.74746,0,0,-110
1754050646.78346,1,5,-116
1754050646.82046,2,-1,-130
1754050646.8584602,-1,-1,-132
1754050646.89746,-1,0,-130
1754050646.93346,-2,-4,-135
1754050646.97146,0,-1,-126
1754050647.01046,0,-5,-126
1754050647.04846,0,-4,-131
1754050647.08446,1,-5,-134
1754050647.12346,4,1,-128
1754050647.16046,2,3,-138
1754050647.19946,3,1,-121
1754050647.23746,-4,3,-123
1754050647.27346,-1,2,-134
1754050647.31146,-1,-8,-125
1754050647.34946,2,0,-125
1754050647.3884602,3,0,-130
1754050647.4244602,-2,-1,-125
1754050647.46246,0,2,-125
1754050647.50046,0,3,-134
1754050647.5394602,2,-2,-132
1754050647.57746,0,-1,-130
1754050647.61346,1,-4,-138
1754050647.6514602,2,-11,-126
1754050647.68946,2,-5,-131
1754050647.72846,0,-8,-133
1754050647.76446,5,-6,-132
1754050647.8024602,6,-4,-128
1754050647.84046,5,2,-130
1754050647.87946,3,2,-122
1754050647.9174602,-4,-1,-125
1754050647.95346,1,0,-135
1754050647.9904602,-2,-1,-125
1754050648.0294602,-6,0,-122
1754050648.06746,0,-2,-120
1754050648.10346,5,3,-120
1754050648.14046,1,0,-127
1754050648.17946,3,-5,-126
1754050648.2174602,3,-7,-121
1754050648.2534602,-4,-5,-121
1754050648.29146,-7,0,-126
1754050648.32946,-5,-1,-129
1754050648.3684602,0,-4,-122
1754050648.4044602,3,-6,-131
1754050648.44246,1,-5,-123
1754050648.4804602,3,3,-129
1754050648.5194602,3,0,-139
1754050648.55546,-2,-4,-126
1754050648.59346,-3,-8,-137
1754050648.6314602,0,0,-132
1754050648.66946,3,-6,-134
1754050648.70846,-1,0,-141
1754050648.74446,5,-2,-131
1754050648.7824602,6,1,-119
1754050648.82046,5,-1,-131
1754050648.85946,2,-3,-130
1754050648.89546,6,-5,-128
1754050648.93346,2,-3,-123
1754050648.97146,3,0,-131
1754050649.0094602,-2,-3,-121
1754050649.04846,0,-2,-120
1754050649.08446,-3,4,-122
1754050649.12246,-5,-2,-121
1754050649.16046,-5,1,-115
1754050649.19946,-1,-5,-117
1754050649.23546,-1,-2,-127
1754050649.27446,5,1,-133
1754050649.31146,0,0,-120
1754050649.35046,-3,9,-128
1754050649.3884602,5,2,-125
1754050649.4244602,13,2,-122
1754050649.46146,3,0,-133
1754050649.50046,5,0,-132
1754050649.53846,3,2,-126
1754050649.57446,8,4,-136
1754050649.6114602,-5,-4,-134
1754050649.65046,0,-3,-127
1754050649.68846,5,-8,-129
1754050649.72446,-1,-2,-136
1754050649.76246,-6,1,-126
1754050649.80046,0,0,-118
1754050649.83946,-4,6,-119
1754050649.87546,-9,7,-125
1754050649.91346,-5,-3,-134
1754050649.95146,-4,-2,-129
1754050649.9904602,-5,4,-134
1754050650.02846,2,-2,-126
1754050650.06446,2,2,-126
1754050650.10246,2,6,-130
1754050650.1414602,4,5,-124
1754050650.17946,-9,-1,-116
1754050650.21546,-6,-9,-132
1754050650.2534602,-4,-8,-132
1754050650.29146,-2,-5,-130
1754050650.33046,0,-10,-123
1754050650.36646,4,-1,-124
1754050650.4044602,3,0,-127
1754050650.44246,-4,-5,-130
1754050650.4804602,8,-2,-121
1754050650.5194602,1,-1,-121
1754050650.55546,-6,-8,-122
1754050650.59346,-3,3,-116
1754050650.6314602,-5,0,-124
1754050650.67046,2,-7,-128
1754050650.70646,9,-5,-133
1754050650.74446,1,-3,-128
1754050650.7824602,9,-2,-112
1754050650.82046,5,-3,-113
1754050650.85946,3,0,-129
1754050650.89546,2,0,-141
1754050650.93246,6,-3,-137
1754050650.9704602,0,-3,-126
1754050651.0094602,-1,3,-122
1754050651.04546,1,4,-127
1754050651.08346,-2,0,-126
1754050651.12046,9,1,-119
1754050651.15946,7,0,-120
1754050651.19546,6,2,-123
1754050651.23246,0,-3,-123
1754050651.27146,0,-1,-128
1754050651.3094602,2,3,-117
1754050651.3454602,1,-5,-126
1754050651.38346,-1,-4,-118
1754050651.4214602,-3,-11,-127
1754050651.4604602,-6,-3,-131
1754050651.4964602,0,-4,-131
1754050651.53346,-3,-5,-131
1754050651.57146,5,-2,-130
1754050651.61046,1,-1,-126
1754050651.64646,-5,0,-122
1754050651.68346,-5,3,-126
1754050651.72146,-4,0,-124
1754050651.76046,4,1,-119
1754050651.7964602,0,-7,-122
1754050651.83346,3,-4,-124
1754050651.8714602,0,1,-131
1754050651.91046,6,2,-134
1754050651.94646,5,-1,-121
1754050651.98446,-2,-7,-128
1754050652.02246,-7,-5,-127
1754050652.06146,0,-3,-120
1754050652.09946,0,-3,-118
1754050652.13546,2,-7,-107
1754050652.17346,0,-2,-130
1754050652.21146,-4,-1,-133
1754050652.25046,-2,-3,-140
1754050652.2864602,-9,-3,-137
1754050652.3254602,7,0,-129
1754050652.36246,4,0,-124
1754050652.4014602,-3,8,-121
1754050652.4374602,1,-5,-131
1754050652.47546,2,0,-140
1754050652.5134602,4,-6,-133
1754050652.55146,9,0,-136
1754050652.59046,10,0,-120
1754050652.62646,10,-2,-124
1754050652.6644602,3,-2,-131
1754050652.70246,0,-1,-121
1754050652.74146,3,-5,-133
1754050652.77746,3,-3,-124
1754050652.8154602,2,0,-114
1754050652.85446,-3,-3,-115
1754050652.8914602,-2,-4,-125
1754050652.93046,-2,-1,-131
1754050652.96646,1,0,-130
1754050653.0034602,-5,2,-125
1754050653.0424602,-8,-1,-130
1754050653.08046,0,1,-118
1754050653.11646,-6,-2,-116
1754050653.1544602,-1,-4,-117
1754050653.19246,1,-2,-122
1754050653.23146,1,0,-125
1754050653.26746,4,3,-128
1754050653.30446,0,2,-133
1754050653.3424602,3,-5,-125
1754050653.3814602,0,-2,-131
1754050653.4174602,0,-1,-126
1754050653.45546,0,0,-125
1754050653.4934602,-3,5,-129
1754050653.5324602,-3,-3,-135
1754050653.57046,4,-3,-122
1754050653.60646,4,-3,-120
1754050653.6444602,-3,0,-118
1754050653.68246,-1,0,-127
1754050653.72146,6,-5,-135
1754050653.75746,3,-6,-131
1754050653.79546,4,0,-126
1754050653.83346,1,3,-129
1754050653.87246,-1,-3,-141
1754050653.91046,0,-5,-135
1754050653.94646,2,-5,-128
1754050653.98446,5,-1,-135
1754050654.02246,-3,-7,-121
1754050654.06146,0,-2,-129
1754050654.09746,1,0,-121
1754050654.13546,-1,1,-129
1754050654.17346,1,0,-119
1754050654.21246,-1,1,-130
1754050654.25046,0,0,-126
1754050654.2864602,0,0,-137
1754050654.32446,0,-2,-127
1754050654.36246,0,2,-121
1754050654.4014602,-6,0,-141
1754050654.4374602,-3,0,-148
1754050654.47446,5,-2,-128
1754050654.51246,-3,0,-144
1754050654.55146,3,-1,-131
1754050654.58746,5,1,-135
1754050654.62446,3,3,-138
1754050654.66246,1,1,-128
1754050654.70146,-1,2,-110
1754050654.73746,-4,1,-127
1754050654.77546,4,-1,-135
1754050654.81346,7,0,-126
1754050654.85246,1,-3,-138
1754050654.8884602,0,-6,-128
1754050654.92646,1,-7,-118
1754050654.96446,1,-10,-134
1754050655.00246,2,-6,-144
1754050655.04146,10,-4,-136
1754050655.07746,0,-1,-131
1754050655.1154602,6,-2,-126
1754050655.15346,2,0,-129
1754050655.19246,8,3,-129
1754050655.22846,7,4,-121
1754050655.26546,7,4,-128
1754050655.30346,7,4,-124
1754050655.3424602,7,1,-137
1754050655.3784602,5,0,-121
1754050655.4174602,0,5,-122
1754050655.45446,0,-3,-126
1754050655.4934602,6,2,-138
1754050655.53146,1,9,-127
1754050655.57446,-1,2,-123
1754050655.61346,0,4,-130
1754050655.6514602,-1,-1,-125
1754050655.6874602,4,-11,-126
1754050655.72646,-4,-6,-114
1754050655.7634602,0,-2,-122
1754050655.8024602,-4,-1,-129
1754050655.8384602,-4,0,-129
1754050655.87646,-8,-1,-132
1754050655.9144602,-2,5,-132
1754050655.95346,0,0,-122
1754050655.99146,3,-6,-124
1754050656.02746,6,-10,-132
1754050656.0654602,3,7,-131
1754050656.10346,-1,0,-128
1754050656.14246,10,-3,-120
1754050656.17846,9,-2,-131
1754050656.21646,-4,-6,-125
1754050656.25446,-6,-6,-129
1754050656.29346,-7,0,-139
1754050656.33146,9,-1,-126
1754050656.36746,2,-2,-126
1754050656.40646,0,-8,-124
1754050656.44346,0,-5,-118
1754050656.48246,0,-6,-119
1754050656.51846,-4,-4,-124
1754050656.55646,-8,0,-116
1754050656.59446,-8,-2,-122
1754050656.63346,3,-2,-129
1754050656.66946,4,0,-126
1754050656.70646,0,-1,-126
1754050656.74446,0,0,-127
1754050656.78346,-1,0,-131
1754050656.8194602,2,-15,-136
1754050656.85746,0,-5,-140
1754050656.89546,1,-1,-125
1754050656.93346,-3,-1,-122
1754050656.97246,3,-3,-120
1754050657.00846,-2,-3,-124
1754050657.0464602,4,0,-129
1754050657.08446,4,5,-130
1754050657.12346,0,2,-136
1754050657.15946,1,-1,-145
1754050657.1974602,1,1,-131
1754050657.2364602,-3,1,-130
1754050657.27346,0,-4,-127
1754050657.3124602,0,-2,-122
1754050657.3484602,2,0,-126
1754050657.38646,1,0,-121
1754050657.4244602,0,0,-122
1754050657.46246,4,2,-123
1754050657.49846,11,0,-120
1754050657.53546,-3,-5,-131
1754050657.57446,-4,-2,-128
1754050657.61246,0,-6,-133
1754050657.64846,3,-5,-123
1754050657.68646,-2,-2,-129
1754050657.72446,-2,0,-124
1754050657.7634602,6,-3,-132
1754050657.7994602,4,0,-134
1754050657.83646,-1,-5,-137
1754050657.87446,12,-1,-131
1754050657.91346,0,-1,-123
1754050657.94946,1,-3,-128
1754050657.98746,1,-6,-118
1754050658.0264602,1,0,-129
1754050658.06446,-3,2,-125
1754050658.10246,-1,5,-135
1754050658.1384602,1,3,-134
1754050658.17646,-2,0,-129
1754050658.21446,0,0,-126
1754050658.2534602,0,-1,-138
1754050658.2894602,-6,-8,-129
1754050658.32746,-1,-4,-126
1754050658.3654602,0,-12,-123
1754050658.4044602,-2,-6,-123
1754050658.44246,2,0,-124
1754050658.47846,-1,1,-116
1754050658.5164602,0,-4,-133
1754050658.55446,0,-5,-129
1754050658.59346,-4,-12,-134
1754050658.62946,-9,-8,-126
1754050658.6674602,7,2,-132
1754050658.70546,2,-2,-129
1754050658.74446,1,-1,-135
1754050658.78046,5,-6,-141
1754050658.81846,2,-4,-135
1754050658.85746,3,-5,-138
1754050658.8944602,-1,-10,-138
1754050658.93346,9,-4,-129
1754050658.9704602,8,0,-121
1754050659.00746,2,-5,-131
1754050659.04546,1,-7,-126
1754050659.08446,3,-1,-119
1754050659.12046,0,3,-130
1754050659.1574602,0,-3,-131
1754050659.19546,-4,-4,-130
1754050659.23446,-2,-4,-129
1754050659.27046,-10,2,-128
1754050659.30846,-8,0,-125
1754050659.34646,-5,2,-131
1754050659.38546,-2,0,-142
1754050659.42346,0,0,-134
1754050659.45946,1,3,-134
1754050659.4964602,-2,1,-123
1754050659.53546,2,2,-135
1754050659.57346,-3,2,-129
1754050659.60946,0,2,-136
1754050659.64846,-2,6,-126
1754050659.68546,-3,0,-138
1754050659.72446,5,0,-136
1754050659.76046,8,0,-129
1754050659.7994602,2,0,-133
1754050659.83746,-5,-1,-135
1754050659.87546,-5,0,-123
1754050659.91346,-3,-5,-125
1754050659.94946,2,-5,-120
1754050659.98746,0,0,-122
1754050660.02546,6,6,-127
1754050660.06446,1,3,-117
1754050660.10046,-7,1,-131
1754050660.1384602,-3,0,-130
1754050660.17646,2,0,-136
1754050660.21546,9,6,-129
1754050660.2534602,-2,-3,-126
1754050660.2894602,3,-4,-126
1754050660.32746,4,-5,-127
1754050660.3654602,4,0,-133
1754050660.4044602,4,-5,-134
1754050660.4404602,-5,-7,-124
1754050660.47846,-5,-10,-116
1754050660.5164602,2,1,-116
1754050660.55546,2,3,-110
1754050660.59146,4,0,-121
1754050660.6284602,0,-3,-130
1754050660.66646,8,-4,-128
1754050660.70546,0,0,-125
1754050660.74146,-1,0,-116
1754050660.7794602,-5,0,-128
1754050660.81746,-3,1,-135
1754050660.8554602,-3,0,-132
1754050660.8944602,0,-1,-132
1754050660.93146,4,3,-139
1754050660.96946,1,2,-133
1754050661.0064602,0,-2,-135
1754050661.04546,0,-3,-129
1754050661.08146,8,-8,-146
1754050661.11946,7,-1,-136
1754050661.1574602,4,0,-135
1754050661.19546,6,-6,-133
1754050661.23446,1,-6,-136
1754050661.27046,-6,2,-132
1754050661.30846,3,-2,-129
1754050661.34646,12,-4,-132
1754050661.38546,-1,-5,-132
1754050661.4214602,-4,-4,-125
1754050661.45946,-1,-4,-130
1754050661.49746,2,0,-125
1754050661.5364602,0,0,-116
1754050661.57446,-1,-1,-133
1754050661.61046,-2,2,-124
1754050661.64946,3,2,-112
1754050661.6874602,-1,1,-132
1754050661.72546,0,-3,-136
1754050661.76246,0,-1,-143
1754050661.7994602,2,0,-127
1754050661.83746,5,0,-126
1754050661.87646,3,6,-120
1754050661.9144602,2,2,-133
1754050661.9504602,1,1,-120
1754050661.98746,-4,0,-127
1754050662.0264602,0,1,-127
1754050662.06446,1,3,-121
1754050662.10046,-1,-2,-124
1754050662.1384602,2,-4,-127
1754050662.17646,4,-3,-123
1754050662.21546,0,-3,-135
1754050662.25146,3,0,-138
1754050662.28846,1,0,-127
1754050662.32646,11,3,-129
1754050662.3654602,1,0,-124
1754050662.4014602,-4,6,-140
1754050662.43946,2,7,-132
1754050662.47846,-2,2,-130
1754050662.5164602,1,2,-129
1754050662.55446,1,-3,-119
1754050662.59046,-4,-2,-124
1754050662.6284602,-3,-1,-124
1754050662.66646,-4,-2,-138
1754050662.70546,-2,-4,-135
1754050662.74146,-6,-3,-135
1754050662.7794602,-9,-2,-127
1754050662.81746,-4,2,-127
1754050662.85646,-6,0,-126
1754050662.89246,-3,-3,-128
1754050662.93046,6,-4,-127
1754050662.96846,4,-1,-121
1754050663.0064602,0,1,-121
1754050663.04546,-1,4,-133
1754050663.08146,3,2,-127
1754050663.1184602,1,-1,-119
1754050663.15646,5,-2,-137
1754050663.19546,5,-5,-132
1754050663.23146,9,0,-129
1754050663.26846,2,4,-125
1754050663.30646,-3,1,-120
1754050663.3454602,-2,4,-130
1754050663.3814602,2,0,-133
1754050663.41946,2,0,-132
1754050663.45846,1,-1,-121
1754050663.4964602,0,2,-122
1754050663.5324602,2,-2,-120
1754050663.57146,1,-1,-114
1754050663.6084602,1,1,-118
1754050663.64746,-2,0,-117
1754050663.68546,-3,-4,-122
1754050663.72146,0,-3,-131
1754050663.7594602,-1,0,-136
1754050663.79746,3,-2,-132
1754050663.83646,0,-2,-127
1754050663.87246,-10,-2,-132
1754050663.91046,0,0,-124
1754050663.94846,0,-1,-134
1754050663.98746,0,-8,-123
1754050664.02546,8,-4,-126
1754050664.06146,-1,-4,-123
1754050664.10046,1,3,-115
1754050664.13746,-2,0,-127
1754050664.17646,-5,0,-126
1754050664.21246,0,-2,-128
1754050664.25046,-3,0,-124
1754050664.28846,-1,0,-121
1754050664.32746,2,6,-124
1754050664.3654602,6,0,-127
1754050664.4014602,-2,-6,-122
1754050664.43946,0,-2,-123
1754050664.47846,1,3,-118
1754050664.5164602,1,-2,-126
1754050664.5524602,1,-4,-129
1754050664.59046,0,-7,-119
1754050664.6284602,3,-2,-134
1754050664.6674602,0,1,-130
1754050664.70346,2,0,-128
1754050664.7404602,9,2,-137
1754050664.77846,0,0,-126
1754050664.81746,1,0,-123
1754050664.85346,4,-2,-125
1754050664.8914602,1,2,-117
1754050664.92946,0,0,-128
1754050664.9674602,4,2,-126
1754050665.0064602,-2,0,-132
1754050665.0424602,0,0,-135
1754050665.07946,-3,4,-123
1754050665.11746,2,1,-125
1754050665.15646,5,2,-130
1754050665.19246,6,-4,-125
1754050665.2304602,3,-2,-134
1754050665.26846,6,2,-123
1754050665.30746,2,1,-116
1754050665.34346,0,-3,-121
1754050665.3814602,-4,-1,-108
1754050665.41946,-5,0,-121
1754050665.45846,1,0,-121
1754050665.4964602,1,0,-126
1754050665.5324602,-3,-8,-126
1754050665.57846,1,-5,-133
1754050665.61646,8,-4,-126
1754050665.65246,2,-3,-131
1754050665.69146,4,1,-128
1754050665.72846,-1,-3,-138
1754050665.76746,-1,-9,-130
1754050665.80446,2,-5,-125
1754050665.84146,3,2,-125
1754050665.87946,-1,-1,-112
1754050665.91846,-4,5,-128
1754050665.95646,-7,4,-132
1754050665.99246,-11,6,-137
1754050666.03046,-11,7,-127
1754050666.0694602,-3,0,-135
1754050666.10746,-4,1,-128
1754050666.14346,0,-1,-124
1754050666.18046,-3,1,-123
1754050666.21846,0,0,-138
1754050666.25746,0,-3,-132
1754050666.29346,2,-6,-131
1754050666.3324602,2,-4,-125
1754050666.36946,1,-6,-135
1754050666.40846,5,-2,-124
1754050666.44646,2,-3,-121
1754050666.48246,0,-2,-121
1754050666.52046,-2,-3,-128
1754050666.55846,-2,-1,-133
1754050666.59746,4,-2,-132
1754050666.63346,-3,2,-141
1754050666.6714602,8,-3,-124
1754050666.70946,-1,0,-122
1754050666.74846,0,-12,-120
1754050666.78446,1,0,-119
1754050666.82146,5,-3,-123
1754050666.85946,6,-3,-130
1754050666.89846,-3,-4,-128
1754050666.9344602,-2,1,-129
1754050666.97246,-8,0,-126
1754050667.01046,0,1,-126
1754050667.04846,3,0,-124
1754050667.08746,7,0,-124
1754050667.12346,0,3,-124
1754050667.16046,-3,4,-128
1754050667.19846,3,6,-133
1754050667.23746,2,3,-124
1754050667.27346,6,-1,-133
1754050667.31146,7,-4,-137
1754050667.34946,-9,-3,-118
1754050667.3884602,-10,-4,-114
1754050667.4244602,0,2,-128
1754050667.46146,0,2,-126
1754050667.49946,2,4,-127
1754050667.53846,-1,5,-133
1754050667.57446,-5,4,-134
1754050667.61246,-1,-2,-127
1754050667.65046,-5,3,-129
1754050667.68946,-3,4,-136
1754050667.72746,-3,0,-136
1754050667.7634602,3,-1,-136
1754050667.80146,-7,-2,-130
1754050667.83946,-5,1,-125
1754050667.8784602,-5,2,-126
1754050667.9144602,-11,0,-127
1754050667.95246,1,0,-124
1754050667.9904602,-1,5,-135
1754050668.0294602,-6,5,-121
1754050668.06746,-5,4,-111
1754050668.10346,0,8,-127
1754050668.1414602,1,2,-121
1754050668.17946,5,-2,-125
1754050668.21846,-6,-1,-127
1754050668.25446,-7,2,-127
1754050668.2924602,1,7,-113
1754050668.33046,1,4,-119
1754050668.36946,0,0,-111
1754050668.4074602,2,-6,-121
1754050668.44346,-2,0,-125
1754050668.48146,-5,-2,-130
1754050668.5194602,-3,1,-133
1754050668.55846,0,-4,-125
1754050668.59446,-2,-2,-137
1754050668.63246,-7,-10,-132
1754050668.67046,1,0,-118
1754050668.70946,0,0,-117
1754050668.74546,-2,-3,-117
1754050668.78346,5,1,-122
1754050668.82146,6,0,-129
1754050668.85946,0,0,-129
1754050668.89846,4,0,-136
1754050668.9344602,6,-7,-121
1754050668.97246,-4,-1,-123
1754050669.01146,-3,0,-124
1754050669.0494602,-2,-6,-124
1754050669.0854602,1,-3,-127
1754050669.12446,-4,-1,-119
1754050669.1614602,0,-6,-122
1754050669.19946,5,1,-121
1754050669.23846,2,-3,-128
1754050669.27446,-1,5,-132
1754050669.3124602,2,0,-134
1754050669.35046,5,0,-127
1754050669.38946,-4,4,-113
1754050669.42546,-5,-2,-128
1754050669.4634602,11,-5,-136
1754050669.50146,6,-4,-127
1754050669.54046,0,0,-129
1754050669.57846,0,0,-122
1754050669.61446,3,0,-120
1754050669.6514602,4,-3,-118
1754050669.6904602,-5,-8,-118
1754050669.72846,-5,-2,-118
1754050669.76446,-6,-6,-127
1754050669.80346,-6,-2,-123
1754050669.84046,-2,-5,-122
1754050669.87946,3,1,-127
1754050669.91546,8,2,-128
1754050669.95346,2,-4,-118
1754050669.9904602,2,0,-132
1754050670.0294602,-3,-7,-139
1754050670.0654602,-2,-4,-124
1754050670.10346,-4,-8,-114
1754050670.1414602,4,-1,-115
1754050670.18046,-1,-5,-112
1754050670.21846,0,-6,-115
1754050670.25446,-4,-6,-123
1754050670.2924602,-7,-5,-119
1754050670.33146,0,-3,-121
1754050670.36946,2,-5,-131
1754050670.40546,-3,-3,-131
1754050670.44346,-2,1,-137
1754050670.48146,0,-1,-132
1754050670.52046,2,0,-139
1754050670.55846,-2,2,-132
1754050670.59446,-3,-1,-128
1754050670.63246,-6,-3,-123
1754050670.67046,0,-6,-133
1754050670.70946,4,-9,-122
1754050670.74546,-1,-4,-142
1754050670.78346,-4,-2,-126
1754050670.82146,-2,0,-131
1754050670.86046,-7,2,-123
1754050670.89846,0,0,-128
1754050670.9344602,6,0,-126
1754050670.9734602,-1,-8,-124
1754050671.01146,-1,-5,-126
1754050671.0494602,5,2,-126
1754050671.0854602,7,3,-121
1754050671.12346,-3,-1,-119
1754050671.1614602,-3,-3,-119
1754050671.2004602,1,0,-122
1754050671.2364602,-1,-1,-134
1754050671.27446,-3,1,-135
1754050671.3124602,1,-1,-143
1754050671.35046,-4,-1,-140
1754050671.38946,3,-2,-136
1754050671.42546,4,-4,-132
1754050671.46446,10,1,-119
1754050671.50146,13,-3,-125
1754050671.54046,7,0,-123
1754050671.57646,0,-7,-122
1754050671.61446,0,-3,-123
1754050671.65246,-2,-7,-128
1754050671.69146,11,-4,-125
1754050671.72946,6,-4,-121
1754050671.76546,1,-4,-129
1754050671.80346,5,-4,-124
1754050671.8424602,-2,0,-125
1754050671.88046,6,6,-126
1754050671.91646,9,2,-120
1754050671.95346,-5,-5,-117
1754050671.99146,-4,0,-123
1754050672.03046,1,-4,-124
1754050672.06646,4,-6,-133
1754050672.10446,3,-1,-135
1754050672.14246,-1,2,-126
1754050672.18146,0,1,-133
1754050672.21946,0,6,-130
1754050672.25546,6,6,-128
1754050672.2924602,0,5,-133
1754050672.33146,-1,-3,-135
1754050672.36946,4,-1,-128
1754050672.40546,11,-1,-126
1754050672.4444602,12,2,-122
1754050672.48146,9,0,-124
1754050672.52046,-5,0,-127
1754050672.55646,-3,0,-130
1754050672.59346,3,-3,-118
1754050672.6314602,-5,-1,-114
1754050672.67046,3,-4,-120
1754050672.70646,0,-6,-124
1754050672.74446,3,-5,-121
1754050672.7824602,4,-1,-119
1754050672.82146,0,-2,-134
1754050672.85746,2,-3,-135
1754050672.89546,0,2,-130
1754050672.93346,-1,-6,-140
1754050672.97146,-3,-3,-120
1754050673.01046,3,0,-129
1754050673.0464602,0,-3,-123
1754050673.08446,12,-3,-127
1754050673.12346,3,-1,-143
1754050673.1614602,0,-3,-127
1754050673.1974602,0,0,-123
1754050673.23446,2,0,-131
1754050673.27346,-2,0,-127
1754050673.31146,-1,1,-131
1754050673.34746,0,2,-126
1754050673.3844602,0,-4,-124
1754050673.42346,2,0,-130
1754050673.46146,1,0,-127
1754050673.49746,6,1,-123
1754050673.53446,6,2,-132
1754050673.57346,4,-2,-132
1754050673.6114602,2,1,-130
1754050673.64746,-6,-3,-132
1754050673.68646,0,0,-125
1754050673.7234602,-1,0,-125
1754050673.76146,3,5,-132
1754050673.79746,1,-2,-128
1754050673.8354602,9,-8,-129
1754050673.87346,0,-11,-126
1754050673.91246,0,-6,-135
1754050673.9504602,1,-5,-131
1754050673.9864602,-2,-1,-123
1754050674.02446,1,-2,-123
1754050674.0624602,1,0,-116
1754050674.10146,-4,-6,-125
1754050674.1384602,-5,6,-121
1754050674.17546,4,-1,-122
1754050674.2134602,2,-3,-110
1754050674.25246,4,3,-125
1754050674.29046,-1,0,-112
1754050674.32646,0,3,-116
1754050674.36446,8,1,-126
1754050674.40246,5,0,-120
1754050674.4404602,-7,7,-120
1754050674.47646,0,7,-135
1754050674.51446,-1,0,-130
1754050674.5524602,-1,3,-127
1754050674.59146,-6,0,-129
1754050674.62746,-3,1,-118
1754050674.66546,-1,0,-128
1754050674.70346,2,-2,-130
1754050674.74246,0,-3,-129
1754050674.78046,3,5,-130
1754050674.81646,2,1,-129
1754050674.85446,0,3,-120
1754050674.89346,6,4,-132
1754050674.93146,9,6,-125
1754050674.9674602,4,-2,-115
1754050675.0064602,-11,0,-127
1754050675.04346,-5,2,-128
1754050675.0824602,-3,-1,-124
1754050675.1184602,0,0,-120
1754050675.15646,0,-1,-122
1754050675.1944602,0,-3,-129
1754050675.23246,1,-2,-130
1754050675.27146,1,-6,-127
1754050675.30746,0,-7,-125
1754050675.3454602,0,-8,-134
1754050675.3844602,-6,3,-134
1754050675.42246,1,3,-131
1754050675.45846,-2,-7,-125
1754050675.4964602,-3,-4,-134
1754050675.53446,-1,-1,-128
1754050675.57846,-1,4,-119
1754050675.61646,0,2,-133
1754050675.65546,0,-1,-130
1754050675.69346,-3,1,-135
1754050675.73146,1,0,-125
1754050675.76746,0,0,-124
1754050675.80446,0,-4,-129
1754050675.84346,3,-7,-118
1754050675.8814602,2,-6,-125
1754050675.9174602,3,1,-124
1754050675.95446,3,5,-131
1754050675.9934602,2,4,-125
1754050676.03146,0,0,-132
1754050676.06746,3,2,-135
1754050676.10446,-1,1,-125
1754050676.14346,2,2,-128
1754050676.18146,5,-1,-118
1754050676.2174602,0,-6,-123
1754050676.25546,3,-3,-132
1754050676.29346,1,-11,-120
1754050676.3324602,0,-8,-133
1754050676.3684602,2,-1,-130
1754050676.40646,-4,6,-124
1754050676.4444602,0,1,-133
1754050676.4834602,-1,2,-142
1754050676.52146,6,1,-136
1754050676.55746,2,-2,-137
1754050676.5954602,-5,3,-146
1754050676.63346,-1,-2,-143
1754050676.67246,-4,-3,-125
1754050676.70846,-9,-1,-126
1754050676.74746,-8,-10,-127
1754050676.78546,-8,-6,-128
1754050676.82346,-3,-4,-126
1754050676.8614602,3,2,-124
1754050676.89746,3,4,-124
1754050676.93546,-2,1,-124
1754050676.9734602,-3,2,-129
1754050677.0094602,-6,-3,-128
1754050677.04746,5,-7,-127
1754050677.0854602,1,-5,-132
1754050677.12346,1,-6,-139
1754050677.16246,-3,-1,-135
1754050677.19846,0,-2,-116
1754050677.2364602,-6,6,-111
1754050677.27446,4,0,-123
1754050677.31346,-5,-6,-120
1754050677.34946,-3,-8,-126
1754050677.38746,0,-1,-131
1754050677.42646,0,0,-121
1754050677.4634602,1,5,-123
1754050677.50246,3,1,-118
1754050677.53846,3,3,-124
1754050677.57646,-2,4,-126
1754050677.61346,-7,8,-123
1754050677.65246,-3,6,-113
1754050677.68846,-8,1,-118
1754050677.72646,3,6,-121
1754050677.76446,-6,-1,-122
1754050677.80346,1,-1,-124
1754050677.83946,8,5,-134
1754050677.87646,-3,-2,-141
1754050677.9144602,4,-2,-132
1754050677.95346,-2,-4,-131
1754050677.98946,0,4,-130
1754050678.02746,2,0,-140
1754050678.06446,-3,0,-128
1754050678.10346,-1,-3,-115
1754050678.13946,-6,-6,-125
1754050678.1774602,-11,1,-125
1754050678.21546,-2,3,-125
1754050678.25446,-1,5,-135
1754050678.2924602,3,-4,-135
1754050678.32846,-1,-8,-130
1754050678.36646,2,1,-131
1754050678.4044602,-9,0,-123
1754050678.44346,-3,-2,-121
1754050678.47946,-5,-3,-117
1754050678.51746,-2,1,-113
1754050678.55546,-6,-3,-118
1754050678.59446,0,-11,-114
1754050678.63246,-2,0,-126
1754050678.66846,1,0,-121
1754050678.70546,4,-2,-124
1754050678.74446,-1,2,-119
1754050678.7824602,5,3,-125
1754050678.81846,-3,0,-119
1754050678.8554602,-3,1,-113
1754050678.8944602,-5,-8,-120
1754050678.93246,2,-5,-132
1754050678.96846,0,0,-134
1754050679.00546,-5,3,-122
1754050679.04446,7,3,-129
1754050679.08046,0,-1,-131
1754050679.1184602,-3,2,-130
1754050679.1574602,-8,1,-131
1754050679.1944602,-1,3,-128
1754050679.2334602,2,0,-127
1754050679.2694602,0,-3,-116
1754050679.30746,-3,-4,-130
1754050679.34646,0,1,-127
1754050679.3844602,-2,1,-116
1754050679.4214602,1,-2,-121
1754050679.45846,-1,-1,-120
1754050679.4964602,-4,4,-134
1754050679.53546,0,2,-133
1754050679.57346,0,-10,-127
1754050679.60946,2,-2,-120
1754050679.64746,0,2,-136
1754050679.68546,0,0,-131
1754050679.72446,0,-3,-127
1754050679.76046,1,-5,-137
1754050679.79846,2,-3,-132
1754050679.83646,7,-3,-126
1754050679.87446,3,1,-129
1754050679.91346,0,4,-124
1754050679.94946,0,-2,-124
1754050679.98746,0,-10,-121
1754050680.0264602,1,4,-124
1754050680.06446,-8,-2,-135
1754050680.10046,-3,-7,-136
1754050680.1384602,-4,-12,-132
1754050680.17646,0,-2,-129
1754050680.21546,-5,0,-132
1754050680.2534602,7,1,-134
1754050680.2894602,2,-8,-118
1754050680.32746,1,-1,-130
1754050680.3654602,-2,1,-143
1754050680.4044602,-5,0,-129
1754050680.4404602,0,1,-134
1754050680.47846,0,2,-136
1754050680.5164602,2,-7,-126
1754050680.55546,0,0,-123
1754050680.59346,0,-2,-138
1754050680.62946,5,0,-120
1754050680.66646,13,0,-126
1754050680.70546,-4,-1,-129
1754050680.7434602,2,0,-129
1754050680.7794602,3,-2,-124
1754050680.81746,0,-2,-128
1754050680.8554602,1,-5,-126
1754050680.8944602,3,3,-132
1754050680.93046,0,-2,-129
1754050680.96846,1,-1,-132
1754050681.0064602,0,-8,-132
1754050681.04546,1,-11,-132
1754050681.08146,5,-4,-139
1754050681.11946,4,-5,-137
1754050681.1574602,1,-4,-140
1754050681.19646,-9,0,-129
1754050681.23446,-5,-2,-130
1754050681.27146,-1,1,-130
1754050681.3094602,-8,3,-119
1754050681.34646,-3,2,-126
1754050681.38546,3,0,-132
1754050681.4214602,-7,-7,-130
1754050681.45946,-1,2,-126
1754050681.49746,3,-1,-134
1754050681.53546,-2,5,-137
1754050681.57446,-2,-4,-128
1754050681.61046,0,-5,-115
1754050681.64846,2,2,-136
1754050681.68646,3,2,-132
1754050681.72546,3,-3,-131
1754050681.76146,6,-7,-135
1754050681.7994602,4,-1,-116
1754050681.83746,1,-2,-117
1754050681.87646,-2,1,-131
1754050681.9144602,0,-1,-132
1754050681.9504602,0,0,-126
1754050681.98746,4,-2,-120
1754050682.0264602,-3,1,-118
1754050682.06446,10,0,-108
1754050682.10046,4,0,-118
1754050682.13746,1,-3,-125
1754050682.17646,7,-5,-127
1754050682.21446,5,2,-123
1754050682.25046,10,1,-123
1754050682.28746,0,7,-133
1754050682.32646,-1,7,-124
1754050682.36446,-7,2,-130
1754050682.40046,-2,-4,-115
1754050682.43846,-1,-2,-116
1754050682.47646,-4,-4,-118
1754050682.51546,-6,-1,-119
1754050682.55146,-2,5,-122
1754050682.58946,0,-1,-115
1754050682.62746,2,-3,-124
1754050682.66646,1,6,-125
1754050682.70446,1,6,-123
1754050682.7404602,-3,-2,-123
1754050682.77846,-10,3,-130
1754050682.81646,1,3,-131
1754050682.8554602,2,-5,-122
1754050682.8914602,-3,0,-125
1754050682.92846,3,6,-128
1754050682.96646,3,5,-130
1754050683.00546,-1,3,-128
1754050683.04146,3,2,-123
1754050683.07846,3,4,-121
1754050683.11646,0,3,-124
1754050683.15546,0,-1,-136
1754050683.19146,3,-6,-125
1754050683.22946,-11,-1,-132
1754050683.26746,1,-4,-137
1754050683.30646,-1,-7,-120
1754050683.3424602,-2,-3,-129
1754050683.38046,0,1,-130
1754050683.41846,4,-5,-123
1754050683.45646,2,-6,-126
1754050683.49546,0,-5,-116
1754050683.53146,0,-6,-127
1754050683.5694602,2,0,-132
1754050683.60746,0,1,-127
1754050683.64646,0,1,-126
1754050683.68246,0,3,-125
1754050683.7204602,-1,2,-128
1754050683.75846,-3,-3,-126
1754050683.7964602,0,1,-126
1754050683.8354602,-2,-6,-133
1754050683.8714602,-1,-3,-131
1754050683.90946,0,0,-134
1754050683.9474602,0,4,-131
1754050683.9864602,0,0,-125
1754050684.02246,-3,0,-126
1754050684.0594602,-5,0,-125
1754050684.09746,0,-1,-122
1754050684.13646,-2,-1,-127
1754050684.17246,1,-6,-134
1754050684.2104602,9,-7,-131
1754050684.24846,-1,-2,-132
1754050684.28746,-3,0,-116
1754050684.3254602,1,-3,-127
1754050684.3614602,0,-1,-132
1754050684.39946,-3,-7,-137
1754050684.4374602,-2,-10,-131
1754050684.47646,6,1,-137
1754050684.51246,-4,4,-135
1754050684.55046,7,0,-129
1754050684.5884602,0,0,-117
1754050684.62746,0,0,-118
1754050684.66546,2,0,-131
1754050684.70146,-1,5,-133
1754050684.73946,-7,0,-127
1754050684.77746,0,-13,-127
1754050684.81646,6,-1,-124
1754050684.85246,4,1,-114
1754050684.88946,3,-1,-120
1754050684.9274602,7,-6,-123
1754050684.96646,4,-6,-136
1754050685.00246,6,-11,-125
1754050685.04046,-5,-2,-119
1754050685.07846,4,-2,-114
1754050685.11746,5,-1,-123
1754050685.15546,-2,-3,-130
1754050685.19146,3,0,-115
1754050685.22946,5,-4,-113
1754050685.26846,15,0,-120
1754050685.30646,0,-3,-122
1754050685.3424602,1,0,-129
1754050685.37946,-9,-1,-128
1754050685.41846,1,1,-116
1754050685.45646,0,-5,-120
1754050685.49246,8,-7,-120
1754050685.53046,9,-3,-128
1754050685.56846,1,0,-128
1754050685.61246,4,0,-123
1754050685.6514602,0,4,-137
1754050685.68946,-2,4,-130
1754050685.72746,2,-1,-121
1754050685.7634602,1,0,-119
1754050685.80046,7,6,-123
1754050685.8384602,1,4,-139
1754050685.87746,2,-4,-134
1754050685.91346,0,0,-134
1754050685.9504602,2,-3,-126
1754050685.98846,-3,-7,-129
1754050686.02746,-4,-8,-128
1754050686.06346,-2,-4,-132
1754050686.10146,0,5,-130
1754050686.13946,-5,0,-124
1754050686.17846,-3,7,-122
1754050686.21646,2,-1,-127
1754050686.25246,0,2,-123
1754050686.2894602,-4,1,-122
1754050686.32846,-3,-2,-126
1754050686.36646,2,-1,-119
1754050686.40246,6,-2,-123
1754050686.4404602,3,4,-124
1754050686.47946,-1,3,-129
1754050686.51746,0,-1,-130
1754050686.55346,6,-1,-122
1754050686.59146,-2,0,-134
1754050686.62946,6,-2,-130
1754050686.66846,3,-7,-123
1754050686.70646,6,-4,-127
1754050686.74246,-2,-6,-132
1754050686.78046,7,-4,-113
1754050686.81846,5,0,-125
1754050686.85746,10,-3,-128
1754050686.89346,8,-2,-125
1754050686.93146,0,1,-115
1754050686.96946,-1,3,-124
1754050687.00846,0,4,-125
1754050687.0464602,-2,-1,-123
1754050687.0824602,-1,0,-127
1754050687.12046,-2,-1,-125
1754050687.15846,-1,-2,-128
1754050687.1974602,-1,-5,-126
1754050687.2334602,-2,-3,-119
1754050687.27146,-9,-1,-128
1754050687.3094602,-1,1,-128
1754050687.3484602,-2,5,-123
1754050687.3844602,-9,2,-136
1754050687.42246,-2,-2,-124
1754050687.4604602,2,0,-119
1754050687.49846,0,1,-125
1754050687.53746,1,1,-117
1754050687.57346,3,0,-123
1754050687.6114602,2,1,-123
1754050687.64946,1,-9,-126
1754050687.68846,5,-2,-131
1754050687.72446,0,0,-135
1754050687.76246,4,1,-126
1754050687.80146,4,2,-120
1754050687.8384602,4,5,-124
1754050687.87746,7,0,-125
1754050687.91346,6,-3,-126
1754050687.95146,0,-4,-121
1754050687.98946,1,-7,-121
1754050688.02846,7,-5,-121
1754050688.06446,8,-7,-119
1754050688.10246,5,0,-119
1754050688.1414602,4,0,-115
1754050688.17946,6,2,-127
1754050688.2174602,3,0,-130
1754050688.2534602,7,0,-124
1754050688.29146,-8,-5,-125
1754050688.32946,-3,-1,-131
1754050688.3684602,-7,-2,-122
1754050688.4044602,-4,-3,-124
1754050688.44246,1,-2,-118
1754050688.4804602,-1,-2,-131
1754050688.5194602,1,0,-133
1754050688.55746,-3,0,-134
1754050688.59346,1,-3,-134
1754050688.6314602,-1,-8,-133
1754050688.66946,-8,0,-134
1754050688.70846,-1,-2,-115
1754050688.74446,-4,-3,-118
1754050688.78346,0,-3,-117
1754050688.82046,-3,-1,-117
1754050688.85946,-5,0,-122
1754050688.89746,3,11,-125
1754050688.93346,4,9,-131
1754050688.9704602,0,2,-126
1754050689.0094602,-9,-2,-122
1754050689.04746,2,0,-124
1754050689.08346,-2,-5,-136
1754050689.1214602,5,-6,-123
1754050689.15946,3,-3,-124
1754050689.19846,5,-3,-126
1754050689.23446,-1,0,-138
1754050689.27246,-1,0,-120
1754050689.31046,1,0,-135
1754050689.34946,0,6,-125
1754050689.38546,7,0,-128
1754050689.42246,7,-9,-128
1754050689.4604602,1,-6,-135
1754050689.49946,-1,0,-128
1754050689.53546,1,0,-122
1754050689.5724602,-1,-3,-122
1754050689.61046,1,-9,-125
1754050689.64946,3,-5,-123
1754050689.68546,0,-1,-122
1754050689.7234602,8,5,-127
1754050689.76146,3,2,-121
1754050689.7994602,-1,0,-121
1754050689.8384602,0,-7,-127
1754050689.87446,2,-5,-128
1754050689.91246,2,-5,-126
1754050689.95146,-1,-2,-139
1754050689.98946,1,-1,-123
1754050690.02546,-1,4,-120
1754050690.06346,-6,0,-120
1754050690.10146,1,3,-112
1754050690.14046,-7,-3,-115
1754050690.17846,5,-2,-115
1754050690.21446,-1,-2,-120
1754050690.25246,0,-3,-124
1754050690.29046,0,-2,-127
1754050690.32946,-7,-1,-134
1754050690.3654602,0,-2,-129
1754050690.40346,0,0,-124
1754050690.44146,-6,-5,-123
1754050690.4804602,-3,-6,-125
1754050690.51846,-4,-2,-124
1754050690.55446,-5,-2,-126
1754050690.5924602,-6,-5,-135
1754050690.63046,0,4,-135
1754050690.66946,4,0,-127
1754050690.70546,0,-2,-129
1754050690.7434602,6,0,-124
1754050690.78146,-5,6,-120
1754050690.82046,0,-1,-126
1754050690.8584602,14,-3,-124
1754050690.8944602,9,2,-127
1754050690.93146,1,0,-114
1754050690.9704602,9,-4,-130
1754050691.00846,3,5,-129
1754050691.04446,3,3,-138
1754050691.08146,8,-3,-135
1754050691.12046,8,-1,-130
1754050691.15846,0,4,-124
1754050691.1944602,4,-4,-119
1754050691.23246,5,-4,-126
1754050691.27146,4,-7,-123
1754050691.3094602,1,-3,-120
1754050691.3454602,2,-5,-133
1754050691.3844602,-1,-3,-127
1754050691.4214602,-4,-9,-124
1754050691.4604602,-2,-3,-124
1754050691.4964602,1,0,-135
1754050691.53446,-2,4,-127
1754050691.57146,0,0,-129
1754050691.61046,4,-3,-132
1754050691.64646,3,0,-125
1754050691.6844602,-13,-4,-117
1754050691.72146,-8,-3,-126
1754050691.76046,-2,-6,-123
1754050691.7964602,0,0,-131
1754050691.83446,-1,3,-127
1754050691.8714602,4,-2,-127
1754050691.91046,0,1,-124
1754050691.94646,-3,6,-127
1754050691.98446,-3,1,-121
1754050692.02146,6,-4,-113
1754050692.06046,4,-1,-125
1754050692.09646,-2,-1,-124
1754050692.1344602,-2,9,-128
1754050692.17246,0,0,-129
1754050692.21146,-1,-4,-119
1754050692.24946,-4,-3,-129
1754050692.28546,-4,0,-127
1754050692.32346,-1,1,-120
1754050692.3614602,0,-3,-127
1754050692.40046,3,0,-119
1754050692.43646,5,-3,-123
1754050692.47446,4,-3,-121
1754050692.51246,0,-6,-112
1754050692.55146,0,-4,-111
1754050692.58946,-1,0,-115
1754050692.62546,0,0,-130
1754050692.66246,1,-1,-134
1754050692.70146,0,3,-127
1754050692.73946,-2,7,-126
1754050692.7764602,-6,4,-123
1754050692.81446,-2,0,-118
1754050692.85246,-1,4,-115
1754050692.8914602,0,-2,-124
1754050692.92946,0,-5,-119
1754050692.96546,0,-1,-121
1754050693.0034602,0,-2,-125
1754050693.04146,1,-4,-127
1754050693.08046,-3,0,-129
1754050693.11746,6,-3,-131
1754050693.1544602,2,0,-123
1754050693.19246,4,-4,-125
1754050693.23146,5,0,-128
1754050693.2694602,-2,4,-121
1754050693.30546,0,6,-124
1754050693.3424602,-1,-1,-124
1754050693.3814602,-6,-7,-124
1754050693.4174602,-3,-6,-133
1754050693.45546,1,-10,-128
1754050693.4934602,-3,-5,-126
1754050693.53146,-5,-1,-128
1754050693.57046,0,0,-135
1754050693.60646,6,0,-137
1754050693.64546,4,6,-140
1754050693.68246,-1,-1,-139
1754050693.72146,5,0,-137
1754050693.75746,3,0,-136
1754050693.79546,0,-6,-132
1754050693.83146,3,0,-129
1754050693.87046,0,-1,-124
1754050693.90646,5,-7,-127
1754050693.94546,-2,-8,-130
1754050693.98246,0,-1,-121
1754050694.02146,9,-1,-137
1754050694.05746,6,0,-136
1754050694.0954602,7,-1,-135
1754050694.1344602,3,0,-121
1754050694.1714602,5,-1,-128
1754050694.2104602,3,0,-121
1754050694.2464602,-5,-6,-122
1754050694.28446,0,-6,-129
1754050694.3224602,4,-3,-140
1754050694.3614602,3,2,-128
1754050694.39746,-2,0,-124
1754050694.43546,-1,-4,-132
1754050694.4734602,-13,-4,-124
1754050694.51246,-8,-8,-124
1754050694.55046,-1,-2,-122
1754050694.58646,3,-2,-112
1754050694.62546,-6,-4,-113
1754050694.66246,0,-3,-114
1754050694.70146,-9,-1,-130
1754050694.73746,-5,0,-119
1754050694.77446,-2,0,-114
1754050694.8124602,-1,2,-121
1754050694.85146,0,0,-122
1754050694.88746,4,-4,-121
1754050694.92546,0,-1,-122
1754050694.9634602,0,-1,-120
1754050695.00246,1,-3,-112
1754050695.04046,-2,-5,-118
1754050695.07646,0,-2,-126
1754050695.11446,1,-8,-126
1754050695.15246,3,-5,-117
1754050695.19146,2,1,-120
1754050695.22746,0,0,-120
1754050695.26446,1,2,-138
1754050695.3024602,4,-4,-123
1754050695.34146,-1,1,-123
1754050695.37746,-1,-2,-106
1754050695.41546,-6,-1,-121
1754050695.45446,3,-1,-123
1754050695.49246,-1,-7,-136
1754050695.52846,-2,-9,-136
1754050695.56746,-3,-3,-128
1754050695.60446,0,-4,-128
1754050695.64846,-3,-1,-125
1754050695.6874602,-5,-3,-123
1754050695.72546,1,-4,-120
1754050695.76246,0,8,-113
1754050695.80146,0,0,-125
1754050695.83746,-1,7,-128
1754050695.87546,-6,3,-124
1754050695.91346,-11,-1,-125
1754050695.95246,-3,5,-129
1754050695.98846,-7,0,-134
1754050696.0264602,-3,-5,-130
1754050696.06446,1,-9,-129
1754050696.10246,-4,-1,-125
1754050696.1414602,-1,-1,-119
1754050696.1774602,2,-3,-128
1754050696.21546,1,-5,-137
1754050696.25446,0,0,-130
1754050696.2924602,-3,-5,-143
1754050696.32846,-3,-2,-148
1754050696.36746,5,-7,-139
1754050696.4044602,-2,-6,-132
1754050696.44346,0,-1,-119
1754050696.48146,-2,-4,-129
1754050696.51746,0,-6,-121
1754050696.55546,-6,0,-109
1754050696.59346,-7,-5,-120
1754050696.63246,-5,-1,-137
1754050696.66846,0,3,-138
1754050696.70546,-1,-1,-129
1754050696.7434602,-5,0,-130
1754050696.7824602,0,-6,-124
1754050696.81846,2,-4,-136
1754050696.85646,0,-1,-122
1754050696.8944602,2,-3,-128
1754050696.93346,3,0,-132
1754050696.97146,-1,1,-118
1754050697.00746,1,0,-122
1754050697.04546,-6,4,-133
1754050697.08346,-8,0,-133
1754050697.12246,-7,-2,-139
1754050697.15846,-2,1,-128
1754050697.19646,-3,-4,-124
1754050697.23446,-3,-3,-129
1754050697.27346,0,1,-125
1754050697.31146,5,-2,-130
1754050697.34746,8,0,-127
1754050697.3844602,0,1,-123
1754050697.42346,1,-3,-135
1754050697.46146,3,0,-130
1754050697.49746,1,-4,-127
1754050697.53546,2,-3,-126
1754050697.57346,0,0,-130
1754050697.61246,-1,0,-125
1754050697.64846,0,-1,-119
1754050697.6874602,0,-4,-112
1754050697.72446,1,-2,-119
1754050697.7634602,6,-3,-128
1754050697.80046,9,-4,-130
1754050697.83746,8,-5,-124
1754050697.87546,6,0,-129
1754050697.91346,4,-4,-134
1754050697.95246,5,1,-134
1754050697.98846,7,0,-137
1754050698.02546,2,-6,-133
1754050698.06346,4,-5,-124
1754050698.10346,0,0,-127
1754050698.13946,-2,2,-132
1754050698.1774602,1,0,-125
1754050698.21546,9,-1,-133
1754050698.2534602,2,0,-124
1754050698.2924602,-4,-3,-129
1754050698.32846,1,0,-127
1754050698.3654602,8,-1,-126
1754050698.4044602,13,-2,-132
1754050698.44246,6,0,-146
1754050698.47846,4,-3,-132
1754050698.51746,-4,5,-135
1754050698.55446,-1,1,-125
1754050698.59346,0,1,-128
1754050698.62946,1,0,-125
1754050698.66646,-1,1,-128
1754050698.70446,0,-5,-124
1754050698.7434602,10,-11,-117
1754050698.7794602,8,-2,-120
1754050698.81746,5,5,-137
1754050698.8554602,0,-1,-138
1754050698.8944602,0,1,-123
1754050698.93246,-4,-3,-120
1754050698.96846,0,-5,-114
1754050699.0064602,4,5,-119
1754050699.04446,-2,-1,-122
1754050699.08346,3,-2,-129
1754050699.11946,5,1,-126
1754050699.15646,7,3,-117
1754050699.1944602,0,-5,-130
1754050699.2334602,0,-2,-123
1754050699.2694602,0,0,-116
1754050699.30646,-4,0,-120
1754050699.34446,-2,-5,-130
1754050699.38346,-6,-5,-138
1754050699.41946,-5,-2,-133
1754050699.45846,2,-1,-128
1754050699.49546,-2,5,-122
1754050699.53446,-6,-2,-124
1754050699.57046,-7,0,-126
1754050699.60746,0,0,-121
1754050699.64546,2,-3,-121
1754050699.6844602,3,0,-126
1754050699.7204602,7,0,-116
1754050699.75746,1,-2,-121
1754050699.79546,3,-3,-123
1754050699.83446,-5,-9,-123
1754050699.87046,-5,-6,-136
1754050699.90846,-3,-4,-125
1754050699.94646,0,-1,-126
1754050699.98446,5,-7,-126
1754050700.02346,0,-2,-116
1754050700.0594602,4,0,-117
1754050700.09646,3,5,-128
1754050700.1344602,-2,2,-122
1754050700.17346,-3,5,-132
1754050700.20946,-3,4,-123
1754050700.24746,0,6,-117
1754050700.28546,0,0,-135
1754050700.32446,-4,-1,-129
1754050700.36046,0,-4,-133
1754050700.39846,6,-2,-134
1754050700.4374602,4,0,-134
1754050700.47546,-3,-2,-134
1754050700.5134602,-1,-4,-137
1754050700.55046,-1,-4,-123
1754050700.58746,-9,-3,-124
1754050700.62546,0,-5,-127
1754050700.6644602,5,-2,-123
1754050700.7004602,8,-4,-134
1754050700.73846,3,-2,-137
1754050700.7764602,2,-3,-138
1754050700.8154602,8,-2,-123
1754050700.85346,7,6,-128
1754050700.88946,0,4,-121
1754050700.92646,1,3,-123
1754050700.96546,-2,1,-119
1754050701.0034602,10,-1,-119
1754050701.0394602,3,6,-130
1754050701.07646,7,5,-117
1754050701.1154602,2,0,-125
1754050701.15346,9,-4,-117
1754050701.18946,4,-7,-115
1754050701.22746,0,-7,-119
1754050701.26546,2,-9,-122
1754050701.30446,-1,-6,-125
1754050701.34046,3,-4,-128
1754050701.37946,0,-8,-125
1754050701.4174602,2,-5,-119
1754050701.45546,1,-5,-128
1754050701.49446,1,-7,-115
1754050701.53046,1,-1,-112
1754050701.56846,2,-5,-115
1754050701.60646,0,-5,-128
1754050701.64546,4,0,-120
1754050701.68146,0,-5,-134
1754050701.7204602,0,-8,-122
1754050701.75746,2,-6,-119
1754050701.79546,2,-5,-130
1754050701.83446,5,-2,-127
1754050701.87046,0,-4,-127
1754050701.90846,-2,2,-130
1754050701.94646,-1,0,-125
1754050701.98546,3,-2,-132
1754050702.02146,0,0,-128
1754050702.05846,-3,-4,-136
1754050702.09646,0,-3,-138
1754050702.13546,-4,-1,-135
1754050702.1714602,-1,6,-129
1754050702.20946,7,4,-128
1754050702.24746,0,7,-119
1754050702.28546,0,0,-126
1754050702.32446,6,0,-123
1754050702.36046,2,-6,-123
1754050702.39946,0,0,-120
1754050702.4374602,-1,-1,-138
1754050702.47546,4,-2,-135
1754050702.51146,-5,-8,-132
1754050702.55046,1,0,-130
1754050702.58746,4,-7,-128
1754050702.62646,6,-3,-125
1754050702.6644602,9,-9,-122
1754050702.7004602,2,-10,-135
1754050702.73846,0,-4,-142
1754050702.7764602,0,-2,-131
1754050702.8154602,0,-1,-138
1754050702.85146,1,1,-140
1754050702.8884602,-4,-5,-129
1754050702.92646,6,-2,-130
1754050702.96546,0,-3,-133
1754050703.00146,3,-1,-127
1754050703.0394602,8,-3,-130
1754050703.07746,2,1,-132
1754050703.11646,0,0,-115
1754050703.1544602,-3,-5,-126
1754050703.1904602,0,-3,-126
1754050703.22846,4,7,-134
1754050703.2664602,-4,-1,-129
1754050703.30546,-6,0,-123
1754050703.34146,-3,-9,-115
1754050703.37946,1,-4,-117
1754050703.4174602,-3,-1,-120
1754050703.45646,-2,1,-109
1754050703.49446,-1,4,-115
1754050703.53046,0,3,-130
1754050703.56746,3,-2,-130
1754050703.60646,5,0,-130
1754050703.6444602,0,2,-114
1754050703.68046,-2,-1,-119
1754050703.71846,-3,-1,-133
1754050703.7564602,4,-4,-135
1754050703.79546,1,-4,-137
1754050703.83146,5,0,-129
1754050703.8684602,1,-1,-128
1754050703.90646,1,-1,-112
1754050703.94546,-1,-1,-120
1754050703.98146,-1,-2,-117
1754050704.02046,-1,0,-121
1754050704.05746,-2,0,-125
1754050704.09646,-2,4,-133
1754050704.13246,-1,0,-130
1754050704.17046,-4,-3,-125
1754050704.20846,8,-7,-119
1754050704.2464602,1,-5,-120
1754050704.28546,3,-2,-123
1754050704.32146,6,-5,-123
1754050704.35946,2,3,-122
1754050704.39746,1,0,-138
1754050704.43646,1,0,-144
1754050704.47246,-2,-2,-129
1754050704.51046,-6,-2,-130
1754050704.54846,-3,-1,-116
1754050704.58746,-8,-4,-115
1754050704.62546,-6,-4,-122
1754050704.6614602,-2,0,-127
1754050704.69946,-2,1,-126
1754050704.73746,0,-1,-126
1754050704.7764602,3,-3,-134
1754050704.8124602,-1,5,-130
1754050704.85046,1,6,-129
1754050704.8884602,2,0,-128
1754050704.9274602,-3,-2,-117
1754050704.96546,0,-4,-123
1754050705.00146,-5,0,-127
1754050705.0394602,3,4,-133
1754050705.07846,0,1,-131
1754050705.11646,5,1,-131
1754050705.15246,4,-1,-126
1754050705.19146,0,0,-132
1754050705.22846,0,3,-129
1754050705.26746,0,0,-119
1754050705.30546,1,-8,-128
1754050705.34146,-3,-8,-123
1754050705.37946,9,2,-122
1754050705.4174602,0,-1,-133
1754050705.45646,10,-4,-126
1754050705.49246,10,-7,-127
1754050705.53046,12,-4,-122
1754050705.56846,17,-3,-129
1754050705.60746,9,-1,-133
1754050705.65246,0,0,-134
1754050705.6904602,2,-9,-132
1754050705.72746,4,-9,-122
1754050705.7664602,1,-4,-128
1754050705.8024602,0,1,-119
1754050705.83946,-4,2,-123
1754050705.87746,8,-3,-126
1754050705.91646,8,2,-139
1754050705.95246,2,4,-139
1754050705.9904602,-1,-2,-128
1754050706.02746,0,5,-132
1754050706.06646,1,0,-131
1754050706.10246,3,3,-133
1754050706.13946,5,-3,-144
1754050706.1774602,2,-3,-132
1754050706.21646,2,2,-125
1754050706.25246,3,0,-110
1754050706.2894602,7,-6,-113
1754050706.32746,6,1,-131
1754050706.36646,3,-4,-130
1754050706.40246,0,0,-132
1754050706.43946,-1,1,-128
1754050706.47746,5,2,-140
1754050706.5164602,2,4,-131
1754050706.5524602,2,0,-131
1754050706.58946,3,-9,-125
1754050706.6284602,-1,-3,-126
1754050706.66646,1,3,-129
1754050706.70246,1,-1,-126
1754050706.7404602,4,1,-128
1754050706.77846,0,-4,-124
1754050706.81746,-2,-4,-129
1754050706.85346,0,-5,-118
1754050706.8914602,1,-3,-123
1754050706.92946,1,3,-133
1754050706.96846,7,-2,-129
1754050707.0064602,4,-3,-131
1754050707.0424602,2,0,-128
1754050707.08046,-1,2,-125
1754050707.1184602,7,-2,-130
1754050707.1574602,4,-3,-120
1754050707.19346,1,1,-124
1754050707.2304602,5,-1,-134
1754050707.26846,7,-1,-124
1754050707.30746,0,-3,-120
1754050707.34346,0,0,-115
1754050707.38046,0,0,-121
1754050707.41846,0,0,-125
1754050707.4574602,2,2,-137
1754050707.4934602,0,-2,-125
1754050707.53046,0,1,-126
1754050707.56846,-8,-1,-125
1754050707.60746,-9,1,-135
1754050707.64346,-12,-3,-137
1754050707.68146,-7,0,-138
1754050707.71946,-5,-6,-126
1754050707.75846,5,-7,-132
1754050707.79446,10,4,-137
1754050707.83146,7,5,-133
1754050707.86946,8,-7,-140
1754050707.90846,3,0,-128
1754050707.9444602,-1,-7,-127
1754050707.98246,0,4,-131
1754050708.02046,-6,0,-121
1754050708.05846,-6,2,-127
1754050708.09746,-6,-2,-127
1754050708.13346,-6,0,-125
1754050708.17246,-3,-7,-131
1754050708.20946,-2,-4,-125
1754050708.24846,1,-5,-128
1754050708.28446,-3,-2,-112
1754050708.3224602,-2,-1,-108
1754050708.36046,4,5,-115
1754050708.39946,3,-3,-128
1754050708.4374602,3,3,-124
1754050708.4734602,1,4,-131
1754050708.51046,-3,0,-121
1754050708.5494602,0,0,-128
1754050708.58746,1,0,-124
1754050708.62346,1,1,-131
1754050708.66046,-2,5,-123
1754050708.69946,1,-1,-134
1754050708.73746,4,-2,-136
1754050708.77346,-6,-5,-135
1754050708.81146,-7,0,-128
1754050708.84946,-4,-1,-122
1754050708.8884602,-3,-4,-127
1754050708.9244602,0,1,-131
1754050708.96146,10,-7,-130
1754050708.99946,4,0,-117
1754050709.03846,-5,-1,-119
1754050709.07446,-1,4,-119
1754050709.11246,0,0,-125
1754050709.15046,-5,1,-120
1754050709.18946,-7,-3,-120
1754050709.22746,0,-4,-126
1754050709.2634602,1,-1,-133
1754050709.30146,6,2,-136
1754050709.33946,-2,-1,-127
1754050709.3784602,-2,-2,-136
1754050709.4144602,-8,-7,-130
1754050709.45246,-1,-3,-128
1754050709.4904602,6,-4,-128
1754050709.5294602,-7,-3,-134
1754050709.56746,-3,0,-124
1754050709.60346,0,-8,-115
1754050709.6414602,6,-6,-126
1754050709.67946,5,-2,-130
1754050709.71846,-1,-5,-129
1754050709.75446,6,-2,-129
1754050709.7924602,0,-1,-132
1754050709.83046,6,0,-128
1754050709.86946,-1,-4,-128
1754050709.90546,-2,-1,-136
1754050709.94346,3,0,-121
1754050709.98246,2,-7,-127
1754050710.0194602,1,0,-129
1754050710.05846,1,0,-132
1754050710.09446,3,0,-137
1754050710.13246,2,0,-133
1754050710.16946,-1,-3,-128
1754050710.20846,-3,-2,-139
1754050710.24446,-2,-1,-140
1754050710.2824602,-4,-6,-145
1754050710.32046,-3,0,-128
1754050710.35946,4,1,-126
1754050710.39546,8,0,-121
1754050710.43246,-1,7,-120
1754050710.4704602,-6,0,-118
1754050710.5094602,6,-4,-117
1754050710.54546,7,-6,-126
1754050710.58346,0,-4,-119
1754050710.62246,-1,-4,-128
1754050710.66046,0,-3,-119
1754050710.69846,0,-1,-123
1754050710.73446,3,-3,-129
1754050710.77346,1,0,-136
1754050710.81046,-3,0,-137
1754050710.84946,1,-1,-136
1754050710.88546,3,5,-128
1754050710.92346,3,5,-132
1754050710.9604602,3,0,-133
1754050710.99946,2,0,-137
1754050711.03546,4,-2,-133
1754050711.07346,5,-3,-127
1754050711.1114602,0,2,-123
1754050711.15046,1,-6,-133
1754050711.18846,8,-5,-130
1754050711.22446,10,3,-126
1754050711.26146,4,0,-116
1754050711.30046,7,-1,-126
1754050711.3384602,1,-4,-113
1754050711.37446,0,-3,-114
1754050711.41246,-1,-1,-121
1754050711.4504602,-2,-1,-125
1754050711.48946,-2,1,-128
1754050711.52546,1,-4,-125
1754050711.56346,-2,-1,-127
1754050711.60146,1,-1,-131
1754050711.64046,-1,-3,-129
1754050711.67846,-7,-4,-122
1754050711.71446,-1,0,-130
1754050711.75246,8,-10,-125
1754050711.79046,1,-1,-121
1754050711.82946,-2,0,-108
1754050711.8654602,0,-3,-128
1754050711.90346,3,-9,-135
1754050711.94146,8,-2,-133
1754050711.9804602,4,-2,-126
1754050712.0164602,6,-2,-121
1754050712.05446,10,2,-123
1754050712.09346,9,1,-108
1754050712.1314602,5,0,-115
1754050712.16946,1,-3,-124
1754050712.20546,3,-7,-127
1754050712.2434602,5,-7,-127
1754050712.2824602,-1,7,-134
1754050712.32046,0,2,-120
1754050712.35646,0,1,-132
1754050712.39346,-4,-8,-131
1754050712.43246,3,0,-126
1754050712.4704602,0,0,-122
1754050712.5064602,5,0,-131
1754050712.54346,1,0,-120
1754050712.5824602,-5,-1,-116
1754050712.62046,-2,-1,-132
1754050712.65646,-4,0,-133
1754050712.69346,-10,2,-130
1754050712.73146,0,-3,-119
1754050712.77046,11,-1,-127
1754050712.80646,11,-1,-131
1754050712.84446,6,-5,-126
1754050712.88246,9,0,-128
1754050712.9214602,-1,-3,-133
1754050712.95946,4,0,-128
1754050712.99546,5,2,-135
1754050713.0324602,-2,0,-132
1754050713.07146,-5,-5,-124
1754050713.10946,-2,1,-128
1754050713.14546,-2,0,-129
1754050713.18246,3,-4,-122
1754050713.22146,-1,-2,-132
1754050713.2594602,-9,1,-131
1754050713.29546,1,-3,-132
1754050713.33346,-4,0,-121
1754050713.3714602,-5,-2,-127
1754050713.41046,6,-6,-122
1754050713.44646,3,-8,-112
1754050713.48546,3,-5,-119
1754050713.52246,-5,-2,-109
1754050713.56146,-2,4,-130
1754050713.59946,3,1,-115
1754050713.63546,10,4,-133
1754050713.67246,6,-6,-126
1754050713.71146,5,2,-126
1754050713.74946,1,3,-137
1754050713.78546,-2,0,-129
1754050713.82346,0,0,-118
1754050713.8614602,8,0,-128
1754050713.90046,0,3,-123
1754050713.93646,0,0,-127
1754050713.9734602,-2,0,-125
1754050714.01146,0,-6,-125
1754050714.05046,1,-3,-121
1754050714.08646,1,1,-116
1754050714.12346,1,-2,-122
1754050714.1614602,0,-5,-119
1754050714.2004602,-2,-2,-123
1754050714.2364602,1,-3,-130
1754050714.27446,0,-7,-135
1754050714.3124602,-1,-4,-122
1754050714.35146,2,-11,-122
1754050714.3884602,3,-1,-129
1754050714.42546,2,3,-134
1754050714.4634602,4,-1,-123
1754050714.50146,-1,-6,-127
1754050714.54046,-12,-1,-125
1754050714.57646,0,-6,-120
1754050714.6154602,-1,0,-116
1754050714.65246,-3,8,-126
1754050714.69146,2,0,-127
1754050714.72746,-2,4,-140
1754050714.76546,3,1,-134
1754050714.80346,5,5,-135
1754050714.8424602,-4,6,-127
1754050714.88046,1,8,-118
1754050714.91646,-8,5,-103
1754050714.95446,-4,0,-129
1754050714.99246,-3,-3,-122
1754050715.03146,2,1,-123
1754050715.06746,9,1,-114
1754050715.10446,-1,3,-123
1754050715.14246,-1,-7,-128
1754050715.18146,-6,-7,-118
1754050715.2174602,-2,-3,-115
1754050715.2564602,3,-1,-129
1754050715.29346,2,0,-124
1754050715.3324602,-3,0,-124
1754050715.37046,-3,0,-126
1754050715.40646,-1,3,-129
1754050715.4444602,-1,5,-128
1754050715.48246,3,6,-127
1754050715.52146,-1,-2,-138
1754050715.55746,-3,-6,-131
1754050715.5954602,2,-1,-130
1754050715.63346,-1,-4,-118
1754050715.6774602,1,0,-117
1754050715.71546,-3,-2,-127
1754050715.7534602,-1,-4,-136
1754050715.7924602,-4,0,-128
1754050715.83046,6,-2,-126
1754050715.86646,6,-4,-131
1754050715.9044602,2,-6,-121
1754050715.94246,4,-9,-143
1754050715.98146,1,-3,-135
1754050716.01746,0,-3,-126
1754050716.05446,-2,0,-123
1754050716.0924602,4,4,-128
1754050716.1314602,0,-4,-130
1754050716.1674602,5,0,-126
1754050716.20446,-3,2,-126
1754050716.24246,8,-4,-121
1754050716.28146,3,-9,-117
1754050716.31746,3,-6,-123
1754050716.35646,0,-4,-138
1754050716.39346,1,-5,-129
1754050716.43246,1,0,-119
1754050716.46846,0,8,-116
1754050716.5064602,1,1,-124
1754050716.54346,-1,-5,-130
1754050716.5824602,-7,-3,-142
1754050716.6184602,-2,-3,-132
1754050716.65646,1,0,-130
1754050716.6944602,2,-4,-121
1754050716.73246,1,-5,-110
1754050716.77146,0,-2,-122
1754050716.80746,-1,3,-121
1754050716.8454602,-2,0,-125
1754050716.88346,4,0,-123
1754050716.92246,1,0,-123
1754050716.95846,-3,6,-141
1754050716.9964602,-1,6,-138
1754050717.03546,2,0,-134
1754050717.07346,-5,-4,-139
1754050717.1114602,-2,1,-115
1754050717.14846,-3,0,-131
1754050717.18546,3,-4,-129
1754050717.2234602,1,-2,-124
1754050717.26246,1,-4,-132
1754050717.29846,3,-2,-119
1754050717.33646,-3,-1,-124
1754050717.37446,-7,-4,-127
1754050717.41346,2,0,-122
1754050717.45146,4,4,-131
1754050717.48746,1,5,-127
1754050717.5264602,0,-7,-126
1754050717.56346,7,-3,-126
1754050717.60246,0,-7,-131
1754050717.6384602,0,-4,-135
1754050717.67646,0,-5,-130
1754050717.71446,5,-2,-125
1754050717.7534602,5,0,-130
1754050717.79146,5,-3,-130
1754050717.82746,0,-7,-127
1754050717.86646,2,-6,-121
1754050717.9044602,6,5,-128
1754050717.94346,-3,3,-122
1754050717.98146,1,3,-127
1754050718.01746,5,-5,-130
1754050718.05646,6,-7,-145
1754050718.09346,-4,-4,-139
1754050718.13246,0,-10,-137
1754050718.16846,3,-2,-134
1754050718.20646,3,-2,-125
1754050718.24446,-1,-2,-127
1754050718.28346,0,2,-131
1754050718.3194602,-3,2,-124
1754050718.35746,0,5,-127
1754050718.39546,7,-2,-117
1754050718.43346,3,0,-124
1754050718.47246,4,2,-122
1754050718.50846,6,6,-127
1754050718.54546,-2,0,-120
1754050718.58346,0,-1,-128
1754050718.62246,4,0,-121
1754050718.65846,-2,1,-126
1754050718.69646,-4,-4,-131
1754050718.73446,-4,1,-125
1754050718.77346,0,4,-123
1754050718.8094602,3,-1,-124
1754050718.84746,3,-1,-123
1754050718.88546,-2,0,-130
1754050718.9244602,-1,4,-120
1754050718.96246,4,3,-137
1754050718.99846,-2,1,-131
1754050719.0364602,-1,-1,-121
1754050719.07446,-3,0,-137
1754050719.11346,0,-1,-130
1754050719.14946,1,3,-125
1754050719.18646,4,5,-130
1754050719.22446,0,5,-132
1754050719.2634602,0,1,-129
1754050719.2994602,0,2,-127
1754050719.33646,-11,4,-123
1754050719.37446,-5,1,-118
1754050719.41346,5,-4,-127
1754050719.44946,-9,1,-116
1754050719.48746,-9,0,-115
1754050719.52546,-13,-1,-120
1754050719.56446,-6,-3,-117
1754050719.60246,-2,-3,-118
1754050719.6384602,-6,0,-111
1754050719.67646,0,-4,-125
1754050719.71546,-4,2,-120
1754050719.7534602,2,0,-120
1754050719.7894602,0,-3,-121
1754050719.82646,3,-13,-113
1754050719.8654602,-4,-4,-121
1754050719.90346,-2,1,-117
1754050719.93946,8,1,-112
1754050719.97746,6,-3,-121
1754050720.01546,5,-1,-129
1754050720.05446,0,0,-122
1754050720.09046,-1,-3,-125
1754050720.1284602,12,-10,-123
1754050720.16646,8,-5,-124
1754050720.20546,1,-8,-124
1754050720.2434602,6,-9,-144
1754050720.2794602,4,-4,-132
1754050720.31746,-2,-2,-135
1754050720.3554602,1,1,-130
1754050720.3944602,-3,3,-116
1754050720.43046,-1,-2,-115
1754050720.46946,2,0,-112
1754050720.5064602,1,2,-128
1754050720.54446,0,1,-135
1754050720.58346,0,6,-124
1754050720.61946,-10,3,-124
1754050720.6574602,2,4,-112
1754050720.69546,3,0,-118
1754050720.73446,0,-1,-118
1754050720.77046,1,-5,-116
1754050720.80846,1,0,-133
1754050720.84646,7,7,-133
1754050720.8844602,1,-5,-127
1754050720.92346,2,-2,-129
1754050720.95946,-4,-7,-123
1754050720.99746,-7,5,-129
1754050721.0364602,-2,-1,-134
1754050721.07446,-3,-1,-136
1754050721.11046,-1,-1,-122
1754050721.14946,6,0,-122
1754050721.18646,4,-4,-122
1754050721.22546,3,2,-124
1754050721.2634602,-3,7,-115
1754050721.2994602,3,6,-121
1754050721.33646,2,-1,-123
1754050721.37546,-5,-5,-120
1754050721.41346,-13,-7,-123
1754050721.44946,-8,-3,-127
1754050721.48746,0,-1,-117
1754050721.52546,2,-2,-119
1754050721.56446,4,2,-128
1754050721.60046,1,3,-117
1754050721.63746,6,8,-120
1754050721.67546,0,2,-125
1754050721.71446,0,-7,-140
1754050721.75046,6,-4,-128
1754050721.7894602,5,6,-137
1754050721.82746,4,9,-126
1754050721.8654602,5,0,-121
1754050721.90346,4,-4,-126
1754050721.93946,2,-2,-129
1754050721.97746,3,3,-126
1754050722.0164602,3,2,-124
1754050722.05446,0,0,-130
1754050722.09046,0,-3,-121
1754050722.1284602,-5,3,-131
1754050722.16646,2,0,-129
1754050722.20546,4,0,-129
1754050722.24146,2,-3,-127
1754050722.2794602,4,0,-122
1754050722.31746,-4,1,-115
1754050722.3554602,6,-5,-123
1754050722.3944602,5,-5,-122
1754050722.43046,3,0,-120
1754050722.46846,-4,0,-113
1754050722.50746,-6,-4,-127
1754050722.54546,-5,-5,-127
1754050722.58146,-1,-5,-116
1754050722.62046,3,-1,-128
1754050722.6574602,-8,-4,-123
1754050722.69546,1,-3,-128
1754050722.73446,8,-2,-117
1754050722.77046,6,-7,-126
1754050722.80846,3,-2,-122
1754050722.84646,7,0,-129
1754050722.88546,1,-1,-123
1754050722.9214602,-5,-4,-125
1754050722.95946,0,0,-131
1754050722.99746,2,-3,-119
1754050723.0364602,4,-5,-125
1754050723.07446,2,-9,-117
1754050723.11046,-4,-1,-120
1754050723.14846,-4,-1,-121
1754050723.1874602,1,-3,-118
1754050723.22546,1,-1,-126
1754050723.26146,2,-6,-144
1754050723.30046,-7,1,-126
1754050723.33746,-5,-4,-133
1754050723.37646,-3,0,-126
1754050723.4144602,-1,1,-120
1754050723.4504602,0,2,-120
1754050723.48746,4,4,-123
1754050723.5264602,-6,0,-122
1754050723.56446,2,-2,-124
1754050723.60046,5,-5,-126
1754050723.6384602,10,-1,-130
1754050723.67646,5,-5,-134
1754050723.71546,0,-2,-127
1754050723.75146,-3,0,-122
1754050723.79046,-3,-5,-120
1754050723.82746,8,-2,-112
1754050723.86646,0,-7,-117
1754050723.9044602,4,-5,-128
1754050723.9404602,-3,-5,-137
1754050723.97846,-1,-5,-120
1754050724.01746,1,-3,-129
1754050724.05546,-3,-3,-131
1754050724.09146,-4,0,-119
1754050724.12946,-7,-5,-122
1754050724.1674602,-1,-2,-128
1754050724.20646,1,1,-121
1754050724.24246,-6,7,-123
1754050724.28046,6,0,-127
1754050724.31846,4,-5,-126
1754050724.35646,-3,-5,-140
1754050724.39546,-9,-1,-135
1754050724.43146,-10,-4,-135
1754050724.46946,-2,1,-129
1754050724.50746,0,-2,-135
1754050724.5464602,-3,0,-131
1754050724.5824602,1,-3,-139
1754050724.6214602,-2,-3,-139
1754050724.65846,0,-1,-126
1754050724.69646,6,-6,-127
1754050724.73546,8,-4,-133
1754050724.77146,2,-5,-121
1754050724.8094602,2,1,-131
1754050724.84746,-1,-5,-141
1754050724.88646,8,1,-128
1754050724.92246,4,0,-120
1754050724.95946,7,0,-126
1754050724.99746,5,1,-122
1754050725.0364602,5,-1,-126
1754050725.0724602,0,-1,-128
1754050725.11046,0,0,-123
1754050725.14846,1,-1,-132
1754050725.1874602,0,4,-121
1754050725.22546,4,1,-125
1754050725.26146,0,-1,-123
1754050725.2994602,-3,0,-130
1754050725.3384602,-13,3,-124
1754050725.37646,-9,-2,-113
1754050725.41246,-1,2,-115
1754050725.45146,6,-8,-124
1754050725.48846,8,1,-135
1754050725.52746,2,-3,-131
1754050725.5654602,8,-8,-135
1754050725.60146,8,-5,-124
1754050725.63946,2,-2,-122
1754050725.68546,-2,-4,-131
1754050725.72146,-6,5,-122
1754050725.7594602,-2,3,-117
1754050725.79746,0,-5,-119
1754050725.83646,-2,-1,-130
1754050725.87246,3,1,-121
1754050725.90946,0,5,-133
1754050725.9474602,-1,4,-117
1754050725.9864602,-1,3,-128
1754050726.02246,-3,3,-124
1754050726.06046,-5,-2,-122
1754050726.0984602,-7,2,-108
1754050726.13746,4,2,-124
1754050726.17546,6,-2,-139
1754050726.21246,2,4,-133
1754050726.24946,9,2,-124
1754050726.28746,0,6,-127
1754050726.32646,7,1,-138
1754050726.36246,4,-5,-139
1754050726.40046,8,0,-129
1754050726.43946,7,0,-122
1754050726.47746,1,0,-115
1754050726.5134602,-1,-2,-124
1754050726.5524602,-1,-5,-125
1754050726.58946,0,-1,-121
1754050726.62746,-1,2,-127
1754050726.66646,1,6,-133
1754050726.70246,5,2,-131
1754050726.73946,2,3,-120
1754050726.77746,-2,-1,-124
1754050726.81646,-3,-6,-142
1754050726.85246,1,-1,-139
1754050726.89046,3,3,-139
1754050726.92846,0,-8,-138
1754050726.9674602,-2,-2,-135
1754050727.0034602,0,-6,-111
1754050727.04146,1,-10,-124
1754050727.07946,2,-7,-126
1754050727.1184602,2,-5,-134
1754050727.15646,6,-2,-133
1754050727.19246,0,-5,-129
1754050727.2304602,0,-2,-134
1754050727.2694602,-2,-4,-132
1754050727.30746,-1,-4,-118
1754050727.34346,2,-3,-129
1754050727.3814602,7,0,-127
1754050727.41946,1,1,-124
1754050727.45846,0,-4,-123
1754050727.4964602,5,-1,-130
1754050727.5324602,8,-3,-131
1754050727.57046,7,-2,-130
1754050727.6084602,-2,0,-134
1754050727.64746,2,-2,-134
1754050727.68346,1,-1,-123
1754050727.72146,2,0,-117
1754050727.76046,2,8,-122
1754050727.79846,-2,-5,-122
1754050727.83646,1,2,-121
1754050727.87246,3,0,-135
1754050727.90946,5,-1,-130
1754050727.94846,0,-1,-142
1754050727.9864602,-1,-6,-133
1754050728.02246,3,-4,-135
1754050728.06046,4,-3,-134
1754050728.0984602,7,3,-134
1754050728.13746,6,2,-120
1754050728.17346,6,0,-133
1754050728.2104602,0,-5,-127
1754050728.24846,-4,3,-131
1754050728.28746,-2,-2,-134
1754050728.32346,-6,-2,-129
1754050728.3614602,0,3,-120
1754050728.39946,-5,0,-125
1754050728.43846,0,0,-138
1754050728.47446,10,5,-124
1754050728.51246,0,3,-123
1754050728.5494602,-3,-4,-137
1754050728.5884602,4,4,-131
1754050728.62446,9,5,-128
1754050728.66246,6,1,-123
1754050728.7004602,1,0,-127
1754050728.73946,9,-1,-125
1754050728.77746,3,-6,-129
1754050728.81346,8,-2,-120
1754050728.85146,3,0,-119
1754050728.89046,-4,0,-127
1754050728.92846,3,4,-124
1754050728.96446,3,4,-127
1754050729.00146,7,-7,-125
1754050729.0394602,5,-5,-123
1754050729.07846,2,-11,-137
1754050729.11446,7,0,-130
1754050729.1514602,0,3,-126
1754050729.1904602,0,6,-124
1754050729.22846,2,1,-127
1754050729.26446,2,1,-129
1754050729.30146,7,-1,-112
1754050729.34046,0,-1,-107
1754050729.3784602,5,1,-124
1754050729.4144602,2,3,-118
1754050729.45146,3,-4,-111
1754050729.4904602,9,-5,-124
1754050729.52846,0,-3,-119
1754050729.56446,4,-4,-127
1754050729.60246,0,1,-134
1754050729.64046,8,4,-128
1754050729.67946,-1,0,-123
1754050729.7174602,-2,2,-126
1754050729.7534602,1,-6,-130
1754050729.79146,5,-1,-127
1754050729.82946,7,-6,-125
1754050729.8684602,1,-8,-131
1754050729.9044602,-3,-7,-128
1754050729.94246,-3,-5,-132
1754050729.9804602,-1,0,-126
1754050730.0194602,-1,-2,-125
1754050730.05746,-7,-8,-119
1754050730.09346,0,1,-132
1754050730.13046,1,-5,-126
1754050730.16946,-2,-1,-122
1754050730.2074602,4,-6,-121
1754050730.2434602,0,-5,-126
1754050730.28146,2,4,-126
1754050730.3194602,2,0,-138
1754050730.3584602,-1,3,-130
1754050730.3944602,-6,2,-131
1754050730.43246,-4,-1,-132
1754050730.4704602,-1,-1,-129
1754050730.5094602,2,3,-133
1754050730.54546,1,1,-129
1754050730.5824602,0,4,-136
1754050730.62046,-5,-4,-115
1754050730.65946,2,-2,-128
1754050730.69546,4,-2,-122
1754050730.7334602,4,-3,-118
1754050730.77146,3,0,-122
1754050730.8094602,4,0,-123
1754050730.8484602,-2,0,-134
1754050730.8844602,0,-7,-135
1754050730.92246,4,-8,-135
1754050730.9604602,-3,-3,-117
1754050730.99946,0,-6,-126
1754050731.03546,0,0,-129
1754050731.0724602,4,-2,-128
1754050731.11046,-5,-4,-122
1754050731.14946,1,0,-129
1754050731.18546,-1,-1,-130
1754050731.22446,-1,1,-115
1754050731.26146,-1,6,-130
1754050731.30046,2,1,-127
1754050731.3384602,0,-6,-126
1754050731.37446,8,-1,-121
1754050731.41246,5,-5,-127
1754050731.4504602,6,1,-128
1754050731.48946,-1,0,-132
1754050731.52546,2,1,-134
1754050731.5624602,0,2,-130
1754050731.60046,1,0,-128
1754050731.63946,-1,-2,-124
1754050731.67546,0,-3,-114
1754050731.7134602,-5,-8,-121
1754050731.75146,0,0,-119
1754050731.79046,1,-6,-137
1754050731.82846,2,0,-128
1754050731.86446,-3,-4,-116
1754050731.90246,-5,-2,-138
1754050731.9404602,-1,2,-131
1754050731.97946,-5,0,-128
1754050732.01546,0,-4,-124
1754050732.0524602,-6,0,-123
1754050732.09146,1,-1,-125
1754050732.12946,5,-2,-127
1754050732.16546,8,-2,-129
1754050732.20446,7,2,-124
1754050732.24146,6,0,-124
1754050732.28046,4,6,-124
1754050732.31846,1,-2,-120
1754050732.3554602,4,0,-121
1754050732.39246,4,0,-132
1754050732.43046,3,-6,-123
1754050732.46946,2,-5,-133
1754050732.50546,-5,-2,-131
1754050732.54346,0,-7,-127
1754050732.5824602,5,-8,-131
1754050732.62046,0,-3,-142
1754050732.65646,-3,1,-137
1754050732.6944602,0,0,-137
1754050732.73246,2,0,-127
1754050732.77146,3,1,-118
1754050732.8094602,7,1,-119
1754050732.8454602,7,0,-118
1754050732.88246,12,0,-132
1754050732.9214602,-7,-9,-135
1754050732.95946,2,-7,-138
1754050732.99546,5,1,-127
1754050733.0324602,5,1,-132
1754050733.07146,-1,0,-127
1754050733.10946,4,0,-129
1754050733.14546,0,5,-126
1754050733.18346,3,4,-121
1754050733.22146,0,3,-123
1754050733.26046,-5,0,-123
1754050733.2964602,0,-2,-125
1754050733.33346,2,-3,-117
1754050733.3714602,-2,-4,-114
1754050733.41046,3,2,-119
1754050733.44646,0,6,-133
1754050733.4834602,-4,0,-129
1754050733.52146,3,2,-130
1754050733.56046,1,0,-134
1754050733.59646,0,1,-133
1754050733.63346,-4,6,-134
1754050733.6714602,-1,4,-119
1754050733.7104602,10,10,-125
1754050733.7464602,2,7,-132
1754050733.78346,1,1,-124
1754050733.82146,1,-6,-129
1754050733.86046,-1,-1,-134
1754050733.89646,-2,-1,-126
1754050733.9344602,2,-3,-118
1754050733.97246,7,-6,-122
1754050734.01146,-2,4,-123
1754050734.0494602,-2,-3,-120
1754050734.0854602,1,-4,-129
1754050734.12346,6,0,-115
1754050734.1614602,-1,5,-110
1754050734.2004602,0,3,-123
1754050734.2364602,-7,-6,-118
1754050734.27546,3,-9,-130
1754050734.3124602,2,-5,-122
1754050734.35146,0,-3,-127
1754050734.38946,-2,0,-134
1754050734.42546,-3,2,-128
1754050734.4634602,-5,2,-116
1754050734.50146,-3,0,-118
1754050734.54046,-10,-2,-120
1754050734.57646,-6,0,-116
1754050734.61346,4,-3,-121
1754050734.6514602,0,-9,-118
1754050734.6904602,4,-9,-113
1754050734.72646,2,0,-118
1754050734.7634602,6,9,-123
1754050734.80146,-1,3,-127
1754050734.84046,-1,-2,-124
1754050734.87646,2,0,-122
1754050734.91346,-3,-8,-137
1754050734.95146,2,-2,-128
1754050734.9904602,3,1,-135
1754050735.0264602,-4,-1,-126
1754050735.06446,2,-1,-123
1754050735.10246,3,1,-118
1754050735.1414602,-3,2,-122
1754050735.1774602,-8,-1,-119
1754050735.21546,-4,1,-126
1754050735.2534602,0,1,-122
1754050735.2924602,1,-1,-120
1754050735.33046,-1,-3,-124
1754050735.36646,2,-8,-123
1754050735.40546,0,-3,-137
1754050735.44246,3,-11,-129
1754050735.48146,3,0,-137
1754050735.51746,-2,0,-137
1754050735.55546,2,-3,-134
1754050735.59346,6,0,-117
1754050735.63246,1,4,-120
1754050735.67046,-7,-4,-128
1754050735.7134602,-5,1,-120
1754050735.75246,-2,-1,-124
1754050735.79046,-6,6,-133
1754050735.82646,-2,4,-136
1754050735.86446,-1,5,-128
1754050735.90246,-1,4,-123
1754050735.94146,2,-4,-125
1754050735.97746,4,-1,-126
1754050736.0164602,5,0,-122
1754050736.05346,8,-6,-124
1754050736.0924602,4,-7,-126
1754050736.13046,-2,0,-122
1754050736.16646,-1,-2,-131
1754050736.20546,0,-4,-123
1754050736.24246,-1,-2,-135
1754050736.28146,0,0,-130
1754050736.31746,2,1,-129
1754050736.3554602,-4,0,-133
1754050736.39246,-7,0,-134
1754050736.43146,-7,1,-126
1754050736.4674602,0,3,-120
1754050736.50546,-4,-6,-122
1754050736.5424602,-9,-3,-123
1754050736.58146,-11,-3,-126
1754050736.61746,1,-3,-127
1754050736.65546,5,-2,-123
1754050736.69346,0,2,-122
1754050736.73246,7,5,-120
1754050736.76846,4,2,-117
1754050736.80546,5,-2,-133
1754050736.84346,1,-2,-125
1754050736.88246,4,-4,-123
1754050736.91846,2,-3,-129
1754050736.95646,-1,-1,-121
1754050736.99446,-3,0,-123
1754050737.03346,-2,4,-112
1754050737.07146,6,0,-125
1754050737.10746,2,-7,-120
1754050737.14546,-2,2,-125
1754050737.18346,-1,-2,-116
1754050737.22246,-4,0,-126
1754050737.25846,1,3,-122
1754050737.29546,4,3,-121
1754050737.33346,5,-3,-125
1754050737.37246,-2,-5,-125
1754050737.40846,2,0,-130
1754050737.44546,9,-6,-133
1754050737.4834602,8,1,-130
1754050737.52246,9,0,-122
1754050737.55846,3,0,-122
1754050737.5954602,-1,-9,-131
1754050737.63346,-4,-2,-128
1754050737.67246,-7,-4,-127
1754050737.70846,-1,-8,-121
1754050737.7464602,-6,-4,-126
1754050737.78446,0,-10,-117
1754050737.82346,-2,0,-114
1754050737.8614602,-8,-3,-121
1754050737.89746,-6,1,-120
1754050737.93546,0,-4,-133
1754050737.9734602,12,-4,-121
1754050738.01246,6,3,-126
1754050738.04846,6,3,-121
1754050738.08646,-1,0,-119
1754050738.12446,-4,-4,-122
1754050738.16346,2,-2,-125
1754050738.20146,-3,-1,-138
1754050738.23746,3,0,-130
1754050738.27446,0,-1,-128
1754050738.31346,1,-8,-125
1754050738.35146,8,-2,-135
1754050738.38746,-1,4,-122
1754050738.42546,3,-2,-117
1754050738.4634602,-3,-5,-125
1754050738.50246,1,-6,-129
1754050738.5394602,2,-6,-133
1754050738.57646,8,4,-128
1754050738.61446,0,-4,-134
1754050738.65346,4,0,-128
1754050738.68946,-1,1,-127
1754050738.72746,-2,-2,-126
1754050738.76546,4,3,-134
1754050738.80346,4,-1,-122
1754050738.8424602,2,-4,-116
1754050738.8784602,0,-7,-117
1754050738.91646,-6,-1,-120
1754050738.95446,5,-3,-114
1754050738.9934602,4,0,-114
1754050739.03046,3,-1,-114
1754050739.06746,-4,-3,-117
1754050739.1054602,0,1,-137
1754050739.14346,0,1,-132
1754050739.18246,0,-1,-141
1754050739.21846,4,4,-128
1754050739.25546,0,-2,-134
1754050739.29346,0,-3,-127
1754050739.3324602,0,-9,-133
1754050739.3684602,0,-2,-132
1754050739.40646,4,1,-127
1754050739.4444602,-4,0,-133
1754050739.4834602,-4,0,-125
1754050739.5194602,4,1,-123
1754050739.55646,0,-2,-120
1754050739.59446,3,0,-134
1754050739.63346,11,-2,-128
1754050739.66946,4,-2,-130
1754050739.7074602,2,-9,-138
1754050739.74546,-9,-3,-128
1754050739.78446,3,-7,-116
1754050739.8224602,-2,-5,-127
1754050739.8584602,-6,-4,-127
1754050739.89746,1,-2,-122
1754050739.9344602,-4,-2,-126
1754050739.9734602,0,-5,-122
1754050740.0094602,-13,0,-126
1754050740.04746,-6,0,-116
1754050740.0854602,7,3,-129
1754050740.12446,8,-1,-118
1754050740.16246,2,2,-114
1754050740.19846,1,8,-118
1754050740.2364602,-3,0,-127
1754050740.27446,-5,-1,-126
1754050740.31346,-1,-2,-121
1754050740.34946,0,0,-124
1754050740.38746,0,1,-137
1754050740.42646,-3,7,-138
1754050740.46446,0,0,-135
1754050740.50246,0,-1,-132
1754050740.53846,5,-2,-130
1754050740.57646,-1,3,-130
1754050740.61446,-5,-1,-133
1754050740.65346,-2,3,-115
1754050740.68946,0,4,-123
1754050740.72646,2,6,-131
1754050740.76446,6,0,-132
1754050740.80346,5,4,-122
1754050740.83946,1,-1,-135
1754050740.87746,-1,-6,-129
1754050740.91546,3,-2,-133
1754050740.95446,3,-3,-132
1754050740.9904602,6,-2,-125
1754050741.02746,0,0,-132
1754050741.0654602,1,-2,-133
1754050741.10446,0,0,-137
1754050741.14046,-1,-5,-123
1754050741.17846,0,-5,-128
1754050741.21646,0,3,-129
1754050741.25446,1,2,-124
1754050741.29346,0,0,-117
1754050741.32946,1,-1,-109
1754050741.36746,0,1,-120
1754050741.40646,-6,0,-120
1754050741.4444602,-4,-1,-127
1754050741.4804602,2,0,-116
1754050741.51846,-2,0,-117
1754050741.55646,-1,0,-124
1754050741.5954602,2,0,-133
1754050741.63346,-1,3,-127
1754050741.66946,4,0,-119
1754050741.70646,-4,-1,-139
1754050741.74546,-4,-1,-129
1754050741.78346,-10,0,-129
1754050741.8194602,-6,-6,-121
1754050741.85746,0,-7,-124
1754050741.89546,3,-3,-129
1754050741.9344602,0,-6,-124
1754050741.9704602,2,-3,-125
1754050742.00846,7,-3,-135
1754050742.04746,3,-1,-133
1754050742.0854602,3,-5,-130
1754050742.12346,-6,-6,-129
1754050742.15946,-3,0,-125
1754050742.1974602,1,-3,-122
1754050742.23546,-1,1,-132
1754050742.27446,-4,-2,-123
1754050742.31046,-7,-11,-123
1754050742.3484602,0,-7,-126
1754050742.38646,4,3,-120
1754050742.42546,1,0,-132
1754050742.4634602,0,-7,-125
1754050742.49946,-1,-3,-125
1754050742.53746,-2,0,-120
1754050742.5754602,4,2,-129
1754050742.61446,5,3,-130
1754050742.65046,3,6,-116
1754050742.68846,7,-1,-133
1754050742.72746,1,1,-126
1754050742.76546,-2,-2,-131
1754050742.80146,0,-6,-124
1754050742.8384602,0,-7,-117
1754050742.87646,1,0,-122
1754050742.91546,2,-3,-129
1754050742.95146,3,-6,-125
1754050742.9904602,-1,-7,-126
1754050743.02746,-8,-7,-109
1754050743.0654602,0,-12,-127
1754050743.10446,-1,-1,-126
1754050743.14046,0,-5,-126
1754050743.17846,2,0,-123
1754050743.21646,9,0,-120
1754050743.25546,2,5,-127
1754050743.29146,0,-3,-129
1754050743.32946,-6,-2,-116
1754050743.36746,-4,2,-132
1754050743.40546,-1,-2,-117
1754050743.4444602,-4,0,-123
1754050743.4804602,-4,3,-127
1754050743.51846,0,-6,-132
1754050743.55646,-3,-7,-133
1754050743.5954602,-3,4,-131
1754050743.6314602,-3,-2,-128
1754050743.66946,-1,0,-119
1754050743.7074602,-5,-4,-122
1754050743.7464602,-2,-5,-126
1754050743.78446,1,-4,-130
1754050743.82046,2,-4,-127
1754050743.8584602,-1,2,-124
1754050743.89646,8,0,-129
1754050743.93546,3,1,-129
1754050743.97146,1,0,-132
1754050744.0094602,0,-3,-135
1754050744.04846,-4,-2,-128
1754050744.08646,-7,-9,-136
1754050744.12446,-1,-3,-137
1754050744.16046,-1,-2,-123
1754050744.19846,2,-1,-118
1754050744.2364602,10,-6,-127
1754050744.27546,2,-3,-119
1754050744.31146,5,2,-133
1754050744.3484602,-4,3,-131
1754050744.38646,0,6,-121
1754050744.42546,1,3,-122
1754050744.46146,5,-4,-110
1754050744.49946,3,2,-127
1754050744.53746,2,2,-123
1754050744.57646,0,5,-119
1754050744.61446,1,0,-116
1754050744.65046,2,-4,-123
1754050744.68846,9,-2,-124
1754050744.72646,5,0,-124
1754050744.76546,-1,-1,-116
1754050744.80146,1,0,-123
1754050744.8384602,7,0,-129
1754050744.87746,-1,-3,-137
1754050744.91546,0,-10,-131
1754050744.95146,0,-9,-121
1754050744.9904602,0,-8,-121
1754050745.02746,-1,0,-131
1754050745.06646,-2,-9,-118
1754050745.10246,-1,-8,-118
1754050745.14046,0,-5,-127
1754050745.17846,0,-2,-127
1754050745.21646,4,2,-131
1754050745.25546,8,0,-136
1754050745.29146,4,0,-116
1754050745.32846,0,1,-123
1754050745.36646,1,-1,-128
1754050745.40546,5,-4,-127
1754050745.44146,8,-7,-126
1754050745.4804602,3,-2,-128
1754050745.51846,-1,1,-132
1754050745.55646,0,-4,-116
1754050745.5924602,0,-3,-120
1754050745.63046,-3,-2,-121
1754050745.66846,-10,6,-122
1754050745.7074602,-8,0,-132
1754050745.75246,0,-8,-132
1754050745.79046,-1,3,-137
1754050745.82746,1,3,-131
1754050745.86646,4,-1,-134
1754050745.90246,4,2,-133
1754050745.9404602,-6,-3,-132
1754050745.97746,-4,-1,-131
1754050746.0164602,-1,0,-128
1754050746.0524602,0,-1,-124
1754050746.09046,-1,-4,-122
1754050746.12746,8,-3,-122
1754050746.16646,3,-4,-124
1754050746.20246,1,-8,-121
1754050746.2404602,-3,-4,-125
1754050746.27846,1,-3,-127
1754050746.31746,-2,-4,-127
1754050746.3554602,0,-3,-127
1754050746.3914602,0,-6,-136
1754050746.42946,1,0,-128
1754050746.4674602,10,-3,-131
1754050746.5064602,0,-1,-131
1754050746.54346,1,4,-144
1754050746.58046,0,4,-128
1754050746.6184602,0,-2,-129
1754050746.6574602,1,0,-128
1754050746.69546,4,0,-128
1754050746.73146,-3,0,-136
1754050746.7694602,-5,-5,-136
1754050746.80746,-4,3,-132
1754050746.84646,-1,0,-129
1754050746.88246,0,0,-130
1754050746.91946,1,-4,-117
1754050746.9574602,-5,-9,-125
1754050746.9964602,5,-9,-127
1754050747.0324602,0,-8,-125
1754050747.0694602,-10,-9,-127
1754050747.10746,-4,0,-126
1754050747.14646,1,-3,-134
1754050747.18246,-5,-5,-141
1754050747.2204602,-3,0,-140
1754050747.25846,0,-7,-142
1754050747.29746,-3,-6,-143
1754050747.33346,-3,-4,-122
1754050747.3714602,-2,-3,-116
1754050747.40946,-2,0,-127
1754050747.44846,2,4,-127
1754050747.4864602,2,-4,-124
1754050747.52246,1,1,-127
1754050747.5594602,2,-3,-126
1754050747.5984602,8,0,-124
1754050747.63646,7,2,-128
1754050747.67246,8,0,-109
1754050747.70946,0,2,-130
1754050747.74846,-3,-3,-126
1754050747.7864602,-3,-4,-121
1754050747.8224602,2,-5,-111
1754050747.8614602,-1,-2,-106
1754050747.89846,0,-4,-107
1754050747.9374602,0,-2,-122
1754050747.9734602,3,-4,-134
1754050748.01146,0,-6,-133
1754050748.0494602,-1,-6,-127
1754050748.0884602,-1,-7,-134
1754050748.12646,4,2,-123
1754050748.16246,9,-1,-124
1754050748.2004602,4,1,-124
1754050748.23846,8,-5,-124
1754050748.27746,-1,-7,-138
1754050748.31346,-1,-3,-134
1754050748.35146,1,-5,-133
1754050748.38946,-7,-4,-136
1754050748.42846,-2,-4,-135
1754050748.46646,1,0,-132
1754050748.50246,2,0,-129
1754050748.5394602,3,0,-126
1754050748.57846,-4,-3,-128
1754050748.61646,0,-4,-124
1754050748.65246,-3,-8,-126
1754050748.6904602,5,0,-122
1754050748.72846,10,0,-128
1754050748.76746,0,-3,-126
1754050748.80346,-3,-5,-121
1754050748.84146,3,0,-119
1754050748.87946,6,3,-115
1754050748.91846,6,4,-130
1754050748.95446,3,-2,-145
1754050748.99246,-1,-7,-130
1754050749.03046,0,-6,-148
1754050749.06846,0,1,-145
1754050749.10746,-5,4,-131
1754050749.14346,-3,5,-121
1754050749.18146,-8,-2,-118
1754050749.21946,0,0,-136
1754050749.25846,0,3,-124
1754050749.29446,-2,-2,-118
1754050749.3324602,5,-1,-123
1754050749.37046,5,3,-135
1754050749.40846,0,5,-137
1754050749.4474602,1,3,-132
1754050749.4834602,2,0,-129
1754050749.52146,-3,0,-136
1754050749.5594602,-4,0,-129
1754050749.5984602,-3,2,-137
1754050749.6344602,-1,0,-134
1754050749.67246,-2,6,-128
1754050749.71146,-1,9,-128
1754050749.74846,1,8,-127
1754050749.78746,2,1,-132
1754050749.82346,5,-7,-127
1754050749.8614602,5,-5,-122
1754050749.89946,-2,3,-126
1754050749.93846,2,0,-124
1754050749.97446,-4,-2,-129
1754050750.01246,0,0,-124
1754050750.05046,-4,-4,-127
1754050750.08946,-5,-3,-136
1754050750.12746,5,-1,-126
1754050750.16346,3,2,-137
1754050750.2004602,-6,-7,-130
1754050750.23946,0,-1,-132
1754050750.27746,0,-5,-125
1754050750.31346,0,-3,-122
1754050750.35146,-2,-7,-131
1754050750.38946,-7,-10,-125
1754050750.42846,-1,-6,-133
1754050750.46446,0,-3,-135
1754050750.50246,9,-2,-133
1754050750.54046,5,0,-131
1754050750.57946,7,0,-122
1754050750.61746,-3,-3,-131
1754050750.65346,1,-1,-127
1754050750.69146,6,5,-132
1754050750.7304602,-1,5,-133
1754050750.76846,1,0,-129
1754050750.80446,-3,0,-127
1754050750.8424602,-3,4,-127
1754050750.8814602,2,-2,-130
1754050750.91946,-1,-4,-130
1754050750.95546,2,-8,-139
1754050750.9934602,8,-3,-132
1754050751.03146,7,1,-125
1754050751.0694602,7,0,-122
1754050751.1084602,-6,-2,-122
1754050751.1444602,3,-2,-128
1754050751.18246,0,0,-136
1754050751.2204602,0,1,-131
1754050751.2594602,0,0,-131
1754050751.29546,-1,-3,-137
1754050751.33346,1,-3,-138
1754050751.3714602,0,-6,-122
1754050751.40946,3,-3,-116
1754050751.44846,-4,-2,-120
1754050751.48446,2,-7,-117
1754050751.52246,-7,1,-116
1754050751.56046,-1,5,-125
1754050751.59946,8,1,-120
1754050751.63546,14,-3,-121
1754050751.67346,4,-5,-118
1754050751.71146,0,2,-129
1754050751.74946,1,0,-132
1754050751.78846,7,1,-127
1754050751.82446,0,-4,-130
1754050751.86246,4,0,-128
1754050751.90046,11,-2,-150
1754050751.93946,2,0,-138
1754050751.97546,0,-1,-131
1754050752.0134602,-2,8,-126
1754050752.05146,6,1,-128
1754050752.09046,1,-1,-130
1754050752.1284602,10,0,-128
1754050752.1644602,6,3,-125
1754050752.20246,6,-1,-129
1754050752.2404602,10,-2,-136
1754050752.2794602,4,3,-134
1754050752.3154602,-4,-2,-129
1754050752.35346,3,-6,-130
1754050752.3914602,9,0,-123
1754050752.43046,1,-3,-126
1754050752.46846,3,-6,-123
1754050752.50446,-1,-8,-126
1754050752.5424602,6,-1,-128
1754050752.58146,1,-2,-123
1754050752.61946,-1,2,-129
1754050752.65546,0,-1,-129
1754050752.69346,7,-2,-137
1754050752.73146,0,-3,-128
1754050752.77046,-3,-2,-136
1754050752.80846,0,0,-132
1754050752.84446,2,0,-117
1754050752.8814602,8,-6,-110
1754050752.91946,-1,-6,-120
1754050752.95546,2,-5,-132
1754050752.9934602,6,-5,-114
1754050753.03146,7,3,-130
1754050753.07046,4,1,-131
1754050753.10646,1,1,-135
1754050753.14346,0,-5,-122
1754050753.18146,-4,-15,-126
1754050753.2204602,0,-5,-121
1754050753.2564602,1,-11,-134
1754050753.29446,3,-11,-125
1754050753.3324602,6,-4,-134
1754050753.37046,4,-6,-125
1754050753.40946,0,-2,-134
1754050753.44546,5,-2,-133
1754050753.48446,0,-3,-131
1754050753.52146,4,1,-121
1754050753.56046,0,-1,-126
1754050753.59646,-2,-1,-121
1754050753.6344602,0,0,-107
1754050753.67346,0,0,-107
1754050753.7104602,0,1,-125
1754050753.74946,-9,0,-129
1754050753.78546,-4,-5,-132
1754050753.82346,-6,-5,-132
1754050753.8614602,-4,-6,-129
1754050753.90046,2,5,-128
1754050753.93646,9,10,-125
1754050753.9734602,0,0,-116
1754050754.01146,-5,7,-129
1754050754.05046,-1,10,-120
1754050754.08646,-2,0,-128
1754050754.12446,2,0,-135
1754050754.16246,5,-2,-121
1754050754.20146,1,2,-137
1754050754.23946,-3,2,-130
1754050754.27546,-4,2,-120
1754050754.31446,-5,-2,-122
1754050754.35146,-8,1,-129
1754050754.39046,-1,-3,-131
1754050754.42646,1,-4,-135
1754050754.46446,0,0,-126
1754050754.50246,-5,0,-127
1754050754.54146,5,1,-125
1754050754.57946,1,2,-134
1754050754.6154602,-2,2,-135
1754050754.65346,0,-4,-114
1754050754.69146,0,-2,-130
1754050754.7304602,-4,-5,-129
1754050754.7664602,2,-6,-132
1754050754.80446,6,-5,-132
1754050754.8424602,-6,-3,-136
1754050754.8814602,4,-1,-119
1754050754.91946,-1,3,-129
1754050754.95546,1,-2,-130
1754050754.9934602,4,-3,-140
1754050755.03146,1,-11,-141
1754050755.07046,7,0,-127
1754050755.10646,0,-4,-126
1754050755.14346,2,1,-128
1754050755.18146,-5,5,-127
1754050755.2204602,-2,5,-123
1754050755.2564602,-2,8,-126
1754050755.29446,1,0,-118
1754050755.3324602,4,0,-130
1754050755.3714602,-2,0,-127
1754050755.4074602,4,-4,-134
1754050755.44546,-6,1,-129
1754050755.4834602,-3,-5,-130
1754050755.52146,3,-4,-137
1754050755.56046,-5,0,-127
1754050755.59646,0,1,-123
1754050755.63346,0,2,-136
1754050755.67246,2,-6,-129
1754050755.7104602,-2,-3,-129
1754050755.7534602,3,-1,-136
1754050755.7924602,1,-1,-132
1754050755.83046,7,0,-123
1754050755.86646,4,0,-116
1754050755.90346,8,4,-131
1754050755.94246,1,-4,-120
1754050755.9804602,-1,2,-121
1754050756.0164602,0,8,-125
1754050756.05346,-3,-1,-128
1754050756.0924602,-2,0,-144
1754050756.13046,-7,-6,-125
1754050756.16646,0,-2,-133
1754050756.20546,5,-3,-113
1754050756.24246,4,0,-112
1754050756.28146,0,-4,-127
1754050756.31746,-1,-3,-129
1754050756.3554602,1,-5,-122
1754050756.39346,-5,-2,-127
1754050756.43246,0,0,-121
1754050756.4704602,1,-4,-125
1754050756.5064602,-2,-1,-117
1754050756.54446,2,3,-130
1754050756.58346,3,1,-120
1754050756.6214602,-4,0,-126
1754050756.6574602,-10,0,-139
1754050756.69546,5,-3,-125
1754050756.7334602,7,-5,-122
1754050756.77246,-1,0,-121
1754050756.81046,-8,2,-121
1754050756.84646,-6,-2,-119
1754050756.8844602,1,-4,-112
1754050756.92246,0,-2,-116
1754050756.96146,0,-2,-123
1754050756.99746,-2,-1,-119
1754050757.03546,-1,-5,-129
1754050757.07346,-9,-2,-124
1754050757.11246,-7,-1,-123
1754050757.14846,-1,-1,-124
1754050757.18646,4,-4,-128
1754050757.22546,4,-5,-113
1754050757.26246,-5,-1,-132
1754050757.30146,-1,0,-129
1754050757.33746,-1,3,-136
1754050757.37546,1,-3,-134
1754050757.41346,-5,0,-122
1754050757.45246,-1,-1,-118
1754050757.48846,1,-4,-114
1754050757.5264602,7,0,-127
1754050757.56446,6,-1,-113
1754050757.60246,4,-7,-121
1754050757.6414602,1,-1,-130
1754050757.6774602,0,1,-134
1754050757.71446,4,1,-130
1754050757.75246,-1,0,-131
1754050757.79146,2,-3,-121
1754050757.82746,0,1,-125
1754050757.86446,-1,-3,-131
1754050757.90346,0,-8,-129
1754050757.94146,1,0,-117
1754050757.97746,1,3,-125
1754050758.01446,4,-1,-133
1754050758.05346,0,0,-124
1754050758.09146,8,0,-120
1754050758.12746,5,-3,-126
1754050758.16546,4,-10,-128
1754050758.20346,-1,-7,-134
1754050758.24246,4,0,-129
1754050758.27846,9,5,-131
1754050758.31646,-5,0,-133
1754050758.35446,4,-4,-141
1754050758.39346,1,-4,-138
1754050758.43146,-5,-4,-125
1754050758.4674602,-1,-1,-132
1754050758.50546,4,3,-125
1754050758.54346,5,-1,-122
1754050758.5824602,-4,0,-123
1754050758.6184602,0,-1,-131
1754050758.65646,5,-3,-125
1754050758.6944602,9,-3,-124
1754050758.7334602,8,-4,-125
1754050758.77146,2,-9,-119
1754050758.80746,9,-2,-125
1754050758.8454602,5,-4,-132
1754050758.88346,5,-5,-131
1754050758.92246,2,-3,-134
1754050758.95846,8,-2,-132
1754050758.9964602,1,-8,-121
1754050759.03446,4,-5,-120
1754050759.07346,1,-4,-126
1754050759.1114602,0,-4,-123
1754050759.14746,0,-3,-122
1754050759.18546,2,0,-137
1754050759.2234602,9,-3,-136
1754050759.26246,1,-5,-122
1754050759.29846,5,-6,-117
1754050759.33646,2,-5,-111
1754050759.37446,1,6,-110
1754050759.41346,-1,5,-127
1754050759.44946,0,2,-133
1754050759.48746,-10,0,-126
1754050759.52446,-2,0,-124
1754050759.56346,-3,0,-123
1754050759.59946,-2,-9,-135
1754050759.63746,1,-5,-123
1754050759.67546,-4,-3,-125
1754050759.7134602,0,-7,-130
1754050759.75246,4,0,-125
1754050759.78846,-3,3,-123
1754050759.82646,3,3,-127
1754050759.8654602,4,-2,-132
1754050759.90346,0,-2,-127
1754050759.93946,5,-3,-121
1754050759.97846,8,0,-123
1754050760.01546,0,5,-127
1754050760.05446,0,-3,-128
1754050760.0924602,-1,-3,-123
1754050760.1284602,-1,-1,-129
1754050760.16646,0,-3,-114
1754050760.20446,-7,-5,-124
1754050760.2434602,5,-1,-134
1754050760.2794602,6,-1,-134
1754050760.31746,0,0,-117
1754050760.3554602,-3,4,-119
1754050760.3944602,-7,-6,-133
1754050760.43246,-10,-3,-124
1754050760.46846,-5,-1,-125
1754050760.50746,1,-2,-126
1754050760.54446,2,0,-125
1754050760.58346,7,0,-123
1754050760.61946,1,-9,-130
1754050760.6574602,8,-12,-122
1754050760.69546,2,-1,-116
1754050760.73446,4,-3,-120
1754050760.77246,3,-1,-130
1754050760.80846,0,-3,-125
1754050760.84646,0,-6,-124
1754050760.8844602,1,-1,-122
1754050760.92346,-7,0,-132
1754050760.95946,-3,-3,-125
1754050760.99746,-10,-2,-128
1754050761.03546,-2,5,-124
1754050761.07446,1,6,-128
1754050761.11246,-4,2,-133
1754050761.14946,-2,2,-129
1754050761.1874602,1,0,-136
1754050761.22546,-1,7,-128
1754050761.26446,-2,12,-130
1754050761.30046,-2,1,-126
1754050761.3384602,0,-2,-132
1754050761.37646,-7,0,-118
1754050761.4144602,-1,2,-123
1754050761.45346,0,-2,-138
1754050761.48946,-2,-1,-129
1754050761.52746,-1,-2,-123
1754050761.5654602,0,-5,-122
1754050761.60446,-3,-1,-134
1754050761.64046,0,1,-126
1754050761.6774602,-1,-4,-132
1754050761.71546,-1,-1,-139
1754050761.75446,0,0,-124
1754050761.79046,3,1,-133
1754050761.82746,0,-1,-136
1754050761.8654602,-1,-1,-133
1754050761.9044602,1,-1,-130
1754050761.9404602,2,5,-126
1754050761.97746,0,-1,-129
1754050762.01546,1,-3,-120
1754050762.05446,3,-5,-126
1754050762.09046,3,0,-129
1754050762.12746,1,-2,-127
1754050762.16546,-3,-5,-117
1754050762.20446,-4,-6,-116
1754050762.2404602,1,-6,-116
1754050762.27846,-9,7,-130
1754050762.31646,2,1,-120
1754050762.3554602,1,4,-122
1754050762.39346,-2,-2,-123
1754050762.42946,-4,-6,-126
1754050762.46846,0,-2,-117
1754050762.50546,0,0,-120
1754050762.54446,6,0,-115
1754050762.58046,4,1,-123
1754050762.6184602,0,9,-128
1754050762.65546,5,8,-119
1754050762.6944602,-3,3,-128
1754050762.7304602,-1,0,-125
1754050762.76846,0,-3,-123
1754050762.80646,1,0,-125
1754050762.8454602,6,-7,-133
1754050762.88346,8,0,-129
1754050762.91946,13,0,-124
1754050762.95646,-9,5,-123
1754050762.99546,-4,0,-126
1754050763.03346,-4,0,-129
1754050763.0694602,0,0,-120
1754050763.10646,-7,5,-120
1754050763.14546,-2,3,-110
1754050763.18346,2,3,-120
1754050763.21946,-7,5,-129
1754050763.25746,-8,1,-128
1754050763.29546,0,2,-121
1754050763.33446,0,-1,-114
1754050763.37046,-2,0,-124
1754050763.40946,-1,0,-122
1754050763.44646,-2,0,-126
1754050763.48546,3,-5,-114
1754050763.52146,-2,-9,-121
1754050763.56046,0,-4,-119
1754050763.59746,0,3,-130
1754050763.63546,-3,0,-124
1754050763.6744602,3,3,-124
1754050763.7104602,2,-2,-127
1754050763.74846,-2,0,-116
1754050763.7864602,4,-1,-122
1754050763.8254602,3,-3,-119
1754050763.8614602,-4,-6,-127
1754050763.89946,-7,-7,-123
1754050763.9374602,-4,-3,-118
1754050763.97546,4,-2,-127
1754050764.01446,4,0,-138
1754050764.05046,0,-1,-127
1754050764.0884602,-9,0,-127
1754050764.12646,-10,0,-127
1754050764.16546,-5,-2,-136
1754050764.20146,0,-3,-132
1754050764.23946,0,0,-125
1754050764.27746,3,1,-122
1754050764.31646,-1,-2,-125
1754050764.35446,7,-9,-116
1754050764.39046,8,3,-119
1754050764.4274602,5,-2,-129
1754050764.46646,3,-5,-126
1754050764.50446,2,-4,-126
1754050764.54046,0,-5,-120
1754050764.57746,1,0,-131
1754050764.61646,-4,0,-125
1754050764.6544602,0,0,-129
1754050764.6904602,0,0,-132
1754050764.72746,4,-3,-128
1754050764.7664602,2,1,-128
1754050764.80446,1,-7,-123
1754050764.84046,-1,0,-127
1754050764.8784602,1,0,-126
1754050764.91646,5,0,-131
1754050764.95546,13,0,-133
1754050764.99146,0,6,-136
1754050765.02846,5,3,-131
1754050765.06646,13,0,-130
1754050765.1054602,0,1,-130
1754050765.1414602,0,-1,-128
1754050765.17946,3,-5,-124
1754050765.2174602,-1,0,-125
1754050765.2564602,1,3,-129
1754050765.29446,1,5,-133
1754050765.33046,6,1,-123
1754050765.36746,0,1,-117
1754050765.40646,1,-4,-126
1754050765.4444602,-4,-6,-118
1754050765.48146,-5,-4,-120
1754050765.5194602,-1,-4,-123
1754050765.55746,0,3,-121
1754050765.59646,0,1,-118
1754050765.63246,3,-1,-122
1754050765.67046,-2,-2,-115
1754050765.70846,0,-4,-120
1754050765.7464602,-1,4,-124
1754050765.79046,1,-1,-132
1754050765.82846,-1,-1,-122
1754050765.86746,-1,-2,-117
1754050765.90546,-4,0,-116
1754050765.94146,3,-6,-118
1754050765.97946,0,-2,-127
1754050766.01846,-5,-7,-121
1754050766.05646,-7,3,-126
1754050766.0924602,-5,-5,-119
1754050766.13046,0,2,-119
1754050766.16846,0,-2,-118
1754050766.20646,-4,-3,-128
1754050766.24546,1,-3,-121
1754050766.28146,-5,-8,-125
1754050766.3194602,-1,-1,-131
1754050766.35746,3,1,-114
1754050766.39646,1,-2,-121
1754050766.43246,8,-6,-126
1754050766.4704602,1,0,-120
1754050766.5094602,0,0,-126
1754050766.54746,0,-5,-126
1754050766.5854602,-1,0,-121
1754050766.6214602,0,0,-136
1754050766.65946,4,-4,-125
1754050766.6974602,0,0,-129
1754050766.73546,-5,6,-127
1754050766.77146,1,4,-124
1754050766.8094602,5,-4,-135
1754050766.84646,3,8,-123
1754050766.88246,-6,2,-132
1754050766.92046,-5,-2,-126
1754050766.95946,-4,-4,-128
1754050766.99746,-3,-1,-132
1754050767.03546,-4,0,-128
1754050767.07146,1,1,-129
1754050767.1084602,5,-4,-133
1754050767.14746,2,2,-129
1754050767.18546,-5,0,-127
1754050767.22146,0,-2,-124
1754050767.2594602,-4,2,-123
1754050767.29746,6,0,-121
1754050767.33646,-2,3,-133
1754050767.37246,-1,-1,-122
1754050767.41046,-3,-3,-125
1754050767.44846,-5,-2,-122
1754050767.48746,-5,7,-131
1754050767.52346,0,6,-126
1754050767.56146,-2,1,-134
1754050767.59946,0,1,-121
1754050767.6384602,0,0,-128
1754050767.67646,-3,-5,-117
1754050767.71246,1,-5,-116
1754050767.75146,-8,-2,-115
1754050767.78846,-4,0,-130
1754050767.82746,-5,-3,-116
1754050767.86346,-5,-4,-120
1754050767.9014602,-4,0,-126
1754050767.93946,2,5,-134
1754050767.97746,3,7,-123
1754050768.0164602,2,-2,-127
1754050768.0524602,0,-10,-121
1754050768.09046,0,-8,-134
1754050768.12946,0,-5,-136
1754050768.1674602,3,-5,-138
1754050768.20346,3,0,-142
1754050768.2404602,1,3,-131
1754050768.27846,4,-1,-117
1754050768.31746,-3,-7,-123
1754050768.35346,-2,-6,-124
1754050768.39246,-10,2,-128
1754050768.42946,-3,-3,-122
1754050768.46846,-5,0,-129
1754050768.5064602,0,-3,-133
1754050768.5424602,2,-4,-122
1754050768.58046,8,2,-124
1754050768.6184602,6,3,-118
1754050768.6574602,3,-3,-123
1754050768.69346,-3,-2,-119
1754050768.73146,3,-5,-128
1754050768.7694602,3,-4,-132
1754050768.80846,3,-6,-126
1754050768.84646,4,3,-124
1754050768.88246,-1,1,-112
1754050768.9214602,0,3,-123
1754050768.95846,-3,7,-118
1754050768.99746,-7,1,-115
1754050769.03446,-7,4,-123
1754050769.07146,-6,1,-129
1754050769.10946,4,7,-134
1754050769.14846,9,1,-127
1754050769.18646,0,0,-127
1754050769.22246,-4,5,-127
1754050769.26046,7,3,-131
1754050769.29846,-1,-1,-126
1754050769.33746,-1,0,-130
1754050769.37346,-4,2,-132
1754050769.41246,-1,-3,-135
1754050769.44946,6,-2,-129
1754050769.48846,1,-2,-128
1754050769.52446,2,-2,-124
1754050769.5624602,1,-4,-125
1754050769.60046,0,-1,-135
1754050769.6384602,6,-2,-126
1754050769.6774602,10,0,-134
1754050769.7134602,2,-1,-123
1754050769.75146,-1,-2,-132
1754050769.7894602,0,0,-131
1754050769.82846,-3,0,-129
1754050769.86446,2,0,-119
1754050769.90246,-2,1,-129
1754050769.9404602,-6,-6,-131
1754050769.97846,-6,4,-123
1754050770.01746,-4,1,-123
1754050770.05346,-3,-1,-137
1754050770.09146,2,0,-123
1754050770.12946,-3,3,-131
1754050770.16846,-3,1,-132
1754050770.20446,-10,-5,-120
1754050770.24246,-7,1,-119
1754050770.28046,1,-1,-129
1754050770.3194602,2,0,-126
1754050770.35746,1,6,-118
1754050770.3944602,-1,4,-124
1754050770.43246,11,7,-125
1754050770.46946,5,5,-132
1754050770.50846,1,2,-113
1754050770.54446,-3,5,-125
1754050770.5824602,5,3,-118
1754050770.62046,-2,4,-123
1754050770.65946,0,-4,-122
1754050770.6974602,8,-5,-124
1754050770.7334602,0,-2,-135
1754050770.77046,1,6,-126
1754050770.8094602,-2,4,-127
1754050770.84746,3,6,-118
1754050770.88346,4,2,-125
1754050770.92046,3,2,-133
1754050770.95946,2,2,-139
1754050770.99746,2,7,-133
1754050771.03346,7,4,-125
1754050771.07046,5,2,-129
1754050771.10946,5,0,-134
1754050771.14746,8,-7,-114
1754050771.18346,7,-9,-117
1754050771.22146,2,-3,-125
1754050771.2594602,1,-6,-130
1754050771.29846,0,0,-125
1754050771.33446,-7,2,-131
1754050771.37246,8,4,-127
1754050771.4114602,3,6,-129
1754050771.44946,2,0,-130
1754050771.48746,2,-2,-120
1754050771.52346,-4,2,-134
1754050771.56146,3,-1,-137
1754050771.60046,-3,-3,-134
1754050771.6384602,-3,-3,-122
1754050771.6744602,-3,-1,-130
1754050771.71246,-6,0,-106
1754050771.75046,2,5,-111
1754050771.7894602,-7,-3,-116
1754050771.8254602,0,-4,-133
1754050771.86346,-3,4,-124
1754050771.9014602,-10,6,-119
1754050771.93946,-7,7,-116
1754050771.97846,4,-1,-121
1754050772.01446,-6,-3,-131
1754050772.0524602,-1,4,-129
1754050772.09146,-6,-1,-122
1754050772.12946,3,-7,-121
1754050772.16546,-4,-4,-119
1754050772.20346,-15,-1,-114
1754050772.24246,2,5,-115
1754050772.2794602,0,0,-126
1754050772.31846,1,2,-125
1754050772.35446,-3,4,-130
1754050772.39246,3,-4,-126
1754050772.43046,-1,0,-119
1754050772.46946,0,3,-131
1754050772.50546,3,1,-132
1754050772.54446,-5,0,-134
1754050772.58146,3,3,-121
1754050772.62046,5,1,-134
1754050772.65846,3,-8,-131
1754050772.6944602,4,6,-127
1754050772.73146,-2,0,-127
1754050772.77046,0,3,-130
1754050772.80846,3,3,-129
1754050772.84446,-2,8,-126
1754050772.88346,1,-4,-115
1754050772.92046,3,-10,-127
1754050772.95946,0,-4,-123
1754050772.99546,-4,-4,-117
1754050773.03346,0,-12,-123
1754050773.07146,3,-2,-135
1754050773.11046,3,0,-123
1754050773.14846,-2,0,-133
1754050773.1844602,-4,2,-132
1754050773.22246,-5,2,-130
1754050773.26046,0,-6,-124
1754050773.2994602,-1,1,-124
1754050773.3354602,0,2,-128
1754050773.37246,-6,-1,-121
1754050773.41046,-6,-3,-116
1754050773.44946,-3,-8,-125
1754050773.48546,-3,0,-135
1754050773.52346,-3,0,-126
1754050773.56146,-4,-3,-131
1754050773.60046,-1,-1,-138
1754050773.63646,6,0,-128
1754050773.67346,0,2,-132
1754050773.71146,8,1,-142
1754050773.75046,4,-2,-123
1754050773.7864602,1,-1,-122
1754050773.82446,4,4,-119
1754050773.86246,0,0,-127
1754050773.90046,-4,-1,-126
1754050773.93946,-6,-3,-120
1754050773.97546,-4,2,-119
1754050774.0134602,0,0,-134
1754050774.05146,0,-1,-122
1754050774.09046,-6,-7,-134
1754050774.12646,0,-2,-132
1754050774.16346,0,0,-141
1754050774.20146,-3,-6,-134
1754050774.2404602,-1,-6,-129
1754050774.2764602,1,-3,-130
1754050774.31446,1,0,-133
1754050774.35346,11,5,-128
1754050774.39046,11,-2,-124
1754050774.42946,6,-5,-126
1754050774.46646,-7,-10,-120
1754050774.5034602,-5,-3,-113
1754050774.54146,2,-10,-121
1754050774.58046,4,-10,-129
1754050774.61646,0,-6,-127
1754050774.6544602,0,0,-124
1754050774.69246,-3,-3,-127
1754050774.73146,3,0,-129
1754050774.7694602,0,-1,-109
1754050774.80546,0,-4,-122
1754050774.84446,-3,-2,-122
1754050774.8814602,-6,-1,-115
1754050774.92046,0,-5,-126
1754050774.95646,0,-1,-122
1754050774.99446,2,-3,-124
1754050775.0324602,-2,-1,-127
1754050775.07146,0,6,-119
1754050775.10946,0,0,-131
1754050775.14546,-4,0,-136
1754050775.18346,-1,-4,-123
1754050775.22146,-2,-2,-130
1754050775.26046,3,2,-129
1754050775.2964602,-8,-2,-130
1754050775.33446,-2,-4,-126
1754050775.37246,-5,-5,-130
1754050775.4114602,-2,-4,-121
1754050775.44946,7,-5,-128
1754050775.48546,-2,-4,-122
1754050775.52346,7,-3,-124
1754050775.56146,2,1,-124
1754050775.60046,7,-3,-121
1754050775.63646,6,-6,-120
1754050775.6744602,1,-4,-123
1754050775.71246,0,-3,-120
1754050775.75146,0,-1,-117
1754050775.79446,0,4,-115
1754050775.8324602,4,2,-124
1754050775.8714602,3,-3,-120
1754050775.9074602,3,-2,-119
1754050775.94546,2,-1,-131
1754050775.9834602,-2,-3,-123
1754050776.02146,1,-2,-127
1754050776.06046,0,-2,-135
1754050776.09646,-2,-3,-125
1754050776.1344602,0,1,-123
1754050776.17246,5,0,-121
1754050776.21146,0,-1,-121
1754050776.24746,0,5,-119
1754050776.28446,8,2,-126
1754050776.3224602,7,-4,-118
1754050776.3614602,7,0,-127
1754050776.39746,7,-4,-120
1754050776.43546,2,2,-118
1754050776.4734602,2,-1,-131
1754050776.51246,-1,-2,-132
1754050776.55046,7,-3,-130
1754050776.58646,4,-2,-129
1754050776.62446,6,-1,-125
1754050776.66246,4,-3,-130
1754050776.70146,4,0,-127
1754050776.73746,-4,6,-136
1754050776.77546,0,-3,-140
1754050776.81346,3,0,-131
1754050776.85246,0,2,-133
1754050776.89046,-2,0,-125
1754050776.92646,-1,-1,-130
1754050776.96446,2,0,-122
1754050777.0034602,1,-1,-127
1754050777.04146,-2,-6,-122
1754050777.07746,0,-7,-127
1754050777.11646,0,-4,-130
1754050777.15346,0,2,-118
1754050777.19246,-2,0,-112
1754050777.2304602,-6,-8,-117
1754050777.2664602,0,-9,-123
1754050777.30446,0,-2,-123
1754050777.3424602,2,-3,-125
1754050777.3814602,0,-2,-139
1754050777.4174602,-2,1,-132
1754050777.45546,-6,0,-115
1754050777.4934602,-8,-3,-111
1754050777.5324602,-10,2,-120
1754050777.57046,0,-1,-120
1754050777.60646,-1,1,-122
1754050777.6444602,-1,9,-130
1754050777.68246,-6,-1,-134
1754050777.72146,-4,-4,-120
1754050777.75746,-6,-2,-125
1754050777.79546,-5,0,-127
1754050777.83346,1,-2,-128
1754050777.87246,0,4,-124
1754050777.90846,0,-2,-126
1754050777.94646,10,-13,-128
1754050777.98446,4,0,-131
1754050778.02246,0,8,-126
1754050778.06146,0,0,-122
1754050778.09746,2,-1,-123
1754050778.13546,3,-5,-116
1754050778.17346,1,-5,-121
1754050778.21246,0,-3,-118
1754050778.24846,0,0,-126
1754050778.28546,3,-7,-131
1754050778.32346,2,-8,-131
1754050778.36246,4,-5,-124
1754050778.39846,-5,0,-111
1754050778.43646,-1,-7,-118
1754050778.47446,4,0,-113
1754050778.51246,-3,-1,-134
1754050778.55146,-1,-1,-133
1754050778.58746,-3,-6,-132
1754050778.62546,0,1,-131
1754050778.66346,-3,1,-139
1754050778.70246,4,-4,-129
1754050778.73846,1,-3,-131
1754050778.7764602,6,-8,-120
1754050778.81446,0,-1,-122
1754050778.85346,0,-1,-134
1754050778.8914602,2,-4,-130
1754050778.9274602,0,-7,-126
1754050778.96546,-5,-1,-121
1754050779.0034602,2,0,-119
1754050779.0424602,0,-5,-131
1754050779.07846,1,-6,-137
1754050779.11646,3,-3,-125
1754050779.1544602,-4,-3,-127
1754050779.19346,-10,1,-129
1754050779.23146,-2,4,-118
1754050779.26746,1,-2,-123
1754050779.30546,5,0,-121
1754050779.34346,11,-2,-123
1754050779.38246,4,-4,-121
1754050779.41846,4,-5,-109
1754050779.45646,1,2,-117
1754050779.49446,-7,5,-129
1754050779.53346,-3,4,-126
1754050779.57146,-12,1,-114
1754050779.60746,0,0,-127
1754050779.64546,0,3,-121
1754050779.68346,8,4,-119
1754050779.72246,0,4,-125
1754050779.75846,-2,0,-117
1754050779.7964602,5,-11,-122
1754050779.83446,-2,-1,-119
1754050779.87346,4,-10,-114
1754050779.90946,-1,1,-131
1754050779.9474602,0,0,-129
1754050779.98546,-1,2,-134
1754050780.02346,2,-6,-120
1754050780.0624602,4,-1,-120
1754050780.0984602,11,1,-126
1754050780.13546,4,2,-131
1754050780.17346,-5,0,-128
1754050780.21246,-5,1,-127
1754050780.24846,0,1,-127
1754050780.28546,0,-1,-123
1754050780.32346,0,-3,-120
1754050780.36246,2,5,-127
1754050780.39846,2,-2,-131
1754050780.4374602,-1,-3,-124
1754050780.47546,-4,-8,-126
1754050780.5134602,-2,-2,-137
1754050780.5494602,-2,-2,-130
1754050780.58746,0,-3,-119
1754050780.62546,-3,-7,-128
1754050780.6644602,-3,-6,-128
1754050780.70246,1,0,-127
1754050780.73846,2,-4,-122
1754050780.7764602,5,4,-133
1754050780.81446,0,-1,-125
1754050780.85346,2,1,-127
1754050780.89046,-1,2,-135
1754050780.9274602,-3,0,-125
1754050780.96546,-8,0,-123
1754050781.00446,6,-1,-138
1754050781.0424602,7,-7,-130
1754050781.07846,-1,-8,-126
1754050781.11746,0,-5,-130
1754050781.1544602,3,-8,-125
1754050781.19346,-1,-4,-111
1754050781.22946,-4,0,-117
1754050781.2664602,-5,-3,-130
1754050781.30446,1,1,-133
1754050781.34346,0,-2,-122
1754050781.37946,6,2,-127
1754050781.41646,-1,-1,-124
1754050781.45446,0,0,-121
1754050781.4934602,0,-2,-128
1754050781.5294602,-1,-4,-131
1754050781.56746,-2,0,-127
1754050781.6054602,1,4,-125
1754050781.6444602,0,1,-117
1754050781.68246,-3,1,-107
1754050781.71846,-2,-7,-121
1754050781.7564602,4,1,-115
1754050781.79546,2,-2,-122
1754050781.83346,-5,-5,-131
1754050781.87046,-7,-3,-122
1754050781.9074602,-4,-4,-122
1754050781.94546,-6,-5,-120
1754050781.98446,0,1,-123
1754050782.02046,5,0,-120
1754050782.05746,0,-3,-119
1754050782.0954602,1,-1,-122
1754050782.1344602,2,-5,-130
1754050782.17046,4,-1,-136
1754050782.20846,-1,-1,-115
1754050782.2464602,-5,-1,-126
1754050782.28446,7,-2,-132
1754050782.32346,1,-2,-130
1754050782.35946,-5,0,-126
1754050782.39646,5,-8,-129
1754050782.4344602,-1,-5,-123
1754050782.4734602,-2,-3,-129
1754050782.5094602,-6,0,-131
1754050782.5464602,-7,1,-121
1754050782.58446,-3,-3,-129
1754050782.62346,-6,-6,-129
1754050782.65946,-4,-1,-129
1754050782.6974602,0,-1,-121
1754050782.73546,7,-2,-138
1754050782.77446,2,-3,-124
1754050782.81046,5,-2,-123
1754050782.8484602,-3,1,-120
1754050782.88646,-2,-1,-125
1754050782.92546,-1,-6,-133
1754050782.9634602,-1,-3,-136
1754050782.99946,5,-1,-136
1754050783.03746,-7,-3,-124
1754050783.07646,3,-2,-132
1754050783.11446,1,-2,-129
1754050783.15046,0,-7,-131
1754050783.18846,-1,-8,-117
1754050783.22646,0,-10,-134
1754050783.26546,4,-7,-133
1754050783.30346,-3,-4,-127
1754050783.33946,-8,-5,-121
1754050783.37746,2,0,-129
1754050783.41546,2,0,-131
1754050783.45446,1,-3,-130
1754050783.4904602,0,0,-131
1754050783.52846,3,0,-119
1754050783.56646,6,-2,-120
1754050783.6054602,6,0,-122
1754050783.64346,6,1,-124
1754050783.67946,5,2,-129
1754050783.71646,6,6,-119
1754050783.75546,4,2,-120
1754050783.79346,3,-1,-128
1754050783.82946,-1,3,-133
1754050783.86746,-8,-6,-132
1754050783.90646,-2,-1,-136
1754050783.9444602,-3,0,-124
1754050783.9804602,0,-3,-128
1754050784.01846,-10,2,-124
1754050784.05646,-3,-2,-128
1754050784.0954602,-4,1,-130
1754050784.1314602,-5,4,-124
1754050784.16946,-6,1,-130
1754050784.2074602,-10,-3,-131
1754050784.24546,3,-6,-130
1754050784.28446,-1,0,-133
1754050784.32046,3,-1,-130
1754050784.3584602,5,-5,-121
1754050784.39746,1,-4,-132
1754050784.43546,0,0,-137
1754050784.47146,-4,-4,-135
1754050784.51046,-7,-6,-133
1754050784.54746,-4,-5,-126
1754050784.58646,-4,-8,-121
1754050784.62446,-6,2,-129
1754050784.66046,1,4,-129
1754050784.6974602,0,5,-131
1754050784.7364602,3,-9,-136
1754050784.77446,4,-2,-130
1754050784.81046,3,6,-144
1754050784.84746,3,-1,-141
1754050784.88646,-2,-2,-135
1754050784.9244602,-1,-7,-130
1754050784.9604602,1,-6,-127
1754050784.99846,-1,-7,-121
1754050785.0364602,-1,-7,-122
1754050785.0754602,0,1,-122
1754050785.1114602,-6,3,-121
1754050785.14946,0,4,-121
1754050785.1874602,1,7,-130
1754050785.22646,4,-1,-122
1754050785.26446,0,2,-134
1754050785.30046,0,0,-125
1754050785.3384602,4,5,-117
1754050785.37646,4,9,-121
1754050785.41546,-3,2,-119
1754050785.45146,-6,2,-132
1754050785.4904602,-4,3,-134
1754050785.52746,-2,1,-125
1754050785.56646,3,1,-131
1754050785.60446,2,6,-121
1754050785.64046,1,6,-130
1754050785.6774602,2,2,-126
1754050785.71646,-4,3,-118
1754050785.75446,-3,0,-111
1754050785.79846,0,-2,-121
1754050785.83646,-8,1,-122
1754050785.87546,-3,-3,-109
1754050785.9114602,1,-9,-125
1754050785.94946,5,-5,-126
1754050785.98746,-1,-1,-129
1754050786.0264602,0,-2,-122
1754050786.0624602,-8,0,-129
1754050786.10046,0,0,-110
1754050786.1384602,-8,-3,-124
1754050786.17646,5,3,-119
1754050786.21546,-5,1,-121
1754050786.25146,-1,-4,-136
1754050786.2894602,0,-2,-130
1754050786.32746,2,-1,-137
1754050786.36646,-1,0,-132
1754050786.40246,-1,-6,-130
1754050786.4404602,-4,0,-128
1754050786.47846,-7,9,-133
1754050786.5164602,-1,-7,-111
1754050786.55546,0,-3,-124
1754050786.59146,1,1,-128
1754050786.6284602,6,5,-128
1754050786.66646,-1,7,-127
1754050786.70546,-7,3,-136
1754050786.74146,-4,0,-121
1754050786.7794602,-2,2,-122
1754050786.81746,-3,1,-126
1754050786.85646,3,-1,-132
1754050786.89246,6,-5,-130
1754050786.93146,3,-4,-131
1754050786.96846,1,-2,-127
1754050787.00746,-3,3,-128
1754050787.04546,10,-2,-116
1754050787.08146,-1,1,-115
1754050787.12046,2,0,-122
1754050787.1574602,3,1,-126
1754050787.19646,-5,3,-130
1754050787.23246,1,2,-136
1754050787.27046,1,0,-134
1754050787.30746,6,-7,-124
1754050787.34646,7,0,-129
1754050787.38246,0,7,-138
1754050787.41946,0,3,-126
1754050787.4574602,3,4,-129
1754050787.4964602,2,2,-119
1754050787.5324602,-2,1,-123
1754050787.57046,3,4,-126
1754050787.6084602,1,2,-124
1754050787.64746,-2,-4,-119
1754050787.68546,0,2,-133
1754050787.72146,1,-4,-120
1754050787.75846,-6,-4,-130
1754050787.79746,-7,2,-117
1754050787.8354602,1,3,-117
1754050787.8714602,-1,-1,-127
1754050787.90946,-1,0,-130
1754050787.9474602,-2,2,-125
1754050787.9864602,-4,-2,-130
1754050788.02246,1,0,-123
1754050788.06046,0,-2,-122
1754050788.0984602,-5,8,-130
1754050788.13746,-3,4,-127
1754050788.17346,-7,0,-128
1754050788.2104602,-2,0,-120
1754050788.24846,1,-3,-104
1754050788.28746,-2,6,-115
1754050788.32346,2,0,-125
1754050788.36046,-1,-2,-134
1754050788.39846,-8,0,-132
1754050788.4374602,0,8,-121
1754050788.4734602,-2,5,-140
1754050788.51146,-3,-3,-128
1754050788.5494602,-6,-1,-121
1754050788.58746,-5,-1,-120
1754050788.62646,-3,-6,-125
1754050788.66246,1,1,-133
1754050788.69946,2,8,-143
1754050788.73746,2,-1,-132
1754050788.7764602,0,-3,-122
1754050788.8124602,11,-6,-126
1754050788.85046,3,-2,-126
1754050788.8884602,-5,-2,-128
1754050788.9274602,0,-2,-123
1754050788.9634602,-4,-4,-133
1754050789.00146,3,-5,-127
1754050789.0394602,3,-1,-125
1754050789.07846,3,-7,-124
1754050789.11646,2,-3,-117
1754050789.15246,3,-4,-119
1754050789.19146,5,0,-126
1754050789.22946,0,-1,-129
1754050789.26746,5,5,-138
1754050789.30346,5,2,-125
1754050789.34046,0,-4,-121
1754050789.37946,3,0,-124
1754050789.4174602,8,-4,-125
1754050789.45346,10,-1,-129
1754050789.49146,0,2,-128
1754050789.5294602,-9,5,-122
1754050789.56846,-2,1,-123
1754050789.60646,-1,1,-130
1754050789.64246,-1,2,-125
1754050789.68046,0,-2,-120
1754050789.71846,-7,2,-120
1754050789.75746,-4,-2,-121
1754050789.79346,4,-1,-122
1754050789.83146,5,6,-136
1754050789.86946,4,4,-130
1754050789.90846,5,-6,-113
1754050789.94646,-1,2,-130
1754050789.98246,-8,-3,-125
1754050790.02146,0,0,-130
1754050790.05846,-1,0,-128
1754050790.09746,-3,-11,-128
1754050790.13346,0,-3,-119
1754050790.1714602,-6,-1,-120
1754050790.20846,0,-1,-112
1754050790.24746,-2,-3,-118
1754050790.28346,0,-1,-129
1754050790.32046,2,1,-130
1754050790.3584602,3,-3,-123
1754050790.39746,1,5,-123
1754050790.43346,2,-2,-127
1754050790.47146,1,-1,-125
1754050790.5094602,1,-7,-130
1754050790.54846,3,-2,-122
1754050790.58446,-6,2,-119
1754050790.62246,1,-2,-130
1754050790.66046,0,0,-134
1754050790.69946,1,3,-130
1754050790.73746,-3,-4,-138
1754050790.77346,0,-6,-142
1754050790.81146,2,0,-126
1754050790.84946,2,-1,-126
1754050790.8884602,3,4,-128
1754050790.9244602,7,-2,-130
1754050790.9634602,0,2,-130
1754050791.00046,4,-1,-121
1754050791.0394602,0,-5,-125
1754050791.07746,-2,-4,-117
1754050791.11346,0,-5,-119
1754050791.1514602,0,-5,-128
1754050791.18946,-2,-1,-123
1754050791.22846,-1,-3,-123
1754050791.26446,-5,-4,-129
1754050791.3024602,-6,-1,-125
1754050791.34046,2,4,-129
1754050791.37946,6,1,-117
1754050791.4174602,5,-6,-124
1754050791.45346,0,-6,-125
1754050791.49246,3,-5,-126
1754050791.5294602,0,-1,-136
1754050791.56846,2,1,-126
1754050791.60446,-2,0,-120
1754050791.64246,7,0,-123
1754050791.68046,3,0,-119
1754050791.71946,0,-3,-132
1754050791.75746,3,7,-123
1754050791.79346,1,0,-129
1754050791.83046,-3,-4,-127
1754050791.86946,0,-4,-122
1754050791.9074602,5,0,-120
1754050791.94346,3,3,-122
1754050791.9804602,0,0,-128
1754050792.0194602,7,0,-123
1754050792.05746,2,-3,-119
1754050792.09346,-8,0,-128
1754050792.13046,4,-2,-128
1754050792.16946,0,-14,-122
1754050792.20546,3,-9,-119
1754050792.2434602,5,0,-124
1754050792.28146,0,-2,-116
1754050792.3194602,3,2,-120
1754050792.3584602,3,0,-121
1754050792.3944602,1,-1,-121
1754050792.43346,4,-8,-121
1754050792.4704602,3,-6,-117
1754050792.5094602,4,-10,-125
1754050792.54546,2,-7,-118
1754050792.58346,-2,-3,-127
1754050792.62246,-3,-10,-130
1754050792.65946,1,-3,-122
1754050792.69846,4,-3,-123
1754050792.73446,11,0,-127
1754050792.77246,6,0,-133
1754050792.8094602,-5,-1,-132
1754050792.8484602,-4,0,-120
1754050792.8844602,-3,0,-122
1754050792.92246,-1,3,-133
1754050792.9604602,5,-2,-127
1754050792.99946,8,-6,-127
1754050793.03546,9,0,-123
1754050793.0724602,8,4,-126
1754050793.11046,0,-4,-134
1754050793.14946,7,-4,-132
1754050793.18546,0,-2,-128
1754050793.2234602,0,-3,-126
1754050793.26146,-1,3,-124
1754050793.30046,1,0,-128
1754050793.3384602,0,-2,-118
1754050793.37446,1,-3,-126
1754050793.41246,1,-4,-129
1754050793.4504602,3,5,-117
1754050793.48946,4,-3,-121
1754050793.52546,5,0,-112
1754050793.5624602,-2,0,-125
1754050793.60046,0,1,-124
1754050793.63946,2,-1,-124
1754050793.67546,0,-3,-128
1754050793.71246,2,6,-121
1754050793.75046,7,7,-130
1754050793.7894602,7,0,-136
1754050793.8254602,6,4,-127
1754050793.86246,0,-2,-131
1754050793.90046,-2,5,-121
1754050793.93946,-7,1,-124
1754050793.97546,-1,2,-138
1754050794.0134602,-1,-3,-137
1754050794.05146,0,1,-133
1754050794.09046,-3,8,-121
1754050794.12646,0,6,-120
1754050794.16346,1,2,-126
1754050794.20146,0,5,-125
1754050794.2404602,1,3,-120
1754050794.2764602,4,-1,-133
1754050794.31446,-4,0,-133
1754050794.35246,3,1,-135
1754050794.39046,6,-2,-122
1754050794.42946,3,-1,-133
1754050794.46546,5,-1,-124
1754050794.5034602,2,1,-127
1754050794.54146,0,-2,-124
1754050794.58046,2,-9,-118
1754050794.61646,-2,0,-124
1754050794.6544602,-3,-2,-134
1754050794.69246,-4,1,-132
1754050794.7304602,-7,-2,-139
1754050794.7694602,1,-2,-128
1754050794.80546,0,1,-128
1754050794.84346,-5,-8,-135
1754050794.8814602,0,-6,-126
1754050794.92046,3,-2,-123
1754050794.95646,-2,-4,-131
1754050794.99446,7,-2,-129
1754050795.0324602,6,0,-122
1754050795.07146,1,7,-119
1754050795.10946,3,0,-128
1754050795.14546,4,-3,-132
1754050795.1844602,-5,-4,-129
1754050795.22146,3,-1,-135
1754050795.26046,-1,0,-130
1754050795.29746,-4,2,-128
1754050795.33446,-10,0,-127
1754050795.37246,2,-2,-129
1754050795.4114602,0,-3,-127
1754050795.44946,4,-3,-129
1754050795.48546,6,-1,-128
1754050795.52346,1,-6,-125
1754050795.56146,1,-4,-130
1754050795.60046,1,-9,-124
1754050795.63646,2,-12,-122
1754050795.6744602,4,-7,-126
1754050795.7134602,0,6,-123
1754050795.75146,7,0,-131
1754050795.7894602,3,-6,-134
1754050795.8324602,-2,-13,-127
1754050795.8714602,-3,-3,-128
1754050795.90946,-3,-2,-138
1754050795.94546,-2,0,-129
1754050795.9834602,7,2,-125
1754050796.02246,5,7,-126
1754050796.06046,2,5,-129
1754050796.09646,5,9,-116
1754050796.1344602,0,-1,-125
1754050796.17246,0,-4,-129
1754050796.21146,-4,-3,-133
1754050796.24746,2,-8,-136
1754050796.28546,1,-3,-140
1754050796.32346,0,0,-135
1754050796.3614602,-5,-4,-114
1754050796.40046,-4,3,-125
1754050796.43646,-5,-2,-126
1754050796.47446,0,3,-121
1754050796.51246,13,-6,-128
1754050796.55146,4,-5,-124
1754050796.58746,0,0,-128
1754050796.62446,1,3,-124
1754050796.66246,1,1,-124
1754050796.70146,-7,5,-127
1754050796.73746,0,3,-127
1754050796.77446,-3,0,-127
1754050796.8124602,-3,-4,-117
1754050796.85146,-3,-3,-123
1754050796.88746,0,1,-131
1754050796.92646,2,1,-118
1754050796.96446,1,-9,-121
1754050797.00146,0,-9,-124
1754050797.04046,1,-10,-127
1754050797.07646,0,0,-125
1754050797.11446,6,7,-134
1754050797.15246,-1,0,-139
1754050797.1904602,0,-6,-116
1754050797.22646,-1,-5,-128
1754050797.26446,-2,-6,-125
1754050797.3024602,-4,-3,-123
1754050797.34146,2,1,-104
1754050797.37746,5,1,-118
1754050797.4144602,7,0,-124
1754050797.45246,4,-3,-134
1754050797.49146,3,2,-132
1754050797.52746,-4,2,-127
1754050797.5654602,-4,4,-127
1754050797.60346,-6,5,-132
1754050797.64246,0,-4,-127
1754050797.68046,-5,2,-119
1754050797.71646,-4,-1,-121
1754050797.75446,4,0,-122
1754050797.79346,2,0,-127
1754050797.83146,0,2,-119
1754050797.86746,-5,-1,-129
1754050797.90646,-4,0,-124
1754050797.94346,-1,-1,-132
1754050797.98246,0,-6,-128
1754050798.02046,3,-8,-130
1754050798.05646,8,-2,-125
1754050798.09446,4,-4,-118
1754050798.13246,-1,-1,-126
1754050798.1714602,0,-1,-128
1754050798.2074602,7,-1,-119
1754050798.24546,8,1,-112
1754050798.28346,6,0,-132
1754050798.3224602,4,-5,-127
1754050798.3584602,-2,-5,-121
1754050798.39646,-2,-4,-123
1754050798.4344602,3,2,-125
1754050798.4734602,2,2,-124
1754050798.51146,-6,1,-134
1754050798.54746,-4,-3,-112
1754050798.5854602,3,-4,-130
1754050798.62346,-6,-2,-119
1754050798.66246,2,4,-127
1754050798.69846,-3,4,-123
1754050798.7364602,4,3,-127
1754050798.77446,0,2,-136
1754050798.81346,-2,-4,-136
1754050798.85146,2,-5,-122
1754050798.88746,1,-9,-134
1754050798.92546,0,0,-129
1754050798.9634602,-6,3,-127
1754050799.00246,0,-7,-121
1754050799.03846,1,-3,-127
1754050799.07646,0,-10,-129
1754050799.11446,4,-1,-131
1754050799.15346,2,-5,-133
1754050799.19146,2,-2,-124
1754050799.22746,4,3,-124
1754050799.26446,0,1,-127
1754050799.30346,-2,-1,-114
1754050799.34146,2,0,-132
1754050799.37746,6,0,-126
1754050799.41546,6,2,-124
1754050799.45346,-6,0,-131
1754050799.49246,-6,-2,-129
1754050799.52846,-1,0,-126
1754050799.56646,-1,0,-139
1754050799.60446,-3,-6,-130
1754050799.64346,-2,0,-126
1754050799.68146,1,-2,-125
1754050799.7174602,-6,-2,-123
1754050799.7564602,-10,0,-115
1754050799.79346,-1,0,-113
1754050799.8324602,0,-5,-126
1754050799.8684602,0,-2,-127
1754050799.90646,2,-6,-121
1754050799.94346,-5,-7,-123
1754050799.98246,-1,1,-128
1754050800.01846,0,4,-129
1754050800.05546,8,-3,-128
1754050800.09346,4,1,-121
1754050800.13246,5,3,-120
1754050800.16846,4,4,-128
1754050800.20646,0,0,-125
1754050800.2434602,-2,0,-131
1754050800.2824602,4,3,-132
1754050800.31846,4,4,-127
1754050800.3554602,-1,2,-125
1754050800.39346,-2,0,-128
1754050800.43246,-6,3,-126
1754050800.46846,-4,3,-122
1754050800.5064602,0,0,-128
1754050800.54446,1,1,-123
1754050800.58346,5,5,-118
1754050800.61946,2,-1,-119
1754050800.6574602,1,-2,-126
1754050800.69546,1,-2,-135
1754050800.7334602,5,-10,-127
1754050800.77246,3,-3,-135
1754050800.80846,2,-6,-134
1754050800.84646,0,-1,-121
1754050800.88546,3,-6,-120
1754050800.92346,17,-1,-126
1754050800.95946,9,-6,-133
1754050800.99746,4,-11,-131
1754050801.03546,-1,0,-121
1754050801.07346,1,-2,-118
1754050801.11246,3,-5,-130
1754050801.14846,-2,0,-123
1754050801.18546,-1,-3,-130
1754050801.22446,-4,-4,-123
1754050801.26246,-5,-4,-121
1754050801.29846,-1,2,-118
1754050801.33646,-5,0,-123
1754050801.37446,0,1,-131
1754050801.41346,-2,0,-128
1754050801.44946,0,-4,-129
1754050801.48746,-1,0,-132
1754050801.5264602,-1,0,-124
1754050801.56446,-3,0,-123
1754050801.60246,-7,0,-127
1754050801.6384602,-5,-9,-132
1754050801.6774602,2,-2,-126
1754050801.71446,3,0,-122
1754050801.7534602,-1,-2,-128
1754050801.79046,-1,-1,-140
1754050801.82746,3,-6,-129
1754050801.8654602,4,-7,-131
1754050801.9044602,-3,0,-118
1754050801.94246,-8,-3,-113
1754050801.97846,-3,-5,-122
1754050802.0164602,-1,-1,-116
1754050802.05446,2,5,-111
1754050802.09346,-4,2,-127
1754050802.12946,-6,-6,-123
1754050802.1674602,-2,-3,-128
1754050802.20546,3,3,-134
1754050802.24446,4,1,-136
1754050802.2824602,-2,-5,-131
1754050802.31846,-2,-1,-114
1754050802.35646,5,2,-124
1754050802.3944602,-3,0,-124
1754050802.43346,1,-3,-138
1754050802.46946,5,-6,-128
1754050802.50746,2,-3,-138
1754050802.54546,-1,-3,-123
1754050802.58446,-4,3,-133
1754050802.62046,3,1,-139
1754050802.6574602,4,0,-132
1754050802.69546,1,0,-139
1754050802.73446,-4,-2,-132
1754050802.77046,-1,-1,-140
1754050802.80846,-7,-2,-126
1754050802.84646,2,4,-129
1754050802.88546,1,2,-128
1754050802.92346,-2,-1,-133
1754050802.95946,3,0,-129
1754050802.9964602,-1,1,-128
1754050803.03546,-8,5,-129
1754050803.07346,0,4,-138
1754050803.10946,-1,0,-131
1754050803.14846,-1,1,-122
1754050803.18546,-1,0,-115
1754050803.22446,-2,4,-121
1754050803.26046,3,1,-128
1754050803.29846,1,0,-114
1754050803.3354602,-2,1,-112
1754050803.37446,-6,-3,-116
1754050803.41046,-2,1,-122
1754050803.44846,-3,4,-136
1754050803.4864602,9,0,-126
1754050803.52546,4,3,-134
1754050803.56346,1,4,-134
1754050803.59946,4,2,-122
1754050803.63646,-1,2,-127
1754050803.67546,0,5,-130
1754050803.7134602,-3,3,-122
1754050803.74946,-5,0,-130
1754050803.78746,2,-5,-131
1754050803.8254602,5,-6,-121
1754050803.86446,-4,0,-120
1754050803.90046,3,1,-125
1754050803.93946,0,-4,-129
1754050803.97646,-1,0,-127
1754050804.01546,0,9,-118
1754050804.05346,0,2,-125
1754050804.08946,3,0,-135
1754050804.12646,7,0,-135
1754050804.16546,5,2,-124
1754050804.20346,0,-3,-119
1754050804.23946,-3,0,-122
1754050804.2764602,0,4,-130
1754050804.3154602,3,4,-125
1754050804.35346,1,1,-133
1754050804.38946,-4,0,-130
1754050804.4274602,0,2,-122
1754050804.46546,-1,1,-123
1754050804.50446,-6,0,-124
1754050804.54046,0,-1,-130
1754050804.57846,-3,-2,-126
1754050804.61646,0,-4,-133
1754050804.65546,3,0,-133
1754050804.69146,4,-3,-119
1754050804.72946,-4,-5,-122
1754050804.76746,-3,0,-124
1754050804.80546,0,0,-132
1754050804.84446,2,-4,-126
1754050804.88046,3,-2,-124
1754050804.91846,6,0,-130
1754050804.95646,1,0,-115
1754050804.99546,5,4,-123
1754050805.03146,8,-4,-131
1754050805.0694602,6,-3,-119
1754050805.10746,-1,-1,-118
1754050805.14546,-1,-3,-132
1754050805.18146,-4,0,-126
1754050805.21946,1,-6,-124
1754050805.25746,-5,-5,-123
1754050805.29546,0,2,-124
1754050805.33446,-3,0,-133
1754050805.37046,1,1,-138
1754050805.4074602,7,-7,-128
1754050805.44646,6,5,-122
1754050805.48446,4,-5,-121
1754050805.52046,4,-2,-129
1754050805.55846,-2,-4,-126
1754050805.59646,-6,1,-128
1754050805.63546,0,0,-130
1754050805.6714602,-7,-2,-124
1754050805.70946,-4,-2,-118
1754050805.74746,-1,1,-121
1754050805.7864602,-6,-3,-121
1754050805.82446,-1,0,-130
1754050805.8684602,-1,2,-132
1754050805.90646,-1,0,-141
1754050805.94546,-4,-8,-127
1754050805.98146,-4,-9,-138
1754050806.0194602,1,-5,-138
1754050806.05846,-10,-4,-136
1754050806.09646,-5,-5,-134
1754050806.1344602,1,-1,-125
1754050806.17046,2,8,-128
1754050806.20846,-2,8,-122
1754050806.2464602,0,6,-123
1754050806.28446,5,3,-118
1754050806.32046,9,-2,-125
1754050806.3584602,10,-1,-132
1754050806.39646,-3,-2,-127
1754050806.43546,-3,-2,-128
1754050806.47146,-7,-3,-129
1754050806.5094602,-3,-8,-133
1754050806.54746,0,-5,-132
1754050806.58646,-2,-6,-128
1754050806.62246,-3,-3,-138
1754050806.66046,4,-4,-133
1754050806.69946,-1,-2,-126
1754050806.7364602,1,-1,-113
1754050806.77546,3,0,-127
1754050806.81146,-1,-2,-125
1754050806.84946,4,-3,-118
1754050806.88746,1,-9,-135
1754050806.92646,4,-7,-135
1754050806.96246,3,-5,-130
1754050807.00046,18,-2,-131
1754050807.03846,0,-4,-138
1754050807.07646,2,5,-134
1754050807.1154602,0,6,-128
1754050807.1514602,5,-1,-128
1754050807.18946,-1,0,-134
1754050807.22746,-2,1,-123
1754050807.2664602,0,-2,-131
1754050807.3024602,3,-4,-129
1754050807.34046,8,-5,-125
1754050807.3784602,-1,-10,-121
1754050807.4174602,0,-6,-123
1754050807.45546,2,-8,-123
1754050807.49146,0,-9,-126
1754050807.5294602,-3,-2,-128
1754050807.56746,-5,-1,-122
1754050807.60646,5,2,-129
1754050807.64246,10,-3,-132
1754050807.68046,8,-9,-131
1754050807.71846,1,5,-132
1754050807.75746,6,1,-127
1754050807.79546,0,1,-120
1754050807.83146,0,-2,-118
1754050807.87046,-3,-1,-109
1754050807.9074602,-5,-9,-115
1754050807.94646,6,-5,-132
1754050807.98246,5,-2,-128
1754050808.02046,-2,-3,-125
1754050808.05846,1,-4,-122
1754050808.09746,-2,-5,-133
1754050808.13546,-3,-9,-128
1754050808.1714602,-2,-6,-131
1754050808.20946,0,-5,-119
1754050808.24746,0,-4,-129
1754050808.2864602,-5,-10,-129
1754050808.3224602,-1,-1,-123
1754050808.36046,-3,-4,-125
1754050808.39846,0,-7,-123
1754050808.4374602,0,-3,-124
1754050808.47546,8,-1,-124
1754050808.51146,8,-3,-124
1754050808.5494602,1,0,-128
1754050808.58746,3,-1,-113
1754050808.62646,3,1,-108
1754050808.66246,1,-6,-122
1754050808.7004602,10,-1,-131
1754050808.73846,-4,0,-124
1754050808.77746,-2,-1,-121
1754050808.81346,-8,-1,-130
1754050808.85146,4,0,-130
1754050808.88946,0,-10,-121
1754050808.9274602,-2,-5,-125
1754050808.96646,2,-1,-125
1754050809.00246,3,2,-124
1754050809.0394602,1,6,-125
1754050809.07746,1,-3,-132
1754050809.11646,0,0,-126
1754050809.15246,-1,-2,-130
1754050809.1904602,1,5,-134
1754050809.22946,0,2,-127
1754050809.26746,-3,6,-121
1754050809.30346,-7,4,-126
1754050809.34146,0,1,-126
1754050809.37946,-2,2,-130
1754050809.41846,-2,0,-124
1754050809.45646,1,1,-129
1754050809.49246,0,-1,-129
1754050809.53046,3,0,-131
1754050809.56846,0,-5,-125
1754050809.60746,-2,-6,-129
1754050809.64346,3,-1,-125
1754050809.68146,5,-6,-134
1754050809.71946,2,-3,-129
1754050809.75846,4,0,-130
1754050809.7964602,1,0,-129
1754050809.8324602,-1,3,-127
1754050809.87046,5,1,-127
1754050809.90846,-5,4,-134
1754050809.9474602,-5,0,-115
1754050809.9834602,-3,1,-116
1754050810.02146,-3,7,-121
1754050810.0594602,5,1,-125
1754050810.0984602,-2,-1,-129
1754050810.13646,5,-6,-117
1754050810.17246,-1,-10,-129
1754050810.2104602,-1,-5,-128
1754050810.24846,3,-4,-137
1754050810.28746,6,-1,-129
1754050810.32346,4,-3,-128
1754050810.3614602,-6,-2,-129
1754050810.39946,2,0,-127
1754050810.43846,4,1,-125
1754050810.47646,4,-3,-129
1754050810.51246,1,-7,-118
1754050810.55046,1,-3,-114
1754050810.5884602,-2,-10,-131
1754050810.62746,2,-5,-132
1754050810.66346,-4,-6,-128
1754050810.70146,1,-3,-136
1754050810.73946,-4,-1,-121
1754050810.77846,0,-3,-124
1754050810.81446,-5,-1,-125
1754050810.85246,0,-3,-125
1754050810.89046,2,-7,-126
1754050810.92846,-2,-2,-118
1754050810.9674602,0,-2,-127
1754050811.0034602,-4,-3,-122
1754050811.04146,1,-2,-118
1754050811.08046,-6,0,-125
1754050811.1184602,-4,-1,-120
1754050811.1544602,6,-5,-128
1754050811.19346,1,0,-117
1754050811.2304602,6,1,-121
1754050811.26846,0,2,-115
1754050811.30746,0,-2,-112
1754050811.34346,0,2,-122
1754050811.38046,-9,-4,-122
1754050811.41846,0,1,-125
1754050811.4574602,1,-10,-114
1754050811.4934602,3,-13,-111
1754050811.53146,1,-3,-118
1754050811.5694602,0,-3,-127
1754050811.6084602,1,1,-122
1754050811.6444602,4,-1,-123
1754050811.68246,-1,-3,-123
1754050811.7204602,-1,-3,-113
1754050811.7594602,0,-3,-121
1754050811.79746,1,-2,-116
1754050811.83346,-3,0,-125
1754050811.8714602,2,-2,-136
1754050811.91046,0,-4,-133
1754050811.94846,-2,-4,-123
1754050811.98446,6,-8,-133
1754050812.02246,-6,-1,-121
1754050812.06046,-1,-2,-133
1754050812.09946,0,-6,-135
1754050812.13746,1,0,-126
1754050812.17346,0,0,-132
1754050812.2104602,4,-1,-114
1754050812.24946,6,3,-117
1754050812.28746,0,7,-127
1754050812.32346,-3,3,-119
1754050812.3614602,-2,2,-119
1754050812.39946,0,-1,-116
1754050812.43846,-11,-4,-116
1754050812.47446,-3,-8,-117
1754050812.51246,-7,-7,-122
1754050812.55046,-2,-3,-115
1754050812.58946,-6,-2,-120
1754050812.62746,-4,0,-123
1754050812.66346,-1,0,-123
1754050812.70146,2,-4,-118
1754050812.73946,1,-2,-107
1754050812.77846,-1,-4,-125
1754050812.81446,-9,-2,-129
1754050812.85246,-4,3,-130
1754050812.89046,4,-2,-125
1754050812.92946,-2,-2,-125
1754050812.96546,6,-3,-124
1754050813.0034602,7,-1,-128
1754050813.04146,0,-2,-125
1754050813.07946,-1,-5,-116
1754050813.1184602,1,-4,-136
1754050813.1544602,-2,-4,-127
1754050813.19246,-1,-3,-125
1754050813.23146,3,-6,-126
1754050813.2694602,2,-6,-135
1754050813.30546,0,-1,-131
1754050813.3424602,4,2,-124
1754050813.38046,4,5,-131
1754050813.41946,0,-6,-132
1754050813.45546,-5,-1,-125
1754050813.4934602,3,-4,-126
1754050813.53146,1,-5,-126
1754050813.57046,-2,3,-118
1754050813.6084602,2,4,-128
1754050813.6444602,4,3,-133
1754050813.68146,2,2,-128
1754050813.7204602,7,0,-128
1754050813.75846,0,-2,-117
1754050813.79446,5,-2,-117
1754050813.8324602,4,6,-129
1754050813.87046,-1,1,-128
1754050813.90946,-7,-1,-141
1754050813.94546,-10,0,-125
1754050813.9834602,-4,-3,-128
1754050814.02146,2,0,-129
1754050814.06046,-1,-5,-123
1754050814.0984602,0,-5,-130
1754050814.1344602,0,1,-118
1754050814.1714602,-1,-2,-138
1754050814.2104602,-1,0,-133
1754050814.24846,-3,-4,-133
1754050814.28446,-6,-7,-130
1754050814.3224602,-4,-1,-133
1754050814.3614602,-1,-1,-124
1754050814.39946,1,-3,-128
1754050814.43646,2,0,-126
1754050814.4734602,1,-4,-122
1754050814.51146,3,5,-126
1754050814.55046,12,6,-119
1754050814.5884602,0,9,-127
1754050814.62446,-2,2,-131
1754050814.66246,-2,0,-120
1754050814.7004602,-5,2,-121
1754050814.73946,1,-5,-130
1754050814.77546,4,-3,-128
1754050814.81346,-1,7,-117
1754050814.85246,-1,-1,-126
1754050814.89046,-1,-1,-128
1754050814.92646,-1,-3,-123
1754050814.96546,-7,0,-128
1754050815.00246,-6,-1,-129
1754050815.04046,-6,1,-118
1754050815.07946,4,-3,-120
1754050815.1154602,0,0,-119
1754050815.15246,7,0,-131
1754050815.1904602,2,3,-121
1754050815.22946,5,0,-129
1754050815.26546,0,2,-126
1754050815.30346,-2,-2,-126
1754050815.34046,-3,1,-123
1754050815.37946,0,2,-127
1754050815.41546,2,2,-136
1754050815.45346,1,0,-129
1754050815.4904602,-5,0,-126
1754050815.5294602,-4,-4,-133
1754050815.5654602,-4,-11,-129
1754050815.60346,-5,-4,-116
1754050815.6414602,-2,1,-129
1754050815.68046,6,1,-126
1754050815.71646,5,0,-118
1754050815.7534602,-2,-3,-113
1754050815.79146,-2,5,-123
1754050815.83046,1,3,-123
1754050815.87346,8,-4,-121
1754050815.91246,3,-2,-117
1754050815.9504602,9,-3,-126
1754050815.9864602,10,-1,-127
1754050816.02446,4,-6,-126
1754050816.0624602,4,-7,-118
1754050816.10146,1,-5,-116
1754050816.13946,4,-6,-134
1754050816.17546,6,-3,-131
1754050816.2134602,-3,2,-116
1754050816.25146,3,2,-117
1754050816.29046,0,1,-124
1754050816.32646,0,1,-118
1754050816.36446,3,-3,-122
1754050816.40246,2,-5,-129
1754050816.44146,-5,-2,-132
1754050816.47946,1,-3,-120
1754050816.51546,0,1,-122
1754050816.5524602,5,-2,-126
1754050816.59146,-3,-2,-125
1754050816.62946,0,-4,-133
1754050816.66546,3,-8,-125
1754050816.70346,5,-5,-115
1754050816.74146,9,2,-130
1754050816.78046,5,-5,-121
1754050816.81646,12,3,-126
1754050816.85446,1,1,-120
1754050816.8914602,6,-4,-118
1754050816.93046,5,-5,-133
1754050816.96646,0,-12,-135
1754050817.00446,-4,-3,-118
1754050817.0424602,2,-2,-121
1754050817.08146,4,-4,-130
1754050817.11746,1,-6,-119
1754050817.15546,-5,-2,-107
1754050817.19346,2,-2,-110
1754050817.23146,3,-6,-121
1754050817.27046,0,-2,-127
1754050817.30646,1,-3,-136
1754050817.34446,2,0,-136
1754050817.38346,-1,-8,-126
1754050817.4214602,0,-3,-133
1754050817.4574602,0,-5,-136
1754050817.4964602,-1,-3,-121
1754050817.53346,2,-1,-123
1754050817.57146,1,8,-121
1754050817.61046,2,1,-118
1754050817.64646,4,-3,-115
1754050817.6844602,7,-5,-115
1754050817.72246,-1,-2,-124
1754050817.76146,0,-9,-121
1754050817.79746,0,-12,-122
1754050817.8354602,0,-3,-126
1754050817.87346,10,0,-126
1754050817.91246,-3,2,-131
1754050817.9504602,-3,0,-138
1754050817.9864602,3,2,-124
1754050818.02446,1,0,-132
1754050818.06346,4,-5,-126
1754050818.10146,0,-5,-129
1754050818.13746,0,0,-130
1754050818.1744602,0,-5,-128
1754050818.21246,1,-3,-120
1754050818.25146,3,2,-116
1754050818.28746,3,-1,-122
1754050818.3254602,0,8,-135
1754050818.36346,-3,4,-123
1754050818.40246,6,3,-118
1754050818.4404602,-1,-5,-122
1754050818.47646,1,-3,-126
1754050818.51446,5,3,-119
1754050818.5524602,-1,4,-116
1754050818.59146,1,0,-119
1754050818.62746,4,6,-123
1754050818.66546,10,6,-128
1754050818.70346,4,5,-117
1754050818.74246,3,0,-121
1754050818.78046,4,0,-125
1754050818.81646,7,0,-118
1754050818.85346,2,0,-122
1754050818.89246,2,0,-121
1754050818.92846,-3,0,-129
1754050818.9674602,-9,-6,-127
1754050819.00546,0,-3,-124
1754050819.0424602,-2,-4,-118
1754050819.08146,-6,-1,-121
1754050819.11746,-4,-3,-113
1754050819.15546,-4,-4,-121
1754050819.19346,1,-3,-117
1754050819.23246,0,0,-124
1754050819.26846,-5,5,-126
1754050819.30646,-3,-1,-122
1754050819.34446,-9,-6,-129
1754050819.38246,-4,1,-119
1754050819.4214602,5,-2,-126
1754050819.4574602,8,5,-130
1754050819.49446,4,0,-134
1754050819.5324602,-2,-7,-129
1754050819.57146,-2,0,-125
1754050819.60746,2,0,-123
1754050819.64546,-4,-4,-121
1754050819.6844602,5,6,-119
1754050819.72246,11,3,-130
1754050819.75846,5,2,-136
1754050819.79546,2,0,-126
1754050819.83346,0,2,-130
1754050819.87246,-2,-2,-148
1754050819.90846,2,-1,-145
1754050819.9474602,2,-7,-129
1754050819.98446,0,-13,-130
1754050820.02346,2,-4,-137
1754050820.06146,2,-4,-120
1754050820.09746,-4,-4,-128
1754050820.13546,2,-6,-121
1754050820.17346,0,-7,-127
1754050820.21246,-4,-12,-126
1754050820.24846,-2,-10,-126
1754050820.2864602,-1,-8,-121
1754050820.32446,4,1,-119
1754050820.36346,0,-4,-118
1754050820.4014602,-6,-6,-121
1754050820.4374602,-2,-3,-134
1754050820.47546,-3,3,-130
1754050820.51446,5,0,-123
1754050820.5524602,0,-4,-126
1754050820.5884602,2,-7,-129
1754050820.62646,0,0,-131
1754050820.6644602,5,-3,-123
1754050820.70346,-1,-7,-132
1754050820.74146,-1,-3,-127
1754050820.77746,2,3,-111
1754050820.8154602,1,-3,-122
1754050820.85346,5,0,-130
1754050820.89246,2,0,-128
1754050820.92846,6,-5,-130
1754050820.96646,4,-1,-117
1754050821.00446,3,-5,-113
1754050821.04346,3,1,-121
1754050821.07946,2,3,-119
1754050821.11646,-3,4,-119
1754050821.1544602,1,0,-133
1754050821.19346,-1,-4,-141
1754050821.22946,-5,-7,-126
1754050821.26846,-2,1,-122
1754050821.30546,-11,1,-133
1754050821.34346,-1,0,-126
1754050821.38246,3,0,-135
1754050821.41846,0,6,-127
1754050821.45546,1,0,-116
1754050821.4934602,-7,-5,-123
1754050821.5324602,2,4,-137
1754050821.56846,-8,0,-132
1754050821.60646,-1,2,-126
1754050821.6444602,3,-4,-119
1754050821.68346,12,0,-119
1754050821.71946,6,-3,-115
1754050821.75746,1,-4,-114
1754050821.79546,1,-6,-130
1754050821.83446,-1,-5,-120
1754050821.87246,-2,-4,-116
1754050821.90846,0,1,-125
1754050821.94546,2,2,-126
1754050821.98446,-5,0,-125
1754050822.02246,1,4,-129
1754050822.05846,-1,1,-131
1754050822.09646,-9,-4,-123
1754050822.1344602,0,-3,-131
1754050822.17346,4,-2,-132
1754050822.20946,1,-6,-139
1754050822.24746,-2,-3,-145
1754050822.28546,0,-5,-137
1754050822.32446,6,-3,-127
1754050822.36246,3,-2,-129
1754050822.39846,1,0,-122
1754050822.43546,8,-3,-120
1754050822.47446,-8,-3,-126
1754050822.51246,4,-1,-123
1754050822.54846,11,-3,-130
1754050822.58646,7,-2,-132
1754050822.62646,8,-4,-129
1754050822.6644602,-1,0,-137
1754050822.70246,0,3,-128
1754050822.73846,2,6,-124
1754050822.7764602,-3,1,-130
1754050822.8154602,-10,0,-117
1754050822.85346,-5,-2,-121
1754050822.88946,0,-6,-122
1754050822.92646,1,-6,-114
1754050822.96546,0,0,-130
1754050823.0034602,2,-2,-126
1754050823.0394602,0,-6,-125
1754050823.07746,-5,2,-126
1754050823.1154602,0,3,-121
1754050823.1544602,2,6,-135
1754050823.1904602,-5,0,-135
1754050823.22846,-3,-3,-135
1754050823.2664602,-2,-4,-129
1754050823.30446,-1,-1,-125
1754050823.34346,-1,1,-126
1754050823.37946,-2,-5,-117
1754050823.4174602,6,-5,-122
1754050823.45546,10,-2,-117
1754050823.49446,2,-5,-115
1754050823.53046,-4,1,-128
1754050823.5694602,-3,2,-125
1754050823.60646,-1,0,-131
1754050823.6444602,3,2,-119
1754050823.68346,3,-1,-127
1754050823.71946,-4,4,-136
1754050823.75746,-3,8,-129
1754050823.79446,0,3,-127
1754050823.83346,-5,1,-126
1754050823.86946,0,5,-127
1754050823.9074602,-1,-7,-125
1754050823.94546,3,-10,-127
1754050823.9834602,5,-4,-131
1754050824.0194602,0,-5,-124
1754050824.05746,-1,-4,-117
1754050824.0954602,1,-6,-129
1754050824.13346,2,-6,-123
1754050824.16946,0,-5,-121
1754050824.2074602,-6,-6,-117
1754050824.24546,-1,-3,-129
1754050824.28446,0,3,-126
1754050824.32046,-4,0,-121
1754050824.35746,4,0,-122
1754050824.39546,11,-2,-129
1754050824.4344602,4,-7,-128
1754050824.4704602,-1,-1,-125
1754050824.50846,1,-8,-129
1754050824.5464602,0,1,-129
1754050824.5854602,7,-4,-124
1754050824.62346,-4,0,-127
1754050824.65946,-1,-4,-119
1754050824.6974602,2,-3,-122
1754050824.73546,-4,-4,-133
1754050824.77446,-7,3,-131
1754050824.81046,-6,0,-126
1754050824.84946,-5,-4,-123
1754050824.88646,-2,0,-115
1754050824.92546,1,3,-118
1754050824.9634602,-6,4,-128
1754050825.00046,6,6,-120
1754050825.03746,1,-6,-121
1754050825.0754602,0,0,-124
1754050825.11446,6,-2,-122
1754050825.15046,7,-5,-123
1754050825.18946,4,0,-132
1754050825.22646,-3,3,-134
1754050825.26546,3,-3,-132
1754050825.3024602,10,-7,-124
1754050825.33946,5,-4,-120
1754050825.37746,3,-1,-125
1754050825.41646,-3,-2,-121
1754050825.45446,-3,-7,-126
1754050825.4904602,3,0,-128
1754050825.52846,2,2,-114
1754050825.56646,0,0,-121
1754050825.6054602,-5,0,-122
1754050825.6414602,3,3,-116
1754050825.67846,3,6,-123
1754050825.71646,-1,0,-126
1754050825.75546,-3,3,-128
1754050825.79146,-4,3,-122
1754050825.82946,2,-5,-112
1754050825.86746,4,-1,-117
1754050825.9114602,1,0,-112
1754050825.94946,7,-1,-113
1754050825.98746,0,-6,-130
1754050826.0264602,2,-1,-127
1754050826.06446,1,-1,-115
1754050826.10046,5,-6,-129
1754050826.13946,8,0,-119
1754050826.1774602,0,5,-135
1754050826.21546,0,5,-123
1754050826.25146,5,0,-128
1754050826.2894602,7,2,-139
1754050826.32846,2,3,-132
1754050826.36646,-6,-1,-119
1754050826.4044602,1,0,-120
1754050826.4404602,1,0,-110
1754050826.47846,0,0,-118
1754050826.5164602,-1,-2,-119
1754050826.55546,9,-1,-121
1754050826.59146,0,3,-123
1754050826.6284602,3,-1,-133
1754050826.66646,-8,-5,-117
1754050826.70546,-5,-3,-127
1754050826.74146,0,1,-127
1754050826.77846,1,0,-131
1754050826.81646,3,-5,-123
1754050826.8554602,2,-6,-125
1754050826.8914602,-7,-5,-116
1754050826.92946,6,-14,-113
1754050826.9674602,10,-3,-120
1754050827.0064602,-1,-4,-122
1754050827.04446,-5,-6,-117
1754050827.08046,-5,0,-122
1754050827.1184602,-3,-4,-123
1754050827.15646,0,-2,-125
1754050827.19546,0,-2,-113
1754050827.23146,-1,4,-121
1754050827.2694602,-4,3,-128
1754050827.30746,0,8,-124
1754050827.34646,0,0,-118
1754050827.38246,6,-6,-117
1754050827.42046,5,-4,-124
1754050827.45846,0,-4,-127
1754050827.4964602,2,1,-122
1754050827.53546,3,-1,-121
1754050827.57146,0,0,-122
1754050827.6084602,0,2,-122
1754050827.64646,3,3,-129
1754050827.68546,-9,0,-137
1754050827.72146,-7,-6,-133
1754050827.7594602,-3,-5,-134
1754050827.79746,1,2,-129
1754050827.83646,5,-4,-113
1754050827.87246,3,0,-105
1754050827.91046,0,-4,-118
1754050827.94846,-4,3,-123
1754050827.98746,-1,4,-120
1754050828.02546,-8,7,-116
1754050828.06146,-5,-5,-120
1754050828.10046,-5,-8,-119
1754050828.13746,-6,-5,-127
1754050828.17646,-8,-3,-128
1754050828.21246,-6,-7,-129
1754050828.25046,-14,0,-129
1754050828.28846,0,1,-129
1754050828.32746,5,-4,-119
1754050828.3654602,-3,-7,-118
1754050828.4014602,0,-5,-136
1754050828.43846,8,-4,-135
1754050828.47746,-1,0,-124
1754050828.51546,0,5,-129
1754050828.55146,0,4,-121
1754050828.5884602,8,6,-125
1754050828.62746,-1,0,-124
1754050828.66546,-7,4,-120
1754050828.70146,-3,-1,-124
1754050828.73946,0,1,-117
1754050828.77746,2,1,-112
1754050828.81646,0,-5,-121
1754050828.85246,-1,-1,-116
1754050828.89046,0,2,-107
1754050828.92846,-3,0,-114
1754050828.9674602,2,0,-123
1754050829.00546,2,-7,-144
1754050829.04146,-6,-7,-130
1754050829.07946,0,-1,-131
1754050829.11746,2,0,-133
1754050829.15646,-1,0,-114
1754050829.19246,-10,-1,-126
1754050829.2304602,0,1,-118
1754050829.26846,5,-2,-119
1754050829.30746,10,0,-135
1754050829.34346,4,1,-128
1754050829.38046,0,3,-121
1754050829.41846,2,-3,-128
1754050829.4574602,0,-3,-113
1754050829.4934602,2,-5,-110
1754050829.53146,-1,-4,-115
1754050829.5694602,1,-8,-118
1754050829.60746,-1,1,-121
1754050829.64646,-5,0,-129
1754050829.68246,-1,0,-125
1754050829.7204602,-1,2,-124
1754050829.75846,-10,0,-122
1754050829.79746,-4,0,-119
1754050829.83346,-1,3,-130
1754050829.8714602,-2,0,-130
1754050829.90946,1,2,-129
1754050829.9474602,-6,-2,-135
1754050829.9864602,-1,1,-140
1754050830.02246,3,4,-125
1754050830.0594602,7,2,-122
1754050830.0984602,2,2,-122
1754050830.13646,3,-5,-120
1754050830.17246,0,2,-122
1754050830.2104602,1,-4,-114
1754050830.24846,0,0,-115
1754050830.28746,0,-6,-114
1754050830.32346,-7,-2,-111
1754050830.3614602,-2,-4,-116
1754050830.39946,0,-1,-117
1754050830.43846,6,-6,-127
1754050830.47646,-4,-1,-127
1754050830.51246,-4,4,-127
1754050830.55046,-1,0,-126
1754050830.5884602,0,4,-124
1754050830.62746,1,0,-122
1754050830.66346,-1,0,-117
1754050830.70146,6,-8,-116
1754050830.73846,-2,-4,-126
1754050830.77746,-5,0,-125
1754050830.81346,-3,-3,-118
1754050830.85146,-3,-1,-114
1754050830.88946,0,6,-123
1754050830.92846,-8,7,-121
1754050830.96646,-12,0,-115
1754050831.00246,-1,-6,-133
1754050831.04146,0,-1,-138
1754050831.07846,1,-1,-128
1754050831.11746,-1,-1,-126
1754050831.15346,0,-3,-122
1754050831.19146,-2,-7,-129
1754050831.22946,-3,-4,-130
1754050831.26846,-4,0,-130
1754050831.30446,-1,2,-120
1754050831.3424602,-3,0,-139
1754050831.38046,-2,0,-130
1754050831.41846,-4,2,-133
1754050831.4574602,2,2,-125
1754050831.4934602,-1,-4,-123
1754050831.53146,1,0,-119
1754050831.5694602,0,0,-121
1754050831.6084602,0,-2,-111
1754050831.6444602,2,-2,-118
1754050831.68246,2,1,-134
1754050831.7204602,1,0,-130
1754050831.75846,-4,-5,-127
1754050831.79746,-2,0,-130
1754050831.83346,-5,3,-123
1754050831.87246,-1,-5,-117
1754050831.90946,-2,-2,-124
1754050831.94846,0,-4,-128
1754050831.98446,-1,-6,-138
1754050832.02246,3,-3,-135
1754050832.06046,-1,0,-130
1754050832.09946,-2,4,-121
1754050832.13746,-2,-2,-119
1754050832.17346,0,2,-118
1754050832.2104602,-4,0,-125
1754050832.24946,-3,-11,-117
1754050832.28746,-9,3,-131
1754050832.32346,-1,-2,-128
1754050832.3614602,-1,-2,-125
1754050832.39946,1,-3,-129
1754050832.43846,5,-3,-125
1754050832.47446,-1,-5,-116
1754050832.5134602,-3,-1,-116
1754050832.55046,-7,-2,-125
1754050832.58946,-5,-2,-130
1754050832.62746,0,-1,-120
1754050832.66346,3,-8,-131
1754050832.70146,-5,-1,-129
1754050832.73946,-2,-1,-124
1754050832.77846,-1,2,-134
1754050832.81446,-4,-5,-132
1754050832.85246,-9,0,-124
1754050832.89046,0,-4,-120
1754050832.92946,7,0,-119
1754050832.9674602,1,4,-130
1754050833.0034602,0,3,-134
1754050833.04046,5,-5,-127
1754050833.07946,2,5,-119
1754050833.11746,1,8,-117
1754050833.15346,-2,-3,-135
1754050833.19146,-1,0,-132
1754050833.22946,0,0,-130
1754050833.26846,3,-2,-129
1754050833.30446,3,-6,-130
1754050833.3424602,1,-2,-130
1754050833.38046,-5,-4,-133
1754050833.41946,-7,-4,-127
1754050833.45546,-5,1,-133
1754050833.4934602,-1,0,-125
1754050833.53146,1,0,-134
1754050833.5694602,0,-6,-133
1754050833.6084602,1,-2,-136
1754050833.6444602,5,0,-137
1754050833.68146,4,0,-132
1754050833.71946,4,3,-129
1754050833.75846,-8,4,-128
1754050833.79446,-4,2,-131
1754050833.8324602,4,0,-138
1754050833.87046,3,4,-134
1754050833.90946,6,-5,-125
1754050833.94546,-2,-4,-105
1754050833.9834602,0,-5,-98
1754050834.02146,-4,0,-118
1754050834.06046,-8,1,-109
1754050834.0984602,0,2,-123
1754050834.1344602,-3,0,-119
1754050834.17246,-6,-1,-124
1754050834.2104602,0,-5,-117
1754050834.24946,4,2,-120
1754050834.28546,2,4,-117
1754050834.3224602,8,0,-127
1754050834.36046,7,1,-126
1754050834.39946,4,0,-133
1754050834.43546,3,-1,-128
1754050834.4734602,0,5,-124
1754050834.51146,0,5,-115
1754050834.55046,1,-4,-117
1754050834.5884602,0,-4,-113
1754050834.62446,-1,0,-123
1754050834.66246,-2,-4,-120
1754050834.7004602,0,4,-122
1754050834.73946,-1,0,-133
1754050834.77546,-1,0,-135
1754050834.81346,-7,-9,-139
1754050834.85246,-1,-2,-128
1754050834.89046,-2,-1,-129
1754050834.92846,0,0,-133
1754050834.96446,-7,5,-129
1754050835.00246,0,-5,-128
1754050835.04046,0,-6,-124
1754050835.07946,2,-4,-138
1754050835.1154602,8,-4,-132
1754050835.15346,5,-2,-136
1754050835.19146,4,0,-129
1754050835.2304602,0,-1,-134
1754050835.26846,-5,-3,-128
1754050835.30446,-5,-1,-134
1754050835.3424602,-5,-5,-128
1754050835.38046,1,-2,-126
1754050835.41946,-2,-6,-127
1754050835.45546,-1,-6,-122
1754050835.4934602,2,0,-131
1754050835.53146,-3,-7,-128
1754050835.57046,0,-6,-129
1754050835.60646,-2,-3,-121
1754050835.6444602,1,0,-128
1754050835.68246,-2,5,-125
1754050835.7204602,-3,-1,-127
1754050835.7594602,-1,2,-125
1754050835.79546,2,3,-120
1754050835.83346,-1,1,-116
1754050835.8714602,2,-2,-127
1754050835.91546,-4,2,-122
1754050835.95346,-5,4,-125
1754050835.99146,2,5,-119
1754050836.03046,-9,8,-119
1754050836.06646,-11,1,-129
1754050836.10446,-9,9,-127
1754050836.14246,-7,1,-135
1754050836.18146,2,-6,-127
1754050836.21946,2,0,-118
1754050836.25546,6,0,-115
1754050836.29346,3,-1,-127
1754050836.33146,3,-7,-120
1754050836.36946,7,-4,-114
1754050836.40546,1,-8,-112
1754050836.44346,-2,-2,-118
1754050836.48146,1,-2,-127
1754050836.52046,-1,0,-124
1754050836.55646,-2,-3,-129
1754050836.59446,-1,1,-132
1754050836.63246,1,0,-129
1754050836.6714602,-5,5,-129
1754050836.70946,4,-2,-136
1754050836.74546,-1,-1,-135
1754050836.78346,0,0,-126
1754050836.82146,-4,0,-127
1754050836.86046,-1,0,-123
1754050836.89646,7,-1,-120
1754050836.9344602,3,-2,-107
1754050836.97246,1,-6,-125
1754050837.01146,2,-9,-121
1754050837.0494602,3,-5,-118
1754050837.08646,0,0,-127
1754050837.12346,-5,0,-130
1754050837.1614602,-4,-7,-128
1754050837.2004602,3,-7,-123
1754050837.2364602,-6,-7,-118
1754050837.27446,2,2,-134
1754050837.3124602,0,1,-125
1754050837.35146,-1,1,-133
1754050837.38746,-9,-3,-128
1754050837.42546,-2,2,-113
1754050837.4634602,4,0,-124
1754050837.50146,0,-4,-118
1754050837.54046,0,-3,-123
1754050837.57646,0,0,-122
1754050837.61446,1,-4,-119
1754050837.6514602,4,0,-129
1754050837.6904602,7,-1,-133
1754050837.72646,2,-5,-122
1754050837.76446,1,5,-128
1754050837.8024602,-1,0,-117
1754050837.84146,-10,-5,-124
1754050837.87746,-4,-9,-138
1754050837.91546,2,-3,-126
1754050837.95346,2,-4,-127
1754050837.99146,1,-6,-118
1754050838.03046,3,-10,-120
1754050838.06646,8,-9,-121
1754050838.10446,6,0,-131
1754050838.14246,-3,0,-121
1754050838.18146,-2,-6,-123
1754050838.2174602,-8,-3,-125
1754050838.25546,-8,-4,-120
1754050838.29446,5,-2,-126
1754050838.3324602,0,0,-127
1754050838.37046,-4,0,-135
1754050838.40646,0,-8,-127
1754050838.4444602,0,-13,-126
1754050838.48246,-5,-10,-125
1754050838.52146,-1,-3,-123
1754050838.55746,-2,-1,-123
1754050838.5954602,3,3,-135
1754050838.63346,0,-2,-127
1754050838.67246,-2,5,-119
1754050838.7104602,-3,0,-118
1754050838.7464602,-5,0,-130
1754050838.78446,-1,-4,-119
1754050838.82346,0,-2,-126
1754050838.8614602,3,0,-139
1754050838.89746,3,2,-130
1754050838.9344602,6,-3,-136
1754050838.97246,4,-1,-124
1754050839.01146,0,-2,-118
1754050839.04746,4,-2,-115
1754050839.08646,5,3,-119
1754050839.12346,3,5,-124
1754050839.16246,5,4,-133
1754050839.2004602,1,4,-126
1754050839.2364602,4,3,-130
1754050839.27346,-3,1,-128
1754050839.3124602,-4,-3,-115
1754050839.35046,0,1,-127
1754050839.38646,-1,4,-122
1754050839.4244602,0,4,-123
1754050839.46246,0,2,-125
1754050839.50146,-3,-7,-123
1754050839.53746,0,-2,-122
1754050839.5754602,0,-5,-135
1754050839.61346,-1,0,-124
1754050839.65246,-3,0,-130
1754050839.68846,1,-4,-122
1754050839.72746,-3,-3,-129
1754050839.76446,1,0,-118
1754050839.80346,3,1,-117
1754050839.84146,-3,4,-124
1754050839.87746,-5,-3,-121
1754050839.91546,1,-1,-127
1754050839.95346,0,1,-132
1754050839.99246,1,1,-120
1754050840.02846,3,0,-125
1754050840.0654602,0,-2,-124
1754050840.10346,2,-6,-130
1754050840.14246,5,-6,-115
1754050840.17846,4,-7,-124
1754050840.21646,9,-7,-124
1754050840.25446,7,-3,-119
1754050840.29346,6,2,-133
1754050840.33146,-4,-4,-120
1754050840.36746,2,-8,-118
1754050840.40546,-1,-1,-118
1754050840.4444602,0,2,-121
1754050840.48246,-2,-4,-114
1754050840.51846,-1,-1,-128
1754050840.55646,0,2,-128
1754050840.59446,6,0,-132
1754050840.63346,6,0,-117
1754050840.6714602,4,4,-113
1754050840.7074602,2,0,-124
1754050840.74446,-2,-5,-121
1754050840.78346,-3,-9,-113
1754050840.82146,-1,-6,-122
1754050840.85746,2,-12,-134
1754050840.89546,6,-9,-133
1754050840.93346,8,-6,-123
1754050840.97246,3,-7,-133
1754050841.00846,5,-1,-129
1754050841.0464602,2,-3,-119
1754050841.08446,-3,-4,-119
1754050841.12346,-7,0,-129
1754050841.1614602,-2,-1,-133
1754050841.1974602,-2,-3,-124
1754050841.23546,-4,4,-131
1754050841.27346,-6,-3,-130
1754050841.3124602,4,-9,-125
1754050841.3484602,-4,-8,-121
1754050841.38646,-4,-2,-132
1754050841.4244602,2,1,-141
1754050841.4634602,0,0,-129
1754050841.50146,-2,-2,-129
1754050841.53746,-6,-6,-130
1754050841.5754602,-3,-2,-123
1754050841.61346,-1,-6,-121
1754050841.65246,3,0,-131
1754050841.68846,13,0,-131
1754050841.72646,6,-9,-124
1754050841.76446,0,-5,-119
1754050841.80346,-7,2,-127
1754050841.83946,3,-3,-133
1754050841.87746,1,0,-124
1754050841.91546,6,-2,-118
1754050841.95346,3,-7,-116
1754050841.99246,0,-7,-119
1754050842.02846,6,-11,-112
1754050842.06646,4,-6,-113
1754050842.10446,-1,-6,-120
1754050842.14346,-2,0,-124
1754050842.17946,4,-5,-122
1754050842.2174602,3,-10,-118
1754050842.25546,5,-1,-122
1754050842.29446,10,-8,-123
1754050842.3324602,1,3,-127
1754050842.3684602,2,2,-116
1754050842.40546,1,-2,-124
1754050842.4444602,2,-1,-126
1754050842.48246,8,-4,-129
1754050842.51846,0,3,-137
1754050842.55546,-2,-3,-130
1754050842.59446,0,-2,-122
1754050842.63246,2,-3,-118
1754050842.66846,-1,3,-109
1754050842.70646,-3,7,-119
1754050842.74446,6,-1,-121
1754050842.78346,4,-1,-124
1754050842.8194602,-2,-4,-120
1754050842.85746,0,-2,-123
1754050842.89546,4,-5,-125
1754050842.9344602,6,0,-126
1754050842.97246,1,-1,-128
1754050843.00846,1,-3,-130
1754050843.0464602,-4,0,-131
1754050843.08446,1,4,-130
1754050843.12346,0,4,-135
1754050843.15946,-3,2,-125
1754050843.1974602,-2,-6,-123
1754050843.2364602,-2,1,-118
1754050843.27446,2,0,-120
1754050843.3124602,-6,0,-129
1754050843.3484602,2,-1,-122
1754050843.38646,2,-5,-126
1754050843.4244602,5,-4,-127
1754050843.4634602,-1,0,-130
1754050843.49946,-2,-6,-129
1754050843.53746,-1,-4,-127
1754050843.5754602,2,-1,-118
1754050843.61446,0,-3,-133
1754050843.65046,8,3,-131
1754050843.68846,8,-3,-121
1754050843.72646,0,0,-120
1754050843.76446,-5,6,-125
1754050843.80346,-5,0,-139
1754050843.83946,0,-4,-124
1754050843.87746,2,-9,-125
1754050843.91546,0,-1,-129
1754050843.95446,-4,1,-126
1754050843.9904602,1,1,-132
1754050844.02746,1,-8,-128
1754050844.0654602,4,-3,-122
1754050844.10446,0,-8,-117
1754050844.14046,1,-8,-129
1754050844.17846,-2,-4,-129
1754050844.21646,2,-7,-128
1754050844.25446,6,0,-128
1754050844.29346,4,1,-121
1754050844.32946,0,-2,-123
1754050844.36746,-11,-1,-118
1754050844.40546,-1,0,-115
1754050844.4444602,0,1,-130
1754050844.4804602,0,8,-137
1754050844.51846,5,-2,-128
1754050844.55646,0,-5,-123
1754050844.5954602,5,-9,-133
1754050844.63346,1,-6,-127
1754050844.66946,4,-1,-124
1754050844.7074602,2,7,-123
1754050844.74546,-4,0,-127
1754050844.78446,5,0,-123
1754050844.82046,-5,2,-115
1754050844.8584602,0,-6,-122
1754050844.89646,2,-5,-126
1754050844.93546,-3,-4,-136
1754050844.9734602,0,-2,-123
1754050845.0094602,0,-7,-126
1754050845.04846,3,-14,-128
1754050845.08646,6,-8,-119
1754050845.12446,0,-4,-112
1754050845.16046,-1,-2,-117
1754050845.19846,2,-8,-116
1754050845.2364602,0,-4,-132
1754050845.27546,7,-1,-118
1754050845.31346,0,-2,-121
1754050845.34946,-6,-3,-127
1754050845.38746,2,-3,-123
1754050845.42546,-1,-5,-124
1754050845.46446,0,-5,-132
1754050845.50046,4,-8,-129
1754050845.53846,4,0,-115
1754050845.57646,0,3,-128
1754050845.6154602,3,-2,-132
1754050845.6514602,2,-2,-125
1754050845.6904602,2,-3,-122
1754050845.72746,7,-1,-122
1754050845.76546,0,1,-125
1754050845.80446,-3,-5,-118
1754050845.84046,5,-9,-129
1754050845.8784602,1,-5,-124
1754050845.9244602,-4,1,-121
1754050845.9604602,-7,3,-119
1754050845.99846,4,0,-117
1754050846.0364602,6,0,-117
1754050846.0754602,-1,-2,-129
1754050846.1114602,11,2,-131
1754050846.14846,5,3,-130
1754050846.18646,2,-3,-135
1754050846.22546,-1,-4,-124
1754050846.26146,-2,0,-118
1754050846.2994602,-1,-6,-116
1754050846.33746,-8,-2,-119
1754050846.37646,1,-5,-124
1754050846.4144602,9,-4,-120
1754050846.4504602,11,-6,-129
1754050846.48846,5,0,-121
1754050846.52746,4,3,-120
1754050846.5654602,5,3,-116
1754050846.60146,3,-1,-132
1754050846.6384602,-2,0,-119
1754050846.6774602,-4,-4,-121
1754050846.71546,-1,-4,-122
1754050846.75146,0,-5,-125
1754050846.78846,0,-6,-123
1754050846.82746,3,-1,-129
1754050846.8654602,3,-5,-131
1754050846.9014602,6,-3,-128
1754050846.93946,6,-5,-133
1754050846.97746,1,-11,-120
1754050847.0164602,3,-11,-127
1754050847.05446,0,2,-114
1754050847.09046,-2,-2,-119
1754050847.1284602,2,5,-116
1754050847.16646,5,0,-133
1754050847.20546,7,0,-136
1754050847.24146,-1,3,-129
1754050847.2794602,3,-6,-124
1754050847.31746,0,1,-131
1754050847.35646,2,-3,-130
1754050847.3944602,7,-3,-112
1754050847.43046,4,-3,-121
1754050847.46946,-5,-2,-125
1754050847.5064602,-4,2,-136
1754050847.54546,2,9,-132
1754050847.58146,0,-1,-123
1754050847.61946,0,-2,-124
1754050847.65646,-5,-4,-128
1754050847.69546,0,-3,-119
1754050847.73146,0,0,-124
1754050847.7694602,-1,-7,-123
1754050847.80646,5,-6,-122
1754050847.8454602,-1,-5,-123
1754050847.8814602,-3,-3,-121
1754050847.91946,-6,-3,-114
1754050847.9574602,-3,-5,-126
1754050847.9964602,4,0,-118
1754050848.0324602,4,0,-126
1754050848.07046,6,-3,-128
1754050848.1084602,-3,-3,-124
1754050848.14646,-4,1,-124
1754050848.18546,-1,-3,-131
1754050848.22146,10,0,-132
1754050848.25846,0,-2,-132
1754050848.2964602,4,-2,-133
1754050848.3354602,2,-1,-113
1754050848.3714602,9,-6,-117
1754050848.40946,6,-2,-116
1754050848.4474602,2,-2,-127
1754050848.4864602,-5,2,-131
1754050848.52246,-9,0,-129
1754050848.56046,-6,-1,-124
1754050848.5984602,0,0,-134
1754050848.63746,0,-3,-123
1754050848.67546,-1,-8,-128
1754050848.71246,0,-6,-121
1754050848.74946,-2,-2,-132
1754050848.78746,-2,-4,-110
1754050848.82646,3,-1,-117
1754050848.86246,0,0,-117
1754050848.89946,-2,4,-123
1754050848.9374602,3,1,-129
1754050848.97646,-1,5,-134
1754050849.01246,5,-1,-128
1754050849.05146,4,-7,-120
1754050849.08946,11,-7,-120
1754050849.12746,1,-10,-117
1754050849.16546,3,0,-126
1754050849.20246,1,-9,-131
1754050849.23946,-4,-5,-120
1754050849.27746,-5,-3,-135
1754050849.31646,1,0,-124
1754050849.35246,3,4,-135
1754050849.38946,1,-2,-137
1754050849.4274602,-1,-8,-124
1754050849.46646,5,-8,-128
1754050849.50246,0,-6,-127
1754050849.54046,1,-6,-123
1754050849.57846,-2,-4,-128
1754050849.61746,5,0,-131
1754050849.65546,1,2,-126
1754050849.69146,1,2,-119
1754050849.72846,0,-9,-121
1754050849.76746,1,-4,-129
1754050849.80346,0,-2,-138
1754050849.84146,3,0,-126
1754050849.87946,3,-1,-119
1754050849.9174602,-2,-5,-129
1754050849.95646,-4,7,-125
1754050849.99246,1,5,-132
1754050850.0294602,-2,-1,-125
1754050850.06846,-3,-3,-125
1754050850.10646,2,0,-123
1754050850.14246,-2,4,-133
1754050850.18146,3,-7,-127
1754050850.21846,0,0,-133
1754050850.25746,5,2,-141
1754050850.29346,4,2,-139
1754050850.33046,1,4,-131
1754050850.3684602,7,0,-128
1754050850.4074602,-3,-3,-115
1754050850.44346,0,5,-130
1754050850.4804602,4,-6,-138
1754050850.51846,-3,-6,-122
1754050850.55746,-4,-6,-122
1754050850.59346,-6,0,-127
1754050850.6314602,-6,0,-135
1754050850.66946,-2,-7,-130
1754050850.70846,3,-4,-128
1754050850.7464602,4,-4,-132
1754050850.7824602,-3,1,-131
1754050850.82046,-6,2,-129
1754050850.8584602,-2,0,-122
1754050850.89746,0,-1,-123
1754050850.93346,6,-6,-117
1754050850.97146,-1,-6,-130
1754050851.0094602,0,-2,-134
1754050851.04846,0,1,-128
1754050851.08646,4,0,-124
1754050851.12246,1,0,-117
1754050851.15946,1,2,-117
1754050851.19846,-1,5,-114
1754050851.2364602,2,-3,-113
1754050851.27246,-5,6,-119
1754050851.31046,-4,1,-137
1754050851.3484602,-2,-2,-131
1754050851.38746,-1,-3,-124
1754050851.42346,0,-1,-135
1754050851.46146,0,-5,-134
1754050851.49946,5,8,-118
1754050851.53846,7,3,-123
1754050851.57646,7,-5,-125
1754050851.61246,-1,2,-116
1754050851.6514602,0,-2,-118
1754050851.68846,-1,-4,-124
1754050851.72746,-6,-4,-121
1754050851.7634602,-6,3,-121
1754050851.80146,-1,2,-116
1754050851.83946,-3,1,-121
1754050851.8784602,0,2,-123
1754050851.9144602,-4,3,-120
1754050851.95246,-7,0,-121
1754050851.9904602,1,-1,-122
1754050852.02846,4,-1,-129
1754050852.06746,-3,-5,-118
1754050852.10346,-2,-4,-127
1754050852.1414602,-7,-5,-128
1754050852.17946,5,-3,-121
1754050852.21846,-1,-1,-126
1754050852.25446,-1,2,-118
1754050852.2924602,-3,-8,-123
1754050852.33046,-1,3,-124
1754050852.3684602,3,0,-128
1754050852.4074602,0,-8,-127
1754050852.44346,6,-3,-135
1754050852.48146,-4,-2,-142
1754050852.5194602,-2,-5,-127
1754050852.55846,-8,-10,-133
1754050852.59446,1,-3,-130
1754050852.63246,5,2,-123
1754050852.6714602,-3,0,-119
1754050852.70946,-4,-3,-127
1754050852.74746,0,1,-123
1754050852.78446,-1,6,-124
1754050852.82146,-3,3,-123
1754050852.85946,0,4,-131
1754050852.89846,3,-9,-120
1754050852.9344602,8,-2,-121
1754050852.97246,2,-5,-117
1754050853.01046,0,-4,-135
1754050853.0494602,-5,-1,-118
1754050853.08746,-5,0,-131
1754050853.12346,-5,-2,-124
1754050853.1614602,2,-7,-124
1754050853.19946,0,-3,-126
1754050853.23846,7,6,-134
1754050853.27446,4,6,-108
1754050853.31146,-5,1,-127
1754050853.35046,1,-3,-128
1754050853.3884602,2,0,-126
1754050853.4244602,6,0,-119
1754050853.46246,3,-2,-119
1754050853.50046,2,-3,-136
1754050853.5394602,7,-3,-129
1754050853.57746,0,5,-131
1754050853.61346,-1,1,-127
1754050853.6514602,-7,-1,-118
1754050853.68946,-11,-2,-121
1754050853.72846,-2,0,-123
1754050853.76446,2,-1,-123
1754050853.8024602,-1,-2,-122
1754050853.84046,-1,-3,-124
1754050853.87946,3,2,-127
1754050853.91546,-5,-4,-123
1754050853.95446,2,0,-127
1754050853.99146,-2,0,-130
1754050854.0294602,-5,-2,-120
1754050854.06846,2,-3,-130
1754050854.10446,-8,0,-127
1754050854.14246,0,1,-119
1754050854.18046,3,3,-122
1754050854.21946,7,-2,-132
1754050854.25546,6,0,-128
1754050854.29346,0,6,-125
1754050854.33146,-2,5,-124
1754050854.37046,0,2,-119
1754050854.40846,-4,0,-127
1754050854.4444602,-3,2,-121
1754050854.4834602,-7,2,-128
1754050854.52046,-1,-2,-121
1754050854.5594602,5,4,-140
1754050854.5954602,3,-4,-140
1754050854.63346,8,-2,-130
1754050854.6714602,2,0,-134
1754050854.70946,-2,0,-122
1754050854.74846,0,-7,-121
1754050854.78446,3,-4,-122
1754050854.82346,-7,0,-123
1754050854.8614602,-7,-4,-138
1754050854.89946,-1,-3,-125
1754050854.93646,4,-1,-130
1754050854.9734602,1,0,-122
1754050855.01146,4,13,-128
1754050855.05046,5,-1,-120
1754050855.0884602,2,-2,-116
1754050855.12446,2,3,-114
1754050855.1614602,12,6,-126
1754050855.2004602,2,-1,-127
1754050855.23846,0,0,-114
1754050855.27446,-1,-8,-114
1754050855.3124602,2,-2,-118
1754050855.35046,6,5,-121
1754050855.38946,2,-3,-123
1754050855.42546,4,-1,-123
1754050855.46246,4,-4,-118
1754050855.50046,0,-3,-122
1754050855.5394602,0,1,-118
1754050855.5754602,3,2,-121
1754050855.61246,-4,-1,-126
1754050855.65046,-8,-2,-136
1754050855.68946,7,-1,-133
1754050855.72546,2,-9,-118
1754050855.7634602,4,-4,-122
1754050855.80146,0,0,-131
1754050855.84046,3,0,-125
1754050855.8784602,1,0,-122
1754050855.9144602,0,0,-120
1754050855.9604602,6,0,-128
1754050855.99846,2,2,-126
1754050856.03546,-2,1,-129
1754050856.0724602,-1,1,-126
1754050856.11046,2,-2,-134
1754050856.14946,0,-5,-127
1754050856.18546,-9,-5,-136
1754050856.2234602,-7,9,-127
1754050856.26146,-6,-4,-119
1754050856.30046,-4,-2,-127
1754050856.33646,-1,-5,-130
1754050856.37446,3,6,-126
1754050856.41246,3,-6,-132
1754050856.45146,1,0,-130
1754050856.48946,-5,0,-134
1754050856.52546,-5,-1,-133
1754050856.56346,-4,-4,-140
1754050856.60146,2,-5,-126
1754050856.64046,0,2,-108
1754050856.67646,3,0,-122
1754050856.7134602,0,0,-116
1754050856.75146,-1,1,-118
1754050856.79046,4,1,-127
1754050856.82946,-3,6,-128
1754050856.8654602,-12,3,-132
1754050856.90346,-3,0,-128
1754050856.94146,1,1,-135
1754050856.9804602,1,0,-128
1754050857.0164602,1,-2,-119
1754050857.05446,6,-5,-126
1754050857.0924602,-6,-5,-128
1754050857.1314602,3,-7,-129
1754050857.16946,6,-6,-123
1754050857.20546,0,-7,-123
1754050857.2434602,7,-1,-129
1754050857.2824602,4,-2,-126
1754050857.32046,-4,3,-130
1754050857.35646,1,0,-131
1754050857.3944602,0,-1,-136
1754050857.43246,3,-1,-134
1754050857.47146,3,-5,-126
1754050857.5094602,-1,-10,-126
1754050857.54546,2,-5,-131
1754050857.58346,-6,-6,-119
1754050857.6214602,-2,-2,-124
1754050857.66046,-7,0,-124
1754050857.69646,1,1,-114
1754050857.73446,2,-1,-122
1754050857.77246,-3,-4,-120
1754050857.81146,3,0,-127
1754050857.84946,9,0,-131
1754050857.88546,-3,3,-130
1754050857.92346,-4,2,-130
1754050857.96146,7,-1,-128
1754050858.00046,-1,3,-128
1754050858.0364602,6,-5,-128
1754050858.07446,0,-5,-134
1754050858.11246,0,-7,-129
1754050858.1514602,6,-7,-127
1754050858.1874602,4,0,-122
1754050858.22646,-2,-3,-114
1754050858.2634602,-1,-6,-127
1754050858.30146,0,-1,-127
1754050858.34046,5,-5,-125
1754050858.37646,2,-6,-127
1754050858.41346,0,-3,-116
1754050858.45246,-2,-1,-117
1754050858.4904602,3,0,-135
1754050858.5264602,8,-3,-128
1754050858.5654602,4,-1,-125
1754050858.60246,0,-3,-118
1754050858.6414602,7,6,-122
1754050858.6774602,0,0,-119
1754050858.71546,0,-4,-115
1754050858.75246,0,-5,-123
1754050858.79146,0,-10,-126
1754050858.82746,2,-7,-130
1754050858.8654602,10,-7,-118
1754050858.90346,-1,-3,-114
1754050858.94246,-4,-1,-117
1754050858.9804602,-6,-3,-124
1754050859.0164602,-3,-2,-120
1754050859.05446,4,-1,-120
1754050859.0924602,-1,1,-126
1754050859.1314602,-1,-1,-122
1754050859.1674602,0,0,-127
1754050859.20446,6,-2,-122
1754050859.24246,-4,-5,-127
1754050859.28146,7,-6,-126
1754050859.31746,-1,-1,-127
1754050859.3554602,3,1,-120
1754050859.39346,8,0,-130
1754050859.43246,9,-1,-131
1754050859.4704602,5,-6,-124
1754050859.5064602,7,-9,-119
1754050859.54446,5,-3,-136
1754050859.5824602,2,0,-119
1754050859.6214602,4,2,-126
1754050859.6574602,8,0,-129
1754050859.69546,12,7,-124
1754050859.73246,6,-2,-121
1754050859.77146,3,-11,-134
1754050859.80746,0,-3,-132
1754050859.8454602,0,-3,-126
1754050859.88346,3,7,-133
1754050859.92246,6,1,-129
1754050859.9604602,4,2,-120
1754050859.9964602,-3,-8,-131
1754050860.03546,-8,-5,-133
1754050860.0724602,2,0,-125
1754050860.1114602,-1,-2,-127
1754050860.14746,2,-7,-119
1754050860.18546,1,-4,-123
1754050860.2234602,-3,1,-124
1754050860.26246,2,2,-133
1754050860.29846,-4,-1,-132
1754050860.33646,-6,0,-127
1754050860.37446,3,-4,-129
1754050860.41246,7,-9,-120
1754050860.45146,0,-6,-130
1754050860.48746,2,-4,-129
1754050860.52546,-3,-3,-130
1754050860.56446,8,-7,-134
1754050860.60246,13,-8,-137
1754050860.6384602,12,-7,-131
1754050860.67646,8,-2,-117
1754050860.71446,0,-3,-122
1754050860.75246,2,0,-125
1754050860.79146,3,3,-126
1754050860.82746,-2,-2,-132
1754050860.8654602,-4,0,-123
1754050860.90346,-4,0,-123
1754050860.94246,-5,-10,-119
1754050860.97846,0,-1,-128
1754050861.0164602,0,0,-125
1754050861.05546,-4,-4,-117
1754050861.09346,0,0,-129
1754050861.1314602,-2,1,-127
1754050861.1674602,2,-7,-120
1754050861.20546,-2,-5,-131
1754050861.2434602,1,-3,-138
1754050861.2824602,-4,-4,-132
1754050861.31846,0,-6,-127
1754050861.35646,2,0,-112
1754050861.3944602,5,3,-120
1754050861.43346,5,0,-128
1754050861.47146,0,4,-119
1754050861.50746,3,1,-116
1754050861.54446,6,0,-127
1754050861.58346,1,-5,-131
1754050861.6214602,2,2,-123
1754050861.6574602,0,7,-124
1754050861.6944602,0,-4,-123
1754050861.7334602,7,-1,-120
1754050861.77146,2,-5,-117
1754050861.80746,2,-5,-133
1754050861.8454602,5,-1,-132
1754050861.88346,8,0,-134
1754050861.92246,7,0,-135
1754050861.95846,4,-1,-139
1754050861.99746,1,-2,-128
1754050862.03446,-4,-5,-129
1754050862.07346,-3,-3,-134
1754050862.10946,0,-2,-137
1754050862.14746,1,-8,-144
1754050862.18546,-10,-6,-138
1754050862.2234602,4,-1,-122
1754050862.26246,3,-3,-126
1754050862.29846,2,0,-132
1754050862.3354602,0,-2,-126
1754050862.37346,4,-3,-123
1754050862.41246,0,0,-124
1754050862.44846,3,11,-116
1754050862.48546,-3,-5,-125
1754050862.52346,7,-1,-127
1754050862.5624602,-4,2,-115
1754050862.5984602,1,0,-126
1754050862.63546,10,1,-121
1754050862.67346,0,6,-126
1754050862.71246,-4,0,-123
1754050862.74846,0,-4,-124
1754050862.7864602,6,-2,-128
1754050862.82446,-4,3,-134
1754050862.86346,4,7,-124
1754050862.89946,0,1,-125
1754050862.93646,-2,1,-131
1754050862.97446,-5,-10,-131
1754050863.0134602,5,-6,-134
1754050863.0494602,6,-7,-126
1754050863.0884602,3,-5,-130
1754050863.12546,3,2,-131
1754050863.1644602,4,5,-128
1754050863.20246,-1,2,-138
1754050863.23846,2,-2,-137
1754050863.2764602,-3,0,-137
1754050863.31446,1,-5,-127
1754050863.35346,1,-6,-134
1754050863.38946,-9,-3,-115
1754050863.4274602,-9,-9,-117
1754050863.46546,-1,-2,-123
1754050863.50446,-2,0,-123
1754050863.5424602,-4,4,-129
1754050863.57846,0,1,-132
1754050863.6154602,0,5,-122
1754050863.6544602,0,5,-123
1754050863.69246,2,1,-131
1754050863.72846,2,-1,-137
1754050863.76746,1,-3,-121
1754050863.80446,3,-2,-116
1754050863.84346,-1,1,-125
1754050863.88046,-1,-1,-129
1754050863.9174602,0,-7,-128
1754050863.95546,1,0,-124
1754050863.99446,5,-2,-132
1754050864.0324602,-10,-1,-117
1754050864.06846,-3,-1,-125
1754050864.10646,1,0,-123
1754050864.14546,2,-2,-119
1754050864.18346,3,2,-120
1754050864.21946,6,-3,-121
1754050864.25746,-1,-2,-126
1754050864.29546,1,0,-126
1754050864.33446,5,-5,-117
1754050864.37046,3,-8,-126
1754050864.40846,-4,-5,-135
1754050864.44646,0,-5,-133
1754050864.48446,1,-7,-124
1754050864.52346,0,-2,-115
1754050864.5594602,-5,-4,-116
1754050864.59746,-8,-1,-107
1754050864.63546,0,-5,-112
1754050864.6744602,-8,0,-118
1754050864.7104602,-4,0,-124
1754050864.74846,0,-5,-126
1754050864.7864602,3,-2,-121
1754050864.82446,1,-1,-118
1754050864.86346,-2,4,-125
1754050864.89946,0,13,-128
1754050864.9374602,1,-1,-129
1754050864.97446,4,-2,-142
1754050865.0134602,-2,-9,-127
1754050865.0494602,0,-2,-116
1754050865.08746,0,-5,-121
1754050865.12546,2,-4,-129
1754050865.1644602,-7,0,-121
1754050865.2004602,1,0,-125
1754050865.23746,-3,0,-121
1754050865.27546,-5,4,-127
1754050865.31446,0,0,-121
1754050865.35046,-4,-1,-124
1754050865.3884602,-2,4,-113
1754050865.42646,0,1,-116
1754050865.46546,1,5,-119
1754050865.5034602,-6,0,-123
1754050865.54046,-2,1,-120
1754050865.57746,1,1,-122
1754050865.6154602,1,0,-121
1754050865.6544602,1,-1,-121
1754050865.6904602,5,0,-117
1754050865.72746,6,-3,-120
1754050865.76546,-2,-4,-123
1754050865.80446,1,-4,-126
1754050865.84046,-1,0,-124
1754050865.87746,-1,0,-117
1754050865.91546,2,-6,-112
1754050865.95446,2,-6,-113
1754050865.99846,3,0,-125
1754050866.0364602,-1,-6,-117
1754050866.0754602,-3,0,-120
1754050866.11346,3,-7,-124
1754050866.14946,3,-2,-123
1754050866.1874602,0,-4,-120
1754050866.22546,5,-3,-126
1754050866.26446,1,-3,-121
1754050866.30046,-2,-3,-122
1754050866.3384602,4,2,-122
1754050866.37646,-2,-1,-132
1754050866.41546,7,0,-130
1754050866.45146,1,-9,-112
1754050866.48946,10,0,-121
1754050866.52746,4,-1,-125
1754050866.5654602,1,1,-132
1754050866.60446,1,0,-109
1754050866.64046,0,0,-120
1754050866.6774602,0,-1,-136
1754050866.71546,-2,-2,-132
1754050866.75446,0,7,-131
1754050866.79046,3,-3,-119
1754050866.82846,-3,-8,-116
1754050866.86646,-1,-5,-128
1754050866.90546,-1,0,-133
1754050866.94146,-2,-6,-136
1754050866.97946,-10,8,-132
1754050867.01746,-13,-2,-123
1754050867.05546,-5,0,-121
1754050867.09446,4,-6,-128
1754050867.13046,2,-8,-132
1754050867.16846,1,0,-135
1754050867.2074602,-6,2,-130
1754050867.24546,1,0,-132
1754050867.28146,0,5,-118
1754050867.3194602,-3,0,-124
1754050867.3584602,0,0,-133
1754050867.39646,-1,0,-125
1754050867.4344602,-7,3,-118
1754050867.47146,-1,0,-129
1754050867.50846,-2,1,-132
1754050867.5464602,-3,-4,-138
1754050867.5854602,-11,0,-138
1754050867.6214602,-6,-1,-125
1754050867.65946,-5,-5,-141
1754050867.6974602,2,-4,-140
1754050867.7364602,-2,-7,-121
1754050867.77446,0,0,-125
1754050867.81046,5,-3,-118
1754050867.8484602,4,0,-129
1754050867.88746,-2,0,-112
1754050867.92546,-4,4,-109
1754050867.96146,-2,0,-104
1754050867.99946,0,0,-119
1754050868.03746,-4,-2,-122
1754050868.07646,1,3,-119
1754050868.11446,-2,-2,-119
1754050868.15046,-2,0,-129
1754050868.18846,-2,1,-124
1754050868.22646,0,-2,-127
1754050868.26546,4,0,-135
1754050868.30146,1,-1,-119
1754050868.33946,3,-2,-121
1754050868.37746,-2,3,-131
1754050868.41646,-1,3,-133
1754050868.45246,-5,1,-126
1754050868.49146,-1,0,-123
1754050868.52846,0,6,-115
1754050868.56746,0,0,-115
1754050868.6054602,0,0,-124
1754050868.6414602,-8,1,-119
1754050868.68046,-9,-2,-121
1754050868.7174602,-3,0,-130
1754050868.7564602,0,0,-139
1754050868.7924602,4,0,-142
1754050868.83046,7,3,-120
1754050868.86746,-1,-2,-125
1754050868.90646,-1,-5,-117
1754050868.94246,-2,-6,-122
1754050868.9804602,1,-5,-118
1754050869.01846,0,-3,-121
1754050869.05646,-3,-1,-125
1754050869.0954602,12,0,-138
1754050869.1314602,4,-1,-127
1754050869.17046,4,-8,-117
1754050869.2074602,1,2,-120
1754050869.2464602,2,8,-126
1754050869.2824602,0,6,-120
1754050869.32146,2,1,-122
1754050869.3584602,1,1,-121
1754050869.39746,3,0,-119
1754050869.43546,3,2,-126
1754050869.47146,8,-1,-135
1754050869.5094602,0,4,-120
1754050869.54746,-1,-2,-116
1754050869.58646,6,-2,-119
1754050869.62246,4,-2,-117
1754050869.66046,-3,0,-126
1754050869.69846,-5,0,-124
1754050869.73746,2,0,-125
1754050869.77546,7,-3,-124
1754050869.81146,2,-3,-128
1754050869.84946,1,-5,-127
1754050869.88746,-2,0,-122
1754050869.92646,-4,0,-114
1754050869.96246,0,5,-117
1754050869.99946,-5,-4,-122
1754050870.03846,1,0,-127
1754050870.07746,4,1,-126
1754050870.1154602,6,-4,-125
1754050870.1514602,0,0,-137
1754050870.18846,1,5,-128
1754050870.22746,0,-1,-117
1754050870.26546,-2,-6,-120
1754050870.30146,0,-1,-124
1754050870.3384602,-1,-6,-143
1754050870.37746,1,-2,-125
1754050870.41346,-2,-4,-115
1754050870.45146,-3,-1,-125
1754050870.48946,4,-5,-126
1754050870.52746,0,4,-137
1754050870.56646,-1,-7,-128
1754050870.60246,0,-5,-123
1754050870.63946,1,2,-123
1754050870.6774602,2,4,-120
1754050870.71646,-4,9,-121
1754050870.75246,0,3,-133
1754050870.7894602,2,4,-131
1754050870.82746,-6,4,-127
1754050870.86646,-5,5,-133
1754050870.90246,-2,-2,-131
1754050870.9404602,4,-2,-135
1754050870.97846,2,-7,-124
1754050871.01746,2,-5,-125
1754050871.05346,1,3,-132
1754050871.09146,-7,-2,-125
1754050871.12946,-1,4,-131
1754050871.1674602,1,3,-124
1754050871.20646,1,-1,-112
1754050871.24246,0,1,-117
1754050871.2794602,0,6,-121
1754050871.31846,3,-2,-115
1754050871.35646,6,0,-130
1754050871.39246,0,-3,-139
1754050871.43146,1,-7,-133
1754050871.46846,-1,-5,-132
1754050871.50746,8,-3,-131
1754050871.54346,6,0,-132
1754050871.58046,9,6,-129
1754050871.6184602,6,0,-126
1754050871.6574602,0,0,-125
1754050871.69346,0,-1,-123
1754050871.73146,-4,2,-123
1754050871.7694602,-5,0,-114
1754050871.80846,0,0,-130
1754050871.84646,-2,-2,-123
1754050871.88246,3,-3,-116
1754050871.92046,-3,-5,-135
1754050871.95946,0,-2,-117
1754050871.99746,-1,-1,-131
1754050872.03346,-3,-3,-120
1754050872.07146,-7,2,-126
1754050872.10946,-4,-2,-122
1754050872.14846,-2,0,-128
1754050872.18646,3,1,-125
1754050872.22246,10,-6,-120
1754050872.26046,3,-3,-119
1754050872.29846,8,-2,-123
1754050872.33746,10,-10,-130
1754050872.37346,4,-9,-130
1754050872.4114602,-5,0,-130
1754050872.44946,-4,-2,-128
1754050872.48846,0,-1,-123
1754050872.52446,7,3,-116
1754050872.56146,5,3,-111
1754050872.59946,5,-8,-114
1754050872.6384602,1,0,-112
1754050872.6744602,4,5,-126
1754050872.71246,6,5,-130
1754050872.75046,1,0,-131
1754050872.78846,2,3,-115
1754050872.82746,-3,-3,-108
1754050872.86346,4,-5,-122
1754050872.9014602,-1,-7,-133
1754050872.93946,5,-9,-121
1754050872.97846,0,-6,-129
1754050873.01446,0,-4,-125
1754050873.0524602,3,-12,-132
1754050873.09046,1,0,-128
1754050873.1284602,-1,-5,-128
1754050873.1674602,0,-7,-138
1754050873.20346,0,-5,-122
1754050873.24146,4,-3,-133
1754050873.2794602,2,-1,-130
1754050873.31846,-4,-7,-120
1754050873.35446,-9,-4,-120
1754050873.39246,-4,8,-130
1754050873.43046,2,0,-123
1754050873.46946,8,-2,-120
1754050873.50746,0,-3,-124
1754050873.54346,2,0,-129
1754050873.58046,1,0,-125
1754050873.61946,7,-3,-130
1754050873.6574602,1,1,-116
1754050873.69346,3,0,-121
1754050873.7304602,-4,0,-125
1754050873.7694602,-4,1,-131
1754050873.80746,-5,2,-125
1754050873.84346,-1,5,-123
1754050873.8814602,1,6,-115
1754050873.92046,1,-3,-127
1754050873.95846,-2,-2,-123
1754050873.99446,0,-4,-124
1754050874.03146,-3,-6,-128
1754050874.0694602,4,4,-125
1754050874.1084602,4,7,-136
1754050874.1444602,3,-1,-132
1754050874.18246,4,-6,-125
1754050874.2204602,1,-6,-124
1754050874.2594602,6,0,-124
1754050874.29746,0,-3,-119
1754050874.33346,-3,1,-131
1754050874.3714602,0,-2,-123
1754050874.40946,5,0,-133
1754050874.44846,2,3,-134
1754050874.48446,3,-2,-126
1754050874.52246,-1,1,-129
1754050874.56046,-1,-1,-126
1754050874.59946,-1,0,-123
1754050874.63546,-4,-6,-127
1754050874.67346,3,0,-115
1754050874.71146,-2,-3,-116
1754050874.75046,-2,2,-117
1754050874.78846,-4,0,-129
1754050874.8254602,-3,-1,-128
1754050874.86246,-4,-6,-134
1754050874.90046,0,1,-129
1754050874.93946,0,0,-138
1754050874.97546,-1,0,-128
1754050875.01246,5,1,-115
1754050875.05046,6,1,-115
1754050875.08946,-2,-2,-132
1754050875.12546,-2,0,-123
1754050875.16246,-5,-8,-136
1754050875.2004602,0,-6,-125
1754050875.23946,-6,0,-121
1754050875.27546,-1,-3,-113
1754050875.31346,3,2,-122
1754050875.35146,7,-2,-124
1754050875.39046,0,-5,-123
1754050875.42846,-4,-2,-126
1754050875.46446,0,4,-135
1754050875.50146,2,-2,-129
1754050875.54046,-7,-2,-133
1754050875.57846,-6,1,-122
1754050875.61446,-4,0,-126
1754050875.65246,-3,1,-120
1754050875.6904602,-4,-2,-118
1754050875.72946,-1,0,-130
1754050875.76546,2,-2,-114
1754050875.80346,1,0,-125
1754050875.8424602,0,0,-124
1754050875.88046,3,-4,-122
1754050875.91846,2,-3,-133
1754050875.95446,0,0,-132
1754050875.99146,-3,-6,-126
1754050876.03546,2,-2,-126
1754050876.07346,5,-3,-121
1754050876.1114602,9,-8,-117
1754050876.15046,9,-9,-129
1754050876.18846,3,-7,-125
1754050876.22446,-1,-12,-129
1754050876.26246,0,-3,-131
1754050876.30146,11,2,-140
1754050876.33946,1,7,-129
1754050876.37546,-1,0,-130
1754050876.41346,-11,0,-128
1754050876.45146,0,-5,-116
1754050876.4904602,0,3,-124
1754050876.52846,-1,-2,-122
1754050876.56446,-2,-4,-119
1754050876.60246,-4,0,-118
1754050876.6414602,-2,-1,-120
1754050876.67946,-10,2,-117
1754050876.71546,-4,2,-129
1754050876.7534602,4,0,-118
1754050876.79146,0,0,-118
1754050876.83046,2,0,-113
1754050876.86646,-5,-2,-114
1754050876.90546,0,0,-116
1754050876.94346,7,0,-124
1754050876.9804602,5,5,-128
1754050877.0194602,4,2,-120
1754050877.05546,1,2,-123
1754050877.09346,6,9,-128
1754050877.13046,3,0,-121
1754050877.16946,3,-1,-132
1754050877.20546,5,-1,-127
1754050877.2434602,1,-4,-127
1754050877.28146,6,-1,-137
1754050877.32046,-2,-7,-135
1754050877.35646,-2,-4,-137
1754050877.3944602,3,-4,-127
1754050877.43246,1,-2,-129
1754050877.47146,0,0,-129
1754050877.5094602,0,-3,-127
1754050877.54546,3,-2,-127
1754050877.58346,15,1,-135
1754050877.6214602,11,3,-126
1754050877.66046,5,0,-125
1754050877.69646,5,-3,-126
1754050877.73446,9,0,-119
1754050877.77246,4,-3,-129
1754050877.81146,0,-6,-127
1754050877.84946,-4,1,-125
1754050877.88546,-3,-1,-127
1754050877.92346,-3,0,-112
1754050877.96146,-2,-7,-114
1754050878.00046,1,-9,-129
1754050878.0364602,5,-6,-138
1754050878.07446,-5,-11,-123
1754050878.11246,0,-1,-114
1754050878.1514602,0,-1,-123
1754050878.18946,-1,0,-120
1754050878.22546,2,3,-119
1754050878.2634602,2,1,-106
1754050878.30146,5,-3,-123
1754050878.33946,2,-4,-122
1754050878.37546,12,-3,-120
1754050878.4144602,1,-1,-123
1754050878.45146,4,1,-121
1754050878.4904602,-5,-6,-128
1754050878.5264602,-9,-3,-121
1754050878.56446,-5,0,-126
1754050878.60246,-1,0,-130
1754050878.6414602,-4,-3,-121
1754050878.6774602,-2,-4,-127
1754050878.71546,6,-2,-130
1754050878.7534602,0,0,-120
1754050878.79146,4,0,-116
1754050878.83046,-4,-4,-112
1754050878.86646,-4,-8,-116
1754050878.9044602,-7,0,-122
1754050878.94246,2,-6,-116
1754050878.98146,2,-5,-119
1754050879.01746,3,-4,-125
1754050879.05546,3,1,-119
1754050879.09346,8,-3,-117
1754050879.1314602,7,-7,-118
1754050879.17046,-6,-3,-131
1754050879.20646,-3,0,-124
1754050879.24446,4,0,-134
1754050879.28146,-3,1,-125
1754050879.32046,0,-3,-132
1754050879.35646,7,-1,-127
1754050879.3944602,4,-6,-129
1754050879.43246,2,-4,-133
1754050879.47146,0,3,-136
1754050879.50746,1,-5,-133
1754050879.54546,-2,-4,-127
1754050879.58346,2,-6,-124
1754050879.62246,2,-5,-128
1754050879.66046,-1,0,-107
1754050879.69646,-5,-1,-108
1754050879.73446,1,-5,-122
1754050879.77246,-4,-7,-126
1754050879.81146,2,-4,-128
1754050879.84746,-3,-5,-117
1754050879.88546,0,-1,-114
1754050879.9244602,-1,0,-130
1754050879.96246,0,-6,-133
1754050880.00046,-5,-9,-122
1754050880.0364602,-11,-10,-121
1754050880.07446,0,-6,-134
1754050880.11246,0,-4,-127
1754050880.1514602,1,-8,-132
1754050880.1874602,0,-4,-128
1754050880.22446,-1,-1,-127
1754050880.26246,-5,-2,-120
1754050880.30146,-1,4,-133
1754050880.33746,1,1,-131
1754050880.37446,-8,-6,-134
1754050880.41246,6,-4,-139
1754050880.45146,0,-8,-125
1754050880.48746,1,-1,-118
1754050880.52546,4,-3,-134
1754050880.56346,-3,-4,-139
1754050880.60246,4,2,-131
1754050880.64046,12,0,-126
1754050880.67646,8,0,-130
1754050880.7134602,6,7,-137
1754050880.75246,10,1,-127
1754050880.78846,8,0,-124
1754050880.82746,0,-5,-136
1754050880.86446,0,-9,-122
1754050880.90246,-4,-6,-111
1754050880.94146,-2,1,-122
1754050880.97746,0,2,-125
1754050881.01546,-4,0,-129
1754050881.05446,-4,-3,-128
1754050881.0924602,2,-5,-124
1754050881.1284602,5,-8,-128
1754050881.16646,-4,0,-119
1754050881.20446,0,-10,-124
1754050881.24246,1,-7,-117
1754050881.28146,1,-4,-128
1754050881.31746,-3,-8,-125
1754050881.3554602,-4,-3,-131
1754050881.39346,3,-7,-124
1754050881.43246,2,-2,-123
1754050881.46846,-1,-3,-126
1754050881.50746,4,-1,-133
1754050881.54446,0,-3,-128
1754050881.58346,3,1,-126
1754050881.6214602,6,-6,-126
1754050881.6574602,5,-5,-121
1754050881.69546,1,-6,-122
1754050881.7334602,2,-14,-117
1754050881.77246,-1,-7,-130
1754050881.80846,1,-3,-128
1754050881.84646,-3,1,-132
1754050881.8844602,4,2,-128
1754050881.92346,3,1,-124
1754050881.96146,0,0,-133
1754050881.99746,-2,1,-135
1754050882.03546,-1,3,-123
1754050882.07346,1,-4,-109
1754050882.11246,0,0,-120
1754050882.14846,-4,1,-114
1754050882.18646,-1,1,-121
1754050882.22546,-4,-1,-125
1754050882.2634602,4,0,-122
1754050882.30146,-1,3,-129
1754050882.33746,-1,5,-125
1754050882.37546,7,0,-123
1754050882.41346,-3,-4,-126
1754050882.45246,-2,0,-113
1754050882.48846,-6,-2,-118
1754050882.5264602,-4,-3,-131
1754050882.56446,-3,-6,-128
1754050882.60346,5,-3,-129
1754050882.6414602,0,-1,-121
1754050882.6774602,0,-5,-122
1754050882.71546,9,0,-131
1754050882.7534602,-1,0,-122
1754050882.7924602,0,-7,-126
1754050882.82846,-4,0,-129
1754050882.86646,-6,-9,-133
1754050882.90546,9,-3,-126
1754050882.94346,5,0,-119
1754050882.97946,1,3,-115
1754050883.0164602,0,1,-119
1754050883.05546,0,-1,-124
1754050883.09346,0,2,-124
1754050883.12946,-3,0,-133
1754050883.1674602,-5,4,-121
1754050883.20546,-2,-5,-127
1754050883.2434602,-4,-4,-119
1754050883.2824602,-2,-1,-106
1754050883.31846,-1,-5,-126
1754050883.35646,4,2,-124
1754050883.3944602,3,-3,-126
1754050883.43346,6,-2,-136
1754050883.46946,0,-5,-131
1754050883.50746,7,0,-122
1754050883.54546,5,-3,-128
1754050883.58346,1,-2,-126
1754050883.62246,3,-1,-116
1754050883.65846,2,0,-119
1754050883.69546,0,-7,-114
1754050883.73446,9,2,-116
1754050883.77246,2,-3,-128
1754050883.80846,-2,-2,-140
1754050883.84746,0,1,-122
1754050883.8844602,3,3,-119
1754050883.92346,1,0,-125
1754050883.95946,0,2,-129
1754050883.9964602,1,3,-125
1754050884.03446,0,3,-129
1754050884.07346,8,0,-125
1754050884.10946,5,0,-134
1754050884.14646,0,-4,-121
1754050884.1844602,2,-5,-128
1754050884.2234602,1,-4,-139
1754050884.2594602,2,1,-133
1754050884.2964602,3,3,-116
1754050884.33446,-1,5,-133
1754050884.37346,-3,0,-120
1754050884.40946,-7,-2,-131
1754050884.4474602,2,1,-127
1754050884.48546,6,5,-127
1754050884.52446,3,1,-123
1754050884.5624602,1,-6,-117
1754050884.5984602,2,0,-109
1754050884.63646,-1,-1,-119
1754050884.6744602,0,2,-127
1754050884.7134602,-1,-1,-121
1754050884.74946,0,1,-119
1754050884.7864602,4,3,-123
1754050884.82446,-8,3,-126
1754050884.86346,-3,4,-123
1754050884.89946,2,1,-125
1754050884.9374602,-4,3,-114
1754050884.97546,0,-2,-114
1754050885.01446,3,-6,-115
1754050885.05046,1,-5,-126
1754050885.0884602,5,3,-140
1754050885.12646,1,3,-133
1754050885.1644602,2,0,-123
1754050885.20346,2,5,-107
1754050885.23946,1,5,-108
1754050885.27746,-1,1,-108
1754050885.3154602,-2,-3,-122
1754050885.35446,-5,-8,-133
1754050885.39046,0,-6,-125
1754050885.4274602,-1,0,-137
1754050885.46546,-2,-1,-129
1754050885.50446,2,0,-121
1754050885.54046,11,0,-123
1754050885.57746,2,3,-122
1754050885.6154602,0,1,-128
1754050885.6544602,-4,0,-123
1754050885.6904602,4,5,-127
1754050885.72746,8,6,-128
1754050885.76546,-2,0,-124
1754050885.80446,-3,1,-118
1754050885.84046,1,-3,-120
1754050885.8784602,-1,0,-120
1754050885.91646,-2,-2,-122
1754050885.95546,-1,-2,-115
1754050885.9934602,-2,-2,-129
1754050886.03746,-3,-4,-129
1754050886.0754602,0,-1,-134
1754050886.11446,1,0,-139
1754050886.15046,0,0,-123
1754050886.1874602,-6,1,-125
1754050886.22546,0,-3,-131
1754050886.26446,-2,-4,-121
1754050886.30046,0,-1,-117
1754050886.33746,5,3,-124
1754050886.37546,-1,0,-120
1754050886.4144602,-5,-2,-130
1754050886.4504602,0,0,-118
1754050886.48946,4,0,-132
1754050886.5264602,0,-2,-124
1754050886.5654602,6,-3,-126
1754050886.60346,10,2,-124
1754050886.63946,9,3,-125
1754050886.67646,2,8,-121
1754050886.71546,3,8,-125
1754050886.7534602,1,-1,-126
1754050886.7894602,2,-10,-126
1754050886.82746,-4,-5,-121
1754050886.8654602,-4,1,-115
1754050886.9044602,6,0,-118
1754050886.9404602,0,0,-120
1754050886.97846,0,-2,-121
1754050887.0164602,-6,0,-123
1754050887.05546,-3,0,-124
1754050887.09146,2,1,-128
1754050887.1284602,0,-3,-121
1754050887.16646,2,-8,-122
1754050887.20546,-10,-2,-127
1754050887.24146,-7,2,-123
1754050887.2794602,6,0,-120
1754050887.31746,-3,3,-126
1754050887.3554602,2,4,-126
1754050887.3944602,3,5,-122
1754050887.43046,5,3,-128
1754050887.46846,2,-1,-129
1754050887.5064602,7,1,-132
1754050887.54546,5,1,-132
1754050887.58146,-2,-1,-132
1754050887.61946,3,-1,-119
1754050887.65846,-3,3,-126
1754050887.69546,0,-2,-114
1754050887.73446,0,-7,-125
1754050887.77046,0,4,-128
1754050887.80846,11,-2,-129
1754050887.84646,11,1,-123
1754050887.8844602,-1,1,-127
1754050887.92046,5,-2,-132
1754050887.95846,0,-11,-124
1754050887.9964602,4,-5,-127
1754050888.03546,0,0,-120
1754050888.07146,2,-3,-127
1754050888.10946,7,6,-128
1754050888.14746,9,4,-120
1754050888.18646,0,-2,-129
1754050888.22446,9,-3,-120
1754050888.26046,3,-3,-123
1754050888.29846,-2,5,-125
1754050888.33646,2,4,-122
1754050888.37546,-1,0,-126
1754050888.4114602,6,0,-131
1754050888.44846,5,0,-122
1754050888.4864602,-2,-8,-122
1754050888.52546,-1,-6,-118
1754050888.56146,-1,-7,-128
1754050888.59946,-3,-4,-127
1754050888.63746,-3,-1,-132
1754050888.67646,2,-5,-129
1754050888.71446,3,-9,-122
1754050888.75046,0,-4,-118
1754050888.78846,1,-3,-123
1754050888.82646,-1,-2,-131
1754050888.8654602,3,0,-127
1754050888.9014602,3,1,-123
1754050888.93946,10,-8,-119
1754050888.97746,8,-4,-119
1754050889.0164602,0,2,-121
1754050889.0524602,3,-1,-121
1754050889.09046,0,-7,-125
1754050889.12946,-7,-5,-127
1754050889.16646,5,-8,-125
1754050889.20546,10,-2,-118
1754050889.24146,2,-2,-112
1754050889.2794602,-2,1,-118
1754050889.31746,-1,0,-129
1754050889.35646,-4,-3,-129
1754050889.39246,0,-1,-127
1754050889.43046,1,-6,-125
1754050889.46846,0,-1,-128
1754050889.5064602,0,0,-122
1754050889.54546,5,-6,-125
1754050889.58146,7,-4,-129
1754050889.62046,0,-3,-121
1754050889.6574602,0,0,-124
1754050889.69646,2,-6,-116
1754050889.73246,-5,0,-134
1754050889.77046,0,0,-128
1754050889.8094602,6,-4,-129
1754050889.84746,1,0,-128
1754050889.88546,-3,-1,-131
1754050889.9214602,-4,-1,-133
1754050889.95946,7,4,-134
1754050889.99746,6,1,-122
1754050890.0364602,-4,0,-124
1754050890.0724602,3,5,-125
1754050890.10946,3,6,-131
1754050890.14746,0,1,-129
1754050890.18646,3,-1,-128
1754050890.22246,4,-6,-120
1754050890.26046,3,-3,-121
1754050890.29846,6,-3,-133
1754050890.33746,7,-1,-125
1754050890.37546,3,0,-121
1754050890.41246,0,3,-113
1754050890.44946,2,4,-120
1754050890.48746,0,5,-124
1754050890.5264602,0,-3,-125
1754050890.5624602,2,-1,-122
1754050890.60046,2,0,-122
1754050890.6384602,3,0,-117
1754050890.6774602,1,0,-128
1754050890.71546,0,-1,-125
1754050890.75146,2,-4,-129
1754050890.7894602,5,0,-122
1754050890.82746,-4,0,-134
1754050890.86646,-1,-9,-127
1754050890.90246,-1,-1,-132
1754050890.9404602,-2,-2,-133
1754050890.97846,4,-1,-131
1754050891.01746,-2,-2,-132
1754050891.05346,-2,0,-125
1754050891.09146,1,-11,-115
1754050891.12946,-4,-7,-126
1754050891.1674602,-3,-3,-127
1754050891.20646,4,0,-117
1754050891.24246,0,3,-122
1754050891.28046,-9,-1,-131
1754050891.31846,0,-1,-125
1754050891.35746,-3,-1,-133
1754050891.39346,-3,-4,-130
1754050891.43146,-6,0,-126
1754050891.46946,-7,2,-117
1754050891.50746,-1,-5,-127
1754050891.5464602,5,0,-133
1754050891.5824602,4,-6,-127
1754050891.62046,-5,-4,-128
1754050891.65846,-1,6,-116
1754050891.6974602,7,6,-125
1754050891.7334602,1,-1,-123
1754050891.77146,3,4,-123
1754050891.81046,1,7,-128
1754050891.84746,-4,2,-137
1754050891.88646,6,-5,-131
1754050891.92246,1,-5,-137
1754050891.9604602,2,-4,-142
1754050891.99846,0,2,-135
1754050892.03746,10,-2,-134
1754050892.07346,6,2,-134
1754050892.11046,3,-1,-117
1754050892.14846,3,2,-133
1754050892.1874602,-5,0,-126
1754050892.2234602,1,-1,-115
1754050892.26146,1,1,-116
1754050892.2994602,0,-1,-124
1754050892.3384602,8,8,-120
1754050892.37646,8,11,-123
1754050892.41246,5,6,-114
1754050892.44946,9,1,-117
1754050892.48846,0,0,-127
1754050892.5264602,0,-2,-131
1754050892.5624602,0,0,-114
1754050892.60046,4,-2,-114
1754050892.6384602,-4,4,-116
1754050892.6774602,8,6,-130
1754050892.7134602,1,-2,-128
1754050892.75146,-5,-4,-125
1754050892.7894602,2,2,-129
1754050892.82846,5,1,-126
1754050892.86646,2,-7,-123
1754050892.90246,6,-7,-123
1754050892.9404602,-2,-6,-138
1754050892.97846,-3,-4,-122
1754050893.01746,-7,-1,-124
1754050893.05346,-6,-8,-117
1754050893.09146,-2,-2,-119
1754050893.12946,1,0,-119
1754050893.16846,-1,4,-125
1754050893.20446,0,3,-119
1754050893.24146,-1,0,-123
1754050893.2794602,-4,1,-124
1754050893.31846,0,-3,-124
1754050893.3554602,6,-3,-122
1754050893.39246,1,0,-131
1754050893.43046,-4,-1,-125
1754050893.46946,-11,-5,-118
1754050893.50746,-5,-7,-107
1754050893.54346,-7,-7,-125
1754050893.5824602,4,-5,-116
1754050893.61946,2,0,-123
1754050893.65846,-7,0,-125
1754050893.6944602,-6,0,-125
1754050893.73246,-2,-3,-127
1754050893.77046,3,3,-126
1754050893.80846,6,0,-132
1754050893.84746,3,2,-128
1754050893.88346,3,7,-121
1754050893.92046,3,0,-117
1754050893.95946,2,-2,-124
1754050893.99746,0,-6,-126
1754050894.03346,1,3,-130
1754050894.07046,0,-4,-119
1754050894.10946,2,-9,-125
1754050894.14746,0,-5,-121
1754050894.18346,2,0,-116
1754050894.2204602,4,7,-126
1754050894.2594602,7,3,-126
1754050894.29746,2,7,-123
1754050894.33346,0,6,-123
1754050894.37046,-4,2,-110
1754050894.40946,-2,-9,-129
1754050894.4474602,6,-4,-126
1754050894.4834602,3,-6,-117
1754050894.52146,-2,-6,-118
1754050894.5594602,0,-1,-121
1754050894.5984602,3,-1,-113
1754050894.6344602,4,-6,-114
1754050894.67246,1,3,-126
1754050894.7104602,6,7,-116
1754050894.74946,1,1,-123
1754050894.78746,0,-4,-132
1754050894.82346,-5,-5,-126
1754050894.86246,-2,-2,-124
1754050894.89946,0,0,-124
1754050894.93846,0,-5,-130
1754050894.97446,1,-4,-130
1754050895.01246,1,-1,-128
1754050895.05046,0,0,-126
1754050895.08946,-2,-6,-117
1754050895.1284602,2,-1,-123
1754050895.1644602,-1,-1,-133
1754050895.20346,3,-2,-131
1754050895.2404602,1,-8,-134
1754050895.2794602,8,-2,-122
1754050895.3154602,0,1,-121
1754050895.35246,-1,-8,-115
1754050895.39046,1,-7,-125
1754050895.42946,3,-3,-127
1754050895.46546,1,1,-115
1754050895.50246,-4,0,-129
1754050895.54046,0,0,-132
1754050895.57946,7,5,-130
1754050895.6154602,12,4,-126
1754050895.65246,0,-5,-122
1754050895.69146,0,-4,-124
1754050895.72946,-6,0,-132
1754050895.76546,0,0,-128
1754050895.8024602,1,-2,-116
1754050895.84146,2,-4,-117
1754050895.87946,3,-3,-119
1754050895.91546,0,-4,-125
1754050895.95446,-4,-2,-117
1754050895.99146,-4,7,-126
1754050896.03046,0,6,-127
1754050896.07446,-2,4,-125
1754050896.1114602,5,0,-129
1754050896.15046,-1,-6,-132
1754050896.18846,4,2,-122
1754050896.22446,6,4,-126
1754050896.26146,-5,2,-139
1754050896.30046,-6,-1,-130
1754050896.3384602,-2,-5,-125
1754050896.37446,-7,-7,-134
1754050896.41346,-4,1,-120
1754050896.4504602,-9,1,-131
1754050896.48946,0,-4,-131
1754050896.52546,-4,0,-134
1754050896.56346,-2,-2,-115
1754050896.60146,1,0,-114
1754050896.64046,6,-7,-113
1754050896.67846,5,-5,-128
1754050896.71446,0,-8,-130
1754050896.75246,3,-2,-139
1754050896.79046,-1,1,-127
1754050896.82946,-3,-4,-113
1754050896.86646,1,-3,-121
1754050896.9044602,5,0,-137
1754050896.94146,0,-4,-129
1754050896.9804602,-6,1,-130
1754050897.01846,0,5,-136
1754050897.05446,-4,-2,-144
1754050897.0924602,1,0,-128
1754050897.13046,7,0,-126
1754050897.16946,6,-2,-139
1754050897.20546,0,-3,-121
1754050897.2434602,3,0,-123
1754050897.28146,4,2,-130
1754050897.32046,6,0,-134
1754050897.35646,0,-4,-129
1754050897.3944602,6,0,-117
1754050897.43246,0,1,-125
1754050897.47146,3,3,-128
1754050897.5094602,-1,0,-130
1754050897.54546,2,-4,-137
1754050897.58446,5,-2,-131
1754050897.6214602,6,4,-125
1754050897.66046,-3,3,-134
1754050897.6974602,0,2,-128
1754050897.73446,-2,6,-122
1754050897.77246,3,0,-126
1754050897.81046,-1,1,-119
1754050897.84946,0,5,-110
1754050897.88546,-7,-1,-116
1754050897.92246,-1,1,-115
1754050897.9604602,-5,0,-132
1754050897.99946,-2,0,-128
1754050898.03546,-3,-6,-126
1754050898.07346,0,-9,-118
1754050898.1114602,-14,3,-122
1754050898.15046,-2,0,-115
1754050898.18646,0,4,-114
1754050898.22546,-2,0,-113
1754050898.26246,-2,0,-126
1754050898.30146,0,-4,-129
1754050898.33946,-2,-11,-136
1754050898.37546,6,-6,-141
1754050898.4144602,0,-3,-127
1754050898.45146,1,-6,-122
1754050898.4904602,4,1,-127
1754050898.5264602,0,3,-131
1754050898.56446,-1,-6,-125
1754050898.60146,3,-3,-129
1754050898.64046,1,-2,-128
1754050898.67646,0,0,-126
1754050898.71446,-2,-5,-116
1754050898.75146,-2,-6,-129
1754050898.79046,2,4,-129
1754050898.82646,2,5,-128
1754050898.86446,-3,-4,-123
1754050898.9014602,3,0,-131
1754050898.9404602,-1,2,-132
1754050898.97646,2,1,-126
1754050899.01446,5,-2,-129
1754050899.05146,3,0,-129
1754050899.09046,0,-1,-118
1754050899.12646,2,0,-120
1754050899.16346,13,4,-114
1754050899.20146,5,1,-110
1754050899.2404602,5,1,-132
1754050899.2764602,-2,6,-132
1754050899.31446,-4,-1,-129
1754050899.35246,0,-6,-117
1754050899.3914602,2,-9,-128
1754050899.4274602,-5,-4,-130
1754050899.46546,0,-5,-120
1754050899.5034602,0,-3,-132
1754050899.54146,0,4,-129
1754050899.58046,0,-3,-127
1754050899.61746,4,-6,-128
1754050899.6544602,0,-7,-111
1754050899.69246,-2,-2,-120
1754050899.73146,0,1,-126
1754050899.76746,7,0,-126
1754050899.80546,1,-1,-128
1754050899.8424602,4,-4,-141
1754050899.8814602,7,-8,-124
1754050899.9174602,0,-2,-127
1754050899.95646,6,0,-122
1754050899.9934602,0,0,-126
1754050900.03146,-6,-1,-123
1754050900.07046,-2,-2,-127
1754050900.10646,-3,0,-123
1754050900.1444602,-5,-3,-120
1754050900.18246,0,1,-127
1754050900.22146,4,3,-128
1754050900.25746,4,0,-122
1754050900.29446,0,5,-118
1754050900.3324602,-1,4,-106
1754050900.3714602,2,0,-121
1754050900.40846,0,-2,-120
1754050900.44546,-1,-1,-125
1754050900.48246,3,-8,-127
1754050900.52146,5,-5,-110
1754050900.55746,-2,-3,-107
1754050900.5954602,-4,-2,-109
1754050900.63346,2,0,-121
1754050900.67246,3,2,-130
1754050900.7104602,6,0,-124
1754050900.7464602,0,0,-120
1754050900.78346,11,-1,-118
1754050900.8224602,0,7,-119
1754050900.86046,0,-6,-119
1754050900.89646,-1,-2,-117
1754050900.93546,0,-8,-127
1754050900.97246,0,-1,-136
1754050901.01146,-7,1,-134
1754050901.04746,1,-1,-123
1754050901.0854602,-9,-5,-138
1754050901.12346,-3,-10,-133
1754050901.16246,-4,0,-127
1754050901.2004602,-4,-5,-127
1754050901.2364602,4,-7,-128
1754050901.27446,0,-3,-134
1754050901.3124602,1,3,-126
1754050901.35146,-2,-6,-115
1754050901.38746,0,0,-119
1754050901.42546,-3,5,-121
1754050901.4634602,0,4,-121
1754050901.50246,-2,4,-125
1754050901.53846,-1,5,-125
1754050901.57646,0,4,-118
1754050901.6154602,-3,2,-122
1754050901.65246,0,0,-119
1754050901.69146,-2,-2,-118
1754050901.72746,-5,-6,-108
1754050901.76546,-2,2,-123
1754050901.80346,-6,-1,-121
1754050901.8424602,-3,0,-116
1754050901.8784602,3,1,-119
1754050901.91546,-4,5,-121
1754050901.95346,-3,4,-130
1754050901.99246,-5,1,-127
1754050902.02846,-3,2,-126
1754050902.06646,-4,4,-121
1754050902.10446,1,4,-123
1754050902.14246,9,1,-121
1754050902.18146,2,5,-116
1754050902.2174602,0,2,-119
1754050902.25546,5,4,-115
1754050902.29346,1,6,-112
1754050902.3324602,6,4,-116
1754050902.3684602,-2,2,-119
1754050902.40646,-1,-1,-121
1754050902.4444602,3,-3,-118
1754050902.4834602,6,-1,-130
1754050902.52146,4,-1,-129
1754050902.55746,5,-3,-127
1754050902.5954602,8,-2,-126
1754050902.63346,6,0,-117
1754050902.67246,0,-1,-129
1754050902.70846,0,-2,-125
1754050902.7464602,0,-4,-123
1754050902.78446,-2,0,-135
1754050902.82346,-8,-1,-128
1754050902.8614602,-3,3,-128
1754050902.89746,3,8,-128
1754050902.9344602,1,-3,-126
1754050902.9734602,0,0,-119
1754050903.01146,0,-2,-125
1754050903.04746,-1,0,-117
1754050903.08646,-7,0,-132
1754050903.12446,-6,-1,-132
1754050903.16246,-8,-10,-118
1754050903.19846,-7,-7,-113
1754050903.2364602,-6,-7,-118
1754050903.27446,-2,-2,-126
1754050903.31346,-1,-6,-119
1754050903.35146,1,-11,-130
1754050903.38746,5,-6,-120
1754050903.42546,-1,-6,-121
1754050903.4634602,-6,-9,-121
1754050903.50246,1,-7,-116
1754050903.53846,-14,-8,-120
1754050903.57646,2,-3,-121
1754050903.61446,2,0,-119
1754050903.65346,-8,1,-117
1754050903.68946,-6,2,-115
1754050903.72746,5,-2,-119
1754050903.7664602,-4,0,-123
1754050903.80346,4,-5,-122
1754050903.8424602,-1,3,-130
1754050903.8784602,-1,4,-126
1754050903.91646,-3,-6,-133
1754050903.95446,0,4,-116
1754050903.9934602,0,3,-126
1754050904.0294602,1,1,-135
1754050904.06646,0,5,-119
1754050904.10446,-6,-6,-121
1754050904.14346,0,2,-123
1754050904.17946,-2,-3,-129
1754050904.2174602,-5,-8,-130
1754050904.25546,-1,-5,-124
1754050904.29446,6,0,-129
1754050904.3324602,3,-1,-132
1754050904.36946,5,1,-131
1754050904.40646,0,-1,-124
1754050904.4444602,-6,2,-129
1754050904.4834602,-3,3,-131
1754050904.5194602,-6,3,-133
1754050904.55746,4,0,-129
1754050904.5954602,3,0,-124
1754050904.6344602,-4,-5,-118
1754050904.67246,0,-1,-130
1754050904.70846,0,-4,-136
1754050904.7464602,-6,-2,-126
1754050904.78446,-5,-5,-120
1754050904.8224602,-5,1,-120
1754050904.8584602,0,-8,-118
1754050904.89646,7,0,-122
1754050904.9344602,3,-3,-124
1754050904.9734602,2,-1,-115
1754050905.0094602,-3,3,-118
1754050905.04746,-1,-3,-117
1754050905.0854602,-5,3,-130
1754050905.12446,-1,0,-122
1754050905.16246,1,-1,-127
1754050905.19846,3,0,-128
1754050905.23546,-1,-3,-125
1754050905.27446,7,-11,-123
1754050905.3124602,7,-3,-115
1754050905.3484602,5,0,-122
1754050905.38746,4,-3,-124
1754050905.42546,0,-2,-129
1754050905.4634602,6,-1,-125
1754050905.49946,0,-1,-126
1754050905.53746,0,8,-113
1754050905.5754602,2,4,-123
1754050905.61446,-3,6,-120
1754050905.65046,-4,0,-118
1754050905.68846,11,-1,-118
1754050905.72646,6,-8,-124
1754050905.76446,1,-5,-115
1754050905.80346,3,0,-130
1754050905.83946,1,0,-124
1754050905.87746,2,2,-128
1754050905.91546,4,-2,-128
1754050905.95446,1,0,-124
1754050905.9904602,-1,0,-127
1754050906.02746,-5,-4,-131
1754050906.0654602,8,-10,-133
1754050906.10946,6,-4,-127
1754050906.14746,7,0,-135
1754050906.18546,-1,0,-123
1754050906.22446,1,-2,-125
1754050906.26146,6,-2,-120
1754050906.29846,6,0,-122
1754050906.33646,8,-1,-125
1754050906.37546,11,-2,-123
1754050906.41346,1,-1,-118
1754050906.44946,2,-6,-131
1754050906.48846,3,-3,-128
1754050906.5264602,-6,-6,-126
1754050906.56446,-9,-8,-108
1754050906.60146,-5,-5,-113
1754050906.6384602,1,1,-116
1754050906.67646,-2,-5,-124
1754050906.71546,-7,-2,-128
1754050906.7534602,-8,-2,-127
1754050906.7894602,1,-6,-116
1754050906.82746,7,-5,-114
1754050906.8654602,1,-2,-114
1754050906.9044602,0,0,-115
1754050906.9404602,-2,-5,-127
1754050906.97846,7,-5,-130
1754050907.0164602,2,-3,-126
1754050907.05546,8,-3,-131
1754050907.09346,1,-11,-135
1754050907.12946,0,-4,-121
1754050907.16646,-4,-5,-123
1754050907.20546,1,-3,-116
1754050907.2434602,2,-7,-125
1754050907.2794602,-3,-3,-126
1754050907.31846,-5,-3,-128
1754050907.3554602,3,-5,-124
1754050907.3944602,-4,-5,-120
1754050907.43046,-10,-1,-133
1754050907.46846,-5,4,-128
1754050907.5064602,-6,-1,-131
1754050907.54546,0,-4,-123
1754050907.58146,-1,-7,-110
1754050907.61946,8,-3,-124
1754050907.6574602,1,0,-119
1754050907.69546,6,-1,-122
1754050907.73446,3,-5,-114
1754050907.77046,-5,-3,-117
1754050907.80846,-5,-1,-112
1754050907.84646,-3,-3,-117
1754050907.88546,1,-2,-125
1754050907.9214602,1,1,-128
1754050907.95946,5,-5,-123
1754050907.99746,-4,-3,-129
1754050908.03546,-4,0,-134
1754050908.07446,5,0,-115
1754050908.11046,1,0,-119
1754050908.14746,0,-6,-124
1754050908.18546,3,-4,-129
1754050908.22446,-3,-4,-135
1754050908.26046,-4,0,-127
1754050908.29846,-2,-2,-128
1754050908.33746,4,1,-124
1754050908.37546,10,0,-119
1754050908.4114602,2,1,-122
1754050908.44846,1,1,-134
1754050908.4864602,-2,2,-137
1754050908.52546,-2,0,-132
1754050908.56146,-2,0,-135
1754050908.59946,0,-6,-119
1754050908.63746,4,0,-120
1754050908.67646,5,0,-128
1754050908.71446,-4,-3,-122
1754050908.75046,-4,0,-115
1754050908.7894602,-7,5,-117
1754050908.82646,1,3,-129
1754050908.8654602,-1,2,-110
1754050908.90246,-3,-1,-110
1754050908.93946,1,-4,-120
1754050908.97746,0,-1,-117
1754050909.0164602,4,-4,-115
1754050909.05446,3,0,-117
1754050909.09046,-3,-1,-127
1754050909.1284602,5,-4,-126
1754050909.16646,0,-3,-133
1754050909.20546,0,-4,-127
1754050909.24146,-1,-6,-127
1754050909.2794602,3,2,-130
1754050909.31746,7,4,-131
1754050909.35646,5,3,-121
1754050909.3944602,0,0,-127
1754050909.43046,6,-2,-133
1754050909.46946,1,-1,-116
1754050909.5064602,0,0,-108
1754050909.54546,-1,5,-114
1754050909.58146,0,-2,-123
1754050909.61946,-2,3,-117
1754050909.6574602,1,1,-122
1754050909.69646,3,4,-123
1754050909.73246,0,7,-124
1754050909.7694602,0,3,-124
1754050909.80746,2,5,-119
1754050909.84646,-2,1,-130
1754050909.88246,7,2,-117
1754050909.91946,-1,0,-113
1754050909.9574602,0,3,-119
1754050909.9964602,0,4,-118
1754050910.0324602,0,-2,-130
1754050910.07046,-3,-1,-126
1754050910.1084602,-4,-1,-126
1754050910.14746,-12,-3,-138
1754050910.18546,-5,1,-132
1754050910.22246,3,0,-126
1754050910.2594602,-3,0,-132
1754050910.29746,-1,-4,-123
1754050910.33646,0,-6,-128
1754050910.37246,0,-7,-133
1754050910.41046,-5,-3,-124
1754050910.44846,-3,-7,-127
1754050910.48746,-2,-5,-121
1754050910.52546,5,2,-133
1754050910.56146,0,3,-123
1754050910.5984602,0,-3,-121
1754050910.63746,9,0,-120
1754050910.67546,8,0,-125
1754050910.71146,6,1,-118
1754050910.74846,6,1,-132
1754050910.78746,9,0,-124
1754050910.8254602,6,-11,-127
1754050910.8614602,-1,-2,-124
1754050910.89946,3,-7,-122
1754050910.9374602,-6,-8,-121
1754050910.97646,-6,2,-123
1754050911.01246,-2,-2,-119
1754050911.05046,8,4,-120
1754050911.0884602,4,-1,-124
1754050911.12746,11,-4,-126
1754050911.16546,3,-5,-127
1754050911.20146,5,-6,-120
1754050911.2404602,0,0,-133
1754050911.27746,-1,5,-123
1754050911.31646,-5,0,-125
1754050911.35346,-3,2,-114
1754050911.39046,1,3,-122
1754050911.42846,0,-3,-131
1754050911.4674602,14,0,-128
1754050911.50546,12,-6,-133
1754050911.54146,8,-5,-131
1754050911.57946,15,-5,-133
1754050911.6184602,6,-4,-127
1754050911.65646,8,5,-124
1754050911.69246,4,4,-121
1754050911.72946,2,-6,-129
1754050911.76746,1,-2,-116
1754050911.80646,1,0,-125
1754050911.8424602,-4,-4,-122
1754050911.88046,-4,0,-124
1754050911.91846,0,-3,-126
1754050911.9574602,0,-2,-132
1754050911.9934602,0,-4,-128
1754050912.03146,-2,-2,-136
1754050912.07046,3,-2,-136
1754050912.10746,0,0,-127
1754050912.14646,3,-1,-131
1754050912.18246,-7,4,-131
1754050912.2204602,0,7,-127
1754050912.25746,-7,0,-121
1754050912.2964602,-3,-1,-112
1754050912.3324602,6,-1,-122
1754050912.37046,1,0,-119
1754050912.4074602,3,-5,-117
1754050912.44646,4,-3,-116
1754050912.48246,0,4,-110
1754050912.52046,-4,6,-124
1754050912.55846,-2,-1,-130
1754050912.59646,-2,-4,-130
1754050912.63246,0,-2,-120
1754050912.67046,0,-3,-115
1754050912.70846,5,1,-119
1754050912.74746,2,0,-116
1754050912.78346,5,-2,-123
1754050912.82046,0,-8,-128
1754050912.8584602,-4,-3,-124
1754050912.89746,-6,-3,-129
1754050912.93346,0,0,-124
1754050912.9704602,8,3,-129
1754050913.00846,4,4,-122
1754050913.04746,-4,3,-121
1754050913.08346,3,2,-125
1754050913.12046,0,0,-116
1754050913.15846,9,0,-126
1754050913.1974602,1,-5,-122
1754050913.2334602,-2,-5,-130
1754050913.27146,-6,-4,-123
1754050913.31046,2,-1,-123
1754050913.3484602,-3,-2,-131
1754050913.38646,-6,0,-118
1754050913.42246,2,0,-121
1754050913.4604602,6,-1,-126
1754050913.49846,11,-2,-124
1754050913.5364602,-1,-5,-130
1754050913.5724602,-1,0,-124
1754050913.61046,-8,-6,-132
1754050913.64846,-5,-7,-126
1754050913.6874602,-1,-4,-114
1754050913.7234602,-1,-3,-135
1754050913.76146,-2,7,-116
1754050913.7994602,0,-1,-128
1754050913.8384602,-5,1,-118
1754050913.87446,0,0,-119
1754050913.91246,-3,-8,-118
1754050913.9504602,3,-1,-120
1754050913.98846,-5,2,-130
1754050914.02746,-4,0,-132
1754050914.06346,1,7,-127
1754050914.10046,2,-2,-122
1754050914.1384602,4,0,-127
1754050914.1774602,6,-2,-124
1754050914.2134602,4,-4,-113
1754050914.25146,-3,-8,-119
1754050914.2894602,-3,2,-118
1754050914.32846,3,2,-118
1754050914.36446,0,0,-130
1754050914.4014602,-2,-3,-121
1754050914.43946,-3,5,-129
1754050914.47846,6,0,-111
1754050914.51446,6,3,-115
1754050914.55146,2,0,-120
1754050914.58946,4,2,-121
1754050914.6284602,-1,2,-125
1754050914.6644602,0,0,-120
1754050914.70246,0,9,-130
1754050914.74146,-3,-2,-119
1754050914.7794602,0,-1,-120
1754050914.81746,6,-4,-123
1754050914.85446,2,-8,-117
1754050914.8914602,-3,-4,-110
1754050914.92946,-1,-3,-126
1754050914.96846,6,-5,-132
1754050915.00446,1,-5,-130
1754050915.0424602,-3,-10,-129
1754050915.08046,8,0,-132
1754050915.11946,4,-2,-127
1754050915.1574602,-4,4,-120
1754050915.19346,-3,6,-122
1754050915.23146,4,-1,-125
1754050915.2694602,-4,0,-117
1754050915.30846,0,0,-121
1754050915.34446,-8,5,-122
1754050915.38246,0,-3,-124
1754050915.42046,-1,2,-114
1754050915.45946,0,1,-127
1754050915.49746,-1,-4,-133
1754050915.53346,4,4,-130
1754050915.57146,-3,5,-136
1754050915.60946,-1,0,-127
1754050915.64746,-4,1,-125
1754050915.68346,3,3,-120
1754050915.72146,4,-7,-124
1754050915.7594602,6,-10,-125
1754050915.79546,7,-10,-119
1754050915.83346,5,-2,-132
1754050915.8714602,-2,0,-136
1754050915.90946,5,5,-127
1754050915.94846,5,4,-134
1754050915.98446,1,2,-136
1754050916.02146,-2,-2,-132
1754050916.0594602,-1,-6,-127
1754050916.0984602,4,-7,-125
1754050916.1414602,3,2,-122
1754050916.17946,1,-1,-111
1754050916.21846,-11,-4,-115
1754050916.25446,-3,0,-121
1754050916.2924602,1,0,-133
1754050916.33046,-4,-3,-125
1754050916.36946,3,-11,-130
1754050916.40546,0,-10,-128
1754050916.44346,5,-5,-126
1754050916.48146,-2,-1,-121
1754050916.5194602,-6,-6,-117
1754050916.55846,-1,-7,-123
1754050916.59446,6,-5,-126
1754050916.63246,4,-4,-123
1754050916.6714602,7,-4,-128
1754050916.70946,5,-2,-119
1754050916.74546,0,1,-127
1754050916.7824602,-8,-2,-133
1754050916.82146,1,0,-125
1754050916.85946,0,-1,-126
1754050916.89546,-2,-3,-129
1754050916.93346,-3,2,-127
1754050916.97146,-2,8,-130
1754050917.01046,-1,2,-119
1754050917.04846,-1,-4,-127
1754050917.08446,0,-1,-119
1754050917.1214602,-2,-1,-124
1754050917.16046,0,-5,-113
1754050917.19846,0,-3,-124
1754050917.23446,-4,0,-126
1754050917.27146,4,-1,-117
1754050917.31046,8,6,-118
1754050917.3484602,5,10,-117
1754050917.3844602,6,5,-127
1754050917.4214602,10,-2,-131
1754050917.4604602,2,0,-124
1754050917.49846,3,-3,-130
1754050917.53446,1,0,-125
1754050917.57146,8,1,-128
1754050917.61046,0,2,-123
1754050917.64846,-6,-4,-123
1754050917.6844602,-13,-5,-119
1754050917.72246,-3,-4,-111
1754050917.76146,-1,3,-126
1754050917.7994602,2,-3,-131
1754050917.8354602,5,2,-126
1754050917.87346,2,0,-116
1754050917.9114602,-1,-7,-121
1754050917.9504602,-4,-13,-117
1754050917.9864602,-7,-2,-125
1754050918.02446,0,3,-133
1754050918.0624602,2,6,-130
1754050918.10046,7,2,-127
1754050918.13946,9,-3,-133
1754050918.17546,-1,0,-137
1754050918.2134602,0,0,-127
1754050918.25146,3,-7,-116
1754050918.29046,12,-5,-120
1754050918.32646,1,0,-115
1754050918.36346,-3,0,-123
1754050918.4014602,2,7,-134
1754050918.4404602,0,-1,-128
1754050918.47646,-2,-2,-131
1754050918.51446,7,4,-122
1754050918.5524602,5,0,-129
1754050918.59046,-6,-3,-121
1754050918.62946,0,0,-123
1754050918.66546,-2,-5,-117
1754050918.70346,2,-2,-119
1754050918.74146,2,1,-119
1754050918.78046,8,0,-131
1754050918.81646,7,-3,-134
1754050918.85446,-3,6,-132
1754050918.89246,-3,-1,-130
1754050918.93146,-3,-4,-132
1754050918.96946,-7,0,-141
1754050919.00546,-1,0,-139
1754050919.04346,-4,1,-124
1754050919.0824602,2,2,-129
1754050919.12046,2,1,-124
1754050919.15646,0,0,-127
1754050919.1944602,-1,-4,-121
1754050919.2334602,-4,-3,-129
1754050919.27146,-2,-5,-126
1754050919.3094602,-1,-8,-128
1754050919.3454602,-4,-5,-111
1754050919.38346,-1,-4,-123
1754050919.4214602,4,-5,-123
1754050919.4604602,1,2,-124
1754050919.4964602,-9,-4,-129
1754050919.53446,5,-4,-116
1754050919.5724602,3,1,-127
1754050919.6114602,2,2,-124
1754050919.64946,4,-3,-125
1754050919.68546,1,-4,-122
1754050919.7234602,-1,-2,-122
1754050919.76146,8,-7,-120
1754050919.80046,6,-1,-128
1754050919.83646,3,-1,-127
1754050919.87546,4,-3,-117
1754050919.91246,0,0,-131
1754050919.95146,1,-1,-133
1754050919.98746,-4,-8,-127
1754050920.02546,6,-1,-127
1754050920.06346,7,0,-130
1754050920.10146,0,-2,-113
1754050920.14046,5,-5,-126
1754050920.17646,1,-1,-127
1754050920.21446,-3,-1,-126
1754050920.25246,6,0,-131
1754050920.29146,0,-4,-131
1754050920.32746,4,-6,-128
1754050920.3654602,6,0,-130
1754050920.40346,-2,0,-121
1754050920.44146,2,-7,-116
1754050920.4804602,0,-3,-125
1754050920.5164602,-4,1,-121
1754050920.55446,0,7,-120
1754050920.5924602,8,5,-117
1754050920.6314602,3,7,-125
1754050920.6674602,4,5,-129
1754050920.70446,0,0,-130
1754050920.74246,5,-1,-126
1754050920.78146,4,3,-137
1754050920.81746,-4,0,-120
1754050920.8554602,0,-5,-125
1754050920.89346,3,-2,-118
1754050920.93246,0,-3,-124
1754050920.9704602,1,-10,-120
1754050921.0064602,4,3,-122
1754050921.04446,-2,2,-119
1754050921.0824602,3,-1,-124
1754050921.1214602,-5,-3,-125
1754050921.1574602,-5,-4,-123
1754050921.19646,0,5,-123
1754050921.2334602,9,1,-121
1754050921.27146,6,-2,-116
1754050921.30746,3,-4,-128
1754050921.34646,0,-3,-123
1754050921.38346,3,-3,-140
1754050921.42246,4,0,-133
1754050921.4604602,-2,5,-117
1754050921.4964602,2,-1,-120
1754050921.53446,3,-1,-116
1754050921.5724602,-4,0,-113
1754050921.6114602,-8,-4,-116
1754050921.64846,-5,1,-127
1754050921.68546,-1,0,-123
1754050921.7234602,0,3,-126
1754050921.76246,10,7,-115
1754050921.80046,7,0,-121
1754050921.83646,6,0,-116
1754050921.87346,10,0,-127
1754050921.91246,4,1,-126
1754050921.94846,-3,0,-125
1754050921.9864602,4,-2,-125
1754050922.02546,0,4,-130
1754050922.0624602,0,0,-125
1754050922.10146,-7,1,-119
1754050922.1384602,-2,0,-110
1754050922.17546,-6,4,-127
1754050922.2134602,-2,-4,-118
1754050922.25246,-1,-8,-129
1754050922.28846,0,-5,-127
1754050922.32646,2,3,-127
1754050922.36446,-5,-4,-117
1754050922.40346,0,5,-117
1754050922.44146,0,0,-131
1754050922.47746,2,3,-125
1754050922.51446,2,-3,-116
1754050922.55346,0,5,-113
1754050922.59146,-4,-2,-103
1754050922.62746,-5,0,-116
1754050922.66546,-3,3,-123
1754050922.70346,-5,-2,-135
1754050922.74246,-2,-1,-123
1754050922.7794602,0,-1,-119
1754050922.81646,2,-2,-134
1754050922.85446,-2,-6,-115
1754050922.89346,-2,-6,-119
1754050922.93146,1,-12,-126
1754050922.9674602,0,-13,-118
1754050923.00446,-2,-8,-121
1754050923.04346,0,0,-121
1754050923.08146,2,-4,-116
1754050923.11746,-3,-8,-118
1754050923.15546,0,0,-115
1754050923.19346,-8,-3,-123
1754050923.23246,-6,2,-125
1754050923.26846,-6,-1,-124
1754050923.30646,3,0,-120
1754050923.34446,-1,3,-114
1754050923.38346,0,2,-129
1754050923.4214602,-5,0,-129
1754050923.4574602,-6,-3,-130
1754050923.49546,2,0,-122
1754050923.53346,-6,-5,-128
1754050923.5724602,-5,-6,-127
1754050923.6084602,0,-8,-130
1754050923.64646,3,-3,-122
1754050923.6844602,1,-6,-126
1754050923.7234602,1,4,-126
1754050923.76146,-1,-1,-124
1754050923.79746,0,-3,-126
1754050923.8354602,6,4,-133
1754050923.87346,11,4,-124
1754050923.91246,11,3,-115
1754050923.94846,5,0,-126
1754050923.98546,2,-5,-119
1754050924.02346,6,-9,-120
1754050924.0624602,8,3,-113
1754050924.0984602,7,2,-119
1754050924.13646,8,-2,-113
1754050924.17346,-4,-7,-118
1754050924.21246,-10,-1,-128
1754050924.24846,-6,-3,-129
1754050924.2864602,-3,0,-127
1754050924.32446,-8,-4,-121
1754050924.36346,3,0,-120
1754050924.39946,1,0,-121
1754050924.43646,-3,0,-125
1754050924.47446,-5,3,-125
1754050924.5134602,-2,-4,-128
1754050924.5494602,-6,-5,-134
1754050924.58746,3,3,-137
1754050924.62546,-1,1,-126
1754050924.66346,-11,4,-128
1754050924.70246,2,1,-130
1754050924.73846,0,-2,-137
1754050924.7764602,6,-2,-124
1754050924.81446,3,-2,-111
1754050924.85346,4,2,-127
1754050924.88946,0,3,-127
1754050924.9274602,7,0,-129
1754050924.96546,-6,0,-130
1754050925.00446,-5,-5,-115
1754050925.0424602,-8,-1,-131
1754050925.07846,0,-1,-119
1754050925.11646,8,-13,-117
1754050925.1544602,1,-6,-122
1754050925.19346,6,-3,-126
1754050925.22946,4,-3,-130
1754050925.26746,-3,-6,-126
1754050925.30546,-4,-1,-126
1754050925.34446,1,0,-120
1754050925.38246,4,-6,-131
1754050925.41846,-4,-8,-130
1754050925.45646,-2,-3,-130
1754050925.49446,0,0,-125
1754050925.53346,3,5,-123
1754050925.5694602,0,-5,-123
1754050925.60746,1,-6,-128
1754050925.64546,-4,3,-122
1754050925.6844602,-11,0,-127
1754050925.72246,-12,0,-122
1754050925.75846,-13,0,-117
1754050925.7964602,0,0,-122
1754050925.83446,0,2,-124
1754050925.87346,8,-3,-121
1754050925.90946,11,0,-130
1754050925.9474602,10,0,-132
1754050925.98546,7,-2,-117
1754050926.02446,0,-4,-119
1754050926.0624602,-4,5,-120
1754050926.0984602,-2,2,-118
1754050926.13746,-3,4,-121
1754050926.18046,-2,0,-121
1754050926.21946,-1,-4,-133
1754050926.25746,2,-3,-136
1754050926.29446,5,1,-129
1754050926.33346,10,-1,-118
1754050926.36946,5,3,-127
1754050926.4074602,7,6,-133
1754050926.4444602,7,-1,-121
1754050926.4834602,9,-5,-123
1754050926.5194602,-1,0,-120
1754050926.55746,-5,-2,-119
1754050926.59646,-2,0,-125
1754050926.6344602,6,-7,-135
1754050926.67046,0,-3,-136
1754050926.70846,-2,0,-131
1754050926.7464602,3,-2,-122
1754050926.78446,4,-2,-119
1754050926.82346,1,-3,-125
1754050926.85946,6,-5,-128
1754050926.89846,-2,-1,-114
1754050926.93546,1,3,-114
1754050926.97446,1,1,-130
1754050927.01046,4,0,-122
1754050927.04746,8,0,-132
1754050927.0854602,5,-7,-125
1754050927.12446,-5,-2,-122
1754050927.16046,4,-4,-117
1754050927.19846,0,0,-125
1754050927.23746,0,-4,-136
1754050927.27546,-1,0,-133
1754050927.31346,0,-1,-131
1754050927.34946,-3,-2,-127
1754050927.38746,4,2,-132
1754050927.42546,5,0,-117
1754050927.46446,-2,-2,-125
1754050927.50046,-1,0,-123
1754050927.53746,-9,-3,-119
1754050927.5754602,-4,-3,-115
1754050927.61446,-3,0,-121
1754050927.65046,-4,0,-127
1754050927.6874602,0,0,-126
1754050927.72546,1,0,-123
1754050927.76446,4,-3,-125
1754050927.80046,0,-11,-127
1754050927.8384602,-1,-3,-123
1754050927.87646,-1,-4,-131
1754050927.91546,5,-4,-118
1754050927.95346,1,2,-127
1754050927.98946,-2,-5,-118
1754050928.02746,0,-1,-126
1754050928.0654602,4,1,-129
1754050928.10446,4,0,-128
1754050928.14046,9,2,-126
1754050928.17846,0,-1,-128
1754050928.21546,0,0,-122
1754050928.25446,0,4,-127
1754050928.29046,-4,9,-116
1754050928.32846,-5,0,-117
1754050928.36646,-6,2,-112
1754050928.40546,-1,2,-114
1754050928.44146,-7,-3,-117
1754050928.47946,0,-5,-128
1754050928.51746,1,-1,-123
1754050928.55546,4,5,-121
1754050928.59446,-2,0,-118
1754050928.63046,-5,0,-123
1754050928.6674602,0,5,-129
1754050928.70546,2,-1,-115
1754050928.74446,5,-8,-120
1754050928.78046,2,-2,-129
1754050928.81846,1,0,-140
1754050928.85646,2,-3,-137
1754050928.89546,-5,-1,-128
1754050928.93146,0,-4,-127
1754050928.96846,4,-3,-125
1754050929.00746,2,1,-137
1754050929.04546,6,3,-123
1754050929.08146,4,5,-119
1754050929.1184602,0,3,-121
1754050929.15646,3,3,-125
1754050929.19546,3,2,-124
1754050929.23146,5,-3,-126
1754050929.27046,1,2,-132
1754050929.30746,0,0,-110
1754050929.34646,-7,-11,-115
1754050929.3844602,-6,-4,-121
1754050929.42046,-3,-5,-128
1754050929.45846,4,-5,-118
1754050929.4964602,6,-5,-126
1754050929.53546,2,1,-133
1754050929.57146,0,2,-128
1754050929.6084602,-4,1,-124
1754050929.64646,4,3,-123
1754050929.68546,9,-2,-122
1754050929.72146,2,0,-128
1754050929.75846,-2,4,-114
1754050929.7964602,-5,1,-124
1754050929.8354602,-4,-2,-125
1754050929.8714602,4,0,-115
1754050929.90846,2,3,-120
1754050929.94646,1,2,-136
1754050929.98546,0,0,-129
1754050930.02146,-3,-2,-122
1754050930.0594602,3,3,-113
1754050930.09746,-1,0,-124
1754050930.13646,-1,5,-121
1754050930.1744602,0,0,-126
1754050930.2104602,1,-1,-117
1754050930.24846,0,1,-121
1754050930.2864602,-1,-10,-131
1754050930.3254602,1,0,-118
1754050930.3614602,-1,2,-119
1754050930.39946,-3,-3,-124
1754050930.4374602,-10,-5,-122
1754050930.47646,-6,-3,-118
1754050930.51246,-8,-1,-115
1754050930.55046,2,-5,-122
1754050930.5884602,3,-7,-130
1754050930.62646,0,-5,-135
1754050930.66546,-4,-5,-126
1754050930.70146,-5,0,-123
1754050930.7404602,-6,0,-118
1754050930.77746,-2,1,-124
1754050930.81646,-5,-5,-124
1754050930.85246,-7,-4,-117
1754050930.89046,5,-5,-123
1754050930.92846,0,-4,-127
1754050930.96646,0,-3,-119
1754050931.00546,2,-2,-119
1754050931.04146,-2,0,-123
1754050931.07846,5,2,-125
1754050931.11746,10,2,-121
1754050931.15546,-1,-1,-115
1754050931.19146,5,-7,-112
1754050931.22946,3,-2,-120
1754050931.26746,6,-7,-122
1754050931.30646,0,0,-120
1754050931.3424602,-5,0,-124
1754050931.38046,-2,-5,-130
1754050931.41846,6,1,-131
1754050931.4574602,3,1,-134
1754050931.49546,5,-3,-130
1754050931.53146,8,-2,-125
1754050931.57046,1,2,-131
1754050931.60746,0,0,-115
1754050931.64646,11,1,-116
1754050931.68246,2,0,-118
1754050931.7204602,2,0,-120
1754050931.75746,2,4,-128
1754050931.7964602,1,4,-119
1754050931.8324602,-5,4,-129
1754050931.87046,-6,1,-129
1754050931.90846,2,0,-121
1754050931.9474602,4,-4,-138
1754050931.98546,0,-8,-129
1754050932.02146,1,-7,-116
1754050932.0594602,2,-4,-110
1754050932.09746,1,-7,-125
1754050932.13646,5,-7,-116
1754050932.17246,0,-5,-119
1754050932.21146,-3,-1,-127
1754050932.24846,4,-5,-124
1754050932.28746,4,-4,-123
1754050932.32346,3,2,-120
1754050932.3614602,-9,-3,-122
1754050932.39846,-1,-5,-113
1754050932.4374602,3,-1,-126
1754050932.4734602,0,-3,-131
1754050932.51046,0,-3,-137
1754050932.54846,4,-1,-128
1754050932.58746,2,1,-125
1754050932.62346,1,-3,-124
1754050932.6614602,2,-2,-128
1754050932.69946,0,-7,-120
1754050932.73746,0,0,-118
1754050932.7764602,-10,-5,-125
1754050932.8124602,-9,-1,-125
1754050932.85046,0,-4,-126
1754050932.8884602,4,-3,-130
1754050932.9274602,1,-1,-137
1754050932.9634602,0,-2,-129
1754050933.00146,-1,0,-123
1754050933.0394602,-1,-5,-114
1754050933.07746,2,0,-126
1754050933.11646,9,0,-128
1754050933.15246,11,4,-131
1754050933.18946,1,-8,-113
1754050933.22846,0,-8,-129
1754050933.2664602,0,-3,-122
1754050933.3024602,-2,-7,-118
1754050933.34046,-1,-5,-117
1754050933.3784602,-5,-4,-118
1754050933.4174602,3,-2,-128
1754050933.45346,2,0,-121
1754050933.49146,1,-5,-131
1754050933.5294602,3,0,-125
1754050933.56846,0,-2,-130
1754050933.60646,0,-1,-132
1754050933.64246,0,-6,-129
1754050933.68046,2,-2,-132
1754050933.71946,-2,-4,-128
1754050933.75746,0,-5,-135
1754050933.79346,-3,-7,-130
1754050933.83146,2,-7,-117
1754050933.86946,0,0,-116
1754050933.90846,-3,5,-117
1754050933.94646,1,-2,-126
1754050933.98246,3,3,-120
1754050934.0194602,-1,-7,-113
1754050934.05846,0,-5,-120
1754050934.09646,-4,2,-119
1754050934.13246,6,0,-123
1754050934.16946,3,0,-125
1754050934.20846,2,-1,-121
1754050934.2464602,4,3,-123
1754050934.2824602,1,0,-143
1754050934.3194602,2,-4,-138
1754050934.3584602,3,2,-133
1754050934.3944602,4,2,-129
1754050934.43146,10,2,-127
1754050934.46946,8,0,-137
1754050934.50846,2,0,-123
1754050934.54446,3,-5,-131
1754050934.5824602,10,-1,-139
1754050934.6214602,8,-3,-124
1754050934.65846,3,-4,-128
1754050934.6974602,-2,-1,-123
1754050934.7334602,-3,0,-125
1754050934.77146,2,-8,-119
1754050934.8094602,5,-2,-121
1754050934.8484602,8,-1,-128
1754050934.8844602,5,-10,-126
1754050934.92246,0,-4,-126
1754050934.9604602,-3,-2,-119
1754050934.99846,-2,-4,-136
1754050935.03746,0,-6,-123
1754050935.07346,0,3,-118
1754050935.1114602,2,-7,-124
1754050935.14946,3,-4,-130
1754050935.18846,-2,0,-132
1754050935.22446,1,5,-121
1754050935.26146,3,4,-123
1754050935.2994602,-2,-1,-123
1754050935.3384602,-4,-4,-132
1754050935.37446,-3,-8,-119
1754050935.41246,-1,-2,-127
1754050935.4504602,0,0,-124
1754050935.48946,0,3,-124
1754050935.52746,4,2,-115
1754050935.56346,9,-2,-116
1754050935.60146,13,-6,-120
1754050935.63946,5,-7,-128
1754050935.67846,0,-1,-130
1754050935.71446,-2,-5,-123
1754050935.75246,-3,-5,-131
1754050935.79046,5,-8,-130
1754050935.82946,0,-5,-131
1754050935.86746,-6,-1,-124
1754050935.90346,-4,-5,-128
1754050935.94246,-1,0,-121
1754050935.97946,4,-2,-137
1754050936.01846,0,-1,-126
1754050936.05446,-3,6,-123
1754050936.0924602,-1,0,-130
1754050936.13046,-4,-2,-122
1754050936.16946,2,-1,-126
1754050936.21246,-5,-1,-123
1754050936.25046,0,-4,-117
1754050936.2894602,3,-2,-114
1754050936.32746,2,-3,-113
1754050936.36446,-2,-1,-119
1754050936.40246,-7,-3,-117
1754050936.4404602,-2,-4,-127
1754050936.47946,0,-10,-125
1754050936.51546,4,-8,-127
1754050936.55346,4,-6,-132
1754050936.5924602,2,-6,-132
1754050936.62946,4,-5,-130
1754050936.66846,1,2,-124
1754050936.70446,0,7,-118
1754050936.74146,-9,3,-129
1754050936.7794602,-3,1,-129
1754050936.81846,-3,-3,-126
1754050936.85446,-1,-3,-124
1754050936.89246,-2,0,-132
1754050936.93046,-5,2,-137
1754050936.96946,0,1,-118
1754050937.00546,0,7,-126
1754050937.04346,4,-3,-135
1754050937.08146,0,-7,-138
1754050937.11946,1,1,-131
1754050937.15846,-4,-5,-125
1754050937.1944602,0,-3,-124
1754050937.2334602,0,-8,-133
1754050937.27146,4,-2,-118
1754050937.3094602,2,-6,-119
1754050937.3454602,5,1,-124
1754050937.38246,8,1,-114
1754050937.42046,0,-2,-126
1754050937.45946,0,3,-121
1754050937.49546,5,1,-120
1754050937.5324602,-7,-6,-124
1754050937.57146,0,-3,-124
1754050937.60946,-1,-5,-129
1754050937.64546,2,-3,-137
1754050937.6844602,2,-1,-120
1754050937.72146,-1,-3,-125
1754050937.76046,-3,-1,-119
1754050937.79846,0,-4,-113
1754050937.83446,-3,-7,-118
1754050937.87246,4,-5,-124
1754050937.91046,4,0,-125
1754050937.94946,1,-3,-130
1754050937.98546,2,-2,-126
1754050938.02346,6,-2,-125
1754050938.0624602,13,-1,-122
1754050938.10046,4,-1,-127
1754050938.1384602,-4,2,-125
1754050938.1744602,-3,0,-126
1754050938.21246,-1,-3,-131
1754050938.25046,9,-4,-129
1754050938.2894602,0,0,-143
1754050938.3254602,-1,-5,-131
1754050938.36446,3,-5,-114
1754050938.4014602,13,-2,-125
1754050938.4404602,2,7,-119
1754050938.47646,1,2,-118
1754050938.5134602,-3,0,-124
1754050938.55146,2,4,-124
1754050938.59046,2,-6,-128
1754050938.62646,4,-9,-131
1754050938.6644602,-6,-1,-130
1754050938.70246,2,-2,-123
1754050938.7404602,-1,0,-123
1754050938.7794602,1,-9,-117
1754050938.8154602,-5,-5,-118
1754050938.85346,0,-3,-116
1754050938.8914602,5,-3,-126
1754050938.93046,0,0,-122
1754050938.96646,3,-1,-129
1754050939.00446,-6,0,-123
1754050939.0424602,4,3,-123
1754050939.08146,5,-2,-121
1754050939.11946,0,-3,-120
1754050939.15546,-1,5,-134
1754050939.1944602,-2,-5,-138
1754050939.23146,6,-3,-122
1754050939.27046,1,4,-119
1754050939.30646,-6,2,-124
1754050939.34446,-3,-4,-129
1754050939.38246,3,-1,-133
1754050939.4214602,5,-11,-125
1754050939.45946,3,-6,-131
1754050939.49546,3,-4,-122
1754050939.53346,8,-3,-129
1754050939.57146,5,-1,-123
1754050939.61046,3,2,-127
1754050939.64646,3,0,-125
1754050939.68346,2,4,-113
1754050939.72146,7,0,-119
1754050939.76046,4,2,-131
1754050939.7964602,1,0,-123
1754050939.83346,-3,2,-115
1754050939.8714602,3,1,-120
1754050939.91046,5,2,-113
1754050939.94646,1,2,-121
1754050939.9834602,1,2,-116
1754050940.02146,4,3,-122
1754050940.06046,7,3,-129
1754050940.09646,-1,6,-126
1754050940.1344602,5,0,-120
1754050940.17246,-2,2,-113
1754050940.21146,1,-2,-119
1754050940.24946,0,4,-117
1754050940.28546,-3,0,-129
1754050940.32446,-3,5,-132
1754050940.3614602,8,-4,-113
1754050940.40046,0,-7,-114
1754050940.43646,4,-5,-127
1754050940.47446,4,-3,-118
1754050940.51246,1,-2,-125
1754050940.55146,3,1,-125
1754050940.58746,1,-3,-134
1754050940.62546,3,0,-115
1754050940.66346,3,4,-129
1754050940.70246,0,0,-126
1754050940.7404602,2,-2,-116
1754050940.7764602,3,-1,-120
1754050940.8154602,0,-6,-124
1754050940.85246,1,0,-125
1754050940.8914602,5,0,-120
1754050940.9274602,2,0,-125
1754050940.96446,0,8,-131
1754050941.00246,-1,2,-134
1754050941.04146,-1,0,-131
1754050941.07746,-2,-5,-125
1754050941.1154602,2,1,-111
1754050941.15346,8,-6,-124
1754050941.19146,5,-5,-129
1754050941.2304602,3,-7,-126
1754050941.2664602,-3,-6,-119
1754050941.30446,-3,-5,-124
1754050941.3424602,-11,-6,-115
1754050941.3814602,-2,-8,-116
1754050941.41846,-5,-3,-125
1754050941.45546,0,0,-126
1754050941.4934602,-3,0,-136
1754050941.5324602,-2,4,-128
1754050941.57046,4,-2,-125
1754050941.60646,-1,-3,-123
1754050941.64546,-3,2,-117
1754050941.68246,0,5,-127
1754050941.72146,0,5,-128
1754050941.75746,-3,4,-129
1754050941.79546,-3,-3,-127
1754050941.83346,-2,-6,-130
1754050941.87246,6,2,-137
1754050941.91046,4,3,-116
1754050941.94646,0,-3,-113
1754050941.98446,-2,-9,-118
1754050942.02246,3,-7,-123
1754050942.06146,1,-9,-118
1754050942.09746,0,-7,-113
1754050942.13546,-2,-6,-127
1754050942.17346,-8,-9,-127
1754050942.21246,-9,-9,-112
1754050942.25046,1,-4,-130
1754050942.2864602,-1,-11,-119
1754050942.3254602,0,-3,-122
1754050942.36246,9,-6,-124
1754050942.4014602,0,-4,-120
1754050942.4374602,-2,-4,-119
1754050942.47546,0,-5,-114
1754050942.5134602,1,0,-114
1754050942.5524602,0,13,-124
1754050942.5884602,0,0,-121
1754050942.62546,8,1,-129
1754050942.66346,0,0,-129
1754050942.70246,0,2,-139
1754050942.73846,2,-3,-119
1754050942.7764602,-6,-3,-117
1754050942.81446,4,-10,-122
1754050942.85346,8,-4,-126
1754050942.8914602,1,-2,-123
1754050942.92846,2,0,-129
1754050942.96546,2,-8,-130
1754050943.0034602,0,-3,-129
1754050943.0424602,9,-2,-118
1754050943.07846,12,3,-112
1754050943.1154602,2,0,-127
1754050943.15346,-4,-4,-114
1754050943.19246,-6,-3,-119
1754050943.22846,-2,-1,-121
1754050943.26746,-3,1,-115
1754050943.30446,0,0,-114
1754050943.3424602,4,-4,-131
1754050943.3814602,-2,0,-120
1754050943.4174602,-3,-2,-126
1754050943.45546,0,-4,-124
1754050943.4934602,-2,3,-124
1754050943.5324602,-4,2,-130
1754050943.56846,4,8,-125
1754050943.60646,0,2,-115
1754050943.6444602,1,-5,-119
1754050943.68346,0,0,-129
1754050943.72146,0,1,-127
1754050943.75746,-1,-2,-126
1754050943.7964602,5,1,-125
1754050943.83346,7,-1,-127
1754050943.87246,0,-1,-134
1754050943.90846,-1,-2,-123
1754050943.94646,-1,-3,-118
1754050943.98446,-4,-1,-121
1754050944.02346,-1,4,-111
1754050944.06146,-3,-2,-111
1754050944.09746,-2,-5,-122
1754050944.13546,2,2,-124
1754050944.17346,10,0,-121
1754050944.21246,9,-5,-121
1754050944.24846,10,-5,-123
1754050944.2864602,4,-7,-121
1754050944.32446,3,-2,-121
1754050944.36346,1,8,-120
1754050944.4014602,-1,-2,-123
1754050944.4374602,1,1,-125
1754050944.47446,8,1,-119
1754050944.5134602,6,0,-117
1754050944.55146,1,-6,-125
1754050944.58746,4,-5,-122
1754050944.62646,6,0,-116
1754050944.66346,3,-9,-122
1754050944.70246,3,0,-130
1754050944.73846,0,-1,-131
1754050944.7764602,0,-10,-125
1754050944.81446,1,-4,-125
1754050944.85346,2,-5,-114
1754050944.88946,7,-2,-118
1754050944.9274602,7,0,-124
1754050944.96546,8,-8,-117
1754050945.0034602,4,-8,-128
1754050945.0424602,3,0,-135
1754050945.07846,4,-3,-135
1754050945.11646,1,-2,-121
1754050945.1544602,3,-3,-124
1754050945.19346,0,-6,-134
1754050945.22946,8,-6,-128
1754050945.26746,1,-3,-122
1754050945.30546,6,-1,-127
1754050945.34346,-1,-7,-128
1754050945.38246,-1,0,-136
1754050945.41846,1,0,-130
1754050945.45546,3,1,-135
1754050945.4934602,0,0,-128
1754050945.5324602,0,-7,-130
1754050945.56846,-9,-2,-122
1754050945.60646,-8,-10,-128
1754050945.6444602,3,-5,-126
1754050945.68346,0,-1,-120
1754050945.71946,-1,2,-121
1754050945.75746,7,0,-128
1754050945.79546,-1,-2,-125
1754050945.83446,6,1,-125
1754050945.87246,0,0,-113
1754050945.90846,-3,0,-121
1754050945.94646,0,-2,-115
1754050945.98546,-2,2,-115
1754050946.02346,3,5,-124
1754050946.0594602,0,0,-124
1754050946.09646,2,0,-117
1754050946.13546,7,-4,-115
1754050946.17346,-3,-1,-126
1754050946.21846,-1,-7,-136
1754050946.25546,-6,-6,-124
1754050946.29446,-3,-6,-112
1754050946.3324602,2,-7,-109
1754050946.3684602,2,-3,-122
1754050946.40646,5,-7,-126
1754050946.4444602,-1,0,-125
1754050946.4834602,5,0,-117
1754050946.5194602,-2,-3,-125
1754050946.55746,0,0,-124
1754050946.5954602,3,0,-126
1754050946.6344602,0,4,-127
1754050946.67246,-1,7,-128
1754050946.70846,-8,2,-129
1754050946.7464602,2,-3,-131
1754050946.78546,4,-2,-136
1754050946.82346,-2,2,-132
1754050946.85946,0,4,-125
1754050946.89646,6,1,-122
1754050946.93546,1,-5,-130
1754050946.9734602,3,-1,-128
1754050947.0094602,-2,-2,-128
1754050947.04846,0,-2,-120
1754050947.0854602,4,0,-113
1754050947.12446,-4,-4,-121
1754050947.16046,-6,-2,-121
1754050947.19846,-2,-7,-126
1754050947.2364602,0,-9,-136
1754050947.27446,-5,1,-125
1754050947.31346,-8,1,-136
1754050947.34946,-1,-9,-132
1754050947.38746,-2,-7,-125
1754050947.42546,-2,-1,-125
1754050947.46446,-3,2,-117
1754050947.50046,1,-1,-126
1754050947.53846,3,0,-130
1754050947.57646,-4,2,-127
1754050947.61446,-3,0,-126
1754050947.65346,-1,0,-139
1754050947.68946,0,1,-136
1754050947.72646,-1,5,-136
1754050947.76546,1,12,-129
1754050947.80346,-5,0,-131
1754050947.83946,-2,0,-123
1754050947.8784602,9,-6,-119
1754050947.91546,0,-4,-127
1754050947.95446,1,5,-120
1754050947.9904602,2,4,-117
1754050948.02846,-5,8,-120
1754050948.0654602,8,0,-129
1754050948.10446,2,2,-121
1754050948.14046,0,0,-117
1754050948.1774602,3,3,-127
1754050948.21546,5,-3,-123
1754050948.25446,0,-3,-130
1754050948.29046,-2,-4,-128
1754050948.32846,-7,0,-124
1754050948.36646,-10,-5,-121
1754050948.40546,-1,-4,-132
1754050948.44346,3,0,-125
1754050948.47946,0,-5,-122
1754050948.51746,0,-5,-118
1754050948.55546,-4,0,-123
1754050948.59446,-3,-8,-126
1754050948.63046,-2,-10,-119
1754050948.66846,-6,-6,-115
1754050948.70646,-4,-2,-109
1754050948.74546,-7,-4,-140
1754050948.78146,0,-3,-131
1754050948.81846,3,-2,-131
1754050948.85646,0,0,-121
1754050948.89546,3,1,-116
1754050948.93146,11,-5,-121
1754050948.96946,0,-4,-129
1754050949.00746,0,-2,-139
1754050949.04546,0,-4,-118
1754050949.08446,1,-6,-118
1754050949.12046,7,2,-118
1754050949.1574602,2,5,-116
1754050949.19546,4,-2,-119
1754050949.23446,0,-5,-116
1754050949.27046,-2,-2,-122
1754050949.30846,-3,-11,-134
1754050949.34646,-3,-10,-122
1754050949.38546,-1,-3,-117
1754050949.4214602,-3,0,-115
1754050949.45946,-4,6,-129
1754050949.49746,0,6,-123
1754050949.53546,0,5,-123
1754050949.57446,-3,2,-117
1754050949.61046,0,-2,-125
1754050949.64846,-8,-4,-124
1754050949.6874602,-9,-4,-117
1754050949.72546,-8,-6,-121
1754050949.76146,-1,-2,-121
1754050949.7994602,3,-3,-116
1754050949.83746,3,-2,-123
1754050949.87646,-1,1,-135
1754050949.9144602,1,0,-124
1754050949.9504602,-3,-4,-117
1754050949.98846,1,-5,-123
1754050950.0264602,3,0,-122
1754050950.0654602,-3,1,-127
1754050950.10146,-3,-2,-130
1754050950.13946,4,0,-130
1754050950.17846,4,-3,-110
1754050950.21646,4,1,-113
1754050950.25446,-2,-7,-119
1754050950.29046,1,-4,-118
1754050950.32846,4,1,-117
1754050950.36646,0,-4,-113
1754050950.4044602,0,-1,-127
1754050950.4404602,1,0,-121
1754050950.47746,0,-2,-129
1754050950.5164602,0,0,-131
1754050950.55446,5,-5,-126
1754050950.59046,6,-6,-125
1754050950.6284602,8,0,-129
1754050950.6674602,-1,0,-134
1754050950.70546,2,-3,-124
1754050950.74146,2,-2,-132
1754050950.78046,6,-1,-132
1754050950.81746,0,-1,-124
1754050950.85646,-2,-2,-122
1754050950.89246,-7,-1,-130
1754050950.93046,-1,0,-127
1754050950.96846,6,0,-132
1754050951.0064602,-1,0,-135
1754050951.04546,-4,0,-130
1754050951.08146,-7,0,-128
1754050951.11946,-1,4,-120
1754050951.1574602,2,1,-116
1754050951.19646,0,-4,-126
1754050951.23246,13,-1,-125
1754050951.27146,-3,-1,-125
1754050951.30846,0,-3,-133
1754050951.34746,-4,-5,-121
1754050951.38546,-1,1,-133
1754050951.4214602,6,2,-137
1754050951.45846,-7,-1,-132
1754050951.49746,6,0,-130
1754050951.53546,0,-1,-114
1754050951.57146,2,1,-115
1754050951.6084602,2,4,-119
1754050951.64746,-2,-1,-133
1754050951.68546,1,-3,-127
1754050951.72146,4,0,-119
1754050951.75846,0,0,-128
1754050951.79746,2,-4,-113
1754050951.8354602,2,-9,-124
1754050951.8714602,0,-3,-128
1754050951.90946,0,-2,-121
1754050951.9474602,7,3,-122
1754050951.9864602,3,-1,-125
1754050952.02246,1,-7,-124
1754050952.06046,9,-3,-132
1754050952.0984602,4,-4,-132
1754050952.13746,5,-4,-130
1754050952.17546,5,2,-134
1754050952.21146,7,-1,-129
1754050952.24946,7,-6,-114
1754050952.28746,-1,-1,-126
1754050952.32646,3,-4,-123
1754050952.36246,0,-8,-129
1754050952.40046,2,-3,-133
1754050952.43846,0,-1,-126
1754050952.47746,0,-2,-122
1754050952.51546,6,2,-124
1754050952.55146,5,-2,-121
1754050952.58946,1,-4,-120
1754050952.62746,3,-2,-120
1754050952.66646,0,6,-119
1754050952.70246,2,0,-131
1754050952.73946,1,-4,-135
1754050952.77746,1,0,-124
1754050952.81646,0,4,-115
1754050952.85246,0,-1,-121
1754050952.89046,3,-7,-122
1754050952.92846,6,-5,-122
1754050952.9674602,2,-5,-125
1754050953.0034602,5,0,-122
1754050953.04146,0,0,-124
1754050953.07946,-5,-6,-129
1754050953.1184602,-2,1,-126
1754050953.15646,0,0,-122
1754050953.19246,0,0,-116
1754050953.22946,-9,-2,-113
1754050953.26746,-2,-3,-116
1754050953.30646,7,1,-128
1754050953.3424602,6,-1,-122
1754050953.38046,6,1,-117
1754050953.41846,0,-6,-115
1754050953.4574602,3,-1,-122
1754050953.4934602,4,0,-129
1754050953.53046,1,3,-144
1754050953.56846,0,7,-129
1754050953.60746,6,3,-123
1754050953.64346,3,1,-132
1754050953.68046,-2,2,-116
1754050953.71846,2,0,-124
1754050953.75746,4,0,-122
1754050953.79346,2,-5,-115
1754050953.83146,-5,0,-123
1754050953.86946,-2,-10,-126
1754050953.90846,-10,-7,-119
1754050953.94646,-2,-5,-123
1754050953.98246,-2,-6,-124
1754050954.02046,-6,-1,-123
1754050954.05846,-1,1,-129
1754050954.09746,1,3,-128
1754050954.13346,5,1,-129
1754050954.17046,-2,1,-119
1754050954.20846,1,2,-126
1754050954.24746,4,-1,-124
1754050954.28346,0,-1,-142
1754050954.32046,6,-1,-142
1754050954.3584602,7,-5,-131
1754050954.39746,6,-4,-121
1754050954.43346,4,3,-120
1754050954.4704602,4,3,-124
1754050954.50846,6,0,-129
1754050954.54746,-1,0,-130
1754050954.58346,2,-2,-123
1754050954.6214602,2,0,-121
1754050954.66046,-2,-1,-115
1754050954.69846,-10,-1,-128
1754050954.7364602,-5,-5,-125
1754050954.77246,-3,-4,-119
1754050954.81046,-2,-8,-126
1754050954.84946,5,-2,-124
1754050954.88746,2,-10,-128
1754050954.92346,8,-5,-129
1754050954.96146,-1,0,-135
1754050954.99946,7,-2,-129
1754050955.03846,-1,-3,-127
1754050955.07446,2,2,-116
1754050955.1114602,0,3,-115
1754050955.14946,5,2,-123
1754050955.18846,4,0,-123
1754050955.22446,3,1,-134
1754050955.26146,0,1,-133
1754050955.2994602,-4,-2,-129
1754050955.3384602,-5,-5,-130
1754050955.37446,3,-6,-125
1754050955.41246,-3,-9,-129
1754050955.4504602,-4,4,-130
1754050955.48946,0,-5,-132
1754050955.52746,-3,0,-125
1754050955.56346,-6,-4,-128
1754050955.60146,-1,0,-128
1754050955.63946,2,-1,-124
1754050955.67846,4,-4,-126
1754050955.71446,2,-2,-128
1754050955.7534602,-2,3,-128
1754050955.79046,-2,-2,-116
1754050955.82846,-1,-9,-126
1754050955.86746,-1,0,-125
1754050955.90346,0,3,-130
1754050955.9404602,7,2,-132
1754050955.97946,-4,12,-125
1754050956.01746,3,6,-128
1754050956.05346,0,0,-120
1754050956.09046,-2,0,-129
1754050956.12946,-1,-1,-124
1754050956.1674602,6,2,-110
1754050956.20346,8,-1,-119
1754050956.24946,0,-8,-121
1754050956.28746,3,-8,-117
1754050956.32346,1,-7,-118
1754050956.3614602,0,-3,-115
1754050956.39946,4,1,-116
1754050956.43846,0,3,-105
1754050956.47446,0,1,-116
1754050956.51246,4,0,-117
1754050956.55046,12,-7,-113
1754050956.58946,3,2,-113
1754050956.62746,4,3,-128
1754050956.66346,-1,1,-129
1754050956.70146,3,1,-134
1754050956.73946,2,0,-126
1754050956.77846,1,0,-111
1754050956.81446,-2,-5,-115
1754050956.85246,2,-2,-114
1754050956.89046,5,-6,-114
1754050956.92946,3,-4,-112
1754050956.9674602,1,-9,-111
1754050957.0034602,0,-8,-112
1754050957.04146,2,-5,-136
1754050957.07946,7,-1,-129
1754050957.1184602,4,0,-131
1754050957.1544602,4,1,-138
1754050957.19146,10,1,-137
1754050957.22946,11,-3,-135
1754050957.26846,2,1,-115
1754050957.30446,2,3,-117
1754050957.34146,3,5,-126
1754050957.37946,1,1,-124
1754050957.41846,-4,1,-113
1754050957.45446,-1,-5,-118
1754050957.49246,0,4,-116
1754050957.53046,5,-1,-125
1754050957.5694602,0,-3,-130
1754050957.6054602,5,-1,-129
1754050957.64346,3,0,-129
1754050957.68146,0,-3,-125
1754050957.71946,-5,0,-120
1754050957.75846,2,0,-134
1754050957.79446,5,-4,-129
1754050957.8324602,4,-2,-127
1754050957.87046,10,1,-129
1754050957.90946,0,0,-127
1754050957.94546,-4,3,-123
1754050957.9834602,-3,1,-123
1754050958.02146,-2,4,-128
1754050958.06046,5,-3,-135
1754050958.0984602,0,-3,-133
1754050958.1344602,-1,3,-121
1754050958.17246,3,1,-109
1754050958.2104602,1,1,-127
1754050958.24946,6,-1,-136
1754050958.28546,7,0,-123
1754050958.3224602,0,-3,-123
1754050958.36046,4,-4,-120
1754050958.39946,0,-4,-122
1754050958.43546,-2,0,-127
1754050958.47246,-5,0,-105
1754050958.51046,-3,-1,-111
1754050958.5494602,-2,3,-128
1754050958.5854602,3,1,-120
1754050958.62246,-4,0,-133
1754050958.66046,0,-4,-128
1754050958.69946,4,-2,-124
1754050958.73546,-1,0,-122
1754050958.77346,-1,5,-125
1754050958.81146,2,6,-125
1754050958.85046,4,4,-128
1754050958.8884602,1,4,-117
1754050958.9244602,6,0,-105
1754050958.96246,3,-5,-111
1754050959.00046,-1,-3,-115
1754050959.03846,-4,-5,-109
1754050959.0754602,0,-7,-114
1754050959.11346,-1,-10,-118
1754050959.1514602,5,-5,-124
1754050959.1904602,2,-6,-114
1754050959.22646,2,-4,-124
1754050959.26446,6,-8,-121
1754050959.3024602,3,-3,-116
1754050959.34046,4,5,-117
1754050959.37946,5,-2,-116
1754050959.41546,5,2,-133
1754050959.45346,-1,-8,-132
1754050959.49146,2,-3,-125
1754050959.53046,4,-9,-112
1754050959.56646,0,-2,-104
1754050959.60446,3,-9,-108
1754050959.64246,0,-14,-127
1754050959.68046,-1,0,-126
1754050959.71946,-1,0,-122
1754050959.75546,-3,-1,-129
1754050959.79346,-7,-2,-119
1754050959.83146,3,0,-121
1754050959.87046,4,-1,-118
1754050959.90646,5,0,-118
1754050959.94346,3,4,-123
1754050959.98146,6,-5,-113
1754050960.02046,0,-1,-116
1754050960.05646,1,-7,-119
1754050960.09446,0,5,-133
1754050960.13246,-3,5,-126
1754050960.1714602,-1,-3,-126
1754050960.20946,4,-2,-123
1754050960.24546,4,-7,-128
1754050960.28346,-2,-1,-113
1754050960.3224602,6,0,-112
1754050960.36046,4,-4,-123
1754050960.39646,-3,-3,-129
1754050960.43546,-5,-4,-134
1754050960.47246,5,-1,-125
1754050960.51146,8,1,-123
1754050960.5494602,0,-2,-133
1754050960.5854602,-1,-3,-122
1754050960.62346,2,-3,-113
1754050960.6614602,1,-2,-126
1754050960.7004602,0,4,-125
1754050960.7364602,-4,-1,-122
1754050960.77446,1,-4,-113
1754050960.8124602,-2,-4,-122
1754050960.85146,3,-2,-127
1754050960.88946,3,-1,-125
1754050960.92546,2,1,-111
1754050960.9634602,6,3,-112
1754050961.00246,3,1,-114
1754050961.04046,-8,1,-120
1754050961.07646,-4,0,-110
1754050961.11346,-8,0,-122
1754050961.15246,-6,-1,-125
1754050961.1904602,0,0,-122
1754050961.22646,6,1,-126
1754050961.2634602,5,2,-116
1754050961.3024602,-9,7,-132
1754050961.34046,-5,5,-130
1754050961.37646,-1,0,-125
1754050961.4144602,0,1,-119
1754050961.45246,11,2,-134
1754050961.49146,9,0,-122
1754050961.52746,5,-4,-124
1754050961.5654602,7,-2,-126
1754050961.60346,2,-1,-125
1754050961.6414602,7,-1,-124
1754050961.68046,5,-1,-125
1754050961.71646,0,3,-121
1754050961.75446,3,-3,-124
1754050961.79346,0,-4,-126
1754050961.83146,2,-1,-121
1754050961.86746,-1,0,-119
1754050961.90546,-3,-1,-131
1754050961.94346,1,-4,-124
1754050961.98146,3,-4,-125
1754050962.02046,8,2,-127
1754050962.05646,3,3,-121
1754050962.09346,2,1,-128
1754050962.13246,7,-2,-123
1754050962.17046,1,-2,-123
1754050962.20646,2,-2,-130
1754050962.24446,0,-9,-123
1754050962.2824602,-5,-7,-122
1754050962.32146,-4,-3,-122
1754050962.35746,0,-3,-122
1754050962.39546,1,1,-119
1754050962.43346,12,8,-112
1754050962.47246,1,3,-129
1754050962.51046,1,0,-128
1754050962.5464602,1,0,-126
1754050962.58346,4,-8,-127
1754050962.62246,2,0,-122
1754050962.66046,4,0,-125
1754050962.69646,3,0,-118
1754050962.7334602,2,-11,-118
1754050962.77246,6,-3,-123
1754050962.81046,5,-6,-128
1754050962.84646,1,-1,-122
1754050962.8844602,5,0,-128
1754050962.92346,3,-1,-118
1754050962.96146,3,-1,-114
1754050962.99746,5,2,-130
1754050963.03446,2,6,-128
1754050963.07346,3,-1,-130
1754050963.1114602,1,-6,-127
1754050963.14746,-3,-6,-125
1754050963.18646,-5,-6,-113
1754050963.2234602,-6,-3,-115
1754050963.26246,-1,2,-111
1754050963.29846,-2,2,-124
1754050963.33746,-4,-1,-112
1754050963.37446,0,-3,-120
1754050963.41246,2,-4,-115
1754050963.45146,-2,2,-123
1754050963.48746,4,-2,-120
1754050963.52546,9,0,-127
1754050963.56346,-3,6,-126
1754050963.60246,0,5,-122
1754050963.6384602,-4,6,-119
1754050963.67646,0,-5,-116
1754050963.71446,6,0,-118
1754050963.7534602,-2,2,-119
1754050963.79146,-1,7,-121
1754050963.82746,3,3,-132
1754050963.86446,3,9,-123
1754050963.90246,-6,2,-118
1754050963.94146,-7,-3,-124
1754050963.97746,0,0,-121
1754050964.01446,0,-3,-114
1754050964.05346,5,-2,-130
1754050964.09146,-7,0,-119
1754050964.12746,4,4,-138
1754050964.1644602,-5,-6,-120
1754050964.20346,2,-1,-117
1754050964.24146,3,-1,-115
1754050964.27746,0,-3,-114
1754050964.3154602,5,-1,-113
1754050964.35346,2,-2,-109
1754050964.39246,0,3,-116
1754050964.42846,1,6,-125
1754050964.46546,0,4,-111
1754050964.5034602,-1,2,-123
1754050964.5424602,2,0,-123
1754050964.57846,10,-1,-126
1754050964.61646,-2,-3,-121
1754050964.6544602,-3,-9,-124
1754050964.69346,1,-6,-134
1754050964.73146,-1,1,-131
1754050964.76746,0,2,-125
1754050964.80546,1,0,-131
1754050964.84346,0,0,-121
1754050964.88246,-1,-1,-121
1754050964.91846,5,0,-123
1754050964.95546,1,-5,-108
1754050964.99446,2,-3,-118
1754050965.0324602,0,-5,-125
1754050965.06846,3,-1,-114
1754050965.10646,0,1,-124
1754050965.1444602,5,-1,-117
1754050965.18346,0,-3,-119
1754050965.22146,9,-9,-129
1754050965.25746,2,-2,-124
1754050965.29546,-5,0,-120
1754050965.33346,0,2,-121
1754050965.37246,-2,-1,-127
1754050965.40846,-4,-5,-127
1754050965.44646,-1,-7,-123
1754050965.48546,0,-2,-117
1754050965.52346,-10,-2,-117
1754050965.5594602,0,0,-127
1754050965.59646,5,0,-125
1754050965.63546,4,-3,-122
1754050965.67346,0,-4,-128
1754050965.70946,-5,3,-123
1754050965.74846,0,-5,-124
1754050965.78546,-2,0,-125
1754050965.82346,0,-3,-117
1754050965.86246,0,-3,-118
1754050965.89846,0,4,-114
1754050965.93546,5,-4,-122
1754050965.9734602,7,-4,-122
1754050966.01246,7,-6,-119
1754050966.04846,0,-8,-126
1754050966.0854602,0,-7,-119
1754050966.12346,3,0,-118
1754050966.16246,3,0,-118
1754050966.19846,2,2,-119
1754050966.23546,9,0,-124
1754050966.2794602,9,-10,-118
1754050966.31746,1,0,-107
1754050966.3554602,-3,1,-122
1754050966.3944602,2,0,-127
1754050966.43246,4,0,-112
1754050966.46846,7,-1,-111
1754050966.5064602,3,0,-108
1754050966.54446,2,2,-122
1754050966.58346,2,0,-119
1754050966.62046,-3,3,-113
1754050966.6574602,-1,-5,-115
1754050966.69546,-2,0,-119
1754050966.73446,-7,0,-113
1754050966.77246,-10,0,-120
1754050966.80846,-8,0,-117
1754050966.84746,-4,-2,-121
1754050966.8844602,7,-2,-135
1754050966.92346,5,-7,-123
1754050966.95946,10,-2,-119
1754050966.99746,8,-3,-121
1754050967.03546,3,0,-121
1754050967.07446,-1,0,-131
1754050967.11246,-5,0,-124
1754050967.14846,-5,-6,-121
1754050967.1874602,-5,0,-128
1754050967.22446,0,6,-129
1754050967.2634602,-1,3,-128
1754050967.2994602,0,6,-128
1754050967.33746,3,-3,-118
1754050967.37446,2,4,-122
1754050967.41346,0,2,-122
1754050967.44946,1,-8,-130
1754050967.48746,-4,-4,-136
1754050967.52546,7,4,-137
1754050967.56446,0,0,-129
1754050967.60046,0,-3,-121
1754050967.6384602,1,-4,-114
1754050967.67646,5,2,-119
1754050967.71446,5,-5,-118
1754050967.7534602,0,-2,-134
1754050967.7894602,5,0,-117
1754050967.82646,2,0,-126
1754050967.86446,0,-9,-129
1754050967.90346,-6,-10,-128
1754050967.93946,-7,-11,-119
1754050967.97846,2,0,-128
1754050968.01546,6,-1,-121
1754050968.05446,1,4,-116
1754050968.09046,-5,1,-125
1754050968.1284602,0,-5,-116
1754050968.16646,-1,0,-122
1754050968.20446,2,0,-108
1754050968.2434602,3,-7,-119
1754050968.2794602,3,-3,-123
1754050968.31746,0,1,-121
1754050968.3554602,4,3,-114
1754050968.3944602,5,1,-122
1754050968.43046,6,-1,-120
1754050968.46846,-1,0,-115
1754050968.50746,0,-5,-123
1754050968.54546,0,-5,-116
1754050968.58346,-2,0,-121
1754050968.61946,0,-3,-124
1754050968.6574602,-4,2,-138
1754050968.69546,3,-3,-125
1754050968.73446,-1,-2,-115
1754050968.77046,2,-8,-123
1754050968.80846,4,-6,-117
1754050968.84646,-2,0,-129
1754050968.88546,1,1,-121
1754050968.92346,2,-4,-137
1754050968.95946,5,3,-126
1754050968.9964602,3,7,-117
1754050969.03546,-3,4,-137
1754050969.07346,-5,-3,-134
1754050969.10946,-2,-10,-132
1754050969.14746,1,-6,-132
1754050969.18546,-5,-6,-135
1754050969.22446,-3,0,-127
1754050969.26046,3,-1,-123
1754050969.29846,3,-6,-135
1754050969.33746,6,-4,-128
1754050969.37546,10,-1,-119
1754050969.41346,7,-3,-126
1754050969.44946,4,-3,-124
1754050969.48746,11,-3,-124
1754050969.52546,8,-5,-120
1754050969.56446,-5,-7,-120
1754050969.60046,-2,-2,-127
1754050969.6384602,0,-2,-132
1754050969.67846,0,-3,-136
1754050969.71546,-8,-7,-126
1754050969.75446,-2,-5,-127
1754050969.79046,-1,0,-124
1754050969.82846,-2,1,-127
1754050969.86646,11,-2,-127
1754050969.90546,10,4,-120
1754050969.94146,0,5,-117
1754050969.97846,0,-5,-117
1754050970.0164602,3,-2,-121
1754050970.05546,5,-1,-125
1754050970.09146,-2,-2,-126
1754050970.12946,-2,2,-126
1754050970.1674602,0,-4,-126
1754050970.20546,3,-3,-123
1754050970.24446,8,3,-129
1754050970.28046,0,-1,-120
1754050970.3194602,-7,-1,-125
1754050970.35646,2,-5,-116
1754050970.39546,4,5,-127
1754050970.43146,4,-2,-119
1754050970.46946,3,-3,-132
1754050970.50746,-6,-6,-129
1754050970.5464602,0,-1,-126
1754050970.58446,8,-7,-131
1754050970.62046,8,-9,-128
1754050970.65846,1,0,-130
1754050970.69646,-8,2,-124
1754050970.73546,5,4,-119
1754050970.77146,7,1,-121
1754050970.80846,5,0,-124
1754050970.84646,-6,-7,-123
1754050970.88546,5,-4,-131
1754050970.9214602,0,-3,-125
1754050970.95946,3,0,-126
1754050970.99746,8,1,-120
1754050971.0364602,6,0,-119
1754050971.07446,1,5,-122
1754050971.11046,0,1,-124
1754050971.14746,-5,0,-125
1754050971.18646,7,1,-134
1754050971.22446,0,2,-126
1754050971.26046,2,0,-123
1754050971.29746,2,2,-118
1754050971.33646,0,-2,-114
1754050971.37446,3,-3,-117
1754050971.41046,2,3,-127
1754050971.4474602,2,0,-128
1754050971.4864602,-2,0,-121
1754050971.52446,1,0,-128
1754050971.56046,3,0,-119
1754050971.59746,4,2,-128
1754050971.63646,2,0,-121
1754050971.67246,6,-3,-113
1754050971.7104602,-6,-6,-128
1754050971.74946,-3,-2,-126
1754050971.78746,2,-2,-134
1754050971.8254602,-2,-1,-124
1754050971.8614602,0,4,-131
1754050971.89946,-2,0,-118
1754050971.9374602,3,0,-118
1754050971.97646,-5,0,-117
1754050972.01246,0,1,-122
1754050972.0494602,-4,0,-125
1754050972.08746,-2,1,-123
1754050972.12646,-4,-3,-121
1754050972.16246,-3,1,-123
1754050972.2004602,3,-7,-126
1754050972.23846,3,-2,-146
1754050972.2764602,6,6,-126
1754050972.3154602,6,4,-124
1754050972.35146,5,3,-131
1754050972.38946,2,-1,-125
1754050972.4274602,2,0,-126
1754050972.46646,-1,1,-114
1754050972.50246,2,3,-120
1754050972.5394602,3,0,-122
1754050972.57746,-2,0,-123
1754050972.61646,-3,4,-131
1754050972.65246,-3,5,-122
1754050972.69146,-2,-2,-122
1754050972.72846,-5,3,-127
1754050972.76746,-1,-12,-130
1754050972.80546,10,0,-114
1754050972.84146,14,1,-113
1754050972.8784602,13,0,-124
1754050972.9174602,6,-6,-124
1754050972.95546,8,-2,-134
1754050972.99146,1,-1,-121
1754050973.0294602,2,-1,-121
1754050973.06746,5,3,-130
1754050973.10646,0,3,-126
1754050973.14246,0,0,-114
1754050973.17946,10,0,-132
1754050973.2174602,-6,-2,-125
1754050973.2564602,2,2,-129
1754050973.2924602,2,0,-128
1754050973.33046,0,-1,-123
1754050973.3684602,6,-2,-120
1754050973.4074602,1,0,-131
1754050973.44546,0,-3,-134
1754050973.48246,4,-4,-133
1754050973.52146,-4,-1,-132
1754050973.55846,-7,-1,-127
1754050973.59746,-8,2,-121
1754050973.63346,-10,0,-126
1754050973.6714602,-2,-3,-128
1754050973.70946,-3,-1,-121
1754050973.74746,0,-7,-119
1754050973.7864602,4,-3,-123
1754050973.8224602,7,0,-120
1754050973.85946,0,-2,-126
1754050973.89746,0,-6,-116
1754050973.93646,-5,-4,-114
1754050973.97246,-2,-5,-119
1754050974.01046,1,-6,-118
1754050974.04846,2,-5,-122
1754050974.08746,1,-6,-121
1754050974.12346,2,0,-132
1754050974.16046,3,1,-123
1754050974.19846,4,-1,-123
1754050974.23746,2,-10,-132
1754050974.27346,-2,-7,-120
1754050974.31146,4,4,-112
1754050974.34946,5,0,-115
1754050974.38746,-4,-1,-123
1754050974.42646,0,0,-115
1754050974.46246,-7,5,-116
1754050974.50046,-3,-2,-128
1754050974.53846,0,-4,-132
1754050974.57746,0,2,-124
1754050974.61346,-3,8,-125
1754050974.6514602,-1,8,-119
1754050974.68946,5,0,-122
1754050974.72846,-1,-1,-121
1754050974.7664602,1,-6,-124
1754050974.8024602,-2,-3,-126
1754050974.84146,5,-3,-128
1754050974.87946,1,1,-133
1754050974.9174602,5,0,-132
1754050974.95346,8,-2,-134
1754050974.99146,4,0,-129
1754050975.0294602,5,-1,-120
1754050975.06846,0,-2,-126
1754050975.10646,4,0,-115
1754050975.14246,5,-2,-119
1754050975.18046,0,0,-132
1754050975.21846,-3,4,-134
1754050975.25746,-4,-8,-140
1754050975.29346,0,0,-127
1754050975.33046,-5,4,-131
1754050975.3684602,1,0,-128
1754050975.4074602,1,4,-127
1754050975.44346,-1,-3,-121
1754050975.48146,-1,-4,-113
1754050975.5194602,2,-4,-120
1754050975.55846,4,0,-114
1754050975.59646,-2,1,-113
1754050975.63246,2,2,-126
1754050975.66946,0,1,-123
1754050975.70846,-1,-4,-120
1754050975.74446,0,-2,-113
1754050975.7824602,2,-3,-114
1754050975.82146,-8,-2,-118
1754050975.8584602,0,-5,-120
1754050975.89746,5,0,-119
1754050975.93346,3,0,-130
1754050975.97146,4,1,-130
1754050976.00846,-2,-2,-136
1754050976.04746,3,-4,-129
1754050976.08346,10,-4,-133
1754050976.1214602,6,-8,-129
1754050976.15946,5,-2,-116
1754050976.19846,1,-5,-131
1754050976.23446,-7,-3,-130
1754050976.27246,-1,1,-122
1754050976.31846,1,-9,-123
1754050976.35446,-2,-5,-131
1754050976.39246,-7,-4,-127
1754050976.43146,-2,0,-131
1754050976.46846,6,-2,-121
1754050976.50746,0,-1,-116
1754050976.54346,0,0,-123
1754050976.58146,-7,0,-113
1754050976.61946,-8,0,-130
1754050976.65846,3,-1,-117
1754050976.6944602,-1,-6,-109
1754050976.73246,1,-3,-111
1754050976.77046,6,-5,-118
1754050976.8094602,2,-1,-129
1754050976.84746,6,-3,-120
1754050976.88346,4,-5,-113
1754050976.9214602,-1,1,-115
1754050976.95946,6,-8,-127
1754050976.99846,2,1,-129
1754050977.03446,12,-2,-123
1754050977.0724602,1,-5,-118
1754050977.11046,0,-11,-118
1754050977.14946,-5,-3,-120
1754050977.1874602,-5,-4,-132
1754050977.2234602,-3,-6,-117
1754050977.26246,2,-4,-115
1754050977.2994602,7,-7,-116
1754050977.3384602,3,-6,-112
1754050977.37446,5,-1,-108
1754050977.41246,1,3,-116
1754050977.4504602,-2,-3,-126
1754050977.48946,0,-3,-111
1754050977.52746,10,3,-120
1754050977.56346,5,-1,-126
1754050977.60146,6,-1,-110
1754050977.63946,0,-4,-111
1754050977.67846,2,-1,-121
1754050977.71446,-1,-2,-118
1754050977.7534602,-1,2,-124
1754050977.79046,-1,-3,-122
1754050977.82946,5,-5,-128
1754050977.8654602,-1,-5,-122
1754050977.90346,5,3,-135
1754050977.94146,3,-1,-124
1754050977.97946,1,-2,-123
1754050978.01846,0,-7,-120
1754050978.05446,0,-2,-108
1754050978.0924602,0,1,-124
1754050978.13046,0,4,-109
1754050978.16946,2,-5,-122
1754050978.20546,0,-1,-115
1754050978.24246,0,-3,-116
1754050978.28046,0,-1,-117
1754050978.3194602,-7,0,-121
1754050978.3554602,-7,-4,-116
1754050978.39346,0,-6,-116
1754050978.43146,-11,-3,-115
1754050978.46946,3,0,-118
1754050978.50846,6,-6,-118
1754050978.54446,9,-7,-121
1754050978.5824602,6,-2,-119
1754050978.6214602,0,-4,-114
1754050978.65946,0,-3,-120
1754050978.69546,-3,-3,-121
1754050978.7334602,-3,-3,-129
1754050978.77146,-7,0,-122
1754050978.81046,-8,-3,-110
1754050978.8484602,-2,-4,-118
1754050978.8844602,0,-1,-120
1754050978.9214602,11,-1,-122
1754050978.9604602,6,-8,-111
1754050978.99846,7,-5,-115
1754050979.03446,-5,-1,-124
1754050979.0724602,5,-4,-128
1754050979.11046,1,1,-125
1754050979.14946,0,1,-130
1754050979.18546,-5,0,-121
1754050979.2234602,0,-8,-128
1754050979.26146,9,2,-123
1754050979.30046,2,-2,-119
1754050979.3384602,5,-2,-128
1754050979.37446,4,-7,-120
1754050979.41246,4,-9,-130
1754050979.4504602,-2,2,-125
1754050979.48946,4,-2,-125
1754050979.52546,8,0,-125
1754050979.5624602,3,-2,-123
1754050979.60046,1,-1,-126
1754050979.63946,3,-2,-128
1754050979.67546,0,0,-121
1754050979.71246,-4,5,-120
1754050979.75046,-4,-4,-125
1754050979.7894602,0,0,-119
1754050979.8254602,3,0,-112
1754050979.86246,-3,-3,-117
1754050979.90046,9,-7,-115
1754050979.93946,2,-3,-120
1754050979.97546,3,-3,-114
1754050980.0134602,3,0,-129
1754050980.05146,0,-2,-126
1754050980.09046,-4,-5,-126
1754050980.12646,0,0,-117
1754050980.1644602,2,-5,-124
1754050980.20246,-4,3,-121
1754050980.2404602,0,4,-129
1754050980.2794602,0,1,-127
1754050980.3154602,5,-2,-129
1754050980.35346,8,0,-119
1754050980.39246,5,2,-116
1754050980.43046,7,3,-116
1754050980.46646,2,-2,-114
1754050980.50546,4,-9,-119
1754050980.5424602,-4,1,-115
1754050980.58046,1,-1,-123
1754050980.61946,-2,-1,-125
1754050980.65546,0,-5,-130
1754050980.69346,5,-4,-127
1754050980.73146,1,-6,-113
1754050980.77046,-2,0,-123
1754050980.80646,1,-3,-122
1754050980.84446,4,-4,-130
1754050980.88246,6,0,-139
1754050980.9214602,0,2,-132
1754050980.95946,-2,-8,-123
1754050980.99546,-4,0,-131
1754050981.03346,-2,-6,-121
1754050981.07146,-2,0,-122
1754050981.11046,-2,0,-124
1754050981.14646,8,-1,-118
1754050981.1844602,-2,3,-126
1754050981.22246,-2,-4,-127
1754050981.26146,-3,0,-126
1754050981.2994602,10,-3,-125
1754050981.3354602,2,-1,-121
1754050981.37346,-4,-3,-123
1754050981.4114602,3,-8,-126
1754050981.4504602,5,0,-120
1754050981.4864602,0,1,-117
1754050981.52346,2,-3,-111
1754050981.56146,0,3,-114
1754050981.60046,1,4,-117
1754050981.63646,4,-6,-113
1754050981.67546,0,0,-121
1754050981.7134602,0,0,-131
1754050981.75146,12,0,-129
1754050981.7894602,3,-1,-128
1754050981.8254602,1,0,-126
1754050981.86346,2,-1,-128
1754050981.9014602,8,1,-125
1754050981.9404602,-2,-7,-118
1754050981.97646,2,-5,-118
1754050982.0134602,1,-4,-112
1754050982.05146,7,-3,-118
1754050982.09046,4,-5,-110
1754050982.12646,-3,-4,-111
1754050982.1644602,1,-4,-114
1754050982.20246,10,-1,-121
1754050982.24146,5,2,-130
1754050982.27746,-1,0,-124
1754050982.3154602,-4,-5,-132
1754050982.35346,0,4,-127
1754050982.39246,2,-2,-127
1754050982.43046,0,0,-123
1754050982.46646,4,-3,-117
1754050982.50546,4,-2,-125
1754050982.5424602,3,1,-124
1754050982.58146,3,4,-124
1754050982.61746,0,0,-121
1754050982.65546,-2,1,-133
1754050982.69246,6,0,-134
1754050982.73146,-4,-2,-123
1754050982.76746,0,-2,-116
1754050982.80546,0,1,-130
1754050982.84346,0,0,-121
1754050982.88246,-3,1,-121
1754050982.92046,4,-3,-124
1754050982.95646,4,-4,-112
1754050982.99446,5,-1,-121
1754050983.0324602,6,-3,-113
1754050983.07146,0,0,-132
1754050983.10746,1,0,-128
1754050983.14646,0,-2,-124
1754050983.18346,6,-7,-125
1754050983.22246,-3,-2,-115
1754050983.26046,0,-4,-117
1754050983.2964602,-1,-3,-118
1754050983.33446,0,0,-125
1754050983.37246,0,0,-123
1754050983.4114602,-2,3,-130
1754050983.4474602,0,-5,-128
1754050983.48546,4,-7,-126
1754050983.52346,-5,2,-120
1754050983.5624602,-1,-1,-124
1754050983.60046,0,0,-129
1754050983.63646,2,-4,-115
1754050983.6744602,7,-6,-124
1754050983.7134602,0,-2,-120
1754050983.75146,3,1,-112
1754050983.78746,4,3,-133
1754050983.82446,4,0,-127
1754050983.86346,4,0,-112
1754050983.9014602,7,-1,-116
1754050983.9374602,6,-3,-124
1754050983.97546,8,-7,-114
1754050984.0134602,3,1,-120
1754050984.0524602,0,1,-111
1754050984.0884602,1,-6,-112
1754050984.12646,0,-4,-105
1754050984.1644602,-4,1,-108
1754050984.20246,-5,-6,-111
1754050984.24146,7,-4,-116
1754050984.27746,7,-3,-110
1754050984.3154602,3,-8,-108
1754050984.35346,0,-3,-121
1754050984.39246,-2,-2,-123
1754050984.42846,0,-4,-115
1754050984.46646,10,-9,-121
1754050984.50446,8,-10,-122
1754050984.5424602,2,-2,-127
1754050984.58146,-4,-5,-116
1754050984.61746,-3,-3,-115
1754050984.65546,6,-5,-121
1754050984.69346,-1,-3,-125
1754050984.73246,0,-1,-128
1754050984.76846,-1,3,-136
1754050984.80646,-3,1,-131
1754050984.8454602,0,-4,-134
1754050984.88346,6,-2,-137
1754050984.9214602,-4,-7,-132
1754050984.9574602,-6,-1,-122
1754050984.99546,5,-2,-121
1754050985.03346,6,1,-131
1754050985.0724602,2,-3,-118
1754050985.1084602,3,0,-118
1754050985.14546,7,0,-116
1754050985.18346,1,-5,-130
1754050985.22246,5,-6,-133
1754050985.25846,7,-7,-129
1754050985.2964602,5,-6,-128
1754050985.33446,7,-1,-131
1754050985.37346,8,-13,-123
1754050985.4114602,0,-8,-137
1754050985.4474602,-1,0,-129
1754050985.48546,1,0,-143
1754050985.52346,0,0,-133
1754050985.5624602,3,0,-120
1754050985.59946,4,-1,-123
1754050985.63646,4,-3,-129
1754050985.6744602,-7,-4,-123
1754050985.7134602,1,1,-131
1754050985.75146,1,-1,-135
1754050985.78746,-2,-9,-129
1754050985.82646,3,1,-130
1754050985.86346,-1,2,-123
1754050985.90246,7,4,-120
1754050985.93946,6,4,-121
1754050985.97646,0,2,-128
1754050986.01446,-1,-6,-118
1754050986.05346,0,-4,-123
1754050986.08946,-1,-7,-119
1754050986.12746,0,-6,-121
1754050986.16546,6,-7,-123
1754050986.20346,4,-7,-129
1754050986.24246,3,-8,-132
1754050986.27846,0,-6,-136
1754050986.32446,2,-6,-125
1754050986.36246,1,-3,-122
1754050986.39846,-3,-5,-122
1754050986.43646,-5,0,-119
1754050986.47446,-6,-3,-125
1754050986.5134602,-2,-1,-116
1754050986.5494602,-1,0,-115
1754050986.58746,-8,-3,-109
1754050986.62646,0,0,-120
1754050986.66346,-6,-2,-115
1754050986.70246,-5,-5,-122
1754050986.73846,-5,0,-128
1754050986.7764602,-2,0,-113
1754050986.81446,-1,-5,-119
1754050986.85346,-1,-2,-124
1754050986.88946,-2,-3,-121
1754050986.9274602,0,0,-111
1754050986.96546,-1,-2,-112
1754050987.00446,6,-3,-123
1754050987.0424602,-1,3,-135
1754050987.07846,-7,3,-125
1754050987.11746,-5,2,-128
1754050987.1544602,0,-3,-126
1754050987.19346,0,3,-129
1754050987.22946,-3,-4,-110
1754050987.26746,2,0,-116
1754050987.30646,5,5,-115
1754050987.34446,2,-3,-117
1754050987.38246,-2,2,-123
1754050987.41846,-7,1,-117
1754050987.45646,0,0,-116
1754050987.49546,1,1,-121
1754050987.53346,0,7,-120
1754050987.5694602,1,3,-127
1754050987.60646,-2,-4,-114
1754050987.6444602,-7,-3,-101
1754050987.68346,-4,-2,-118
1754050987.71946,1,0,-119
1754050987.7564602,2,-6,-125
1754050987.79446,5,-1,-117
1754050987.83346,0,-1,-123
1754050987.86946,2,-2,-115
1754050987.9074602,0,2,-131
1754050987.94546,4,0,-122
1754050987.98446,-4,-6,-125
1754050988.02046,0,-11,-127
1754050988.05846,3,-2,-128
1754050988.09746,2,-1,-134
1754050988.1344602,6,0,-122
1754050988.17346,3,-1,-124
1754050988.20946,2,-7,-124
1754050988.24746,0,-4,-114
1754050988.28546,-3,1,-120
1754050988.32446,-6,0,-122
1754050988.36046,-8,0,-124
1754050988.39846,-3,0,-118
1754050988.43646,15,0,-120
1754050988.47446,2,-4,-116
1754050988.5134602,6,2,-121
1754050988.5494602,-2,3,-114
1754050988.5884602,-3,2,-143
1754050988.62546,-1,-3,-119
1754050988.6644602,4,-3,-122
1754050988.7004602,4,0,-127
1754050988.73846,1,-5,-123
1754050988.77546,-3,-6,-120
1754050988.81446,-1,0,-118
1754050988.85046,-2,0,-129
1754050988.8884602,-2,-3,-123
1754050988.92646,5,-7,-122
1754050988.96546,-5,-7,-116
1754050989.0034602,-4,-3,-131
1754050989.0394602,0,0,-143
1754050989.07646,6,0,-139
1754050989.1154602,1,-1,-129
1754050989.15346,4,-4,-135
1754050989.18946,4,-3,-130
1754050989.22746,-5,-5,-135
1754050989.26546,0,-6,-133
1754050989.30446,0,-8,-129
1754050989.34046,4,0,-130
1754050989.37746,-1,-2,-127
1754050989.41546,0,1,-122
1754050989.45446,0,7,-108
1754050989.4904602,-2,0,-120
1754050989.5294602,-4,0,-109
1754050989.56646,-5,-1,-117
1754050989.6054602,1,0,-117
1754050989.64346,0,2,-129
1754050989.67946,0,5,-122
1754050989.71646,-1,5,-123
1754050989.75546,1,5,-124
1754050989.79346,0,0,-129
1754050989.82946,-5,2,-136
1754050989.86746,0,-6,-117
1754050989.90546,2,-7,-120
1754050989.9444602,1,1,-129
1754050989.9804602,1,3,-123
1754050990.01846,-2,-1,-118
1754050990.05646,0,-3,-121
1754050990.0954602,6,-5,-121
1754050990.1314602,-1,-4,-125
1754050990.16946,1,5,-122
1754050990.2074602,1,-2,-128
1754050990.24546,-3,-3,-136
1754050990.28446,-2,0,-132
1754050990.32046,3,4,-127
1754050990.35746,-1,-4,-109
1754050990.39546,6,-1,-114
1754050990.4344602,-4,1,-113
1754050990.4704602,-4,0,-120
1754050990.50846,9,0,-116
1754050990.5464602,3,1,-120
1754050990.5854602,4,3,-122
1754050990.6214602,2,0,-117
1754050990.65946,1,4,-125
1754050990.6974602,0,4,-131
1754050990.73546,2,0,-131
1754050990.77446,0,6,-123
1754050990.81046,3,6,-132
1754050990.84746,0,3,-128
1754050990.88546,2,5,-120
1754050990.9244602,2,-6,-110
1754050990.9604602,-3,-7,-109
1754050990.99846,-6,0,-124
1754050991.0364602,-2,-6,-114
1754050991.0754602,0,-1,-126
1754050991.1114602,-4,-4,-131
1754050991.14946,-4,-8,-128
1754050991.1874602,-3,-1,-123
1754050991.22646,3,0,-122
1754050991.26446,3,7,-124
1754050991.30046,4,0,-128
1754050991.33746,9,-2,-123
1754050991.37646,0,-5,-119
1754050991.4144602,-9,-1,-124
1754050991.4504602,1,3,-117
1754050991.48746,-1,3,-119
1754050991.5264602,1,-1,-125
1754050991.56446,6,-7,-121
1754050991.60046,9,-6,-119
1754050991.6384602,-1,-4,-123
1754050991.67646,-3,-6,-118
1754050991.71546,2,-4,-116
1754050991.75146,1,2,-118
1754050991.78846,0,0,-120
1754050991.82646,9,11,-118
1754050991.8654602,-4,3,-130
1754050991.9014602,1,-2,-136
1754050991.93946,-5,-6,-121
1754050991.97746,3,0,-122
1754050992.0164602,0,3,-130
1754050992.05446,5,-3,-135
1754050992.09046,2,-4,-129
1754050992.1284602,2,-4,-122
1754050992.16646,3,-3,-120
1754050992.20546,1,0,-121
1754050992.24146,-2,1,-133
1754050992.2794602,0,0,-133
1754050992.31746,-5,-2,-130
1754050992.35646,-5,0,-135
1754050992.39246,-2,1,-136
1754050992.43046,-7,1,-112
1754050992.46946,2,0,-122
1754050992.50746,-2,0,-128
1754050992.5424602,-1,0,-128
1754050992.58046,1,-4,-126
1754050992.6184602,5,-3,-127
1754050992.6574602,-1,1,-121
1754050992.69546,-5,-5,-112
1754050992.73146,8,-1,-122
1754050992.7694602,6,-2,-114
1754050992.80746,-4,0,-122
1754050992.84646,5,0,-115
1754050992.88246,11,5,-121
1754050992.91946,3,0,-129
1754050992.9574602,3,1,-121
1754050992.9964602,4,1,-120
1754050993.0324602,5,4,-120
1754050993.0694602,8,9,-120
1754050993.10746,-1,2,-130
1754050993.14646,0,3,-130
1754050993.18246,2,0,-132
1754050993.21946,4,0,-129
1754050993.25746,3,0,-126
1754050993.2964602,5,-5,-130
1754050993.3324602,-6,0,-130
1754050993.37046,-2,-9,-118
1754050993.40846,-2,-5,-112
1754050993.4474602,-3,-9,-116
1754050993.48546,-1,-5,-123
1754050993.52146,5,-6,-117
1754050993.5594602,2,2,-119
1754050993.59746,1,8,-129
1754050993.63646,-6,3,-121
1754050993.67246,0,3,-121
1754050993.71146,0,-3,-125
1754050993.74846,5,1,-134
1754050993.78746,3,0,-124
1754050993.8254602,-4,0,-140
1754050993.8614602,3,-10,-134
1754050993.89946,-2,-4,-127
1754050993.9374602,4,-3,-118
1754050993.97646,-2,0,-111
1754050994.01246,-2,-5,-123
1754050994.05046,-4,2,-127
1754050994.0884602,-2,0,-118
1754050994.12746,-2,0,-118
1754050994.16546,5,-5,-126
1754050994.20146,0,-8,-124
1754050994.23846,0,-2,-125
1754050994.27746,3,-6,-130
1754050994.31346,2,-2,-128
1754050994.35146,1,0,-134
1754050994.38946,1,-4,-111
1754050994.4274602,1,-2,-130
1754050994.46646,4,-2,-118
1754050994.50246,4,-8,-125
1754050994.54146,0,0,-129
1754050994.57846,2,8,-128
1754050994.61746,0,4,-121
1754050994.65346,0,-10,-118
1754050994.69146,6,-5,-118
1754050994.72946,-5,-5,-116
1754050994.76746,-7,5,-110
1754050994.80646,0,-4,-124
1754050994.8424602,0,-1,-122
1754050994.88046,3,1,-126
1754050994.91846,5,5,-118
1754050994.9574602,3,-1,-124
1754050994.9934602,-3,-3,-138
1754050995.0324602,-2,-2,-140
1754050995.0694602,3,-1,-122
1754050995.1084602,6,-2,-130
1754050995.14646,0,0,-123
1754050995.18246,1,2,-121
1754050995.21946,5,-5,-125
1754050995.25846,3,-6,-123
1754050995.2964602,-3,-8,-125
1754050995.3324602,3,-6,-118
1754050995.37046,2,-4,-116
1754050995.40846,3,0,-117
1754050995.4474602,5,7,-122
1754050995.4834602,2,4,-118
1754050995.52046,3,-1,-132
1754050995.55846,5,-6,-111
1754050995.59746,7,-3,-129
1754050995.63346,8,-1,-132
1754050995.6714602,4,2,-126
1754050995.70946,3,1,-119
1754050995.74846,2,-3,-123
1754050995.7864602,-3,-4,-122
1754050995.8224602,1,-2,-111
1754050995.86046,1,3,-111
1754050995.89846,-8,2,-122
1754050995.9374602,-4,0,-112
1754050995.9734602,1,2,-112
1754050996.01046,-2,-2,-116
1754050996.04846,-4,-5,-119
1754050996.08746,6,-3,-123
1754050996.12346,5,-5,-122
1754050996.1614602,0,-4,-112
1754050996.19946,8,-2,-110
1754050996.23846,-6,-7,-121
1754050996.2764602,3,-3,-117
1754050996.31346,4,-6,-126
1754050996.35946,0,-1,-115
1754050996.39746,0,4,-124
1754050996.43346,0,-3,-113
1754050996.47146,3,-2,-123
1754050996.5094602,3,-1,-120
1754050996.54846,3,-4,-116
1754050996.58446,-3,3,-112
1754050996.62246,-5,1,-130
1754050996.66046,-4,7,-129
1754050996.69846,3,-6,-131
1754050996.73746,4,2,-129
1754050996.77346,2,-1,-121
1754050996.81146,1,0,-126
1754050996.84946,-5,-4,-126
1754050996.8884602,-6,-3,-131
1754050996.9244602,-3,3,-128
1754050996.96246,1,0,-125
1754050997.00046,2,-2,-136
1754050997.03846,-5,-1,-137
1754050997.07746,10,6,-139
1754050997.11346,3,1,-119
1754050997.15046,1,-3,-127
1754050997.18946,0,2,-126
1754050997.22746,-4,-2,-121
1754050997.2634602,-3,-5,-117
1754050997.30146,-1,-4,-123
1754050997.33946,0,-10,-123
1754050997.3784602,0,-1,-126
1754050997.4144602,10,2,-125
1754050997.45246,9,-5,-126
1754050997.4904602,4,-4,-127
1754050997.5294602,0,3,-125
1754050997.56746,0,-4,-121
1754050997.60346,-2,-3,-128
1754050997.64246,0,0,-120
1754050997.67946,0,3,-129
1754050997.71846,-2,-2,-123
1754050997.75446,-1,0,-118
1754050997.7924602,3,0,-124
1754050997.82946,3,-4,-117
1754050997.8684602,5,0,-122
1754050997.9044602,-4,-8,-127
1754050997.94246,4,3,-126
1754050997.9804602,0,1,-124
1754050998.0194602,0,3,-118
1754050998.05746,0,5,-113
1754050998.09346,4,0,-116
1754050998.13046,-2,5,-115
1754050998.16946,-2,0,-109
1754050998.2074602,10,-4,-117
1754050998.2434602,10,-2,-119
1754050998.28146,-1,-8,-116
1754050998.3194602,-10,-3,-119
1754050998.3584602,-2,-1,-113
1754050998.3944602,0,-1,-119
1754050998.43246,-12,2,-125
1754050998.4704602,1,1,-125
1754050998.5094602,0,-3,-125
1754050998.54546,0,6,-126
1754050998.58346,3,-5,-132
1754050998.62046,3,-8,-131
1754050998.65946,0,-4,-130
1754050998.69546,-4,0,-127
1754050998.7334602,-8,1,-130
1754050998.77146,-3,-6,-132
1754050998.8094602,-2,-3,-123
1754050998.8484602,0,-5,-133
1754050998.8844602,5,-1,-134
1754050998.92246,1,-1,-123
1754050998.9604602,0,3,-117
1754050998.99946,-2,2,-121
1754050999.03546,3,2,-121
1754050999.0724602,-3,2,-122
1754050999.11046,-2,0,-130
1754050999.14946,-1,-6,-129
1754050999.18546,-3,-2,-124
1754050999.2234602,1,-4,-131
1754050999.26146,2,0,-132
1754050999.30046,2,0,-124
1754050999.3384602,-2,-3,-116
1754050999.37446,0,0,-127
1754050999.4114602,3,5,-125
1754050999.4504602,8,-4,-127
1754050999.48846,8,0,-128
1754050999.52446,3,-2,-121
1754050999.56346,6,-3,-112
1754050999.60046,2,-2,-125
1754050999.63946,3,-2,-117
1754050999.67546,7,-1,-128
1754050999.7134602,3,2,-128
1754050999.75146,2,4,-129
1754050999.79046,0,-2,-115
1754050999.82846,0,-4,-124
1754050999.86446,-4,-3,-125
1754050999.90246,-4,-1,-122
1754050999.9404602,-10,-6,-120
1754050999.97946,-7,0,-127
1754051000.01546,-3,-5,-134
1754051000.05346,8,-4,-134
1754051000.09146,3,2,-124
1754051000.13046,-1,-1,-130
1754051000.16846,2,-4,-119
1754051000.20446,-1,0,-120
1754051000.2434602,4,0,-123
1754051000.28046,0,-2,-134
1754051000.3194602,-1,1,-118
1754051000.3554602,-6,-5,-115
1754051000.39346,-1,-7,-118
1754051000.43146,0,-1,-124
1754051000.4704602,5,1,-116
1754051000.5064602,6,0,-111
1754051000.54346,1,-5,-106
1754051000.58146,6,-2,-114
1754051000.62046,2,-7,-119
1754051000.65646,-4,-2,-109
1754051000.6944602,-4,-8,-115
1754051000.73246,0,0,-123
1754051000.77046,1,1,-120
1754051000.8094602,2,2,-118
1754051000.8454602,6,0,-119
1754051000.88246,1,4,-115
1754051000.92046,1,2,-111
1754051000.95946,0,8,-120
1754051000.99546,7,5,-122
1754051001.0324602,8,0,-123
1754051001.07046,2,0,-117
1754051001.10946,1,-5,-126
1754051001.14546,-1,-3,-123
1754051001.18346,0,-1,-122
1754051001.22146,6,0,-120
1754051001.26046,4,-4,-133
1754051001.2964602,4,-3,-117
1754051001.33446,5,-1,-118
1754051001.37246,9,-3,-125
1754051001.4114602,11,-2,-134
1754051001.44946,0,6,-136
1754051001.48546,-3,0,-130
1754051001.52346,1,-2,-130
1754051001.56146,3,0,-108
1754051001.60046,3,-1,-119
1754051001.63646,1,1,-128
1754051001.67346,3,-1,-130
1754051001.71146,2,1,-127
1754051001.75046,-3,0,-126
1754051001.7864602,-1,2,-121
1754051001.82446,3,-3,-127
1754051001.86346,1,5,-126
1754051001.9014602,5,-6,-136
1754051001.93946,-3,-5,-126
1754051001.97546,-2,-3,-111
1754051002.0134602,5,-9,-132
1754051002.05146,7,-8,-120
1754051002.09046,3,-5,-128
1754051002.12646,14,-3,-128
1754051002.1644602,0,-1,-127
1754051002.20246,-1,1,-133
1754051002.24146,2,0,-132
1754051002.2794602,1,4,-125
1754051002.3154602,2,7,-118
1754051002.35346,7,5,-120
1754051002.3914602,8,1,-131
1754051002.43046,1,1,-132
1754051002.46646,3,3,-126
1754051002.5034602,7,3,-131
1754051002.54146,5,-1,-118
1754051002.58046,9,-2,-124
1754051002.61646,4,2,-131
1754051002.6544602,-1,6,-116
1754051002.69146,-2,-7,-122
1754051002.7304602,3,0,-124
1754051002.7664602,0,-2,-120
1754051002.80446,-1,-4,-120
1754051002.84346,0,0,-120
1754051002.8814602,6,11,-114
1754051002.9174602,8,-5,-120
1754051002.95546,9,-10,-119
1754051002.9934602,0,-10,-128
1754051003.03146,4,3,-141
1754051003.07046,-4,-6,-131
1754051003.10646,0,-4,-125
1754051003.14346,-1,-7,-124
1754051003.18146,-1,-5,-131
1754051003.2204602,0,-2,-142
1754051003.2564602,4,-3,-141
1754051003.29446,7,-6,-134
1754051003.3324602,6,-4,-126
1754051003.3714602,6,-3,-123
1754051003.4074602,11,-1,-136
1754051003.44546,3,-2,-125
1754051003.48446,-4,-3,-124
1754051003.52246,-3,-2,-122
1754051003.56046,0,-1,-131
1754051003.59646,2,0,-129
1754051003.6344602,-5,-4,-136
1754051003.67246,-3,-1,-127
1754051003.7104602,-3,2,-135
1754051003.7464602,-3,5,-125
1754051003.78446,-5,3,-127
1754051003.8224602,0,-8,-130
1754051003.8614602,0,-1,-130
1754051003.89746,-6,-3,-118
1754051003.93546,5,-4,-117
1754051003.9734602,5,-6,-117
1754051004.01246,0,-3,-112
1754051004.05046,-5,-4,-119
1754051004.08646,0,2,-121
1754051004.12446,2,5,-118
1754051004.16346,-5,4,-130
1754051004.20146,2,3,-127
1754051004.23746,6,-1,-124
1754051004.2764602,2,-2,-131
1754051004.31346,1,0,-122
1754051004.35246,7,-5,-128
1754051004.39046,4,-9,-119
1754051004.42646,-1,-1,-124
1754051004.46446,0,-8,-122
1754051004.50246,2,-5,-124
1754051004.54146,-2,-2,-134
1754051004.57746,0,-7,-132
1754051004.6154602,4,-3,-123
1754051004.65346,-3,-6,-121
1754051004.69246,-3,-5,-116
1754051004.72846,-1,0,-121
1754051004.76746,3,-1,-118
1754051004.80446,5,-2,-118
1754051004.84346,3,-2,-114
1754051004.8814602,9,-6,-120
1754051004.9174602,2,-3,-129
1754051004.95546,0,-2,-124
1754051004.9934602,-9,1,-128
1754051005.0324602,-6,0,-124
1754051005.06846,1,-2,-124
1754051005.10646,3,0,-122
1754051005.1444602,6,-5,-111
1754051005.18246,2,-3,-125
1754051005.22146,2,3,-133
1754051005.25746,-7,-3,-130
1754051005.29546,3,-5,-130
1754051005.33446,1,-3,-131
1754051005.37246,2,-7,-131
1754051005.40846,-4,-6,-127
1754051005.44646,2,-5,-114
1754051005.48446,-1,-1,-112
1754051005.52346,-2,-1,-120
1754051005.56146,-4,-4,-124
1754051005.59746,-6,2,-116
1754051005.63546,11,2,-115
1754051005.67346,3,0,-115
1754051005.71246,0,0,-119
1754051005.74846,-5,0,-129
1754051005.7864602,-6,0,-132
1754051005.82446,-6,2,-127
1754051005.86346,3,0,-120
1754051005.9014602,-2,4,-115
1754051005.9374602,2,-1,-131
1754051005.97546,2,-4,-138
1754051006.0134602,-1,-1,-124
1754051006.0524602,-6,0,-121
1754051006.0884602,0,0,-112
1754051006.12546,-6,0,-122
1754051006.16346,7,-1,-120
1754051006.20246,4,1,-125
1754051006.23846,5,-2,-133
1754051006.2764602,0,0,-122
1754051006.31446,0,-1,-139
1754051006.35346,-6,-1,-122
1754051006.39746,-8,-4,-129
1754051006.43546,-2,0,-123
1754051006.4734602,0,-3,-123
1754051006.51246,5,3,-119
1754051006.54846,7,0,-117
1754051006.58646,7,-3,-118
1754051006.62446,0,-8,-128
1754051006.66346,2,-7,-128
1754051006.69946,9,-3,-118
1754051006.73746,7,-5,-116
1754051006.7764602,3,-9,-117
1754051006.81346,1,5,-115
1754051006.85246,2,3,-114
1754051006.8884602,2,0,-124
1754051006.92546,7,-1,-128
1754051006.9634602,1,-6,-134
1754051007.00246,3,-5,-131
1754051007.03846,4,-3,-126
1754051007.07646,7,1,-114
1754051007.11446,4,-2,-112
1754051007.15346,-3,-6,-117
1754051007.18946,1,-7,-114
1754051007.22746,2,5,-116
1754051007.26546,0,-4,-125
1754051007.30346,-1,-6,-132
1754051007.3424602,2,1,-126
1754051007.3784602,9,0,-128
1754051007.41646,4,0,-125
1754051007.45446,0,6,-125
1754051007.4934602,-5,0,-123
1754051007.5294602,-5,0,-133
1754051007.56746,-9,-1,-128
1754051007.6054602,-2,5,-125
1754051007.6444602,-4,-3,-135
1754051007.68246,-5,0,-123
1754051007.71846,-4,4,-126
1754051007.7564602,-1,-1,-127
1754051007.79446,10,-3,-126
1754051007.83346,6,0,-124
1754051007.86946,2,2,-128
1754051007.9074602,8,-4,-128
1754051007.94546,-4,-5,-127
1754051007.98446,-1,-1,-124
1754051008.02246,3,4,-124
1754051008.05846,4,-1,-129
1754051008.09646,-2,-4,-119
1754051008.1344602,4,-3,-118
1754051008.17346,13,-2,-124
1754051008.20946,3,-2,-137
1754051008.24746,0,-4,-131
1754051008.28546,-1,0,-119
1754051008.32446,2,-7,-138
1754051008.36246,3,-9,-129
1754051008.39846,-1,-7,-124
1754051008.4374602,-3,-3,-133
1754051008.47446,0,0,-119
1754051008.5134602,6,-4,-124
1754051008.5494602,5,0,-127
1754051008.58746,1,-3,-133
1754051008.62646,2,-4,-124
1754051008.6644602,-4,-4,-126
1754051008.70246,-1,-8,-124
1754051008.73846,-4,-3,-128
1754051008.7764602,1,0,-127
1754051008.81446,-1,0,-111
1754051008.85346,-10,-1,-124
1754051008.88946,0,0,-116
1754051008.92646,-5,0,-121
1754051008.96446,0,-3,-125
1754051009.0034602,-4,-3,-133
1754051009.0394602,0,3,-126
1754051009.07646,3,-4,-124
1754051009.11446,5,-2,-112
1754051009.15346,4,-2,-118
1754051009.18946,6,-3,-124
1754051009.22746,4,1,-124
1754051009.26546,3,3,-120
1754051009.30446,-2,4,-122
1754051009.34046,-1,-8,-114
1754051009.3784602,-4,0,-111
1754051009.41646,-3,6,-118
1754051009.45446,1,5,-122
1754051009.4934602,0,-1,-125
1754051009.5294602,3,-9,-120
1754051009.56746,-7,-8,-125
1754051009.6054602,-10,-2,-133
1754051009.6444602,-6,0,-128
1754051009.68046,-6,-4,-111
1754051009.71846,-2,3,-112
1754051009.7564602,0,3,-120
1754051009.79546,-1,0,-111
1754051009.83346,4,0,-125
1754051009.86946,0,0,-118
1754051009.90646,0,-5,-127
1754051009.94546,-3,-5,-122
1754051009.9834602,-6,-5,-118
1754051010.0194602,-3,-2,-111
1754051010.05746,0,-1,-113
1754051010.09646,-4,0,-121
1754051010.1344602,-2,-3,-118
1754051010.17046,4,1,-128
1754051010.2074602,1,0,-118
1754051010.2464602,-2,-2,-118
1754051010.28446,5,-5,-118
1754051010.32046,0,-6,-117
1754051010.35946,-1,-1,-120
1754051010.39646,1,1,-132
1754051010.43546,-2,-2,-137
1754051010.4734602,4,-2,-128
1754051010.5094602,-3,0,-119
1754051010.5464602,-8,0,-123
1754051010.5854602,-2,1,-126
1754051010.62346,0,0,-131
1754051010.65946,-8,-5,-124
1754051010.6974602,-3,-2,-116
1754051010.73546,0,-5,-118
1754051010.77446,-4,3,-125
1754051010.81046,0,-2,-127
1754051010.84946,-3,-3,-126
1754051010.88646,1,-2,-118
1754051010.92546,8,-3,-121
1754051010.96146,5,-7,-126
1754051011.00046,3,-9,-132
1754051011.03746,10,-5,-137
1754051011.07646,-3,0,-125
1754051011.11446,-4,3,-121
1754051011.15046,-2,-3,-131
1754051011.18846,0,0,-123
1754051011.22646,-1,-1,-118
1754051011.26546,-4,-5,-126
1754051011.30146,0,-5,-114
1754051011.33946,-3,-1,-116
1754051011.37746,2,-2,-122
1754051011.41546,5,0,-128
1754051011.45446,-2,1,-124
1754051011.4904602,3,4,-116
1754051011.52846,-1,-3,-119
1754051011.56746,7,3,-121
1754051011.6054602,0,4,-120
1754051011.6414602,0,-1,-122
1754051011.67946,-2,-4,-115
1754051011.7174602,4,-1,-124
1754051011.7564602,-1,-3,-124
1754051011.79446,3,-6,-125
1754051011.83046,-2,1,-116
1754051011.8684602,0,-6,-123
1754051011.90646,-4,-3,-116
1754051011.94546,-2,-7,-116
1754051011.98146,-1,-3,-117
1754051012.0194602,3,-3,-132
1754051012.05746,0,-5,-126
1754051012.09646,3,-1,-125
1754051012.1344602,3,-5,-130
1754051012.17046,1,-2,-118
1754051012.20946,6,0,-120
1754051012.2464602,3,1,-122
1754051012.28546,3,0,-119
1754051012.32146,3,-4,-128
1754051012.35946,2,-3,-129
1754051012.39746,-3,-1,-136
1754051012.43646,-3,-4,-136
1754051012.47446,1,0,-126
1754051012.51046,-3,-2,-124
1754051012.54846,-1,-1,-121
1754051012.58646,0,2,-128
1754051012.62546,0,-1,-125
1754051012.6614602,1,-5,-129
1754051012.7004602,0,-1,-109
1754051012.73746,-6,1,-122
1754051012.7764602,-3,0,-127
1754051012.81446,0,-5,-117
1754051012.85046,0,-3,-122
1754051012.8884602,5,-7,-111
1754051012.92646,5,-3,-119
1754051012.96546,3,-2,-119
1754051013.00146,2,4,-120
1754051013.0394602,3,0,-131
1754051013.07746,5,-4,-113
1754051013.11646,1,0,-120
1754051013.15246,-2,2,-118
1754051013.1904602,-1,0,-117
1754051013.22946,-5,-5,-123
1754051013.2664602,-2,-9,-134
1754051013.30546,4,-3,-132
1754051013.34146,8,-6,-119
1754051013.37946,0,0,-122
1754051013.4174602,0,-1,-130
1754051013.45646,0,0,-130
1754051013.49246,2,-9,-115
1754051013.53046,5,0,-118
1754051013.56846,4,-7,-131
1754051013.60646,0,-2,-128
1754051013.64546,-1,-1,-128
1754051013.68146,-5,-4,-125
1754051013.7204602,-4,-8,-125
1754051013.75746,0,-4,-117
1754051013.7964602,2,2,-121
1754051013.8324602,1,-4,-123
1754051013.87046,-3,-2,-121
1754051013.90846,8,-5,-112
1754051013.9474602,8,-6,-120
1754051013.98546,-4,2,-127
1754051014.02146,-2,-3,-129
1754051014.0594602,-6,4,-140
1754051014.09746,4,7,-141
1754051014.13646,1,-2,-134
1754051014.17246,0,1,-133
1754051014.20946,5,-6,-125
1754051014.24746,-5,-5,-127
1754051014.2864602,-2,0,-135
1754051014.3224602,-8,-2,-129
1754051014.36046,2,1,-128
1754051014.39846,0,0,-117
1754051014.4374602,4,-1,-119
1754051014.47546,2,-3,-125
1754051014.51146,6,1,-123
1754051014.54846,4,-1,-121
1754051014.58746,3,-12,-132
1754051014.62546,4,-1,-121
1754051014.6614602,3,2,-118
1754051014.69846,2,2,-120
1754051014.73746,1,-2,-127
1754051014.77546,0,-3,-126
1754051014.81146,7,0,-125
1754051014.8484602,2,-1,-125
1754051014.88746,2,6,-120
1754051014.92346,-7,3,-114
1754051014.96146,-2,-5,-111
1754051014.99946,-3,-6,-124
1754051015.03846,5,1,-113
1754051015.07646,1,-1,-127
1754051015.11246,-1,-3,-122
1754051015.15046,-1,-2,-133
1754051015.18846,2,6,-136
1754051015.22746,4,-3,-132
1754051015.2634602,1,-5,-128
1754051015.30146,11,2,-130
1754051015.34046,2,-4,-124
1754051015.37746,-3,0,-127
1754051015.41646,0,-1,-120
1754051015.45246,0,-5,-121
1754051015.4904602,-6,-10,-121
1754051015.52846,-1,-3,-118
1754051015.56746,-2,-11,-123
1754051015.60346,-1,-15,-115
1754051015.6414602,4,-4,-120
1754051015.67946,0,-2,-125
1754051015.7174602,1,1,-126
1754051015.7564602,-3,-6,-124
1754051015.7924602,-4,-5,-112
1754051015.83046,-3,0,-115
1754051015.8684602,-1,-2,-122
1754051015.9074602,0,-5,-113
1754051015.94346,3,0,-115
1754051015.98146,1,0,-121
1754051016.0194602,2,-2,-124
1754051016.05846,0,-3,-124
1754051016.09646,-5,-1,-122
1754051016.13246,-5,-6,-124
1754051016.17046,0,-4,-122
1754051016.20846,1,0,-110
1754051016.24746,-1,0,-117
1754051016.28346,2,0,-112
1754051016.32046,8,-6,-121
1754051016.3584602,0,-6,-119
1754051016.40346,0,0,-125
1754051016.44146,0,-3,-125
1754051016.47846,1,-2,-132
1754051016.51746,5,0,-121
1754051016.55346,4,0,-134
1754051016.59146,9,3,-136
1754051016.6284602,0,0,-126
1754051016.6674602,3,-1,-121
1754051016.70346,3,-1,-121
1754051016.74146,2,-6,-120
1754051016.7794602,-3,-2,-132
1754051016.81846,4,-4,-120
1754051016.85646,5,-4,-123
1754051016.89246,4,-4,-122
1754051016.93046,5,-1,-125
1754051016.96946,-2,0,-122
1754051017.00746,3,0,-128
1754051017.04346,0,-2,-126
1754051017.0824602,4,1,-132
1754051017.11946,0,-8,-114
1754051017.15846,7,-3,-108
1754051017.1944602,2,-5,-120
1754051017.23246,-4,-4,-119
1754051017.27046,3,-6,-126
1754051017.30846,-2,-8,-121
1754051017.34746,0,-4,-115
1754051017.38346,2,-9,-126
1754051017.4214602,-1,-6,-123
1754051017.45946,3,-5,-114
1754051017.49846,8,-6,-123
1754051017.53446,-1,-4,-123
1754051017.5724602,0,-2,-119
1754051017.6114602,2,0,-100
1754051017.64846,2,-1,-118
1754051017.6874602,1,-9,-136
1754051017.72446,-1,-7,-124
1754051017.76146,9,-4,-124
1754051017.7994602,-3,-3,-121
1754051017.8384602,-1,2,-120
1754051017.87446,3,-1,-125
1754051017.91246,2,4,-120
1754051017.9504602,8,11,-116
1754051017.98946,2,2,-121
1754051018.02746,8,0,-112
1754051018.06346,1,6,-123
1754051018.10046,1,-1,-121
1754051018.13946,-4,-2,-118
1754051018.1774602,-2,-1,-124
1754051018.2134602,4,0,-129
1754051018.25046,2,-3,-132
1754051018.2894602,3,-4,-119
1754051018.32746,-2,6,-122
1754051018.36346,-1,1,-126
1754051018.4014602,0,-7,-123
1754051018.43946,0,-4,-118
1754051018.47846,1,-10,-113
1754051018.51546,-1,-11,-126
1754051018.5524602,7,-12,-129
1754051018.59046,2,-6,-117
1754051018.62946,12,-4,-125
1754051018.6674602,-2,-4,-129
1754051018.70346,-2,-8,-118
1754051018.74146,0,-8,-121
1754051018.7794602,8,-3,-111
1754051018.81846,10,-5,-112
1754051018.85446,0,-6,-118
1754051018.89246,0,-2,-127
1754051018.93046,0,-1,-117
1754051018.96946,0,-5,-131
1754051019.00746,-1,0,-126
1754051019.04346,-4,-4,-125
1754051019.08146,-4,-2,-126
1754051019.11946,1,-5,-122
1754051019.15846,1,1,-117
1754051019.1944602,6,-1,-132
1754051019.23246,8,-7,-126
1754051019.27046,0,-2,-124
1754051019.3094602,5,0,-125
1754051019.3454602,1,0,-123
1754051019.38346,-1,-1,-118
1754051019.4214602,-1,-4,-125
1754051019.45946,-3,3,-124
1754051019.49846,2,1,-130
1754051019.53446,6,2,-130
1754051019.57146,-5,-1,-131
1754051019.61046,1,0,-133
1754051019.64846,5,0,-128
1754051019.6844602,1,-5,-124
1754051019.7234602,7,-1,-117
1754051019.76046,8,2,-126
1754051019.7994602,3,9,-116
1754051019.8354602,2,-3,-128
1754051019.87346,4,-1,-121
1754051019.9114602,-1,0,-123
1754051019.9504602,0,0,-126
1754051019.98846,6,2,-126
1754051020.02446,0,0,-134
1754051020.06146,2,3,-136
1754051020.10046,2,-6,-126
1754051020.1384602,1,0,-122
1754051020.1744602,-3,2,-124
1754051020.21246,-1,0,-123
1754051020.25046,-1,3,-131
1754051020.2894602,0,1,-130
1754051020.3254602,-6,2,-123
1754051020.36446,-2,0,-112
1754051020.4014602,-7,-3,-118
1754051020.4404602,-2,0,-126
1754051020.47846,1,1,-122
1754051020.51446,-5,-4,-114
1754051020.5524602,3,-6,-126
1754051020.59046,0,-10,-126
1754051020.62946,1,6,-132
1754051020.66546,3,-3,-131
1754051020.70346,1,-4,-128
1754051020.74146,-3,-3,-128
1754051020.78046,0,0,-138
1754051020.81846,0,0,-131
1754051020.85446,-2,0,-123
1754051020.89346,2,0,-119
1754051020.93046,0,0,-123
1754051020.96946,0,-2,-125
1754051021.00546,2,-1,-144
1754051021.04346,0,0,-126
1754051021.08146,-5,0,-123
1754051021.12046,0,-3,-124
1754051021.15646,9,-2,-121
1754051021.19546,4,-4,-116
1754051021.23246,0,-6,-115
1754051021.27046,-4,-3,-122
1754051021.3094602,2,-4,-119
1754051021.3454602,7,-1,-121
1754051021.38346,7,-3,-123
1754051021.4214602,-1,0,-128
1754051021.4604602,-4,-3,-118
1754051021.4964602,-4,-10,-112
1754051021.53446,-3,-9,-118
1754051021.5724602,0,-6,-123
1754051021.61046,-2,-6,-116
1754051021.64946,-2,-5,-121
1754051021.68546,2,-5,-125
1754051021.7234602,10,-3,-125
1754051021.76246,13,-4,-126
1754051021.80046,5,1,-123
1754051021.83646,-2,-5,-122
1754051021.87446,2,0,-130
1754051021.91246,3,-5,-115
1754051021.9504602,2,-1,-118
1754051021.98946,0,1,-124
1754051022.02546,0,4,-120
1754051022.0624602,1,-1,-114
1754051022.10146,2,0,-122
1754051022.13946,1,-1,-129
1754051022.17546,6,-3,-128
1754051022.2134602,-2,-8,-113
1754051022.25146,-2,-4,-115
1754051022.29046,0,-6,-118
1754051022.32646,4,-4,-129
1754051022.36446,7,-6,-118
1754051022.40246,8,-2,-105
1754051022.44146,4,1,-105
1754051022.47946,-4,-3,-113
1754051022.51546,-5,-8,-125
1754051022.55346,4,-6,-125
1754051022.59146,8,-1,-124
1754051022.63046,8,-1,-117
1754051022.66646,4,1,-115
1754051022.70346,-4,0,-119
1754051022.74146,2,-2,-124
1754051022.78046,2,-5,-116
1754051022.81646,1,-5,-116
1754051022.85446,1,-5,-118
1754051022.89246,6,3,-121
1754051022.93146,-2,3,-123
1754051022.96946,-6,-1,-119
1754051023.00546,0,2,-119
1754051023.0424602,4,7,-119
1754051023.08146,4,0,-124
1754051023.11946,-4,5,-121
1754051023.15546,7,1,-123
1754051023.19246,3,-2,-134
1754051023.23146,1,2,-130
1754051023.26746,-7,4,-121
1754051023.30546,4,-2,-119
1754051023.34346,0,1,-115
1754051023.3814602,-1,-4,-121
1754051023.42046,4,2,-116
1754051023.45646,1,-2,-119
1754051023.49446,-3,-2,-121
1754051023.5324602,3,-4,-129
1754051023.57146,1,-2,-123
1754051023.60746,0,0,-119
1754051023.64546,-2,-6,-115
1754051023.68346,2,-8,-116
1754051023.72246,4,-6,-125
1754051023.76046,-5,-5,-114
1754051023.7964602,-5,0,-120
1754051023.83446,-1,-2,-109
1754051023.87246,2,-3,-120
1754051023.9114602,3,-6,-129
1754051023.9474602,-3,-3,-129
1754051023.98546,-5,-5,-129
1754051024.02346,0,-6,-125
1754051024.0624602,5,1,-114
1754051024.10046,5,0,-120
1754051024.13646,7,0,-118
1754051024.1744602,0,1,-116
1754051024.2134602,1,0,-122
1754051024.25146,2,-5,-120
1754051024.28746,2,-10,-128
1754051024.3254602,4,-2,-122
1754051024.36346,3,-2,-118
1754051024.40246,2,-6,-126
1754051024.4404602,5,-6,-121
1754051024.47646,-3,-3,-128
1754051024.51446,5,-2,-119
1754051024.5524602,6,-2,-114
1754051024.59146,0,-5,-120
1754051024.62746,1,0,-119
1754051024.66546,6,-2,-120
1754051024.70346,4,0,-115
1754051024.74246,0,-8,-120
1754051024.78046,3,-6,-116
1754051024.81646,-5,-11,-116
1754051024.8554602,-10,4,-127
1754051024.89246,0,0,-125
1754051024.93146,5,0,-113
1754051024.9674602,1,0,-111
1754051025.00546,2,-6,-119
1754051025.04346,2,-4,-135
1754051025.0824602,4,-2,-122
1754051025.12046,8,-2,-126
1754051025.15646,5,-3,-120
1754051025.1944602,6,-7,-136
1754051025.23246,1,-3,-128
1754051025.27146,0,3,-122
1754051025.30746,-2,1,-122
1754051025.3454602,-2,-4,-123
1754051025.38346,2,-4,-110
1754051025.42246,2,0,-123
1754051025.45846,-1,0,-136
1754051025.4964602,0,-5,-130
1754051025.53346,-1,-6,-132
1754051025.5724602,5,-3,-129
1754051025.6084602,8,-6,-137
1754051025.64646,2,-2,-122
1754051025.6844602,-3,-4,-110
1754051025.72246,3,-1,-122
1754051025.76146,8,-2,-114
1754051025.79746,4,0,-113
1754051025.8354602,-5,0,-129
1754051025.87346,-1,-9,-123
1754051025.91246,0,-8,-121
1754051025.94846,-1,-13,-135
1754051025.9864602,1,-10,-125
1754051026.02546,1,-4,-121
1754051026.0624602,-3,-8,-129
1754051026.10146,-6,-4,-119
1754051026.1384602,-6,2,-120
1754051026.17546,3,-2,-119
1754051026.2134602,-3,-4,-126
1754051026.25246,5,-2,-117
1754051026.28846,0,-6,-124
1754051026.32646,1,-1,-118
1754051026.36446,-2,2,-124
1754051026.40846,0,6,-126
1754051026.44646,0,2,-117
1754051026.48446,9,-1,-126
1754051026.52346,3,-3,-125
1754051026.56146,-1,2,-121
1754051026.59746,5,-3,-117
1754051026.63546,3,1,-123
1754051026.67346,4,-3,-120
1754051026.71246,-3,0,-117
1754051026.74846,0,-1,-116
1754051026.7864602,-4,6,-130
1754051026.82446,-3,4,-126
1754051026.86346,1,-5,-130
1754051026.9014602,-7,0,-135
1754051026.9374602,6,0,-128
1754051026.97546,5,0,-126
1754051027.0134602,4,0,-115
1754051027.0524602,-2,-1,-118
1754051027.0884602,0,2,-121
1754051027.12546,-4,0,-122
1754051027.16346,-5,-4,-119
1754051027.20246,3,-5,-124
1754051027.23846,-2,2,-120
1754051027.2764602,-4,0,-121
1754051027.31446,2,-14,-124
1754051027.35346,0,1,-123
1754051027.38946,1,1,-119
1754051027.4274602,0,-3,-123
1754051027.46546,9,-3,-117
1754051027.5034602,9,0,-125
1754051027.5424602,1,-1,-124
1754051027.57846,-1,1,-126
1754051027.61646,1,1,-120
1754051027.6544602,6,4,-114
1754051027.69346,2,-3,-127
1754051027.72946,2,-6,-133
1754051027.76746,6,-4,-123
1754051027.80546,-7,-5,-124
1754051027.84346,-8,-4,-125
1754051027.88246,-1,1,-127
1754051027.91846,-2,-6,-117
1754051027.95646,4,-9,-119
1754051027.99446,5,-3,-124
1754051028.03346,9,-8,-115
1754051028.0694602,8,-2,-132
1754051028.1084602,4,0,-118
1754051028.14546,3,-9,-120
1754051028.1844602,2,0,-131
1754051028.22246,6,0,-125
1754051028.25846,7,-6,-112
1754051028.2964602,0,1,-122
1754051028.33446,0,-3,-110
1754051028.37346,2,3,-119
1754051028.40946,5,0,-118
1754051028.4474602,13,-2,-126
1754051028.4864602,2,1,-127
1754051028.52446,2,0,-126
1754051028.5624602,3,-9,-132
1754051028.5984602,3,-11,-134
1754051028.63646,6,-4,-131
1754051028.6744602,4,-5,-120
1754051028.7134602,1,-3,-131
1754051028.74946,2,1,-134
1754051028.78746,3,1,-130
1754051028.82446,-2,-3,-126
1754051028.86346,-6,-8,-128
1754051028.89946,-6,-1,-134
1754051028.9374602,-1,5,-129
1754051028.97546,8,2,-131
1754051029.01446,0,0,-125
1754051029.0524602,-1,-1,-116
1754051029.0884602,8,0,-128
1754051029.12546,4,-4,-120
1754051029.1644602,5,-1,-124
1754051029.20246,-4,-2,-127
1754051029.23846,0,3,-130
1754051029.2764602,-8,-1,-124
1754051029.31446,0,-3,-129
1754051029.35346,1,-1,-120
1754051029.38946,2,-4,-121
1754051029.4274602,3,-2,-133
1754051029.46546,6,4,-132
1754051029.50446,2,-2,-117
1754051029.54046,-1,-4,-130
1754051029.57846,0,-2,-116
1754051029.61646,-7,-1,-116
1754051029.6544602,-1,-6,-118
1754051029.69346,-8,-1,-123
1754051029.72946,-2,-3,-126
1754051029.76746,0,-5,-130
1754051029.80546,3,-1,-132
1754051029.84446,5,2,-123
1754051029.88046,0,-2,-129
1754051029.91846,5,0,-130
1754051029.95646,1,8,-120
1754051029.99446,-2,6,-121
1754051030.03346,2,2,-115
1754051030.0694602,-4,0,-117
1754051030.10646,-1,4,-120
1754051030.1444602,-3,4,-122
1754051030.18346,0,2,-120
1754051030.21946,10,-3,-111
1754051030.25746,6,-3,-133
1754051030.29546,2,-4,-119
1754051030.33446,-2,-4,-123
1754051030.37046,-2,0,-128
1754051030.40846,2,-2,-126
1754051030.44646,4,-7,-117
1754051030.48546,2,-9,-122
1754051030.52346,2,-4,-109
1754051030.5594602,0,1,-126
1754051030.5984602,6,0,-126
1754051030.63546,0,-6,-132
1754051030.6744602,-4,-4,-128
1754051030.7104602,2,-6,-136
1754051030.74846,-2,-7,-126
1754051030.7864602,0,-4,-108
1754051030.8254602,1,-1,-118
1754051030.86346,1,0,-118
1754051030.89946,0,1,-125
1754051030.93646,-6,-7,-122
1754051030.97546,0,0,-115
1754051031.0134602,1,-2,-119
1754051031.0494602,4,2,-118
1754051031.08646,4,-1,-125
1754051031.12546,8,5,-125
1754051031.16346,10,1,-118
1754051031.19946,8,-1,-128
1754051031.23746,0,-6,-136
1754051031.27546,2,-4,-131
1754051031.31446,-3,0,-114
1754051031.35046,3,0,-115
1754051031.38746,0,5,-125
1754051031.42546,-2,-5,-128
1754051031.46446,-3,0,-118
1754051031.50046,-6,-5,-120
1754051031.53846,2,-4,-128
1754051031.57646,7,-6,-115
1754051031.6154602,5,-6,-126
1754051031.6514602,2,-4,-136
1754051031.68946,2,-4,-124
1754051031.72746,1,-6,-126
1754051031.76546,2,-4,-124
1754051031.80446,0,-4,-130
1754051031.84046,-4,3,-127
1754051031.8784602,2,2,-118
1754051031.91646,5,6,-120
1754051031.95546,-4,2,-125
1754051031.99146,2,2,-124
1754051032.02846,8,0,-112
1754051032.06646,-1,-2,-100
1754051032.1054602,-7,-4,-121
1754051032.1414602,-3,-2,-113
1754051032.17946,5,-8,-127
1754051032.2174602,0,1,-122
1754051032.25546,4,-5,-122
1754051032.29446,0,-6,-111
1754051032.33046,0,-4,-112
1754051032.3684602,2,-3,-104
1754051032.40646,-2,-6,-111
1754051032.44546,8,-7,-119
1754051032.48146,4,-1,-120
1754051032.5194602,-2,1,-120
1754051032.55846,3,-1,-125
1754051032.59646,-6,-1,-125
1754051032.6344602,-7,-3,-126
1754051032.67046,-2,3,-127
1754051032.70846,-1,1,-126
1754051032.7464602,3,3,-129
1754051032.78546,3,-1,-128
1754051032.82146,3,-1,-117
1754051032.85946,2,0,-128
1754051032.89746,0,1,-120
1754051032.93646,0,-5,-134
1754051032.97446,3,-1,-119
1754051033.01046,1,2,-134
1754051033.04746,-1,6,-123
1754051033.08646,-6,0,-119
1754051033.12446,1,0,-124
1754051033.16046,4,-6,-125
1754051033.19946,6,-3,-125
1754051033.2364602,5,-3,-116
1754051033.27546,1,-2,-122
1754051033.31146,9,-6,-117
1754051033.34946,2,-4,-108
1754051033.38746,-2,-5,-115
1754051033.42646,4,2,-113
1754051033.46446,-5,-3,-116
1754051033.50046,0,2,-120
1754051033.53746,-1,-4,-120
1754051033.57646,2,-4,-115
1754051033.61246,4,0,-117
1754051033.64946,-5,-1,-115
1754051033.6874602,-3,-1,-126
1754051033.72646,-6,-4,-124
1754051033.76246,0,-3,-122
1754051033.80046,0,-7,-114
1754051033.8384602,-6,-2,-133
1754051033.87646,-5,2,-117
1754051033.91546,-3,0,-129
1754051033.95146,1,2,-124
1754051033.98846,-3,-1,-111
1754051034.0264602,-1,-2,-115
1754051034.0654602,1,-6,-116
1754051034.10146,-1,0,-124
1754051034.13946,1,-3,-131
1754051034.1774602,-4,5,-128
1754051034.21646,-5,2,-130
1754051034.25246,-4,0,-121
1754051034.29046,0,2,-119
1754051034.32846,0,5,-133
1754051034.36746,0,-2,-134
1754051034.40546,-1,0,-133
1754051034.44146,1,-4,-121
1754051034.47946,1,-6,-125
1754051034.51746,0,-8,-115
1754051034.55646,5,2,-120
1754051034.5924602,8,0,-121
1754051034.62946,1,2,-122
1754051034.6674602,0,-3,-112
1754051034.70646,2,-3,-128
1754051034.74246,2,-2,-127
1754051034.78046,1,-9,-127
1754051034.81846,4,-7,-112
1754051034.85746,4,3,-122
1754051034.89546,3,-2,-119
1754051034.93146,2,0,-119
1754051034.96946,8,3,-109
1754051035.00746,4,-1,-115
1754051035.0464602,5,2,-117
1754051035.0824602,7,3,-122
1754051035.11946,7,-4,-126
1754051035.1574602,9,-3,-126
1754051035.19646,6,3,-137
1754051035.23246,-1,3,-137
1754051035.27046,0,0,-129
1754051035.30846,1,-3,-124
1754051035.34746,5,-1,-112
1754051035.38546,5,-2,-117
1754051035.4214602,3,3,-125
1754051035.45946,1,0,-112
1754051035.49746,-4,2,-125
1754051035.5364602,-1,-8,-122
1754051035.5724602,5,-1,-108
1754051035.61046,0,0,-107
1754051035.64846,3,5,-119
1754051035.6874602,-6,-3,-126
1754051035.7234602,0,1,-126
1754051035.76046,0,0,-122
1754051035.79846,1,0,-120
1754051035.83746,10,-3,-118
1754051035.87346,2,-5,-119
1754051035.9114602,-3,-1,-116
1754051035.94946,-1,0,-121
1754051035.98746,0,-10,-116
1754051036.0264602,3,-3,-116
1754051036.0624602,-5,-2,-106
1754051036.10046,4,-4,-125
1754051036.13946,-1,-2,-115
1754051036.1774602,-2,-1,-122
1754051036.2134602,3,0,-132
1754051036.25046,0,-1,-131
1754051036.2894602,7,-1,-129
1754051036.32746,2,4,-130
1754051036.36346,1,-2,-134
1754051036.4014602,-2,-1,-126
1754051036.4474602,2,0,-119
1754051036.4834602,0,5,-128
1754051036.52146,9,-2,-115
1754051036.5594602,2,-6,-119
1754051036.59746,-1,-9,-120
1754051036.63346,-6,-3,-130
1754051036.6714602,0,-3,-134
1754051036.70946,0,-1,-130
1754051036.74846,0,-3,-125
1754051036.7864602,-1,0,-124
1754051036.8224602,-7,-2,-119
1754051036.86046,-4,-1,-123
1754051036.89846,5,-4,-116
1754051036.9374602,-1,-1,-111
1754051036.9734602,-3,-4,-122
1754051037.01146,-6,0,-119
1754051037.0494602,1,1,-115
1754051037.0884602,-1,0,-121
1754051037.12646,-2,2,-132
1754051037.16246,0,-1,-123
1754051037.2004602,4,1,-133
1754051037.23846,-1,-3,-121
1754051037.27746,-3,-8,-131
1754051037.31346,-2,-5,-135
1754051037.35146,0,-2,-125
1754051037.38946,2,-3,-134
1754051037.42846,-2,0,-128
1754051037.46646,-2,4,-115
1754051037.50246,3,-3,-119
1754051037.54046,2,-6,-125
1754051037.57846,-7,-3,-122
1754051037.61746,-5,-1,-118
1754051037.65346,0,-7,-123
1754051037.69146,-5,-2,-118
1754051037.72946,0,2,-115
1754051037.76846,-2,1,-115
1754051037.80446,0,3,-130
1754051037.8424602,0,2,-115
1754051037.88046,-1,-1,-122
1754051037.91846,0,-6,-129
1754051037.9574602,-1,-7,-121
1754051037.9934602,-2,4,-113
1754051038.03146,-3,7,-120
1754051038.0694602,4,0,-118
1754051038.1084602,-2,0,-133
1754051038.1444602,1,1,-125
1754051038.18146,4,-7,-119
1754051038.21946,2,-2,-126
1754051038.25846,1,-5,-123
1754051038.29446,2,-12,-125
1754051038.3324602,0,-9,-138
1754051038.37046,8,-4,-127
1754051038.40846,4,1,-116
1754051038.4474602,6,1,-111
1754051038.4834602,2,0,-114
1754051038.52146,-1,-6,-123
1754051038.5594602,2,-6,-126
1754051038.5984602,-1,-11,-124
1754051038.6344602,0,-11,-121
1754051038.67246,-1,-5,-126
1754051038.7104602,4,0,-119
1754051038.74946,2,2,-123
1754051038.78746,-7,0,-113
1754051038.82346,-6,0,-112
1754051038.8614602,-3,-1,-119
1754051038.89946,0,-3,-138
1754051038.93846,-7,-1,-143
1754051038.97446,-6,-4,-131
1754051039.01246,-4,0,-132
1754051039.05046,0,4,-123
1754051039.08946,-3,-3,-118
1754051039.12746,1,-5,-125
1754051039.16346,7,-11,-126
1754051039.20246,7,-6,-108
1754051039.23946,5,-4,-122
1754051039.27846,14,-1,-120
1754051039.3154602,7,2,-113
1754051039.35246,-7,-7,-117
1754051039.39046,-3,4,-115
1754051039.42946,1,0,-123
1754051039.4674602,1,2,-129
1754051039.5034602,3,0,-136
1754051039.54146,5,-3,-128
1754051039.57946,5,4,-131
1754051039.61746,1,6,-125
1754051039.65346,1,-1,-119
1754051039.69146,-1,0,-119
1754051039.72946,9,-8,-130
1754051039.76846,3,-1,-123
1754051039.80446,-4,2,-130
1754051039.8424602,-1,6,-129
1754051039.88046,-4,-3,-128
1754051039.91946,4,-7,-126
1754051039.95546,0,-9,-113
1754051039.9934602,-5,-4,-117
1754051040.03146,1,0,-117
1754051040.0694602,6,-10,-124
1754051040.1084602,2,1,-122
1754051040.1444602,2,4,-115
1754051040.18146,0,1,-127
1754051040.21946,3,1,-128
1754051040.25846,-3,-1,-124
1754051040.29446,-1,-4,-126
1754051040.3324602,0,-1,-118
1754051040.37046,6,-5,-117
1754051040.40946,-3,0,-119
1754051040.44546,-7,3,-118
1754051040.4834602,-2,-1,-117
1754051040.52146,3,-1,-113
1754051040.5594602,6,0,-122
1754051040.5984602,4,-7,-125
1754051040.6344602,4,-9,-129
1754051040.67246,0,2,-120
1754051040.7104602,0,0,-123
1754051040.74946,3,0,-116
1754051040.78546,2,-3,-107
1754051040.82346,-3,1,-114
1754051040.86246,-9,5,-125
1754051040.90046,-3,0,-126
1754051040.93846,0,4,-129
1754051040.97546,-5,-1,-129
1754051041.01246,-3,2,-123
1754051041.05046,-1,0,-120
1754051041.08946,6,6,-123
1754051041.12546,0,-1,-121
1754051041.16346,4,0,-122
1754051041.20146,2,-3,-133
1754051041.2404602,-3,-4,-130
1754051041.27846,-1,-1,-130
1754051041.31446,-3,0,-128
1754051041.35346,-1,-1,-125
1754051041.39046,-1,-4,-121
1754051041.42946,0,-7,-122
1754051041.46546,-1,-1,-119
1754051041.5034602,3,-5,-126
1754051041.5424602,0,-11,-127
1754051041.58046,2,-2,-120
1754051041.6184602,-1,-4,-118
1754051041.6544602,-2,-6,-115
1754051041.69246,5,-4,-117
1754051041.7304602,-2,-3,-120
1754051041.7694602,1,-5,-125
1754051041.80546,-3,-9,-129
1754051041.84346,7,-4,-115
1754051041.8814602,4,-2,-125
1754051041.92046,0,-11,-120
1754051041.95646,1,-7,-116
1754051041.99446,4,-3,-115
1754051042.0324602,-4,-7,-112
1754051042.07046,-2,0,-120
1754051042.10946,-1,-1,-118
1754051042.14546,0,-2,-130
1754051042.18246,4,5,-124
1754051042.2204602,2,2,-116
1754051042.2594602,4,0,-110
1754051042.29546,1,0,-116
1754051042.3324602,1,1,-119
1754051042.37046,3,2,-128
1754051042.40946,0,0,-127
1754051042.44546,1,5,-133
1754051042.48246,-2,-1,-120
1754051042.52046,-3,-4,-122
1754051042.5594602,-6,-9,-120
1754051042.5954602,2,-4,-117
1754051042.63346,7,-2,-129
1754051042.6714602,13,2,-130
1754051042.7104602,5,-3,-126
1754051042.7464602,0,-1,-117
1754051042.78346,-4,2,-119
1754051042.82146,-1,-5,-128
1754051042.86046,3,-3,-124
1754051042.89646,4,-9,-121
1754051042.9344602,0,-6,-119
1754051042.97246,5,-9,-125
1754051043.01146,6,-2,-117
1754051043.0494602,5,0,-126
1754051043.0854602,1,-3,-126
1754051043.12346,-2,0,-122
1754051043.1614602,7,0,-118
1754051043.2004602,-1,-6,-136
1754051043.2364602,1,-3,-132
1754051043.27346,-2,-1,-122
1754051043.31146,-3,0,-126
1754051043.35046,2,-2,-115
1754051043.38646,1,2,-126
1754051043.42346,-3,2,-126
1754051043.46146,8,-4,-132
1754051043.50046,5,-3,-119
1754051043.5364602,3,-3,-106
1754051043.57446,4,2,-121
1754051043.61346,-1,-6,-131
1754051043.6514602,-2,-6,-124
1754051043.68946,7,-3,-121
1754051043.72546,4,-4,-119
1754051043.7634602,0,0,-113
1754051043.80146,-1,-4,-122
1754051043.84046,-2,-6,-126
1754051043.87646,-3,-2,-128
1754051043.9144602,3,1,-126
1754051043.95246,8,-2,-116
1754051043.99146,5,-3,-127
1754051044.02746,0,0,-126
1754051044.06446,-2,5,-126
1754051044.10246,-4,2,-125
1754051044.1414602,-2,-8,-127
1754051044.1774602,-3,0,-121
1754051044.21446,4,1,-122
1754051044.25246,2,-1,-137
1754051044.29146,-4,-1,-124
1754051044.32746,-1,3,-123
1754051044.3654602,10,1,-125
1754051044.40346,0,-6,-111
1754051044.44146,0,-12,-102
1754051044.4804602,0,-2,-110
1754051044.5164602,3,-2,-127
1754051044.55446,-3,0,-129
1754051044.59346,0,0,-127
1754051044.6314602,3,0,-116
1754051044.6674602,-1,0,-129
1754051044.70546,-1,-1,-115
1754051044.7434602,-2,-1,-114
1754051044.7824602,3,-2,-137
1754051044.82046,0,-7,-131
1754051044.85646,-7,-3,-126
1754051044.8944602,-2,-5,-120
1754051044.93346,7,-2,-120
1754051044.97146,0,-7,-123
1754051045.00746,-1,-4,-119
1754051045.04546,2,-5,-129
1754051045.08346,2,-2,-131
1754051045.12246,0,0,-135
1754051045.16046,0,-3,-133
1754051045.19646,-2,5,-127
1754051045.23446,-7,2,-123
1754051045.27246,0,1,-124
1754051045.31146,-4,1,-126
1754051045.34746,0,-3,-122
1754051045.38546,0,-4,-114
1754051045.42346,1,3,-119
1754051045.46246,-1,-1,-119
1754051045.50046,8,-11,-118
1754051045.5364602,4,-4,-115
1754051045.57446,9,-2,-113
1754051045.61246,-4,-2,-125
1754051045.6514602,-2,0,-121
1754051045.6874602,4,-1,-120
1754051045.72546,1,-2,-129
1754051045.76446,3,-4,-132
1754051045.8024602,8,-3,-127
1754051045.84046,4,-12,-112
1754051045.87646,8,-4,-122
1754051045.9144602,4,0,-125
1754051045.95246,-2,0,-127
1754051045.99146,1,-5,-126
1754051046.02746,-3,-9,-118
1754051046.0654602,-3,-1,-108
1754051046.10346,-3,4,-118
1754051046.14246,-4,0,-119
1754051046.17846,1,-7,-125
1754051046.21646,4,-5,-120
1754051046.25546,1,-5,-123
1754051046.2924602,3,-4,-131
1754051046.33146,3,0,-123
1754051046.36746,5,-1,-117
1754051046.40546,0,1,-114
1754051046.45146,9,0,-133
1754051046.48746,1,6,-126
1754051046.52546,4,1,-112
1754051046.5624602,5,-2,-114
1754051046.60146,6,-1,-123
1754051046.63746,6,-6,-122
1754051046.67546,4,-11,-124
1754051046.71446,-2,-10,-127
1754051046.75246,3,0,-128
1754051046.78846,0,-2,-128
1754051046.82746,-4,0,-126
1754051046.86446,0,0,-129
1754051046.90346,2,2,-124
1754051046.94146,4,-8,-131
1754051046.97746,8,-5,-123
1754051047.01546,-8,-1,-119
1754051047.05346,5,-3,-125
1754051047.0924602,4,-3,-117
1754051047.1284602,1,-5,-128
1754051047.1674602,-1,2,-132
1754051047.20546,2,-5,-130
1754051047.2434602,9,-4,-128
1754051047.28146,6,-7,-140
1754051047.31746,7,-1,-125
1754051047.3554602,3,2,-125
1754051047.3944602,4,6,-133
1754051047.43246,-3,0,-116
1754051047.46846,-7,-3,-120
1754051047.5064602,-2,-7,-120
1754051047.54446,-5,-3,-116
1754051047.58346,-1,-1,-114
1754051047.6214602,9,5,-120
1754051047.6574602,4,2,-118
1754051047.6944602,0,0,-122
1754051047.7334602,2,2,-119
1754051047.77146,2,1,-123
1754051047.80746,-3,-4,-123
1754051047.8454602,-9,-7,-113
1754051047.88346,0,1,-117
1754051047.92246,-4,1,-123
1754051047.95846,1,1,-125
1754051047.9964602,4,0,-122
1754051048.03546,6,0,-124
1754051048.07346,3,-1,-118
1754051048.10946,7,1,-130
1754051048.14646,-2,-3,-114
1754051048.1844602,-2,1,-122
1754051048.2234602,1,0,-114
1754051048.2594602,1,-1,-117
1754051048.29846,7,-7,-120
1754051048.3354602,0,-5,-128
1754051048.37346,0,-6,-118
1754051048.41246,6,3,-112
1754051048.44846,7,1,-119
1754051048.48546,-8,-7,-122
1754051048.52346,0,-5,-127
1754051048.5624602,5,0,-122
1754051048.5984602,-3,-3,-129
1754051048.63646,-7,-1,-118
1754051048.6744602,-4,-1,-116
1754051048.7134602,-9,3,-125
1754051048.74946,0,3,-130
1754051048.7864602,5,0,-135
1754051048.82446,-3,-4,-124
1754051048.86346,0,-3,-122
1754051048.89946,2,-3,-122
1754051048.9374602,0,-5,-140
1754051048.97546,4,-4,-128
1754051049.01446,2,2,-126
1754051049.0524602,2,-8,-141
1754051049.0884602,3,0,-133
1754051049.12546,7,0,-122
1754051049.1644602,10,0,-117
1754051049.20246,5,0,-113
1754051049.23846,6,5,-112
1754051049.27546,1,2,-116
1754051049.31446,10,2,-127
1754051049.35246,7,-3,-126
1754051049.3884602,0,0,-126
1754051049.42546,7,0,-116
1754051049.46446,4,-5,-121
1754051049.50246,-3,-9,-130
1754051049.53846,1,-8,-128
1754051049.57646,-4,-8,-131
1754051049.6154602,2,-6,-116
1754051049.65346,4,1,-119
1754051049.68946,6,4,-125
1754051049.72646,1,-2,-118
1754051049.76546,-5,-1,-104
1754051049.80346,-10,-2,-123
1754051049.83946,-9,-4,-112
1754051049.8784602,-3,0,-119
1754051049.91546,-4,4,-118
1754051049.95446,1,0,-132
1754051049.9904602,0,-6,-119
1754051050.02846,3,3,-123
1754051050.0654602,2,0,-126
1754051050.10446,0,-1,-130
1754051050.14046,0,-4,-125
1754051050.17846,0,-6,-128
1754051050.21546,3,-3,-131
1754051050.25446,5,0,-125
1754051050.29046,0,-5,-120
1754051050.32846,-8,-4,-114
1754051050.3654602,2,-8,-123
1754051050.4044602,-1,2,-125
1754051050.4404602,-1,-5,-129
1754051050.47846,-2,0,-122
1754051050.5164602,0,3,-121
1754051050.55446,-2,1,-115
1754051050.59346,-1,-2,-113
1754051050.62946,6,-7,-125
1754051050.66846,3,-5,-119
1754051050.70646,5,0,-128
1754051050.74446,4,-1,-120
1754051050.78046,6,-2,-124
1754051050.81846,0,0,-112
1754051050.85646,1,-2,-120
1754051050.89546,1,-3,-125
1754051050.93346,0,-6,-119
1754051050.96946,3,0,-116
1754051051.0064602,3,-4,-128
1754051051.04546,-2,4,-131
1754051051.08346,1,-2,-125
1754051051.11946,9,-2,-118
1754051051.15646,1,1,-132
1754051051.19546,3,-3,-117
1754051051.2334602,6,-8,-119
1754051051.2694602,5,-6,-114
1754051051.30746,-2,0,-124
1754051051.3454602,-2,0,-124
1754051051.3844602,2,-1,-125
1754051051.42046,3,-11,-111
1754051051.45846,2,-2,-124
1754051051.4964602,-4,-5,-131
1754051051.53546,2,0,-132
1754051051.57346,1,-3,-124
1754051051.60946,-4,1,-115
1754051051.64746,5,-6,-122
1754051051.68546,2,-3,-115
1754051051.72446,-9,-9,-115
1754051051.76046,-1,-3,-112
1754051051.7994602,0,0,-120
1754051051.83646,0,-1,-111
1754051051.87546,-6,-1,-119
1754051051.91346,-3,0,-119
1754051051.94946,4,8,-121
1754051051.9864602,3,-3,-127
1754051052.02546,-7,6,-123
1754051052.06346,5,0,-122
1754051052.09946,0,-4,-121
1754051052.13646,-2,0,-114
1754051052.17546,0,-2,-124
1754051052.2134602,1,-5,-127
1754051052.24946,-7,-7,-128
1754051052.28746,0,-4,-129
1754051052.3254602,-5,1,-128
1754051052.36446,-4,-4,-125
1754051052.40046,-1,4,-127
1754051052.43846,-3,2,-123
1754051052.47646,2,5,-132
1754051052.51546,3,-2,-116
1754051052.55146,2,4,-132
1754051052.59046,-1,1,-133
1754051052.62746,-1,5,-129
1754051052.66646,-2,0,-131
1754051052.70446,3,5,-138
1754051052.7404602,0,6,-137
1754051052.77746,-2,4,-129
1754051052.8154602,-6,8,-129
1754051052.85446,1,0,-119
1754051052.89046,4,3,-126
1754051052.9274602,3,2,-137
1754051052.96646,-6,-4,-127
1754051053.00446,-1,-5,-123
1754051053.04046,0,2,-120
1754051053.07746,-1,-2,-129
1754051053.11646,8,-8,-127
1754051053.1544602,5,-5,-125
1754051053.1904602,0,-6,-126
1754051053.22946,0,0,-117
1754051053.2664602,-3,-1,-118
1754051053.30546,-5,-1,-119
1754051053.34146,-2,-4,-114
1754051053.37946,7,2,-120
1754051053.4174602,2,-5,-126
1754051053.45646,2,-4,-127
1754051053.49446,4,-1,-120
1754051053.53046,4,-4,-120
1754051053.56846,0,-2,-118
1754051053.60646,0,-2,-117
1754051053.64546,-3,2,-123
1754051053.68146,-8,-1,-127
1754051053.71946,0,-6,-119
1754051053.75746,0,2,-123
1754051053.7964602,0,-5,-126
1754051053.83446,-1,-2,-112
1754051053.87046,2,-4,-130
1754051053.90846,0,0,-122
1754051053.94646,7,0,-132
1754051053.98546,5,-2,-126
1754051054.02146,2,-4,-119
1754051054.0594602,1,-2,-121
1754051054.09746,3,-2,-126
1754051054.13646,-3,-1,-121
1754051054.17246,1,-3,-129
1754051054.2104602,4,-8,-120
1754051054.24846,6,-8,-125
1754051054.28746,3,-2,-117
1754051054.3254602,-1,-3,-121
1754051054.3614602,-4,-4,-111
1754051054.40046,-2,-1,-121
1754051054.4374602,0,0,-118
1754051054.47646,2,-6,-134
1754051054.5134602,2,1,-130
1754051054.55046,5,-4,-131
1754051054.5884602,0,-5,-122
1754051054.62646,4,0,-118
1754051054.66546,2,-3,-120
1754051054.70146,9,-9,-117
1754051054.73946,9,-6,-119
1754051054.77746,-6,-5,-120
1754051054.81646,-4,-6,-116
1754051054.85246,6,-2,-124
1754051054.8914602,5,3,-119
1754051054.92846,9,-1,-120
1754051054.9674602,1,1,-114
1754051055.00546,3,-1,-118
1754051055.04146,1,-5,-126
1754051055.08046,5,-7,-126
1754051055.11746,3,-12,-123
1754051055.15646,0,1,-125
1754051055.19246,2,-7,-127
1754051055.2304602,4,-4,-127
1754051055.26746,2,0,-119
1754051055.30646,2,1,-118
1754051055.3424602,3,4,-116
1754051055.38046,0,-2,-118
1754051055.4174602,-3,-6,-122
1754051055.45646,-6,-4,-122
1754051055.49246,-5,-1,-131
1754051055.53046,-1,-2,-125
1754051055.56846,-3,0,-121
1754051055.60746,5,0,-119
1754051055.64546,3,-3,-118
1754051055.68146,4,-1,-129
1754051055.71946,6,0,-127
1754051055.75746,10,1,-122
1754051055.7964602,1,-2,-116
1754051055.8324602,0,2,-123
1754051055.87046,7,4,-119
1754051055.90846,8,3,-130
1754051055.9474602,9,1,-108
1754051055.98546,3,0,-107
1754051056.02146,4,-6,-106
1754051056.0594602,2,0,-121
1754051056.09746,3,-1,-119
1754051056.13646,2,-6,-128
1754051056.17246,-2,-6,-120
1754051056.2104602,-2,-3,-133
1754051056.24846,6,0,-109
1754051056.28746,8,-9,-115
1754051056.3254602,1,0,-124
1754051056.3614602,2,-2,-121
1754051056.39946,0,-5,-125
1754051056.43846,4,-5,-123
1754051056.48146,-6,-3,-117
1754051056.5194602,0,3,-128
1754051056.55846,0,-3,-124
1754051056.59646,6,-1,-115
1754051056.63346,5,1,-109
1754051056.67046,3,-4,-120
1754051056.70846,5,-2,-125
1754051056.74746,6,-4,-130
1754051056.78346,-4,-8,-119
1754051056.82146,2,0,-112
1754051056.85946,5,-1,-122
1754051056.89746,4,-6,-123
1754051056.93646,-5,3,-123
1754051056.97246,-5,-5,-120
1754051057.01046,2,-2,-128
1754051057.04846,7,-2,-124
1754051057.08746,5,-3,-116
1754051057.12346,-5,0,-120
1754051057.1614602,-5,0,-115
1754051057.19946,0,0,-121
1754051057.23846,3,-4,-116
1754051057.2764602,2,-2,-126
1754051057.3124602,0,-3,-122
1754051057.35146,7,0,-121
1754051057.3884602,2,0,-128
1754051057.4274602,0,-1,-111
1754051057.4634602,1,-2,-112
1754051057.50146,7,0,-110
1754051057.5394602,8,-2,-123
1754051057.57846,5,-7,-114
1754051057.61646,1,-9,-118
1754051057.65246,2,-10,-119
1754051057.6904602,-3,-8,-123
1754051057.72846,-2,-6,-140
1754051057.76746,0,-9,-124
1754051057.80346,-5,-11,-121
1754051057.8424602,0,0,-112
1754051057.87946,-1,2,-116
1754051057.91846,0,2,-119
1754051057.95646,5,5,-125
1754051057.99246,8,3,-120
1754051058.0294602,6,1,-122
1754051058.06846,1,-7,-110
1754051058.10646,0,-3,-122
1754051058.14246,6,-8,-115
1754051058.18146,3,-13,-134
1754051058.21846,8,-1,-123
1754051058.25746,5,1,-120
1754051058.29346,1,0,-125
1754051058.33146,0,0,-127
1754051058.3684602,0,-9,-126
1754051058.4074602,0,-5,-116
1754051058.44346,-1,-2,-119
1754051058.48146,-3,-9,-129
1754051058.5194602,2,-4,-126
1754051058.55846,1,0,-117
1754051058.59446,-4,-6,-132
1754051058.63246,-3,-2,-131
1754051058.67046,3,-1,-127
1754051058.70946,-3,-1,-123
1754051058.74746,3,-1,-114
1754051058.78346,5,2,-126
1754051058.82146,3,-4,-130
1754051058.85946,7,-5,-125
1754051058.89846,0,-6,-128
1754051058.9344602,-1,-2,-123
1754051058.9734602,-2,6,-120
1754051059.01046,-3,6,-121
1754051059.04846,-4,-2,-126
1754051059.08746,10,0,-126
1754051059.12346,8,6,-125
1754051059.1614602,2,-1,-118
1754051059.19946,-2,-7,-119
1754051059.23846,5,-8,-119
1754051059.27446,3,-4,-121
1754051059.3124602,1,-2,-124
1754051059.35046,4,1,-125
1754051059.38946,1,-2,-122
1754051059.4274602,0,1,-123
1754051059.4634602,-4,-2,-134
1754051059.50246,3,-8,-126
1754051059.5394602,0,-8,-125
1754051059.57846,-4,-9,-106
1754051059.6154602,-1,-10,-119
1754051059.65246,-1,-8,-122
1754051059.6904602,-4,-7,-112
1754051059.72946,0,0,-111
1754051059.76746,4,0,-119
1754051059.80346,2,-7,-124
1754051059.84146,3,-3,-127
1754051059.87946,4,-1,-128
1754051059.91846,0,-3,-123
1754051059.95446,5,-5,-137
1754051059.9934602,3,-8,-134
1754051060.03046,0,0,-122
1754051060.0694602,0,-7,-123
1754051060.10746,6,-7,-118
1754051060.14346,5,-3,-127
1754051060.18146,0,-5,-127
1754051060.21946,6,-4,-118
1754051060.25846,2,-6,-131
1754051060.29446,3,1,-126
1754051060.33146,-6,1,-121
1754051060.36946,-2,3,-134
1754051060.40846,3,4,-130
1754051060.4444602,8,-2,-134
1754051060.48246,8,-1,-126
1754051060.52046,-1,0,-132
1754051060.5594602,0,0,-113
1754051060.5954602,-6,-3,-115
1754051060.63346,-2,-7,-117
1754051060.6714602,0,-2,-120
1754051060.7104602,-12,2,-124
1754051060.74846,-9,0,-131
1754051060.78446,-4,-2,-134
1754051060.8224602,0,-6,-115
1754051060.86046,-1,-4,-114
1754051060.89946,-3,-2,-123
1754051060.93546,-8,-5,-127
1754051060.9734602,-7,-9,-125
1754051061.01146,-5,-7,-124
1754051061.0494602,6,-5,-121
1754051061.0884602,2,1,-123
1754051061.12446,1,-3,-120
1754051061.16246,3,0,-114
1754051061.2004602,2,8,-133
1754051061.23946,2,3,-128
1754051061.27546,-2,1,-119
1754051061.31346,-4,-3,-128
1754051061.35146,1,0,-124
1754051061.39046,-4,0,-109
1754051061.42846,-1,0,-120
1754051061.46446,-4,6,-121
1754051061.50246,3,-3,-122
1754051061.54046,1,4,-126
1754051061.57946,1,0,-127
1754051061.6154602,2,1,-131
1754051061.65246,0,-4,-125
1754051061.6904602,0,5,-126
1754051061.72946,4,1,-117
1754051061.76546,-1,8,-119
1754051061.80346,3,1,-122
1754051061.84146,3,0,-125
1754051061.88046,-2,-5,-124
1754051061.91846,0,1,-131
1754051061.95446,-3,0,-133
1754051061.99246,2,-2,-121
1754051062.03046,-1,-8,-126
1754051062.0694602,-5,-4,-124
1754051062.1054602,-4,-3,-115
1754051062.14346,3,1,-126
1754051062.18246,4,3,-125
1754051062.2204602,0,2,-120
1754051062.25846,-5,3,-122
1754051062.29446,-3,4,-120
1754051062.3324602,6,2,-125
1754051062.37046,-1,4,-129
1754051062.40946,-1,-5,-119
1754051062.44546,1,0,-125
1754051062.48246,6,0,-129
1754051062.52046,0,2,-121
1754051062.5594602,3,0,-123
1754051062.5954602,12,-3,-119
1754051062.63346,1,0,-124
1754051062.67246,5,0,-127
1754051062.7104602,2,0,-130
1754051062.7464602,-1,0,-127
1754051062.78446,-2,-1,-128
1754051062.8224602,3,0,-124
1754051062.86046,3,5,-125
1754051062.89946,6,3,-127
1754051062.93546,-1,-4,-121
1754051062.9734602,4,-7,-113
1754051063.01146,-2,-2,-125
1754051063.05046,-6,-7,-120
1754051063.08646,-5,-3,-124
1754051063.12446,-1,-8,-115
1754051063.16246,-5,1,-121
1754051063.2004602,-8,-1,-126
1754051063.23946,-8,1,-140
1754051063.27546,-1,0,-130
1754051063.31346,7,-1,-119
1754051063.35146,3,0,-115
1754051063.39046,3,5,-116
1754051063.42646,-4,5,-119
1754051063.46446,-8,1,-124
1754051063.5034602,0,3,-116
1754051063.54146,1,-6,-117
1754051063.57946,3,4,-120
1754051063.6154602,-4,0,-122
1754051063.65346,-3,-2,-107
1754051063.69146,-7,-9,-116
1754051063.7304602,0,-1,-122
1754051063.7664602,3,0,-126
1754051063.80346,-1,-1,-126
1754051063.84146,0,-1,-131
1754051063.88046,2,0,-126
1754051063.91646,0,-2,-134
1754051063.95446,2,0,-134
1754051063.99246,2,0,-120
1754051064.03146,2,-6,-116
1754051064.0694602,-3,-6,-134
1754051064.1054602,-2,2,-121
1754051064.14346,1,5,-120
1754051064.18146,8,0,-126
1754051064.2204602,8,-3,-118
1754051064.2564602,-1,-1,-125
1754051064.29446,1,-5,-124
1754051064.33346,-9,6,-122
1754051064.3714602,2,0,-115
1754051064.40946,4,1,-122
1754051064.44546,-5,5,-120
1754051064.4834602,6,1,-121
1754051064.52146,0,-3,-130
1754051064.56046,3,-3,-127
1754051064.59646,7,1,-126
1754051064.63346,5,0,-121
1754051064.6714602,-10,-4,-117
1754051064.7104602,-6,-1,-116
1754051064.7464602,-2,0,-117
1754051064.78446,-3,0,-121
1754051064.8224602,-7,-3,-117
1754051064.8614602,5,-11,-114
1754051064.89746,8,-4,-120
1754051064.93546,3,-1,-118
1754051064.97446,-3,3,-116
1754051065.01146,-6,-2,-109
1754051065.05046,-5,-3,-109
1754051065.08646,2,-1,-112
1754051065.12446,2,-5,-111
1754051065.16246,-1,1,-114
1754051065.20146,5,-4,-122
1754051065.23746,2,0,-119
1754051065.27446,2,0,-118
1754051065.3124602,4,-5,-134
1754051065.35146,8,5,-113
1754051065.38746,3,3,-124
1754051065.4244602,5,7,-112
1754051065.46246,2,-2,-130
1754051065.50146,0,2,-130
1754051065.53746,1,-1,-126
1754051065.5754602,3,0,-141
1754051065.61346,1,-2,-132
1754051065.65246,-1,0,-123
1754051065.6904602,3,0,-124
1754051065.72646,4,1,-132
1754051065.76446,1,1,-116
1754051065.8024602,2,-7,-121
1754051065.84146,-1,-6,-117
1754051065.87746,2,-1,-109
1754051065.91546,-6,0,-119
1754051065.95446,6,-4,-121
1754051065.99246,5,-7,-118
1754051066.03046,-2,-6,-110
1754051066.06646,-1,-10,-113
1754051066.10446,-4,0,-117
1754051066.14246,-7,3,-119
1754051066.18146,2,0,-119
1754051066.2174602,4,0,-121
1754051066.25446,5,-1,-115
1754051066.2924602,3,1,-131
1754051066.33146,-2,5,-127
1754051066.36746,-9,-1,-117
1754051066.40546,0,3,-127
1754051066.44346,0,0,-120
1754051066.48746,3,-1,-141
1754051066.52546,-4,-2,-120
1754051066.56346,6,-7,-126
1754051066.60246,5,-3,-121
1754051066.6384602,8,0,-128
1754051066.67546,1,-4,-125
1754051066.7134602,1,-3,-130
1754051066.75246,1,-3,-125
1754051066.78846,12,-2,-121
1754051066.82646,6,-1,-122
1754051066.86446,1,0,-128
1754051066.90246,-3,-5,-117
1754051066.94146,-3,-2,-123
1754051066.97746,-2,-3,-123
1754051067.01546,4,-1,-125
1754051067.05446,-4,0,-132
1754051067.0924602,-8,-5,-124
1754051067.1284602,-10,0,-125
1754051067.1674602,-4,0,-126
1754051067.20446,0,0,-124
1754051067.24246,-4,1,-127
1754051067.28146,0,0,-131
1754051067.31746,3,-1,-122
1754051067.3554602,1,-3,-120
1754051067.39346,-9,1,-132
1754051067.43246,2,-6,-129
1754051067.46846,6,-7,-128
1754051067.50746,4,-4,-122
1754051067.54546,1,-5,-121
1754051067.58346,-1,-5,-116
1754051067.6214602,-4,-4,-119
1754051067.6574602,-1,-5,-115
1754051067.69546,-7,-3,-118
1754051067.73446,0,2,-121
1754051067.77246,11,-4,-129
1754051067.80846,5,0,-137
1754051067.8454602,2,0,-129
1754051067.8844602,4,2,-130
1754051067.92246,1,4,-122
1754051067.95846,-2,-2,-110
1754051067.9964602,0,-9,-122
1754051068.03446,0,0,-119
1754051068.07346,6,-2,-123
1754051068.1114602,6,-4,-124
1754051068.14746,-5,3,-121
1754051068.18546,6,1,-127
1754051068.2234602,6,-5,-134
1754051068.26246,10,-4,-114
1754051068.29846,4,-6,-114
1754051068.33646,-6,-7,-118
1754051068.37546,2,-1,-119
1754051068.41346,5,-4,-121
1754051068.45146,-2,-1,-130
1754051068.48746,-2,1,-121
1754051068.52546,-1,4,-133
1754051068.56346,3,6,-133
1754051068.60246,0,-1,-119
1754051068.6384602,-4,-4,-120
1754051068.67646,1,-8,-127
1754051068.71446,2,-3,-123
1754051068.7534602,5,0,-124
1754051068.7894602,-4,-3,-122
1754051068.82746,4,-6,-122
1754051068.8654602,-1,0,-123
1754051068.90346,-3,-5,-112
1754051068.94246,1,-2,-120
1754051068.97846,2,0,-118
1754051069.0164602,5,-5,-124
1754051069.05346,-4,0,-113
1754051069.0924602,4,1,-123
1754051069.1284602,8,1,-127
1754051069.16546,6,-4,-113
1754051069.20346,2,6,-117
1754051069.24246,-3,-6,-118
1754051069.27846,-2,0,-114
1754051069.31646,-1,-1,-109
1754051069.35446,0,-5,-128
1754051069.39346,3,-4,-124
1754051069.42946,5,-8,-131
1754051069.4674602,4,-6,-130
1754051069.50546,-4,-2,-108
1754051069.54446,-2,0,-110
1754051069.5824602,7,-4,-125
1754051069.6184602,9,-7,-126
1754051069.6574602,7,-2,-122
1754051069.6944602,-8,-2,-126
1754051069.7334602,-4,-5,-122
1754051069.7694602,1,-5,-120
1754051069.80746,0,1,-119
1754051069.8454602,-2,-9,-126
1754051069.8844602,-4,-4,-130
1754051069.92246,-4,-1,-127
1754051069.95946,0,2,-123
1754051069.9964602,-6,-1,-125
1754051070.03446,0,0,-122
1754051070.07346,6,-3,-132
1754051070.10946,0,-4,-127
1754051070.14746,1,-2,-119
1754051070.18546,5,-5,-117
1754051070.22446,-1,-3,-123
1754051070.26246,2,4,-122
1754051070.29846,-1,5,-123
1754051070.33646,-7,2,-123
1754051070.37446,-1,7,-124
1754051070.41346,2,3,-123
1754051070.44946,7,4,-116
1754051070.48746,0,1,-129
1754051070.52546,-1,0,-114
1754051070.56446,2,-4,-120
1754051070.60246,-7,5,-123
1754051070.63946,-10,-7,-110
1754051070.6774602,-4,-3,-116
1754051070.71546,2,1,-118
1754051070.75446,0,-1,-114
1754051070.79146,2,-4,-116
1754051070.82946,0,0,-120
1754051070.86646,2,3,-117
1754051070.9044602,5,1,-124
1754051070.94346,2,-7,-124
1754051070.97946,-3,-7,-119
1754051071.01846,-5,-1,-123
1754051071.05546,1,0,-120
1754051071.09446,-2,-6,-124
1754051071.13046,-2,-9,-136
1754051071.16846,-1,-3,-131
1754051071.20646,1,2,-132
1754051071.24446,-3,-12,-120
1754051071.28346,-6,-7,-129
1754051071.3194602,-8,-6,-129
1754051071.35746,-7,-6,-127
1754051071.3944602,2,-3,-126
1754051071.43346,-5,-5,-124
1754051071.46946,2,-9,-117
1754051071.50746,6,-5,-120
1754051071.54546,0,-1,-108
1754051071.58446,0,-3,-128
1754051071.62046,0,-9,-128
1754051071.65946,1,-6,-127
1754051071.69646,0,-4,-120
1754051071.73546,0,-1,-132
1754051071.77346,-1,-9,-120
1754051071.8094602,1,-4,-123
1754051071.84746,4,-4,-124
1754051071.88546,0,-6,-135
1754051071.9244602,2,-5,-124
1754051071.9604602,7,-2,-120
1754051071.99846,3,-1,-130
1754051072.0364602,0,-3,-127
1754051072.0754602,3,-4,-114
1754051072.11346,-1,-6,-112
1754051072.14946,5,-7,-128
1754051072.18846,7,-4,-117
1754051072.22646,6,0,-117
1754051072.26446,7,-3,-109
1754051072.30046,2,-4,-112
1754051072.3384602,1,-9,-102
1754051072.37646,3,-7,-121
1754051072.41546,-1,-7,-120
1754051072.45346,7,0,-121
1754051072.48946,3,-10,-117
1754051072.52746,1,-8,-125
1754051072.5654602,0,-6,-128
1754051072.60446,4,-10,-126
1754051072.64046,-3,-2,-131
1754051072.67946,0,-1,-125
1754051072.71646,9,-3,-123
1754051072.75546,-1,-5,-119
1754051072.79146,-5,-8,-120
1754051072.82946,-3,0,-127
1754051072.8684602,-1,-6,-118
1754051072.90546,0,0,-125
1754051072.9444602,-5,-1,-124
1754051072.9804602,-2,-1,-114
1754051073.01846,-2,-1,-122
1754051073.05646,-4,-1,-120
1754051073.0954602,2,0,-124
1754051073.1314602,-3,0,-121
1754051073.16946,0,-3,-110
1754051073.2074602,0,-2,-118
1754051073.24546,0,-6,-125
1754051073.28446,0,-6,-132
1754051073.32046,4,-6,-115
1754051073.3584602,-6,-7,-119
1754051073.39646,6,-2,-122
1754051073.43546,0,0,-127
1754051073.47146,-2,0,-121
1754051073.5094602,1,1,-124
1754051073.5464602,2,-9,-121
1754051073.5854602,15,-3,-123
1754051073.6214602,1,0,-122
1754051073.65946,3,-1,-127
1754051073.69646,5,-4,-122
1754051073.73546,11,-7,-128
1754051073.77146,10,-5,-127
1754051073.8094602,12,-3,-114
1754051073.84746,-1,-5,-124
1754051073.88646,4,-4,-131
1754051073.9244602,-1,-3,-121
1754051073.9604602,-2,3,-128
1754051073.99846,4,0,-129
1754051074.0364602,2,0,-131
1754051074.0754602,-1,4,-118
1754051074.1114602,-1,-2,-120
1754051074.15046,9,-2,-126
1754051074.1874602,3,-3,-134
1754051074.22646,4,2,-118
1754051074.26446,7,0,-113
1754051074.30046,-1,-4,-119
1754051074.3384602,4,-3,-124
1754051074.37646,8,4,-121
1754051074.41546,3,-4,-119
1754051074.45146,-1,-3,-121
1754051074.48946,-3,4,-124
1754051074.52746,0,-1,-124
1754051074.56646,3,-2,-110
1754051074.60446,0,-4,-119
1754051074.64046,-1,-3,-114
1754051074.67846,-1,-8,-127
1754051074.71646,2,-8,-128
1754051074.75546,4,-2,-134
1754051074.79146,6,-1,-123
1754051074.82946,1,0,-117
1754051074.8684602,-3,-5,-109
1754051074.90646,-4,0,-124
1754051074.94246,0,-7,-131
1754051074.9804602,-2,0,-128
1754051075.01846,0,0,-115
1754051075.05646,0,-6,-133
1754051075.0954602,-7,-6,-125
1754051075.1314602,-2,-4,-109
1754051075.16946,-3,3,-120
1754051075.2074602,-5,-2,-123
1754051075.2464602,-4,-6,-131
1754051075.2824602,0,-1,-123
1754051075.32046,-2,-8,-112
1754051075.3584602,-2,-3,-127
1754051075.39646,1,0,-116
1754051075.43546,10,-10,-112
1754051075.47146,6,-3,-120
1754051075.5094602,0,-8,-122
1754051075.54746,5,-4,-133
1754051075.58646,4,0,-120
1754051075.62246,6,1,-124
1754051075.65946,1,0,-125
1754051075.6974602,3,0,-112
1754051075.7364602,1,-3,-127
1754051075.77246,4,-2,-125
1754051075.81046,2,-3,-125
1754051075.8484602,4,8,-120
1754051075.88746,-5,-3,-124
1754051075.92546,-1,2,-114
1754051075.96146,2,-2,-131
1754051076.00046,8,-1,-130
1754051076.03746,1,0,-128
1754051076.07646,-3,-5,-121
1754051076.11246,-2,1,-116
1754051076.15046,7,-1,-135
1754051076.18846,8,1,-134
1754051076.22746,5,-1,-117
1754051076.26546,0,4,-116
1754051076.30146,-1,0,-110
1754051076.33946,6,1,-118
1754051076.37746,2,4,-123
1754051076.41646,0,4,-116
1754051076.45246,-3,-3,-111
1754051076.49846,-5,0,-116
1754051076.5364602,3,-3,-119
1754051076.5724602,-2,-1,-120
1754051076.61046,-2,-1,-119
1754051076.64846,-1,-5,-120
1754051076.6874602,0,-11,-128
1754051076.72546,0,-6,-119
1754051076.76146,-1,-5,-118
1754051076.7994602,1,-2,-117
1754051076.83746,4,-5,-126
1754051076.87646,3,0,-124
1754051076.91246,-7,5,-116
1754051076.9504602,-5,-6,-117
1754051076.98846,0,1,-119
1754051077.02746,-11,-4,-115
1754051077.06346,-4,-2,-125
1754051077.10146,5,2,-126
1754051077.13946,1,1,-116
1754051077.1774602,-2,-2,-125
1754051077.21646,3,-3,-115
1754051077.25246,1,-1,-127
1754051077.29046,1,-4,-129
1754051077.32846,3,-1,-117
1754051077.36746,-2,5,-125
1754051077.40346,-2,2,-129
1754051077.44146,-7,-4,-133
1754051077.47946,0,1,-128
1754051077.51846,0,0,-122
1754051077.55646,5,-5,-141
1754051077.5924602,-1,-6,-137
1754051077.63046,1,-2,-124
1754051077.66846,-2,1,-123
1754051077.7074602,1,1,-113
1754051077.7434602,4,-4,-110
1754051077.78146,-5,-5,-130
1754051077.8194602,0,-2,-122
1754051077.8584602,-1,-2,-114
1754051077.89646,2,0,-133
1754051077.93246,-3,3,-125
1754051077.9704602,1,-5,-121
1754051078.00846,0,6,-127
1754051078.04746,3,-1,-128
1754051078.08346,7,3,-130
1754051078.12046,2,-9,-126
1754051078.15946,4,-5,-123
1754051078.1974602,4,-5,-131
1754051078.2334602,0,-2,-130
1754051078.27146,0,-3,-118
1754051078.3094602,-4,-5,-126
1754051078.3484602,0,-3,-118
1754051078.38646,-2,-5,-132
1754051078.42246,2,-8,-127
1754051078.4604602,-2,-1,-127
1754051078.49846,0,4,-129
1754051078.53746,-5,6,-118
1754051078.57346,1,6,-115
1754051078.6114602,4,3,-121
1754051078.64946,-2,-2,-125
1754051078.68846,-2,-5,-124
1754051078.72646,-1,-4,-126
1754051078.76246,-3,0,-128
1754051078.7994602,-1,2,-123
1754051078.8384602,1,4,-132
1754051078.87646,4,0,-116
1754051078.91246,3,-2,-130
1754051078.95146,4,0,-130
1754051078.98846,-4,-2,-135
1754051079.02746,6,-5,-132
1754051079.06346,3,-4,-114
1754051079.10146,-2,0,-118
1754051079.13946,-1,3,-128
1754051079.17846,-4,3,-142
1754051079.21446,0,-1,-125
1754051079.25146,-6,-1,-115
1754051079.2894602,3,-2,-128
1754051079.32846,4,6,-113
1754051079.36446,2,-2,-123
1754051079.40246,-2,1,-121
1754051079.44146,-4,0,-125
1754051079.47846,-8,0,-126
1754051079.51746,-1,-7,-129
1754051079.55346,0,-2,-129
1754051079.59146,0,-1,-134
1754051079.62946,1,-6,-123
1754051079.66846,0,2,-130
1754051079.70446,-2,1,-112
1754051079.74246,-2,-4,-121
1754051079.78046,-6,-3,-119
1754051079.81846,-4,-3,-130
1754051079.85746,-1,-6,-123
1754051079.89346,1,-6,-105
1754051079.93146,3,-1,-113
1754051079.96946,6,0,-128
1754051080.00846,1,6,-127
1754051080.04446,4,2,-132
1754051080.0824602,-3,-4,-126
1754051080.12046,0,-3,-123
1754051080.15946,4,-4,-131
1754051080.1974602,0,-2,-124
1754051080.2334602,-4,6,-122
1754051080.27146,-11,1,-112
1754051080.3094602,-4,0,-110
1754051080.3484602,-6,1,-124
1754051080.3844602,-2,-1,-125
1754051080.42246,0,-2,-118
1754051080.4604602,0,3,-114
1754051080.49946,-1,-5,-126
1754051080.53746,5,0,-124
1754051080.57346,0,0,-123
1754051080.61246,0,-5,-125
1754051080.64946,-1,0,-116
1754051080.68846,3,0,-122
1754051080.72446,1,0,-115
1754051080.76246,2,1,-126
1754051080.7994602,0,0,-135
1754051080.8384602,0,0,-129
1754051080.87446,4,0,-117
1754051080.91246,3,-5,-121
1754051080.9504602,5,0,-125
1754051080.98946,1,-5,-116
1754051081.02746,-6,-1,-110
1754051081.06346,0,0,-120
1754051081.10146,2,0,-119
1754051081.13946,2,-2,-127
1754051081.17546,0,-8,-117
1754051081.2134602,1,-1,-122
1754051081.25146,0,-2,-119
1754051081.2894602,5,-2,-116
1754051081.32846,6,4,-119
1754051081.36446,1,2,-123
1754051081.4014602,-2,-2,-114
1754051081.43946,-11,-3,-113
1754051081.47846,1,-9,-119
1754051081.51446,8,-6,-131
1754051081.5524602,9,-4,-135
1754051081.59046,0,-10,-124
1754051081.62946,1,0,-113
1754051081.66546,0,-6,-117
1754051081.70346,-1,0,-122
1754051081.74146,1,-3,-125
1754051081.7794602,-1,-8,-128
1754051081.81846,1,-4,-127
1754051081.85446,0,3,-126
1754051081.8914602,1,-1,-130
1754051081.92946,11,-5,-128
1754051081.96846,10,5,-126
1754051082.00446,4,0,-126
1754051082.0424602,7,-5,-114
1754051082.08046,5,0,-115
1754051082.1184602,6,3,-123
1754051082.1544602,4,0,-134
1754051082.19146,5,0,-120
1754051082.2304602,3,0,-125
1754051082.26846,5,0,-115
1754051082.30446,4,-3,-127
1754051082.34146,2,0,-129
1754051082.38046,2,4,-116
1754051082.41846,2,9,-122
1754051082.45446,9,0,-129
1754051082.49246,1,-6,-122
1754051082.53046,-2,-5,-130
1754051082.56846,1,-2,-132
1754051082.60446,-1,-2,-126
1754051082.64246,2,1,-121
1754051082.68046,-8,6,-124
1754051082.71946,-3,7,-108
1754051082.75546,2,6,-106
1754051082.7924602,0,-5,-117
1754051082.83046,-3,-2,-128
1754051082.86946,4,4,-120
1754051082.90546,3,2,-117
1754051082.94246,6,1,-118
1754051082.9804602,4,0,-120
1754051083.0194602,12,-4,-128
1754051083.05546,3,2,-133
1754051083.0924602,0,-5,-128
1754051083.13046,-4,-13,-122
1754051083.16946,1,-3,-122
1754051083.20546,-3,2,-122
1754051083.2434602,1,-3,-114
1754051083.28146,1,-7,-125
1754051083.32046,-1,0,-120
1754051083.35646,-3,0,-122
1754051083.3944602,5,-1,-126
1754051083.43246,2,-4,-119
1754051083.4704602,4,-2,-125
1754051083.5094602,4,0,-122
1754051083.54546,0,-6,-117
1754051083.58446,6,-8,-120
1754051083.6214602,8,-6,-114
1754051083.66046,3,-1,-125
1754051083.69646,-4,-4,-119
1754051083.73446,2,-5,-115
1754051083.77246,1,-6,-111
1754051083.81046,7,0,-134
1754051083.84946,5,2,-135
1754051083.88546,2,2,-116
1754051083.92346,4,-4,-130
1754051083.9604602,-1,-2,-127
1754051083.99946,-3,-2,-115
1754051084.03546,-1,-3,-114
1754051084.07346,8,-4,-112
1754051084.1114602,1,-4,-116
1754051084.15046,1,0,-130
1754051084.18646,2,-5,-125
1754051084.22546,2,-4,-119
1754051084.2634602,2,1,-129
1754051084.30146,-2,-1,-123
1754051084.33946,-2,2,-124
1754051084.37546,-4,0,-126
1754051084.41346,2,-3,-123
1754051084.45146,1,-3,-123
1754051084.4904602,0,-3,-117
1754051084.5264602,-3,2,-113
1754051084.56446,-5,-4,-116
1754051084.60246,-4,0,-116
1754051084.6414602,2,0,-117
1754051084.67946,0,0,-118
1754051084.71546,-1,1,-114
1754051084.75446,0,0,-123
1754051084.79146,0,-4,-120
1754051084.83046,3,1,-131
1754051084.86646,-6,4,-119
1754051084.9044602,1,4,-121
1754051084.94246,6,0,-114
1754051084.98146,6,0,-115
1754051085.0194602,3,-4,-121
1754051085.05546,0,-4,-122
1754051085.09346,0,2,-127
1754051085.1314602,3,4,-120
1754051085.17046,7,2,-119
1754051085.20646,4,4,-118
1754051085.24446,2,5,-114
1754051085.28146,7,1,-123
1754051085.32046,4,0,-129
1754051085.35646,0,0,-118
1754051085.3944602,5,0,-124
1754051085.43146,2,1,-129
1754051085.4704602,7,-1,-129
1754051085.5064602,-1,-3,-132
1754051085.54446,-1,-3,-120
1754051085.58346,1,-3,-124
1754051085.6214602,0,-1,-119
1754051085.6574602,5,-3,-126
1754051085.69546,3,0,-118
1754051085.7334602,5,-11,-117
1754051085.77146,2,-6,-111
1754051085.81046,1,-3,-112
1754051085.84646,2,-2,-116
1754051085.8844602,2,-5,-124
1754051085.92246,6,-5,-117
1754051085.96146,3,-9,-124
1754051085.99746,2,-12,-124
1754051086.03546,2,0,-130
1754051086.07346,-8,-3,-129
1754051086.11246,-9,0,-124
1754051086.15046,-1,-4,-121
1754051086.18646,-2,-13,-124
1754051086.22446,-2,-4,-120
1754051086.26246,6,-4,-110
1754051086.30146,0,-2,-129
1754051086.33746,0,-6,-132
1754051086.37546,1,0,-125
1754051086.41346,-4,-1,-126
1754051086.45246,0,5,-131
1754051086.4904602,-1,2,-134
1754051086.53446,0,0,-124
1754051086.57346,-2,0,-119
1754051086.6114602,-1,1,-120
1754051086.64746,-3,-6,-128
1754051086.68546,-7,2,-108
1754051086.7234602,0,0,-126
1754051086.76246,-7,0,-119
1754051086.80046,2,2,-117
1754051086.83646,0,4,-118
1754051086.87346,2,3,-119
1754051086.91246,-7,-2,-122
1754051086.9504602,0,-5,-115
1754051086.9864602,-2,0,-116
1754051087.02346,5,0,-122
1754051087.0624602,3,0,-131
1754051087.10046,0,0,-120
1754051087.13646,1,4,-130
1754051087.17346,4,0,-130
1754051087.21246,6,-3,-125
1754051087.25046,-5,-1,-119
1754051087.2864602,1,-3,-124
1754051087.32446,0,-6,-130
1754051087.36246,-2,-6,-119
1754051087.4014602,-3,-2,-119
1754051087.4374602,0,0,-132
1754051087.47546,1,2,-129
1754051087.5134602,-3,-7,-124
1754051087.5524602,-1,-4,-129
1754051087.5884602,-3,-1,-135
1754051087.62646,0,-4,-120
1754051087.6644602,6,0,-118
1754051087.70246,-3,6,-119
1754051087.74146,2,1,-122
1754051087.77746,2,2,-124
1754051087.81446,-4,0,-127
1754051087.85246,-5,-1,-117
1754051087.8914602,1,-8,-122
1754051087.9274602,0,-2,-127
1754051087.96546,3,-6,-125
1754051088.0034602,-1,-7,-114
1754051088.0424602,-3,-1,-113
1754051088.07846,-4,0,-114
1754051088.11646,3,-1,-118
1754051088.1544602,0,-8,-118
1754051088.19346,-5,-8,-135
1754051088.23146,-5,-4,-117
1754051088.26846,2,3,-115
1754051088.30546,5,7,-127
1754051088.34346,4,6,-114
1754051088.38246,-2,2,-120
1754051088.41846,1,-2,-121
1754051088.45646,-1,-1,-127
1754051088.49446,-1,-3,-125
1754051088.53346,1,0,-128
1754051088.57146,0,-4,-118
1754051088.60746,-3,-2,-122
1754051088.64546,-5,0,-119
1754051088.68346,2,5,-120
1754051088.72246,0,-5,-116
1754051088.75846,0,0,-116
1754051088.79546,-6,8,-120
1754051088.83346,-4,0,-117
1754051088.87246,4,4,-119
1754051088.90846,2,2,-121
1754051088.94546,0,3,-118
1754051088.9834602,-1,0,-131
1754051089.02246,-1,-4,-130
1754051089.05846,-3,-3,-124
1754051089.09646,7,-3,-121
1754051089.1344602,6,-3,-125
1754051089.17346,6,-2,-119
1754051089.21146,-5,-3,-114
1754051089.24746,-4,-1,-104
1754051089.28546,2,3,-121
1754051089.32346,3,0,-122
1754051089.36246,-7,4,-122
1754051089.39846,-5,4,-114
1754051089.43646,-2,-5,-112
1754051089.47446,4,-10,-116
1754051089.5134602,1,3,-118
1754051089.5494602,1,6,-120
1754051089.58646,1,3,-129
1754051089.62446,7,-2,-117
1754051089.66346,1,-3,-126
1754051089.69946,0,-2,-108
1754051089.73746,-2,0,-120
1754051089.77546,0,-1,-125
1754051089.81346,0,0,-118
1754051089.85246,-1,-1,-120
1754051089.8884602,-2,-3,-123
1754051089.92646,3,0,-128
1754051089.96446,3,-6,-128
1754051090.0034602,0,-6,-125
1754051090.0394602,1,0,-121
1754051090.07646,0,-6,-111
1754051090.11446,0,-4,-104
1754051090.15346,7,-3,-120
1754051090.18946,6,0,-115
1754051090.22646,-1,-2,-118
1754051090.26446,1,-7,-131
1754051090.30346,-5,-4,-125
1754051090.33946,-3,-9,-122
1754051090.37746,2,-1,-111
1754051090.41546,-2,2,-114
1754051090.45446,0,0,-116
1754051090.49246,-3,5,-109
1754051090.52846,-7,0,-122
1754051090.56646,-6,-3,-119
1754051090.6054602,-6,-3,-124
1754051090.64346,1,-6,-116
1754051090.67946,-1,-7,-132
1754051090.71846,3,0,-131
1754051090.75546,0,2,-120
1754051090.79446,0,-2,-128
1754051090.8324602,1,6,-119
1754051090.8684602,3,0,-119
1754051090.90546,3,-3,-114
1754051090.9444602,7,0,-119
1754051090.98246,0,-6,-123
1754051091.01846,1,-1,-123
1754051091.05646,8,-1,-117
1754051091.09446,2,3,-125
1754051091.13346,1,3,-127
1754051091.16946,4,2,-120
1754051091.20846,11,-7,-113
1754051091.24546,3,-3,-121
1754051091.28446,3,-2,-116
1754051091.3224602,5,-5,-119
1754051091.3584602,10,-2,-116
1754051091.39746,7,0,-114
1754051091.4344602,6,5,-113
1754051091.4734602,-1,-3,-115
1754051091.5094602,-6,-9,-124
1754051091.54746,-8,-5,-120
1754051091.5854602,-2,0,-123
1754051091.62446,8,4,-116
1754051091.66046,9,0,-109
1754051091.6974602,4,-3,-109
1754051091.73546,3,-5,-122
1754051091.77446,0,-5,-125
1754051091.81046,-1,-6,-116
1754051091.8484602,-5,-2,-121
1754051091.88646,0,0,-117
1754051091.92546,5,-4,-124
1754051091.9634602,2,1,-113
1754051091.99946,8,-3,-113
1754051092.03746,6,5,-111
1754051092.0754602,3,2,-119
1754051092.11446,1,1,-125
1754051092.15346,3,1,-122
1754051092.18946,0,-2,-118
1754051092.22746,1,-3,-136
1754051092.26546,0,1,-124
1754051092.30446,-2,0,-130
1754051092.34046,-4,0,-122
1754051092.3784602,-4,0,-127
1754051092.4174602,-4,-1,-126
1754051092.45546,0,-3,-119
1754051092.4934602,-8,-7,-120
1754051092.5294602,-6,-4,-124
1754051092.56746,-4,2,-118
1754051092.6054602,0,-2,-128
1754051092.6444602,3,1,-116
1754051092.68046,3,1,-126
1754051092.7174602,3,4,-122
1754051092.75546,7,-1,-116
1754051092.79446,-6,1,-122
1754051092.83046,5,-2,-125
1754051092.8684602,2,-1,-125
1754051092.90646,3,-5,-104
1754051092.94546,4,-3,-116
1754051092.9834602,3,-3,-121
1754051093.0194602,2,1,-129
1754051093.05646,0,-1,-132
1754051093.0954602,-3,-6,-126
1754051093.13346,-1,-2,-127
1754051093.16946,0,-3,-120
1754051093.20646,-1,-4,-114
1754051093.24546,4,-2,-116
1754051093.28346,4,-2,-113
1754051093.3194602,0,-7,-122
1754051093.35646,-8,-2,-123
1754051093.39546,-2,-9,-118
1754051093.43346,3,-3,-117
1754051093.46946,0,0,-114
1754051093.5064602,0,-3,-127
1754051093.54546,-5,-5,-125
1754051093.58346,-3,-3,-123
1754051093.62046,2,-5,-117
1754051093.65846,1,-3,-103
1754051093.69646,1,0,-126
1754051093.73546,-3,-1,-109
1754051093.77146,-6,-7,-118
1754051093.8094602,-7,-9,-123
1754051093.84746,0,-2,-131
1754051093.88646,12,-11,-128
1754051093.9244602,-1,-9,-116
1754051093.9604602,-2,-4,-116
1754051093.99846,5,0,-129
1754051094.03746,-1,-4,-124
1754051094.0754602,0,-4,-124
1754051094.1114602,9,-5,-131
1754051094.15046,6,-9,-120
1754051094.1874602,4,-9,-111
1754051094.22546,6,2,-123
1754051094.26446,1,0,-125
1754051094.30046,-3,1,-116
1754051094.3384602,0,1,-113
1754051094.37646,5,-5,-113
1754051094.41546,-2,-12,-128
1754051094.45146,0,-11,-117
1754051094.48946,4,1,-100
1754051094.52746,4,-1,-125
1754051094.56646,2,1,-130
1754051094.60446,1,0,-139
1754051094.64046,3,-6,-132
1754051094.67946,2,-3,-118
1754051094.71646,-3,3,-119
1754051094.75546,4,1,-128
1754051094.79146,0,2,-122
1754051094.82846,1,0,-123
1754051094.86646,0,-1,-124
1754051094.90546,2,5,-121
1754051094.94146,-1,0,-119
1754051094.97946,0,-10,-125
1754051095.01746,10,-7,-116
1754051095.05646,0,-8,-120
1754051095.09446,5,-8,-121
1754051095.13046,10,-4,-116
1754051095.16846,3,0,-122
1754051095.20646,2,-1,-112
1754051095.24546,-4,3,-123
1754051095.28146,-4,2,-122
1754051095.32046,-3,-7,-132
1754051095.35746,4,3,-123
1754051095.39646,5,2,-121
1754051095.4344602,0,-4,-121
1754051095.47146,3,-5,-116
1754051095.5094602,-1,-1,-119
1754051095.54746,-2,0,-114
1754051095.58646,-3,-1,-122
1754051095.62246,-2,-1,-124
1754051095.66046,6,-1,-131
1754051095.69946,9,-9,-121
1754051095.7364602,6,-3,-133
1754051095.77546,-1,-5,-129
1754051095.81146,-6,-1,-124
1754051095.84946,-5,2,-122
1754051095.88746,-3,-5,-124
1754051095.92646,1,-1,-122
1754051095.96246,5,-4,-124
1754051096.00046,8,0,-127
1754051096.03846,5,-3,-121
1754051096.07646,5,-3,-118
1754051096.1154602,5,-4,-131
1754051096.1514602,2,2,-127
1754051096.18946,2,2,-127
1754051096.22746,9,0,-132
1754051096.2664602,1,-1,-127
1754051096.3024602,-3,0,-124
1754051096.34046,1,3,-122
1754051096.3784602,4,-2,-135
1754051096.41646,2,-3,-128
1754051096.45546,-1,3,-124
1754051096.49146,0,1,-122
1754051096.53746,1,3,-113
1754051096.5754602,-1,-4,-124
1754051096.61246,2,3,-110
1754051096.64946,5,1,-124
1754051096.6874602,4,4,-137
1754051096.72646,0,-2,-131
1754051096.76246,0,-7,-134
1754051096.80046,2,5,-118
1754051096.8384602,4,2,-108
1754051096.87746,5,-3,-121
1754051096.91546,-4,-5,-118
1754051096.95146,-3,-3,-112
1754051096.98946,0,-5,-123
1754051097.02746,-2,0,-117
1754051097.06646,-2,-1,-127
1754051097.10246,2,4,-113
1754051097.14046,0,3,-122
1754051097.17846,-3,-3,-120
1754051097.2174602,-5,-2,-126
1754051097.25546,1,-3,-120
1754051097.29146,7,-2,-111
1754051097.32946,2,0,-120
1754051097.36746,5,0,-124
1754051097.40646,6,1,-122
1754051097.44246,4,-5,-119
1754051097.4804602,-5,-7,-124
1754051097.51846,2,-7,-138
1754051097.55746,2,-5,-136
1754051097.59346,-2,1,-126
1754051097.63246,2,-1,-125
1754051097.66946,0,-8,-128
1754051097.7074602,1,-9,-123
1754051097.7464602,4,-3,-127
1754051097.7824602,5,-5,-127
1754051097.82046,1,-5,-122
1754051097.8584602,4,-10,-133
1754051097.89746,0,-5,-120
1754051097.9344602,2,-5,-121
1754051097.97246,-8,-4,-122
1754051098.01046,2,-5,-116
1754051098.04846,2,-7,-117
1754051098.08646,0,-1,-127
1754051098.12246,0,0,-122
1754051098.15946,7,-4,-130
1754051098.19846,7,2,-131
1754051098.2364602,6,-2,-122
1754051098.27246,7,-6,-133
1754051098.31146,8,1,-119
1754051098.3484602,7,3,-114
1754051098.38746,0,-5,-115
1754051098.42346,-4,1,-119
1754051098.46146,3,6,-137
1754051098.49946,0,0,-138
1754051098.53846,1,-5,-142
1754051098.57646,1,-3,-121
1754051098.61246,5,-3,-125
1754051098.65046,1,-3,-120
1754051098.68946,2,-3,-118
1754051098.72746,2,-7,-117
1754051098.7634602,13,-5,-124
1754051098.80146,3,-7,-105
1754051098.83946,6,-4,-114
1754051098.8784602,3,-3,-114
1754051098.91646,7,0,-124
1754051098.95246,2,0,-119
1754051098.98946,-3,-3,-128
1754051099.02846,-1,-6,-118
1754051099.06646,-10,-4,-116
1754051099.10246,-10,-6,-129
1754051099.14046,-1,0,-123
1754051099.17846,2,0,-116
1754051099.2174602,6,-3,-130
1754051099.2534602,-1,0,-126
1754051099.29146,2,-1,-118
1754051099.32946,2,0,-131
1754051099.3684602,5,0,-124
1754051099.40646,7,-1,-123
1754051099.44246,7,0,-126
1754051099.47946,3,-4,-118
1754051099.51846,0,-1,-131
1754051099.55646,0,-4,-131
1754051099.5924602,-3,-6,-118
1754051099.6314602,-1,2,-113
1754051099.66846,-1,6,-125
1754051099.7074602,-1,2,-120
1754051099.7434602,-1,3,-119
1754051099.78146,-5,2,-126
1754051099.8194602,0,0,-126
1754051099.8584602,-1,3,-125
1754051099.8944602,-11,2,-119
1754051099.93246,1,0,-108
1754051099.9704602,1,0,-119
1754051100.00846,3,4,-118
1754051100.04746,0,1,-123
1754051100.08346,-2,1,-120
1754051100.1214602,1,0,-115
1754051100.15946,4,-4,-104
1754051100.19846,3,0,-123
1754051100.23446,1,-4,-121
1754051100.27246,0,-1,-129
1754051100.31046,4,-7,-126
1754051100.3484602,-1,3,-128
1754051100.38746,2,1,-121
1754051100.42346,2,1,-124
1754051100.4604602,-4,-5,-127
1754051100.49846,-1,-5,-117
1754051100.53746,4,0,-116
1754051100.57346,-5,1,-124
1754051100.6114602,0,1,-113
1754051100.65046,2,-4,-133
1754051100.68846,11,1,-118
1754051100.72446,6,0,-112
1754051100.76146,11,-3,-118
1754051100.7994602,5,-2,-120
1754051100.8384602,-1,0,-125
1754051100.87446,8,-3,-127
1754051100.91246,3,-2,-130
1754051100.9504602,5,-4,-116
1754051100.98946,0,-2,-120
1754051101.02746,3,-4,-120
1754051101.06346,1,-3,-121
1754051101.10146,0,-3,-124
1754051101.13946,3,2,-130
1754051101.17846,4,-1,-120
1754051101.21446,2,-1,-118
1754051101.25246,0,2,-128
1754051101.29046,6,2,-121
1754051101.32946,4,1,-126
1754051101.36746,0,-2,-122
1754051101.40346,-4,0,-122
1754051101.44146,7,1,-132
1754051101.47946,-3,1,-134
1754051101.51846,-2,-3,-117
1754051101.55446,-3,-1,-111
1754051101.5924602,0,-3,-106
1754051101.63046,2,-4,-111
1754051101.66946,-2,-2,-122
1754051101.7074602,3,-2,-108
1754051101.7434602,2,-6,-116
1754051101.78146,0,-3,-118
1754051101.8194602,0,2,-118
1754051101.8584602,6,0,-123
1754051101.8944602,5,-1,-121
1754051101.93246,-4,7,-124
1754051101.9704602,0,-1,-115
1754051102.0094602,2,-3,-112
1754051102.04546,-1,0,-113
1754051102.08346,2,-4,-119
1754051102.1214602,1,0,-123
1754051102.15946,-3,-1,-116
1754051102.19846,0,-2,-120
1754051102.23446,-5,1,-117
1754051102.27246,-2,4,-123
1754051102.31046,-1,0,-132
1754051102.34946,0,0,-118
1754051102.38546,-2,0,-117
1754051102.42246,-1,-2,-121
1754051102.4604602,0,-1,-126
1754051102.49946,2,-1,-118
1754051102.53546,2,2,-117
1754051102.5724602,-2,0,-120
1754051102.61046,-1,-8,-130
1754051102.64946,3,-8,-126
1754051102.68546,-2,0,-133
1754051102.72246,8,-2,-127
1754051102.76046,4,0,-121
1754051102.7994602,-1,2,-120
1754051102.8354602,-4,-1,-129
1754051102.87346,-7,0,-126
1754051102.9114602,4,-2,-118
1754051102.9504602,0,-6,-123
1754051102.98846,8,1,-123
1754051103.02446,-6,0,-122
1754051103.0624602,1,-4,-120
1754051103.10146,-7,-4,-118
1754051103.13946,-2,-4,-126
1754051103.17546,-5,-2,-120
1754051103.2134602,0,-2,-134
1754051103.25146,6,1,-120
1754051103.29046,1,-1,-124
1754051103.32846,-3,-6,-117
1754051103.36446,-5,-5,-126
1754051103.40246,3,-6,-118
1754051103.4404602,-3,-5,-121
1754051103.47946,3,-2,-112
1754051103.51546,-1,-1,-119
1754051103.55346,2,1,-111
1754051103.59146,5,-8,-131
1754051103.63046,-6,1,-128
1754051103.66846,-8,0,-121
1754051103.70446,0,1,-125
1754051103.74146,3,7,-115
1754051103.78046,1,0,-130
1754051103.81846,-2,0,-140
1754051103.85446,-1,0,-130
1754051103.89246,-1,3,-119
1754051103.93046,0,0,-119
1754051103.96946,0,0,-122
1754051104.00546,-5,0,-122
1754051104.04346,-3,-8,-116
1754051104.08146,7,-7,-116
1754051104.12046,7,0,-110
1754051104.15646,6,1,-114
1754051104.19346,1,-7,-121
1754051104.23146,-3,-4,-133
1754051104.27046,0,-1,-138
1754051104.30646,-5,-3,-135
1754051104.34446,-1,3,-133
1754051104.38346,2,-2,-127
1754051104.4214602,5,1,-140
1754051104.45946,12,7,-135
1754051104.49546,9,2,-120
1754051104.53346,0,4,-117
1754051104.57146,-1,3,-121
1754051104.61046,-2,-1,-124
1754051104.64646,-7,0,-120
1754051104.68346,2,0,-114
1754051104.72146,0,-5,-117
1754051104.76046,7,-2,-115
1754051104.7964602,4,3,-128
1754051104.83446,-2,0,-118
1754051104.8714602,-4,-1,-114
1754051104.91046,1,-1,-112
1754051104.94646,1,0,-113
1754051104.98446,4,0,-120
1754051105.02246,-3,-2,-113
1754051105.06146,-4,0,-119
1754051105.09946,-4,0,-116
1754051105.13546,-4,1,-113
1754051105.17346,-8,-1,-120
1754051105.21146,-9,0,-115
1754051105.25046,-3,-2,-116
1754051105.2864602,1,-2,-116
1754051105.32446,2,0,-117
1754051105.36246,0,2,-121
1754051105.4014602,0,3,-119
1754051105.43946,0,6,-118
1754051105.47546,0,2,-127
1754051105.51246,0,-2,-125
1754051105.55146,8,0,-118
1754051105.58946,1,-2,-113
1754051105.62546,0,-5,-113
1754051105.66346,2,5,-124
1754051105.70146,0,0,-124
1754051105.7404602,7,0,-122
1754051105.7764602,-4,1,-125
1754051105.81446,-5,-4,-110
1754051105.85246,-1,-3,-117
1754051105.8914602,1,3,-127
1754051105.9274602,-1,8,-130
1754051105.96546,-2,3,-128
1754051106.0034602,-8,5,-122
1754051106.04146,-2,-6,-122
1754051106.08046,-7,-5,-125
1754051106.11646,-1,-3,-122
1754051106.15546,0,0,-125
1754051106.19346,-6,3,-120
1754051106.23146,6,1,-125
1754051106.26746,2,8,-122
1754051106.30546,-1,5,-130
1754051106.3424602,1,0,-120
1754051106.3814602,1,-1,-121
1754051106.41846,1,-4,-120
1754051106.45546,1,-1,-125
1754051106.4934602,5,-11,-128
1754051106.53846,-1,0,-124
1754051106.57646,0,4,-131
1754051106.61346,5,-1,-121
1754051106.6514602,-2,1,-125
1754051106.6904602,-3,-6,-126
1754051106.72646,0,-7,-122
1754051106.76446,3,-7,-123
1754051106.8024602,4,-4,-121
1754051106.84146,3,-1,-121
1754051106.87746,0,2,-125
1754051106.9144602,0,1,-117
1754051106.95246,6,0,-123
1754051106.99146,8,4,-115
1754051107.02746,5,7,-123
1754051107.06646,-3,2,-124
1754051107.10346,3,0,-135
1754051107.14246,-2,-1,-124
1754051107.18046,4,-4,-135
1754051107.21646,8,-6,-127
1754051107.25446,4,2,-132
1754051107.2924602,-3,1,-118
1754051107.33146,-2,-4,-116
1754051107.36746,6,3,-107
1754051107.40546,3,2,-117
1754051107.44246,1,0,-116
1754051107.48146,-4,-3,-121
1754051107.51846,1,-5,-125
1754051107.55546,-7,-2,-122
1754051107.59346,8,0,-123
1754051107.63246,2,-5,-118
1754051107.67046,0,-5,-133
1754051107.70646,4,-1,-119
1754051107.74446,13,-1,-118
1754051107.7824602,1,3,-118
1754051107.82146,-3,-2,-120
1754051107.85746,-4,3,-123
1754051107.89546,1,0,-128
1754051107.93346,5,-3,-124
1754051107.97246,0,-2,-128
1754051108.00846,-1,1,-134
1754051108.0464602,-2,-1,-135
1754051108.0854602,-5,-5,-127
1754051108.12246,0,9,-119
1754051108.1614602,-6,6,-117
1754051108.1974602,0,2,-119
1754051108.23546,-1,-4,-129
1754051108.27246,-4,-5,-121
1754051108.31146,-3,-6,-127
1754051108.34746,-3,-8,-126
1754051108.38546,-3,-2,-123
1754051108.42346,6,-3,-127
1754051108.46246,0,-3,-128
1754051108.49846,3,-2,-121
1754051108.5364602,1,-2,-117
1754051108.57446,-1,0,-126
1754051108.61246,-1,1,-125
1754051108.6514602,-3,1,-133
1754051108.6874602,-3,-3,-124
1754051108.72546,-1,-5,-125
1754051108.76446,-3,4,-122
1754051108.8024602,0,0,-117
1754051108.8384602,0,-4,-112
1754051108.87646,2,-6,-122
1754051108.9144602,11,-2,-118
1754051108.95346,4,-3,-118
1754051108.99146,0,3,-123
1754051109.02746,-4,3,-127
1754051109.0654602,-7,1,-112
1754051109.10346,6,-4,-128
1754051109.14246,7,-5,-127
1754051109.17846,7,-9,-117
1754051109.2174602,-5,-5,-107
1754051109.25446,1,-4,-110
1754051109.29346,-1,-1,-121
1754051109.33146,0,-2,-127
1754051109.3684602,-1,-9,-129
1754051109.40546,-5,-4,-128
1754051109.4444602,3,-10,-125
1754051109.48246,1,-5,-137
1754051109.5194602,4,-9,-131
1754051109.55646,6,-7,-128
1754051109.59446,-2,3,-116
1754051109.63346,-1,1,-128
1754051109.6714602,1,-6,-125
1754051109.7074602,7,-5,-112
1754051109.74546,5,-1,-120
1754051109.78446,2,-5,-113
1754051109.8224602,0,-5,-124
1754051109.8584602,-3,-8,-125
1754051109.89646,2,-8,-130
1754051109.93546,0,4,-131
1754051109.9734602,-8,7,-137
1754051110.01146,2,0,-135
1754051110.04746,-4,-6,-130
1754051110.08646,-2,-2,-124
1754051110.12346,0,-2,-125
1754051110.16246,-4,0,-120
1754051110.19846,-8,2,-141
1754051110.2364602,0,-4,-129
1754051110.27446,1,1,-119
1754051110.31346,-2,-1,-122
1754051110.34946,0,-3,-120
1754051110.38746,-5,-5,-121
1754051110.42546,0,-2,-117
1754051110.4634602,6,7,-114
1754051110.50246,3,6,-118
1754051110.53846,-1,4,-116
1754051110.57646,-3,-3,-112
1754051110.61446,0,-5,-120
1754051110.65346,4,0,-122
1754051110.68946,3,1,-121
1754051110.72646,2,0,-122
1754051110.76546,3,-5,-125
1754051110.80346,10,-1,-120
1754051110.83946,1,-5,-115
1754051110.8784602,-2,-1,-124
1754051110.91546,-1,0,-121
1754051110.95446,-4,-4,-111
1754051110.99246,1,-4,-122
1754051111.02846,6,2,-124
1754051111.0654602,1,-6,-133
1754051111.10446,2,3,-133
1754051111.14246,1,-4,-118
1754051111.17846,5,-4,-131
1754051111.21646,8,-7,-129
1754051111.25446,4,-5,-117
1754051111.29346,-2,-2,-119
1754051111.32946,2,-7,-114
1754051111.36746,-4,0,-114
1754051111.40546,-3,2,-125
1754051111.4444602,1,-10,-128
1754051111.48246,0,3,-124
1754051111.51846,1,-1,-130
1754051111.55646,6,-1,-126
1754051111.59446,-1,0,-124
1754051111.63346,-5,0,-119
1754051111.66946,-3,2,-115
1754051111.7074602,-3,-1,-122
1754051111.74546,3,3,-129
1754051111.78446,-4,1,-123
1754051111.8224602,-4,-1,-121
1754051111.8584602,3,3,-127
1754051111.89546,0,1,-130
1754051111.9344602,1,-4,-132
1754051111.97246,-3,-4,-126
1754051112.00846,2,2,-127
1754051112.04546,2,0,-114
1754051112.08446,-3,3,-118
1754051112.12046,-4,-4,-128
1754051112.15846,3,0,-126
1754051112.19646,1,3,-113
1754051112.23446,4,-3,-124
1754051112.27346,2,-3,-123
1754051112.3094602,-2,0,-123
1754051112.34746,4,0,-115
1754051112.38546,9,3,-111
1754051112.4244602,7,4,-121
1754051112.4604602,7,5,-126
1754051112.49946,8,1,-120
1754051112.53746,8,0,-121
1754051112.57446,5,-6,-111
1754051112.61346,-6,-7,-113
1754051112.64946,-2,1,-115
1754051112.6874602,1,-1,-120
1754051112.72546,-4,-2,-122
1754051112.76446,-6,-2,-121
1754051112.80046,-1,5,-126
1754051112.8384602,-4,1,-120
1754051112.87646,-2,-2,-130
1754051112.9144602,-6,0,-134
1754051112.95346,-7,-3,-119
1754051112.98946,-5,-3,-126
1754051113.02746,-2,-5,-123
1754051113.06646,-3,0,-116
1754051113.10446,1,7,-124
1754051113.14046,0,-1,-122
1754051113.17946,-4,-3,-115
1754051113.21646,-1,0,-113
1754051113.25546,-4,-5,-130
1754051113.29346,-3,0,-115
1754051113.32946,-6,0,-117
1754051113.36646,1,4,-127
1754051113.40546,0,-1,-117
1754051113.44346,3,-3,-131
1754051113.47946,-2,-1,-131
1754051113.51746,1,0,-111
1754051113.55546,1,0,-127
1754051113.59446,-2,0,-121
1754051113.63046,0,0,-121
1754051113.6674602,0,4,-117
1754051113.70546,5,-4,-119
1754051113.74446,-4,-8,-126
1754051113.78046,-3,-2,-126
1754051113.8194602,0,2,-124
1754051113.85646,5,-1,-123
1754051113.89546,-8,0,-121
1754051113.93346,0,-1,-121
1754051113.96946,-2,0,-124
1754051114.00746,-4,1,-120
1754051114.0464602,-3,3,-120
1754051114.08446,3,1,-112
1754051114.12046,2,0,-114
1754051114.15846,1,-2,-126
1754051114.19646,-1,0,-118
1754051114.23546,-8,-1,-117
1754051114.27146,2,-3,-120
1754051114.3094602,6,-4,-123
1754051114.34746,13,0,-128
1754051114.38546,0,-7,-126
1754051114.4244602,6,-4,-116
1754051114.4604602,5,-10,-115
1754051114.49846,0,-4,-109
1754051114.5364602,4,2,-117
1754051114.5754602,5,4,-122
1754051114.6114602,0,5,-129
1754051114.64846,0,0,-119
1754051114.68646,-5,1,-125
1754051114.72546,-5,-2,-116
1754051114.76146,0,-3,-124
1754051114.80046,-4,0,-121
1754051114.83746,2,-5,-128
1754051114.87546,0,0,-132
1754051114.9144602,-5,8,-133
1754051114.9504602,1,8,-123
1754051114.98846,0,5,-117
1754051115.0264602,-2,4,-113
1754051115.0654602,0,0,-117
1754051115.10146,2,-2,-116
1754051115.13946,9,0,-123
1754051115.1774602,9,2,-127
1754051115.21646,5,0,-130
1754051115.25446,3,6,-133
1754051115.29046,4,0,-131
1754051115.32746,0,2,-123
1754051115.36646,2,-4,-124
1754051115.4044602,2,2,-125
1754051115.4404602,5,-2,-115
1754051115.47846,3,-4,-119
1754051115.51746,0,-3,-124
1754051115.55546,-2,-2,-117
1754051115.59146,5,-1,-130
1754051115.63046,2,-1,-134
1754051115.6674602,3,-2,-133
1754051115.70646,0,-4,-132
1754051115.74446,-4,0,-119
1754051115.78046,0,-3,-128
1754051115.81846,-4,-3,-135
1754051115.85646,-3,-6,-129
1754051115.89546,5,0,-125
1754051115.93146,7,1,-126
1754051115.96846,3,0,-126
1754051116.0064602,2,0,-122
1754051116.04546,-2,0,-132
1754051116.08146,2,-9,-141
1754051116.11946,6,-9,-133
1754051116.15846,3,0,-135
1754051116.19646,8,4,-118
1754051116.23446,3,0,-121
1754051116.27046,-3,-2,-126
1754051116.30846,-6,0,-115
1754051116.34746,-2,3,-126
1754051116.38546,-4,6,-124
1754051116.4214602,0,8,-129
1754051116.45846,7,-1,-116
1754051116.49746,9,-1,-115
1754051116.54046,10,1,-119
1754051116.57846,4,5,-128
1754051116.61746,2,-3,-124
1754051116.65546,-2,-5,-117
1754051116.69146,-3,-2,-112
1754051116.7304602,0,3,-121
1754051116.76746,0,1,-130
1754051116.80646,-6,2,-130
1754051116.8424602,3,1,-135
1754051116.87946,3,2,-126
1754051116.9174602,0,2,-121
1754051116.95646,6,-3,-128
1754051116.99246,6,1,-135
1754051117.0294602,3,-3,-129
1754051117.06746,1,-3,-122
1754051117.10646,-1,2,-115
1754051117.14246,2,-4,-115
1754051117.18046,-1,-10,-121
1754051117.21846,-8,-2,-122
1754051117.25746,-4,-1,-133
1754051117.29546,0,0,-124
1754051117.33146,-2,0,-120
1754051117.36946,-1,-2,-120
1754051117.4074602,-4,-1,-122
1754051117.44646,-8,-2,-121
1754051117.48246,0,-4,-118
1754051117.52046,2,-3,-116
1754051117.55846,8,-5,-122
1754051117.59746,5,-1,-131
1754051117.63546,0,2,-122
1754051117.6714602,6,-5,-131
1754051117.70946,2,1,-120
1754051117.74746,2,-2,-116
1754051117.7864602,6,1,-113
1754051117.8224602,9,6,-118
1754051117.85946,5,-1,-123
1754051117.89746,-3,0,-124
1754051117.93646,2,0,-115
1754051117.97246,10,-1,-129
1754051118.01046,0,-2,-114
1754051118.04846,3,-6,-115
1754051118.08746,0,-4,-124
1754051118.12546,4,6,-118
1754051118.1614602,1,2,-114
1754051118.19946,0,-6,-119
1754051118.23746,9,0,-119
1754051118.2764602,-2,-5,-126
1754051118.3124602,-5,0,-127
1754051118.35146,3,0,-129
1754051118.3884602,14,6,-128
1754051118.4274602,3,0,-115
1754051118.4634602,3,0,-125
1754051118.50146,0,-2,-126
1754051118.5394602,-1,-2,-123
1754051118.57746,7,2,-123
1754051118.61646,5,3,-121
1754051118.65246,4,4,-121
1754051118.6904602,7,-1,-127
1754051118.72846,4,1,-118
1754051118.76746,8,-3,-119
1754051118.80346,4,-2,-119
1754051118.8424602,2,2,-126
1754051118.87946,0,0,-123
1754051118.91846,-3,-2,-117
1754051118.95646,5,-3,-121
1754051118.99246,8,-2,-122
1754051119.03146,7,-9,-115
1754051119.06846,8,-12,-125
1754051119.10746,6,-2,-113
1754051119.14346,8,0,-117
1754051119.18146,-1,0,-113
1754051119.21846,-6,-1,-118
1754051119.25746,2,1,-115
1754051119.29346,1,0,-112
1754051119.33146,-1,-2,-113
1754051119.3684602,3,-4,-122
1754051119.4074602,2,-2,-123
1754051119.44346,0,-4,-138
1754051119.48146,7,1,-122
1754051119.51846,3,0,-119
1754051119.55746,10,0,-119
1754051119.59346,3,2,-126
1754051119.6314602,4,1,-122
1754051119.66846,10,-1,-122
1754051119.7074602,6,0,-130
1754051119.7434602,3,-5,-128
1754051119.78146,-5,-7,-115
1754051119.8194602,0,-2,-121
1754051119.8584602,0,-6,-118
1754051119.89646,2,-2,-113
1754051119.93246,0,-2,-118
1754051119.9704602,-7,-6,-118
1754051120.00846,0,-1,-114
1754051120.04746,-9,1,-121
1754051120.08346,-3,-9,-117
1754051120.12246,1,-1,-121
1754051120.15946,2,0,-116
1754051120.19846,0,-4,-118
1754051120.2364602,-2,1,-125
1754051120.27246,2,-7,-114
1754051120.31046,4,-6,-124
1754051120.3484602,5,-3,-128
1754051120.38746,1,3,-129
1754051120.42346,-1,3,-117
1754051120.46146,-3,0,-119
1754051120.49946,0,-3,-127
1754051120.53846,5,0,-133
1754051120.57446,9,4,-125
1754051120.61346,5,-2,-125
1754051120.65046,-4,-1,-120
1754051120.68946,-3,-4,-112
1754051120.72746,6,-5,-127
1754051120.7634602,5,0,-122
1754051120.80046,0,-5,-118
1754051120.83946,6,-2,-120
1754051120.87746,-6,-2,-126
1754051120.91346,-4,-1,-124
1754051120.95146,-9,-2,-128
1754051120.98946,-2,6,-122
1754051121.02846,-3,-2,-120
1754051121.06446,-1,0,-111
1754051121.10246,0,-6,-116
1754051121.14046,0,-1,-127
1754051121.17846,3,-4,-129
1754051121.2174602,-3,1,-120
1754051121.2534602,-4,0,-121
1754051121.29146,-2,-1,-116
1754051121.32946,-5,0,-116
1754051121.3684602,-6,-9,-111
1754051121.4044602,0,0,-111
1754051121.44146,4,9,-120
1754051121.47946,-4,0,-110
1754051121.51846,7,-3,-106
1754051121.55446,3,0,-111
1754051121.59146,0,-2,-114
1754051121.62946,0,-3,-131
1754051121.66846,-1,-2,-119
1754051121.70446,-8,-1,-128
1754051121.74246,-5,0,-126
1754051121.78146,1,-3,-121
1754051121.8194602,-5,-5,-131
1754051121.85746,-7,-7,-126
1754051121.89346,0,-6,-138
1754051121.93146,-6,-5,-131
1754051121.96946,1,0,-122
1754051122.00846,3,1,-119
1754051122.04446,1,2,-122
1754051122.08146,5,1,-112
1754051122.11946,0,2,-117
1754051122.15846,-4,0,-113
1754051122.1944602,1,4,-113
1754051122.23146,1,-1,-118
1754051122.2694602,4,-4,-119
1754051122.30846,0,-5,-112
1754051122.34446,3,-8,-127
1754051122.38246,0,-1,-114
1754051122.42046,0,-6,-127
1754051122.45946,-1,-4,-122
1754051122.49546,0,-1,-126
1754051122.53346,1,-2,-130
1754051122.5724602,0,0,-124
1754051122.60946,0,-1,-119
1754051122.64846,5,-6,-120
1754051122.6844602,3,-2,-117
1754051122.72246,-5,-7,-122
1754051122.76046,1,-3,-122
1754051122.7994602,4,0,-116
1754051122.8354602,-10,2,-125
1754051122.87346,-3,4,-112
1754051122.9114602,1,-5,-117
1754051122.94946,-1,-4,-123
1754051122.98846,0,3,-133
1754051123.02446,-1,4,-133
1754051123.0624602,-4,2,-117
1754051123.10046,0,-1,-114
1754051123.13946,2,0,-116
1754051123.17546,0,-6,-124
1754051123.2134602,3,-9,-115
1754051123.25246,3,-5,-117
1754051123.2894602,4,-6,-116
1754051123.32846,-1,-4,-116
1754051123.36446,4,-6,-120
1754051123.40246,1,-6,-118
1754051123.4404602,0,5,-128
1754051123.47946,1,2,-125
1754051123.51546,6,0,-121
1754051123.5524602,7,1,-120
1754051123.59046,8,-8,-116
1754051123.62946,-1,-7,-120
1754051123.66546,-3,-1,-117
1754051123.70346,-3,-2,-121
1754051123.74146,5,-1,-123
1754051123.78046,4,-2,-126
1754051123.81846,4,-1,-122
1754051123.85446,2,0,-128
1754051123.8914602,9,6,-122
1754051123.93046,6,2,-130
1754051123.96846,10,4,-127
1754051124.00446,5,1,-117
1754051124.0424602,5,8,-116
1754051124.08046,-7,1,-113
1754051124.11946,-2,-4,-121
1754051124.15546,5,-8,-123
1754051124.19346,4,2,-127
1754051124.23146,0,-1,-124
1754051124.27046,1,-7,-130
1754051124.30846,7,-5,-133
1754051124.34446,-6,1,-129
1754051124.38246,-3,1,-125
1754051124.42046,0,2,-133
1754051124.45946,-4,2,-119
1754051124.49546,0,3,-117
1754051124.5324602,3,-6,-115
1754051124.57046,10,-1,-123
1754051124.60946,6,2,-121
1754051124.64546,2,8,-113
1754051124.68246,0,6,-113
1754051124.7204602,0,0,-121
1754051124.7594602,3,-2,-124
1754051124.79546,3,-4,-124
1754051124.83346,0,-3,-135
1754051124.8714602,0,2,-124
1754051124.91046,5,0,-120
1754051124.94646,0,3,-126
1754051124.9834602,-4,-4,-113
1754051125.02146,0,0,-113
1754051125.06046,2,1,-122
1754051125.09646,-2,3,-118
1754051125.1344602,-5,-4,-121
1754051125.17246,0,-1,-126
1754051125.2104602,1,2,-128
1754051125.24946,-1,-1,-120
1754051125.28546,0,3,-123
1754051125.3224602,0,-4,-125
1754051125.36046,0,-6,-112
1754051125.39946,0,-8,-112
1754051125.43546,-5,-3,-128
1754051125.4734602,0,-5,-110
1754051125.51146,-1,2,-100
1754051125.55046,4,-5,-106
1754051125.58646,0,2,-119
1754051125.62346,0,-5,-129
1754051125.6614602,1,-2,-116
1754051125.7004602,-4,3,-119
1754051125.7364602,-1,5,-110
1754051125.77446,2,3,-113
1754051125.8124602,0,2,-109
1754051125.85146,-4,-7,-112
1754051125.88946,-8,-3,-122
1754051125.92546,-5,1,-118
1754051125.9634602,4,3,-130
1754051126.00246,0,4,-126
1754051126.04046,7,-1,-111
1754051126.07646,-1,0,-110
1754051126.11346,1,2,-112
1754051126.15246,0,7,-119
1754051126.1904602,0,-2,-119
1754051126.22646,-7,2,-124
1754051126.26546,-2,-6,-121
1754051126.3024602,-2,-4,-121
1754051126.34146,-2,0,-125
1754051126.37946,0,-2,-129
1754051126.41546,2,-2,-127
1754051126.45346,6,1,-122
1754051126.49146,2,-9,-116
1754051126.53046,6,-3,-120
1754051126.57446,3,4,-128
1754051126.61246,-6,-1,-130
1754051126.6514602,-3,-5,-127
1754051126.6874602,-2,0,-133
1754051126.72546,-1,-6,-136
1754051126.7634602,1,-2,-127
1754051126.8024602,-1,-4,-131
1754051126.84046,1,-7,-112
1754051126.87646,5,-2,-119
1754051126.91546,0,-5,-120
1754051126.95246,2,0,-116
1754051126.99146,5,-4,-129
1754051127.02746,2,-5,-128
1754051127.0654602,5,-4,-123
1754051127.10346,1,-4,-118
1754051127.1414602,0,-4,-125
1754051127.18046,-1,0,-127
1754051127.21646,4,4,-132
1754051127.2534602,1,5,-130
1754051127.29146,2,5,-116
1754051127.33046,2,5,-104
1754051127.36646,2,-9,-111
1754051127.4044602,1,0,-115
1754051127.44246,-7,2,-124
1754051127.48146,3,-2,-132
1754051127.51746,2,-3,-113
1754051127.55646,7,0,-122
1754051127.59346,3,1,-119
1754051127.63246,2,2,-111
1754051127.67046,-7,-6,-106
1754051127.70646,0,-8,-127
1754051127.74446,2,-3,-130
1754051127.7824602,5,0,-129
1754051127.82146,-3,0,-127
1754051127.85746,2,-3,-126
1754051127.89546,4,0,-118
1754051127.93346,1,-2,-122
1754051127.97246,-1,-1,-128
1754051128.01046,3,-9,-122
1754051128.0464602,3,-3,-129
1754051128.0854602,4,-4,-121
1754051128.12246,4,-3,-109
1754051128.1614602,3,-3,-112
1754051128.1974602,6,-2,-120
1754051128.23546,0,-2,-122
1754051128.27346,1,0,-127
1754051128.3124602,2,-3,-122
1754051128.35046,3,-8,-121
1754051128.38646,5,-6,-120
1754051128.4244602,3,-6,-125
1754051128.46246,3,-5,-132
1754051128.50146,-3,0,-118
1754051128.53746,2,-10,-117
1754051128.57646,-4,-7,-112
1754051128.61346,0,1,-135
1754051128.65246,2,1,-127
1754051128.68846,2,3,-122
1754051128.72646,-4,2,-117
1754051128.76546,0,0,-112
1754051128.8024602,-1,1,-117
1754051128.84146,-1,-2,-125
1754051128.87746,0,-3,-125
1754051128.91546,7,-9,-119
1754051128.95346,-3,0,-122
1754051128.99246,0,-5,-121
1754051129.02846,4,1,-122
1754051129.0654602,10,-7,-122
1754051129.10346,0,-7,-128
1754051129.14246,2,-4,-106
1754051129.17846,6,-4,-114
1754051129.21646,5,3,-112
1754051129.25446,11,0,-124
1754051129.2924602,3,0,-122
1754051129.33146,-1,-6,-117
1754051129.36746,2,0,-117
1754051129.4044602,1,-7,-123
1754051129.44346,2,0,-124
1754051129.48146,5,-5,-126
1754051129.51746,4,2,-125
1754051129.55446,1,3,-116
1754051129.59346,4,0,-119
1754051129.6314602,0,5,-111
1754051129.6674602,-4,0,-119
1754051129.70646,-2,-6,-116
1754051129.7434602,-8,-7,-105
1754051129.7824602,-9,-4,-118
1754051129.81846,-3,0,-122
1754051129.85646,0,0,-130
1754051129.8944602,-1,0,-119
1754051129.93346,-5,1,-122
1754051129.97146,5,-4,-115
1754051130.00746,10,-6,-115
1754051130.04546,6,-3,-117
1754051130.08346,6,1,-111
1754051130.12246,3,-3,-117
1754051130.15846,2,0,-123
1754051130.19546,-4,-3,-121
1754051130.2334602,1,-6,-124
1754051130.27246,1,-1,-126
1754051130.30846,5,0,-129
1754051130.34646,6,-8,-125
1754051130.38546,6,-3,-121
1754051130.42346,-4,-4,-122
1754051130.46146,2,0,-126
1754051130.49746,0,-2,-122
1754051130.53546,6,-3,-122
1754051130.57346,6,-3,-126
1754051130.61246,6,-5,-122
1754051130.64846,1,0,-125
1754051130.68546,-2,1,-119
1754051130.7234602,-1,-1,-116
1754051130.76246,-2,0,-123
1754051130.79846,2,2,-128
1754051130.8354602,-2,4,-129
1754051130.87346,3,-4,-122
1754051130.91246,2,1,-122
1754051130.94846,0,2,-115
1754051130.98546,0,2,-123
1754051131.02346,0,2,-116
1754051131.0624602,0,0,-97
1754051131.0984602,0,2,-112
1754051131.13546,-3,0,-114
1754051131.17346,6,0,-127
1754051131.21246,-2,-1,-119
1754051131.24846,5,-4,-127
1754051131.2864602,3,-5,-123
1754051131.32446,3,-4,-122
1754051131.36346,3,-2,-121
1754051131.39946,-2,2,-123
1754051131.4374602,2,-6,-125
1754051131.47546,0,-2,-132
1754051131.5134602,-3,-4,-122
1754051131.5524602,-5,-5,-122
1754051131.5884602,-2,-10,-122
1754051131.62646,2,-3,-119
1754051131.6644602,-4,2,-119
1754051131.70346,-2,0,-124
1754051131.73946,3,3,-128
1754051131.7764602,2,-6,-136
1754051131.81446,5,-8,-115
1754051131.85346,0,0,-110
1754051131.88946,0,1,-117
1754051131.9274602,-2,-1,-119
1754051131.96546,8,6,-123
1754051132.00446,-2,4,-125
1754051132.0424602,-6,0,-117
1754051132.07846,-13,-2,-120
1754051132.11646,-4,4,-119
1754051132.1544602,-3,0,-137
1754051132.19346,-6,2,-133
1754051132.22946,-3,-5,-121
1754051132.26846,4,-1,-121
1754051132.30546,1,-5,-130
1754051132.34446,-11,7,-125
1754051132.38246,1,6,-120
1754051132.41846,0,1,-125
1754051132.45546,-3,1,-120
1754051132.49446,0,-8,-130
1754051132.5324602,-1,2,-125
1754051132.56846,-4,1,-122
1754051132.60646,0,-2,-130
1754051132.6444602,4,-1,-127
1754051132.68346,9,3,-127
1754051132.71946,8,-5,-120
1754051132.75746,7,0,-115
1754051132.79546,6,-3,-123
1754051132.83446,5,-2,-125
1754051132.87046,1,2,-124
1754051132.90946,8,-4,-118
1754051132.94646,4,-5,-120
1754051132.98546,-6,-6,-124
1754051133.02346,-5,3,-124
1754051133.0594602,-6,-3,-122
1754051133.09746,0,2,-114
1754051133.13546,-9,-3,-122
1754051133.1744602,-4,5,-121
1754051133.2104602,-5,1,-122
1754051133.24846,1,1,-128
1754051133.2864602,-1,-3,-114
1754051133.32446,3,-4,-103
1754051133.36346,3,-8,-115
1754051133.39946,0,-1,-127
1754051133.4374602,3,0,-122
1754051133.47546,0,-5,-135
1754051133.51446,0,-7,-132
1754051133.55046,0,-5,-117
1754051133.58746,0,-4,-123
1754051133.62546,1,4,-129
1754051133.6644602,-2,6,-120
1754051133.7004602,3,-2,-121
1754051133.73846,1,-5,-114
1754051133.7764602,-1,-6,-122
1754051133.8154602,2,-10,-126
1754051133.85346,16,-5,-123
1754051133.88946,11,-9,-125
1754051133.9274602,5,-5,-124
1754051133.96546,-5,-4,-132
1754051134.00446,9,1,-125
1754051134.04046,0,-5,-121
1754051134.07846,-1,-7,-133
1754051134.11646,-5,0,-132
1754051134.15546,-2,-11,-120
1754051134.19346,-1,0,-121
1754051134.22946,-2,-5,-128
1754051134.26746,-5,-4,-127
1754051134.30546,4,-4,-121
1754051134.34446,-3,7,-121
1754051134.38046,-2,3,-123
1754051134.41846,-4,5,-119
1754051134.45646,-5,0,-124
1754051134.49546,-4,4,-127
1754051134.53346,-3,6,-113
1754051134.57046,-1,-4,-126
1754051134.60746,2,0,-122
1754051134.64546,0,-3,-120
1754051134.6844602,-2,-5,-129
1754051134.7204602,-4,-5,-122
1754051134.75846,-2,2,-129
1754051134.7964602,-4,3,-119
1754051134.8354602,2,-3,-121
1754051134.87346,-1,-4,-114
1754051134.90946,1,-7,-115
1754051134.9474602,2,-4,-106
1754051134.98546,1,2,-122
1754051135.02446,-3,-4,-128
1754051135.06046,1,-10,-123
1754051135.0984602,-3,-5,-124
1754051135.13646,-4,-9,-113
1754051135.17546,-2,-5,-117
1754051135.21146,1,-7,-115
1754051135.24946,0,2,-123
1754051135.28846,7,5,-114
1754051135.3254602,4,4,-112
1754051135.36446,3,0,-121
1754051135.40046,0,8,-112
1754051135.43846,0,4,-121
1754051135.47546,4,-1,-117
1754051135.51446,4,-1,-118
1754051135.55046,0,-2,-110
1754051135.5884602,6,2,-124
1754051135.62646,3,2,-133
1754051135.66546,1,-2,-123
1754051135.70146,-2,-2,-125
1754051135.73946,-2,-2,-131
1754051135.77746,-1,-3,-117
1754051135.81646,0,-2,-119
1754051135.85446,-7,-2,-133
1754051135.89046,-10,-6,-132
1754051135.92846,-5,-6,-127
1754051135.9674602,-3,-7,-118
1754051136.00546,3,-3,-118
1754051136.04146,4,1,-126
1754051136.07846,3,-7,-129
1754051136.11746,4,-5,-121
1754051136.15546,-6,-7,-123
1754051136.19146,0,-7,-126
1754051136.2304602,0,-2,-135
1754051136.26746,0,-3,-130
1754051136.30646,5,-1,-123
1754051136.34446,3,2,-128
1754051136.38046,4,-3,-125
1754051136.41846,-1,-2,-122
1754051136.45646,3,0,-116
1754051136.49546,7,5,-127
1754051136.53146,9,-2,-119
1754051136.57746,-1,0,-128
1754051136.6154602,4,-2,-125
1754051136.6514602,5,-2,-129
1754051136.68946,7,2,-128
1754051136.72746,3,2,-131
1754051136.7664602,7,3,-127
1754051136.80446,6,-4,-132
1754051136.84146,7,-4,-124
1754051136.88046,-1,-2,-124
1754051136.9174602,0,-6,-113
1754051136.95646,3,-1,-122
1754051136.99246,0,-4,-125
1754051137.03046,-1,-4,-134
1754051137.06846,6,0,-136
1754051137.10746,3,0,-122
1754051137.14546,-1,2,-131
1754051137.18146,0,0,-122
1754051137.21946,6,0,-123
1754051137.25746,6,-5,-115
1754051137.2964602,0,-4,-126
1754051137.3324602,-2,0,-115
1754051137.37046,-6,-4,-119
1754051137.40846,0,-4,-113
1754051137.44646,2,-5,-126
1754051137.48546,0,-2,-127
1754051137.52146,0,-1,-123
1754051137.5594602,-3,8,-119
1754051137.59746,3,3,-115
1754051137.63646,-2,-1,-109
1754051137.67246,0,0,-121
1754051137.70946,0,-9,-127
1754051137.74746,4,-3,-121
1754051137.7864602,6,0,-127
1754051137.82346,5,1,-119
1754051137.86046,0,0,-129
1754051137.89846,-5,1,-122
1754051137.9374602,-2,-1,-122
1754051137.97546,-2,-5,-121
1754051138.01146,-4,-3,-123
1754051138.05046,-3,0,-116
1754051138.08746,0,2,-123
1754051138.12646,5,-4,-121
1754051138.16246,5,-3,-119
1754051138.2004602,-6,1,-122
1754051138.23846,0,2,-120
1754051138.27746,2,2,-108
1754051138.3154602,7,0,-118
1754051138.35146,-2,0,-128
1754051138.38946,12,-3,-124
1754051138.4274602,3,1,-127
1754051138.46646,0,-5,-120
1754051138.50246,0,-2,-115
1754051138.54046,-1,1,-107
1754051138.57946,3,2,-114
1754051138.61746,0,-4,-117
1754051138.65546,-1,-4,-129
1754051138.69146,0,-1,-125
1754051138.72946,2,2,-122
1754051138.76746,-4,-1,-118
1754051138.80646,0,-4,-126
1754051138.8424602,2,0,-115
1754051138.88046,0,-5,-118
1754051138.91846,9,0,-127
1754051138.9574602,-3,-3,-131
1754051138.99546,-6,-12,-118
1754051139.03146,-1,-2,-115
1754051139.07046,1,-3,-119
1754051139.10746,6,-4,-115
1754051139.14646,1,-5,-112
1754051139.18246,2,-9,-109
1754051139.2204602,3,-1,-119
1754051139.25846,5,-2,-116
1754051139.29746,-2,-7,-111
1754051139.33346,5,-7,-114
1754051139.3714602,12,-2,-113
1754051139.40946,4,4,-121
1754051139.4474602,3,3,-123
1754051139.4864602,-5,-3,-115
1754051139.52246,0,0,-126
1754051139.5594602,-3,-2,-109
1754051139.59746,6,-3,-115
1754051139.63646,-1,-3,-125
1754051139.67246,0,-8,-119
1754051139.7104602,-3,-7,-114
1754051139.74946,-1,-1,-116
1754051139.78746,-3,-4,-128
1754051139.82346,2,-8,-127
1754051139.86046,-1,-3,-132
1754051139.89946,3,3,-132
1754051139.9374602,3,-5,-127
1754051139.9734602,-3,0,-119
1754051140.01046,0,-4,-117
1754051140.0494602,0,-7,-123
1754051140.08746,-1,-2,-124
1754051140.12346,0,-9,-127
1754051140.16246,-4,-12,-120
1754051140.19946,10,-4,-120
1754051140.23846,0,-1,-116
1754051140.2764602,6,0,-123
1754051140.3124602,-3,3,-132
1754051140.35046,6,0,-119
1754051140.3884602,-4,-3,-126
1754051140.4274602,-4,-3,-128
1754051140.4634602,-2,-6,-120
1754051140.50146,7,-6,-131
1754051140.54046,3,-7,-126
1754051140.57846,-1,-5,-128
1754051140.61646,2,3,-142
1754051140.65246,-3,6,-127
1754051140.6904602,6,0,-122
1754051140.72846,7,-2,-110
1754051140.76746,6,0,-117
1754051140.80346,3,6,-117
1754051140.84046,-1,4,-129
1754051140.8784602,4,-4,-128
1754051140.9174602,3,-6,-126
1754051140.95346,1,-6,-127
1754051140.9904602,0,-4,-123
1754051141.02846,-4,1,-128
1754051141.06746,6,-3,-119
1754051141.10346,11,0,-118
1754051141.14046,0,-6,-127
1754051141.17846,0,-1,-128
1754051141.2174602,3,-7,-123
1754051141.2534602,-5,0,-113
1754051141.29046,1,2,-118
1754051141.32846,4,-4,-117
1754051141.36746,10,-3,-128
1754051141.40346,9,-3,-126
1754051141.44146,7,-3,-126
1754051141.47946,-3,-4,-116
1754051141.51846,0,2,-110
1754051141.55546,-2,-4,-116
1754051141.5924602,0,-4,-126
1754051141.63046,0,-8,-127
1754051141.66846,6,-10,-122
1754051141.7074602,-1,3,-124
1754051141.7434602,2,0,-113
1754051141.78046,-1,-4,-123
1754051141.81846,-10,-8,-120
1754051141.85746,-13,-2,-107
1754051141.89346,-6,-3,-112
1754051141.93146,-4,0,-121
1754051141.96946,-5,-3,-123
1754051142.00846,2,-6,-123
1754051142.04546,0,-3,-130
1754051142.0824602,-4,0,-130
1754051142.12046,3,2,-123
1754051142.15946,-1,3,-121
1754051142.1974602,0,0,-118
1754051142.2334602,0,0,-125
1754051142.27146,0,2,-133
1754051142.3094602,-1,5,-126
1754051142.3484602,-1,-1,-126
1754051142.3844602,0,-4,-119
1754051142.4214602,0,-1,-124
1754051142.45946,-7,-5,-123
1754051142.49846,-4,-1,-130
1754051142.53446,-1,-4,-132
1754051142.5724602,-6,-5,-125
1754051142.6114602,-3,-5,-126
1754051142.64946,6,-4,-121
1754051142.6874602,-2,3,-117
1754051142.7234602,3,-1,-112
1754051142.76146,-1,0,-126
1754051142.7994602,6,-4,-106
1754051142.8384602,6,-1,-123
1754051142.87446,5,3,-115
1754051142.9114602,1,0,-118
1754051142.94946,-1,-4,-124
1754051142.98846,-2,-4,-119
1754051143.02446,0,-2,-112
1754051143.0624602,-7,4,-116
1754051143.10146,0,-4,-112
1754051143.13946,3,-4,-126
1754051143.17546,5,-1,-131
1754051143.2134602,5,-2,-125
1754051143.25146,0,3,-126
1754051143.2894602,0,-7,-119
1754051143.32846,2,1,-124
1754051143.36446,8,-1,-126
1754051143.40246,0,2,-117
1754051143.4404602,7,-2,-122
1754051143.47946,11,0,-118
1754051143.51546,3,5,-112
1754051143.5524602,0,8,-123
1754051143.59046,5,-3,-122
1754051143.62946,6,2,-128
1754051143.66546,-1,-6,-120
1754051143.70346,5,-6,-111
1754051143.74146,0,-5,-121
1754051143.7794602,0,-2,-129
1754051143.81846,0,0,-133
1754051143.85446,6,-2,-125
1754051143.89246,6,0,-121
1754051143.93146,2,5,-120
1754051143.96946,5,-3,-125
1754051144.00546,4,-4,-110
1754051144.04346,-3,0,-119
1754051144.08146,-3,-1,-121
1754051144.12046,-3,-2,-132
1754051144.15846,0,-5,-131
1754051144.1944602,3,-6,-133
1754051144.23246,-4,0,-132
1754051144.27046,7,-2,-127
1754051144.3094602,0,1,-113
1754051144.3454602,-4,-1,-123
1754051144.38346,8,0,-124
1754051144.4214602,-4,-3,-129
1754051144.4604602,0,-6,-128
1754051144.49846,-2,-2,-130
1754051144.53446,-3,0,-128
1754051144.5724602,0,0,-124
1754051144.6114602,-8,5,-131
1754051144.64946,2,-1,-127
1754051144.68546,3,2,-127
1754051144.72246,9,-4,-122
1754051144.76046,7,-5,-123
1754051144.7994602,3,-4,-123
1754051144.8354602,0,-2,-127
1754051144.87346,4,0,-122
1754051144.9114602,11,0,-119
1754051144.9504602,0,-9,-116
1754051144.98846,0,0,-121
1754051145.02446,4,1,-119
1754051145.06146,3,-6,-120
1754051145.10046,-1,-1,-119
1754051145.1384602,-2,-1,-122
1754051145.1744602,4,-2,-119
1754051145.21246,-1,2,-131
1754051145.25046,-2,5,-139
1754051145.2894602,6,4,-134
1754051145.3254602,-8,-2,-128
1754051145.36446,8,3,-129
1754051145.40246,4,-6,-132
1754051145.4404602,8,-2,-117
1754051145.47946,4,-7,-118
1754051145.51546,9,-4,-126
1754051145.55346,8,0,-130
1754051145.59146,-2,-1,-119
1754051145.63046,1,-5,-121
1754051145.66646,0,-8,-124
1754051145.70546,-1,-3,-130
1754051145.74246,0,-3,-134
1754051145.78146,2,-4,-121
1754051145.8194602,0,2,-119
1754051145.8554602,1,1,-117
1754051145.89246,5,-3,-113
1754051145.93046,2,-1,-123
1754051145.96946,0,-2,-120
1754051146.00546,-6,6,-124
1754051146.04346,3,4,-121
1754051146.08146,7,-4,-118
1754051146.12046,3,0,-111
1754051146.15646,0,-2,-113
1754051146.19346,-8,4,-115
1754051146.23146,-4,-3,-118
1754051146.27046,1,-5,-118
1754051146.30646,1,-2,-114
1754051146.34446,-5,3,-119
1754051146.38246,-1,-2,-119
1754051146.4214602,5,4,-121
1754051146.45946,0,-5,-118
1754051146.49546,3,-2,-125
1754051146.53346,-6,2,-127
1754051146.57946,0,6,-118
1754051146.6154602,1,0,-117
1754051146.65346,1,-1,-113
1754051146.69146,0,-7,-122
1754051146.7304602,-5,1,-117
1754051146.7664602,2,-5,-120
1754051146.80446,0,-1,-109
1754051146.8424602,0,1,-126
1754051146.8814602,5,-6,-131
1754051146.91946,-3,-7,-124
1754051146.95546,4,-5,-122
1754051146.9934602,4,-2,-116
1754051147.03146,5,3,-120
1754051147.07046,7,6,-128
1754051147.10646,5,2,-125
1754051147.14346,0,-2,-115
1754051147.18146,2,-5,-124
1754051147.2204602,-3,1,-130
1754051147.2564602,-3,3,-120
1754051147.29446,3,-2,-118
1754051147.3324602,-1,1,-120
1754051147.3714602,1,-6,-120
1754051147.4074602,4,-4,-125
1754051147.44546,6,0,-119
1754051147.48446,5,-4,-124
1754051147.52146,8,-2,-128
1754051147.56046,0,-8,-129
1754051147.59646,-1,-9,-127
1754051147.6344602,2,-5,-119
1754051147.67246,0,0,-117
1754051147.71146,4,-4,-121
1754051147.74746,1,-9,-120
1754051147.78546,0,-6,-128
1754051147.82346,4,1,-120
1754051147.8614602,1,0,-124
1754051147.90046,8,-1,-131
1754051147.93646,3,-5,-122
1754051147.97546,8,-3,-118
1754051148.01246,6,3,-127
1754051148.05146,3,-2,-125
1754051148.08746,1,2,-126
1754051148.12546,2,0,-120
1754051148.16346,6,-4,-119
1754051148.20146,2,-5,-113
1754051148.23746,0,-5,-118
1754051148.27546,4,-4,-125
1754051148.31346,9,-7,-128
1754051148.35246,0,-3,-129
1754051148.39046,-2,1,-120
1754051148.42646,0,-5,-119
1754051148.4634602,8,1,-122
1754051148.50246,-2,4,-131
1754051148.54046,0,1,-115
1754051148.57646,-4,-1,-116
1754051148.61446,-8,-3,-122
1754051148.65246,1,-4,-127
1754051148.69146,3,-2,-132
1754051148.72746,-3,-4,-130
1754051148.76546,-4,-2,-117
1754051148.80346,-7,-5,-109
1754051148.8424602,3,0,-110
1754051148.88046,0,-4,-122
1754051148.91646,3,0,-111
1754051148.95446,10,-8,-111
1754051148.9934602,1,-3,-108
1754051149.03146,1,0,-124
1754051149.06746,3,0,-116
1754051149.10446,11,0,-124
1754051149.14346,4,4,-118
1754051149.18146,1,-5,-129
1754051149.2174602,0,-8,-124
1754051149.25546,5,-1,-121
1754051149.29346,7,-2,-115
1754051149.3324602,9,-6,-119
1754051149.37046,8,-6,-125
1754051149.40646,-3,0,-120
1754051149.44346,-1,1,-120
1754051149.48246,-6,2,-115
1754051149.51846,-2,-4,-110
1754051149.55646,-3,-1,-113
1754051149.59446,0,1,-113
1754051149.63246,0,3,-116
1754051149.6714602,0,0,-116
1754051149.7074602,0,-1,-115
1754051149.74546,-4,-3,-121
1754051149.78446,2,-7,-127
1754051149.8224602,3,5,-132
1754051149.8584602,1,0,-110
1754051149.89546,-1,-4,-110
1754051149.9344602,2,-3,-122
1754051149.97246,2,0,-128
1754051150.00846,8,2,-122
1754051150.0464602,-1,0,-123
1754051150.08446,1,1,-113
1754051150.12246,-1,-1,-118
1754051150.1614602,4,-9,-110
1754051150.1974602,3,-9,-118
1754051150.23546,2,2,-109
1754051150.27346,-1,0,-124
1754051150.3124602,2,3,-123
1754051150.3484602,3,3,-121
1754051150.38646,0,-1,-126
1754051150.4244602,-1,0,-121
1754051150.4634602,-5,-1,-125
1754051150.50146,0,2,-127
1754051150.53746,-1,6,-127
1754051150.57446,-2,-4,-130
1754051150.61346,-1,-4,-118
1754051150.6514602,-4,-5,-123
1754051150.6874602,0,-6,-126
1754051150.72446,-3,2,-124
1754051150.7634602,0,-5,-130
1754051150.80146,-2,-5,-120
1754051150.83746,4,-9,-120
1754051150.87646,-2,-6,-111
1754051150.91346,-2,-1,-118
1754051150.95246,0,-1,-118
1754051150.98846,0,0,-117
1754051151.0264602,0,4,-122
1754051151.06346,1,-3,-116
1754051151.10246,4,-4,-113
1754051151.1384602,0,-4,-123
1754051151.17646,0,0,-132
1754051151.2134602,4,-5,-125
1754051151.25246,4,6,-114
1754051151.28846,5,7,-111
1754051151.32646,0,1,-114
1754051151.36346,-6,-2,-117
1754051151.40246,-7,0,-124
1754051151.43846,2,5,-121
1754051151.47546,5,3,-128
1754051151.5134602,-3,-1,-123
1754051151.5524602,3,1,-120
1754051151.5884602,1,0,-123
1754051151.62546,-4,-1,-126
1754051151.66346,0,5,-122
1754051151.70246,2,0,-122
1754051151.73846,1,-2,-131
1754051151.7764602,1,-6,-126
1754051151.81446,1,-12,-118
1754051151.85346,7,-8,-122
1754051151.88946,8,-4,-126
1754051151.9274602,2,0,-128
1754051151.96546,1,-2,-136
1754051152.0034602,0,0,-137
1754051152.0424602,-7,1,-127
1754051152.07846,-7,-4,-117
1754051152.11746,5,-2,-115
1754051152.1544602,5,0,-113
1754051152.19346,2,-4,-111
1754051152.22946,2,-4,-114
1754051152.26746,5,-7,-118
1754051152.30546,-2,-5,-110
1754051152.34446,-2,0,-115
1754051152.38246,-1,0,-118
1754051152.41846,-3,4,-119
1754051152.45646,3,0,-114
1754051152.49446,2,0,-123
1754051152.53346,9,-1,-122
1754051152.5694602,6,-1,-122
1754051152.60746,4,-10,-124
1754051152.64646,12,-5,-115
1754051152.6844602,10,0,-117
1754051152.72246,-1,-1,-128
1754051152.7594602,0,-1,-122
1754051152.7964602,-2,-1,-121
1754051152.83446,5,3,-114
1754051152.87346,3,0,-118
1754051152.90946,0,-2,-118
1754051152.9474602,-10,5,-122
1754051152.98546,0,-1,-119
1754051153.02446,1,-2,-126
1754051153.0624602,3,0,-126
1754051153.0984602,7,-2,-120
1754051153.13646,-6,-2,-126
1754051153.1744602,-1,2,-119
1754051153.2134602,-4,2,-116
1754051153.24946,2,-5,-113
1754051153.28746,0,0,-119
1754051153.3254602,-1,-9,-119
1754051153.36446,0,-2,-129
1754051153.40246,-1,-4,-118
1754051153.43846,-1,-6,-124
1754051153.47646,1,-9,-127
1754051153.51446,-3,-4,-125
1754051153.55346,0,0,-116
1754051153.58946,-1,0,-123
1754051153.62746,1,-8,-122
1754051153.66546,3,-6,-119
1754051153.70446,14,-4,-116
1754051153.7404602,5,0,-120
1754051153.77746,6,-5,-117
1754051153.8154602,-1,2,-126
1754051153.85446,-2,-1,-111
1754051153.89046,6,-6,-122
1754051153.92946,9,-5,-126
1754051153.96646,-1,-7,-117
1754051154.00446,-1,1,-112
1754051154.04346,3,3,-119
1754051154.07946,9,-2,-138
1754051154.11746,1,-4,-125
1754051154.15546,3,-6,-126
1754051154.1944602,-2,-2,-136
1754051154.2304602,1,2,-123
1754051154.26846,1,2,-130
1754051154.30746,-2,-1,-119
1754051154.34446,4,-15,-123
1754051154.38346,-1,-1,-122
1754051154.41946,-8,-2,-107
1754051154.4574602,-5,-3,-119
1754051154.49546,1,0,-121
1754051154.53446,-1,1,-116
1754051154.57046,-4,-1,-123
1754051154.6084602,-5,6,-117
1754051154.64646,2,-5,-128
1754051154.68546,-1,-4,-112
1754051154.7234602,-1,2,-113
1754051154.7594602,-2,0,-121
1754051154.79746,1,-5,-125
1754051154.8354602,-3,-8,-120
1754051154.87446,4,3,-121
1754051154.91046,0,3,-118
1754051154.94846,0,-2,-125
1754051154.9864602,2,3,-126
1754051155.02546,2,3,-134
1754051155.06346,8,5,-122
1754051155.09946,5,6,-131
1754051155.13746,-4,3,-119
1754051155.17546,1,-1,-120
1754051155.21446,7,2,-107
1754051155.25046,2,4,-112
1754051155.28746,5,3,-123
1754051155.3254602,0,0,-117
1754051155.36446,0,-2,-118
1754051155.40046,2,0,-115
1754051155.4374602,3,-6,-118
1754051155.47546,0,-6,-116
1754051155.51446,-1,-5,-120
1754051155.55046,3,-2,-116
1754051155.5884602,-7,0,-119
1754051155.62646,2,0,-122
1754051155.66546,-3,8,-120
1754051155.70146,-2,5,-123
1754051155.73946,-4,-2,-117
1754051155.77746,-1,-5,-105
1754051155.8154602,-5,-7,-117
1754051155.85446,3,3,-118
1754051155.89046,0,2,-127
1754051155.9274602,-5,1,-116
1754051155.96546,9,0,-115
1754051156.00446,7,-1,-125
1754051156.04046,0,-4,-127
1754051156.07946,-1,2,-119
1754051156.11646,0,-3,-128
1754051156.15546,2,0,-123
1754051156.19246,0,-5,-122
1754051156.22946,1,2,-128
1754051156.26746,0,7,-124
1754051156.30546,7,0,-128
1754051156.34446,-4,5,-119
1754051156.38046,0,2,-127
1754051156.41846,0,-1,-126
1754051156.4574602,3,0,-123
1754051156.49546,-4,-5,-111
1754051156.53146,1,-5,-107
1754051156.5694602,7,-5,-120
1754051156.6154602,4,-3,-128
1754051156.6514602,5,-9,-123
1754051156.68946,1,0,-117
1754051156.72746,2,3,-125
1754051156.7664602,-4,0,-134
1754051156.80446,2,2,-140
1754051156.84046,1,-3,-118
1754051156.87946,-2,-1,-114
1754051156.91646,-5,3,-119
1754051156.95546,2,6,-112
1754051156.99246,1,0,-104
1754051157.0294602,0,-4,-122
1754051157.06746,6,0,-117
1754051157.10646,6,-1,-122
1754051157.1444602,1,-1,-131
1754051157.18046,6,1,-133
1754051157.21846,5,2,-125
1754051157.25746,6,10,-129
1754051157.29546,1,-8,-120
1754051157.33146,5,-1,-118
1754051157.36946,6,0,-125
1754051157.4074602,4,0,-121
1754051157.44646,0,4,-120
1754051157.48446,0,0,-124
1754051157.52046,0,-5,-120
1754051157.55846,6,0,-112
1754051157.59646,-1,-1,-119
1754051157.63546,6,-3,-119
1754051157.6714602,-1,0,-130
1754051157.70946,-1,-4,-125
1754051157.74746,0,3,-113
1754051157.7864602,0,3,-122
1754051157.8224602,3,-2,-119
1754051157.86046,3,0,-114
1754051157.89846,-2,1,-118
1754051157.93646,2,-2,-114
1754051157.97546,0,-1,-114
1754051158.01146,2,0,-123
1754051158.04846,-2,0,-120
1754051158.08646,-10,1,-120
1754051158.12546,-8,1,-130
1754051158.1614602,0,0,-127
1754051158.19846,-6,-1,-123
1754051158.2364602,1,2,-126
1754051158.27546,5,-3,-126
1754051158.31146,9,0,-124
1754051158.3484602,1,-6,-119
1754051158.38646,0,-8,-110
1754051158.42546,3,0,-129
1754051158.46146,-4,-3,-121
1754051158.49946,2,0,-116
1754051158.53746,0,0,-116
1754051158.57646,-4,-1,-119
1754051158.61246,2,2,-119
1754051158.65046,3,0,-116
1754051158.6874602,9,-2,-129
1754051158.72646,8,2,-138
1754051158.76246,0,0,-128
1754051158.7994602,-1,0,-117
1754051158.83746,2,-3,-126
1754051158.87646,2,-2,-124
1754051158.91246,-2,1,-129
1754051158.9504602,0,-7,-130
1754051158.98846,9,2,-126
1754051159.02746,-3,-4,-129
1754051159.0654602,-1,-2,-126
1754051159.10146,-3,0,-121
1754051159.13946,3,-5,-122
1754051159.1774602,4,-6,-121
1754051159.21646,-2,-3,-128
1754051159.25246,-6,-2,-127
1754051159.29046,-15,-5,-113
1754051159.32946,-2,-2,-128
1754051159.36746,0,-2,-126
1754051159.40546,2,-4,-113
1754051159.44146,2,-5,-106
1754051159.47946,6,1,-121
1754051159.51746,2,2,-129
1754051159.55646,-2,-6,-114
1754051159.5924602,-4,-12,-113
1754051159.63046,1,-4,-112
1754051159.66846,0,-6,-122
1754051159.7074602,0,-1,-129
1754051159.7434602,0,-5,-129
1754051159.78146,-1,0,-121
1754051159.8194602,0,-3,-134
1754051159.85746,6,5,-126
1754051159.89646,1,1,-115
1754051159.93246,7,0,-123
1754051159.9704602,-1,-1,-127
1754051160.00746,0,0,-122
1754051160.0464602,3,-7,-109
1754051160.0824602,2,-1,-119
1754051160.12046,-2,0,-122
1754051160.15846,-1,-4,-120
1754051160.1974602,-4,-2,-124
1754051160.2334602,-8,-3,-139
1754051160.27146,-3,-4,-118
1754051160.3094602,-4,2,-115
1754051160.3484602,6,-7,-117
1754051160.38646,4,0,-128
1754051160.42246,4,0,-126
1754051160.45946,-1,-1,-111
1754051160.49746,4,0,-114
1754051160.5364602,3,-1,-123
1754051160.5724602,1,2,-128
1754051160.60946,7,-7,-123
1754051160.64846,4,-6,-121
1754051160.68646,-2,0,-125
1754051160.72246,-5,-3,-131
1754051160.76046,0,3,-117
1754051160.79846,0,1,-125
1754051160.83746,1,0,-131
1754051160.87346,3,0,-125
1754051160.9114602,-7,0,-125
1754051160.94946,-6,-7,-128
1754051160.98846,-3,-11,-129
1754051161.0264602,0,-4,-120
1754051161.0624602,0,-6,-129
1754051161.10046,4,-6,-111
1754051161.1384602,-8,-4,-119
1754051161.1774602,-5,-5,-123
1754051161.2134602,-3,-1,-129
1754051161.25146,-3,-8,-126
1754051161.2894602,-1,-3,-122
1754051161.32846,-1,-1,-121
1754051161.36646,2,-3,-127
1754051161.40246,3,-4,-122
1754051161.4404602,0,0,-121
1754051161.47946,-6,0,-125
1754051161.51746,-1,-5,-131
1754051161.55346,3,-5,-118
1754051161.59046,0,-1,-125
1754051161.62946,0,-6,-117
1754051161.6674602,0,-8,-125
1754051161.70346,5,-6,-129
1754051161.74146,8,-5,-121
1754051161.7794602,11,3,-130
1754051161.81846,12,0,-117
1754051161.85446,-7,0,-130
1754051161.89246,-1,6,-127
1754051161.92946,1,1,-120
1754051161.96846,10,-3,-120
1754051162.00446,3,0,-125
1754051162.0424602,-1,4,-122
1754051162.07946,2,1,-119
1754051162.1184602,1,0,-132
1754051162.1544602,0,-7,-123
1754051162.19246,-1,-2,-123
1754051162.22946,5,-4,-118
1754051162.26846,-5,-4,-130
1754051162.30446,-3,-2,-115
1754051162.3424602,-8,-3,-106
1754051162.38046,-3,-3,-115
1754051162.41846,0,-1,-129
1754051162.4574602,0,-5,-126
1754051162.4934602,-5,-10,-129
1754051162.5324602,0,-5,-132
1754051162.5694602,-5,2,-125
1754051162.6084602,0,-2,-124
1754051162.6444602,0,-3,-139
1754051162.68346,1,-1,-139
1754051162.7204602,0,-6,-125
1754051162.7594602,-2,-2,-127
1754051162.79746,-2,-5,-125
1754051162.83346,1,0,-130
1754051162.87046,2,-7,-135
1754051162.90946,-8,-5,-127
1754051162.9474602,-4,-3,-130
1754051162.9834602,-3,-4,-135
1754051163.02146,1,-10,-121
1754051163.0594602,3,-9,-124
1754051163.0984602,-9,-6,-109
1754051163.1344602,1,-6,-124
1754051163.17246,-2,0,-118
1754051163.2104602,-1,-2,-122
1754051163.24946,-5,-4,-120
1754051163.28746,-4,-2,-118
1754051163.32346,-6,-3,-119
1754051163.3614602,2,-1,-117
1754051163.39946,7,-3,-122
1754051163.43846,9,0,-118
1754051163.47446,9,-3,-122
1754051163.51246,4,-7,-132
1754051163.55046,4,-8,-123
1754051163.58946,4,-6,-130
1754051163.62746,4,0,-131
1754051163.66346,5,-2,-124
1754051163.70146,0,1,-143
1754051163.73946,-1,-1,-131
1754051163.77846,6,0,-117
1754051163.81446,0,-6,-118
1754051163.85246,1,-5,-122
1754051163.89046,8,0,-127
1754051163.92946,6,-10,-124
1754051163.96546,2,-3,-125
1754051164.0034602,-7,-7,-123
1754051164.0424602,-5,-6,-125
1754051164.07946,-6,3,-123
1754051164.1184602,0,-2,-133
1754051164.1544602,-1,-3,-126
1754051164.19246,-1,-6,-121
1754051164.2304602,3,-4,-127
1754051164.2694602,12,2,-132
1754051164.30546,4,-3,-132
1754051164.34346,-9,-7,-126
1754051164.3814602,0,-1,-115
1754051164.41946,-8,5,-115
1754051164.45846,-4,-1,-116
1754051164.49546,0,2,-122
1754051164.5324602,2,4,-120
1754051164.57046,3,0,-114
1754051164.60946,1,-3,-112
1754051164.64546,1,-2,-115
1754051164.68346,3,0,-127
1754051164.72146,-2,-5,-122
1754051164.76046,5,-5,-125
1754051164.79846,6,5,-113
1754051164.83446,10,0,-128
1754051164.8714602,2,-1,-130
1754051164.91046,4,-5,-132
1754051164.94846,-2,-1,-122
1754051164.98446,-1,-2,-125
1754051165.02246,4,2,-116
1754051165.06046,2,-4,-120
1754051165.09946,6,-3,-127
1754051165.13546,3,-1,-121
1754051165.17346,1,-1,-118
1754051165.21146,1,-7,-125
1754051165.25046,5,-3,-109
1754051165.28846,-2,-1,-126
1754051165.32446,2,-6,-133
1754051165.36346,-4,0,-126
1754051165.40046,4,1,-128
1754051165.43946,4,-5,-122
1754051165.47546,1,-3,-114
1754051165.5134602,-9,1,-123
1754051165.55146,5,0,-125
1754051165.59046,3,-5,-120
1754051165.6284602,4,-7,-110
1754051165.6644602,-10,-9,-116
1754051165.70246,7,-3,-116
1754051165.74146,2,-6,-124
1754051165.7794602,-2,-2,-116
1754051165.8154602,-5,4,-123
1754051165.85346,-1,2,-120
1754051165.8914602,3,-4,-125
1754051165.93046,-5,-4,-132
1754051165.96846,-3,-8,-116
1754051166.00446,-1,-8,-128
1754051166.0424602,0,-2,-117
1754051166.08046,-1,-1,-119
1754051166.11946,-10,-7,-115
1754051166.15546,-7,-7,-116
1754051166.19346,4,-1,-113
1754051166.23146,1,-8,-126
1754051166.27046,2,-6,-127
1754051166.30646,6,-4,-129
1754051166.34446,1,4,-126
1754051166.38346,0,-3,-120
1754051166.42046,0,2,-120
1754051166.45946,1,0,-120
1754051166.49546,-2,-7,-125
1754051166.53446,3,-4,-131
1754051166.57146,-3,-6,-126
1754051166.6154602,-3,1,-130
1754051166.65346,5,0,-121
1754051166.69146,0,1,-116
1754051166.7304602,-3,-3,-114
1754051166.76746,-6,-1,-136
1754051166.80446,5,2,-123
1754051166.8424602,-3,-1,-119
1754051166.8814602,-6,0,-121
1754051166.91946,8,0,-125
1754051166.95546,5,-2,-111
1754051166.9934602,-5,3,-108
1754051167.0324602,3,-3,-113
1754051167.07046,3,-2,-123
1754051167.10646,4,3,-142
1754051167.14346,5,7,-134
1754051167.18146,5,0,-117
1754051167.2204602,5,-5,-118
1754051167.2564602,2,-4,-115
1754051167.29446,5,0,-105
1754051167.3324602,0,7,-117
1754051167.3714602,-1,-7,-107
1754051167.40946,-4,-9,-120
1754051167.44546,-3,-8,-125
1754051167.4834602,5,2,-108
1754051167.52146,0,2,-109
1754051167.56046,0,-1,-115
1754051167.59646,5,1,-130
1754051167.63346,-2,0,-125
1754051167.6714602,-8,2,-126
1754051167.7104602,0,1,-117
1754051167.7464602,2,0,-126
1754051167.78446,-3,0,-132
1754051167.82146,-11,0,-129
1754051167.86046,-6,-3,-127
1754051167.89646,0,-7,-123
1754051167.9344602,3,-9,-111
1754051167.97146,2,0,-124
1754051168.01046,3,3,-123
1754051168.0464602,1,0,-123
1754051168.08346,-6,-7,-129
1754051168.1214602,1,0,-131
1754051168.16046,-1,0,-130
1754051168.19646,0,3,-132
1754051168.23446,-6,-2,-123
1754051168.27146,5,-6,-118
1754051168.31046,-1,5,-116
1754051168.34646,0,9,-111
1754051168.3844602,4,0,-123
1754051168.4214602,-4,-2,-123
1754051168.4604602,1,1,-119
1754051168.4964602,2,0,-114
1754051168.53346,2,4,-115
1754051168.57146,5,3,-121
1754051168.61046,5,8,-126
1754051168.64646,4,4,-129
1754051168.68346,5,2,-121
1754051168.72146,5,-3,-116
1754051168.76046,4,0,-116
1754051168.7964602,1,1,-111
1754051168.83346,0,1,-120
1754051168.87246,-2,1,-119
1754051168.91046,-3,-1,-123
1754051168.94646,-8,-2,-117
1754051168.98446,-4,1,-123
1754051169.02246,6,6,-124
1754051169.06146,-1,4,-117
1754051169.09746,-3,0,-119
1754051169.13546,-4,0,-125
1754051169.17346,-3,-1,-125
1754051169.21246,-1,-3,-116
1754051169.25046,0,0,-125
1754051169.2864602,6,0,-124
1754051169.32346,2,0,-118
1754051169.36246,1,-2,-110
1754051169.40046,0,3,-117
1754051169.43646,-1,1,-112
1754051169.47446,-6,0,-123
1754051169.5134602,-8,-1,-116
1754051169.55146,6,-2,-114
1754051169.58746,0,-6,-121
1754051169.62646,3,-2,-125
1754051169.66346,6,-5,-119
1754051169.70246,5,-3,-106
1754051169.7404602,-2,2,-121
1754051169.7764602,-3,-2,-122
1754051169.81446,2,-6,-127
1754051169.85246,2,-10,-113
1754051169.8914602,-5,2,-108
1754051169.9274602,7,0,-122
1754051169.96446,-6,-5,-125
1754051170.00246,-5,-8,-132
1754051170.04146,2,-2,-128
1754051170.07746,0,-7,-110
1754051170.1154602,0,-8,-115
1754051170.15346,1,0,-116
1754051170.19246,4,-6,-128
1754051170.22846,5,-8,-129
1754051170.2664602,0,-8,-135
1754051170.30446,3,-6,-113
1754051170.34346,0,4,-116
1754051170.3814602,-1,0,-113
1754051170.4174602,-1,0,-122
1754051170.45546,-1,-8,-117
1754051170.4934602,0,0,-117
1754051170.5324602,2,-5,-115
1754051170.56846,0,-1,-120
1754051170.60646,0,-8,-124
1754051170.6444602,3,-4,-130
1754051170.68346,-5,2,-127
1754051170.72146,7,5,-123
1754051170.75746,-2,8,-133
1754051170.79546,-2,2,-123
1754051170.83346,0,4,-121
1754051170.87246,-5,4,-118
1754051170.90846,-5,3,-112
1754051170.9474602,-3,0,-133
1754051170.98446,0,1,-129
1754051171.02346,-3,-4,-126
1754051171.06146,1,4,-118
1754051171.09746,8,6,-119
1754051171.1344602,0,5,-128
1754051171.17346,4,1,-133
1754051171.21146,4,-1,-124
1754051171.24746,-2,-4,-125
1754051171.28546,0,-1,-119
1754051171.32346,4,-2,-122
1754051171.36246,0,3,-125
1754051171.39846,6,0,-124
1754051171.43646,12,1,-107
1754051171.47446,2,-2,-123
1754051171.5134602,0,3,-127
1754051171.55146,-5,2,-128
1754051171.58746,0,-8,-119
1754051171.62546,3,0,-134
1754051171.6644602,0,2,-135
1754051171.70246,0,-3,-129
1754051171.73846,1,0,-112
1754051171.77546,0,0,-118
1754051171.81446,0,0,-136
1754051171.85246,3,-2,-130
1754051171.8884602,0,2,-123
1754051171.92546,-2,2,-114
1754051171.96446,-3,0,-114
1754051172.00246,-1,-2,-127
1754051172.03846,1,0,-129
1754051172.0754602,-1,0,-129
1754051172.11346,2,1,-126
1754051172.15246,-2,0,-115
1754051172.18846,2,-3,-122
1754051172.22746,0,-8,-113
1754051172.26446,-7,-5,-123
1754051172.30346,-1,-5,-128
1754051172.33946,1,3,-124
1754051172.37746,3,-2,-122
1754051172.4144602,0,-1,-114
1754051172.45346,-5,0,-133
1754051172.48946,4,1,-134
1754051172.52746,1,2,-119
1754051172.56446,6,9,-121
1754051172.60346,5,-2,-121
1754051172.63946,1,0,-128
1754051172.6774602,0,-1,-131
1754051172.71546,0,-1,-137
1754051172.7534602,1,-6,-135
1754051172.7924602,0,-12,-139
1754051172.82846,5,-8,-118
1754051172.86646,1,-1,-123
1754051172.9044602,3,0,-122
1754051172.94346,0,2,-122
1754051172.97946,-3,2,-124
1754051173.01746,7,-4,-119
1754051173.05546,8,-3,-120
1754051173.09446,-1,-5,-125
1754051173.13246,0,-6,-130
1754051173.16846,0,0,-132
1754051173.20546,-1,-3,-125
1754051173.24446,4,-7,-112
1754051173.2824602,2,-2,-115
1754051173.31846,-8,0,-119
1754051173.35646,-1,-2,-122
1754051173.3944602,-2,-5,-129
1754051173.43346,-2,-3,-129
1754051173.46946,-1,-2,-120
1754051173.50746,-7,-4,-134
1754051173.54546,1,-9,-118
1754051173.58446,0,-5,-125
1754051173.62246,-4,-8,-114
1754051173.65846,-4,-8,-114
1754051173.69646,-1,-1,-124
1754051173.73446,0,0,-118
1754051173.77346,-3,1,-120
1754051173.8094602,0,-1,-126
1754051173.84746,-1,-3,-128
1754051173.88546,-3,0,-129
1754051173.9244602,3,2,-127
1754051173.96246,6,-1,-119
1754051173.99846,7,2,-125
1754051174.03546,-2,1,-128
1754051174.07446,0,-4,-127
1754051174.11246,-9,-2,-129
1754051174.14846,-6,1,-124
1754051174.18646,3,2,-123
1754051174.22446,6,2,-120
1754051174.2634602,6,1,-119
1754051174.2994602,8,-3,-115
1754051174.33746,0,0,-119
1754051174.37546,-1,-7,-118
1754051174.4144602,2,0,-121
1754051174.4504602,0,1,-112
1754051174.48746,1,4,-124
1754051174.52546,0,-4,-119
1754051174.56446,0,1,-104
1754051174.60046,-3,3,-107
1754051174.63746,0,0,-111
1754051174.67546,2,-5,-124
1754051174.71446,8,-2,-123
1754051174.75046,-3,-5,-129
1754051174.78846,2,-1,-122
1754051174.82646,-6,2,-130
1754051174.86446,-6,-5,-115
1754051174.90346,0,-5,-114
1754051174.93946,1,-8,-116
1754051174.97746,5,-5,-115
1754051175.01546,-1,7,-132
1754051175.05446,3,3,-115
1754051175.09046,3,10,-129
1754051175.12746,-3,1,-124
1754051175.16546,-3,2,-125
1754051175.20446,5,0,-118
1754051175.2404602,-2,6,-123
1754051175.27846,5,5,-113
1754051175.31646,0,-3,-117
1754051175.3554602,7,-2,-120
1754051175.39346,6,-1,-120
1754051175.42946,2,-1,-128
1754051175.4674602,2,-4,-122
1754051175.50546,7,1,-121
1754051175.54446,0,6,-118
1754051175.58046,0,-4,-117
1754051175.61746,-3,-8,-114
1754051175.65546,-7,-5,-124
1754051175.6944602,0,-8,-130
1754051175.7304602,-4,-12,-125
1754051175.7694602,-2,-5,-119
1754051175.80646,2,-5,-117
1754051175.8454602,5,-4,-113
1754051175.88346,0,-5,-111
1754051175.91946,-2,0,-116
1754051175.9574602,1,-4,-117
1754051175.99546,-2,-2,-102
1754051176.03446,3,0,-113
1754051176.07046,2,-3,-121
1754051176.1084602,0,-1,-134
1754051176.14646,2,2,-122
1754051176.18546,3,2,-120
1754051176.2234602,-1,1,-118
1754051176.2594602,-3,1,-117
1754051176.29746,2,-1,-122
1754051176.3354602,5,2,-123
1754051176.37446,6,5,-125
1754051176.41046,-2,1,-131
1754051176.44846,-3,0,-117
1754051176.4864602,1,1,-126
1754051176.52546,-2,-4,-123
1754051176.56146,-6,-3,-126
1754051176.59946,-2,-2,-120
1754051176.64546,3,-3,-118
1754051176.68146,0,-3,-128
1754051176.7204602,6,3,-116
1754051176.75746,1,4,-123
1754051176.79546,1,-9,-124
1754051176.83446,1,-4,-115
1754051176.87046,3,-2,-128
1754051176.90846,2,-4,-125
1754051176.94646,-5,-4,-117
1754051176.98546,0,-2,-122
1754051177.02146,2,-3,-122
1754051177.0594602,2,-4,-122
1754051177.09746,4,-6,-117
1754051177.13546,0,-3,-130
1754051177.1744602,-2,-6,-122
1754051177.2104602,5,-9,-113
1754051177.24846,2,-4,-121
1754051177.2864602,1,-5,-126
1754051177.3254602,4,-1,-122
1754051177.3614602,1,0,-110
1754051177.39846,8,-1,-115
1754051177.43646,7,1,-114
1754051177.47546,5,-7,-123
1754051177.51146,0,-1,-124
1754051177.5494602,0,-2,-132
1754051177.58746,-1,-1,-125
1754051177.62646,6,-5,-120
1754051177.6644602,3,-5,-128
1754051177.7004602,4,-4,-122
1754051177.73846,1,0,-128
1754051177.7764602,-1,-3,-129
1754051177.8154602,-1,-3,-127
1754051177.85146,0,-7,-116
1754051177.88946,-1,0,-119
1754051177.92846,2,0,-130
1754051177.96646,2,-3,-120
1754051178.00446,6,-2,-121
1754051178.04046,0,-4,-122
1754051178.07846,1,-1,-129
1754051178.11646,-2,-6,-135
1754051178.15546,4,-5,-136
1754051178.19146,2,-4,-118
1754051178.22946,0,-6,-128
1754051178.26846,-6,-1,-124
1754051178.30646,-3,-1,-121
1754051178.34446,1,-5,-122
1754051178.3814602,-2,-7,-119
1754051178.41846,1,0,-116
1754051178.45646,6,2,-123
1754051178.49546,-3,2,-124
1754051178.53146,0,-2,-115
1754051178.56846,-3,-1,-118
1754051178.60646,0,-2,-119
1754051178.64546,-2,-3,-110
1754051178.68146,0,-3,-124
1754051178.71946,-5,-2,-124
1754051178.75746,7,-2,-121
1754051178.7964602,4,-5,-122
1754051178.8324602,-11,-2,-111
1754051178.87046,-9,3,-123
1754051178.90846,-5,-1,-121
1754051178.94646,-6,0,-127
1754051178.98546,3,-1,-112
1754051179.02146,0,0,-128
1754051179.05846,3,-3,-129
1754051179.09646,-1,0,-119
1754051179.13546,0,1,-130
1754051179.1714602,-1,-2,-132
1754051179.20946,-2,0,-134
1754051179.24746,0,-5,-129
1754051179.2864602,-5,-7,-120
1754051179.3224602,1,-8,-118
1754051179.36046,4,-5,-125
1754051179.39846,4,-4,-131
1754051179.4374602,0,-4,-128
1754051179.47546,1,-1,-115
1754051179.51146,1,-2,-114
1754051179.5494602,6,-2,-106
1754051179.58746,10,-4,-121
1754051179.62646,0,-5,-116
1754051179.66246,2,-3,-120
1754051179.7004602,3,-4,-114
1754051179.73846,2,0,-114
1754051179.77746,5,-7,-123
1754051179.8154602,12,2,-127
1754051179.85146,2,-2,-123
1754051179.88946,0,-12,-136
1754051179.92846,-4,-10,-113
1754051179.96646,0,-1,-122
1754051180.00246,0,-1,-118
1754051180.04046,7,-2,-107
1754051180.07846,8,-1,-116
1754051180.11746,3,-4,-119
1754051180.15546,6,2,-106
1754051180.19146,0,-2,-115
1754051180.22846,-4,1,-116
1754051180.26746,3,3,-121
1754051180.30546,5,-3,-118
1754051180.34146,3,-4,-115
1754051180.37946,-4,0,-123
1754051180.4174602,-5,0,-113
1754051180.45646,2,-9,-118
1754051180.49246,0,-8,-125
1754051180.53046,6,-2,-117
1754051180.56846,0,-3,-120
1754051180.60746,1,-6,-121
1754051180.64346,-4,-6,-115
1754051180.68246,7,0,-109
1754051180.71946,6,3,-121
1754051180.75746,-3,-4,-125
1754051180.7964602,-3,-10,-132
1754051180.8324602,-4,-8,-127
1754051180.87046,-2,-6,-116
1754051180.90846,-1,-6,-117
1754051180.9474602,-3,-6,-119
1754051180.9834602,0,-5,-133
1754051181.02146,2,-3,-123
1754051181.0594602,3,-3,-119
1754051181.09746,6,-1,-131
1754051181.13646,11,-4,-119
1754051181.17246,3,1,-118
1754051181.20946,-5,0,-130
1754051181.24746,5,-6,-121
1754051181.2864602,1,0,-112
1754051181.3224602,4,-1,-129
1754051181.36046,2,-2,-128
1754051181.39946,6,-4,-122
1754051181.4374602,9,4,-125
1754051181.4734602,4,1,-122
1754051181.51046,4,-2,-118
1754051181.54846,3,-1,-117
1754051181.58746,-1,-3,-116
1754051181.62346,-1,-2,-130
1754051181.66246,-2,4,-121
1754051181.69946,4,7,-130
1754051181.73846,-6,1,-116
1754051181.7764602,-4,0,-115
1754051181.8124602,3,-1,-115
1754051181.85046,0,6,-118
1754051181.8884602,-6,2,-117
1754051181.9274602,-2,-7,-128
1754051181.9634602,-10,-4,-121
1754051182.00146,-2,-7,-120
1754051182.04046,9,8,-126
1754051182.07846,2,-3,-132
1754051182.11646,-1,0,-134
1754051182.15246,-3,0,-138
1754051182.1904602,-5,-1,-143
1754051182.22846,2,3,-146
1754051182.26746,2,-2,-122
1754051182.30346,3,0,-117
1754051182.34046,2,-4,-121
1754051182.3784602,4,-3,-114
1754051182.4174602,4,0,-116
1754051182.45346,0,-7,-114
1754051182.49146,-1,-4,-118
1754051182.5294602,1,-7,-119
1754051182.56846,6,-1,-125
1754051182.60446,2,-4,-133
1754051182.64246,0,-3,-120
1754051182.68046,-4,-1,-129
1754051182.71846,-3,0,-130
1754051182.75746,0,-4,-118
1754051182.79346,2,0,-119
1754051182.8324602,-1,0,-125
1754051182.87046,-3,3,-124
1754051182.90846,-2,-5,-118
1754051182.9444602,4,1,-119
1754051182.98146,10,3,-131
1754051183.0194602,2,-4,-128
1754051183.05846,2,-2,-120
1754051183.09446,0,-1,-134
1754051183.13246,-2,-8,-125
1754051183.17046,5,-1,-132
1754051183.20846,-1,-1,-125
1754051183.24746,4,-7,-133
1754051183.28346,0,-6,-126
1754051183.32046,-1,1,-118
1754051183.35946,1,-2,-116
1754051183.39746,5,0,-121
1754051183.43346,6,2,-122
1754051183.4704602,6,0,-112
1754051183.5094602,1,2,-123
1754051183.54746,-4,-8,-121
1754051183.58346,-5,-9,-122
1754051183.6214602,-1,-3,-121
1754051183.65946,1,0,-118
1754051183.69846,3,-4,-116
1754051183.73446,12,0,-114
1754051183.77246,10,0,-117
1754051183.81046,0,-3,-124
1754051183.84946,5,0,-125
1754051183.88746,1,-1,-124
1754051183.92346,-1,-11,-122
1754051183.96146,-2,-6,-120
1754051183.99946,5,1,-122
1754051184.03846,5,9,-123
1754051184.07446,0,6,-127
1754051184.11246,1,0,-122
1754051184.14946,0,-3,-112
1754051184.18846,8,4,-119
1754051184.22446,8,0,-116
1754051184.26146,8,-4,-117
1754051184.2994602,1,-6,-119
1754051184.3384602,6,-6,-113
1754051184.37446,0,-2,-110
1754051184.41246,2,2,-110
1754051184.4504602,2,0,-127
1754051184.48946,-6,-3,-123
1754051184.52746,-8,0,-113
1754051184.56346,-10,4,-120
1754051184.60146,-4,1,-115
1754051184.64046,-1,-3,-125
1754051184.67846,0,-4,-119
1754051184.71446,-4,-8,-118
1754051184.7534602,-1,0,-114
1754051184.79046,-1,0,-120
1754051184.82946,2,0,-120
1754051184.8654602,-6,0,-112
1754051184.90246,-6,-1,-130
1754051184.9404602,3,6,-121
1754051184.97946,-1,10,-115
1754051185.01546,7,1,-122
1754051185.05346,4,3,-128
1754051185.09046,1,-3,-123
1754051185.12946,2,-4,-118
1754051185.16546,3,-5,-114
1754051185.20346,0,-5,-122
1754051185.24146,-2,-2,-118
1754051185.2794602,1,-4,-123
1754051185.31846,1,0,-124
1754051185.35446,0,3,-137
1754051185.3914602,-5,0,-124
1754051185.42946,3,2,-114
1754051185.46846,-2,-1,-113
1754051185.50446,-8,-2,-117
1754051185.5424602,-6,0,-125
1754051185.58046,-3,4,-120
1754051185.61946,2,3,-119
1754051185.65546,-5,-3,-125
1754051185.69346,1,-7,-128
1754051185.73146,-2,-8,-125
1754051185.77046,-3,4,-120
1754051185.80846,-8,-1,-126
1754051185.84446,-8,-1,-121
1754051185.88246,-3,7,-116
1754051185.92046,-4,-4,-118
1754051185.95946,-7,-1,-125
1754051185.99546,-3,0,-119
1754051186.03346,-5,-5,-122
1754051186.07146,-6,-2,-116
1754051186.11046,-5,0,-120
1754051186.14846,-3,0,-114
1754051186.1844602,3,-2,-121
1754051186.22246,-1,0,-115
1754051186.26146,0,0,-121
1754051186.2994602,-1,-4,-129
1754051186.3354602,1,-3,-133
1754051186.37346,5,0,-121
1754051186.4114602,5,-4,-114
1754051186.4504602,-4,-2,-113
1754051186.48846,0,0,-129
1754051186.52446,0,0,-117
1754051186.56146,-1,0,-118
1754051186.60046,-1,-1,-118
1754051186.6384602,4,-6,-119
1754051186.68246,5,5,-130
1754051186.72146,9,-3,-118
1754051186.7594602,4,-2,-125
1754051186.79546,5,0,-127
1754051186.83346,13,6,-118
1754051186.8714602,0,0,-125
1754051186.91046,-4,0,-130
1754051186.94646,-3,-7,-121
1754051186.98446,-2,2,-127
1754051187.02246,2,-3,-124
1754051187.06046,7,3,-119
1754051187.09946,0,0,-127
1754051187.13546,0,4,-120
1754051187.17246,-6,3,-128
1754051187.2104602,2,0,-128
1754051187.24946,0,4,-129
1754051187.28546,2,-5,-124
1754051187.32346,0,-8,-124
1754051187.3614602,2,-6,-123
1754051187.40046,-2,0,-116
1754051187.4374602,0,-2,-121
1754051187.47446,6,3,-125
1754051187.51246,-2,-7,-114
1754051187.55146,3,-6,-121
1754051187.58946,5,-4,-117
1754051187.62546,5,1,-124
1754051187.66246,0,-1,-122
1754051187.70146,-7,-6,-116
1754051187.73946,-2,2,-131
1754051187.77546,2,-2,-121
1754051187.81346,-2,-4,-123
1754051187.85146,4,-4,-130
1754051187.89046,6,4,-129
1754051187.92646,6,1,-129
1754051187.9634602,6,0,-130
1754051188.00246,7,-5,-121
1754051188.04146,0,-6,-124
1754051188.07946,1,0,-117
1754051188.1154602,4,-2,-126
1754051188.15346,1,-6,-129
1754051188.19146,0,0,-133
1754051188.2304602,2,4,-130
1754051188.2664602,3,5,-132
1754051188.30446,5,4,-130
1754051188.34146,3,0,-120
1754051188.38046,-2,-3,-127
1754051188.41646,0,-4,-131
1754051188.45446,1,1,-120
1754051188.49246,-2,2,-117
1754051188.53146,0,0,-119
1754051188.5694602,0,-3,-119
1754051188.6054602,2,-4,-126
1754051188.64346,3,3,-122
1754051188.68146,-4,0,-117
1754051188.7204602,-8,4,-109
1754051188.7564602,0,0,-120
1754051188.79346,2,2,-125
1754051188.83146,-2,2,-116
1754051188.87046,7,0,-115
1754051188.90646,2,3,-124
1754051188.94346,7,0,-131
1754051188.98146,8,-4,-127
1754051189.02046,7,-4,-122
1754051189.05646,3,0,-121
1754051189.09346,-6,-7,-120
1754051189.1314602,6,-7,-125
1754051189.17046,2,-8,-134
1754051189.20646,3,-10,-115
1754051189.24446,-6,-8,-123
1754051189.2824602,-3,1,-118
1754051189.32146,3,-3,-108
1754051189.35746,-5,0,-110
1754051189.39646,0,0,-120
1754051189.43346,-7,-8,-126
1754051189.47146,2,0,-119
1754051189.51046,-3,2,-122
1754051189.5464602,1,-2,-127
1754051189.58446,7,-1,-122
1754051189.62246,-2,-2,-122
1754051189.6614602,0,-3,-122
1754051189.6974602,5,0,-108
1754051189.73446,2,-3,-113
1754051189.77246,0,-3,-120
1754051189.81146,-1,3,-133
1754051189.84746,0,0,-131
1754051189.8844602,5,-1,-120
1754051189.92246,6,0,-115
1754051189.96146,0,-5,-110
1754051189.99746,-4,-3,-116
1754051190.03546,3,-3,-120
1754051190.07346,-6,2,-125
1754051190.11246,0,1,-120
1754051190.15046,-4,3,-123
1754051190.18646,2,2,-123
1754051190.2234602,1,-2,-133
1754051190.26246,10,-5,-122
1754051190.30046,1,-8,-125
1754051190.33646,4,-3,-134
1754051190.37446,4,-3,-130
1754051190.41246,-4,-1,-125
1754051190.45146,-1,-3,-115
1754051190.48746,-1,-1,-116
1754051190.52546,-2,0,-117
1754051190.56346,-2,-5,-116
1754051190.60246,-2,1,-115
1754051190.64046,1,3,-124
1754051190.67646,9,1,-113
1754051190.7134602,3,-2,-125
1754051190.75246,-5,0,-124
1754051190.79046,-7,-2,-123
1754051190.82646,-3,0,-116
1754051190.86446,-4,-3,-130
1754051190.90246,0,-4,-113
1754051190.94146,-1,-1,-116
1754051190.97746,1,-1,-114
1754051191.01546,6,0,-121
1754051191.05346,-3,3,-134
1754051191.0924602,2,-1,-129
1754051191.1284602,-8,-4,-122
1754051191.16646,-7,-1,-119
1754051191.20446,-8,-5,-117
1754051191.24246,4,-4,-113
1754051191.28146,5,-8,-121
1754051191.31746,-1,-6,-111
1754051191.3554602,-3,-7,-118
1754051191.39346,5,-11,-118
1754051191.43246,12,-2,-122
1754051191.46846,5,0,-125
1754051191.5064602,0,0,-125
1754051191.54446,5,-5,-125
1754051191.58346,0,3,-129
1754051191.6214602,-12,0,-135
1754051191.6574602,-1,0,-123
1754051191.6944602,0,0,-123
1754051191.7334602,0,-3,-120
1754051191.77146,7,-6,-125
1754051191.80746,4,-3,-119
1754051191.8454602,-4,-4,-123
1754051191.88346,-4,-1,-107
1754051191.92246,3,-2,-115
1754051191.95846,-3,0,-108
1754051191.99546,-2,0,-110
1754051192.03346,0,-4,-117
1754051192.0724602,-5,-7,-123
1754051192.1084602,-1,0,-125
1754051192.14646,0,-3,-127
1754051192.1844602,7,0,-106
1754051192.2234602,0,-5,-125
1754051192.26146,-3,0,-133
1754051192.29746,-4,-6,-124
1754051192.3354602,0,-1,-111
1754051192.37346,7,-6,-114
1754051192.41246,1,0,-124
1754051192.44846,5,2,-127
1754051192.48546,1,-3,-124
1754051192.52446,1,0,-130
1754051192.5624602,0,-5,-114
1754051192.5984602,0,0,-121
1754051192.63546,4,-2,-111
1754051192.6744602,1,-1,-131
1754051192.71246,-5,-1,-115
1754051192.74846,0,-7,-118
1754051192.78746,2,-7,-126
1754051192.82446,-1,-3,-116
1754051192.86346,-2,-6,-117
1754051192.89946,4,-6,-110
1754051192.9374602,0,-1,-110
1754051192.97546,8,-8,-123
1754051193.0134602,5,1,-134
1754051193.0524602,3,-6,-136
1754051193.0884602,-2,-3,-133
1754051193.12646,-1,-2,-119
1754051193.1644602,0,-3,-125
1754051193.20346,0,2,-115
1754051193.23946,0,-3,-114
1754051193.27746,5,-2,-123
1754051193.31646,0,2,-126
1754051193.35346,-1,1,-110
1754051193.39246,-2,-6,-118
1754051193.42946,0,0,-125
1754051193.46646,-2,0,-127
1754051193.50446,0,4,-120
1754051193.54346,0,8,-123
1754051193.57946,2,0,-132
1754051193.61646,1,-1,-127
1754051193.6544602,2,0,-124
1754051193.69346,10,0,-127
1754051193.72946,9,4,-117
1754051193.7664602,2,0,-120
1754051193.80446,2,8,-120
1754051193.84346,4,1,-119
1754051193.87946,6,-5,-121
1754051193.9174602,1,-6,-120
1754051193.95546,8,2,-111
1754051193.99446,6,-4,-127
1754051194.0324602,13,5,-122
1754051194.06846,6,0,-114
1754051194.1054602,1,7,-121
1754051194.1444602,8,5,-131
1754051194.18246,6,3,-122
1754051194.21846,0,-4,-106
1754051194.25546,1,-3,-117
1754051194.29446,5,-5,-126
1754051194.3324602,-1,-11,-133
1754051194.3684602,1,-12,-135
1754051194.40646,-4,-6,-128
1754051194.4444602,5,-7,-113
1754051194.4834602,6,-5,-121
1754051194.5194602,-3,-8,-119
1754051194.55746,-2,-1,-121
1754051194.5954602,4,1,-112
1754051194.6344602,1,-6,-125
1754051194.67246,4,-7,-126
1754051194.70846,7,-4,-116
1754051194.7464602,5,-6,-111
1754051194.78446,4,-4,-115
1754051194.82346,2,0,-130
1754051194.85946,8,-5,-126
1754051194.89746,1,-3,-117
1754051194.93546,1,-3,-122
1754051194.97446,-7,-5,-125
1754051195.01046,-3,-3,-123
1754051195.0494602,0,-7,-123
1754051195.08646,-4,0,-125
1754051195.12446,-3,-7,-133
1754051195.16346,-2,-5,-130
1754051195.19946,-1,-5,-129
1754051195.23746,-6,-10,-133
1754051195.27546,0,-5,-137
1754051195.31446,-6,-5,-123
1754051195.35046,0,-2,-131
1754051195.38746,6,3,-131
1754051195.42546,7,-3,-120
1754051195.46446,-1,-4,-116
1754051195.50046,0,-5,-117
1754051195.53746,-9,-9,-117
1754051195.57646,3,-3,-121
1754051195.61446,-2,-4,-119
1754051195.65046,0,-3,-126
1754051195.6874602,5,0,-125
1754051195.72546,-2,-4,-122
1754051195.76446,-9,-1,-117
1754051195.80046,0,-1,-110
1754051195.83746,3,1,-126
1754051195.87546,6,-1,-120
1754051195.9144602,7,-2,-121
1754051195.9504602,3,-3,-123
1754051195.98846,2,-2,-114
1754051196.0264602,7,1,-117
1754051196.0654602,-4,-4,-109
1754051196.10346,-2,-4,-122
1754051196.13946,0,-1,-125
1754051196.1774602,-3,-1,-119
1754051196.21546,2,-6,-121
1754051196.25446,4,-3,-127
1754051196.29046,8,-2,-123
1754051196.32846,9,-2,-126
1754051196.36646,7,0,-117
1754051196.40546,9,2,-110
1754051196.44346,3,1,-108
1754051196.47946,-1,2,-124
1754051196.51746,1,0,-125
1754051196.55546,3,-3,-119
1754051196.59446,1,0,-118
1754051196.63046,1,-1,-116
1754051196.66846,0,1,-113
1754051196.71446,12,-9,-119
1754051196.75046,5,-10,-114
1754051196.78846,3,-1,-110
1754051196.82746,5,5,-113
1754051196.8654602,9,-2,-127
1754051196.90346,4,1,-126
1754051196.93946,-2,2,-128
1754051196.97746,0,4,-119
1754051197.01546,0,1,-127
1754051197.05446,-1,2,-115
1754051197.09046,0,0,-111
1754051197.12746,2,1,-110
1754051197.16646,0,0,-113
1754051197.20446,9,3,-119
1754051197.2404602,4,-4,-133
1754051197.27846,5,-2,-124
1754051197.31646,1,-5,-128
1754051197.3554602,2,1,-128
1754051197.3914602,2,-6,-136
1754051197.42946,0,-3,-121
1754051197.4674602,2,-9,-121
1754051197.50546,4,-8,-124
1754051197.54446,3,0,-116
1754051197.58046,8,1,-112
1754051197.6184602,5,-2,-114
1754051197.65646,10,-1,-119
1754051197.69546,0,-2,-119
1754051197.73146,-4,-2,-120
1754051197.77046,-7,-1,-121
1754051197.80746,-1,-6,-117
1754051197.8454602,-1,2,-113
1754051197.8844602,-5,-3,-124
1754051197.92046,5,-1,-125
1754051197.95846,-1,-2,-128
1754051197.9964602,-2,-8,-125
1754051198.03546,1,-4,-125
1754051198.07146,0,0,-123
1754051198.1084602,-1,7,-126
1754051198.14646,0,5,-126
1754051198.18546,0,-1,-129
1754051198.22146,-3,-4,-126
1754051198.2594602,0,5,-115
1754051198.29746,2,9,-127
1754051198.33646,6,4,-125
1754051198.37446,3,0,-125
1754051198.41046,5,2,-131
1754051198.4474602,3,-2,-121
1754051198.4864602,2,-4,-119
1754051198.52446,4,2,-115
1754051198.56046,3,0,-128
1754051198.59746,6,-4,-123
1754051198.63646,9,-7,-120
1754051198.6744602,-1,4,-123
1754051198.7104602,8,-5,-121
1754051198.74946,5,-3,-124
1754051198.7864602,-1,-4,-137
1754051198.8254602,1,1,-130
1754051198.8614602,3,3,-116
1754051198.89946,2,5,-129
1754051198.9374602,-9,0,-119
1754051198.97646,-4,-11,-121
1754051199.01446,-3,-6,-117
1754051199.05046,-5,-1,-110
1754051199.0884602,0,0,-120
1754051199.12746,4,-2,-122
1754051199.16546,-4,-3,-122
1754051199.20146,0,-1,-112
1754051199.23846,2,-8,-120
1754051199.27746,0,-5,-121
1754051199.3154602,-4,1,-119
1754051199.35146,1,-4,-122
1754051199.38946,0,-7,-124
1754051199.4274602,0,-8,-111
1754051199.46646,2,-6,-125
1754051199.50246,-2,-8,-118
1754051199.54046,-4,-3,-122
1754051199.57846,-8,-13,-132
1754051199.61646,-8,-3,-129
1754051199.65546,0,-2,-124
1754051199.69146,-4,-7,-126
1754051199.72946,-7,-1,-120
1754051199.76746,-4,1,-122
1754051199.80646,4,1,-118
1754051199.8424602,-1,-5,-122
1754051199.88046,3,0,-129
1754051199.91846,6,-1,-129
1754051199.9574602,1,-1,-124
1754051199.99546,4,-2,-129
1754051200.03146,5,-4,-120
1754051200.0694602,10,-5,-130
1754051200.10746,0,0,-120
1754051200.14646,-1,0,-113
1754051200.18246,-3,2,-116
1754051200.2204602,2,2,-133
1754051200.25846,8,0,-130
1754051200.29746,0,-1,-119
1754051200.3354602,-1,5,-118
1754051200.3714602,-2,2,-113
1754051200.40946,0,3,-120
1754051200.4474602,8,5,-108
1754051200.4864602,0,2,-116
1754051200.52246,-2,0,-120
1754051200.56046,4,-2,-130
1754051200.59946,1,-4,-117
1754051200.63746,8,-1,-121
1754051200.67546,5,5,-118
1754051200.71146,7,7,-119
1754051200.74946,5,3,-131
1754051200.78746,0,0,-130
1754051200.82646,2,8,-123
1754051200.86246,0,8,-124
1754051200.89946,-4,0,-120
1754051200.9374602,-1,0,-125
1754051200.97646,-2,-7,-131
1754051201.01246,-6,-4,-123
1754051201.05046,0,-4,-115
1754051201.0884602,-6,-10,-126
1754051201.12746,-7,-7,-128
1754051201.16346,-3,-2,-120
1754051201.20146,-2,0,-111
1754051201.23946,-3,0,-113
1754051201.27746,-2,3,-125
1754051201.31646,-8,0,-129
1754051201.35246,-8,-2,-127
1754051201.39046,0,-1,-118
1754051201.42846,10,-7,-117
1754051201.4674602,5,0,-124
1754051201.5034602,6,-4,-121
1754051201.54146,3,-1,-113
1754051201.57946,9,2,-118
1754051201.6184602,-3,-1,-126
1754051201.65646,6,1,-119
1754051201.69246,5,-1,-113
1754051201.7304602,-1,-2,-123
1754051201.76846,-2,4,-122
1754051201.80746,2,5,-115
1754051201.84346,-1,2,-114
1754051201.88246,-2,-4,-117
1754051201.91946,1,0,-129
1754051201.9574602,0,0,-125
1754051201.9964602,7,-3,-132
1754051202.0324602,6,-8,-128
1754051202.07046,2,-4,-124
1754051202.1084602,7,0,-132
1754051202.14746,-1,-4,-127
1754051202.18346,-1,1,-123
1754051202.22146,1,-1,-117
1754051202.2594602,0,-4,-122
1754051202.29846,-6,1,-116
1754051202.33646,-4,-1,-121
1754051202.37246,-5,4,-120
1754051202.41046,-10,3,-118
1754051202.44946,-11,0,-116
1754051202.48746,-1,9,-116
1754051202.52346,0,2,-122
1754051202.56046,-9,0,-123
1754051202.5984602,-9,-7,-136
1754051202.63746,4,-1,-128
1754051202.67346,4,0,-125
1754051202.7104602,3,-5,-122
1754051202.74946,-8,-8,-127
1754051202.78746,5,1,-122
1754051202.82346,0,0,-132
1754051202.86046,-2,-1,-132
1754051202.89946,5,-3,-127
1754051202.9374602,-1,2,-119
1754051202.9734602,4,-3,-121
1754051203.01146,5,0,-120
1754051203.0494602,-1,2,-119
1754051203.0884602,0,-3,-116
1754051203.12646,-2,4,-113
1754051203.16346,0,0,-124
1754051203.20146,4,2,-122
1754051203.23946,-1,1,-123
1754051203.27846,2,5,-125
1754051203.31446,-2,0,-120
1754051203.35246,6,-2,-123
1754051203.39046,-1,1,-126
1754051203.42846,0,4,-126
1754051203.4674602,-2,0,-131
1754051203.5034602,0,3,-123
1754051203.54046,0,0,-119
1754051203.57846,-1,-2,-129
1754051203.61746,1,-3,-125
1754051203.65346,8,-1,-127
1754051203.69146,-4,3,-125
1754051203.72946,4,4,-121
1754051203.76846,1,0,-122
1754051203.80446,-4,3,-126
1754051203.8424602,-2,1,-135
1754051203.88046,-4,-2,-131
1754051203.91946,-1,-6,-125
1754051203.9574602,0,2,-125
1754051203.9934602,-3,3,-120
1754051204.0324602,3,-1,-128
1754051204.0694602,3,-1,-128
1754051204.1084602,8,0,-121
1754051204.14546,-4,-5,-123
1754051204.18246,-5,-2,-124
1754051204.2204602,-4,-4,-129
1754051204.2594602,-4,-9,-129
1754051204.29746,-1,-1,-118
1754051204.33346,-5,-4,-109
1754051204.3714602,1,-7,-112
1754051204.40946,-4,-4,-100
1754051204.44846,-10,-4,-109
1754051204.48446,-7,-1,-121
1754051204.52346,-7,-3,-127
1754051204.56046,-3,-8,-120
1754051204.59946,3,-3,-114
1754051204.63746,3,0,-114
1754051204.67346,11,-3,-131
1754051204.71146,13,-5,-129
1754051204.74946,0,-6,-126
1754051204.78846,2,-4,-126
1754051204.82446,1,-9,-126
1754051204.86246,7,-2,-124
1754051204.90046,2,-9,-118
1754051204.93946,1,-4,-124
1754051204.97746,-1,0,-120
1754051205.0134602,-2,-2,-111
1754051205.05146,2,-1,-122
1754051205.08946,4,-3,-123
1754051205.1284602,6,4,-122
1754051205.1644602,4,-4,-110
1754051205.20346,2,-2,-118
1754051205.2404602,5,-1,-110
1754051205.2794602,0,0,-124
1754051205.31746,4,8,-122
1754051205.35446,5,1,-113
1754051205.39246,0,-5,-122
1754051205.43046,0,-6,-126
1754051205.46946,2,-2,-132
1754051205.50546,5,0,-129
1754051205.5424602,4,0,-129
1754051205.58046,3,0,-122
1754051205.61946,3,2,-115
1754051205.65546,-1,0,-124
1754051205.69346,0,4,-111
1754051205.73246,4,0,-118
1754051205.7694602,2,4,-129
1754051205.80846,10,-3,-124
1754051205.8454602,3,-5,-110
1754051205.88246,0,-2,-120
1754051205.92046,6,2,-105
1754051205.95946,0,-2,-110
1754051205.99546,1,-2,-119
1754051206.03346,-5,-6,-124
1754051206.07146,-7,-1,-125
1754051206.11046,-10,-9,-123
1754051206.14846,-2,-9,-127
1754051206.1844602,-5,-5,-121
1754051206.2234602,5,-1,-123
1754051206.26046,7,1,-121
1754051206.2994602,7,-1,-119
1754051206.3354602,4,0,-121
1754051206.37346,0,2,-125
1754051206.4114602,0,2,-118
1754051206.4504602,-5,2,-126
1754051206.48846,-3,2,-121
1754051206.52446,-1,6,-119
1754051206.5624602,10,3,-123
1754051206.60146,-1,-7,-131
1754051206.63946,4,-2,-122
1754051206.67546,-3,-3,-127
1754051206.72146,0,2,-113
1754051206.7594602,-1,2,-121
1754051206.79546,-3,0,-126
1754051206.83346,3,-1,-131
1754051206.8714602,4,3,-121
1754051206.91046,5,4,-115
1754051206.94846,0,1,-120
1754051206.98446,-2,1,-109
1754051207.02246,2,-1,-118
1754051207.06046,-6,-3,-120
1754051207.09946,5,-5,-114
1754051207.13546,5,-1,-111
1754051207.17346,4,-1,-117
1754051207.21146,5,1,-113
1754051207.25046,8,0,-129
1754051207.28846,3,-3,-117
1754051207.32446,2,1,-117
1754051207.3614602,8,-1,-123
1754051207.40046,4,-6,-135
1754051207.43646,6,-2,-116
1754051207.47446,8,-3,-119
1754051207.51246,6,-1,-123
1754051207.55046,8,0,-122
1754051207.58946,7,-4,-125
1754051207.62546,0,-3,-124
1754051207.66346,0,0,-112
1754051207.70146,0,-7,-116
1754051207.7404602,4,-5,-134
1754051207.7764602,2,2,-128
1754051207.8154602,5,1,-133
1754051207.85246,2,2,-123
1754051207.89046,1,1,-116
1754051207.92946,-3,-3,-120
1754051207.96546,0,2,-124
1754051208.00246,3,0,-120
1754051208.04046,5,-2,-122
1754051208.07946,-1,-10,-121
1754051208.1154602,0,-2,-130
1754051208.15346,-3,-7,-122
1754051208.19146,-3,-7,-125
1754051208.2304602,4,-1,-126
1754051208.2664602,-2,-4,-121
1754051208.30446,3,-1,-116
1754051208.3424602,0,-6,-121
1754051208.3814602,0,4,-124
1754051208.41946,0,4,-124
1754051208.45546,1,-7,-119
1754051208.4934602,-2,-4,-135
1754051208.53146,-6,-2,-127
1754051208.57046,0,2,-124
1754051208.60646,4,1,-127
1754051208.64346,8,1,-123
1754051208.68146,12,-1,-123
1754051208.7204602,3,-4,-122
1754051208.7564602,0,-5,-125
1754051208.79446,-7,0,-115
1754051208.8324602,-5,0,-113
1754051208.8714602,-1,0,-122
1754051208.90946,1,-5,-111
1754051208.94546,-5,-4,-122
1754051208.9834602,-1,-12,-121
1754051209.02146,7,1,-111
1754051209.06046,-3,2,-126
1754051209.09646,-2,0,-118
1754051209.1344602,7,0,-118
1754051209.17246,7,0,-120
1754051209.21146,7,2,-131
1754051209.24946,4,1,-115
1754051209.28546,2,0,-112
1754051209.32346,-5,-4,-119
1754051209.3614602,2,-11,-124
1754051209.40046,9,-2,-119
1754051209.43646,3,-1,-112
1754051209.47446,6,-7,-134
1754051209.51246,0,-2,-122
1754051209.55146,0,-5,-122
1754051209.58746,-1,-6,-126
1754051209.62546,0,-4,-122
1754051209.66346,0,0,-125
1754051209.70146,-2,4,-127
1754051209.7404602,2,-1,-135
1754051209.7764602,-3,2,-132
1754051209.8154602,-1,0,-120
1754051209.85246,-7,2,-125
1754051209.8914602,-2,5,-120
1754051209.92846,-1,-2,-114
1754051209.96546,2,-6,-120
1754051210.0034602,0,-5,-129
1754051210.04146,0,0,-127
1754051210.08046,-1,0,-129
1754051210.11646,11,-9,-129
1754051210.1544602,3,-1,-128
1754051210.19346,2,1,-123
1754051210.23146,10,-4,-124
1754051210.26746,11,-5,-130
1754051210.30546,-2,1,-131
1754051210.34346,-8,0,-131
1754051210.38246,0,6,-136
1754051210.42046,1,2,-132
1754051210.45646,0,0,-130
1754051210.4934602,-2,-2,-131
1754051210.5324602,0,2,-120
1754051210.57046,3,1,-128
1754051210.60646,0,-1,-125
1754051210.64346,1,0,-114
1754051210.68246,0,-6,-121
1754051210.7204602,0,-5,-124
1754051210.7564602,1,0,-120
1754051210.79346,-2,0,-119
1754051210.8324602,-7,-4,-117
1754051210.87046,-5,-1,-127
1754051210.90646,0,-6,-126
1754051210.94346,0,-9,-125
1754051210.98246,-1,-11,-131
1754051211.02046,-2,-9,-126
1754051211.05646,2,-1,-113
1754051211.09446,1,0,-107
1754051211.13246,4,-9,-120
1754051211.1714602,-5,-11,-114
1754051211.2074602,3,-11,-117
1754051211.24546,6,-8,-119
1754051211.28346,3,-8,-123
1754051211.3224602,-4,-5,-127
1754051211.36046,-8,-2,-126
1754051211.39646,-2,-9,-115
1754051211.43546,0,-9,-122
1754051211.47246,2,-15,-117
1754051211.51146,3,-2,-123
1754051211.54746,3,-3,-123
1754051211.5854602,1,-3,-120
1754051211.62346,3,-9,-129
1754051211.66246,9,-5,-131
1754051211.69846,1,-7,-133
1754051211.7364602,6,-1,-128
1754051211.77446,-3,-7,-130
1754051211.8124602,0,-7,-117
1754051211.85146,4,-11,-117
1754051211.88746,5,-7,-114
1754051211.92546,9,2,-120
1754051211.9634602,9,7,-118
1754051212.00246,-4,-5,-127
1754051212.03846,4,-3,-124
1754051212.07646,3,-2,-129
1754051212.1154602,6,0,-124
1754051212.15246,-4,0,-129
1754051212.19146,0,-3,-130
1754051212.22746,-1,-1,-128
1754051212.26546,0,-6,-129
1754051212.30346,-6,3,-130
1754051212.3424602,0,-1,-119
1754051212.3784602,2,-3,-125
1754051212.41646,-1,-2,-117
1754051212.45446,0,0,-109
1754051212.4934602,-2,0,-119
1754051212.53146,-3,-1,-114
1754051212.56746,-5,-5,-110
1754051212.6054602,-4,-3,-129
1754051212.64346,1,5,-131
1754051212.68246,-3,6,-121
1754051212.71946,-2,5,-120
1754051212.7564602,0,0,-122
1754051212.79446,-4,8,-122
1754051212.83346,-5,0,-120
1754051212.8714602,0,-2,-118
1754051212.9074602,-1,3,-120
1754051212.94546,6,2,-128
1754051212.9834602,0,0,-130
1754051213.02246,4,6,-116
1754051213.05846,0,1,-127
1754051213.09646,-3,1,-118
1754051213.1344602,4,-1,-114
1754051213.17346,-2,0,-123
1754051213.21146,-5,0,-131
1754051213.24746,-2,0,-125
1754051213.28546,3,-9,-110
1754051213.32346,-1,-3,-114
1754051213.36246,-2,-2,-114
1754051213.39846,0,0,-126
1754051213.43546,-2,3,-128
1754051213.4734602,-4,7,-137
1754051213.51246,-1,5,-118
1754051213.54846,-3,0,-126
1754051213.5854602,0,0,-109
1754051213.62346,-1,-2,-112
1754051213.66246,0,-7,-118
1754051213.69846,0,0,-120
1754051213.73546,0,3,-123
1754051213.77346,12,0,-124
1754051213.8124602,3,-4,-125
1754051213.8484602,3,2,-120
1754051213.88546,2,-1,-120
1754051213.92346,2,-3,-116
1754051213.96246,-9,-4,-132
1754051213.99846,-10,-4,-118
1754051214.0364602,1,-5,-115
1754051214.07446,2,0,-122
1754051214.11346,-3,-4,-128
1754051214.14946,-3,-2,-128
1754051214.1874602,-3,5,-121
1754051214.22646,2,5,-119
1754051214.2634602,0,3,-132
1754051214.3024602,3,-3,-121
1754051214.3384602,9,-3,-120
1754051214.37646,4,0,-124
1754051214.4144602,0,0,-120
1754051214.45346,-5,3,-124
1754051214.48946,-7,-2,-119
1754051214.52746,6,-2,-129
1754051214.5654602,1,-3,-128
1754051214.60446,4,-5,-123
1754051214.64246,-1,1,-128
1754051214.67846,-1,0,-128
1754051214.71546,2,1,-114
1754051214.75446,-1,0,-115
1754051214.7924602,-1,-1,-123
1754051214.82846,3,1,-120
1754051214.8654602,6,4,-112
1754051214.9044602,14,2,-118
1754051214.94246,10,1,-121
1754051214.97846,6,3,-118
1754051215.01546,3,4,-108
1754051215.05446,2,-2,-110
1754051215.0924602,6,1,-122
1754051215.1284602,4,0,-121
1754051215.16546,0,8,-121
1754051215.20446,-5,2,-122
1754051215.24246,-8,3,-132
1754051215.27846,-1,4,-127
1754051215.31646,-3,1,-119
1754051215.35446,-3,3,-130
1754051215.39346,1,-5,-124
1754051215.42946,0,-4,-123
1754051215.4674602,6,0,-128
1754051215.5064602,1,3,-124
1754051215.54446,5,0,-114
1754051215.5824602,10,3,-121
1754051215.6184602,5,8,-117
1754051215.65646,10,6,-126
1754051215.6944602,4,-7,-123
1754051215.7334602,3,-1,-121
1754051215.7694602,0,1,-127
1754051215.80646,-4,-3,-126
1754051215.84446,2,-4,-123
1754051215.88346,-6,1,-127
1754051215.91946,2,1,-128
1754051215.95646,-1,4,-127
1754051215.99446,-3,4,-125
1754051216.03346,-9,5,-126
1754051216.0694602,-3,7,-130
1754051216.10746,3,2,-130
1754051216.14546,1,1,-116
1754051216.1844602,2,-3,-114
1754051216.2204602,8,-5,-124
1754051216.25846,-3,0,-122
1754051216.2964602,3,-2,-117
1754051216.3354602,3,-5,-113
1754051216.37346,0,-2,-112
1754051216.40946,-3,-3,-123
1754051216.44846,-4,-2,-128
1754051216.48546,-6,0,-120
1754051216.52446,6,0,-127
1754051216.56146,2,1,-122
1754051216.5984602,2,-2,-124
1754051216.63646,8,5,-116
1754051216.67546,2,2,-129
1754051216.7134602,1,-2,-130
1754051216.7564602,7,-7,-118
1754051216.79546,2,-1,-114
1754051216.83346,0,-2,-118
1754051216.86946,-3,0,-117
1754051216.9074602,-6,2,-113
1754051216.94546,3,-4,-114
1754051216.98446,5,0,-116
1754051217.02046,4,-2,-117
1754051217.05846,0,-1,-117
1754051217.09646,6,2,-108
1754051217.13546,3,-5,-122
1754051217.17346,1,-10,-123
1754051217.2104602,7,-4,-120
1754051217.24846,2,-3,-119
1754051217.28546,4,-2,-124
1754051217.32446,0,-2,-124
1754051217.3614602,-2,-1,-121
1754051217.39846,0,-2,-120
1754051217.43646,4,-2,-122
1754051217.47546,2,-4,-117
1754051217.5134602,-2,-5,-108
1754051217.5494602,6,-3,-114
1754051217.58746,3,-4,-126
1754051217.62646,1,0,-123
1754051217.6644602,2,2,-114
1754051217.7004602,3,1,-122
1754051217.73746,4,-3,-115
1754051217.7764602,0,0,-118
1754051217.81446,-4,0,-113
1754051217.85046,-6,-3,-109
1754051217.8884602,4,4,-118
1754051217.92646,-4,0,-117
1754051217.96546,0,0,-115
1754051218.00146,-1,-2,-120
1754051218.0394602,1,-1,-124
1754051218.07746,2,1,-119
1754051218.1154602,7,6,-121
1754051218.1544602,-1,4,-117
1754051218.1904602,-2,-1,-115
1754051218.22846,-3,0,-132
1754051218.2664602,2,10,-134
1754051218.30546,0,8,-140
1754051218.34146,-1,-3,-126
1754051218.37946,4,-4,-117
1754051218.4174602,6,2,-127
1754051218.45546,1,2,-124
1754051218.49446,-1,0,-126
1754051218.53046,2,-5,-123
1754051218.56846,-11,-7,-131
1754051218.60646,-6,-4,-118
1754051218.64546,-5,1,-134
1754051218.68146,-5,-4,-131
1754051218.71946,3,2,-121
1754051218.75746,-6,-4,-121
1754051218.7964602,0,-3,-118
1754051218.83446,10,-2,-121
1754051218.8714602,2,0,-119
1754051218.90846,4,-1,-124
1754051218.94646,5,0,-125
1754051218.98546,3,-2,-134
1754051219.02146,1,1,-133
1754051219.05846,4,-1,-128
1754051219.09646,-3,2,-119
1754051219.13546,-4,6,-120
1754051219.1714602,1,5,-128
1754051219.20846,1,0,-119
1754051219.2464602,-4,0,-129
1754051219.28546,-1,-2,-135
1754051219.32146,-2,-5,-130
1754051219.35946,3,0,-128
1754051219.39846,-1,0,-125
1754051219.43646,-4,-3,-131
1754051219.47446,-2,-4,-124
1754051219.51046,-4,0,-127
1754051219.54846,-3,1,-119
1754051219.58646,0,4,-128
1754051219.62546,-4,0,-127
1754051219.6614602,-5,-5,-121
1754051219.69946,-1,0,-130
1754051219.73746,-1,3,-139
1754051219.7764602,4,-8,-135
1754051219.8124602,3,0,-129
1754051219.84946,1,0,-123
1754051219.88746,1,-2,-118
1754051219.92646,2,-5,-125
1754051219.96246,2,-2,-124
1754051220.00046,6,-4,-119
1754051220.03846,10,1,-121
1754051220.07646,1,2,-129
1754051220.1154602,1,-1,-131
1754051220.15246,1,3,-134
1754051220.18946,4,-6,-120
1754051220.22746,-2,-4,-129
1754051220.2664602,2,0,-125
1754051220.3024602,2,-2,-127
1754051220.34046,-3,-5,-115
1754051220.3784602,3,-2,-123
1754051220.41646,-1,0,-123
1754051220.45546,2,9,-125
1754051220.49146,-2,2,-130
1754051220.5294602,-1,-8,-117
1754051220.56746,5,-1,-108
1754051220.60646,0,-11,-121
1754051220.64246,-1,-3,-121
1754051220.68146,-2,0,-123
1754051220.71846,0,-7,-125
1754051220.75746,2,-7,-128
1754051220.79546,-2,-2,-124
1754051220.83146,0,4,-111
1754051220.8684602,-5,2,-116
1754051220.9074602,-1,0,-123
1754051220.94546,2,-2,-131
1754051220.98146,7,-6,-120
1754051221.0194602,0,-6,-114
1754051221.05746,1,4,-130
1754051221.09646,3,4,-123
1754051221.13246,7,-6,-135
1754051221.17046,9,-7,-130
1754051221.20846,3,0,-126
1754051221.24746,1,-7,-114
1754051221.28546,-3,-11,-117
1754051221.32146,5,-6,-111
1754051221.35946,0,-3,-123
1754051221.39746,-1,0,-121
1754051221.43646,1,3,-123
1754051221.47246,-5,6,-109
1754051221.51146,3,0,-113
1754051221.54846,-2,-6,-123
1754051221.58746,0,-6,-117
1754051221.62546,-1,-1,-115
1754051221.6614602,0,5,-125
1754051221.69846,7,-2,-114
1754051221.73746,0,0,-117
1754051221.77546,0,1,-123
1754051221.81146,0,-2,-125
1754051221.84946,5,-5,-128
1754051221.88746,7,-7,-116
1754051221.92646,0,-4,-117
1754051221.96246,-3,-10,-117
1754051222.00046,1,-13,-115
1754051222.03846,1,-3,-123
1754051222.07746,5,4,-121
1754051222.11346,7,0,-128
1754051222.15046,2,-6,-124
1754051222.18846,3,-4,-137
1754051222.22746,6,-1,-129
1754051222.2634602,-3,-1,-137
1754051222.3024602,-2,0,-119
1754051222.33946,1,3,-133
1754051222.37746,0,-1,-129
1754051222.41646,0,-4,-124
1754051222.45246,3,1,-123
1754051222.48946,6,-4,-122
1754051222.52746,5,0,-122
1754051222.56646,1,-3,-123
1754051222.60246,8,-4,-122
1754051222.64046,0,-3,-120
1754051222.67846,4,-4,-132
1754051222.7174602,-3,1,-117
1754051222.7534602,0,-2,-129
1754051222.79146,-9,0,-118
1754051222.82946,5,-4,-123
1754051222.8684602,4,0,-123
1754051222.90646,6,2,-119
1754051222.94246,-1,-4,-126
1754051222.98146,9,-7,-129
1754051223.01846,4,-2,-130
1754051223.05746,1,-1,-113
1754051223.09446,0,-6,-116
1754051223.1314602,2,0,-118
1754051223.16946,9,-5,-117
1754051223.20846,0,-4,-127
1754051223.2464602,-4,-5,-124
1754051223.2824602,-1,-6,-124
1754051223.32046,0,-1,-125
1754051223.3584602,2,0,-128
1754051223.39746,0,5,-116
1754051223.43346,-5,-3,-113
1754051223.47246,0,1,-121
1754051223.5094602,0,6,-120
1754051223.54846,-1,0,-112
1754051223.58646,-1,-9,-112
1754051223.62246,0,-3,-117
1754051223.66046,-2,1,-123
1754051223.69846,3,-4,-122
1754051223.73746,5,0,-122
1754051223.77346,1,-2,-110
1754051223.81146,1,-7,-119
1754051223.84946,1,5,-116
1754051223.8884602,2,2,-119
1754051223.92646,-1,4,-120
1754051223.96246,7,0,-119
1754051224.00046,5,-4,-116
1754051224.03846,2,0,-106
1754051224.07746,-5,-2,-107
1754051224.11346,0,0,-114
1754051224.15046,3,3,-125
1754051224.18946,2,-3,-124
1754051224.22746,-2,0,-121
1754051224.2634602,5,-2,-124
1754051224.3024602,0,-4,-113
1754051224.33946,1,-1,-124
1754051224.3784602,6,-3,-117
1754051224.4144602,-3,-6,-123
1754051224.45246,2,-1,-118
1754051224.4904602,5,1,-123
1754051224.52846,0,1,-125
1754051224.56746,6,1,-129
1754051224.60346,1,0,-130
1754051224.64046,-4,-5,-125
1754051224.67846,0,-11,-122
1754051224.7174602,3,-13,-127
1754051224.7534602,0,-6,-113
1754051224.79146,-3,-7,-120
1754051224.82946,-5,-6,-118
1754051224.8684602,-5,-13,-130
1754051224.9044602,0,-7,-129
1754051224.94246,2,-11,-119
1754051224.9804602,2,-6,-116
1754051225.0194602,0,-6,-120
1754051225.05746,-1,-4,-123
1754051225.09446,1,-4,-107
1754051225.1314602,1,-7,-105
1754051225.16946,-3,-6,-117
1754051225.20846,12,-3,-114
1754051225.24446,12,-8,-128
1754051225.2824602,-2,-2,-116
1754051225.32046,1,-7,-109
1754051225.35946,-3,-7,-125
1754051225.39746,-3,1,-128
1754051225.43346,-2,-5,-123
1754051225.47246,3,5,-115
1754051225.5094602,0,-1,-120
1754051225.54846,1,-9,-122
1754051225.58446,3,-4,-123
1754051225.62246,3,-1,-124
1754051225.66046,0,-9,-114
1754051225.69946,5,-2,-126
1754051225.73746,-2,-5,-112
1754051225.77346,4,-3,-113
1754051225.81146,7,-6,-115
1754051225.84946,3,-6,-107
1754051225.8884602,2,-8,-125
1754051225.9244602,3,-2,-129
1754051225.96246,-6,-3,-126
1754051226.00046,-2,5,-112
1754051226.0394602,3,-5,-112
1754051226.0754602,1,-7,-118
1754051226.11346,4,-6,-120
1754051226.1514602,13,-8,-128
1754051226.18946,-4,-10,-128
1754051226.22846,3,-9,-123
1754051226.26446,3,-3,-118
1754051226.3024602,0,1,-118
1754051226.34046,6,-1,-120
1754051226.37946,4,-2,-117
1754051226.41546,0,2,-130
1754051226.45246,-3,0,-131
1754051226.4904602,6,-3,-117
1754051226.5294602,3,-7,-127
1754051226.5654602,2,-2,-126
1754051226.60446,7,-3,-126
1754051226.6414602,2,-7,-123
1754051226.67946,0,-8,-120
1754051226.71846,-4,-5,-121
1754051226.76246,3,2,-118
1754051226.80146,-4,3,-121
1754051226.83946,-3,0,-116
1754051226.87546,4,0,-124
1754051226.91246,2,-4,-122
1754051226.9504602,-2,0,-119
1754051226.98946,0,-1,-116
1754051227.02546,4,0,-118
1754051227.0624602,1,-7,-119
1754051227.10046,5,1,-112
1754051227.13946,-1,-3,-120
1754051227.17546,-4,-3,-133
1754051227.21446,5,3,-134
1754051227.25146,1,-1,-124
1754051227.29046,8,-4,-111
1754051227.32846,1,-11,-119
1754051227.36446,5,2,-120
1754051227.40246,0,-2,-110
1754051227.4404602,-1,-3,-113
1754051227.47846,-6,5,-114
1754051227.51446,4,1,-109
1754051227.5524602,6,-1,-109
1754051227.59046,3,-3,-126
1754051227.6284602,1,2,-104
1754051227.6644602,1,0,-113
1754051227.70146,-1,-2,-117
1754051227.7404602,0,-2,-127
1754051227.77846,-1,3,-123
1754051227.81446,0,-1,-121
1754051227.85246,4,-5,-115
1754051227.89046,1,-1,-118
1754051227.92946,-1,-1,-124
1754051227.96546,3,-2,-123
1754051228.0034602,-2,-1,-114
1754051228.04146,1,-2,-122
1754051228.08046,5,-3,-125
1754051228.11646,6,5,-134
1754051228.1544602,1,0,-129
1754051228.19246,0,-10,-122
1754051228.23146,4,3,-122
1754051228.2694602,5,-2,-133
1754051228.30546,7,0,-125
1754051228.3424602,7,0,-123
1754051228.38046,-3,-5,-127
1754051228.41946,-4,-1,-115
1754051228.45546,-3,-4,-118
1754051228.49446,-3,-4,-129
1754051228.53146,0,-6,-129
1754051228.57046,-3,-2,-119
1754051228.60646,0,-3,-119
1754051228.6444602,-11,2,-120
1754051228.68246,3,3,-115
1754051228.7204602,0,-2,-123
1754051228.7594602,-2,0,-125
1754051228.79546,5,-1,-123
1754051228.83346,-2,-8,-122
1754051228.8714602,-6,-3,-125
1754051228.91046,-6,-6,-120
1754051228.94646,-3,-6,-109
1754051228.98546,-1,-1,-116
1754051229.02246,0,0,-114
1754051229.06146,-1,6,-113
1754051229.09946,2,1,-120
1754051229.13546,11,-2,-129
1754051229.17346,6,0,-128
1754051229.21146,6,-1,-123
1754051229.25046,4,0,-132
1754051229.2864602,-5,1,-123
1754051229.32446,0,2,-124
1754051229.36246,-3,0,-126
1754051229.4014602,10,-6,-120
1754051229.43946,6,6,-116
1754051229.47546,-1,6,-108
1754051229.5134602,-4,3,-120
1754051229.55146,-1,2,-119
1754051229.59046,-2,4,-121
1754051229.62646,-5,2,-118
1754051229.6644602,1,-1,-116
1754051229.70246,2,-2,-125
1754051229.74146,1,0,-124
1754051229.7794602,-1,-3,-108
1754051229.8154602,-5,-1,-120
1754051229.85346,6,-2,-120
1754051229.8914602,6,-1,-122
1754051229.93046,-6,-2,-125
1754051229.96646,2,2,-127
1754051230.00446,4,-5,-125
1754051230.0424602,3,0,-132
1754051230.08146,10,0,-122
1754051230.11946,7,-9,-123
1754051230.15546,4,-6,-116
1754051230.1944602,5,0,-129
1754051230.23146,0,-3,-133
1754051230.27046,-2,1,-126
1754051230.30646,0,1,-138
1754051230.34346,-2,-1,-119
1754051230.3814602,0,-5,-114
1754051230.42046,9,5,-120
1754051230.45646,4,-1,-120
1754051230.49446,2,-4,-117
1754051230.5324602,-3,-10,-127
1754051230.57146,4,1,-132
1754051230.60746,1,-2,-132
1754051230.64546,1,-7,-121
1754051230.68346,-1,-4,-123
1754051230.72246,2,3,-126
1754051230.76046,-1,8,-123
1754051230.7964602,3,4,-123
1754051230.83446,-1,1,-115
1754051230.87246,-2,-3,-116
1754051230.9114602,-4,0,-118
1754051230.9474602,-1,1,-116
1754051230.98546,2,-4,-114
1754051231.02346,0,4,-105
1754051231.0624602,-1,-1,-103
1754051231.10046,7,-5,-109
1754051231.13646,-7,-8,-115
1754051231.1744602,2,-6,-120
1754051231.21246,2,-3,-110
1754051231.25146,-1,-4,-129
1754051231.28746,-8,1,-126
1754051231.3254602,-3,2,-119
1754051231.36346,6,0,-126
1754051231.40246,2,1,-132
1754051231.4404602,3,3,-120
1754051231.47646,1,-1,-109
1754051231.51546,3,2,-121
1754051231.5524602,4,1,-119
1754051231.59146,3,2,-118
1754051231.62746,4,3,-118
1754051231.66546,6,0,-115
1754051231.70346,1,1,-113
1754051231.74246,9,0,-123
1754051231.78046,3,-1,-125
1754051231.81646,1,-1,-123
1754051231.85446,-2,0,-131
1754051231.89246,-7,-1,-131
1754051231.93146,0,-3,-124
1754051231.9674602,4,0,-118
1754051232.00446,-1,-5,-111
1754051232.0424602,5,-7,-119
1754051232.08146,3,-3,-127
1754051232.11746,-3,3,-121
1754051232.15646,-4,-2,-119
1754051232.19346,-4,-1,-109
1754051232.23246,-1,0,-121
1754051232.2694602,7,-4,-124
1754051232.30646,7,0,-117
1754051232.34446,12,0,-120
1754051232.38246,10,1,-123
1754051232.4214602,-1,-2,-117
1754051232.4574602,-6,-8,-115
1754051232.49546,-4,0,-120
1754051232.53346,-5,0,-122
1754051232.5724602,-3,-1,-115
1754051232.6084602,2,0,-113
1754051232.64546,2,-1,-124
1754051232.68346,1,1,-123
1754051232.72246,7,-3,-124
1754051232.75846,10,-6,-128
1754051232.7964602,0,-4,-119
1754051232.83446,6,-7,-118
1754051232.87246,-1,-2,-117
1754051232.9114602,0,2,-122
1754051232.9474602,-7,4,-108
1754051232.9864602,4,-4,-113
1754051233.02346,10,-5,-112
1754051233.0624602,-2,-5,-115
1754051233.0984602,0,-2,-112
1754051233.13646,2,-4,-118
1754051233.1744602,-7,-1,-127
1754051233.2134602,-6,0,-129
1754051233.25146,-1,1,-124
1754051233.28746,0,1,-124
1754051233.32446,-1,-5,-123
1754051233.36346,-1,-10,-122
1754051233.4014602,5,-7,-110
1754051233.4374602,5,2,-117
1754051233.47546,0,0,-126
1754051233.5134602,3,6,-121
1754051233.5524602,-4,4,-124
1754051233.5884602,-1,0,-123
1754051233.62646,0,2,-116
1754051233.66546,1,-2,-121
1754051233.70346,-1,-7,-124
1754051233.74146,0,-3,-121
1754051233.77746,0,-5,-118
1754051233.8154602,-13,2,-112
1754051233.85346,1,-2,-121
1754051233.89246,2,-5,-118
1754051233.92846,-1,0,-121
1754051233.96546,-5,-1,-123
1754051234.0034602,-1,-5,-123
1754051234.0424602,-3,-1,-126
1754051234.07846,1,1,-110
1754051234.1154602,-4,0,-115
1754051234.15346,0,-4,-125
1754051234.19246,0,3,-126
1754051234.22846,2,-1,-120
1754051234.2664602,0,6,-128
1754051234.30446,1,6,-130
1754051234.34346,3,1,-117
1754051234.37946,-2,-6,-115
1754051234.4174602,0,-3,-130
1754051234.45646,-6,5,-126
1754051234.4934602,0,-4,-127
1754051234.5324602,4,0,-121
1754051234.56846,0,0,-117
1754051234.60646,-1,0,-110
1754051234.64346,0,-5,-131
1754051234.68246,0,-4,-121
1754051234.71846,1,0,-119
1754051234.75546,3,-2,-129
1754051234.79346,-2,0,-118
1754051234.8324602,-2,10,-114
1754051234.8684602,1,3,-112
1754051234.90546,-5,4,-116
1754051234.94346,5,-3,-114
1754051234.98246,1,0,-117
1754051235.01846,7,-6,-110
1754051235.05646,4,-1,-103
1754051235.0954602,-2,0,-119
1754051235.13346,-2,-3,-118
1754051235.16946,0,-3,-120
1754051235.2074602,4,-4,-116
1754051235.24546,4,-7,-121
1754051235.28446,3,-6,-120
1754051235.3224602,1,1,-111
1754051235.3584602,0,2,-118
1754051235.39546,-1,1,-120
1754051235.4344602,-5,0,-122
1754051235.47246,5,-6,-125
1754051235.50846,1,1,-118
1754051235.54546,-1,-1,-119
1754051235.58446,5,0,-116
1754051235.62246,9,-5,-123
1754051235.65846,3,-5,-112
1754051235.69646,-2,3,-115
1754051235.73446,-1,8,-137
1754051235.77346,2,5,-130
1754051235.8094602,8,3,-132
1754051235.84746,0,0,-118
1754051235.88646,-2,4,-111
1754051235.9244602,0,0,-111
1754051235.96246,0,-2,-116
1754051235.99846,-2,-6,-110
1754051236.0364602,10,4,-122
1754051236.07446,8,-1,-119
1754051236.11346,2,1,-114
1754051236.14946,8,-3,-125
1754051236.1874602,0,-3,-129
1754051236.22546,0,-5,-121
1754051236.26446,0,-6,-132
1754051236.3024602,2,4,-130
1754051236.33946,5,1,-125
1754051236.37746,0,3,-129
1754051236.4144602,1,-1,-124
1754051236.45346,-4,6,-121
1754051236.48946,-3,4,-116
1754051236.52746,2,5,-119
1754051236.5654602,0,-4,-110
1754051236.60446,6,-5,-121
1754051236.64046,9,0,-124
1754051236.6774602,5,-2,-127
1754051236.71546,-3,3,-122
1754051236.75446,2,0,-123
1754051236.79746,4,0,-128
1754051236.8354602,6,1,-131
1754051236.87446,5,0,-104
1754051236.91046,3,0,-115
1754051236.9474602,-6,-1,-123
1754051236.98546,0,-1,-123
1754051237.02446,8,4,-121
1754051237.06046,4,2,-116
1754051237.0984602,5,0,-115
1754051237.13646,3,0,-117
1754051237.1744602,3,3,-122
1754051237.2134602,4,1,-126
1754051237.24946,5,-2,-130
1754051237.28846,7,-8,-116
1754051237.3254602,4,-4,-119
1754051237.36446,1,-1,-125
1754051237.40046,0,-2,-131
1754051237.43846,-3,4,-118
1754051237.47646,-2,-1,-126
1754051237.51546,-4,-3,-117
1754051237.55346,2,-5,-114
1754051237.58946,4,-3,-116
1754051237.62746,0,1,-122
1754051237.66646,2,3,-125
1754051237.70446,4,0,-125
1754051237.7404602,1,6,-134
1754051237.77746,-4,1,-129
1754051237.8154602,-5,0,-127
1754051237.85446,-1,0,-125
1754051237.89046,-1,-4,-121
1754051237.92946,5,-1,-124
1754051237.96646,2,-4,-132
1754051238.00546,2,1,-125
1754051238.04346,2,-2,-129
1754051238.07946,-1,0,-123
1754051238.11746,1,1,-108
1754051238.15546,4,7,-116
1754051238.1944602,12,1,-119
1754051238.2304602,12,-7,-120
1754051238.26846,4,-6,-121
1754051238.30646,5,-9,-119
1754051238.3454602,-1,-6,-120
1754051238.38346,-4,4,-123
1754051238.41946,-6,1,-121
1754051238.4574602,-5,0,-108
1754051238.49546,3,-3,-116
1754051238.53446,0,-5,-112
1754051238.57046,0,-5,-130
1754051238.6084602,8,-1,-123
1754051238.64646,-3,-6,-112
1754051238.68546,-1,-1,-114
1754051238.72146,1,5,-111
1754051238.75846,8,-1,-116
1754051238.7964602,3,-1,-123
1754051238.8354602,0,-3,-122
1754051238.8714602,2,7,-133
1754051238.90846,-2,-8,-116
1754051238.94646,2,-9,-121
1754051238.98546,2,-3,-129
1754051239.02146,7,-5,-132
1754051239.0594602,-1,-6,-122
1754051239.09746,4,-2,-115
1754051239.13546,0,0,-126
1754051239.1744602,2,8,-115
1754051239.2104602,2,4,-124
1754051239.24946,-2,7,-120
1754051239.2864602,-8,0,-117
1754051239.3254602,-7,3,-129
1754051239.3614602,-5,4,-119
1754051239.39946,-3,-3,-112
1754051239.4374602,10,0,-121
1754051239.47646,10,1,-108
1754051239.51446,7,0,-121
1754051239.55046,3,-8,-120
1754051239.5884602,3,-2,-122
1754051239.62646,-2,-2,-112
1754051239.66546,-5,1,-119
1754051239.70146,-5,1,-113
1754051239.7404602,3,-5,-119
1754051239.77746,0,-8,-115
1754051239.81646,0,-8,-116
1754051239.85446,3,-10,-116
1754051239.89046,-2,-6,-127
1754051239.92946,-1,-1,-122
1754051239.96646,0,-2,-126
1754051240.00546,-3,0,-126
1754051240.04146,4,0,-114
1754051240.07946,12,-1,-121
1754051240.11646,8,1,-116
1754051240.15546,0,-1,-122
1754051240.19146,3,0,-122
1754051240.22946,3,4,-122
1754051240.2664602,4,4,-106
1754051240.30546,-1,3,-115
1754051240.34146,0,-3,-112
1754051240.37946,-1,-10,-120
1754051240.41646,2,-6,-129
1754051240.45546,0,-3,-119
1754051240.49146,0,-8,-130
1754051240.5294602,-4,-5,-126
1754051240.56646,0,-2,-121
1754051240.6054602,0,0,-127
1754051240.6414602,1,-1,-134
1754051240.67946,0,6,-122
1754051240.7174602,9,-1,-128
1754051240.7564602,3,1,-121
1754051240.7924602,0,-5,-121
1754051240.82946,3,-3,-116
1754051240.86746,0,-1,-110
1754051240.90646,0,0,-117
1754051240.94246,0,6,-121
1754051240.97946,-2,-1,-120
1754051241.01746,4,4,-104
1754051241.05646,4,0,-118
1754051241.0924602,-2,0,-119
1754051241.12946,2,0,-107
1754051241.1674602,7,-7,-105
1754051241.20646,9,-1,-102
1754051241.24246,9,0,-109
1754051241.2794602,1,-3,-118
1754051241.31746,1,0,-114
1754051241.35646,1,-2,-116
1754051241.39246,-1,-4,-123
1754051241.43046,0,5,-112
1754051241.46946,1,-5,-120
1754051241.50746,1,-6,-132
1754051241.54546,5,-2,-131
1754051241.58146,6,0,-126
1754051241.61946,3,1,-119
1754051241.6574602,0,5,-114
1754051241.69646,1,0,-117
1754051241.73246,-6,1,-116
1754051241.77046,-2,0,-118
1754051241.80846,-2,-2,-120
1754051241.84746,0,-6,-119
1754051241.88546,-2,-3,-125
1754051241.9214602,-1,-8,-119
1754051241.95946,-3,-7,-122
1754051241.99746,-2,-12,-116
1754051242.0364602,-9,-8,-111
1754051242.07346,0,7,-121
1754051242.11046,0,5,-125
1754051242.14846,6,-2,-137
1754051242.1874602,1,0,-124
1754051242.22546,0,5,-116
1754051242.26146,10,3,-117
1754051242.29846,2,-1,-134
1754051242.33746,2,-3,-120
1754051242.37546,0,-7,-123
1754051242.4114602,0,-4,-127
1754051242.4504602,-8,-2,-115
1754051242.48746,-3,3,-120
1754051242.5264602,1,-1,-121
1754051242.5624602,11,-4,-113
1754051242.60046,2,0,-130
1754051242.6384602,-6,0,-122
1754051242.6774602,0,4,-122
1754051242.7134602,2,-7,-125
1754051242.75146,5,-3,-124
1754051242.7894602,3,-1,-115
1754051242.82746,0,-2,-125
1754051242.86646,-5,1,-125
1754051242.90246,-3,-3,-130
1754051242.9404602,-3,-9,-113
1754051242.97846,1,-6,-114
1754051243.01746,-5,0,-124
1754051243.05446,-1,3,-130
1754051243.09146,-1,1,-121
1754051243.12946,-4,-1,-130
1754051243.1674602,2,-3,-125
1754051243.20646,0,-2,-128
1754051243.24246,-1,-2,-111
1754051243.28046,-2,-2,-121
1754051243.31846,-1,0,-123
1754051243.35746,2,0,-110
1754051243.39346,2,-2,-111
1754051243.43146,0,-5,-120
1754051243.46946,5,-9,-116
1754051243.50746,5,5,-113
1754051243.5464602,6,2,-114
1754051243.5824602,5,-5,-126
1754051243.62046,-2,2,-120
1754051243.65846,2,0,-113
1754051243.6974602,-3,-3,-116
1754051243.7334602,-2,-4,-117
1754051243.77146,0,2,-116
1754051243.8094602,-3,1,-114
1754051243.8484602,-5,-2,-110
1754051243.88646,1,-3,-113
1754051243.92246,4,-3,-109
1754051243.9604602,3,-3,-114
1754051243.99846,0,0,-123
1754051244.03746,0,0,-113
1754051244.07346,1,-2,-120
1754051244.1114602,1,-1,-122
1754051244.15046,5,1,-121
1754051244.18846,-10,-1,-128
1754051244.22646,-3,-2,-120
1754051244.26246,3,0,-135
1754051244.30046,-7,-3,-124
1754051244.3384602,-6,-7,-122
1754051244.37746,3,-4,-122
1754051244.41346,3,-4,-116
1754051244.45146,-3,4,-115
1754051244.48946,-5,0,-129
1754051244.52846,1,1,-128
1754051244.56646,0,0,-122
1754051244.60246,0,-5,-121
1754051244.64046,1,-1,-127
1754051244.67846,5,-7,-133
1754051244.7174602,0,-5,-122
1754051244.7534602,1,-3,-121
1754051244.79146,-2,-5,-119
1754051244.83046,0,-3,-127
1754051244.8684602,4,-9,-113
1754051244.9044602,-1,0,-119
1754051244.94246,5,-2,-121
1754051244.9804602,9,-4,-115
1754051245.01846,0,2,-119
1754051245.05746,1,2,-115
1754051245.09346,1,-3,-119
1754051245.1314602,4,-11,-127
1754051245.16946,2,-6,-117
1754051245.20846,1,-7,-122
1754051245.24446,-1,-4,-126
1754051245.2824602,1,-6,-125
1754051245.32146,0,-3,-129
1754051245.3584602,5,-2,-129
1754051245.39746,-4,-6,-131
1754051245.43346,-1,-2,-124
1754051245.47146,-11,-1,-118
1754051245.5094602,-5,-5,-125
1754051245.54846,5,-3,-117
1754051245.58446,5,-1,-119
1754051245.62246,-1,-3,-132
1754051245.66046,3,-4,-124
1754051245.69946,3,-2,-127
1754051245.73746,0,-4,-120
1754051245.77346,-1,-5,-124
1754051245.81146,-2,-2,-119
1754051245.84946,1,-3,-121
1754051245.8884602,4,-5,-128
1754051245.9244602,0,6,-133
1754051245.96146,1,-1,-136
1754051246.00046,2,1,-128
1754051246.03846,2,0,-135
1754051246.07446,3,0,-127
1754051246.1114602,-5,-9,-120
1754051246.14946,6,3,-124
1754051246.18846,5,0,-113
1754051246.22446,6,1,-129
1754051246.26146,1,-2,-130
1754051246.30046,-3,-4,-121
1754051246.3384602,-7,-6,-133
1754051246.37446,-2,-9,-136
1754051246.41246,-1,-4,-121
1754051246.4504602,5,-3,-117
1754051246.48946,5,-2,-117
1754051246.52746,3,6,-122
1754051246.56346,5,8,-123
1754051246.60046,3,-1,-122
1754051246.63946,6,1,-120
1754051246.6774602,-3,-1,-112
1754051246.71446,2,1,-114
1754051246.75146,0,0,-130
1754051246.7894602,0,0,-130
1754051246.83346,-9,-7,-130
1754051246.8714602,2,-2,-122
1754051246.90946,2,-4,-125
1754051246.94846,0,-3,-118
1754051246.98446,-3,0,-117
1754051247.02246,2,-1,-127
1754051247.06046,0,-9,-125
1754051247.09946,2,-6,-132
1754051247.13546,-2,-11,-120
1754051247.17346,4,-7,-112
1754051247.21146,6,-5,-118
1754051247.24946,4,0,-119
1754051247.28846,5,-4,-128
1754051247.32446,-2,0,-129
1754051247.36246,0,0,-127
1754051247.40046,-2,-5,-114
1754051247.43946,-1,1,-127
1754051247.47546,-8,-1,-124
1754051247.5134602,-5,0,-111
1754051247.55146,-1,-8,-113
1754051247.58946,1,-6,-122
1754051247.6284602,-1,-6,-120
1754051247.6644602,4,0,-136
1754051247.70146,-2,5,-139
1754051247.7404602,1,1,-125
1754051247.77846,11,-5,-134
1754051247.81446,9,1,-140
1754051247.85146,4,5,-130
1754051247.89046,-1,-5,-116
1754051247.92846,1,0,-118
1754051247.96446,1,0,-117
1754051248.00146,0,-3,-116
1754051248.04046,4,1,-121
1754051248.07846,3,-6,-121
1754051248.11446,0,-9,-121
1754051248.15246,-2,-3,-111
1754051248.19146,0,-1,-112
1754051248.22946,-2,3,-121
1754051248.26546,4,7,-131
1754051248.30346,-2,-1,-125
1754051248.34146,1,-4,-143
1754051248.38046,-2,0,-137
1754051248.41846,5,-3,-119
1754051248.45446,5,-1,-124
1754051248.49246,-2,1,-133
1754051248.53046,0,-2,-126
1754051248.5694602,6,4,-122
1754051248.6054602,4,-2,-119
1754051248.64346,-3,1,-136
1754051248.68146,-3,-5,-124
1754051248.7204602,-1,-4,-111
1754051248.75846,2,7,-118
1754051248.79446,0,1,-113
1754051248.8324602,0,1,-124
1754051248.8714602,7,3,-120
1754051248.90946,1,2,-129
1754051248.94546,-5,0,-118
1754051248.98446,-8,-2,-126
1754051249.02146,0,-2,-125
1754051249.06046,3,-7,-114
1754051249.09746,1,-6,-101
1754051249.1344602,-4,-1,-120
1754051249.17246,0,-6,-121
1754051249.2104602,-1,-6,-123
1754051249.24946,5,-5,-109
1754051249.28546,6,-9,-124
1754051249.32346,3,-5,-117
1754051249.3614602,6,-2,-123
1754051249.40046,4,1,-112
1754051249.43646,4,0,-121
1754051249.47446,7,1,-133
1754051249.51246,-3,-5,-131
1754051249.55146,3,-6,-127
1754051249.58946,1,-7,-118
1754051249.62546,-2,-5,-124
1754051249.66346,-1,-5,-115
1754051249.70146,1,0,-110
1754051249.7404602,3,4,-115
1754051249.7764602,0,3,-116
1754051249.81446,0,-5,-121
1754051249.85146,2,-4,-127
1754051249.89046,1,-1,-129
1754051249.92646,-2,-3,-125
1754051249.96446,2,-6,-120
1754051250.00246,-4,1,-130
1754051250.04146,-1,3,-121
1754051250.07946,0,2,-113
1754051250.1154602,0,1,-114
1754051250.15246,-2,0,-124
1754051250.19146,-4,2,-134
1754051250.22946,2,0,-131
1754051250.26546,3,0,-128
1754051250.3024602,2,-1,-124
1754051250.34146,2,0,-124
1754051250.37946,10,-5,-121
1754051250.41546,11,-2,-117
1754051250.45346,-5,-4,-123
1754051250.49146,-2,-4,-125
1754051250.53046,1,-4,-125
1754051250.56646,7,0,-124
1754051250.6054602,6,-4,-126
1754051250.64246,4,-6,-125
1754051250.68146,2,-2,-114
1754051250.71946,1,-4,-117
1754051250.7564602,0,-12,-123
1754051250.79446,5,-6,-132
1754051250.8324602,-1,-1,-121
1754051250.8714602,3,-4,-118
1754051250.90946,-2,-5,-119
1754051250.94546,2,-7,-116
1754051250.98446,5,4,-123
1754051251.02246,1,0,-120
1754051251.06046,-6,-2,-129
1754051251.09646,-2,0,-135
1754051251.1344602,-4,-5,-123
1754051251.17246,-2,-5,-126
1754051251.21146,-1,0,-132
1754051251.24746,-3,-6,-117
1754051251.28546,0,-7,-119
1754051251.32346,-2,-4,-109
1754051251.3614602,1,-11,-120
1754051251.40046,-2,-3,-120
1754051251.43646,0,0,-127
1754051251.4734602,1,-3,-127
1754051251.51146,10,-1,-131
1754051251.55046,3,1,-121
1754051251.58646,0,-2,-129
1754051251.62446,-5,-4,-123
1754051251.66246,2,4,-128
1754051251.70146,-2,0,-120
1754051251.73746,-7,-3,-123
1754051251.77546,-4,-5,-130
1754051251.81446,-1,-7,-122
1754051251.85246,-1,-6,-115
1754051251.89046,-5,0,-121
1754051251.92646,-6,0,-128
1754051251.96446,-7,-2,-123
1754051252.00246,0,-3,-123
1754051252.04146,2,-2,-108
1754051252.07746,0,0,-124
1754051252.11446,-2,0,-126
1754051252.15246,0,-4,-119
1754051252.19146,-1,-2,-117
1754051252.22746,0,-9,-137
1754051252.26546,3,0,-126
1754051252.30346,10,-3,-127
1754051252.3424602,7,-3,-118
1754051252.38046,6,-5,-108
1754051252.41646,2,-3,-112
1754051252.45546,-3,1,-122
1754051252.49246,-5,3,-127
1754051252.53146,-1,0,-127
1754051252.56746,5,-6,-127
1754051252.60446,0,-7,-124
1754051252.64246,0,-7,-132
1754051252.68146,-5,-8,-124
1754051252.7174602,0,-1,-127
1754051252.75546,-3,-2,-120
1754051252.79346,2,0,-126
1754051252.8324602,2,3,-106
1754051252.87046,0,2,-119
1754051252.90646,0,1,-114
1754051252.94346,-2,-5,-109
1754051252.98246,-1,-10,-111
1754051253.01846,-5,-6,-120
1754051253.05646,0,-4,-125
1754051253.09446,1,-2,-117
1754051253.13246,-1,-3,-123
1754051253.1714602,3,3,-123
1754051253.2074602,1,5,-113
1754051253.24546,6,7,-120
1754051253.28346,0,4,-123
1754051253.3224602,0,-6,-126
1754051253.3584602,2,0,-128
1754051253.39546,3,-4,-121
1754051253.43346,0,-4,-118
1754051253.47246,2,0,-122
1754051253.50846,9,0,-120
1754051253.54546,5,-3,-125
1754051253.58346,4,-5,-121
1754051253.62246,3,-1,-128
1754051253.65846,8,-1,-118
1754051253.69646,-1,0,-122
1754051253.73546,0,-4,-126
1754051253.77246,9,0,-122
1754051253.81146,0,-2,-114
1754051253.8484602,2,-5,-124
1754051253.88546,5,-4,-126
1754051253.92346,-3,-7,-135
1754051253.96246,1,-9,-117
1754051253.99846,-4,-10,-113
1754051254.0364602,-2,-9,-109
1754051254.07446,3,-9,-113
1754051254.11346,5,-5,-122
1754051254.1514602,0,-1,-135
1754051254.1874602,1,-8,-120
1754051254.22646,1,-4,-118
1754051254.2634602,0,-4,-126
1754051254.3024602,9,-7,-128
1754051254.3384602,11,-9,-122
1754051254.37646,7,-2,-114
1754051254.41546,3,-5,-108
1754051254.45346,0,-2,-120
1754051254.49146,3,-14,-106
1754051254.52746,0,-10,-101
1754051254.5654602,0,-3,-122
1754051254.60346,4,3,-132
1754051254.64246,8,0,-126
1754051254.67846,5,-2,-117
1754051254.71646,2,-7,-121
1754051254.75446,0,-3,-121
1754051254.79346,1,3,-119
1754051254.83146,2,2,-119
1754051254.86746,-1,-3,-115
1754051254.90646,-6,-3,-110
1754051254.94346,0,-6,-119
1754051254.98246,7,5,-119
1754051255.01846,4,-3,-115
1754051255.05646,3,-3,-116
1754051255.09446,1,-11,-110
1754051255.13346,0,-2,-117
1754051255.16946,3,0,-119
1754051255.20646,2,9,-107
1754051255.24446,-2,-1,-111
1754051255.28346,-2,1,-121
1754051255.3194602,0,0,-121
1754051255.35646,-2,2,-114
1754051255.3944602,9,-2,-106
1754051255.43346,4,2,-111
1754051255.46946,7,0,-115
1754051255.5064602,1,0,-107
1754051255.54446,-3,1,-109
1754051255.58346,0,-2,-115
1754051255.61946,3,-6,-123
1754051255.6574602,1,-4,-124
1754051255.69546,0,0,-119
1754051255.7334602,4,0,-120
1754051255.77246,4,0,-108
1754051255.80846,3,0,-115
1754051255.8454602,-2,-2,-120
1754051255.88346,-2,-1,-122
1754051255.92246,0,-1,-124
1754051255.95846,7,-5,-119
1754051255.9964602,0,-5,-115
1754051256.03446,6,-1,-132
1754051256.07346,-1,-7,-120
1754051256.10946,4,-13,-121
1754051256.14746,-1,-7,-107
1754051256.18646,-2,2,-121
1754051256.22446,-4,-6,-123
1754051256.26246,-4,-8,-112
1754051256.29846,8,-10,-118
1754051256.33646,0,-5,-122
1754051256.37446,1,-1,-131
1754051256.41346,-5,-5,-130
1754051256.44946,2,-8,-110
1754051256.48746,2,-5,-116
1754051256.52546,3,-6,-118
1754051256.56446,-2,0,-118
1754051256.60246,0,3,-121
1754051256.6384602,4,0,-117
1754051256.67546,4,2,-119
1754051256.71446,7,1,-120
1754051256.75246,-1,-7,-119
1754051256.78846,0,-4,-125
1754051256.8254602,1,0,-125
1754051256.86946,3,-2,-114
1754051256.9074602,4,0,-105
1754051256.94546,-4,-4,-111
1754051256.98446,0,-7,-107
1754051257.02246,4,-6,-123
1754051257.05846,4,-8,-119
1754051257.09646,-6,-11,-129
1754051257.1344602,-7,-4,-127
1754051257.17346,-4,-5,-126
1754051257.20946,0,-8,-122
1754051257.24746,-1,-5,-113
1754051257.2864602,1,-1,-118
1754051257.32446,8,1,-107
1754051257.36046,2,-1,-110
1754051257.39946,3,-3,-117
1754051257.43646,1,-5,-124
1754051257.47546,8,-10,-130
1754051257.5134602,-2,-5,-121
1754051257.5494602,2,-7,-116
1754051257.58746,0,-5,-112
1754051257.62546,1,0,-126
1754051257.6644602,6,0,-120
1754051257.7004602,7,-3,-115
1754051257.73746,-6,1,-116
1754051257.77546,0,4,-115
1754051257.81446,1,0,-109
1754051257.85046,-1,-1,-109
1754051257.88946,3,-3,-124
1754051257.9274602,0,-6,-127
1754051257.96446,4,0,-120
1754051258.0034602,0,-3,-115
1754051258.04046,0,2,-121
1754051258.07746,1,3,-128
1754051258.11646,5,0,-122
1754051258.1544602,1,-3,-115
1754051258.1904602,0,0,-112
1754051258.22746,3,-10,-123
1754051258.2664602,2,0,-125
1754051258.30446,-6,0,-118
1754051258.34046,0,0,-108
1754051258.37746,5,4,-117
1754051258.41646,-2,-2,-126
1754051258.45446,-4,-2,-120
1754051258.4904602,1,-8,-115
1754051258.52846,-7,-5,-125
1754051258.56646,-7,-4,-129
1754051258.6054602,0,-9,-133
1754051258.64346,5,-5,-133
1754051258.67946,4,-5,-122
1754051258.7174602,3,0,-115
1754051258.75546,0,0,-117
1754051258.79446,0,-1,-118
1754051258.83046,2,-6,-122
1754051258.8684602,2,-7,-119
1754051258.9074602,0,-5,-140
1754051258.94546,-4,-3,-131
1754051258.9834602,1,-4,-118
1754051259.0194602,-5,2,-110
1754051259.05746,5,0,-121
1754051259.0954602,1,0,-130
1754051259.1344602,-6,0,-119
1754051259.17046,-2,0,-117
1754051259.20846,-4,4,-113
1754051259.2464602,-1,-3,-121
1754051259.28546,1,1,-121
1754051259.32146,8,-1,-118
1754051259.35946,7,-2,-114
1754051259.39746,-2,-2,-114
1754051259.43546,-4,2,-119
1754051259.47446,0,0,-122
1754051259.51046,-9,4,-117
1754051259.54846,-2,0,-116
1754051259.58646,0,-1,-105
1754051259.62546,-7,-5,-111
1754051259.6614602,3,-10,-122
1754051259.69946,-3,-8,-110
1754051259.73746,-8,-1,-112
1754051259.77546,0,-7,-110
1754051259.81446,0,-1,-118
1754051259.85046,-5,-4,-123
1754051259.8884602,4,1,-120
1754051259.92646,-2,-1,-123
1754051259.96546,-2,-3,-117
1754051260.00146,2,-3,-114
1754051260.0394602,8,1,-130
1754051260.07746,0,-4,-116
1754051260.11646,2,-1,-115
1754051260.1544602,0,-3,-119
1754051260.1904602,0,-2,-130
1754051260.22846,3,-5,-120
1754051260.2664602,9,-7,-117
1754051260.30546,1,-7,-115
1754051260.34146,-1,-1,-115
1754051260.37946,9,-1,-120
1754051260.4174602,11,2,-124
1754051260.45646,8,0,-118
1754051260.49446,5,-2,-134
1754051260.53046,8,2,-129
1754051260.56746,6,1,-120
1754051260.60646,0,-9,-113
1754051260.6444602,0,4,-116
1754051260.68046,4,-5,-124
1754051260.71846,-3,0,-121
1754051260.7564602,2,-2,-113
1754051260.79546,1,-2,-116
1754051260.83146,7,-4,-121
1754051260.87046,7,-6,-130
1754051260.9074602,1,-4,-127
1754051260.94646,7,-5,-125
1754051260.98446,-3,-2,-122
1754051261.02046,5,-3,-120
1754051261.05846,0,-2,-121
1754051261.09646,1,-8,-119
1754051261.13546,6,0,-118
1754051261.1714602,9,-1,-109
1754051261.20946,3,-4,-125
1754051261.24746,8,-5,-123
1754051261.2864602,9,-3,-122
1754051261.3224602,10,0,-122
1754051261.35946,1,-4,-127
1754051261.39746,-1,-1,-110
1754051261.43646,-1,3,-113
1754051261.47246,-7,-1,-118
1754051261.51046,-2,-1,-120
1754051261.54846,-4,-5,-122
1754051261.58746,7,-2,-127
1754051261.62546,7,-2,-127
1754051261.6614602,1,-4,-120
1754051261.7004602,3,-6,-125
1754051261.73746,2,-3,-115
1754051261.7764602,-6,0,-119
1754051261.8124602,0,3,-124
1754051261.85046,7,2,-123
1754051261.88746,-6,1,-120
1754051261.92646,-5,2,-131
1754051261.96246,7,3,-127
1754051262.00046,-2,0,-109
1754051262.03746,-4,-3,-116
1754051262.07646,-4,-3,-122
1754051262.11246,3,-5,-121
1754051262.15046,2,-2,-127
1754051262.18846,5,-7,-126
1754051262.22746,-4,-6,-134
1754051262.26546,-2,0,-124
1754051262.30146,-3,0,-118
1754051262.33946,-1,0,-126
1754051262.37746,-1,-2,-122
1754051262.41646,-2,-5,-120
1754051262.45246,4,-6,-128
1754051262.4904602,-3,-7,-127
1754051262.52846,-1,-4,-127
1754051262.56746,1,4,-118
1754051262.6054602,4,-6,-123
1754051262.6414602,0,-4,-128
1754051262.67946,2,-3,-121
1754051262.7174602,1,-4,-115
1754051262.7564602,1,0,-114
1754051262.7924602,5,5,-108
1754051262.82946,3,4,-109
1754051262.86746,0,2,-116
1754051262.90646,0,1,-124
1754051262.94246,-1,-4,-127
1754051262.9804602,3,-3,-127
1754051263.01846,0,-5,-120
1754051263.05746,4,2,-117
1754051263.0954602,-6,0,-122
1754051263.1314602,-4,1,-112
1754051263.16946,-5,-3,-119
1754051263.2074602,-5,-4,-118
1754051263.2464602,4,-7,-120
1754051263.2824602,7,-4,-125
1754051263.32046,2,-1,-123
1754051263.3584602,-14,-1,-126
1754051263.39746,-4,0,-116
1754051263.43346,-4,-2,-119
1754051263.47146,6,-7,-123
1754051263.5094602,0,0,-117
1754051263.54746,2,-5,-119
1754051263.58646,6,-5,-119
1754051263.62246,6,-8,-123
1754051263.66046,-2,2,-111
1754051263.69846,1,0,-124
1754051263.73746,0,6,-118
1754051263.77346,-4,9,-111
1754051263.81146,-7,1,-108
1754051263.84946,0,4,-113
1754051263.88746,1,4,-123
1754051263.92646,0,4,-121
1754051263.96246,-1,0,-126
1754051263.99946,-7,-7,-127
1754051264.03746,-2,1,-124
1754051264.07646,-1,-4,-130
1754051264.11246,-2,1,-123
1754051264.15046,-4,-2,-113
1754051264.18846,0,-1,-120
1754051264.22746,-2,-9,-114
1754051264.2634602,7,-3,-128
1754051264.30146,6,3,-122
1754051264.33946,4,5,-119
1754051264.3784602,7,3,-121
1754051264.41646,1,3,-124
1754051264.45246,1,0,-120
1754051264.4904602,-3,-2,-112
1754051264.52846,-3,-6,-120
1754051264.56746,0,-4,-121
1754051264.60346,0,-7,-121
1754051264.6414602,16,-4,-121
1754051264.67946,9,0,-132
1754051264.71846,4,-1,-129
1754051264.7564602,5,-10,-112
1754051264.7924602,4,-9,-111
1754051264.83046,-5,-7,-133
1754051264.8684602,-4,-2,-123
1754051264.9074602,-1,2,-124
1754051264.94346,0,-2,-124
1754051264.98146,1,-6,-124
1754051265.0194602,-6,-5,-126
1754051265.05846,-6,0,-127
1754051265.09646,-10,-5,-125
1754051265.13246,-2,-3,-118
1754051265.17046,-3,-1,-112
1754051265.20846,-1,-8,-128
1754051265.24746,-3,-5,-125
1754051265.28346,-4,-9,-130
1754051265.32146,-2,-3,-129
1754051265.35946,0,0,-117
1754051265.39846,0,-1,-122
1754051265.4344602,0,-7,-128
1754051265.47246,3,-5,-120
1754051265.51046,0,-11,-121
1754051265.54846,-11,-3,-125
1754051265.58746,-4,-8,-117
1754051265.62346,2,-6,-118
1754051265.66246,3,-4,-129
1754051265.7004602,0,-8,-123
1754051265.73846,-1,-4,-118
1754051265.77446,-10,4,-130
1754051265.8124602,-4,3,-126
1754051265.85046,-2,-1,-130
1754051265.8884602,1,0,-131
1754051265.9274602,-3,-3,-123
1754051265.9634602,0,2,-131
1754051266.00046,1,0,-130
1754051266.03846,-1,4,-138
1754051266.07746,1,-2,-125
1754051266.11346,0,-6,-123
1754051266.1514602,-5,1,-131
1754051266.18946,-2,-6,-133
1754051266.22846,5,-8,-115
1754051266.26446,5,-1,-115
1754051266.3024602,6,0,-115
1754051266.34146,10,6,-112
1754051266.37946,0,2,-118
1754051266.41846,0,5,-127
1754051266.45446,3,6,-121
1754051266.49146,-1,-4,-115
1754051266.5294602,2,-2,-115
1754051266.56846,-7,-3,-115
1754051266.60446,2,-5,-131
1754051266.64246,-1,2,-120
1754051266.68046,1,3,-137
1754051266.71946,-1,0,-113
1754051266.75746,0,1,-121
1754051266.79346,0,-3,-115
1754051266.83146,4,-5,-119
1754051266.87746,-2,-4,-128
1754051266.91346,2,2,-125
1754051266.9504602,-2,-2,-121
1754051266.98946,1,0,-122
1754051267.02746,0,4,-122
1754051267.06346,3,0,-123
1754051267.10046,0,1,-124
1754051267.13946,0,0,-128
1754051267.1774602,0,2,-123
1754051267.2134602,7,-1,-113
1754051267.25146,8,1,-123
1754051267.2894602,5,0,-120
1754051267.32846,-1,5,-115
1754051267.36446,3,1,-116
1754051267.40246,-5,-4,-124
1754051267.44146,-4,-3,-125
1754051267.47946,-3,0,-118
1754051267.51546,-2,0,-116
1754051267.55446,4,0,-132
1754051267.59146,10,5,-123
1754051267.62946,6,2,-131
1754051267.66846,-2,2,-128
1754051267.70446,-5,-2,-117
1754051267.74246,-4,-6,-125
1754051267.78046,3,-5,-126
1754051267.8194602,7,-3,-130
1754051267.8554602,9,-6,-131
1754051267.89346,8,-6,-123
1754051267.93146,6,-2,-123
1754051267.96946,-5,-3,-116
1754051268.00846,-4,-5,-126
1754051268.04446,-4,1,-127
1754051268.0824602,-2,-3,-113
1754051268.11946,-2,-2,-117
1754051268.15846,-4,-7,-119
1754051268.1944602,0,-8,-128
1754051268.23246,0,-4,-123
1754051268.2694602,2,-4,-125
1754051268.30846,2,-5,-120
1754051268.34446,-3,-7,-114
1754051268.38246,-4,-5,-129
1754051268.42046,5,-2,-124
1754051268.45846,1,-1,-122
1754051268.49446,1,1,-110
1754051268.5324602,0,2,-111
1754051268.57046,0,0,-119
1754051268.6084602,-3,0,-108
1754051268.6444602,-1,0,-118
1754051268.68246,-3,4,-128
1754051268.7204602,1,-2,-125
1754051268.75846,6,-3,-114
1754051268.79446,0,-6,-121
1754051268.8324602,-2,-5,-130
1754051268.87046,-1,1,-116
1754051268.90946,-3,2,-117
1754051268.94546,1,5,-112
1754051268.98246,5,4,-119
1754051269.02046,0,3,-115
1754051269.0594602,0,0,-102
1754051269.0954602,7,-1,-104
1754051269.13346,8,0,-129
1754051269.1714602,2,1,-131
1754051269.2104602,-2,5,-128
1754051269.24846,7,2,-121
1754051269.28446,-5,0,-126
1754051269.32346,-1,0,-126
1754051269.36046,0,2,-134
1754051269.39946,3,2,-130
1754051269.43546,1,-2,-127
1754051269.4734602,0,-1,-134
1754051269.51146,-1,-1,-132
1754051269.55046,-1,1,-115
1754051269.58646,-1,3,-119
1754051269.62446,3,4,-120
1754051269.66246,0,-3,-126
1754051269.7004602,4,-10,-110
1754051269.73946,0,-2,-127
1754051269.77546,-3,-6,-118
1754051269.81346,-2,0,-106
1754051269.85146,-1,-1,-127
1754051269.89046,13,0,-116
1754051269.9274602,2,0,-114
1754051269.96446,-2,1,-121
1754051270.00246,4,-3,-126
1754051270.04046,0,4,-130
1754051270.07946,-4,0,-118
1754051270.1154602,-3,0,-122
1754051270.1544602,-3,-9,-121
1754051270.19146,0,0,-126
1754051270.2304602,8,4,-124
1754051270.2664602,6,9,-133
1754051270.30446,2,1,-125
1754051270.34346,0,-1,-120
1754051270.38046,-3,-1,-111
1754051270.41946,7,0,-110
1754051270.45546,11,1,-112
1754051270.49246,-4,0,-116
1754051270.53146,-8,-5,-118
1754051270.5694602,-5,-1,-115
1754051270.6054602,-5,-6,-115
1754051270.64346,1,-2,-117
1754051270.68246,0,3,-129
1754051270.7204602,0,7,-125
1754051270.7564602,-4,8,-131
1754051270.79446,-3,-5,-120
1754051270.8324602,-6,-3,-124
1754051270.8714602,0,0,-129
1754051270.90946,1,-4,-128
1754051270.94546,4,-5,-125
1754051270.9834602,1,-2,-123
1754051271.02146,3,1,-123
1754051271.06046,0,0,-114
1754051271.09646,1,-2,-111
1754051271.1344602,6,-7,-119
1754051271.17246,8,1,-126
1754051271.21146,11,2,-119
1754051271.24946,8,2,-121
1754051271.28546,0,-2,-127
1754051271.32346,6,-3,-126
1754051271.3614602,5,-6,-119
1754051271.40046,2,1,-124
1754051271.43646,5,0,-114
1754051271.4734602,5,1,-122
1754051271.51146,3,0,-121
1754051271.55046,2,-1,-113
1754051271.58646,-2,0,-118
1754051271.62346,0,0,-123
1754051271.6614602,0,5,-114
1754051271.7004602,-4,-6,-113
1754051271.7364602,4,1,-111
1754051271.77346,-1,5,-113
1754051271.81146,0,3,-106
1754051271.85046,-2,-1,-128
1754051271.88646,2,-3,-119
1754051271.9244602,0,-4,-115
1754051271.96246,0,-2,-132
1754051272.00146,1,0,-118
1754051272.03746,-5,-9,-112
1754051272.0754602,3,-6,-114
1754051272.11346,0,-3,-133
1754051272.1514602,1,0,-129
1754051272.1904602,2,-4,-115
1754051272.22746,12,-3,-113
1754051272.26446,6,-4,-117
1754051272.3024602,2,-5,-124
1754051272.34146,-4,0,-125
1754051272.37746,-3,3,-119
1754051272.41546,7,-3,-113
1754051272.45446,9,0,-113
1754051272.49246,0,-7,-119
1754051272.53046,0,2,-119
1754051272.56646,0,3,-130
1754051272.60446,-5,0,-116
1754051272.64246,-1,-1,-122
1754051272.68146,-6,-8,-119
1754051272.7174602,1,-1,-123
1754051272.75546,5,-2,-122
1754051272.79346,-3,-2,-121
1754051272.8324602,-2,1,-121
1754051272.87046,-1,1,-123
1754051272.90646,-3,2,-124
1754051272.9444602,-4,-1,-127
1754051272.98246,0,1,-122
1754051273.02146,-5,1,-119
1754051273.05746,2,1,-125
1754051273.0954602,-2,-1,-126
1754051273.13246,2,1,-130
1754051273.1714602,8,0,-130
1754051273.2074602,6,-3,-121
1754051273.24546,-3,-6,-126
1754051273.28346,0,3,-120
1754051273.3224602,5,8,-127
1754051273.36046,4,0,-127
1754051273.39646,0,-6,-120
1754051273.43346,7,1,-117
1754051273.47246,4,3,-109
1754051273.51046,-1,5,-114
1754051273.5464602,1,12,-113
1754051273.58346,-4,6,-122
1754051273.62246,-4,-1,-116
1754051273.66046,-1,3,-118
1754051273.69646,0,1,-107
1754051273.7334602,2,1,-122
1754051273.77246,-4,-4,-120
1754051273.80846,2,-1,-126
1754051273.84646,1,0,-122
1754051273.8844602,3,-4,-116
1754051273.92246,0,-5,-114
1754051273.96146,5,-7,-118
1754051273.99746,2,-5,-124
1754051274.03546,3,3,-130
1754051274.07446,4,0,-115
1754051274.11246,0,0,-126
1754051274.14846,3,-8,-121
1754051274.1874602,2,-7,-121
1754051274.22446,-2,-6,-122
1754051274.26246,-3,3,-121
1754051274.30146,0,3,-124
1754051274.33746,1,5,-116
1754051274.37446,0,1,-123
1754051274.41246,0,2,-124
1754051274.45146,-1,1,-119
1754051274.48746,5,0,-114
1754051274.52446,0,-2,-120
1754051274.5624602,0,-9,-113
1754051274.60146,4,-5,-126
1754051274.63746,0,-4,-121
1754051274.67546,2,2,-115
1754051274.7134602,4,5,-123
1754051274.75246,-1,1,-115
1754051274.78846,4,-2,-113
1754051274.82646,-1,-3,-122
1754051274.86446,-9,-6,-110
1754051274.90346,2,-8,-117
1754051274.94146,0,-5,-120
1754051274.97746,6,0,-126
1754051275.01446,0,-7,-120
1754051275.05346,-3,-8,-134
1754051275.09146,4,-10,-125
1754051275.12746,7,-5,-128
1754051275.16546,7,0,-117
1754051275.20446,0,-1,-116
1754051275.24246,-2,5,-126
1754051275.27846,5,6,-118
1754051275.3154602,5,2,-124
1754051275.35446,3,-1,-119
1754051275.39246,0,-7,-122
1754051275.42846,4,-3,-116
1754051275.4674602,8,-2,-112
1754051275.50446,-2,1,-113
1754051275.54346,-2,-2,-123
1754051275.58146,-2,0,-118
1754051275.61746,-1,1,-122
1754051275.65546,-4,-5,-115
1754051275.69346,0,0,-121
1754051275.73246,0,3,-114
1754051275.76846,-3,2,-124
1754051275.80646,-3,-4,-120
1754051275.8454602,-5,-6,-118
1754051275.88346,-4,2,-120
1754051275.91946,-8,-2,-125
1754051275.95846,-1,0,-122
1754051275.99546,-1,-2,-121
1754051276.03346,-7,7,-126
1754051276.0724602,-3,3,-124
1754051276.1084602,-2,5,-131
1754051276.14646,-6,-2,-133
1754051276.1844602,-4,1,-137
1754051276.2234602,-7,-4,-127
1754051276.2594602,-6,-6,-118
1754051276.29746,-5,-6,-130
1754051276.3354602,-1,-8,-130
1754051276.37346,4,1,-127
1754051276.41246,-1,-2,-137
1754051276.44846,-7,6,-126
1754051276.48746,-1,2,-125
1754051276.52446,5,7,-132
1754051276.56346,3,-4,-130
1754051276.59946,2,-7,-123
1754051276.63746,0,-3,-119
1754051276.67546,0,-3,-122
1754051276.71446,0,6,-124
1754051276.75246,3,5,-112
1754051276.78846,-3,-1,-116
1754051276.82646,5,0,-128
1754051276.86446,1,-8,-118
1754051276.90846,0,-4,-123
1754051276.94646,1,1,-114
1754051276.98446,-1,3,-116
1754051277.02346,0,-7,-126
1754051277.0594602,2,1,-119
1754051277.09646,4,0,-124
1754051277.1344602,3,-5,-117
1754051277.17346,5,-1,-120
1754051277.20946,3,-5,-125
1754051277.24746,-3,-1,-126
1754051277.28546,5,-1,-119
1754051277.32446,0,-5,-121
1754051277.36246,0,-8,-111
1754051277.39846,2,0,-121
1754051277.43646,1,0,-114
1754051277.47446,3,-1,-117
1754051277.5134602,-1,-4,-116
1754051277.5494602,-9,-2,-121
1754051277.58746,-2,-1,-113
1754051277.62546,3,-4,-126
1754051277.6644602,1,-8,-122
1754051277.70246,4,-6,-129
1754051277.73846,6,-5,-118
1754051277.7764602,2,0,-121
1754051277.81446,-4,1,-112
1754051277.85346,0,-1,-127
1754051277.88946,4,-5,-137
1754051277.92846,0,0,-128
1754051277.96546,-2,-1,-120
1754051278.00446,0,-2,-114
1754051278.04046,0,-5,-117
1754051278.07846,0,-1,-116
1754051278.11746,10,0,-116
1754051278.1544602,4,-3,-116
1754051278.19346,3,3,-113
1754051278.22946,1,1,-124
1754051278.26746,7,6,-117
1754051278.30446,-2,6,-120
1754051278.34346,2,2,-121
1754051278.37946,2,-1,-125
1754051278.4174602,1,-6,-119
1754051278.45546,7,-3,-116
1754051278.49446,8,-1,-120
1754051278.53046,0,-3,-117
1754051278.56746,0,-9,-125
1754051278.6054602,10,-4,-118
1754051278.6444602,5,-9,-109
1754051278.68046,2,-6,-113
1754051278.71846,1,-5,-118
1754051278.7564602,3,3,-119
1754051278.79546,-5,-7,-128
1754051278.83346,-3,-6,-130
1754051278.86946,1,-5,-132
1754051278.9074602,2,-2,-127
1754051278.94546,4,-5,-129
1754051278.98446,-9,-5,-123
1754051279.02046,-3,-2,-122
1754051279.05846,9,-5,-111
1754051279.09646,11,-1,-115
1754051279.13546,3,0,-118
1754051279.17346,0,1,-118
1754051279.20946,4,-5,-111
1754051279.24746,3,-6,-112
1754051279.28546,3,-3,-119
1754051279.32446,3,3,-116
1754051279.36046,1,0,-111
1754051279.39746,4,1,-112
1754051279.43546,9,-2,-118
1754051279.47446,4,0,-127
1754051279.51046,4,4,-117
1754051279.54746,0,-2,-121
1754051279.5854602,-1,-3,-119
1754051279.62446,4,-2,-119
1754051279.66046,-1,-6,-117
1754051279.69846,1,-5,-121
1754051279.73746,-1,-9,-116
1754051279.77546,-4,-4,-123
1754051279.81346,-6,-2,-109
1754051279.84946,1,-1,-104
1754051279.88746,-3,-1,-108
1754051279.92546,-1,2,-117
1754051279.96446,2,0,-117
1754051280.00046,0,-1,-125
1754051280.03846,6,-8,-122
1754051280.07646,0,-7,-113
1754051280.1154602,0,-3,-106
1754051280.1514602,-2,-2,-116
1754051280.18946,-4,-4,-124
1754051280.22746,0,1,-122
1754051280.26546,1,3,-126
1754051280.30446,5,5,-123
1754051280.34146,-2,5,-112
1754051280.3784602,-2,3,-122
1754051280.41646,5,2,-105
1754051280.45546,6,0,-112
1754051280.49146,3,4,-120
1754051280.52846,-1,0,-123
1754051280.56646,0,-2,-130
1754051280.6054602,2,-4,-137
1754051280.6414602,-1,-8,-122
1754051280.67946,-4,-1,-113
1754051280.7174602,4,-6,-124
1754051280.7564602,0,-5,-131
1754051280.79446,-4,-2,-120
1754051280.83046,0,-3,-125
1754051280.8684602,0,-4,-127
1754051280.90646,0,0,-121
1754051280.94546,-4,-3,-112
1754051280.98146,-1,-2,-119
1754051281.02046,-7,-6,-128
1754051281.05746,-2,-3,-124
1754051281.09646,0,-1,-116
1754051281.1344602,0,-8,-114
1754051281.17046,5,-3,-112
1754051281.20846,-1,7,-115
1754051281.2464602,6,0,-122
1754051281.28546,0,-3,-125
1754051281.32146,0,0,-123
1754051281.3584602,-4,-6,-115
1754051281.39646,0,-6,-118
1754051281.43546,1,-5,-129
1754051281.47146,5,-4,-128
1754051281.5094602,2,-5,-127
1754051281.54746,9,0,-114
1754051281.58646,3,-4,-122
1754051281.62446,-4,-7,-118
1754051281.66046,6,-1,-107
1754051281.69846,-6,-6,-117
1754051281.73746,-7,-10,-125
1754051281.77546,-7,-7,-119
1754051281.81146,7,-3,-112
1754051281.85046,12,2,-125
1754051281.88746,7,-5,-116
1754051281.92646,2,-3,-111
1754051281.96446,8,1,-113
1754051282.00046,0,5,-115
1754051282.03746,0,1,-113
1754051282.07646,3,6,-119
1754051282.11246,0,-1,-124
1754051282.15046,11,-4,-115
1754051282.18846,10,-2,-124
1754051282.22646,5,-5,-123
1754051282.26546,8,-3,-123
1754051282.30146,3,-8,-123
1754051282.33946,-3,0,-119
1754051282.37746,-3,-3,-110
1754051282.41646,-6,-1,-113
1754051282.45246,0,8,-113
1754051282.48946,1,-1,-120
1754051282.52746,3,-3,-131
1754051282.56646,0,-1,-126
1754051282.60246,0,-2,-123
1754051282.63946,7,1,-125
1754051282.6774602,2,-1,-116
1754051282.71646,-5,0,-119
1754051282.75246,-12,-5,-129
1754051282.79146,-3,-8,-121
1754051282.82846,-2,-4,-122
1754051282.86746,0,-3,-128
1754051282.90546,1,-4,-121
1754051282.94146,4,2,-116
1754051282.97846,3,-2,-116
1754051283.01746,-2,-5,-118
1754051283.05546,0,0,-119
1754051283.09146,2,-5,-120
1754051283.12946,0,2,-115
1754051283.1674602,6,-3,-117
1754051283.20646,10,2,-123
1754051283.24246,5,3,-129
1754051283.28046,5,0,-114
1754051283.31846,1,-6,-129
1754051283.35746,0,-2,-111
1754051283.39546,3,-2,-113
1754051283.43146,0,0,-116
1754051283.46846,3,0,-113
1754051283.50746,2,1,-112
1754051283.54546,-3,2,-114
1754051283.58146,-3,2,-119
1754051283.61946,-1,-2,-117
1754051283.6574602,-4,-6,-121
1754051283.69646,2,-7,-129
1754051283.7334602,-4,-5,-114
1754051283.77046,-8,0,-116
1754051283.80846,2,-8,-118
1754051283.84746,0,-6,-121
1754051283.88546,-3,-2,-125
1754051283.9214602,5,-7,-135
1754051283.95946,9,-3,-125
1754051283.99746,6,-9,-118
1754051284.0364602,12,0,-121
1754051284.0724602,0,-7,-115
1754051284.1114602,-6,-6,-126
1754051284.14846,-4,-6,-116
1754051284.1874602,-7,-3,-113
1754051284.2234602,2,2,-116
1754051284.26146,3,-3,-117
1754051284.2994602,0,-2,-118
1754051284.33746,6,-5,-119
1754051284.37646,10,-6,-128
1754051284.41246,5,-5,-124
1754051284.4504602,10,-3,-118
1754051284.48946,1,-7,-119
1754051284.52746,0,-1,-113
1754051284.56346,1,1,-115
1754051284.60046,0,0,-119
1754051284.6384602,1,-1,-116
1754051284.6774602,0,1,-130
1754051284.7134602,-3,0,-127
1754051284.75146,-8,-9,-122
1754051284.7894602,-4,-4,-132
1754051284.82746,-4,-7,-123
1754051284.86646,6,0,-131
1754051284.90246,0,0,-131
1754051284.93946,-4,0,-135
1754051284.97846,6,0,-118
1754051285.0164602,1,-4,-111
1754051285.0524602,-9,1,-113
1754051285.09046,-2,0,-123
1754051285.1284602,-1,4,-121
1754051285.1674602,-4,-1,-110
1754051285.20346,-1,-2,-118
1754051285.24146,-4,5,-126
1754051285.2794602,2,0,-117
1754051285.31846,0,0,-124
1754051285.35646,-3,0,-118
1754051285.39246,0,-5,-124
1754051285.43046,0,-3,-124
1754051285.46846,-1,-2,-126
1754051285.50746,-5,0,-127
1754051285.54346,-5,7,-122
1754051285.58146,0,-3,-121
1754051285.62046,4,0,-113
1754051285.65846,7,0,-123
1754051285.69646,-1,-3,-118
1754051285.73246,-3,2,-114
1754051285.77046,0,9,-123
1754051285.80846,3,2,-122
1754051285.84746,0,2,-118
1754051285.88346,0,3,-123
1754051285.92046,4,-3,-129
1754051285.95846,-1,6,-126
1754051285.99746,-2,-3,-119
1754051286.03346,-3,0,-124
1754051286.07146,1,-5,-124
1754051286.10946,2,-1,-120
1754051286.14846,0,1,-117
1754051286.18646,0,2,-119
1754051286.22246,1,3,-121
1754051286.2594602,7,2,-132
1754051286.29846,5,0,-125
1754051286.33446,2,-5,-128
1754051286.37246,5,-4,-132
1754051286.41046,17,0,-123
1754051286.44946,2,-3,-123
1754051286.48746,0,1,-123
1754051286.52346,1,-5,-126
1754051286.56146,-3,0,-123
1754051286.59946,-10,-4,-126
1754051286.6384602,0,3,-113
1754051286.6744602,-3,-1,-113
1754051286.71246,2,5,-123
1754051286.75046,1,6,-111
1754051286.7894602,2,7,-110
1754051286.82746,-1,-1,-118
1754051286.86346,2,1,-114
1754051286.9014602,-2,0,-122
1754051286.9474602,-4,0,-121
1754051286.9834602,-2,0,-115
1754051287.02146,3,1,-130
1754051287.0594602,0,-3,-121
1754051287.0984602,1,-5,-115
1754051287.1344602,-2,1,-115
1754051287.17346,0,-8,-117
1754051287.2104602,1,3,-115
1754051287.24946,2,-3,-116
1754051287.28746,-5,-1,-122
1754051287.32346,0,-5,-121
1754051287.3614602,3,-4,-127
1754051287.39946,-3,-2,-117
1754051287.43846,0,-4,-116
1754051287.47446,-4,-1,-122
1754051287.51246,-4,-1,-120
1754051287.55046,2,0,-114
1754051287.58946,7,-6,-125
1754051287.62746,-1,2,-115
1754051287.66346,-3,-3,-108
1754051287.70146,-1,-2,-107
1754051287.73946,0,0,-118
1754051287.77846,-9,4,-117
1754051287.81446,-2,1,-120
1754051287.85346,-2,-4,-131
1754051287.89046,-2,3,-113
1754051287.92946,0,-4,-126
1754051287.9674602,-1,-11,-118
1754051288.0034602,0,-14,-120
1754051288.04146,6,-6,-127
1754051288.07946,3,1,-127
1754051288.1184602,0,-2,-119
1754051288.1544602,-6,-6,-110
1754051288.19246,-2,3,-110
1754051288.2304602,-3,-1,-114
1754051288.2694602,-1,6,-117
1754051288.30546,1,-2,-120
1754051288.34446,-2,-2,-113
1754051288.3814602,5,-5,-118
1754051288.41946,2,-3,-115
1754051288.45846,5,-6,-132
1754051288.49446,2,-8,-126
1754051288.5324602,6,-5,-124
1754051288.57046,1,-4,-121
1754051288.60946,0,-4,-127
1754051288.64546,0,-4,-129
1754051288.68246,1,-1,-112
1754051288.7204602,2,0,-115
1754051288.7594602,0,-5,-119
1754051288.79546,1,-6,-120
1754051288.83346,0,-7,-120
1754051288.8714602,1,-8,-116
1754051288.90946,4,-3,-126
1754051288.94846,1,-5,-126
1754051288.98446,8,-6,-119
1754051289.02246,0,-13,-113
1754051289.06046,-1,-2,-114
1754051289.09946,3,-1,-108
1754051289.13546,-1,-1,-115
1754051289.17346,-1,-6,-123
1754051289.21146,0,-5,-123
1754051289.25046,0,0,-118
1754051289.28846,-1,1,-123
1754051289.32446,0,0,-118
1754051289.3614602,-4,-1,-119
1754051289.40046,3,-5,-115
1754051289.43846,3,-7,-110
1754051289.47446,-4,0,-112
1754051289.51146,4,5,-121
1754051289.55046,-2,-2,-125
1754051289.5884602,11,-3,-110
1754051289.62446,3,-5,-109
1754051289.66246,0,0,-124
1754051289.7004602,-1,-1,-127
1754051289.73946,5,7,-117
1754051289.77546,-6,-1,-126
1754051289.81346,0,-5,-125
1754051289.85146,12,-4,-124
1754051289.89046,5,0,-133
1754051289.92846,5,-5,-126
1754051289.96446,1,-8,-125
1754051290.00246,5,-7,-112
1754051290.04046,3,-3,-120
1754051290.07946,-4,3,-125
1754051290.1154602,-1,0,-114
1754051290.15346,0,1,-114
1754051290.19146,-1,2,-124
1754051290.2304602,6,-2,-125
1754051290.2664602,3,-2,-114
1754051290.30446,2,0,-116
1754051290.3424602,4,5,-125
1754051290.38046,-2,0,-125
1754051290.41946,0,-2,-115
1754051290.45546,-2,-2,-115
1754051290.4934602,9,-3,-123
1754051290.5324602,5,-2,-109
1754051290.57046,2,-6,-112
1754051290.60646,2,-2,-115
1754051290.6444602,3,-5,-125
1754051290.68246,-1,-1,-130
1754051290.7204602,-4,-4,-130
1754051290.7594602,-1,0,-122
1754051290.79546,0,-8,-117
1754051290.83346,3,-10,-114
1754051290.8714602,0,-2,-112
1754051290.91046,9,0,-116
1754051290.94646,6,-6,-117
1754051290.98446,-1,-5,-118
1754051291.02246,5,-5,-114
1754051291.06046,4,-1,-133
1754051291.09946,1,-5,-127
1754051291.13546,-1,-4,-124
1754051291.17346,-2,-6,-124
1754051291.21146,0,0,-125
1754051291.25046,-3,0,-121
1754051291.2864602,2,-2,-110
1754051291.32446,5,-4,-121
1754051291.36246,0,0,-130
1754051291.4014602,0,-1,-119
1754051291.43946,3,-5,-132
1754051291.47546,7,-4,-129
1754051291.5134602,0,-3,-130
1754051291.5524602,-4,-8,-127
1754051291.59046,0,0,-130
1754051291.62646,3,4,-126
1754051291.66346,5,5,-136
1754051291.70246,0,4,-123
1754051291.7404602,0,0,-115
1754051291.7764602,4,-1,-120
1754051291.8154602,12,-3,-118
1754051291.85246,3,1,-122
1754051291.8914602,7,-6,-120
1754051291.92946,6,0,-118
1754051291.96546,10,-1,-124
1754051292.0034602,6,1,-117
1754051292.04146,-4,-4,-128
1754051292.08046,-1,-3,-119
1754051292.11646,3,-2,-116
1754051292.1544602,5,0,-121
1754051292.19346,9,1,-126
1754051292.23146,2,2,-124
1754051292.2694602,0,-3,-122
1754051292.30546,5,-2,-113
1754051292.34346,3,5,-122
1754051292.3814602,3,-2,-126
1754051292.42046,5,1,-115
1754051292.45646,8,-2,-116
1754051292.49446,3,-5,-110
1754051292.5324602,4,-1,-114
1754051292.57146,-1,-5,-125
1754051292.60746,2,0,-127
1754051292.6444602,1,-6,-129
1754051292.68246,1,-8,-125
1754051292.72146,0,-5,-128
1754051292.75746,0,-4,-122
1754051292.79546,2,1,-134
1754051292.83346,2,4,-124
1754051292.8714602,4,0,-115
1754051292.91046,0,-1,-108
1754051292.94646,-3,-3,-124
1754051292.98546,-1,-6,-114
1754051293.02346,1,-6,-118
1754051293.06146,0,-3,-123
1754051293.09746,-7,-6,-119
1754051293.13546,1,-8,-123
1754051293.17346,2,-6,-119
1754051293.21146,5,0,-113
1754051293.25046,0,4,-104
1754051293.2864602,-1,0,-114
1754051293.32446,2,-5,-121
1754051293.36246,-3,-3,-120
1754051293.4014602,10,-4,-118
1754051293.4374602,1,-6,-119
1754051293.47646,4,-2,-123
1754051293.5134602,3,1,-127
1754051293.5524602,6,0,-127
1754051293.59046,2,1,-124
1754051293.62646,0,7,-124
1754051293.66346,-5,0,-122
1754051293.70246,-1,-8,-103
1754051293.7404602,2,6,-120
1754051293.7764602,0,-2,-123
1754051293.81446,-1,-3,-129
1754051293.85246,3,-4,-125
1754051293.8914602,0,4,-130
1754051293.9274602,6,-1,-120
1754051293.96546,0,-4,-109
1754051294.0034602,0,-4,-114
1754051294.0424602,2,0,-109
1754051294.08046,8,-4,-117
1754051294.11646,3,-3,-115
1754051294.1544602,5,-4,-126
1754051294.19246,9,1,-139
1754051294.23146,3,0,-127
1754051294.26746,3,-2,-124
1754051294.30546,0,-5,-121
1754051294.34346,-4,2,-121
1754051294.38246,-1,0,-121
1754051294.41846,-7,-6,-122
1754051294.45646,-1,2,-112
1754051294.49446,2,-1,-111
1754051294.5324602,10,-8,-119
1754051294.57146,4,0,-114
1754051294.60746,-1,-5,-115
1754051294.64546,-5,-2,-120
1754051294.68346,-3,-2,-130
1754051294.72246,2,2,-118
1754051294.75846,0,0,-107
1754051294.79546,-2,0,-115
1754051294.83346,0,-3,-108
1754051294.87246,-3,2,-123
1754051294.90846,0,2,-129
1754051294.94546,1,3,-121
1754051294.9834602,4,0,-118
1754051295.02246,1,2,-130
1754051295.05846,0,-2,-130
1754051295.0954602,1,-3,-122
1754051295.13346,5,-1,-121
1754051295.17246,-1,-2,-126
1754051295.20846,-5,1,-124
1754051295.2464602,-3,-4,-117
1754051295.28546,-3,6,-124
1754051295.32346,-2,1,-122
1754051295.3614602,5,-5,-126
1754051295.39746,8,2,-113
1754051295.43546,6,0,-112
1754051295.4734602,8,0,-119
1754051295.51246,1,-1,-117
1754051295.54846,2,1,-129
1754051295.5854602,6,3,-140
1754051295.62346,10,-1,-127
1754051295.66246,2,-9,-121
1754051295.69846,-3,-5,-130
1754051295.7364602,3,-3,-133
1754051295.77446,-2,-3,-133
1754051295.81346,-3,-2,-123
1754051295.85146,3,-5,-116
1754051295.88746,2,-3,-117
1754051295.92646,2,-3,-118
1754051295.96446,1,2,-116
1754051296.00246,-4,4,-126
1754051296.03846,-3,1,-127
1754051296.07646,-1,1,-124
1754051296.11446,6,5,-111
1754051296.15346,1,1,-117
1754051296.19146,-5,-4,-115
1754051296.22746,-1,-11,-126
1754051296.26546,-6,-9,-126
1754051296.30346,5,4,-132
1754051296.3424602,4,2,-125
1754051296.3784602,0,0,-121
1754051296.41646,0,-3,-110
1754051296.45446,0,5,-126
1754051296.4934602,3,4,-117
1754051296.5294602,2,3,-119
1754051296.56646,1,3,-135
1754051296.60446,1,3,-124
1754051296.64346,0,-2,-132
1754051296.67946,1,-3,-118
1754051296.71846,-6,-6,-120
1754051296.75546,0,-10,-119
1754051296.79346,0,-6,-128
1754051296.8324602,-3,-7,-117
1754051296.8684602,-4,-8,-128
1754051296.90646,2,-8,-130
1754051296.95246,9,-4,-132
1754051296.98846,10,-1,-122
1754051297.0264602,2,0,-116
1754051297.06446,-1,1,-126
1754051297.10346,0,-4,-127
1754051297.13946,3,-1,-121
1754051297.1774602,7,1,-110
1754051297.21546,-1,-2,-119
1754051297.2534602,2,-4,-108
1754051297.2924602,3,-5,-110
1754051297.32846,4,-4,-119
1754051297.36646,3,-4,-126
1754051297.4044602,6,-1,-125
1754051297.44346,-5,-3,-117
1754051297.47946,2,-3,-124
1754051297.51746,3,3,-126
1754051297.55546,1,7,-122
1754051297.59446,-1,4,-131
1754051297.63246,-3,-3,-126
1754051297.66846,1,-5,-131
1754051297.70646,10,-2,-126
1754051297.74446,8,-5,-119
1754051297.78346,6,1,-123
1754051297.8194602,2,-5,-125
1754051297.85746,-3,-3,-124
1754051297.89546,-1,-10,-116
1754051297.9344602,2,-8,-113
1754051297.97246,3,-3,-109
1754051298.00846,-2,-3,-121
1754051298.04746,6,-5,-115
1754051298.08446,2,-7,-120
1754051298.12346,9,-8,-123
1754051298.15946,7,1,-125
1754051298.1974602,9,2,-117
1754051298.23446,5,1,-123
1754051298.27346,5,2,-113
1754051298.3094602,-1,-3,-113
1754051298.34746,1,-3,-112
1754051298.38546,2,-2,-115
1754051298.4244602,0,-3,-124
1754051298.46246,2,0,-124
1754051298.49846,3,1,-133
1754051298.5364602,4,-5,-137
1754051298.57446,1,1,-127
1754051298.61346,2,-5,-126
1754051298.64946,3,0,-116
1754051298.68846,6,-1,-109
1754051298.72546,4,-2,-113
1754051298.76446,0,0,-122
1754051298.80046,0,-3,-124
1754051298.8384602,-7,4,-130
1754051298.87646,0,1,-118
1754051298.9144602,0,-4,-119
1754051298.95346,-3,-5,-114
1754051298.98946,0,-9,-112
1754051299.0264602,-3,0,-110
1754051299.06446,3,0,-106
1754051299.10346,-1,-6,-102
1754051299.13946,2,0,-105
1754051299.17646,3,0,-112
1754051299.21446,2,1,-110
1754051299.2534602,1,-2,-114
1754051299.2894602,6,0,-114
1754051299.32646,3,3,-117
1754051299.36446,8,4,-128
1754051299.40346,0,-1,-124
1754051299.43946,4,-4,-122
1754051299.47746,0,0,-121
1754051299.51546,-1,0,-123
1754051299.55446,-1,-2,-114
1754051299.59046,0,-3,-107
1754051299.6284602,2,-2,-111
1754051299.66646,-2,-6,-120
1754051299.70546,2,-9,-130
1754051299.7434602,-7,-2,-122
1754051299.7794602,0,3,-127
1754051299.81746,11,3,-120
1754051299.8554602,10,-2,-123
1754051299.8944602,3,0,-111
1754051299.93046,-2,3,-123
1754051299.96846,0,-2,-121
1754051300.0064602,4,-7,-119
1754051300.04546,2,2,-124
1754051300.08346,0,3,-115
1754051300.11946,-1,3,-109
1754051300.1574602,0,-2,-125
1754051300.19546,6,-6,-119
1754051300.23446,2,1,-120
1754051300.27046,3,4,-126
1754051300.30846,-6,6,-111
1754051300.3454602,-3,-4,-129
1754051300.3844602,1,-4,-126
1754051300.42046,4,0,-116
1754051300.4574602,7,-3,-110
1754051300.49546,-5,0,-120
1754051300.53446,-1,0,-110
1754051300.57146,0,0,-125
1754051300.6084602,2,0,-121
1754051300.64646,6,5,-125
1754051300.68546,2,5,-118
1754051300.72146,7,2,-121
1754051300.75846,3,-1,-131
1754051300.79746,0,-3,-125
1754051300.8354602,1,2,-117
1754051300.8714602,-1,6,-125
1754051300.90946,1,3,-116
1754051300.9474602,-2,2,-120
1754051300.98546,-3,-7,-124
1754051301.02446,-8,-7,-109
1754051301.06046,5,-7,-117
1754051301.0984602,5,4,-129
1754051301.13646,3,-4,-123
1754051301.17546,10,-5,-124
1754051301.21146,2,-3,-131
1754051301.25046,-1,4,-121
1754051301.28746,3,0,-112
1754051301.3254602,-2,-4,-113
1754051301.36446,0,-8,-118
1754051301.40046,-1,-4,-120
1754051301.43846,4,-4,-119
1754051301.47646,-1,3,-105
1754051301.51546,0,1,-115
1754051301.55146,-4,-1,-117
1754051301.58946,2,0,-115
1754051301.62746,0,0,-121
1754051301.66646,1,-3,-121
1754051301.70446,-3,-3,-122
1754051301.7404602,-6,-3,-126
1754051301.77846,-1,-4,-127
1754051301.81746,1,-1,-113
1754051301.8554602,5,1,-116
1754051301.8914602,3,0,-120
1754051301.92846,2,0,-122
1754051301.9674602,3,0,-120
1754051302.00546,3,1,-120
1754051302.04146,4,0,-115
1754051302.07846,0,-2,-124
1754051302.11746,0,-4,-132
1754051302.15546,3,-11,-118
1754051302.19146,2,0,-114
1754051302.22846,0,-7,-130
1754051302.26746,0,0,-125
1754051302.30546,1,-1,-127
1754051302.34146,0,-6,-118
1754051302.37946,7,-7,-119
1754051302.4174602,3,-1,-124
1754051302.45646,-5,0,-110
1754051302.49446,-3,0,-112
1754051302.53046,-6,4,-119
1754051302.56846,2,6,-111
1754051302.60646,-3,3,-112
1754051302.64546,-4,4,-106
1754051302.68146,-10,-1,-109
1754051302.71946,-2,-5,-118
1754051302.75846,1,-5,-133
1754051302.7964602,5,-4,-127
1754051302.8324602,-3,0,-111
1754051302.8714602,5,3,-114
1754051302.90846,-1,-1,-114
1754051302.94646,-5,-2,-110
1754051302.98546,-2,-1,-107
1754051303.02146,4,3,-123
1754051303.05846,8,8,-116
1754051303.09646,10,0,-120
1754051303.13546,0,2,-116
1754051303.1714602,3,-4,-123
1754051303.20946,7,-1,-120
1754051303.24746,9,0,-109
1754051303.2864602,0,0,-116
1754051303.3224602,0,-5,-125
1754051303.36046,1,-5,-128
1754051303.39846,2,1,-127
1754051303.4374602,-3,2,-114
1754051303.47546,0,-4,-120
1754051303.51146,0,-5,-129
1754051303.55046,3,0,-130
1754051303.58746,4,0,-127
1754051303.62646,3,-4,-124
1754051303.66346,-1,0,-120
1754051303.7004602,-9,3,-114
1754051303.73846,0,7,-110
1754051303.77746,4,-3,-117
1754051303.8154602,14,-1,-127
1754051303.85146,10,-6,-118
1754051303.88946,3,3,-128
1754051303.92846,1,-3,-123
1754051303.96646,0,-5,-118
1754051304.00246,-1,0,-124
1754051304.04146,-2,-7,-120
1754051304.07846,-7,-2,-126
1754051304.11746,1,1,-128
1754051304.15546,0,3,-120
1754051304.19146,-2,0,-117
1754051304.22846,1,1,-124
1754051304.26746,2,1,-121
1754051304.30546,7,-1,-118
1754051304.34146,7,-11,-112
1754051304.37946,2,1,-133
1754051304.4174602,4,2,-122
1754051304.45646,-2,-4,-125
1754051304.49246,5,2,-119
1754051304.5294602,-1,-7,-118
1754051304.56746,4,-9,-128
1754051304.60646,-1,-1,-119
1754051304.64246,0,0,-110
1754051304.68046,0,-4,-124
1754051304.71846,4,-5,-124
1754051304.75746,5,4,-131
1754051304.79346,4,0,-115
1754051304.83046,-3,-11,-121
1754051304.8684602,4,-4,-121
1754051304.9074602,1,-2,-126
1754051304.94346,0,1,-130
1754051304.98146,4,3,-120
1754051305.0194602,-10,-1,-132
1754051305.05746,4,-4,-120
1754051305.09646,6,-1,-122
1754051305.13246,7,-3,-117
1754051305.17046,0,-3,-125
1754051305.20846,5,0,-129
1754051305.24746,0,11,-120
1754051305.28346,-4,8,-120
1754051305.32146,2,-3,-112
1754051305.35946,2,-4,-118
1754051305.39746,0,-8,-118
1754051305.43646,-2,2,-129
1754051305.47246,0,-4,-123
1754051305.51046,2,-7,-119
1754051305.54846,3,-11,-125
1754051305.58746,6,-3,-130
1754051305.62346,3,0,-126
1754051305.66046,0,5,-116
1754051305.69846,-1,1,-123
1754051305.73746,1,0,-119
1754051305.77346,6,0,-121
1754051305.81046,0,-4,-118
1754051305.8484602,0,-1,-127
1754051305.88746,3,1,-125
1754051305.92346,7,-4,-129
1754051305.96146,-4,0,-131
1754051305.99946,-5,-2,-126
1754051306.03846,8,-2,-116
1754051306.07646,0,-6,-120
1754051306.11246,8,1,-118
1754051306.14946,-5,-6,-119
1754051306.18846,-6,2,-120
1754051306.22646,0,0,-121
1754051306.26246,0,-5,-111
1754051306.30046,0,0,-121
1754051306.3384602,1,0,-114
1754051306.37746,5,-7,-115
1754051306.41346,4,0,-110
1754051306.4504602,0,-4,-125
1754051306.48846,-8,-2,-127
1754051306.52746,-8,1,-123
1754051306.56346,-3,-1,-114
1754051306.60146,2,0,-115
1754051306.63946,-6,-2,-104
1754051306.67846,-2,-6,-117
1754051306.71646,-1,-3,-122
1754051306.75246,3,-6,-127
1754051306.79046,5,-2,-129
1754051306.82846,2,5,-128
1754051306.86746,-2,-2,-133
1754051306.90346,-10,-3,-129
1754051306.94146,-6,1,-128
1754051306.98746,-12,1,-127
1754051307.02346,-5,0,-112
1754051307.06146,-1,0,-114
1754051307.09946,-2,6,-123
1754051307.1384602,0,5,-125
1754051307.1744602,2,2,-136
1754051307.21146,1,0,-127
1754051307.24946,1,-9,-129
1754051307.28846,0,-3,-125
1754051307.32446,2,-6,-127
1754051307.36246,2,-4,-122
1754051307.4014602,-10,-3,-116
1754051307.43846,-2,6,-118
1754051307.47746,3,4,-117
1754051307.5134602,-4,5,-118
1754051307.55146,0,5,-129
1754051307.58946,0,-1,-111
1754051307.6284602,-10,3,-122
1754051307.6644602,0,-4,-122
1754051307.70246,-1,3,-122
1754051307.7404602,6,2,-121
1754051307.7794602,1,-1,-124
1754051307.81746,2,0,-122
1754051307.85346,2,1,-118
1754051307.89046,6,0,-121
1754051307.92946,6,-4,-122
1754051307.9674602,4,-4,-122
1754051308.0034602,8,-3,-120
1754051308.04146,7,-3,-114
1754051308.07946,0,-6,-120
1754051308.1184602,-7,-5,-122
1754051308.1544602,-9,-3,-106
1754051308.19246,-14,-6,-114
1754051308.2304602,0,-4,-121
1754051308.2694602,9,0,-135
1754051308.30746,7,1,-127
1754051308.34346,-2,-2,-130
1754051308.3814602,-3,-1,-130
1754051308.41946,-1,-7,-125
1754051308.45846,0,0,-122
1754051308.49446,-3,0,-132
1754051308.53346,1,1,-125
1754051308.57046,5,0,-118
1754051308.60946,4,4,-119
1754051308.64746,0,7,-122
1754051308.68346,-6,-2,-126
1754051308.72146,-4,9,-120
1754051308.7594602,-2,-3,-118
1754051308.79846,3,-1,-121
1754051308.83446,-5,-5,-128
1754051308.87246,-5,-2,-123
1754051308.9114602,-9,-1,-126
1754051308.94946,2,1,-128
1754051308.98546,4,4,-123
1754051309.02246,1,3,-128
1754051309.06046,6,-1,-132
1754051309.09946,-1,-4,-123
1754051309.13546,4,-3,-124
1754051309.17346,-3,-5,-123
1754051309.21246,-5,0,-111
1754051309.24946,0,8,-113
1754051309.28846,1,3,-124
1754051309.32446,-5,0,-130
1754051309.36246,-5,7,-132
1754051309.39946,-3,2,-132
1754051309.43846,2,2,-132
1754051309.47446,2,1,-130
1754051309.51246,1,0,-123
1754051309.5494602,8,2,-129
1754051309.5884602,-2,0,-127
1754051309.62446,1,-4,-114
1754051309.66246,-2,-3,-120
1754051309.7004602,-5,-4,-118
1754051309.73946,1,1,-117
1754051309.77546,5,1,-112
1754051309.8124602,-1,0,-117
1754051309.85046,0,-4,-124
1754051309.88946,-3,0,-122
1754051309.92546,-2,-6,-119
1754051309.9634602,-1,-5,-119
1754051310.00246,-1,-7,-110
1754051310.04046,1,-5,-111
1754051310.07846,1,-2,-121
1754051310.11446,0,-1,-124
1754051310.15246,6,-1,-122
1754051310.1904602,8,0,-127
1754051310.22946,2,-2,-131
1754051310.26546,-1,-4,-132
1754051310.30346,2,5,-113
1754051310.34146,-2,-1,-111
1754051310.38046,0,-1,-116
1754051310.41846,-5,0,-109
1754051310.45446,-1,0,-106
1754051310.49146,2,0,-117
1754051310.53046,2,6,-127
1754051310.56846,1,-3,-118
1754051310.60446,1,0,-122
1754051310.6414602,6,0,-129
1754051310.68046,0,1,-123
1754051310.71846,3,0,-117
1754051310.75446,-3,-2,-121
1754051310.7924602,-7,-1,-127
1754051310.83046,-2,-3,-120
1754051310.86946,4,-5,-113
1754051310.90546,0,-6,-113
1754051310.9444602,0,-2,-119
1754051310.98146,-7,1,-116
1754051311.02046,-1,5,-120
1754051311.05646,0,0,-128
1754051311.09346,-1,-5,-126
1754051311.1314602,1,-1,-111
1754051311.17046,0,-2,-120
1754051311.20646,2,8,-125
1754051311.24446,-5,-1,-121
1754051311.28146,-2,-8,-121
1754051311.32046,-9,-6,-124
1754051311.35646,0,1,-116
1754051311.3944602,-7,1,-110
1754051311.43146,1,0,-112
1754051311.4704602,0,1,-121
1754051311.5064602,-5,3,-132
1754051311.54446,-4,2,-131
1754051311.5824602,-4,-4,-121
1754051311.62046,2,2,-111
1754051311.65946,-3,-1,-118
1754051311.69546,-4,-1,-113
1754051311.7334602,-2,-7,-117
1754051311.77146,0,0,-118
1754051311.81046,7,-2,-114
1754051311.84646,3,1,-123
1754051311.88346,0,6,-125
1754051311.9214602,-1,-1,-124
1754051311.9604602,-1,3,-122
1754051311.9964602,5,-1,-120
1754051312.03446,-4,1,-124
1754051312.0724602,0,1,-124
1754051312.1114602,-4,0,-117
1754051312.14946,-1,-1,-116
1754051312.18546,2,0,-119
1754051312.22246,0,0,-111
1754051312.26146,0,4,-126
1754051312.2994602,5,1,-120
1754051312.3354602,6,0,-121
1754051312.37346,4,3,-122
1754051312.41246,1,-8,-118
1754051312.4504602,1,-4,-121
1754051312.4864602,4,-1,-114
1754051312.52446,5,-5,-121
1754051312.5624602,0,-7,-124
1754051312.60146,8,-5,-131
1754051312.63946,3,0,-122
1754051312.67546,3,-8,-113
1754051312.7134602,1,1,-122
1754051312.75146,0,0,-114
1754051312.79046,4,2,-122
1754051312.82646,-1,2,-119
1754051312.86446,5,-1,-127
1754051312.90246,0,0,-113
1754051312.94146,-2,-1,-115
1754051312.97946,-2,1,-125
1754051313.01546,0,0,-126
1754051313.0524602,-3,5,-119
1754051313.09146,-1,0,-128
1754051313.12746,-9,-3,-136
1754051313.16546,-1,5,-132
1754051313.20346,1,0,-120
1754051313.24146,0,-3,-113
1754051313.28046,-3,-3,-123
1754051313.31646,-1,-8,-120
1754051313.35446,2,-4,-125
1754051313.39246,1,-7,-130
1754051313.43146,0,2,-123
1754051313.4674602,0,-5,-122
1754051313.50546,-2,-5,-121
1754051313.54446,0,-6,-118
1754051313.58146,-4,-6,-115
1754051313.62046,0,-6,-119
1754051313.65646,4,-5,-115
1754051313.6944602,6,-2,-122
1754051313.73246,0,5,-115
1754051313.77146,3,-6,-125
1754051313.80746,-2,-3,-118
1754051313.8454602,0,0,-136
1754051313.88346,-5,-5,-123
1754051313.9214602,-1,-7,-123
1754051313.9604602,-4,-6,-128
1754051313.9964602,0,-6,-120
1754051314.03446,4,-7,-117
1754051314.07346,5,-7,-118
1754051314.1114602,8,-6,-110
1754051314.14746,7,-5,-118
1754051314.18546,-4,-3,-121
1754051314.2234602,-4,3,-127
1754051314.26246,-1,0,-119
1754051314.30046,-7,-7,-109
1754051314.33646,-3,-6,-117
1754051314.37446,5,-10,-122
1754051314.41246,6,-11,-120
1754051314.45146,3,-4,-120
1754051314.48746,5,-3,-120
1754051314.52546,8,-4,-121
1754051314.56346,9,2,-122
1754051314.60246,4,0,-108
1754051314.64046,6,-2,-120
1754051314.67646,4,1,-121
1754051314.71446,0,1,-114
1754051314.7534602,-2,-1,-113
1754051314.79146,10,-8,-114
1754051314.82746,7,-6,-117
1754051314.86646,7,-2,-119
1754051314.90346,3,-1,-122
1754051314.94246,0,-3,-136
1754051314.9804602,-1,1,-132
1754051315.0164602,-1,0,-133
1754051315.05446,-2,2,-127
1754051315.0924602,0,-2,-100
1754051315.1314602,0,-3,-115
1754051315.1674602,2,2,-121
1754051315.20446,-4,0,-132
1754051315.24246,1,5,-128
1754051315.28146,5,2,-112
1754051315.31746,4,4,-118
1754051315.3554602,-1,1,-128
1754051315.39346,0,-3,-122
1754051315.43246,1,0,-112
1754051315.46846,5,0,-119
1754051315.50546,0,5,-121
1754051315.54346,2,2,-128
1754051315.5824602,-3,4,-135
1754051315.6184602,-2,3,-130
1754051315.65646,4,-2,-121
1754051315.69546,-4,0,-118
1754051315.73246,-2,4,-118
1754051315.77146,-8,-3,-139
1754051315.80746,6,2,-119
1754051315.8454602,3,5,-125
1754051315.88246,4,-1,-119
1754051315.9214602,4,-10,-118
1754051315.9574602,-4,-2,-125
1754051315.99546,2,-7,-116
1754051316.03346,0,-1,-128
1754051316.0724602,-1,-1,-130
1754051316.1084602,1,-1,-123
1754051316.14646,1,-5,-117
1754051316.1844602,3,2,-116
1754051316.2234602,2,3,-110
1754051316.26146,4,-5,-119
1754051316.29746,5,-7,-123
1754051316.3354602,4,-5,-117
1754051316.37346,0,-2,-112
1754051316.41246,-1,4,-120
1754051316.44846,1,5,-124
1754051316.48546,0,1,-125
1754051316.52346,0,-4,-122
1754051316.5624602,-4,-11,-119
1754051316.5984602,-3,-3,-114
1754051316.63646,7,-6,-118
1754051316.6744602,2,-5,-126
1754051316.7134602,0,0,-111
1754051316.75146,-1,-1,-115
1754051316.78746,-1,-5,-122
1754051316.82746,2,-4,-121
1754051316.86446,-7,-10,-122
1754051316.90346,0,1,-123
1754051316.94146,1,-1,-124
1754051316.97746,-4,2,-128
1754051317.02346,0,2,-132
1754051317.06146,-4,-4,-123
1754051317.09746,5,-5,-126
1754051317.13646,1,-9,-122
1754051317.17346,3,-11,-122
1754051317.21246,8,-6,-124
1754051317.24846,2,-2,-119
1754051317.2864602,10,-5,-134
1754051317.32446,0,0,-114
1754051317.36346,0,-1,-117
1754051317.39946,4,-3,-112
1754051317.4374602,8,-2,-117
1754051317.47546,5,4,-121
1754051317.5134602,2,2,-111
1754051317.5524602,4,1,-115
1754051317.5884602,9,0,-116
1754051317.62546,-2,2,-122
1754051317.66346,0,0,-123
1754051317.70246,0,-1,-123
1754051317.73846,-5,-1,-116
1754051317.77746,-4,-2,-128
1754051317.81446,1,-6,-124
1754051317.85346,-3,-8,-111
1754051317.88946,0,-7,-122
1754051317.9274602,-4,-1,-117
1754051317.96546,4,-1,-117
1754051318.0034602,4,-1,-113
1754051318.0424602,4,-3,-121
1754051318.07846,8,-1,-120
1754051318.11646,7,3,-123
1754051318.1544602,3,0,-120
1754051318.19346,3,6,-115
1754051318.22946,3,5,-115
1754051318.2664602,0,0,-120
1754051318.30446,4,-5,-119
1754051318.34346,-1,0,-102
1754051318.37946,3,-10,-114
1754051318.4174602,-3,-5,-117
1754051318.45546,4,0,-114
1754051318.49446,6,-3,-119
1754051318.5324602,0,0,-117
1754051318.56846,8,0,-115
1754051318.6054602,1,0,-113
1754051318.6444602,-3,-3,-115
1754051318.68246,-1,-4,-119
1754051318.71846,-4,-4,-118
1754051318.7564602,2,-3,-109
1754051318.79546,0,-6,-110
1754051318.83346,-7,-7,-120
1754051318.86946,-1,-4,-105
1754051318.9074602,-4,4,-93
1754051318.94546,-1,-6,-113
1754051318.98446,0,0,-130
1754051319.02246,5,4,-118
1754051319.05846,0,11,-114
1754051319.0954602,-1,10,-125
1754051319.1344602,8,-8,-127
1754051319.17246,6,0,-118
1754051319.20846,2,0,-117
1754051319.24546,5,3,-119
1754051319.28446,4,-5,-112
1754051319.32046,-2,-11,-113
1754051319.3584602,0,-8,-121
1754051319.39646,1,-10,-124
1754051319.4344602,-2,-7,-125
1754051319.4734602,-2,-6,-133
1754051319.5094602,-4,-4,-127
1754051319.54746,-13,-5,-123
1754051319.5854602,8,-4,-117
1754051319.62446,2,-5,-110
1754051319.66046,7,0,-104
1754051319.6974602,9,-1,-105
1754051319.73546,-4,1,-108
1754051319.77446,0,-6,-114
1754051319.81046,-7,-6,-121
1754051319.8484602,0,-7,-112
1754051319.88646,1,0,-121
1754051319.9244602,-3,-2,-115
1754051319.9634602,6,-5,-127
1754051319.99946,2,3,-124
1754051320.0364602,0,2,-118
1754051320.07446,0,0,-114
1754051320.11346,0,0,-122
1754051320.14946,6,0,-119
1754051320.18646,5,-3,-120
1754051320.22546,6,-1,-125
1754051320.2634602,9,-1,-132
1754051320.2994602,8,-6,-127
1754051320.33746,5,-4,-116
1754051320.37546,1,-6,-129
1754051320.4144602,3,-4,-128
1754051320.4504602,-3,-7,-129
1754051320.48846,-1,-7,-134
1754051320.5264602,2,-2,-121
1754051320.5654602,3,2,-115
1754051320.60346,3,3,-115
1754051320.63946,1,1,-112
1754051320.67646,-2,-3,-116
1754051320.71546,2,4,-112
1754051320.7534602,3,-9,-129
1754051320.7894602,3,-5,-125
1754051320.82846,0,-8,-127
1754051320.8654602,-6,-8,-127
1754051320.9044602,-1,-1,-114
1754051320.9404602,-4,-9,-125
1754051320.97846,0,-4,-134
1754051321.0164602,3,-7,-124
1754051321.05546,5,1,-115
1754051321.09346,1,0,-122
1754051321.12946,1,-2,-111
1754051321.1674602,-2,-6,-121
1754051321.20546,-7,-7,-119
1754051321.24446,-2,0,-118
1754051321.28046,8,-6,-105
1754051321.31846,2,-1,-106
1754051321.35646,1,0,-116
1754051321.39546,2,0,-120
1754051321.43146,1,-6,-115
1754051321.46946,2,-5,-112
1754051321.50746,4,-2,-122
1754051321.54546,0,-2,-127
1754051321.58446,8,-3,-121
1754051321.62046,8,-4,-128
1754051321.65846,4,0,-119
1754051321.69646,10,-2,-115
1754051321.73546,4,0,-128
1754051321.77146,2,-1,-118
1754051321.8094602,-1,1,-112
1754051321.8484602,-2,2,-120
1754051321.88546,0,-7,-128
1754051321.9244602,2,-2,-108
1754051321.9604602,9,-8,-115
1754051321.99846,7,-4,-111
1754051322.0364602,0,-2,-120
1754051322.0754602,-1,-4,-116
1754051322.1114602,0,-2,-122
1754051322.14946,0,-3,-120
1754051322.1874602,0,0,-118
1754051322.22546,7,-1,-117
1754051322.26446,1,-4,-110
1754051322.30046,1,0,-122
1754051322.33946,-1,-3,-125
1754051322.37646,4,3,-120
1754051322.41546,0,2,-113
1754051322.45246,0,5,-128
1754051322.48946,2,3,-118
1754051322.52746,2,-1,-115
1754051322.56646,1,2,-122
1754051322.60446,-2,7,-128
1754051322.64046,3,0,-127
1754051322.67846,3,-4,-123
1754051322.71646,-3,-10,-121
1754051322.75446,-2,-6,-131
1754051322.79046,5,-2,-125
1754051322.82846,2,-2,-122
1754051322.86646,-1,0,-128
1754051322.90546,1,1,-114
1754051322.94146,7,-3,-124
1754051322.97946,5,-3,-121
1754051323.01746,6,6,-116
1754051323.05646,3,5,-119
1754051323.09446,3,-1,-117
1754051323.13046,3,-5,-123
1754051323.16946,-2,0,-117
1754051323.20646,1,3,-109
1754051323.24546,4,-7,-114
1754051323.28146,5,-4,-113
1754051323.3194602,-3,-6,-117
1754051323.35746,-6,-4,-119
1754051323.39646,-1,-5,-114
1754051323.43246,0,0,-123
1754051323.46946,1,1,-114
1754051323.50746,-2,-2,-118
1754051323.5464602,0,-1,-122
1754051323.5824602,6,0,-120
1754051323.61946,0,1,-114
1754051323.6574602,6,-3,-115
1754051323.69646,-2,0,-118
1754051323.73246,-2,-9,-128
1754051323.77046,-2,-5,-125
1754051323.80846,2,4,-123
1754051323.84646,3,-3,-120
1754051323.88546,4,-8,-122
1754051323.9214602,0,-2,-128
1754051323.95946,0,-8,-119
1754051323.99846,2,-7,-119
1754051324.0364602,1,-3,-112
1754051324.0724602,-1,-9,-119
1754051324.1114602,0,-4,-108
1754051324.14846,-2,4,-117
1754051324.18646,3,0,-122
1754051324.22546,-2,-7,-111
1754051324.26146,1,-6,-113
1754051324.2994602,4,1,-121
1754051324.33746,3,-4,-112
1754051324.37646,-4,0,-118
1754051324.41246,4,-8,-120
1754051324.4504602,2,-11,-123
1754051324.48846,4,-2,-122
1754051324.52746,2,-1,-119
1754051324.5654602,-3,-2,-117
1754051324.60146,-3,0,-121
1754051324.63946,1,1,-113
1754051324.6774602,-3,-2,-123
1754051324.71646,6,-3,-119
1754051324.75246,0,-4,-121
1754051324.79046,0,-3,-127
1754051324.82846,-3,0,-131
1754051324.86746,-5,0,-131
1754051324.90546,-7,2,-124
1754051324.94146,0,0,-124
1754051324.97946,3,-1,-116
1754051325.01846,2,-1,-112
1754051325.05646,3,-5,-122
1754051325.0924602,3,-6,-127
1754051325.1314602,3,-3,-121
1754051325.16846,3,-5,-123
1754051325.2074602,-5,-12,-105
1754051325.24546,0,0,-113
1754051325.28146,3,5,-120
1754051325.31846,5,-2,-115
1754051325.35746,0,-4,-120
1754051325.39546,0,2,-112
1754051325.43146,-1,1,-115
1754051325.46946,4,0,-118
1754051325.50746,2,0,-116
1754051325.5464602,6,1,-111
1754051325.5824602,2,5,-111
1754051325.62046,-2,0,-117
1754051325.65846,0,-4,-111
1754051325.6974602,-2,-11,-112
1754051325.7334602,0,-9,-116
1754051325.77146,0,-4,-113
1754051325.8094602,-6,-2,-116
1754051325.84746,0,4,-121
1754051325.88646,0,0,-112
1754051325.92246,8,0,-125
1754051325.9604602,0,-4,-133
1754051325.99746,0,-2,-136
1754051326.0364602,-2,0,-137
1754051326.0724602,-2,1,-124
1754051326.11046,0,-1,-129
1754051326.14846,1,0,-133
1754051326.1874602,13,-1,-125
1754051326.2234602,10,2,-118
1754051326.26046,6,4,-128
1754051326.29846,6,1,-113
1754051326.33746,2,-2,-118
1754051326.37346,-1,-5,-119
1754051326.4114602,2,0,-116
1754051326.4504602,2,-3,-121
1754051326.48846,0,-1,-125
1754051326.5264602,0,-1,-126
1754051326.5624602,0,0,-122
1754051326.60046,1,1,-111
1754051326.6384602,-3,0,-112
1754051326.6774602,3,3,-106
1754051326.7134602,8,-2,-109
1754051326.75146,0,1,-119
1754051326.7894602,-2,-3,-114
1754051326.82846,3,-1,-115
1754051326.86646,5,0,-109
1754051326.90246,-1,0,-121
1754051326.93946,1,-2,-124
1754051326.97846,-2,-1,-110
1754051327.0164602,2,-6,-114
1754051327.06046,0,-9,-114
1754051327.0984602,0,0,-119
1754051327.13746,6,-8,-110
1754051327.17346,2,-8,-113
1754051327.21146,3,-5,-119
1754051327.24946,-5,1,-121
1754051327.28846,0,0,-116
1754051327.32646,-1,0,-122
1754051327.36246,5,-6,-120
1754051327.4014602,4,-4,-122
1754051327.43846,-1,-12,-129
1754051327.47746,3,2,-114
1754051327.5134602,-1,2,-118
1754051327.55146,3,-3,-124
1754051327.58946,3,-4,-127
1754051327.6284602,1,-5,-123
1754051327.6644602,0,-2,-121
1754051327.70146,3,-11,-115
1754051327.73946,7,-4,-119
1754051327.77846,2,-7,-121
1754051327.81446,3,-11,-128
1754051327.85246,-2,0,-132
1754051327.89046,4,-2,-120
1754051327.92846,0,-2,-123
1754051327.9674602,0,-12,-117
1754051328.0034602,1,-5,-115
1754051328.04146,2,4,-127
1754051328.08046,3,0,-123
1754051328.1184602,2,2,-121
1754051328.1544602,1,-7,-118
1754051328.19346,2,-7,-115
1754051328.2304602,4,0,-122
1754051328.26846,-3,0,-114
1754051328.30746,0,-3,-117
1754051328.34346,-6,-5,-113
1754051328.3814602,-2,-3,-122
1754051328.41946,-1,-1,-115
1754051328.45846,1,-2,-120
1754051328.49446,-6,8,-114
1754051328.5324602,1,-2,-114
1754051328.57146,7,3,-123
1754051328.60946,3,-7,-110
1754051328.64746,1,-5,-130
1754051328.6844602,-2,8,-127
1754051328.72146,0,6,-111
1754051328.7594602,-2,3,-110
1754051328.79846,5,2,-125
1754051328.83446,0,1,-119
1754051328.8714602,-5,-2,-117
1754051328.90946,1,-4,-109
1754051328.94846,3,0,-110
1754051328.98446,3,-2,-110
1754051329.02246,-1,1,-123
1754051329.06046,-3,-1,-125
1754051329.09946,0,4,-120
1754051329.13746,-5,-5,-126
1754051329.17346,-4,-6,-124
1754051329.21146,0,1,-125
1754051329.24946,1,-2,-132
1754051329.28846,0,-3,-116
1754051329.32446,-7,3,-116
1754051329.36346,-2,6,-123
1754051329.40046,1,9,-117
1754051329.43946,0,-1,-119
1754051329.47746,-4,-7,-112
1754051329.5134602,2,-6,-122
1754051329.55146,5,-6,-109
1754051329.58946,7,-7,-113
1754051329.6284602,0,-6,-127
1754051329.6644602,-4,-4,-120
1754051329.70246,-1,-6,-122
1754051329.74146,1,-2,-126
1754051329.7794602,-6,-2,-126
1754051329.8154602,0,0,-121
1754051329.85246,0,0,-123
1754051329.89046,0,-2,-114
1754051329.92946,-1,1,-126
1754051329.96546,-1,1,-122
1754051330.0034602,0,-2,-115
1754051330.0424602,0,0,-114
1754051330.07946,-6,-3,-119
1754051330.1184602,-1,-4,-117
1754051330.1544602,0,-2,-115
1754051330.19246,-4,-5,-109
1754051330.22946,-2,0,-122
1754051330.26846,5,-4,-126
1754051330.30446,0,-4,-123
1754051330.3424602,5,-4,-122
1754051330.37946,1,-4,-124
1754051330.41846,9,-5,-122
1754051330.45446,1,-3,-119
1754051330.49246,-1,0,-121
1754051330.53046,6,-3,-119
1754051330.5694602,4,-1,-116
1754051330.6054602,-1,-4,-117
1754051330.64346,6,-4,-133
1754051330.68246,4,-10,-123
1754051330.7204602,1,-5,-118
1754051330.75846,7,0,-121
1754051330.79446,0,2,-121
1754051330.8324602,5,-3,-112
1754051330.87046,9,-1,-121
1754051330.90946,-4,0,-116
1754051330.94546,0,1,-124
1754051330.98246,-2,-2,-133
1754051331.02046,-1,-7,-120
1754051331.0594602,0,-5,-115
1754051331.0954602,0,0,-125
1754051331.13346,0,0,-132
1754051331.17046,2,-6,-136
1754051331.20946,1,-9,-125
1754051331.24546,5,-2,-124
1754051331.28346,-1,0,-130
1754051331.32146,7,-4,-126
1754051331.36046,1,-6,-117
1754051331.39846,-3,-3,-115
1754051331.4344602,2,-1,-117
1754051331.47246,3,0,-116
1754051331.51046,2,0,-136
1754051331.5494602,1,2,-129
1754051331.5854602,0,-2,-118
1754051331.62346,2,-2,-116
1754051331.66246,-3,-4,-125
1754051331.7004602,-4,-3,-119
1754051331.73846,4,-1,-123
1754051331.77446,9,-5,-123
1754051331.8124602,8,-6,-113
1754051331.85046,1,-7,-119
1754051331.88946,-2,-5,-109
1754051331.92546,3,-6,-110
1754051331.9634602,0,-3,-116
1754051332.00146,-1,-1,-112
1754051332.04046,4,3,-112
1754051332.07646,0,2,-122
1754051332.11346,-2,2,-118
1754051332.1514602,0,2,-117
1754051332.1904602,-7,-2,-115
1754051332.22646,0,0,-112
1754051332.2634602,7,0,-115
1754051332.30146,3,-3,-115
1754051332.34046,-2,0,-121
1754051332.37646,-8,1,-118
1754051332.4144602,0,-1,-119
1754051332.45346,0,-3,-114
1754051332.4904602,-2,-5,-117
1754051332.5294602,-7,-6,-116
1754051332.5654602,0,-6,-117
1754051332.60346,11,-4,-119
1754051332.6414602,0,0,-118
1754051332.68046,0,-4,-120
1754051332.71646,0,-9,-118
1754051332.7534602,-2,1,-124
1754051332.79146,-2,-6,-108
1754051332.83046,1,-1,-119
1754051332.86646,1,1,-107
1754051332.90346,8,-5,-121
1754051332.94146,7,-3,-113
1754051332.9804602,7,-5,-114
1754051333.0164602,7,-5,-114
1754051333.05446,-1,-4,-127
1754051333.0924602,-2,0,-127
1754051333.1314602,0,1,-119
1754051333.16946,-1,0,-113
1754051333.20546,0,0,-109
1754051333.2434602,2,-7,-119
1754051333.28146,-1,0,-118
1754051333.32046,5,0,-127
1754051333.35646,1,-11,-128
1754051333.39546,4,-7,-119
1754051333.43246,1,-6,-121
1754051333.47146,-1,-4,-116
1754051333.5094602,-2,-12,-117
1754051333.54546,-3,-9,-110
1754051333.58346,-6,-2,-122
1754051333.6214602,0,-4,-116
1754051333.66046,4,-4,-111
1754051333.69646,1,-2,-118
1754051333.73446,3,-9,-124
1754051333.77246,1,-6,-125
1754051333.81146,4,1,-119
1754051333.84746,3,-4,-109
1754051333.88646,5,-2,-114
1754051333.92346,6,1,-115
1754051333.96146,1,-6,-124
1754051334.00046,2,-4,-120
1754051334.0364602,-1,-1,-126
1754051334.07446,3,4,-125
1754051334.11246,0,-2,-119
1754051334.1514602,1,-2,-121
1754051334.1874602,1,-4,-118
1754051334.22546,1,-3,-123
1754051334.2634602,0,-2,-135
1754051334.30146,1,-8,-122
1754051334.34046,0,-3,-123
1754051334.37646,1,0,-122
1754051334.4144602,-3,-3,-121
1754051334.45246,0,-7,-113
1754051334.49146,3,-10,-124
1754051334.52746,0,-1,-121
1754051334.5654602,0,0,-127
1754051334.60346,-3,3,-117
1754051334.6414602,0,-3,-114
1754051334.68046,1,-3,-118
1754051334.71646,0,0,-121
1754051334.7534602,0,-3,-112
1754051334.7924602,2,-2,-109
1754051334.83046,7,-6,-113
1754051334.86646,4,-11,-116
1754051334.9044602,0,-3,-117
1754051334.94246,2,-1,-125
1754051334.98146,6,-5,-121
1754051335.01846,4,-3,-126
1754051335.05646,-1,-4,-129
1754051335.09346,-1,-1,-122
1754051335.13246,-1,6,-131
1754051335.17046,3,4,-127
1754051335.20646,-2,1,-113
1754051335.24446,-3,-3,-124
1754051335.2824602,1,-7,-122
1754051335.32146,3,-4,-116
1754051335.35746,-6,-5,-121
1754051335.39546,-2,0,-124
1754051335.43346,5,-4,-131
1754051335.47246,3,0,-123
1754051335.51046,11,0,-123
1754051335.5464602,2,-6,-118
1754051335.58446,4,-5,-122
1754051335.62246,-2,2,-116
1754051335.6614602,-7,-1,-117
1754051335.6974602,0,0,-124
1754051335.73446,0,-13,-126
1754051335.77246,-1,-4,-112
1754051335.81146,3,0,-118
1754051335.84746,3,2,-117
1754051335.8844602,-3,-1,-115
1754051335.92246,3,1,-120
1754051335.96146,3,4,-129
1754051335.99746,3,2,-115
1754051336.03446,-1,7,-111
1754051336.0724602,-7,5,-119
1754051336.1114602,-2,0,-115
1754051336.14746,8,2,-108
1754051336.18546,6,-1,-121
1754051336.22446,4,0,-127
1754051336.26246,-1,-2,-123
1754051336.29846,4,-3,-117
1754051336.33646,8,-3,-112
1754051336.37446,3,0,-112
1754051336.41246,0,5,-112
1754051336.45146,2,-6,-123
1754051336.48746,0,-7,-116
1754051336.52446,3,-5,-114
1754051336.5624602,2,-4,-117
1754051336.60146,0,-6,-113
1754051336.63746,-2,0,-118
1754051336.6744602,2,-9,-118
1754051336.71246,-2,-10,-115
1754051336.75146,0,-1,-116
1754051336.78746,8,-6,-120
1754051336.8254602,0,-13,-130
1754051336.86346,-1,0,-118
1754051336.90246,3,3,-119
1754051336.93846,-5,3,-122
1754051336.97746,-4,-1,-126
1754051337.01546,0,-5,-106
1754051337.05346,0,-8,-112
1754051337.09746,0,-4,-128
1754051337.13546,2,-4,-125
1754051337.17346,-2,3,-115
1754051337.21146,5,-1,-107
1754051337.24846,5,0,-107
1754051337.28546,6,0,-116
1754051337.32346,2,3,-122
1754051337.36246,3,-3,-115
1754051337.39846,1,5,-119
1754051337.43546,3,1,-121
1754051337.4734602,7,-9,-115
1754051337.51246,2,-3,-117
1754051337.54846,-1,-4,-119
1754051337.58646,0,-4,-128
1754051337.62446,7,1,-117
1754051337.66346,6,8,-111
1754051337.70146,0,3,-119
1754051337.73746,-8,-3,-122
1754051337.77546,3,-7,-119
1754051337.81446,5,2,-125
1754051337.85246,1,2,-108
1754051337.8884602,-5,0,-113
1754051337.9274602,4,1,-114
1754051337.96446,10,2,-116
1754051338.0034602,10,2,-118
1754051338.04146,6,0,-116
1754051338.07746,8,-2,-119
1754051338.1154602,7,3,-117
1754051338.15346,3,4,-110
1754051338.19246,-1,0,-115
1754051338.22846,8,0,-123
1754051338.2664602,0,4,-124
1754051338.30546,-3,-1,-114
1754051338.34346,-4,0,-109
1754051338.37946,1,0,-111
1754051338.41646,1,-3,-113
1754051338.45546,0,-6,-122
1754051338.4934602,-3,0,-121
1754051338.5294602,6,-4,-115
1754051338.56746,8,-6,-116
1754051338.6054602,7,2,-121
1754051338.64346,-1,1,-106
1754051338.68246,6,1,-114
1754051338.71846,0,-4,-114
1754051338.7564602,7,-3,-109
1754051338.79446,13,3,-115
1754051338.83346,7,0,-119
1754051338.86946,-1,4,-125
1754051338.9074602,0,-6,-115
1754051338.94646,6,0,-116
1754051338.98446,-6,1,-115
1754051339.02246,-4,3,-111
1754051339.05846,3,1,-103
1754051339.09746,3,-4,-112
1754051339.1344602,-3,-4,-113
1754051339.17346,-6,2,-107
1754051339.20946,3,5,-96
1754051339.24746,3,-6,-111
1754051339.28546,1,-4,-113
1754051339.32446,0,4,-109
1754051339.36246,-9,0,-119
1754051339.39846,-2,0,-122
1754051339.43646,4,-2,-118
1754051339.47446,1,-9,-109
1754051339.5134602,6,-1,-108
1754051339.5494602,5,-1,-116
1754051339.58746,-2,-3,-113
1754051339.62546,-3,1,-112
1754051339.6644602,2,-2,-105
1754051339.70246,-3,-3,-115
1754051339.73846,1,-1,-121
1754051339.7764602,-1,2,-131
1754051339.81446,2,-3,-124
1754051339.85346,3,-3,-118
1754051339.88946,7,-5,-122
1754051339.9274602,4,4,-128
1754051339.96546,4,5,-132
1754051340.00446,6,-5,-120
1754051340.0424602,2,0,-119
1754051340.07846,0,6,-113
1754051340.1154602,-5,0,-115
1754051340.1544602,-4,0,-120
1754051340.1904602,-3,-2,-119
1754051340.22846,0,-2,-125
1754051340.2664602,1,-8,-119
1754051340.30446,1,-4,-126
1754051340.34346,6,-2,-117
1754051340.37946,8,-2,-125
1754051340.4174602,6,-5,-114
1754051340.45646,2,0,-108
1754051340.49446,1,0,-118
1754051340.53046,-5,-7,-118
1754051340.56846,2,-11,-125
1754051340.60646,8,-8,-130
1754051340.6444602,-1,-1,-122
1754051340.68346,-1,-3,-123
1754051340.71946,6,-2,-120
1754051340.75746,3,-5,-118
1754051340.79546,-1,-5,-122
1754051340.83446,2,-8,-124
1754051340.87046,-3,0,-117
1754051340.90846,4,-5,-122
1754051340.9474602,-1,-2,-116
1754051340.98546,-5,6,-123
1754051341.02346,-1,3,-105
1754051341.0594602,5,1,-113
1754051341.09746,5,3,-117
1754051341.13546,6,-2,-122
1754051341.17346,0,0,-112
1754051341.20946,5,0,-117
1754051341.24746,3,-5,-115
1754051341.28546,-2,-1,-118
1754051341.32346,-2,1,-118
1754051341.35946,-3,3,-127
1754051341.39746,-6,2,-115
1754051341.43546,4,5,-113
1754051341.47446,-3,0,-115
1754051341.51046,0,-1,-116
1754051341.54846,-3,-1,-104
1754051341.58646,-4,-1,-114
1754051341.62546,-1,0,-114
1754051341.66346,2,-4,-109
1754051341.69946,1,-8,-118
1754051341.73746,4,-2,-125
1754051341.7764602,2,-7,-127
1754051341.81446,1,-7,-125
1754051341.85046,2,-3,-125
1754051341.88946,3,0,-128
1754051341.92646,-2,1,-119
1754051341.96546,-1,-1,-118
1754051342.0034602,1,-3,-122
1754051342.04046,2,-6,-121
1754051342.07846,4,-5,-118
1754051342.11646,0,0,-116
1754051342.15546,0,5,-122
1754051342.19146,6,3,-118
1754051342.22846,0,0,-116
1754051342.2664602,-3,-1,-123
1754051342.30546,-7,3,-121
1754051342.34146,-3,0,-125
1754051342.38046,2,3,-123
1754051342.4174602,5,3,-117
1754051342.45546,-1,6,-117
1754051342.49446,2,-1,-114
1754051342.53046,5,0,-116
1754051342.56746,-1,4,-112
1754051342.6054602,-2,-8,-107
1754051342.6444602,1,-1,-119
1754051342.68046,0,3,-123
1754051342.7174602,12,4,-119
1754051342.75546,2,0,-116
1754051342.79446,-2,-1,-132
1754051342.83046,0,-2,-122
1754051342.8684602,2,-6,-116
1754051342.90646,2,-8,-117
1754051342.94546,-8,-10,-127
1754051342.98146,3,0,-125
1754051343.0194602,1,2,-119
1754051343.05746,4,-4,-124
1754051343.09646,8,3,-116
1754051343.1344602,0,-2,-119
1754051343.17046,2,-7,-125
1754051343.20946,2,4,-128
1754051343.2464602,-6,0,-124
1754051343.28546,-4,-2,-125
1754051343.3224602,-1,-1,-128
1754051343.35946,0,-5,-131
1754051343.39746,-6,-5,-128
1754051343.43646,2,-5,-120
1754051343.47446,0,-2,-113
1754051343.51046,2,-1,-112
1754051343.54846,0,1,-115
1754051343.58746,-5,1,-115
1754051343.62546,0,-5,-127
1754051343.6614602,3,1,-127
1754051343.69846,8,0,-129
1754051343.73746,9,5,-128
1754051343.77546,5,1,-124
1754051343.81146,-1,1,-120
1754051343.85046,-4,2,-132
1754051343.88746,-1,-2,-124
1754051343.92646,0,-3,-115
1754051343.96446,-3,1,-106
1754051344.00046,2,-5,-122
1754051344.03846,-4,1,-112
1754051344.07646,0,-2,-106
1754051344.1154602,0,1,-122
1754051344.1514602,6,-5,-116
1754051344.18946,1,-4,-114
1754051344.22746,5,-2,-119
1754051344.2664602,7,-1,-112
1754051344.3024602,0,0,-118
1754051344.33946,3,4,-116
1754051344.37746,4,-4,-118
1754051344.41646,0,-6,-115
1754051344.45246,-1,-6,-106
1754051344.4904602,1,-1,-115
1754051344.5294602,5,0,-117
1754051344.56646,10,-4,-112
1754051344.6054602,1,4,-110
1754051344.6414602,-2,3,-116
1754051344.67946,0,-1,-128
1754051344.7174602,6,2,-118
1754051344.7564602,0,-1,-121
1754051344.7924602,0,-3,-134
1754051344.82946,1,-3,-127
1754051344.86746,6,2,-115
1754051344.90646,7,-5,-117
1754051344.94246,7,0,-120
1754051344.97946,8,0,-127
1754051345.01746,7,3,-124
1754051345.05646,4,0,-113
1754051345.0924602,-1,1,-105
1754051345.13046,-2,1,-121
1754051345.16846,-5,-5,-111
1754051345.2074602,3,-3,-119
1754051345.24546,-1,-3,-122
1754051345.2824602,0,0,-115
1754051345.3194602,0,0,-124
1754051345.35746,7,-10,-113
1754051345.39646,6,-1,-118
1754051345.43246,0,0,-117
1754051345.46946,1,-2,-121
1754051345.50746,-2,0,-117
1754051345.5464602,10,0,-124
1754051345.5824602,4,0,-118
1754051345.61946,0,-2,-124
1754051345.6574602,3,-3,-116
1754051345.69646,-3,-1,-128
1754051345.73246,-4,-5,-124
1754051345.77046,3,0,-122
1754051345.80846,2,0,-121
1754051345.84746,7,-5,-124
1754051345.88546,4,-3,-122
1754051345.9214602,4,-5,-124
1754051345.95946,-5,-9,-123
1754051345.99746,1,-1,-120
1754051346.0364602,0,-4,-119
1754051346.0724602,0,-4,-120
1754051346.10946,0,-6,-129
1754051346.14746,6,-4,-127
1754051346.18646,3,-5,-120
1754051346.22246,1,-4,-114
1754051346.26046,2,-7,-121
1754051346.29846,3,0,-119
1754051346.33746,-2,6,-131
1754051346.37346,-2,-2,-137
1754051346.4114602,0,-1,-126
1754051346.44946,3,1,-134
1754051346.48846,10,-1,-122
1754051346.5264602,5,0,-119
1754051346.5624602,4,0,-118
1754051346.59946,0,-1,-132
1754051346.6384602,6,3,-130
1754051346.67646,9,6,-116
1754051346.71246,7,-3,-115
1754051346.75046,6,0,-117
1754051346.78846,3,-1,-113
1754051346.82746,4,-3,-111
1754051346.86346,6,-10,-115
1754051346.9014602,0,-3,-119
1754051346.93946,2,1,-119
1754051346.97746,-2,-6,-127
1754051347.0164602,-4,0,-121
1754051347.0524602,-1,0,-107
1754051347.09046,1,-5,-103
1754051347.13646,2,-3,-117
1754051347.17246,5,-6,-114
1754051347.2104602,-2,0,-116
1754051347.24846,0,-1,-111
1754051347.28746,6,-2,-124
1754051347.32346,0,-3,-125
1754051347.3614602,3,3,-129
1754051347.39946,1,-2,-114
1754051347.43846,2,-7,-117
1754051347.47646,7,0,-115
1754051347.51246,2,-2,-125
1754051347.55046,5,-4,-119
1754051347.5884602,3,-9,-119
1754051347.62746,0,-12,-121
1754051347.66346,0,-10,-124
1754051347.70146,1,-5,-114
1754051347.73946,7,-7,-113
1754051347.77846,5,-8,-106
1754051347.81646,3,-8,-104
1754051347.85246,-4,-5,-122
1754051347.89046,-1,-1,-120
1754051347.92846,-1,1,-118
1754051347.9674602,2,0,-118
1754051348.0034602,-4,1,-124
1754051348.0424602,3,0,-125
1754051348.07946,8,-3,-127
1754051348.1184602,6,-6,-112
1754051348.15646,3,-4,-114
1754051348.19246,-1,-6,-117
1754051348.2304602,-3,0,-108
1754051348.26846,0,-3,-111
1754051348.30746,0,-4,-127
1754051348.34346,0,-4,-114
1754051348.3814602,4,0,-127
1754051348.42046,4,-1,-132
1754051348.45846,0,-5,-134
1754051348.49446,-1,-8,-125
1754051348.5324602,0,-4,-123
1754051348.57046,0,-1,-126
1754051348.6084602,-1,-4,-137
1754051348.64746,0,0,-125
1754051348.68346,0,-5,-117
1754051348.72146,7,-3,-132
1754051348.7594602,0,-7,-124
1754051348.79846,2,0,-124
1754051348.83446,1,0,-115
1754051348.8714602,2,0,-109
1754051348.90946,7,-8,-119
1754051348.94846,8,0,-113
1754051348.98446,8,3,-112
1754051349.02146,4,-1,-112
1754051349.0594602,2,-5,-117
1754051349.0984602,-2,0,-126
1754051349.1344602,0,0,-120
1754051349.1714602,0,5,-130
1754051349.20946,-4,-1,-122
1754051349.24846,-2,-7,-120
1754051349.28446,4,-6,-117
1754051349.3224602,0,0,-119
1754051349.36046,-2,0,-120
1754051349.39946,5,-1,-118
1754051349.4374602,2,0,-113
1754051349.4734602,2,-4,-120
1754051349.51146,-1,-2,-118
1754051349.5494602,-2,-2,-112
1754051349.5884602,-1,-2,-111
1754051349.62446,-3,-9,-110
1754051349.66246,-1,-10,-117
1754051349.7004602,0,-7,-136
1754051349.73946,-6,-3,-117
1754051349.77746,1,-6,-125
1754051349.81346,7,-11,-114
1754051349.85146,-4,-2,-127
1754051349.88946,0,-3,-112
1754051349.92846,6,0,-119
1754051349.96446,6,3,-113
1754051350.00146,3,1,-116
1754051350.0394602,2,-10,-124
1754051350.07846,-2,-6,-121
1754051350.11446,1,-7,-113
1754051350.15246,-3,-3,-114
1754051350.1904602,5,-3,-117
1754051350.22946,2,2,-114
1754051350.26746,-3,0,-123
1754051350.30346,-3,1,-122
1754051350.3424602,-3,-6,-112
1754051350.37946,5,0,-122
1754051350.41846,1,0,-121
1754051350.45546,-2,-5,-117
1754051350.49246,-3,0,-120
1754051350.53046,3,-4,-129
1754051350.5694602,-4,-3,-122
1754051350.6054602,-8,-1,-128
1754051350.64346,3,-1,-124
1754051350.68146,0,0,-113
1754051350.7204602,0,-2,-109
1754051350.75846,-7,1,-107
1754051350.79446,-1,-6,-123
1754051350.8324602,3,-5,-127
1754051350.87046,1,3,-123
1754051350.90946,4,2,-109
1754051350.94546,2,-2,-119
1754051350.9834602,0,-10,-122
1754051351.02146,1,-7,-118
1754051351.0594602,-3,-6,-114
1754051351.0984602,-3,-4,-107
1754051351.1344602,-2,2,-111
1754051351.17246,3,0,-116
1754051351.2104602,7,-2,-120
1754051351.24946,2,-2,-126
1754051351.28546,-4,3,-120
1754051351.32346,-1,-5,-118
1754051351.3614602,1,-7,-116
1754051351.40046,2,-1,-128
1754051351.43846,7,-4,-119
1754051351.47446,7,-3,-112
1754051351.5134602,5,0,-111
1754051351.55046,2,-4,-128
1754051351.58946,7,-1,-121
1754051351.62546,1,-6,-125
1754051351.66346,-1,-4,-120
1754051351.70146,6,0,-124
1754051351.7404602,4,-3,-123
1754051351.77846,0,-2,-119
1754051351.81446,-5,1,-120
1754051351.85246,-7,4,-120
1754051351.89046,-2,1,-127
1754051351.92946,-4,-1,-125
1754051351.96546,-6,-2,-127
1754051352.0034602,-2,0,-125
1754051352.0424602,-4,1,-119
1754051352.08046,2,-7,-119
1754051352.1184602,-3,1,-121
1754051352.1544602,-8,0,-117
1754051352.19246,2,-4,-123
1754051352.2304602,0,0,-118
1754051352.2694602,0,-6,-121
1754051352.30546,1,-2,-117
1754051352.34346,0,-4,-120
1754051352.3814602,0,0,-132
1754051352.42046,0,-1,-116
1754051352.45846,3,0,-111
1754051352.49446,0,-1,-123
1754051352.53346,3,-5,-118
1754051352.57046,1,-7,-126
1754051352.60946,-4,-2,-124
1754051352.64546,1,-4,-125
1754051352.68346,-3,-2,-126
1754051352.72246,6,-1,-114
1754051352.76046,6,-8,-126
1754051352.7964602,3,-3,-121
1754051352.83446,8,0,-129
1754051352.87246,3,-2,-120
1754051352.91046,5,-7,-134
1754051352.94946,1,-1,-129
1754051352.98546,0,-1,-127
1754051353.02346,7,0,-117
1754051353.06146,10,3,-109
1754051353.10046,2,6,-109
1754051353.13646,4,3,-113
1754051353.1744602,3,6,-126
1754051353.21246,-4,2,-128
1754051353.25046,2,0,-118
1754051353.2894602,0,8,-108
1754051353.3254602,-2,3,-106
1754051353.36346,-6,0,-118
1754051353.4014602,7,0,-119
1754051353.4404602,0,-5,-113
1754051353.47646,0,-2,-122
1754051353.5134602,1,2,-130
1754051353.55146,-1,0,-132
1754051353.59046,-1,-2,-120
1754051353.62646,0,0,-130
1754051353.66346,-1,1,-123
1754051353.70146,1,3,-117
1754051353.7404602,4,0,-119
1754051353.7764602,1,-5,-120
1754051353.81446,-2,-1,-116
1754051353.85246,-1,4,-134
1754051353.8914602,0,0,-121
1754051353.92946,2,-2,-122
1754051353.96546,-1,-1,-136
1754051354.0034602,-5,-5,-116
1754051354.0424602,1,0,-121
1754051354.08046,12,0,-107
1754051354.11646,1,-2,-104
1754051354.1544602,0,-2,-113
1754051354.19246,6,-1,-117
1754051354.23146,-2,-4,-120
1754051354.2694602,-2,-3,-119
1754051354.30546,-3,0,-115
1754051354.34346,6,0,-120
1754051354.3814602,-1,-3,-119
1754051354.42046,-4,-6,-125
1754051354.45646,1,-4,-108
1754051354.49446,2,-2,-107
1754051354.5324602,2,-1,-130
1754051354.57146,2,-4,-132
1754051354.60946,8,-5,-110
1754051354.64646,4,-7,-123
1754051354.6844602,5,-3,-122
1754051354.72246,0,2,-114
1754051354.76146,-3,6,-108
1754051354.79746,0,4,-109
1754051354.83446,4,6,-117
1754051354.87246,-6,4,-129
1754051354.9114602,-1,-1,-114
1754051354.9474602,-2,-4,-110
1754051354.98546,3,1,-126
1754051355.02346,3,-3,-128
1754051355.06146,1,-3,-118
1754051355.10046,0,-5,-120
1754051355.13646,-2,-1,-118
1754051355.1744602,-5,-4,-122
1754051355.2134602,3,-1,-122
1754051355.25146,5,-5,-113
1754051355.28746,7,-3,-127
1754051355.32646,1,2,-120
1754051355.36346,-1,0,-128
1754051355.4014602,-2,1,-125
1754051355.4404602,2,6,-119
1754051355.47646,6,9,-115
1754051355.5134602,2,6,-100
1754051355.5524602,3,-2,-113
1754051355.59046,-4,-5,-121
1754051355.62646,0,-8,-128
1754051355.6644602,1,0,-121
1754051355.70246,-3,1,-121
1754051355.74146,9,-6,-119
1754051355.77746,-1,-4,-117
1754051355.8154602,4,-1,-119
1754051355.85446,12,-5,-123
1754051355.89246,9,1,-128
1754051355.93046,4,-4,-133
1754051355.96646,2,0,-122
1754051356.00446,5,-5,-130
1754051356.0424602,-1,-4,-123
1754051356.08046,0,3,-132
1754051356.11646,-1,2,-117
1754051356.1544602,2,0,-112
1754051356.19246,-3,4,-120
1754051356.23146,-4,3,-123
1754051356.26746,-4,1,-124
1754051356.30546,-7,6,-121
1754051356.34346,-3,-4,-104
1754051356.38246,1,-3,-115
1754051356.42046,-2,1,-124
1754051356.45646,-1,0,-118
1754051356.49446,3,-2,-125
1754051356.53346,2,-3,-114
1754051356.57146,-3,-2,-113
1754051356.60746,-1,-2,-113
1754051356.64546,-3,-6,-117
1754051356.68346,-2,-4,-120
1754051356.72246,-1,0,-126
1754051356.75846,1,-1,-122
1754051356.79746,1,-1,-108
1754051356.83446,-1,-1,-110
1754051356.87246,6,-3,-118
1754051356.9114602,3,-4,-123
1754051356.9474602,5,-1,-120
1754051356.98546,4,-4,-122
1754051357.02346,2,0,-122
1754051357.0624602,0,1,-124
1754051357.0984602,9,-4,-114
1754051357.1444602,0,-4,-116
1754051357.18246,0,-6,-119
1754051357.21846,-4,-2,-127
1754051357.2564602,3,-3,-118
1754051357.29446,0,-2,-123
1754051357.3324602,-8,0,-121
1754051357.3714602,1,1,-124
1754051357.4074602,8,5,-135
1754051357.44546,1,4,-123
1754051357.48446,0,0,-120
1754051357.52246,0,-2,-114
1754051357.55846,-3,2,-109
1754051357.59746,0,-1,-110
1754051357.6344602,4,0,-129
1754051357.67346,3,-1,-129
1754051357.71146,0,5,-132
1754051357.74746,-6,4,-122
1754051357.78546,-4,4,-123
1754051357.82346,-4,-3,-115
1754051357.86246,3,-5,-116
1754051357.89846,5,-1,-119
1754051357.93646,11,-1,-122
1754051357.97446,6,0,-122
1754051358.0134602,2,6,-110
1754051358.05146,5,4,-119
1754051358.08746,7,4,-127
1754051358.12446,0,-4,-132
1754051358.16346,4,2,-137
1754051358.20146,9,1,-131
1754051358.23746,0,0,-116
1754051358.27446,0,-4,-117
1754051358.31346,1,-4,-116
1754051358.35146,-7,2,-126
1754051358.38746,-3,-1,-123
1754051358.42646,3,3,-118
1754051358.4634602,-7,0,-119
1754051358.50246,-1,-5,-121
1754051358.53846,1,-6,-128
1754051358.57646,2,0,-128
1754051358.61446,2,0,-127
1754051358.65346,1,-4,-126
1754051358.69146,9,0,-132
1754051358.72746,4,1,-133
1754051358.76546,-2,6,-129
1754051358.80346,3,-1,-120
1754051358.8424602,0,8,-122
1754051358.8784602,4,0,-108
1754051358.9174602,0,-2,-113
1754051358.95446,3,-1,-114
1754051358.9934602,2,-1,-115
1754051359.0294602,4,2,-115
1754051359.06746,1,-1,-125
1754051359.10446,-1,0,-121
1754051359.14346,0,-9,-115
1754051359.17946,3,0,-126
1754051359.2174602,3,5,-108
1754051359.2564602,-3,7,-108
1754051359.29346,7,1,-123
1754051359.3324602,1,2,-120
1754051359.3684602,2,2,-115
1754051359.40646,0,-3,-126
1754051359.44346,0,1,-120
1754051359.48246,-5,4,-115
1754051359.51846,5,-3,-128
1754051359.55646,0,-7,-129
1754051359.59446,3,5,-121
1754051359.63346,1,3,-114
1754051359.66946,2,2,-121
1754051359.70646,2,5,-122
1754051359.74446,5,0,-115
1754051359.78346,0,1,-113
1754051359.8194602,8,1,-121
1754051359.85646,3,-7,-118
1754051359.8944602,6,-4,-123
1754051359.93346,1,-2,-116
1754051359.96946,7,-2,-110
1754051360.00746,3,0,-113
1754051360.04546,3,-6,-123
1754051360.08446,5,0,-122
1754051360.12246,1,-2,-114
1754051360.15846,-1,2,-114
1754051360.19646,-3,2,-125
1754051360.23446,2,2,-121
1754051360.27346,0,-2,-116
1754051360.3094602,0,0,-123
1754051360.34746,-3,-1,-126
1754051360.3844602,-3,2,-121
1754051360.42346,3,-4,-125
1754051360.45946,1,-3,-122
1754051360.49746,1,-3,-123
1754051360.53546,6,-4,-121
1754051360.57446,2,-5,-113
1754051360.61246,1,-4,-123
1754051360.64846,0,-5,-123
1754051360.68546,3,2,-118
1754051360.72446,6,-2,-114
1754051360.76246,4,-4,-124
1754051360.79846,5,0,-125
1754051360.8354602,2,-2,-117
1754051360.87446,3,0,-119
1754051360.91046,6,1,-115
1754051360.9474602,0,0,-113
1754051360.98546,5,2,-132
1754051361.02446,6,-7,-122
1754051361.06046,10,-6,-114
1754051361.0984602,4,1,-114
1754051361.13646,0,6,-125
1754051361.17546,2,-7,-123
1754051361.2134602,6,0,-116
1754051361.24946,4,-3,-126
1754051361.28746,1,-4,-114
1754051361.32646,2,-3,-115
1754051361.36446,6,-8,-114
1754051361.40046,-7,0,-119
1754051361.43846,-5,2,-113
1754051361.47646,-1,-5,-117
1754051361.51446,-1,-5,-111
1754051361.55346,-8,-9,-114
1754051361.58946,-9,-5,-123
1754051361.62746,-5,0,-131
1754051361.66546,0,-2,-122
1754051361.70446,1,0,-121
1754051361.7404602,-6,2,-113
1754051361.77846,0,-3,-128
1754051361.81646,-1,-2,-126
1754051361.8554602,4,0,-124
1754051361.89346,7,-4,-129
1754051361.92946,7,-3,-121
1754051361.9674602,4,3,-124
1754051362.0064602,2,5,-121
1754051362.04446,-7,-5,-121
1754051362.08046,-9,-3,-124
1754051362.1184602,0,-5,-124
1754051362.15646,1,-2,-121
1754051362.19546,8,-7,-111
1754051362.2334602,3,-6,-117
1754051362.2694602,8,0,-120
1754051362.30646,7,-2,-113
1754051362.3454602,8,-4,-122
1754051362.38346,1,-6,-124
1754051362.41946,4,-3,-134
1754051362.4574602,7,-4,-128
1754051362.4964602,-2,0,-128
1754051362.53446,-1,-2,-126
1754051362.57046,2,-6,-125
1754051362.6084602,0,-1,-120
1754051362.64646,0,0,-124
1754051362.68546,1,-1,-122
1754051362.7234602,-3,-2,-124
1754051362.7594602,-2,-7,-113
1754051362.79746,0,2,-120
1754051362.8354602,2,0,-112
1754051362.87446,8,4,-121
1754051362.91046,2,-1,-115
1754051362.94846,6,0,-114
1754051362.9864602,10,-5,-118
1754051363.02546,-2,-3,-115
1754051363.06146,-2,0,-113
1754051363.09946,4,0,-118
1754051363.1384602,1,-4,-115
1754051363.17546,4,0,-128
1754051363.21446,0,0,-121
1754051363.25046,-1,-1,-124
1754051363.28846,2,4,-133
1754051363.32646,-3,-2,-120
1754051363.3654602,-1,2,-124
1754051363.4014602,-1,0,-118
1754051363.43946,-4,0,-117
1754051363.47746,0,0,-110
1754051363.51546,-2,2,-119
1754051363.55446,0,1,-114
1754051363.59046,-2,-4,-122
1754051363.62946,-2,-1,-122
1754051363.66646,-3,-6,-110
1754051363.70546,3,-7,-120
1754051363.74146,-3,-1,-121
1754051363.7794602,0,-9,-118
1754051363.81746,-4,-7,-114
1754051363.85646,-7,-6,-109
1754051363.8944602,2,-4,-114
1754051363.93146,3,0,-119
1754051363.96846,0,3,-117
1754051364.0064602,3,-2,-110
1754051364.04546,1,-5,-109
1754051364.08146,-4,-8,-121
1754051364.11946,-2,-4,-119
1754051364.1574602,-1,-5,-119
1754051364.19646,0,-1,-135
1754051364.23446,-5,2,-123
1754051364.27046,-1,0,-126
1754051364.30846,0,-3,-124
1754051364.34746,4,1,-122
1754051364.38546,4,0,-120
1754051364.4214602,3,-7,-121
1754051364.45846,-2,0,-110
1754051364.4964602,2,0,-115
1754051364.53546,-2,-2,-126
1754051364.57146,5,-2,-131
1754051364.6084602,-3,-2,-122
1754051364.64646,1,-1,-117
1754051364.68546,-3,0,-134
1754051364.72146,0,2,-127
1754051364.7594602,-2,4,-124
1754051364.79746,2,1,-115
1754051364.8354602,0,1,-120
1754051364.8714602,0,5,-122
1754051364.90846,1,1,-122
1754051364.94646,-7,4,-111
1754051364.98546,-5,-2,-118
1754051365.02146,-3,2,-118
1754051365.05846,-8,-7,-120
1754051365.09646,4,-7,-124
1754051365.13546,-3,2,-123
1754051365.1714602,3,-2,-122
1754051365.2104602,-2,-2,-115
1754051365.24746,0,-12,-117
1754051365.2864602,1,-5,-118
1754051365.3224602,2,-10,-127
1754051365.36046,1,-11,-130
1754051365.39846,2,-8,-117
1754051365.43646,2,-3,-113
1754051365.47546,0,-4,-123
1754051365.51146,-4,2,-118
1754051365.5494602,-4,2,-123
1754051365.58746,1,-1,-116
1754051365.62646,-4,4,-112
1754051365.66246,2,1,-115
1754051365.70146,4,0,-121
1754051365.73846,3,-1,-121
1754051365.77746,8,0,-126
1754051365.8154602,0,2,-118
1754051365.85146,-1,0,-122
1754051365.89046,0,0,-120
1754051365.9274602,-2,5,-118
1754051365.96646,3,-3,-114
1754051366.00246,11,-1,-110
1754051366.04046,-1,-6,-120
1754051366.07846,0,-5,-118
1754051366.11746,-1,-3,-130
1754051366.15546,5,-9,-135
1754051366.19146,7,-6,-137
1754051366.22946,5,-4,-129
1754051366.26746,1,-8,-127
1754051366.30646,4,-2,-115
1754051366.3424602,2,-5,-122
1754051366.3814602,8,-5,-111
1754051366.41846,3,-6,-115
1754051366.4574602,2,-3,-121
1754051366.49546,2,-2,-120
1754051366.53146,0,-4,-124
1754051366.56846,-4,0,-117
1754051366.60746,0,-4,-118
1754051366.64546,-5,0,-115
1754051366.68146,-11,-1,-124
1754051366.71946,-7,-6,-123
1754051366.75746,-2,0,-120
1754051366.7964602,13,1,-112
1754051366.8324602,0,-3,-115
1754051366.87046,1,-2,-108
1754051366.90846,4,-5,-96
1754051366.9474602,1,3,-108
1754051366.98546,-1,-2,-117
1754051367.02146,5,4,-120
1754051367.05846,6,-3,-118
1754051367.09746,7,-1,-125
1754051367.13346,9,-3,-126
1754051367.1844602,3,-3,-121
1754051367.2204602,0,-3,-123
1754051367.25846,2,-4,-128
1754051367.29746,6,0,-118
1754051367.33346,8,-5,-117
1754051367.3714602,0,-7,-128
1754051367.41046,-4,-4,-122
1754051367.4474602,-4,-5,-117
1754051367.4864602,-3,0,-121
1754051367.52346,2,-7,-123
1754051367.56046,-1,0,-120
1754051367.5984602,0,-1,-119
1754051367.63746,-8,-1,-129
1754051367.67346,-1,2,-122
1754051367.71146,-10,-3,-111
1754051367.74946,3,0,-111
1754051367.78746,-6,-1,-120
1754051367.82646,-3,0,-120
1754051367.86246,-3,0,-120
1754051367.90046,0,3,-112
1754051367.93846,4,-1,-106
1754051367.97746,-3,-6,-112
1754051368.0134602,-4,0,-122
1754051368.05146,4,0,-114
1754051368.09046,0,-3,-112
1754051368.1284602,4,-2,-113
1754051368.16646,3,-2,-110
1754051368.20246,-1,-5,-111
1754051368.2404602,6,-4,-122
1754051368.27846,5,5,-117
1754051368.31746,0,-1,-132
1754051368.35346,-2,-4,-136
1754051368.3914602,-1,-1,-117
1754051368.42946,0,-6,-109
1754051368.46846,4,-1,-120
1754051368.5064602,-4,0,-114
1754051368.5424602,1,-1,-119
1754051368.58046,-9,-1,-124
1754051368.6184602,-11,0,-115
1754051368.6574602,-1,2,-115
1754051368.69346,-1,0,-113
1754051368.73146,4,-3,-134
1754051368.7694602,-1,-1,-111
1754051368.80846,-3,0,-116
1754051368.84646,-6,0,-105
1754051368.88246,5,0,-107
1754051368.91946,0,-3,-119
1754051368.95846,0,-1,-128
1754051368.9964602,5,2,-124
1754051369.0324602,-1,2,-117
1754051369.07046,-2,-2,-118
1754051369.1084602,0,0,-120
1754051369.14746,-7,-4,-119
1754051369.18346,0,0,-116
1754051369.2204602,-3,1,-115
1754051369.25846,-4,-2,-117
1754051369.29746,2,5,-115
1754051369.33346,3,0,-114
1754051369.37246,8,-6,-110
1754051369.40946,-7,-3,-110
1754051369.44846,4,-3,-125
1754051369.48446,-3,-2,-124
1754051369.52246,0,-7,-116
1754051369.56046,-5,-4,-118
1754051369.5984602,0,1,-119
1754051369.63746,7,-2,-125
1754051369.67346,3,0,-106
1754051369.7104602,0,0,-108
1754051369.74846,4,-4,-114
1754051369.78746,-1,0,-116
1754051369.82346,2,4,-111
1754051369.86046,-5,-4,-112
1754051369.89846,0,-5,-128
1754051369.9374602,-1,-3,-118
1754051369.9734602,3,0,-110
1754051370.01046,2,2,-121
1754051370.0494602,0,-6,-117
1754051370.08746,1,-4,-120
1754051370.12346,3,-2,-123
1754051370.1614602,3,0,-117
1754051370.19946,-1,-3,-119
1754051370.23846,-3,-2,-125
1754051370.27446,-2,0,-124
1754051370.31146,0,0,-118
1754051370.34946,1,-7,-113
1754051370.3884602,2,-1,-111
1754051370.4244602,0,-7,-117
1754051370.46246,0,0,-110
1754051370.50046,-3,-2,-108
1754051370.5394602,0,-2,-110
1754051370.57746,-5,-3,-114
1754051370.61346,-1,-1,-114
1754051370.65246,1,1,-115
1754051370.6904602,4,0,-113
1754051370.72846,8,-2,-116
1754051370.76546,6,6,-125
1754051370.8024602,-3,3,-113
1754051370.84046,-6,-2,-113
1754051370.87946,-2,-5,-116
1754051370.9174602,0,-7,-123
1754051370.95346,3,-5,-127
1754051370.9904602,2,-6,-123
1754051371.0294602,5,0,-122
1754051371.06746,0,0,-111
1754051371.10346,-1,-6,-114
1754051371.1414602,0,0,-111
1754051371.17946,0,-9,-111
1754051371.21846,1,-2,-115
1754051371.25446,0,-7,-127
1754051371.2924602,2,-6,-117
1754051371.33046,2,-1,-120
1754051371.36946,2,3,-117
1754051371.40546,-1,2,-125
1754051371.4444602,3,-7,-121
1754051371.48146,-5,-2,-116
1754051371.5194602,1,-10,-115
1754051371.55846,-1,-5,-124
1754051371.59446,1,-3,-119
1754051371.63246,1,-5,-118
1754051371.67046,8,0,-111
1754051371.70946,5,-3,-112
1754051371.74546,-2,1,-114
1754051371.78346,2,-2,-117
1754051371.82146,3,0,-112
1754051371.85946,3,0,-119
1754051371.89846,0,-2,-128
1754051371.9344602,-3,-7,-122
1754051371.97246,-1,-7,-114
1754051372.01146,-2,-3,-116
1754051372.0494602,-7,-12,-110
1754051372.0854602,0,-11,-120
1754051372.12446,-2,-5,-118
1754051372.1614602,-4,-2,-116
1754051372.2004602,0,-3,-122
1754051372.23846,-1,0,-129
1754051372.27446,5,1,-114
1754051372.31146,7,2,-125
1754051372.35046,2,-8,-127
1754051372.3884602,-1,-5,-124
1754051372.4244602,-3,-8,-117
1754051372.46246,-1,-4,-128
1754051372.50046,1,-2,-122
1754051372.5394602,-4,-3,-116
1754051372.5754602,-3,-2,-107
1754051372.61346,0,-4,-121
1754051372.6514602,-1,-3,-123
1754051372.6904602,7,-1,-124
1754051372.72846,9,5,-124
1754051372.76446,-1,-1,-113
1754051372.8024602,0,2,-97
1754051372.84146,0,4,-112
1754051372.88046,-1,0,-112
1754051372.91846,-2,-1,-126
1754051372.95446,0,0,-110
1754051372.99146,5,-4,-119
1754051373.03046,0,-9,-114
1754051373.06846,0,0,-117
1754051373.10446,-4,-5,-120
1754051373.14246,-6,-2,-114
1754051373.18046,2,0,-110
1754051373.21946,4,-2,-112
1754051373.25546,0,0,-113
1754051373.29446,-2,0,-118
1754051373.3324602,-4,-5,-119
1754051373.37046,-6,-9,-125
1754051373.40646,0,-9,-120
1754051373.4444602,0,-4,-116
1754051373.48246,0,-5,-108
1754051373.52046,-4,1,-109
1754051373.5594602,6,-2,-109
1754051373.5954602,0,-3,-110
1754051373.63346,0,1,-117
1754051373.6714602,3,2,-120
1754051373.7104602,0,-1,-107
1754051373.7464602,0,-2,-122
1754051373.78546,0,-4,-121
1754051373.8224602,2,-3,-122
1754051373.8614602,-8,-1,-116
1754051373.89946,1,4,-116
1754051373.93546,-1,1,-115
1754051373.97446,0,-4,-134
1754051374.01146,8,-1,-125
1754051374.05046,0,0,-127
1754051374.08646,0,-1,-117
1754051374.12446,3,0,-123
1754051374.1614602,6,4,-123
1754051374.2004602,1,-1,-126
1754051374.2364602,-2,-8,-134
1754051374.27446,7,-7,-116
1754051374.3124602,7,-2,-115
1754051374.35146,4,-3,-113
1754051374.38946,0,-5,-108
1754051374.42546,-1,-3,-106
1754051374.46446,5,-3,-111
1754051374.50246,1,-8,-117
1754051374.54046,0,-2,-123
1754051374.57646,3,-5,-122
1754051374.61446,-1,-4,-115
1754051374.65246,0,-4,-124
1754051374.69146,3,-5,-121
1754051374.72946,-1,-10,-133
1754051374.76546,-4,-13,-131
1754051374.80346,0,-8,-115
1754051374.84146,-4,-4,-117
1754051374.88046,0,-2,-121
1754051374.91646,4,-1,-118
1754051374.95446,-3,-2,-116
1754051374.99246,-1,-6,-112
1754051375.03146,3,0,-107
1754051375.0694602,0,-2,-116
1754051375.1054602,0,-10,-121
1754051375.14346,-4,1,-120
1754051375.18246,2,0,-125
1754051375.2204602,-9,-6,-113
1754051375.2564602,-9,5,-113
1754051375.29546,-3,0,-120
1754051375.3324602,-3,3,-114
1754051375.3714602,-2,-4,-119
1754051375.40946,-4,-3,-119
1754051375.4474602,-7,-1,-118
1754051375.48446,-11,-3,-127
1754051375.52246,-5,0,-130
1754051375.56146,-3,0,-138
1754051375.59746,-2,-2,-130
1754051375.63546,2,-2,-118
1754051375.67346,3,-5,-119
1754051375.71146,0,-2,-122
1754051375.75046,2,-2,-125
1754051375.7864602,0,0,-120
1754051375.82346,5,2,-120
1754051375.8614602,-1,-5,-122
1754051375.90046,5,-3,-115
1754051375.93646,-4,-1,-119
1754051375.97446,-1,-5,-121
1754051376.01246,5,-4,-114
1754051376.05146,5,0,-112
1754051376.08746,-7,-2,-122
1754051376.12546,0,-7,-119
1754051376.16346,2,1,-119
1754051376.20146,0,8,-118
1754051376.2404602,3,-1,-122
1754051376.2764602,-4,0,-119
1754051376.31446,4,-4,-127
1754051376.35246,1,3,-134
1754051376.3914602,0,0,-123
1754051376.4274602,5,-5,-117
1754051376.46546,8,1,-112
1754051376.5034602,0,0,-123
1754051376.5424602,5,-1,-127
1754051376.58046,1,4,-133
1754051376.61646,-3,1,-129
1754051376.6544602,4,5,-117
1754051376.69246,-4,4,-109
1754051376.73146,-2,1,-118
1754051376.76746,4,-2,-123
1754051376.80546,2,-1,-114
1754051376.84346,-2,1,-112
1754051376.88246,0,-4,-109
1754051376.92046,-7,0,-108
1754051376.95646,1,1,-118
1754051376.9934602,2,-4,-122
1754051377.0324602,-9,-4,-116
1754051377.07046,-3,-4,-121
1754051377.10646,0,0,-125
1754051377.14346,1,3,-121
1754051377.1874602,-2,0,-123
1754051377.22546,0,1,-115
1754051377.2634602,4,-3,-114
1754051377.3024602,8,0,-120
1754051377.34046,4,0,-116
1754051377.37646,-1,-3,-123
1754051377.4144602,0,-7,-124
1754051377.45246,0,-9,-115
1754051377.49146,-4,-10,-116
1754051377.52746,-2,0,-128
1754051377.56646,-2,-1,-124
1754051377.60346,8,-9,-123
1754051377.64246,4,-3,-120
1754051377.67846,3,0,-120
1754051377.71546,3,-1,-120
1754051377.7534602,1,0,-133
1754051377.7924602,4,0,-116
1754051377.82846,0,1,-125
1754051377.8654602,-1,-3,-122
1754051377.90346,-9,-2,-106
1754051377.94246,0,-2,-126
1754051377.97846,-3,3,-126
1754051378.0164602,2,1,-118
1754051378.05446,4,-3,-119
1754051378.0924602,0,-3,-127
1754051378.1314602,0,0,-129
1754051378.1674602,-1,-3,-109
1754051378.20546,-3,-4,-119
1754051378.2434602,-4,5,-123
1754051378.2824602,2,3,-116
1754051378.31846,0,4,-127
1754051378.35646,0,4,-120
1754051378.3944602,-2,3,-114
1754051378.43346,0,4,-110
1754051378.47146,-1,-2,-115
1754051378.50746,0,-1,-117
1754051378.54546,0,-1,-121
1754051378.58346,3,-2,-119
1754051378.62246,-4,-10,-112
1754051378.65846,-3,0,-118
1754051378.69646,-2,0,-122
1754051378.73446,-1,-1,-113
1754051378.77346,4,0,-127
1754051378.81146,0,-7,-128
1754051378.84746,-1,-7,-121
1754051378.88546,10,-6,-106
1754051378.92346,7,-4,-110
1754051378.96246,5,-2,-108
1754051378.99846,3,0,-116
1754051379.03546,2,-4,-122
1754051379.07346,-1,0,-113
1754051379.11246,11,-1,-121
1754051379.14846,-4,4,-113
1754051379.18646,-7,-1,-116
1754051379.22446,-11,3,-124
1754051379.2634602,-5,7,-123
1754051379.30146,5,3,-118
1754051379.33746,-1,-1,-116
1754051379.37546,-1,2,-108
1754051379.41346,-1,0,-117
1754051379.45246,-1,0,-105
1754051379.48846,-2,0,-124
1754051379.5264602,2,-2,-121
1754051379.56446,-12,0,-131
1754051379.60346,3,-5,-120
1754051379.63946,-5,-2,-120
1754051379.6774602,4,-2,-124
1754051379.71546,0,-3,-120
1754051379.7534602,0,-3,-118
1754051379.7924602,0,-3,-116
1754051379.82846,0,0,-117
1754051379.8654602,0,-3,-137
1754051379.90346,0,1,-121
1754051379.94246,-4,0,-112
1754051379.97846,-4,2,-122
1754051380.0164602,-2,2,-119
1754051380.05446,6,5,-122
1754051380.09346,6,-3,-119
1754051380.12946,2,-4,-121
1754051380.1674602,-1,3,-113
1754051380.20546,-12,1,-118
1754051380.2434602,-5,3,-133
1754051380.2824602,2,1,-133
1754051380.31846,-2,0,-131
1754051380.35646,3,-2,-122
1754051380.3944602,6,7,-118
1754051380.43346,1,5,-116
1754051380.46946,-4,5,-117
1754051380.50746,-5,0,-125
1754051380.54546,-2,-3,-132
1754051380.58446,-2,-6,-125
1754051380.62246,-3,-8,-133
1754051380.65946,-10,-1,-121
1754051380.69646,-5,-8,-123
1754051380.73446,-4,-4,-128
1754051380.77346,3,-3,-126
1754051380.8094602,1,-1,-117
1754051380.84746,0,-4,-130
1754051380.88546,0,-4,-127
1754051380.9244602,1,0,-124
1754051380.96246,3,-1,-116
1754051380.99846,8,-4,-120
1754051381.03746,-1,-1,-116
1754051381.07446,3,-6,-119
1754051381.11346,-1,0,-117
1754051381.14946,0,0,-114
1754051381.18646,-1,-10,-114
1754051381.22446,-1,-3,-118
1754051381.2634602,1,0,-115
1754051381.2994602,1,-6,-123
1754051381.33746,2,-4,-121
1754051381.37646,-4,-8,-120
1754051381.4144602,-3,0,-116
1754051381.45246,1,-4,-105
1754051381.48846,-3,-2,-105
1754051381.5264602,-1,-5,-119
1754051381.56446,3,0,-124
1754051381.60346,5,-2,-116
1754051381.63946,0,-6,-116
1754051381.67646,0,-6,-112
1754051381.71446,5,-1,-122
1754051381.7534602,3,4,-131
1754051381.7894602,4,5,-111
1754051381.82646,-6,-1,-123
1754051381.86446,-12,-2,-125
1754051381.90346,-6,1,-112
1754051381.93946,-8,1,-121
1754051381.97746,-6,-11,-123
1754051382.01546,-5,0,-127
1754051382.05446,-1,-2,-117
1754051382.09046,-5,-4,-121
1754051382.1284602,2,-3,-118
1754051382.16646,9,-2,-123
1754051382.20446,6,-2,-131
1754051382.2434602,3,-2,-128
1754051382.2794602,4,-12,-128
1754051382.31746,0,-10,-124
1754051382.3554602,4,3,-112
1754051382.3944602,3,0,-109
1754051382.43046,5,-1,-121
1754051382.46846,3,-3,-121
1754051382.5064602,7,0,-133
1754051382.54546,3,-7,-118
1754051382.58346,0,-9,-109
1754051382.61946,-2,-1,-109
1754051382.6574602,0,2,-124
1754051382.69546,5,2,-114
1754051382.73446,0,1,-118
1754051382.77046,-2,-3,-104
1754051382.80846,-9,-4,-101
1754051382.84646,-1,-13,-109
1754051382.88546,-3,-5,-122
1754051382.92346,1,-2,-123
1754051382.95946,1,-2,-123
1754051382.99746,5,1,-122
1754051383.03546,1,6,-114
1754051383.07446,7,3,-123
1754051383.11046,5,0,-115
1754051383.14746,3,-2,-120
1754051383.18546,8,-8,-128
1754051383.22446,0,-6,-112
1754051383.26046,-7,2,-119
1754051383.29846,-7,2,-119
1754051383.33646,-3,-2,-119
1754051383.37546,2,-9,-119
1754051383.41346,0,-9,-112
1754051383.44946,0,-6,-112
1754051383.48746,0,0,-117
1754051383.52546,0,-5,-120
1754051383.56446,4,0,-115
1754051383.60046,-3,0,-123
1754051383.6384602,-4,-6,-121
1754051383.67646,1,-5,-129
1754051383.71546,-2,0,-120
1754051383.75146,-4,2,-121
1754051383.7894602,0,-4,-123
1754051383.82746,3,-3,-123
1754051383.8654602,2,-5,-110
1754051383.9044602,3,-5,-115
1754051383.9404602,2,-4,-114
1754051383.97846,6,0,-118
1754051384.0164602,7,-3,-120
1754051384.05546,5,2,-117
1754051384.09146,7,0,-116
1754051384.12946,10,0,-114
1754051384.16846,7,5,-113
1754051384.20546,-1,-5,-117
1754051384.24446,-1,-5,-123
1754051384.28046,6,-8,-123
1754051384.31846,3,-2,-125
1754051384.3554602,0,8,-121
1754051384.3944602,4,0,-122
1754051384.43046,6,-5,-118
1754051384.46846,1,-1,-118
1754051384.5064602,-1,4,-121
1754051384.54546,3,0,-114
1754051384.58146,3,0,-108
1754051384.6184602,2,-6,-117
1754051384.65646,-4,-4,-112
1754051384.69546,-9,-5,-110
1754051384.73146,-4,-7,-111
1754051384.7694602,0,-9,-122
1754051384.80746,-1,7,-111
1754051384.84646,0,5,-109
1754051384.8844602,1,-3,-121
1754051384.92046,4,2,-115
1754051384.95846,2,-5,-110
1754051384.9964602,-1,-1,-128
1754051385.03546,1,-2,-130
1754051385.07146,-1,-2,-121
1754051385.10946,0,-1,-125
1754051385.14746,-5,2,-128
1754051385.18646,3,1,-125
1754051385.22446,6,2,-129
1754051385.26046,8,0,-124
1754051385.29746,3,-6,-130
1754051385.33646,0,-4,-129
1754051385.37446,6,-6,-130
1754051385.41046,9,-9,-123
1754051385.44846,7,-5,-120
1754051385.4864602,3,1,-117
1754051385.52546,1,-6,-112
1754051385.56146,0,-6,-116
1754051385.5984602,-2,-3,-119
1754051385.63646,0,-3,-114
1754051385.67546,-1,2,-118
1754051385.71146,3,0,-121
1754051385.74846,8,0,-122
1754051385.7864602,-3,-1,-107
1754051385.8254602,-7,-2,-123
1754051385.8614602,0,1,-115
1754051385.89846,0,2,-115
1754051385.93646,5,-3,-116
1754051385.97546,0,-6,-117
1754051386.01146,4,-5,-119
1754051386.0494602,-4,0,-109
1754051386.08746,-1,5,-113
1754051386.12646,9,1,-117
1754051386.16246,2,-3,-120
1754051386.2004602,-1,-3,-121
1754051386.23846,13,0,-117
1754051386.2764602,3,-3,-135
1754051386.3154602,1,5,-125
1754051386.35146,6,-1,-120
1754051386.38946,7,3,-111
1754051386.4274602,8,-3,-111
1754051386.46646,10,0,-117
1754051386.50246,7,1,-116
1754051386.5394602,-4,4,-121
1754051386.57746,3,3,-116
1754051386.61646,9,-7,-117
1754051386.65246,9,-11,-122
1754051386.6904602,12,-8,-116
1754051386.72846,4,-3,-118
1754051386.76746,0,-5,-115
1754051386.80546,4,1,-104
1754051386.84146,1,-2,-112
1754051386.87946,2,0,-119
1754051386.9174602,3,-1,-118
1754051386.95646,0,-3,-118
1754051386.99246,1,0,-115
1754051387.03046,3,-10,-126
1754051387.06846,9,4,-117
1754051387.10746,0,-10,-121
1754051387.14546,0,-3,-117
1754051387.18946,0,-6,-133
1754051387.22846,0,-6,-123
1754051387.2664602,2,-3,-122
1754051387.3024602,-1,-4,-113
1754051387.34046,2,-2,-121
1754051387.3784602,5,-1,-117
1754051387.4174602,2,-8,-120
1754051387.45546,0,2,-126
1754051387.49146,9,2,-124
1754051387.5294602,-2,2,-116
1754051387.56746,-1,2,-105
1754051387.60646,2,-2,-115
1754051387.64246,0,-6,-128
1754051387.68046,6,-5,-117
1754051387.71846,7,-3,-116
1754051387.75746,2,1,-102
1754051387.79346,9,0,-113
1754051387.83046,8,-3,-119
1754051387.8684602,10,0,-111
1754051387.9074602,10,3,-127
1754051387.94346,-4,0,-126
1754051387.98246,0,-3,-129
1754051388.0194602,0,-6,-127
1754051388.05746,-1,-3,-117
1754051388.09646,-6,0,-121
1754051388.13246,0,-5,-122
1754051388.16946,-7,1,-136
1754051388.2074602,0,4,-127
1754051388.2464602,0,-2,-123
1754051388.2824602,5,4,-128
1754051388.3194602,0,0,-121
1754051388.35746,2,-3,-118
1754051388.39646,1,-6,-125
1754051388.43246,-4,-7,-123
1754051388.4704602,0,-3,-114
1754051388.50846,4,1,-117
1754051388.54746,2,-6,-109
1754051388.58346,-1,5,-118
1754051388.6214602,5,0,-123
1754051388.65946,1,4,-120
1754051388.69846,0,3,-124
1754051388.7364602,-3,5,-115
1754051388.77246,-5,1,-124
1754051388.81046,5,-2,-117
1754051388.8484602,0,-4,-111
1754051388.88746,2,-1,-113
1754051388.92346,0,-6,-120
1754051388.96246,0,-4,-118
1754051388.99946,-5,-5,-136
1754051389.03846,5,-2,-125
1754051389.07646,-2,5,-123
1754051389.11246,0,4,-123
1754051389.14946,-9,-4,-125
1754051389.18846,6,-4,-115
1754051389.22646,-6,0,-119
1754051389.26246,3,3,-119
1754051389.2994602,-1,0,-125
1754051389.3384602,-1,3,-124
1754051389.37646,1,3,-111
1754051389.41246,2,0,-125
1754051389.44946,-1,-1,-116
1754051389.48846,-2,1,-114
1754051389.5264602,2,0,-118
1754051389.5624602,6,0,-126
1754051389.59946,4,-1,-118
1754051389.6384602,3,-2,-111
1754051389.67646,3,-8,-119
1754051389.71246,3,-7,-124
1754051389.74946,4,-1,-115
1754051389.78846,5,-3,-122
1754051389.82646,8,-2,-121
1754051389.86346,8,-1,-133
1754051389.90246,4,-2,-127
1754051389.93946,5,-3,-122
1754051389.97846,5,5,-122
1754051390.01446,0,0,-120
1754051390.05346,-4,-2,-120
1754051390.09046,0,-7,-118
1754051390.12946,2,-4,-116
1754051390.1674602,3,0,-131
1754051390.20346,-1,-6,-127
1754051390.24146,0,-2,-123
1754051390.2794602,4,-5,-129
1754051390.31846,0,0,-125
1754051390.35446,8,4,-110
1754051390.39246,3,-5,-123
1754051390.43046,0,-4,-119
1754051390.46846,0,-3,-118
1754051390.50746,2,0,-120
1754051390.54346,5,7,-115
1754051390.58146,5,0,-108
1754051390.61946,-2,-3,-110
1754051390.65846,1,-5,-110
1754051390.6944602,5,-6,-119
1754051390.7334602,1,-1,-123
1754051390.77046,0,-2,-123
1754051390.8094602,4,-5,-107
1754051390.84746,5,-4,-118
1754051390.88346,-3,0,-117
1754051390.9214602,2,1,-117
1754051390.95946,-5,-7,-119
1754051390.99846,-6,-10,-116
1754051391.03446,-4,-1,-114
1754051391.0724602,9,-5,-122
1754051391.1114602,2,-3,-126
1754051391.14946,6,-11,-121
1754051391.1874602,-1,-11,-119
1754051391.2234602,-1,-4,-131
1754051391.26146,-6,-9,-123
1754051391.2994602,-3,0,-120
1754051391.3384602,-2,-1,-118
1754051391.37746,7,-11,-124
1754051391.41346,1,-9,-134
1754051391.45146,0,-4,-133
1754051391.48946,1,-2,-122
1754051391.52846,3,-1,-118
1754051391.56446,2,0,-119
1754051391.60246,5,0,-118
1754051391.64046,0,0,-126
1754051391.67946,1,-4,-124
1754051391.7174602,-2,2,-124
1754051391.75446,-4,-5,-129
1754051391.79146,-2,-4,-117
1754051391.82946,0,-6,-116
1754051391.8684602,-4,0,-113
1754051391.9044602,2,0,-118
1754051391.94146,0,-9,-127
1754051391.97946,8,1,-121
1754051392.01846,-7,-5,-122
1754051392.05446,-6,7,-116
1754051392.0924602,2,-1,-124
1754051392.13046,0,0,-119
1754051392.16946,-1,-2,-121
1754051392.20546,0,-2,-107
1754051392.2434602,2,2,-122
1754051392.28146,2,0,-123
1754051392.32046,10,-11,-116
1754051392.3584602,7,-7,-122
1754051392.3944602,5,-5,-121
1754051392.43346,1,-2,-132
1754051392.47146,5,-1,-118
1754051392.5094602,0,-2,-119
1754051392.54546,-6,-1,-116
1754051392.58346,8,-7,-113
1754051392.6214602,9,-7,-110
1754051392.65946,7,-2,-122
1754051392.69846,2,-9,-125
1754051392.73446,-3,-6,-133
1754051392.77246,-7,-6,-125
1754051392.81046,0,3,-115
1754051392.84946,-1,1,-111
1754051392.88546,7,2,-116
1754051392.92346,-1,8,-116
1754051392.96146,-2,1,-119
1754051393.00046,2,0,-112
1754051393.03846,6,-2,-114
1754051393.07446,5,-2,-116
1754051393.11346,4,-8,-119
1754051393.15046,0,-5,-122
1754051393.18946,-3,-2,-127
1754051393.22546,4,2,-132
1754051393.2634602,-7,-5,-125
1754051393.30046,-1,-3,-127
1754051393.33946,7,-5,-123
1754051393.37546,5,-2,-115
1754051393.41346,4,-10,-112
1754051393.45146,-1,-7,-120
1754051393.4904602,6,-3,-122
1754051393.52846,1,-3,-111
1754051393.56446,5,-4,-128
1754051393.60246,6,-3,-127
1754051393.64046,7,4,-121
1754051393.67946,2,4,-118
1754051393.71546,6,0,-123
1754051393.75446,1,0,-129
1754051393.79146,4,-1,-126
1754051393.83046,-2,-4,-123
1754051393.8684602,-1,-7,-118
1754051393.9044602,-4,-9,-122
1754051393.94246,4,-3,-115
1754051393.9804602,-3,-7,-117
1754051394.0194602,5,-1,-120
1754051394.05546,1,0,-121
1754051394.0924602,1,2,-126
1754051394.13046,-5,-1,-119
1754051394.16946,0,-4,-121
1754051394.20546,-3,4,-120
1754051394.2434602,3,-5,-117
1754051394.28146,2,-8,-123
1754051394.32046,-5,0,-119
1754051394.35646,-2,3,-122
1754051394.39546,2,0,-115
1754051394.43246,3,-6,-121
1754051394.4704602,-5,0,-109
1754051394.5094602,0,-7,-115
1754051394.54546,0,-3,-112
1754051394.5824602,-4,0,-114
1754051394.62046,4,0,-114
1754051394.65946,6,1,-118
1754051394.69546,4,-4,-121
1754051394.7334602,-4,-1,-115
1754051394.77146,3,-4,-131
1754051394.81046,6,-1,-112
1754051394.84646,1,-10,-117
1754051394.8844602,-3,-1,-122
1754051394.92246,-5,0,-114
1754051394.96146,-7,-4,-123
1754051394.99946,1,-8,-121
1754051395.03546,6,0,-112
1754051395.07346,5,-1,-117
1754051395.1114602,3,0,-121
1754051395.15046,3,4,-122
1754051395.18646,10,3,-120
1754051395.2234602,4,0,-111
1754051395.26146,-4,-1,-121
1754051395.30046,0,-2,-109
1754051395.33646,-3,-2,-118
1754051395.37546,6,1,-117
1754051395.41346,-5,-5,-130
1754051395.45146,-6,2,-122
1754051395.48946,1,3,-121
1754051395.52546,2,-1,-123
1754051395.56346,8,-8,-126
1754051395.60146,9,-5,-133
1754051395.64046,1,-1,-126
1754051395.67646,1,-7,-120
1754051395.71446,-3,-5,-123
1754051395.75246,-5,-1,-122
1754051395.79146,0,-5,-117
1754051395.82946,-2,-3,-119
1754051395.86646,-1,1,-125
1754051395.90346,0,-3,-118
1754051395.94146,-1,-10,-117
1754051395.9804602,0,0,-107
1754051396.0164602,7,-3,-113
1754051396.05446,0,-1,-112
1754051396.0924602,0,1,-110
1754051396.1314602,-3,0,-118
1754051396.1674602,-2,-7,-125
1754051396.20546,-5,0,-112
1754051396.2434602,4,3,-113
1754051396.28146,-6,-1,-123
1754051396.32046,-7,2,-128
1754051396.35646,4,1,-122
1754051396.39346,2,4,-122
1754051396.43146,4,-4,-122
1754051396.4704602,4,-3,-113
1754051396.50746,4,0,-112
1754051396.54446,0,-4,-120
1754051396.5824602,0,-7,-131
1754051396.6214602,-1,-6,-126
1754051396.6574602,1,-5,-121
1754051396.69546,5,0,-124
1754051396.7334602,-1,2,-124
1754051396.77146,9,-5,-123
1754051396.81046,8,6,-128
1754051396.84646,2,2,-119
1754051396.8844602,3,0,-115
1754051396.92246,2,-4,-122
1754051396.96146,8,-4,-117
1754051396.99746,2,-3,-130
1754051397.03546,4,-1,-133
1754051397.07346,8,-2,-124
1754051397.11246,-8,1,-118
1754051397.15046,2,2,-115
1754051397.19346,-3,-1,-112
1754051397.23246,2,0,-122
1754051397.27046,6,0,-118
1754051397.30646,4,-5,-130
1754051397.34446,4,-1,-122
1754051397.38246,-2,-7,-118
1754051397.4214602,1,-2,-118
1754051397.4574602,-2,-2,-123
1754051397.49546,-2,-3,-118
1754051397.53346,-4,-5,-121
1754051397.5724602,2,-4,-124
1754051397.61046,1,-6,-122
1754051397.64646,-10,-6,-115
1754051397.6844602,-1,-2,-108
1754051397.72246,4,4,-111
1754051397.76146,2,0,-106
1754051397.79746,1,-3,-115
1754051397.8354602,0,0,-123
1754051397.87346,-1,0,-118
1754051397.91246,1,-3,-115
1754051397.9504602,1,-6,-126
1754051397.9864602,-1,-6,-120
1754051398.02446,-4,-6,-122
1754051398.0624602,-3,0,-116
1754051398.10146,-8,-2,-115
1754051398.1384602,-2,1,-122
1754051398.17546,8,2,-124
1754051398.2134602,4,-4,-121
1754051398.25246,12,-1,-124
1754051398.28846,6,-9,-114
1754051398.32646,8,-3,-123
1754051398.36446,6,0,-115
1754051398.40246,0,0,-118
1754051398.44146,-1,-6,-121
1754051398.47746,5,-2,-119
1754051398.51546,5,-4,-115
1754051398.55346,4,-3,-122
1754051398.5924602,5,-4,-119
1754051398.6284602,-8,-1,-119
1754051398.6674602,0,-3,-118
1754051398.70446,4,-4,-115
1754051398.74246,4,-3,-124
1754051398.78146,3,1,-125
1754051398.81746,4,-3,-110
1754051398.8554602,0,0,-118
1754051398.89346,0,-1,-120
1754051398.93246,7,-2,-124
1754051398.96846,3,-3,-126
1754051399.0064602,3,-1,-131
1754051399.04446,4,1,-119
1754051399.08346,0,-1,-117
1754051399.1214602,1,-7,-119
1754051399.1574602,3,-6,-123
1754051399.1944602,3,4,-118
1754051399.2334602,11,2,-121
1754051399.27146,4,1,-118
1754051399.30746,7,5,-128
1754051399.3454602,5,0,-116
1754051399.3844602,4,-1,-121
1754051399.42246,5,-2,-115
1754051399.45846,-1,0,-121
1754051399.49546,3,3,-120
1754051399.53346,1,-2,-109
1754051399.5724602,3,0,-115
1754051399.6084602,0,-1,-115
1754051399.64546,-6,0,-118
1754051399.68346,-1,-1,-115
1754051399.72246,2,-5,-122
1754051399.75846,-2,0,-119
1754051399.79546,1,1,-127
1754051399.83346,1,2,-117
1754051399.87246,-6,3,-108
1754051399.90846,-8,-1,-116
1754051399.94646,1,0,-123
1754051399.98446,-6,4,-121
1754051400.02346,0,7,-123
1754051400.06146,2,-4,-123
1754051400.09746,-6,-10,-116
1754051400.13546,0,-12,-120
1754051400.17346,-6,-6,-122
1754051400.21246,-6,1,-118
1754051400.24846,0,-1,-123
1754051400.2864602,-3,0,-120
1754051400.32446,-3,2,-133
1754051400.36346,5,-2,-125
1754051400.39946,3,1,-124
1754051400.43646,4,-4,-116
1754051400.47446,1,-2,-121
1754051400.5134602,4,3,-126
1754051400.5494602,10,-4,-111
1754051400.5884602,1,-3,-117
1754051400.62546,2,-10,-126
1754051400.66346,1,1,-125
1754051400.70246,1,0,-114
1754051400.73846,0,-1,-109
1754051400.77546,0,4,-117
1754051400.81346,-2,-3,-108
1754051400.85246,-5,-3,-115
1754051400.8884602,-3,-4,-107
1754051400.92646,10,-3,-122
1754051400.96446,4,4,-112
1754051401.0034602,-2,1,-119
1754051401.0394602,-5,5,-118
1754051401.07746,-3,1,-112
1754051401.1154602,5,-6,-119
1754051401.1544602,1,-4,-115
1754051401.19246,0,0,-125
1754051401.22846,-3,-8,-114
1754051401.26746,-5,-11,-126
1754051401.30446,-3,-3,-124
1754051401.34346,-7,1,-126
1754051401.38046,0,-1,-123
1754051401.4174602,2,0,-118
1754051401.45546,0,-2,-115
1754051401.49446,2,-5,-126
1754051401.5324602,-3,-6,-120
1754051401.56846,3,-14,-121
1754051401.60646,9,-3,-130
1754051401.6444602,5,-6,-119
1754051401.68346,0,-7,-116
1754051401.71946,0,-6,-126
1754051401.75746,1,-3,-124
1754051401.79546,-1,-4,-125
1754051401.83446,-7,-7,-133
1754051401.87246,0,-9,-138
1754051401.90846,-6,-3,-129
1754051401.94646,-5,0,-134
1754051401.98446,6,-3,-124
1754051402.02346,9,-2,-127
1754051402.0594602,-1,1,-128
1754051402.09746,2,-5,-132
1754051402.13546,-4,-11,-123
1754051402.1744602,-1,-3,-116
1754051402.21246,1,-7,-116
1754051402.24946,2,-3,-122
1754051402.28746,3,-6,-126
1754051402.3254602,-3,-5,-122
1754051402.36446,0,-9,-122
1754051402.40046,0,0,-107
1754051402.43846,0,2,-125
1754051402.47546,-6,-4,-125
1754051402.51446,-5,-4,-123
1754051402.55046,-9,4,-126
1754051402.5884602,-2,0,-121
1754051402.62646,-1,-4,-125
1754051402.6644602,-5,-4,-120
1754051402.70346,1,0,-121
1754051402.73946,0,-2,-114
1754051402.77746,-2,-8,-124
1754051402.8154602,1,-3,-112
1754051402.85446,-1,-4,-132
1754051402.89046,0,-3,-126
1754051402.92846,2,-1,-128
1754051402.9674602,4,-4,-133
1754051403.00446,0,0,-131
1754051403.04346,-7,1,-118
1754051403.08046,-5,3,-122
1754051403.11746,-3,-7,-119
1754051403.15546,1,3,-119
1754051403.1944602,0,-2,-115
1754051403.2304602,5,3,-114
1754051403.26746,2,3,-131
1754051403.30546,1,-4,-119
1754051403.34446,0,8,-112
1754051403.38046,-2,2,-115
1754051403.41846,3,-3,-123
1754051403.45646,-2,0,-114
1754051403.49546,-3,-2,-118
1754051403.53346,5,0,-122
1754051403.5694602,0,0,-119
1754051403.60646,0,-3,-131
1754051403.64546,3,-7,-122
1754051403.68346,-1,2,-126
1754051403.71946,-1,0,-121
1754051403.75746,0,-4,-121
1754051403.79546,4,0,-122
1754051403.83446,-2,0,-123
1754051403.87046,-4,-2,-110
1754051403.90846,-2,-7,-126
1754051403.94646,-1,-6,-135
1754051403.98546,0,-1,-128
1754051404.02346,10,-5,-122
1754051404.0594602,7,-6,-136
1754051404.09746,-1,2,-113
1754051404.13546,5,0,-112
1754051404.1744602,-1,-1,-129
1754051404.2104602,1,-2,-115
1754051404.24846,2,-3,-121
1754051404.2864602,1,-2,-134
1754051404.3254602,-4,-9,-126
1754051404.36346,-3,-1,-113
1754051404.40046,6,-1,-124
1754051404.43846,1,0,-124
1754051404.47646,1,-2,-106
1754051404.51546,5,2,-120
1754051404.55146,4,-4,-118
1754051404.58946,-7,-1,-110
1754051404.62746,2,-4,-108
1754051404.66546,-3,-2,-119
1754051404.70446,-6,-5,-125
1754051404.7404602,0,-4,-124
1754051404.77846,4,-5,-106
1754051404.81746,0,5,-116
1754051404.8554602,-3,-4,-110
1754051404.8914602,3,-4,-125
1754051404.92946,-1,1,-121
1754051404.9674602,-2,-2,-120
1754051405.00546,0,-6,-130
1754051405.04446,-1,0,-133
1754051405.08046,-1,-2,-115
1754051405.1184602,1,-3,-118
1754051405.15646,-5,-3,-115
1754051405.19546,0,-3,-127
1754051405.23146,-7,0,-134
1754051405.2694602,-2,-6,-115
1754051405.30846,-1,-6,-115
1754051405.34646,-4,-3,-116
1754051405.3844602,0,-2,-118
1754051405.4214602,3,-4,-114
1754051405.45846,-1,-11,-120
1754051405.4964602,5,-8,-127
1754051405.53546,-4,-6,-119
1754051405.57146,-4,2,-124
1754051405.60946,-2,1,-123
1754051405.64746,3,1,-126
1754051405.68646,0,0,-128
1754051405.72446,-2,3,-129
1754051405.76046,-5,1,-124
1754051405.79846,5,-4,-116
1754051405.83646,0,0,-124
1754051405.87546,0,-4,-124
1754051405.9114602,0,-3,-119
1754051405.9504602,0,1,-113
1754051405.98746,-2,6,-110
1754051406.0264602,11,4,-115
1754051406.06446,3,4,-125
1754051406.10046,-2,1,-124
1754051406.1384602,0,-1,-125
1754051406.17646,-2,-1,-115
1754051406.21546,1,-4,-119
1754051406.25146,-4,-4,-128
1754051406.2894602,1,2,-121
1754051406.32746,-1,-2,-120
1754051406.36646,-1,-1,-124
1754051406.4044602,-2,-1,-114
1754051406.44146,0,5,-115
1754051406.47846,-1,0,-117
1754051406.51746,0,-6,-117
1754051406.55546,5,-6,-118
1754051406.59146,5,2,-115
1754051406.6284602,4,-1,-123
1754051406.6674602,5,0,-114
1754051406.70546,2,-6,-123
1754051406.74146,-1,-1,-129
1754051406.78046,1,-1,-127
1754051406.81746,-4,-4,-113
1754051406.85646,-5,-5,-119
1754051406.89246,-9,-6,-121
1754051406.93046,8,-7,-124
1754051406.96846,2,4,-124
1754051407.0064602,4,13,-120
1754051407.04546,0,2,-119
1754051407.08146,1,4,-117
1754051407.1184602,-5,-2,-118
1754051407.15646,4,0,-125
1754051407.2004602,5,3,-120
1754051407.23846,10,-2,-117
1754051407.2764602,1,-4,-116
1754051407.3154602,9,-1,-112
1754051407.35146,8,-3,-119
1754051407.38946,6,0,-124
1754051407.4274602,1,-4,-134
1754051407.46646,-1,2,-120
1754051407.50246,-1,2,-110
1754051407.54146,1,-1,-124
1754051407.57846,4,1,-126
1754051407.61746,-1,-1,-120
1754051407.65546,0,-5,-125
1754051407.69146,-1,-4,-120
1754051407.72946,0,5,-113
1754051407.76746,0,3,-115
1754051407.80646,0,1,-115
1754051407.8424602,-6,0,-112
1754051407.88046,-7,-6,-116
1754051407.91846,-7,1,-120
1754051407.9574602,2,-5,-122
1754051407.99546,4,-3,-126
1754051408.03146,8,-5,-123
1754051408.0694602,4,-2,-122
1754051408.10746,3,0,-118
1754051408.14646,5,-1,-113
1754051408.18246,-1,1,-122
1754051408.22146,0,3,-114
1754051408.25846,0,0,-112
1754051408.29746,-1,7,-106
1754051408.3354602,-7,0,-120
1754051408.3714602,-3,-3,-118
1754051408.40946,-11,-13,-115
1754051408.4474602,-2,-7,-112
1754051408.4864602,-3,-11,-131
1754051408.52246,1,-4,-130
1754051408.56046,-2,7,-132
1754051408.5984602,2,-5,-124
1754051408.63746,2,0,-131
1754051408.67346,3,0,-131
1754051408.7104602,3,-10,-128
1754051408.74846,-5,0,-110
1754051408.78746,3,2,-112
1754051408.82346,-2,-2,-120
1754051408.8614602,1,0,-126
1754051408.90046,1,1,-127
1754051408.9374602,4,-3,-116
1754051408.97646,2,0,-115
1754051409.01246,4,0,-123
1754051409.05046,0,3,-132
1754051409.0884602,0,1,-115
1754051409.12746,11,1,-121
1754051409.16346,12,0,-121
1754051409.2004602,10,3,-122
1754051409.23846,0,6,-120
1754051409.27746,6,0,-120
1754051409.31346,7,3,-112
1754051409.35146,1,-4,-123
1754051409.38946,-1,-1,-125
1754051409.4274602,3,5,-117
1754051409.46646,0,1,-116
1754051409.50246,1,-3,-118
1754051409.54146,2,-6,-111
1754051409.57846,-1,-5,-115
1754051409.61746,7,1,-117
1754051409.6544602,4,0,-110
1754051409.69146,-1,-1,-120
1754051409.72946,1,2,-129
1754051409.76846,0,-4,-127
1754051409.80646,-4,-7,-118
1754051409.8424602,0,-6,-118
1754051409.88046,8,-10,-117
1754051409.91846,10,-8,-116
1754051409.9574602,1,-6,-116
1754051409.9934602,1,-2,-125
1754051410.03146,-4,-3,-120
1754051410.0694602,3,-7,-121
1754051410.1084602,2,-5,-117
1754051410.14646,1,-2,-117
1754051410.18246,2,3,-123
1754051410.21946,0,-2,-120
1754051410.25846,1,-3,-115
1754051410.2964602,7,-4,-125
1754051410.3324602,5,-2,-118
1754051410.37046,0,-2,-127
1754051410.40846,1,-3,-102
1754051410.4474602,3,3,-125
1754051410.4834602,-1,-4,-118
1754051410.52146,-7,-4,-119
1754051410.5594602,0,3,-119
1754051410.5984602,-1,-4,-124
1754051410.63646,-4,-3,-126
1754051410.67246,2,0,-118
1754051410.7104602,1,1,-114
1754051410.74846,5,-10,-108
1754051410.78746,-1,-5,-118
1754051410.82346,2,-6,-117
1754051410.8614602,-6,0,-124
1754051410.89946,-3,-6,-123
1754051410.93846,6,0,-115
1754051410.97446,-3,-3,-116
1754051411.0134602,8,-1,-124
1754051411.05046,5,0,-125
1754051411.0884602,7,-1,-120
1754051411.12746,7,4,-120
1754051411.16346,0,-3,-126
1754051411.20146,-4,-3,-128
1754051411.23946,-3,2,-111
1754051411.27846,-3,0,-102
1754051411.31446,0,0,-118
1754051411.35146,3,4,-117
1754051411.38946,-8,1,-117
1754051411.42846,-2,0,-124
1754051411.46446,-11,-1,-121
1754051411.5034602,1,7,-109
1754051411.54146,3,2,-134
1754051411.57946,4,2,-124
1754051411.61746,-5,0,-118
1754051411.6544602,1,-1,-127
1754051411.69146,-2,1,-132
1754051411.72946,-7,1,-129
1754051411.76846,-1,10,-119
1754051411.80446,0,7,-120
1754051411.84146,-1,3,-115
1754051411.88046,2,-1,-128
1754051411.91846,-2,-6,-130
1754051411.95446,-5,-5,-116
1754051411.99246,4,-4,-124
1754051412.03046,3,0,-124
1754051412.0694602,13,-3,-127
1754051412.10746,2,-4,-128
1754051412.14346,7,-7,-118
1754051412.18146,7,0,-122
1754051412.21946,0,-2,-119
1754051412.25846,-7,-2,-125
1754051412.29446,-5,4,-122
1754051412.3324602,-3,2,-114
1754051412.37046,2,2,-112
1754051412.40946,2,-1,-118
1754051412.4474602,-6,-1,-123
1754051412.4834602,-4,0,-127
1754051412.52146,2,-3,-126
1754051412.5594602,-1,-2,-122
1754051412.5984602,2,-3,-115
1754051412.6344602,0,0,-108
1754051412.6714602,-1,-4,-114
1754051412.70946,1,-5,-118
1754051412.74846,8,0,-129
1754051412.78446,0,-2,-120
1754051412.8224602,0,1,-126
1754051412.86046,8,-6,-115
1754051412.89946,3,-6,-117
1754051412.93546,0,-8,-129
1754051412.9734602,6,-7,-112
1754051413.01146,3,-1,-104
1754051413.0494602,7,2,-110
1754051413.0884602,1,3,-111
1754051413.12446,0,-1,-112
1754051413.1614602,0,-7,-119
1754051413.19946,-2,-7,-121
1754051413.23846,-3,0,-117
1754051413.27446,5,0,-118
1754051413.31146,4,0,-117
1754051413.34946,7,5,-118
1754051413.3884602,8,2,-117
1754051413.4244602,2,2,-117
1754051413.46146,-4,-1,-120
1754051413.50046,0,-3,-125
1754051413.53846,0,0,-130
1754051413.57446,4,-6,-128
1754051413.61246,5,-5,-118
1754051413.65046,10,-5,-116
1754051413.68946,0,-3,-125
1754051413.72546,7,-6,-130
1754051413.7634602,0,1,-122
1754051413.80146,1,-5,-126
1754051413.84046,10,0,-123
1754051413.8784602,-2,-5,-124
1754051413.9144602,1,-5,-116
1754051413.95346,2,-4,-118
1754051413.99146,14,-2,-120
1754051414.0294602,4,-4,-114
1754051414.0654602,2,-2,-113
1754051414.10346,9,0,-117
1754051414.1414602,7,3,-119
1754051414.18046,4,-7,-125
1754051414.21846,4,-8,-125
1754051414.25446,0,0,-120
1754051414.29146,1,-7,-136
1754051414.33046,7,-2,-138
1754051414.3684602,2,2,-127
1754051414.4044602,0,2,-126
1754051414.44146,3,7,-122
1754051414.4804602,-2,3,-124
1754051414.51846,5,0,-117
1754051414.55446,1,1,-119
1754051414.59146,0,0,-121
1754051414.63046,1,2,-117
1754051414.66846,3,7,-120
1754051414.70446,-3,-3,-123
1754051414.74246,-7,-2,-117
1754051414.78046,-3,-3,-119
1754051414.8194602,-6,1,-128
1754051414.8554602,-4,-6,-131
1754051414.89346,-2,0,-131
1754051414.93146,-2,-7,-123
1754051414.9704602,0,-9,-114
1754051415.00846,1,-3,-122
1754051415.04546,0,-4,-113
1754051415.08346,2,-7,-112
1754051415.1214602,1,0,-108
1754051415.16046,0,-4,-116
1754051415.19646,3,-3,-117
1754051415.23446,3,0,-118
1754051415.27246,1,-3,-125
1754051415.31046,-7,0,-118
1754051415.34946,-7,0,-111
1754051415.38546,0,0,-116
1754051415.42346,2,1,-127
1754051415.46146,-6,1,-109
1754051415.50046,0,2,-113
1754051415.5364602,2,2,-110
1754051415.57346,0,6,-120
1754051415.6114602,4,-4,-129
1754051415.65046,1,0,-121
1754051415.68646,-2,-1,-115
1754051415.72546,1,2,-117
1754051415.7634602,0,2,-124
1754051415.80146,-5,1,-123
1754051415.83946,-9,1,-126
1754051415.87546,-4,6,-115
1754051415.91346,-5,2,-127
1754051415.95146,6,0,-109
1754051415.9904602,0,-3,-117
1754051416.0264602,1,1,-116
1754051416.06446,2,-5,-113
1754051416.10146,1,-2,-129
1754051416.14046,1,0,-125
1754051416.17646,1,0,-124
1754051416.2134602,1,-2,-104
1754051416.25146,-3,-3,-119
1754051416.29046,0,-5,-125
1754051416.32646,0,-9,-121
1754051416.36446,-1,2,-129
1754051416.40246,-4,0,-116
1754051416.44146,5,-1,-129
1754051416.47946,1,-5,-125
1754051416.5164602,7,-6,-118
1754051416.55346,7,-9,-122
1754051416.59146,-1,-8,-124
1754051416.63046,-4,-5,-116
1754051416.66646,-6,-5,-118
1754051416.70446,-4,-4,-109
1754051416.74246,-5,-3,-112
1754051416.78146,-2,4,-112
1754051416.8194602,0,1,-116
1754051416.85646,2,0,-107
1754051416.89346,11,4,-127
1754051416.93146,5,-3,-128
1754051416.9704602,1,2,-127
1754051417.00746,0,2,-127
1754051417.04446,-4,-4,-124
1754051417.0824602,-3,-3,-122
1754051417.1214602,-1,0,-119
1754051417.1574602,1,0,-114
1754051417.1944602,4,1,-128
1754051417.2404602,9,0,-124
1754051417.2764602,6,0,-124
1754051417.31346,4,2,-128
1754051417.35146,4,1,-118
1754051417.39046,-6,0,-118
1754051417.42646,-2,-8,-119
1754051417.46446,-3,-4,-114
1754051417.50246,7,-1,-118
1754051417.54146,3,0,-121
1754051417.57746,0,-1,-116
1754051417.6154602,3,4,-118
1754051417.65346,9,3,-116
1754051417.69246,7,-3,-114
1754051417.7304602,6,-1,-116
1754051417.7664602,1,-6,-123
1754051417.80546,1,0,-109
1754051417.8424602,0,-8,-120
1754051417.8814602,-2,-3,-112
1754051417.9174602,-3,1,-110
1754051417.95546,-2,-3,-118
1754051417.9934602,0,-10,-117
1754051418.0324602,4,-1,-121
1754051418.07046,3,-3,-123
1754051418.10646,1,-2,-120
1754051418.1444602,2,0,-119
1754051418.18246,5,-2,-124
1754051418.22146,0,-5,-121
1754051418.25746,4,0,-116
1754051418.29446,6,1,-127
1754051418.3324602,-2,1,-121
1754051418.3714602,0,0,-120
1754051418.4074602,-3,-1,-117
1754051418.44546,1,-5,-111
1754051418.48446,-8,1,-112
1754051418.52246,-3,-1,-124
1754051418.56046,6,-5,-124
1754051418.59646,8,-5,-117
1754051418.6344602,5,-2,-122
1754051418.67246,2,-1,-128
1754051418.71146,5,0,-122
1754051418.74746,9,5,-126
1754051418.78446,-5,-5,-119
1754051418.8224602,4,-2,-124
1754051418.8614602,-3,-8,-129
1754051418.89746,-2,-9,-125
1754051418.93546,0,-8,-123
1754051418.9734602,2,1,-125
1754051419.01246,1,0,-125
1754051419.04846,6,0,-115
1754051419.0854602,4,-3,-114
1754051419.12346,6,-4,-116
1754051419.16246,-1,-8,-122
1754051419.19846,-1,-4,-114
1754051419.2364602,6,0,-120
1754051419.27446,0,0,-120
1754051419.3124602,2,-1,-125
1754051419.35146,0,0,-116
1754051419.38746,0,-3,-118
1754051419.42546,0,0,-118
1754051419.46446,3,-2,-121
1754051419.50246,4,-3,-129
1754051419.53846,1,0,-126
1754051419.5754602,-6,-3,-119
1754051419.61446,1,1,-122
1754051419.65246,-3,-5,-122
1754051419.68846,-2,-7,-118
1754051419.72646,-3,-5,-121
1754051419.76446,0,-1,-116
1754051419.8024602,0,-4,-111
1754051419.84146,-1,-3,-108
1754051419.87746,5,2,-119
1754051419.9144602,4,1,-117
1754051419.95346,3,-3,-122
1754051419.99146,1,-1,-119
1754051420.02746,-5,7,-123
1754051420.0654602,-1,3,-122
1754051420.10346,0,3,-122
1754051420.14246,1,-1,-115
1754051420.17846,0,-3,-125
1754051420.21646,3,-3,-119
1754051420.25546,6,4,-118
1754051420.29346,0,-1,-116
1754051420.33146,0,-3,-116
1754051420.36746,6,3,-114
1754051420.40546,6,4,-118
1754051420.44346,-2,-3,-118
1754051420.48146,3,-6,-113
1754051420.51746,-4,-4,-120
1754051420.55546,4,-3,-133
1754051420.59346,2,-4,-119
1754051420.63246,-1,-1,-124
1754051420.66846,-2,-2,-117
1754051420.70646,-4,-7,-114
1754051420.74446,-4,-8,-130
1754051420.78346,0,-5,-122
1754051420.82146,9,-3,-126
1754051420.8584602,2,-7,-118
1754051420.89546,3,-4,-128
1754051420.93346,7,1,-109
1754051420.97246,1,-11,-114
1754051421.00846,4,-7,-118
1754051421.0464602,1,5,-126
1754051421.08446,3,-1,-124
1754051421.12346,3,1,-123
1754051421.15946,5,4,-119
1754051421.19646,3,1,-120
1754051421.23446,4,3,-131
1754051421.27346,3,5,-123
1754051421.3094602,-2,-3,-120
1754051421.34746,3,-6,-131
1754051421.38546,-1,-3,-127
1754051421.42346,5,1,-115
1754051421.46246,1,3,-120
1754051421.49846,1,-5,-116
1754051421.5364602,6,3,-117
1754051421.57446,8,-1,-121
1754051421.61346,9,2,-127
1754051421.64946,8,-4,-121
1754051421.6874602,6,-4,-122
1754051421.72546,8,1,-115
1754051421.7634602,5,0,-117
1754051421.8024602,-5,2,-120
1754051421.8384602,-3,0,-123
1754051421.87646,-5,0,-123
1754051421.9144602,-2,-6,-122
1754051421.95346,4,-2,-120
1754051421.98946,-5,-1,-124
1754051422.02746,1,5,-121
1754051422.0654602,0,6,-118
1754051422.10446,7,0,-114
1754051422.14246,3,1,-120
1754051422.17846,0,-3,-124
1754051422.21646,0,-5,-124
1754051422.25446,1,-3,-123
1754051422.29346,0,-3,-128
1754051422.32946,-2,2,-110
1754051422.36746,3,3,-113
1754051422.40646,-3,1,-114
1754051422.4444602,-2,-4,-113
1754051422.48246,0,-4,-119
1754051422.51846,0,0,-113
1754051422.55546,-2,8,-126
1754051422.59446,3,-4,-122
1754051422.63246,6,1,-122
1754051422.66846,7,1,-127
1754051422.70546,13,-4,-112
1754051422.74446,1,-4,-111
1754051422.7824602,7,0,-125
1754051422.81846,2,0,-129
1754051422.85646,2,-1,-133
1754051422.8944602,1,0,-127
1754051422.93246,-4,-5,-121
1754051422.96846,5,-4,-120
1754051423.0064602,4,-3,-119
1754051423.04446,1,3,-120
1754051423.08346,1,2,-121
1754051423.11946,4,2,-119
1754051423.1574602,1,-7,-113
1754051423.19546,-2,1,-126
1754051423.23446,0,-3,-123
1754051423.27046,0,0,-118
1754051423.30746,-4,3,-113
1754051423.3454602,-8,0,-113
1754051423.3844602,-3,0,-113
1754051423.42046,-1,0,-116
1754051423.45846,2,-6,-119
1754051423.4964602,-2,-2,-117
1754051423.53546,0,-2,-114
1754051423.57346,0,-3,-118
1754051423.60946,5,1,-121
1754051423.64646,4,3,-118
1754051423.6844602,-1,4,-117
1754051423.7234602,0,2,-118
1754051423.7594602,0,0,-120
1754051423.7964602,-8,0,-119
1754051423.83446,-7,0,-119
1754051423.87346,6,-4,-128
1754051423.90946,9,-4,-116
1754051423.94846,6,-6,-120
1754051423.98546,-4,-5,-120
1754051424.02446,-2,1,-121
1754051424.06046,6,1,-116
1754051424.09746,3,0,-121
1754051424.13546,-3,1,-130
1754051424.1744602,-2,0,-129
1754051424.2104602,-4,-1,-119
1754051424.24846,4,-4,-119
1754051424.2864602,3,-1,-123
1754051424.3254602,1,-1,-123
1754051424.36346,8,0,-124
1754051424.39946,7,1,-128
1754051424.43646,-3,4,-121
1754051424.47546,-1,-6,-114
1754051424.5134602,-1,-4,-124
1754051424.5494602,2,2,-115
1754051424.58646,2,0,-115
1754051424.62546,1,-7,-124
1754051424.66346,8,-5,-113
1754051424.69946,5,0,-120
1754051424.73746,4,3,-123
1754051424.7764602,-1,-1,-116
1754051424.81446,1,-3,-120
1754051424.85046,-4,-1,-120
1754051424.8884602,0,-2,-117
1754051424.92646,3,1,-114
1754051424.96546,4,-8,-114
1754051425.0034602,-2,-6,-117
1754051425.04046,0,-3,-110
1754051425.07846,7,0,-109
1754051425.11646,2,-4,-120
1754051425.15546,-7,1,-114
1754051425.19346,1,2,-104
1754051425.22946,4,3,-124
1754051425.26746,7,-1,-115
1754051425.30646,1,-2,-118
1754051425.34446,3,0,-120
1754051425.38046,1,-4,-122
1754051425.41946,8,-2,-110
1754051425.45646,1,-2,-122
1754051425.49546,-5,5,-127
1754051425.53146,0,3,-115
1754051425.5694602,-1,-2,-117
1754051425.60746,-2,0,-124
1754051425.64546,-3,-7,-126
1754051425.6844602,-6,0,-124
1754051425.7204602,1,-1,-127
1754051425.75846,7,1,-127
1754051425.7964602,2,0,-121
1754051425.8354602,-5,4,-125
1754051425.8714602,-2,-4,-121
1754051425.90946,4,-4,-105
1754051425.9474602,5,-2,-116
1754051425.98546,0,1,-116
1754051426.02446,-2,0,-120
1754051426.06046,-6,-3,-120
1754051426.0984602,-3,-3,-118
1754051426.13646,-3,-2,-120
1754051426.17546,-2,3,-117
1754051426.21146,4,4,-125
1754051426.24846,2,3,-114
1754051426.2864602,-8,1,-122
1754051426.3254602,-7,-7,-116
1754051426.3614602,-2,-4,-115
1754051426.39946,-8,3,-122
1754051426.4374602,-4,2,-107
1754051426.47646,-5,-4,-115
1754051426.51446,7,0,-121
1754051426.55046,-1,1,-121
1754051426.5884602,0,1,-120
1754051426.62646,3,-2,-130
1754051426.66546,7,-7,-114
1754051426.70146,3,0,-114
1754051426.73946,5,-1,-120
1754051426.7764602,0,0,-118
1754051426.8154602,3,-1,-118
1754051426.85146,-2,-3,-109
1754051426.88946,-1,-4,-116
1754051426.9274602,-1,-2,-111
1754051426.96646,-3,-1,-113
1754051427.00446,-10,3,-119
1754051427.04046,-5,5,-124
1754051427.07846,-5,4,-119
1754051427.11646,0,0,-126
1754051427.15546,0,-4,-119
1754051427.19146,-4,-3,-115
1754051427.22946,8,-4,-118
1754051427.27546,7,-4,-118
1754051427.31146,0,0,-135
1754051427.3484602,1,4,-130
1754051427.38646,8,-4,-129
1754051427.42546,4,0,-129
1754051427.46146,10,1,-125
1754051427.49846,3,0,-121
1754051427.5364602,6,10,-128
1754051427.5754602,3,0,-129
1754051427.6114602,4,-4,-130
1754051427.64946,0,-3,-129
1754051427.6874602,3,-2,-130
1754051427.72646,2,0,-138
1754051427.76246,-1,1,-129
1754051427.80046,-1,-3,-119
1754051427.8384602,2,-10,-127
1754051427.87646,2,1,-123
1754051427.91546,4,-6,-132
1754051427.95146,2,-6,-127
1754051427.9904602,1,-8,-119
1754051428.02746,0,-8,-118
1754051428.06646,5,-4,-119
1754051428.10246,8,1,-122
1754051428.14046,-2,2,-125
1754051428.1774602,4,-2,-121
1754051428.21646,-5,-6,-121
1754051428.25246,-2,-7,-122
1754051428.29046,0,-6,-109
1754051428.32846,0,-3,-127
1754051428.36746,5,0,-124
1754051428.40546,3,-2,-113
1754051428.44146,-1,0,-116
1754051428.47946,4,-8,-122
1754051428.51746,-7,0,-122
1754051428.55646,0,3,-120
1754051428.5924602,0,1,-115
1754051428.62946,-3,-7,-120
1754051428.6674602,-12,-6,-123
1754051428.70646,-4,0,-125
1754051428.74246,4,0,-118
1754051428.7794602,1,3,-119
1754051428.81746,4,-1,-127
1754051428.85646,10,-1,-133
1754051428.89246,10,-2,-130
1754051428.93046,3,-6,-122
1754051428.96946,1,-7,-118
1754051429.00746,-1,-11,-115
1754051429.04546,-3,-3,-111
1754051429.0824602,-2,3,-115
1754051429.11946,-1,-1,-121
1754051429.1574602,2,-2,-113
1754051429.19646,-2,1,-112
1754051429.23246,-5,-2,-114
1754051429.27046,1,-3,-124
1754051429.30846,0,1,-121
1754051429.34746,3,3,-124
1754051429.38346,4,0,-114
1754051429.4214602,1,4,-124
1754051429.4604602,7,1,-121
1754051429.49746,5,-4,-118
1754051429.5364602,0,2,-119
1754051429.57346,-2,2,-119
1754051429.61046,0,0,-121
1754051429.64846,4,-4,-120
1754051429.6874602,1,-3,-132
1754051429.7234602,5,-1,-129
1754051429.76146,8,-2,-122
1754051429.7994602,6,-5,-125
1754051429.83746,-1,-2,-120
1754051429.87646,-6,1,-120
1754051429.91246,4,5,-119
1754051429.94946,0,3,-118
1754051429.98746,0,1,-122
1754051430.0264602,5,-4,-119
1754051430.0624602,-4,-1,-124
1754051430.10046,2,-2,-126
1754051430.1384602,1,0,-111
1754051430.1774602,-2,3,-114
1754051430.2134602,0,-5,-115
1754051430.25146,-1,-13,-113
1754051430.29046,3,4,-125
1754051430.32846,1,1,-121
1754051430.36646,4,1,-122
1754051430.40246,3,0,-119
1754051430.43946,12,-3,-122
1754051430.47846,9,4,-130
1754051430.5164602,10,-2,-121
1754051430.5524602,13,-8,-121
1754051430.59046,1,0,-125
1754051430.6284602,-1,-1,-129
1754051430.6674602,-9,-1,-111
1754051430.70346,-9,0,-120
1754051430.74146,3,-4,-124
1754051430.7794602,-1,0,-125
1754051430.81846,7,-1,-127
1754051430.85646,4,-3,-123
1754051430.89246,5,1,-120
1754051430.92946,13,-8,-120
1754051430.96846,4,-3,-118
1754051431.0064602,0,0,-121
1754051431.0424602,-3,0,-114
1754051431.08046,-2,-8,-124
1754051431.11946,5,-3,-113
1754051431.1574602,1,3,-112
1754051431.19346,0,5,-117
1754051431.2304602,6,5,-121
1754051431.2694602,0,0,-119
1754051431.30746,0,-2,-122
1754051431.34346,0,-2,-122
1754051431.38246,3,-5,-126
1754051431.41946,0,0,-123
1754051431.45846,0,-2,-118
1754051431.49446,6,-3,-124
1754051431.5324602,0,-7,-130
1754051431.57046,-1,-5,-122
1754051431.6084602,4,-6,-123
1754051431.64746,-1,1,-120
1754051431.68346,0,3,-124
1754051431.7204602,-1,-3,-119
1754051431.75846,4,-1,-128
1754051431.79746,0,0,-128
1754051431.83346,-3,-5,-122
1754051431.8714602,1,-6,-126
1754051431.90946,4,-7,-120
1754051431.94846,-3,-2,-111
1754051431.98446,0,-5,-112
1754051432.02346,1,1,-111
1754051432.06046,6,2,-119
1754051432.0984602,1,1,-126
1754051432.13746,2,0,-131
1754051432.17346,-1,-6,-126
1754051432.21146,4,0,-119
1754051432.24946,-9,0,-131
1754051432.28846,-1,-2,-128
1754051432.32446,0,-5,-122
1754051432.36246,3,1,-125
1754051432.40046,0,3,-116
1754051432.43946,3,-4,-119
1754051432.47746,5,0,-119
1754051432.5134602,10,-7,-117
1754051432.5524602,-1,-6,-117
1754051432.58946,2,-5,-121
1754051432.6284602,-2,-2,-124
1754051432.6644602,3,0,-121
1754051432.70246,3,-6,-118
1754051432.7404602,1,-9,-123
1754051432.7794602,2,-7,-115
1754051432.81746,9,-6,-117
1754051432.85346,9,-6,-101
1754051432.8914602,6,-3,-121
1754051432.92946,8,1,-119
1754051432.96846,0,0,-117
1754051433.00446,-7,-1,-117
1754051433.04346,-1,-1,-108
1754051433.08046,2,4,-110
1754051433.11946,-3,0,-101
1754051433.1574602,-2,2,-126
1754051433.19346,-2,1,-123
1754051433.23146,1,-5,-119
1754051433.2694602,10,3,-110
1754051433.30846,7,-2,-117
1754051433.34446,10,-5,-117
1754051433.38246,14,-7,-121
1754051433.42046,0,-5,-120
1754051433.45946,1,1,-135
1754051433.49546,0,2,-126
1754051433.5324602,5,-2,-128
1754051433.57046,1,0,-129
1754051433.60946,-1,-6,-123
1754051433.64546,2,-6,-117
1754051433.68346,3,-5,-119
1754051433.72146,2,-4,-125
1754051433.76046,0,3,-107
1754051433.79846,-8,1,-115
1754051433.83446,0,-2,-123
1754051433.87346,0,-4,-120
1754051433.91046,-2,-1,-120
1754051433.94946,3,-4,-120
1754051433.98546,0,-3,-113
1754051434.02346,4,0,-116
1754051434.06146,2,-1,-113
1754051434.09946,8,-3,-118
1754051434.1384602,1,-5,-118
1754051434.1744602,0,1,-121
1754051434.21146,3,0,-112
1754051434.24946,6,0,-114
1754051434.28846,1,-1,-111
1754051434.3254602,0,-3,-120
1754051434.36246,-5,2,-116
1754051434.40046,-3,-3,-119
1754051434.43946,2,-6,-120
1754051434.47546,1,-1,-123
1754051434.5134602,3,-3,-118
1754051434.55146,-2,0,-117
1754051434.59046,4,1,-122
1754051434.6284602,3,0,-115
1754051434.66546,9,1,-112
1754051434.70246,1,2,-113
1754051434.7404602,1,2,-120
1754051434.7794602,0,-2,-129
1754051434.8154602,-5,-4,-125
1754051434.85346,6,-3,-122
1754051434.8914602,4,-4,-130
1754051434.93046,4,1,-123
1754051434.96846,1,0,-116
1754051435.00446,5,3,-121
1754051435.04146,5,0,-122
1754051435.08046,4,0,-121
1754051435.1184602,-2,-2,-122
1754051435.1544602,6,0,-123
1754051435.19146,2,-1,-132
1754051435.2304602,2,-4,-128
1754051435.26846,-1,-3,-130
1754051435.30446,0,-5,-126
1754051435.3424602,7,2,-140
1754051435.38046,-6,-1,-115
1754051435.41946,-3,-3,-113
1754051435.45646,3,-1,-117
1754051435.4934602,-1,1,-112
1754051435.53146,3,-4,-115
1754051435.57046,7,0,-121
1754051435.60646,0,0,-125
1754051435.64346,0,-1,-117
1754051435.68146,5,-3,-122
1754051435.7204602,0,-1,-115
1754051435.7564602,-4,7,-121
1754051435.79446,-6,4,-128
1754051435.8324602,1,-7,-124
1754051435.87046,0,-9,-112
1754051435.90946,-4,-4,-105
1754051435.94546,-1,-7,-107
1754051435.9834602,1,-5,-115
1754051436.02246,1,-3,-112
1754051436.06046,4,0,-111
1754051436.09646,-3,0,-112
1754051436.13546,1,-3,-117
1754051436.17246,-3,-3,-118
1754051436.2104602,3,-4,-118
1754051436.24946,6,-3,-120
1754051436.28546,7,0,-128
1754051436.3224602,5,1,-121
1754051436.36046,0,-9,-113
1754051436.39946,3,-9,-128
1754051436.43546,2,-5,-131
1754051436.4734602,3,5,-129
1754051436.51146,3,4,-132
1754051436.55046,7,1,-118
1754051436.58646,2,-4,-112
1754051436.62446,-1,-6,-120
1754051436.66346,6,-7,-116
1754051436.70146,0,-3,-115
1754051436.73946,-2,6,-112
1754051436.77546,-3,2,-125
1754051436.81346,-3,2,-121
1754051436.85146,-3,-1,-123
1754051436.89046,-8,3,-126
1754051436.92646,-4,0,-128
1754051436.96446,-1,-3,-120
1754051437.00246,-5,-6,-122
1754051437.04146,-1,1,-119
1754051437.07946,1,-7,-108
1754051437.1154602,-1,-6,-106
1754051437.15346,3,-3,-119
1754051437.19146,-1,-7,-117
1754051437.2304602,-2,-2,-112
1754051437.26746,0,0,-114
1754051437.3124602,4,-2,-118
1754051437.35046,3,-3,-112
1754051437.38646,5,-3,-114
1754051437.4244602,-2,1,-121
1754051437.46246,5,2,-118
1754051437.50146,0,-1,-114
1754051437.5394602,3,-5,-115
1754051437.5754602,0,-6,-124
1754051437.61246,10,-6,-123
1754051437.6514602,7,-8,-116
1754051437.6874602,4,9,-125
1754051437.72446,0,1,-119
1754051437.76246,2,-4,-117
1754051437.80146,0,-5,-126
1754051437.83746,-2,3,-123
1754051437.87546,-7,-2,-125
1754051437.9144602,-5,-6,-115
1754051437.95146,-7,-5,-123
1754051437.9904602,-1,-1,-120
1754051438.0264602,-2,-1,-120
1754051438.06446,-1,-11,-126
1754051438.10246,-2,-3,-139
1754051438.1414602,4,-2,-122
1754051438.1774602,7,-1,-119
1754051438.21546,3,0,-116
1754051438.25446,0,-7,-112
1754051438.29146,-1,2,-115
1754051438.33046,-6,3,-105
1754051438.36646,-8,-1,-106
1754051438.4044602,-4,-2,-127
1754051438.44246,-3,-5,-120
1754051438.48146,4,-2,-127
1754051438.51746,0,-6,-117
1754051438.55546,0,-1,-120
1754051438.59346,1,-9,-120
1754051438.63246,1,-1,-133
1754051438.67046,-2,2,-132
1754051438.70646,-5,-5,-123
1754051438.74446,-5,-5,-126
1754051438.7824602,0,1,-130
1754051438.82046,9,-1,-115
1754051438.85646,2,-2,-121
1754051438.8944602,1,-12,-114
1754051438.93246,4,-8,-112
1754051438.97146,-1,0,-127
1754051439.00746,0,-1,-128
1754051439.04546,2,-5,-109
1754051439.08346,-1,-3,-125
1754051439.12246,0,0,-124
1754051439.16046,0,0,-117
1754051439.1974602,1,3,-115
1754051439.23446,4,0,-119
1754051439.27246,0,-2,-122
1754051439.31146,4,-2,-104
1754051439.34746,0,-4,-119
1754051439.38546,-4,-1,-116
1754051439.42346,0,-2,-120
1754051439.46246,1,-3,-131
1754051439.50046,-2,0,-117
1754051439.5364602,0,-1,-118
1754051439.57446,6,-1,-108
1754051439.61246,7,-1,-119
1754051439.6514602,6,0,-120
1754051439.6874602,6,0,-128
1754051439.72546,10,-2,-118
1754051439.76446,-6,-1,-119
1754051439.8024602,0,0,-118
1754051439.8384602,-3,0,-121
1754051439.87546,-5,-4,-111
1754051439.91346,8,-4,-115
1754051439.95246,-1,2,-122
1754051439.98846,5,5,-115
1754051440.02546,1,-3,-119
1754051440.06346,6,-1,-120
1754051440.10246,1,3,-126
1754051440.1384602,3,0,-117
1754051440.17546,4,-2,-125
1754051440.2134602,2,-11,-113
1754051440.25246,7,-5,-118
1754051440.28846,-2,-8,-116
1754051440.32646,-2,0,-112
1754051440.36446,0,-3,-130
1754051440.40246,-3,-6,-115
1754051440.44146,4,-7,-118
1754051440.47746,0,-11,-120
1754051440.51546,1,1,-123
1754051440.55346,-3,-5,-117
1754051440.5924602,0,-2,-118
1754051440.6284602,-8,1,-123
1754051440.6674602,-2,0,-122
1754051440.70546,-1,6,-120
1754051440.7434602,1,5,-106
1754051440.78146,-4,-1,-116
1754051440.81746,-3,1,-110
1754051440.8554602,-3,0,-121
1754051440.89346,9,-1,-123
1754051440.93246,4,5,-110
1754051440.96846,-1,1,-111
1754051441.0064602,0,0,-110
1754051441.04446,1,0,-113
1754051441.08346,9,0,-112
1754051441.1214602,5,-5,-124
1754051441.1574602,3,-5,-134
1754051441.19546,7,-2,-136
1754051441.23446,7,2,-122
1754051441.27246,4,1,-114
1754051441.30846,2,1,-119
1754051441.3454602,3,0,-131
1754051441.3844602,4,2,-131
1754051441.42246,4,0,-122
1754051441.45846,-1,-11,-125
1754051441.4964602,1,-5,-119
1754051441.53446,-4,0,-124
1754051441.57346,-1,-4,-120
1754051441.6114602,2,3,-128
1754051441.64746,0,0,-133
1754051441.6844602,0,-10,-125
1754051441.7234602,1,-7,-126
1754051441.76146,-3,-1,-117
1754051441.79746,-3,0,-117
1754051441.83446,-6,-5,-117
1754051441.87346,0,-8,-118
1754051441.90946,0,0,-107
1754051441.94646,1,4,-109
1754051441.98446,4,2,-117
1754051442.02346,4,-2,-117
1754051442.0594602,3,-3,-127
1754051442.09646,2,0,-126
1754051442.1344602,0,0,-122
1754051442.17346,-10,-1,-117
1754051442.20946,-5,7,-116
1754051442.24746,-6,1,-118
1754051442.28546,-3,-5,-128
1754051442.32346,-3,-12,-121
1754051442.36246,9,-4,-119
1754051442.39846,6,-1,-115
1754051442.43646,3,-6,-104
1754051442.47446,0,-3,-124
1754051442.5134602,-3,-2,-125
1754051442.5494602,-3,0,-122
1754051442.58646,1,2,-122
1754051442.62446,0,-4,-108
1754051442.66346,-5,-1,-123
1754051442.69946,-7,-3,-117
1754051442.73746,-7,-4,-110
1754051442.77546,-8,-4,-122
1754051442.81446,-1,-1,-124
1754051442.85246,0,0,-116
1754051442.8884602,-1,-1,-116
1754051442.92646,-1,-2,-123
1754051442.96446,12,-3,-117
1754051443.0034602,6,-4,-115
1754051443.0394602,8,-1,-109
1754051443.07746,4,-1,-124
1754051443.1154602,-1,0,-125
1754051443.1544602,-2,-1,-130
1754051443.19246,1,-3,-121
1754051443.22846,3,-4,-117
1754051443.2664602,6,-5,-122
1754051443.30446,0,0,-111
1754051443.34346,2,1,-112
1754051443.37946,3,2,-104
1754051443.41646,-6,0,-106
1754051443.45446,4,0,-117
1754051443.4934602,3,0,-118
1754051443.5294602,2,4,-116
1754051443.56646,0,1,-119
1754051443.60446,5,2,-128
1754051443.64346,1,-3,-122
1754051443.67946,1,-6,-128
1754051443.71646,0,-2,-123
1754051443.75446,-6,-4,-113
1754051443.79346,1,-1,-117
1754051443.82946,0,-1,-113
1754051443.86646,0,0,-120
1754051443.9044602,-4,-6,-116
1754051443.94346,-3,1,-114
1754051443.97946,-7,1,-119
1754051444.0164602,-4,3,-114
1754051444.05446,-3,-2,-113
1754051444.09346,-7,-3,-124
1754051444.12946,1,-4,-122
1754051444.1674602,0,-2,-116
1754051444.20546,7,0,-126
1754051444.24446,7,-5,-116
1754051444.28046,8,-3,-125
1754051444.3194602,0,-1,-123
1754051444.35746,0,-7,-116
1754051444.3944602,2,3,-126
1754051444.43346,5,-1,-127
1754051444.46946,1,1,-113
1754051444.50746,0,1,-110
1754051444.54546,-4,1,-113
1754051444.58446,-5,3,-120
1754051444.62046,-10,-4,-115
1754051444.65846,-10,-2,-114
1754051444.69646,-6,-2,-113
1754051444.73446,1,-7,-116
1754051444.77346,2,0,-106
1754051444.8094602,2,0,-120
1754051444.84646,2,-3,-119
1754051444.88546,-2,-7,-122
1754051444.92346,4,2,-119
1754051444.95946,-3,0,-122
1754051444.9964602,-1,0,-114
1754051445.03546,6,-4,-113
1754051445.07346,4,0,-121
1754051445.10946,8,-1,-111
1754051445.14746,3,1,-120
1754051445.18546,6,-2,-123
1754051445.22446,6,0,-111
1754051445.26046,7,-3,-123
1754051445.2994602,6,-4,-123
1754051445.33746,8,0,-133
1754051445.37546,0,3,-129
1754051445.41346,0,-5,-123
1754051445.44946,-1,-1,-121
1754051445.48746,8,-1,-135
1754051445.52546,-9,-3,-122
1754051445.56446,0,-8,-117
1754051445.60046,2,-10,-115
1754051445.6384602,2,-3,-118
1754051445.67646,2,-3,-118
1754051445.71546,-6,-1,-116
1754051445.7534602,-2,1,-109
1754051445.7894602,1,-2,-108
1754051445.82746,7,-4,-115
1754051445.8654602,1,0,-107
1754051445.9044602,-2,0,-114
1754051445.9404602,1,-1,-129
1754051445.97846,8,1,-125
1754051446.0164602,8,5,-131
1754051446.05546,7,7,-122
1754051446.09146,1,-2,-123
1754051446.12946,-2,1,-112
1754051446.1674602,-2,-5,-119
1754051446.20646,-1,1,-112
1754051446.24446,7,5,-113
1754051446.28046,6,8,-111
1754051446.31846,-4,0,-114
1754051446.35646,0,0,-118
1754051446.39546,1,-2,-116
1754051446.43146,4,0,-123
1754051446.46946,1,0,-122
1754051446.5064602,4,1,-126
1754051446.54546,-2,0,-124
1754051446.58146,0,-5,-121
1754051446.61946,3,2,-122
1754051446.6574602,0,0,-122
1754051446.69546,-2,-4,-120
1754051446.73446,-9,-7,-120
1754051446.77046,-6,-1,-119
1754051446.80846,4,-2,-129
1754051446.84646,0,-4,-121
1754051446.88546,5,-1,-118
1754051446.9214602,10,-3,-117
1754051446.95946,5,-8,-115
1754051446.99746,8,0,-125
1754051447.0364602,7,0,-136
1754051447.07446,5,-2,-115
1754051447.11046,3,-9,-112
1754051447.14946,-3,-1,-127
1754051447.18646,0,-5,-120
1754051447.22546,-4,2,-121
1754051447.26146,-3,3,-111
1754051447.2994602,-8,2,-124
1754051447.3454602,2,1,-127
1754051447.3814602,-4,2,-125
1754051447.41946,0,-2,-127
1754051447.4574602,11,0,-124
1754051447.4964602,6,-3,-113
1754051447.53446,-2,-4,-124
1754051447.57046,-2,-4,-122
1754051447.6084602,0,-6,-115
1754051447.64646,-2,2,-126
1754051447.68546,3,0,-117
1754051447.72146,4,-5,-117
1754051447.7594602,-2,-4,-118
1754051447.79746,-4,-5,-118
1754051447.83646,0,-4,-110
1754051447.87446,-1,4,-117
1754051447.91046,2,-2,-120
1754051447.94846,1,0,-124
1754051447.9864602,0,2,-127
1754051448.02546,-7,-10,-123
1754051448.06146,-2,-3,-118
1754051448.09946,-8,2,-122
1754051448.13746,-3,0,-113
1754051448.17646,4,4,-109
1754051448.21246,1,1,-106
1754051448.25046,6,-8,-112
1754051448.28846,1,-4,-125
1754051448.32646,7,-3,-107
1754051448.3654602,5,0,-122
1754051448.4014602,3,-1,-123
1754051448.43946,7,3,-129
1754051448.47846,5,-7,-119
1754051448.5164602,2,-8,-104
1754051448.5524602,2,-5,-113
1754051448.59046,4,-8,-122
1754051448.6284602,1,-6,-125
1754051448.66646,2,-1,-122
1754051448.70546,2,0,-122
1754051448.74146,6,2,-135
1754051448.77846,6,-3,-119
1754051448.81646,5,4,-125
1754051448.8554602,0,8,-120
1754051448.8914602,7,4,-119
1754051448.92846,0,4,-118
1754051448.9674602,-1,-3,-115
1754051449.00546,2,-7,-118
1754051449.04146,0,-5,-125
1754051449.07846,-1,-2,-125
1754051449.11746,-2,-3,-117
1754051449.15546,0,-3,-121
1754051449.19146,-2,-3,-125
1754051449.22946,1,0,-114
1754051449.26746,2,-4,-117
1754051449.30646,0,-4,-128
1754051449.3424602,-5,-3,-128
1754051449.38046,3,4,-127
1754051449.41846,4,2,-118
1754051449.4574602,5,2,-117
1754051449.49546,-2,0,-126
1754051449.53146,0,1,-119
1754051449.5694602,2,-2,-120
1754051449.60746,0,-6,-119
1754051449.64546,5,-3,-114
1754051449.68146,0,-6,-110
1754051449.71946,3,-4,-115
1754051449.75746,3,-1,-117
1754051449.7964602,-3,-3,-119
1754051449.8324602,0,3,-125
1754051449.86946,0,5,-128
1754051449.9074602,4,0,-124
1754051449.94646,0,-6,-107
1754051449.98246,-4,-4,-115
1754051450.02046,1,2,-116
1754051450.05846,-2,8,-112
1754051450.09746,0,0,-122
1754051450.13346,4,0,-128
1754051450.17246,3,0,-138
1754051450.20946,1,-1,-132
1754051450.24846,1,-1,-118
1754051450.2864602,0,-4,-110
1754051450.3224602,0,-3,-106
1754051450.35946,3,-5,-112
1754051450.39846,4,5,-116
1754051450.43646,5,1,-121
1754051450.47246,5,2,-132
1754051450.5094602,5,2,-129
1754051450.54846,0,4,-114
1754051450.58646,4,3,-116
1754051450.62246,2,2,-109
1754051450.65946,-2,-5,-120
1754051450.69846,1,2,-122
1754051450.7364602,3,5,-129
1754051450.77246,0,-4,-127
1754051450.81146,-3,-11,-130
1754051450.8484602,-3,-1,-137
1754051450.88746,-5,-4,-122
1754051450.92346,2,0,-122
1754051450.96146,-2,1,-119
1754051450.99846,1,7,-115
1754051451.03746,4,-8,-132
1754051451.07346,4,-9,-131
1754051451.1114602,-6,-4,-134
1754051451.14946,0,-3,-127
1754051451.18846,0,-2,-128
1754051451.22646,0,-4,-125
1754051451.26246,8,-5,-111
1754051451.30046,5,-9,-117
1754051451.3384602,1,-10,-118
1754051451.37746,-1,-1,-116
1754051451.41346,4,-1,-112
1754051451.45246,10,-5,-124
1754051451.48946,6,-5,-120
1754051451.52846,3,0,-108
1754051451.56646,2,2,-106
1754051451.60246,0,2,-101
1754051451.64046,1,0,-128
1754051451.67846,-6,2,-130
1754051451.7174602,0,1,-111
1754051451.7534602,4,-4,-113
1754051451.79146,2,3,-107
1754051451.82946,8,-2,-126
1754051451.8684602,8,1,-128
1754051451.90646,4,-4,-121
1754051451.94246,7,-2,-122
1754051451.98146,7,-2,-118
1754051452.01846,2,-4,-117
1754051452.05746,2,-8,-121
1754051452.09446,2,-6,-121
1754051452.1314602,-1,-2,-101
1754051452.16946,-2,0,-111
1754051452.20846,2,-2,-114
1754051452.24446,7,1,-109
1754051452.28146,0,6,-119
1754051452.3194602,1,0,-124
1754051452.3584602,3,1,-132
1754051452.3944602,0,4,-122
1754051452.43146,0,3,-120
1754051452.46946,6,0,-117
1754051452.50846,-1,-2,-124
1754051452.54446,4,-3,-126
1754051452.5824602,6,-6,-121
1754051452.62046,7,0,-127
1754051452.65846,4,2,-122
1754051452.6974602,8,6,-118
1754051452.7334602,-3,-5,-115
1754051452.77146,-6,0,-126
1754051452.8094602,0,-1,-119
1754051452.8484602,-6,-3,-118
1754051452.8844602,-6,4,-105
1754051452.92246,0,2,-121
1754051452.9604602,-4,2,-117
1754051452.99846,0,1,-128
1754051453.03746,0,0,-120
1754051453.07346,5,1,-128
1754051453.11046,-4,-6,-123
1754051453.14946,8,-7,-125
1754051453.1874602,0,-4,-120
1754051453.2234602,1,-1,-125
1754051453.26146,-2,-2,-127
1754051453.2994602,-3,-1,-119
1754051453.3384602,5,0,-125
1754051453.37446,0,-1,-127
1754051453.41246,1,0,-122
1754051453.45146,3,1,-128
1754051453.48946,4,-4,-127
1754051453.52746,3,-1,-124
1754051453.56346,3,-2,-122
1754051453.60146,0,-2,-126
1754051453.63946,0,-4,-121
1754051453.67846,0,-5,-122
1754051453.71446,-2,0,-122
1754051453.75146,-3,1,-130
1754051453.7894602,4,0,-132
1754051453.82846,6,3,-124
1754051453.86446,5,0,-128
1754051453.9014602,0,0,-121
1754051453.93946,0,0,-122
1754051453.97846,4,-5,-119
1754051454.01446,5,-3,-120
1754051454.0524602,0,0,-113
1754051454.09046,-2,-2,-111
1754051454.12946,0,-6,-117
1754051454.1674602,-6,-10,-109
1754051454.20446,3,-3,-105
1754051454.24246,-9,-6,-118
1754051454.28046,0,-5,-133
1754051454.3194602,1,2,-132
1754051454.3554602,2,-1,-126
1754051454.39346,7,3,-121
1754051454.43146,6,0,-121
1754051454.46946,1,1,-113
1754051454.50846,0,0,-108
1754051454.54446,4,-4,-121
1754051454.5824602,5,-3,-116
1754051454.62046,6,-5,-118
1754051454.65946,4,-2,-117
1754051454.69546,-1,2,-122
1754051454.7334602,0,-4,-124
1754051454.77146,2,-10,-128
1754051454.81046,-3,0,-116
1754051454.8484602,-1,-4,-117
1754051454.8844602,1,-2,-118
1754051454.92246,6,-4,-113
1754051454.9604602,0,-1,-116
1754051454.99946,-3,0,-108
1754051455.03546,-3,-1,-121
1754051455.07346,-1,-5,-124
1754051455.1114602,-7,-8,-116
1754051455.15046,-5,-5,-126
1754051455.18846,0,1,-123
1754051455.22446,5,-3,-115
1754051455.26246,3,0,-118
1754051455.30146,3,2,-115
1754051455.33946,8,0,-125
1754051455.37546,0,0,-123
1754051455.41246,4,-5,-113
1754051455.45146,6,-1,-120
1754051455.48946,0,0,-126
1754051455.52546,-4,0,-121
1754051455.56346,-2,3,-131
1754051455.60146,0,1,-124
1754051455.64046,1,-7,-124
1754051455.67846,0,0,-129
1754051455.71446,-1,-6,-125
1754051455.75246,2,-8,-123
1754051455.79046,-4,-8,-115
1754051455.82946,-9,3,-122
1754051455.8654602,-1,1,-115
1754051455.90346,3,-5,-116
1754051455.94146,-1,-1,-113
1754051455.9804602,-4,3,-115
1754051456.01846,-5,-4,-122
1754051456.05446,2,-1,-114
1754051456.09346,7,-3,-122
1754051456.13046,12,2,-119
1754051456.16946,6,0,-124
1754051456.20546,4,-3,-124
1754051456.2434602,3,0,-128
1754051456.28146,1,1,-127
1754051456.32046,4,0,-133
1754051456.35646,0,-1,-126
1754051456.3944602,-4,-3,-118
1754051456.43246,0,-7,-121
1754051456.47146,-7,2,-124
1754051456.5094602,-4,-1,-128
1754051456.54546,-1,0,-125
1754051456.58346,-5,-6,-128
1754051456.6214602,0,-1,-130
1754051456.66046,7,-1,-126
1754051456.69646,5,-1,-116
1754051456.73446,-1,0,-122
1754051456.77246,0,-1,-121
1754051456.81046,0,-6,-122
1754051456.84946,0,-2,-114
1754051456.88546,2,-2,-108
1754051456.92346,-1,-2,-120
1754051456.96146,-5,-7,-123
1754051457.00046,-1,-6,-129
1754051457.0364602,5,0,-123
1754051457.07346,0,0,-125
1754051457.1114602,3,-1,-124
1754051457.15046,2,1,-111
1754051457.18646,1,0,-111
1754051457.2234602,-1,-1,-109
1754051457.26146,-8,-6,-114
1754051457.30046,-8,0,-123
1754051457.33646,-4,0,-121
1754051457.38246,-1,2,-119
1754051457.42046,1,0,-109
1754051457.45646,7,-3,-109
1754051457.49446,5,3,-116
1754051457.5324602,-3,0,-110
1754051457.57146,2,-6,-114
1754051457.60946,0,1,-124
1754051457.64546,-1,5,-120
1754051457.6844602,-2,0,-113
1754051457.72146,3,-2,-113
1754051457.76046,-1,2,-122
1754051457.7964602,-2,3,-129
1754051457.83446,3,5,-115
1754051457.87246,4,-2,-112
1754051457.9114602,1,-1,-113
1754051457.94946,1,-4,-120
1754051457.98546,4,-7,-119
1754051458.02346,-2,0,-128
1754051458.06146,6,-7,-128
1754051458.10046,-2,0,-113
1754051458.13646,0,-6,-118
1754051458.1744602,3,1,-116
1754051458.2134602,4,5,-118
1754051458.25146,8,0,-118
1754051458.2894602,-4,-1,-118
1754051458.3254602,-3,2,-129
1754051458.36346,-1,-2,-118
1754051458.4014602,3,4,-121
1754051458.4404602,1,6,-116
1754051458.47646,1,0,-120
1754051458.5134602,3,6,-121
1754051458.55146,5,-1,-123
1754051458.59046,5,-7,-118
1754051458.62646,3,-3,-119
1754051458.6644602,2,3,-108
1754051458.70246,-1,3,-104
1754051458.74146,1,4,-114
1754051458.77746,-2,0,-118
1754051458.8154602,0,0,-118
1754051458.85346,5,0,-116
1754051458.8914602,-2,-1,-107
1754051458.93046,5,-4,-118
1754051458.96646,0,-2,-114
1754051459.00446,3,-4,-122
1754051459.04346,2,-7,-118
1754051459.08146,3,1,-125
1754051459.11746,1,-5,-120
1754051459.15546,1,-2,-125
1754051459.19346,0,0,-114
1754051459.23246,0,0,-119
1754051459.27046,3,-3,-117
1754051459.30646,8,-1,-110
1754051459.34446,5,2,-114
1754051459.38246,1,3,-117
1754051459.4214602,-2,2,-119
1754051459.4574602,-11,-4,-114
1754051459.49546,-2,-2,-127
1754051459.53446,-3,-1,-119
1754051459.5724602,-6,0,-118
1754051459.61046,1,-7,-128
1754051459.64646,3,-5,-129
1754051459.6844602,1,4,-122
1754051459.72246,-6,4,-115
1754051459.76146,4,-8,-119
1754051459.79746,1,-7,-114
1754051459.8354602,-3,-8,-127
1754051459.87346,3,-2,-126
1754051459.91246,3,-4,-120
1754051459.9504602,0,-5,-116
1754051459.9864602,-8,0,-115
1754051460.02346,1,0,-112
1754051460.0624602,0,-5,-119
1754051460.10046,7,0,-125
1754051460.13646,4,-2,-125
1754051460.1744602,0,0,-136
1754051460.2134602,7,-2,-117
1754051460.25146,8,-5,-115
1754051460.28746,-1,-5,-105
1754051460.32446,1,-1,-106
1754051460.36346,0,-8,-107
1754051460.4014602,-6,-7,-118
1754051460.4374602,2,-11,-126
1754051460.47646,0,-1,-123
1754051460.5134602,2,0,-122
1754051460.5524602,3,0,-125
1754051460.5884602,8,-3,-124
1754051460.62646,1,5,-127
1754051460.6644602,6,0,-122
1754051460.70346,0,4,-124
1754051460.74146,-2,0,-126
1754051460.77746,1,0,-117
1754051460.81446,9,-5,-123
1754051460.85246,6,-4,-121
1754051460.8914602,1,-4,-127
1754051460.9274602,2,-7,-120
1754051460.96646,0,3,-117
1754051461.00446,-5,1,-114
1754051461.0424602,-7,-2,-122
1754051461.07846,0,-3,-122
1754051461.11746,-6,-3,-121
1754051461.1544602,0,-3,-120
1754051461.19346,-4,-1,-117
1754051461.23146,-1,-13,-117
1754051461.26746,-1,-5,-125
1754051461.30546,5,-2,-118
1754051461.34346,4,0,-124
1754051461.38246,6,-1,-122
1754051461.41846,4,-3,-120
1754051461.45646,1,-6,-138
1754051461.49446,0,-1,-131
1754051461.53346,-1,-1,-114
1754051461.57146,-3,-1,-120
1754051461.60746,0,-2,-123
1754051461.64546,-2,1,-119
1754051461.68346,-4,1,-106
1754051461.72246,-3,-3,-116
1754051461.75846,3,-1,-121
1754051461.7964602,3,-4,-123
1754051461.83446,6,-6,-118
1754051461.87346,-3,-2,-115
1754051461.9114602,-5,-2,-120
1754051461.9474602,-2,-5,-120
1754051461.98546,-2,-5,-129
1754051462.02346,0,-1,-128
1754051462.0624602,-7,-6,-118
1754051462.0984602,-3,-6,-115
1754051462.13646,-6,0,-128
1754051462.1744602,1,2,-123
1754051462.2134602,0,2,-119
1754051462.25146,6,1,-113
1754051462.28746,0,-2,-119
1754051462.32646,0,-2,-118
1754051462.36346,4,-5,-118
1754051462.40246,0,-12,-109
1754051462.43846,-3,-9,-115
1754051462.47646,-3,-7,-108
1754051462.51446,1,-9,-108
1754051462.55346,-3,-6,-123
1754051462.58946,-1,-7,-124
1754051462.62746,-2,-2,-127
1754051462.66546,-2,-1,-120
1754051462.70346,0,6,-125
1754051462.74246,-5,2,-119
1754051462.7794602,-1,2,-111
1754051462.81646,1,0,-119
1754051462.85446,1,-1,-120
1754051462.89346,7,1,-117
1754051462.92946,13,2,-123
1754051462.96646,4,2,-122
1754051463.00446,0,3,-121
1754051463.04346,8,4,-125
1754051463.07946,5,6,-120
1754051463.11646,1,0,-119
1754051463.1544602,-6,-2,-124
1754051463.19346,3,-1,-120
1754051463.22946,2,0,-121
1754051463.2664602,6,-3,-132
1754051463.30446,-1,-4,-130
1754051463.34346,-6,-3,-112
1754051463.37946,-3,-8,-115
1754051463.4174602,0,-10,-132
1754051463.45546,5,-1,-114
1754051463.49446,9,-8,-124
1754051463.5324602,-1,-6,-120
1754051463.56846,0,-3,-127
1754051463.60646,1,-4,-119
1754051463.6444602,1,-2,-113
1754051463.68346,0,-8,-118
1754051463.71946,-3,-3,-130
1754051463.75746,-9,-2,-125
1754051463.79546,-8,-8,-111
1754051463.83446,-2,-3,-122
1754051463.87246,1,4,-125
1754051463.90846,6,4,-116
1754051463.94546,7,0,-123
1754051463.98446,2,0,-123
1754051464.02246,8,0,-117
1754051464.05846,0,-2,-120
1754051464.09646,4,1,-107
1754051464.1344602,0,-5,-109
1754051464.17346,4,4,-113
1754051464.2104602,-2,1,-128
1754051464.24746,-2,-1,-123
1754051464.28546,3,-6,-117
1754051464.32446,-1,-13,-115
1754051464.36246,-4,-7,-108
1754051464.39846,0,2,-118
1754051464.43646,-1,-5,-119
1754051464.47446,2,-4,-107
1754051464.5134602,4,-7,-105
1754051464.5494602,2,-11,-122
1754051464.58746,3,-7,-119
1754051464.62546,0,-11,-123
1754051464.6644602,-3,5,-131
1754051464.70146,-7,5,-124
1754051464.73846,6,2,-121
1754051464.7764602,0,-8,-116
1754051464.81446,-4,-4,-112
1754051464.85346,-1,-12,-118
1754051464.88946,-2,0,-121
1754051464.9274602,-1,6,-121
1754051464.96546,9,-1,-127
1754051465.00446,10,-4,-123
1754051465.04046,13,-9,-128
1754051465.07846,7,-7,-117
1754051465.11646,0,-4,-115
1754051465.1544602,-1,2,-121
1754051465.19346,0,-6,-116
1754051465.22946,-2,-6,-119
1754051465.26746,3,-2,-115
1754051465.30546,-2,-11,-117
1754051465.34446,2,-7,-120
1754051465.38046,-1,-2,-120
1754051465.41846,1,-5,-108
1754051465.45646,2,-5,-116
1754051465.49446,5,-10,-127
1754051465.53346,7,-2,-123
1754051465.5694602,5,-3,-118
1754051465.60746,2,0,-111
1754051465.64546,-3,-1,-128
1754051465.6844602,1,6,-119
1754051465.7204602,3,2,-116
1754051465.75746,5,2,-120
1754051465.79546,0,0,-120
1754051465.83446,-2,-7,-123
1754051465.87046,3,-8,-120
1754051465.90846,-2,-8,-105
1754051465.9474602,5,-4,-115
1754051465.98546,3,-5,-121
1754051466.02346,2,-5,-122
1754051466.0594602,-4,-1,-114
1754051466.09746,0,1,-123
1754051466.13546,2,-1,-113
1754051466.1744602,0,-4,-118
1754051466.2104602,6,-3,-127
1754051466.24846,4,-1,-124
1754051466.2864602,1,-1,-120
1754051466.3254602,3,0,-131
1754051466.36346,1,2,-122
1754051466.39946,1,0,-124
1754051466.43646,0,-2,-127
1754051466.47546,-2,-1,-117
1754051466.5134602,0,-3,-122
1754051466.5494602,3,-2,-117
1754051466.58746,0,-3,-119
1754051466.62546,8,-3,-123
1754051466.6644602,0,-5,-130
1754051466.7004602,7,-4,-133
1754051466.73746,4,-4,-124
1754051466.77546,2,-7,-122
1754051466.81446,4,-3,-128
1754051466.85046,0,-5,-121
1754051466.8884602,2,-5,-115
1754051466.9274602,-1,-4,-127
1754051466.96546,2,-4,-127
1754051467.00146,-2,0,-117
1754051467.0394602,0,-5,-121
1754051467.07746,0,-6,-119
1754051467.1154602,-3,-3,-130
1754051467.1544602,1,-2,-127
1754051467.1904602,0,-7,-104
1754051467.22846,5,-2,-112
1754051467.2664602,-1,3,-114
1754051467.30546,0,1,-110
1754051467.34146,-2,-5,-109
1754051467.38746,2,3,-120
1754051467.42546,3,2,-110
1754051467.46146,5,6,-127
1754051467.49846,-2,4,-113
1754051467.5364602,-4,-2,-111
1754051467.5754602,1,-6,-103
1754051467.6114602,2,-1,-118
1754051467.64946,-3,-1,-117
1754051467.6874602,-4,2,-120
1754051467.72646,-3,-5,-122
1754051467.76446,-2,-2,-107
1754051467.80046,-4,0,-109
1754051467.8384602,3,-1,-113
1754051467.87746,9,-3,-117
1754051467.91546,4,-2,-113
1754051467.95146,1,0,-123
1754051467.98846,-1,-2,-130
1754051468.0264602,2,-3,-120
1754051468.0654602,0,-3,-125
1754051468.10146,1,1,-125
1754051468.13946,-2,1,-134
1754051468.1774602,4,-1,-122
1754051468.21646,-5,-5,-121
1754051468.25446,0,-4,-130
1754051468.29046,9,0,-119
1754051468.32746,10,4,-116
1754051468.36646,1,-2,-129
1754051468.4044602,0,0,-139
1754051468.4404602,1,2,-127
1754051468.47746,-9,-2,-127
1754051468.5164602,-1,-1,-117
1754051468.55446,-2,-5,-114
1754051468.59046,1,-4,-116
1754051468.6284602,0,-2,-125
1754051468.66646,4,2,-121
1754051468.70546,0,-3,-133
1754051468.74146,-1,0,-122
1754051468.7794602,2,-3,-125
1754051468.81746,0,-6,-127
1754051468.85646,1,-5,-134
1754051468.89246,1,-12,-125
1754051468.93146,1,0,-122
1754051468.96846,1,-1,-129
1754051469.0064602,0,0,-125
1754051469.04546,-3,-10,-123
1754051469.08146,1,-4,-125
1754051469.11946,-11,0,-119
1754051469.1574602,-2,-4,-116
1754051469.19646,6,-3,-125
1754051469.23246,7,-12,-129
1754051469.27046,1,-3,-131
1754051469.30846,-2,-1,-129
1754051469.34646,3,-5,-122
1754051469.38546,5,-8,-124
1754051469.4214602,3,-2,-121
1754051469.45946,9,-2,-120
1754051469.49846,2,0,-120
1754051469.5364602,0,-2,-128
1754051469.5724602,1,0,-130
1754051469.60946,5,3,-121
1754051469.64746,-2,0,-121
1754051469.68646,-2,0,-121
1754051469.72246,3,-5,-128
1754051469.76146,0,-11,-129
1754051469.79846,7,-8,-123
1754051469.83746,3,-4,-118
1754051469.87546,3,1,-125
1754051469.9114602,6,-3,-132
1754051469.94946,0,-9,-129
1754051469.98746,3,0,-117
1754051470.0264602,2,-7,-124
1754051470.0624602,1,-8,-110
1754051470.10046,-3,0,-112
1754051470.13946,-1,-2,-107
1754051470.1774602,0,2,-111
1754051470.21546,1,-1,-116
1754051470.25146,2,0,-117
1754051470.2894602,9,-3,-102
1754051470.32746,3,0,-116
1754051470.36646,1,-1,-119
1754051470.40246,-1,0,-120
1754051470.43946,-1,0,-134
1754051470.47846,0,-1,-120
1754051470.5164602,3,-3,-122
1754051470.5524602,3,5,-111
1754051470.58946,-1,-1,-114
1754051470.6284602,0,0,-123
1754051470.66646,-2,-11,-136
1754051470.70246,10,-1,-136
1754051470.7404602,4,-4,-115
1754051470.77846,3,-5,-119
1754051470.81746,5,-6,-121
1754051470.8554602,-1,-6,-121
1754051470.8914602,9,-3,-128
1754051470.92946,0,-1,-116
1754051470.9674602,-6,-1,-120
1754051471.0064602,-4,-8,-126
1754051471.0424602,-2,-4,-117
1754051471.08046,-4,-3,-114
1754051471.11946,0,-3,-112
1754051471.1574602,1,-5,-116
1754051471.19346,8,-6,-105
1754051471.23146,0,-4,-123
1754051471.2694602,3,-4,-128
1754051471.30746,3,-5,-125
1754051471.34646,0,0,-123
1754051471.38246,1,1,-119
1754051471.41946,0,0,-113
1754051471.4574602,2,3,-118
1754051471.4964602,-5,3,-115
1754051471.5324602,-2,3,-125
1754051471.57046,0,2,-122
1754051471.6084602,3,0,-115
1754051471.64746,9,-4,-114
1754051471.68346,4,1,-116
1754051471.72146,-3,3,-131
1754051471.76046,3,2,-122
1754051471.79846,2,-4,-117
1754051471.83646,0,0,-117
1754051471.87246,-1,-3,-119
1754051471.91046,2,1,-119
1754051471.94846,4,5,-132
1754051471.98746,2,2,-125
1754051472.02346,0,-2,-133
1754051472.06146,2,5,-123
1754051472.09946,5,0,-118
1754051472.1384602,2,0,-119
1754051472.17646,-7,2,-129
1754051472.21246,0,-1,-123
1754051472.24946,1,3,-131
1754051472.28846,4,1,-127
1754051472.32646,0,-1,-119
1754051472.36246,3,0,-119
1754051472.39946,2,-1,-121
1754051472.43846,0,-3,-114
1754051472.47646,-6,-9,-119
1754051472.51246,-3,-8,-117
1754051472.55046,-3,-5,-113
1754051472.5884602,-5,2,-109
1754051472.62746,0,0,-115
1754051472.66346,1,3,-106
1754051472.70146,-4,1,-116
1754051472.73846,0,7,-122
1754051472.77746,4,1,-127
1754051472.81346,7,2,-120
1754051472.85046,3,4,-114
1754051472.8884602,5,2,-112
1754051472.9274602,5,1,-119
1754051472.9634602,1,0,-115
1754051473.00046,8,1,-116
1754051473.03846,11,-2,-122
1754051473.07746,-1,-5,-122
1754051473.11346,-5,-3,-117
1754051473.1514602,-4,0,-124
1754051473.18946,-5,-5,-128
1754051473.22846,-4,4,-115
1754051473.26446,5,7,-115
1754051473.30146,8,4,-118
1754051473.34046,0,2,-111
1754051473.3784602,2,2,-112
1754051473.4144602,2,-4,-119
1754051473.45246,0,0,-132
1754051473.4904602,0,-3,-121
1754051473.52846,2,0,-120
1754051473.56746,-4,-4,-120
1754051473.60346,-1,2,-136
1754051473.6414602,-1,0,-116
1754051473.67946,0,1,-113
1754051473.71846,1,-3,-119
1754051473.75446,-5,-3,-120
1754051473.7924602,-5,-4,-130
1754051473.83046,0,2,-129
1754051473.86946,0,0,-122
1754051473.9074602,2,2,-114
1754051473.94346,0,0,-115
1754051473.98246,0,-4,-115
1754051474.0194602,-11,-3,-124
1754051474.05846,1,-3,-120
1754051474.09446,10,-8,-126
1754051474.13246,4,0,-111
1754051474.17046,7,-5,-123
1754051474.20946,2,-3,-118
1754051474.24746,-2,-2,-114
1754051474.28346,0,-1,-119
1754051474.32146,-1,8,-120
1754051474.35946,0,2,-130
1754051474.39846,-2,1,-135
1754051474.4344602,-1,0,-120
1754051474.47246,-4,0,-128
1754051474.51046,-2,-3,-123
1754051474.5494602,4,0,-118
1754051474.58746,0,-4,-117
1754051474.62346,-4,0,-117
1754051474.66246,0,2,-127
1754051474.69946,1,2,-127
1754051474.73846,4,-7,-125
1754051474.77446,0,-3,-123
1754051474.8124602,5,-3,-120
1754051474.85046,1,2,-120
1754051474.88946,3,5,-135
1754051474.9274602,6,4,-123
1754051474.9634602,-1,0,-126
1754051475.00146,4,2,-126
1754051475.04046,2,4,-115
1754051475.07946,6,3,-114
1754051475.1154602,7,-7,-111
1754051475.15346,-2,-1,-119
1754051475.19146,0,0,-115
1754051475.22946,-1,4,-114
1754051475.26846,-2,0,-119
1754051475.30446,3,3,-121
1754051475.34146,0,3,-121
1754051475.37946,0,-3,-131
1754051475.41846,1,-1,-122
1754051475.45446,0,-5,-120
1754051475.49246,-1,-1,-116
1754051475.53046,3,-7,-122
1754051475.5694602,11,3,-121
1754051475.6054602,3,6,-128
1754051475.64246,6,1,-117
1754051475.68046,3,4,-124
1754051475.71946,3,-2,-127
1754051475.75546,1,-5,-116
1754051475.79446,2,-1,-113
1754051475.83146,-1,-4,-116
1754051475.87046,3,6,-122
1754051475.90846,-1,-2,-121
1754051475.9444602,0,-2,-123
1754051475.98246,0,-3,-119
1754051476.02046,3,1,-122
1754051476.0594602,-1,1,-116
1754051476.0954602,2,0,-114
1754051476.13246,-7,3,-122
1754051476.17046,2,2,-114
1754051476.20946,0,-4,-120
1754051476.24546,-2,-3,-119
1754051476.28346,-1,-7,-129
1754051476.32146,3,-7,-116
1754051476.36046,6,-4,-124
1754051476.39846,6,-2,-121
1754051476.4344602,4,0,-115
1754051476.47246,-1,-2,-102
1754051476.51046,10,7,-118
1754051476.5494602,3,-2,-113
1754051476.5854602,5,-4,-126
1754051476.62346,2,-6,-135
1754051476.6614602,0,-4,-130
1754051476.7004602,0,4,-111
1754051476.73846,0,2,-97
1754051476.77446,2,7,-110
1754051476.8124602,4,3,-114
1754051476.85046,0,2,-119
1754051476.8884602,2,-6,-129
1754051476.9244602,-2,0,-123
1754051476.96246,-2,-1,-127
1754051477.00046,0,0,-121
1754051477.0394602,1,-7,-111
1754051477.0754602,6,0,-118
1754051477.11246,14,1,-122
1754051477.15046,5,-1,-127
1754051477.18946,4,-2,-130
1754051477.22546,1,1,-124
1754051477.26246,6,-6,-130
1754051477.30046,2,-8,-125
1754051477.33946,0,-4,-118
1754051477.37546,-6,0,-118
1754051477.4214602,5,0,-122
1754051477.45946,0,0,-119
1754051477.49546,-3,2,-120
1754051477.53346,-3,2,-123
1754051477.57146,6,0,-122
1754051477.61046,6,-4,-123
1754051477.64646,1,-8,-132
1754051477.6844602,-1,-2,-128
1754051477.72246,-3,-1,-119
1754051477.76046,0,-2,-112
1754051477.7994602,1,0,-116
1754051477.8354602,2,0,-131
1754051477.87246,5,-1,-116
1754051477.91046,7,0,-107
1754051477.94946,3,0,-120
1754051477.98546,1,0,-118
1754051478.02246,-1,0,-131
1754051478.06146,4,3,-122
1754051478.09946,-5,0,-113
1754051478.13546,4,0,-118
1754051478.17346,1,2,-129
1754051478.21146,-1,-3,-129
1754051478.24946,9,-3,-122
1754051478.28546,4,-5,-128
1754051478.32346,1,-2,-133
1754051478.36246,0,-1,-120
1754051478.40046,3,-1,-118
1754051478.43646,5,-2,-117
1754051478.47446,-5,0,-126
1754051478.51246,-3,0,-123
1754051478.55146,0,0,-134
1754051478.58946,7,2,-126
1754051478.62546,10,-1,-121
1754051478.66346,0,-6,-126
1754051478.70146,0,-4,-118
1754051478.7404602,0,-7,-124
1754051478.77746,5,-4,-117
1754051478.81446,-4,3,-127
1754051478.85246,0,-2,-118
1754051478.8914602,2,-1,-123
1754051478.92946,0,2,-123
1754051478.96546,-7,3,-115
1754051479.0034602,-8,-2,-117
1754051479.04146,-3,-6,-124
1754051479.08046,-4,0,-105
1754051479.11646,0,0,-115
1754051479.15346,-2,-1,-117
1754051479.19146,1,0,-121
1754051479.2304602,-2,-4,-106
1754051479.2664602,0,0,-106
1754051479.30346,7,-1,-120
1754051479.34146,-5,-2,-120
1754051479.38046,0,-3,-125
1754051479.41646,1,8,-125
1754051479.45346,0,-1,-115
1754051479.49146,1,1,-117
1754051479.53046,6,-10,-117
1754051479.56646,5,-7,-120
1754051479.60446,3,-7,-121
1754051479.64246,6,-2,-121
1754051479.68146,5,-2,-113
1754051479.7174602,0,-4,-128
1754051479.75546,2,-4,-127
1754051479.79346,-2,-4,-131
1754051479.83146,3,-5,-115
1754051479.87046,11,1,-117
1754051479.90646,6,-1,-117
1754051479.94546,8,1,-118
1754051479.98246,2,0,-120
1754051480.02146,0,3,-110
1754051480.05746,2,-3,-113
1754051480.0954602,-2,0,-124
1754051480.13346,-2,3,-114
1754051480.17246,0,-1,-116
1754051480.2104602,2,0,-124
1754051480.2464602,1,3,-126
1754051480.28346,2,1,-116
1754051480.3224602,10,-2,-125
1754051480.36046,1,-5,-115
1754051480.39646,2,-4,-117
1754051480.4344602,-2,-2,-113
1754051480.47246,3,-1,-114
1754051480.51146,-2,-1,-117
1754051480.54746,0,0,-110
1754051480.58446,12,-6,-119
1754051480.62246,9,-11,-120
1754051480.6614602,4,-5,-124
1754051480.6974602,0,-10,-139
1754051480.7364602,2,-3,-133
1754051480.77346,-1,-2,-117
1754051480.8124602,1,0,-125
1754051480.85046,1,0,-124
1754051480.88646,-2,0,-124
1754051480.9244602,-1,-7,-119
1754051480.96246,-1,-4,-133
1754051481.00146,-1,-3,-124
1754051481.03746,-9,-3,-123
1754051481.0754602,2,1,-116
1754051481.11346,1,-8,-115
1754051481.15246,7,2,-122
1754051481.1904602,11,0,-119
1754051481.22646,0,0,-125
1754051481.2634602,3,1,-122
1754051481.3024602,5,0,-114
1754051481.3384602,1,0,-125
1754051481.37546,2,0,-124
1754051481.41346,7,0,-122
1754051481.45246,6,3,-116
1754051481.48846,-1,3,-121
1754051481.5264602,6,4,-116
1754051481.56446,8,-1,-117
1754051481.60246,4,-4,-117
1754051481.6414602,1,0,-109
1754051481.6774602,3,-5,-114
1754051481.71546,7,0,-123
1754051481.7534602,-2,-9,-128
1754051481.7924602,1,-8,-118
1754051481.82846,-2,-2,-118
1754051481.86646,-3,-2,-118
1754051481.90546,0,-3,-121
1754051481.94246,3,0,-126
1754051481.98146,-2,-5,-134
1754051482.01746,0,0,-133
1754051482.05446,2,0,-122
1754051482.0924602,0,-7,-117
1754051482.1314602,-1,-1,-125
1754051482.1674602,5,-5,-138
1754051482.20546,7,-1,-126
1754051482.24446,2,6,-116
1754051482.2824602,-5,-1,-131
1754051482.31846,2,0,-127
1754051482.3554602,3,-7,-124
1754051482.3944602,3,-2,-115
1754051482.43246,-6,-2,-128
1754051482.46846,4,-7,-127
1754051482.5064602,-2,-5,-119
1754051482.54446,0,-2,-111
1754051482.58346,6,3,-114
1754051482.6214602,2,-8,-115
1754051482.6574602,0,-3,-115
1754051482.69546,0,3,-118
1754051482.7334602,1,0,-128
1754051482.77246,-7,-3,-128
1754051482.80846,-3,-8,-132
1754051482.84746,1,-7,-126
1754051482.88546,5,-4,-115
1754051482.92346,5,1,-121
1754051482.96146,0,2,-130
1754051482.99746,2,-2,-117
1754051483.03546,3,0,-114
1754051483.07346,0,-1,-124
1754051483.11246,-2,-3,-124
1754051483.14846,1,-5,-125
1754051483.18646,6,-5,-126
1754051483.22446,-2,1,-119
1754051483.2634602,-3,-7,-124
1754051483.2994602,-7,-4,-125
1754051483.3384602,1,-3,-122
1754051483.37546,-4,-8,-125
1754051483.41346,0,-3,-125
1754051483.45246,0,0,-118
1754051483.48846,1,-2,-107
1754051483.5264602,-3,-2,-123
1754051483.56446,0,-3,-107
1754051483.60346,2,-2,-119
1754051483.63946,-1,1,-128
1754051483.6774602,4,-5,-122
1754051483.71546,3,-5,-116
1754051483.7534602,2,-7,-105
1754051483.7924602,-1,-4,-114
1754051483.82846,0,0,-121
1754051483.86646,1,-13,-119
1754051483.9044602,0,-7,-119
1754051483.94346,-1,-6,-117
1754051483.97946,0,0,-130
1754051484.0164602,6,0,-136
1754051484.05446,4,-2,-124
1754051484.09346,1,3,-108
1754051484.12946,5,-7,-110
1754051484.1674602,8,-1,-115
1754051484.20546,7,-1,-119
1754051484.24446,-2,-1,-120
1754051484.2824602,2,-1,-118
1754051484.31846,5,0,-122
1754051484.3554602,3,-11,-119
1754051484.3944602,-2,1,-123
1754051484.43246,-5,0,-129
1754051484.46846,-3,-3,-122
1754051484.5064602,0,2,-125
1754051484.54446,6,0,-117
1754051484.58346,3,-1,-116
1754051484.61946,0,-5,-122
1754051484.6574602,-2,-3,-122
1754051484.69546,1,-4,-113
1754051484.73446,-5,4,-120
1754051484.77246,0,0,-135
1754051484.80846,11,-1,-125
1754051484.84646,4,-3,-107
1754051484.8844602,-5,0,-122
1754051484.92346,-1,7,-122
1754051484.95946,1,5,-118
1754051484.9964602,-3,-3,-122
1754051485.03446,-4,1,-121
1754051485.07346,7,0,-119
1754051485.10946,2,0,-132
1754051485.14646,5,1,-135
1754051485.1844602,4,-1,-124
1754051485.2234602,-1,-1,-125
1754051485.2594602,1,-4,-124
1754051485.29746,2,2,-115
1754051485.3354602,-3,-1,-119
1754051485.37446,-3,-4,-124
1754051485.41246,4,-3,-118
1754051485.44846,0,-5,-116
1754051485.48746,0,-8,-117
1754051485.52446,8,-7,-112
1754051485.56346,3,-2,-109
1754051485.59946,4,-2,-116
1754051485.63746,-2,-5,-105
1754051485.67546,0,-1,-114
1754051485.71446,-1,2,-117
1754051485.75046,1,-1,-116
1754051485.78846,0,-5,-114
1754051485.82646,3,-4,-119
1754051485.86446,9,-2,-104
1754051485.90346,6,0,-129
1754051485.93946,2,0,-122
1754051485.97746,1,-3,-117
1754051486.01546,3,-5,-116
1754051486.05446,5,0,-104
1754051486.09046,0,-1,-101
1754051486.12946,-7,-2,-116
1754051486.16646,5,1,-115
1754051486.20446,1,-3,-116
1754051486.2434602,0,-8,-115
1754051486.2794602,-4,0,-122
1754051486.31746,-7,-5,-120
1754051486.3554602,0,1,-129
1754051486.3944602,8,0,-112
1754051486.43046,5,-4,-115
1754051486.46846,0,0,-118
1754051486.50746,9,-6,-117
1754051486.54546,6,-5,-118
1754051486.58346,6,0,-124
1754051486.61946,1,-6,-120
1754051486.65846,0,4,-109
1754051486.69546,-3,2,-112
1754051486.73446,3,-7,-115
1754051486.77046,2,-4,-119
1754051486.80846,2,-3,-118
1754051486.84646,5,-6,-123
1754051486.88546,2,-8,-133
1754051486.92346,8,-6,-129
1754051486.95946,3,0,-122
1754051486.9964602,-1,1,-114
1754051487.03546,6,1,-122
1754051487.07346,7,-2,-129
1754051487.10946,1,-4,-112
1754051487.14746,0,-7,-121
1754051487.18646,5,-2,-124
1754051487.22446,3,-1,-120
1754051487.26046,8,0,-111
1754051487.2994602,3,-4,-121
1754051487.33646,2,0,-121
1754051487.37546,-5,0,-117
1754051487.41346,-8,-1,-120
1754051487.4574602,0,0,-123
1754051487.49546,7,0,-117
1754051487.53446,-1,-2,-125
1754051487.57046,-4,-2,-119
1754051487.6084602,-1,0,-116
1754051487.64646,1,1,-112
1754051487.68546,-1,1,-119
1754051487.72146,-2,-1,-130
1754051487.7594602,5,-7,-131
1754051487.79746,9,-5,-113
1754051487.83646,0,0,-120
1754051487.87446,-5,-2,-127
1754051487.91046,1,-6,-147
1754051487.94946,0,-3,-121
1754051487.9864602,10,0,-114
1754051488.02546,3,6,-120
1754051488.06146,7,-4,-125
1754051488.09946,-3,-2,-109
1754051488.13746,-3,-8,-108
1754051488.17546,2,-4,-109
1754051488.21446,4,-5,-121
1754051488.25046,3,-6,-120
1754051488.28846,6,-5,-118
1754051488.32646,8,6,-116
1754051488.3654602,2,-1,-120
1754051488.4014602,3,-5,-109
1754051488.43946,0,-6,-116
1754051488.47846,7,-2,-118
1754051488.5164602,1,2,-118
1754051488.55446,0,1,-113
1754051488.59046,-2,0,-128
1754051488.6284602,-2,-6,-138
1754051488.66646,0,-5,-129
1754051488.70546,-1,0,-135
1754051488.74146,0,0,-120
1754051488.77846,4,1,-120
1754051488.81646,0,0,-125
1754051488.8554602,3,0,-119
1754051488.8914602,0,1,-124
1754051488.92846,-2,5,-109
1754051488.96646,0,0,-132
1754051489.00546,-2,-4,-126
1754051489.04146,4,-2,-125
1754051489.07946,3,3,-124
1754051489.11746,0,-10,-117
1754051489.15646,-1,-6,-116
1754051489.1944602,6,2,-114
1754051489.2304602,6,-2,-120
1754051489.26846,2,1,-121
1754051489.30746,1,6,-108
1754051489.3454602,-3,4,-111
1754051489.3814602,0,5,-112
1754051489.41846,4,1,-119
1754051489.4574602,2,1,-127
1754051489.49546,-5,0,-120
1754051489.53146,1,0,-113
1754051489.56846,2,-5,-110
1754051489.60746,-4,3,-117
1754051489.64546,-1,1,-131
1754051489.68146,-3,1,-121
1754051489.71946,2,0,-136
1754051489.75746,-3,-1,-126
1754051489.7964602,3,-1,-120
1754051489.8324602,1,-1,-117
1754051489.87046,-3,0,-129
1754051489.90846,1,-5,-127
1754051489.94646,1,-5,-113
1754051489.98546,6,0,-115
1754051490.02146,2,2,-123
1754051490.0594602,9,0,-118
1754051490.0984602,5,2,-133
1754051490.13646,3,0,-129
1754051490.17246,1,-2,-119
1754051490.2104602,4,-2,-116
1754051490.24846,8,0,-125
1754051490.2864602,-1,-2,-117
1754051490.3254602,2,-1,-116
1754051490.3614602,-3,-1,-123
1754051490.39946,-2,-3,-124
1754051490.4374602,-11,-8,-114
1754051490.47646,-5,0,-117
1754051490.51246,-1,-5,-111
1754051490.55046,1,2,-111
1754051490.5884602,0,-4,-113
1754051490.62746,1,3,-122
1754051490.66546,2,1,-124
1754051490.70146,8,-2,-127
1754051490.73946,0,-5,-114
1754051490.77746,-4,-2,-121
1754051490.81646,0,1,-121
1754051490.85246,9,0,-128
1754051490.88946,-3,0,-121
1754051490.9274602,-2,-2,-118
1754051490.96646,-5,3,-115
1754051491.00246,-9,1,-118
1754051491.04046,10,-2,-111
1754051491.07846,7,-3,-113
1754051491.11746,5,-7,-118
1754051491.15546,-2,-2,-128
1754051491.19146,-4,-3,-132
1754051491.22946,-2,-11,-133
1754051491.26746,0,-6,-116
1754051491.30646,0,-2,-116
1754051491.3424602,0,0,-115
1754051491.38046,1,-3,-112
1754051491.4174602,4,5,-119
1754051491.45646,1,1,-111
1754051491.49246,0,2,-120
1754051491.5294602,3,-6,-124
1754051491.56746,1,-3,-118
1754051491.60646,10,0,-119
1754051491.64246,16,-2,-123
1754051491.68046,0,2,-121
1754051491.71846,0,3,-117
1754051491.75746,0,4,-123
1754051491.79346,-1,1,-131
1754051491.83146,-6,-1,-120
1754051491.86946,-5,-6,-112
1754051491.9074602,1,-5,-114
1754051491.94646,-2,-4,-116
1754051491.9834602,-1,-2,-117
1754051492.02046,0,-1,-109
1754051492.05846,-1,-5,-108
1754051492.09746,0,-9,-112
1754051492.13346,4,-2,-118
1754051492.1714602,5,0,-116
1754051492.20946,1,2,-109
1754051492.24746,3,-5,-114
1754051492.2864602,0,-9,-113
1754051492.3224602,2,-1,-120
1754051492.36046,8,0,-125
1754051492.39846,3,-3,-120
1754051492.4374602,0,-1,-124
1754051492.4734602,7,1,-119
1754051492.51046,3,3,-117
1754051492.54846,3,1,-130
1754051492.58746,0,-2,-121
1754051492.62346,-7,-1,-121
1754051492.6614602,-2,-2,-123
1754051492.69946,3,-4,-115
1754051492.73846,1,1,-128
1754051492.7764602,0,-5,-120
1754051492.8124602,0,-2,-114
1754051492.85046,1,-7,-126
1754051492.88946,-6,-5,-120
1754051492.9274602,-4,0,-121
1754051492.9634602,2,0,-128
1754051493.00046,0,0,-114
1754051493.0394602,-2,5,-123
1754051493.07746,-5,-4,-127
1754051493.11346,-4,-3,-125
1754051493.1514602,1,4,-124
1754051493.18946,-8,-4,-120
1754051493.22846,-3,-7,-117
1754051493.2664602,1,-3,-119
1754051493.3024602,0,1,-117
1754051493.33946,5,1,-119
1754051493.3784602,-2,0,-118
1754051493.41646,-1,0,-120
1754051493.45246,-2,2,-114
1754051493.4904602,3,-3,-123
1754051493.52846,4,-2,-127
1754051493.56746,0,1,-130
1754051493.60346,6,-6,-130
1754051493.64246,6,0,-127
1754051493.68046,7,0,-118
1754051493.71846,5,-7,-129
1754051493.75446,3,-5,-117
1754051493.7924602,1,-5,-111
1754051493.83046,0,1,-117
1754051493.8684602,7,0,-128
1754051493.9074602,6,1,-127
1754051493.94346,5,1,-118
1754051493.9804602,-2,-1,-111
1754051494.01846,-6,0,-105
1754051494.05746,0,3,-112
1754051494.09346,-3,2,-115
1754051494.1314602,3,-5,-122
1754051494.16946,-6,0,-130
1754051494.20846,-6,-4,-113
1754051494.24446,-4,-7,-120
1754051494.2824602,0,-6,-123
1754051494.32046,0,2,-121
1754051494.3584602,4,0,-126
1754051494.39746,-1,5,-116
1754051494.43346,1,6,-111
1754051494.4704602,3,0,-116
1754051494.50846,2,0,-109
1754051494.54746,-1,5,-113
1754051494.58346,-2,-2,-119
1754051494.6214602,2,2,-120
1754051494.65946,3,-8,-118
1754051494.69846,1,-8,-110
1754051494.73446,1,0,-102
1754051494.77146,4,-4,-120
1754051494.8094602,0,-9,-124
1754051494.8484602,-4,-3,-114
1754051494.8844602,-5,-2,-110
1754051494.92246,-1,0,-123
1754051494.9604602,0,3,-132
1754051494.99946,-2,0,-127
1754051495.03746,2,1,-114
1754051495.07346,-1,0,-115
1754051495.11246,1,-6,-122
1754051495.14946,-8,2,-110
1754051495.18846,-8,8,-112
1754051495.22446,2,0,-118
1754051495.26146,8,0,-122
1754051495.2994602,-2,4,-123
1754051495.3384602,-1,-2,-130
1754051495.37446,-1,-1,-129
1754051495.41246,6,6,-120
1754051495.4504602,5,-5,-120
1754051495.48946,1,-8,-111
1754051495.52746,5,-13,-111
1754051495.56346,3,-9,-117
1754051495.60146,2,-3,-116
1754051495.63946,-5,-7,-118
1754051495.67846,1,-1,-104
1754051495.71446,0,4,-121
1754051495.75146,-2,0,-123
1754051495.7894602,1,-3,-121
1754051495.82946,-2,-6,-118
1754051495.8654602,2,-3,-117
1754051495.90346,12,1,-117
1754051495.94146,2,2,-116
1754051495.97946,5,0,-116
1754051496.01846,2,-5,-119
1754051496.05446,0,0,-115
1754051496.09146,2,-2,-127
1754051496.12946,4,-9,-121
1754051496.16846,-2,-5,-118
1754051496.20446,-1,0,-126
1754051496.24246,0,-3,-114
1754051496.28046,10,1,-124
1754051496.3194602,-1,2,-116
1754051496.3554602,-6,1,-130
1754051496.3944602,-9,0,-119
1754051496.43246,-10,-3,-123
1754051496.46946,0,0,-118
1754051496.50846,-5,3,-119
1754051496.54446,-1,9,-112
1754051496.5824602,3,0,-128
1754051496.62046,1,-2,-120
1754051496.65946,6,2,-127
1754051496.69546,5,-5,-123
1754051496.7334602,5,-1,-114
1754051496.77146,7,0,-118
1754051496.81046,3,-1,-115
1754051496.8484602,0,3,-118
1754051496.8844602,3,-3,-110
1754051496.92246,3,0,-117
1754051496.9604602,2,-5,-122
1754051496.99946,2,-4,-117
1754051497.03546,9,-4,-116
1754051497.07346,4,-5,-111
1754051497.1114602,0,-2,-106
1754051497.15046,6,4,-113
1754051497.18846,3,-3,-121
1754051497.22446,5,0,-121
1754051497.26146,0,-5,-116
1754051497.30046,-2,-5,-121
1754051497.3384602,1,-5,-112
1754051497.37446,-2,-5,-110
1754051497.41246,2,0,-114
1754051497.4504602,0,1,-122
1754051497.49546,0,2,-118
1754051497.5324602,-3,3,-120
1754051497.57046,0,-1,-125
1754051497.60946,1,-7,-124
1754051497.64546,-1,-6,-113
1754051497.68346,-9,-2,-127
1754051497.72146,0,0,-116
1754051497.76046,1,1,-122
1754051497.79846,-2,-5,-125
1754051497.83446,-2,0,-117
1754051497.87246,-1,1,-119
1754051497.91046,0,-2,-122
1754051497.94946,2,2,-127
1754051497.98546,3,5,-124
1754051498.02246,-5,6,-136
1754051498.06146,1,-3,-133
1754051498.09946,1,3,-124
1754051498.13546,0,-1,-127
1754051498.1744602,4,-2,-129
1754051498.21146,3,0,-111
1754051498.25046,3,-1,-136
1754051498.2864602,11,0,-123
1754051498.32446,11,-1,-120
1754051498.36246,-1,-3,-119
1754051498.40046,-7,-2,-119
1754051498.43946,-3,-4,-108
1754051498.47546,2,3,-115
1754051498.5134602,0,0,-111
1754051498.55146,2,-3,-116
1754051498.59046,-3,-2,-128
1754051498.62646,0,-9,-124
1754051498.6644602,3,1,-122
1754051498.70346,1,3,-121
1754051498.7404602,0,0,-125
1754051498.7794602,-3,3,-121
1754051498.8154602,-3,4,-112
1754051498.85346,-2,0,-118
1754051498.8914602,1,-2,-123
1754051498.93046,-1,-5,-123
1754051498.96646,2,-5,-126
1754051499.00446,3,-1,-121
1754051499.0424602,-3,0,-131
1754051499.08146,0,0,-130
1754051499.11946,-3,0,-126
1754051499.15546,2,3,-114
1754051499.19246,7,1,-115
1754051499.23146,0,-6,-111
1754051499.2694602,-4,-1,-106
1754051499.30546,-6,0,-116
1754051499.34346,7,4,-116
1754051499.3814602,3,-1,-122
1754051499.42046,9,-1,-110
1754051499.45646,4,-2,-106
1754051499.49446,5,4,-108
1754051499.5324602,0,-2,-115
1754051499.57146,0,0,-124
1754051499.60946,-9,6,-124
1754051499.64546,-1,1,-121
1754051499.68346,-6,0,-115
1754051499.72146,-5,-1,-121
1754051499.76046,-2,2,-130
1754051499.7964602,-5,5,-119
1754051499.83446,-6,3,-118
1754051499.87246,0,-2,-127
1754051499.9114602,4,3,-120
1754051499.9474602,5,0,-119
1754051499.98446,1,1,-130
1754051500.02346,6,1,-125
1754051500.06146,8,-7,-117
1754051500.09746,5,-3,-115
1754051500.13646,0,0,-116
1754051500.17346,2,-1,-115
1754051500.21146,10,-3,-113
1754051500.25046,0,1,-113
1754051500.2864602,0,-4,-122
1754051500.32346,0,3,-124
1754051500.3614602,0,0,-133
1754051500.40046,3,-3,-126
1754051500.43646,0,-8,-124
1754051500.4734602,6,-5,-130
1754051500.51146,-2,-3,-111
1754051500.55046,-2,-7,-119
1754051500.58646,-7,-13,-128
1754051500.62446,-5,-9,-123
1754051500.66246,-3,-9,-112
1754051500.70146,-1,-8,-123
1754051500.73746,0,0,-121
1754051500.77546,-8,3,-125
1754051500.81346,-2,2,-116
1754051500.85246,0,-5,-117
1754051500.89046,-1,-5,-113
1754051500.92646,8,-4,-121
1754051500.96446,5,-2,-134
1754051501.00246,3,-3,-134
1754051501.04146,1,-5,-115
1754051501.07746,3,-10,-120
1754051501.1154602,3,0,-120
1754051501.15346,4,1,-117
1754051501.19246,2,0,-111
1754051501.2304602,3,-1,-107
1754051501.2664602,6,-5,-108
1754051501.30446,-3,5,-112
1754051501.34346,-2,7,-115
1754051501.3814602,0,-1,-118
1754051501.4174602,0,-3,-126
1754051501.45446,-1,-1,-121
1754051501.49246,0,-6,-125
1754051501.53146,1,-5,-130
1754051501.56746,0,-1,-123
1754051501.6054602,3,-4,-114
1754051501.64346,4,0,-123
1754051501.68246,-3,0,-117
1754051501.7204602,-1,0,-116
1754051501.7564602,-2,-3,-124
1754051501.79446,3,-2,-120
1754051501.8324602,-7,1,-127
1754051501.8714602,3,-9,-119
1754051501.9074602,1,-1,-119
1754051501.94546,0,-5,-121
1754051501.9834602,-2,-1,-127
1754051502.02246,0,0,-126
1754051502.05846,1,3,-107
1754051502.0954602,-1,3,-117
1754051502.13346,-1,-3,-116
1754051502.17246,2,0,-124
1754051502.20846,5,-1,-129
1754051502.2464602,0,-5,-124
1754051502.28546,1,-8,-133
1754051502.3224602,2,-2,-129
1754051502.3614602,1,-5,-126
1754051502.39746,-2,-6,-124
1754051502.43546,0,0,-112
1754051502.4734602,0,-4,-115
1754051502.51246,0,0,-114
1754051502.54846,6,0,-119
1754051502.5854602,5,1,-114
1754051502.62346,-3,5,-117
1754051502.66246,4,-1,-120
1754051502.69846,2,-1,-117
1754051502.7364602,2,-5,-117
1754051502.77446,-5,-1,-111
1754051502.81346,0,-2,-114
1754051502.85146,8,-4,-110
1754051502.88746,6,1,-116
1754051502.9244602,5,-1,-121
1754051502.9634602,10,0,-124
1754051503.00146,6,-8,-121
1754051503.03746,9,-3,-120
1754051503.0754602,0,-6,-119
1754051503.11346,4,-1,-121
1754051503.15246,5,3,-130
1754051503.18846,7,2,-126
1754051503.22546,-2,-3,-124
1754051503.2634602,5,-2,-115
1754051503.3024602,3,3,-118
1754051503.3384602,4,0,-114
1754051503.37546,1,-2,-110
1754051503.41346,0,-1,-117
1754051503.45246,2,-1,-121
1754051503.48846,-1,-1,-118
1754051503.5264602,-1,-4,-128
1754051503.56446,-2,9,-123
1754051503.60346,0,6,-117
1754051503.6414602,0,1,-120
1754051503.6774602,0,5,-115
1754051503.71446,1,-3,-124
1754051503.7534602,0,3,-121
1754051503.79146,-5,-4,-114
1754051503.82746,-1,-2,-109
1754051503.86646,0,1,-120
1754051503.90346,-7,0,-125
1754051503.94246,-6,-2,-117
1754051503.97846,1,1,-116
1754051504.0164602,4,-1,-121
1754051504.05346,7,-3,-118
1754051504.0924602,1,1,-118
1754051504.1284602,4,0,-115
1754051504.16546,3,3,-113
1754051504.20346,8,-5,-120
1754051504.24246,9,-2,-121
1754051504.27846,5,-2,-123
1754051504.31646,3,-1,-121
1754051504.35446,6,-5,-124
1754051504.39346,1,-2,-118
1754051504.42946,-4,0,-120
1754051504.4674602,3,0,-121
1754051504.50546,7,2,-112
1754051504.54346,0,-1,-119
1754051504.5824602,1,-4,-110
1754051504.6184602,6,-6,-119
1754051504.65646,4,-4,-124
1754051504.69546,3,-5,-121
1754051504.7334602,2,-4,-110
1754051504.77046,4,-4,-114
1754051504.80746,1,-2,-115
1754051504.8454602,0,-3,-122
1754051504.88346,-2,0,-124
1754051504.92246,0,-1,-120
1754051504.95846,-2,-1,-117
1754051504.9964602,-1,0,-124
1754051505.03446,-4,-5,-128
1754051505.07346,-5,-4,-131
1754051505.10946,-2,-7,-137
1754051505.14746,1,-7,-120
1754051505.18546,-5,-1,-125
1754051505.22446,4,-2,-117
1754051505.26246,2,-7,-121
1754051505.29846,0,1,-115
1754051505.3354602,8,3,-111
1754051505.37446,-2,5,-128
1754051505.41246,-1,2,-123
1754051505.44846,1,-1,-117
1754051505.48746,0,-6,-112
1754051505.52446,-2,-3,-108
1754051505.56346,-3,-5,-104
1754051505.59946,-3,-3,-119
1754051505.63746,8,-6,-116
1754051505.67546,3,-3,-116
1754051505.71446,1,-2,-115
1754051505.75246,-4,0,-103
1754051505.78846,-2,-2,-112
1754051505.82646,-3,4,-128
1754051505.86446,-1,1,-123
1754051505.90346,0,-2,-113
1754051505.93946,7,3,-126
1754051505.97646,10,0,-121
1754051506.01446,7,0,-120
1754051506.05346,5,2,-121
1754051506.08946,9,-2,-125
1754051506.1284602,5,1,-124
1754051506.16546,7,0,-114
1754051506.20446,3,3,-110
1754051506.24246,4,3,-110
1754051506.27846,4,-4,-115
1754051506.31646,-2,2,-117
1754051506.35446,-4,0,-120
1754051506.39346,-1,0,-123
1754051506.42946,-3,5,-126
1754051506.4674602,-2,-3,-124
1754051506.50546,-6,-9,-129
1754051506.54446,-3,5,-124
1754051506.58046,0,2,-126
1754051506.6184602,1,-7,-117
1754051506.65646,-3,-9,-108
1754051506.6944602,3,-1,-121
1754051506.7334602,2,-5,-123
1754051506.7694602,1,-4,-125
1754051506.80746,8,-5,-114
1754051506.8454602,0,1,-120
1754051506.8844602,-4,0,-118
1754051506.92046,-6,-1,-116
1754051506.95846,3,2,-120
1754051506.9964602,5,-9,-124
1754051507.03446,2,3,-122
1754051507.07346,1,4,-120
1754051507.10946,0,1,-116
1754051507.14846,4,0,-123
1754051507.18546,-1,0,-121
1754051507.22446,0,-9,-115
1754051507.26046,-2,4,-107
1754051507.2994602,0,0,-115
1754051507.33646,-5,-1,-124
1754051507.37546,0,0,-125
1754051507.41346,2,3,-122
1754051507.44946,-4,0,-118
1754051507.48746,0,-1,-119
1754051507.53346,-8,-2,-123
1754051507.5694602,3,-7,-117
1754051507.60746,-4,-5,-122
1754051507.64546,0,-1,-110
1754051507.6844602,-2,-3,-117
1754051507.7204602,0,0,-119
1754051507.75746,-4,3,-128
1754051507.79546,0,6,-122
1754051507.83446,-3,4,-121
1754051507.87046,0,2,-113
1754051507.9074602,7,1,-107
1754051507.94546,0,1,-125
1754051507.98446,-3,-6,-114
1754051508.02046,3,-4,-123
1754051508.05846,1,-1,-125
1754051508.09646,-2,-1,-121
1754051508.13546,-2,-1,-115
1754051508.17346,6,-4,-122
1754051508.20946,-1,0,-113
1754051508.2464602,-1,-2,-113
1754051508.28546,0,-3,-113
1754051508.32146,1,0,-116
1754051508.35946,9,-4,-118
1754051508.39746,6,0,-118
1754051508.43546,-5,0,-121
1754051508.47446,-2,2,-128
1754051508.51046,0,1,-118
1754051508.54746,5,0,-123
1754051508.5854602,-3,-4,-119
1754051508.62446,-5,4,-124
1754051508.66046,-5,0,-117
1754051508.6974602,-1,-3,-111
1754051508.7364602,-1,0,-122
1754051508.77446,4,6,-124
1754051508.81046,-1,2,-124
1754051508.84946,0,-1,-122
1754051508.88646,2,-3,-118
1754051508.92546,3,-5,-131
1754051508.96146,-2,0,-130
1754051508.99946,-6,-3,-114
1754051509.0364602,2,-6,-112
1754051509.0754602,4,0,-114
1754051509.1114602,2,-3,-126
1754051509.14946,0,-2,-135
1754051509.1874602,-1,7,-123
1754051509.22646,1,10,-132
1754051509.26446,0,1,-128
1754051509.30046,2,2,-126
1754051509.3384602,-4,0,-121
1754051509.37746,7,3,-132
1754051509.41546,2,0,-123
1754051509.45146,0,-5,-119
1754051509.4904602,3,0,-118
1754051509.52746,7,0,-123
1754051509.56646,5,1,-120
1754051509.60446,-2,-1,-121
1754051509.64046,-3,1,-123
1754051509.67846,1,2,-123
1754051509.71646,4,-4,-117
1754051509.75546,1,2,-105
1754051509.79146,1,12,-116
1754051509.82946,9,-1,-119
1754051509.86746,3,3,-124
1754051509.90646,5,-1,-131
1754051509.9444602,5,0,-127
1754051509.9804602,0,-2,-122
1754051510.01846,-1,-2,-129
1754051510.05646,3,0,-117
1754051510.0954602,6,-1,-115
1754051510.1314602,0,-4,-123
1754051510.16946,-1,-6,-127
1754051510.2074602,13,3,-118
1754051510.2464602,0,8,-120
1754051510.28446,-1,-2,-117
1754051510.32046,-1,-5,-123
1754051510.3584602,0,1,-122
1754051510.39646,2,-5,-120
1754051510.43546,0,-4,-120
1754051510.47146,0,-3,-119
1754051510.50846,-7,1,-121
1754051510.5464602,-2,0,-124
1754051510.5854602,2,-2,-119
1754051510.6214602,0,-1,-118
1754051510.65946,2,-3,-116
1754051510.69846,-3,3,-132
1754051510.7364602,11,2,-137
1754051510.77246,5,-5,-121
1754051510.8094602,6,-8,-108
1754051510.8484602,0,-8,-120
1754051510.88646,10,-8,-121
1754051510.92246,6,-1,-112
1754051510.9604602,0,-8,-111
1754051510.99846,0,-1,-121
1754051511.0364602,5,3,-120
1754051511.0754602,6,7,-127
1754051511.1114602,4,-1,-121
1754051511.14946,3,-1,-122
1754051511.1874602,0,0,-124
1754051511.22646,3,4,-113
1754051511.26246,0,3,-121
1754051511.30046,-6,-1,-115
1754051511.33946,-1,-2,-120
1754051511.37746,0,0,-117
1754051511.41546,3,-4,-117
1754051511.45146,2,-3,-130
1754051511.48946,-2,0,-118
1754051511.52746,2,-3,-119
1754051511.56646,3,4,-116
1754051511.60246,9,-2,-118
1754051511.64046,5,-6,-119
1754051511.67846,-5,-3,-122
1754051511.7174602,-7,-5,-118
1754051511.75546,0,-6,-123
1754051511.79146,-1,-1,-112
1754051511.82946,1,4,-122
1754051511.8684602,-8,9,-123
1754051511.90646,-3,-2,-112
1754051511.94246,-1,-8,-113
1754051511.98146,-10,-5,-121
1754051512.01846,-1,2,-131
1754051512.05746,4,1,-124
1754051512.0954602,1,-5,-108
1754051512.1314602,-2,1,-109
1754051512.16946,8,0,-117
1754051512.2074602,13,0,-125
1754051512.2464602,8,1,-119
1754051512.2824602,9,0,-129
1754051512.3194602,3,-4,-121
1754051512.35746,0,-3,-122
1754051512.39646,0,-6,-123
1754051512.43246,-2,-2,-129
1754051512.4704602,-5,-5,-123
1754051512.50846,6,-4,-124
1754051512.54746,-2,8,-124
1754051512.58346,2,4,-113
1754051512.62046,1,1,-118
1754051512.65846,4,-1,-127
1754051512.6974602,-2,-6,-127
1754051512.7334602,-7,-3,-122
1754051512.77246,-1,1,-121
1754051512.8094602,-2,3,-128
1754051512.84746,-2,3,-127
1754051512.88646,0,-4,-113
1754051512.92246,0,-3,-104
1754051512.9604602,0,0,-123
1754051512.99846,3,-1,-118
1754051513.03746,4,0,-116
1754051513.07346,0,0,-118
1754051513.11046,0,0,-124
1754051513.14846,1,0,-116
1754051513.1874602,0,0,-109
1754051513.22446,0,0,-105
1754051513.26146,4,-9,-124
1754051513.2994602,2,1,-123
1754051513.3384602,-7,-1,-123
1754051513.37646,1,-4,-122
1754051513.41246,1,-10,-121
1754051513.4504602,0,-9,-125
1754051513.48846,2,-4,-121
1754051513.52746,0,1,-128
1754051513.56346,-4,0,-117
1754051513.60146,-4,1,-120
1754051513.63946,-5,3,-111
1754051513.67846,2,1,-116
1754051513.71646,-4,-3,-117
1754051513.75246,-6,-1,-118
1754051513.79146,-4,0,-127
1754051513.82846,-2,-1,-121
1754051513.86746,-6,0,-126
1754051513.90346,-2,-1,-122
1754051513.94146,1,-2,-120
1754051513.9804602,3,-3,-115
1754051514.01846,2,-6,-119
1754051514.05646,-5,-3,-113
1754051514.0924602,2,-2,-118
1754051514.13046,5,0,-131
1754051514.16846,0,0,-118
1754051514.2074602,-2,-1,-121
1754051514.2434602,-2,-7,-122
1754051514.28146,8,-8,-118
1754051514.32046,11,-3,-127
1754051514.3584602,0,-3,-125
1754051514.39646,-1,-3,-124
1754051514.43246,0,-5,-123
1754051514.47146,2,-3,-124
1754051514.50846,5,-3,-125
1754051514.54746,0,-4,-127
1754051514.58346,0,-9,-127
1754051514.6214602,-3,-8,-118
1754051514.65946,0,0,-115
1754051514.69846,-5,-2,-118
1754051514.73446,4,-4,-110
1754051514.77246,1,-6,-104
1754051514.81046,5,-10,-109
1754051514.8484602,1,-4,-109
1754051514.88746,1,0,-114
1754051514.92346,0,-5,-117
1754051514.96146,2,0,-127
1754051515.00046,0,-3,-120
1754051515.03846,-3,-4,-117
1754051515.07446,0,-2,-119
1754051515.11346,5,0,-118
1754051515.15046,0,-5,-109
1754051515.18846,-6,-4,-121
1754051515.22746,0,-1,-126
1754051515.2634602,5,1,-125
1754051515.30046,-4,-2,-106
1754051515.3384602,2,-2,-114
1754051515.37746,2,2,-109
1754051515.41346,7,0,-123
1754051515.4504602,1,-9,-112
1754051515.48946,-3,-3,-125
1754051515.52746,2,-10,-113
1754051515.56346,5,-6,-119
1754051515.60146,3,-6,-128
1754051515.63946,1,-6,-129
1754051515.67846,2,0,-116
1754051515.71446,2,-2,-115
1754051515.75246,6,-2,-123
1754051515.79146,3,0,-119
1754051515.82946,-2,-8,-119
1754051515.86746,2,-1,-117
1754051515.90346,7,1,-133
1754051515.94146,7,-5,-114
1754051515.97946,0,-6,-123
1754051516.01846,-2,-2,-120
1754051516.05446,3,-3,-123
1754051516.09146,2,1,-132
1754051516.12946,4,-3,-116
1754051516.16846,0,-5,-118
1754051516.20446,-6,0,-117
1754051516.24246,-1,-5,-121
1754051516.28046,-5,-10,-124
1754051516.3194602,-3,-6,-129
1754051516.35746,-3,-3,-115
1754051516.39346,-1,-6,-130
1754051516.43146,-1,-10,-125
1754051516.46946,-2,-2,-134
1754051516.50846,-2,6,-122
1754051516.54446,6,1,-120
1754051516.58146,7,0,-113
1754051516.61946,-1,-5,-124
1754051516.65846,-2,-3,-124
1754051516.6944602,-3,-3,-120
1754051516.7334602,0,0,-119
1754051516.77046,0,-3,-126
1754051516.8094602,6,-5,-111
1754051516.8454602,0,1,-120
1754051516.88346,10,-5,-121
1754051516.9214602,5,-4,-125
1754051516.95946,3,-3,-122
1754051516.99846,0,-2,-121
1754051517.03446,0,-4,-127
1754051517.0724602,0,-2,-120
1754051517.11046,-4,-1,-126
1754051517.14946,-2,-3,-112
1754051517.18546,3,-5,-121
1754051517.2234602,-2,0,-131
1754051517.26146,-1,1,-122
1754051517.2994602,-2,7,-126
1754051517.3384602,2,1,-128
1754051517.37446,2,-5,-127
1754051517.41246,1,-5,-125
1754051517.4504602,3,-1,-129
1754051517.48946,3,4,-124
1754051517.5324602,2,-5,-122
1754051517.57146,4,-7,-115
1754051517.60946,2,-4,-121
1754051517.64546,7,-9,-123
1754051517.68346,-3,0,-118
1754051517.72146,3,-6,-114
1754051517.76046,8,-5,-113
1754051517.79846,4,-11,-118
1754051517.83446,4,-4,-123
1754051517.87246,2,-2,-114
1754051517.91046,2,-8,-129
1754051517.94946,3,-8,-128
1754051517.98546,0,-2,-123
1754051518.02346,0,-8,-125
1754051518.0624602,-6,-4,-127
1754051518.10046,-1,1,-128
1754051518.1384602,0,-3,-124
1754051518.1744602,1,-6,-118
1754051518.21146,-1,-1,-111
1754051518.25046,1,-6,-120
1754051518.28846,5,-10,-120
1754051518.32446,0,-7,-124
1754051518.3614602,-3,4,-120
1754051518.40046,0,-2,-117
1754051518.43846,0,-4,-119
1754051518.47446,-3,0,-129
1754051518.51246,0,0,-115
1754051518.55046,3,-3,-122
1754051518.5884602,8,-3,-123
1754051518.62446,11,-1,-120
1754051518.66246,-5,-4,-121
1754051518.7004602,5,-6,-112
1754051518.73946,5,-1,-117
1754051518.77546,6,-10,-125
1754051518.81346,7,-4,-124
1754051518.85146,8,-7,-125
1754051518.89046,2,-5,-119
1754051518.92646,-3,-6,-123
1754051518.96446,1,-8,-125
1754051519.0034602,0,-2,-112
1754051519.04046,5,-4,-110
1754051519.07946,0,0,-113
1754051519.1154602,0,-9,-121
1754051519.15346,-2,-7,-124
1754051519.19146,-4,-1,-129
1754051519.2304602,1,-10,-128
1754051519.2664602,0,2,-127
1754051519.30346,-1,-5,-118
1754051519.34146,1,0,-129
1754051519.38046,-3,-2,-128
1754051519.41646,-2,-2,-118
1754051519.45446,-8,-5,-117
1754051519.49246,1,1,-116
1754051519.53146,6,-2,-121
1754051519.5694602,5,-2,-127
1754051519.6054602,2,-6,-124
1754051519.64346,1,-6,-127
1754051519.68246,4,-8,-131
1754051519.7204602,0,-5,-124
1754051519.7564602,-2,-4,-130
1754051519.79546,3,0,-124
1754051519.8324602,6,0,-124
1754051519.8714602,2,-1,-115
1754051519.90946,-4,-5,-113
1754051519.94546,1,-6,-122
1754051519.9834602,4,-6,-118
1754051520.02146,6,-15,-123
1754051520.06046,10,0,-131
1754051520.09646,4,0,-125
1754051520.13346,3,-5,-114
1754051520.1714602,6,-1,-118
1754051520.2104602,1,-7,-132
1754051520.2464602,3,-3,-124
1754051520.28446,-1,-5,-116
1754051520.32346,0,1,-126
1754051520.3614602,2,0,-112
1754051520.39946,-3,-3,-126
1754051520.43546,-5,-1,-130
1754051520.4734602,7,-1,-136
1754051520.51146,-3,-5,-111
1754051520.55046,0,-1,-128
1754051520.58646,-2,5,-127
1754051520.62446,2,7,-120
1754051520.66246,10,-8,-118
1754051520.70146,6,-11,-112
1754051520.73946,7,1,-122
1754051520.77546,0,-2,-124
1754051520.81446,-1,5,-125
1754051520.85146,0,6,-121
1754051520.89046,4,-1,-118
1754051520.92646,3,-3,-123
1754051520.96446,0,6,-124
1754051521.00246,-5,0,-121
1754051521.04146,0,-9,-115
1754051521.07846,4,-7,-119
1754051521.1154602,2,-1,-117
1754051521.15346,0,0,-133
1754051521.19146,-6,0,-122
1754051521.2304602,6,7,-126
1754051521.2664602,4,2,-126
1754051521.30446,1,0,-123
1754051521.3424602,0,0,-118
1754051521.3814602,-6,-3,-122
1754051521.4174602,-6,2,-115
1754051521.45446,-2,2,-119
1754051521.49246,-2,-1,-126
1754051521.53146,-4,-5,-126
1754051521.56746,-2,-3,-127
1754051521.6054602,0,0,-118
1754051521.6444602,9,-1,-114
1754051521.68246,4,-3,-117
1754051521.7204602,0,-8,-120
1754051521.7564602,-4,-7,-125
1754051521.79446,0,-2,-116
1754051521.8324602,-8,-7,-122
1754051521.8714602,2,-5,-122
1754051521.9074602,4,-6,-112
1754051521.94546,2,-1,-123
1754051521.9834602,-4,4,-107
1754051522.02246,-4,-2,-123
1754051522.06046,-3,-7,-110
1754051522.09646,-4,-7,-114
1754051522.1344602,-1,-1,-127
1754051522.17246,4,-7,-125
1754051522.21146,4,0,-118
1754051522.24746,5,0,-124
1754051522.28446,4,-4,-130
1754051522.3224602,0,-3,-129
1754051522.3614602,1,-5,-122
1754051522.39746,-5,-5,-120
1754051522.43546,-4,0,-125
1754051522.4734602,0,-6,-110
1754051522.51246,3,-2,-118
1754051522.55046,-5,-10,-129
1754051522.58646,-4,-6,-118
1754051522.62446,5,-1,-117
1754051522.66246,6,2,-108
1754051522.70146,3,3,-122
1754051522.73746,5,-1,-125
1754051522.77546,4,-2,-120
1754051522.81446,7,-12,-122
1754051522.85246,0,-4,-118
1754051522.8884602,-2,-2,-119
1754051522.9274602,5,1,-117
1754051522.96546,1,0,-119
1754051523.0034602,0,-2,-115
1754051523.0424602,-3,4,-115
1754051523.07846,2,3,-120
1754051523.1154602,-2,-5,-111
1754051523.15346,0,-4,-114
1754051523.19246,-7,-5,-124
1754051523.22846,-3,-1,-128
1754051523.26746,1,0,-129
1754051523.30446,1,-5,-123
1754051523.3424602,-2,0,-119
1754051523.3814602,3,3,-119
1754051523.4174602,3,0,-120
1754051523.45546,6,-1,-122
1754051523.49246,2,-1,-128
1754051523.53146,3,-12,-124
1754051523.56746,3,-11,-115
1754051523.6054602,5,-14,-115
1754051523.64346,6,-5,-116
1754051523.68246,2,1,-114
1754051523.71846,0,-3,-111
1754051523.7564602,-5,-1,-111
1754051523.79446,2,-4,-121
1754051523.83346,0,-1,-115
1754051523.8714602,0,0,-114
1754051523.9074602,3,0,-122
1754051523.9444602,5,0,-119
1754051523.9834602,0,0,-114
1754051524.02146,0,0,-115
1754051524.05746,-2,0,-119
1754051524.0954602,9,-9,-115
1754051524.13346,0,-5,-119
1754051524.17246,7,-2,-121
1754051524.20846,0,2,-124
1754051524.24746,6,0,-115
1754051524.28446,2,-7,-119
1754051524.32346,0,-10,-121
1754051524.3614602,-4,-8,-124
1754051524.39746,0,-5,-117
1754051524.43546,-5,-8,-119
1754051524.4734602,-3,-10,-112
1754051524.51246,2,-7,-114
1754051524.54846,6,-4,-119
1754051524.58646,-5,3,-117
1754051524.62446,-5,0,-134
1754051524.66346,1,-4,-119
1754051524.70146,1,0,-123
1754051524.73746,9,0,-124
1754051524.77446,-7,-2,-122
1754051524.81346,-9,-2,-123
1754051524.84946,0,0,-130
1754051524.88646,0,-1,-127
1754051524.9244602,2,-2,-126
1754051524.9634602,7,-7,-128
1754051524.99946,4,-5,-123
1754051525.03746,6,-2,-138
1754051525.0754602,1,-3,-127
1754051525.11346,6,-11,-124
1754051525.15246,0,-7,-121
1754051525.18846,-8,-8,-113
1754051525.22646,0,-12,-126
1754051525.26446,0,-4,-132
1754051525.30346,0,-4,-121
1754051525.33946,2,-5,-116
1754051525.37746,0,2,-124
1754051525.41546,-4,0,-117
1754051525.45346,8,-3,-118
1754051525.49246,0,-3,-129
1754051525.5294602,0,0,-123
1754051525.56646,-4,-1,-120
1754051525.60446,-1,1,-112
1754051525.64346,-1,0,-110
1754051525.67946,-7,4,-112
1754051525.7174602,-6,0,-124
1754051525.75546,-3,0,-122
1754051525.79446,2,-3,-119
1754051525.8324602,-5,-2,-111
1754051525.8684602,-4,-4,-120
1754051525.90646,-1,-4,-123
1754051525.9444602,6,-12,-124
1754051525.9834602,-2,-1,-120
1754051526.0194602,0,0,-112
1754051526.05846,1,0,-117
1754051526.0954602,-1,6,-112
1754051526.1344602,-4,-3,-113
1754051526.17246,4,0,-122
1754051526.20846,3,5,-120
1754051526.24546,-3,0,-123
1754051526.28446,-10,4,-123
1754051526.3224602,1,-4,-114
1754051526.3584602,0,-1,-119
1754051526.39646,5,-4,-128
1754051526.4344602,7,0,-118
1754051526.4734602,-2,2,-128
1754051526.5094602,-1,-3,-121
1754051526.54746,2,3,-133
1754051526.5854602,7,-1,-130
1754051526.62446,-2,-1,-116
1754051526.66246,0,0,-119
1754051526.69946,6,1,-125
1754051526.7364602,1,0,-125
1754051526.77446,-3,0,-135
1754051526.81346,5,-1,-124
1754051526.84946,5,0,-114
1754051526.88646,1,-3,-111
1754051526.9244602,-6,1,-116
1754051526.9634602,7,0,-124
1754051526.99946,7,-4,-127
1754051527.03746,-2,-8,-127
1754051527.07646,7,-3,-121
1754051527.11446,0,0,-117
1754051527.15046,2,-2,-120
1754051527.18846,0,0,-126
1754051527.22646,0,3,-126
1754051527.26446,2,0,-119
1754051527.30346,-3,-4,-127
1754051527.33946,6,-6,-128
1754051527.37746,7,-4,-122
1754051527.41546,2,2,-118
1754051527.45446,3,-2,-117
1754051527.4904602,1,0,-114
1754051527.5364602,-3,0,-120
1754051527.57446,-2,-1,-117
1754051527.61046,0,-4,-121
1754051527.64746,4,-2,-119
1754051527.68546,7,-6,-113
1754051527.72446,6,-7,-113
1754051527.76046,1,0,-113
1754051527.79846,0,2,-118
1754051527.8354602,-4,0,-118
1754051527.87446,0,-1,-126
1754051527.91046,-1,-1,-122
1754051527.94846,1,-2,-111
1754051527.98746,2,-1,-105
1754051528.02546,7,2,-115
1754051528.06346,9,-4,-114
1754051528.09946,1,0,-112
1754051528.13746,-2,-7,-117
1754051528.17546,0,-3,-120
1754051528.21446,2,0,-129
1754051528.25046,10,0,-126
1754051528.28746,-1,-4,-120
1754051528.3254602,-3,-6,-108
1754051528.36446,0,-9,-120
1754051528.40046,-4,-5,-122
1754051528.43846,-1,-12,-123
1754051528.47646,0,-3,-127
1754051528.51546,2,-2,-117
1754051528.55346,5,-2,-118
1754051528.58946,0,-2,-124
1754051528.62746,0,-3,-118
1754051528.66646,-6,-10,-122
1754051528.70446,-5,-3,-118
1754051528.7404602,0,-2,-125
1754051528.7794602,0,3,-130
1754051528.81646,1,8,-118
1754051528.8554602,6,2,-121
1754051528.89346,2,-6,-129
1754051528.92946,7,-3,-127
1754051528.9674602,-5,-3,-115
1754051529.00546,-3,-4,-118
1754051529.04446,0,-4,-114
1754051529.08046,-2,-1,-117
1754051529.1184602,8,0,-125
1754051529.15646,1,-1,-121
1754051529.19546,4,-9,-108
1754051529.23146,2,-5,-112
1754051529.2694602,5,-1,-118
1754051529.30746,8,0,-116
1754051529.3454602,0,-6,-126
1754051529.3814602,1,-4,-122
1754051529.42046,1,-7,-119
1754051529.4574602,-2,-5,-124
1754051529.49546,0,-5,-113
1754051529.53446,5,-8,-118
1754051529.57046,3,0,-124
1754051529.6084602,1,3,-131
1754051529.64546,-1,3,-127
1754051529.6844602,2,1,-123
1754051529.7204602,2,0,-128
1754051529.75846,0,2,-118
1754051529.79546,-1,0,-122
1754051529.83446,0,-4,-124
1754051529.87046,8,1,-115
1754051529.9074602,2,-3,-121
1754051529.94646,-1,-3,-120
1754051529.98446,4,3,-123
1754051530.02046,2,4,-127
1754051530.05746,0,0,-126
1754051530.09646,1,3,-123
1754051530.1344602,13,2,-110
1754051530.17046,5,0,-109
1754051530.20846,3,-2,-127
1754051530.2464602,-3,-1,-114
1754051530.28446,2,-3,-119
1754051530.32046,1,-5,-123
1754051530.3584602,10,-3,-114
1754051530.39646,9,-4,-122
1754051530.4344602,3,-1,-119
1754051530.4704602,0,3,-117
1754051530.50846,-3,-4,-111
1754051530.5464602,4,-3,-109
1754051530.58446,6,-5,-119
1754051530.62046,-4,-7,-121
1754051530.65846,2,-13,-121
1754051530.69646,0,-8,-121
1754051530.73546,-1,-2,-117
1754051530.77146,4,-3,-121
1754051530.8094602,-1,-8,-121
1754051530.84746,-1,-3,-130
1754051530.88646,1,-4,-126
1754051530.9244602,-5,0,-131
1754051530.9604602,2,0,-126
1754051530.99746,1,-4,-124
1754051531.0364602,0,-6,-117
1754051531.07446,2,-4,-116
1754051531.11046,3,-5,-112
1754051531.14846,-2,3,-124
1754051531.18646,-2,4,-127
1754051531.22546,1,-6,-124
1754051531.26146,-2,2,-124
1754051531.2994602,-6,-4,-124
1754051531.33746,-5,-5,-117
1754051531.37646,3,-11,-122
1754051531.41246,7,-3,-120
1754051531.4504602,0,-5,-117
1754051531.48846,0,-4,-112
1754051531.5264602,-7,0,-115
1754051531.5654602,-7,0,-124
1754051531.60146,-7,-11,-113
1754051531.63946,0,0,-120
1754051531.6774602,-3,-1,-109
1754051531.71646,-6,0,-116
1754051531.75246,-9,-6,-118
1754051531.79146,-6,0,-116
1754051531.82846,-1,-1,-117
1754051531.86646,2,-3,-117
1754051531.90546,1,-6,-111
1754051531.94146,3,-2,-116
1754051531.97946,0,0,-121
1754051532.01746,-1,0,-118
1754051532.05646,-4,0,-125
1754051532.0924602,5,-5,-109
1754051532.13046,8,-8,-113
1754051532.16846,7,-1,-119
1754051532.2074602,-4,-2,-117
1754051532.24546,1,-2,-123
1754051532.2824602,1,-1,-127
1754051532.3194602,-8,-2,-119
1754051532.35746,-11,-1,-112
1754051532.39646,-8,0,-118
1754051532.43246,-4,2,-122
1754051532.4704602,-9,0,-104
1754051532.50846,5,-1,-101
1754051532.54746,0,-3,-113
1754051532.5854602,-3,-3,-115
1754051532.6214602,-3,-1,-124
1754051532.65946,7,-1,-118
1754051532.6974602,2,-4,-127
1754051532.7364602,-2,1,-120
1754051532.77246,-2,3,-110
1754051532.81146,4,-5,-119
1754051532.8484602,2,-10,-127
1754051532.88746,-7,-12,-121
1754051532.92546,-3,-3,-130
1754051532.96146,-7,-4,-116
1754051532.99946,0,-4,-122
1754051533.03746,-2,-8,-122
1754051533.07646,-5,0,-126
1754051533.11246,-2,-2,-122
1754051533.15046,0,0,-117
1754051533.18946,-3,1,-131
1754051533.22746,4,-1,-128
1754051533.2634602,7,1,-117
1754051533.30046,-2,0,-121
1754051533.3384602,-7,-3,-115
1754051533.37746,-6,-1,-122
1754051533.41346,0,-5,-123
1754051533.45146,1,-1,-125
1754051533.48946,4,0,-126
1754051533.52746,-2,-5,-113
1754051533.56646,0,-6,-120
1754051533.60246,0,-1,-114
1754051533.64046,-4,0,-111
1754051533.67846,2,-2,-125
1754051533.7174602,2,-7,-126
1754051533.7534602,0,0,-125
1754051533.79046,-4,-4,-115
1754051533.82846,0,-6,-124
1754051533.86746,0,-1,-121
1754051533.90346,0,-3,-118
1754051533.94146,-7,-7,-123
1754051533.97946,6,-2,-121
1754051534.01746,0,1,-122
1754051534.05646,0,-1,-125
1754051534.0924602,9,-5,-123
1754051534.1314602,7,-5,-119
1754051534.16846,1,0,-112
1754051534.2074602,0,-6,-114
1754051534.2434602,-2,-3,-113
1754051534.28146,3,-10,-122
1754051534.3194602,5,-5,-119
1754051534.3584602,0,0,-107
1754051534.39646,0,-2,-111
1754051534.43246,6,-4,-114
1754051534.4704602,1,1,-102
1754051534.50846,5,-3,-124
1754051534.54746,-1,-1,-120
1754051534.58346,-3,0,-131
1754051534.6214602,-7,0,-134
1754051534.65946,2,0,-123
1754051534.69846,5,-5,-124
1754051534.7364602,2,-8,-123
1754051534.77246,5,-9,-126
1754051534.81046,0,-6,-118
1754051534.8484602,-4,-3,-126
1754051534.88746,0,-4,-127
1754051534.92346,8,-3,-122
1754051534.96146,2,-9,-124
1754051534.99946,-6,-12,-123
1754051535.03846,-2,-19,-127
1754051535.07646,3,0,-121
1754051535.11246,1,0,-128
1754051535.14946,0,-4,-118
1754051535.18846,-3,4,-113
1754051535.22646,6,3,-117
1754051535.26246,0,5,-109
1754051535.2994602,-5,4,-116
1754051535.3384602,-1,-3,-110
1754051535.37446,3,-4,-114
1754051535.41346,3,-3,-122
1754051535.45146,0,0,-128
1754051535.48846,-2,2,-126
1754051535.52746,-4,4,-132
1754051535.56346,-3,1,-124
1754051535.60146,0,0,-114
1754051535.64046,-1,0,-124
1754051535.67846,-3,0,-122
1754051535.71446,0,0,-128
1754051535.75146,5,-7,-125
1754051535.79046,-1,2,-131
1754051535.82846,5,3,-125
1754051535.86446,-6,0,-121
1754051535.90246,0,1,-127
1754051535.9404602,0,6,-119
1754051535.97846,4,-2,-109
1754051536.01746,-2,-4,-123
1754051536.05346,-2,-1,-118
1754051536.09146,1,-6,-118
1754051536.12946,0,-5,-112
1754051536.16846,2,0,-119
1754051536.20446,-3,2,-118
1754051536.24246,-3,-6,-115
1754051536.28146,2,-3,-118
1754051536.3194602,3,0,-109
1754051536.35746,10,3,-113
1754051536.39346,8,-4,-115
1754051536.43146,8,0,-110
1754051536.46946,-7,2,-128
1754051536.50846,-7,4,-122
1754051536.54446,0,2,-124
1754051536.58146,-5,0,-125
1754051536.61946,0,2,-116
1754051536.65846,1,8,-111
1754051536.6944602,0,0,-104
1754051536.73146,-4,-7,-115
1754051536.7694602,-6,-3,-114
1754051536.80846,0,0,-129
1754051536.84446,0,-3,-133
1754051536.88246,-4,-2,-128
1754051536.92046,3,-4,-117
1754051536.95946,3,-2,-115
1754051536.99746,4,0,-110
1754051537.03346,8,1,-117
1754051537.07046,1,-7,-122
1754051537.10946,7,-8,-122
1754051537.14746,7,-1,-122
1754051537.18346,2,0,-122
1754051537.2204602,-2,-1,-122
1754051537.2594602,-2,-1,-123
1754051537.29746,0,2,-119
1754051537.33346,-4,-1,-123
1754051537.3714602,-2,-1,-120
1754051537.41046,5,0,-123
1754051537.44846,-2,0,-121
1754051537.48446,-3,6,-116
1754051537.52346,2,-4,-120
1754051537.56846,2,6,-122
1754051537.60446,3,-3,-121
1754051537.64346,2,-4,-124
1754051537.68046,-1,0,-134
1754051537.71946,3,-3,-131
1754051537.7564602,5,-3,-124
1754051537.79346,2,0,-118
1754051537.83146,0,5,-126
1754051537.86946,-3,-3,-124
1754051537.90846,0,-6,-121
1754051537.9444602,-1,-1,-132
1754051537.98246,2,-2,-109
1754051538.02146,3,-5,-105
1754051538.0594602,3,-4,-109
1754051538.0954602,-1,-3,-120
1754051538.13346,0,0,-123
1754051538.1714602,-2,-2,-114
1754051538.20946,9,-3,-116
1754051538.24846,8,0,-122
1754051538.28446,4,0,-123
1754051538.32146,-3,-3,-109
1754051538.36046,7,1,-107
1754051538.39846,6,-3,-119
1754051538.4344602,3,-2,-130
1754051538.47246,-3,3,-122
1754051538.51046,2,-4,-110
1754051538.5494602,0,-2,-111
1754051538.5854602,6,-1,-108
1754051538.62346,5,-4,-113
1754051538.6614602,2,3,-125
1754051538.7004602,3,2,-124
1754051538.73846,3,2,-114
1754051538.77446,1,-5,-119
1754051538.8124602,12,-4,-119
1754051538.85046,7,-1,-131
1754051538.88946,1,1,-124
1754051538.92546,-6,-5,-119
1754051538.9634602,1,3,-124
1754051539.00146,-1,-1,-119
1754051539.04046,-4,-3,-107
1754051539.07846,0,-5,-110
1754051539.11446,-5,-8,-119
1754051539.15246,-2,-5,-118
1754051539.1904602,-1,-4,-116
1754051539.22946,6,0,-121
1754051539.2664602,4,-6,-111
1754051539.30346,1,3,-124
1754051539.34146,0,2,-126
1754051539.38046,-2,4,-120
1754051539.41646,0,0,-119
1754051539.45346,2,2,-106
1754051539.49146,9,6,-124
1754051539.53046,0,3,-126
1754051539.56646,-3,5,-116
1754051539.60446,0,-1,-120
1754051539.64346,2,1,-124
1754051539.68046,0,0,-127
1754051539.71946,4,0,-118
1754051539.75546,2,6,-118
1754051539.79346,4,8,-126
1754051539.83146,6,-7,-119
1754051539.87046,0,-3,-109
1754051539.90646,-2,3,-107
1754051539.9444602,0,1,-111
1754051539.98246,2,0,-120
1754051540.02046,4,-1,-123
1754051540.0594602,6,-6,-133
1754051540.0954602,4,-4,-121
1754051540.13346,9,0,-119
1754051540.17246,-2,0,-124
1754051540.2104602,0,-5,-130
1754051540.2464602,3,2,-119
1754051540.28446,6,5,-129
1754051540.3224602,6,-6,-108
1754051540.3614602,-7,-5,-118
1754051540.39946,7,-1,-116
1754051540.43546,1,-3,-108
1754051540.4734602,4,-2,-104
1754051540.51146,5,-9,-110
1754051540.55046,2,0,-103
1754051540.58646,-9,-2,-115
1754051540.62446,-1,-2,-114
1754051540.66246,1,0,-116
1754051540.70146,6,-1,-108
1754051540.73946,4,-5,-110
1754051540.77546,4,-4,-116
1754051540.81346,6,-1,-115
1754051540.85146,6,2,-126
1754051540.89046,5,3,-126
1754051540.92646,-1,-1,-122
1754051540.96446,-2,5,-124
1754051541.00246,5,-1,-124
1754051541.04146,8,-3,-117
1754051541.07946,2,-6,-112
1754051541.1154602,-1,0,-117
1754051541.15346,-1,-3,-123
1754051541.19146,4,-3,-133
1754051541.2304602,2,-2,-109
1754051541.2664602,1,0,-122
1754051541.30346,5,-3,-123
1754051541.34146,2,-6,-119
1754051541.38046,-3,-5,-117
1754051541.41646,-7,-1,-130
1754051541.45446,0,-3,-132
1754051541.49246,0,1,-133
1754051541.53146,-3,-1,-126
1754051541.56746,0,-5,-116
1754051541.60446,5,-5,-130
1754051541.64246,0,0,-115
1754051541.68146,-5,-1,-108
1754051541.7174602,-8,0,-113
1754051541.75446,-10,3,-118
1754051541.7924602,5,-1,-111
1754051541.83146,6,-3,-107
1754051541.86746,0,5,-110
1754051541.9044602,-6,-2,-113
1754051541.94246,0,-4,-111
1754051541.98146,-1,-2,-115
1754051542.01746,2,4,-117
1754051542.05446,1,0,-122
1754051542.0924602,-6,-1,-121
1754051542.1314602,2,3,-123
1754051542.1674602,-1,-2,-124
1754051542.20546,0,-4,-125
1754051542.2434602,-5,-4,-134
1754051542.28146,-4,-7,-126
1754051542.32046,1,0,-125
1754051542.35646,-2,3,-130
1754051542.3944602,0,0,-125
1754051542.43246,2,-10,-131
1754051542.47146,2,-5,-141
1754051542.50746,3,-2,-111
1754051542.54546,-2,4,-117
1754051542.58346,4,-10,-114
1754051542.62246,2,-2,-118
1754051542.66046,7,-1,-120
1754051542.69646,3,-2,-115
1754051542.73446,10,-4,-117
1754051542.77246,-3,1,-123
1754051542.81146,-2,-8,-114
1754051542.84746,5,3,-117
1754051542.8844602,0,4,-119
1754051542.92246,-2,-2,-122
1754051542.96146,-3,-3,-113
1754051542.99746,5,-2,-112
1754051543.03446,8,0,-117
1754051543.0724602,1,0,-124
1754051543.1114602,0,-1,-122
1754051543.14746,0,-4,-119
1754051543.18546,1,-4,-113
1754051543.2234602,-3,1,-111
1754051543.26246,-2,0,-118
1754051543.30046,-1,0,-122
1754051543.33646,5,-3,-126
1754051543.37446,2,-3,-124
1754051543.41346,-5,-2,-116
1754051543.45146,-3,-4,-126
1754051543.48746,-3,3,-131
1754051543.52546,-2,0,-121
1754051543.56346,0,0,-118
1754051543.60246,-1,-1,-127
1754051543.64046,5,-1,-133
1754051543.67646,4,-10,-127
1754051543.71446,2,-3,-128
1754051543.7534602,3,2,-119
1754051543.7924602,0,0,-117
1754051543.82846,2,-4,-112
1754051543.86646,-1,-9,-118
1754051543.9044602,-3,-2,-119
1754051543.94246,-6,-1,-115
1754051543.98146,2,-4,-120
1754051544.01746,-2,-6,-112
1754051544.05546,0,-4,-117
1754051544.09346,0,1,-116
1754051544.13246,-4,-4,-122
1754051544.16846,-4,-6,-120
1754051544.20646,2,1,-120
1754051544.24446,0,2,-116
1754051544.2824602,3,4,-119
1754051544.32146,3,3,-125
1754051544.35746,-1,4,-134
1754051544.39546,4,3,-125
1754051544.43346,2,4,-116
1754051544.47246,15,0,-112
1754051544.50846,3,-3,-120
1754051544.5464602,2,-1,-116
1754051544.58446,-1,4,-130
1754051544.62346,3,0,-116
1754051544.6614602,13,-7,-125
1754051544.6974602,10,-5,-126
1754051544.73546,5,-2,-120
1754051544.77346,-2,-6,-123
1754051544.8124602,3,1,-117
1754051544.8484602,7,-2,-108
1754051544.88746,3,-1,-125
1754051544.9244602,8,-1,-123
1754051544.9634602,-1,-1,-125
1754051545.00146,5,0,-113
1754051545.03746,2,0,-120
1754051545.07446,0,0,-114
1754051545.11346,-2,-2,-122
1754051545.1514602,0,0,-116
1754051545.1874602,-3,-2,-112
1754051545.22546,-9,-6,-115
1754051545.2634602,-3,-3,-122
1754051545.3024602,-1,2,-114
1754051545.3384602,1,6,-109
1754051545.37646,1,4,-122
1754051545.4144602,1,0,-111
1754051545.45346,2,-8,-124
1754051545.49146,0,-10,-125
1754051545.52746,7,-2,-133
1754051545.5654602,8,-3,-110
1754051545.60446,6,-1,-117
1754051545.64246,3,0,-115
1754051545.67846,0,-3,-124
1754051545.71646,3,3,-117
1754051545.75546,-5,-2,-108
1754051545.79346,-1,2,-118
1754051545.82946,6,5,-119
1754051545.86646,4,-4,-125
1754051545.90546,-3,-1,-123
1754051545.94346,-8,2,-128
1754051545.97946,-6,-3,-129
1754051546.01746,-7,2,-121
1754051546.05546,-6,-1,-132
1754051546.09346,-5,-17,-117
1754051546.13246,-1,-8,-117
1754051546.16846,-1,0,-107
1754051546.20546,6,4,-109
1754051546.2434602,1,0,-112
1754051546.2824602,4,1,-121
1754051546.31846,3,2,-107
1754051546.3554602,8,0,-110
1754051546.39346,13,-8,-119
1754051546.43246,3,0,-124
1754051546.46846,4,-4,-119
1754051546.5064602,0,-3,-119
1754051546.54546,3,3,-112
1754051546.58346,5,4,-117
1754051546.61946,3,1,-125
1754051546.6574602,0,-5,-117
1754051546.69546,5,-2,-118
1754051546.73446,2,1,-122
1754051546.77246,0,-3,-127
1754051546.80846,-9,-1,-115
1754051546.84646,0,-1,-117
1754051546.8844602,-3,-1,-118
1754051546.92346,-4,0,-118
1754051546.95946,-2,0,-125
1754051546.99746,-2,-3,-115
1754051547.03546,-3,0,-120
1754051547.07446,0,1,-120
1754051547.11246,-4,1,-118
1754051547.14846,-3,3,-125
1754051547.18646,2,0,-125
1754051547.22446,11,7,-127
1754051547.2634602,1,10,-126
1754051547.2994602,3,0,-126
1754051547.33746,6,2,-123
1754051547.37446,0,-5,-129
1754051547.41346,8,-1,-133
1754051547.44946,9,-4,-115
1754051547.48746,-8,-7,-116
1754051547.52546,2,-3,-122
1754051547.5694602,4,1,-122
1754051547.60746,0,-2,-123
1754051547.64546,4,-3,-128
1754051547.6844602,-3,-5,-130
1754051547.72246,-2,-5,-123
1754051547.7594602,-7,-4,-130
1754051547.79746,3,-1,-127
1754051547.8354602,7,0,-116
1754051547.87446,9,5,-105
1754051547.91046,-2,4,-115
1754051547.94846,1,0,-123
1754051547.9864602,-2,-1,-116
1754051548.02446,0,0,-119
1754051548.06346,-4,-4,-108
1754051548.09946,6,-3,-109
1754051548.13746,-2,1,-111
1754051548.17646,3,0,-113
1754051548.21446,-2,-5,-125
1754051548.25046,2,-2,-124
1754051548.2894602,0,4,-130
1754051548.32646,2,3,-134
1754051548.36446,6,0,-122
1754051548.40346,-7,-3,-121
1754051548.43946,-3,-4,-120
1754051548.47746,-2,-2,-114
1754051548.51546,0,0,-108
1754051548.55446,3,-6,-113
1754051548.59046,0,-2,-108
1754051548.62746,1,-4,-113
1754051548.66546,4,-5,-123
1754051548.70446,2,-1,-121
1754051548.7404602,-5,0,-122
1754051548.77846,-1,5,-113
1754051548.81746,1,1,-108
1754051548.8554602,1,-3,-127
1754051548.89346,4,3,-124
1754051548.92946,4,4,-126
1754051548.9674602,2,2,-122
1754051549.00546,0,-1,-120
1754051549.04346,-7,-6,-124
1754051549.07946,-7,-3,-116
1754051549.11746,2,0,-117
1754051549.15546,-1,7,-120
1754051549.1944602,6,0,-117
1754051549.2304602,5,1,-116
1754051549.26746,7,1,-126
1754051549.30546,5,-1,-125
1754051549.34446,8,-3,-124
1754051549.38046,1,-5,-116
1754051549.41846,0,-7,-117
1754051549.45646,4,-2,-117
1754051549.49546,5,-4,-123
1754051549.53346,2,-3,-125
1754051549.5694602,0,-3,-113
1754051549.60646,1,-4,-112
1754051549.64546,-1,-7,-126
1754051549.68346,0,-8,-108
1754051549.71946,-3,-11,-111
1754051549.75746,-4,-2,-112
1754051549.79546,7,-4,-114
1754051549.83446,3,3,-120
1754051549.87046,3,1,-115
1754051549.90946,-3,-3,-121
1754051549.94646,2,-1,-121
1754051549.98546,7,4,-114
1754051550.02146,0,0,-122
1754051550.05846,2,2,-113
1754051550.09746,0,0,-133
1754051550.13546,1,2,-132
1754051550.1714602,-1,-4,-124
1754051550.20946,-3,-4,-111
1754051550.24746,6,-2,-114
1754051550.28546,2,3,-122
1754051550.32446,-7,2,-118
1754051550.36046,0,4,-111
1754051550.39746,9,0,-126
1754051550.43546,7,0,-126
1754051550.47446,-1,-5,-124
1754051550.51046,0,1,-119
1754051550.54746,1,2,-118
1754051550.5854602,0,3,-126
1754051550.62446,0,0,-132
1754051550.66046,0,-1,-125
1754051550.69846,4,0,-122
1754051550.7364602,7,-4,-131
1754051550.77546,5,-1,-118
1754051550.81146,1,0,-118
1754051550.84946,-1,-6,-117
1754051550.88746,-5,-3,-123
1754051550.92646,-6,-5,-126
1754051550.96446,1,0,-122
1754051551.00046,2,0,-127
1754051551.03746,5,2,-116
1754051551.07646,2,-3,-113
1754051551.11446,5,1,-109
1754051551.15046,2,-1,-102
1754051551.18846,6,-2,-111
1754051551.22646,4,-5,-118
1754051551.26546,6,-6,-112
1754051551.30146,8,-3,-115
1754051551.33946,2,-6,-126
1754051551.37746,4,2,-120
1754051551.41646,-2,10,-123
1754051551.45446,-5,-1,-116
1754051551.4904602,5,0,-131
1754051551.52746,-1,-2,-113
1754051551.56646,0,-1,-118
1754051551.60446,7,-7,-123
1754051551.64046,7,-9,-132
1754051551.67946,2,-2,-130
1754051551.7174602,7,-3,-121
1754051551.75546,2,-4,-112
1754051551.79146,1,-3,-116
1754051551.83046,-2,3,-119
1754051551.86746,10,3,-115
1754051551.90646,0,-3,-110
1754051551.94246,0,-1,-113
1754051551.9804602,-12,3,-123
1754051552.01846,-1,-2,-111
1754051552.05646,-4,-8,-113
1754051552.0954602,-3,-2,-122
1754051552.1314602,-2,0,-110
1754051552.16946,3,-2,-116
1754051552.2074602,0,0,-112
1754051552.2464602,1,-1,-121
1754051552.2824602,4,-1,-112
1754051552.32046,4,-1,-115
1754051552.3584602,0,-9,-109
1754051552.39746,-6,-2,-120
1754051552.43546,-7,0,-115
1754051552.47146,-1,-7,-112
1754051552.5094602,1,-5,-118
1754051552.54746,8,-5,-120
1754051552.58646,-2,0,-112
1754051552.62246,2,4,-113
1754051552.65946,0,-4,-127
1754051552.6974602,0,0,-119
1754051552.7364602,0,-7,-119
1754051552.77246,-5,-4,-119
1754051552.81046,-5,-4,-127
1754051552.8484602,1,-1,-117
1754051552.88746,-7,-4,-106
1754051552.92546,-5,-4,-114
1754051552.96146,0,-5,-103
1754051552.99946,6,0,-112
1754051553.03746,0,-2,-124
1754051553.07646,-1,0,-116
1754051553.11246,1,0,-114
1754051553.14946,0,0,-117
1754051553.18846,-3,-4,-123
1754051553.22646,-3,-1,-105
1754051553.26246,-1,-3,-116
1754051553.30046,-3,2,-121
1754051553.3384602,-4,1,-116
1754051553.37746,9,0,-117
1754051553.41546,0,1,-130
1754051553.45146,3,2,-134
1754051553.48946,6,-4,-116
1754051553.52746,3,-5,-122
1754051553.5654602,6,-5,-119
1754051553.60146,2,-7,-119
1754051553.63946,-2,-5,-105
1754051553.6774602,4,-8,-127
1754051553.71646,-1,-3,-124
1754051553.75246,1,3,-122
1754051553.7894602,-3,-1,-126
1754051553.82746,-6,0,-128
1754051553.86646,-1,0,-119
1754051553.90246,-1,2,-127
1754051553.9404602,0,-3,-114
1754051553.97946,-5,-2,-116
1754051554.01746,1,-2,-109
1754051554.05346,-1,-4,-110
1754051554.09146,-1,1,-116
1754051554.12946,10,-6,-114
1754051554.1674602,0,-2,-122
1754051554.20646,2,-2,-127
1754051554.24246,5,-6,-132
1754051554.28046,8,2,-131
1754051554.31846,4,-3,-112
1754051554.35746,0,-1,-116
1754051554.39346,-3,-3,-113
1754051554.43146,-2,-5,-115
1754051554.46946,-2,-3,-112
1754051554.50746,1,0,-114
1754051554.5464602,-1,2,-118
1754051554.5824602,-4,0,-113
1754051554.62046,0,-3,-118
1754051554.65846,-3,3,-119
1754051554.6974602,-4,0,-120
1754051554.7334602,-4,0,-117
1754051554.77146,1,-3,-127
1754051554.8094602,5,-3,-120
1754051554.8484602,3,5,-119
1754051554.88646,-2,-5,-123
1754051554.92246,-1,-2,-132
1754051554.9604602,6,0,-130
1754051554.99846,0,6,-112
1754051555.03746,5,0,-108
1754051555.07346,5,-6,-128
1754051555.1114602,4,2,-127
1754051555.14946,0,0,-125
1754051555.18846,7,-4,-129
1754051555.22646,12,-7,-135
1754051555.26246,3,-9,-128
1754051555.30046,-2,-1,-130
1754051555.3384602,0,0,-127
1754051555.37746,0,-4,-122
1754051555.41346,0,-5,-126
1754051555.45146,2,-5,-126
1754051555.48946,3,-8,-127
1754051555.52846,4,-5,-126
1754051555.56646,0,-1,-123
1754051555.60246,-1,-2,-129
1754051555.64046,-2,0,-109
1754051555.67846,-2,0,-121
1754051555.7174602,0,-6,-122
1754051555.7534602,2,-3,-117
1754051555.79146,-5,-1,-118
1754051555.82946,-3,-10,-109
1754051555.8684602,-2,-1,-113
1754051555.90646,4,-1,-121
1754051555.94246,1,0,-112
1754051555.98146,-7,1,-128
1754051556.01846,6,2,-121
1754051556.05746,4,-1,-103
1754051556.09346,5,-7,-114
1754051556.1314602,10,-4,-114
1754051556.16946,0,0,-118
1754051556.20846,1,0,-123
1754051556.24446,0,-1,-124
1754051556.2824602,-1,5,-128
1754051556.32046,1,-1,-126
1754051556.3584602,9,1,-118
1754051556.39746,6,-4,-119
1754051556.43346,2,-4,-123
1754051556.47146,5,-6,-136
1754051556.5094602,3,-5,-116
1754051556.54846,5,-5,-125
1754051556.58446,0,0,-128
1754051556.6214602,0,0,-126
1754051556.65946,-2,-1,-123
1754051556.69846,-4,5,-114
1754051556.73446,0,4,-119
1754051556.77146,1,0,-114
1754051556.8094602,-5,6,-116
1754051556.8484602,-6,2,-115
1754051556.8844602,-3,0,-123
1754051556.92246,2,2,-122
1754051556.9604602,0,-2,-129
1754051556.99946,-4,-1,-113
1754051557.03746,-2,-1,-114
1754051557.07346,1,2,-129
1754051557.11046,-3,-1,-124
1754051557.14946,0,1,-119
1754051557.1874602,0,7,-112
1754051557.2234602,-1,4,-114
1754051557.26146,3,-7,-127
1754051557.2994602,7,0,-123
1754051557.3384602,-4,-1,-114
1754051557.37446,0,-1,-121
1754051557.41246,1,0,-129
1754051557.4504602,3,4,-123
1754051557.48946,2,0,-120
1754051557.52746,1,-4,-112
1754051557.57046,-1,3,-111
1754051557.60946,2,0,-117
1754051557.64746,5,1,-114
1754051557.68346,5,0,-128
1754051557.7204602,-10,-7,-113
1754051557.7594602,3,-5,-124
1754051557.79746,4,6,-123
1754051557.83346,3,8,-120
1754051557.8714602,1,5,-130
1754051557.90946,5,3,-134
1754051557.94846,0,1,-123
1754051557.98446,5,1,-109
1754051558.02146,2,-4,-125
1754051558.0594602,-1,0,-127
1754051558.0984602,-3,1,-122
1754051558.1344602,-6,-3,-125
1754051558.17246,5,-5,-117
1754051558.21146,-1,-3,-111
1754051558.24946,7,-3,-115
1754051558.28546,4,1,-120
1754051558.32346,3,2,-131
1754051558.3614602,2,-8,-120
1754051558.39946,2,-7,-113
1754051558.43546,0,-3,-129
1754051558.47446,6,-2,-125
1754051558.51146,1,-9,-110
1754051558.5494602,5,-1,-119
1754051558.5884602,-1,-8,-118
1754051558.62446,2,-5,-120
1754051558.66246,-5,-7,-119
1754051558.7004602,0,-7,-122
1754051558.73946,-1,-1,-114
1754051558.77546,2,-2,-121
1754051558.81346,3,3,-111
1754051558.85146,-3,4,-106
1754051558.88946,2,-2,-119
1754051558.92846,2,0,-121
1754051558.96446,6,-6,-122
1754051559.00246,1,0,-121
1754051559.04146,0,-11,-120
1754051559.07946,0,1,-120
1754051559.1154602,3,3,-121
1754051559.15346,2,3,-118
1754051559.19146,2,0,-115
1754051559.2304602,-1,-5,-124
1754051559.26846,-1,0,-123
1754051559.30446,5,-5,-129
1754051559.3424602,4,-6,-133
1754051559.38046,3,3,-130
1754051559.41946,0,8,-116
1754051559.45546,2,0,-131
1754051559.4934602,0,-5,-125
1754051559.5324602,-2,-1,-121
1754051559.57046,0,-3,-112
1754051559.6084602,5,2,-112
1754051559.6444602,8,-1,-130
1754051559.68246,-3,2,-112
1754051559.7204602,1,-2,-107
1754051559.7594602,3,-3,-106
1754051559.79546,0,-3,-115
1754051559.83346,-4,-3,-123
1754051559.8714602,-5,0,-122
1754051559.91046,1,-3,-123
1754051559.94846,-4,0,-116
1754051559.98446,0,1,-118
1754051560.02246,-3,0,-117
1754051560.06046,-8,-2,-128
1754051560.09946,-2,0,-116
1754051560.13546,-5,0,-124
1754051560.17346,0,-3,-120
1754051560.21146,-1,-6,-121
1754051560.25046,2,-1,-121
1754051560.2864602,9,-1,-118
1754051560.3254602,4,-2,-124
1754051560.36246,2,1,-131
1754051560.40046,-2,3,-117
1754051560.43946,6,3,-119
1754051560.47546,8,1,-120
1754051560.51246,0,2,-125
1754051560.55046,-5,0,-117
1754051560.58946,-2,-4,-119
1754051560.62546,-5,3,-121
1754051560.66346,-3,2,-115
1754051560.70146,0,1,-118
1754051560.7404602,6,-2,-114
1754051560.7764602,3,-2,-111
1754051560.81446,0,3,-111
1754051560.85346,-1,0,-112
1754051560.89046,-5,0,-114
1754051560.92946,-3,0,-109
1754051560.96546,0,0,-117
1754051561.0034602,-3,2,-110
1754051561.04146,-4,0,-120
1754051561.08046,3,0,-114
1754051561.11646,-1,-2,-118
1754051561.1544602,-1,1,-123
1754051561.19246,2,-4,-135
1754051561.23146,5,-3,-131
1754051561.2694602,2,4,-127
1754051561.30546,-3,9,-125
1754051561.34346,3,0,-128
1754051561.3814602,5,-4,-135
1754051561.42046,1,0,-114
1754051561.45646,7,-6,-122
1754051561.49446,1,-4,-109
1754051561.5324602,-2,-3,-114
1754051561.57146,2,-1,-115
1754051561.60946,7,4,-106
1754051561.64546,1,0,-116
1754051561.68346,11,-3,-118
1754051561.72146,4,-4,-130
1754051561.7594602,-4,-5,-115
1754051561.79546,-3,-7,-116
1754051561.83346,-6,2,-114
1754051561.8714602,-2,0,-122
1754051561.91046,3,-1,-126
1754051561.94646,2,-6,-120
1754051561.98446,2,-3,-118
1754051562.02246,0,0,-128
1754051562.06146,2,-4,-119
1754051562.09946,5,-9,-120
1754051562.13546,1,-1,-117
1754051562.17346,-1,3,-113
1754051562.21146,2,-2,-113
1754051562.25046,-6,1,-117
1754051562.2864602,-2,-3,-121
1754051562.32446,-5,2,-127
1754051562.36246,9,3,-122
1754051562.4014602,6,4,-111
1754051562.4374602,8,5,-113
1754051562.47446,2,2,-121
1754051562.5134602,3,6,-108
1754051562.55146,8,5,-118
1754051562.58746,6,3,-122
1754051562.62446,2,1,-125
1754051562.66246,0,-1,-123
1754051562.70146,5,2,-121
1754051562.73746,6,-1,-120
1754051562.77546,9,-2,-130
1754051562.81346,-4,2,-113
1754051562.85146,-6,4,-112
1754051562.89046,-7,1,-121
1754051562.92646,-9,3,-127
1754051562.96446,1,-3,-125
1754051563.00246,-1,0,-119
1754051563.04146,-1,0,-122
1754051563.07746,1,5,-123
1754051563.11446,2,-2,-111
1754051563.15246,3,-5,-116
1754051563.19146,2,-3,-110
1754051563.22746,-2,-1,-119
1754051563.26546,8,0,-115
1754051563.30346,0,0,-115
1754051563.3424602,3,-6,-122
1754051563.38046,-2,-1,-109
1754051563.4174602,1,1,-111
1754051563.45446,5,-5,-121
1754051563.49246,11,-2,-130
1754051563.53146,5,-5,-126
1754051563.56746,5,-8,-131
1754051563.6054602,1,1,-133
1754051563.64346,-4,0,-119
1754051563.68246,0,-2,-111
1754051563.7204602,2,4,-126
1754051563.7564602,5,1,-120
1754051563.79346,7,3,-113
1754051563.8324602,-7,-1,-119
1754051563.87046,-2,-6,-126
1754051563.90646,0,-4,-125
1754051563.94346,-1,-5,-118
1754051563.98246,-5,-1,-117
1754051564.02046,3,-6,-112
1754051564.05646,-10,-1,-108
1754051564.09446,0,-9,-114
1754051564.13246,3,-2,-117
1754051564.1714602,6,-4,-124
1754051564.2074602,5,0,-117
1754051564.24546,-1,3,-113
1754051564.28446,0,3,-119
1754051564.3224602,-2,8,-117
1754051564.36046,-4,5,-126
1754051564.39646,4,-1,-114
1754051564.4344602,0,-4,-129
1754051564.47246,2,-3,-126
1754051564.51146,-3,-1,-128
1754051564.54746,2,7,-121
1754051564.58446,0,0,-113
1754051564.62246,0,-2,-128
1754051564.6614602,-2,-2,-121
1754051564.6974602,7,-3,-124
1754051564.73546,1,-1,-118
1754051564.77346,-5,0,-123
1754051564.8124602,-5,1,-119
1754051564.8484602,-3,3,-110
1754051564.88646,-8,-8,-122
1754051564.92546,-3,-8,-121
1754051564.96246,-1,-2,-122
1754051565.00146,-2,-5,-117
1754051565.03746,3,1,-114
1754051565.0754602,3,-3,-109
1754051565.11246,2,-7,-127
1754051565.1514602,1,-7,-120
1754051565.1874602,-3,-8,-114
1754051565.22546,-7,-1,-119
1754051565.2634602,0,1,-120
1754051565.3024602,0,2,-115
1754051565.3384602,-13,-7,-112
1754051565.37646,-1,-6,-114
1754051565.4144602,7,-4,-117
1754051565.45346,-1,-8,-118
1754051565.49146,2,-3,-127
1754051565.52746,5,-2,-123
1754051565.5654602,2,0,-128
1754051565.60346,-2,0,-122
1754051565.64246,0,-1,-120
1754051565.67846,0,0,-123
1754051565.71546,9,0,-123
1754051565.7534602,5,0,-122
1754051565.7924602,3,1,-119
1754051565.82846,8,0,-119
1754051565.8654602,9,-7,-111
1754051565.90346,-1,-7,-111
1754051565.94246,-4,0,-122
1754051565.97846,3,6,-111
1754051566.0164602,4,-4,-118
1754051566.05446,7,-2,-118
1754051566.09346,1,-4,-107
1754051566.1314602,5,-4,-111
1754051566.1674602,4,-8,-117
1754051566.20546,-3,-7,-122
1754051566.2434602,3,-4,-113
1754051566.2824602,0,-2,-122
1754051566.31846,2,5,-112
1754051566.3554602,3,-9,-126
1754051566.39346,0,-4,-121
1754051566.43246,1,-9,-121
1754051566.46846,5,0,-120
1754051566.50546,6,0,-111
1754051566.54346,4,-3,-113
1754051566.5824602,-4,-1,-114
1754051566.6184602,-3,0,-109
1754051566.65646,-1,1,-119
1754051566.6944602,0,-1,-125
1754051566.7334602,-3,0,-123
1754051566.7694602,-4,0,-125
1754051566.80746,0,-5,-124
1754051566.8454602,3,0,-113
1754051566.88346,14,-1,-114
1754051566.92246,6,-9,-115
1754051566.95846,0,-4,-115
1754051566.9964602,0,0,-109
1754051567.03446,0,-7,-119
1754051567.07346,2,-3,-118
1754051567.10946,1,-7,-120
1754051567.14746,-3,-8,-125
1754051567.18546,-2,-9,-115
1754051567.2234602,3,-6,-119
1754051567.26246,6,-2,-118
1754051567.29846,7,-6,-125
1754051567.33646,-3,0,-126
1754051567.37446,2,5,-119
1754051567.41346,8,-11,-130
1754051567.44946,7,-7,-128
1754051567.48746,1,1,-126
1754051567.52546,0,-4,-123
1754051567.56446,0,-12,-128
1754051567.6084602,0,-10,-127
1754051567.64646,-4,-3,-133
1754051567.6844602,4,-3,-129
1754051567.7234602,3,-3,-122
1754051567.7594602,5,2,-117
1754051567.7964602,1,0,-118
1754051567.8354602,-1,-5,-113
1754051567.87346,5,1,-127
1754051567.90946,-1,-6,-129
1754051567.9474602,1,-1,-129
1754051567.98546,-6,-1,-119
1754051568.02446,0,-4,-126
1754051568.0624602,2,-7,-123
1754051568.0984602,-1,-5,-121
1754051568.13646,0,-4,-112
1754051568.1744602,3,0,-116
1754051568.2134602,4,1,-112
1754051568.24946,0,0,-116
1754051568.2864602,-9,0,-116
1754051568.32446,-4,1,-127
1754051568.36346,-5,5,-116
1754051568.39946,-3,2,-108
1754051568.4374602,8,0,-112
1754051568.47646,5,-1,-117
1754051568.51446,-1,-4,-115
1754051568.55046,2,-3,-117
1754051568.5884602,3,-4,-117
1754051568.62646,3,2,-115
1754051568.6644602,3,-4,-119
1754051568.70346,-3,0,-109
1754051568.73946,0,0,-118
1754051568.7764602,0,-6,-113
1754051568.81446,6,-7,-112
1754051568.85346,5,-3,-119
1754051568.88946,5,2,-120
1754051568.92646,2,-6,-120
1754051568.96446,1,2,-116
1754051569.0034602,0,-4,-114
1754051569.0394602,-7,0,-121
1754051569.07646,1,0,-113
1754051569.11446,1,6,-120
1754051569.15346,4,0,-115
1754051569.18946,4,2,-119
1754051569.22646,1,-3,-120
1754051569.26446,0,0,-127
1754051569.30346,2,-1,-132
1754051569.33946,8,-2,-123
1754051569.3784602,10,-1,-120
1754051569.41546,7,0,-125
1754051569.45446,-4,-4,-116
1754051569.4904602,-2,-5,-119
1754051569.52846,0,-8,-116
1754051569.56646,-4,-8,-122
1754051569.6054602,1,0,-117
1754051569.64346,0,0,-115
1754051569.67946,-3,2,-119
1754051569.7174602,-4,2,-119
1754051569.7564602,-2,-2,-118
1754051569.79446,0,-9,-121
1754051569.83046,6,-11,-120
1754051569.8684602,0,-4,-123
1754051569.90646,-1,0,-117
1754051569.94546,1,-1,-118
1754051569.9834602,-1,-9,-109
1754051570.0194602,-2,-9,-117
1754051570.05746,-9,-8,-119
1754051570.0954602,-8,-7,-118
1754051570.1344602,-3,-7,-123
1754051570.17046,9,-3,-123
1754051570.20846,4,-5,-126
1754051570.2464602,-1,-4,-124
1754051570.28546,4,-9,-122
1754051570.32346,-3,-1,-118
1754051570.35946,-4,0,-118
1754051570.39846,-7,-10,-119
1754051570.43646,-5,-8,-119
1754051570.47446,-4,-5,-125
1754051570.51046,-10,0,-121
1754051570.54846,0,0,-116
1754051570.58646,0,-4,-116
1754051570.62546,5,0,-128
1754051570.6614602,2,-1,-125
1754051570.69946,2,2,-117
1754051570.73746,4,1,-120
1754051570.77546,3,-13,-114
1754051570.81446,2,-3,-120
1754051570.85046,7,0,-115
1754051570.8884602,5,0,-118
1754051570.92646,7,0,-111
1754051570.96546,-8,-3,-108
1754051571.00146,2,-1,-121
1754051571.04046,-2,-10,-117
1754051571.07846,-7,-2,-119
1754051571.1154602,1,-7,-115
1754051571.1544602,2,-6,-118
1754051571.1904602,1,-11,-126
1754051571.22846,5,-5,-121
1754051571.2664602,4,-4,-122
1754051571.30546,2,-2,-130
1754051571.34146,9,2,-128
1754051571.3784602,5,3,-119
1754051571.41646,-2,0,-124
1754051571.45546,-3,3,-121
1754051571.49146,3,2,-126
1754051571.52846,2,0,-122
1754051571.56646,4,-4,-117
1754051571.6054602,-1,-2,-108
1754051571.6414602,1,-4,-120
1754051571.67946,2,3,-118
1754051571.7174602,-1,1,-118
1754051571.7564602,-2,0,-115
1754051571.79446,-2,2,-117
1754051571.83046,-8,2,-113
1754051571.8684602,-5,-5,-113
1754051571.90646,4,-9,-124
1754051571.94546,4,-6,-127
1754051571.98146,1,-4,-119
1754051572.0194602,0,-3,-130
1754051572.05746,-11,1,-117
1754051572.09646,-5,2,-122
1754051572.1344602,-2,-4,-121
1754051572.17046,5,1,-123
1754051572.2074602,1,5,-116
1754051572.2464602,5,6,-118
1754051572.28446,2,0,-122
1754051572.32046,5,6,-114
1754051572.35746,-2,-2,-115
1754051572.39646,0,0,-107
1754051572.4344602,4,0,-122
1754051572.4704602,5,-10,-124
1754051572.50846,-1,-2,-121
1754051572.5464602,4,-5,-119
1754051572.5854602,2,-3,-127
1754051572.6214602,0,-2,-122
1754051572.65946,3,-1,-127
1754051572.6974602,9,-1,-120
1754051572.7364602,8,0,-114
1754051572.77246,4,-2,-113
1754051572.81046,3,4,-118
1754051572.84946,0,4,-115
1754051572.88646,4,2,-115
1754051572.92546,3,-3,-124
1754051572.96246,8,-2,-125
1754051572.99946,1,-6,-134
1754051573.03746,-2,1,-127
1754051573.07646,0,-1,-120
1754051573.11246,4,-3,-130
1754051573.15046,0,2,-129
1754051573.18846,-3,-2,-117
1754051573.22646,3,-5,-127
1754051573.26546,-1,-4,-121
1754051573.30146,-1,-2,-118
1754051573.33946,3,-3,-125
1754051573.37746,7,-6,-118
1754051573.41646,1,-5,-119
1754051573.45246,7,-10,-117
1754051573.48946,0,-8,-118
1754051573.52746,-4,-9,-106
1754051573.56646,-3,-6,-102
1754051573.60246,-2,-4,-103
1754051573.64046,-2,-7,-117
1754051573.67846,0,-5,-107
1754051573.7174602,4,-3,-115
1754051573.75546,3,2,-118
1754051573.79146,5,0,-114
1754051573.82946,-1,-1,-123
1754051573.86746,0,0,-124
1754051573.90546,3,1,-134
1754051573.94146,1,2,-129
1754051573.97946,0,0,-117
1754051574.01746,1,3,-131
1754051574.05546,0,1,-133
1754051574.09146,0,0,-127
1754051574.1284602,0,0,-122
1754051574.1674602,0,-3,-119
1754051574.20546,1,-1,-121
1754051574.24146,1,-7,-123
1754051574.2794602,0,-4,-112
1754051574.31746,-3,-1,-122
1754051574.35646,0,-3,-117
1754051574.39246,-4,-3,-124
1754051574.43046,-4,-1,-112
1754051574.46846,-5,0,-116
1754051574.50746,-1,-2,-115
1754051574.54546,3,1,-127
1754051574.58146,2,2,-119
1754051574.61946,-5,0,-120
1754051574.65846,-4,-2,-123
1754051574.69646,-5,0,-118
1754051574.73246,1,3,-114
1754051574.7694602,-3,0,-117
1754051574.80746,-2,-1,-122
1754051574.84646,2,1,-125
1754051574.88246,1,3,-115
1754051574.91946,0,0,-114
1754051574.9574602,4,-2,-129
1754051574.9964602,8,0,-124
1754051575.0324602,3,-5,-117
1754051575.07146,-5,-6,-118
1754051575.1084602,-4,-8,-127
1754051575.14746,0,2,-131
1754051575.18346,0,5,-126
1754051575.22146,-1,6,-124
1754051575.25846,2,2,-131
1754051575.29746,8,-8,-113
1754051575.33346,2,0,-110
1754051575.3714602,3,2,-120
1754051575.40846,1,4,-118
1754051575.4474602,3,2,-110
1754051575.4834602,-2,-6,-121
1754051575.52146,4,0,-124
1754051575.5594602,12,-2,-123
1754051575.59746,7,-2,-126
1754051575.63646,-3,6,-116
1754051575.67246,1,3,-112
1754051575.7104602,-4,-2,-113
1754051575.74846,-2,-4,-110
1754051575.78746,1,1,-106
1754051575.82346,-2,0,-109
1754051575.86246,1,2,-126
1754051575.89946,-1,-3,-123
1754051575.93846,3,-1,-108
1754051575.97646,8,1,-122
1754051576.01246,5,2,-118
1754051576.0494602,-3,2,-114
1754051576.0884602,5,0,-113
1754051576.12646,7,-6,-125
1754051576.16246,5,-4,-127
1754051576.2004602,3,-6,-120
1754051576.23846,9,0,-120
1754051576.27746,6,-2,-118
1754051576.31346,5,-4,-114
1754051576.35146,6,1,-115
1754051576.38946,0,2,-122
1754051576.42846,-3,4,-121
1754051576.46646,-13,-2,-114
1754051576.50246,-13,0,-110
1754051576.54046,-4,-4,-114
1754051576.57846,0,-3,-118
1754051576.61746,2,0,-115
1754051576.65346,-4,0,-112
1754051576.6904602,3,0,-115
1754051576.72946,5,0,-116
1754051576.76746,11,3,-117
1754051576.80346,3,1,-116
1754051576.84046,0,-2,-111
1754051576.87946,3,-1,-123
1754051576.9174602,-9,9,-111
1754051576.95346,0,8,-116
1754051576.9904602,6,7,-121
1754051577.0294602,3,4,-126
1754051577.06746,-7,10,-116
1754051577.10346,4,5,-117
1754051577.14046,8,4,-121
1754051577.17946,-4,0,-123
1754051577.2174602,-3,1,-132
1754051577.2534602,0,-3,-127
1754051577.29146,3,-2,-121
1754051577.32946,-3,-9,-115
1754051577.3684602,2,-1,-123
1754051577.4044602,2,0,-121
1754051577.44146,0,0,-132
1754051577.47946,-2,2,-125
1754051577.51846,5,-1,-122
1754051577.55546,1,1,-119
1754051577.5924602,5,0,-129
1754051577.6384602,0,-2,-119
1754051577.6744602,5,-6,-118
1754051577.71246,1,0,-122
1754051577.75146,4,1,-122
1754051577.79046,2,-1,-110
1754051577.82846,0,-3,-118
1754051577.86446,5,-5,-118
1754051577.90246,3,-3,-127
1754051577.9404602,-4,4,-132
1754051577.97946,1,-1,-128
1754051578.01746,1,1,-128
1754051578.05346,-3,0,-129
1754051578.0924602,-6,0,-129
1754051578.12946,-4,12,-131
1754051578.16846,-3,7,-116
1754051578.20446,-5,1,-120
1754051578.24246,-1,-13,-109
1754051578.28146,-6,-17,-117
1754051578.3194602,-3,0,-130
1754051578.35746,-2,4,-125
1754051578.39346,-4,6,-123
1754051578.43146,-2,0,-117
1754051578.46946,5,-4,-120
1754051578.50846,2,0,-120
1754051578.54446,5,2,-113
1754051578.58146,-1,-2,-115
1754051578.61946,0,-1,-110
1754051578.65846,-1,0,-107
1754051578.6944602,2,1,-117
1754051578.73146,1,-1,-119
1754051578.7694602,4,-3,-106
1754051578.80846,0,-1,-110
1754051578.84446,7,0,-126
1754051578.8814602,1,2,-127
1754051578.91946,4,-4,-121
1754051578.95846,1,-5,-120
1754051578.99446,-2,-1,-125
1754051579.0324602,4,-2,-109
1754051579.07146,3,-6,-114
1754051579.10946,0,-5,-120
1754051579.14546,-2,0,-118
1754051579.18346,5,-1,-126
1754051579.22246,1,1,-114
1754051579.2594602,0,0,-120
1754051579.29846,-3,5,-114
1754051579.33446,-5,7,-118
1754051579.37246,-5,1,-133
1754051579.41046,1,-3,-123
1754051579.44946,0,0,-124
1754051579.48546,-1,2,-134
1754051579.52246,-6,-7,-122
1754051579.56046,8,0,-119
1754051579.59946,8,0,-116
1754051579.63546,6,-1,-120
1754051579.67346,5,-3,-103
1754051579.71146,2,0,-126
1754051579.74946,-1,-4,-130
1754051579.78846,3,-3,-121
1754051579.82446,-2,-3,-121
1754051579.86246,2,3,-121
1754051579.90046,2,1,-118
1754051579.93946,1,2,-115
1754051579.97546,2,-6,-115
1754051580.0134602,0,-3,-104
1754051580.05146,-4,3,-108
1754051580.09046,0,-1,-122
1754051580.1284602,6,0,-128
1754051580.16546,2,1,-131
1754051580.20246,-3,5,-139
1754051580.2404602,2,2,-131
1754051580.2794602,9,1,-123
1754051580.3154602,7,-1,-123
1754051580.35346,3,-1,-114
1754051580.3914602,0,2,-133
1754051580.43046,1,-1,-125
1754051580.46846,-5,1,-118
1754051580.50446,-1,3,-127
1754051580.5424602,2,-4,-124
1754051580.58046,11,1,-120
1754051580.61946,3,7,-123
1754051580.65546,2,4,-119
1754051580.69246,0,-3,-114
1754051580.7304602,4,-4,-105
1754051580.7694602,1,-4,-118
1754051580.80546,-7,-3,-117
1754051580.84346,-2,-2,-119
1754051580.88246,2,-1,-121
1754051580.92046,-3,-3,-116
1754051580.95846,3,-5,-107
1754051580.99446,1,-2,-109
1754051581.0324602,7,1,-119
1754051581.07046,-3,6,-112
1754051581.10946,-6,0,-121
1754051581.14546,0,0,-119
1754051581.18246,-4,0,-120
1754051581.2204602,-2,-6,-123
1754051581.2594602,0,0,-108
1754051581.29546,3,1,-109
1754051581.3324602,3,-2,-113
1754051581.37046,5,5,-121
1754051581.40946,2,-1,-116
1754051581.44546,-2,-2,-116
1754051581.4834602,6,0,-121
1754051581.52146,4,-1,-122
1754051581.56046,-3,-4,-118
1754051581.59646,-5,-2,-118
1754051581.6344602,-8,-3,-118
1754051581.67246,-3,-5,-115
1754051581.7104602,0,-3,-125
1754051581.74946,3,0,-129
1754051581.78546,2,2,-126
1754051581.8224602,-3,3,-128
1754051581.86046,0,0,-120
1754051581.89946,0,0,-124
1754051581.93546,0,-11,-114
1754051581.9734602,3,-4,-119
1754051582.01146,-1,0,-114
1754051582.05046,-2,0,-124
1754051582.08646,3,-4,-130
1754051582.12446,0,-4,-118
1754051582.16246,0,0,-128
1754051582.20146,2,-1,-123
1754051582.23946,-1,-1,-122
1754051582.27546,-1,2,-121
1754051582.31346,-6,0,-122
1754051582.35146,-1,-3,-122
1754051582.39046,3,-3,-120
1754051582.42646,5,-9,-117
1754051582.46446,0,-1,-122
1754051582.50246,0,-6,-127
1754051582.54146,7,-6,-116
1754051582.57946,2,-1,-119
1754051582.6154602,4,-2,-127
1754051582.65346,3,0,-115
1754051582.69146,6,1,-116
1754051582.7304602,1,-1,-113
1754051582.7664602,-3,-4,-123
1754051582.80446,0,0,-124
1754051582.8424602,4,-2,-109
1754051582.8814602,0,3,-126
1754051582.91946,1,-11,-118
1754051582.95546,6,-8,-120
1754051582.9934602,3,3,-119
1754051583.03146,0,1,-106
1754051583.07046,0,2,-100
1754051583.10646,-3,0,-118
1754051583.1444602,-2,-3,-115
1754051583.18246,2,-3,-111
1754051583.22146,2,-7,-123
1754051583.25746,5,-5,-112
1754051583.29546,6,-8,-120
1754051583.33346,8,-6,-112
1754051583.3714602,-1,-4,-125
1754051583.41046,3,-9,-115
1754051583.44646,4,-3,-109
1754051583.4834602,-1,1,-114
1754051583.52146,-3,-3,-112
1754051583.56046,6,0,-118
1754051583.59646,-4,-7,-122
1754051583.6344602,-3,-6,-129
1754051583.67246,4,0,-135
1754051583.71146,-2,-9,-116
1754051583.74746,-2,-4,-120
1754051583.78546,-2,2,-121
1754051583.82346,0,3,-132
1754051583.8614602,0,1,-122
1754051583.90046,-1,1,-116
1754051583.93646,1,-6,-133
1754051583.97446,-7,-8,-125
1754051584.01246,-7,-7,-124
1754051584.05146,4,-6,-115
1754051584.08746,0,-3,-124
1754051584.12546,-3,-1,-124
1754051584.16346,0,-1,-123
1754051584.20246,3,-6,-118
1754051584.2404602,1,-7,-123
1754051584.2764602,4,-12,-125
1754051584.31446,0,-12,-109
1754051584.35346,11,-6,-108
1754051584.3914602,6,-2,-119
1754051584.4274602,0,-9,-115
1754051584.46446,1,-3,-111
1754051584.5034602,-1,-2,-113
1754051584.54146,2,-2,-105
1754051584.57746,3,-3,-109
1754051584.61646,0,-3,-120
1754051584.65346,0,-4,-123
1754051584.69246,9,0,-122
1754051584.7304602,8,-5,-115
1754051584.7664602,5,0,-122
1754051584.80346,7,0,-122
1754051584.8424602,6,0,-112
1754051584.88046,3,-1,-120
1754051584.91646,2,-2,-123
1754051584.95446,0,-4,-112
1754051584.99246,0,0,-110
1754051585.03146,3,0,-116
1754051585.06746,3,0,-115
1754051585.10446,9,0,-120
1754051585.14246,6,-1,-114
1754051585.18146,-3,-4,-118
1754051585.2174602,1,0,-116
1754051585.25446,0,0,-110
1754051585.2924602,-6,2,-124
1754051585.33146,-5,-1,-125
1754051585.36746,-4,1,-109
1754051585.40546,0,-5,-113
1754051585.44346,0,-6,-117
1754051585.48246,2,-4,-115
1754051585.51846,8,-4,-122
1754051585.55646,4,-8,-117
1754051585.59446,-2,-1,-120
1754051585.63346,7,-10,-108
1754051585.6714602,-2,-8,-108
1754051585.7074602,-3,-6,-116
1754051585.74546,4,-12,-121
1754051585.78346,0,0,-119
1754051585.8224602,-3,-4,-115
1754051585.8584602,-1,-1,-118
1754051585.89646,-3,2,-121
1754051585.9344602,-5,-3,-120
1754051585.97246,-3,-6,-111
1754051586.01146,-4,-6,-107
1754051586.04746,2,-5,-113
1754051586.0854602,-1,-2,-116
1754051586.12346,5,-6,-126
1754051586.16246,-3,-3,-125
1754051586.19846,3,0,-127
1754051586.23746,3,0,-125
1754051586.27446,0,-2,-133
1754051586.31346,-4,1,-110
1754051586.35146,-1,-4,-109
1754051586.38746,2,-2,-121
1754051586.42546,14,-5,-126
1754051586.4634602,6,-3,-117
1754051586.50246,1,-4,-114
1754051586.53846,0,1,-121
1754051586.5754602,-5,1,-116
1754051586.61346,-5,-2,-121
1754051586.65246,4,-2,-128
1754051586.68846,2,-4,-116
1754051586.72646,-1,-2,-114
1754051586.76446,1,-5,-115
1754051586.80346,6,-4,-109
1754051586.84146,4,-2,-109
1754051586.87746,4,4,-112
1754051586.9144602,-1,0,-122
1754051586.95346,4,3,-112
1754051586.99146,5,3,-113
1754051587.02746,1,3,-110
1754051587.06446,-2,2,-127
1754051587.10346,0,-1,-124
1754051587.1414602,0,-4,-121
1754051587.1774602,2,1,-121
1754051587.21446,2,-2,-116
1754051587.2534602,-1,-6,-114
1754051587.2894602,-1,-3,-114
1754051587.32746,-1,-1,-119
1754051587.3654602,4,1,-124
1754051587.4044602,5,-5,-123
1754051587.44246,5,4,-121
1754051587.47846,0,4,-122
1754051587.51546,8,-4,-113
1754051587.55446,2,-8,-116
1754051587.5924602,-5,-3,-138
1754051587.6284602,-3,-1,-129
1754051587.6744602,0,6,-124
1754051587.71246,0,8,-122
1754051587.74846,1,-1,-131
1754051587.78746,-1,-7,-122
1754051587.82446,0,-5,-123
1754051587.86346,1,-3,-125
1754051587.89946,0,0,-124
1754051587.9374602,-1,-5,-118
1754051587.97546,0,-3,-120
1754051588.0134602,-1,-3,-118
1754051588.0494602,-8,-8,-109
1754051588.08746,-3,-5,-119
1754051588.12546,-5,-7,-125
1754051588.1644602,-3,0,-134
1754051588.20246,5,3,-125
1754051588.23846,6,-1,-116
1754051588.2764602,3,-7,-115
1754051588.31446,-7,-4,-122
1754051588.35346,3,-1,-117
1754051588.38946,3,-1,-130
1754051588.4274602,0,-6,-111
1754051588.46546,-5,6,-115
1754051588.50446,-1,-1,-130
1754051588.5424602,-5,-9,-126
1754051588.57846,5,0,-125
1754051588.6154602,6,8,-125
1754051588.6544602,-2,8,-126
1754051588.69246,4,6,-120
1754051588.72846,4,10,-118
1754051588.76546,-1,0,-123
1754051588.80446,-1,-2,-121
1754051588.8424602,-1,0,-127
1754051588.8784602,0,0,-116
1754051588.91546,2,-2,-120
1754051588.95446,-3,-2,-123
1754051588.99246,1,1,-122
1754051589.02846,0,9,-121
1754051589.0654602,9,-4,-119
1754051589.10446,3,-6,-122
1754051589.14246,3,0,-126
1754051589.17846,8,-6,-141
1754051589.2174602,-6,-5,-122
1754051589.25446,3,6,-123
1754051589.29346,1,0,-112
1754051589.32946,0,0,-124
1754051589.36746,4,4,-117
1754051589.4044602,2,-12,-113
1754051589.44346,-2,-6,-122
1754051589.47946,-1,-3,-119
1754051589.51746,0,-1,-117
1754051589.55546,0,-9,-115
1754051589.59446,0,-1,-124
1754051589.63046,4,0,-117
1754051589.6674602,0,-5,-111
1754051589.70546,1,-4,-114
1754051589.74446,-1,-1,-122
1754051589.78046,4,4,-117
1754051589.81846,3,4,-109
1754051589.85646,-1,7,-112
1754051589.8944602,0,4,-121
1754051589.93346,1,1,-122
1754051589.96946,-1,1,-117
1754051590.00746,-1,-4,-114
1754051590.04546,-7,-8,-113
1754051590.08446,1,-4,-113
1754051590.12046,3,-3,-108
1754051590.15846,-4,1,-121
1754051590.19646,-5,-6,-116
1754051590.23546,3,-1,-111
1754051590.27346,3,0,-111
1754051590.3094602,3,-1,-121
1754051590.34746,-4,2,-134
1754051590.38546,6,-1,-132
1754051590.4244602,3,-3,-123
1754051590.4604602,5,-5,-129
1754051590.49846,11,2,-120
1754051590.5364602,8,0,-117
1754051590.5754602,1,4,-124
1754051590.61346,-2,1,-120
1754051590.64946,1,3,-119
1754051590.68846,6,-3,-128
1754051590.72546,-1,-5,-129
1754051590.76446,0,-2,-121
1754051590.80146,2,-4,-132
1754051590.8384602,2,-1,-119
1754051590.87646,1,-2,-111
1754051590.91546,-2,-3,-112
1754051590.95346,0,-10,-120
1754051590.98946,1,-6,-124
1754051591.02746,1,-5,-117
1754051591.06646,1,-8,-127
1754051591.10446,-2,-12,-123
1754051591.14046,0,-7,-116
1754051591.17946,4,0,-106
1754051591.21646,-2,-2,-104
1754051591.25546,7,-6,-103
1754051591.29346,1,-1,-119
1754051591.32946,-2,-1,-123
1754051591.36746,1,-3,-112
1754051591.40546,0,2,-118
1754051591.4444602,1,2,-117
1754051591.4804602,-4,-2,-115
1754051591.51846,-5,4,-123
1754051591.55646,0,0,-121
1754051591.5954602,5,0,-134
1754051591.6314602,0,3,-127
1754051591.66846,-3,3,-117
1754051591.70646,4,4,-124
1754051591.74546,1,4,-125
1754051591.78146,-2,-2,-127
1754051591.8194602,2,5,-112
1754051591.85746,5,-1,-119
1754051591.89546,5,-5,-128
1754051591.9344602,5,-7,-117
1754051591.9704602,5,0,-128
1754051592.00746,2,-1,-123
1754051592.04546,0,-1,-120
1754051592.08446,6,-4,-110
1754051592.12046,3,0,-109
1754051592.1574602,8,0,-125
1754051592.19546,1,-1,-112
1754051592.23446,0,-4,-111
1754051592.27046,-2,-10,-119
1754051592.30846,-4,-8,-120
1754051592.34646,-1,-6,-116
1754051592.38546,4,-4,-117
1754051592.4214602,1,-5,-119
1754051592.45946,-3,-2,-128
1754051592.49746,0,-4,-121
1754051592.5364602,3,-3,-123
1754051592.57446,9,-2,-119
1754051592.61046,0,0,-121
1754051592.64746,6,0,-121
1754051592.68646,0,-3,-117
1754051592.72446,4,0,-118
1754051592.76046,0,-4,-113
1754051592.79846,2,0,-106
1754051592.83646,5,1,-105
1754051592.87546,9,-4,-113
1754051592.9114602,7,0,-108
1754051592.94846,2,-6,-112
1754051592.9864602,0,2,-115
1754051593.02546,3,6,-106
1754051593.06146,-2,8,-119
1754051593.09946,0,-1,-117
1754051593.1384602,2,6,-111
1754051593.17646,0,-3,-117
1754051593.21546,7,7,-124
1754051593.25146,5,3,-124
1754051593.28846,0,-7,-120
1754051593.32646,0,-3,-120
1754051593.3654602,-9,0,-119
1754051593.4014602,-1,0,-112
1754051593.43946,-5,-4,-110
1754051593.47746,-2,-3,-116
1754051593.5164602,-7,-3,-108
1754051593.5524602,-8,-3,-116
1754051593.59046,1,-1,-122
1754051593.6284602,1,-3,-113
1754051593.66646,-3,-8,-111
1754051593.70546,-5,-4,-111
1754051593.74146,-2,2,-116
1754051593.7794602,2,-1,-120
1754051593.81846,-1,-2,-113
1754051593.85646,3,-2,-116
1754051593.89246,-1,0,-122
1754051593.93046,3,0,-116
1754051593.96846,-1,-1,-122
1754051594.0064602,2,2,-118
1754051594.04546,2,0,-111
1754051594.08146,0,-3,-113
1754051594.11946,5,0,-113
1754051594.1574602,3,-2,-122
1754051594.19646,10,-1,-115
1754051594.23246,2,-1,-116
1754051594.27046,-1,-4,-121
1754051594.3094602,0,-3,-119
1754051594.34746,1,-1,-123
1754051594.38546,0,3,-115
1754051594.4214602,-5,7,-121
1754051594.45946,-4,1,-122
1754051594.49746,-6,-8,-128
1754051594.5364602,0,-6,-121
1754051594.5724602,-2,-8,-115
1754051594.61046,3,0,-122
1754051594.64846,-1,0,-124
1754051594.6874602,0,-1,-127
1754051594.72546,0,-4,-123
1754051594.76146,3,0,-126
1754051594.79846,0,-5,-116
1754051594.83746,2,-4,-112
1754051594.87546,1,-2,-118
1754051594.9114602,4,1,-124
1754051594.94846,0,-3,-118
1754051594.9864602,6,-6,-125
1754051595.02246,3,-11,-126
1754051595.06046,-6,1,-127
1754051595.0984602,0,-3,-123
1754051595.13746,7,9,-112
1754051595.17546,6,0,-113
1754051595.21146,0,1,-108
1754051595.24846,0,2,-116
1754051595.28746,-7,4,-119
1754051595.3254602,-3,3,-122
1754051595.3614602,0,1,-113
1754051595.40046,2,1,-111
1754051595.4374602,-2,2,-122
1754051595.47646,3,3,-133
1754051595.51246,4,-1,-121
1754051595.55046,0,0,-125
1754051595.5884602,-2,0,-108
1754051595.62746,7,1,-128
1754051595.66346,4,0,-119
1754051595.7004602,0,5,-122
1754051595.73846,0,1,-112
1754051595.77746,1,0,-120
1754051595.81346,-5,-1,-126
1754051595.85146,-6,-7,-108
1754051595.88946,-7,-5,-115
1754051595.9274602,1,-2,-118
1754051595.96646,-1,1,-119
1754051596.00246,0,-1,-119
1754051596.04046,4,-3,-120
1754051596.07846,4,-9,-115
1754051596.11746,5,-1,-127
1754051596.15346,5,0,-116
1754051596.19246,-3,-5,-115
1754051596.22946,0,-2,-114
1754051596.26846,2,3,-117
1754051596.30646,6,-9,-114
1754051596.3424602,0,-5,-124
1754051596.38046,3,-1,-116
1754051596.41846,3,0,-114
1754051596.4574602,0,-2,-115
1754051596.4934602,4,-4,-123
1754051596.53146,8,-4,-115
1754051596.5694602,10,0,-119
1754051596.6084602,0,-2,-123
1754051596.64646,1,-2,-127
1754051596.68246,1,0,-122
1754051596.7204602,-7,3,-116
1754051596.75846,9,-4,-123
1754051596.79746,8,0,-123
1754051596.83346,4,-2,-128
1754051596.87246,3,0,-122
1754051596.90946,0,-2,-121
1754051596.94846,-4,-6,-122
1754051596.9864602,3,0,-124
1754051597.02246,-4,0,-127
1754051597.0594602,-2,9,-115
1754051597.0984602,0,4,-110
1754051597.13646,0,1,-104
1754051597.17246,4,4,-119
1754051597.20946,2,-4,-119
1754051597.24846,5,-5,-114
1754051597.2864602,3,0,-120
1754051597.3224602,8,0,-122
1754051597.35946,5,-4,-129
1754051597.39846,5,0,-126
1754051597.43646,-1,-3,-121
1754051597.47246,-3,-4,-125
1754051597.51046,-5,0,-117
1754051597.54846,2,5,-117
1754051597.58746,1,0,-113
1754051597.62346,3,-6,-113
1754051597.6614602,5,-2,-119
1754051597.7074602,9,-3,-116
1754051597.7434602,6,-6,-117
1754051597.78146,-3,-8,-126
1754051597.8194602,-4,-4,-113
1754051597.8584602,-7,-4,-119
1754051597.8944602,-3,-4,-123
1754051597.93246,0,-9,-108
1754051597.9704602,3,-9,-120
1754051598.00846,0,1,-117
1754051598.04746,9,4,-129
1754051598.08346,3,-3,-128
1754051598.12246,4,-3,-122
1754051598.15946,1,-4,-122
1754051598.19846,-2,0,-114
1754051598.23546,-9,3,-113
1754051598.27246,-6,-4,-123
1754051598.31046,-7,-1,-121
1754051598.3484602,3,-4,-120
1754051598.38746,2,5,-123
1754051598.42346,7,-2,-118
1754051598.46146,2,-5,-126
1754051598.49946,0,-3,-124
1754051598.53846,1,-9,-124
1754051598.57446,3,-2,-121
1754051598.61246,0,-4,-115
1754051598.65046,0,-7,-122
1754051598.68946,4,-5,-118
1754051598.72746,6,-1,-118
1754051598.7634602,2,-2,-129
1754051598.8024602,-1,-3,-117
1754051598.83946,0,-5,-117
1754051598.8784602,0,-3,-115
1754051598.9144602,-2,-5,-119
1754051598.95246,0,-7,-115
1754051598.9904602,5,2,-130
1754051599.0294602,0,-3,-122
1754051599.06746,-4,0,-121
1754051599.10346,1,-2,-109
1754051599.1414602,-1,0,-127
1754051599.17946,3,-5,-112
1754051599.21846,4,0,-123
1754051599.25446,-4,-3,-122
1754051599.29346,2,-5,-121
1754051599.33046,2,-5,-121
1754051599.36946,3,0,-117
1754051599.4074602,13,-2,-113
1754051599.44346,18,-2,-106
1754051599.48146,5,0,-104
1754051599.5194602,6,1,-114
1754051599.55846,4,-3,-124
1754051599.59446,1,-2,-111
1754051599.63246,7,-8,-121
1754051599.67046,6,0,-121
1754051599.70946,1,-2,-122
1754051599.74546,7,-2,-125
1754051599.78346,7,0,-121
1754051599.8224602,9,-2,-130
1754051599.85946,4,-8,-123
1754051599.89846,1,-3,-106
1754051599.9344602,-2,2,-124
1754051599.97246,3,1,-121
1754051600.01046,-5,-6,-125
1754051600.0494602,-5,-4,-120
1754051600.0854602,-5,-8,-120
1754051600.12346,-12,-3,-112
1754051600.1614602,2,-4,-113
1754051600.19946,-1,3,-110
1754051600.23846,5,-1,-119
1754051600.27446,4,1,-119
1754051600.3124602,0,0,-106
1754051600.35046,-1,-2,-104
1754051600.38946,-5,3,-112
1754051600.42546,-6,5,-113
1754051600.4634602,0,0,-120
1754051600.50146,4,0,-122
1754051600.5394602,9,-8,-116
1754051600.57846,-1,0,-117
1754051600.61446,9,4,-120
1754051600.6514602,3,8,-118
1754051600.6904602,5,4,-124
1754051600.72846,4,3,-138
1754051600.76446,4,0,-126
1754051600.80146,2,-7,-119
1754051600.84046,4,-3,-116
1754051600.8784602,5,-3,-119
1754051600.9144602,4,-3,-116
1754051600.95246,2,1,-122
1754051600.9904602,4,1,-124
1754051601.0294602,2,2,-115
1754051601.0654602,8,7,-117
1754051601.10246,0,-3,-124
1754051601.14046,2,-4,-121
1754051601.17946,7,-6,-118
1754051601.21546,8,-5,-114
1754051601.2534602,12,-2,-111
1754051601.29146,7,-1,-107
1754051601.33046,0,-5,-120
1754051601.3684602,0,-8,-123
1754051601.4044602,5,-5,-116
1754051601.44346,2,-3,-109
1754051601.4804602,0,1,-118
1754051601.5194602,3,-2,-116
1754051601.55546,6,-8,-119
1754051601.59346,-1,-3,-124
1754051601.6314602,2,-3,-135
1754051601.67046,3,0,-130
1754051601.70846,-1,-2,-126
1754051601.74546,0,2,-126
1754051601.7824602,6,-3,-121
1754051601.82046,3,-4,-127
1754051601.85946,-1,-5,-121
1754051601.89546,-4,-4,-114
1754051601.93346,0,-1,-116
1754051601.97246,-3,-8,-122
1754051602.01046,0,-10,-123
1754051602.0464602,8,0,-120
1754051602.08346,1,0,-119
1754051602.12246,3,-2,-128
1754051602.16046,-1,1,-120
1754051602.19646,7,6,-115
1754051602.2334602,6,-2,-108
1754051602.27246,0,-3,-115
1754051602.31046,1,-3,-121
1754051602.34646,-2,1,-122
1754051602.38546,-3,0,-120
1754051602.42246,-9,0,-127
1754051602.4604602,-1,0,-114
1754051602.49946,2,-7,-120
1754051602.53546,2,-8,-108
1754051602.57346,0,-1,-114
1754051602.6114602,2,2,-114
1754051602.65046,9,-3,-115
1754051602.68646,8,-2,-121
1754051602.72446,0,-1,-123
1754051602.7634602,3,-7,-131
1754051602.80146,0,-2,-118
1754051602.83946,3,-4,-118
1754051602.87646,1,-2,-110
1754051602.91346,3,4,-126
1754051602.95146,1,0,-123
1754051602.9904602,10,1,-123
1754051603.0264602,7,-1,-120
1754051603.06446,8,8,-125
1754051603.10246,0,3,-127
1754051603.1414602,1,2,-122
1754051603.17946,-2,-4,-112
1754051603.21546,-3,0,-121
1754051603.2534602,0,-3,-128
1754051603.29146,4,-4,-125
1754051603.33046,-1,0,-113
1754051603.36646,0,-2,-122
1754051603.40546,5,1,-117
1754051603.44246,7,-3,-109
1754051603.48146,1,0,-114
1754051603.5194602,3,-7,-124
1754051603.55546,-1,-3,-116
1754051603.59346,-1,-6,-117
1754051603.6314602,0,0,-117
1754051603.67046,0,0,-110
1754051603.70646,5,2,-112
1754051603.7434602,-4,-5,-114
1754051603.78146,3,2,-125
1754051603.82046,5,-1,-113
1754051603.85646,2,-2,-115
1754051603.8944602,6,0,-116
1754051603.93246,8,1,-122
1754051603.97146,2,-2,-119
1754051604.00746,-3,-1,-115
1754051604.0464602,-3,-3,-117
1754051604.08346,0,-2,-119
1754051604.1214602,-2,-2,-129
1754051604.16046,-10,-2,-114
1754051604.19646,-5,-8,-114
1754051604.23546,-5,-7,-113
1754051604.27246,-5,-2,-113
1754051604.31146,0,-5,-128
1754051604.34746,2,-4,-131
1754051604.38546,6,0,-130
1754051604.42346,4,-9,-128
1754051604.46146,1,0,-128
1754051604.50046,-5,-1,-128
1754051604.53746,2,0,-121
1754051604.57446,3,4,-122
1754051604.6114602,-2,-2,-111
1754051604.65046,1,-8,-109
1754051604.6874602,1,-3,-105
1754051604.72446,-2,2,-115
1754051604.76246,-6,-5,-112
1754051604.80146,2,1,-112
1754051604.83746,-1,-3,-124
1754051604.87646,-3,0,-120
1754051604.91346,2,4,-123
1754051604.95246,-3,0,-120
1754051604.9904602,0,-7,-127
1754051605.0264602,-4,-3,-126
1754051605.06446,0,-2,-118
1754051605.10246,1,2,-116
1754051605.1414602,-6,2,-125
1754051605.1774602,0,0,-122
1754051605.21546,2,-3,-121
1754051605.25246,0,-1,-122
1754051605.29146,-1,-5,-122
1754051605.32746,1,-2,-130
1754051605.3654602,-2,-5,-114
1754051605.40346,8,-2,-111
1754051605.44246,-2,-4,-120
1754051605.4804602,-3,-9,-115
1754051605.5164602,2,-8,-129
1754051605.55546,1,-3,-128
1754051605.5924602,0,-1,-118
1754051605.6314602,-1,-6,-113
1754051605.66846,-7,2,-116
1754051605.70546,4,2,-116
1754051605.7434602,0,-2,-125
1754051605.7824602,2,2,-121
1754051605.82046,3,-3,-108
1754051605.85646,0,-3,-111
1754051605.8944602,8,-2,-123
1754051605.93246,0,-6,-118
1754051605.97146,2,-1,-112
1754051606.00746,-2,6,-119
1754051606.04546,-3,-4,-119
1754051606.08346,0,-11,-118
1754051606.12246,-1,-5,-111
1754051606.15846,-1,0,-114
1754051606.19646,10,-3,-134
1754051606.23446,2,-4,-125
1754051606.27246,0,4,-127
1754051606.31146,-2,-1,-120
1754051606.34746,1,-1,-120
1754051606.38546,1,0,-125
1754051606.4244602,2,-3,-123
1754051606.46246,4,4,-120
1754051606.49846,2,0,-126
1754051606.5364602,0,2,-109
1754051606.57446,7,4,-112
1754051606.61246,1,-1,-117
1754051606.6514602,0,-1,-112
1754051606.6874602,5,-3,-121
1754051606.72546,2,3,-113
1754051606.7634602,1,-1,-122
1754051606.8024602,12,-8,-120
1754051606.8384602,3,1,-133
1754051606.87546,2,-3,-130
1754051606.91346,6,3,-116
1754051606.95246,-2,2,-123
1754051606.98846,0,0,-118
1754051607.02546,2,-6,-117
1754051607.06346,3,-9,-123
1754051607.10246,6,1,-117
1754051607.1384602,7,2,-109
1754051607.17546,3,0,-122
1754051607.2134602,3,1,-105
1754051607.25246,3,8,-114
1754051607.28846,10,6,-109
1754051607.3254602,7,-1,-107
1754051607.36346,7,0,-114
1754051607.40246,4,0,-105
1754051607.43846,6,-4,-123
1754051607.47546,3,2,-116
1754051607.5134602,5,1,-131
1754051607.5524602,5,3,-121
1754051607.5884602,1,-1,-115
1754051607.62646,3,-4,-134
1754051607.6644602,4,0,-118
1754051607.70846,-1,-3,-105
1754051607.74746,4,-1,-121
1754051607.78446,2,-6,-115
1754051607.82346,1,0,-119
1754051607.8614602,-1,-1,-115
1754051607.89746,-1,0,-117
1754051607.93546,3,0,-122
1754051607.9734602,0,0,-109
1754051608.01246,1,-4,-113
1754051608.04846,0,-3,-105
1754051608.08646,0,-4,-108
1754051608.12446,-1,2,-115
1754051608.16346,-5,-4,-122
1754051608.19946,-8,-1,-124
1754051608.23846,-12,-1,-124
1754051608.27546,-4,-7,-124
1754051608.31346,0,0,-120
1754051608.35246,0,-5,-120
1754051608.3884602,4,-1,-130
1754051608.42646,1,-3,-123
1754051608.46446,-3,-7,-127
1754051608.5034602,1,-4,-121
1754051608.5394602,-1,-6,-125
1754051608.57746,-1,-1,-117
1754051608.6154602,7,2,-119
1754051608.65346,3,1,-109
1754051608.69246,-1,-2,-122
1754051608.72846,0,-1,-128
1754051608.76546,-2,-4,-130
1754051608.80346,-4,-3,-125
1754051608.8424602,0,-3,-118
1754051608.8784602,8,-2,-112
1754051608.9174602,9,2,-112
1754051608.95446,6,-4,-128
1754051608.9934602,8,-8,-124
1754051609.0294602,0,1,-128
1754051609.06746,2,-2,-117
1754051609.10446,4,1,-117
1754051609.14346,2,0,-114
1754051609.17946,-1,1,-125
1754051609.2174602,-6,0,-114
1754051609.25546,0,2,-128
1754051609.29446,-1,1,-120
1754051609.3324602,5,2,-109
1754051609.3684602,-2,0,-108
1754051609.40646,2,-2,-116
1754051609.4444602,0,5,-116
1754051609.4834602,3,8,-123
1754051609.5194602,-6,6,-122
1754051609.55846,-2,1,-113
1754051609.5954602,3,-2,-114
1754051609.6344602,3,4,-117
1754051609.67246,2,-3,-116
1754051609.70846,-2,3,-116
1754051609.7464602,3,0,-126
1754051609.78446,0,-1,-133
1754051609.82346,-3,0,-120
1754051609.85946,0,-3,-126
1754051609.89746,-1,-6,-119
1754051609.93546,4,-6,-114
1754051609.97446,2,-6,-111
1754051610.01246,0,-2,-122
1754051610.04846,0,1,-110
1754051610.08646,2,-1,-114
1754051610.12446,-1,0,-114
1754051610.16346,2,-4,-118
1754051610.19946,0,-5,-127
1754051610.23746,-4,-7,-125
1754051610.27546,0,-1,-121
1754051610.31446,5,-1,-131
1754051610.35046,6,-2,-126
1754051610.3884602,5,-6,-116
1754051610.42646,6,-2,-119
1754051610.46446,9,0,-126
1754051610.5034602,7,3,-127
1754051610.5394602,4,0,-124
1754051610.57746,-5,1,-117
1754051610.6154602,1,6,-115
1754051610.6544602,3,-1,-121
1754051610.6904602,10,2,-121
1754051610.72746,4,2,-125
1754051610.76546,6,2,-117
1754051610.80446,-1,3,-117
1754051610.84046,0,-3,-130
1754051610.8784602,-1,-5,-122
1754051610.9174602,0,-5,-114
1754051610.95446,2,0,-114
1754051610.9934602,-3,0,-118
1754051611.0294602,-1,1,-130
1754051611.06746,-1,2,-130
1754051611.1054602,-2,0,-123
1754051611.1444602,3,3,-122
1754051611.18046,3,0,-118
1754051611.2174602,8,-1,-123
1754051611.25546,2,2,-120
1754051611.29446,5,0,-121
1754051611.33046,5,2,-110
1754051611.36746,7,7,-110
1754051611.40546,0,0,-107
1754051611.4444602,-4,-5,-113
1754051611.4804602,-2,-8,-114
1754051611.51846,0,1,-122
1754051611.55646,-4,1,-118
1754051611.5954602,-2,4,-122
1754051611.63346,-4,2,-118
1754051611.66946,-1,2,-124
1754051611.70846,1,-1,-120
1754051611.74546,13,-4,-118
1754051611.78446,4,-3,-121
1754051611.82046,-2,-5,-123
1754051611.8584602,-7,0,-124
1754051611.89646,-4,1,-125
1754051611.93546,8,-5,-127
1754051611.9734602,7,-1,-122
1754051612.0094602,3,-1,-121
1754051612.04746,3,2,-129
1754051612.0854602,6,0,-121
1754051612.12446,0,2,-121
1754051612.16046,6,4,-120
1754051612.1974602,4,0,-117
1754051612.23546,9,0,-121
1754051612.27446,4,2,-124
1754051612.31046,3,-5,-121
1754051612.3484602,5,-7,-115
1754051612.38746,4,-2,-119
1754051612.42546,4,-2,-115
1754051612.46146,0,2,-110
1754051612.50046,4,2,-122
1754051612.53746,4,-4,-116
1754051612.5754602,2,1,-118
1754051612.61446,7,0,-114
1754051612.65046,-1,-2,-114
1754051612.68846,0,-1,-130
1754051612.72646,-10,0,-121
1754051612.76546,0,0,-126
1754051612.80146,2,-2,-129
1754051612.83946,5,0,-114
1754051612.8784602,-1,-1,-113
1754051612.91546,1,0,-111
1754051612.95446,5,-8,-115
1754051612.99146,4,-7,-105
1754051613.02846,6,-7,-126
1754051613.06646,3,-12,-125
1754051613.1054602,-5,-2,-126
1754051613.1414602,6,1,-117
1754051613.17846,0,2,-125
1754051613.21646,-6,0,-113
1754051613.25546,-5,3,-111
1754051613.29146,-4,0,-111
1754051613.32946,-2,0,-121
1754051613.36746,-4,-4,-115
1754051613.40646,4,2,-104
1754051613.4444602,-4,0,-107
1754051613.4804602,-2,1,-120
1754051613.51846,4,-4,-124
1754051613.55646,7,-2,-121
1754051613.5954602,9,-2,-113
1754051613.6314602,6,-6,-116
1754051613.67046,3,0,-120
1754051613.7074602,2,-1,-119
1754051613.7464602,5,1,-108
1754051613.78446,-2,1,-117
1754051613.82046,-1,-3,-122
1754051613.8584602,5,1,-122
1754051613.89646,1,0,-118
1754051613.93546,-2,4,-132
1754051613.97146,-10,1,-125
1754051614.0094602,-5,-3,-119
1754051614.04746,0,2,-129
1754051614.08646,8,-5,-117
1754051614.12446,-2,4,-118
1754051614.1614602,1,7,-119
1754051614.19846,-3,-1,-126
1754051614.2364602,0,1,-124
1754051614.27546,0,0,-110
1754051614.31146,2,-2,-124
1754051614.34946,5,-1,-126
1754051614.38746,2,-4,-120
1754051614.42646,-1,-7,-120
1754051614.46246,2,-9,-114
1754051614.50046,-1,-1,-125
1754051614.53846,2,-7,-126
1754051614.57646,17,-2,-126
1754051614.6154602,12,-4,-119
1754051614.6514602,9,4,-128
1754051614.68946,13,-6,-133
1754051614.72746,-1,0,-127
1754051614.7664602,-4,3,-115
1754051614.8024602,1,-1,-118
1754051614.84046,3,-1,-115
1754051614.8784602,3,-1,-125
1754051614.91646,9,-2,-113
1754051614.95546,3,-2,-114
1754051614.99146,1,2,-123
1754051615.02846,-4,-2,-123
1754051615.06646,-1,-2,-124
1754051615.1054602,-7,-2,-125
1754051615.1414602,-3,-4,-117
1754051615.17946,1,-1,-114
1754051615.2174602,-5,1,-118
1754051615.2564602,-1,0,-117
1754051615.2924602,4,0,-114
1754051615.33046,0,2,-126
1754051615.3684602,7,2,-120
1754051615.4074602,5,3,-117
1754051615.44546,7,1,-111
1754051615.48146,0,2,-105
1754051615.51846,0,3,-107
1754051615.55746,1,-1,-108
1754051615.5954602,8,0,-120
1754051615.6314602,10,-5,-122
1754051615.67046,2,-1,-123
1754051615.7074602,2,-5,-123
1754051615.7464602,3,1,-122
1754051615.7824602,7,-3,-122
1754051615.82046,5,-1,-114
1754051615.8584602,0,-2,-118
1754051615.89746,3,-4,-120
1754051615.93546,5,-5,-114
1754051615.97146,-1,0,-110
1754051616.0094602,2,-1,-108
1754051616.04746,4,-2,-109
1754051616.08646,-2,5,-113
1754051616.12246,-4,4,-118
1754051616.16046,-4,4,-131
1754051616.19946,-5,2,-130
1754051616.23746,-1,4,-129
1754051616.27546,8,3,-126
1754051616.31146,6,2,-133
1754051616.34946,1,2,-116
1754051616.38746,0,-3,-110
1754051616.42546,-3,-1,-123
1754051616.46246,-3,0,-123
1754051616.50046,0,-4,-121
1754051616.53846,8,0,-134
1754051616.57746,-1,3,-127
1754051616.61346,-2,0,-134
1754051616.6514602,-2,-2,-123
1754051616.68946,7,-7,-114
1754051616.72746,5,-2,-110
1754051616.7664602,6,0,-111
1754051616.8024602,0,0,-127
1754051616.83946,9,2,-115
1754051616.87746,4,-2,-113
1754051616.91646,5,0,-125
1754051616.95246,4,-4,-123
1754051616.98946,0,-3,-125
1754051617.02746,-3,3,-126
1754051617.06646,-1,-2,-122
1754051617.10246,-1,-3,-117
1754051617.14046,7,-6,-116
1754051617.17846,-3,-3,-115
1754051617.2174602,-3,-3,-111
1754051617.2534602,2,-6,-120
1754051617.29146,10,1,-112
1754051617.32946,0,3,-130
1754051617.3684602,-3,0,-127
1754051617.40646,8,-4,-123
1754051617.44246,0,1,-113
1754051617.47946,9,0,-106
1754051617.51846,4,0,-118
1754051617.55646,1,-1,-123
1754051617.5924602,-9,-2,-115
1754051617.63046,-1,2,-113
1754051617.66846,1,8,-128
1754051617.71246,2,2,-131
1754051617.75046,0,-3,-113
1754051617.7894602,2,-2,-111
1754051617.82746,8,0,-118
1754051617.86346,7,0,-121
1754051617.9014602,3,-1,-120
1754051617.93946,6,-4,-120
1754051617.97846,-4,0,-116
1754051618.0164602,0,-2,-122
1754051618.0524602,0,-4,-129
1754051618.09046,0,-7,-118
1754051618.1284602,3,0,-114
1754051618.1674602,9,0,-119
1754051618.20346,7,1,-116
1754051618.2404602,-2,-1,-135
1754051618.27846,-8,-7,-121
1754051618.31746,-2,-3,-122
1754051618.35346,2,-6,-125
1754051618.3914602,-1,-3,-130
1754051618.42946,1,-2,-114
1754051618.46846,-2,-2,-121
1754051618.50446,-4,-2,-130
1754051618.5424602,0,5,-118
1754051618.58046,-2,0,-119
1754051618.6184602,-7,5,-115
1754051618.6574602,0,4,-116
1754051618.69346,0,-7,-118
1754051618.7304602,-5,-7,-120
1754051618.7694602,-6,2,-115
1754051618.80746,-7,-3,-112
1754051618.84346,-6,0,-111
1754051618.88046,-8,-3,-105
1754051618.91946,-9,0,-119
1754051618.9574602,-2,0,-120
1754051618.9934602,0,-3,-123
1754051619.03046,-1,-4,-121
1754051619.0694602,-2,-7,-114
1754051619.10746,6,4,-117
1754051619.14346,-1,2,-119
1754051619.18246,0,3,-121
1754051619.21946,0,0,-110
1754051619.25846,0,-5,-119
1754051619.29446,3,4,-111
1754051619.3324602,1,-3,-107
1754051619.36946,10,-1,-111
1754051619.40846,12,1,-117
1754051619.4444602,7,-8,-124
1754051619.48246,-1,-1,-114
1754051619.52046,3,2,-112
1754051619.5594602,12,-7,-120
1754051619.59746,1,-6,-126
1754051619.63346,-1,-3,-131
1754051619.6714602,4,-2,-139
1754051619.7104602,0,-1,-127
1754051619.74846,7,-2,-120
1754051619.78446,8,0,-132
1754051619.82146,7,-3,-115
1754051619.85946,8,-8,-116
1754051619.89846,6,0,-125
1754051619.9344602,0,7,-113
1754051619.97146,-2,0,-120
1754051620.0094602,0,-5,-124
1754051620.04846,0,-1,-121
1754051620.08446,-3,0,-124
1754051620.12346,0,-10,-122
1754051620.16046,1,0,-126
1754051620.19946,6,-2,-111
1754051620.23746,1,2,-119
1754051620.27346,2,1,-124
1754051620.31046,5,-9,-117
1754051620.34946,-1,-8,-125
1754051620.38746,3,-2,-121
1754051620.4244602,5,-1,-117
1754051620.46246,1,-3,-126
1754051620.50046,3,-2,-124
1754051620.5394602,5,-2,-117
1754051620.5754602,1,-2,-119
1754051620.61346,-4,0,-120
1754051620.65246,4,0,-125
1754051620.68946,-5,0,-119
1754051620.72846,0,1,-116
1754051620.76446,-2,-2,-128
1754051620.8024602,0,0,-131
1754051620.84046,-1,-8,-133
1754051620.87946,-1,-4,-117
1754051620.91546,4,1,-122
1754051620.95246,3,2,-122
1754051620.9904602,0,0,-108
1754051621.0294602,1,0,-119
1754051621.0654602,-2,4,-119
1754051621.10346,0,0,-124
1754051621.1414602,6,4,-121
1754051621.17946,6,-1,-117
1754051621.21846,-5,0,-124
1754051621.25446,-4,-3,-120
1754051621.29346,2,1,-114
1754051621.33046,3,-2,-130
1754051621.36946,8,3,-120
1754051621.40546,7,-1,-121
1754051621.44346,6,-4,-112
1754051621.48146,2,-5,-119
1754051621.52046,-1,-2,-117
1754051621.55846,3,2,-114
1754051621.59446,4,0,-117
1754051621.6314602,6,-6,-112
1754051621.67046,7,3,-122
1754051621.70846,3,2,-112
1754051621.74446,-6,1,-118
1754051621.7824602,-7,-6,-126
1754051621.82046,1,-8,-113
1754051621.85946,-2,3,-109
1754051621.89546,-2,4,-117
1754051621.93346,6,2,-116
1754051621.97246,0,-5,-117
1754051622.01046,3,7,-106
1754051622.04846,0,0,-109
1754051622.08446,-4,0,-114
1754051622.1214602,-3,-9,-116
1754051622.16046,-6,-5,-123
1754051622.19846,0,-3,-124
1754051622.23446,0,-4,-124
1754051622.27246,0,-2,-116
1754051622.31046,6,-3,-113
1754051622.34946,2,-5,-123
1754051622.38546,4,-4,-120
1754051622.42346,-6,0,-124
1754051622.46146,0,0,-129
1754051622.50046,-5,3,-125
1754051622.53846,-2,-4,-117
1754051622.57446,-3,0,-113
1754051622.61246,3,0,-112
1754051622.65046,2,1,-124
1754051622.68946,1,-1,-118
1754051622.72546,1,7,-121
1754051622.76246,-5,-4,-117
1754051622.80046,-3,-4,-112
1754051622.83946,-4,-3,-114
1754051622.87546,-5,0,-121
1754051622.9144602,0,0,-128
1754051622.95146,0,1,-119
1754051622.9904602,4,-6,-117
1754051623.0264602,8,-4,-105
1754051623.06446,-1,-1,-111
1754051623.10246,4,-2,-120
1754051623.14046,2,-2,-103
1754051623.17946,0,-2,-115
1754051623.21546,5,-2,-116
1754051623.2534602,3,-3,-117
1754051623.2924602,3,-2,-119
1754051623.33046,0,-7,-115
1754051623.36646,-7,-4,-125
1754051623.4044602,5,-3,-124
1754051623.44246,0,2,-119
1754051623.48146,5,7,-110
1754051623.5194602,4,4,-105
1754051623.55546,3,-6,-108
1754051623.59346,-1,-2,-124
1754051623.6314602,-4,0,-127
1754051623.67046,7,-1,-112
1754051623.70646,5,-1,-111
1754051623.74446,0,1,-115
1754051623.7824602,6,1,-115
1754051623.82146,7,-7,-124
1754051623.85946,1,-5,-124
1754051623.89546,4,4,-117
1754051623.9344602,1,-1,-116
1754051623.97146,2,-3,-118
1754051624.01046,3,0,-123
1754051624.0464602,5,1,-120
1754051624.08446,1,0,-118
1754051624.1214602,0,-3,-119
1754051624.16046,7,-9,-114
1754051624.19646,3,-4,-112
1754051624.23446,-1,-4,-115
1754051624.27246,0,-1,-118
1754051624.31146,2,1,-124
1754051624.34946,1,-4,-119
1754051624.38546,3,0,-129
1754051624.42246,1,-1,-112
1754051624.46146,-3,3,-120
1754051624.49946,3,3,-124
1754051624.53546,1,1,-126
1754051624.5724602,2,0,-125
1754051624.6114602,2,-3,-125
1754051624.64946,-2,-2,-117
1754051624.68646,-7,-4,-115
1754051624.72446,0,-4,-115
1754051624.76246,-5,-6,-113
1754051624.80146,7,-6,-112
1754051624.8384602,1,-1,-119
1754051624.87546,0,-4,-117
1754051624.91346,5,0,-117
1754051624.95146,3,-3,-110
1754051624.9904602,6,-3,-110
1754051625.0264602,6,-4,-120
1754051625.06446,-1,-2,-114
1754051625.10246,-3,-1,-117
1754051625.1414602,0,1,-111
1754051625.1774602,4,-1,-115
1754051625.21546,1,-2,-117
1754051625.25446,0,-3,-122
1754051625.29146,-3,0,-120
1754051625.33046,3,2,-117
1754051625.36646,1,1,-110
1754051625.40346,4,-7,-115
1754051625.44146,0,-8,-120
1754051625.4804602,4,-1,-116
1754051625.5164602,0,1,-116
1754051625.55346,-6,-3,-113
1754051625.5924602,2,-6,-116
1754051625.63046,-6,-1,-117
1754051625.66646,1,0,-111
1754051625.70346,-4,3,-105
1754051625.74246,0,-1,-117
1754051625.78046,-1,2,-117
1754051625.81646,2,3,-119
1754051625.85346,-9,0,-126
1754051625.89246,-4,0,-124
1754051625.93046,-1,-2,-122
1754051625.96646,1,1,-116
1754051626.0034602,2,-2,-106
1754051626.0424602,9,2,-107
1754051626.08046,5,3,-114
1754051626.11646,5,-4,-120
1754051626.1544602,-2,-5,-113
1754051626.19246,0,-4,-113
1754051626.23146,3,-6,-112
1754051626.26746,5,-10,-120
1754051626.30546,-3,-8,-124
1754051626.34346,2,-5,-123
1754051626.38246,-2,0,-109
1754051626.42046,-3,2,-111
1754051626.45646,-2,-2,-119
1754051626.49546,0,-4,-113
1754051626.5324602,-1,-9,-117
1754051626.57146,0,-7,-127
1754051626.60746,-3,-7,-119
1754051626.64546,2,2,-128
1754051626.68346,0,3,-131
1754051626.72246,-3,0,-117
1754051626.75846,-4,-4,-118
1754051626.7964602,2,0,-119
1754051626.83446,8,-3,-122
1754051626.87246,3,-7,-121
1754051626.9114602,0,-1,-116
1754051626.9474602,-2,-2,-111
1754051626.9864602,-5,5,-116
1754051627.02446,-8,-3,-111
1754051627.0624602,-2,-2,-114
1754051627.0984602,-6,-3,-117
1754051627.13646,-3,-2,-113
1754051627.1744602,-6,-9,-112
1754051627.2134602,-1,-9,-116
1754051627.25146,-11,-6,-112
1754051627.28746,-7,-5,-127
1754051627.3254602,-5,-2,-119
1754051627.36346,-2,0,-113
1754051627.40246,-1,-4,-122
1754051627.43846,-1,-1,-115
1754051627.47646,1,-2,-119
1754051627.51446,-1,-3,-121
1754051627.5524602,4,1,-116
1754051627.59146,6,0,-107
1754051627.62746,12,-6,-112
1754051627.66546,6,0,-123
1754051627.70446,0,-4,-120
1754051627.74746,2,-2,-118
1754051627.7864602,-2,-5,-118
1754051627.82446,4,-5,-125
1754051627.86246,6,-7,-114
1754051627.89846,4,-7,-123
1754051627.9374602,6,-5,-115
1754051627.97446,4,0,-127
1754051628.0134602,0,8,-122
1754051628.05146,4,16,-125
1754051628.08746,4,2,-118
1754051628.12446,-3,-4,-113
1754051628.16346,-2,-4,-112
1754051628.20146,3,-6,-114
1754051628.23746,1,-10,-117
1754051628.27546,0,-1,-117
1754051628.31346,2,0,-118
1754051628.35246,0,-4,-111
1754051628.3884602,4,-10,-117
1754051628.42646,1,-6,-116
1754051628.46446,-2,-3,-134
1754051628.5034602,5,-1,-121
1754051628.54146,0,-1,-121
1754051628.57746,1,-6,-115
1754051628.61646,1,-2,-128
1754051628.65346,1,5,-132
1754051628.69246,3,2,-129
1754051628.72846,3,-4,-119
1754051628.7664602,0,-2,-116
1754051628.80446,0,-6,-107
1754051628.84346,1,7,-117
1754051628.87946,-6,6,-119
1754051628.9174602,-2,0,-127
1754051628.95546,-5,0,-129
1754051628.9934602,2,7,-122
1754051629.0324602,0,3,-120
1754051629.06846,-3,-3,-123
1754051629.10646,0,-2,-122
1754051629.1444602,1,3,-124
1754051629.18346,0,2,-118
1754051629.21946,-4,3,-129
1754051629.25746,2,-3,-127
1754051629.29546,3,1,-112
1754051629.33346,8,0,-109
1754051629.37246,-2,-8,-125
1754051629.40846,-4,-2,-124
1754051629.44646,-1,-2,-135
1754051629.48446,-2,2,-119
1754051629.52346,2,0,-120
1754051629.5594602,4,1,-111
1754051629.59646,2,2,-121
1754051629.63546,3,5,-120
1754051629.67346,3,-4,-126
1754051629.70946,3,-4,-118
1754051629.74746,8,-6,-124
1754051629.78546,4,-13,-124
1754051629.82446,0,-3,-112
1754051629.86246,7,4,-129
1754051629.89846,3,2,-131
1754051629.93546,-3,7,-117
1754051629.97446,0,5,-109
1754051630.01246,0,0,-117
1754051630.04846,-5,0,-115
1754051630.08746,7,-3,-118
1754051630.12446,8,-6,-121
1754051630.16346,-1,4,-116
1754051630.19946,4,3,-123
1754051630.2364602,-1,-2,-127
1754051630.27446,0,-7,-116
1754051630.31346,-1,0,-122
1754051630.34946,-1,-9,-117
1754051630.38746,7,0,-115
1754051630.42546,8,2,-118
1754051630.46446,0,1,-124
1754051630.50246,-4,0,-130
1754051630.53846,-7,2,-128
1754051630.57646,-8,1,-121
1754051630.61446,-9,-2,-116
1754051630.65346,-1,0,-123
1754051630.68946,0,0,-125
1754051630.72746,2,1,-121
1754051630.7664602,3,2,-116
1754051630.80446,-1,0,-113
1754051630.8424602,-4,-5,-112
1754051630.8784602,-3,1,-128
1754051630.91646,4,3,-136
1754051630.95446,0,-4,-125
1754051630.9934602,0,-1,-118
1754051631.0294602,4,0,-116
1754051631.06646,-3,0,-121
1754051631.10446,0,-6,-112
1754051631.14346,1,-5,-119
1754051631.17946,6,-4,-122
1754051631.2174602,1,8,-114
1754051631.25546,2,3,-122
1754051631.29446,7,0,-113
1754051631.33046,1,-6,-119
1754051631.3684602,0,0,-105
1754051631.4074602,0,-5,-112
1754051631.44546,-8,-3,-111
1754051631.4834602,-1,-5,-110
1754051631.5194602,5,-1,-112
1754051631.55746,0,-1,-121
1754051631.5954602,1,-2,-135
1754051631.6344602,3,6,-122
1754051631.67046,6,4,-119
1754051631.7074602,7,0,-115
1754051631.74546,0,-3,-119
1754051631.78446,2,-6,-118
1754051631.82046,0,-2,-124
1754051631.85746,-3,4,-117
1754051631.89546,-7,3,-117
1754051631.9344602,2,5,-109
1754051631.9704602,3,0,-107
1754051632.00746,5,1,-111
1754051632.04546,6,6,-113
1754051632.08446,3,2,-114
1754051632.12046,2,2,-129
1754051632.1574602,3,4,-125
1754051632.19546,3,-5,-123
1754051632.23446,0,-5,-118
1754051632.27046,1,-1,-116
1754051632.30846,6,2,-127
1754051632.34646,3,-2,-126
1754051632.38546,-1,-7,-119
1754051632.42346,-9,0,-113
1754051632.45946,-9,-3,-130
1754051632.49746,-1,4,-127
1754051632.53546,-4,-1,-121
1754051632.57446,-2,-2,-118
1754051632.61046,0,-4,-121
1754051632.64946,0,-2,-108
1754051632.68646,1,3,-118
1754051632.72546,3,7,-126
1754051632.7634602,-1,3,-117
1754051632.7994602,1,-4,-123
1754051632.83746,1,-1,-137
1754051632.87546,1,-7,-134
1754051632.9144602,2,4,-128
1754051632.9504602,6,0,-131
1754051632.98846,1,-9,-134
1754051633.0264602,-4,-2,-118
1754051633.0654602,-6,2,-116
1754051633.10146,0,2,-117
1754051633.1384602,3,0,-114
1754051633.17646,4,6,-113
1754051633.21546,3,0,-112
1754051633.25146,0,-5,-113
1754051633.28846,11,-1,-115
1754051633.32646,0,-2,-125
1754051633.3654602,5,-1,-127
1754051633.4014602,8,-1,-136
1754051633.43946,0,-5,-124
1754051633.47746,3,-1,-119
1754051633.51546,1,0,-129
1754051633.55446,3,3,-117
1754051633.59046,0,1,-123
1754051633.62746,3,0,-118
1754051633.66546,2,-5,-122
1754051633.70446,1,1,-109
1754051633.7404602,1,-6,-112
1754051633.77846,-2,-8,-112
1754051633.81646,-3,-5,-123
1754051633.8554602,-12,-7,-119
1754051633.8914602,-4,-13,-115
1754051633.92946,-4,-7,-120
1754051633.9674602,-1,-6,-120
1754051634.0064602,1,-1,-116
1754051634.04446,0,-5,-119
1754051634.08146,0,-2,-118
1754051634.1184602,-5,0,-116
1754051634.15646,0,-8,-114
1754051634.19546,-4,-3,-127
1754051634.23146,-2,-5,-131
1754051634.2694602,5,-2,-127
1754051634.30746,5,-8,-122
1754051634.34646,4,-2,-120
1754051634.3844602,4,-2,-122
1754051634.42046,0,-4,-121
1754051634.45846,3,-1,-111
1754051634.4964602,2,-6,-118
1754051634.53546,0,-4,-114
1754051634.57146,0,-9,-126
1754051634.60946,2,-10,-121
1754051634.64746,1,-1,-116
1754051634.68646,-4,-5,-114
1754051634.72446,-1,0,-106
1754051634.76046,-2,0,-103
1754051634.79746,0,-4,-114
1754051634.83646,2,-4,-121
1754051634.87446,0,0,-116
1754051634.91046,-1,-5,-117
1754051634.94846,-1,0,-118
1754051634.9864602,-3,0,-127
1754051635.02546,-5,-2,-120
1754051635.06146,-2,-5,-121
1754051635.09946,2,-2,-117
1754051635.13746,-4,2,-113
1754051635.17646,1,0,-114
1754051635.21246,-1,-2,-115
1754051635.25046,-2,-2,-127
1754051635.28846,0,-4,-122
1754051635.32646,-2,-3,-122
1754051635.3654602,9,-4,-125
1754051635.4014602,4,0,-123
1754051635.43846,1,-2,-121
1754051635.47646,2,3,-127
1754051635.51546,0,0,-111
1754051635.55146,0,-1,-105
1754051635.58946,-2,-4,-118
1754051635.6284602,-2,-5,-121
1754051635.66646,-3,-5,-119
1754051635.70246,-1,3,-117
1754051635.7404602,4,-2,-111
1754051635.77846,4,-1,-102
1754051635.81646,2,0,-107
1754051635.8554602,2,2,-121
1754051635.8914602,8,-3,-121
1754051635.92946,2,-8,-123
1754051635.9674602,-3,-9,-126
1754051636.0064602,-4,-6,-119
1754051636.0424602,-10,-7,-121
1754051636.08046,-5,-3,-120
1754051636.1184602,4,0,-128
1754051636.1574602,2,-1,-118
1754051636.19546,-4,-1,-119
1754051636.23146,-7,-6,-118
1754051636.2694602,-1,-6,-114
1754051636.30746,1,0,-113
1754051636.34646,4,-1,-119
1754051636.38246,4,-1,-127
1754051636.42046,0,1,-126
1754051636.45846,5,-3,-119
1754051636.49746,-2,-2,-131
1754051636.53546,0,1,-134
1754051636.5724602,-4,-5,-133
1754051636.61046,0,-4,-136
1754051636.64746,2,-4,-126
1754051636.68646,12,0,-126
1754051636.72246,2,1,-121
1754051636.76046,-2,2,-118
1754051636.79746,6,1,-110
1754051636.83646,3,-2,-111
1754051636.87246,2,-5,-113
1754051636.91046,-3,-7,-115
1754051636.94846,6,-9,-120
1754051636.98746,0,-6,-126
1754051637.02546,0,-4,-120
1754051637.06146,2,-1,-124
1754051637.09946,-5,-2,-133
1754051637.13746,-1,-5,-133
1754051637.17646,-1,-5,-129
1754051637.21246,4,4,-122
1754051637.24946,-1,-1,-120
1754051637.28746,8,1,-115
1754051637.32646,2,-2,-118
1754051637.36246,-1,3,-116
1754051637.40046,0,0,-114
1754051637.43846,2,0,-119
1754051637.47746,-2,-4,-116
1754051637.5134602,2,-1,-123
1754051637.55146,-2,0,-125
1754051637.58946,0,-5,-118
1754051637.6284602,-4,-2,-115
1754051637.66646,5,1,-111
1754051637.70246,1,1,-128
1754051637.73946,8,2,-123
1754051637.78346,-3,3,-114
1754051637.8224602,-9,3,-113
1754051637.86046,-2,2,-120
1754051637.89746,-3,1,-112
1754051637.93646,0,1,-116
1754051637.97246,2,1,-115
1754051638.01046,0,-4,-120
1754051638.04846,1,-1,-118
1754051638.08746,-1,2,-117
1754051638.12346,1,0,-117
1754051638.16046,5,1,-113
1754051638.19846,3,2,-114
1754051638.23746,7,0,-109
1754051638.27346,7,3,-113
1754051638.31146,3,0,-119
1754051638.34946,0,-3,-110
1754051638.3884602,-2,-3,-129
1754051638.42646,3,-4,-112
1754051638.46246,3,-2,-108
1754051638.50046,6,-5,-121
1754051638.53846,3,-1,-118
1754051638.57746,5,1,-118
1754051638.61346,7,5,-116
1754051638.6514602,6,-2,-114
1754051638.68946,10,-5,-116
1754051638.72846,-1,7,-122
1754051638.7664602,6,8,-129
1754051638.8024602,1,2,-120
1754051638.83946,0,2,-132
1754051638.8784602,-1,0,-125
1754051638.91646,2,-2,-124
1754051638.95246,1,1,-124
1754051638.98946,6,1,-115
1754051639.02846,0,-2,-109
1754051639.06646,2,-1,-120
1754051639.10246,-1,-1,-120
1754051639.14046,-4,-9,-103
1754051639.17846,-3,-4,-108
1754051639.2174602,-2,-2,-118
1754051639.2534602,-1,-4,-123
1754051639.29146,7,-6,-112
1754051639.32946,2,-2,-115
1754051639.3684602,-5,-2,-129
1754051639.4044602,-6,-1,-119
1754051639.44246,0,2,-115
1754051639.4804602,-2,3,-116
1754051639.51846,-4,0,-130
1754051639.55746,-1,2,-127
1754051639.59346,1,2,-126
1754051639.63046,-6,0,-117
1754051639.66846,2,0,-117
1754051639.7074602,5,-5,-114
1754051639.7434602,13,-2,-115
1754051639.7824602,-2,-6,-113
1754051639.8194602,9,1,-117
1754051639.8584602,6,2,-114
1754051639.8944602,1,-11,-126
1754051639.93246,0,-4,-110
1754051639.9704602,2,0,-115
1754051640.00846,-2,0,-112
1754051640.04746,0,-2,-131
1754051640.08346,1,3,-124
1754051640.12046,5,1,-127
1754051640.15946,6,-4,-119
1754051640.1974602,5,2,-125
1754051640.2334602,3,-2,-117
1754051640.27146,5,0,-123
1754051640.3094602,7,0,-132
1754051640.3484602,11,-6,-124
1754051640.3844602,1,-7,-112
1754051640.42346,-4,-1,-113
1754051640.4604602,0,2,-123
1754051640.49946,-2,-2,-120
1754051640.53746,-6,1,-114
1754051640.57346,-14,-2,-124
1754051640.6114602,-8,1,-124
1754051640.64946,-5,0,-116
1754051640.68846,-7,0,-117
1754051640.72446,-1,-6,-115
1754051640.76246,-6,-6,-113
1754051640.80046,0,-1,-118
1754051640.83946,-3,-7,-121
1754051640.87746,3,0,-132
1754051640.9144602,10,3,-120
1754051640.95146,8,2,-123
1754051640.98946,-2,-2,-119
1754051641.02846,-4,-2,-110
1754051641.06446,3,-2,-121
1754051641.10246,3,-1,-113
1754051641.14046,6,-1,-109
1754051641.17946,-1,3,-131
1754051641.2174602,-5,3,-120
1754051641.25546,3,1,-113
1754051641.2924602,1,3,-113
1754051641.33046,-1,1,-117
1754051641.36946,-13,-1,-114
1754051641.40546,-3,-4,-113
1754051641.44346,3,0,-116
1754051641.48146,7,0,-111
1754051641.5194602,6,-3,-111
1754051641.55846,-3,-1,-118
1754051641.59446,-6,0,-108
1754051641.63246,-3,-2,-112
1754051641.67046,-1,0,-111
1754051641.70946,-2,-3,-116
1754051641.74546,1,-3,-111
1754051641.78346,1,5,-126
1754051641.82146,-3,3,-112
1754051641.86046,3,4,-118
1754051641.89846,10,-5,-117
1754051641.9344602,8,-11,-115
1754051641.9734602,-4,-1,-107
1754051642.01046,-5,-7,-110
1754051642.0494602,4,-5,-117
1754051642.08646,4,-4,-115
1754051642.12346,3,-3,-114
1754051642.1614602,3,0,-121
1754051642.2004602,-5,-2,-125
1754051642.23846,-2,-5,-128
1754051642.27446,-4,-3,-115
1754051642.3124602,-5,-3,-115
1754051642.35046,0,-3,-111
1754051642.38946,0,-3,-111
1754051642.42546,3,-4,-102
1754051642.4634602,7,0,-109
1754051642.50246,5,-4,-115
1754051642.54046,-5,-2,-110
1754051642.57846,1,-1,-111
1754051642.61446,0,0,-111
1754051642.6514602,2,0,-123
1754051642.6904602,-2,-2,-119
1754051642.72846,-1,-2,-131
1754051642.76446,1,3,-120
1754051642.80146,10,-4,-126
1754051642.84046,7,-3,-116
1754051642.8784602,0,-6,-125
1754051642.9144602,3,3,-131
1754051642.95246,-6,0,-136
1754051642.9904602,-3,0,-114
1754051643.02846,0,-1,-126
1754051643.06446,-1,-8,-124
1754051643.10246,-4,1,-129
1754051643.14046,7,0,-125
1754051643.17946,0,-3,-124
1754051643.21546,-2,-2,-116
1754051643.2534602,10,-5,-112
1754051643.29146,1,-3,-117
1754051643.33046,5,-4,-123
1754051643.3684602,0,-2,-123
1754051643.4044602,5,-4,-124
1754051643.44246,1,-2,-124
1754051643.4804602,-3,2,-137
1754051643.5194602,-1,4,-113
1754051643.55546,2,0,-117
1754051643.5924602,-3,-2,-126
1754051643.63046,0,-5,-125
1754051643.66946,1,0,-115
1754051643.70546,4,1,-120
1754051643.74246,1,2,-116
1754051643.78046,0,1,-104
1754051643.8194602,0,0,-106
1754051643.8554602,-5,-1,-122
1754051643.89346,0,0,-114
1754051643.93146,1,1,-122
1754051643.9704602,0,-2,-126
1754051644.0064602,-1,-6,-123
1754051644.04446,-1,-4,-119
1754051644.0824602,-5,-7,-127
1754051644.12046,0,-1,-116
1754051644.15946,4,-1,-128
1754051644.19546,5,1,-124
1754051644.23246,-1,-1,-118
1754051644.27046,-3,-2,-107
1754051644.3094602,-3,-2,-109
1754051644.3454602,-2,-2,-114
1754051644.38346,-8,-3,-113
1754051644.42246,-4,-1,-108
1754051644.4604602,-3,-3,-109
1754051644.4964602,-1,-1,-108
1754051644.53446,3,4,-118
1754051644.5724602,-3,0,-116
1754051644.6114602,4,-7,-118
1754051644.64946,6,-4,-108
1754051644.68546,-2,-1,-117
1754051644.7234602,0,1,-117
1754051644.76146,2,0,-114
1754051644.80046,3,4,-120
1754051644.83646,3,1,-117
1754051644.87346,3,-4,-120
1754051644.9114602,1,2,-129
1754051644.9504602,0,1,-125
1754051644.9864602,-2,2,-106
1754051645.02446,0,-2,-120
1754051645.0624602,2,-1,-118
1754051645.10146,0,0,-98
1754051645.13946,2,-4,-112
1754051645.17546,3,0,-120
1754051645.21246,-9,-8,-119
1754051645.25146,1,-7,-115
1754051645.2894602,-1,0,-129
1754051645.3254602,-2,4,-123
1754051645.36346,11,-4,-112
1754051645.4014602,5,-4,-119
1754051645.44146,5,-7,-123
1754051645.47946,1,-11,-122
1754051645.5164602,2,-9,-119
1754051645.55446,-5,-7,-113
1754051645.5924602,2,3,-116
1754051645.6314602,-3,-5,-123
1754051645.6674602,5,0,-133
1754051645.70446,3,-3,-134
1754051645.74246,0,0,-120
1754051645.78146,-1,6,-115
1754051645.81746,6,0,-120
1754051645.85446,9,4,-128
1754051645.89246,-2,0,-126
1754051645.93146,2,4,-138
1754051645.9674602,-2,0,-130
1754051646.00546,5,-1,-119
1754051646.04346,6,5,-113
1754051646.0824602,3,1,-109
1754051646.12046,4,-4,-109
1754051646.15646,6,1,-113
1754051646.19346,2,0,-116
1754051646.23246,-6,-2,-115
1754051646.27046,-5,4,-119
1754051646.30646,0,0,-116
1754051646.34346,1,0,-121
1754051646.38246,-5,-6,-116
1754051646.42046,-4,-1,-124
1754051646.45646,-7,0,-128
1754051646.4934602,-4,1,-119
1754051646.5324602,4,-5,-122
1754051646.57046,6,4,-109
1754051646.60646,3,0,-119
1754051646.64346,-2,-2,-127
1754051646.68246,-1,1,-117
1754051646.7204602,0,-3,-123
1754051646.7564602,-6,-2,-128
1754051646.79546,2,-3,-120
1754051646.8324602,7,-4,-118
1754051646.8714602,-2,0,-118
1754051646.9074602,-2,0,-123
1754051646.94546,6,-1,-126
1754051646.98246,5,-8,-122
1754051647.02146,3,-4,-127
1754051647.05746,5,1,-122
1754051647.0954602,7,-2,-124
1754051647.13246,4,-3,-122
1754051647.1714602,0,-2,-98
1754051647.2074602,2,-1,-101
1754051647.24546,0,-2,-105
1754051647.28346,1,0,-103
1754051647.3224602,3,-4,-120
1754051647.36046,-3,3,-126
1754051647.39646,-2,1,-116
1754051647.4344602,5,-1,-116
1754051647.47246,7,-2,-113
1754051647.51146,6,-3,-129
1754051647.54746,3,-2,-117
1754051647.58646,0,-2,-109
1754051647.62346,1,1,-116
1754051647.66246,1,1,-119
1754051647.69846,-1,-5,-138
1754051647.7364602,-1,-2,-119
1754051647.77446,-1,1,-118
1754051647.81846,-2,-9,-123
1754051647.85646,-5,-10,-124
1754051647.89546,-2,0,-122
1754051647.93246,0,-5,-124
1754051647.97146,5,-3,-119
1754051648.00746,12,-12,-119
1754051648.04546,4,-8,-116
1754051648.08346,0,-5,-122
1754051648.12246,2,-2,-114
1754051648.15846,-2,-6,-123
1754051648.19646,3,-2,-122
1754051648.23446,4,0,-124
1754051648.27346,8,-7,-113
1754051648.31146,-1,-8,-111
1754051648.34746,-1,-3,-115
1754051648.38546,0,2,-121
1754051648.42346,0,4,-108
1754051648.46246,1,-1,-113
1754051648.49846,0,0,-119
1754051648.53546,0,-2,-109
1754051648.57346,-1,1,-118
1754051648.61246,2,2,-122
1754051648.64846,4,2,-117
1754051648.68546,2,1,-122
1754051648.7234602,2,2,-136
1754051648.76246,4,0,-136
1754051648.79846,-1,0,-114
1754051648.8354602,0,3,-118
1754051648.87346,0,6,-111
1754051648.91246,3,-2,-114
1754051648.94846,7,-2,-117
1754051648.9864602,6,-5,-127
1754051649.02446,8,7,-119
1754051649.06346,9,5,-108
1754051649.10146,2,3,-113
1754051649.13746,0,5,-116
1754051649.1744602,0,4,-111
1754051649.2134602,1,0,-115
1754051649.25146,-4,-2,-116
1754051649.28746,-3,0,-119
1754051649.3254602,3,-1,-119
1754051649.36346,1,4,-122
1754051649.40246,-5,-5,-124
1754051649.43846,0,-6,-112
1754051649.47646,-3,-5,-120
1754051649.51446,0,-1,-120
1754051649.55346,1,-1,-122
1754051649.59146,5,-6,-117
1754051649.62746,0,-2,-112
1754051649.66546,3,5,-118
1754051649.70346,-6,0,-122
1754051649.74246,0,-7,-126
1754051649.77846,5,-2,-131
1754051649.81646,3,0,-126
1754051649.85446,2,0,-114
1754051649.89346,-1,-6,-116
1754051649.92946,6,-10,-116
1754051649.9674602,1,-3,-123
1754051650.0064602,3,0,-106
1754051650.04346,-1,3,-121
1754051650.0824602,-3,-2,-112
1754051650.1184602,3,-3,-112
1754051650.15646,4,-4,-113
1754051650.1944602,-1,-5,-119
1754051650.2334602,0,0,-129
1754051650.2694602,6,3,-125
1754051650.30646,3,0,-120
1754051650.3454602,0,7,-129
1754051650.38346,3,-1,-117
1754051650.41946,0,0,-113
1754051650.45646,3,0,-111
1754051650.49546,0,-3,-113
1754051650.53346,-3,2,-112
1754051650.5694602,-4,-1,-119
1754051650.60746,0,-7,-125
1754051650.64546,-4,-6,-123
1754051650.6844602,1,-2,-133
1754051650.72246,2,-6,-118
1754051650.75846,3,-4,-128
1754051650.79546,3,-1,-128
1754051650.83446,-1,2,-127
1754051650.87246,-5,-5,-117
1754051650.90846,-6,-7,-117
1754051650.94646,3,0,-117
1754051650.98546,2,3,-116
1754051651.02346,1,2,-120
1754051651.0594602,-2,-4,-120
1754051651.09746,-1,-3,-112
1754051651.13546,0,-2,-112
1754051651.1744602,-1,0,-115
1754051651.21246,4,-2,-105
1754051651.24846,0,-1,-103
1754051651.2864602,-1,5,-110
1754051651.32446,3,7,-115
1754051651.36346,8,-2,-116
1754051651.39946,11,6,-110
1754051651.43646,5,0,-118
1754051651.47446,5,0,-115
1754051651.5134602,4,4,-122
1754051651.5494602,0,3,-121
1754051651.58646,1,3,-123
1754051651.62446,0,0,-126
1754051651.66346,-7,-4,-116
1754051651.69946,3,3,-118
1754051651.7364602,2,-4,-124
1754051651.77446,3,-3,-123
1754051651.81346,-4,-4,-120
1754051651.84946,0,2,-116
1754051651.88646,-2,9,-112
1754051651.9244602,0,6,-127
1754051651.9634602,6,0,-115
1754051651.99946,-2,-6,-117
1754051652.03746,0,-4,-128
1754051652.0754602,-2,0,-130
1754051652.11446,0,0,-124
1754051652.15046,7,-1,-114
1754051652.18846,-2,-4,-121
1754051652.22646,1,-7,-118
1754051652.26446,0,-2,-109
1754051652.30346,0,2,-111
1754051652.33946,1,-3,-111
1754051652.37746,3,-4,-123
1754051652.41546,-2,-3,-125
1754051652.45446,-3,-2,-108
1754051652.4904602,0,0,-110
1754051652.52746,0,9,-110
1754051652.5654602,1,4,-112
1754051652.60446,-1,0,-111
1754051652.64046,2,2,-121
1754051652.6774602,5,-4,-126
1754051652.71546,5,0,-117
1754051652.75446,3,0,-115
1754051652.79046,-1,0,-118
1754051652.82746,4,2,-116
1754051652.8654602,-3,5,-117
1754051652.9044602,3,1,-133
1754051652.9404602,7,-8,-129
1754051652.97846,5,-1,-115
1754051653.0164602,8,0,-120
1754051653.05546,1,-2,-120
1754051653.09346,5,-2,-128
1754051653.12946,7,-2,-128
1754051653.1674602,2,2,-116
1754051653.20546,4,2,-117
1754051653.24446,-1,-2,-113
1754051653.28046,0,-8,-119
1754051653.31846,-2,-5,-125
1754051653.35646,-7,-9,-132
1754051653.39546,-13,-14,-126
1754051653.43346,-1,-5,-114
1754051653.4704602,0,-6,-123
1754051653.50746,1,0,-126
1754051653.54546,1,-2,-130
1754051653.58446,2,-3,-129
1754051653.62046,0,-1,-127
1754051653.6574602,0,-1,-120
1754051653.69546,-1,5,-119
1754051653.73446,3,3,-117
1754051653.77046,0,0,-117
1754051653.80746,3,-4,-114
1754051653.8454602,10,0,-109
1754051653.8844602,8,1,-117
1754051653.92046,8,-3,-114
1754051653.95846,3,6,-107
1754051653.9964602,-3,3,-130
1754051654.03546,-5,0,-120
1754051654.07146,0,-5,-129
1754051654.10946,0,-9,-123
1754051654.14746,0,0,-129
1754051654.18546,0,2,-116
1754051654.22446,2,0,-121
1754051654.26046,-5,4,-124
1754051654.2994602,0,1,-114
1754051654.33746,0,-7,-117
1754051654.37546,3,-5,-114
1754051654.4114602,6,0,-116
1754051654.44946,3,-6,-106
1754051654.48746,-2,2,-120
1754051654.52546,-3,-2,-127
1754051654.56446,-6,-3,-112
1754051654.60046,-2,-7,-115
1754051654.6384602,0,-7,-123
1754051654.67646,-7,-5,-115
1754051654.71546,4,5,-121
1754051654.75146,-2,4,-120
1754051654.7894602,4,0,-115
1754051654.82746,1,-4,-111
1754051654.86646,-3,0,-116
1754051654.9044602,-2,6,-114
1754051654.9404602,-2,5,-126
1754051654.97946,5,12,-127
1754051655.0164602,6,5,-132
1754051655.05546,0,-2,-116
1754051655.09146,4,-7,-125
1754051655.12946,-2,-3,-122
1754051655.1674602,0,-3,-116
1754051655.20646,0,0,-122
1754051655.24446,-6,-5,-106
1754051655.28046,-3,-3,-116
1754051655.31846,-4,-9,-118
1754051655.35746,-4,-4,-114
1754051655.39546,2,0,-114
1754051655.43146,4,1,-119
1754051655.4704602,1,-3,-111
1754051655.50746,5,2,-114
1754051655.5464602,4,-2,-118
1754051655.58446,2,-5,-112
1754051655.62046,-3,-1,-119
1754051655.65846,-2,-1,-119
1754051655.69646,0,0,-113
1754051655.73546,-1,7,-124
1754051655.77146,2,1,-127
1754051655.80846,2,-2,-117
1754051655.84646,-4,1,-116
1754051655.88546,0,-2,-120
1754051655.9214602,0,-6,-109
1754051655.95946,3,-8,-128
1754051655.99746,-4,-5,-112
1754051656.0364602,0,0,-123
1754051656.0724602,1,-4,-121
1754051656.1114602,-6,-6,-131
1754051656.14846,0,-4,-129
1754051656.18646,-1,-4,-134
1754051656.22546,7,-1,-128
1754051656.26146,1,0,-120
1754051656.29846,-1,-3,-119
1754051656.33646,-10,0,-121
1754051656.37546,3,1,-129
1754051656.4114602,-2,0,-119
1754051656.44846,-6,0,-111
1754051656.4864602,-1,0,-111
1754051656.52546,0,-1,-114
1754051656.56146,-6,-2,-120
1754051656.59946,-10,-3,-112
1754051656.63746,-2,5,-128
1754051656.67646,-2,-1,-129
1754051656.71246,-1,0,-127
1754051656.75046,6,0,-123
1754051656.78846,6,0,-121
1754051656.82746,6,-2,-126
1754051656.8654602,0,-2,-119
1754051656.9014602,-5,-10,-124
1754051656.9404602,-5,0,-123
1754051656.97746,-3,-1,-113
1754051657.0164602,-6,0,-121
1754051657.0524602,-6,0,-112
1754051657.09146,0,12,-120
1754051657.12946,0,4,-136
1754051657.1674602,1,4,-128
1754051657.20546,-2,2,-125
1754051657.24146,-4,-5,-110
1754051657.2794602,-4,-3,-110
1754051657.31746,-5,-4,-126
1754051657.35646,-5,0,-118
1754051657.39246,-4,0,-119
1754051657.43046,-3,-1,-113
1754051657.46846,2,-6,-112
1754051657.50746,-2,-2,-128
1754051657.54546,-5,0,-118
1754051657.58146,0,0,-116
1754051657.61946,0,-1,-131
1754051657.6574602,-9,5,-123
1754051657.69546,-3,3,-130
1754051657.73246,-6,-3,-126
1754051657.7694602,0,0,-118
1754051657.80746,2,-2,-129
1754051657.85146,-1,0,-127
1754051657.89046,3,2,-120
1754051657.9274602,3,1,-121
1754051657.96646,5,5,-114
1754051658.00246,7,1,-124
1754051658.0394602,-8,0,-125
1754051658.07746,0,-3,-122
1754051658.11646,-1,-1,-121
1754051658.15246,-2,2,-112
1754051658.1904602,-2,6,-110
1754051658.22846,6,-3,-112
1754051658.26746,5,-6,-123
1754051658.30346,-5,2,-122
1754051658.34146,-2,-4,-120
1754051658.37946,0,-4,-118
1754051658.4174602,9,-5,-110
1754051658.45646,0,-4,-119
1754051658.49246,-4,0,-116
1754051658.53046,-1,-3,-128
1754051658.56846,0,-3,-126
1754051658.60746,-2,0,-127
1754051658.64346,5,0,-118
1754051658.68046,2,-2,-122
1754051658.71846,0,-5,-126
1754051658.75746,-2,-2,-121
1754051658.79346,0,-2,-131
1754051658.83146,1,2,-128
1754051658.86946,2,0,-127
1754051658.90846,4,0,-119
1754051658.94646,5,-1,-124
1754051658.98246,4,0,-117
1754051659.0194602,0,4,-126
1754051659.05846,5,-3,-118
1754051659.09646,6,-5,-112
1754051659.13246,0,3,-106
1754051659.16946,6,-8,-117
1754051659.20846,6,-6,-128
1754051659.2464602,5,-1,-121
1754051659.2824602,6,2,-126
1754051659.3194602,6,4,-115
1754051659.3584602,-5,2,-107
1754051659.39646,-2,-1,-116
1754051659.43246,-2,-3,-117
1754051659.4704602,-5,0,-128
1754051659.50846,3,-2,-114
1754051659.54746,6,0,-115
1754051659.58346,3,2,-122
1754051659.62046,3,0,-131
1754051659.65846,1,0,-127
1754051659.6974602,3,4,-132
1754051659.7334602,-2,-1,-128
1754051659.77146,3,3,-123
1754051659.8094602,3,5,-118
1754051659.8484602,4,-4,-112
1754051659.88646,0,1,-112
1754051659.92246,0,0,-116
1754051659.95946,0,-5,-107
1754051659.99846,-1,-3,-121
1754051660.03446,5,-4,-116
1754051660.0724602,1,-3,-108
1754051660.11046,3,-1,-106
1754051660.14846,0,4,-113
1754051660.1874602,2,8,-115
1754051660.2234602,-5,1,-113
1754051660.26146,0,0,-121
1754051660.2994602,-1,-3,-112
1754051660.3384602,-1,-4,-112
1754051660.37446,-3,-8,-120
1754051660.41346,-1,-7,-129
1754051660.4504602,2,1,-119
1754051660.48846,9,-4,-124
1754051660.52746,9,-3,-121
1754051660.56346,3,-3,-121
1754051660.60146,-1,0,-129
1754051660.63946,-2,0,-122
1754051660.67846,0,-2,-117
1754051660.71446,1,-7,-118
1754051660.75146,0,-5,-110
1754051660.7894602,3,5,-121
1754051660.82846,5,-1,-117
1754051660.86446,-1,-4,-106
1754051660.9044602,1,0,-113
1754051660.94146,1,0,-121
1754051660.97946,0,0,-124
1754051661.01846,4,-4,-124
1754051661.05446,-3,-4,-133
1754051661.0924602,6,-1,-127
1754051661.13046,10,0,-112
1754051661.16946,2,5,-115
1754051661.2074602,6,-2,-112
1754051661.2434602,2,0,-111
1754051661.28046,0,-4,-124
1754051661.3194602,0,-2,-122
1754051661.35746,0,0,-127
1754051661.39346,-1,1,-128
1754051661.43146,1,-4,-120
1754051661.46946,0,-2,-118
1754051661.50846,-5,1,-130
1754051661.54446,3,0,-122
1754051661.5824602,6,-6,-122
1754051661.62046,-3,-3,-117
1754051661.65946,1,-2,-121
1754051661.6974602,0,-4,-120
1754051661.7334602,3,-1,-123
1754051661.77146,-10,1,-125
1754051661.8094602,-6,3,-121
1754051661.8484602,-1,1,-115
1754051661.8844602,0,-5,-119
1754051661.92246,0,-4,-113
1754051661.9604602,-5,-2,-115
1754051661.99946,0,-6,-103
1754051662.03746,3,3,-115
1754051662.07346,10,7,-112
1754051662.11046,7,0,-113
1754051662.14946,7,6,-121
1754051662.18546,6,7,-127
1754051662.2234602,2,4,-124
1754051662.26146,6,-3,-123
1754051662.2994602,7,-3,-132
1754051662.3384602,3,0,-118
1754051662.37446,0,-2,-121
1754051662.41246,0,-2,-128
1754051662.4504602,2,3,-116
1754051662.48946,0,2,-118
1754051662.52546,3,1,-119
1754051662.5624602,0,-1,-128
1754051662.60046,1,0,-120
1754051662.63946,5,1,-118
1754051662.67546,-8,0,-133
1754051662.7134602,5,-1,-128
1754051662.75046,7,0,-116
1754051662.7894602,7,3,-115
1754051662.8254602,8,5,-123
1754051662.86346,9,2,-125
1754051662.90046,2,-4,-124
1754051662.93946,-3,0,-116
1754051662.97546,-7,5,-121
1754051663.0134602,-7,-4,-123
1754051663.05146,-3,1,-118
1754051663.09046,-2,1,-132
1754051663.1284602,2,0,-128
1754051663.1644602,4,3,-129
1754051663.20146,-5,0,-120
1754051663.2404602,-1,-3,-125
1754051663.27846,-4,1,-111
1754051663.31446,4,-3,-118
1754051663.35246,2,-1,-122
1754051663.39046,1,0,-124
1754051663.42946,1,3,-132
1754051663.46646,1,-1,-131
1754051663.5034602,0,-9,-122
1754051663.54146,0,-3,-115
1754051663.58046,0,-5,-114
1754051663.6184602,0,0,-116
1754051663.6544602,6,1,-125
1754051663.69146,5,-2,-118
1754051663.7304602,0,-13,-120
1754051663.76846,2,-6,-120
1754051663.80446,8,1,-114
1754051663.84146,5,-6,-121
1754051663.88046,-1,-5,-121
1754051663.91846,5,-5,-117
1754051663.95446,3,-5,-117
1754051663.99246,2,-7,-119
1754051664.03046,6,-4,-122
1754051664.0694602,3,-3,-125
1754051664.1054602,0,-7,-121
1754051664.14246,0,-2,-123
1754051664.18046,1,-2,-120
1754051664.21946,-3,-4,-115
1754051664.25546,-3,-4,-121
1754051664.29346,7,0,-113
1754051664.33146,6,-2,-121
1754051664.37046,5,-5,-110
1754051664.40646,1,-2,-121
1754051664.44546,5,-1,-121
1754051664.48246,1,-9,-120
1754051664.52046,0,0,-108
1754051664.5594602,5,0,-120
1754051664.5954602,4,-4,-109
1754051664.63346,-3,-4,-113
1754051664.6714602,0,-7,-107
1754051664.7104602,3,-1,-110
1754051664.7464602,-5,-2,-123
1754051664.78446,7,-4,-125
1754051664.8224602,-7,-4,-137
1754051664.86046,0,0,-122
1754051664.89946,-2,2,-130
1754051664.93546,3,-8,-129
1754051664.9734602,7,-6,-110
1754051665.01146,-1,-3,-114
1754051665.05046,-1,0,-118
1754051665.08646,2,2,-119
1754051665.12446,-2,3,-127
1754051665.16246,0,5,-123
1754051665.20146,-5,3,-120
1754051665.23946,7,3,-120
1754051665.27546,1,1,-127
1754051665.31346,4,-4,-123
1754051665.35146,-3,3,-112
1754051665.38946,-1,1,-124
1754051665.42546,-3,-2,-107
1754051665.4634602,-1,2,-129
1754051665.50146,-1,1,-114
1754051665.54046,-1,0,-126
1754051665.57646,-1,0,-119
1754051665.61446,-1,-10,-121
1754051665.65346,3,-7,-118
1754051665.69146,-6,0,-131
1754051665.72946,0,4,-120
1754051665.76546,7,0,-120
1754051665.80346,4,3,-116
1754051665.84146,6,4,-122
1754051665.88046,4,-1,-122
1754051665.91646,7,-7,-113
1754051665.95446,3,-6,-110
1754051665.99246,3,-6,-111
1754051666.03146,0,-4,-117
1754051666.0694602,4,-3,-118
1754051666.1054602,8,-5,-119
1754051666.14346,14,0,-129
1754051666.18146,7,5,-124
1754051666.2204602,3,3,-111
1754051666.2564602,6,4,-125
1754051666.29346,3,-1,-117
1754051666.33146,-1,-3,-119
1754051666.37046,0,3,-119
1754051666.40646,3,-9,-128
1754051666.44546,-1,-8,-125
1754051666.48246,0,-5,-118
1754051666.52146,-2,-3,-122
1754051666.55746,3,1,-120
1754051666.59446,8,4,-115
1754051666.63246,2,-1,-118
1754051666.6714602,0,3,-112
1754051666.7074602,6,0,-107
1754051666.74446,2,-4,-132
1754051666.7824602,-1,-3,-120
1754051666.82146,0,2,-114
1754051666.85746,0,0,-105
1754051666.8944602,2,0,-128
1754051666.93246,1,5,-116
1754051666.97146,-1,0,-126
1754051667.00746,7,2,-113
1754051667.04446,5,4,-111
1754051667.0824602,5,9,-109
1754051667.1214602,9,-1,-118
1754051667.1574602,6,-2,-109
1754051667.19546,1,-6,-110
1754051667.2334602,0,-1,-120
1754051667.27246,-5,1,-121
1754051667.31046,2,8,-114
1754051667.34646,4,2,-111
1754051667.38346,0,-1,-99
1754051667.42246,5,-4,-109
1754051667.4604602,2,0,-111
1754051667.4964602,-12,0,-113
1754051667.53346,-6,0,-106
1754051667.5724602,-2,-3,-117
1754051667.61046,-1,-3,-122
1754051667.64646,-3,1,-132
1754051667.6844602,1,0,-128
1754051667.72246,4,0,-124
1754051667.76146,-2,-5,-111
1754051667.79746,1,-5,-115
1754051667.83446,2,3,-122
1754051667.88046,1,-5,-114
1754051667.91646,-3,-2,-113
1754051667.95446,-5,0,-113
1754051667.99246,3,-6,-111
1754051668.03146,2,-4,-118
1754051668.06746,-3,-9,-119
1754051668.1054602,3,1,-112
1754051668.14346,-9,4,-118
1754051668.18246,6,1,-122
1754051668.2204602,3,-6,-111
1754051668.2564602,1,-5,-102
1754051668.29446,2,-1,-124
1754051668.33346,5,-5,-121
1754051668.3714602,3,-6,-128
1754051668.4074602,0,-4,-122
1754051668.44646,-1,0,-122
1754051668.4834602,1,4,-108
1754051668.52246,13,3,-123
1754051668.55846,4,2,-127
1754051668.59646,-2,-1,-119
1754051668.63346,-3,-4,-113
1754051668.67246,-4,-4,-115
1754051668.70846,-1,1,-111
1754051668.7464602,0,0,-119
1754051668.78446,-5,-3,-110
1754051668.8224602,-2,-1,-118
1754051668.8614602,8,-4,-119
1754051668.89746,11,0,-126
1754051668.9344602,-1,0,-119
1754051668.97246,-2,0,-114
1754051669.01146,0,-5,-115
1754051669.04746,-5,-1,-121
1754051669.0854602,-1,-3,-121
1754051669.12346,2,-3,-126
1754051669.16246,1,0,-117
1754051669.19946,9,5,-119
1754051669.23746,3,-1,-123
1754051669.27446,-6,-5,-110
1754051669.31346,0,1,-112
1754051669.35146,0,1,-112
1754051669.38746,3,0,-120
1754051669.4244602,7,-5,-130
1754051669.4634602,5,-4,-124
1754051669.50146,-1,-2,-132
1754051669.53746,2,-2,-124
1754051669.5754602,-10,-3,-128
1754051669.61346,-1,-8,-132
1754051669.65246,-4,-2,-115
1754051669.68846,1,2,-117
1754051669.72546,0,-2,-123
1754051669.7634602,4,2,-114
1754051669.8024602,2,3,-120
1754051669.8384602,1,-5,-110
1754051669.87646,-1,2,-113
1754051669.9144602,0,-3,-116
1754051669.95346,9,-2,-115
1754051669.99146,2,4,-126
1754051670.02746,-2,-3,-124
1754051670.06646,0,-4,-117
1754051670.10446,4,0,-116
1754051670.14246,0,2,-117
1754051670.17846,1,-1,-109
1754051670.21646,6,-3,-105
1754051670.25446,2,0,-121
1754051670.29346,0,0,-119
1754051670.33146,0,-7,-122
1754051670.36746,0,1,-119
1754051670.4044602,-1,-5,-127
1754051670.44346,-4,0,-107
1754051670.47946,-1,-6,-110
1754051670.51746,3,-10,-109
1754051670.55546,0,-5,-120
1754051670.59346,1,-9,-112
1754051670.63246,-1,-5,-118
1754051670.66846,0,-1,-113
1754051670.70646,2,-3,-119
1754051670.74446,-2,1,-119
1754051670.78346,1,-1,-126
1754051670.8194602,-3,-4,-129
1754051670.85746,1,1,-116
1754051670.89646,0,4,-113
1754051670.93346,4,-1,-122
1754051670.97246,-5,-2,-129
1754051671.00846,0,-2,-123
1754051671.0464602,-1,-1,-123
1754051671.08446,-7,0,-119
1754051671.12346,-7,1,-119
1754051671.15946,1,0,-115
1754051671.19646,-5,-5,-120
1754051671.23446,-6,-2,-123
1754051671.27346,0,3,-122
1754051671.3094602,0,5,-120
1754051671.34646,1,0,-119
1754051671.3844602,-9,1,-115
1754051671.42346,-1,0,-112
1754051671.45946,-8,-9,-118
1754051671.49746,-7,-6,-118
1754051671.53546,-8,2,-125
1754051671.57446,0,3,-119
1754051671.61246,-1,-2,-123
1754051671.64846,-2,9,-123
1754051671.6874602,4,-1,-128
1754051671.72446,0,0,-111
1754051671.7634602,-4,-4,-127
1754051671.7994602,1,-3,-112
1754051671.83746,10,-2,-113
1754051671.87546,0,2,-109
1754051671.9144602,5,-5,-112
1754051671.95246,1,0,-115
1754051671.98846,4,-2,-112
1754051672.0264602,-1,4,-121
1754051672.06646,1,0,-122
1754051672.10446,5,-4,-125
1754051672.14246,8,-6,-130
1754051672.17846,3,-10,-115
1754051672.21646,0,-2,-113
1754051672.25446,0,-6,-119
1754051672.29346,-2,0,-133
1754051672.32946,0,5,-128
1754051672.36646,-7,0,-134
1754051672.4044602,3,-6,-120
1754051672.44346,-4,-5,-109
1754051672.47946,-5,-6,-99
1754051672.51746,3,-9,-112
1754051672.55546,-1,-8,-121
1754051672.59446,-1,-1,-118
1754051672.63246,-1,0,-121
1754051672.66846,0,-3,-122
1754051672.7074602,0,1,-105
1754051672.74546,4,2,-109
1754051672.78346,1,-2,-108
1754051672.8194602,1,-5,-125
1754051672.85746,0,-1,-125
1754051672.89546,-4,0,-121
1754051672.9344602,-7,-7,-122
1754051672.9704602,0,-3,-122
1754051673.00846,2,-8,-120
1754051673.0464602,0,-4,-126
1754051673.0854602,0,0,-126
1754051673.12346,-3,0,-126
1754051673.15946,0,-2,-127
1754051673.1974602,-1,0,-114
1754051673.23546,0,-5,-109
1754051673.27446,-3,-3,-121
1754051673.31046,-1,-1,-122
1754051673.34946,2,0,-114
1754051673.38646,1,0,-108
1754051673.42546,0,-4,-129
1754051673.4634602,-2,-6,-127
1754051673.49946,-5,-1,-112
1754051673.53746,-1,-11,-113
1754051673.5754602,2,2,-109
1754051673.61446,-4,-5,-122
1754051673.65046,1,0,-121
1754051673.68846,2,-5,-106
1754051673.72646,0,-8,-105
1754051673.76546,6,-4,-117
1754051673.80346,5,-8,-125
1754051673.83946,5,0,-128
1754051673.87646,0,-3,-123
1754051673.91546,1,-2,-135
1754051673.95346,2,0,-121
1754051673.98946,1,-8,-115
1754051674.0264602,7,-7,-120
1754051674.0654602,-4,0,-127
1754051674.10346,2,2,-115
1754051674.13946,2,5,-118
1754051674.17646,-1,3,-123
1754051674.21546,-4,-1,-127
1754051674.2534602,-5,1,-113
1754051674.2894602,-10,0,-110
1754051674.32846,0,-5,-118
1754051674.3654602,0,-7,-109
1754051674.4044602,0,-1,-110
1754051674.4404602,-1,2,-114
1754051674.47846,0,0,-113
1754051674.5164602,2,0,-118
1754051674.55546,3,0,-114
1754051674.59146,8,-3,-116
1754051674.62946,0,-5,-112
1754051674.6674602,4,-1,-119
1754051674.70546,4,-2,-116
1754051674.74446,0,5,-113
1754051674.78046,-3,3,-113
1754051674.81846,-2,-1,-129
1754051674.85646,-3,2,-122
1754051674.89546,5,-2,-112
1754051674.93146,9,0,-114
1754051674.96946,1,-4,-118
1754051675.0064602,-4,-4,-116
1754051675.04546,3,-5,-120
1754051675.08146,0,-2,-114
1754051675.11946,1,1,-112
1754051675.1574602,-1,-8,-110
1754051675.19546,-2,-4,-101
1754051675.23446,4,-3,-99
1754051675.27046,0,-5,-104
1754051675.30746,-1,-5,-119
1754051675.3454602,-8,3,-116
1754051675.3844602,-10,2,-109
1754051675.42046,-2,3,-110
1754051675.45846,11,-3,-113
1754051675.4964602,0,0,-119
1754051675.53546,-2,-4,-115
1754051675.57146,-4,-6,-120
1754051675.60946,2,0,-115
1754051675.64746,7,-5,-114
1754051675.68646,6,-2,-116
1754051675.72446,0,0,-122
1754051675.76046,-7,-1,-105
1754051675.79846,4,-4,-114
1754051675.83646,4,-6,-112
1754051675.87546,5,-9,-118
1754051675.9114602,2,-5,-132
1754051675.94946,0,-9,-121
1754051675.98746,1,-9,-113
1754051676.0264602,2,-3,-121
1754051676.06446,0,-5,-146
1754051676.10046,6,0,-131
1754051676.13746,2,0,-112
1754051676.17646,2,4,-112
1754051676.21446,3,-2,-125
1754051676.25046,7,0,-124
1754051676.28746,4,-4,-121
1754051676.32646,-1,3,-115
1754051676.36446,-1,2,-113
1754051676.40046,0,0,-123
1754051676.4374602,2,5,-126
1754051676.47646,5,-1,-120
1754051676.51446,3,2,-114
1754051676.55046,3,2,-115
1754051676.58746,6,-2,-129
1754051676.62646,3,2,-138
1754051676.66246,-2,-2,-120
1754051676.7004602,2,0,-110
1754051676.73846,0,-3,-103
1754051676.7764602,0,3,-113
1754051676.8154602,-1,-2,-113
1754051676.85146,-1,-1,-117
1754051676.88946,-1,3,-111
1754051676.9274602,1,7,-116
1754051676.96646,8,4,-123
1754051677.00246,2,2,-118
1754051677.0394602,-3,3,-122
1754051677.07746,-9,0,-126
1754051677.11646,0,6,-122
1754051677.15246,10,0,-112
1754051677.18946,3,-2,-114
1754051677.22746,4,-2,-124
1754051677.2664602,4,-4,-126
1754051677.3024602,8,-1,-117
1754051677.34046,1,-4,-123
1754051677.3784602,3,0,-123
1754051677.41646,4,4,-124
1754051677.45546,0,1,-117
1754051677.49146,4,0,-113
1754051677.5294602,5,2,-112
1754051677.56746,4,1,-123
1754051677.60646,4,0,-118
1754051677.64246,0,0,-124
1754051677.67946,-4,3,-125
1754051677.71846,-1,5,-116
1754051677.7564602,0,-3,-120
1754051677.7924602,1,-1,-110
1754051677.83146,1,0,-124
1754051677.8684602,5,-3,-124
1754051677.91246,6,0,-115
1754051677.9504602,-1,-6,-118
1754051677.98846,-5,-7,-122
1754051678.02746,-2,-1,-109
1754051678.0654602,1,-2,-114
1754051678.10146,3,-4,-118
1754051678.13946,0,1,-119
1754051678.1774602,1,3,-121
1754051678.21646,3,8,-121
1754051678.25246,5,5,-120
1754051678.2894602,-2,0,-121
1754051678.32746,1,0,-128
1754051678.36646,2,1,-118
1754051678.40246,4,2,-121
1754051678.43946,2,0,-129
1754051678.47746,-2,2,-115
1754051678.5164602,1,1,-113
1754051678.5524602,-2,1,-116
1754051678.59046,4,0,-116
1754051678.6284602,6,0,-122
1754051678.6674602,2,-1,-125
1754051678.70546,-1,-1,-120
1754051678.74146,1,-3,-118
1754051678.7794602,2,0,-114
1754051678.81746,-4,0,-111
1754051678.85646,-7,-1,-123
1754051678.89246,0,-3,-127
1754051678.93046,5,2,-117
1754051678.96846,-2,3,-113
1754051679.00746,-5,-1,-123
1754051679.04346,-3,4,-125
1754051679.08146,-1,2,-122
1754051679.11946,-4,-2,-122
1754051679.1574602,4,0,-124
1754051679.19646,0,2,-125
1754051679.23246,3,-2,-112
1754051679.27046,2,-4,-117
1754051679.30846,0,-1,-110
1754051679.34746,-6,0,-110
1754051679.38346,7,-3,-105
1754051679.4214602,6,-6,-116
1754051679.4604602,3,1,-124
1754051679.49746,-2,-6,-114
1754051679.5364602,-8,3,-127
1754051679.5724602,-1,1,-126
1754051679.61046,1,3,-121
1754051679.64846,3,-3,-122
1754051679.6874602,2,-6,-121
1754051679.7234602,8,-4,-117
1754051679.76146,6,-1,-112
1754051679.7994602,3,0,-111
1754051679.8384602,4,0,-124
1754051679.87646,1,1,-133
1754051679.91246,3,-2,-132
1754051679.95146,2,-4,-125
1754051679.98846,3,-8,-114
1754051680.02746,0,-10,-117
1754051680.06346,1,-5,-122
1754051680.10146,-3,2,-120
1754051680.13946,-3,2,-117
1754051680.17846,0,0,-126
1754051680.21646,-1,0,-123
1754051680.25246,-4,-1,-121
1754051680.29046,-3,2,-121
1754051680.32846,0,1,-116
1754051680.36746,1,3,-119
1754051680.40346,0,5,-111
1754051680.4404602,0,2,-119
1754051680.47846,8,0,-123
1754051680.51746,6,3,-118
1754051680.55346,0,0,-126
1754051680.59046,0,-4,-116
1754051680.6284602,-2,-2,-120
1754051680.6674602,0,1,-125
1754051680.70346,3,3,-126
1754051680.7404602,3,0,-119
1754051680.77846,0,-2,-111
1754051680.81746,5,-4,-110
1754051680.85346,0,-5,-120
1754051680.89046,-3,-7,-126
1754051680.92846,1,-1,-125
1754051680.9674602,2,-3,-130
1754051681.0034602,-1,0,-134
1754051681.04046,6,0,-122
1754051681.07846,10,0,-120
1754051681.11746,1,-8,-120
1754051681.15346,5,-6,-121
1754051681.19146,0,-2,-129
1754051681.2304602,7,-4,-124
1754051681.26846,-2,0,-122
1754051681.30446,-1,1,-112
1754051681.3424602,6,7,-120
1754051681.38046,-4,2,-110
1754051681.41846,3,3,-112
1754051681.4574602,4,-1,-120
1754051681.4934602,0,4,-123
1754051681.53046,-8,3,-123
1754051681.56846,2,-3,-120
1754051681.60746,0,0,-113
1754051681.64346,0,0,-125
1754051681.68046,-2,3,-129
1754051681.71846,-6,4,-125
1754051681.75746,-4,2,-118
1754051681.79346,0,0,-125
1754051681.83046,6,5,-117
1754051681.86946,-4,-1,-111
1754051681.9074602,1,5,-113
1754051681.94346,0,0,-113
1754051681.9804602,5,-7,-125
1754051682.0194602,8,3,-111
1754051682.05746,2,1,-118
1754051682.09346,2,-3,-119
1754051682.13246,1,-5,-118
1754051682.16946,2,0,-107
1754051682.20846,3,-6,-113
1754051682.24446,-1,-9,-121
1754051682.2824602,0,0,-133
1754051682.32046,0,3,-121
1754051682.35946,5,-6,-122
1754051682.39746,-3,1,-111
1754051682.43346,8,6,-109
1754051682.4704602,4,4,-121
1754051682.5094602,0,0,-116
1754051682.54746,3,-4,-130
1754051682.58346,-1,-4,-129
1754051682.6214602,-1,-2,-117
1754051682.65946,-7,-3,-120
1754051682.69846,0,6,-124
1754051682.73446,-1,1,-127
1754051682.77246,-10,0,-106
1754051682.81046,0,-2,-112
1754051682.84946,-5,-5,-115
1754051682.88746,0,5,-124
1754051682.92346,1,3,-119
1754051682.96146,0,4,-110
1754051683.00046,-3,-1,-120
1754051683.03846,4,-3,-117
1754051683.07446,-1,0,-106
1754051683.11246,2,1,-118
1754051683.15046,-4,3,-120
1754051683.18946,6,3,-126
1754051683.22846,1,-1,-125
1754051683.26446,0,-3,-131
1754051683.3024602,0,2,-127
1754051683.34046,-1,3,-116
1754051683.37946,-1,3,-121
1754051683.41546,7,0,-133
1754051683.45246,1,-3,-124
1754051683.4904602,1,0,-124
1754051683.5294602,1,-2,-114
1754051683.5654602,-5,-6,-118
1754051683.60346,1,0,-117
1754051683.64246,4,-3,-116
1754051683.67946,0,-7,-121
1754051683.71846,1,0,-121
1754051683.75446,0,-1,-130
1754051683.7924602,-1,1,-124
1754051683.83046,-3,4,-122
1754051683.86946,-1,4,-124
1754051683.90546,0,1,-117
1754051683.94246,6,6,-116
1754051683.9804602,2,3,-123
1754051684.0194602,-1,1,-128
1754051684.05546,-3,-1,-124
1754051684.09346,9,0,-132
1754051684.1314602,5,2,-119
1754051684.17046,4,3,-115
1754051684.20846,0,0,-110
1754051684.24446,0,3,-110
1754051684.28146,1,5,-116
1754051684.32046,2,0,-123
1754051684.3584602,2,7,-113
1754051684.3944602,-1,2,-129
1754051684.43346,-3,0,-110
1754051684.4704602,5,-1,-117
1754051684.5094602,3,7,-111
1754051684.54546,2,2,-120
1754051684.5824602,0,3,-110
1754051684.62046,0,3,-121
1754051684.65946,3,0,-112
1754051684.69546,4,11,-120
1754051684.7334602,0,1,-115
1754051684.77046,5,0,-116
1754051684.8094602,5,2,-110
1754051684.8454602,4,2,-125
1754051684.88346,2,2,-122
1754051684.92046,4,-1,-124
1754051684.95946,-4,-3,-117
1754051684.99546,0,-3,-112
1754051685.03346,6,4,-113
1754051685.07046,5,-2,-125
1754051685.10946,3,-2,-122
1754051685.14546,2,5,-124
1754051685.18246,6,2,-125
1754051685.2204602,6,1,-129
1754051685.2594602,-1,-3,-133
1754051685.29546,6,-1,-117
1754051685.33346,12,-1,-116
1754051685.3714602,-2,-2,-108
1754051685.41046,1,-4,-112
1754051685.44646,-2,-4,-117
1754051685.48446,-5,0,-118
1754051685.52246,-7,3,-115
1754051685.56046,-2,4,-118
1754051685.59946,0,0,-120
1754051685.63546,1,-1,-118
1754051685.67346,-2,1,-108
1754051685.71246,-1,0,-116
1754051685.75046,1,0,-111
1754051685.7864602,0,2,-116
1754051685.82346,-11,-1,-114
1754051685.8614602,2,-6,-127
1754051685.90046,-2,-2,-116
1754051685.93646,5,3,-127
1754051685.9734602,9,-3,-120
1754051686.01146,9,3,-115
1754051686.05046,6,1,-124
1754051686.08646,8,1,-129
1754051686.12346,3,0,-132
1754051686.1614602,2,4,-123
1754051686.2004602,2,-1,-122
1754051686.2364602,7,1,-120
1754051686.27346,4,1,-129
1754051686.31146,-1,8,-122
1754051686.35046,-4,5,-109
1754051686.38646,2,0,-121
1754051686.42346,0,0,-115
1754051686.46146,-1,1,-118
1754051686.50046,-6,3,-116
1754051686.5364602,-2,-2,-122
1754051686.57446,5,4,-115
1754051686.61246,2,-3,-118
1754051686.6514602,7,4,-119
1754051686.68946,4,1,-116
1754051686.72546,3,6,-127
1754051686.76246,0,0,-108
1754051686.80146,-5,0,-126
1754051686.83946,0,2,-113
1754051686.87546,1,0,-107
1754051686.91246,-4,1,-120
1754051686.95146,5,5,-118
1754051686.98946,1,-4,-119
1754051687.02546,-2,-2,-110
1754051687.06346,0,0,-121
1754051687.10146,4,5,-120
1754051687.14046,0,2,-99
1754051687.17646,1,0,-118
1754051687.2134602,-1,-1,-115
1754051687.25146,0,-2,-113
1754051687.29046,4,-3,-118
1754051687.32746,4,2,-112
1754051687.36446,-1,4,-114
1754051687.40246,-2,0,-116
1754051687.44146,1,1,-115
1754051687.47746,5,0,-113
1754051687.51446,2,4,-117
1754051687.5524602,7,0,-126
1754051687.59146,3,0,-120
1754051687.62746,9,-4,-123
1754051687.66546,8,-4,-125
1754051687.70346,6,-8,-118
1754051687.74146,6,0,-114
1754051687.78046,2,-6,-116
1754051687.81646,-2,-4,-121
1754051687.85446,2,-2,-128
1754051687.89246,0,-1,-122
1754051687.93646,2,-5,-126
1754051687.97546,2,-1,-113
1754051688.0134602,1,-7,-118
1754051688.05146,0,-3,-121
1754051688.08746,2,-7,-114
1754051688.12546,1,-1,-128
1754051688.16346,1,2,-122
1754051688.20246,-6,1,-116
1754051688.2404602,3,-1,-113
1754051688.2764602,7,0,-110
1754051688.31346,3,2,-118
1754051688.35246,-5,0,-115
1754051688.39046,2,-2,-113
1754051688.42646,5,4,-109
1754051688.4634602,-1,0,-114
1754051688.50246,3,7,-124
1754051688.54046,8,0,-124
1754051688.57646,11,-5,-121
1754051688.6154602,2,-4,-124
1754051688.65246,0,2,-121
1754051688.69146,2,-2,-118
1754051688.72746,0,-6,-123
1754051688.76546,2,-11,-130
1754051688.80346,-1,-6,-134
1754051688.8424602,-6,-1,-125
1754051688.88046,-7,1,-121
1754051688.91646,1,-1,-124
1754051688.95446,-2,-4,-119
1754051688.99246,3,0,-118
1754051689.03146,-10,-4,-122
1754051689.06746,-7,-2,-122
1754051689.1054602,-2,-4,-124
1754051689.14346,0,0,-119
1754051689.18246,2,0,-127
1754051689.21846,1,0,-113
1754051689.25546,-1,-1,-117
1754051689.29446,2,-7,-128
1754051689.3324602,0,3,-113
1754051689.3684602,3,-7,-129
1754051689.4074602,4,-8,-126
1754051689.4444602,-5,0,-117
1754051689.48246,6,0,-119
1754051689.52146,8,-3,-112
1754051689.55746,6,-2,-118
1754051689.5954602,0,-4,-117
1754051689.63346,3,-7,-117
1754051689.67246,6,-6,-128
1754051689.70846,0,-1,-111
1754051689.7464602,1,-4,-113
1754051689.78446,1,-8,-118
1754051689.82346,-3,-8,-116
1754051689.8614602,2,-7,-116
1754051689.89746,-1,5,-110
1754051689.93546,7,3,-111
1754051689.9734602,0,3,-111
1754051690.01246,1,5,-119
1754051690.04846,-3,6,-115
1754051690.08646,-3,7,-120
1754051690.12446,1,1,-110
1754051690.16346,2,-4,-115
1754051690.20146,1,-6,-120
1754051690.23746,-3,-4,-113
1754051690.27546,0,0,-110
1754051690.31346,3,1,-114
1754051690.35246,7,-2,-117
1754051690.3884602,0,-5,-117
1754051690.4274602,-1,0,-119
1754051690.46446,-2,-2,-121
1754051690.5034602,-1,-12,-125
1754051690.54146,-1,-5,-115
1754051690.57746,3,-10,-124
1754051690.6154602,-1,-13,-114
1754051690.65346,11,-5,-119
1754051690.69246,4,-5,-114
1754051690.72846,4,-5,-112
1754051690.7664602,6,-7,-114
1754051690.80546,-1,-7,-125
1754051690.84346,4,-6,-121
1754051690.8814602,-3,0,-121
1754051690.9174602,0,0,-118
1754051690.95446,0,-7,-118
1754051690.9934602,0,-4,-116
1754051691.03146,-2,0,-123
1754051691.06746,-4,-2,-121
1754051691.10646,0,-11,-130
1754051691.14346,0,-8,-117
1754051691.18246,-4,-1,-118
1754051691.21846,-4,3,-123
1754051691.2564602,4,-3,-113
1754051691.29446,-6,-8,-118
1754051691.33346,0,-4,-122
1754051691.36946,3,-3,-129
1754051691.4074602,5,-1,-122
1754051691.44646,2,5,-124
1754051691.48446,4,-4,-121
1754051691.52246,3,1,-121
1754051691.55846,0,3,-110
1754051691.59746,0,1,-115
1754051691.6344602,-1,5,-120
1754051691.67346,0,0,-115
1754051691.70946,1,1,-117
1754051691.7464602,-4,2,-118
1754051691.78446,4,2,-117
1754051691.82346,-3,2,-122
1754051691.85946,4,2,-117
1754051691.89746,-4,4,-117
1754051691.9344602,-6,1,-112
1754051691.9734602,-2,0,-123
1754051692.0094602,2,1,-125
1754051692.0464602,2,2,-117
1754051692.08446,10,2,-107
1754051692.12346,3,-9,-122
1754051692.15946,2,-5,-119
1754051692.1974602,5,-4,-122
1754051692.23546,6,-3,-119
1754051692.27446,4,2,-116
1754051692.3124602,1,0,-116
1754051692.3484602,-2,-6,-131
1754051692.38646,4,-4,-125
1754051692.4244602,5,0,-121
1754051692.4634602,5,-1,-124
1754051692.49946,6,0,-120
1754051692.5364602,-3,-6,-123
1754051692.57446,-5,-3,-113
1754051692.61346,-1,-1,-104
1754051692.64946,10,5,-116
1754051692.68646,2,0,-110
1754051692.72446,1,-7,-120
1754051692.7634602,-1,-9,-125
1754051692.7994602,-1,-6,-111
1754051692.83746,3,-8,-120
1754051692.87646,2,-1,-115
1754051692.9144602,13,-2,-115
1754051692.95246,0,-6,-118
1754051692.98846,1,-1,-114
1754051693.0264602,5,-9,-104
1754051693.06446,-3,-9,-112
1754051693.10346,0,-9,-121
1754051693.13946,-6,-5,-118
1754051693.1774602,-1,-2,-115
1754051693.21546,-3,0,-116
1754051693.25446,0,-4,-119
1754051693.2924602,9,-2,-117
1754051693.32846,4,-5,-129
1754051693.36646,4,-4,-120
1754051693.4044602,7,-1,-127
1754051693.44346,2,0,-129
1754051693.47946,-1,6,-126
1754051693.51746,-9,-4,-128
1754051693.55546,1,-8,-125
1754051693.59446,-2,-3,-109
1754051693.63046,-3,-5,-112
1754051693.66846,1,-11,-108
1754051693.70646,3,-12,-109
1754051693.74446,3,-2,-110
1754051693.78346,7,-2,-119
1754051693.8194602,6,-2,-125
1754051693.85746,5,-5,-121
1754051693.89546,1,-4,-113
1754051693.9344602,0,0,-116
1754051693.9704602,-5,2,-127
1754051694.0094602,-6,4,-114
1754051694.0464602,-7,0,-116
1754051694.08446,-1,-2,-128
1754051694.12346,0,-6,-127
1754051694.15946,5,-8,-125
1754051694.1974602,7,-7,-117
1754051694.23546,3,-2,-123
1754051694.27446,5,0,-119
1754051694.31046,6,-7,-118
1754051694.3484602,1,-3,-121
1754051694.38746,0,0,-121
1754051694.42546,1,1,-117
1754051694.4634602,6,4,-119
1754051694.49946,7,1,-110
1754051694.5364602,8,2,-113
1754051694.5754602,5,-4,-118
1754051694.61346,0,-2,-130
1754051694.64946,0,-7,-126
1754051694.6874602,2,-2,-118
1754051694.72546,0,-6,-116
1754051694.76446,0,-6,-123
1754051694.80046,-4,-2,-110
1754051694.8384602,-6,1,-109
1754051694.87646,0,-4,-121
1754051694.91546,3,0,-124
1754051694.95346,2,0,-119
1754051694.98946,2,3,-119
1754051695.0264602,9,3,-121
1754051695.0654602,4,4,-127
1754051695.10346,2,-1,-121
1754051695.13946,4,-2,-118
1754051695.1774602,7,-4,-123
1754051695.21646,8,-13,-118
1754051695.25446,0,-5,-115
1754051695.29046,-2,-8,-124
1754051695.32846,3,-2,-123
1754051695.36646,3,-2,-126
1754051695.40546,2,-7,-112
1754051695.44146,9,-2,-111
1754051695.47946,5,-1,-114
1754051695.51746,-2,-2,-113
1754051695.55546,0,-6,-117
1754051695.59446,0,-4,-130
1754051695.63046,1,-4,-120
1754051695.66846,-3,3,-122
1754051695.70646,-3,-1,-110
1754051695.74546,0,0,-114
1754051695.78146,-4,-1,-120
1754051695.8194602,0,0,-114
1754051695.8584602,4,-2,-116
1754051695.89646,-2,0,-114
1754051695.9344602,1,-3,-122
1754051695.9704602,-4,-6,-115
1754051696.00846,-4,-8,-112
1754051696.0464602,6,-3,-110
1754051696.0854602,7,4,-118
1754051696.1214602,5,0,-120
1754051696.15846,-4,-9,-126
1754051696.19646,-9,-8,-126
1754051696.23546,-1,-1,-121
1754051696.27146,2,0,-115
1754051696.30846,4,2,-125
1754051696.34646,0,-1,-114
1754051696.38546,5,-4,-116
1754051696.4214602,4,-3,-122
1754051696.45946,0,0,-112
1754051696.49746,0,0,-117
1754051696.5364602,-5,2,-119
1754051696.57446,-7,0,-121
1754051696.61046,4,-1,-130
1754051696.64946,5,0,-121
1754051696.68646,3,-4,-111
1754051696.72546,11,-3,-125
1754051696.76146,0,-1,-125
1754051696.7994602,0,0,-127
1754051696.83746,0,-3,-121
1754051696.87646,0,-4,-115
1754051696.9144602,0,-6,-115
1754051696.9504602,-1,-11,-115
1754051696.98846,-7,-3,-115
1754051697.0264602,-3,1,-118
1754051697.0654602,2,5,-112
1754051697.10146,2,7,-119
1754051697.1384602,1,7,-116
1754051697.17646,-1,3,-130
1754051697.21546,-2,7,-127
1754051697.25146,0,5,-122
1754051697.28846,9,3,-125
1754051697.32646,0,6,-118
1754051697.3654602,-2,3,-115
1754051697.4014602,-5,-2,-116
1754051697.43946,-2,0,-118
1754051697.47746,1,0,-121
1754051697.5164602,-3,-8,-123
1754051697.5524602,0,2,-112
1754051697.59146,0,1,-119
1754051697.6284602,5,9,-124
1754051697.66646,4,2,-112
1754051697.70546,5,-3,-116
1754051697.74146,7,-3,-110
1754051697.7794602,0,0,-117
1754051697.81746,-1,0,-119
1754051697.85646,0,-6,-121
1754051697.89246,6,-9,-119
1754051697.93046,0,-7,-121
1754051697.97646,6,-3,-117
1754051698.01246,2,-4,-121
1754051698.05046,-3,-2,-121
1754051698.0884602,2,-9,-127
1754051698.12746,1,-8,-128
1754051698.16546,0,0,-122
1754051698.20146,-2,0,-134
1754051698.23946,0,-4,-125
1754051698.27746,4,-1,-120
1754051698.31646,4,-7,-112
1754051698.35246,9,-4,-125
1754051698.39046,-7,3,-113
1754051698.42846,-7,0,-112
1754051698.4674602,-4,-5,-116
1754051698.50546,0,1,-122
1754051698.54146,-2,-3,-121
1754051698.57946,0,2,-113
1754051698.61746,6,0,-118
1754051698.65646,1,4,-131
1754051698.69246,1,-4,-117
1754051698.7304602,3,1,-110
1754051698.76846,0,1,-123
1754051698.80746,8,-3,-123
1754051698.8454602,1,-1,-116
1754051698.8814602,0,-3,-118
1754051698.91846,-2,0,-125
1754051698.9574602,0,-3,-127
1754051698.99546,0,-3,-124
1754051699.03146,-3,0,-120
1754051699.0694602,2,-6,-109
1754051699.10746,6,-11,-122
1754051699.14646,-1,-6,-126
1754051699.18246,-1,-5,-124
1754051699.2204602,1,-2,-118
1754051699.25846,0,0,-119
1754051699.29746,3,-1,-127
1754051699.3354602,1,-3,-122
1754051699.3714602,0,-2,-131
1754051699.40946,-1,-5,-116
1754051699.44846,-3,-6,-119
1754051699.4864602,-6,-5,-111
1754051699.52246,-1,0,-117
1754051699.56046,-1,-2,-118
1754051699.5984602,6,-3,-118
1754051699.63746,-4,-6,-113
1754051699.67346,0,-4,-113
1754051699.71146,1,0,-104
1754051699.74946,0,-3,-113
1754051699.78746,-7,-11,-110
1754051699.82646,1,-9,-103
1754051699.86246,7,-6,-103
1754051699.90046,1,-4,-114
1754051699.93846,0,1,-115
1754051699.97746,10,-6,-123
1754051700.0134602,4,-10,-131
1754051700.05146,-1,-8,-115
1754051700.09046,2,-8,-120
1754051700.12746,-2,-4,-130
1754051700.16646,-4,1,-122
1754051700.20246,3,0,-120
1754051700.2404602,-3,-2,-117
1754051700.27846,0,0,-121
1754051700.31746,-4,-4,-115
1754051700.35346,-6,-3,-118
1754051700.3914602,0,-9,-119
1754051700.42946,-5,0,-121
1754051700.46846,-1,-3,-119
1754051700.5064602,-8,-2,-127
1754051700.5424602,-1,-1,-122
1754051700.58046,-1,-5,-126
1754051700.6184602,8,-4,-117
1754051700.6574602,1,-8,-128
1754051700.6944602,1,-2,-129
1754051700.73146,-3,0,-125
1754051700.7694602,-6,-1,-130
1754051700.80846,-4,-1,-117
1754051700.84646,-5,-4,-116
1754051700.88246,-2,-3,-112
1754051700.92046,-11,-4,-125
1754051700.95846,-6,3,-124
1754051700.99746,1,7,-120
1754051701.03346,1,0,-118
1754051701.07046,3,4,-118
1754051701.1084602,0,2,-123
1754051701.14746,0,-6,-113
1754051701.18346,4,-3,-114
1754051701.22146,8,-5,-109
1754051701.2594602,-3,-6,-113
1754051701.29846,-1,-2,-123
1754051701.33646,1,0,-111
1754051701.37246,-3,-1,-118
1754051701.41046,-1,0,-114
1754051701.44846,0,-5,-126
1754051701.4864602,3,-7,-128
1754051701.52246,3,-2,-110
1754051701.56046,7,-10,-112
1754051701.5984602,2,-6,-122
1754051701.63746,4,-1,-120
1754051701.67346,9,-1,-126
1754051701.71146,0,1,-130
1754051701.74946,-1,-2,-128
1754051701.78846,0,0,-117
1754051701.82446,2,2,-120
1754051701.86246,9,3,-124
1754051701.90046,2,0,-123
1754051701.93846,0,2,-120
1754051701.97746,-7,1,-130
1754051702.0134602,-1,-4,-117
1754051702.05146,7,-5,-120
1754051702.08946,-1,-1,-121
1754051702.1284602,-7,0,-110
1754051702.1644602,-1,-8,-121
1754051702.20246,-4,-2,-128
1754051702.2404602,2,-9,-126
1754051702.27846,-4,-6,-129
1754051702.31746,0,1,-123
1754051702.35346,0,-2,-120
1754051702.39046,3,-3,-120
1754051702.42846,-1,-1,-130
1754051702.4674602,-3,0,-124
1754051702.5034602,-3,-4,-118
1754051702.54146,-1,-3,-110
1754051702.57946,-3,-9,-112
1754051702.6184602,-9,-6,-119
1754051702.6544602,-3,-2,-124
1754051702.69246,-6,-1,-124
1754051702.7304602,3,1,-109
1754051702.7694602,8,-1,-120
1754051702.80746,13,-5,-126
1754051702.84346,5,-8,-119
1754051702.8814602,2,-7,-115
1754051702.91946,4,-3,-114
1754051702.95846,2,-6,-126
1754051702.99446,-4,-4,-120
1754051703.0324602,1,0,-131
1754051703.07046,-5,-3,-125
1754051703.10946,0,3,-131
1754051703.14746,-4,-3,-125
1754051703.18346,5,-3,-121
1754051703.22146,0,0,-107
1754051703.26046,-2,0,-121
1754051703.29846,0,0,-111
1754051703.33446,-4,-1,-112
1754051703.37246,-1,-3,-127
1754051703.41046,5,1,-117
1754051703.44946,3,4,-121
1754051703.48746,-6,2,-131
1754051703.52346,-3,-5,-127
1754051703.56146,0,-8,-128
1754051703.59946,0,0,-118
1754051703.6384602,5,3,-122
1754051703.6744602,4,-4,-113
1754051703.71246,0,-4,-117
1754051703.75046,1,1,-112
1754051703.7894602,5,3,-122
1754051703.82746,3,2,-119
1754051703.86446,8,2,-113
1754051703.90246,8,0,-125
1754051703.93946,1,5,-116
1754051703.97846,3,0,-127
1754051704.01446,-2,-2,-123
1754051704.0524602,-4,2,-107
1754051704.09046,6,3,-131
1754051704.12946,-1,2,-121
1754051704.16546,0,-5,-122
1754051704.20246,-1,-4,-117
1754051704.24146,5,-4,-121
1754051704.2794602,4,0,-124
1754051704.3154602,-5,-1,-112
1754051704.35346,0,-1,-118
1754051704.3914602,7,-2,-118
1754051704.42946,3,0,-110
1754051704.46846,5,-4,-103
1754051704.50446,-1,4,-106
1754051704.5424602,2,0,-112
1754051704.58046,1,-4,-115
1754051704.61946,-8,5,-119
1754051704.65546,-6,6,-122
1754051704.69346,0,1,-124
1754051704.73146,0,-2,-125
1754051704.77046,0,-2,-112
1754051704.80846,5,-2,-122
1754051704.84446,6,-5,-114
1754051704.88246,0,-10,-125
1754051704.92046,6,-4,-114
1754051704.95946,6,-5,-122
1754051704.99546,2,-3,-116
1754051705.03346,0,-2,-118
1754051705.07146,-7,-7,-118
1754051705.11046,0,-9,-119
1754051705.14846,0,-7,-122
1754051705.1844602,0,-3,-138
1754051705.22246,7,3,-129
1754051705.26046,7,-1,-113
1754051705.2994602,-4,0,-119
1754051705.3354602,2,0,-124
1754051705.37246,10,0,-115
1754051705.41046,9,0,-109
1754051705.44946,2,0,-133
1754051705.48546,0,-3,-127
1754051705.52346,1,-2,-120
1754051705.56146,-1,1,-119
1754051705.60046,-8,0,-124
1754051705.6384602,-4,6,-116
1754051705.6744602,0,4,-118
1754051705.71146,1,3,-111
1754051705.75046,3,0,-120
1754051705.78846,1,-4,-122
1754051705.82446,3,4,-127
1754051705.8614602,6,1,-119
1754051705.90046,4,1,-120
1754051705.93646,0,-5,-114
1754051705.97446,1,2,-116
1754051706.01246,6,-2,-124
1754051706.05146,0,0,-119
1754051706.08946,0,0,-125
1754051706.12546,-1,0,-132
1754051706.16346,-7,0,-111
1754051706.20146,-9,3,-98
1754051706.2404602,0,-8,-105
1754051706.2764602,4,-5,-114
1754051706.31446,-1,-5,-114
1754051706.35246,2,2,-110
1754051706.39046,-5,1,-117
1754051706.42946,-3,-9,-119
1754051706.46546,-3,-8,-121
1754051706.5034602,-7,-5,-115
1754051706.5424602,-7,0,-115
1754051706.58046,-2,5,-122
1754051706.61646,2,8,-128
1754051706.6544602,-1,1,-122
1754051706.69246,-6,-8,-125
1754051706.7304602,6,-2,-109
1754051706.7664602,4,1,-113
1754051706.80446,7,3,-118
1754051706.8424602,7,-1,-126
1754051706.8814602,-5,-2,-117
1754051706.91946,-3,0,-111
1754051706.95546,-5,0,-124
1754051706.9934602,2,-5,-125
1754051707.03146,1,-2,-123
1754051707.07046,-1,1,-137
1754051707.10646,6,4,-130
1754051707.14546,10,2,-120
1754051707.18246,-7,-4,-121
1754051707.22146,1,-2,-117
1754051707.2594602,7,-1,-118
1754051707.29546,2,0,-124
1754051707.3324602,2,1,-128
1754051707.3714602,4,-6,-134
1754051707.40946,-2,-3,-123
1754051707.44546,-1,0,-114
1754051707.4834602,3,2,-121
1754051707.52146,-4,-5,-116
1754051707.56046,1,-1,-125
1754051707.59646,5,-4,-133
1754051707.6344602,6,-10,-122
1754051707.67246,0,-7,-113
1754051707.71146,3,-1,-117
1754051707.74946,6,-3,-130
1754051707.78546,9,-3,-128
1754051707.82346,0,-2,-123
1754051707.8614602,-1,-1,-120
1754051707.90046,2,-5,-120
1754051707.93646,-1,-2,-111
1754051707.98246,1,-4,-112
1754051708.02046,4,-4,-114
1754051708.05646,5,-4,-120
1754051708.09446,2,-6,-123
1754051708.13346,3,-6,-116
1754051708.1714602,-3,-1,-120
1754051708.20846,-1,-2,-124
1754051708.24546,4,2,-119
1754051708.28346,3,0,-115
1754051708.32146,-5,-3,-117
1754051708.36046,8,6,-110
1754051708.39646,3,-3,-113
1754051708.4344602,1,-4,-110
1754051708.47246,-2,-5,-121
1754051708.51146,-1,-6,-112
1754051708.54746,-4,0,-116
1754051708.5854602,-5,-6,-120
1754051708.62446,-4,-10,-120
1754051708.6614602,-2,-4,-121
1754051708.7004602,3,1,-123
1754051708.7364602,1,-1,-124
1754051708.77446,0,-2,-116
1754051708.8124602,4,-7,-117
1754051708.85146,11,2,-112
1754051708.88746,10,2,-111
1754051708.9244602,3,0,-117
1754051708.96246,4,2,-107
1754051709.00146,1,-2,-110
1754051709.03746,0,-5,-121
1754051709.0754602,3,-9,-121
1754051709.11346,-1,1,-116
1754051709.15246,-4,0,-127
1754051709.1904602,-1,0,-121
1754051709.22646,-4,1,-119
1754051709.26446,-1,5,-117
1754051709.30346,0,-5,-120
1754051709.34146,4,-1,-110
1754051709.37746,9,-3,-124
1754051709.41646,2,0,-110
1754051709.45346,-3,-3,-118
1754051709.49246,-1,0,-105
1754051709.53046,-1,-2,-121
1754051709.56646,-3,-3,-115
1754051709.60446,1,0,-104
1754051709.64246,-2,-1,-122
1754051709.68146,-1,-3,-117
1754051709.7174602,0,-4,-108
1754051709.75546,-4,2,-109
1754051709.79346,-5,2,-115
1754051709.8324602,-2,-3,-122
1754051709.87046,0,-7,-132
1754051709.9074602,1,0,-119
1754051709.9444602,-3,-3,-117
1754051709.98246,-4,-9,-107
1754051710.02146,-5,-4,-114
1754051710.05746,1,0,-110
1754051710.09446,6,-2,-107
1754051710.13246,5,1,-113
1754051710.1714602,5,-3,-122
1754051710.2074602,-1,-3,-119
1754051710.24546,-4,-10,-121
1754051710.28346,1,-10,-115
1754051710.3224602,2,-8,-127
1754051710.3584602,2,-8,-120
1754051710.39646,-1,-7,-115
1754051710.4344602,0,-5,-125
1754051710.47246,5,0,-118
1754051710.51146,1,-2,-117
1754051710.54746,7,1,-116
1754051710.58446,0,-2,-123
1754051710.62246,2,0,-113
1754051710.6614602,2,-5,-122
1754051710.6974602,7,-8,-118
1754051710.73546,8,-5,-120
1754051710.77346,0,5,-114
1754051710.8124602,4,0,-111
1754051710.84946,0,4,-119
1754051710.88646,-7,1,-110
1754051710.9244602,-9,6,-112
1754051710.9634602,0,0,-118
1754051711.00146,1,3,-115
1754051711.03746,6,6,-119
1754051711.07446,3,0,-114
1754051711.11246,-2,1,-110
1754051711.14846,0,0,-121
1754051711.18646,3,-2,-114
1754051711.22446,7,2,-119
1754051711.2634602,1,3,-119
1754051711.30146,2,-3,-117
1754051711.33746,7,3,-122
1754051711.37546,1,3,-122
1754051711.41346,4,-4,-123
1754051711.45246,5,0,-113
1754051711.48846,1,3,-119
1754051711.52746,3,1,-124
1754051711.5654602,-1,-6,-116
1754051711.60346,-2,-3,-119
1754051711.6414602,0,0,-117
1754051711.6774602,-1,-1,-121
1754051711.71546,6,0,-121
1754051711.7534602,1,0,-118
1754051711.7924602,0,-1,-109
1754051711.82846,-2,0,-115
1754051711.86646,1,-2,-113
1754051711.9044602,1,0,-116
1754051711.94346,5,-1,-122
1754051711.98146,0,0,-125
1754051712.01746,4,-5,-133
1754051712.05546,6,0,-123
1754051712.09346,-1,-2,-122
1754051712.13246,0,-3,-125
1754051712.16846,2,-8,-118
1754051712.2074602,-1,-2,-117
1754051712.24446,1,-2,-111
1754051712.28346,7,0,-119
1754051712.3194602,4,-1,-120
1754051712.35746,2,3,-119
1754051712.39546,6,3,-121
1754051712.43346,0,2,-118
1754051712.47246,-5,0,-109
1754051712.50846,0,-3,-107
1754051712.5464602,-2,5,-107
1754051712.58446,0,1,-109
1754051712.62346,0,-8,-114
1754051712.65946,0,-5,-116
1754051712.6974602,2,2,-124
1754051712.73546,3,-2,-123
1754051712.77346,7,-7,-117
1754051712.8124602,2,-2,-128
1754051712.8484602,3,1,-117
1754051712.88546,-4,5,-122
1754051712.92346,0,1,-119
1754051712.96246,-12,1,-118
1754051712.99846,-7,-1,-124
1754051713.0364602,-6,0,-119
1754051713.07446,0,-1,-117
1754051713.11346,1,2,-106
1754051713.14946,-1,2,-115
1754051713.1874602,1,0,-122
1754051713.22646,0,-2,-106
1754051713.26446,-5,-7,-111
1754051713.3024602,0,-1,-122
1754051713.33946,2,-2,-119
1754051713.37646,6,1,-113
1754051713.4144602,7,1,-104
1754051713.45346,-5,-3,-119
1754051713.48946,-4,-7,-115
1754051713.52746,7,-2,-121
1754051713.5654602,4,-2,-122
1754051713.60446,0,0,-120
1754051713.64246,-3,0,-121
1754051713.67846,-5,0,-126
1754051713.71646,-1,1,-118
1754051713.75446,-1,-10,-118
1754051713.79346,-2,-4,-128
1754051713.82946,4,-3,-123
1754051713.8684602,-2,4,-125
1754051713.90546,0,-1,-126
1754051713.9444602,1,-3,-118
1754051713.98246,5,3,-119
1754051714.01846,-1,-4,-124
1754051714.05646,6,-4,-120
1754051714.09446,7,-7,-121
1754051714.13346,-1,3,-109
1754051714.16946,-2,1,-115
1754051714.2074602,0,0,-124
1754051714.2464602,1,-3,-109
1754051714.28446,-5,-1,-120
1754051714.32046,0,-3,-110
1754051714.35946,1,0,-120
1754051714.39646,7,-2,-123
1754051714.4344602,0,-2,-107
1754051714.4734602,-1,-9,-112
1754051714.5094602,-2,-5,-116
1754051714.54746,0,3,-118
1754051714.5854602,0,-6,-124
1754051714.62446,4,-2,-128
1754051714.66046,4,0,-123
1754051714.69846,0,-2,-114
1754051714.7364602,-4,0,-119
1754051714.77446,3,-1,-117
1754051714.81346,1,-2,-126
1754051714.84946,0,2,-120
1754051714.88746,2,0,-120
1754051714.92546,6,-4,-127
1754051714.96446,9,0,-115
1754051715.00046,3,0,-115
1754051715.03746,2,-6,-125
1754051715.0754602,-4,-10,-120
1754051715.11446,0,-4,-117
1754051715.15046,0,-5,-111
1754051715.18846,-5,-10,-111
1754051715.22646,-2,-7,-116
1754051715.26546,0,-4,-107
1754051715.30346,-9,1,-121
1754051715.33946,0,-6,-110
1754051715.37746,0,-6,-120
1754051715.41546,-2,1,-123
1754051715.45446,0,3,-123
1754051715.4904602,-1,-7,-129
1754051715.52846,-4,0,-122
1754051715.56646,-1,-2,-128
1754051715.6054602,-3,0,-121
1754051715.64346,-6,-2,-123
1754051715.67946,-3,-9,-121
1754051715.7174602,-5,-6,-122
1754051715.75546,0,-10,-119
1754051715.79446,2,-5,-114
1754051715.83046,-2,0,-124
1754051715.8684602,7,-5,-105
1754051715.90646,3,-8,-108
1754051715.94546,1,-4,-111
1754051715.9834602,5,-3,-113
1754051716.0194602,2,-7,-113
1754051716.05846,6,-2,-114
1754051716.0954602,0,1,-124
1754051716.1344602,1,-3,-129
1754051716.17046,-1,0,-133
1754051716.20846,-3,0,-132
1754051716.24746,0,1,-113
1754051716.28546,-7,-1,-108
1754051716.32146,-5,-2,-119
1754051716.35946,-4,-6,-131
1754051716.39746,-5,-3,-123
1754051716.43546,-2,-2,-130
1754051716.47446,1,-4,-125
1754051716.51046,1,-4,-123
1754051716.54846,-1,1,-125
1754051716.58646,7,-7,-123
1754051716.62546,1,-9,-121
1754051716.6614602,6,-8,-113
1754051716.7004602,2,-1,-118
1754051716.73846,0,-5,-120
1754051716.77546,0,0,-128
1754051716.81446,-4,-1,-130
1754051716.85046,-3,-2,-133
1754051716.8884602,0,0,-126
1754051716.92646,6,1,-114
1754051716.96546,0,0,-108
1754051717.00146,0,0,-115
1754051717.03846,2,7,-116
1754051717.07646,-2,1,-116
1754051717.1154602,0,6,-118
1754051717.1514602,0,0,-120
1754051717.18846,9,-4,-119
1754051717.22646,5,-4,-118
1754051717.26546,1,-6,-121
1754051717.30146,4,-11,-118
1754051717.33946,0,-6,-127
1754051717.37746,1,1,-114
1754051717.41646,-7,-1,-126
1754051717.45446,-4,5,-112
1754051717.4904602,-5,6,-115
1754051717.52846,5,8,-114
1754051717.56646,3,-2,-100
1754051717.6054602,-3,-4,-112
1754051717.6414602,0,-5,-117
1754051717.67946,1,2,-115
1754051717.7174602,1,-6,-111
1754051717.7564602,-1,-1,-110
1754051717.79446,0,4,-108
1754051717.83046,4,9,-113
1754051717.86746,5,0,-118
1754051717.90646,5,10,-117
1754051717.9444602,3,3,-115
1754051717.98746,-4,0,-118
1754051718.0264602,7,-3,-114
1754051718.06446,1,-1,-119
1754051718.10046,-3,-4,-119
1754051718.1384602,-3,0,-123
1754051718.17646,4,1,-129
1754051718.21546,3,0,-130
1754051718.25146,-3,2,-130
1754051718.2894602,-5,0,-114
1754051718.32846,-4,5,-119
1754051718.36646,-2,0,-105
1754051718.40246,2,-5,-119
1754051718.4404602,4,-8,-118
1754051718.47946,2,-2,-120
1754051718.5164602,0,3,-127
1754051718.55546,0,5,-120
1754051718.59146,0,6,-127
1754051718.62946,1,0,-117
1754051718.66646,-2,-3,-126
1754051718.70546,-3,-12,-119
1754051718.74146,3,-7,-116
1754051718.7794602,0,0,-122
1754051718.81746,-3,-5,-121
1754051718.85646,-2,-5,-121
1754051718.89246,5,1,-112
1754051718.92946,3,6,-117
1754051718.9674602,2,1,-111
1754051719.0064602,0,-1,-121
1754051719.0424602,-1,-2,-115
1754051719.08046,4,0,-123
1754051719.1184602,2,0,-118
1754051719.1574602,11,-2,-113
1754051719.19546,3,0,-116
1754051719.23146,-2,-1,-122
1754051719.27046,-6,-1,-129
1754051719.30746,-2,-2,-119
1754051719.34646,0,-1,-112
1754051719.38246,0,0,-110
1754051719.42046,0,4,-107
1754051719.4574602,-6,2,-118
1754051719.4964602,0,2,-121
1754051719.5324602,0,-1,-124
1754051719.57046,9,2,-122
1754051719.6084602,9,2,-114
1754051719.64746,0,-1,-110
1754051719.68546,-1,-6,-111
1754051719.72146,-5,-4,-112
1754051719.7594602,2,-2,-123
1754051719.79746,0,-1,-132
1754051719.83646,2,-1,-116
1754051719.87246,2,7,-119
1754051719.90946,1,0,-124
1754051719.9474602,2,-5,-120
1754051719.9864602,9,1,-112
1754051720.02246,3,-1,-123
1754051720.06046,2,-1,-107
1754051720.09946,0,-8,-113
1754051720.13746,-1,-5,-121
1754051720.17546,3,-5,-118
1754051720.21146,1,-3,-126
1754051720.24946,0,4,-131
1754051720.28746,4,-1,-120
1754051720.32646,4,-1,-117
1754051720.36246,5,0,-113
1754051720.39946,1,1,-128
1754051720.4374602,-3,1,-126
1754051720.47646,5,1,-122
1754051720.51246,3,0,-102
1754051720.5494602,0,0,-110
1754051720.58746,0,-7,-112
1754051720.62646,0,-1,-121
1754051720.66246,6,0,-131
1754051720.69946,1,-3,-121
1754051720.73746,-3,0,-124
1754051720.7764602,-3,-5,-129
1754051720.8124602,1,-5,-128
1754051720.85046,-1,-2,-120
1754051720.8884602,-2,-8,-125
1754051720.9274602,-1,0,-122
1754051720.9634602,-1,0,-122
1754051721.00146,6,0,-118
1754051721.04046,4,2,-113
1754051721.07746,0,-2,-117
1754051721.11646,2,2,-118
1754051721.15346,5,-2,-128
1754051721.1904602,1,-2,-112
1754051721.22846,0,-1,-112
1754051721.26746,-8,0,-119
1754051721.30346,-2,-4,-112
1754051721.34146,0,0,-119
1754051721.37946,-1,-3,-119
1754051721.41846,-4,0,-115
1754051721.45646,1,-5,-127
1754051721.49246,11,1,-121
1754051721.53046,5,-4,-126
1754051721.56846,11,0,-109
1754051721.60746,5,0,-110
1754051721.64346,5,1,-116
1754051721.68046,6,0,-111
1754051721.71846,0,0,-110
1754051721.75746,8,-2,-120
1754051721.79346,1,-5,-120
1754051721.8324602,-1,-3,-118
1754051721.86946,2,0,-127
1754051721.90846,-4,-2,-125
1754051721.94646,-3,0,-115
1754051721.98246,2,-8,-113
1754051722.02046,-7,-5,-119
1754051722.05846,-7,-5,-124
1754051722.09746,-1,1,-119
1754051722.13346,3,0,-130
1754051722.1714602,-9,-7,-115
1754051722.20946,0,-2,-113
1754051722.24846,-10,-2,-118
1754051722.2864602,-15,-3,-118
1754051722.3224602,-6,-2,-112
1754051722.36046,-7,3,-118
1754051722.39846,-4,2,-117
1754051722.4374602,0,4,-115
1754051722.4734602,0,-5,-129
1754051722.51146,0,0,-124
1754051722.5494602,3,-4,-123
1754051722.5884602,6,-4,-113
1754051722.62446,0,-4,-119
1754051722.66246,0,-7,-120
1754051722.7004602,2,4,-117
1754051722.73946,5,1,-123
1754051722.77746,8,2,-128
1754051722.81346,0,3,-120
1754051722.85146,-3,-1,-124
1754051722.88946,4,2,-122
1754051722.92846,5,-8,-129
1754051722.96446,9,-4,-118
1754051723.00246,2,-10,-122
1754051723.04046,-3,-3,-109
1754051723.07846,-5,-4,-116
1754051723.11746,2,0,-115
1754051723.15346,2,-4,-117
1754051723.19146,-2,-7,-117
1754051723.22946,-1,-3,-128
1754051723.26846,-6,0,-130
1754051723.30446,-9,-2,-127
1754051723.34346,-6,5,-115
1754051723.38046,-1,4,-121
1754051723.41946,5,-2,-110
1754051723.4574602,0,0,-128
1754051723.4934602,-2,0,-126
1754051723.53146,-1,-1,-129
1754051723.5694602,-5,0,-130
1754051723.6084602,1,-9,-124
1754051723.6444602,-1,-8,-123
1754051723.68246,1,-3,-121
1754051723.7204602,-3,-4,-117
1754051723.7594602,7,-5,-124
1754051723.79746,4,-4,-119
1754051723.83346,6,-5,-112
1754051723.8714602,0,-5,-105
1754051723.90946,0,-9,-104
1754051723.94846,-5,0,-98
1754051723.98446,0,1,-118
1754051724.02246,1,1,-126
1754051724.0594602,2,0,-110
1754051724.0984602,0,-2,-104
1754051724.1344602,4,3,-119
1754051724.17246,-7,-3,-119
1754051724.20946,6,-5,-123
1754051724.24846,2,-2,-130
1754051724.28446,5,-3,-124
1754051724.32146,-4,-2,-131
1754051724.35946,0,-3,-119
1754051724.39846,5,-3,-116
1754051724.4344602,3,-1,-132
1754051724.47246,-2,-1,-127
1754051724.51146,0,3,-117
1754051724.5494602,-2,0,-127
1754051724.5854602,-2,3,-115
1754051724.62346,-1,-6,-110
1754051724.6614602,2,-6,-108
1754051724.69946,-1,3,-115
1754051724.73846,2,1,-121
1754051724.77446,1,0,-126
1754051724.81146,8,6,-129
1754051724.84946,3,3,-121
1754051724.8884602,0,0,-123
1754051724.9244602,-3,-9,-121
1754051724.96246,10,0,-120
1754051725.00046,3,1,-124
1754051725.0394602,1,-8,-114
1754051725.0754602,-1,-9,-118
1754051725.11346,2,-3,-120
1754051725.1514602,3,-5,-119
1754051725.18946,10,-6,-117
1754051725.22846,9,-5,-103
1754051725.26446,3,-3,-112
1754051725.3024602,3,0,-122
1754051725.34046,1,0,-120
1754051725.37946,-2,-2,-112
1754051725.41546,0,-4,-111
1754051725.45346,5,-8,-106
1754051725.49146,0,-3,-109
1754051725.53046,1,1,-114
1754051725.56846,-1,4,-109
1754051725.60446,-2,3,-120
1754051725.64246,9,-5,-125
1754051725.68146,8,2,-123
1754051725.71946,-3,0,-119
1754051725.75546,0,1,-112
1754051725.7924602,2,5,-118
1754051725.83146,0,-1,-116
1754051725.86946,-2,-3,-120
1754051725.90546,-7,0,-111
1754051725.94246,-6,-3,-117
1754051725.98146,-3,-10,-116
1754051726.0194602,-6,-8,-111
1754051726.05546,-2,-3,-123
1754051726.09446,-6,0,-112
1754051726.1314602,-1,-1,-116
1754051726.17046,-5,0,-131
1754051726.20846,4,0,-122
1754051726.24446,-2,-3,-127
1754051726.2824602,0,-4,-112
1754051726.32046,3,-1,-120
1754051726.35946,8,-1,-116
1754051726.39546,3,-5,-111
1754051726.43346,0,-1,-109
1754051726.47246,-5,0,-110
1754051726.51046,-2,0,-117
1754051726.54846,0,0,-119
1754051726.58446,3,-1,-110
1754051726.62246,0,-7,-114
1754051726.66046,5,-2,-101
1754051726.69946,13,0,-112
1754051726.73546,7,2,-125
1754051726.77246,1,3,-127
1754051726.81046,-8,4,-130
1754051726.84946,-5,0,-118
1754051726.88546,-8,-3,-109
1754051726.92346,0,-3,-117
1754051726.96146,-3,-4,-114
1754051727.00046,-1,0,-124
1754051727.0364602,0,2,-129
1754051727.07346,-1,-3,-133
1754051727.1114602,-8,-8,-120
1754051727.15046,-3,-5,-129
1754051727.1874602,-3,-3,-123
1754051727.22446,0,-7,-116
1754051727.26246,0,0,-119
1754051727.30046,-2,-2,-116
1754051727.33946,0,-1,-117
1754051727.37546,-4,0,-114
1754051727.4144602,-4,2,-114
1754051727.45146,0,1,-111
1754051727.4904602,-4,0,-116
1754051727.52746,-3,2,-120
1754051727.56446,4,3,-116
1754051727.60246,4,-2,-122
1754051727.6414602,5,-4,-112
1754051727.67946,5,2,-119
1754051727.71546,6,0,-114
1754051727.75246,-3,3,-116
1754051727.79146,-4,1,-115
1754051727.82946,0,-12,-112
1754051727.8654602,1,-6,-113
1754051727.90346,-2,-3,-110
1754051727.94246,-1,2,-113
1754051727.9804602,2,4,-117
1754051728.02446,4,-3,-117
1754051728.06346,-5,-11,-112
1754051728.10146,-1,-8,-115
1754051728.13946,0,-1,-119
1754051728.17546,-3,-4,-117
1754051728.21446,3,3,-115
1754051728.25146,0,3,-113
1754051728.29046,-3,-5,-124
1754051728.32646,2,-4,-125
1754051728.36446,2,-3,-117
1754051728.40246,-2,0,-113
1754051728.44146,2,0,-116
1754051728.47946,0,0,-123
1754051728.5164602,1,2,-119
1754051728.55346,-3,0,-114
1754051728.59146,-5,0,-125
1754051728.63046,2,-9,-134
1754051728.66646,3,-7,-128
1754051728.70446,1,-4,-117
1754051728.7434602,7,-6,-112
1754051728.78146,1,-7,-116
1754051728.8194602,0,0,-115
1754051728.8554602,6,7,-126
1754051728.89246,0,3,-122
1754051728.93146,8,3,-117
1754051728.9674602,5,4,-118
1754051729.00546,2,7,-112
1754051729.04346,-7,0,-114
1754051729.08146,1,-3,-117
1754051729.12046,4,0,-133
1754051729.15646,7,-1,-121
1754051729.1944602,4,-6,-123
1754051729.2334602,1,4,-107
1754051729.27146,6,-1,-116
1754051729.30746,8,0,-120
1754051729.3454602,7,-3,-115
1754051729.38346,1,-7,-120
1754051729.4214602,2,-8,-132
1754051729.4604602,7,-1,-126
1754051729.4964602,3,-6,-126
1754051729.53446,3,-7,-129
1754051729.5724602,3,2,-131
1754051729.6114602,-2,-1,-122
1754051729.64746,1,1,-124
1754051729.6844602,3,0,-128
1754051729.72246,7,1,-132
1754051729.76146,5,-2,-120
1754051729.79746,1,-1,-120
1754051729.8354602,-4,-3,-118
1754051729.87346,4,-5,-123
1754051729.91246,0,1,-118
1754051729.9504602,7,0,-112
1754051729.9864602,8,-3,-118
1754051730.02446,-4,-6,-116
1754051730.0624602,-1,-2,-118
1754051730.10146,-4,7,-127
1754051730.13746,-6,6,-118
1754051730.17546,-6,0,-115
1754051730.2134602,0,0,-124
1754051730.25246,-2,-6,-121
1754051730.29046,0,3,-129
1754051730.32646,-1,4,-122
1754051730.36446,-1,3,-124
1754051730.40246,1,-3,-114
1754051730.44146,0,0,-105
1754051730.47746,-5,-2,-122
1754051730.51546,3,0,-122
1754051730.55346,0,2,-116
1754051730.5924602,5,1,-114
1754051730.63046,-3,8,-117
1754051730.6674602,-4,1,-119
1754051730.70446,5,-3,-122
1754051730.74246,1,-2,-119
1754051730.78146,0,-2,-108
1754051730.81746,1,2,-109
1754051730.85446,5,2,-119
1754051730.89246,0,-1,-121
1754051730.93146,-2,2,-123
1754051730.9674602,2,-3,-113
1754051731.00546,1,-1,-120
1754051731.04346,-1,-3,-118
1754051731.0824602,4,-4,-121
1754051731.1184602,-9,-8,-124
1754051731.15646,4,-8,-132
1754051731.1944602,7,-8,-132
1754051731.23246,3,-1,-125
1754051731.27146,3,-3,-123
1754051731.30746,1,0,-126
1754051731.34446,6,-8,-125
1754051731.38246,9,0,-118
1754051731.4214602,-1,2,-120
1754051731.4574602,4,-3,-123
1754051731.49546,2,1,-121
1754051731.53346,-2,-7,-116
1754051731.5724602,3,-3,-109
1754051731.60946,7,-5,-107
1754051731.64646,-1,0,-117
1754051731.6844602,4,-1,-120
1754051731.7234602,9,-4,-125
1754051731.76146,2,-5,-127
1754051731.79746,-2,-3,-115
1754051731.8354602,0,-3,-119
1754051731.87446,4,-4,-118
1754051731.91246,7,-6,-121
1754051731.94846,7,0,-110
1754051731.98546,3,-1,-115
1754051732.02346,0,-6,-118
1754051732.0624602,8,0,-115
1754051732.0984602,-3,0,-119
1754051732.13546,-2,-3,-116
1754051732.17346,2,-6,-115
1754051732.21246,3,-5,-117
1754051732.24846,6,-5,-117
1754051732.28746,-3,-3,-115
1754051732.32446,1,5,-109
1754051732.36346,0,1,-112
1754051732.4014602,1,3,-124
1754051732.4374602,-1,-2,-116
1754051732.47546,9,0,-112
1754051732.5134602,6,-4,-123
1754051732.5524602,1,-8,-122
1754051732.5884602,4,0,-130
1754051732.62546,-1,7,-111
1754051732.66346,0,-1,-111
1754051732.70246,2,1,-121
1754051732.73846,-8,4,-121
1754051732.7764602,-7,1,-114
1754051732.8154602,-7,-1,-116
1754051732.85346,-4,6,-120
1754051732.88946,4,-4,-124
1754051732.9274602,3,-1,-122
1754051732.96646,-2,0,-115
1754051733.0034602,1,0,-111
1754051733.0424602,1,0,-119
1754051733.07846,0,2,-115
1754051733.11646,-2,0,-118
1754051733.15346,-6,-9,-116
1754051733.19246,5,-4,-106
1754051733.22846,10,-11,-109
1754051733.2664602,5,-5,-118
1754051733.30446,9,0,-110
1754051733.34346,6,-3,-107
1754051733.37946,4,-8,-107
1754051733.4174602,-3,0,-119
1754051733.45546,-6,5,-116
1754051733.4934602,4,-4,-112
1754051733.5324602,-3,-3,-111
1754051733.56846,-7,-1,-123
1754051733.60646,3,-3,-112
1754051733.64546,6,-1,-115
1754051733.68346,-1,1,-118
1754051733.71946,-1,-5,-120
1754051733.75846,0,-2,-118
1754051733.79546,3,-2,-126
1754051733.83446,2,-6,-118
1754051733.87246,-2,4,-105
1754051733.90846,0,3,-113
1754051733.94646,4,3,-128
1754051733.98446,5,-2,-127
1754051734.02346,0,-2,-125
1754051734.0594602,9,-2,-123
1754051734.09746,5,0,-118
1754051734.13546,-10,-4,-122
1754051734.1744602,-9,-1,-124
1754051734.21246,-6,-3,-127
1754051734.24846,-10,-4,-120
1754051734.2864602,-1,1,-119
1754051734.32446,2,4,-118
1754051734.36346,0,4,-115
1754051734.39946,7,0,-113
1754051734.43646,12,0,-123
1754051734.47446,9,-6,-127
1754051734.5134602,1,-1,-126
1754051734.5494602,1,0,-121
1754051734.58646,-1,0,-113
1754051734.62446,2,3,-108
1754051734.66346,6,-2,-126
1754051734.69946,5,-4,-121
1754051734.73746,0,5,-119
1754051734.77546,0,0,-100
1754051734.81446,-1,-1,-118
1754051734.85246,-3,0,-119
1754051734.8884602,2,2,-107
1754051734.92646,4,5,-101
1754051734.96446,1,7,-118
1754051735.0034602,5,-2,-119
1754051735.0394602,6,0,-127
1754051735.07646,2,-6,-119
1754051735.1154602,0,0,-120
1754051735.15346,1,6,-120
1754051735.18946,0,1,-118
1754051735.22646,-7,0,-112
1754051735.26446,-6,3,-115
1754051735.30346,-2,-1,-120
1754051735.33946,1,-3,-127
1754051735.3784602,3,-1,-123
1754051735.41546,0,-5,-120
1754051735.45446,2,-8,-122
1754051735.4904602,0,-7,-126
1754051735.52846,0,0,-129
1754051735.56646,4,3,-128
1754051735.60446,6,1,-115
1754051735.64346,-1,4,-112
1754051735.67946,10,3,-118
1754051735.7174602,12,-2,-124
1754051735.7564602,-2,-3,-118
1754051735.79446,-1,-3,-126
1754051735.83046,7,-3,-128
1754051735.8684602,0,-6,-129
1754051735.9074602,0,-6,-126
1754051735.94546,9,0,-122
1754051735.9834602,5,0,-108
1754051736.0194602,0,1,-114
1754051736.05746,2,2,-114
1754051736.0954602,2,0,-115
1754051736.13346,2,2,-120
1754051736.16946,-1,4,-119
1754051736.2074602,4,0,-115
1754051736.24546,0,-8,-119
1754051736.28446,1,-4,-122
1754051736.32046,0,0,-117
1754051736.35746,-1,2,-110
1754051736.39546,0,0,-107
1754051736.4344602,0,-3,-111
1754051736.4704602,9,-5,-113
1754051736.50746,-7,0,-133
1754051736.54546,1,-3,-132
1754051736.58446,3,0,-133
1754051736.62046,-1,-6,-118
1754051736.65846,5,-8,-121
1754051736.69646,3,0,-123
1754051736.73546,5,2,-109
1754051736.77346,5,1,-121
1754051736.8094602,0,0,-116
1754051736.84646,-7,-6,-117
1754051736.88546,0,-6,-109
1754051736.92346,-5,-1,-111
1754051736.95946,-8,0,-117
1754051736.99846,-1,0,-107
1754051737.03546,-2,2,-117
1754051737.07446,1,0,-114
1754051737.11046,4,7,-111
1754051737.14846,7,-1,-120
1754051737.18546,3,-1,-119
1754051737.22446,-4,-4,-121
1754051737.26046,-8,-2,-117
1754051737.29846,3,-5,-119
1754051737.33646,1,-1,-117
1754051737.37546,9,-4,-118
1754051737.4114602,10,-2,-112
1754051737.44946,1,4,-107
1754051737.48746,-2,5,-113
1754051737.52546,6,2,-106
1754051737.56446,3,-3,-110
1754051737.60046,2,0,-108
1754051737.63746,1,-1,-113
1754051737.67546,0,-3,-110
1754051737.71446,4,-5,-107
1754051737.75046,11,-11,-120
1754051737.78846,7,-9,-113
1754051737.82746,7,-1,-118
1754051737.8654602,9,0,-106
1754051737.9014602,7,0,-114
1754051737.93846,-3,0,-107
1754051737.97746,-7,-1,-106
1754051738.01546,-6,-4,-120
1754051738.05846,-2,-9,-120
1754051738.09746,-1,4,-116
1754051738.13546,-2,1,-115
1754051738.1714602,1,0,-115
1754051738.20846,5,-3,-104
1754051738.2464602,-2,-7,-123
1754051738.28546,0,-1,-116
1754051738.32146,1,-7,-123
1754051738.36046,-1,1,-117
1754051738.39746,-5,0,-113
1754051738.43646,-4,-7,-109
1754051738.47446,-1,-6,-107
1754051738.51046,-7,-8,-117
1754051738.54846,-2,0,-112
1754051738.58646,-2,-3,-116
1754051738.62546,0,-10,-116
1754051738.6614602,8,-7,-114
1754051738.69946,-4,-4,-116
1754051738.73846,-3,-4,-119
1754051738.7764602,0,3,-119
1754051738.81446,5,0,-117
1754051738.85046,11,-1,-114
1754051738.8884602,5,-6,-111
1754051738.92646,3,-3,-109
1754051738.96546,4,0,-114
1754051739.00146,5,2,-117
1754051739.0394602,1,-7,-114
1754051739.07646,2,-3,-129
1754051739.1154602,1,1,-114
1754051739.1514602,3,-1,-115
1754051739.18946,3,5,-124
1754051739.22746,6,1,-126
1754051739.2664602,4,-6,-131
1754051739.3024602,4,-3,-119
1754051739.34046,2,0,-123
1754051739.3784602,5,6,-114
1754051739.4174602,4,-2,-107
1754051739.45546,-2,-2,-109
1754051739.49146,2,-6,-119
1754051739.5294602,3,1,-119
1754051739.56746,8,2,-119
1754051739.60646,2,-3,-120
1754051739.64246,0,0,-110
1754051739.67946,2,1,-117
1754051739.7174602,2,1,-114
1754051739.7564602,4,1,-122
1754051739.7924602,-1,-2,-130
1754051739.83046,0,3,-116
1754051739.8684602,-5,2,-128
1754051739.90646,4,-2,-115
1754051739.94546,1,0,-111
1754051739.98146,5,0,-109
1754051740.01846,3,0,-112
1754051740.05746,3,-5,-115
1754051740.0954602,5,-9,-115
1754051740.1314602,2,-8,-115
1754051740.16946,2,0,-122
1754051740.2074602,-1,-2,-115
1754051740.2464602,-1,0,-112
1754051740.2824602,0,-4,-114
1754051740.32046,4,-1,-118
1754051740.35946,6,-2,-116
1754051740.39746,4,-4,-121
1754051740.43546,-1,-4,-109
1754051740.47146,0,-2,-121
1754051740.5094602,4,1,-124
1754051740.54746,0,-3,-123
1754051740.58646,-4,-4,-113
1754051740.62246,-5,-1,-110
1754051740.66046,1,-2,-121
1754051740.69846,-2,-5,-131
1754051740.73746,0,-3,-116
1754051740.77546,3,-3,-123
1754051740.81146,0,-4,-118
1754051740.84946,1,0,-130
1754051740.88746,2,-6,-129
1754051740.92646,0,-4,-119
1754051740.9634602,1,-3,-117
1754051741.00046,-1,3,-119
1754051741.03846,6,-3,-116
1754051741.07746,9,0,-121
1754051741.1154602,0,-4,-113
1754051741.1514602,2,-2,-114
1754051741.18946,2,-2,-119
1754051741.22746,1,-5,-121
1754051741.2664602,2,-6,-111
1754051741.3024602,-2,-4,-116
1754051741.34046,3,3,-126
1754051741.37946,-3,-2,-117
1754051741.4174602,5,2,-117
1754051741.45346,9,1,-114
1754051741.4904602,6,1,-114
1754051741.52846,5,-1,-119
1754051741.56746,2,-3,-117
1754051741.60346,-1,-8,-114
1754051741.64246,-1,0,-116
1754051741.67946,10,1,-115
1754051741.7174602,6,2,-108
1754051741.7564602,12,0,-110
1754051741.7924602,7,0,-115
1754051741.82946,-2,-1,-120
1754051741.86746,2,1,-117
1754051741.90646,3,5,-113
1754051741.94246,6,3,-115
1754051741.97946,2,4,-119
1754051742.01746,2,1,-119
1754051742.05646,5,-1,-114
1754051742.0924602,-1,0,-125
1754051742.13046,6,3,-115
1754051742.16846,6,4,-121
1754051742.2074602,3,2,-107
1754051742.2434602,8,2,-121
1754051742.28046,4,-4,-119
1754051742.31846,5,5,-123
1754051742.35746,4,3,-120
1754051742.39346,0,-1,-118
1754051742.43246,4,-8,-114
1754051742.4704602,10,-4,-125
1754051742.50846,2,-2,-118
1754051742.5464602,6,-5,-116
1754051742.5824602,5,0,-120
1754051742.61946,0,3,-121
1754051742.65846,1,-3,-128
1754051742.69646,0,-4,-130
1754051742.73246,-2,-2,-133
1754051742.77146,-7,-6,-122
1754051742.80846,-8,0,-122
1754051742.84746,-1,-9,-112
1754051742.88346,2,0,-113
1754051742.92046,1,2,-121
1754051742.95846,3,1,-120
1754051742.99746,-1,3,-116
1754051743.03346,0,-4,-121
1754051743.07146,-4,-8,-125
1754051743.10946,1,-2,-131
1754051743.14846,-6,-2,-134
1754051743.18646,-1,2,-124
1754051743.22246,4,2,-115
1754051743.2594602,0,1,-122
1754051743.29846,1,-2,-119
1754051743.33446,0,-5,-122
1754051743.37246,1,-2,-126
1754051743.41046,-7,0,-121
1754051743.44946,2,-4,-115
1754051743.48746,2,-8,-117
1754051743.52346,2,-2,-119
1754051743.56146,4,2,-112
1754051743.59946,4,-3,-120
1754051743.6384602,0,-1,-108
1754051743.6744602,3,1,-120
1754051743.71246,2,0,-121
1754051743.74946,3,-1,-126
1754051743.78846,1,0,-126
1754051743.82446,0,-1,-124
1754051743.86246,1,-4,-135
1754051743.90046,-5,3,-120
1754051743.93846,-4,-3,-121
1754051743.97746,1,-1,-120
1754051744.0134602,4,-1,-113
1754051744.05146,0,-6,-104
1754051744.08946,5,-6,-115
1754051744.1284602,7,-5,-115
1754051744.1644602,-1,-5,-114
1754051744.20246,5,-6,-112
1754051744.24146,-11,-7,-117
1754051744.2794602,-5,-1,-111
1754051744.31746,0,-1,-108
1754051744.35446,-5,-4,-105
1754051744.3914602,1,2,-108
1754051744.42946,-2,-5,-115
1754051744.46846,-4,-4,-118
1754051744.50446,3,1,-114
1754051744.54146,2,-3,-108
1754051744.57946,3,-3,-115
1754051744.6184602,-2,-2,-112
1754051744.6544602,-5,-7,-116
1754051744.69246,-8,-8,-117
1754051744.7304602,5,2,-120
1754051744.7694602,3,0,-123
1754051744.80746,2,8,-117
1754051744.84346,-2,2,-117
1754051744.88046,9,-4,-123
1754051744.91946,2,2,-130
1754051744.9574602,5,-4,-123
1754051744.9934602,-4,-7,-126
1754051745.0324602,-3,-2,-130
1754051745.07046,-3,-7,-128
1754051745.1084602,-5,-5,-127
1754051745.1444602,0,-3,-134
1754051745.18246,0,-3,-119
1754051745.2204602,3,0,-122
1754051745.2594602,7,1,-117
1754051745.29746,3,-4,-121
1754051745.33346,4,2,-128
1754051745.37046,0,1,-129
1754051745.40946,0,5,-114
1754051745.44546,1,0,-118
1754051745.48246,6,-7,-125
1754051745.52046,-1,3,-132
1754051745.5594602,-1,4,-129
1754051745.5954602,2,-5,-129
1754051745.63346,-5,-3,-125
1754051745.6714602,0,0,-122
1754051745.70946,0,-1,-124
1754051745.74846,1,2,-123
1754051745.78446,5,0,-126
1754051745.8224602,-5,-6,-111
1754051745.8614602,0,-4,-117
1754051745.89946,5,1,-125
1754051745.93546,7,-3,-124
1754051745.9734602,-1,-5,-111
1754051746.01146,-2,-1,-118
1754051746.0494602,1,0,-109
1754051746.0884602,4,-2,-113
1754051746.12446,1,-4,-121
1754051746.16246,2,-6,-116
1754051746.2004602,-2,0,-125
1754051746.23946,-5,-3,-115
1754051746.27546,-4,0,-120
1754051746.31346,-12,-7,-113
1754051746.35146,1,0,-124
1754051746.39046,0,5,-126
1754051746.42846,3,0,-128
1754051746.46446,-3,0,-116
1754051746.5034602,-3,-9,-131
1754051746.54046,0,-4,-130
1754051746.57946,0,-6,-131
1754051746.6154602,0,0,-116
1754051746.65346,4,-5,-111
1754051746.69146,-1,-5,-106
1754051746.7304602,1,0,-118
1754051746.76846,-2,6,-119
1754051746.80446,1,4,-110
1754051746.84146,-5,4,-113
1754051746.88046,0,-4,-122
1754051746.91846,5,6,-105
1754051746.95446,0,3,-105
1754051746.99146,-1,1,-118
1754051747.03046,1,-4,-126
1754051747.06846,5,1,-130
1754051747.10446,1,3,-123
1754051747.1414602,1,0,-109
1754051747.18046,13,0,-119
1754051747.21846,1,-2,-110
1754051747.25446,1,-2,-116
1754051747.2924602,-6,0,-128
1754051747.33046,-5,-2,-118
1754051747.36946,-10,3,-123
1754051747.40546,-12,0,-111
1754051747.4444602,2,3,-110
1754051747.48146,0,7,-121
1754051747.52046,3,5,-114
1754051747.55646,3,0,-118
1754051747.59446,6,0,-125
1754051747.6314602,5,0,-119
1754051747.67046,0,0,-124
1754051747.70646,-1,1,-121
1754051747.74446,7,-4,-113
1754051747.7824602,3,1,-121
1754051747.82046,3,-3,-121
1754051747.85946,-1,0,-131
1754051747.89546,-2,0,-123
1754051747.93346,3,0,-117
1754051747.97146,1,0,-120
1754051748.01046,1,-3,-127
1754051748.0464602,0,-2,-113
1754051748.0924602,0,0,-107
1754051748.13046,-1,8,-120
1754051748.16646,-2,9,-124
1754051748.20446,-4,4,-125
1754051748.24246,0,0,-112
1754051748.28046,0,-4,-117
1754051748.3194602,5,-1,-124
1754051748.3554602,6,0,-113
1754051748.39246,5,1,-121
1754051748.43146,2,-4,-119
1754051748.46946,10,-2,-120
1754051748.50546,2,0,-125
1754051748.5424602,2,-1,-132
1754051748.58146,-1,-3,-130
1754051748.61946,-1,1,-132
1754051748.65546,0,2,-118
1754051748.69346,5,-2,-120
1754051748.73146,0,0,-131
1754051748.7694602,6,-6,-128
1754051748.80546,1,2,-118
1754051748.8424602,4,4,-112
1754051748.8814602,4,-1,-117
1754051748.91946,1,0,-111
1754051748.95546,1,5,-121
1754051748.99246,4,2,-109
1754051749.03146,5,1,-123
1754051749.0694602,-2,-3,-120
1754051749.1054602,-4,1,-118
1754051749.14346,-1,-5,-132
1754051749.18146,7,-1,-122
1754051749.2204602,9,-4,-111
1754051749.2564602,6,-1,-125
1754051749.29446,4,-1,-129
1754051749.3324602,0,-6,-129
1754051749.3714602,2,-5,-117
1754051749.40946,2,0,-127
1754051749.44646,-5,-3,-125
1754051749.48546,1,1,-125
1754051749.52246,5,1,-122
1754051749.56146,0,1,-118
1754051749.59746,3,0,-113
1754051749.6344602,-1,-2,-121
1754051749.67246,-3,-6,-126
1754051749.71146,7,-4,-124
1754051749.74746,0,0,-121
1754051749.78546,-3,-2,-104
1754051749.8224602,-8,-9,-109
1754051749.8614602,3,-9,-113
1754051749.89746,6,-3,-121
1754051749.93546,3,6,-115
1754051749.9734602,0,5,-119
1754051750.01146,5,-1,-106
1754051750.05046,0,-4,-112
1754051750.08646,3,-3,-124
1754051750.12546,-2,-1,-127
1754051750.16346,-2,-3,-125
1754051750.20146,-2,-1,-114
1754051750.23746,-1,2,-125
1754051750.2764602,7,2,-119
1754051750.31346,6,-3,-110
1754051750.35246,-3,0,-114
1754051750.39046,0,-4,-126
1754051750.42646,4,-1,-114
1754051750.46446,0,6,-114
1754051750.50246,5,0,-113
1754051750.54146,9,1,-106
1754051750.57746,13,0,-114
1754051750.61446,12,0,-108
1754051750.65246,5,-3,-117
1754051750.69146,-1,4,-104
1754051750.72746,5,-2,-109
1754051750.76546,-2,-6,-108
1754051750.80346,1,-4,-118
1754051750.8424602,-5,-1,-119
1754051750.88046,-5,0,-111
1754051750.91646,0,-1,-110
1754051750.95546,0,-3,-113
1754051750.99246,-2,1,-110
1754051751.03146,-6,-2,-115
1754051751.06746,2,-6,-120
1754051751.1054602,6,-3,-120
1754051751.14346,0,-5,-126
1754051751.18246,5,0,-116
1754051751.2204602,-5,0,-116
1754051751.2564602,-6,4,-110
1754051751.29446,-6,1,-117
1754051751.3324602,0,0,-118
1754051751.3714602,4,-9,-109
1754051751.4074602,4,-5,-108
1754051751.44646,4,-7,-121
1754051751.4834602,4,2,-110
1754051751.52246,1,7,-116
1754051751.56046,4,1,-116
1754051751.59646,0,0,-117
1754051751.63346,-1,-9,-133
1754051751.67246,5,2,-110
1754051751.70846,1,-2,-114
1754051751.7464602,4,-1,-122
1754051751.78446,-5,3,-115
1754051751.8224602,1,1,-116
1754051751.8614602,-2,0,-123
1754051751.89746,-7,-1,-120
1754051751.93546,-5,9,-111
1754051751.9734602,0,-3,-107
1754051752.01246,-4,-6,-119
1754051752.04846,-3,-2,-115
1754051752.08646,2,-2,-121
1754051752.12446,11,-5,-112
1754051752.16246,0,-5,-126
1754051752.20146,3,-1,-127
1754051752.23746,-1,0,-124
1754051752.27446,-5,0,-125
1754051752.3124602,-4,2,-119
1754051752.35146,-1,-3,-129
1754051752.38746,-1,-4,-119
1754051752.42546,4,-8,-121
1754051752.4634602,6,-3,-125
1754051752.50246,0,-2,-126
1754051752.53846,-2,-1,-132
1754051752.57646,-1,-3,-121
1754051752.61446,-3,-6,-118
1754051752.65346,4,-3,-113
1754051752.69146,1,-12,-124
1754051752.72746,10,-7,-121
1754051752.76546,5,-7,-117
1754051752.80346,1,-5,-110
1754051752.8424602,-4,-6,-108
1754051752.8784602,-6,1,-105
1754051752.91646,-8,-1,-119
1754051752.95446,-9,-2,-120
1754051752.9934602,-8,0,-129
1754051753.03146,0,4,-124
1754051753.06746,4,2,-114
1754051753.10446,3,0,-114
1754051753.14346,2,-2,-117
1754051753.18146,0,-3,-114
1754051753.2174602,-7,-9,-116
1754051753.25546,-8,-2,-121
1754051753.29346,-4,-1,-111
1754051753.3324602,7,-1,-111
1754051753.3684602,1,-7,-114
1754051753.40646,0,-8,-115
1754051753.4444602,-4,-1,-122
1754051753.4834602,-2,-2,-116
1754051753.52146,-1,-3,-119
1754051753.55746,5,0,-125
1754051753.59446,-10,5,-113
1754051753.63346,-3,0,-109
1754051753.6714602,-4,3,-123
1754051753.7074602,-3,2,-117
1754051753.74546,1,3,-121
1754051753.78446,-5,0,-117
1754051753.8224602,0,3,-120
1754051753.8584602,0,-1,-109
1754051753.89646,3,-1,-121
1754051753.9344602,8,-2,-119
1754051753.9734602,3,-12,-127
1754051754.0094602,-3,-6,-121
1754051754.04746,-2,-6,-116
1754051754.0854602,0,3,-109
1754051754.12346,4,9,-110
1754051754.16246,-4,9,-113
1754051754.19846,0,-1,-110
1754051754.2364602,5,-1,-123
1754051754.27446,10,-3,-106
1754051754.31346,-3,4,-108
1754051754.34946,-11,3,-115
1754051754.38746,-1,-5,-113
1754051754.42546,1,0,-118
1754051754.4634602,-1,0,-122
1754051754.50246,-3,2,-113
1754051754.53846,-1,-1,-132
1754051754.57646,1,2,-131
1754051754.61446,-1,0,-120
1754051754.65346,2,-3,-113
1754051754.68946,-1,-12,-114
1754051754.72746,-2,-9,-115
1754051754.76546,2,-1,-115
1754051754.80446,0,1,-109
1754051754.8424602,0,-1,-112
1754051754.8784602,0,-2,-118
1754051754.91546,6,-8,-110
1754051754.95446,7,0,-112
1754051754.99246,-9,-1,-124
1754051755.02846,1,1,-126
1754051755.0654602,-5,-4,-115
1754051755.10446,-2,-5,-119
1754051755.14246,-1,-3,-112
1754051755.17846,-1,-7,-115
1754051755.2174602,3,-1,-109
1754051755.25446,3,-2,-113
1754051755.29346,8,1,-126
1754051755.32946,7,-2,-115
1754051755.36746,3,-4,-97
1754051755.40546,2,-3,-117
1754051755.4444602,0,-7,-117
1754051755.48246,4,-4,-116
1754051755.51846,7,-4,-120
1754051755.55646,0,-9,-114
1754051755.59446,1,-8,-116
1754051755.63346,-8,-6,-125
1754051755.66946,1,-1,-114
1754051755.7074602,6,-8,-118
1754051755.74546,1,0,-119
1754051755.78446,4,0,-121
1754051755.82046,-1,-3,-119
1754051755.8584602,1,-8,-113
1754051755.89646,-4,0,-112
1754051755.9344602,0,2,-108
1754051755.9734602,1,-1,-114
1754051756.0094602,0,1,-116
1754051756.0464602,1,-1,-118
1754051756.08446,3,-2,-115
1754051756.12346,1,-9,-117
1754051756.15946,-1,-6,-128
1754051756.1974602,0,0,-124
1754051756.23546,1,0,-117
1754051756.27446,-5,-5,-127
1754051756.31046,-4,-4,-120
1754051756.3484602,-4,-3,-117
1754051756.38746,5,0,-117
1754051756.4244602,9,-5,-112
1754051756.4634602,3,-3,-117
1754051756.50046,4,-2,-120
1754051756.53746,1,2,-120
1754051756.5754602,-1,-10,-122
1754051756.61446,-1,-6,-129
1754051756.65046,-2,-4,-112
1754051756.68846,0,-2,-108
1754051756.72646,-4,-5,-120
1754051756.76546,-3,-9,-106
1754051756.80346,-2,1,-116
1754051756.83946,-1,2,-115
1754051756.87746,-4,-1,-134
1754051756.91546,-1,-4,-123
1754051756.95446,5,-6,-124
1754051756.9904602,6,-3,-109
1754051757.02746,1,3,-114
1754051757.06646,4,-1,-111
1754051757.10446,-1,-6,-120
1754051757.14046,1,-1,-126
1754051757.17846,4,-4,-131
1754051757.21646,7,-3,-128
1754051757.25546,4,-6,-132
1754051757.29346,2,-3,-124
1754051757.32946,6,-3,-108
1754051757.36746,1,0,-119
1754051757.40646,-7,1,-119
1754051757.4444602,2,3,-118
1754051757.4804602,-1,-4,-111
1754051757.51846,4,-1,-126
1754051757.55746,-1,-5,-125
1754051757.5954602,-1,0,-116
1754051757.63346,5,-8,-117
1754051757.66946,-1,-3,-117
1754051757.7074602,-6,-2,-115
1754051757.74546,2,-5,-119
1754051757.78446,4,5,-116
1754051757.82046,4,0,-116
1754051757.85746,8,3,-107
1754051757.89546,-4,0,-118
1754051757.9344602,-1,1,-129
1754051757.9704602,8,1,-135
1754051758.00746,-1,0,-135
1754051758.04546,-6,-10,-122
1754051758.08446,1,4,-123
1754051758.12746,1,-3,-119
1754051758.16646,2,0,-116
1754051758.20446,1,-4,-117
1754051758.2404602,2,-8,-118
1754051758.27846,-1,-4,-112
1754051758.31646,-3,0,-111
1754051758.3554602,3,-3,-125
1754051758.3914602,0,0,-126
1754051758.42846,-6,1,-110
1754051758.46646,-1,-1,-110
1754051758.50546,-6,-2,-117
1754051758.54146,-1,-3,-125
1754051758.57946,0,-5,-126
1754051758.61746,5,0,-119
1754051758.65546,5,1,-118
1754051758.6944602,-4,-7,-116
1754051758.7304602,0,-3,-121
1754051758.76846,0,-4,-122
1754051758.80746,5,-11,-113
1754051758.8454602,4,-9,-110
1754051758.8814602,-1,-4,-119
1754051758.91946,0,-4,-119
1754051758.9574602,11,0,-115
1754051758.9964602,7,4,-122
1754051759.03446,0,0,-117
1754051759.07046,-5,4,-114
1754051759.1084602,0,1,-115
1754051759.14646,1,0,-108
1754051759.18546,-4,-3,-116
1754051759.22146,7,-7,-121
1754051759.26046,-8,-4,-115
1754051759.29746,2,-4,-118
1754051759.33646,8,-7,-116
1754051759.37446,0,0,-130
1754051759.41046,2,-4,-127
1754051759.44946,4,-3,-118
1754051759.4864602,1,-6,-119
1754051759.52546,0,-5,-116
1754051759.56146,-2,-2,-117
1754051759.59946,-2,0,-129
1754051759.63746,0,2,-124
1754051759.67646,4,6,-126
1754051759.71446,6,0,-125
1754051759.75046,5,5,-117
1754051759.78746,0,1,-110
1754051759.82646,8,-3,-116
1754051759.86446,0,-3,-124
1754051759.90046,1,2,-134
1754051759.9374602,-2,4,-129
1754051759.97646,0,1,-121
1754051760.01246,8,-2,-120
1754051760.05046,0,3,-110
1754051760.0884602,0,1,-119
1754051760.12646,0,-2,-121
1754051760.16546,-1,-8,-127
1754051760.20146,-5,-5,-128
1754051760.2404602,-2,0,-114
1754051760.27746,2,-1,-122
1754051760.31646,6,1,-113
1754051760.35246,6,2,-116
1754051760.39046,-2,3,-115
1754051760.4274602,9,-4,-120
1754051760.46646,1,-4,-128
1754051760.50246,0,-3,-110
1754051760.54046,-7,0,-106
1754051760.57846,0,-1,-117
1754051760.61646,3,2,-116
1754051760.65546,-3,3,-114
1754051760.69146,0,0,-122
1754051760.72846,8,10,-123
1754051760.7664602,4,6,-110
1754051760.80546,4,0,-120
1754051760.84146,6,0,-121
1754051760.8784602,2,2,-118
1754051760.9174602,8,5,-124
1754051760.95546,3,2,-125
1754051760.99146,-7,2,-117
1754051761.0294602,0,2,-112
1754051761.06746,0,8,-123
1754051761.10646,-6,-5,-121
1754051761.14246,0,-3,-127
1754051761.17946,-4,-4,-124
1754051761.2174602,7,-3,-121
1754051761.2564602,0,-9,-123
1754051761.2924602,-6,-7,-123
1754051761.33046,-3,-3,-110
1754051761.3684602,-5,4,-116
1754051761.4074602,-1,-3,-116
1754051761.44546,-8,0,-130
1754051761.48146,-1,2,-115
1754051761.5194602,-1,1,-113
1754051761.55746,8,2,-114
1754051761.59646,12,-3,-119
1754051761.63246,8,-5,-124
1754051761.67046,9,-2,-112
1754051761.70846,0,2,-117
1754051761.74746,0,-1,-105
1754051761.78546,4,4,-117
1754051761.82146,4,5,-116
1754051761.8584602,0,5,-115
1754051761.89746,-2,3,-114
1754051761.93546,4,9,-123
1754051761.97146,-2,5,-127
1754051762.0094602,-6,1,-125
1754051762.04846,-8,0,-116
1754051762.08646,0,1,-126
1754051762.12246,-1,0,-133
1754051762.16046,3,6,-119
1754051762.19846,-6,2,-109
1754051762.23746,3,-1,-128
1754051762.27346,0,0,-122
1754051762.31046,0,5,-117
1754051762.3484602,3,-3,-114
1754051762.38746,-2,1,-112
1754051762.42346,-5,0,-101
1754051762.46146,6,-1,-106
1754051762.49946,8,0,-127
1754051762.53746,4,3,-114
1754051762.57646,-2,-2,-106
1754051762.61246,-1,5,-105
1754051762.65046,1,4,-117
1754051762.68846,1,0,-109
1754051762.72746,4,0,-106
1754051762.7634602,4,1,-112
1754051762.80046,-3,0,-111
1754051762.8384602,1,0,-123
1754051762.87746,-4,0,-117
1754051762.91346,0,0,-117
1754051762.9504602,-5,3,-124
1754051762.98846,-8,5,-104
1754051763.02746,0,0,-117
1754051763.06346,2,-1,-122
1754051763.10246,4,0,-131
1754051763.14046,2,0,-118
1754051763.17846,6,-5,-107
1754051763.2174602,-7,0,-127
1754051763.2534602,0,3,-119
1754051763.29146,0,-1,-122
1754051763.32946,3,0,-125
1754051763.3684602,7,-10,-122
1754051763.40646,6,-9,-120
1754051763.44246,2,-2,-127
1754051763.4804602,0,-2,-120
1754051763.51846,-5,-1,-119
1754051763.55746,1,-1,-103
1754051763.59346,7,-2,-114
1754051763.6314602,8,-1,-115
1754051763.66946,3,-7,-120
1754051763.70846,-1,-3,-121
1754051763.7464602,8,0,-121
1754051763.7824602,6,-2,-109
1754051763.82146,-2,-4,-108
1754051763.85946,4,-4,-110
1754051763.89746,6,-3,-113
1754051763.9344602,7,-5,-115
1754051763.97146,-5,-4,-134
1754051764.0094602,0,0,-127
1754051764.04846,-4,0,-116
1754051764.08446,8,-1,-116
1754051764.12246,5,2,-118
1754051764.16046,4,-1,-119
1754051764.19846,0,2,-111
1754051764.23746,0,1,-120
1754051764.27346,-5,1,-118
1754051764.31046,-3,-2,-130
1754051764.3484602,-2,-7,-114
1754051764.38746,0,0,-110
1754051764.42346,4,1,-108
1754051764.4604602,-1,-1,-110
1754051764.49846,-4,2,-116
1754051764.53746,2,0,-116
1754051764.57346,1,0,-114
1754051764.61046,-1,-2,-114
1754051764.64846,0,1,-112
1754051764.6874602,1,-2,-120
1754051764.7234602,-2,-3,-118
1754051764.76146,7,-6,-127
1754051764.7994602,1,1,-121
1754051764.8384602,-4,1,-111
1754051764.87546,-2,6,-118
1754051764.91346,-4,1,-126
1754051764.9504602,-4,0,-123
1754051764.98946,-6,-1,-122
1754051765.02746,-1,-2,-124
1754051765.06346,2,-3,-127
1754051765.10146,9,-3,-126
1754051765.13946,4,2,-114
1754051765.17846,1,-2,-115
1754051765.21446,7,3,-114
1754051765.25246,6,-3,-116
1754051765.2894602,1,1,-117
1754051765.32846,0,-4,-120
1754051765.36446,4,-8,-122
1754051765.40246,1,-5,-119
1754051765.4404602,3,0,-118
1754051765.47946,0,-1,-117
1754051765.51746,7,-5,-109
1754051765.55346,6,-3,-105
1754051765.5924602,2,5,-105
1754051765.62946,-2,6,-128
1754051765.66846,0,4,-119
1754051765.70446,3,-5,-119
1754051765.74246,8,-3,-117
1754051765.78046,1,-3,-124
1754051765.8194602,0,-1,-116
1754051765.85746,1,-3,-111
1754051765.89346,6,6,-111
1754051765.93046,10,5,-122
1754051765.96946,11,11,-116
1754051766.00746,5,7,-122
1754051766.04346,2,2,-122
1754051766.08046,7,0,-113
1754051766.11946,9,2,-110
1754051766.15546,8,-1,-113
1754051766.19346,5,0,-112
1754051766.23146,9,-10,-113
1754051766.2694602,0,-4,-125
1754051766.30846,-4,0,-120
1754051766.34446,5,3,-122
1754051766.3814602,-1,2,-119
1754051766.41946,-7,0,-123
1754051766.45846,0,-5,-113
1754051766.49446,0,-2,-119
1754051766.53146,-1,3,-122
1754051766.5694602,2,-1,-118
1754051766.6084602,4,-4,-109
1754051766.6444602,2,-2,-120
1754051766.68246,-1,1,-121
1754051766.7204602,7,3,-122
1754051766.7594602,2,-1,-112
1754051766.79546,0,-2,-121
1754051766.83346,0,-3,-123
1754051766.87246,1,6,-117
1754051766.90946,0,6,-114
1754051766.94846,3,1,-113
1754051766.98446,-4,2,-111
1754051767.02246,-5,0,-116
1754051767.06046,1,-4,-115
1754051767.09946,4,-5,-107
1754051767.13546,10,-1,-112
1754051767.17346,8,3,-119
1754051767.21146,4,0,-130
1754051767.25046,0,2,-126
1754051767.28846,3,-4,-120
1754051767.32446,-3,-8,-122
1754051767.36246,0,-5,-114
1754051767.40046,-3,6,-122
1754051767.43946,2,-6,-128
1754051767.47546,2,-6,-114
1754051767.5134602,5,-6,-109
1754051767.55146,3,0,-123
1754051767.59046,4,-6,-128
1754051767.6284602,0,-11,-118
1754051767.6644602,-8,-9,-126
1754051767.70246,-7,-7,-116
1754051767.7404602,-4,3,-119
1754051767.7794602,-1,5,-111
1754051767.8154602,1,-1,-113
1754051767.85346,-2,3,-114
1754051767.89246,-6,-3,-125
1754051767.93046,0,-4,-137
1754051767.96846,4,-8,-130
1754051768.00446,2,-1,-121
1754051768.0424602,0,5,-115
1754051768.08146,0,-8,-112
1754051768.11946,2,-8,-115
1754051768.1644602,-5,3,-116
1754051768.20246,5,2,-114
1754051768.2404602,3,-1,-107
1754051768.2764602,2,-1,-119
1754051768.31446,0,-1,-132
1754051768.35246,2,-6,-122
1754051768.39046,0,-1,-122
1754051768.42946,-1,0,-119
1754051768.46546,-1,-2,-128
1754051768.50446,-2,-3,-122
1754051768.5424602,0,0,-134
1754051768.58046,-2,0,-122
1754051768.61646,-6,-2,-120
1754051768.6544602,1,-7,-127
1754051768.69246,8,-2,-121
1754051768.73146,-1,-3,-120
1754051768.7694602,4,-3,-113
1754051768.80546,4,4,-123
1754051768.8424602,-2,5,-127
1754051768.8814602,0,-2,-135
1754051768.91946,0,3,-122
1754051768.95546,-1,-1,-127
1754051768.9934602,1,4,-119
1754051769.03146,0,-3,-120
1754051769.07046,-2,-4,-116
1754051769.10646,0,-3,-113
1754051769.1444602,0,-3,-109
1754051769.18246,0,-5,-111
1754051769.22146,-3,0,-114
1754051769.2594602,2,-6,-104
1754051769.29546,3,-7,-111
1754051769.33346,0,-8,-109
1754051769.3714602,2,-3,-115
1754051769.41046,3,-3,-128
1754051769.44646,-6,0,-121
1754051769.48446,-4,-2,-130
1754051769.52246,6,0,-119
1754051769.56146,6,-7,-124
1754051769.59946,5,0,-121
1754051769.63546,-4,0,-119
1754051769.67346,-1,-9,-119
1754051769.71146,0,-3,-113
1754051769.75046,0,1,-110
1754051769.7864602,2,3,-118
1754051769.82446,0,-4,-117
1754051769.86246,-7,-2,-107
1754051769.9014602,2,-3,-110
1754051769.93946,7,1,-125
1754051769.97546,4,3,-125
1754051770.01246,1,5,-132
1754051770.05146,4,1,-109
1754051770.08946,1,0,-118
1754051770.12546,2,4,-121
1754051770.16246,0,15,-116
1754051770.20146,1,0,-109
1754051770.23946,0,-4,-126
1754051770.27546,5,-9,-123
1754051770.31446,5,0,-125
1754051770.35146,8,-4,-116
1754051770.39046,5,-2,-117
1754051770.42646,0,0,-118
1754051770.46446,5,0,-117
1754051770.50146,0,6,-110
1754051770.54046,2,-2,-114
1754051770.57646,4,-1,-121
1754051770.61446,0,0,-118
1754051770.65246,-8,5,-108
1754051770.69146,-6,-6,-125
1754051770.72746,-8,0,-123
1754051770.76446,0,0,-119
1754051770.8024602,-5,-5,-111
1754051770.84146,2,0,-111
1754051770.87746,5,3,-113
1754051770.9144602,-2,5,-123
1754051770.95246,-4,-1,-116
1754051770.99146,-3,0,-119
1754051771.02746,6,0,-120
1754051771.06446,2,5,-115
1754051771.10246,-4,5,-110
1754051771.1414602,5,7,-116
1754051771.1774602,5,0,-118
1754051771.21446,-4,-1,-123
1754051771.25246,-3,-2,-113
1754051771.29146,0,-3,-124
1754051771.32746,0,-1,-114
1754051771.36446,1,5,-113
1754051771.40246,5,4,-108
1754051771.44146,4,-1,-109
1754051771.47746,0,4,-119
1754051771.51446,0,0,-116
1754051771.5524602,6,-1,-121
1754051771.59146,1,-4,-120
1754051771.62746,-5,-9,-117
1754051771.66546,-1,-5,-120
1754051771.70446,0,-3,-120
1754051771.74246,-3,5,-118
1754051771.78146,-1,1,-120
1754051771.81746,4,2,-122
1754051771.85446,0,1,-116
1754051771.89246,0,-6,-126
1754051771.93146,1,-6,-132
1754051771.9674602,7,-2,-128
1754051772.00546,-2,0,-125
1754051772.04346,0,-2,-122
1754051772.0824602,-1,0,-133
1754051772.12046,3,0,-117
1754051772.15646,-1,2,-112
1754051772.1944602,5,-3,-120
1754051772.23246,2,0,-111
1754051772.27146,5,2,-119
1754051772.30746,0,-3,-116
1754051772.34646,2,-7,-120
1754051772.38346,2,-4,-127
1754051772.42246,5,0,-128
1754051772.45846,-5,0,-124
1754051772.4964602,-2,4,-123
1754051772.53346,7,4,-129
1754051772.5724602,-8,0,-122
1754051772.6084602,-2,-2,-123
1754051772.64646,0,-2,-124
1754051772.6844602,0,0,-128
1754051772.72246,1,5,-127
1754051772.76146,0,3,-118
1754051772.79746,1,-1,-110
1754051772.8354602,4,-1,-119
1754051772.87346,5,2,-116
1754051772.91246,7,0,-107
1754051772.94846,4,-2,-122
1754051772.9864602,0,-6,-116
1754051773.02446,5,-2,-126
1754051773.0624602,0,-5,-128
1754051773.10146,1,0,-129
1754051773.13746,3,-3,-121
1754051773.17546,6,2,-129
1754051773.21446,0,-3,-118
1754051773.25246,-1,-2,-121
1754051773.28846,-2,1,-117
1754051773.32646,-1,-3,-111
1754051773.36446,2,-3,-122
1754051773.40346,0,7,-129
1754051773.44146,-1,-1,-125
1754051773.47746,-4,5,-132
1754051773.51546,-2,-3,-127
1754051773.55446,4,3,-128
1754051773.5924602,-1,2,-110
1754051773.6284602,2,-1,-109
1754051773.66646,-4,0,-117
1754051773.70446,-4,1,-117
1754051773.7434602,5,4,-114
1754051773.78146,2,0,-135
1754051773.81746,0,1,-125
1754051773.85446,1,3,-114
1754051773.89346,-7,0,-121
1754051773.93146,0,1,-117
1754051773.9674602,5,7,-120
1754051774.00546,-2,3,-123
1754051774.04346,1,-4,-115
1754051774.08146,4,-3,-112
1754051774.11746,0,8,-114
1754051774.1544602,4,-2,-115
1754051774.19346,-2,-1,-120
1754051774.23146,-3,6,-110
1754051774.26746,-8,5,-116
1754051774.30546,-2,-5,-117
1754051774.34346,5,-2,-118
1754051774.38246,9,-10,-119
1754051774.41846,-2,-1,-117
1754051774.45646,3,1,-108
1754051774.49446,1,-1,-125
1754051774.53346,5,2,-117
1754051774.5694602,4,2,-111
1754051774.60746,0,-3,-118
1754051774.64546,2,-7,-119
1754051774.68346,3,0,-129
1754051774.72246,10,-2,-125
1754051774.75846,2,-3,-128
1754051774.7964602,6,-7,-117
1754051774.83446,5,-5,-115
1754051774.87346,2,-6,-116
1754051774.90946,2,0,-126
1754051774.94646,-1,-4,-119
1754051774.98446,5,-3,-113
1754051775.02346,-2,0,-117
1754051775.0594602,-9,-3,-116
1754051775.09746,-2,-4,-124
1754051775.13546,-14,-5,-122
1754051775.17346,-3,0,-105
1754051775.21246,3,-2,-110
1754051775.24846,-1,-11,-119
1754051775.2864602,6,0,-115
1754051775.32446,8,4,-111
1754051775.36346,1,0,-127
1754051775.39946,-5,0,-118
1754051775.4374602,1,0,-118
1754051775.47546,6,-1,-120
1754051775.51446,-1,-2,-112
1754051775.5524602,-8,-6,-117
1754051775.5884602,-7,2,-113
1754051775.62646,-5,0,-114
1754051775.6644602,5,0,-133
1754051775.70346,6,1,-116
1754051775.73946,1,1,-125
1754051775.7764602,6,3,-121
1754051775.81446,5,1,-127
1754051775.85346,4,-2,-126
1754051775.88946,4,-9,-117
1754051775.9274602,-1,-1,-111
1754051775.96546,-2,-4,-115
1754051776.00446,1,-3,-118
1754051776.0424602,-2,-3,-109
1754051776.07846,8,0,-119
1754051776.11646,6,1,-125
1754051776.1544602,6,2,-118
1754051776.19346,-1,-1,-117
1754051776.22946,-9,-2,-105
1754051776.26746,-1,1,-113
1754051776.30546,-2,1,-112
1754051776.34446,-1,2,-110
1754051776.38246,6,-1,-109
1754051776.41846,6,2,-119
1754051776.45546,0,0,-121
1754051776.49446,-2,0,-119
1754051776.5324602,0,0,-126
1754051776.56846,6,1,-120
1754051776.6054602,6,0,-118
1754051776.6444602,2,4,-123
1754051776.68046,2,0,-114
1754051776.71846,3,0,-120
1754051776.7564602,-3,0,-112
1754051776.79446,2,-3,-119
1754051776.83346,-3,-7,-120
1754051776.86946,-2,-7,-119
1754051776.9074602,-2,-9,-115
1754051776.94546,2,-4,-114
1754051776.98446,-3,0,-114
1754051777.02046,-5,-3,-119
1754051777.05846,-1,-3,-119
1754051777.09746,-2,-7,-113
1754051777.1344602,-4,3,-112
1754051777.17346,2,-1,-125
1754051777.20946,-6,0,-133
1754051777.2464602,-2,2,-133
1754051777.28446,0,1,-132
1754051777.32346,10,0,-113
1754051777.35946,10,0,-125
1754051777.39646,-5,1,-115
1754051777.4344602,0,-1,-108
1754051777.4734602,-7,-6,-108
1754051777.5094602,0,-1,-116
1754051777.5464602,2,-2,-127
1754051777.5854602,0,0,-121
1754051777.62346,-4,7,-116
1754051777.65946,2,3,-113
1754051777.69646,3,4,-118
1754051777.73546,1,6,-115
1754051777.77346,4,-3,-122
1754051777.8094602,0,-5,-128
1754051777.84746,0,2,-120
1754051777.88546,6,-1,-117
1754051777.92346,2,-7,-120
1754051777.95946,3,0,-124
1754051777.99746,-2,1,-128
1754051778.03546,1,4,-123
1754051778.07346,6,0,-109
1754051778.10946,-3,-1,-110
1754051778.14746,-3,-1,-123
1754051778.19346,-4,-6,-115
1754051778.22946,-1,0,-120
1754051778.26746,3,1,-115
1754051778.30546,8,7,-121
1754051778.34446,4,0,-123
1754051778.38046,10,-2,-114
1754051778.41846,0,-5,-114
1754051778.45646,3,0,-114
1754051778.49546,-1,-2,-119
1754051778.53346,6,-8,-119
1754051778.5694602,11,-4,-106
1754051778.60746,2,-2,-116
1754051778.64546,5,-2,-122
1754051778.6844602,1,-7,-131
1754051778.7204602,1,-4,-117
1754051778.75846,3,-1,-113
1754051778.79746,-1,-1,-119
1754051778.8354602,-4,-4,-114
1754051778.8714602,-8,0,-123
1754051778.90946,-2,0,-108
1754051778.9474602,-9,0,-121
1754051778.98546,0,0,-117
1754051779.02446,-4,-6,-118
1754051779.06046,2,-7,-117
1754051779.09946,-3,-6,-113
1754051779.13646,0,-2,-117
1754051779.17546,0,4,-115
1754051779.21146,7,-2,-121
1754051779.24946,4,-1,-120
1754051779.28846,-1,-3,-121
1754051779.3254602,0,-2,-116
1754051779.36446,-6,-1,-112
1754051779.40046,3,6,-127
1754051779.43846,4,6,-118
1754051779.47546,5,-2,-118
1754051779.51446,7,4,-109
1754051779.55046,0,3,-103
1754051779.5884602,-2,6,-108
1754051779.62646,6,4,-110
1754051779.6644602,0,0,-112
1754051779.7004602,3,0,-107
1754051779.73746,2,-3,-121
1754051779.7764602,-4,1,-127
1754051779.81446,-2,0,-132
1754051779.85046,0,-1,-118
1754051779.8884602,5,3,-117
1754051779.92646,6,-1,-115
1754051779.96446,11,-2,-121
1754051780.00046,6,-1,-118
1754051780.03846,5,-5,-120
1754051780.07646,-2,-8,-107
1754051780.1154602,2,0,-99
1754051780.1514602,0,1,-110
1754051780.18846,1,-3,-107
1754051780.22646,7,-8,-115
1754051780.26546,2,-4,-131
1754051780.30146,0,-2,-130
1754051780.33946,-2,-1,-124
1754051780.37746,6,-5,-114
1754051780.41646,1,-6,-122
1754051780.45446,3,-4,-126
1754051780.4904602,5,0,-123
1754051780.52746,0,1,-119
1754051780.56646,6,0,-109
1754051780.60446,1,0,-122
1754051780.64046,-1,0,-116
1754051780.67846,0,-8,-122
1754051780.7174602,1,0,-111
1754051780.75546,-1,3,-110
1754051780.79146,0,-1,-120
1754051780.83046,-3,-5,-120
1754051780.86746,1,-7,-122
1754051780.90646,0,-5,-125
1754051780.94246,-3,-2,-123
1754051780.9804602,1,1,-116
1754051781.01846,-8,-1,-114
1754051781.05646,-2,-4,-108
1754051781.0954602,0,-7,-116
1754051781.1314602,0,-5,-108
1754051781.16846,-1,-6,-99
1754051781.20646,-1,-4,-114
1754051781.24546,-1,-5,-119
1754051781.28146,9,-4,-117
1754051781.3194602,5,-2,-116
1754051781.35746,0,5,-117
1754051781.39646,4,0,-114
1754051781.43246,1,1,-118
1754051781.4704602,7,-2,-116
1754051781.50846,3,0,-123
1754051781.5464602,-3,-1,-120
1754051781.5854602,-5,-1,-119
1754051781.6214602,-3,-5,-120
1754051781.65946,3,-3,-118
1754051781.6974602,4,-2,-124
1754051781.7364602,6,0,-122
1754051781.77246,2,5,-115
1754051781.8094602,6,-4,-114
1754051781.84746,9,0,-120
1754051781.88646,0,-6,-125
1754051781.92246,2,-1,-112
1754051781.9604602,-5,-5,-110
1754051781.99846,1,5,-118
1754051782.03746,0,2,-119
1754051782.0754602,-2,-3,-129
1754051782.1114602,0,-1,-136
1754051782.14946,4,0,-114
1754051782.18846,0,-1,-120
1754051782.22646,4,2,-114
1754051782.26246,0,-2,-109
1754051782.30046,0,-8,-123
1754051782.3384602,10,-3,-116
1754051782.37746,0,-5,-128
1754051782.41546,1,1,-121
1754051782.45146,-1,-3,-116
1754051782.48946,0,0,-110
1754051782.52746,5,0,-115
1754051782.56646,12,-1,-100
1754051782.60246,9,-3,-119
1754051782.64046,0,-2,-128
1754051782.67846,10,1,-119
1754051782.7174602,0,-2,-124
1754051782.75546,-7,-4,-111
1754051782.79146,1,-7,-113
1754051782.83046,0,0,-122
1754051782.86746,-7,0,-110
1754051782.90646,3,0,-116
1754051782.94246,10,0,-124
1754051782.9804602,2,-1,-123
1754051783.01746,3,-3,-118
1754051783.05646,0,-4,-120
1754051783.0924602,8,-1,-119
1754051783.13046,0,-5,-131
1754051783.16846,0,-3,-122
1754051783.2074602,-2,-2,-119
1754051783.2434602,-3,-7,-115
1754051783.28146,-3,-3,-122
1754051783.3194602,-3,-1,-116
1754051783.3584602,-4,3,-122
1754051783.39646,0,-3,-121
1754051783.43246,4,0,-114
1754051783.46946,-8,0,-114
1754051783.50746,0,-2,-128
1754051783.5464602,1,0,-114
1754051783.5824602,-3,0,-116
1754051783.6214602,-5,-5,-117
1754051783.65846,-8,3,-111
1754051783.6974602,1,-1,-110
1754051783.7334602,-5,-5,-110
1754051783.77146,-1,2,-114
1754051783.8094602,-6,0,-116
1754051783.8484602,-2,0,-115
1754051783.88646,1,6,-113
1754051783.92246,-3,2,-114
1754051783.9604602,4,4,-125
1754051783.99846,9,1,-121
1754051784.03746,4,-6,-114
1754051784.07346,-2,-7,-127
1754051784.1114602,0,-3,-128
1754051784.14946,0,3,-121
1754051784.18846,4,1,-116
1754051784.22646,4,1,-120
1754051784.26246,0,1,-111
1754051784.30046,1,3,-110
1754051784.3384602,0,2,-111
1754051784.37746,-7,5,-120
1754051784.41346,-3,2,-121
1754051784.45146,-9,-4,-127
1754051784.48946,-9,0,-121
1754051784.52846,-4,-3,-124
1754051784.56646,-3,0,-116
1754051784.60246,-8,0,-118
1754051784.6414602,-3,-2,-118
1754051784.67846,-6,3,-126
1754051784.7174602,1,6,-123
1754051784.7534602,0,3,-126
1754051784.79146,-9,1,-128
1754051784.82846,-10,5,-123
1754051784.86746,-2,1,-127
1754051784.9044602,-3,0,-125
1754051784.94146,-3,-5,-116
1754051784.97946,4,-1,-118
1754051785.01846,5,-8,-114
1754051785.05446,6,-4,-118
1754051785.0924602,7,-6,-107
1754051785.13046,0,2,-109
1754051785.16846,0,-2,-107
1754051785.2074602,-2,-5,-118
1754051785.2434602,-3,-1,-121
1754051785.28146,7,-6,-116
1754051785.3194602,-1,-5,-113
1754051785.3584602,2,1,-110
1754051785.3944602,-3,0,-119
1754051785.43346,-1,-5,-120
1754051785.47146,0,-1,-119
1754051785.50846,-2,3,-118
1754051785.54746,-7,3,-118
1754051785.58346,0,2,-114
1754051785.62046,3,-2,-111
1754051785.65846,0,7,-110
1754051785.6974602,-2,1,-117
1754051785.7334602,-4,-3,-117
1754051785.77146,-4,-4,-120
1754051785.8094602,-1,1,-115
1754051785.8484602,-8,0,-116
1754051785.8844602,-3,-2,-125
1754051785.92246,-4,0,-122
1754051785.9604602,1,-2,-122
1754051785.99946,-1,0,-120
1754051786.03746,-3,-1,-113
1754051786.07346,0,-2,-115
1754051786.1114602,-1,-1,-120
1754051786.14946,-2,-2,-126
1754051786.18846,5,-5,-124
1754051786.22446,0,1,-129
1754051786.26146,10,-3,-120
1754051786.2994602,0,-2,-124
1754051786.3384602,2,1,-124
1754051786.37446,0,8,-122
1754051786.4114602,3,5,-130
1754051786.4504602,2,6,-118
1754051786.48846,-5,7,-112
1754051786.52446,-3,0,-122
1754051786.5624602,0,2,-127
1754051786.60046,2,4,-122
1754051786.63946,2,-1,-118
1754051786.6774602,4,-3,-117
1754051786.7134602,0,-2,-113
1754051786.75146,-3,3,-121
1754051786.7894602,5,0,-126
1754051786.82846,3,0,-129
1754051786.8654602,1,3,-124
1754051786.90246,-1,-4,-118
1754051786.9404602,0,2,-113
1754051786.97946,0,0,-119
1754051787.01546,0,0,-122
1754051787.0524602,4,3,-119
1754051787.09046,3,0,-115
1754051787.12946,-5,1,-108
1754051787.16846,-9,-7,-113
1754051787.20446,-8,-6,-108
1754051787.24246,-4,-1,-94
1754051787.28046,-1,-2,-106
1754051787.3194602,-3,-2,-115
1754051787.3554602,-2,-7,-120
1754051787.39346,7,-3,-125
1754051787.43146,3,-7,-111
1754051787.46946,1,3,-116
1754051787.50846,0,2,-114
1754051787.54446,5,9,-119
1754051787.58146,0,1,-125
1754051787.61946,0,-4,-124
1754051787.65846,0,2,-115
1754051787.6944602,2,0,-112
1754051787.73146,3,1,-124
1754051787.7694602,0,0,-114
1754051787.80846,-3,8,-112
1754051787.84446,-5,5,-120
1754051787.88246,0,0,-129
1754051787.92046,5,-3,-130
1754051787.95946,1,-6,-124
1754051787.99546,2,-4,-131
1754051788.03346,11,-3,-120
1754051788.07146,-1,6,-123
1754051788.11046,-9,5,-128
1754051788.14846,-6,6,-121
1754051788.1844602,-2,2,-123
1754051788.2304602,5,-8,-110
1754051788.26846,6,-7,-114
1754051788.30446,1,-9,-116
1754051788.3424602,-3,-4,-114
1754051788.38046,-1,0,-119
1754051788.41946,0,-6,-124
1754051788.45546,1,-12,-119
1754051788.4934602,-3,0,-117
1754051788.5324602,-6,0,-123
1754051788.57046,0,6,-129
1754051788.6084602,4,0,-118
1754051788.6444602,4,0,-118
1754051788.68246,3,5,-130
1754051788.7204602,-4,4,-120
1754051788.7594602,0,-10,-125
1754051788.79546,8,-5,-124
1754051788.83346,-2,-5,-109
1754051788.8714602,-4,-1,-120
1754051788.91046,2,0,-109
1754051788.94846,0,-2,-120
1754051788.98446,-2,3,-117
1754051789.02246,8,1,-118
1754051789.06046,7,0,-118
1754051789.09946,-2,-2,-105
1754051789.13546,-4,-7,-119
1754051789.17346,-1,1,-113
1754051789.21146,-3,2,-122
1754051789.25046,-5,5,-106
1754051789.2864602,5,8,-116
1754051789.32346,0,1,-121
1754051789.3614602,2,-1,-117
1754051789.40046,9,-3,-113
1754051789.43646,9,1,-119
1754051789.4734602,0,-1,-116
1754051789.51146,2,-3,-120
1754051789.55046,2,3,-114
1754051789.58646,2,-1,-111
1754051789.62446,2,-3,-117
1754051789.66246,5,-1,-125
1754051789.70146,5,-2,-121
1754051789.73946,2,-3,-124
1754051789.77546,-1,-4,-112
1754051789.81346,-2,0,-102
1754051789.85246,0,-7,-118
1754051789.89046,0,-2,-123
1754051789.92646,-8,0,-121
1754051789.96546,-1,-3,-116
1754051790.00246,6,-3,-114
1754051790.04146,0,-4,-120
1754051790.07946,-2,-4,-125
1754051790.1154602,-1,-10,-118
1754051790.15346,4,-4,-114
1754051790.19146,1,2,-123
1754051790.2304602,2,-4,-111
1754051790.2664602,0,-8,-117
1754051790.30446,-5,-9,-111
1754051790.3424602,-10,2,-120
1754051790.3814602,-5,5,-123
1754051790.41946,1,1,-115
1754051790.45546,-2,0,-124
1754051790.4934602,0,-6,-119
1754051790.53146,2,-2,-115
1754051790.57046,-3,0,-117
1754051790.60646,-2,-4,-125
1754051790.6444602,0,-8,-107
1754051790.68246,7,-15,-122
1754051790.72146,7,-8,-126
1754051790.7594602,2,-5,-127
1754051790.79546,-6,-5,-107
1754051790.83346,0,-5,-116
1754051790.87246,0,-3,-114
1754051790.91046,-1,-6,-115
1754051790.94646,-1,-1,-118
1754051790.98546,-2,-1,-124
1754051791.02246,-2,-3,-133
1754051791.06146,-1,-1,-129
1754051791.09946,-1,-3,-119
1754051791.13646,-6,-7,-107
1754051791.1744602,0,-3,-116
1754051791.21246,10,1,-121
1754051791.25146,12,-2,-124
1754051791.28746,-1,3,-126
1754051791.3254602,3,1,-118
1754051791.36446,-4,0,-118
1754051791.4014602,-13,-4,-120
1754051791.4404602,-6,-1,-115
1754051791.47746,3,5,-111
1754051791.51446,0,1,-112
1754051791.5524602,-2,1,-122
1754051791.59146,1,-5,-123
1754051791.62746,0,-2,-112
1754051791.66546,-1,-3,-121
1754051791.70346,-2,-9,-120
1754051791.74246,0,-2,-115
1754051791.78046,2,-3,-125
1754051791.81646,0,1,-117
1754051791.85346,0,0,-119
1754051791.8914602,4,0,-113
1754051791.93046,4,1,-115
1754051791.96646,7,5,-114
1754051792.0034602,0,3,-125
1754051792.0424602,-6,-11,-134
1754051792.08046,2,-10,-122
1754051792.11646,-6,-10,-118
1754051792.1544602,-9,-2,-126
1754051792.19346,0,0,-129
1754051792.23146,6,1,-131
1754051792.26746,5,0,-122
1754051792.30446,-3,0,-112
1754051792.34346,-2,0,-118
1754051792.3814602,0,2,-108
1754051792.4174602,0,2,-111
1754051792.45546,0,-2,-106
1754051792.4934602,1,-2,-111
1754051792.5324602,-3,-5,-120
1754051792.57046,-1,-2,-119
1754051792.60646,-2,5,-114
1754051792.6444602,-2,0,-104
1754051792.68246,-1,0,-99
1754051792.72146,0,-1,-116
1754051792.75746,-2,-1,-111
1754051792.79546,4,-9,-125
1754051792.83446,2,0,-120
1754051792.87246,0,0,-119
1754051792.91046,5,-1,-121
1754051792.94646,1,-2,-110
1754051792.98446,-5,-1,-111
1754051793.02246,8,-4,-120
1754051793.06146,7,0,-114
1754051793.09746,1,0,-129
1754051793.1344602,-2,-4,-127
1754051793.17246,0,-1,-119
1754051793.21146,-3,-1,-124
1754051793.24746,4,-3,-122
1754051793.28546,2,0,-129
1754051793.32346,8,-5,-114
1754051793.36246,2,-3,-118
1754051793.39846,5,-8,-112
1754051793.43646,0,-4,-116
1754051793.47446,1,-1,-116
1754051793.5134602,-2,0,-120
1754051793.55146,0,0,-128
1754051793.58746,0,-2,-112
1754051793.62646,-6,5,-121
1754051793.66346,0,2,-123
1754051793.70246,0,-2,-122
1754051793.73846,-2,2,-115
1754051793.7764602,0,-3,-118
1754051793.81446,8,1,-124
1754051793.85246,11,-2,-117
1754051793.8914602,10,-1,-124
1754051793.92846,2,-4,-117
1754051793.96546,-1,-6,-114
1754051794.0034602,2,0,-113
1754051794.0424602,0,-2,-114
1754051794.07846,6,0,-125
1754051794.1154602,3,-4,-126
1754051794.15346,0,8,-121
1754051794.19246,6,0,-120
1754051794.22846,-1,1,-122
1754051794.2664602,-4,-6,-121
1754051794.30446,1,-11,-124
1754051794.34346,7,-11,-113
1754051794.3814602,0,-4,-116
1754051794.4174602,2,-3,-123
1754051794.45546,2,1,-123
1754051794.4934602,-5,-1,-128
1754051794.5324602,-1,-4,-124
1754051794.56846,-2,2,-118
1754051794.60646,0,3,-114
1754051794.6444602,-6,-1,-116
1754051794.68346,2,-1,-105
1754051794.72146,2,-2,-113
1754051794.75746,3,-1,-114
1754051794.79546,-4,-1,-112
1754051794.83346,3,-3,-112
1754051794.87246,1,-6,-120
1754051794.90846,0,-7,-120
1754051794.94646,5,1,-128
1754051794.98446,4,0,-121
1754051795.02346,2,-4,-125
1754051795.06146,0,7,-118
1754051795.09746,3,4,-111
1754051795.13546,-3,-6,-118
1754051795.17346,5,0,-119
1754051795.21246,5,0,-132
1754051795.24846,-3,-2,-133
1754051795.2864602,1,-2,-121
1754051795.3254602,2,-4,-127
1754051795.36346,-1,-5,-123
1754051795.39946,-3,-1,-128
1754051795.4374602,0,-4,-116
1754051795.47546,-9,0,-125
1754051795.5134602,0,-1,-121
1754051795.5524602,4,-2,-121
1754051795.5884602,2,-6,-121
1754051795.62646,0,-1,-116
1754051795.6644602,0,1,-115
1754051795.70346,4,2,-102
1754051795.73946,2,4,-119
1754051795.77746,5,-3,-123
1754051795.81646,1,-2,-115
1754051795.85346,4,-2,-122
1754051795.89246,1,0,-120
1754051795.92846,0,-5,-121
1754051795.96646,4,-3,-110
1754051796.0034602,0,3,-120
1754051796.0424602,0,8,-116
1754051796.07846,1,1,-124
1754051796.11646,-5,4,-126
1754051796.15346,-5,-6,-111
1754051796.19246,0,-2,-120
1754051796.22846,-1,0,-128
1754051796.2664602,3,-3,-116
1754051796.30446,2,6,-112
1754051796.3424602,-4,-8,-109
1754051796.3784602,1,-6,-114
1754051796.41646,2,-3,-110
1754051796.45446,10,-9,-117
1754051796.4934602,11,-7,-119
1754051796.5294602,5,-6,-135
1754051796.56746,8,-5,-120
1754051796.6054602,1,1,-122
1754051796.6444602,1,1,-125
1754051796.68246,-2,3,-120
1754051796.71846,-1,4,-118
1754051796.7564602,-1,1,-116
1754051796.79446,-1,-2,-120
1754051796.83346,-4,-1,-127
1754051796.86946,-1,-3,-126
1754051796.9074602,0,-3,-121
1754051796.94546,1,-7,-116
1754051796.98446,-9,-5,-109
1754051797.02246,-8,2,-118
1754051797.05846,-3,1,-115
1754051797.09646,-3,0,-120
1754051797.1344602,-3,1,-116
1754051797.17346,1,-5,-107
1754051797.2104602,0,-5,-112
1754051797.24746,1,3,-130
1754051797.28546,-1,-2,-130
1754051797.32446,-3,-2,-119
1754051797.36246,1,0,-115
1754051797.39846,8,2,-113
1754051797.43546,3,3,-124
1754051797.47446,-5,-2,-127
1754051797.51046,-7,0,-126
1754051797.54846,1,-2,-122
1754051797.58646,3,-6,-122
1754051797.62446,5,-5,-112
1754051797.66346,2,-4,-114
1754051797.69946,2,-4,-123
1754051797.73746,3,-6,-122
1754051797.77546,-4,-3,-120
1754051797.81446,1,-3,-124
1754051797.85046,1,-3,-118
1754051797.8884602,9,0,-116
1754051797.92646,3,1,-126
1754051797.96546,2,-3,-121
1754051798.0034602,1,-2,-111
1754051798.0394602,1,1,-119
1754051798.07646,-1,-2,-110
1754051798.11446,7,-6,-115
1754051798.15346,-5,0,-112
1754051798.18946,-2,-2,-103
1754051798.23546,1,-1,-109
1754051798.27346,2,-1,-113
1754051798.3094602,4,-12,-121
1754051798.34746,14,5,-130
1754051798.38546,-2,3,-114
1754051798.4244602,4,0,-116
1754051798.4604602,4,2,-121
1754051798.49846,4,-2,-127
1754051798.53546,-1,-2,-123
1754051798.57446,-2,6,-115
1754051798.61046,-3,0,-107
1754051798.64846,-6,4,-125
1754051798.68646,0,0,-128
1754051798.72546,0,-6,-129
1754051798.7634602,1,-1,-133
1754051798.7994602,7,-1,-123
1754051798.83746,6,-2,-122
1754051798.87546,-2,-2,-113
1754051798.9144602,-3,0,-128
1754051798.9504602,1,-3,-125
1754051798.98846,1,-2,-121
1754051799.02746,-7,-9,-132
1754051799.0654602,0,3,-114
1754051799.10346,1,-1,-117
1754051799.14046,1,2,-116
1754051799.1774602,6,-3,-106
1754051799.21546,6,-4,-114
1754051799.25446,7,-2,-116
1754051799.29046,3,-7,-106
1754051799.32846,3,-8,-124
1754051799.36646,6,-4,-125
1754051799.40546,0,-11,-117
1754051799.44346,0,-6,-115
1754051799.47946,-7,-8,-109
1754051799.51746,-2,-8,-122
1754051799.55546,-2,-6,-116
1754051799.59446,-2,1,-123
1754051799.63046,0,-5,-129
1754051799.66846,-4,1,-122
1754051799.70646,4,-2,-115
1754051799.74546,1,-3,-103
1754051799.78146,4,-7,-111
1754051799.8194602,8,1,-119
1754051799.85746,2,0,-111
1754051799.89546,-6,-5,-126
1754051799.9344602,-1,-1,-122
1754051799.9704602,1,2,-120
1754051800.00846,-2,0,-124
1754051800.0464602,0,1,-118
1754051800.0854602,0,1,-121
1754051800.1214602,2,-1,-119
1754051800.16046,0,-2,-115
1754051800.1974602,4,-7,-112
1754051800.23546,-3,0,-112
1754051800.27446,2,3,-114
1754051800.31046,-2,-5,-112
1754051800.3484602,1,-3,-112
1754051800.38646,-1,-8,-128
1754051800.42546,0,-11,-121
1754051800.46146,-1,-10,-113
1754051800.49946,0,-4,-106
1754051800.53746,-3,-3,-117
1754051800.57646,-4,-1,-118
1754051800.61446,-5,-9,-119
1754051800.65046,-2,-7,-127
1754051800.68946,10,-9,-122
1754051800.72646,0,0,-124
1754051800.76546,3,-1,-118
1754051800.80146,3,5,-112
1754051800.83946,1,-1,-126
1754051800.87646,0,1,-114
1754051800.91546,1,0,-119
1754051800.95146,0,2,-123
1754051800.98946,3,0,-112
1754051801.0264602,-5,-2,-112
1754051801.0654602,-2,0,-124
1754051801.10146,-3,-3,-114
1754051801.13946,-4,-2,-111
1754051801.1774602,5,0,-107
1754051801.21646,4,-2,-116
1754051801.25446,0,-2,-118
1754051801.29046,1,0,-120
1754051801.32746,-8,-6,-118
1754051801.36646,-14,-5,-119
1754051801.4044602,-3,-1,-127
1754051801.4404602,-2,0,-123
1754051801.47846,5,-4,-122
1754051801.5164602,2,-2,-127
1754051801.55546,1,-3,-122
1754051801.59146,-8,-3,-129
1754051801.62946,1,-3,-128
1754051801.6674602,11,-1,-122
1754051801.70646,5,-1,-111
1754051801.74246,3,-5,-105
1754051801.78046,0,-7,-121
1754051801.81846,0,-3,-118
1754051801.85646,3,-3,-111
1754051801.89546,2,1,-114
1754051801.93146,-4,3,-127
1754051801.96946,0,0,-125
1754051802.00746,1,-5,-122
1754051802.0464602,-1,-2,-129
1754051802.0824602,-3,-7,-124
1754051802.12046,0,0,-121
1754051802.15946,1,-6,-121
1754051802.19646,0,-4,-122
1754051802.23546,-1,0,-132
1754051802.27246,3,4,-129
1754051802.3094602,-8,10,-124
1754051802.34746,0,2,-130
1754051802.38646,-2,-4,-117
1754051802.42246,2,-1,-114
1754051802.4604602,8,-8,-116
1754051802.49846,1,-1,-110
1754051802.53746,0,-5,-113
1754051802.5754602,1,2,-117
1754051802.6114602,1,2,-116
1754051802.64846,0,0,-116
1754051802.6874602,3,-1,-118
1754051802.72546,1,0,-117
1754051802.76146,7,0,-116
1754051802.79846,3,-1,-111
1754051802.83746,3,-7,-116
1754051802.87546,7,-4,-111
1754051802.9114602,10,0,-117
1754051802.94846,5,0,-124
1754051802.98746,0,-4,-120
1754051803.02546,3,0,-129
1754051803.06146,6,0,-118
1754051803.0984602,1,2,-119
1754051803.13746,6,0,-124
1754051803.17546,4,0,-117
1754051803.21146,7,1,-127
1754051803.24946,0,-4,-110
1754051803.28846,-2,-1,-118
1754051803.32646,0,4,-118
1754051803.36246,-6,11,-116
1754051803.40046,0,1,-117
1754051803.43846,-5,-1,-125
1754051803.47746,-11,-3,-128
1754051803.51546,0,-5,-121
1754051803.55146,-1,-4,-131
1754051803.58946,-2,1,-112
1754051803.6284602,0,-4,-105
1754051803.66646,1,-5,-110
1754051803.70246,-3,-5,-115
1754051803.7404602,-4,-4,-120
1754051803.77846,-6,2,-122
1754051803.81746,-1,3,-127
1754051803.85346,-2,1,-117
1754051803.89246,4,0,-128
1754051803.92946,6,-11,-126
1754051803.9674602,2,-9,-120
1754051804.0064602,1,0,-116
1754051804.0424602,2,0,-119
1754051804.07946,1,-5,-101
1754051804.11746,-2,0,-112
1754051804.15646,2,5,-128
1754051804.19246,1,-3,-123
1754051804.2304602,-1,-6,-122
1754051804.26846,-1,3,-115
1754051804.30746,-1,-6,-112
1754051804.34346,2,0,-110
1754051804.3814602,1,0,-106
1754051804.41946,2,4,-109
1754051804.4574602,11,1,-120
1754051804.4964602,4,-1,-114
1754051804.5324602,-4,-4,-123
1754051804.57046,2,-5,-125
1754051804.6084602,4,-4,-119
1754051804.64746,-2,0,-124
1754051804.68346,4,-1,-124
1754051804.72146,0,-2,-129
1754051804.7594602,11,-1,-122
1754051804.79846,3,-1,-129
1754051804.83646,-2,6,-122
1754051804.87246,-3,0,-122
1754051804.91046,-8,-2,-108
1754051804.94846,-1,-2,-128
1754051804.98746,-3,0,-118
1754051805.02346,7,0,-119
1754051805.0624602,8,-1,-117
1754051805.09946,-2,-3,-120
1754051805.1384602,2,2,-120
1754051805.17646,-1,-3,-118
1754051805.21246,-2,1,-125
1754051805.25046,3,-1,-124
1754051805.28846,6,0,-125
1754051805.32746,1,4,-116
1754051805.36346,0,1,-114
1754051805.40046,5,1,-113
1754051805.43846,2,2,-115
1754051805.47746,0,-5,-113
1754051805.5134602,-5,-10,-131
1754051805.55146,-6,-3,-116
1754051805.58946,-6,-1,-121
1754051805.6284602,1,-4,-121
1754051805.66646,2,-7,-119
1754051805.70246,8,-7,-121
1754051805.74146,-2,-7,-120
1754051805.77846,2,-9,-120
1754051805.81746,1,-5,-122
1754051805.85346,3,0,-107
1754051805.8914602,5,-3,-116
1754051805.92946,8,-5,-114
1754051805.96846,0,-3,-114
1754051806.00446,0,1,-104
1754051806.04146,7,-1,-115
1754051806.07946,-2,3,-118
1754051806.1184602,-4,-5,-123
1754051806.1544602,-5,-3,-126
1754051806.19246,4,0,-124
1754051806.2304602,1,-2,-121
1754051806.26846,5,-4,-118
1754051806.30746,1,-5,-106
1754051806.34346,-1,2,-113
1754051806.3814602,-4,-2,-123
1754051806.41946,-3,-2,-113
1754051806.45846,3,-2,-116
1754051806.49446,6,0,-124
1754051806.53146,4,-1,-134
1754051806.5694602,-1,1,-120
1754051806.6084602,0,0,-109
1754051806.6444602,1,0,-107
1754051806.68246,0,1,-109
1754051806.7204602,-3,0,-123
1754051806.7594602,0,1,-121
1754051806.79746,2,-2,-127
1754051806.83346,-1,-2,-124
1754051806.8714602,-6,1,-116
1754051806.90946,2,-7,-120
1754051806.94846,-1,1,-134
1754051806.98446,2,0,-122
1754051807.02246,1,-1,-129
1754051807.06046,1,-2,-116
1754051807.09946,1,-6,-129
1754051807.13746,-1,-6,-122
1754051807.17346,0,4,-120
1754051807.2104602,2,-1,-120
1754051807.24946,0,-7,-120
1754051807.28746,-1,0,-121
1754051807.32346,0,2,-128
1754051807.36046,0,1,-121
1754051807.39946,-1,-5,-117
1754051807.4374602,0,4,-113
1754051807.4734602,-5,6,-113
1754051807.51146,-6,0,-118
1754051807.5494602,-5,2,-112
1754051807.5884602,-3,4,-112
1754051807.62446,4,0,-119
1754051807.6614602,4,-4,-117
1754051807.69946,-3,-1,-126
1754051807.73846,3,1,-117
1754051807.77446,3,0,-118
1754051807.81146,-1,7,-122
1754051807.84946,0,9,-125
1754051807.8884602,8,2,-126
1754051807.9244602,3,-4,-127
1754051807.96246,0,-2,-122
1754051808.00046,6,-5,-123
1754051808.0394602,5,-1,-116
1754051808.0754602,2,-5,-119
1754051808.11346,-2,0,-114
1754051808.1514602,7,1,-126
1754051808.1904602,-4,-4,-119
1754051808.22846,5,-6,-116
1754051808.27246,3,0,-127
1754051808.31146,0,-7,-115
1754051808.34946,-5,-10,-120
1754051808.38546,0,-4,-122
1754051808.42346,2,-4,-121
1754051808.46146,-4,-1,-120
1754051808.49946,3,4,-118
1754051808.53846,7,3,-116
1754051808.57446,-2,0,-125
1754051808.61246,-7,1,-115
1754051808.65046,-6,-6,-118
1754051808.68946,1,-4,-107
1754051808.72546,1,-3,-114
1754051808.76446,-6,0,-118
1754051808.80146,0,-4,-127
1754051808.84046,2,-3,-106
1754051808.8784602,0,1,-121
1754051808.9144602,5,0,-125
1754051808.95146,0,3,-135
1754051808.9904602,-4,-2,-120
1754051809.02846,0,-1,-112
1754051809.06446,5,0,-118
1754051809.10146,5,-2,-109
1754051809.14046,-2,0,-109
1754051809.17846,0,-3,-120
1754051809.21446,-1,-1,-124
1754051809.2534602,2,-4,-116
1754051809.29046,1,-2,-126
1754051809.32946,11,0,-119
1754051809.3654602,1,-2,-114
1754051809.40346,0,0,-114
1754051809.44146,6,1,-117
1754051809.4804602,10,-1,-112
1754051809.51846,2,0,-116
1754051809.55446,5,-4,-126
1754051809.5924602,4,4,-115
1754051809.6314602,0,4,-121
1754051809.66946,0,3,-121
1754051809.70546,5,3,-117
1754051809.74246,8,5,-129
1754051809.78146,6,0,-116
1754051809.8194602,3,-4,-118
1754051809.8554602,-1,-5,-119
1754051809.89346,0,-4,-120
1754051809.93146,-3,-1,-114
1754051809.9704602,2,0,-114
1754051810.0064602,3,-4,-112
1754051810.04446,4,0,-103
1754051810.0824602,4,-7,-117
1754051810.12046,1,-6,-113
1754051810.15946,-1,-6,-111
1754051810.19546,2,0,-114
1754051810.2334602,-1,2,-120
1754051810.27146,-3,0,-116
1754051810.31046,-2,2,-126
1754051810.34646,-4,0,-122
1754051810.38346,-1,0,-117
1754051810.4214602,4,-2,-122
1754051810.4604602,10,-1,-123
1754051810.4964602,3,-1,-127
1754051810.53446,-3,-5,-131
1754051810.5724602,-3,-2,-130
1754051810.61046,-2,1,-114
1754051810.64946,-1,-9,-105
1754051810.68646,-4,-3,-119
1754051810.7234602,4,-8,-108
1754051810.76146,1,-3,-111
1754051810.80046,-1,-3,-124
1754051810.83646,-6,2,-126
1754051810.87446,0,6,-134
1754051810.91246,0,7,-114
1754051810.95146,6,3,-117
1754051810.98946,6,3,-117
1754051811.0264602,3,0,-120
1754051811.06346,4,-1,-117
1754051811.10146,3,-4,-123
1754051811.14046,-2,-1,-123
1754051811.17646,-4,0,-124
1754051811.21446,-3,-5,-122
1754051811.25246,-1,1,-121
1754051811.29146,-3,-1,-124
1754051811.32946,-4,1,-116
1754051811.3654602,-8,4,-126
1754051811.40346,-11,0,-122
1754051811.44146,-2,0,-123
1754051811.4804602,-5,-5,-111
1754051811.5164602,-7,-9,-122
1754051811.55446,-5,-3,-116
1754051811.5924602,3,-2,-110
1754051811.6314602,0,1,-105
1754051811.66946,-8,0,-119
1754051811.70546,-4,-3,-111
1754051811.7434602,0,-5,-125
1754051811.78146,0,-2,-127
1754051811.82046,3,0,-120
1754051811.85646,-2,-2,-117
1754051811.8944602,0,-1,-120
1754051811.93246,7,4,-125
1754051811.97146,4,0,-123
1754051812.00746,4,-3,-122
1754051812.04546,3,4,-125
1754051812.08346,-2,-2,-120
1754051812.1214602,-3,2,-121
1754051812.16046,0,5,-119
1754051812.19646,2,0,-116
1754051812.23446,0,-2,-124
1754051812.27146,0,1,-119
1754051812.31046,-4,-4,-123
1754051812.34646,-3,-4,-110
1754051812.3844602,1,-7,-122
1754051812.42246,-1,-5,-128
1754051812.46146,0,0,-128
1754051812.49746,-1,3,-122
1754051812.53546,-8,-5,-129
1754051812.57346,-6,0,-124
1754051812.6114602,-2,-1,-131
1754051812.65046,1,-1,-121
1754051812.68646,1,0,-127
1754051812.7234602,-8,-3,-123
1754051812.76146,-4,-7,-122
1754051812.79746,0,-4,-126
1754051812.8354602,5,-5,-132
1754051812.87346,4,0,-117
1754051812.91246,2,4,-123
1754051812.9504602,7,-3,-120
1754051812.9864602,-3,-2,-107
1754051813.02446,0,-4,-120
1754051813.0624602,1,0,-121
1754051813.10146,-3,-1,-114
1754051813.13746,-2,-1,-126
1754051813.17646,0,-3,-124
1754051813.2134602,-4,-7,-124
1754051813.25246,2,-3,-117
1754051813.29046,8,0,-111
1754051813.32646,-1,-8,-118
1754051813.36446,-3,-2,-116
1754051813.40246,0,-2,-114
1754051813.44146,0,-3,-113
1754051813.47746,-2,-6,-118
1754051813.51546,1,-7,-112
1754051813.55346,2,-3,-120
1754051813.5924602,0,0,-123
1754051813.63046,-5,-2,-124
1754051813.66646,-6,-1,-118
1754051813.70446,-2,0,-122
1754051813.74246,3,2,-118
1754051813.78146,3,-2,-114
1754051813.81746,0,0,-114
1754051813.8554602,-1,0,-115
1754051813.8944602,-1,6,-113
1754051813.93246,0,2,-115
1754051813.9704602,2,-1,-125
1754051814.0064602,1,0,-107
1754051814.04346,5,-1,-125
1754051814.0824602,4,2,-125
1754051814.1184602,6,3,-120
1754051814.15546,2,10,-118
1754051814.19346,2,6,-119
1754051814.23246,4,0,-108
1754051814.26846,2,-3,-118
1754051814.30646,-5,-2,-122
1754051814.34446,1,1,-114
1754051814.38246,6,-4,-122
1754051814.4214602,-1,-1,-120
1754051814.4574602,2,7,-116
1754051814.4964602,7,8,-107
1754051814.53346,3,-3,-116
1754051814.5724602,2,3,-109
1754051814.6084602,8,6,-116
1754051814.64646,3,0,-125
1754051814.68546,7,-2,-115
1754051814.72246,7,0,-110
1754051814.76146,4,4,-118
1754051814.79746,3,4,-118
1754051814.8354602,-2,1,-111
1754051814.87246,-2,3,-116
1754051814.9114602,3,-2,-116
1754051814.9474602,3,3,-115
1754051814.98446,6,3,-112
1754051815.02346,8,0,-111
1754051815.06146,2,0,-120
1754051815.09746,2,-1,-118
1754051815.13546,6,-2,-135
1754051815.17346,0,-9,-130
1754051815.21246,-4,-2,-127
1754051815.24846,-3,-2,-116
1754051815.2864602,0,-5,-118
1754051815.32446,-6,-4,-115
1754051815.36346,-3,0,-108
1754051815.4014602,0,0,-110
1754051815.4374602,0,1,-107
1754051815.47446,0,6,-129
1754051815.5134602,2,7,-130
1754051815.55146,0,6,-126
1754051815.58746,-3,7,-118
1754051815.62646,3,4,-110
1754051815.66346,1,-5,-125
1754051815.70246,0,0,-124
1754051815.73846,3,-3,-121
1754051815.7764602,5,11,-104
1754051815.81446,-1,-1,-116
1754051815.85346,4,-6,-117
1754051815.8914602,3,-3,-119
1754051815.9274602,2,-4,-114
1754051815.96546,1,0,-119
1754051816.0034602,0,0,-105
1754051816.0424602,1,-2,-123
1754051816.07846,0,1,-125
1754051816.1154602,7,-4,-123
1754051816.15346,8,0,-116
1754051816.19246,0,2,-130
1754051816.22846,0,-2,-132
1754051816.26546,1,0,-122
1754051816.30346,-6,1,-120
1754051816.3424602,-9,-1,-118
1754051816.3784602,3,-1,-127
1754051816.41646,-3,-3,-111
1754051816.45446,-5,-3,-125
1754051816.4934602,0,-3,-121
1754051816.5294602,-1,-4,-120
1754051816.56746,0,-6,-125
1754051816.6054602,2,-4,-124
1754051816.64346,0,0,-122
1754051816.68246,-4,-3,-111
1754051816.71846,-3,2,-109
1754051816.7564602,3,0,-110
1754051816.79446,5,-2,-117
1754051816.83346,6,-5,-117
1754051816.87046,4,-3,-123
1754051816.9074602,0,0,-118
1754051816.94546,0,1,-115
1754051816.98446,2,2,-125
1754051817.02246,-5,0,-124
1754051817.05846,-2,4,-123
1754051817.09646,2,3,-134
1754051817.1344602,-1,2,-120
1754051817.17346,1,-1,-125
1754051817.20946,1,-2,-116
1754051817.24746,2,-1,-119
1754051817.28546,8,-5,-133
1754051817.32446,2,-7,-130
1754051817.36246,9,5,-125
1754051817.39846,8,-3,-124
1754051817.43646,6,-3,-119
1754051817.47546,-4,2,-123
1754051817.5134602,0,-3,-120
1754051817.5494602,-4,-1,-116
1754051817.58746,3,-4,-116
1754051817.62546,1,0,-110
1754051817.6644602,0,0,-115
1754051817.70246,3,-3,-115
1754051817.73846,0,0,-124
1754051817.77546,0,1,-114
1754051817.81446,3,-6,-115
1754051817.85246,7,1,-123
1754051817.8884602,0,5,-116
1754051817.92546,-9,0,-117
1754051817.96446,-3,3,-125
1754051818.00246,4,0,-122
1754051818.03846,3,4,-109
1754051818.0754602,-4,1,-116
1754051818.11446,-4,2,-122
1754051818.15246,-2,5,-109
1754051818.18846,-9,-1,-119
1754051818.22646,-10,0,-121
1754051818.26446,0,-7,-129
1754051818.30846,0,-6,-125
1754051818.34646,0,-1,-121
1754051818.3844602,0,3,-124
1754051818.42346,-1,-8,-111
1754051818.45946,-1,-8,-118
1754051818.49746,-3,-10,-115
1754051818.53546,-2,-2,-107
1754051818.57446,1,-7,-109
1754051818.61046,3,-11,-113
1754051818.64846,7,-9,-117
1754051818.6874602,4,-2,-114
1754051818.72446,3,-5,-111
1754051818.7634602,1,-9,-114
1754051818.7994602,7,5,-122
1754051818.83746,2,2,-121
1754051818.87446,5,2,-130
1754051818.91346,7,-2,-111
1754051818.94946,7,-1,-110
1754051818.98746,0,-3,-118
1754051819.02546,8,-2,-126
1754051819.06446,0,0,-119
1754051819.10046,0,-5,-124
1754051819.1384602,7,0,-127
1754051819.17646,1,1,-119
1754051819.21546,-1,-8,-123
1754051819.2534602,2,-6,-127
1754051819.2894602,7,-7,-123
1754051819.32846,4,2,-132
1754051819.3654602,1,-7,-131
1754051819.4044602,6,3,-131
1754051819.44146,2,-3,-122
1754051819.47846,11,-5,-117
1754051819.5164602,0,4,-113
1754051819.55546,-5,-1,-118
1754051819.59346,-3,-5,-108
1754051819.62946,4,1,-112
1754051819.66646,6,-2,-119
1754051819.70546,1,0,-126
1754051819.7434602,4,0,-115
1754051819.7794602,6,0,-115
1754051819.81646,3,-5,-105
1754051819.8554602,6,0,-121
1754051819.89346,2,2,-120
1754051819.92946,-5,2,-118
1754051819.9674602,0,-1,-117
1754051820.00546,4,-1,-111
1754051820.04446,3,-2,-123
1754051820.08046,1,0,-125
1754051820.1184602,7,1,-119
1754051820.15646,5,1,-122
1754051820.19546,9,-4,-123
1754051820.2334602,3,-2,-132
1754051820.2694602,4,6,-123
1754051820.30646,3,5,-118
1754051820.3454602,-1,4,-119
1754051820.3814602,-1,-1,-102
1754051820.42046,4,-4,-122
1754051820.4574602,-4,-3,-110
1754051820.49546,0,0,-117
1754051820.53446,-5,5,-109
1754051820.57046,0,4,-115
1754051820.60746,0,2,-110
1754051820.64546,3,0,-117
1754051820.6844602,10,5,-124
1754051820.7204602,-2,2,-125
1754051820.75846,10,8,-125
1754051820.7964602,5,4,-127
1754051820.8354602,0,0,-131
1754051820.8714602,1,3,-122
1754051820.90946,7,2,-114
1754051820.9474602,-5,3,-113
1754051820.9864602,-3,-1,-111
1754051821.02446,-1,2,-123
1754051821.06046,2,5,-121
1754051821.09746,10,-5,-112
1754051821.13646,4,-4,-115
1754051821.1744602,0,-6,-116
1754051821.2104602,0,-6,-119
1754051821.24746,-4,-1,-114
1754051821.2864602,0,-11,-116
1754051821.32446,-9,0,-115
1754051821.36046,-3,-2,-120
1754051821.39846,-2,6,-121
1754051821.43646,0,0,-123
1754051821.47546,4,-4,-120
1754051821.51146,4,0,-125
1754051821.5494602,5,-5,-122
1754051821.58646,1,-4,-122
1754051821.62546,3,-6,-131
1754051821.6614602,-4,-5,-124
1754051821.69946,3,-3,-119
1754051821.73746,-3,-7,-122
1754051821.7764602,-1,-2,-122
1754051821.81446,-2,-9,-125
1754051821.85046,-1,0,-123
1754051821.8884602,1,-4,-121
1754051821.9274602,6,-6,-124
1754051821.96546,2,0,-111
1754051822.00146,-6,0,-117
1754051822.0394602,1,-4,-119
1754051822.07746,2,-10,-120
1754051822.11646,-1,-7,-120
1754051822.1544602,-5,-3,-103
1754051822.1904602,4,1,-110
1754051822.22846,-1,0,-114
1754051822.2664602,3,3,-127
1754051822.30546,-1,3,-129
1754051822.34146,2,-5,-114
1754051822.37946,0,0,-116
1754051822.4174602,0,-3,-109
1754051822.45646,-4,-1,-120
1754051822.49246,0,0,-116
1754051822.5294602,-2,-6,-118
1754051822.56746,-4,-3,-110
1754051822.60646,0,-5,-117
1754051822.64246,-1,-8,-115
1754051822.68046,9,-4,-112
1754051822.71946,8,6,-102
1754051822.7564602,-1,-1,-117
1754051822.79546,0,0,-122
1754051822.83146,-1,0,-122
1754051822.86946,1,-3,-118
1754051822.9074602,2,-7,-111
1754051822.94646,12,-9,-121
1754051822.98246,4,-6,-122
1754051823.02046,-2,0,-115
1754051823.05846,-2,-4,-111
1754051823.09646,5,-8,-108
1754051823.13546,3,-7,-110
1754051823.1714602,0,-7,-117
1754051823.2104602,11,-3,-112
1754051823.24746,2,-2,-109
1754051823.2864602,1,-5,-121
1754051823.3224602,-9,-2,-117
1754051823.36046,-5,-4,-116
1754051823.39846,-5,-4,-110
1754051823.4374602,-5,-2,-119
1754051823.47546,-9,1,-119
1754051823.51146,-12,-2,-120
1754051823.5494602,0,-8,-116
1754051823.58746,0,-13,-105
1754051823.62646,-1,-6,-114
1754051823.66246,-5,-4,-111
1754051823.7004602,-10,-3,-116
1754051823.73846,-9,-1,-111
1754051823.77746,-3,-1,-108
1754051823.8154602,-4,0,-120
1754051823.85146,-10,-5,-119
1754051823.88946,4,-8,-114
1754051823.9274602,-1,1,-115
1754051823.96646,1,0,-124
1754051824.00246,3,5,-120
1754051824.0394602,0,-2,-122
1754051824.07746,-8,-5,-118
1754051824.11646,-8,-3,-114
1754051824.15246,0,3,-122
1754051824.18946,-3,9,-125
1754051824.22746,-3,7,-120
1754051824.2664602,3,0,-115
1754051824.3024602,11,-2,-126
1754051824.34046,6,3,-117
1754051824.3784602,9,-4,-114
1754051824.4174602,6,-4,-121
1754051824.45546,0,-5,-116
1754051824.49146,4,-7,-113
1754051824.53046,3,-4,-120
1754051824.56746,5,0,-115
1754051824.60646,-1,0,-115
1754051824.64246,-1,-3,-116
1754051824.68046,2,0,-122
1754051824.71846,-3,6,-126
1754051824.75746,6,0,-114
1754051824.79346,3,0,-116
1754051824.83046,2,-2,-123
1754051824.8684602,0,5,-120
1754051824.9074602,1,-4,-120
1754051824.94346,3,2,-112
1754051824.9804602,2,0,-117
1754051825.01846,5,4,-125
1754051825.05746,-2,-1,-129
1754051825.09346,2,-2,-124
1754051825.1314602,0,-4,-117
1754051825.16946,0,-5,-112
1754051825.2074602,-2,2,-112
1754051825.2464602,4,-1,-107
1754051825.2824602,-9,5,-112
1754051825.32046,-1,1,-124
1754051825.3584602,11,5,-114
1754051825.39746,4,1,-132
1754051825.43346,1,-5,-124
1754051825.47146,0,-1,-129
1754051825.5094602,-1,-9,-122
1754051825.54846,-5,-7,-137
1754051825.58646,-1,-1,-140
1754051825.62246,8,-6,-121
1754051825.66046,2,-1,-113
1754051825.69846,0,2,-116
1754051825.73746,-2,-3,-112
1754051825.77346,0,-6,-116
1754051825.81146,-1,-3,-102
1754051825.84946,-8,1,-116
1754051825.8884602,0,0,-118
1754051825.92646,0,-1,-129
1754051825.96246,-1,1,-130
1754051826.00046,-5,-3,-122
1754051826.0394602,-1,-9,-125
1754051826.07746,-4,-5,-133
1754051826.11346,-5,-1,-135
1754051826.1514602,-10,3,-119
1754051826.18946,-3,0,-119
1754051826.22846,-2,4,-124
1754051826.2664602,3,-1,-114
1754051826.3024602,7,1,-119
1754051826.33946,6,-2,-119
1754051826.3784602,8,0,-128
1754051826.41646,4,4,-131
1754051826.45246,-7,3,-127
1754051826.4904602,2,1,-125
1754051826.52846,0,0,-124
1754051826.56746,0,0,-107
1754051826.60346,4,-4,-107
1754051826.6414602,5,-1,-116
1754051826.67946,3,-1,-114
1754051826.71846,4,0,-119
1754051826.75446,0,-4,-118
1754051826.7924602,1,-7,-121
1754051826.83146,-7,-1,-115
1754051826.8684602,-8,1,-119
1754051826.9074602,3,2,-125
1754051826.94346,1,2,-126
1754051826.98146,2,3,-125
1754051827.01846,2,5,-119
1754051827.05746,1,4,-126
1754051827.09346,-2,-1,-109
1754051827.1314602,-2,0,-102
1754051827.16946,-7,0,-110
1754051827.20846,-1,-3,-125
1754051827.24446,-1,0,-128
1754051827.28146,0,-3,-118
1754051827.3194602,2,3,-114
1754051827.3584602,0,0,-119
1754051827.3944602,-1,-4,-113
1754051827.43246,0,1,-108
1754051827.4704602,-1,0,-105
1754051827.5094602,2,0,-111
1754051827.54746,4,-4,-116
1754051827.58346,0,-9,-124
1754051827.6214602,-2,-16,-114
1754051827.65946,0,-4,-103
1754051827.69846,0,-10,-116
1754051827.73446,-3,-3,-116
1754051827.77246,-1,-5,-109
1754051827.81046,-1,-1,-109
1754051827.84946,0,-5,-112
1754051827.88746,1,-4,-121
1754051827.92346,1,-8,-118
1754051827.96146,-6,-4,-116
1754051827.99946,-3,-4,-121
1754051828.03846,0,-6,-125
1754051828.07446,0,-2,-122
1754051828.1114602,3,0,-120
1754051828.14946,0,-5,-117
1754051828.18846,-4,-3,-113
1754051828.22446,0,-3,-118
1754051828.26146,2,-3,-112
1754051828.2994602,1,-1,-116
1754051828.34346,3,-2,-126
1754051828.3814602,5,-1,-126
1754051828.41946,-1,-2,-125
1754051828.45846,0,-5,-122
1754051828.49446,-5,-4,-131
1754051828.5324602,-1,-6,-119
1754051828.57046,3,0,-122
1754051828.60946,4,-2,-114
1754051828.64746,2,-4,-122
1754051828.6844602,-1,2,-117
1754051828.72246,5,0,-123
1754051828.76046,5,-6,-107
1754051828.7994602,-1,-2,-118
1754051828.8354602,2,-7,-118
1754051828.87446,-3,-6,-112
1754051828.9114602,4,-5,-117
1754051828.94946,7,-8,-120
1754051828.98846,0,-1,-116
1754051829.02446,0,-3,-115
1754051829.0624602,2,0,-102
1754051829.10046,-1,0,-114
1754051829.13946,-4,-3,-131
1754051829.17546,0,-5,-128
1754051829.2134602,4,-8,-122
1754051829.25146,2,-4,-127
1754051829.2894602,-3,-7,-122
1754051829.32846,0,0,-123
1754051829.36446,-2,6,-129
1754051829.40246,-4,-2,-112
1754051829.4404602,-4,-1,-113
1754051829.47946,2,-3,-115
1754051829.51546,-3,-5,-108
1754051829.55346,-1,0,-110
1754051829.59146,0,-1,-110
1754051829.63046,-2,-6,-120
1754051829.66846,-3,-4,-112
1754051829.70446,-6,-4,-120
1754051829.74246,-4,-4,-122
1754051829.78046,2,-6,-123
1754051829.8194602,1,-6,-123
1754051829.8554602,1,2,-117
1754051829.89246,0,2,-113
1754051829.93046,1,1,-114
1754051829.96946,0,2,-107
1754051830.00546,2,-6,-117
1754051830.04346,5,-4,-111
1754051830.08146,-4,-4,-109
1754051830.12046,2,4,-115
1754051830.15846,-1,4,-119
1754051830.1944602,-2,3,-119
1754051830.23246,0,-2,-116
1754051830.27146,-6,-4,-120
1754051830.3094602,-2,0,-118
1754051830.3454602,3,0,-120
1754051830.38246,5,0,-123
1754051830.42046,3,5,-135
1754051830.45946,2,-3,-129
1754051830.49546,2,-2,-127
1754051830.53346,-4,5,-128
1754051830.57146,-1,3,-130
1754051830.61046,-3,3,-119
1754051830.64846,-3,3,-128
1754051830.6844602,0,-2,-127
1754051830.72246,-1,-3,-117
1754051830.76046,5,0,-117
1754051830.7994602,6,7,-110
1754051830.8354602,3,0,-117
1754051830.87246,2,1,-122
1754051830.91046,1,5,-126
1754051830.94946,-5,0,-119
1754051830.98546,-4,-1,-129
1754051831.02346,-2,4,-120
1754051831.06146,-5,8,-123
1754051831.10046,0,9,-122
1754051831.13646,4,9,-120
1754051831.1744602,5,0,-132
1754051831.2134602,5,-8,-132
1754051831.25046,0,4,-129
1754051831.2894602,7,5,-117
1754051831.3254602,2,3,-121
1754051831.36346,6,1,-129
1754051831.40046,-7,4,-119
1754051831.43946,0,2,-118
1754051831.47546,3,-2,-121
1754051831.5134602,0,0,-121
1754051831.55146,0,-1,-125
1754051831.59046,3,4,-118
1754051831.62646,4,0,-111
1754051831.66346,1,0,-100
1754051831.70146,-1,-4,-104
1754051831.7404602,0,-8,-113
1754051831.7764602,3,0,-115
1754051831.81346,3,0,-113
1754051831.85146,-2,3,-115
1754051831.89046,-6,-3,-118
1754051831.92646,-3,-1,-125
1754051831.96446,3,0,-122
1754051832.00246,2,-5,-113
1754051832.04146,-1,-3,-127
1754051832.07946,7,-3,-115
1754051832.1154602,0,8,-109
1754051832.15246,6,4,-119
1754051832.19146,0,6,-111
1754051832.22946,-10,2,-115
1754051832.26546,-6,2,-116
1754051832.30346,2,-2,-115
1754051832.34146,6,1,-119
1754051832.38046,9,-1,-119
1754051832.41646,6,0,-120
1754051832.45346,0,3,-116
1754051832.49146,-3,0,-109
1754051832.53046,-9,-2,-110
1754051832.56646,-3,3,-103
1754051832.60446,-3,5,-124
1754051832.64246,-4,0,-128
1754051832.68146,-2,4,-118
1754051832.71946,-3,-6,-123
1754051832.75546,0,-7,-115
1754051832.79346,-2,0,-120
1754051832.83146,-5,-1,-115
1754051832.87046,-4,2,-115
1754051832.90646,-1,-3,-111
1754051832.9444602,-3,-2,-109
1754051832.9834602,3,-1,-113
1754051833.02146,9,3,-125
1754051833.05746,8,0,-120
1754051833.09446,0,5,-114
1754051833.13246,0,0,-116
1754051833.1714602,4,-3,-122
1754051833.2074602,2,-5,-116
1754051833.24546,-3,-8,-125
1754051833.28346,-2,-7,-123
1754051833.32146,7,-2,-124
1754051833.36046,1,2,-127
1754051833.39646,-2,0,-127
1754051833.4344602,1,-3,-136
1754051833.4734602,6,-5,-125
1754051833.51146,1,-6,-113
1754051833.54746,2,-8,-121
1754051833.5854602,6,0,-110
1754051833.62346,-1,-1,-111
1754051833.66246,2,-4,-109
1754051833.7004602,-1,3,-112
1754051833.7364602,8,6,-111
1754051833.77346,-1,1,-114
1754051833.8124602,0,1,-117
1754051833.85046,2,2,-111
1754051833.88646,-2,1,-108
1754051833.9244602,-1,1,-125
1754051833.96246,1,1,-117
1754051834.00146,6,3,-115
1754051834.03746,11,3,-119
1754051834.07446,7,-5,-127
1754051834.11246,-3,0,-130
1754051834.1514602,-3,-8,-120
1754051834.1874602,-4,-2,-115
1754051834.22546,-8,-2,-115
1754051834.2634602,2,0,-125
1754051834.3024602,-3,0,-118
1754051834.34046,-2,0,-118
1754051834.37746,2,-2,-104
1754051834.4144602,0,-8,-114
1754051834.45246,5,-7,-122
1754051834.49146,4,-4,-115
1754051834.52746,5,-2,-101
1754051834.5654602,-6,-1,-120
1754051834.60346,-4,-4,-119
1754051834.64246,-4,-9,-130
1754051834.68046,1,-1,-123
1754051834.71646,-5,0,-124
1754051834.7534602,3,2,-111
1754051834.7924602,7,-1,-116
1754051834.83046,2,-4,-112
1754051834.86646,0,-1,-114
1754051834.90346,8,-2,-125
1754051834.94246,0,-1,-123
1754051834.97846,4,4,-119
1754051835.01546,0,4,-120
1754051835.05346,4,1,-110
1754051835.0924602,-5,-4,-120
1754051835.1284602,1,-5,-116
1754051835.16646,-2,5,-109
1754051835.20446,-1,-1,-114
1754051835.24246,1,2,-109
1754051835.28146,-4,2,-114
1754051835.31746,-3,0,-114
1754051835.35446,-4,-1,-125
1754051835.39246,-2,-4,-130
1754051835.43146,3,-1,-122
1754051835.4674602,-3,-3,-132
1754051835.50546,-11,0,-119
1754051835.54346,0,4,-119
1754051835.5824602,0,0,-112
1754051835.6184602,-2,0,-109
1754051835.65646,3,-5,-116
1754051835.69546,-1,-9,-112
1754051835.7334602,3,-4,-112
1754051835.77146,8,1,-118
1754051835.80746,-4,-4,-125
1754051835.8454602,0,1,-123
1754051835.88346,0,-3,-120
1754051835.92246,-2,-1,-118
1754051835.95846,5,4,-119
1754051835.99546,0,2,-123
1754051836.03346,2,-1,-118
1754051836.0724602,-8,3,-122
1754051836.1084602,-2,-2,-119
1754051836.14646,-2,-3,-117
1754051836.1844602,4,-4,-115
1754051836.2234602,6,-5,-119
1754051836.26146,-4,-3,-119
1754051836.29746,0,-2,-128
1754051836.33446,3,0,-122
1754051836.37346,1,0,-116
1754051836.4114602,1,0,-116
1754051836.4474602,7,-2,-110
1754051836.48546,3,0,-109
1754051836.52346,0,-4,-109
1754051836.5624602,0,-6,-115
1754051836.5984602,3,0,-124
1754051836.63546,-4,-1,-119
1754051836.67346,-1,-2,-119
1754051836.71246,-5,0,-115
1754051836.74846,-6,-1,-114
1754051836.7864602,-5,4,-126
1754051836.82446,-1,-2,-123
1754051836.86346,-5,-1,-124
1754051836.9014602,0,-10,-119
1754051836.9374602,0,-3,-117
1754051836.97546,2,-3,-116
1754051837.0134602,1,-3,-127
1754051837.0524602,6,-9,-122
1754051837.0884602,1,1,-119
1754051837.12546,4,-1,-116
1754051837.16346,6,-1,-126
1754051837.20246,-1,-6,-128
1754051837.23846,5,-7,-124
1754051837.2764602,9,0,-118
1754051837.31446,6,-3,-113
1754051837.35346,0,-9,-124
1754051837.38946,0,-10,-121
1754051837.4274602,-1,-1,-112
1754051837.46546,0,-6,-125
1754051837.5034602,-3,-3,-130
1754051837.5424602,0,1,-123
1754051837.57846,-2,6,-121
1754051837.61646,-2,3,-122
1754051837.6544602,-6,0,-116
1754051837.69346,3,-2,-107
1754051837.72946,-1,1,-113
1754051837.76746,7,0,-113
1754051837.80546,3,-5,-120
1754051837.84446,-1,-7,-121
1754051837.88246,4,-5,-114
1754051837.91846,1,-3,-116
1754051837.95646,4,1,-123
1754051837.99446,3,-6,-131
1754051838.03346,0,0,-122
1754051838.0694602,-6,4,-115
1754051838.10746,1,-2,-120
1754051838.14546,6,0,-120
1754051838.1844602,0,0,-126
1754051838.22246,1,1,-123
1754051838.25846,5,0,-135
1754051838.2964602,-8,-5,-119
1754051838.3354602,0,0,-119
1754051838.3784602,5,2,-123
1754051838.41646,2,-2,-121
1754051838.45446,0,-4,-126
1754051838.4934602,0,0,-119
1754051838.5294602,-3,-5,-113
1754051838.56746,3,8,-126
1754051838.6054602,0,1,-124
1754051838.6444602,4,2,-124
1754051838.68246,0,-2,-124
1754051838.71846,3,2,-121
1754051838.75546,-6,3,-114
1754051838.79446,-2,0,-128
1754051838.8324602,0,-1,-123
1754051838.8684602,0,5,-117
1754051838.90546,-2,3,-121
1754051838.9444602,0,0,-122
1754051838.98246,0,0,-107
1754051839.01846,3,1,-108
1754051839.05546,-7,-5,-119
1754051839.09446,-3,-5,-114
1754051839.13046,-6,-4,-126
1754051839.16846,0,4,-114
1754051839.20646,0,0,-117
1754051839.24446,0,6,-107
1754051839.28346,5,6,-96
1754051839.3194602,7,0,-112
1754051839.35646,5,-2,-119
1754051839.3944602,-2,0,-120
1754051839.43346,-1,2,-115
1754051839.46946,3,0,-110
1754051839.5064602,5,0,-118
1754051839.54446,0,-8,-114
1754051839.58346,0,-2,-124
1754051839.61946,-4,-5,-114
1754051839.6574602,-3,-2,-126
1754051839.69546,-2,-6,-124
1754051839.73446,0,-2,-118
1754051839.77046,-2,-3,-120
1754051839.80846,-1,-7,-117
1754051839.84646,1,-3,-122
1754051839.88546,0,1,-124
1754051839.92346,3,-8,-122
1754051839.95946,2,0,-120
1754051839.9964602,6,3,-122
1754051840.03546,5,3,-112
1754051840.07346,4,-3,-118
1754051840.10946,-2,1,-109
1754051840.14746,4,2,-112
1754051840.18546,0,-1,-120
1754051840.22446,1,-5,-108
1754051840.26046,0,0,-113
1754051840.29746,-4,1,-107
1754051840.3354602,2,-6,-104
1754051840.37446,6,-7,-109
1754051840.41046,3,-8,-110
1754051840.4474602,3,-1,-115
1754051840.48546,-2,-3,-118
1754051840.52446,-2,-5,-124
1754051840.56046,-1,-1,-121
1754051840.5984602,0,2,-121
1754051840.63646,11,-8,-119
1754051840.67546,1,-1,-124
1754051840.7134602,3,1,-108
1754051840.74946,1,0,-119
1754051840.7864602,4,-1,-117
1754051840.8254602,6,-1,-106
1754051840.86346,-4,-4,-107
1754051840.89946,-10,4,-107
1754051840.93846,-5,1,-118
1754051840.97546,-2,5,-129
1754051841.01446,-11,3,-122
1754051841.05046,-1,0,-130
1754051841.0884602,0,-1,-118
1754051841.12746,0,-5,-125
1754051841.16546,-2,3,-99
1754051841.20146,-4,-6,-111
1754051841.23946,2,-6,-115
1754051841.27746,-2,-14,-120
1754051841.3154602,-1,-8,-119
1754051841.35446,-4,0,-121
1754051841.39046,-7,2,-124
1754051841.42846,-8,0,-114
1754051841.46646,-5,-5,-114
1754051841.50546,-4,-2,-106
1754051841.54146,2,6,-114
1754051841.57946,4,-4,-117
1754051841.6184602,2,-6,-120
1754051841.65546,5,-4,-111
1754051841.6944602,0,1,-111
1754051841.7304602,-2,1,-113
1754051841.76846,1,5,-111
1754051841.80646,4,0,-112
1754051841.8454602,0,-3,-124
1754051841.8814602,0,-4,-132
1754051841.91846,2,0,-126
1754051841.95646,-3,-1,-120
1754051841.99546,-3,1,-124
1754051842.03146,-4,-1,-126
1754051842.0694602,-5,1,-123
1754051842.10746,-1,-4,-125
1754051842.14646,8,-6,-123
1754051842.1844602,3,-4,-121
1754051842.2204602,1,0,-129
1754051842.25746,4,-7,-127
1754051842.2964602,0,-3,-122
1754051842.33446,-2,-11,-122
1754051842.37046,-1,-6,-114
1754051842.40846,-3,-1,-111
1754051842.4474602,-1,3,-124
1754051842.48546,-3,-5,-120
1754051842.52146,1,1,-116
1754051842.55846,-2,0,-118
1754051842.59746,-5,-10,-110
1754051842.63546,-3,-6,-118
1754051842.6714602,-3,-1,-114
1754051842.7104602,-2,-7,-106
1754051842.74746,-2,-5,-111
1754051842.7864602,-11,-7,-120
1754051842.82446,-3,-2,-112
1754051842.86046,0,3,-118
1754051842.89746,8,3,-120
1754051842.93646,3,5,-116
1754051842.97446,-3,1,-116
1754051843.01046,1,1,-115
1754051843.04746,-1,-2,-119
1754051843.08646,0,0,-123
1754051843.12446,7,2,-117
1754051843.1614602,2,4,-123
1754051843.19846,1,3,-123
1754051843.2364602,1,0,-123
1754051843.27546,-2,0,-115
1754051843.31146,-2,0,-121
1754051843.3484602,15,1,-126
1754051843.38646,10,5,-121
1754051843.42546,2,0,-115
1754051843.46146,-2,0,-112
1754051843.49946,4,-1,-118
1754051843.53746,6,0,-113
1754051843.57646,-4,-4,-126
1754051843.61246,0,-3,-121
1754051843.6514602,-2,-5,-123
1754051843.68846,7,2,-134
1754051843.72646,2,-2,-117
1754051843.76546,4,0,-111
1754051843.80146,0,-3,-119
1754051843.83946,6,-5,-122
1754051843.87746,3,4,-109
1754051843.91646,-2,0,-102
1754051843.95246,-5,-3,-109
1754051843.9904602,-6,0,-118
1754051844.02846,-4,-4,-115
1754051844.06746,0,-3,-120
1754051844.1054602,3,2,-122
1754051844.1414602,1,1,-111
1754051844.17846,0,4,-115
1754051844.2174602,4,2,-120
1754051844.25546,0,-6,-112
1754051844.29146,-1,0,-110
1754051844.33046,10,-2,-117
1754051844.36746,0,-8,-121
1754051844.40646,0,-5,-117
1754051844.44246,-5,-1,-111
1754051844.4804602,8,3,-117
1754051844.51846,2,-3,-117
1754051844.55746,0,2,-105
1754051844.5954602,-2,0,-118
1754051844.6314602,1,-4,-116
1754051844.66946,-3,-5,-108
1754051844.7074602,-3,5,-117
1754051844.7464602,7,0,-126
1754051844.7824602,1,-2,-126
1754051844.82146,-6,-12,-122
1754051844.8584602,-1,-4,-116
1754051844.89746,-2,3,-106
1754051844.93546,1,-2,-108
1754051844.97146,2,6,-115
1754051845.00846,1,-3,-108
1754051845.04746,0,-6,-122
1754051845.0854602,-9,-2,-121
1754051845.1214602,-4,-4,-125
1754051845.15946,1,3,-121
1754051845.1974602,1,0,-106
1754051845.2364602,1,-1,-132
1754051845.27246,8,-4,-131
1754051845.31046,2,-1,-134
1754051845.3484602,0,0,-118
1754051845.38746,3,8,-114
1754051845.42346,0,5,-118
1754051845.4604602,1,0,-122
1754051845.49846,11,1,-121
1754051845.53746,4,0,-117
1754051845.57346,0,0,-114
1754051845.61046,4,-3,-101
1754051845.64846,0,-5,-110
1754051845.6874602,2,0,-115
1754051845.7234602,1,2,-116
1754051845.76046,-3,5,-107
1754051845.79846,4,2,-111
1754051845.83746,1,-6,-125
1754051845.87346,0,-3,-122
1754051845.9114602,3,0,-122
1754051845.94946,2,2,-130
1754051845.98846,-4,3,-115
1754051846.0264602,4,-4,-128
1754051846.0624602,-2,-8,-120
1754051846.10146,-2,4,-126
1754051846.1384602,0,0,-121
1754051846.1774602,2,-7,-124
1754051846.2134602,0,-3,-124
1754051846.25146,-4,-6,-116
1754051846.2894602,0,-2,-119
1754051846.32846,4,-3,-126
1754051846.36646,-1,1,-126
1754051846.40246,2,-3,-122
1754051846.4404602,3,-2,-112
1754051846.47846,3,2,-129
1754051846.51746,-1,0,-125
1754051846.55346,-3,5,-127
1754051846.59146,-2,-7,-130
1754051846.63046,2,-8,-131
1754051846.66846,-4,-3,-127
1754051846.70646,4,4,-122
1754051846.74246,2,5,-122
1754051846.78046,9,4,-121
1754051846.81846,8,6,-119
1754051846.85746,3,-5,-119
1754051846.89346,3,0,-108
1754051846.93046,1,0,-112
1754051846.96846,1,-10,-105
1754051847.00746,-1,-5,-119
1754051847.04346,-2,-4,-123
1754051847.08146,3,-6,-108
1754051847.11946,0,-10,-118
1754051847.15846,-7,-5,-123
1754051847.19646,-4,0,-122
1754051847.23246,-3,0,-114
1754051847.2694602,6,-2,-120
1754051847.30846,-4,-2,-132
1754051847.34446,-2,-5,-134
1754051847.38246,-4,-2,-131
1754051847.4214602,0,0,-121
1754051847.45846,0,-3,-117
1754051847.49746,6,5,-117
1754051847.53346,2,3,-115
1754051847.57146,3,3,-118
1754051847.60946,4,5,-116
1754051847.64846,0,1,-116
1754051847.6844602,-5,3,-120
1754051847.72246,-3,-2,-124
1754051847.76046,1,-5,-121
1754051847.79846,10,0,-117
1754051847.83746,5,0,-109
1754051847.87346,6,3,-114
1754051847.91046,4,4,-119
1754051847.94846,3,2,-124
1754051847.98746,10,-1,-116
1754051848.02346,7,0,-118
1754051848.06046,0,-1,-115
1754051848.0984602,3,-3,-108
1754051848.13746,5,-1,-111
1754051848.17346,0,1,-114
1754051848.2104602,5,-4,-113
1754051848.24846,1,-1,-114
1754051848.28746,-1,6,-112
1754051848.32346,5,6,-119
1754051848.36046,4,3,-117
1754051848.4044602,6,1,-122
1754051848.44346,4,3,-124
1754051848.48146,-2,0,-119
1754051848.5194602,3,-3,-125
1754051848.55746,5,-8,-121
1754051848.59346,-5,-4,-117
1754051848.6314602,-3,-3,-120
1754051848.66946,0,-10,-117
1754051848.70846,0,-6,-118
1754051848.74446,-2,-8,-115
1754051848.7824602,0,-3,-126
1754051848.82146,1,-1,-122
1754051848.85946,-1,-2,-119
1754051848.89746,3,-2,-112
1754051848.93346,4,0,-118
1754051848.97146,5,-3,-119
1754051849.0094602,5,-1,-119
1754051849.04846,2,-7,-123
1754051849.08446,-1,-8,-112
1754051849.12246,0,-2,-118
1754051849.16046,-2,0,-111
1754051849.19946,-2,8,-111
1754051849.23746,0,-2,-112
1754051849.27346,0,0,-116
1754051849.31046,1,-5,-117
1754051849.34946,2,-3,-119
1754051849.38746,1,-6,-126
1754051849.42346,-2,-1,-120
1754051849.46146,-1,0,-113
1754051849.49946,-6,0,-120
1754051849.53846,-2,-2,-129
1754051849.57446,-3,-2,-118
1754051849.61246,0,-2,-120
1754051849.65046,-4,-2,-115
1754051849.68946,-7,-1,-124
1754051849.72546,-1,-3,-115
1754051849.7634602,1,-7,-117
1754051849.80146,-1,1,-125
1754051849.83946,0,0,-120
1754051849.8784602,-6,1,-120
1754051849.9144602,-2,6,-117
1754051849.95246,-1,1,-131
1754051849.9904602,0,-3,-114
1754051850.0294602,4,0,-114
1754051850.0654602,7,0,-117
1754051850.10346,8,0,-117
1754051850.1414602,-1,-2,-126
1754051850.18046,-1,0,-122
1754051850.21846,2,-1,-123
1754051850.25446,0,-5,-124
1754051850.29346,0,-3,-118
1754051850.33046,1,-4,-112
1754051850.36946,-7,0,-126
1754051850.40546,-1,0,-125
1754051850.44346,1,1,-122
1754051850.48146,6,1,-121
1754051850.52046,0,0,-120
1754051850.55846,9,-2,-123
1754051850.59446,3,1,-124
1754051850.6314602,1,6,-115
1754051850.67046,2,1,-107
1754051850.70846,-5,0,-111
1754051850.74446,-2,-2,-122
1754051850.78346,1,3,-113
1754051850.82146,7,-2,-124
1754051850.85946,2,0,-120
1754051850.89646,0,3,-115
1754051850.9344602,-2,-1,-116
1754051850.97146,0,-4,-110
1754051851.01046,1,0,-117
1754051851.04846,11,-4,-118
1754051851.08446,1,-7,-115
1754051851.12246,-6,1,-122
1754051851.16046,1,0,-109
1754051851.19946,4,-8,-117
1754051851.23546,0,-3,-115
1754051851.27246,4,-7,-118
1754051851.31046,0,-3,-120
1754051851.34946,7,7,-124
1754051851.38546,12,7,-120
1754051851.42246,1,7,-117
1754051851.4604602,0,-11,-114
1754051851.49946,-1,-4,-109
1754051851.53546,-7,1,-109
1754051851.5724602,-1,-6,-105
1754051851.61046,5,0,-109
1754051851.64646,10,1,-119
1754051851.6844602,11,-1,-127
1754051851.72146,6,-1,-119
1754051851.76046,4,-8,-106
1754051851.7964602,3,-4,-114
1754051851.83446,-1,-3,-120
1754051851.87246,1,1,-119
1754051851.91046,-2,2,-116
1754051851.94946,1,-1,-121
1754051851.98546,5,-4,-123
1754051852.02346,1,-7,-122
1754051852.06146,2,9,-106
1754051852.10046,0,0,-127
1754051852.13646,2,0,-113
1754051852.17346,-4,0,-114
1754051852.21146,1,-7,-115
1754051852.25046,6,0,-117
1754051852.2864602,7,4,-112
1754051852.3254602,1,4,-122
1754051852.36246,-6,0,-119
1754051852.4014602,-6,-2,-127
1754051852.43946,6,-2,-127
1754051852.47546,6,-6,-125
1754051852.5134602,5,-4,-118
1754051852.55146,1,-7,-97
1754051852.59046,-3,-3,-117
1754051852.62646,-1,-2,-119
1754051852.6644602,0,-9,-108
1754051852.70246,0,0,-111
1754051852.74146,3,0,-111
1754051852.7794602,8,1,-119
1754051852.8154602,0,-4,-109
1754051852.85346,-3,0,-124
1754051852.8914602,-2,-10,-114
1754051852.93046,0,5,-124
1754051852.96646,0,0,-129
1754051853.00446,3,-6,-119
1754051853.04146,3,2,-118
1754051853.08046,1,5,-110
1754051853.11646,-3,-5,-98
1754051853.1544602,0,-6,-112
1754051853.19346,4,-12,-108
1754051853.23146,2,-3,-111
1754051853.2694602,3,0,-117
1754051853.30546,0,-4,-122
1754051853.34346,2,-2,-108
1754051853.3814602,2,2,-114
1754051853.42046,1,0,-117
1754051853.45646,7,-2,-121
1754051853.49446,0,-4,-100
1754051853.5324602,3,-6,-120
1754051853.57146,11,4,-109
1754051853.60946,6,5,-106
1754051853.64546,9,1,-105
1754051853.68346,5,-2,-113
1754051853.72146,4,-3,-113
1754051853.76046,0,2,-121
1754051853.7964602,-1,-5,-125
1754051853.83446,0,-6,-126
1754051853.87246,4,-4,-115
1754051853.9114602,0,-1,-120
1754051853.9474602,-4,-5,-128
1754051853.98546,-8,-9,-120
1754051854.02346,-7,-2,-126
1754051854.06146,0,-5,-127
1754051854.10046,-3,2,-113
1754051854.13646,-8,-3,-121
1754051854.17546,0,1,-118
1754051854.21246,-3,-1,-117
1754051854.25146,0,4,-119
1754051854.28746,3,-5,-116
1754051854.3254602,7,-4,-118
1754051854.36346,7,-3,-123
1754051854.4014602,6,1,-125
1754051854.4404602,-6,3,-126
1754051854.47646,-5,1,-119
1754051854.51446,-1,-1,-122
1754051854.5524602,6,-5,-123
1754051854.59146,1,-4,-120
1754051854.62746,-2,-4,-112
1754051854.66546,-1,-5,-110
1754051854.70346,6,-2,-116
1754051854.74246,5,-5,-115
1754051854.78046,1,0,-125
1754051854.81646,-7,-6,-122
1754051854.85446,-2,-3,-123
1754051854.89246,1,-2,-121
1754051854.93146,-2,0,-114
1754051854.9674602,0,3,-111
1754051855.00446,3,-3,-116
1754051855.04346,-3,4,-115
1754051855.08146,-14,4,-119
1754051855.11746,-1,-4,-119
1754051855.15546,0,-5,-123
1754051855.19346,3,-2,-126
1754051855.23246,-8,0,-121
1754051855.27046,-5,2,-117
1754051855.30646,1,0,-114
1754051855.34346,3,-5,-124
1754051855.38246,-2,0,-115
1754051855.42046,1,-5,-121
1754051855.45646,6,-5,-119
1754051855.49446,6,1,-110
1754051855.53346,3,3,-107
1754051855.57146,1,1,-113
1754051855.60746,-3,1,-115
1754051855.64546,0,3,-110
1754051855.6844602,6,4,-112
1754051855.72246,8,5,-116
1754051855.75846,11,2,-122
1754051855.79546,12,1,-116
1754051855.83446,-3,-5,-111
1754051855.87246,4,-7,-125
1754051855.90846,-2,-5,-114
1754051855.9474602,2,1,-124
1754051855.98446,-1,3,-107
1754051856.02246,-2,5,-120
1754051856.06146,-6,-3,-127
1754051856.09746,-2,-6,-125
1754051856.13546,9,-3,-113
1754051856.17346,3,-7,-117
1754051856.21246,3,0,-125
1754051856.24846,4,0,-134
1754051856.28546,6,-1,-122
1754051856.32346,6,-3,-123
1754051856.36246,12,-1,-120
1754051856.39846,3,-2,-117
1754051856.43646,0,-3,-128
1754051856.47446,4,0,-121
1754051856.51246,5,0,-127
1754051856.55146,1,-12,-124
1754051856.58746,2,-6,-119
1754051856.62546,5,-1,-112
1754051856.66346,4,-5,-119
1754051856.70246,0,-1,-120
1754051856.73846,-1,4,-130
1754051856.7764602,-5,-5,-123
1754051856.81446,3,-8,-118
1754051856.85346,-4,-1,-117
1754051856.8914602,0,5,-117
1754051856.9274602,-5,0,-125
1754051856.96546,5,-2,-123
1754051857.0034602,3,-2,-116
1754051857.0424602,5,0,-127
1754051857.07846,0,-1,-130
1754051857.11646,0,-5,-122
1754051857.1544602,-1,0,-115
1754051857.19346,5,0,-113
1754051857.23146,-3,-7,-127
1754051857.26746,0,-6,-119
1754051857.30546,0,-3,-121
1754051857.34346,4,-4,-117
1754051857.38246,-2,0,-113
1754051857.41846,-4,2,-124
1754051857.45646,3,0,-115
1754051857.49446,0,-7,-121
1754051857.53346,-3,-7,-111
1754051857.57146,5,-9,-115
1754051857.60746,0,-2,-120
1754051857.64546,0,1,-127
1754051857.68346,6,2,-117
1754051857.72246,5,6,-111
1754051857.75846,-5,-4,-119
1754051857.79746,-6,-1,-125
1754051857.83446,-6,3,-114
1754051857.87346,-4,0,-116
1754051857.9114602,0,-7,-110
1754051857.9474602,-2,-5,-118
1754051857.98546,8,4,-116
1754051858.02346,9,0,-126
1754051858.0624602,5,1,-118
1754051858.0984602,2,-3,-117
1754051858.13646,3,-1,-114
1754051858.1744602,1,-2,-117
1754051858.2134602,-4,1,-105
1754051858.24946,3,-5,-108
1754051858.28746,5,-3,-121
1754051858.32646,-5,0,-121
1754051858.36346,-2,2,-119
1754051858.40846,3,-5,-113
1754051858.44546,-1,-3,-115
1754051858.48446,-7,-3,-116
1754051858.52246,-1,0,-116
1754051858.55846,-4,2,-115
1754051858.59646,0,0,-127
1754051858.6344602,1,1,-116
1754051858.67346,3,-2,-124
1754051858.70946,0,-3,-121
1754051858.74746,-3,-8,-122
1754051858.78546,-2,-2,-126
1754051858.82446,8,-1,-111
1754051858.86246,4,2,-113
1754051858.89846,0,0,-110
1754051858.93646,1,-5,-120
1754051858.97446,0,1,-115
1754051859.0134602,2,-2,-129
1754051859.0494602,5,0,-123
1754051859.08646,-5,-1,-127
1754051859.12446,3,-6,-123
1754051859.16346,-3,-2,-116
1754051859.19946,-2,2,-124
1754051859.23746,-6,5,-124
1754051859.2764602,0,1,-128
1754051859.31446,0,0,-125
1754051859.35246,-4,-3,-123
1754051859.3884602,0,-3,-115
1754051859.42646,-7,-7,-129
1754051859.46446,-2,-5,-125
1754051859.5034602,1,1,-115
1754051859.5394602,-2,0,-124
1754051859.57646,4,-4,-124
1754051859.61446,3,1,-117
1754051859.65346,8,1,-114
1754051859.68946,0,-1,-120
1754051859.72646,2,5,-114
1754051859.76446,-3,-4,-120
1754051859.80346,-2,4,-112
1754051859.83946,1,1,-109
1754051859.87646,0,0,-104
1754051859.9144602,0,-3,-104
1754051859.95346,2,-4,-102
1754051859.98946,4,-1,-107
1754051860.02746,-2,1,-111
1754051860.06646,0,5,-118
1754051860.10446,0,-4,-118
1754051860.14046,2,-1,-115
1754051860.17846,-2,0,-124
1754051860.21646,-5,-3,-127
1754051860.25446,-4,-1,-124
1754051860.29346,1,-1,-128
1754051860.32946,3,0,-116
1754051860.36646,2,-4,-117
1754051860.4044602,3,-2,-118
1754051860.44346,0,0,-134
1754051860.47946,4,0,-128
1754051860.5164602,3,1,-115
1754051860.55446,5,-3,-116
1754051860.59346,1,-3,-119
1754051860.62946,7,-7,-122
1754051860.6674602,-5,-8,-112
1754051860.70546,2,-6,-110
1754051860.74446,-3,-6,-118
1754051860.78046,-2,-5,-121
1754051860.81846,-7,0,-109
1754051860.85646,-2,-1,-121
1754051860.89546,2,1,-127
1754051860.93346,8,-3,-123
1754051860.96946,6,-6,-121
1754051861.00846,1,-2,-111
1754051861.0464602,-4,-5,-118
1754051861.08446,2,-4,-113
1754051861.12046,-2,-1,-114
1754051861.15946,7,0,-113
1754051861.19646,2,-1,-115
1754051861.23546,2,1,-110
1754051861.27346,4,0,-132
1754051861.3094602,5,1,-125
1754051861.34646,1,1,-121
1754051861.38546,9,1,-108
1754051861.42346,10,3,-106
1754051861.45946,3,4,-112
1754051861.4964602,-8,0,-120
1754051861.53546,-6,1,-119
1754051861.57346,-4,-5,-125
1754051861.60946,1,-2,-122
1754051861.64746,-3,-4,-111
1754051861.68546,-2,0,-125
1754051861.72446,-12,4,-122
1754051861.76046,-5,0,-116
1754051861.79846,-5,-3,-112
1754051861.83746,-5,2,-123
1754051861.87546,-3,-3,-128
1754051861.91346,0,-7,-126
1754051861.94946,-5,-8,-120
1754051861.98746,0,-6,-118
1754051862.02546,0,-3,-126
1754051862.06446,6,-7,-125
1754051862.10046,6,-5,-113
1754051862.1384602,-3,1,-110
1754051862.17646,-14,2,-105
1754051862.21546,-6,4,-113
1754051862.25146,0,-1,-124
1754051862.28846,0,2,-123
1754051862.32646,1,4,-115
1754051862.3654602,1,-4,-124
1754051862.4014602,8,-6,-124
1754051862.43946,7,-6,-116
1754051862.47746,2,0,-115
1754051862.51546,6,-1,-120
1754051862.55446,8,1,-126
1754051862.59046,6,-2,-109
1754051862.62946,-6,0,-112
1754051862.6674602,-7,4,-121
1754051862.70546,0,-4,-118
1754051862.74146,1,1,-114
1754051862.7794602,0,0,-124
1754051862.81746,-2,7,-117
1754051862.85646,2,-5,-119
1754051862.8944602,0,6,-124
1754051862.93046,-1,3,-129
1754051862.96846,0,1,-128
1754051863.0064602,0,-1,-124
1754051863.04546,8,0,-133
1754051863.08146,2,-3,-123
1754051863.12046,10,-4,-120
1754051863.1574602,4,-3,-109
1754051863.19646,0,-2,-120
1754051863.23446,0,6,-124
1754051863.27046,-2,7,-117
1754051863.3094602,9,0,-112
1754051863.34646,1,1,-118
1754051863.38546,-5,0,-125
1754051863.4214602,5,-2,-127
1754051863.45946,1,2,-124
1754051863.49746,-4,-2,-117
1754051863.5364602,3,-5,-117
1754051863.57446,-8,-2,-115
1754051863.61046,-6,-3,-117
1754051863.64846,-14,3,-121
1754051863.68646,-6,2,-117
1754051863.72546,0,1,-122
1754051863.76146,1,-4,-124
1754051863.80046,3,-11,-113
1754051863.83746,2,-2,-125
1754051863.87646,2,-2,-123
1754051863.9144602,0,1,-122
1754051863.9504602,-7,4,-120
1754051863.98846,-3,0,-114
1754051864.0264602,6,1,-119
1754051864.0654602,0,-2,-120
1754051864.10146,0,-3,-112
1754051864.13946,4,0,-120
1754051864.1774602,-2,-1,-117
1754051864.21646,0,-3,-113
1754051864.25246,3,4,-122
1754051864.2894602,0,10,-113
1754051864.32746,-1,-2,-119
1754051864.36646,-2,-5,-130
1754051864.40246,0,-6,-127
1754051864.4404602,-5,-2,-118
1754051864.47946,1,-5,-115
1754051864.5164602,-2,-10,-115
1754051864.55546,-5,-2,-111
1754051864.5924602,5,-2,-108
1754051864.62946,0,2,-114
1754051864.6674602,0,2,-116
1754051864.70646,0,0,-115
1754051864.74246,3,3,-112
1754051864.7794602,-1,2,-121
1754051864.81746,0,-1,-112
1754051864.85646,5,-1,-111
1754051864.89246,1,-4,-109
1754051864.93046,7,-1,-122
1754051864.96846,4,-5,-112
1754051865.00746,1,1,-114
1754051865.04546,-2,0,-108
1754051865.08146,1,0,-113
1754051865.1184602,0,1,-110
1754051865.1574602,-3,0,-113
1754051865.19546,4,2,-107
1754051865.23146,3,4,-117
1754051865.26846,8,-3,-122
1754051865.30746,6,0,-117
1754051865.3454602,2,-4,-127
1754051865.3814602,-1,0,-132
1754051865.42046,1,7,-128
1754051865.4574602,7,-2,-117
1754051865.4964602,5,-7,-122
1754051865.5324602,7,-1,-119
1754051865.57046,1,2,-106
1754051865.6084602,3,3,-107
1754051865.64746,0,-2,-117
1754051865.68546,-4,0,-110
1754051865.72146,-4,-6,-119
1754051865.7594602,6,1,-121
1754051865.79746,0,-5,-128
1754051865.83646,-2,-7,-120
1754051865.87246,3,-4,-120
1754051865.91046,12,-1,-110
1754051865.94846,-1,-4,-122
1754051865.98746,-6,-2,-123
1754051866.02546,0,-1,-131
1754051866.06146,4,-3,-122
1754051866.09946,9,-2,-119
1754051866.13746,5,-7,-127
1754051866.17646,1,-1,-129
1754051866.21246,-2,4,-125
1754051866.25046,4,3,-123
1754051866.28846,4,0,-119
1754051866.32746,4,0,-107
1754051866.36346,6,0,-115
1754051866.40046,6,2,-112
1754051866.43846,0,-5,-106
1754051866.47746,-7,-3,-114
1754051866.5134602,1,-3,-116
1754051866.55146,-3,-2,-110
1754051866.58946,-6,2,-126
1754051866.62746,-6,-1,-123
1754051866.66646,-2,-5,-119
1754051866.70246,-11,-7,-122
1754051866.7404602,1,-1,-113
1754051866.7794602,-4,0,-109
1754051866.81746,-8,-1,-116
1754051866.85346,-7,-6,-109
1754051866.89246,-4,-1,-128
1754051866.92946,2,0,-110
1754051866.96846,5,7,-119
1754051867.0064602,6,-6,-121
1754051867.0424602,-1,-2,-114
1754051867.08046,0,-5,-113
1754051867.1184602,-2,3,-115
1754051867.1574602,2,-1,-125
1754051867.19346,-4,-5,-124
1754051867.23146,0,0,-127
1754051867.2694602,5,-10,-114
1754051867.30846,-3,-11,-119
1754051867.34646,3,-6,-122
1754051867.38246,2,-5,-122
1754051867.42046,0,-5,-124
1754051867.45846,5,-3,-119
1754051867.49746,2,2,-123
1754051867.53346,-5,2,-120
1754051867.57146,0,-2,-111
1754051867.60946,-1,5,-116
1754051867.64846,-3,7,-112
1754051867.68646,-5,0,-109
1754051867.72246,1,-3,-110
1754051867.76046,5,0,-118
1754051867.79846,6,-2,-117
1754051867.83746,8,-2,-108
1754051867.87346,-3,-3,-123
1754051867.91246,-5,-4,-122
1754051867.94946,1,3,-122
1754051867.98846,-2,4,-137
1754051868.0264602,-3,-2,-120
1754051868.0624602,-2,-4,-120
1754051868.10046,-1,1,-122
1754051868.1384602,3,1,-115
1754051868.1774602,2,7,-123
1754051868.2134602,3,5,-124
1754051868.25046,0,0,-111
1754051868.28846,2,0,-116
1754051868.32746,9,0,-123
1754051868.36346,2,0,-121
1754051868.40046,0,0,-125
1754051868.44546,3,0,-126
1754051868.4834602,0,5,-117
1754051868.52046,5,-2,-128
1754051868.55846,6,-3,-120
1754051868.59746,5,-4,-124
1754051868.63346,0,3,-109
1754051868.67046,2,-7,-114
1754051868.70846,3,-7,-112
1754051868.74746,0,-1,-119
1754051868.78346,4,-3,-125
1754051868.82146,0,-7,-123
1754051868.85946,-1,-4,-126
1754051868.89846,6,-1,-122
1754051868.9344602,5,-3,-120
1754051868.97246,7,5,-120
1754051869.01046,0,1,-121
1754051869.04846,0,3,-110
1754051869.08746,-13,5,-117
1754051869.12346,-2,7,-119
1754051869.16246,5,2,-115
1754051869.19946,5,-1,-120
1754051869.23846,2,0,-122
1754051869.27446,1,-4,-120
1754051869.3124602,-1,-4,-119
1754051869.35046,0,-6,-120
1754051869.38946,5,-5,-123
1754051869.4274602,4,-3,-119
1754051869.4634602,0,1,-111
1754051869.50146,0,1,-122
1754051869.5394602,0,-2,-118
1754051869.57846,-1,1,-118
1754051869.6154602,-5,0,-112
1754051869.65246,-2,3,-124
1754051869.6904602,-2,1,-115
1754051869.72946,4,-1,-114
1754051869.76746,5,-5,-123
1754051869.80346,2,-4,-119
1754051869.8424602,1,4,-126
1754051869.87946,-4,4,-126
1754051869.91846,0,-3,-125
1754051869.95446,-4,4,-127
1754051869.99246,4,0,-126
1754051870.03046,2,-2,-125
1754051870.0694602,-2,0,-110
1754051870.10746,1,-2,-110
1754051870.14346,5,-1,-106
1754051870.18146,3,-7,-115
1754051870.2204602,0,-1,-110
1754051870.25846,5,-5,-121
1754051870.29446,9,-3,-134
1754051870.3324602,-3,-1,-132
1754051870.37046,-6,-4,-126
1754051870.40946,-1,0,-114
1754051870.44546,0,-3,-116
1754051870.4834602,3,0,-114
1754051870.52146,1,0,-122
1754051870.5594602,5,-3,-121
1754051870.5984602,3,0,-115
1754051870.6344602,2,-2,-114
1754051870.67246,0,-4,-134
1754051870.7104602,-3,-5,-128
1754051870.74946,-4,-4,-119
1754051870.78546,0,-5,-119
1754051870.8224602,4,1,-114
1754051870.86046,7,0,-117
1754051870.89946,-2,3,-116
1754051870.93546,-3,5,-119
1754051870.97446,1,0,-112
1754051871.01146,-2,3,-108
1754051871.05046,-1,-1,-124
1754051871.0884602,-3,3,-115
1754051871.12446,0,1,-112
1754051871.1614602,3,-2,-117
1754051871.2004602,4,0,-121
1754051871.23846,2,-5,-119
1754051871.27446,0,0,-117
1754051871.31146,5,-2,-118
1754051871.35046,7,0,-125
1754051871.3884602,2,-3,-118
1754051871.4244602,8,-2,-122
1754051871.46246,3,-2,-130
1754051871.50046,3,-4,-118
1754051871.5394602,11,-1,-112
1754051871.5754602,1,1,-108
1754051871.61246,-1,-2,-115
1754051871.65046,3,-5,-116
1754051871.68946,5,1,-132
1754051871.72546,4,-2,-124
1754051871.7634602,2,2,-124
1754051871.80146,7,-5,-111
1754051871.84046,2,0,-114
1754051871.8784602,1,-1,-121
1754051871.9144602,-4,-5,-120
1754051871.95246,-6,0,-112
1754051871.9904602,3,2,-112
1754051872.0294602,2,-2,-116
1754051872.0654602,3,1,-109
1754051872.10246,2,-6,-108
1754051872.14046,-1,0,-120
1754051872.17946,0,0,-116
1754051872.21546,2,1,-114
1754051872.25246,3,0,-121
1754051872.29146,1,-5,-117
1754051872.32946,2,-7,-105
1754051872.3684602,10,-4,-113
1754051872.4044602,10,-4,-117
1754051872.44246,5,-6,-116
1754051872.4804602,0,0,-121
1754051872.5194602,0,0,-109
1754051872.55546,-4,3,-116
1754051872.59346,2,8,-119
1754051872.6314602,1,2,-118
1754051872.67046,0,3,-122
1754051872.70646,0,0,-117
1754051872.74446,7,2,-111
1754051872.7824602,3,3,-116
1754051872.82046,7,-6,-118
1754051872.85946,8,-4,-115
1754051872.89546,10,0,-105
1754051872.93246,7,-4,-114
1754051872.9704602,-2,-6,-122
1754051873.0094602,1,-5,-120
1754051873.04546,2,-5,-116
1754051873.08346,4,-2,-111
1754051873.1214602,9,3,-113
1754051873.16046,3,5,-119
1754051873.19646,7,8,-119
1754051873.2334602,7,2,-107
1754051873.27146,9,-1,-110
1754051873.31046,2,-7,-120
1754051873.34646,0,-11,-126
1754051873.3844602,0,-4,-117
1754051873.4214602,-3,-4,-118
1754051873.4604602,0,-5,-121
1754051873.4964602,4,-4,-122
1754051873.53446,1,-4,-109
1754051873.5724602,0,-1,-123
1754051873.6114602,2,-1,-114
1754051873.64946,0,2,-113
1754051873.68546,10,-3,-118
1754051873.7234602,3,0,-120
1754051873.76146,5,-5,-128
1754051873.80046,0,-1,-122
1754051873.83646,0,1,-126
1754051873.87346,3,4,-137
1754051873.9114602,-8,2,-127
1754051873.9504602,0,4,-112
1754051873.9864602,0,5,-116
1754051874.02346,0,1,-114
1754051874.06146,6,-5,-113
1754051874.10046,3,-8,-114
1754051874.13646,3,-9,-105
1754051874.1744602,0,-3,-112
1754051874.21246,1,-2,-114
1754051874.25146,4,1,-122
1754051874.2894602,3,-1,-117
1754051874.3254602,4,1,-119
1754051874.36246,8,3,-114
1754051874.4014602,2,-3,-121
1754051874.4374602,2,0,-124
1754051874.47446,1,3,-122
1754051874.51246,4,1,-125
1754051874.55146,0,-2,-116
1754051874.58746,3,0,-122
1754051874.62446,0,1,-116
1754051874.66246,-1,-3,-104
1754051874.70146,-2,-1,-112
1754051874.73746,-8,0,-116
1754051874.77546,-2,0,-119
1754051874.81446,-2,7,-115
1754051874.85146,0,-2,-114
1754051874.89046,0,2,-113
1754051874.92646,3,0,-109
1754051874.96446,0,-2,-111
1754051875.00246,0,-1,-125
1754051875.04146,0,1,-113
1754051875.07746,0,3,-113
1754051875.11446,-3,1,-115
1754051875.15246,0,-1,-112
1754051875.19146,-1,-5,-122
1754051875.22746,-3,-2,-118
1754051875.26546,0,0,-122
1754051875.30346,-1,-1,-121
1754051875.3424602,-5,-6,-132
1754051875.38046,0,-3,-128
1754051875.41646,-2,-1,-121
1754051875.45446,-3,0,-114
1754051875.49246,0,-6,-128
1754051875.53146,0,-6,-131
1754051875.56746,-1,-7,-129
1754051875.6054602,-2,-14,-122
1754051875.6444602,3,-4,-119
1754051875.68246,7,-2,-116
1754051875.7204602,-3,-7,-111
1754051875.7564602,3,-5,-114
1754051875.79446,0,-3,-115
1754051875.8324602,0,6,-120
1754051875.8714602,-1,1,-119
1754051875.9074602,0,-4,-113
1754051875.94546,3,3,-117
1754051875.9834602,0,4,-123
1754051876.02246,1,-3,-129
1754051876.06046,-5,-2,-117
1754051876.09646,-3,0,-110
1754051876.1344602,5,5,-117
1754051876.17246,-2,-2,-127
1754051876.21146,8,-5,-126
1754051876.24746,2,-3,-128
1754051876.28546,0,-3,-119
1754051876.32346,-1,0,-121
1754051876.36246,2,-2,-122
1754051876.40046,-1,0,-120
1754051876.4374602,-4,-1,-117
1754051876.47546,7,0,-126
1754051876.5134602,7,-5,-121
1754051876.5524602,2,7,-115
1754051876.5884602,3,6,-118
1754051876.62546,8,0,-107
1754051876.6644602,0,2,-110
1754051876.70246,-7,0,-116
1754051876.73846,-10,0,-126
1754051876.77746,-5,-6,-129
1754051876.8154602,-4,3,-114
1754051876.85246,0,0,-115
1754051876.8914602,-6,-2,-123
1754051876.9274602,0,0,-122
1754051876.96546,-2,6,-119
1754051877.0034602,0,0,-115
1754051877.0424602,3,2,-117
1754051877.07846,-1,-8,-120
1754051877.11646,0,-6,-117
1754051877.1544602,0,-2,-120
1754051877.19246,-4,-1,-123
1754051877.23146,-2,-4,-126
1754051877.26746,0,-9,-118
1754051877.30546,3,-4,-122
1754051877.34346,3,0,-101
1754051877.38246,-2,-2,-110
1754051877.41846,-3,-3,-121
1754051877.45646,5,0,-111
1754051877.49546,3,2,-115
1754051877.53346,4,0,-117
1754051877.57146,6,3,-118
1754051877.60746,8,1,-128
1754051877.6444602,-2,0,-131
1754051877.68346,-8,3,-108
1754051877.72146,-3,5,-111
1754051877.75746,1,0,-105
1754051877.79546,0,-2,-109
1754051877.83346,-4,8,-119
1754051877.8714602,0,-2,-111
1754051877.9074602,0,6,-116
1754051877.94546,0,4,-107
1754051877.9834602,6,-3,-107
1754051878.02146,9,4,-109
1754051878.05746,5,0,-121
1754051878.09446,-3,0,-123
1754051878.13346,-9,-4,-118
1754051878.1714602,-1,0,-127
1754051878.2074602,-5,-1,-118
1754051878.24546,-6,-5,-118
1754051878.28346,-5,-5,-124
1754051878.3224602,-1,-2,-115
1754051878.3584602,7,2,-111
1754051878.39546,0,-4,-117
1754051878.43346,-1,-7,-113
1754051878.47746,-1,-3,-111
1754051878.5164602,0,0,-114
1754051878.55346,-1,5,-116
1754051878.5924602,0,2,-114
1754051878.62946,1,-2,-111
1754051878.66646,5,-5,-122
1754051878.70446,1,-7,-114
1754051878.7434602,3,-10,-126
1754051878.7794602,0,-7,-127
1754051878.81846,-2,0,-117
1754051878.8554602,-3,5,-121
1754051878.89346,0,0,-114
1754051878.93246,-4,-4,-112
1754051878.96846,-7,-6,-116
1754051879.0064602,0,-4,-115
1754051879.04446,-2,2,-110
1754051879.08346,-8,-4,-112
1754051879.11946,4,-2,-124
1754051879.1574602,3,1,-121
1754051879.19646,3,0,-124
1754051879.2334602,5,0,-106
1754051879.27246,15,-5,-118
1754051879.30846,3,-2,-129
1754051879.34646,0,-2,-122
1754051879.3844602,0,0,-115
1754051879.42346,-1,3,-127
1754051879.45946,0,2,-131
1754051879.4964602,5,3,-121
1754051879.53446,0,3,-123
1754051879.57346,-3,-2,-117
1754051879.60946,-4,-3,-119
1754051879.64746,-6,-10,-130
1754051879.68546,0,-6,-127
1754051879.72446,8,-4,-121
1754051879.76246,-4,0,-115
1754051879.79846,-5,-3,-107
1754051879.83646,0,-6,-123
1754051879.87446,1,-6,-115
1754051879.91346,4,-3,-113
1754051879.94946,4,-2,-107
1754051879.98746,0,-11,-108
1754051880.02546,1,-13,-114
1754051880.06446,-1,-3,-117
1754051880.10246,2,5,-107
1754051880.1384602,-1,0,-99
1754051880.17646,-4,1,-114
1754051880.21446,3,3,-117
1754051880.2534602,0,-4,-110
1754051880.29046,2,-5,-122
1754051880.32746,-1,0,-113
1754051880.3654602,0,-6,-118
1754051880.4044602,1,-4,-112
1754051880.44246,3,1,-106
1754051880.47846,1,-5,-117
1754051880.51746,1,-4,-108
1754051880.55446,-5,-5,-118
1754051880.59346,-8,1,-119
1754051880.62946,-5,-2,-109
1754051880.6674602,0,-4,-99
1754051880.70546,2,-4,-108
1754051880.74446,-1,-3,-104
1754051880.78046,-4,0,-105
1754051880.81846,7,-5,-115
1754051880.85646,0,-2,-114
1754051880.8944602,3,0,-110
1754051880.93346,3,-4,-120
1754051880.96946,-3,-1,-119
1754051881.00846,2,0,-117
1754051881.04546,1,0,-113
1754051881.08446,-1,-4,-117
1754051881.1214602,0,0,-124
1754051881.15846,-4,-3,-122
1754051881.19646,-4,0,-119
1754051881.23446,0,-2,-118
1754051881.27346,5,-2,-114
1754051881.3094602,1,-1,-118
1754051881.34746,6,-5,-106
1754051881.38546,-6,-7,-111
1754051881.4244602,0,-2,-121
1754051881.4604602,-4,-4,-124
1754051881.49846,-8,0,-132
1754051881.5364602,-3,3,-117
1754051881.5754602,4,-1,-118
1754051881.61346,0,4,-126
1754051881.64946,-8,5,-120
1754051881.6874602,1,1,-118
1754051881.72546,0,1,-119
1754051881.76446,10,6,-125
1754051881.80046,4,-2,-122
1754051881.8384602,0,-7,-119
1754051881.87646,-5,-3,-122
1754051881.91546,-3,0,-129
1754051881.95346,1,1,-137
1754051881.98946,0,2,-130
1754051882.0264602,0,-2,-120
1754051882.0654602,-3,-5,-117
1754051882.10346,0,-5,-118
1754051882.13946,7,-4,-123
1754051882.1774602,4,-1,-109
1754051882.21546,1,-2,-105
1754051882.25446,2,0,-109
1754051882.29146,1,-4,-112
1754051882.32846,-3,-8,-122
1754051882.36646,-5,1,-113
1754051882.40546,-8,-6,-111
1754051882.44346,-4,-3,-119
1754051882.47946,-1,0,-114
1754051882.5164602,-1,-4,-119
1754051882.55546,-3,0,-111
1754051882.59346,-6,7,-128
1754051882.62946,-7,3,-121
1754051882.66846,1,-3,-119
1754051882.70546,0,2,-125
1754051882.74446,4,1,-114
1754051882.78146,2,-1,-126
1754051882.81846,0,7,-115
1754051882.85646,-8,0,-125
1754051882.89546,-5,-1,-109
1754051882.93146,-8,0,-111
1754051882.96946,-3,-2,-107
1754051883.00746,-4,-9,-125
1754051883.04546,-1,-1,-110
1754051883.08446,-7,1,-110
1754051883.12046,1,-2,-112
1754051883.15846,0,3,-116
1754051883.19646,-3,0,-124
1754051883.23546,0,3,-121
1754051883.27146,1,-2,-114
1754051883.3094602,2,-6,-118
1754051883.3484602,-5,-5,-110
1754051883.38546,0,0,-97
1754051883.4244602,3,4,-113
1754051883.4604602,-1,0,-121
1754051883.49846,1,0,-122
1754051883.53546,0,-7,-127
1754051883.57446,1,1,-126
1754051883.61046,1,-5,-123
1754051883.64846,-4,-3,-116
1754051883.68646,-8,-9,-116
1754051883.72446,1,-7,-102
1754051883.76046,2,-2,-100
1754051883.79846,0,-4,-115
1754051883.83646,0,-2,-115
1754051883.87546,0,9,-116
1754051883.9114602,-5,1,-122
1754051883.94946,0,-8,-114
1754051883.98846,5,-2,-120
1754051884.0264602,2,1,-119
1754051884.06446,-1,-4,-114
1754051884.10046,2,-2,-123
1754051884.1384602,3,3,-111
1754051884.17646,-1,0,-118
1754051884.21546,0,2,-123
1754051884.25146,-3,3,-116
1754051884.2894602,0,3,-115
1754051884.32746,6,3,-116
1754051884.36646,3,2,-116
1754051884.4044602,-1,-3,-124
1754051884.4404602,-7,-6,-111
1754051884.47846,0,-2,-124
1754051884.5164602,-3,-1,-122
1754051884.55546,-1,-8,-125
1754051884.59146,-10,-2,-124
1754051884.62946,-9,-2,-109
1754051884.6674602,-10,0,-127
1754051884.70646,-6,-2,-123
1754051884.74446,3,-1,-118
1754051884.78046,3,0,-124
1754051884.81746,9,1,-116
1754051884.85646,2,-5,-103
1754051884.89246,2,-2,-123
1754051884.93046,2,7,-109
1754051884.96946,-1,4,-105
1754051885.0064602,-1,-2,-120
1754051885.04546,-1,-1,-114
1754051885.08146,1,-8,-104
1754051885.11946,4,0,-122
1754051885.1574602,4,0,-124
1754051885.19646,0,3,-111
1754051885.23246,3,0,-115
1754051885.2694602,1,-4,-117
1754051885.30746,-1,-3,-115
1754051885.34646,-3,0,-121
1754051885.38246,5,0,-135
1754051885.41946,0,1,-129
1754051885.4574602,-7,2,-123
1754051885.4964602,0,-2,-116
1754051885.5324602,2,-12,-130
1754051885.57046,1,-6,-126
1754051885.60746,7,-1,-124
1754051885.64646,3,1,-124
1754051885.68246,3,1,-124
1754051885.71946,3,4,-118
1754051885.75746,6,-1,-130
1754051885.7964602,2,-4,-124
1754051885.8324602,-2,-6,-117
1754051885.87046,-1,2,-115
1754051885.90846,3,3,-117
1754051885.9474602,-2,0,-112
1754051885.98546,3,2,-103
1754051886.02146,-3,1,-117
1754051886.0594602,2,1,-124
1754051886.0984602,7,4,-116
1754051886.13646,5,-1,-117
1754051886.17246,-4,0,-110
1754051886.20946,0,-8,-119
1754051886.24846,1,-8,-117
1754051886.2864602,1,-6,-115
1754051886.3224602,-3,-9,-116
1754051886.36046,3,-2,-119
1754051886.39846,0,-3,-110
1754051886.4374602,5,0,-109
1754051886.47546,13,-4,-120
1754051886.51146,4,-8,-124
1754051886.5494602,2,-5,-124
1754051886.58746,-3,-8,-126
1754051886.62646,8,-5,-116
1754051886.66246,7,-7,-110
1754051886.7004602,-7,-2,-107
1754051886.73846,3,0,-112
1754051886.77746,-2,-3,-119
1754051886.8154602,0,2,-124
1754051886.85146,3,5,-127
1754051886.8884602,10,2,-116
1754051886.9274602,6,-1,-123
1754051886.9634602,0,0,-113
1754051887.00046,0,-3,-113
1754051887.03846,3,-5,-122
1754051887.07746,-3,-4,-123
1754051887.11346,-1,-2,-117
1754051887.1514602,3,-4,-116
1754051887.18946,1,-4,-123
1754051887.22846,6,-2,-125
1754051887.2664602,4,-4,-129
1754051887.3024602,0,-2,-126
1754051887.34046,7,-2,-117
1754051887.3784602,2,-1,-114
1754051887.4174602,1,0,-112
1754051887.45346,2,0,-120
1754051887.4904602,-2,-1,-108
1754051887.52846,2,4,-111
1754051887.56746,-3,2,-121
1754051887.60346,1,4,-127
1754051887.64046,5,3,-121
1754051887.67846,6,1,-122
1754051887.7174602,7,6,-120
1754051887.7534602,1,0,-114
1754051887.79046,2,-7,-118
1754051887.82846,-5,-1,-116
1754051887.86746,3,-2,-119
1754051887.90346,0,0,-125
1754051887.9404602,5,-1,-124
1754051887.97846,8,2,-127
1754051888.01746,8,2,-113
1754051888.05346,1,4,-109
1754051888.09046,3,-7,-120
1754051888.1284602,0,-6,-125
1754051888.1674602,3,-2,-121
1754051888.20346,-1,0,-117
1754051888.2404602,0,-1,-117
1754051888.2794602,1,1,-114
1754051888.31746,5,5,-122
1754051888.35346,3,10,-115
1754051888.39046,6,8,-121
1754051888.42846,6,2,-115
1754051888.4674602,0,0,-127
1754051888.51246,3,-3,-119
1754051888.5494602,0,-2,-110
1754051888.5884602,3,0,-120
1754051888.62646,-4,4,-119
1754051888.66246,3,0,-121
1754051888.69946,2,4,-102
1754051888.73846,-4,-1,-115
1754051888.7764602,-2,-2,-115
1754051888.8124602,4,-2,-106
1754051888.85146,5,-6,-111
1754051888.8884602,0,-3,-124
1754051888.9274602,1,6,-117
1754051888.9634602,2,4,-114
1754051889.00146,1,0,-123
1754051889.03846,-5,-2,-97
1754051889.07746,0,-1,-112
1754051889.11346,0,2,-116
1754051889.1514602,0,4,-104
1754051889.18846,-3,4,-120
1754051889.22746,0,-1,-115
1754051889.2634602,-1,-1,-119
1754051889.30146,2,1,-122
1754051889.33946,4,3,-107
1754051889.3784602,0,-1,-120
1754051889.4144602,-1,-1,-110
1754051889.45246,-4,4,-107
1754051889.4904602,-1,1,-110
1754051889.52846,11,4,-117
1754051889.56746,10,-5,-132
1754051889.60346,-3,-1,-122
1754051889.6414602,-1,0,-119
1754051889.67946,-2,-2,-114
1754051889.71846,4,-7,-119
1754051889.75446,1,0,-117
1754051889.79146,-1,-2,-129
1754051889.82946,2,-7,-123
1754051889.8684602,10,2,-116
1754051889.9044602,0,0,-111
1754051889.94246,-2,4,-118
1754051889.9804602,6,-5,-118
1754051890.01846,3,0,-114
1754051890.05446,-5,0,-114
1754051890.0924602,10,6,-119
1754051890.13046,-2,0,-120
1754051890.16946,-8,-5,-119
1754051890.2074602,-5,2,-120
1754051890.2434602,-4,3,-123
1754051890.28146,-3,3,-112
1754051890.3194602,-5,-3,-108
1754051890.3584602,3,-1,-119
1754051890.3944602,5,-4,-123
1754051890.43246,3,1,-112
1754051890.4704602,-7,4,-117
1754051890.5094602,-6,-2,-119
1754051890.54746,-1,-7,-119
1754051890.58346,7,-9,-129
1754051890.62246,7,-3,-122
1754051890.65946,3,-2,-112
1754051890.69846,0,1,-108
1754051890.73446,2,4,-114
1754051890.77246,4,12,-121
1754051890.81046,7,4,-109
1754051890.84946,5,0,-108
1754051890.88746,0,-3,-123
1754051890.92346,6,-1,-113
1754051890.96146,7,0,-121
1754051890.99946,5,2,-123
1754051891.03846,2,-5,-124
1754051891.07446,2,-12,-130
1754051891.11246,-5,-8,-131
1754051891.15046,0,-11,-124
1754051891.18946,-5,-4,-117
1754051891.22546,-4,-4,-124
1754051891.2634602,2,-1,-112
1754051891.3024602,1,0,-121
1754051891.33946,8,0,-116
1754051891.3784602,3,0,-115
1754051891.4144602,-3,0,-108
1754051891.45246,4,3,-109
1754051891.48946,8,1,-115
1754051891.52846,3,-2,-109
1754051891.56446,-1,-7,-108
1754051891.60246,-5,-2,-115
1754051891.64046,0,-2,-128
1754051891.67946,11,0,-125
1754051891.71546,2,-1,-131
1754051891.7534602,6,-1,-122
1754051891.79146,6,4,-126
1754051891.82946,3,5,-131
1754051891.8684602,5,0,-126
1754051891.9044602,-1,-3,-117
1754051891.94246,-3,2,-118
1754051891.9804602,-4,-3,-121
1754051892.0194602,0,3,-124
1754051892.05546,4,0,-132
1754051892.0924602,-4,3,-127
1754051892.13046,-6,-6,-125
1754051892.16946,-3,-6,-114
1754051892.20546,8,-3,-114
1754051892.2434602,4,4,-109
1754051892.28146,4,-5,-118
1754051892.32046,2,-1,-116
1754051892.3584602,-1,-7,-117
1754051892.3944602,1,-2,-112
1754051892.43246,0,-2,-120
1754051892.4704602,0,0,-113
1754051892.5094602,3,-3,-127
1754051892.5464602,8,-7,-120
1754051892.58346,6,3,-122
1754051892.6214602,-7,5,-109
1754051892.66046,2,4,-124
1754051892.69846,-5,-2,-127
1754051892.73446,5,-1,-120
1754051892.77346,6,0,-121
1754051892.81046,-1,-2,-129
1754051892.84946,-1,0,-119
1754051892.88546,-2,2,-120
1754051892.92346,6,4,-127
1754051892.96146,-2,-1,-128
1754051893.00046,0,1,-110
1754051893.03846,-2,5,-126
1754051893.07446,-1,3,-110
1754051893.11246,-1,0,-116
1754051893.1514602,6,-7,-107
1754051893.18946,0,-1,-122
1754051893.22546,-3,1,-126
1754051893.26446,-4,0,-123
1754051893.30146,-7,0,-114
1754051893.34046,-11,0,-118
1754051893.37646,-9,-3,-124
1754051893.4144602,-9,-10,-119
1754051893.45346,-4,-5,-122
1754051893.4904602,2,0,-123
1754051893.5294602,1,-5,-132
1754051893.5654602,2,-2,-129
1754051893.60346,4,-4,-122
1754051893.6414602,1,0,-123
1754051893.68046,-8,-3,-123
1754051893.71646,-3,-2,-117
1754051893.75446,0,-6,-115
1754051893.79346,-3,7,-121
1754051893.83046,-3,11,-114
1754051893.86946,-3,2,-113
1754051893.90546,-1,4,-122
1754051893.9444602,-1,8,-122
1754051893.98146,-2,0,-123
1754051894.02046,3,0,-120
1754051894.05646,6,0,-125
1754051894.09346,3,0,-118
1754051894.1314602,4,0,-120
1754051894.17046,0,1,-122
1754051894.20646,0,-1,-119
1754051894.24446,-1,1,-125
1754051894.2824602,-2,-1,-117
1754051894.32146,-5,-4,-120
1754051894.35946,5,-8,-113
1754051894.39546,1,-2,-110
1754051894.43346,0,2,-105
1754051894.47146,0,5,-127
1754051894.51046,-7,2,-126
1754051894.5464602,0,5,-120
1754051894.58446,2,-1,-120
1754051894.62246,0,-3,-121
1754051894.6614602,12,2,-115
1754051894.69946,-1,-2,-106
1754051894.73546,0,0,-111
1754051894.77246,-2,-6,-123
1754051894.81146,2,-4,-128
1754051894.84946,-3,-2,-117
1754051894.88546,-2,-5,-121
1754051894.92346,4,-4,-112
1754051894.96146,2,1,-116
1754051895.00046,-5,-7,-108
1754051895.0364602,4,-5,-108
1754051895.07446,2,-5,-120
1754051895.11246,-1,-4,-112
1754051895.1514602,-13,-1,-113
1754051895.18946,1,-4,-108
1754051895.22546,3,0,-110
1754051895.26246,-3,-1,-121
1754051895.30146,-2,3,-121
1754051895.33746,3,0,-115
1754051895.37446,-4,-3,-110
1754051895.41246,0,-2,-122
1754051895.45146,3,-3,-117
1754051895.48746,3,0,-119
1754051895.52446,8,3,-122
1754051895.5624602,3,1,-122
1754051895.60146,1,6,-116
1754051895.63746,3,2,-105
1754051895.6744602,0,0,-111
1754051895.71246,1,2,-113
1754051895.75146,-6,0,-122
1754051895.78746,0,-1,-117
1754051895.8254602,0,-1,-111
1754051895.86346,8,-1,-114
1754051895.9014602,7,0,-109
1754051895.9404602,0,1,-116
1754051895.97646,1,-4,-120
1754051896.01446,0,-7,-111
1754051896.0524602,4,-4,-126
1754051896.09146,-1,1,-124
1754051896.12746,1,-6,-114
1754051896.16546,-3,-2,-117
1754051896.20346,-3,0,-117
1754051896.24246,0,2,-121
1754051896.28046,4,-2,-127
1754051896.31646,6,0,-122
1754051896.35346,-1,2,-111
1754051896.39246,0,-3,-107
1754051896.43046,0,0,-111
1754051896.46646,0,4,-116
1754051896.50446,2,3,-120
1754051896.5424602,5,2,-113
1754051896.58046,2,0,-112
1754051896.61646,3,-3,-122
1754051896.6544602,8,-2,-114
1754051896.69246,10,-3,-106
1754051896.73146,0,-1,-109
1754051896.76746,4,-1,-111
1754051896.80546,-4,-6,-123
1754051896.84346,-4,0,-117
1754051896.88246,-1,-3,-115
1754051896.92046,0,-3,-114
1754051896.95646,-3,-6,-130
1754051896.99446,5,-9,-129
1754051897.0324602,-1,-5,-129
1754051897.07146,0,-5,-129
1754051897.10746,-1,-1,-128
1754051897.14546,7,-1,-125
1754051897.18346,2,-5,-123
1754051897.22246,0,-3,-118
1754051897.26046,0,-5,-113
1754051897.29746,-1,-3,-108
1754051897.3354602,6,3,-109
1754051897.37346,-3,0,-111
1754051897.41246,-4,-9,-117
1754051897.44846,3,0,-117
1754051897.48546,0,3,-130
1754051897.52346,1,0,-113
1754051897.5624602,8,-7,-117
1754051897.5984602,4,-7,-113
1754051897.63646,2,2,-106
1754051897.67546,0,0,-108
1754051897.71246,-4,0,-102
1754051897.75146,2,-2,-112
1754051897.78746,-3,1,-110
1754051897.8254602,-9,0,-113
1754051897.86346,5,-8,-118
1754051897.90246,3,-6,-122
1754051897.93846,7,-5,-124
1754051897.97646,-3,-4,-120
1754051898.01446,5,-1,-116
1754051898.0524602,3,-5,-117
1754051898.09146,0,9,-115
1754051898.12746,3,4,-118
1754051898.16546,4,3,-120
1754051898.20346,6,0,-111
1754051898.24246,-1,-2,-130
1754051898.27846,0,-4,-128
1754051898.31646,0,-4,-119
1754051898.3554602,1,0,-120
1754051898.39346,3,-3,-115
1754051898.43146,0,3,-111
1754051898.4674602,-2,3,-116
1754051898.50546,3,0,-116
1754051898.55146,2,-2,-108
1754051898.58746,6,-2,-111
1754051898.62546,6,-6,-119
1754051898.66346,5,-4,-116
1754051898.70246,-5,-4,-120
1754051898.73846,3,-3,-136
1754051898.7764602,0,-3,-121
1754051898.81446,5,-2,-124
1754051898.85346,0,0,-128
1754051898.8914602,-2,-6,-114
1754051898.9274602,0,1,-126
1754051898.96546,6,4,-120
1754051899.0034602,1,2,-116
1754051899.0424602,2,1,-114
1754051899.07846,-1,-3,-113
1754051899.11646,-4,-2,-116
1754051899.1544602,0,0,-117
1754051899.19346,-5,-4,-122
1754051899.23146,7,0,-113
1754051899.26746,4,0,-122
1754051899.30546,2,-1,-121
1754051899.34346,3,0,-116
1754051899.3814602,8,0,-127
1754051899.4174602,8,0,-122
1754051899.45446,-6,-2,-119
1754051899.4934602,0,-1,-112
1754051899.53146,-1,2,-123
1754051899.56746,-3,2,-123
1754051899.60646,1,3,-119
1754051899.64346,6,-2,-115
1754051899.68246,0,5,-120
1754051899.71846,2,2,-122
1754051899.75546,4,0,-113
1754051899.79346,3,1,-117
1754051899.8324602,11,-2,-121
1754051899.8684602,6,-2,-126
1754051899.90646,4,-1,-116
1754051899.9444602,4,-3,-113
1754051899.9834602,0,-5,-121
1754051900.0194602,-1,-4,-113
1754051900.05746,3,-6,-113
1754051900.09646,13,-3,-111
1754051900.13346,3,-9,-109
1754051900.17246,-1,-3,-119
1754051900.20846,5,5,-119
1754051900.24546,8,0,-122
1754051900.28346,7,2,-111
1754051900.3224602,1,-4,-119
1754051900.3584602,2,-2,-120
1754051900.39646,1,-3,-112
1754051900.4344602,-2,-3,-121
1754051900.4734602,-4,-2,-126
1754051900.5094602,0,-5,-126
1754051900.54746,-8,-4,-128
1754051900.58446,-1,-5,-131
1754051900.62346,0,0,-121
1754051900.65946,0,0,-113
1754051900.6974602,1,-2,-120
1754051900.73546,-1,3,-124
1754051900.77446,-1,-5,-125
1754051900.8124602,2,-1,-130
1754051900.8484602,-2,0,-124
1754051900.88646,0,-4,-121
1754051900.9244602,-1,0,-119
1754051900.9634602,2,1,-114
1754051900.99946,7,-2,-128
1754051901.03746,4,0,-117
1754051901.0754602,2,-5,-120
1754051901.11446,-2,-10,-115
1754051901.15246,2,-4,-118
1754051901.18846,2,-1,-130
1754051901.22646,-1,4,-114
1754051901.26446,-1,7,-103
1754051901.30346,-3,1,-122
1754051901.33946,-2,0,-129
1754051901.37646,2,-3,-125
1754051901.4144602,-2,-1,-118
1754051901.45346,1,-1,-121
1754051901.48946,0,-2,-121
1754051901.52746,3,-6,-112
1754051901.5654602,6,0,-119
1754051901.60446,4,-6,-121
1754051901.64046,0,-4,-118
1754051901.67846,-2,0,-116
1754051901.71646,0,3,-116
1754051901.75446,2,1,-120
1754051901.79346,1,-1,-115
1754051901.82946,-2,3,-112
1754051901.86746,3,1,-114
1754051901.90546,9,-3,-114
1754051901.9444602,6,-2,-121
1754051901.98146,12,0,-126
1754051902.01846,4,-2,-123
1754051902.05646,0,1,-115
1754051902.09446,-3,1,-118
1754051902.13346,-7,0,-109
1754051902.16946,4,-3,-117
1754051902.2074602,4,-3,-106
1754051902.24546,5,2,-117
1754051902.28446,0,0,-117
1754051902.32046,3,-5,-113
1754051902.3584602,6,-2,-110
1754051902.39646,-1,0,-108
1754051902.43546,-13,-3,-115
1754051902.4734602,-2,0,-121
1754051902.5094602,-1,-2,-118
1754051902.54746,-8,-4,-114
1754051902.5854602,3,6,-121
1754051902.62446,6,1,-122
1754051902.66046,3,-1,-118
1754051902.69846,0,2,-121
1754051902.7364602,0,-1,-118
1754051902.77546,3,-3,-111
1754051902.81346,4,-6,-120
1754051902.84946,0,-4,-117
1754051902.88746,3,0,-120
1754051902.92546,0,3,-124
1754051902.96446,4,-5,-116
1754051903.00046,0,-6,-130
1754051903.03846,0,-5,-117
1754051903.07646,5,-1,-115
1754051903.1154602,1,7,-122
1754051903.15346,1,7,-117
1754051903.18946,5,2,-117
1754051903.22746,6,0,-114
1754051903.26546,5,10,-103
1754051903.30446,2,4,-102
1754051903.34046,4,2,-124
1754051903.37746,2,4,-129
1754051903.41546,3,-2,-123
1754051903.45446,5,-3,-122
1754051903.4904602,11,-2,-119
1754051903.52846,-3,1,-115
1754051903.56646,-3,0,-112
1754051903.6054602,-4,0,-118
1754051903.6414602,4,-1,-118
1754051903.67946,-5,-2,-115
1754051903.7174602,5,-1,-121
1754051903.75546,7,-4,-123
1754051903.79446,0,0,-112
1754051903.83046,1,-3,-105
1754051903.8684602,-2,-3,-117
1754051903.9074602,1,0,-114
1754051903.94546,7,-2,-109
1754051903.98146,5,-1,-115
1754051904.0194602,7,0,-111
1754051904.05746,1,-3,-118
1754051904.0954602,3,-5,-110
1754051904.1344602,-2,0,-118
1754051904.17046,1,5,-113
1754051904.2074602,3,7,-117
1754051904.24546,0,4,-127
1754051904.28446,-3,5,-121
1754051904.32046,-3,0,-116
1754051904.3584602,-5,-10,-125
1754051904.39646,1,-6,-117
1754051904.43546,3,-4,-116
1754051904.47146,4,-1,-120
1754051904.5094602,2,-6,-105
1754051904.54846,-1,-4,-112
1754051904.58646,-1,-4,-107
1754051904.62446,0,0,-113
1754051904.66046,0,-4,-123
1754051904.69946,0,0,-128
1754051904.7364602,-3,2,-115
1754051904.77546,3,4,-116
1754051904.81146,5,-2,-118
1754051904.84946,2,-5,-112
1754051904.88746,0,-3,-118
1754051904.92646,1,1,-111
1754051904.96446,1,-3,-116
1754051905.00046,2,-3,-113
1754051905.03846,2,-4,-109
1754051905.07646,-1,-3,-117
1754051905.1154602,-6,2,-111
1754051905.1514602,-2,2,-113
1754051905.18946,-2,-2,-114
1754051905.22846,5,-2,-122
1754051905.2664602,7,-7,-126
1754051905.30446,-1,-7,-132
1754051905.34046,3,-6,-124
1754051905.3784602,9,-5,-117
1754051905.41646,10,-4,-112
1754051905.45546,-2,-3,-123
1754051905.49146,1,-4,-124
1754051905.5294602,0,0,-125
1754051905.56746,3,-1,-127
1754051905.60646,9,6,-119
1754051905.6444602,4,0,-112
1754051905.68046,3,0,-115
1754051905.71846,0,2,-119
1754051905.7564602,0,-1,-123
1754051905.79546,0,1,-116
1754051905.83146,0,-3,-118
1754051905.86946,6,-6,-122
1754051905.90846,2,0,-132
1754051905.94646,3,5,-128
1754051905.98246,1,3,-126
1754051906.0194602,8,-1,-113
1754051906.05846,10,0,-116
1754051906.09646,3,-4,-116
1754051906.13246,0,-8,-115
1754051906.17046,1,1,-122
1754051906.20846,0,-4,-125
1754051906.2464602,0,0,-121
1754051906.28546,3,-5,-114
1754051906.32146,5,-4,-117
1754051906.35946,0,2,-123
1754051906.39846,-7,0,-112
1754051906.43646,0,0,-106
1754051906.47246,3,1,-107
1754051906.51046,3,1,-116
1754051906.54846,4,3,-108
1754051906.58746,9,3,-117
1754051906.62546,-1,3,-118
1754051906.6614602,0,0,-112
1754051906.69946,-4,-2,-114
1754051906.73746,4,-3,-115
1754051906.77546,3,0,-114
1754051906.81146,-5,0,-109
1754051906.84946,-3,-1,-113
1754051906.88746,0,-3,-114
1754051906.92646,5,1,-124
1754051906.96246,3,2,-116
1754051906.99946,-8,-4,-125
1754051907.03746,-4,-5,-128
1754051907.07646,5,-5,-123
1754051907.11246,2,-1,-121
1754051907.15046,-4,0,-131
1754051907.18846,-10,-9,-129
1754051907.22746,3,-8,-125
1754051907.26546,8,-4,-118
1754051907.30146,3,2,-121
1754051907.3384602,3,7,-120
1754051907.37746,0,-1,-122
1754051907.41546,-5,-3,-124
1754051907.45146,3,-1,-121
1754051907.48946,7,5,-128
1754051907.52746,5,1,-116
1754051907.56646,-7,4,-123
1754051907.60246,1,3,-118
1754051907.63946,1,0,-122
1754051907.6774602,1,-4,-114
1754051907.71646,1,-5,-114
1754051907.75246,5,-15,-119
1754051907.79046,-4,-7,-117
1754051907.82946,0,0,-106
1754051907.86746,-2,-1,-110
1754051907.90346,-6,-6,-119
1754051907.94146,-1,-5,-119
1754051907.97946,0,-5,-121
1754051908.01746,1,-6,-120
1754051908.05646,1,-2,-125
1754051908.0924602,2,0,-115
1754051908.12946,0,1,-125
1754051908.1674602,-6,-6,-125
1754051908.20646,-7,-8,-117
1754051908.24246,-1,-2,-123
1754051908.28046,7,-2,-119
1754051908.31846,-2,-1,-122
1754051908.35746,-5,3,-120
1754051908.39346,-8,0,-119
1754051908.43146,-3,1,-104
1754051908.46946,-1,0,-110
1754051908.50746,-3,-2,-116
1754051908.55146,0,-5,-112
1754051908.58946,-3,-7,-114
1754051908.62746,0,0,-126
1754051908.66646,0,1,-124
1754051908.70246,0,-5,-117
1754051908.7404602,0,-6,-121
1754051908.77846,0,-2,-110
1754051908.81746,-1,5,-130
1754051908.85346,1,-1,-120
1754051908.8914602,1,-10,-127
1754051908.92946,-1,-4,-123
1754051908.96846,-1,-10,-120
1754051909.0064602,0,-3,-121
1754051909.0424602,-2,-6,-115
1754051909.08046,5,-2,-121
1754051909.1184602,3,-4,-114
1754051909.1574602,7,2,-121
1754051909.19346,1,-1,-105
1754051909.23246,3,0,-107
1754051909.27046,5,-2,-118
1754051909.30846,2,0,-127
1754051909.34646,0,-5,-118
1754051909.38246,10,-5,-116
1754051909.4214602,1,1,-122
1754051909.45846,1,2,-124
1754051909.49746,4,2,-128
1754051909.53446,0,2,-125
1754051909.57146,-4,0,-117
1754051909.60946,0,0,-118
1754051909.64846,4,-2,-114
1754051909.68646,-4,-4,-121
1754051909.72246,-3,0,-108
1754051909.7594602,-2,0,-101
1754051909.79846,2,-3,-120
1754051909.83446,-4,1,-133
1754051909.87246,-1,-6,-124
1754051909.91046,2,0,-119
1754051909.94946,-4,-2,-125
1754051909.98746,-2,-6,-123
1754051910.02346,6,-5,-116
1754051910.06146,-6,-2,-120
1754051910.09946,3,3,-119
1754051910.1384602,-4,-1,-113
1754051910.1744602,-5,0,-120
1754051910.2134602,-3,1,-127
1754051910.25146,0,-5,-114
1754051910.28846,0,-5,-117
1754051910.32746,1,-3,-116
1754051910.36346,0,2,-116
1754051910.40046,2,1,-112
1754051910.43846,7,5,-129
1754051910.47746,3,-5,-130
1754051910.5134602,1,-2,-121
1754051910.55146,0,1,-115
1754051910.58946,0,2,-127
1754051910.6284602,-7,2,-107
1754051910.6674602,1,1,-112
1754051910.70346,6,2,-108
1754051910.7404602,2,0,-116
1754051910.7794602,4,5,-118
1754051910.81746,2,-1,-117
1754051910.85346,7,-4,-114
1754051910.8914602,-2,-2,-117
1754051910.93046,0,2,-114
1754051910.96846,-2,4,-105
1754051911.00446,1,-1,-110
1754051911.0424602,-7,-3,-112
1754051911.08046,4,-7,-108
1754051911.11946,8,0,-118
1754051911.1574602,1,-5,-119
1754051911.19346,6,-5,-114
1754051911.23146,1,-7,-118
1754051911.2694602,8,-6,-122
1754051911.30846,3,-4,-120
1754051911.34446,7,-2,-127
1754051911.38246,-9,-7,-125
1754051911.4214602,-3,-2,-120
1754051911.45946,-9,3,-119
1754051911.49746,-2,2,-121
1754051911.53346,1,0,-115
1754051911.57046,1,0,-120
1754051911.60946,0,-4,-113
1754051911.64746,3,0,-115
1754051911.68346,-5,0,-125
1754051911.72146,0,2,-108
1754051911.7594602,5,0,-128
1754051911.79746,4,-5,-109
1754051911.83346,5,-8,-109
1754051911.8714602,-8,-12,-115
1754051911.91046,-4,-3,-121
1754051911.94846,-1,0,-112
1754051911.98446,-5,0,-119
1754051912.02246,2,1,-122
1754051912.06046,0,0,-121
1754051912.09946,-4,-1,-113
1754051912.13546,-7,-6,-121
1754051912.17346,-7,4,-122
1754051912.21146,1,-3,-115
1754051912.24946,10,-5,-113
1754051912.28846,5,-6,-116
1754051912.32446,1,-5,-119
1754051912.36246,0,-8,-128
1754051912.40046,0,-6,-116
1754051912.43946,8,-3,-110
1754051912.47546,4,-3,-112
1754051912.51446,0,-3,-132
1754051912.55146,10,-9,-129
1754051912.58946,8,-1,-122
1754051912.6284602,-1,-5,-124
1754051912.6644602,-7,-6,-115
1754051912.70246,-5,0,-123
1754051912.7404602,-8,-1,-125
1754051912.7794602,7,-3,-128
1754051912.8154602,4,-2,-118
1754051912.85346,3,-5,-126
1754051912.8914602,6,-3,-116
1754051912.93046,6,0,-134
1754051912.96846,0,0,-128
1754051913.00446,-2,2,-120
1754051913.0424602,2,0,-109
1754051913.08146,2,0,-120
1754051913.11946,3,-3,-111
1754051913.15546,3,-3,-117
1754051913.1944602,0,-5,-114
1754051913.23146,-5,0,-110
1754051913.27046,-8,0,-111
1754051913.30846,2,-8,-131
1754051913.34446,2,0,-124
1754051913.3814602,1,-2,-121
1754051913.42046,0,2,-108
1754051913.45846,0,-4,-114
1754051913.49446,3,-1,-111
1754051913.5324602,-3,6,-127
1754051913.57046,2,6,-132
1754051913.60946,0,4,-120
1754051913.64546,-3,-1,-125
1754051913.68346,0,2,-122
1754051913.72146,6,0,-120
1754051913.76046,-1,0,-124
1754051913.79846,-1,-2,-120
1754051913.8354602,-3,-5,-128
1754051913.87246,3,-5,-138
1754051913.91046,0,-5,-126
1754051913.94946,-3,-8,-129
1754051913.98546,-3,-1,-123
1754051914.02346,0,3,-128
1754051914.06146,-1,0,-110
1754051914.10046,-3,-1,-110
1754051914.13646,4,6,-109
1754051914.17346,0,2,-120
1754051914.21146,6,3,-114
1754051914.25046,-4,4,-117
1754051914.2864602,1,3,-121
1754051914.32346,0,0,-119
1754051914.3614602,4,0,-113
1754051914.40046,2,4,-111
1754051914.43646,0,-1,-122
1754051914.47446,-2,1,-133
1754051914.51246,4,5,-124
1754051914.55046,1,0,-123
1754051914.58946,-4,-4,-135
1754051914.62546,-2,-3,-126
1754051914.66346,-2,1,-122
1754051914.70146,-3,-5,-117
1754051914.7404602,4,-3,-116
1754051914.7764602,-2,-3,-117
1754051914.81446,2,0,-121
1754051914.85246,5,5,-121
1754051914.89046,-6,7,-116
1754051914.92946,-1,2,-116
1754051914.96646,0,1,-122
1754051915.00446,2,-7,-113
1754051915.0424602,4,-3,-120
1754051915.08146,5,-3,-124
1754051915.11946,7,0,-115
1754051915.15546,9,-2,-115
1754051915.19346,3,-1,-116
1754051915.23146,4,-3,-116
1754051915.27046,4,1,-115
1754051915.30646,-4,-1,-121
1754051915.34446,-3,-4,-117
1754051915.38246,2,-9,-110
1754051915.4214602,4,-10,-117
1754051915.45946,1,-4,-114
1754051915.49546,6,0,-126
1754051915.5324602,7,0,-122
1754051915.57146,2,-4,-120
1754051915.60946,1,-2,-116
1754051915.64546,0,-5,-120
1754051915.68346,3,0,-119
1754051915.72146,0,0,-124
1754051915.76046,-1,-2,-113
1754051915.7964602,5,-8,-114
1754051915.83446,4,0,-127
1754051915.87246,0,3,-126
1754051915.9114602,-3,4,-116
1754051915.94946,-2,2,-119
1754051915.98546,1,0,-113
1754051916.02346,7,-2,-113
1754051916.06146,1,-6,-127
1754051916.10046,8,3,-113
1754051916.13646,3,0,-114
1754051916.17346,6,-3,-124
1754051916.21146,6,0,-123
1754051916.25046,0,5,-126
1754051916.2864602,-2,2,-125
1754051916.32446,-2,3,-123
1754051916.36246,0,3,-118
1754051916.4014602,-3,6,-109
1754051916.4374602,-3,5,-108
1754051916.47546,-9,8,-114
1754051916.5134602,-6,1,-114
1754051916.55146,-1,-5,-112
1754051916.59046,-5,-2,-116
1754051916.62646,-5,-2,-104
1754051916.6644602,-6,0,-117
1754051916.70246,5,-1,-109
1754051916.74146,-2,0,-106
1754051916.77746,1,1,-116
1754051916.8154602,0,10,-117
1754051916.85346,0,7,-138
1754051916.8914602,5,5,-122
1754051916.93046,4,0,-120
1754051916.96646,3,3,-111
1754051917.0034602,6,3,-111
1754051917.0424602,0,7,-112
1754051917.08046,3,2,-130
1754051917.11646,2,1,-113
1754051917.1544602,4,-5,-126
1754051917.19246,-2,-2,-115
1754051917.23146,1,-2,-123
1754051917.26746,5,4,-112
1754051917.30446,5,2,-127
1754051917.3424602,5,-1,-131
1754051917.3814602,-1,-4,-121
1754051917.4174602,-5,-1,-123
1754051917.45546,0,-9,-119
1754051917.4934602,2,-1,-114
1754051917.5324602,6,-7,-125
1754051917.57046,2,-1,-118
1754051917.60646,5,-7,-116
1754051917.6444602,4,-10,-111
1754051917.68246,4,-1,-109
1754051917.72146,6,-4,-118
1754051917.75746,5,-3,-121
1754051917.79546,4,-8,-123
1754051917.83346,3,-2,-123
1754051917.87246,9,-5,-119
1754051917.91046,9,-4,-123
1754051917.94646,2,-1,-123
1754051917.98446,-5,-3,-119
1754051918.02246,-1,2,-121
1754051918.06146,-6,0,-120
1754051918.09746,-5,-1,-119
1754051918.13546,10,0,-117
1754051918.17346,5,0,-122
1754051918.21246,12,-4,-123
1754051918.24846,6,0,-120
1754051918.28546,5,6,-125
1754051918.32346,-2,3,-118
1754051918.36246,1,-3,-120
1754051918.39846,2,0,-107
1754051918.43546,1,0,-116
1754051918.4734602,2,-1,-124
1754051918.51246,2,-5,-128
1754051918.55546,-5,0,-125
1754051918.59346,-4,-1,-125
1754051918.63246,-3,-5,-108
1754051918.66846,-5,-2,-108
1754051918.7074602,-3,4,-123
1754051918.74446,-1,-4,-114
1754051918.7824602,4,-7,-111
1754051918.82146,-1,-5,-98
1754051918.85746,4,-1,-110
1754051918.89546,-5,0,-122
1754051918.93346,2,1,-119
1754051918.97246,7,-1,-117
1754051919.00846,6,-2,-114
1754051919.0464602,2,-8,-125
1754051919.0854602,2,-8,-111
1754051919.12346,0,-1,-118
1754051919.1614602,-7,-3,-115
1754051919.1974602,-2,0,-119
1754051919.23546,5,-5,-120
1754051919.27346,7,-2,-116
1754051919.3124602,6,0,-119
1754051919.3484602,5,-5,-122
1754051919.38646,3,-4,-121
1754051919.4244602,5,-1,-121
1754051919.4634602,4,3,-128
1754051919.50146,0,0,-129
1754051919.53746,3,-2,-114
1754051919.5754602,0,2,-113
1754051919.61346,-1,0,-117
1754051919.65246,-6,0,-112
1754051919.68846,-5,-4,-117
1754051919.72646,2,0,-123
1754051919.76446,-1,2,-121
1754051919.80346,-3,2,-117
1754051919.84146,2,3,-116
1754051919.87746,1,0,-118
1754051919.9144602,5,-3,-116
1754051919.95346,6,-1,-112
1754051919.99146,-3,1,-114
1754051920.02746,3,3,-109
1754051920.06446,0,-1,-110
1754051920.10346,-6,-2,-116
1754051920.1414602,7,-9,-117
1754051920.1774602,13,2,-120
1754051920.21646,2,0,-119
1754051920.25446,5,0,-114
1754051920.29346,7,-5,-118
1754051920.32946,0,1,-134
1754051920.36646,7,-1,-122
1754051920.4044602,8,-7,-125
1754051920.44346,10,0,-115
1754051920.47946,7,0,-114
1754051920.5164602,4,-2,-104
1754051920.55446,0,-8,-120
1754051920.59346,-1,-4,-124
1754051920.62946,-3,-1,-134
1754051920.6674602,-4,-1,-115
1754051920.70546,1,-4,-113
1754051920.7434602,7,-4,-108
1754051920.7824602,0,0,-111
1754051920.81846,5,0,-115
1754051920.85646,1,-4,-120
1754051920.8944602,1,-1,-118
1754051920.93346,3,-6,-122
1754051920.96946,-1,-3,-118
1754051921.00746,1,4,-124
1754051921.04546,-2,3,-117
1754051921.08346,4,3,-112
1754051921.12246,-5,-5,-119
1754051921.15846,-7,-2,-120
1754051921.19646,0,-3,-121
1754051921.23446,2,0,-128
1754051921.27346,3,4,-118
1754051921.3094602,6,5,-113
1754051921.34646,1,1,-108
1754051921.3844602,-3,-1,-120
1754051921.42346,-1,-6,-121
1754051921.45946,0,-7,-119
1754051921.49746,8,-4,-120
1754051921.53546,2,0,-127
1754051921.57446,0,2,-120
1754051921.61246,-1,-2,-124
1754051921.64846,0,1,-116
1754051921.68646,-2,6,-122
1754051921.72446,-1,-2,-120
1754051921.7634602,-2,5,-124
1754051921.7994602,-6,1,-115
1754051921.83746,-6,-3,-112
1754051921.87546,-3,-1,-115
1754051921.9144602,0,-2,-121
1754051921.95246,-12,-1,-109
1754051921.98846,-3,-1,-117
1754051922.0264602,1,3,-117
1754051922.06446,-2,-2,-125
1754051922.10346,-3,-7,-120
1754051922.13946,-6,-8,-119
1754051922.1774602,0,-6,-123
1754051922.21546,-3,-1,-122
1754051922.25446,1,3,-121
1754051922.2924602,0,1,-120
1754051922.32846,-1,-2,-120
1754051922.36746,2,-2,-113
1754051922.4044602,13,-1,-113
1754051922.44346,8,7,-114
1754051922.47946,5,-2,-109
1754051922.51746,-5,-2,-121
1754051922.55546,0,-5,-124
1754051922.59446,-3,0,-120
1754051922.63046,3,-4,-121
1754051922.66846,0,0,-120
1754051922.70646,-2,3,-118
1754051922.74446,1,2,-123
1754051922.78346,1,-3,-137
1754051922.8194602,0,0,-129
1754051922.85746,5,-3,-116
1754051922.89546,1,4,-118
1754051922.9344602,2,-3,-116
1754051922.9704602,5,1,-117
1754051923.00746,6,0,-123
1754051923.04546,1,-7,-113
1754051923.08446,1,-4,-110
1754051923.12046,0,-6,-121
1754051923.15846,-2,-6,-117
1754051923.1974602,-1,-7,-113
1754051923.23546,-3,-2,-98
1754051923.27346,0,0,-106
1754051923.3094602,-1,-2,-108
1754051923.34746,9,-4,-122
1754051923.38546,5,-3,-114
1754051923.4244602,6,-3,-119
1754051923.4604602,5,0,-116
1754051923.49846,0,-6,-117
1754051923.5364602,-4,6,-125
1754051923.5754602,5,5,-122
1754051923.61346,-4,0,-116
1754051923.64946,3,-4,-121
1754051923.68846,3,-5,-118
1754051923.72546,8,0,-111
1754051923.76446,4,0,-119
1754051923.80046,1,-1,-114
1754051923.8384602,-2,-3,-111
1754051923.87646,-2,-2,-116
1754051923.91546,-1,4,-117
1754051923.95346,-7,2,-123
1754051923.98946,0,-4,-136
1754051924.0264602,-2,-2,-130
1754051924.0654602,-1,-2,-117
1754051924.10346,0,-10,-117
1754051924.13946,3,-3,-111
1754051924.1774602,-2,-1,-126
1754051924.21546,-1,3,-118
1754051924.25446,-4,-2,-117
1754051924.29046,-3,0,-118
1754051924.32946,4,3,-121
1754051924.36646,-4,-5,-113
1754051924.40546,1,0,-121
1754051924.44146,-3,0,-129
1754051924.47946,0,1,-125
1754051924.51746,-2,-3,-126
1754051924.55546,0,-5,-129
1754051924.59446,2,0,-126
1754051924.63046,-2,4,-113
1754051924.66846,5,8,-118
1754051924.70646,7,0,-116
1754051924.74546,2,4,-104
1754051924.78146,-2,8,-104
1754051924.8194602,8,7,-112
1754051924.85746,0,4,-115
1754051924.89546,-7,1,-115
1754051924.9344602,0,-8,-112
1754051924.9704602,4,-2,-109
1754051925.00846,0,-8,-120
1754051925.04746,10,-10,-124
1754051925.0854602,10,-16,-115
1754051925.12246,0,-8,-114
1754051925.15946,3,0,-110
1754051925.1974602,0,-5,-108
1754051925.23546,4,0,-122
1754051925.27446,8,-4,-124
1754051925.31046,-1,0,-124
1754051925.3484602,0,0,-127
1754051925.38646,0,-4,-123
1754051925.42546,-3,-10,-112
1754051925.46146,-1,-4,-122
1754051925.49946,-2,1,-114
1754051925.53746,8,-5,-112
1754051925.57646,-1,-4,-110
1754051925.61446,-1,1,-116
1754051925.65046,-4,1,-117
1754051925.68846,-8,2,-114
1754051925.72646,-4,0,-120
1754051925.76546,-6,2,-121
1754051925.80146,1,2,-116
1754051925.8384602,-3,-9,-113
1754051925.87646,3,-3,-119
1754051925.91546,6,-6,-117
1754051925.95146,-1,0,-115
1754051925.98846,-5,-1,-114
1754051926.0264602,-7,3,-121
1754051926.0654602,0,0,-119
1754051926.10146,0,2,-120
1754051926.1384602,0,-4,-126
1754051926.17646,-2,0,-118
1754051926.21546,-3,0,-119
1754051926.25146,4,-5,-112
1754051926.2894602,2,0,-113
1754051926.32746,1,8,-116
1754051926.36646,0,6,-128
1754051926.4044602,1,4,-123
1754051926.44146,0,1,-120
1754051926.47846,-3,-2,-108
1754051926.5164602,0,6,-120
1754051926.55546,-3,5,-130
1754051926.59146,-6,7,-122
1754051926.62946,-1,4,-120
1754051926.66846,3,-1,-109
1754051926.70646,0,0,-116
1754051926.74246,3,4,-123
1754051926.7794602,7,3,-127
1754051926.81746,-2,-4,-119
1754051926.85646,-4,-6,-121
1754051926.89246,1,-2,-121
1754051926.93146,4,0,-123
1754051926.96846,-4,7,-118
1754051927.0064602,-1,7,-123
1754051927.04546,-4,6,-112
1754051927.08146,-5,1,-112
1754051927.11946,-5,5,-115
1754051927.1574602,-2,2,-111
1754051927.19646,1,-5,-124
1754051927.23246,0,-8,-127
1754051927.2694602,-1,-5,-115
1754051927.30746,-8,-1,-116
1754051927.34646,-6,3,-114
1754051927.38246,0,-2,-120
1754051927.42046,6,-5,-123
1754051927.45846,3,3,-119
1754051927.49746,2,-2,-128
1754051927.53546,-5,0,-131
1754051927.57146,-6,-2,-117
1754051927.60946,-4,-4,-119
1754051927.64746,-3,-9,-122
1754051927.68646,4,-7,-120
1754051927.72246,-2,-4,-126
1754051927.76046,11,-7,-116
1754051927.79846,7,-2,-112
1754051927.83746,-3,-6,-107
1754051927.87546,1,0,-117
1754051927.9114602,0,-1,-122
1754051927.94946,-4,-9,-123
1754051927.98746,0,-5,-120
1754051928.0264602,0,-4,-118
1754051928.0624602,5,-2,-119
1754051928.10146,4,-1,-131
1754051928.13946,-4,-2,-118
1754051928.1774602,4,-6,-121
1754051928.21646,0,-5,-111
1754051928.25246,-2,0,-110
1754051928.29046,0,-9,-122
1754051928.32846,3,-2,-115
1754051928.36746,7,1,-117
1754051928.40546,-5,0,-114
1754051928.44146,-9,0,-108
1754051928.47846,-3,0,-114
1754051928.51746,0,-4,-122
1754051928.56146,0,-1,-116
1754051928.59946,1,0,-117
1754051928.6384602,12,0,-117
1754051928.67646,0,-7,-128
1754051928.71246,-3,-1,-119
1754051928.75146,0,-3,-116
1754051928.78846,0,-6,-116
1754051928.82746,1,-2,-117
1754051928.86346,-5,-2,-123
1754051928.9014602,2,1,-130
1754051928.93946,-3,0,-127
1754051928.97746,-4,-1,-122
1754051929.0164602,-2,1,-128
1754051929.0524602,2,-2,-124
1754051929.09046,4,-4,-128
1754051929.1284602,1,-5,-126
1754051929.1674602,-2,1,-118
1754051929.20346,4,-5,-124
1754051929.24146,-10,-1,-110
1754051929.2794602,-1,0,-112
1754051929.31846,-2,0,-115
1754051929.35646,-2,-3,-118
1754051929.39246,-1,-3,-112
1754051929.43146,-3,-6,-112
1754051929.46846,-5,-5,-122
1754051929.50746,5,0,-120
1754051929.54346,-1,7,-119
1754051929.58146,1,-2,-126
1754051929.61946,4,-2,-119
1754051929.65846,1,-6,-120
1754051929.69646,4,-5,-120
1754051929.73246,-1,-4,-123
1754051929.77046,-3,-4,-117
1754051929.80846,-2,-3,-112
1754051929.84746,6,1,-104
1754051929.88346,5,0,-102
1754051929.92046,2,-1,-109
1754051929.95846,0,1,-112
1754051929.99746,-3,-1,-111
1754051930.03346,-5,-6,-115
1754051930.0724602,-1,2,-112
1754051930.10946,0,1,-110
1754051930.14846,1,1,-104
1754051930.18646,-3,-3,-123
1754051930.22246,-2,0,-111
1754051930.26046,-4,-2,-124
1754051930.29846,-6,2,-122
1754051930.33746,4,2,-121
1754051930.37346,-5,0,-118
1754051930.4114602,-3,4,-115
1754051930.44946,-3,-1,-119
1754051930.48846,-5,-6,-112
1754051930.5264602,-7,3,-104
1754051930.5624602,-5,1,-108
1754051930.60146,-5,0,-111
1754051930.6384602,5,-9,-122
1754051930.6774602,2,-1,-122
1754051930.7134602,4,1,-127
1754051930.75146,0,0,-113
1754051930.7894602,-2,-1,-121
1754051930.82846,0,0,-131
1754051930.86446,-1,-3,-114
1754051930.90246,-7,-8,-124
1754051930.9404602,0,-10,-122
1754051930.97846,5,-7,-117
1754051931.01746,-3,-1,-114
1754051931.05346,-3,-1,-109
1754051931.09146,1,2,-119
1754051931.12946,1,6,-129
1754051931.16846,-4,0,-130
1754051931.20446,1,0,-114
1754051931.24246,-2,-11,-120
1754051931.2794602,1,-8,-122
1754051931.31846,2,-7,-123
1754051931.35446,8,-6,-118
1754051931.39246,3,-6,-122
1754051931.43046,2,2,-122
1754051931.46846,3,3,-127
1754051931.50746,0,1,-129
1754051931.54346,2,-1,-128
1754051931.58146,5,4,-121
1754051931.61946,1,0,-122
1754051931.65846,1,5,-119
1754051931.6944602,3,2,-121
1754051931.73146,4,4,-119
1754051931.7694602,3,2,-122
1754051931.80846,4,-2,-121
1754051931.84446,2,-2,-115
1754051931.88246,4,4,-121
1754051931.92046,2,6,-124
1754051931.95946,1,-2,-117
1754051931.99746,7,-8,-114
1754051932.03346,6,-8,-119
1754051932.07146,0,-3,-118
1754051932.10946,-7,0,-127
1754051932.14846,5,-2,-118
1754051932.1844602,4,-2,-114
1754051932.22246,-1,-2,-123
1754051932.26046,0,0,-117
1754051932.2994602,-1,3,-125
1754051932.33746,4,-6,-109
1754051932.37446,-2,0,-98
1754051932.4114602,0,8,-112
1754051932.44946,-6,1,-114
1754051932.48846,2,-2,-119
1754051932.52446,4,0,-115
1754051932.56146,-5,-4,-115
1754051932.59946,1,-2,-107
1754051932.6384602,10,-3,-110
1754051932.6744602,9,0,-121
1754051932.71146,6,-2,-131
1754051932.74946,0,-2,-115
1754051932.78846,1,5,-119
1754051932.82446,2,-1,-119
1754051932.86246,-1,6,-115
1754051932.90046,-3,-1,-122
1754051932.93946,-4,-8,-124
1754051932.97546,2,-10,-119
1754051933.0134602,4,-5,-111
1754051933.05146,4,-1,-124
1754051933.08946,0,-2,-118
1754051933.1284602,-3,3,-123
1754051933.1644602,0,1,-121
1754051933.20146,11,0,-120
1754051933.23946,1,-6,-119
1754051933.27846,-2,-4,-117
1754051933.31446,0,-4,-116
1754051933.35246,5,-9,-118
1754051933.3914602,2,-8,-118
1754051933.42946,3,-6,-117
1754051933.46546,7,-7,-115
1754051933.5034602,2,-2,-106
1754051933.54146,-4,2,-108
1754051933.58046,1,5,-117
1754051933.6184602,0,0,-117
1754051933.6544602,-2,-1,-132
1754051933.69246,-10,-1,-135
1754051933.7304602,-2,-3,-118
1754051933.7694602,5,0,-113
1754051933.80546,0,0,-115
1754051933.8424602,3,-1,-121
1754051933.88046,4,5,-109
1754051933.91946,2,3,-121
1754051933.95546,4,3,-128
1754051933.99246,2,0,-111
1754051934.03046,1,0,-103
1754051934.0694602,-3,0,-116
1754051934.1054602,0,-3,-122
1754051934.14246,-1,-4,-115
1754051934.18046,-1,-1,-112
1754051934.21946,0,2,-109
1754051934.25546,2,5,-114
1754051934.2924602,-4,6,-105
1754051934.33046,-7,6,-120
1754051934.36946,3,7,-124
1754051934.40546,10,0,-126
1754051934.44246,0,-2,-123
1754051934.4804602,-3,-10,-113
1754051934.5194602,-2,-8,-122
1754051934.55546,1,2,-120
1754051934.5924602,-5,0,-118
1754051934.63046,-6,4,-116
1754051934.66946,-2,0,-123
1754051934.70546,-3,-1,-121
1754051934.7434602,-7,-2,-126
1754051934.78146,8,-1,-127
1754051934.82046,8,-5,-132
1754051934.8584602,2,-3,-119
1754051934.8944602,-1,3,-124
1754051934.93346,-2,-3,-130
1754051934.9704602,5,-3,-117
1754051935.0094602,3,-1,-108
1754051935.04546,3,0,-106
1754051935.08346,7,0,-104
1754051935.1214602,1,0,-119
1754051935.16046,2,0,-117
1754051935.19646,0,5,-113
1754051935.2334602,1,0,-121
1754051935.27146,-4,2,-106
1754051935.31046,2,5,-118
1754051935.34646,1,4,-121
1754051935.3844602,3,0,-120
1754051935.42246,1,-1,-128
1754051935.4604602,0,0,-108
1754051935.49946,3,7,-109
1754051935.53546,3,4,-113
1754051935.5724602,-3,2,-124
1754051935.61046,-3,-3,-127
1754051935.64946,-7,-5,-116
1754051935.68546,-1,-3,-119
1754051935.72446,7,4,-124
1754051935.76146,13,2,-115
1754051935.80046,5,0,-114
1754051935.83646,2,1,-123
1754051935.87446,-1,-3,-126
1754051935.91246,-1,-3,-124
1754051935.95146,0,-3,-108
1754051935.98946,3,6,-119
1754051936.02546,2,0,-111
1754051936.0624602,-6,-6,-113
1754051936.10146,-2,5,-115
1754051936.13946,0,-2,-103
1754051936.17546,-6,-3,-114
1754051936.2134602,1,-6,-111
1754051936.25146,5,-5,-122
1754051936.29046,4,-2,-122
1754051936.32646,1,-7,-122
1754051936.36446,-10,-2,-123
1754051936.40246,-3,-1,-124
1754051936.44146,-3,3,-124
1754051936.47946,-4,-1,-116
1754051936.51546,-2,-1,-111
1754051936.55346,0,-6,-108
1754051936.59146,2,-11,-114
1754051936.63046,4,-5,-109
1754051936.66646,-1,0,-111
1754051936.70446,3,2,-114
1754051936.74246,0,0,-120
1754051936.78146,-1,3,-124
1754051936.8194602,1,-3,-116
1754051936.8554602,-8,0,-113
1754051936.8944602,1,-1,-119
1754051936.93146,2,-4,-123
1754051936.9704602,1,-5,-127
1754051937.0064602,3,0,-121
1754051937.04446,5,4,-124
1754051937.08146,0,-4,-120
1754051937.12046,-2,0,-110
1754051937.15646,5,-3,-109
1754051937.19546,4,0,-119
1754051937.23246,5,-1,-113
1754051937.27146,0,-5,-110
1754051937.30746,3,-4,-118
1754051937.3454602,9,-4,-124
1754051937.38346,0,-2,-133
1754051937.4214602,4,-1,-119
1754051937.4604602,0,5,-118
1754051937.4964602,4,0,-126
1754051937.53446,8,3,-132
1754051937.5724602,4,0,-128
1754051937.6114602,-4,4,-112
1754051937.64746,7,-1,-114
1754051937.68546,12,0,-119
1754051937.7234602,7,3,-119
1754051937.76246,0,3,-121
1754051937.80046,4,-1,-116
1754051937.83646,10,0,-116
1754051937.87346,1,5,-122
1754051937.91246,0,2,-114
1754051937.9504602,1,5,-110
1754051937.9864602,1,1,-117
1754051938.02346,-4,1,-114
1754051938.0624602,-1,4,-111
1754051938.10046,0,-2,-119
1754051938.13646,5,-6,-113
1754051938.1744602,4,0,-129
1754051938.21246,0,0,-129
1754051938.25146,4,-3,-123
1754051938.28746,1,-1,-116
1754051938.3254602,0,-4,-120
1754051938.36346,-3,-2,-131
1754051938.40246,-6,0,-125
1754051938.4404602,0,0,-103
1754051938.47646,-7,0,-118
1754051938.51446,-6,5,-115
1754051938.55346,-4,-1,-125
1754051938.59646,0,-2,-117
1754051938.6344602,2,-6,-108
1754051938.67346,2,-8,-112
1754051938.71146,0,-4,-125
1754051938.74746,-2,-4,-120
1754051938.78546,0,0,-124
1754051938.82346,2,1,-121
1754051938.86246,4,0,-120
1754051938.90046,4,-3,-113
1754051938.9374602,1,-3,-117
1754051938.97546,0,-5,-117
1754051939.0134602,0,-10,-126
1754051939.0524602,0,0,-124
1754051939.0884602,0,-4,-110
1754051939.12546,8,4,-118
1754051939.16346,6,3,-122
1754051939.20246,2,2,-114
1754051939.23846,3,-4,-109
1754051939.2764602,0,-4,-118
1754051939.31446,6,-8,-121
1754051939.35246,0,-5,-120
1754051939.3914602,0,-4,-116
1754051939.42846,-1,0,-116
1754051939.46546,4,1,-118
1754051939.5034602,6,-3,-121
1754051939.5424602,-3,-6,-112
1754051939.57846,0,-4,-115
1754051939.61646,-4,3,-113
1754051939.6544602,4,0,-130
1754051939.69246,3,-4,-125
1754051939.73146,9,-3,-111
1754051939.76746,5,-1,-111
1754051939.80546,2,-5,-117
1754051939.84346,1,-3,-118
1754051939.88246,7,-3,-130
1754051939.91846,6,-2,-118
1754051939.95646,-1,0,-112
1754051939.99446,-5,-6,-115
1754051940.03346,4,-5,-99
1754051940.07146,6,3,-115
1754051940.10746,12,0,-107
1754051940.1444602,5,-3,-117
1754051940.18346,8,-3,-111
1754051940.22146,1,8,-104
1754051940.25746,5,1,-111
1754051940.29446,3,-5,-120
1754051940.33346,-4,1,-126
1754051940.3714602,-1,0,-122
1754051940.4074602,-3,0,-118
1754051940.44546,5,-10,-127
1754051940.4834602,10,-1,-118
1754051940.52246,-1,-2,-113
1754051940.55846,-6,-7,-115
1754051940.59646,0,-16,-115
1754051940.6344602,1,-7,-124
1754051940.67346,1,-4,-118
1754051940.71146,0,3,-119
1754051940.74746,2,-2,-111
1754051940.78546,6,2,-132
1754051940.82346,-4,0,-119
1754051940.86246,3,0,-110
1754051940.89846,0,-2,-105
1754051940.93546,2,3,-111
1754051940.9734602,3,-3,-120
1754051941.01246,4,-1,-125
1754051941.04846,6,-3,-121
1754051941.08646,-3,0,-117
1754051941.12446,-1,-1,-127
1754051941.16346,-8,-2,-121
1754051941.19946,-2,-3,-118
1754051941.23746,0,5,-116
1754051941.27546,6,1,-119
1754051941.31446,9,0,-124
1754051941.35246,-8,-3,-126
1754051941.3884602,2,-5,-122
1754051941.42646,3,-5,-115
1754051941.46446,-3,-2,-116
1754051941.5034602,-1,-1,-121
1754051941.5394602,-2,-1,-120
1754051941.57746,3,1,-119
1754051941.6154602,4,1,-110
1754051941.65346,4,-3,-119
1754051941.69246,5,-2,-127
1754051941.72846,-1,0,-119
1754051941.76546,-8,1,-110
1754051941.80346,-2,-4,-116
1754051941.8424602,5,-2,-118
1754051941.8784602,4,-4,-112
1754051941.91646,-2,-4,-108
1754051941.95446,0,-1,-117
1754051941.9934602,6,-3,-111
1754051942.0294602,0,-7,-114
1754051942.06746,-5,-8,-113
1754051942.1054602,-5,1,-113
1754051942.1444602,1,-2,-110
1754051942.18246,7,1,-114
1754051942.21846,-4,0,-124
1754051942.2564602,-6,-3,-125
1754051942.29446,0,-3,-129
1754051942.33346,1,-4,-115
1754051942.36946,1,-6,-131
1754051942.4074602,-9,-1,-127
1754051942.44546,-4,-3,-123
1754051942.48446,6,0,-106
1754051942.52246,1,-2,-113
1754051942.55846,11,-2,-112
1754051942.59646,7,0,-117
1754051942.6344602,6,1,-123
1754051942.67346,4,2,-113
1754051942.70946,7,0,-112
1754051942.74746,0,0,-121
1754051942.78546,2,1,-111
1754051942.82446,6,-4,-115
1754051942.86246,0,-1,-110
1754051942.89846,3,-2,-121
1754051942.93646,0,0,-111
1754051942.97446,-1,-3,-117
1754051943.0134602,0,-5,-118
1754051943.0494602,0,3,-121
1754051943.08646,0,-5,-110
1754051943.12546,-3,0,-112
1754051943.16346,-2,1,-120
1754051943.19946,3,1,-119
1754051943.23746,1,-1,-118
1754051943.27546,4,0,-122
1754051943.31346,3,-1,-126
1754051943.34946,3,-2,-123
1754051943.38746,5,-5,-112
1754051943.42546,2,2,-114
1754051943.46446,-2,-4,-116
1754051943.50046,2,-9,-114
1754051943.53846,-4,-5,-125
1754051943.57646,-1,-10,-126
1754051943.61446,0,-3,-117
1754051943.65346,3,-8,-120
1754051943.68946,4,-3,-126
1754051943.72746,3,1,-122
1754051943.7664602,-1,8,-112
1754051943.80446,-5,-2,-125
1754051943.84046,-4,-10,-119
1754051943.8784602,0,0,-114
1754051943.91646,0,4,-124
1754051943.95446,-4,-3,-113
1754051943.9934602,0,-3,-118
1754051944.0294602,4,-1,-127
1754051944.06746,7,-3,-115
1754051944.1054602,1,-9,-115
1754051944.1444602,2,-8,-122
1754051944.18046,5,-3,-117
1754051944.21846,13,6,-124
1754051944.2564602,7,3,-122
1754051944.29546,7,7,-113
1754051944.33346,-3,2,-119
1754051944.36946,-2,-1,-131
1754051944.4074602,1,3,-134
1754051944.44546,-1,-3,-118
1754051944.48446,1,-4,-122
1754051944.52046,0,-2,-118
1754051944.55846,4,-1,-115
1754051944.5954602,-2,2,-119
1754051944.6344602,-8,0,-122
1754051944.67046,-1,-1,-114
1754051944.70846,0,-2,-117
1754051944.7464602,0,-4,-118
1754051944.78546,-3,-3,-122
1754051944.82346,-1,4,-115
1754051944.85946,-4,-5,-116
1754051944.89746,-3,4,-107
1754051944.93546,0,-4,-105
1754051944.97446,3,2,-107
1754051945.01046,-1,8,-113
1754051945.04846,0,0,-110
1754051945.08646,0,2,-104
1754051945.12546,1,3,-120
1754051945.16346,-5,0,-107
1754051945.19946,-6,-2,-113
1754051945.23746,0,0,-125
1754051945.2764602,-1,-4,-120
1754051945.31446,1,3,-114
1754051945.35046,-4,0,-107
1754051945.38746,-3,0,-110
1754051945.42646,4,3,-112
1754051945.46446,2,0,-123
1754051945.50046,-3,0,-119
1754051945.53746,0,1,-118
1754051945.57646,0,-7,-129
1754051945.61446,4,-7,-128
1754051945.65046,3,-1,-123
1754051945.68846,4,0,-121
1754051945.72646,3,3,-123
1754051945.76546,5,-2,-136
1754051945.80146,4,-4,-134
1754051945.83946,1,0,-122
1754051945.87746,5,-4,-111
1754051945.91546,-1,-6,-123
1754051945.95446,-3,-2,-125
1754051945.9904602,-5,-2,-118
1754051946.0294602,-1,1,-120
1754051946.06746,-3,7,-122
1754051946.1054602,-2,-3,-121
1754051946.1414602,0,-5,-122
1754051946.17946,0,-5,-121
1754051946.2174602,3,-2,-116
1754051946.2564602,1,2,-116
1754051946.29446,2,2,-118
1754051946.33046,4,4,-121
1754051946.36746,0,2,-113
1754051946.40646,1,1,-114
1754051946.4444602,3,1,-107
1754051946.4804602,5,-7,-111
1754051946.51846,3,-6,-117
1754051946.55646,2,-3,-119
1754051946.5954602,-2,0,-116
1754051946.6314602,-3,-4,-122
1754051946.66946,9,-5,-116
1754051946.7074602,7,-3,-125
1754051946.7464602,0,3,-123
1754051946.78446,0,5,-127
1754051946.82046,-1,-1,-119
1754051946.8584602,-2,4,-118
1754051946.89646,0,6,-111
1754051946.93546,-2,0,-111
1754051946.97146,2,0,-107
1754051947.00846,0,0,-107
1754051947.0464602,7,-1,-122
1754051947.0854602,0,-7,-117
1754051947.1214602,2,-3,-108
1754051947.15946,-1,-9,-112
1754051947.1974602,0,-8,-105
1754051947.2364602,2,-4,-117
1754051947.27446,2,3,-115
1754051947.31046,0,4,-110
1754051947.3484602,-1,-4,-113
1754051947.38646,-1,-5,-116
1754051947.42546,7,0,-115
1754051947.46146,3,-1,-124
1754051947.49946,2,-7,-112
1754051947.53746,1,-5,-124
1754051947.57646,2,-1,-118
1754051947.61246,-4,3,-121
1754051947.65046,1,-1,-117
1754051947.68846,9,-1,-118
1754051947.72646,0,-1,-125
1754051947.76546,-3,-2,-114
1754051947.80146,-3,-6,-109
1754051947.84046,0,0,-110
1754051947.87746,5,-5,-118
1754051947.91646,11,-1,-108
1754051947.95246,4,-1,-117
1754051947.9904602,5,-4,-117
1754051948.02846,1,-4,-108
1754051948.06646,2,0,-105
1754051948.1054602,11,-4,-123
1754051948.1414602,12,-1,-122
1754051948.17946,8,1,-125
1754051948.2174602,0,2,-120
1754051948.2564602,4,7,-126
1754051948.2924602,7,3,-121
1754051948.32946,2,-2,-125
1754051948.36746,-2,-3,-117
1754051948.40646,3,-1,-122
1754051948.44246,5,-6,-114
1754051948.4804602,4,-4,-126
1754051948.51846,5,1,-120
1754051948.55746,3,5,-107
1754051948.60146,4,-1,-116
1754051948.63946,4,2,-111
1754051948.67846,2,3,-127
1754051948.71646,3,2,-112
1754051948.75246,0,4,-119
1754051948.7894602,-3,1,-117
1754051948.82846,3,-3,-114
1754051948.86646,1,4,-120
1754051948.90246,2,-1,-121
1754051948.94146,7,-3,-123
1754051948.97846,9,2,-116
1754051949.01746,-6,1,-117
1754051949.05546,-2,2,-110
1754051949.09146,-1,2,-109
1754051949.12946,-3,-1,-111
1754051949.1674602,0,-7,-108
1754051949.20646,0,0,-121
1754051949.24246,1,0,-113
1754051949.2794602,1,7,-104
1754051949.31746,3,-1,-111
1754051949.35646,0,0,-109
1754051949.39246,-4,1,-118
1754051949.43046,0,-4,-116
1754051949.46846,-6,-4,-116
1754051949.50746,-6,-1,-117
1754051949.54346,0,4,-118
1754051949.58046,0,-4,-121
1754051949.6184602,-2,-5,-117
1754051949.6574602,3,-3,-114
1754051949.69346,-3,0,-113
1754051949.73246,0,5,-120
1754051949.7694602,-2,-4,-120
1754051949.80746,-3,-3,-111
1754051949.84646,1,-2,-120
1754051949.88246,-1,-9,-121
1754051949.92046,1,-4,-113
1754051949.95846,-1,0,-116
1754051949.99746,-5,-2,-119
1754051950.03346,1,-4,-114
1754051950.07146,7,-2,-117
1754051950.10946,1,-7,-120
1754051950.14746,0,-1,-107
1754051950.18646,-2,0,-126
1754051950.22246,0,3,-131
1754051950.2594602,9,-3,-106
1754051950.29746,2,-1,-106
1754051950.33646,-7,-4,-102
1754051950.37246,-2,-7,-114
1754051950.41046,2,-4,-127
1754051950.44846,-1,-9,-119
1754051950.48746,5,-2,-119
1754051950.52446,5,-2,-110
1754051950.56146,-3,2,-117
1754051950.59946,0,-4,-127
1754051950.6384602,-3,-4,-128
1754051950.67646,1,-8,-127
1754051950.71246,0,-1,-128
1754051950.75046,0,-1,-123
1754051950.7894602,-6,0,-115
1754051950.82746,-8,2,-128
1754051950.86346,-7,-1,-127
1754051950.9014602,-4,-2,-115
1754051950.93946,-1,1,-110
1754051950.97846,-5,-1,-114
1754051951.0164602,0,0,-114
1754051951.0524602,-2,3,-116
1754051951.09046,0,4,-113
1754051951.1284602,0,-2,-114
1754051951.1674602,3,0,-107
1754051951.20346,6,2,-115
1754051951.2404602,3,-1,-118
1754051951.27846,-4,-1,-122
1754051951.31746,-2,5,-116
1754051951.35346,2,7,-119
1754051951.39046,5,1,-123
1754051951.42846,-3,3,-125
1754051951.4674602,-3,0,-122
1754051951.5034602,-4,-1,-117
1754051951.54146,0,-1,-105
1754051951.58046,0,-5,-123
1754051951.6184602,-5,0,-125
1754051951.6544602,0,-3,-120
1754051951.69246,-4,-1,-122
1754051951.7304602,-7,2,-121
1754051951.76846,2,4,-119
1754051951.80746,0,3,-116
1754051951.84346,6,-4,-107
1754051951.88046,0,3,-108
1754051951.91846,-2,3,-119
1754051951.9574602,1,6,-110
1754051951.9934602,-3,0,-120
1754051952.03146,0,-3,-120
1754051952.06846,0,0,-118
1754051952.10746,2,-6,-125
1754051952.14346,1,-3,-120
1754051952.18146,-1,1,-131
1754051952.21946,0,-3,-129
1754051952.25846,-7,0,-111
1754051952.29446,-6,1,-108
1754051952.3324602,-2,-3,-114
1754051952.37046,0,-1,-106
1754051952.40946,3,0,-113
1754051952.4474602,1,6,-109
1754051952.4834602,0,0,-111
1754051952.52046,1,-3,-119
1754051952.5594602,-2,-1,-115
1754051952.59746,0,1,-114
1754051952.63346,-2,3,-115
1754051952.6714602,-2,1,-110
1754051952.70946,-2,0,-109
1754051952.74846,0,2,-117
1754051952.78446,1,7,-121
1754051952.82146,1,0,-118
1754051952.86046,1,0,-132
1754051952.89846,-4,6,-117
1754051952.9344602,-6,0,-118
1754051952.9734602,-3,2,-123
1754051953.01046,0,2,-116
1754051953.0494602,0,0,-109
1754051953.08746,3,-1,-122
1754051953.12346,2,0,-120
1754051953.16046,0,-6,-115
1754051953.19946,-5,-6,-114
1754051953.23746,-4,-13,-121
1754051953.27346,-3,-7,-110
1754051953.31146,1,-3,-105
1754051953.34946,6,4,-121
1754051953.3884602,13,4,-129
1754051953.4244602,13,-4,-122
1754051953.46246,12,-6,-119
1754051953.50046,2,-5,-118
1754051953.5394602,-1,-2,-110
1754051953.57746,0,-1,-119
1754051953.61346,0,1,-109
1754051953.6514602,-3,10,-112
1754051953.68946,3,0,-115
1754051953.72846,-6,-5,-112
1754051953.76446,-4,-5,-118
1754051953.8024602,0,-7,-106
1754051953.84046,0,0,-115
1754051953.87946,4,6,-110
1754051953.91546,3,0,-117
1754051953.95246,2,0,-119
1754051953.9904602,-1,2,-125
1754051954.0294602,3,1,-116
1754051954.0654602,6,1,-122
1754051954.10246,5,1,-131
1754051954.14046,-11,-3,-123
1754051954.17946,-7,4,-123
1754051954.21546,-2,9,-126
1754051954.2534602,-5,0,-112
1754051954.29146,6,1,-108
1754051954.32946,3,0,-108
1754051954.3684602,0,0,-121
1754051954.4044602,-3,0,-120
1754051954.44346,1,-13,-115
1754051954.4804602,2,-6,-120
1754051954.5194602,8,0,-111
1754051954.55546,1,1,-110
1754051954.59346,-2,3,-124
1754051954.6314602,-6,0,-116
1754051954.67046,-6,-9,-128
1754051954.70846,-8,-2,-126
1754051954.74446,-7,3,-125
1754051954.7824602,0,4,-120
1754051954.82046,-1,-9,-110
1754051954.85946,6,0,-113
1754051954.89546,6,0,-113
1754051954.93346,-1,-2,-120
1754051954.9704602,-10,-5,-119
1754051955.0094602,0,1,-110
1754051955.04546,3,-1,-126
1754051955.08346,-4,-8,-124
1754051955.1214602,-8,4,-124
1754051955.16046,0,0,-105
1754051955.19846,-1,-2,-114
1754051955.23446,-4,-4,-123
1754051955.27246,0,3,-124
1754051955.31046,-2,-2,-115
1754051955.34946,-4,-2,-123
1754051955.38546,2,-5,-116
1754051955.42346,2,-4,-115
1754051955.46146,0,-2,-111
1754051955.50046,-3,5,-119
1754051955.53846,3,0,-121
1754051955.57446,-2,-6,-120
1754051955.61346,-1,-7,-130
1754051955.65046,0,-5,-123
1754051955.68946,-3,-4,-126
1754051955.72546,1,-1,-124
1754051955.7634602,1,3,-114
1754051955.80146,-1,1,-118
1754051955.84046,-2,-2,-102
1754051955.87646,0,-6,-110
1754051955.9144602,-5,0,-116
1754051955.95246,-5,-2,-114
1754051955.9904602,1,0,-117
1754051956.0294602,1,-1,-119
1754051956.0654602,-4,0,-116
1754051956.10346,-2,0,-123
1754051956.14246,0,-8,-127
1754051956.18046,1,-2,-119
1754051956.21646,5,-2,-123
1754051956.2534602,1,-3,-117
1754051956.2924602,-4,1,-123
1754051956.33046,-9,0,-122
1754051956.36646,-2,4,-126
1754051956.40546,6,4,-115
1754051956.44246,4,-1,-113
1754051956.4804602,0,-1,-120
1754051956.5194602,-6,0,-112
1754051956.55546,0,1,-122
1754051956.5924602,-2,1,-121
1754051956.6314602,0,-8,-116
1754051956.66946,-3,-2,-107
1754051956.70546,0,-6,-106
1754051956.7434602,-3,0,-108
1754051956.78146,-2,-3,-115
1754051956.82046,-2,2,-128
1754051956.85646,-6,0,-117
1754051956.8944602,-3,-6,-114
1754051956.93246,0,-2,-110
1754051956.97146,1,-1,-114
1754051957.0094602,-4,5,-116
1754051957.04546,-5,7,-118
1754051957.08346,-1,8,-108
1754051957.1214602,2,1,-118
1754051957.16046,-2,6,-120
1754051957.19646,-3,4,-113
1754051957.23446,0,1,-112
1754051957.27246,-5,0,-122
1754051957.31146,4,-4,-118
1754051957.34946,-1,-6,-130
1754051957.38546,-5,-2,-118
1754051957.42346,3,-2,-122
1754051957.46246,0,-8,-121
1754051957.50046,4,1,-126
1754051957.5364602,-5,-2,-120
1754051957.57446,4,0,-125
1754051957.61246,4,-5,-122
1754051957.6514602,3,-1,-112
1754051957.68946,-5,-3,-113
1754051957.72546,0,-3,-113
1754051957.76246,-1,-10,-111
1754051957.80146,3,-9,-124
1754051957.83946,3,-1,-127
1754051957.87546,3,0,-125
1754051957.91246,4,-3,-121
1754051957.95146,-3,3,-120
1754051957.98746,-1,0,-112
1754051958.02546,-5,1,-116
1754051958.06346,0,-3,-123
1754051958.10146,6,-3,-125
1754051958.14046,-3,-3,-119
1754051958.17646,0,-2,-118
1754051958.21446,5,-3,-111
1754051958.25246,5,0,-111
1754051958.29146,4,3,-109
1754051958.32746,-1,4,-119
1754051958.3654602,-2,3,-122
1754051958.4044602,2,-3,-131
1754051958.44146,0,-3,-117
1754051958.4804602,1,4,-112
1754051958.5164602,2,-3,-115
1754051958.55446,4,-7,-126
1754051958.5924602,1,-5,-127
1754051958.63746,1,-10,-125
1754051958.6744602,1,-5,-128
1754051958.71246,2,-2,-119
1754051958.75146,-7,-8,-126
1754051958.78746,-2,-11,-123
1754051958.8254602,-1,-7,-125
1754051958.86346,-5,-4,-126
1754051958.90246,-5,0,-123
1754051958.9404602,-7,-4,-124
1754051958.97646,2,-2,-124
1754051959.01446,6,-1,-118
1754051959.0524602,2,-3,-122
1754051959.09146,-5,-7,-116
1754051959.12746,-2,-4,-128
1754051959.16546,0,1,-117
1754051959.20446,-8,0,-108
1754051959.24246,-3,2,-109
1754051959.28046,-2,4,-116
1754051959.31646,-3,4,-109
1754051959.35446,-4,1,-114
1754051959.39246,0,-7,-107
1754051959.43146,0,0,-108
1754051959.4674602,2,1,-113
1754051959.50446,-2,-1,-115
1754051959.5424602,1,3,-106
1754051959.58146,-6,-1,-112
1754051959.61746,-2,-2,-110
1754051959.65546,-2,0,-110
1754051959.69346,-5,-2,-116
1754051959.73246,4,3,-114
1754051959.77046,2,-6,-125
1754051959.80646,5,2,-112
1754051959.84346,-7,0,-122
1754051959.88246,-2,-4,-114
1754051959.91846,7,-6,-115
1754051959.95646,5,0,-110
1754051959.99446,0,4,-122
1754051960.0324602,5,0,-118
1754051960.07146,7,-3,-116
1754051960.10746,4,0,-121
1754051960.1444602,3,-1,-124
1754051960.18246,-1,-4,-128
1754051960.22146,0,0,-133
1754051960.25746,1,-3,-122
1754051960.29546,6,-2,-134
1754051960.33346,4,-5,-116
1754051960.37246,-4,-2,-119
1754051960.40846,-3,5,-118
1754051960.44646,0,3,-117
1754051960.48446,0,2,-125
1754051960.52246,0,1,-121
1754051960.56146,-3,-1,-119
1754051960.59746,1,-4,-120
1754051960.63546,2,-2,-122
1754051960.67346,1,-14,-110
1754051960.71246,-1,-2,-121
1754051960.74846,3,2,-119
1754051960.7864602,-1,4,-118
1754051960.82446,-4,-2,-114
1754051960.86346,3,0,-118
1754051960.9014602,5,3,-121
1754051960.9374602,11,1,-115
1754051960.97446,7,-2,-114
1754051961.0134602,6,-5,-119
1754051961.05146,1,-6,-110
1754051961.08746,-1,2,-118
1754051961.12646,-6,-2,-112
1754051961.16346,4,-2,-106
1754051961.20246,1,-3,-116
1754051961.23846,1,1,-132
1754051961.2764602,0,7,-116
1754051961.31446,5,-3,-112
1754051961.35346,-5,-3,-106
1754051961.3914602,-3,0,-112
1754051961.4274602,1,-4,-113
1754051961.46446,-1,1,-121
1754051961.5034602,4,-3,-111
1754051961.54146,1,-3,-122
1754051961.57746,-4,4,-118
1754051961.6154602,-3,-2,-121
1754051961.65346,-5,0,-121
1754051961.69246,0,-2,-105
1754051961.72846,0,-2,-122
1754051961.76546,-2,-1,-116
1754051961.80346,-4,-3,-129
1754051961.8424602,-6,-5,-111
1754051961.8784602,-1,-1,-123
1754051961.91646,2,1,-113
1754051961.95446,-3,2,-122
1754051961.9934602,4,-2,-119
1754051962.03146,-2,-1,-126
1754051962.06746,-4,3,-122
1754051962.1054602,0,2,-125
1754051962.1444602,-5,-3,-114
1754051962.18246,-6,-2,-123
1754051962.21846,0,-3,-119
1754051962.2564602,9,-1,-119
1754051962.29446,8,0,-117
1754051962.33346,3,6,-115
1754051962.36946,-1,2,-128
1754051962.4074602,-2,-5,-124
1754051962.44546,2,3,-122
1754051962.4834602,0,3,-113
1754051962.52246,2,-4,-105
1754051962.55846,-1,1,-111
1754051962.59646,4,4,-114
1754051962.6344602,3,-3,-115
1754051962.67346,1,1,-119
1754051962.70946,-5,-1,-116
1754051962.74746,-7,-2,-118
1754051962.7864602,-10,3,-118
1754051962.82446,1,-5,-115
1754051962.86246,-4,-7,-106
1754051962.89846,-3,-2,-111
1754051962.93646,-6,-7,-106
1754051962.97446,-4,-4,-105
1754051963.0134602,1,0,-109
1754051963.0494602,-3,0,-120
1754051963.08746,1,-1,-127
1754051963.12546,-1,-9,-119
1754051963.1644602,5,-5,-119
1754051963.20246,-2,0,-123
1754051963.23846,-2,-4,-120
1754051963.27746,1,2,-122
1754051963.31446,3,-1,-108
1754051963.35346,-3,0,-126
1754051963.38946,3,0,-120
1754051963.42646,5,-2,-115
1754051963.46446,2,0,-129
1754051963.5034602,-3,-1,-131
1754051963.5394602,-2,5,-117
1754051963.57746,8,0,-116
1754051963.6154602,0,-6,-122
1754051963.6544602,-7,0,-111
1754051963.69246,-1,-3,-116
1754051963.72846,-1,-1,-117
1754051963.7664602,2,1,-118
1754051963.80446,0,-2,-123
1754051963.84346,4,-1,-120
1754051963.87946,-5,-4,-122
1754051963.9174602,-4,-1,-130
1754051963.95546,-8,0,-126
1754051963.99446,-5,0,-107
1754051964.03046,0,3,-110
1754051964.06746,0,0,-114
1754051964.10646,7,-3,-115
1754051964.1444602,-2,-1,-114
1754051964.18046,0,2,-107
1754051964.2174602,4,-2,-120
1754051964.25546,-1,-3,-126
1754051964.29446,2,-4,-122
1754051964.33046,3,1,-120
1754051964.36746,1,1,-114
1754051964.40546,4,0,-117
1754051964.4444602,4,6,-125
1754051964.4804602,6,5,-114
1754051964.51746,6,2,-108
1754051964.55546,0,1,-112
1754051964.59446,1,-1,-113
1754051964.63046,-3,0,-112
1754051964.66846,8,-5,-120
1754051964.70646,4,-5,-122
1754051964.74446,0,0,-117
1754051964.78346,-3,3,-114
1754051964.8194602,-2,-3,-112
1754051964.85746,4,-1,-114
1754051964.89546,1,0,-122
1754051964.9344602,0,-5,-120
1754051964.9704602,-4,-2,-115
1754051965.00846,-7,-5,-113
1754051965.0464602,1,-1,-127
1754051965.0854602,2,-3,-124
1754051965.12346,-4,-2,-116
1754051965.15946,-2,-5,-120
1754051965.1974602,1,-4,-115
1754051965.23546,-3,-8,-123
1754051965.27446,2,0,-120
1754051965.31046,4,0,-116
1754051965.34746,2,-5,-118
1754051965.38546,0,0,-112
1754051965.4244602,0,-8,-116
1754051965.4604602,-1,-1,-124
1754051965.49846,0,0,-117
1754051965.5364602,-4,-1,-118
1754051965.5754602,0,1,-112
1754051965.61346,-4,-1,-113
1754051965.64946,5,-1,-111
1754051965.6874602,0,-5,-120
1754051965.72646,0,2,-118
1754051965.76446,4,-3,-123
1754051965.80046,-8,-1,-127
1754051965.8384602,-3,0,-117
1754051965.87646,1,0,-116
1754051965.91546,5,0,-120
1754051965.95346,-5,-2,-126
1754051965.98946,-3,0,-122
1754051966.02746,5,-4,-119
1754051966.06646,8,3,-116
1754051966.10446,7,4,-110
1754051966.14046,3,3,-115
1754051966.17946,-3,0,-111
1754051966.21646,-5,1,-105
1754051966.25546,-1,0,-110
1754051966.29346,-5,-1,-105
1754051966.33046,-1,2,-118
1754051966.3684602,1,-4,-114
1754051966.40646,-1,-4,-110
1754051966.44546,1,1,-121
1754051966.48146,6,-2,-118
1754051966.5194602,7,-7,-127
1754051966.55746,5,-1,-119
1754051966.5954602,2,-4,-119
1754051966.6344602,-12,3,-127
1754051966.67046,-7,-3,-120
1754051966.70946,-1,-2,-114
1754051966.7464602,4,7,-109
1754051966.78546,5,-6,-125
1754051966.82146,12,-10,-128
1754051966.85946,7,-2,-123
1754051966.89746,5,-2,-122
1754051966.93546,5,-1,-123
1754051966.97446,5,-3,-115
1754051967.01046,2,-2,-120
1754051967.04846,-4,-4,-120
1754051967.08646,-6,0,-115
1754051967.12546,0,7,-115
1754051967.1614602,1,7,-114
1754051967.19846,3,-3,-109
1754051967.2364602,-1,3,-104
1754051967.27546,-4,5,-121
1754051967.31146,-2,3,-114
1754051967.34946,2,-5,-119
1754051967.38746,1,-5,-119
1754051967.42646,0,2,-122
1754051967.46446,0,1,-114
1754051967.50046,-1,4,-117
1754051967.53846,0,3,-109
1754051967.57646,5,0,-112
1754051967.6154602,6,1,-116
1754051967.6514602,5,-6,-119
1754051967.68946,2,-1,-125
1754051967.72746,0,6,-121
1754051967.7664602,6,0,-128
1754051967.80446,2,0,-125
1754051967.84046,-9,0,-117
1754051967.87746,-2,-3,-113
1754051967.91646,0,-3,-111
1754051967.95446,-1,-6,-119
1754051967.9904602,-5,-1,-117
1754051968.02846,-3,-6,-131
1754051968.06746,-3,-8,-130
1754051968.1054602,1,-4,-128
1754051968.1414602,4,0,-122
1754051968.17846,1,3,-110
1754051968.2174602,0,-1,-113
1754051968.25546,-1,-8,-128
1754051968.29146,0,1,-127
1754051968.32846,2,-6,-111
1754051968.36746,1,0,-118
1754051968.40546,-5,-6,-116
1754051968.44146,0,-5,-118
1754051968.47946,10,1,-126
1754051968.51746,6,1,-109
1754051968.55646,7,-1,-120
1754051968.5924602,5,-5,-111
1754051968.63046,0,-6,-120
1754051968.67646,1,2,-122
1754051968.71246,1,4,-118
1754051968.75046,5,1,-110
1754051968.78846,2,-3,-115
1754051968.82646,0,0,-105
1754051968.8654602,1,0,-125
1754051968.9014602,3,-5,-133
1754051968.9404602,2,1,-125
1754051968.97746,1,-4,-126
1754051969.0164602,-2,-3,-115
1754051969.0524602,0,5,-125
1754051969.09046,1,4,-124
1754051969.1284602,7,-6,-116
1754051969.1674602,0,-1,-124
1754051969.20546,-3,-1,-127
1754051969.24146,2,3,-120
1754051969.2794602,-2,4,-107
1754051969.31746,1,1,-112
1754051969.35646,2,0,-115
1754051969.39246,-1,2,-127
1754051969.43046,0,0,-119
1754051969.46846,0,0,-108
1754051969.50746,-3,1,-111
1754051969.54546,-6,7,-120
1754051969.58146,4,1,-115
1754051969.6184602,2,0,-122
1754051969.6574602,2,2,-122
1754051969.69546,-2,-1,-129
1754051969.73146,3,-3,-123
1754051969.77046,6,-8,-121
1754051969.80746,4,-8,-123
1754051969.84646,-2,-5,-114
1754051969.88246,1,-1,-122
1754051969.92046,0,-6,-126
1754051969.95846,1,-4,-130
1754051969.99746,-1,-1,-114
1754051970.03546,0,1,-130
1754051970.07146,2,0,-126
1754051970.1084602,7,0,-107
1754051970.14746,1,3,-118
1754051970.18546,-2,-6,-118
1754051970.22146,2,-9,-126
1754051970.2594602,0,-4,-132
1754051970.29746,-1,-3,-118
1754051970.33646,-3,5,-119
1754051970.37246,-1,1,-124
1754051970.4114602,-6,-5,-115
1754051970.44846,4,-1,-121
1754051970.48746,-2,0,-108
1754051970.52346,6,-2,-110
1754051970.56146,2,4,-108
1754051970.59946,6,1,-126
1754051970.63746,1,-8,-119
1754051970.67646,10,-5,-120
1754051970.71246,-4,0,-119
1754051970.74946,-2,-2,-117
1754051970.78746,0,-9,-118
1754051970.82646,4,-8,-126
1754051970.86246,-5,-8,-116
1754051970.90046,-5,-3,-114
1754051970.93846,-3,0,-117
1754051970.97746,-4,1,-121
1754051971.0134602,0,1,-121
1754051971.05146,10,-2,-111
1754051971.08946,0,-7,-128
1754051971.12746,-4,-4,-123
1754051971.16646,1,1,-121
1754051971.20246,-1,-4,-109
1754051971.2404602,0,0,-110
1754051971.27846,2,-2,-117
1754051971.31746,3,-1,-123
1754051971.35346,-3,0,-124
1754051971.3914602,2,-6,-129
1754051971.42946,4,-10,-102
1754051971.46846,3,-14,-114
1754051971.5064602,-5,-6,-127
1754051971.5424602,-2,-4,-119
1754051971.58146,3,-7,-123
1754051971.6184602,2,0,-112
1754051971.6574602,5,5,-123
1754051971.69346,8,0,-112
1754051971.73146,-2,-3,-115
1754051971.76846,-1,-2,-119
1754051971.80746,6,0,-121
1754051971.84346,6,6,-113
1754051971.88046,0,2,-116
1754051971.91846,0,3,-111
1754051971.9574602,0,0,-115
1754051971.9934602,-3,-7,-111
1754051972.03146,-6,-8,-114
1754051972.0694602,-4,-8,-116
1754051972.1084602,-3,-1,-108
1754051972.14646,3,-3,-120
1754051972.18246,5,-9,-134
1754051972.2204602,7,-3,-125
1754051972.25846,1,-4,-117
1754051972.29746,0,0,-118
1754051972.33346,2,3,-122
1754051972.37046,1,-1,-124
1754051972.40846,3,2,-126
1754051972.4474602,0,1,-121
1754051972.4834602,-2,6,-120
1754051972.52246,8,0,-118
1754051972.56046,0,-1,-117
1754051972.5984602,-1,0,-120
1754051972.6344602,0,0,-104
1754051972.67346,5,0,-113
1754051972.7104602,10,0,-125
1754051972.74846,10,3,-109
1754051972.78746,-2,0,-115
1754051972.82346,3,0,-120
1754051972.8614602,6,-1,-121
1754051972.89946,0,-5,-115
1754051972.93846,-1,-4,-116
1754051972.97446,2,-6,-110
1754051973.01246,-6,-5,-122
1754051973.05046,5,-5,-120
1754051973.0884602,0,-10,-117
1754051973.12746,-1,-8,-113
1754051973.16346,-2,-11,-118
1754051973.20246,0,-9,-110
1754051973.2404602,1,-9,-108
1754051973.27846,2,-3,-111
1754051973.31446,-6,-2,-109
1754051973.35246,-5,-4,-128
1754051973.39046,-1,-3,-127
1754051973.42946,1,0,-123
1754051973.4674602,0,1,-115
1754051973.5034602,7,0,-123
1754051973.54146,1,3,-114
1754051973.57946,1,0,-121
1754051973.6184602,2,0,-130
1754051973.6544602,4,3,-121
1754051973.69246,6,-2,-126
1754051973.7304602,2,-5,-122
1754051973.7694602,0,0,-115
1754051973.80746,0,0,-125
1754051973.84346,3,0,-118
1754051973.8814602,-2,-3,-109
1754051973.91946,1,-11,-118
1754051973.95846,2,-6,-124
1754051973.99446,-4,-1,-122
1754051974.0324602,-6,-2,-105
1754051974.07046,-3,-3,-108
1754051974.10946,0,-2,-120
1754051974.14746,0,2,-111
1754051974.18346,-2,0,-111
1754051974.22146,5,3,-113
1754051974.2594602,4,0,-111
1754051974.29846,0,-7,-124
1754051974.33446,-4,-5,-124
1754051974.37246,1,-4,-117
1754051974.41046,3,-6,-114
1754051974.44946,-6,0,-117
1754051974.48546,5,-5,-107
1754051974.52246,9,-4,-105
1754051974.56046,10,1,-112
1754051974.59946,3,2,-117
1754051974.63546,7,1,-113
1754051974.67246,1,-5,-112
1754051974.7104602,-3,-1,-116
1754051974.74946,1,-4,-119
1754051974.78546,-1,-4,-110
1754051974.82346,0,1,-113
1754051974.8614602,-5,2,-121
1754051974.89946,0,-2,-119
1754051974.93846,-4,-2,-122
1754051974.97446,2,2,-109
1754051975.01146,4,-7,-122
1754051975.0494602,-3,0,-105
1754051975.0884602,2,-4,-122
1754051975.12446,0,-1,-124
1754051975.16346,-1,-3,-120
1754051975.2004602,1,2,-106
1754051975.23946,-2,-3,-112
1754051975.27546,2,-3,-111
1754051975.31346,-5,-2,-111
1754051975.35146,-3,-2,-111
1754051975.39046,1,0,-118
1754051975.42846,0,7,-128
1754051975.46446,5,4,-124
1754051975.50146,6,6,-115
1754051975.54046,3,3,-122
1754051975.57846,-9,-1,-111
1754051975.61446,0,-5,-110
1754051975.65246,3,0,-114
1754051975.6904602,2,2,-113
1754051975.72946,-1,0,-111
1754051975.76546,4,0,-110
1754051975.8024602,1,0,-117
1754051975.84046,4,-2,-105
1754051975.87946,4,-4,-109
1754051975.91546,3,0,-114
1754051975.95246,4,-2,-116
1754051975.9904602,0,-1,-129
1754051976.0294602,-2,4,-109
1754051976.0654602,-5,-5,-121
1754051976.10446,-1,-1,-120
1754051976.1414602,-5,-1,-119
1754051976.18046,8,-1,-112
1754051976.21846,6,-1,-111
1754051976.25446,6,-2,-125
1754051976.2924602,7,0,-113
1754051976.33146,-3,-2,-114
1754051976.36946,1,-2,-121
1754051976.40546,1,-4,-122
1754051976.44346,-1,0,-114
1754051976.48146,-4,-3,-114
1754051976.52046,0,-7,-117
1754051976.55846,-7,-10,-110
1754051976.59446,4,-7,-102
1754051976.63246,5,-9,-116
1754051976.67046,7,-5,-118
1754051976.70946,3,-3,-118
1754051976.74546,4,0,-113
1754051976.7824602,3,0,-126
1754051976.82046,-2,-9,-127
1754051976.85946,-6,-6,-125
1754051976.89546,0,-6,-128
1754051976.93346,3,3,-121
1754051976.97246,-1,-1,-109
1754051977.01046,-7,0,-114
1754051977.0464602,-4,1,-110
1754051977.08446,-9,-2,-108
1754051977.12246,-3,1,-107
1754051977.16046,4,0,-120
1754051977.19946,7,-1,-114
1754051977.23546,3,2,-109
1754051977.27346,8,0,-106
1754051977.31146,3,0,-114
1754051977.35046,1,-1,-108
1754051977.38646,3,0,-109
1754051977.42346,8,0,-103
1754051977.46146,11,3,-114
1754051977.50046,0,-5,-117
1754051977.5364602,1,0,-121
1754051977.5754602,1,1,-111
1754051977.61246,1,-3,-117
1754051977.6514602,-3,-9,-121
1754051977.68946,0,-4,-116
1754051977.72546,2,-4,-119
1754051977.7634602,-4,-1,-108
1754051977.80146,0,-8,-109
1754051977.84046,0,1,-121
1754051977.87646,0,-2,-112
1754051977.91346,0,-1,-119
1754051977.95146,0,-3,-123
1754051977.9904602,9,-2,-130
1754051978.0264602,1,0,-119
1754051978.06346,0,0,-119
1754051978.10146,0,-8,-107
1754051978.14046,6,-10,-115
1754051978.17646,-1,-5,-114
1754051978.21446,-4,-5,-113
1754051978.25246,0,-1,-112
1754051978.29146,-7,-2,-114
1754051978.32946,1,0,-107
1754051978.3654602,-3,2,-107
1754051978.40346,5,-4,-115
1754051978.44146,8,2,-114
1754051978.4804602,3,1,-132
1754051978.5164602,-1,4,-128
1754051978.55446,8,-8,-117
1754051978.5924602,4,0,-121
1754051978.6314602,12,0,-123
1754051978.6674602,7,1,-118
1754051978.71846,3,0,-110
1754051978.75446,4,-5,-109
1754051978.7924602,0,0,-115
1754051978.83146,3,0,-118
1754051978.86746,4,-5,-121
1754051978.90546,0,4,-116
1754051978.94346,-2,3,-117
1754051978.98146,5,-1,-114
1754051979.02046,0,2,-115
1754051979.05646,1,1,-118
1754051979.09346,-4,-1,-117
1754051979.1314602,3,-1,-118
1754051979.17046,5,3,-107
1754051979.20646,-2,4,-114
1754051979.24446,2,-2,-105
1754051979.28346,-1,0,-117
1754051979.32146,3,1,-125
1754051979.35746,-6,0,-128
1754051979.39646,1,2,-126
1754051979.43346,2,2,-118
1754051979.47146,-1,4,-125
1754051979.51046,-5,1,-115
1754051979.5464602,-6,-3,-122
1754051979.58446,1,-2,-122
1754051979.62246,-2,-10,-117
1754051979.6614602,0,1,-115
1754051979.6974602,2,1,-119
1754051979.73446,-2,-1,-105
1754051979.77246,-1,-3,-112
1754051979.81146,10,-9,-117
1754051979.84746,6,-7,-113
1754051979.88546,1,-4,-120
1754051979.92346,-6,-5,-112
1754051979.96246,-9,-11,-114
1754051980.00046,0,-8,-109
1754051980.0364602,-2,1,-117
1754051980.07446,-4,-2,-130
1754051980.11346,0,-4,-113
1754051980.1514602,0,-3,-111
1754051980.1874602,-1,-4,-114
1754051980.22546,-5,-3,-123
1754051980.2634602,-4,3,-129
1754051980.3024602,-4,1,-121
1754051980.34046,-8,3,-119
1754051980.37646,-6,-1,-121
1754051980.4144602,3,1,-126
1754051980.45246,7,-5,-122
1754051980.49146,3,0,-108
1754051980.52746,9,4,-113
1754051980.5654602,3,0,-116
1754051980.60446,1,-2,-119
1754051980.64246,-1,1,-125
1754051980.67846,-2,-1,-129
1754051980.71646,3,0,-123
1754051980.75446,-1,4,-128
1754051980.7924602,5,-3,-124
1754051980.83146,5,-2,-122
1754051980.86746,-1,0,-123
1754051980.90546,-3,2,-115
1754051980.94346,0,4,-122
1754051980.98246,1,-2,-129
1754051981.01846,9,-2,-119
1754051981.05746,1,-1,-117
1754051981.09446,8,-2,-116
1754051981.13346,1,2,-110
1754051981.1714602,2,-4,-107
1754051981.2074602,0,-3,-105
1754051981.24446,6,-1,-113
1754051981.28346,-7,-5,-107
1754051981.32146,3,-8,-102
1754051981.35746,0,-6,-111
1754051981.39546,8,1,-120
1754051981.43346,3,0,-126
1754051981.47246,0,2,-122
1754051981.50846,1,0,-114
1754051981.54546,0,-1,-130
1754051981.58346,0,-2,-132
1754051981.62246,3,-4,-119
1754051981.65846,9,-4,-113
1754051981.69646,-4,-7,-117
1754051981.73546,-2,1,-112
1754051981.77346,0,0,-126
1754051981.81146,0,4,-119
1754051981.84746,-1,3,-108
1754051981.88546,-3,-3,-117
1754051981.92346,-4,-2,-129
1754051981.96246,-5,-1,-125
1754051981.99846,-1,-1,-120
1754051982.03746,4,-6,-118
1754051982.07446,2,2,-115
1754051982.11346,-2,-5,-116
1754051982.1514602,1,1,-123
1754051982.1874602,0,1,-118
1754051982.22446,7,0,-126
1754051982.2634602,0,0,-118
1754051982.30146,5,4,-120
1754051982.33746,6,0,-124
1754051982.37446,2,0,-124
1754051982.41346,-7,-1,-116
1754051982.45246,-7,-1,-115
1754051982.48846,5,0,-118
1754051982.5264602,7,0,-114
1754051982.56446,5,0,-115
1754051982.60346,-5,0,-112
1754051982.6414602,1,0,-125
1754051982.6774602,-1,0,-113
1754051982.71646,0,0,-120
1754051982.7534602,-6,-7,-121
1754051982.7924602,-1,0,-110
1754051982.82846,4,0,-110
1754051982.86646,4,5,-113
1754051982.9044602,-2,0,-119
1754051982.94346,-1,1,-133
1754051982.97946,5,4,-130
1754051983.01746,-3,6,-128
1754051983.05546,-2,-3,-125
1754051983.09346,0,-1,-127
1754051983.13246,4,0,-124
1754051983.16846,0,-1,-120
1754051983.20646,3,0,-123
1754051983.24546,4,3,-122
1754051983.28346,0,2,-126
1754051983.3194602,-4,-2,-111
1754051983.35746,-7,1,-114
1754051983.39546,-8,0,-114
1754051983.43346,0,-1,-116
1754051983.47246,0,-7,-111
1754051983.50846,0,-5,-106
1754051983.5464602,-6,-2,-111
1754051983.58446,1,0,-115
1754051983.62346,0,-4,-127
1754051983.65946,3,-2,-106
1754051983.6974602,4,-1,-117
1754051983.73546,1,0,-123
1754051983.77446,3,1,-113
1754051983.8124602,0,2,-109
1754051983.8484602,4,0,-124
1754051983.88646,0,0,-120
1754051983.9244602,8,0,-122
1754051983.96246,-5,-4,-112
1754051983.99846,-7,-3,-118
1754051984.0364602,1,0,-113
1754051984.07446,3,-8,-116
1754051984.11346,-4,1,-120
1754051984.14946,6,-3,-120
1754051984.1874602,7,-1,-114
1754051984.22546,-7,-1,-114
1754051984.26446,0,0,-116
1754051984.3024602,4,-2,-109
1754051984.3384602,1,-3,-117
1754051984.37646,6,6,-119
1754051984.41546,2,2,-112
1754051984.45346,2,0,-112
1754051984.48946,-2,-2,-109
1754051984.52846,-3,2,-121
1754051984.5654602,4,1,-113
1754051984.60446,5,3,-119
1754051984.64246,6,0,-117
1754051984.67846,2,-1,-119
1754051984.71646,8,-3,-113
1754051984.75446,-1,-2,-106
1754051984.79346,-4,-1,-114
1754051984.82946,2,-2,-125
1754051984.86746,0,-8,-110
1754051984.90546,6,-4,-117
1754051984.9444602,3,0,-109
1754051984.9804602,0,-2,-111
1754051985.0194602,1,-5,-110
1754051985.05646,0,0,-110
1754051985.09446,-3,0,-115
1754051985.13346,-1,-5,-110
1754051985.16946,-3,-11,-121
1754051985.2074602,0,-4,-109
1754051985.24546,0,-4,-117
1754051985.28446,0,-1,-129
1754051985.32146,-2,4,-116
1754051985.3584602,3,-1,-115
1754051985.39646,-3,-1,-118
1754051985.4344602,-3,-2,-113
1754051985.4734602,4,0,-117
1754051985.5094602,5,-1,-121
1754051985.54846,-2,0,-111
1754051985.58646,-5,-5,-112
1754051985.62446,2,1,-110
1754051985.66046,5,5,-112
1754051985.69846,9,5,-116
1754051985.7364602,12,2,-122
1754051985.77546,3,0,-124
1754051985.81346,0,2,-115
1754051985.84946,-3,3,-127
1754051985.88746,-1,5,-124
1754051985.92546,8,3,-111
1754051985.96446,8,1,-107
1754051986.00046,2,-4,-111
1754051986.03846,-3,-7,-108
1754051986.07646,4,-2,-115
1754051986.1154602,1,-7,-115
1754051986.15346,-3,-2,-115
1754051986.18946,-6,-5,-116
1754051986.22746,-2,-2,-120
1754051986.26546,1,0,-120
1754051986.30446,2,0,-114
1754051986.34046,-1,-7,-111
1754051986.3784602,1,0,-122
1754051986.41646,-2,2,-112
1754051986.45546,3,-7,-115
1754051986.4934602,1,3,-124
1754051986.5294602,-2,-2,-130
1754051986.56746,0,-6,-120
1754051986.60646,0,-1,-117
1754051986.6444602,3,-1,-115
1754051986.68046,0,0,-120
1754051986.7174602,8,-7,-122
1754051986.7564602,7,0,-118
1754051986.79446,3,-4,-106
1754051986.83046,4,3,-113
1754051986.86746,1,-3,-115
1754051986.90546,0,-2,-108
1754051986.9444602,1,-2,-118
1754051986.9804602,0,0,-114
1754051987.01746,-5,7,-115
1754051987.05546,-11,5,-122
1754051987.09446,-5,5,-130
1754051987.13046,-4,6,-122
1754051987.16846,-5,5,-125
1754051987.20646,0,1,-121
1754051987.24546,5,1,-119
1754051987.28146,6,-2,-126
1754051987.3194602,1,2,-122
1754051987.35746,0,0,-119
1754051987.39546,0,-1,-125
1754051987.4344602,4,1,-121
1754051987.4704602,-2,-5,-121
1754051987.50846,-3,-8,-118
1754051987.5464602,-2,-2,-122
1754051987.5854602,-7,-4,-129
1754051987.6214602,-8,-11,-116
1754051987.65946,0,-12,-113
1754051987.69846,0,-3,-127
1754051987.73546,-4,3,-127
1754051987.77446,3,5,-115
1754051987.81046,-1,2,-105
1754051987.8484602,1,-8,-105
1754051987.88646,2,-4,-121
1754051987.92546,1,-6,-126
1754051987.96146,3,-10,-127
1754051987.99946,2,-2,-124
1754051988.03746,4,-4,-116
1754051988.07646,1,-7,-126
1754051988.11446,6,-6,-119
1754051988.15046,5,4,-126
1754051988.1874602,7,-3,-114
1754051988.22646,4,0,-134
1754051988.26446,9,3,-130
1754051988.30046,0,3,-122
1754051988.33746,0,-3,-122
1754051988.37646,0,-4,-118
1754051988.4144602,1,-6,-128
1754051988.4504602,0,-9,-124
1754051988.48946,0,-5,-119
1754051988.52746,8,-7,-119
1754051988.5654602,-2,-3,-106
1754051988.60146,-1,-4,-120
1754051988.63946,2,2,-120
1754051988.6774602,3,0,-119
1754051988.72146,7,1,-120
1754051988.7594602,10,-5,-120
1754051988.79746,2,-3,-115
1754051988.83646,1,0,-116
1754051988.87446,4,2,-117
1754051988.91046,7,-1,-123
1754051988.94846,6,-1,-127
1754051988.9864602,-8,-5,-119
1754051989.02546,-2,3,-119
1754051989.06146,0,4,-109
1754051989.0984602,-3,5,-115
1754051989.13646,-6,0,-110
1754051989.17546,4,-7,-119
1754051989.21146,0,-4,-115
1754051989.24946,2,-2,-109
1754051989.28846,-8,-4,-116
1754051989.32646,0,-2,-119
1754051989.36246,-1,1,-127
1754051989.40046,8,2,-111
1754051989.43846,7,1,-121
1754051989.47746,5,3,-112
1754051989.51546,5,-3,-118
1754051989.55146,1,-2,-118
1754051989.58946,6,-3,-121
1754051989.62746,8,-1,-113
1754051989.66646,0,-10,-122
1754051989.70246,-4,-6,-120
1754051989.7404602,-5,0,-117
1754051989.77846,0,0,-120
1754051989.81646,4,-3,-110
1754051989.8554602,5,1,-119
1754051989.8914602,3,3,-113
1754051989.92946,3,-1,-114
1754051989.9674602,2,-1,-115
1754051990.0064602,3,0,-128
1754051990.0424602,5,0,-130
1754051990.07946,0,-1,-120
1754051990.1184602,0,-9,-114
1754051990.15646,-3,-6,-116
1754051990.19246,-5,0,-129
1754051990.23146,-5,-5,-118
1754051990.26846,-2,-3,-115
1754051990.30746,-1,1,-114
1754051990.3454602,0,-5,-117
1754051990.3814602,3,-1,-123
1754051990.41946,4,-2,-122
1754051990.4574602,2,4,-109
1754051990.4964602,-2,3,-113
1754051990.5324602,-6,-1,-113
1754051990.57046,-8,1,-122
1754051990.6084602,-3,0,-132
1754051990.64746,3,-2,-122
1754051990.68546,-1,1,-124
1754051990.72146,-3,-3,-122
1754051990.76046,2,-2,-117
1754051990.79746,0,-6,-117
1754051990.83646,0,-5,-113
1754051990.87246,1,0,-124
1754051990.91046,3,-1,-120
1754051990.9474602,-6,-3,-116
1754051990.9864602,-7,-1,-105
1754051991.02246,-10,-1,-113
1754051991.06046,-6,0,-125
1754051991.0984602,-2,0,-113
1754051991.13746,0,0,-119
1754051991.17346,6,6,-120
1754051991.2104602,1,3,-121
1754051991.24846,1,1,-122
1754051991.28746,-4,2,-126
1754051991.32346,5,0,-115
1754051991.36046,0,0,-115
1754051991.39846,-1,1,-116
1754051991.4374602,0,-2,-119
1754051991.4734602,0,3,-113
1754051991.51046,0,0,-114
1754051991.54846,-8,-4,-121
1754051991.58746,1,0,-107
1754051991.62346,0,-3,-122
1754051991.66046,0,-1,-120
1754051991.69846,2,-8,-122
1754051991.73746,0,-2,-106
1754051991.77346,2,-5,-109
1754051991.81146,6,-6,-120
1754051991.85046,-3,-1,-118
1754051991.8884602,-2,-3,-110
1754051991.92646,1,7,-116
1754051991.9634602,2,4,-114
1754051992.00046,5,1,-118
1754051992.03846,7,-3,-121
1754051992.07846,-3,3,-124
1754051992.11646,-1,0,-119
1754051992.15246,-1,-2,-124
1754051992.1904602,0,1,-126
1754051992.22846,4,-1,-119
1754051992.26746,1,-5,-126
1754051992.30346,0,-3,-120
1754051992.34146,4,-7,-121
1754051992.37946,0,-5,-116
1754051992.41846,3,-5,-122
1754051992.45646,12,-2,-114
1754051992.49246,5,-3,-118
1754051992.53046,6,4,-117
1754051992.56846,7,1,-119
1754051992.60746,4,-3,-127
1754051992.64346,11,0,-119
1754051992.68046,1,-5,-114
1754051992.71846,1,2,-113
1754051992.75746,0,7,-125
1754051992.79346,2,1,-114
1754051992.83046,-2,2,-122
1754051992.8684602,0,0,-121
1754051992.9074602,0,0,-112
1754051992.94346,0,-1,-117
1754051992.98146,-5,7,-122
1754051993.0194602,4,0,-115
1754051993.05846,6,1,-117
1754051993.09646,-1,3,-112
1754051993.13246,-3,4,-116
1754051993.1714602,-6,-3,-114
1754051993.20846,-2,0,-108
1754051993.24746,-1,-1,-105
1754051993.28346,2,-1,-115
1754051993.32146,-1,3,-127
1754051993.36046,0,-3,-120
1754051993.39846,6,2,-121
1754051993.4344602,0,1,-124
1754051993.47146,0,-4,-127
1754051993.51046,1,-2,-119
1754051993.54846,0,6,-112
1754051993.58446,0,-1,-114
1754051993.62246,3,-2,-119
1754051993.66046,6,0,-118
1754051993.69846,0,-4,-119
1754051993.73746,0,-4,-118
1754051993.77346,-6,-5,-119
1754051993.81146,-3,-1,-115
1754051993.8484602,-1,0,-112
1754051993.88746,-1,-1,-113
1754051993.92346,3,0,-111
1754051993.9604602,0,-5,-110
1754051993.99846,5,1,-123
1754051994.03746,4,-7,-123
1754051994.07346,9,-5,-127
1754051994.1114602,2,0,-117
1754051994.14946,2,5,-111
1754051994.18846,-1,0,-126
1754051994.22446,-4,-2,-122
1754051994.26246,3,-4,-124
1754051994.30146,3,4,-114
1754051994.33946,5,0,-116
1754051994.37746,1,3,-124
1754051994.41346,2,-1,-115
1754051994.45146,-4,-2,-119
1754051994.48946,-3,4,-131
1754051994.52846,1,0,-118
1754051994.56446,1,0,-109
1754051994.60146,0,-5,-110
1754051994.63946,1,-3,-121
1754051994.67846,-2,4,-100
1754051994.71446,0,0,-120
1754051994.75146,0,1,-123
1754051994.7894602,1,-1,-130
1754051994.82846,8,-3,-124
1754051994.86446,2,0,-111
1754051994.9014602,4,1,-111
1754051994.93946,-2,1,-109
1754051994.97846,5,-1,-114
1754051995.01446,0,2,-124
1754051995.05146,-1,2,-119
1754051995.08946,4,-1,-127
1754051995.1284602,5,-2,-124
1754051995.1644602,3,-6,-117
1754051995.20246,2,-1,-114
1754051995.2404602,0,4,-113
1754051995.2794602,2,-6,-116
1754051995.3154602,6,-2,-118
1754051995.35446,7,0,-109
1754051995.39346,7,-2,-107
1754051995.43046,3,-4,-117
1754051995.46946,4,2,-118
1754051995.50546,1,0,-102
1754051995.5424602,0,0,-112
1754051995.58046,-6,-3,-117
1754051995.61946,1,-5,-124
1754051995.65546,5,-1,-112
1754051995.69346,9,0,-113
1754051995.73146,6,0,-114
1754051995.77046,0,0,-121
1754051995.80846,1,-2,-110
1754051995.84446,4,-6,-118
1754051995.8814602,0,-6,-127
1754051995.91946,3,-1,-119
1754051995.95846,-2,-2,-120
1754051995.99446,0,-2,-119
1754051996.0324602,-1,4,-117
1754051996.07046,3,3,-125
1754051996.10946,6,-7,-109
1754051996.14646,4,-8,-117
1754051996.18346,15,1,-118
1754051996.22146,3,1,-108
1754051996.26046,1,-3,-123
1754051996.29846,2,-9,-124
1754051996.33446,0,-4,-129
1754051996.37246,0,-3,-117
1754051996.41046,6,7,-118
1754051996.44946,4,3,-124
1754051996.48546,6,3,-117
1754051996.52246,-3,-2,-110
1754051996.56046,-2,-1,-113
1754051996.59946,0,1,-118
1754051996.63546,-5,2,-120
1754051996.67346,-2,-2,-115
1754051996.71146,-1,0,-119
1754051996.75046,4,2,-128
1754051996.78846,-6,-6,-106
1754051996.82446,-6,1,-109
1754051996.86246,-5,2,-109
1754051996.90046,-2,-4,-123
1754051996.93946,-3,-5,-125
1754051996.97546,6,-1,-123
1754051997.01246,4,-3,-112
1754051997.05146,8,1,-118
1754051997.08946,5,-1,-119
1754051997.12546,0,-8,-121
1754051997.1644602,-2,-7,-121
1754051997.20146,7,-3,-133
1754051997.2404602,8,-1,-118
1754051997.27846,1,-3,-112
1754051997.31446,2,-2,-116
1754051997.35246,3,0,-131
1754051997.39046,4,1,-122
1754051997.42946,-4,-4,-113
1754051997.46546,2,-1,-112
1754051997.50446,-2,2,-106
1754051997.54146,-2,-1,-114
1754051997.58046,3,-5,-125
1754051997.61646,0,1,-113
1754051997.65346,-1,-4,-123
1754051997.69246,0,-11,-125
1754051997.7304602,3,0,-116
1754051997.7664602,4,0,-118
1754051997.80346,4,0,-120
1754051997.8424602,2,1,-122
1754051997.88046,-1,12,-115
1754051997.91646,-1,1,-112
1754051997.95446,-3,-2,-111
1754051997.99246,-5,3,-121
1754051998.03046,-1,0,-120
1754051998.0694602,-8,7,-110
1754051998.1054602,-5,-2,-106
1754051998.14346,1,-5,-117
1754051998.18146,-3,-5,-113
1754051998.2204602,-4,-1,-118
1754051998.2564602,0,1,-125
1754051998.29346,0,4,-124
1754051998.33146,-3,2,-123
1754051998.37046,-4,0,-119
1754051998.40646,2,6,-120
1754051998.44346,8,-5,-117
1754051998.48146,-4,-2,-117
1754051998.52046,0,5,-120
1754051998.55646,1,3,-113
1754051998.59346,-1,1,-120
1754051998.6314602,0,-2,-125
1754051998.67046,-4,-7,-121
1754051998.70646,-4,3,-113
1754051998.75246,-2,5,-115
1754051998.79046,2,-2,-126
1754051998.82646,11,0,-116
1754051998.86446,2,-2,-120
1754051998.90246,-2,4,-123
1754051998.94146,0,0,-118
1754051998.97946,-4,2,-119
1754051999.01546,-4,0,-116
1754051999.05346,-3,7,-115
1754051999.0924602,4,3,-116
1754051999.13046,0,5,-114
1754051999.16646,-2,3,-118
1754051999.20446,-1,0,-109
1754051999.24246,0,0,-129
1754051999.28146,-7,-5,-130
1754051999.3194602,3,-3,-127
1754051999.3554602,6,-1,-119
1754051999.39346,9,1,-124
1754051999.43146,3,-3,-111
1754051999.4704602,-2,-4,-122
1754051999.5064602,0,-2,-130
1754051999.54446,-2,-3,-125
1754051999.5824602,6,-4,-112
1754051999.6214602,2,3,-114
1754051999.6574602,-1,3,-116
1754051999.69546,0,1,-117
1754051999.7334602,0,-1,-114
1754051999.77146,1,-4,-115
1754051999.81046,-5,1,-117
1754051999.84646,-8,-1,-109
1754051999.88546,-2,0,-106
1754051999.92246,-6,-1,-111
1754051999.96146,8,-5,-122
1754051999.99746,4,-4,-132
1754052000.03546,9,-5,-129
1754052000.07346,5,-2,-123
1754052000.1114602,-2,-6,-122
1754052000.15046,-1,-3,-117
1754052000.18646,-2,0,-117
1754052000.22446,-7,0,-119
1754052000.26246,-7,-1,-118
1754052000.30146,-8,0,-116
1754052000.33746,-5,-1,-121
1754052000.37546,-5,-1,-112
1754052000.4144602,0,0,-101
1754052000.45246,0,4,-112
1754052000.4904602,1,-2,-115
1754052000.5264602,1,-4,-112
1754052000.56446,4,-3,-126
1754052000.60246,3,-7,-119
1754052000.6414602,1,0,-109
1754052000.68046,-2,5,-116
1754052000.71646,0,4,-111
1754052000.7534602,1,-1,-118
1754052000.7924602,-5,2,-112
1754052000.83046,-1,8,-110
1754052000.86646,8,2,-123
1754052000.90546,3,2,-120
1754052000.94246,7,2,-124
1754052000.98146,2,1,-116
1754052001.01746,4,3,-105
1754052001.05546,6,7,-110
1754052001.09446,3,8,-116
1754052001.13246,0,2,-120
1754052001.17046,-2,9,-113
1754052001.20646,-3,-2,-115
1754052001.24446,2,-7,-115
1754052001.2824602,0,0,-110
1754052001.32146,3,0,-119
1754052001.35746,2,0,-122
1754052001.3944602,9,-4,-122
1754052001.43246,9,-3,-131
1754052001.47146,1,-4,-116
1754052001.50746,8,-11,-120
1754052001.54546,4,0,-124
1754052001.58346,1,4,-119
1754052001.62246,0,-1,-114
1754052001.65846,0,-6,-120
1754052001.69646,4,4,-121
1754052001.7334602,9,2,-123
1754052001.77246,7,-7,-120
1754052001.80846,0,-2,-117
1754052001.84646,1,-3,-116
1754052001.8844602,0,-2,-116
1754052001.92246,-5,0,-118
1754052001.96146,0,-4,-120
1754052001.99746,-1,3,-125
1754052002.03546,-4,4,-115
1754052002.07346,0,-2,-121
1754052002.11246,-9,-4,-131
1754052002.14846,-2,0,-117
1754052002.18646,0,-3,-111
1754052002.22446,0,0,-117
1754052002.26246,2,0,-111
1754052002.30146,10,0,-109
1754052002.33746,10,-4,-111
1754052002.37546,5,0,-118
1754052002.41346,-12,0,-120
1754052002.45246,-5,0,-132
1754052002.48846,-4,0,-132
1754052002.5264602,-8,-2,-134
1754052002.56446,-7,0,-129
1754052002.60346,0,0,-123
1754052002.6414602,-1,5,-116
1754052002.6774602,0,3,-123
1754052002.71446,2,3,-125
1754052002.7534602,1,3,-117
1754052002.79146,0,2,-114
1754052002.82746,0,4,-122
1754052002.8654602,0,-2,-112
1754052002.90346,-4,2,-112
1754052002.94246,-3,4,-120
1754052002.97846,-3,0,-118
1754052003.0164602,-3,2,-113
1754052003.05446,-2,1,-117
1754052003.09346,-3,0,-120
1754052003.1314602,-7,-6,-113
1754052003.1674602,-5,2,-123
1754052003.20546,1,3,-118
1754052003.2434602,-3,1,-118
1754052003.2824602,4,2,-109
1754052003.31846,1,0,-118
1754052003.3554602,0,-2,-116
1754052003.39346,2,-4,-117
1754052003.43246,1,1,-125
1754052003.46846,0,0,-118
1754052003.50546,2,0,-122
1754052003.54446,-1,0,-116
1754052003.5824602,-6,-6,-121
1754052003.6184602,-7,-2,-124
1754052003.65646,-4,-2,-124
1754052003.6944602,-5,2,-130
1754052003.7334602,0,0,-131
1754052003.7694602,0,-2,-121
1754052003.80746,2,0,-120
1754052003.8454602,-1,0,-126
1754052003.88346,-4,-2,-129
1754052003.92246,-1,-5,-119
1754052003.95846,5,-2,-121
1754052003.9964602,-1,5,-120
1754052004.03546,5,4,-116
1754052004.07346,-4,-4,-112
1754052004.10946,-8,-7,-122
1754052004.14846,0,-8,-121
1754052004.18546,2,-2,-121
1754052004.2234602,-7,0,-116
1754052004.26246,-2,-2,-118
1754052004.29846,-1,0,-121
1754052004.3354602,-6,-2,-122
1754052004.37346,0,-6,-117
1754052004.41246,8,-7,-112
1754052004.44846,8,0,-117
1754052004.48546,4,0,-116
1754052004.52446,5,-5,-115
1754052004.5624602,5,0,-111
1754052004.5984602,5,-8,-112
1754052004.63646,4,1,-121
1754052004.6744602,2,-4,-123
1754052004.7134602,1,0,-115
1754052004.74946,3,-2,-120
1754052004.78746,4,-2,-122
1754052004.8254602,-2,-6,-122
1754052004.86446,2,0,-126
1754052004.90246,8,-5,-124
1754052004.93846,7,-1,-115
1754052004.97646,5,-1,-111
1754052005.01546,7,-1,-117
1754052005.05346,1,3,-123
1754052005.08946,12,4,-123
1754052005.12646,2,3,-113
1754052005.16546,1,0,-116
1754052005.20346,-1,-2,-118
1754052005.23946,11,-2,-119
1754052005.27846,4,-2,-117
1754052005.3154602,5,2,-112
1754052005.35446,-6,-1,-121
1754052005.39246,0,5,-123
1754052005.42846,2,1,-113
1754052005.46546,1,-4,-121
1754052005.50446,0,0,-122
1754052005.5424602,-1,0,-127
1754052005.57846,2,-1,-120
1754052005.61646,2,0,-123
1754052005.6544602,-4,3,-117
1754052005.69346,1,1,-124
1754052005.72946,0,-1,-113
1754052005.76746,-1,-3,-109
1754052005.80546,2,-4,-117
1754052005.84446,-1,-5,-110
1754052005.88046,-2,-6,-107
1754052005.91946,-8,-8,-112
1754052005.95646,-6,-1,-121
1754052005.99546,0,-5,-110
1754052006.03346,4,0,-114
1754052006.0694602,7,-3,-117
1754052006.10746,12,-1,-119
1754052006.14546,3,2,-119
1754052006.1844602,2,8,-111
1754052006.2204602,0,3,-109
1754052006.25846,5,0,-120
1754052006.2964602,1,6,-127
1754052006.33446,-1,-4,-121
1754052006.37346,0,1,-121
1754052006.41046,-7,2,-120
1754052006.4474602,0,6,-116
1754052006.4864602,8,-3,-105
1754052006.52446,-1,1,-118
1754052006.56046,-4,5,-124
1754052006.5984602,-4,-2,-109
1754052006.63646,1,0,-121
1754052006.67546,0,0,-112
1754052006.7134602,-4,-1,-110
1754052006.74946,-3,6,-117
1754052006.78746,0,4,-116
1754052006.8254602,-2,-3,-126
1754052006.86446,-2,7,-123
1754052006.90046,2,4,-117
1754052006.93846,3,2,-125
1754052006.97646,0,-2,-128
1754052007.01546,2,-1,-115
1754052007.05346,7,3,-114
1754052007.08946,4,3,-127
1754052007.12646,-6,4,-111
1754052007.16546,-4,0,-123
1754052007.20346,0,-3,-110
1754052007.23946,2,-5,-108
1754052007.27746,1,-3,-112
1754052007.3154602,5,-8,-113
1754052007.35446,-3,-4,-108
1754052007.39046,-5,1,-105
1754052007.42846,-2,0,-110
1754052007.46646,0,2,-115
1754052007.50546,-4,-3,-106
1754052007.54346,0,0,-116
1754052007.57946,5,0,-114
1754052007.61646,-3,-1,-105
1754052007.65546,-4,0,-118
1754052007.69346,4,-3,-113
1754052007.72946,7,2,-134
1754052007.7664602,6,7,-124
1754052007.80546,-2,-3,-125
1754052007.84146,3,-9,-124
1754052007.87946,-1,-4,-115
1754052007.9174602,0,2,-120
1754052007.95646,-4,1,-121
1754052007.99446,2,-1,-112
1754052008.03046,2,4,-124
1754052008.06846,1,0,-118
1754052008.10646,4,-4,-118
1754052008.14546,4,-6,-120
1754052008.18146,0,2,-129
1754052008.21846,-2,-3,-121
1754052008.25746,-7,0,-119
1754052008.29546,0,-1,-117
1754052008.33146,2,0,-123
1754052008.3684602,0,2,-121
1754052008.40646,-3,0,-114
1754052008.44546,4,1,-105
1754052008.48146,3,5,-117
1754052008.51846,-1,1,-128
1754052008.55646,-1,-2,-121
1754052008.5954602,-2,4,-116
1754052008.6314602,-3,6,-120
1754052008.66946,-7,0,-109
1754052008.7074602,-1,1,-115
1754052008.7464602,-4,0,-116
1754052008.79046,0,-2,-121
1754052008.82946,-3,-3,-130
1754052008.86646,-8,4,-132
1754052008.90546,1,0,-125
1754052008.94146,-3,-3,-121
1754052008.97946,2,4,-112
1754052009.01746,0,0,-122
1754052009.05646,2,-1,-112
1754052009.09446,8,0,-114
1754052009.13046,3,0,-109
1754052009.1674602,1,1,-117
1754052009.20646,0,-7,-121
1754052009.24446,-4,-9,-118
1754052009.28046,3,-2,-118
1754052009.31846,0,2,-113
1754052009.35746,-2,0,-109
1754052009.39546,-3,4,-106
1754052009.43246,5,0,-103
1754052009.46946,0,3,-104
1754052009.50746,-5,10,-111
1754052009.5464602,4,2,-108
1754052009.58446,1,-4,-117
1754052009.62046,-1,-1,-111
1754052009.65846,-1,2,-117
1754052009.69646,0,6,-112
1754052009.73546,-5,5,-107
1754052009.77146,-8,0,-106
1754052009.8094602,0,0,-102
1754052009.84746,2,-4,-126
1754052009.88646,-7,-3,-119
1754052009.9244602,-4,-2,-121
1754052009.96146,-3,-5,-119
1754052009.99946,-2,-1,-115
1754052010.03746,3,-1,-117
1754052010.07646,8,3,-118
1754052010.11246,7,2,-109
1754052010.14946,0,6,-116
1754052010.1874602,2,-5,-111
1754052010.22646,2,-4,-112
1754052010.26246,3,-2,-109
1754052010.30046,-9,-4,-115
1754052010.3384602,-1,0,-119
1754052010.37646,0,0,-123
1754052010.41546,0,4,-120
1754052010.45146,-2,5,-128
1754052010.48946,2,-3,-127
1754052010.52746,-2,-2,-119
1754052010.56646,-5,-1,-115
1754052010.60246,-6,0,-109
1754052010.64046,6,2,-117
1754052010.67846,6,6,-113
1754052010.71646,1,8,-115
1754052010.75546,0,1,-109
1754052010.79146,-2,-1,-107
1754052010.82946,-2,9,-112
1754052010.86746,2,2,-118
1754052010.90646,3,-2,-108
1754052010.94246,4,-3,-120
1754052010.9804602,2,2,-114
1754052011.0194602,1,6,-122
1754052011.05746,2,2,-120
1754052011.0954602,4,-3,-114
1754052011.1314602,5,2,-111
1754052011.17046,5,2,-110
1754052011.2074602,0,0,-114
1754052011.2464602,5,-2,-125
1754052011.2824602,3,0,-120
1754052011.3194602,8,-4,-116
1754052011.35746,1,-1,-123
1754052011.39646,5,1,-129
1754052011.43246,0,-2,-111
1754052011.4704602,0,-2,-121
1754052011.50846,0,1,-118
1754052011.54746,3,3,-117
1754052011.5854602,8,0,-119
1754052011.6214602,10,1,-116
1754052011.65846,9,-2,-126
1754052011.6974602,-3,6,-130
1754052011.73546,0,3,-126
1754052011.77146,1,1,-117
1754052011.80846,6,-4,-117
1754052011.84746,-4,-1,-114
1754052011.88546,-6,-1,-118
1754052011.9214602,-6,-3,-116
1754052011.95946,-2,-1,-124
1754052011.99746,-1,3,-120
1754052012.0364602,-9,2,-112
1754052012.0724602,-3,-1,-116
1754052012.11046,0,-1,-120
1754052012.14846,-4,-1,-131
1754052012.1874602,-7,-2,-126
1754052012.2234602,-8,-6,-116
1754052012.26146,-4,-1,-118
1754052012.30046,2,3,-106
1754052012.33746,1,0,-116
1754052012.37646,0,-1,-124
1754052012.41246,-2,0,-117
1754052012.4504602,-3,-2,-111
1754052012.48846,0,-1,-119
1754052012.52746,0,0,-124
1754052012.56346,0,2,-113
1754052012.60046,8,2,-122
1754052012.6384602,-3,-2,-120
1754052012.6774602,4,-5,-114
1754052012.7134602,6,0,-112
1754052012.75046,5,-1,-116
1754052012.78846,-2,0,-112
1754052012.82746,2,0,-117
1754052012.86646,1,0,-124
1754052012.90246,7,1,-122
1754052012.93946,0,1,-127
1754052012.97846,9,0,-124
1754052013.0164602,10,-1,-123
1754052013.0524602,8,3,-121
1754052013.09046,3,-5,-118
1754052013.1284602,10,-1,-106
1754052013.1674602,7,-4,-121
1754052013.20346,3,-2,-114
1754052013.24146,2,1,-117
1754052013.2794602,0,1,-114
1754052013.31846,1,0,-110
1754052013.35646,5,-4,-117
1754052013.39246,4,-3,-125
1754052013.43046,2,0,-119
1754052013.46946,-4,-5,-117
1754052013.50746,-6,-1,-111
1754052013.54346,2,-6,-115
1754052013.58146,-6,-5,-122
1754052013.61946,-1,3,-122
1754052013.65846,-3,6,-131
1754052013.69646,-2,1,-127
1754052013.73246,0,4,-128
1754052013.7694602,2,-2,-122
1754052013.80846,3,0,-115
1754052013.84646,-4,-5,-118
1754052013.88246,-3,-4,-126
1754052013.91946,-3,1,-120
1754052013.95846,0,-2,-115
1754052013.99446,0,-2,-103
1754052014.0324602,2,-4,-114
1754052014.07046,3,-2,-99
1754052014.1084602,1,-1,-121
1754052014.14746,-4,-2,-113
1754052014.18346,-1,-9,-121
1754052014.22146,0,1,-109
1754052014.2594602,0,0,-112
1754052014.29846,4,4,-113
1754052014.33446,-2,0,-108
1754052014.3714602,-1,-2,-112
1754052014.40946,1,-1,-110
1754052014.44846,1,-1,-114
1754052014.48446,-1,-2,-128
1754052014.52246,0,-7,-123
1754052014.56046,0,-2,-114
1754052014.5984602,4,0,-120
1754052014.63746,8,-5,-115
1754052014.67346,4,-3,-122
1754052014.71146,2,2,-104
1754052014.74946,0,0,-114
1754052014.78846,0,5,-117
1754052014.82446,-4,3,-120
1754052014.86346,-6,0,-126
1754052014.90046,-8,0,-115
1754052014.93946,1,0,-110
1754052014.97746,1,-3,-118
1754052015.0134602,3,-4,-119
1754052015.05146,1,0,-132
1754052015.08946,-1,0,-119
1754052015.1284602,-4,0,-111
1754052015.1644602,-8,0,-116
1754052015.20246,1,-7,-124
1754052015.2404602,0,-6,-121
1754052015.2794602,6,-2,-114
1754052015.31746,0,-1,-114
1754052015.35346,0,0,-103
1754052015.39046,1,1,-107
1754052015.42946,-5,2,-107
1754052015.4674602,6,3,-117
1754052015.5034602,1,0,-119
1754052015.54146,-1,-5,-117
1754052015.57946,2,-11,-103
1754052015.61746,2,-5,-105
1754052015.65346,6,-4,-112
1754052015.69146,2,-2,-113
1754052015.7304602,-2,-6,-113
1754052015.76846,-7,-4,-110
1754052015.80446,0,-3,-107
1754052015.8424602,-7,-1,-102
1754052015.88046,-6,-3,-103
1754052015.91946,0,-5,-105
1754052015.9574602,0,-1,-113
1754052015.9934602,-2,2,-120
1754052016.03146,4,-1,-109
1754052016.0694602,-3,-1,-126
1754052016.1084602,7,0,-116
1754052016.1444602,1,1,-116
1754052016.18246,5,-1,-120
1754052016.2204602,6,3,-116
1754052016.2594602,-1,-3,-111
1754052016.29546,-3,-4,-116
1754052016.33446,0,-2,-120
1754052016.3714602,-2,-4,-120
1754052016.40946,6,6,-123
1754052016.44846,7,0,-131
1754052016.48446,0,4,-124
1754052016.52146,-3,2,-122
1754052016.5594602,-4,0,-118
1754052016.5984602,7,-4,-115
1754052016.6344602,0,3,-112
1754052016.6714602,-8,2,-105
1754052016.70946,-6,-6,-114
1754052016.74846,2,-5,-123
1754052016.78446,0,-2,-125
1754052016.8224602,2,3,-106
1754052016.86046,8,1,-114
1754052016.89946,5,3,-115
1754052016.93546,3,4,-123
1754052016.9734602,11,-3,-130
1754052017.01146,7,-5,-123
1754052017.05046,0,-4,-123
1754052017.0884602,0,-3,-114
1754052017.12446,-1,-10,-133
1754052017.16246,8,0,-112
1754052017.2004602,2,-5,-127
1754052017.23946,0,0,-117
1754052017.27546,-1,0,-118
1754052017.31346,-1,2,-110
1754052017.35146,3,-3,-118
1754052017.39046,-5,1,-124
1754052017.42846,0,3,-112
1754052017.46446,4,0,-113
1754052017.50146,4,1,-126
1754052017.54046,0,-2,-128
1754052017.57846,6,-2,-129
1754052017.61446,6,0,-125
1754052017.6514602,-1,2,-110
1754052017.6904602,-3,-3,-117
1754052017.72846,-5,2,-116
1754052017.76446,-9,7,-111
1754052017.8024602,-1,-4,-119
1754052017.84046,5,-1,-116
1754052017.87946,-4,-4,-117
1754052017.91546,-1,-6,-121
1754052017.95346,-5,-3,-123
1754052017.99246,5,-5,-119
1754052018.03046,5,-5,-122
1754052018.06846,3,-6,-117
1754052018.1054602,8,-5,-118
1754052018.14246,-1,-2,-124
1754052018.18046,-1,-3,-115
1754052018.21946,0,-1,-121
1754052018.25546,-2,0,-125
1754052018.2924602,-5,-4,-119
1754052018.33046,1,-4,-117
1754052018.36946,6,-2,-118
1754052018.40546,-2,-4,-118
1754052018.44346,2,1,-121
1754052018.48146,3,4,-117
1754052018.52046,0,0,-111
1754052018.55646,-4,0,-120
1754052018.59346,-5,-1,-114
1754052018.6314602,2,-6,-116
1754052018.67046,0,-3,-119
1754052018.7074602,0,1,-110
1754052018.74446,-4,0,-108
1754052018.7824602,2,1,-107
1754052018.82646,-2,-2,-123
1754052018.86446,0,-8,-112
1754052018.90246,0,-5,-113
1754052018.9404602,3,1,-108
1754052018.97946,8,4,-117
1754052019.01546,11,0,-119
1754052019.0524602,0,0,-124
1754052019.09146,0,2,-126
1754052019.12946,5,-3,-114
1754052019.16546,0,-1,-122
1754052019.20346,-4,0,-120
1754052019.24146,-4,-3,-118
1754052019.28046,-4,0,-128
1754052019.31646,1,4,-123
1754052019.35346,-6,4,-123
1754052019.39246,1,1,-118
1754052019.43046,-2,6,-123
1754052019.46646,0,3,-119
1754052019.5034602,2,-3,-117
1754052019.5424602,-2,-9,-115
1754052019.58046,9,-5,-103
1754052019.61646,14,0,-114
1754052019.65346,2,-2,-122
1754052019.69146,0,-3,-109
1754052019.7304602,6,3,-115
1754052019.7664602,6,5,-116
1754052019.80346,4,1,-127
1754052019.8424602,6,-2,-115
1754052019.88046,2,0,-123
1754052019.91646,8,1,-117
1754052019.95446,-1,1,-112
1754052019.99246,1,-5,-118
1754052020.03146,0,-7,-111
1754052020.0694602,0,0,-120
1754052020.1054602,2,1,-118
1754052020.14246,-1,3,-115
1754052020.18146,-3,-3,-119
1754052020.21946,-3,-8,-116
1754052020.25546,1,-5,-116
1754052020.29346,0,0,-115
1754052020.33146,0,0,-115
1754052020.37046,-5,-6,-120
1754052020.40646,3,-2,-114
1754052020.4444602,-3,0,-118
1754052020.48246,0,0,-121
1754052020.52146,1,0,-119
1754052020.55746,-2,1,-122
1754052020.5954602,-4,-2,-118
1754052020.63346,-7,0,-118
1754052020.6714602,-3,0,-123
1754052020.7104602,1,0,-115
1754052020.7464602,9,-4,-117
1754052020.78446,10,0,-106
1754052020.8224602,-3,-2,-121
1754052020.8614602,1,2,-116
1754052020.89746,4,-3,-124
1754052020.9344602,3,1,-128
1754052020.97246,1,-2,-121
1754052021.01146,-8,-7,-123
1754052021.04746,5,-1,-113
1754052021.0854602,7,0,-118
1754052021.12346,2,4,-106
1754052021.16246,4,-5,-117
1754052021.2004602,4,-3,-115
1754052021.2364602,0,-6,-120
1754052021.27446,-4,2,-119
1754052021.3124602,0,-2,-120
1754052021.35146,-3,0,-129
1754052021.38746,-1,-1,-116
1754052021.42546,1,-3,-124
1754052021.46446,0,-1,-111
1754052021.50246,0,0,-118
1754052021.54046,3,-3,-118
1754052021.57646,1,-1,-117
1754052021.61446,-5,-7,-115
1754052021.65246,0,0,-122
1754052021.69146,0,-5,-124
1754052021.72746,2,1,-115
1754052021.76446,1,0,-115
1754052021.8024602,2,-4,-112
1754052021.84146,-3,-10,-107
1754052021.87746,0,-12,-121
1754052021.91546,0,0,-118
1754052021.95346,1,-5,-116
1754052021.99246,2,-2,-119
1754052022.03046,6,-2,-130
1754052022.06646,7,3,-123
1754052022.10446,0,-4,-110
1754052022.14246,0,0,-120
1754052022.18146,-4,0,-125
1754052022.2174602,-2,-3,-106
1754052022.25546,-7,0,-110
1754052022.29346,0,0,-120
1754052022.3324602,0,-3,-116
1754052022.3684602,-2,-3,-117
1754052022.40646,7,0,-118
1754052022.4444602,-5,-2,-121
1754052022.48246,0,-7,-115
1754052022.52146,3,-6,-107
1754052022.55746,0,-7,-115
1754052022.5954602,-2,0,-117
1754052022.63346,4,-4,-120
1754052022.67246,0,1,-118
1754052022.70846,0,-2,-119
1754052022.74546,-3,-3,-111
1754052022.78346,3,-2,-111
1754052022.8224602,0,-1,-116
1754052022.8584602,0,-6,-125
1754052022.89546,-1,1,-119
1754052022.93346,-8,-3,-119
1754052022.97246,-7,-4,-124
1754052023.00846,6,3,-107
1754052023.04546,0,-6,-114
1754052023.08346,-3,-2,-119
1754052023.12246,-8,-3,-109
1754052023.15846,0,4,-120
1754052023.19546,0,-6,-122
1754052023.2334602,0,-2,-116
1754052023.27246,9,0,-108
1754052023.30846,14,0,-110
1754052023.34646,9,0,-104
1754052023.3844602,0,-4,-111
1754052023.42346,4,1,-121
1754052023.46146,-2,4,-112
1754052023.49846,-3,0,-117
1754052023.53546,4,-12,-114
1754052023.57346,-2,-4,-113
1754052023.61246,1,-1,-121
1754052023.64846,9,-7,-135
1754052023.68646,-6,-1,-134
1754052023.72446,2,-2,-124
1754052023.7634602,7,-2,-112
1754052023.80146,-5,1,-109
1754052023.83746,0,-3,-113
1754052023.87646,4,0,-128
1754052023.91346,0,0,-126
1754052023.95246,-9,-1,-119
1754052023.98946,-4,-1,-114
1754052024.02746,5,-3,-105
1754052024.0654602,0,0,-111
1754052024.10346,6,-2,-105
1754052024.14246,4,-1,-120
1754052024.17846,3,-2,-112
1754052024.21646,2,-1,-108
1754052024.25446,3,-9,-120
1754052024.29346,3,-6,-109
1754052024.33146,1,-5,-124
1754052024.36746,-2,-4,-108
1754052024.40646,-8,-5,-110
1754052024.44346,0,-7,-123
1754052024.48246,-2,0,-123
1754052024.51846,4,0,-117
1754052024.55646,-3,3,-122
1754052024.59346,7,3,-125
1754052024.63246,6,-1,-128
1754052024.66846,5,-6,-120
1754052024.70646,-2,-3,-124
1754052024.74446,0,-6,-120
1754052024.78346,-7,-6,-119
1754052024.8194602,2,-1,-118
1754052024.85746,13,2,-109
1754052024.89546,9,-5,-113
1754052024.93346,2,-3,-119
1754052024.97246,-5,-3,-111
1754052025.00846,3,3,-110
1754052025.04546,2,0,-111
1754052025.08346,-3,-1,-121
1754052025.12246,-8,-9,-109
1754052025.15846,-6,0,-106
1754052025.19646,0,-1,-113
1754052025.23546,0,-8,-121
1754052025.27346,3,1,-116
1754052025.3094602,3,-7,-121
1754052025.3484602,0,-3,-124
1754052025.38546,2,0,-114
1754052025.4244602,4,-5,-124
1754052025.46246,-1,-3,-120
1754052025.49846,6,-7,-124
1754052025.5364602,-1,0,-116
1754052025.57446,1,0,-124
1754052025.61346,0,-3,-108
1754052025.64946,1,-4,-111
1754052025.68846,-1,-2,-110
1754052025.72546,-2,1,-110
1754052025.76446,3,2,-97
1754052025.8024602,-10,9,-106
1754052025.8384602,-7,5,-116
1754052025.87646,0,0,-125
1754052025.91546,5,-6,-122
1754052025.95346,0,-4,-118
1754052025.98946,0,-12,-126
1754052026.02746,5,-9,-134
1754052026.0654602,3,0,-127
1754052026.10446,-4,-3,-118
1754052026.14246,7,0,-114
1754052026.17846,6,0,-111
1754052026.21646,0,-4,-110
1754052026.25446,-1,-11,-112
1754052026.29346,-4,-8,-101
1754052026.32946,-2,-13,-110
1754052026.36746,-5,0,-108
1754052026.40546,5,0,-114
1754052026.4444602,4,0,-118
1754052026.48246,2,-1,-118
1754052026.51846,6,2,-117
1754052026.55546,-4,3,-120
1754052026.59446,-4,-1,-114
1754052026.63046,0,-5,-115
1754052026.66846,0,-4,-121
1754052026.70646,-6,-3,-113
1754052026.74446,-1,-7,-119
1754052026.78346,-2,-9,-115
1754052026.8194602,0,-3,-104
1754052026.85746,-2,-5,-124
1754052026.89546,-1,-8,-112
1754052026.9344602,2,-4,-117
1754052026.9704602,0,0,-112
1754052027.00846,9,0,-117
1754052027.0464602,1,0,-104
1754052027.08446,5,4,-110
1754052027.12346,6,3,-112
1754052027.15946,7,0,-129
1754052027.19646,5,-5,-113
1754052027.23446,2,0,-119
1754052027.27346,4,2,-118
1754052027.3094602,1,-1,-120
1754052027.34746,1,-4,-112
1754052027.38546,2,-9,-112
1754052027.4244602,5,-4,-117
1754052027.4604602,2,-3,-105
1754052027.49846,6,1,-106
1754052027.5364602,8,-1,-115
1754052027.5754602,4,0,-115
1754052027.61346,0,0,-114
1754052027.64946,2,-1,-124
1754052027.6874602,-4,4,-122
1754052027.72546,-8,-1,-107
1754052027.76446,-6,1,-110
1754052027.80046,-11,-1,-107
1754052027.8384602,0,0,-120
1754052027.87646,-5,-1,-122
1754052027.91546,-5,-2,-107
1754052027.95346,0,-1,-115
1754052027.98946,1,-1,-126
1754052028.02746,8,-2,-112
1754052028.0654602,2,-6,-121
1754052028.10446,5,-9,-127
1754052028.14046,0,-2,-124
1754052028.1774602,0,1,-109
1754052028.21546,0,5,-124
1754052028.25446,-2,1,-114
1754052028.29046,1,-3,-112
1754052028.32846,3,-1,-118
1754052028.36646,2,-4,-118
1754052028.40546,-3,-8,-117
1754052028.44346,0,-11,-114
1754052028.47946,-5,-4,-119
1754052028.51746,-3,-3,-121
1754052028.55546,-1,0,-123
1754052028.59446,0,-2,-116
1754052028.63046,-3,-6,-125
1754052028.66846,1,-9,-126
1754052028.7074602,9,2,-123
1754052028.74546,11,0,-122
1754052028.78146,0,-3,-116
1754052028.8194602,-1,0,-115
1754052028.8654602,-2,-2,-119
1754052028.9014602,5,-2,-122
1754052028.9404602,8,-2,-120
1754052028.97746,0,-1,-108
1754052029.0164602,-2,-6,-110
1754052029.05446,-3,-7,-112
1754052029.09046,0,-6,-119
1754052029.1284602,-2,-3,-121
1754052029.16646,-2,-3,-114
1754052029.20546,6,-6,-125
1754052029.24146,3,-1,-112
1754052029.2794602,-1,-6,-118
1754052029.31746,1,3,-121
1754052029.3554602,4,7,-117
1754052029.3944602,4,4,-110
1754052029.43046,11,0,-107
1754052029.46846,7,-9,-123
1754052029.5064602,3,-1,-128
1754052029.54546,6,-4,-118
1754052029.58146,4,-1,-119
1754052029.61946,-1,-3,-123
1754052029.6574602,3,-1,-108
1754052029.69646,-7,1,-115
1754052029.73446,2,-3,-111
1754052029.77046,5,-7,-125
1754052029.80846,0,-3,-117
1754052029.84646,-2,2,-121
1754052029.88546,5,0,-123
1754052029.9214602,2,3,-120
1754052029.95946,0,-6,-113
1754052029.99746,2,0,-107
1754052030.0364602,-9,0,-122
1754052030.07446,-1,3,-105
1754052030.11046,-1,6,-102
1754052030.14846,1,4,-112
1754052030.18646,-2,2,-124
1754052030.22546,1,3,-119
1754052030.26146,-1,0,-118
1754052030.2994602,-3,0,-115
1754052030.33746,3,2,-115
1754052030.37646,-3,0,-115
1754052030.4144602,-2,0,-110
1754052030.4504602,5,1,-113
1754052030.48746,3,0,-119
1754052030.5264602,6,6,-121
1754052030.56446,4,-1,-134
1754052030.60046,2,3,-130
1754052030.63746,5,-2,-118
1754052030.67646,4,-2,-109
1754052030.71246,0,-5,-111
1754052030.74946,-1,-4,-117
1754052030.78746,-5,-5,-108
1754052030.82646,0,3,-108
1754052030.86246,-5,3,-123
1754052030.90046,-7,-3,-112
1754052030.93846,2,-1,-120
1754052030.97746,1,-6,-111
1754052031.01546,-2,4,-123
1754052031.05146,-4,5,-122
1754052031.08946,-8,-3,-116
1754052031.12746,-9,3,-114
1754052031.16646,0,-1,-117
1754052031.20246,0,-1,-115
1754052031.24146,0,-2,-116
1754052031.27846,0,-1,-110
1754052031.31646,-2,4,-110
1754052031.3554602,-3,2,-114
1754052031.3914602,-3,5,-122
1754052031.42946,0,-1,-116
1754052031.4674602,4,-7,-134
1754052031.5064602,0,-6,-136
1754052031.5424602,2,0,-126
1754052031.57946,-2,7,-120
1754052031.61746,-2,4,-126
1754052031.65646,-2,-4,-118
1754052031.69246,0,-1,-117
1754052031.7304602,-5,1,-116
1754052031.76846,-1,-2,-128
1754052031.80746,-3,1,-125
1754052031.8454602,3,-4,-123
1754052031.8814602,0,-8,-119
1754052031.91946,0,0,-112
1754052031.9574602,1,-1,-117
1754052031.9964602,4,2,-114
1754052032.0324602,0,3,-116
1754052032.07046,4,-3,-125
1754052032.10746,-9,0,-122
1754052032.14646,-3,-1,-116
1754052032.18246,-4,1,-108
1754052032.2204602,4,1,-133
1754052032.25846,2,-4,-123
1754052032.29746,-5,0,-125
1754052032.3354602,3,0,-112
1754052032.3714602,3,0,-99
1754052032.40846,2,-4,-109
1754052032.4474602,-5,-1,-96
1754052032.48546,1,-2,-123
1754052032.52146,1,-3,-122
1754052032.5594602,1,-2,-114
1754052032.59746,-4,-9,-111
1754052032.63646,0,-3,-112
1754052032.67246,-2,-4,-101
1754052032.7104602,0,-4,-111
1754052032.74846,-1,-3,-112
1754052032.78746,-4,-5,-118
1754052032.82346,0,-8,-110
1754052032.86046,2,3,-118
1754052032.89846,7,-2,-126
1754052032.9374602,8,1,-137
1754052032.9734602,1,1,-122
1754052033.01046,-3,0,-127
1754052033.04846,5,0,-116
1754052033.08746,-5,-1,-115
1754052033.12346,-5,0,-118
1754052033.1614602,5,-2,-110
1754052033.19946,4,-3,-115
1754052033.23746,5,-3,-110
1754052033.2764602,3,0,-121
1754052033.3124602,-1,-2,-113
1754052033.35046,-2,0,-117
1754052033.3884602,-2,-1,-121
1754052033.4274602,8,-2,-124
1754052033.4634602,5,-3,-130
1754052033.50146,0,-6,-115
1754052033.5394602,3,-1,-119
1754052033.57746,1,0,-122
1754052033.61646,-9,-8,-126
1754052033.65246,-7,-5,-118
1754052033.6904602,-2,-3,-115
1754052033.72846,-2,4,-111
1754052033.76746,-10,2,-108
1754052033.80346,-2,3,-114
1754052033.84146,0,4,-115
1754052033.87946,5,0,-118
1754052033.91846,-3,0,-122
1754052033.95646,3,5,-116
1754052033.99246,-2,2,-115
1754052034.03046,0,6,-125
1754052034.06846,-1,5,-134
1754052034.10746,-2,2,-119
1754052034.14346,-4,0,-134
1754052034.18146,-1,6,-121
1754052034.21946,-4,2,-122
1754052034.25846,1,0,-115
1754052034.2964602,-4,0,-127
1754052034.3324602,0,0,-123
1754052034.36946,-8,0,-125
1754052034.40846,-7,-9,-121
1754052034.44646,-2,-8,-115
1754052034.48246,-1,-12,-122
1754052034.52146,0,-10,-113
1754052034.55846,-1,-6,-124
1754052034.59746,-5,-1,-119
1754052034.6344602,0,-2,-107
1754052034.6714602,-2,-2,-106
1754052034.70946,-2,-1,-116
1754052034.74846,0,-1,-128
1754052034.7864602,4,-3,-126
1754052034.8224602,3,-2,-118
1754052034.86046,2,-2,-116
1754052034.89946,4,-7,-129
1754052034.9374602,1,0,-123
1754052034.9734602,8,-1,-124
1754052035.01146,0,-1,-114
1754052035.0494602,1,-2,-113
1754052035.0884602,3,-5,-118
1754052035.12546,-3,-4,-118
1754052035.16246,3,0,-126
1754052035.2004602,2,-1,-128
1754052035.23846,-3,-2,-110
1754052035.27746,4,-5,-114
1754052035.31346,0,-8,-115
1754052035.35046,-2,2,-134
1754052035.3884602,3,1,-127
1754052035.4274602,7,6,-129
1754052035.4634602,7,4,-127
1754052035.50046,3,5,-118
1754052035.53846,-1,2,-115
1754052035.57746,0,0,-104
1754052035.61346,0,1,-110
1754052035.65046,-3,2,-122
1754052035.68846,0,-1,-115
1754052035.72746,0,-1,-111
1754052035.7634602,-1,-1,-113
1754052035.80146,2,-4,-124
1754052035.83946,2,0,-117
1754052035.8784602,0,1,-111
1754052035.9144602,-2,-6,-118
1754052035.95246,0,-1,-118
1754052035.9904602,-1,0,-120
1754052036.0294602,2,2,-120
1754052036.06746,-3,-2,-122
1754052036.10346,-3,2,-123
1754052036.1414602,0,4,-132
1754052036.17946,5,3,-124
1754052036.21846,3,6,-116
1754052036.25446,0,0,-110
1754052036.29146,0,-1,-110
1754052036.32946,0,0,-105
1754052036.3684602,-3,2,-119
1754052036.4044602,-2,2,-122
1754052036.44246,6,-1,-123
1754052036.4804602,0,0,-118
1754052036.5194602,2,9,-113
1754052036.55746,0,-7,-124
1754052036.59346,0,-12,-119
1754052036.6314602,0,-9,-125
1754052036.66946,-3,-3,-108
1754052036.70846,0,-1,-102
1754052036.74446,2,0,-110
1754052036.78146,0,-9,-113
1754052036.8194602,5,-4,-115
1754052036.8584602,-5,0,-104
1754052036.8944602,0,-2,-106
1754052036.93246,3,-5,-123
1754052036.9704602,0,-1,-122
1754052037.0094602,0,1,-123
1754052037.04546,1,0,-117
1754052037.0824602,-4,1,-123
1754052037.12046,-3,0,-125
1754052037.15946,0,0,-128
1754052037.19546,7,0,-125
1754052037.2334602,4,-1,-122
1754052037.27046,0,1,-116
1754052037.3094602,2,1,-111
1754052037.3454602,4,2,-113
1754052037.38246,0,2,-112
1754052037.42046,-2,0,-104
1754052037.45946,6,-5,-107
1754052037.49546,0,0,-106
1754052037.53346,2,0,-116
1754052037.57046,-2,1,-108
1754052037.60946,0,-2,-114
1754052037.64546,4,-3,-119
1754052037.68346,8,-5,-115
1754052037.72146,6,-10,-120
1754052037.7594602,9,1,-117
1754052037.79846,6,2,-114
1754052037.83446,2,6,-115
1754052037.8714602,2,1,-124
1754052037.91046,1,1,-120
1754052037.94846,-3,1,-118
1754052037.98446,0,-2,-116
1754052038.02246,0,-1,-118
1754052038.06046,3,2,-112
1754052038.09946,8,-4,-110
1754052038.13546,0,-3,-109
1754052038.17346,0,-2,-114
1754052038.21146,2,1,-111
1754052038.25046,4,-3,-122
1754052038.28846,0,-3,-114
1754052038.32446,2,-4,-111
1754052038.36346,7,0,-124
1754052038.4014602,0,0,-123
1754052038.43946,5,4,-113
1754052038.47646,3,3,-115
1754052038.5134602,-3,-3,-113
1754052038.55146,6,-7,-114
1754052038.59046,10,0,-116
1754052038.6284602,4,-6,-119
1754052038.6644602,0,0,-130
1754052038.70146,5,2,-129
1754052038.7404602,3,-2,-113
1754052038.77846,2,0,-121
1754052038.81446,7,0,-118
1754052038.85146,8,-2,-119
1754052038.89646,-5,-5,-125
1754052038.93346,0,-1,-118
1754052038.97246,6,3,-116
1754052039.01046,2,0,-119
1754052039.04846,2,1,-130
1754052039.08446,-3,-2,-124
1754052039.12246,-2,-6,-113
1754052039.16046,6,-6,-116
1754052039.19946,6,-3,-112
1754052039.23546,4,-4,-112
1754052039.27346,-2,3,-111
1754052039.31146,-1,-3,-113
1754052039.35046,2,-4,-112
1754052039.38646,2,-9,-116
1754052039.4244602,1,-1,-115
1754052039.4634602,1,0,-121
1754052039.50046,-3,0,-117
1754052039.5394602,2,2,-119
1754052039.5754602,4,-2,-118
1754052039.61346,0,-2,-123
1754052039.6514602,-1,-6,-112
1754052039.6904602,0,-9,-110
1754052039.72646,-1,-2,-112
1754052039.76446,-3,0,-121
1754052039.8024602,0,0,-118
1754052039.84046,-3,0,-113
1754052039.87946,4,0,-121
1754052039.91546,3,2,-116
1754052039.95246,0,8,-127
1754052039.99146,10,-8,-116
1754052040.0294602,6,-8,-116
1754052040.0654602,4,-7,-113
1754052040.10346,-7,0,-114
1754052040.1414602,2,-6,-112
1754052040.18046,1,-3,-119
1754052040.21646,0,0,-123
1754052040.25446,1,3,-107
1754052040.2924602,8,-3,-113
1754052040.33146,0,-2,-124
1754052040.36946,6,-6,-119
1754052040.40546,2,0,-117
1754052040.44246,-2,-2,-125
1754052040.48146,-4,2,-118
1754052040.5194602,-6,2,-129
1754052040.55546,1,0,-120
1754052040.5924602,0,-1,-110
1754052040.6314602,-1,-7,-116
1754052040.66946,-12,-5,-115
1754052040.70546,-4,-2,-116
1754052040.7434602,-7,-2,-121
1754052040.78146,1,6,-106
1754052040.82046,5,-1,-105
1754052040.85646,0,0,-120
1754052040.89346,9,2,-112
1754052040.93146,10,1,-113
1754052040.9704602,0,-7,-104
1754052041.0064602,7,-10,-112
1754052041.04446,8,-10,-117
1754052041.0824602,6,-7,-117
1754052041.1214602,4,-5,-132
1754052041.1574602,-1,-2,-126
1754052041.19546,7,-2,-112
1754052041.2334602,2,-4,-110
1754052041.27146,10,-6,-109
1754052041.31046,9,-14,-113
1754052041.34646,7,-9,-113
1754052041.3844602,5,-1,-111
1754052041.42246,1,1,-115
1754052041.46146,-4,-5,-120
1754052041.49746,0,-8,-123
1754052041.53446,0,-4,-124
1754052041.5724602,6,-5,-115
1754052041.6114602,-2,-8,-117
1754052041.64746,-3,-6,-124
1754052041.68546,0,-4,-117
1754052041.7234602,2,-5,-120
1754052041.76146,11,-6,-112
1754052041.80046,-1,-4,-122
1754052041.83646,4,-5,-121
1754052041.87446,-4,-3,-125
1754052041.91246,-2,-2,-134
1754052041.95146,0,-3,-111
1754052041.98746,3,0,-114
1754052042.02446,6,5,-112
1754052042.0624602,3,-2,-113
1754052042.10146,1,0,-121
1754052042.13746,0,2,-119
1754052042.1744602,8,-1,-118
1754052042.21246,7,-2,-122
1754052042.25146,2,-5,-113
1754052042.28746,0,-1,-125
1754052042.3254602,-1,-2,-115
1754052042.36446,0,2,-118
1754052042.40246,5,-4,-121
1754052042.4404602,-6,0,-124
1754052042.47746,-7,1,-130
1754052042.51446,0,-1,-123
1754052042.5524602,-8,4,-122
1754052042.59146,2,1,-118
1754052042.62746,0,0,-121
1754052042.6644602,0,-2,-123
1754052042.70246,-3,0,-111
1754052042.74146,3,0,-115
1754052042.77746,0,-1,-123
1754052042.81446,-2,0,-118
1754052042.85346,1,-3,-117
1754052042.8914602,-3,-4,-107
1754052042.9274602,-6,-1,-106
1754052042.96546,2,0,-110
1754052043.0034602,0,0,-114
1754052043.0424602,-1,0,-116
1754052043.08046,2,-3,-116
1754052043.11646,4,-6,-114
1754052043.1544602,4,-2,-113
1754052043.19246,0,-3,-97
1754052043.23146,9,2,-121
1754052043.26746,1,-4,-116
1754052043.30546,1,0,-117
1754052043.34446,0,0,-114
1754052043.38246,-3,-1,-115
1754052043.41846,1,-2,-117
1754052043.45646,3,-2,-123
1754052043.49446,0,-2,-121
1754052043.5324602,1,-2,-120
1754052043.57146,4,0,-118
1754052043.60746,1,-1,-114
1754052043.64546,3,-3,-112
1754052043.68346,4,0,-123
1754052043.72246,-1,-5,-125
1754052043.75846,-8,0,-119
1754052043.7964602,0,1,-124
1754052043.8354602,-5,1,-124
1754052043.87246,1,1,-129
1754052043.9114602,-7,0,-114
1754052043.9474602,-1,2,-125
1754052043.98546,-5,5,-118
1754052044.02346,0,6,-111
1754052044.0624602,-1,-5,-110
1754052044.0984602,1,-1,-109
1754052044.13646,0,-4,-119
1754052044.1744602,6,0,-119
1754052044.2134602,9,-1,-121
1754052044.25146,-7,4,-118
1754052044.28746,-3,-2,-118
1754052044.3254602,3,0,-117
1754052044.36346,4,-1,-112
1754052044.40246,-2,-4,-117
1754052044.43846,4,-2,-121
1754052044.47646,1,-5,-124
1754052044.51446,3,-7,-112
1754052044.55346,-8,-4,-114
1754052044.59146,-7,-3,-122
1754052044.62746,-4,0,-115
1754052044.66546,0,-2,-109
1754052044.70346,-1,-1,-115
1754052044.74246,-7,-6,-120
1754052044.77846,-2,-4,-116
1754052044.81646,0,3,-123
1754052044.85446,-1,5,-123
1754052044.89346,0,-2,-124
1754052044.93146,-4,-3,-114
1754052044.9674602,-3,4,-120
1754052045.00546,-5,3,-116
1754052045.04346,-7,0,-124
1754052045.0824602,3,-3,-122
1754052045.1184602,4,1,-125
1754052045.15646,-2,1,-124
1754052045.19546,-3,0,-129
1754052045.2334602,4,-4,-122
1754052045.27146,-1,-4,-116
1754052045.30846,-4,-3,-120
1754052045.34646,-12,-5,-118
1754052045.3844602,-10,0,-116
1754052045.42346,-1,-5,-126
1754052045.45946,2,-5,-122
1754052045.49746,2,-3,-117
1754052045.53546,0,0,-118
1754052045.57446,-3,1,-114
1754052045.61246,-7,2,-118
1754052045.64846,0,3,-124
1754052045.68546,3,-4,-130
1754052045.7234602,-4,5,-107
1754052045.76246,-6,2,-104
1754052045.79846,-9,0,-109
1754052045.83646,-6,-4,-118
1754052045.87346,0,0,-121
1754052045.91246,-1,-5,-112
1754052045.94846,2,0,-119
1754052045.9864602,3,3,-124
1754052046.02346,0,0,-116
1754052046.0624602,4,6,-109
1754052046.0984602,2,-1,-108
1754052046.13646,-1,0,-122
1754052046.1744602,-2,0,-118
1754052046.2134602,-4,-3,-128
1754052046.24946,-7,-2,-120
1754052046.28746,1,-2,-112
1754052046.3254602,1,-4,-109
1754052046.36446,3,-7,-109
1754052046.40246,5,1,-119
1754052046.43846,5,-2,-115
1754052046.47646,4,0,-124
1754052046.51446,5,3,-118
1754052046.55346,0,-2,-114
1754052046.58946,-2,0,-107
1754052046.62746,2,0,-124
1754052046.66546,0,3,-121
1754052046.70446,0,-5,-132
1754052046.74246,-5,-4,-123
1754052046.7794602,2,-1,-122
1754052046.81646,1,0,-120
1754052046.85446,0,1,-118
1754052046.89346,-1,1,-112
1754052046.92946,1,0,-114
1754052046.96646,0,0,-116
1754052047.00446,2,-5,-113
1754052047.04346,7,8,-121
1754052047.07946,-1,0,-128
1754052047.11746,-7,0,-125
1754052047.15546,2,-1,-126
1754052047.1944602,2,3,-126
1754052047.23246,-4,-5,-119
1754052047.26846,-1,-10,-116
1754052047.30646,2,-3,-122
1754052047.34446,6,-1,-109
1754052047.38346,10,-4,-109
1754052047.41946,3,-5,-118
1754052047.4574602,3,-5,-117
1754052047.4964602,0,0,-111
1754052047.53446,5,-3,-122
1754052047.57046,-1,0,-114
1754052047.6084602,-2,1,-110
1754052047.64646,-3,1,-110
1754052047.6844602,2,-7,-127
1754052047.7234602,2,0,-122
1754052047.7594602,3,-2,-120
1754052047.79746,-4,5,-123
1754052047.8354602,-7,10,-117
1754052047.87446,-8,4,-118
1754052047.91046,1,-1,-114
1754052047.94846,0,0,-115
1754052047.9864602,0,-6,-120
1754052048.02546,-2,-6,-114
1754052048.06346,0,1,-119
1754052048.09946,-8,2,-116
1754052048.1384602,-3,0,-115
1754052048.17546,-8,-2,-115
1754052048.21446,-10,-4,-109
1754052048.25046,-6,-8,-108
1754052048.28846,-1,2,-113
1754052048.32646,4,-6,-99
1754052048.3654602,1,-5,-109
1754052048.40346,3,-11,-121
1754052048.43946,-3,-5,-121
1754052048.47746,4,4,-117
1754052048.51546,-1,2,-136
1754052048.55446,3,0,-125
1754052048.59046,0,1,-122
1754052048.62746,4,-2,-127
1754052048.66546,-1,-1,-132
1754052048.70446,2,2,-124
1754052048.7404602,2,-2,-114
1754052048.77846,4,3,-117
1754052048.81646,8,0,-118
1754052048.8554602,3,-2,-115
1754052048.90046,0,0,-122
1754052048.9374602,-1,-9,-134
1754052048.97646,0,2,-120
1754052049.01446,2,3,-123
1754052049.05046,1,2,-120
1754052049.08746,-6,3,-112
1754052049.12546,-4,4,-116
1754052049.1644602,1,4,-114
1754052049.2004602,-2,0,-109
1754052049.23746,-3,-3,-110
1754052049.27546,1,-8,-115
1754052049.31446,-3,-2,-111
1754052049.35046,-5,-2,-107
1754052049.3884602,3,-3,-117
1754052049.42646,5,-3,-113
1754052049.46546,-1,0,-119
1754052049.50146,-5,0,-121
1754052049.5394602,-4,0,-116
1754052049.57646,2,0,-108
1754052049.6154602,-3,-1,-108
1754052049.6514602,-2,0,-113
1754052049.68946,0,6,-113
1754052049.72746,-2,-1,-120
1754052049.76546,-2,-1,-112
1754052049.80446,2,0,-116
1754052049.84046,-1,-4,-126
1754052049.8784602,-3,1,-123
1754052049.91646,-7,6,-122
1754052049.95546,4,3,-124
1754052049.99146,-1,2,-120
1754052050.03046,3,-3,-128
1754052050.06746,7,-2,-115
1754052050.1054602,0,5,-136
1754052050.1444602,-3,-4,-111
1754052050.18046,1,-2,-110
1754052050.2174602,0,-2,-113
1754052050.2564602,0,-1,-115
1754052050.29446,1,-4,-115
1754052050.33046,5,2,-123
1754052050.36746,0,1,-105
1754052050.40646,2,-4,-102
1754052050.4444602,-1,-10,-118
1754052050.4804602,-2,-13,-112
1754052050.51846,2,-8,-126
1754052050.55646,-2,-3,-120
1754052050.5954602,-4,-2,-119
1754052050.6314602,-3,-3,-119
1754052050.66946,-4,1,-114
1754052050.7074602,-3,3,-128
1754052050.7464602,-3,3,-126
1754052050.78446,-2,3,-122
1754052050.82046,1,3,-122
1754052050.8584602,0,1,-119
1754052050.89746,-3,3,-120
1754052050.93546,2,-1,-109
1754052050.97146,1,8,-117
1754052051.00846,7,1,-105
1754052051.04746,3,-2,-116
1754052051.0854602,0,0,-111
1754052051.1214602,-2,0,-113
1754052051.16046,3,0,-115
1754052051.1974602,4,0,-115
1754052051.2364602,-2,0,-109
1754052051.27446,-3,3,-121
1754052051.31046,0,-4,-128
1754052051.34746,-4,-1,-129
1754052051.38646,0,7,-127
1754052051.4244602,-8,-3,-120
1754052051.4604602,-2,0,-125
1754052051.49746,-5,-4,-122
1754052051.5364602,-1,-3,-115
1754052051.57446,-1,-1,-122
1754052051.61046,-3,-3,-117
1754052051.64846,-1,0,-117
1754052051.68646,12,-4,-115
1754052051.72546,3,-2,-116
1754052051.76146,-3,-7,-117
1754052051.7994602,0,-5,-118
1754052051.83746,8,-1,-127
1754052051.87646,0,-3,-128
1754052051.91246,0,-3,-117
1754052051.94946,-1,-2,-107
1754052051.98746,-10,1,-114
1754052052.0264602,-3,-2,-119
1754052052.0624602,0,-1,-112
1754052052.10046,8,-1,-112
1754052052.1384602,5,5,-108
1754052052.1774602,1,0,-115
1754052052.21546,8,-6,-124
1754052052.25146,3,-1,-115
1754052052.29046,-4,-3,-105
1754052052.32746,-6,0,-120
1754052052.36646,-7,-6,-128
1754052052.40246,-1,-3,-118
1754052052.4404602,0,-4,-121
1754052052.47846,6,-5,-121
1754052052.51746,1,-1,-115
1754052052.55546,-1,4,-115
1754052052.59146,-3,4,-110
1754052052.62946,-1,-2,-110
1754052052.6674602,2,-3,-105
1754052052.70646,-1,-3,-105
1754052052.74246,4,2,-118
1754052052.7794602,3,-3,-126
1754052052.81846,0,0,-124
1754052052.85646,0,-2,-116
1754052052.89246,0,-3,-115
1754052052.93146,1,-4,-116
1754052052.96846,-4,2,-117
1754052053.00746,-12,2,-119
1754052053.04546,-6,2,-120
1754052053.08146,0,0,-112
1754052053.1184602,-2,0,-120
1754052053.1574602,0,-6,-122
1754052053.19546,-5,0,-130
1754052053.23146,-1,3,-110
1754052053.2694602,6,4,-120
1754052053.30746,-8,0,-119
1754052053.34646,0,0,-120
1754052053.38246,6,0,-117
1754052053.41946,0,2,-132
1754052053.4574602,3,1,-131
1754052053.4964602,6,5,-111
1754052053.5324602,8,0,-118
1754052053.5694602,5,-1,-115
1754052053.60746,-1,6,-112
1754052053.64646,-6,3,-130
1754052053.68246,-1,1,-129
1754052053.7204602,0,-4,-128
1754052053.75846,-1,-1,-115
1754052053.79746,3,6,-113
1754052053.83346,0,4,-115
1754052053.87046,0,1,-109
1754052053.90846,2,3,-107
1754052053.9474602,0,3,-121
1754052053.9834602,6,4,-115
1754052054.02046,0,-1,-121
1754052054.05846,-1,0,-132
1754052054.09746,-2,3,-123
1754052054.13346,-2,0,-124
1754052054.1714602,-9,-2,-112
1754052054.20946,-7,-3,-116
1754052054.24846,-10,1,-119
1754052054.2864602,0,-5,-111
1754052054.3224602,-1,-9,-111
1754052054.3614602,-6,0,-99
1754052054.39846,-3,-1,-107
1754052054.4374602,3,1,-104
1754052054.47446,0,-8,-108
1754052054.51146,13,-8,-120
1754052054.5494602,3,-4,-119
1754052054.5884602,5,-5,-113
1754052054.62646,3,-3,-117
1754052054.66246,1,3,-117
1754052054.69946,-4,-3,-121
1754052054.73846,0,-1,-112
1754052054.7764602,4,-6,-109
1754052054.8124602,4,-2,-115
1754052054.85046,0,-2,-116
1754052054.8884602,1,1,-116
1754052054.9274602,0,-2,-123
1754052054.9634602,0,-4,-118
1754052055.00246,3,-2,-123
1754052055.0394602,0,3,-124
1754052055.07846,-3,3,-132
1754052055.11646,-3,2,-122
1754052055.15246,-4,0,-122
1754052055.1904602,-1,0,-127
1754052055.22846,6,-4,-112
1754052055.26746,11,1,-111
1754052055.30346,-1,0,-114
1754052055.34146,5,-3,-102
1754052055.37946,5,0,-114
1754052055.41846,-4,-3,-122
1754052055.45646,1,0,-117
1754052055.49246,-3,-1,-135
1754052055.53046,2,-4,-123
1754052055.56846,1,-3,-120
1754052055.60746,1,0,-119
1754052055.64346,0,-2,-124
1754052055.68246,0,0,-109
1754052055.71946,0,-1,-114
1754052055.75846,-8,-6,-108
1754052055.79446,-5,0,-116
1754052055.8324602,-9,-1,-114
1754052055.87046,-7,-3,-122
1754052055.90846,-4,1,-126
1754052055.9474602,-6,1,-124
1754052055.9834602,-3,3,-117
1754052056.02146,-3,3,-120
1754052056.0594602,-2,0,-115
1754052056.0984602,0,-3,-130
1754052056.1344602,-1,-6,-131
1754052056.17246,-3,-6,-118
1754052056.21146,-4,7,-113
1754052056.24846,0,0,-115
1754052056.28746,3,3,-114
1754052056.32346,2,0,-109
1754052056.3614602,3,1,-119
1754052056.39946,0,-1,-108
1754052056.4374602,5,1,-114
1754052056.4734602,0,5,-115
1754052056.51146,-1,-4,-116
1754052056.5494602,2,0,-117
1754052056.58746,4,0,-112
1754052056.62346,2,1,-124
1754052056.66046,-3,5,-115
1754052056.69946,1,3,-123
1754052056.73746,-4,-1,-114
1754052056.77346,-3,4,-120
1754052056.81146,-4,3,-121
1754052056.84946,3,-1,-119
1754052056.8884602,10,4,-117
1754052056.9244602,-3,1,-115
1754052056.96246,-1,-1,-110
1754052057.00046,7,3,-103
1754052057.0394602,10,1,-114
1754052057.07746,5,-2,-107
1754052057.11346,4,-3,-120
1754052057.1514602,3,0,-115
1754052057.18946,-3,-2,-118
1754052057.22846,0,-4,-100
1754052057.26446,7,-1,-106
1754052057.3024602,0,-5,-112
1754052057.34046,5,1,-127
1754052057.37946,0,6,-131
1754052057.4174602,7,3,-130
1754052057.45346,3,0,-118
1754052057.49146,-1,2,-117
1754052057.5294602,-4,8,-122
1754052057.56846,4,0,-123
1754052057.60446,-3,2,-128
1754052057.64246,0,0,-114
1754052057.68046,3,-2,-106
1754052057.71946,6,-1,-115
1754052057.75546,4,-1,-103
1754052057.79346,5,-4,-114
1754052057.8324602,-6,-2,-113
1754052057.86946,-6,-8,-118
1754052057.90846,-2,-4,-124
1754052057.9444602,8,0,-127
1754052057.98146,4,-2,-123
1754052058.0194602,4,-2,-119
1754052058.05846,7,4,-120
1754052058.09446,4,0,-118
1754052058.1314602,5,3,-112
1754052058.16946,6,-7,-120
1754052058.20846,6,-5,-133
1754052058.24446,3,-5,-119
1754052058.2824602,4,4,-128
1754052058.32046,1,6,-113
1754052058.35946,-1,1,-116
1754052058.39546,-4,-4,-107
1754052058.43346,2,0,-97
1754052058.47146,8,-4,-111
1754052058.5094602,5,-1,-115
1754052058.54846,3,-6,-124
1754052058.58446,3,-5,-120
1754052058.62246,4,1,-121
1754052058.66046,0,5,-124
1754052058.69946,-2,2,-106
1754052058.73546,6,-4,-106
1754052058.77246,-6,0,-118
1754052058.81046,-7,-1,-112
1754052058.84946,-1,-5,-113
1754052058.88546,6,-8,-112
1754052058.93146,-2,-2,-119
1754052058.96946,3,-7,-112
1754052059.00546,2,-9,-116
1754052059.04346,0,-7,-137
1754052059.08146,0,0,-115
1754052059.12046,5,2,-124
1754052059.15846,4,1,-122
1754052059.1944602,-5,0,-124
1754052059.23246,2,-1,-116
1754052059.27046,0,0,-108
1754052059.3094602,9,-3,-124
1754052059.3454602,3,-1,-121
1754052059.38346,-3,-2,-119
1754052059.4214602,0,-3,-113
1754052059.4604602,4,-4,-124
1754052059.49846,6,-2,-109
1754052059.53546,-1,-1,-109
1754052059.5724602,4,0,-111
1754052059.61046,4,0,-114
1754052059.64946,6,-3,-117
1754052059.68546,4,-2,-112
1754052059.7234602,0,0,-116
1754052059.76246,5,3,-114
1754052059.80046,2,0,-121
1754052059.8384602,-5,-2,-129
1754052059.87546,0,0,-117
1754052059.91246,-4,1,-110
1754052059.9504602,-3,-1,-116
1754052059.98946,-1,-6,-110
1754052060.02546,-4,-4,-111
1754052060.06346,3,-2,-117
1754052060.10146,-4,1,-129
1754052060.14046,1,-2,-122
1754052060.17646,7,0,-114
1754052060.21446,5,0,-117
1754052060.25246,13,3,-114
1754052060.29046,4,0,-115
1754052060.32946,2,0,-120
1754052060.3654602,-4,0,-118
1754052060.40346,0,-2,-113
1754052060.44146,4,0,-117
1754052060.4804602,6,4,-112
1754052060.5164602,4,-1,-120
1754052060.55446,0,3,-104
1754052060.5924602,1,1,-117
1754052060.63046,-2,-3,-113
1754052060.66946,5,-3,-103
1754052060.70546,1,-3,-112
1754052060.7434602,-9,-2,-127
1754052060.78146,-3,-9,-119
1754052060.82046,3,-3,-119
1754052060.85646,0,-11,-114
1754052060.89546,0,-11,-126
1754052060.93346,1,-1,-119
1754052060.97146,4,1,-112
1754052061.0094602,3,2,-126
1754052061.04546,-1,0,-120
1754052061.08346,0,-10,-108
1754052061.1214602,2,-5,-116
1754052061.16046,-2,-10,-121
1754052061.19646,0,-6,-125
1754052061.23446,-5,-1,-117
1754052061.27246,-8,-5,-130
1754052061.31146,-2,0,-120
1754052061.34946,-2,6,-125
1754052061.38546,-1,6,-123
1754052061.42346,-3,3,-126
1754052061.46246,0,1,-120
1754052061.50046,4,5,-115
1754052061.5364602,0,-3,-106
1754052061.5754602,5,-3,-112
1754052061.61246,4,2,-113
1754052061.6514602,-6,-5,-120
1754052061.68946,1,-7,-127
1754052061.72546,2,2,-123
1754052061.76246,-6,0,-124
1754052061.80146,-5,-1,-123
1754052061.83946,6,0,-121
1754052061.87546,6,-5,-114
1754052061.91346,-2,-8,-117
1754052061.95146,0,-6,-120
1754052061.9904602,1,0,-112
1754052062.0264602,-1,3,-112
1754052062.06446,-1,0,-110
1754052062.10246,-2,2,-110
1754052062.1414602,1,-1,-119
1754052062.1774602,1,0,-111
1754052062.21546,-4,-1,-115
1754052062.2534602,-9,-2,-120
1754052062.29146,0,-1,-122
1754052062.33046,-10,1,-113
1754052062.36646,-2,-2,-112
1754052062.4044602,-3,-4,-108
1754052062.44246,-3,0,-102
1754052062.48146,0,-5,-111
1754052062.51746,4,-5,-107
1754052062.55546,6,5,-114
1754052062.59346,-1,-4,-123
1754052062.6314602,0,-2,-114
1754052062.67046,2,-11,-116
1754052062.70646,-2,-9,-115
1754052062.74446,-4,-5,-123
1754052062.78346,-4,-4,-115
1754052062.82146,4,1,-131
1754052062.85746,1,-1,-115
1754052062.89546,3,2,-108
1754052062.93346,0,0,-103
1754052062.97246,-4,-1,-101
1754052063.01046,-3,0,-114
1754052063.0464602,1,-2,-120
1754052063.08446,3,-2,-126
1754052063.12246,-5,-5,-122
1754052063.1614602,-5,-1,-117
1754052063.1974602,-9,-5,-115
1754052063.23546,-1,-1,-121
1754052063.27346,-4,3,-119
1754052063.3124602,1,2,-124
1754052063.35046,0,1,-132
1754052063.38646,0,-5,-125
1754052063.42546,-3,-1,-126
1754052063.46246,2,6,-114
1754052063.50146,4,4,-110
1754052063.53746,5,-1,-115
1754052063.5754602,4,4,-114
1754052063.61246,2,0,-104
1754052063.6514602,4,-13,-115
1754052063.6874602,0,-3,-115
1754052063.72546,-1,0,-123
1754052063.76246,3,-6,-115
1754052063.80146,2,-4,-117
1754052063.83746,2,-2,-111
1754052063.87546,1,-2,-119
1754052063.91346,1,3,-115
1754052063.95246,7,-2,-126
1754052063.9904602,0,-3,-107
1754052064.0264602,-2,-6,-118
1754052064.06446,5,-4,-115
1754052064.10246,3,-1,-118
1754052064.1414602,2,-4,-128
1754052064.1774602,8,-5,-121
1754052064.21646,11,-5,-109
1754052064.2534602,3,0,-114
1754052064.2924602,3,0,-114
1754052064.32846,0,0,-124
1754052064.3654602,1,-8,-124
1754052064.40346,0,-8,-115
1754052064.44246,0,1,-119
1754052064.47846,3,-4,-119
1754052064.5164602,5,-4,-109
1754052064.55446,4,-7,-112
1754052064.5924602,3,1,-123
1754052064.6314602,4,-4,-114
1754052064.6674602,0,-1,-119
1754052064.70546,6,4,-125
1754052064.7434602,1,-1,-128
1754052064.7824602,3,-4,-118
1754052064.81846,-3,-4,-119
1754052064.85646,-7,-5,-123
1754052064.8944602,-3,-4,-126
1754052064.93346,-3,-1,-114
1754052064.97146,-4,-3,-115
1754052065.00746,-4,2,-115
1754052065.04546,6,-1,-122
1754052065.08346,4,1,-112
1754052065.12246,2,-2,-125
1754052065.15846,0,0,-112
1754052065.19546,-3,1,-109
1754052065.2334602,-3,-6,-112
1754052065.27246,0,-4,-121
1754052065.30846,-2,1,-111
1754052065.34646,-10,1,-121
1754052065.3844602,-6,0,-124
1754052065.42346,0,-1,-114
1754052065.46146,6,4,-110
1754052065.49746,0,3,-118
1754052065.53546,3,0,-116
1754052065.57346,0,-5,-126
1754052065.61246,-5,-6,-125
1754052065.64846,0,-3,-127
1754052065.68546,0,-6,-124
1754052065.7234602,-1,-1,-111
1754052065.76246,0,3,-115
1754052065.79846,-3,-2,-122
1754052065.83646,0,1,-114
1754052065.87446,4,0,-114
1754052065.91346,0,4,-114
1754052065.95146,6,-4,-110
1754052065.98746,0,-5,-124
1754052066.02546,-3,-4,-118
1754052066.06346,-3,-6,-127
1754052066.10246,2,0,-129
1754052066.1384602,0,0,-123
1754052066.17546,0,-4,-115
1754052066.2134602,-2,-3,-118
1754052066.25246,0,-6,-112
1754052066.28846,6,-2,-112
1754052066.32646,0,3,-122
1754052066.3654602,3,2,-128
1754052066.40346,-3,1,-118
1754052066.43946,-1,1,-123
1754052066.47746,-3,-5,-112
1754052066.51546,1,0,-115
1754052066.55346,3,-3,-114
1754052066.5924602,3,-3,-129
1754052066.6284602,-3,-3,-132
1754052066.66646,-2,4,-123
1754052066.70446,2,-5,-125
1754052066.7434602,-2,-4,-117
1754052066.7794602,-4,-3,-108
1754052066.81746,-3,0,-116
1754052066.8554602,3,0,-123
1754052066.89346,-2,5,-125
1754052066.93246,-3,5,-128
1754052066.96846,1,8,-117
1754052067.00546,0,-5,-115
1754052067.04446,8,-2,-109
1754052067.0824602,0,-4,-113
1754052067.11946,1,0,-109
1754052067.1574602,-1,4,-115
1754052067.1944602,-2,-4,-118
1754052067.2334602,-1,2,-110
1754052067.2694602,4,-3,-110
1754052067.30746,7,-5,-116
1754052067.3454602,1,-2,-125
1754052067.3844602,4,-3,-124
1754052067.42246,-6,-3,-132
1754052067.45846,-1,-2,-131
1754052067.4964602,-4,-2,-117
1754052067.53446,-1,-6,-125
1754052067.57346,12,-3,-108
1754052067.60946,4,-4,-114
1754052067.64846,6,1,-113
1754052067.68546,9,0,-114
1754052067.72446,6,2,-118
1754052067.76246,3,6,-130
1754052067.79846,0,0,-127
1754052067.83646,1,-3,-121
1754052067.87446,0,1,-107
1754052067.91246,0,0,-106
1754052067.94846,-2,4,-114
1754052067.9864602,1,-1,-116
1754052068.02546,-9,-4,-121
1754052068.06346,-3,-8,-118
1754052068.09946,-6,-10,-114
1754052068.13746,2,-10,-112
1754052068.17546,0,-3,-124
1754052068.21446,2,-4,-116
1754052068.25046,3,-2,-105
1754052068.28846,-2,-1,-133
1754052068.32646,-1,-5,-129
1754052068.36446,1,-6,-124
1754052068.40346,4,-3,-116
1754052068.43946,0,2,-125
1754052068.47746,6,1,-120
1754052068.51546,0,-3,-106
1754052068.55446,-1,3,-133
1754052068.59046,2,-2,-129
1754052068.62946,0,-4,-112
1754052068.66646,0,2,-110
1754052068.70446,3,-1,-117
1754052068.7434602,1,-2,-111
1754052068.7794602,1,-6,-110
1754052068.81746,5,-6,-129
1754052068.8554602,0,4,-120
1754052068.8944602,0,1,-107
1754052068.93846,-7,0,-118
1754052068.97646,-1,0,-116
1754052069.01446,3,0,-124
1754052069.05346,-5,-2,-125
1754052069.08946,0,0,-129
1754052069.12746,4,4,-123
1754052069.16546,5,2,-110
1754052069.20446,2,-2,-120
1754052069.2404602,2,-3,-115
1754052069.2794602,-3,5,-123
1754052069.31646,-4,1,-122
1754052069.3554602,-2,1,-114
1754052069.39346,4,5,-118
1754052069.42946,2,-4,-127
1754052069.4674602,-1,-1,-119
1754052069.50546,0,-2,-123
1754052069.54446,10,-4,-116
1754052069.58046,6,6,-113
1754052069.61746,2,0,-132
1754052069.65546,-3,-2,-130
1754052069.6944602,-1,-4,-118
1754052069.7304602,3,-4,-121
1754052069.76846,2,3,-111
1754052069.80646,3,4,-107
1754052069.8454602,0,1,-113
1754052069.88346,6,0,-119
1754052069.91946,2,-2,-117
1754052069.9574602,1,-1,-110
1754052069.9964602,-1,6,-111
1754052070.03446,-1,7,-130
1754052070.07046,1,-3,-126
1754052070.1084602,1,-2,-123
1754052070.14646,-3,-5,-123
1754052070.18546,-4,-5,-123
1754052070.2234602,-3,2,-121
1754052070.26046,-6,1,-127
1754052070.29846,-4,-3,-112
1754052070.33646,-5,-3,-112
1754052070.37546,3,4,-118
1754052070.4114602,-2,2,-116
1754052070.44946,2,0,-127
1754052070.48746,4,0,-129
1754052070.52546,1,-1,-123
1754052070.56446,0,3,-111
1754052070.60046,7,-3,-111
1754052070.6384602,2,-2,-107
1754052070.67646,4,4,-121
1754052070.71546,0,0,-118
1754052070.75146,-3,3,-118
1754052070.7894602,-3,0,-114
1754052070.82846,-7,0,-114
1754052070.8654602,-1,3,-122
1754052070.9044602,3,0,-128
1754052070.9404602,-2,-4,-122
1754052070.97946,1,1,-111
1754052071.0164602,3,-4,-117
1754052071.05546,0,1,-115
1754052071.09146,3,-6,-119
1754052071.12946,3,-4,-117
1754052071.1674602,-2,-4,-111
1754052071.20646,-2,-3,-112
1754052071.24446,-5,-2,-112
1754052071.28046,-3,1,-108
1754052071.31846,2,-6,-118
1754052071.35646,13,-4,-134
1754052071.39546,11,4,-116
1754052071.43146,5,1,-112
1754052071.46946,5,3,-126
1754052071.50746,10,7,-126
1754052071.5464602,5,0,-113
1754052071.58446,4,-7,-107
1754052071.62046,2,-5,-102
1754052071.65846,3,-3,-117
1754052071.69646,-2,0,-123
1754052071.73546,8,-1,-106
1754052071.77146,6,-3,-119
1754052071.8094602,4,2,-114
1754052071.84746,2,14,-124
1754052071.88646,3,2,-115
1754052071.9244602,6,3,-117
1754052071.9604602,4,-3,-116
1754052071.99846,-6,-2,-120
1754052072.0364602,-3,-2,-125
1754052072.0754602,-10,2,-123
1754052072.1114602,0,4,-124
1754052072.14846,-1,-1,-123
1754052072.1874602,1,-1,-109
1754052072.22546,1,-1,-117
1754052072.26146,4,-4,-117
1754052072.2994602,-5,2,-122
1754052072.33746,2,4,-114
1754052072.37646,6,1,-121
1754052072.41246,3,0,-131
1754052072.4504602,-7,1,-123
1754052072.48746,0,-4,-116
1754052072.5264602,2,-4,-102
1754052072.5624602,-1,0,-105
1754052072.60046,3,-2,-119
1754052072.6384602,1,0,-108
1754052072.67646,1,0,-117
1754052072.71546,6,-2,-116
1754052072.75146,1,-1,-118
1754052072.7894602,0,0,-112
1754052072.82746,8,1,-114
1754052072.86646,-2,3,-118
1754052072.90246,-2,4,-117
1754052072.9404602,3,0,-115
1754052072.97946,3,5,-121
1754052073.0164602,-4,-2,-117
1754052073.05546,-1,-4,-115
1754052073.0924602,3,-1,-114
1754052073.12946,0,0,-110
1754052073.1674602,1,2,-114
1754052073.20646,-1,3,-114
1754052073.24246,1,4,-113
1754052073.2794602,-2,-1,-111
1754052073.31746,1,-3,-121
1754052073.35646,-7,-4,-113
1754052073.39246,-2,-1,-116
1754052073.43046,0,-2,-121
1754052073.46846,7,-2,-115
1754052073.50746,1,-6,-112
1754052073.54546,5,-5,-121
1754052073.58146,-2,0,-119
1754052073.6184602,-1,-6,-121
1754052073.6574602,0,1,-119
1754052073.69546,0,-5,-112
1754052073.73146,0,-4,-121
1754052073.7694602,-2,-4,-117
1754052073.80746,3,8,-114
1754052073.84646,-3,-4,-112
1754052073.88246,-3,-6,-124
1754052073.92046,-1,-2,-119
1754052073.95846,2,1,-116
1754052073.99746,0,-3,-119
1754052074.03546,0,-3,-105
1754052074.07146,-3,0,-119
1754052074.10946,6,1,-115
1754052074.14746,3,-3,-120
1754052074.18646,-1,-2,-109
1754052074.22246,-2,-6,-119
1754052074.26046,4,1,-127
1754052074.29846,0,-4,-126
1754052074.33746,4,-1,-133
1754052074.37546,-2,1,-116
1754052074.4114602,-2,-3,-107
1754052074.44946,3,-2,-105
1754052074.48746,7,-3,-111
1754052074.5264602,0,-4,-121
1754052074.5624602,-6,-6,-117
1754052074.60046,-1,-6,-119
1754052074.6384602,2,2,-121
1754052074.6774602,1,-13,-125
1754052074.7134602,0,-4,-124
1754052074.75146,-3,-2,-110
1754052074.7894602,-1,-5,-117
1754052074.82746,-6,-6,-117
1754052074.86646,7,-2,-115
1754052074.90246,3,0,-117
1754052074.93946,3,-3,-112
1754052074.97746,0,-2,-115
1754052075.0164602,-2,-3,-112
1754052075.0524602,-2,0,-119
1754052075.09046,-2,0,-115
1754052075.12946,2,-3,-123
1754052075.1674602,3,0,-118
1754052075.20346,4,9,-122
1754052075.2404602,5,-2,-121
1754052075.2794602,-1,-10,-126
1754052075.31746,2,-9,-124
1754052075.35346,-5,-5,-123
1754052075.3914602,-5,-7,-117
1754052075.43046,0,-2,-119
1754052075.46846,-6,-5,-120
1754052075.5064602,0,3,-101
1754052075.5424602,-3,0,-114
1754052075.57946,0,-3,-123
1754052075.6184602,2,-4,-117
1754052075.65646,-3,1,-121
1754052075.69246,0,8,-125
1754052075.72946,2,0,-122
1754052075.76846,-3,-4,-129
1754052075.80646,0,4,-120
1754052075.8424602,-4,4,-120
1754052075.88046,0,-2,-127
1754052075.91946,0,-4,-122
1754052075.9574602,0,0,-124
1754052075.9934602,0,0,-113
1754052076.03146,1,0,-107
1754052076.0694602,3,0,-104
1754052076.1084602,4,3,-99
1754052076.14646,4,-2,-115
1754052076.18246,7,-1,-112
1754052076.2204602,4,0,-114
1754052076.25846,-1,2,-114
1754052076.29746,0,0,-114
1754052076.33346,-4,-2,-116
1754052076.3714602,3,-4,-121
1754052076.40946,2,4,-114
1754052076.44846,-10,3,-117
1754052076.4864602,0,3,-117
1754052076.52246,-6,4,-124
1754052076.56046,0,5,-113
1754052076.5984602,-8,-2,-120
1754052076.63746,3,-1,-115
1754052076.67346,2,-1,-115
1754052076.71146,0,-2,-113
1754052076.74946,-3,-1,-111
1754052076.78846,0,0,-116
1754052076.8254602,-6,0,-116
1754052076.86246,-3,-2,-110
1754052076.90046,-2,1,-106
1754052076.93846,4,2,-117
1754052076.97746,-1,-3,-113
1754052077.0134602,2,-1,-111
1754052077.05146,-1,-2,-107
1754052077.09046,0,-2,-112
1754052077.1284602,5,-1,-118
1754052077.1644602,2,-8,-120
1754052077.20246,2,-6,-118
1754052077.2404602,3,-5,-100
1754052077.27846,2,-1,-123
1754052077.31746,-1,0,-124
1754052077.35346,-3,0,-116
1754052077.39046,0,-5,-127
1754052077.42846,6,-1,-115
1754052077.4674602,4,-1,-113
1754052077.5034602,11,-1,-116
1754052077.54146,-1,-5,-116
1754052077.57946,-5,3,-118
1754052077.6184602,-2,-8,-121
1754052077.6544602,9,-6,-120
1754052077.69246,-2,0,-110
1754052077.7304602,-3,-1,-116
1754052077.7694602,-10,-7,-119
1754052077.80746,-1,0,-114
1754052077.84346,4,0,-128
1754052077.8814602,4,0,-123
1754052077.91946,15,-3,-124
1754052077.95846,3,-1,-123
1754052077.99446,5,-2,-125
1754052078.0324602,3,-1,-119
1754052078.07046,-3,-5,-117
1754052078.10946,-1,-4,-118
1754052078.14746,0,-1,-119
1754052078.18346,-2,-3,-120
1754052078.22146,1,-4,-125
1754052078.2594602,-4,-2,-124
1754052078.29846,3,-1,-116
1754052078.33446,5,-5,-123
1754052078.37246,10,-6,-127
1754052078.41046,-1,1,-128
1754052078.44946,0,2,-113
1754052078.48746,-3,0,-116
1754052078.52346,3,-5,-111
1754052078.5624602,1,-2,-122
1754052078.59946,2,0,-119
1754052078.6384602,-4,-8,-115
1754052078.6744602,0,0,-117
1754052078.71246,5,1,-108
1754052078.75046,-3,5,-107
1754052078.7894602,-4,1,-111
1754052078.8254602,-3,0,-118
1754052078.86346,-1,0,-115
1754052078.9014602,1,0,-102
1754052078.94546,-6,0,-111
1754052078.9834602,-7,-2,-107
1754052079.02146,-2,0,-117
1754052079.0594602,-1,-2,-120
1754052079.0984602,-1,-4,-119
1754052079.1344602,7,2,-118
1754052079.17246,-4,0,-113
1754052079.2104602,1,2,-116
1754052079.24946,9,-2,-111
1754052079.28546,7,0,-116
1754052079.3224602,-6,-9,-111
1754052079.36046,-15,-4,-119
1754052079.39946,-1,0,-111
1754052079.43546,0,3,-121
1754052079.47246,1,0,-124
1754052079.51046,0,-1,-115
1754052079.5494602,0,0,-119
1754052079.5854602,7,1,-127
1754052079.62246,0,2,-125
1754052079.66046,-2,6,-120
1754052079.69946,-1,-2,-117
1754052079.73546,-5,-1,-120
1754052079.77346,2,0,-122
1754052079.81146,-1,6,-115
1754052079.85046,-1,0,-128
1754052079.8884602,-1,1,-122
1754052079.9244602,0,7,-131
1754052079.96246,-1,-1,-127
1754052080.00046,-2,-3,-108
1754052080.0394602,-2,-2,-110
1754052080.0754602,0,-4,-116
1754052080.11246,-7,-6,-132
1754052080.15046,-4,-4,-125
1754052080.18946,-1,-2,-118
1754052080.22546,-1,-2,-119
1754052080.2634602,-10,-2,-127
1754052080.30146,-7,0,-130
1754052080.34046,-4,0,-115
1754052080.3784602,-5,-3,-132
1754052080.4144602,5,0,-121
1754052080.45246,3,-7,-109
1754052080.4904602,5,-5,-115
1754052080.52846,6,3,-119
1754052080.56446,4,3,-122
1754052080.60146,-4,-2,-116
1754052080.64046,3,0,-114
1754052080.67846,0,0,-110
1754052080.71446,-5,3,-113
1754052080.75246,-8,-4,-113
1754052080.79146,0,0,-128
1754052080.82946,0,-6,-125
1754052080.8654602,2,-7,-124
1754052080.90346,0,-14,-128
1754052080.94146,2,-3,-117
1754052080.9804602,2,-3,-116
1754052081.0164602,-3,-5,-111
1754052081.05446,-2,-5,-114
1754052081.0924602,0,-6,-121
1754052081.13046,-5,0,-123
1754052081.16946,-4,0,-118
1754052081.20546,-9,3,-118
1754052081.2434602,-1,-5,-124
1754052081.28146,-2,-8,-120
1754052081.32046,-1,0,-117
1754052081.35646,0,-3,-123
1754052081.39546,0,0,-123
1754052081.43246,3,0,-120
1754052081.4704602,4,-2,-121
1754052081.5094602,5,2,-117
1754052081.54546,4,-1,-126
1754052081.58346,3,-1,-123
1754052081.6214602,-5,-1,-115
1754052081.66046,2,-4,-109
1754052081.69646,-6,-5,-115
1754052081.73446,-4,0,-108
1754052081.77346,0,-2,-119
1754052081.81146,4,0,-118
1754052081.84946,-1,-1,-122
1754052081.88546,0,4,-120
1754052081.92346,0,-3,-123
1754052081.96146,0,-4,-120
1754052081.99946,5,1,-112
1754052082.03546,3,3,-110
1754052082.07346,0,0,-109
1754052082.1114602,4,0,-126
1754052082.14946,0,0,-115
1754052082.18546,0,-3,-105
1754052082.2234602,11,0,-116
1754052082.26146,1,0,-121
1754052082.2994602,-2,-3,-117
1754052082.3354602,-2,-7,-120
1754052082.37346,0,-7,-129
1754052082.4114602,4,-8,-124
1754052082.4504602,6,0,-122
1754052082.4864602,2,-1,-121
1754052082.52446,12,6,-131
1754052082.5624602,4,2,-125
1754052082.60146,-5,0,-133
1754052082.63946,-8,-3,-134
1754052082.67546,-1,-7,-124
1754052082.7134602,-3,-8,-122
1754052082.75246,-2,-2,-110
1754052082.79046,-8,0,-113
1754052082.82646,2,-4,-121
1754052082.86446,1,-5,-107
1754052082.90246,0,0,-110
1754052082.94146,-6,-1,-116
1754052082.97746,-5,1,-121
1754052083.01546,1,-7,-116
1754052083.05346,7,-4,-113
1754052083.09146,4,-3,-116
1754052083.13046,0,-3,-122
1754052083.16646,5,4,-135
1754052083.20346,5,0,-122
1754052083.24146,2,-2,-114
1754052083.28046,-1,-5,-112
1754052083.31646,5,-5,-111
1754052083.35446,2,0,-119
1754052083.39246,1,1,-120
1754052083.43146,2,0,-121
1754052083.4674602,0,2,-132
1754052083.50446,1,-1,-125
1754052083.5424602,5,-2,-109
1754052083.58146,0,0,-109
1754052083.61746,-4,-1,-124
1754052083.65546,7,-2,-119
1754052083.69346,2,0,-117
1754052083.73246,4,-6,-124
1754052083.77046,5,-5,-112
1754052083.80646,5,0,-112
1754052083.84346,3,-4,-108
1754052083.88246,2,-7,-121
1754052083.92046,-4,6,-127
1754052083.95646,-1,1,-122
1754052083.99546,0,-3,-117
1754052084.0324602,6,1,-123
1754052084.07146,-3,-1,-129
1754052084.10746,0,-1,-122
1754052084.14546,5,0,-113
1754052084.18346,8,-7,-118
1754052084.22246,0,-1,-113
1754052084.26046,0,-2,-123
1754052084.2964602,0,-3,-126
1754052084.33446,4,-1,-120
1754052084.37246,2,-1,-115
1754052084.4114602,3,5,-108
1754052084.4474602,4,0,-105
1754052084.48546,0,6,-98
1754052084.52346,3,3,-109
1754052084.5624602,0,-1,-115
1754052084.60046,-2,-7,-124
1754052084.63646,0,0,-113
1754052084.67346,0,0,-122
1754052084.71246,-1,-4,-121
1754052084.75046,-1,2,-109
1754052084.7864602,2,0,-113
1754052084.82446,3,-1,-112
1754052084.86246,3,-5,-109
1754052084.90046,-3,3,-113
1754052084.93646,0,-2,-107
1754052084.97446,5,0,-105
1754052085.01246,1,-3,-106
1754052085.05146,0,-2,-113
1754052085.08746,0,-2,-103
1754052085.12546,-5,1,-112
1754052085.16346,-11,1,-110
1754052085.20246,-7,0,-106
1754052085.23846,-3,-3,-112
1754052085.2764602,0,-1,-110
1754052085.31446,0,1,-118
1754052085.35246,0,-5,-115
1754052085.3914602,5,0,-119
1754052085.4274602,9,-2,-119
1754052085.46546,9,-4,-124
1754052085.5034602,7,-6,-116
1754052085.5424602,1,-11,-121
1754052085.57846,0,-7,-118
1754052085.6154602,-1,-4,-113
1754052085.65346,9,0,-119
1754052085.69246,2,1,-120
1754052085.72846,0,0,-125
1754052085.76546,4,1,-128
1754052085.80346,3,-6,-119
1754052085.8424602,-3,3,-120
1754052085.8784602,4,1,-115
1754052085.91546,1,1,-123
1754052085.95346,3,0,-112
1754052085.99246,3,0,-115
1754052086.02846,9,-1,-127
1754052086.06646,0,0,-120
1754052086.10446,3,0,-110
1754052086.14346,0,0,-99
1754052086.18146,12,1,-114
1754052086.2174602,3,-2,-115
1754052086.25546,3,7,-106
1754052086.29346,7,3,-112
1754052086.3324602,2,0,-121
1754052086.3684602,-1,5,-113
1754052086.40646,3,4,-112
1754052086.4444602,3,0,-112
1754052086.4834602,-7,-6,-117
1754052086.52146,8,-1,-127
1754052086.55746,-1,-6,-130
1754052086.5954602,-3,-4,-125
1754052086.63346,7,0,-120
1754052086.67246,1,3,-117
1754052086.70846,1,6,-115
1754052086.74546,2,2,-110
1754052086.78346,-1,0,-113
1754052086.8224602,1,-2,-122
1754052086.8584602,4,-2,-123
1754052086.89646,-1,3,-110
1754052086.9344602,0,0,-116
1754052086.9734602,-7,-3,-118
1754052087.01146,-4,-5,-119
1754052087.04746,-3,-7,-107
1754052087.0854602,-1,0,-116
1754052087.12446,4,-6,-127
1754052087.16246,1,-2,-117
1754052087.19846,1,1,-110
1754052087.2364602,3,-2,-115
1754052087.27446,3,3,-110
1754052087.3124602,3,-2,-122
1754052087.34946,2,-7,-115
1754052087.38646,3,0,-112
1754052087.4244602,3,5,-125
1754052087.4634602,1,4,-128
1754052087.49946,5,-3,-128
1754052087.53746,2,-3,-117
1754052087.5754602,1,0,-114
1754052087.61346,3,-1,-121
1754052087.65246,5,-3,-115
1754052087.68846,7,-6,-113
1754052087.72646,1,-7,-120
1754052087.76446,-4,-3,-110
1754052087.80346,1,-2,-115
1754052087.83946,0,6,-119
1754052087.8784602,-4,0,-113
1754052087.91546,-9,-3,-116
1754052087.95446,3,-3,-117
1754052087.99246,-2,1,-110
1754052088.02846,0,0,-114
1754052088.0654602,-8,5,-116
1754052088.10446,-2,0,-109
1754052088.14246,-5,-5,-125
1754052088.17846,-2,-1,-123
1754052088.21646,0,-6,-120
1754052088.25446,13,-4,-115
1754052088.29346,8,-6,-128
1754052088.32946,6,-3,-128
1754052088.36746,1,5,-118
1754052088.40546,-5,-7,-117
1754052088.4444602,0,3,-108
1754052088.48246,0,-1,-109
1754052088.51846,1,2,-107
1754052088.55546,-2,6,-116
1754052088.59446,0,1,-116
1754052088.63246,0,-2,-125
1754052088.66846,0,4,-124
1754052088.70546,4,-1,-126
1754052088.74446,-2,2,-126
1754052088.7824602,-4,3,-114
1754052088.81846,1,7,-113
1754052088.8554602,0,-4,-111
1754052088.8944602,2,-4,-114
1754052088.93246,-5,-6,-127
1754052088.97646,2,2,-123
1754052089.01546,-1,0,-116
1754052089.05346,-3,-3,-120
1754052089.08946,6,2,-115
1754052089.12646,-1,-9,-117
1754052089.1644602,3,-2,-118
1754052089.20346,2,-6,-123
1754052089.23946,0,-3,-122
1754052089.27846,0,0,-115
1754052089.3154602,0,2,-112
1754052089.35446,-3,1,-117
1754052089.39046,-3,0,-120
1754052089.42846,1,-2,-118
1754052089.46646,2,-7,-122
1754052089.50446,7,-4,-130
1754052089.54346,6,0,-118
1754052089.57946,1,-4,-113
1754052089.61746,5,-4,-114
1754052089.65546,4,-3,-116
1754052089.6944602,-3,4,-107
1754052089.7304602,4,0,-110
1754052089.76746,1,0,-115
1754052089.80546,0,-1,-113
1754052089.84446,1,-2,-116
1754052089.88046,3,2,-125
1754052089.91946,0,0,-126
1754052089.95646,-4,-3,-131
1754052089.99446,-6,-7,-119
1754052090.03346,0,-2,-129
1754052090.0694602,-2,-8,-126
1754052090.1084602,0,-3,-129
1754052090.14546,6,-1,-125
1754052090.1844602,6,-3,-120
1754052090.2204602,-3,2,-115
1754052090.25846,-8,1,-110
1754052090.2964602,-5,-3,-118
1754052090.3354602,-4,1,-127
1754052090.37346,0,0,-122
1754052090.40946,4,1,-118
1754052090.44646,0,-1,-117
1754052090.48546,2,-1,-116
1754052090.52346,0,0,-113
1754052090.5594602,2,-9,-123
1754052090.59746,-10,-9,-128
1754052090.63546,-2,-7,-114
1754052090.6744602,6,0,-115
1754052090.7104602,9,1,-120
1754052090.74946,3,0,-110
1754052090.7864602,0,3,-116
1754052090.8254602,0,-3,-121
1754052090.86346,3,0,-116
1754052090.89946,7,0,-118
1754052090.93646,1,2,-120
1754052090.97546,15,-1,-105
1754052091.0134602,8,-1,-112
1754052091.0494602,8,-2,-114
1754052091.08746,-2,-4,-116
1754052091.12546,5,-2,-122
1754052091.1644602,5,0,-122
1754052091.2004602,0,1,-119
1754052091.23746,9,9,-130
1754052091.27546,-1,5,-112
1754052091.31446,-6,-4,-112
1754052091.35046,-3,-2,-114
1754052091.3884602,-3,2,-115
1754052091.42646,-2,-5,-122
1754052091.46546,2,3,-117
1754052091.50146,0,-2,-110
1754052091.54046,0,-2,-115
1754052091.57746,3,0,-116
1754052091.61646,1,4,-112
1754052091.6544602,3,8,-110
1754052091.6904602,4,3,-116
1754052091.72746,6,4,-125
1754052091.76546,-2,-5,-112
1754052091.80446,-2,3,-122
1754052091.84046,3,-1,-121
1754052091.87746,-4,0,-117
1754052091.91546,4,2,-117
1754052091.95446,8,0,-114
1754052091.9904602,9,0,-112
1754052092.02746,5,0,-108
1754052092.06646,1,-3,-123
1754052092.10446,4,-2,-105
1754052092.14046,5,5,-117
1754052092.1774602,3,3,-121
1754052092.21646,9,2,-119
1754052092.25446,-1,6,-130
1754052092.29046,2,-1,-133
1754052092.32946,1,-3,-122
1754052092.36646,0,-6,-121
1754052092.40546,0,0,-117
1754052092.44146,-1,0,-120
1754052092.47946,-6,-9,-118
1754052092.51746,-4,0,-124
1754052092.55646,1,-1,-115
1754052092.59446,-2,0,-123
1754052092.63046,-6,1,-122
1754052092.66846,-6,-1,-128
1754052092.7074602,-1,-3,-108
1754052092.74546,8,-3,-115
1754052092.78146,-3,5,-121
1754052092.8194602,3,-2,-121
1754052092.85746,-2,-1,-124
1754052092.89646,-3,2,-115
1754052092.9344602,0,0,-125
1754052092.9704602,0,7,-118
1754052093.00746,-1,2,-120
1754052093.0464602,3,0,-122
1754052093.08446,8,-5,-122
1754052093.12046,-1,-2,-121
1754052093.15846,-2,1,-126
1754052093.19646,2,0,-116
1754052093.23546,6,0,-110
1754052093.27146,5,1,-117
1754052093.30846,-5,-2,-117
1754052093.34646,6,-1,-123
1754052093.38546,12,-7,-120
1754052093.4214602,-1,0,-120
1754052093.45946,0,-1,-106
1754052093.4964602,-5,4,-113
1754052093.53546,0,-3,-113
1754052093.57146,-2,-6,-114
1754052093.60946,-4,-4,-112
1754052093.64746,0,-4,-117
1754052093.68646,2,-2,-129
1754052093.72246,3,0,-122
1754052093.7594602,2,8,-128
1754052093.79746,4,-6,-124
1754052093.83646,3,0,-108
1754052093.87246,-2,4,-110
1754052093.91046,-6,4,-113
1754052093.94846,0,0,-117
1754052093.98746,1,1,-123
1754052094.02546,-6,-7,-133
1754052094.06146,1,-3,-131
1754052094.09946,3,-8,-124
1754052094.13746,5,-4,-114
1754052094.17646,-4,-5,-118
1754052094.21246,-3,-7,-115
1754052094.25046,-1,0,-121
1754052094.28846,-1,-1,-122
1754052094.32746,0,-2,-113
1754052094.3654602,5,-6,-113
1754052094.40246,3,-1,-116
1754052094.43946,-3,0,-117
1754052094.47746,2,-5,-121
1754052094.5164602,3,-1,-117
1754052094.5524602,14,1,-119
1754052094.58946,4,-5,-114
1754052094.62746,3,-6,-130
1754052094.66646,9,-7,-127
1754052094.70246,0,-3,-118
1754052094.74146,-9,-2,-116
1754052094.77846,1,-1,-113
1754052094.81746,0,3,-119
1754052094.8554602,3,3,-122
1754052094.8914602,1,7,-121
1754052094.92846,1,-3,-123
1754052094.9674602,4,0,-117
1754052095.00546,0,3,-129
1754052095.04146,0,-5,-126
1754052095.07946,3,-9,-127
1754052095.11746,-7,-4,-119
1754052095.15646,-4,3,-115
1754052095.19246,-6,1,-123
1754052095.2304602,1,-5,-117
1754052095.26846,0,-6,-117
1754052095.30746,-2,3,-118
1754052095.34346,0,3,-124
1754052095.38046,5,-4,-135
1754052095.41846,-2,0,-127
1754052095.4574602,-3,2,-118
1754052095.4934602,0,1,-119
1754052095.53046,0,-6,-122
1754052095.56846,3,0,-124
1754052095.60746,-3,0,-120
1754052095.64346,0,-1,-112
1754052095.68146,1,-1,-115
1754052095.71946,8,2,-121
1754052095.75846,3,-1,-124
1754052095.7964602,4,3,-109
1754052095.8324602,5,5,-111
1754052095.86946,1,1,-120
1754052095.9074602,0,4,-124
1754052095.94646,-6,-1,-115
1754052095.98246,-4,0,-116
1754052096.0194602,7,-5,-114
1754052096.05746,0,-1,-106
1754052096.09646,7,-6,-113
1754052096.13246,4,0,-107
1754052096.16946,-4,-3,-118
1754052096.2074602,-1,0,-121
1754052096.2464602,5,-7,-115
1754052096.2824602,-4,-5,-123
1754052096.32146,5,0,-108
1754052096.3584602,3,1,-125
1754052096.39746,0,3,-115
1754052096.43346,-1,3,-123
1754052096.47146,-1,-4,-122
1754052096.51046,0,-4,-122
1754052096.54846,1,-1,-130
1754052096.58646,-2,-1,-121
1754052096.62246,-3,-2,-123
1754052096.66046,1,-7,-126
1754052096.69846,9,-1,-107
1754052096.73746,2,0,-112
1754052096.77346,-1,0,-119
1754052096.81146,-1,0,-123
1754052096.84946,-1,3,-114
1754052096.8884602,-1,0,-116
1754052096.92646,3,0,-115
1754052096.96246,2,0,-112
1754052096.99946,0,-4,-115
1754052097.03846,-1,-10,-121
1754052097.07646,2,-6,-123
1754052097.11246,4,-3,-123
1754052097.1514602,6,2,-101
1754052097.18846,7,-1,-102
1754052097.22746,7,-4,-126
1754052097.2634602,5,5,-117
1754052097.30046,5,1,-118
1754052097.3384602,-1,8,-120
1754052097.37746,5,-5,-109
1754052097.41346,3,-2,-116
1754052097.45146,-2,-1,-119
1754052097.48946,-1,5,-117
1754052097.52846,-1,5,-110
1754052097.56446,-1,8,-105
1754052097.60246,3,-4,-99
1754052097.64046,0,-3,-111
1754052097.67846,-1,-14,-114
1754052097.7174602,-7,-8,-122
1754052097.75446,0,-5,-122
1754052097.79146,0,-2,-133
1754052097.82946,0,3,-123
1754052097.8684602,-2,0,-119
1754052097.9044602,0,-9,-122
1754052097.94246,6,1,-124
1754052097.98146,5,-3,-129
1754052098.01846,1,2,-125
1754052098.05746,-1,-4,-120
1754052098.09346,0,-4,-103
1754052098.1314602,0,-2,-108
1754052098.17046,4,-4,-117
1754052098.20846,3,-5,-122
1754052098.24446,1,-3,-114
1754052098.2824602,6,0,-111
1754052098.32046,-5,5,-114
1754052098.35946,0,9,-107
1754052098.39746,0,0,-116
1754052098.43346,1,-2,-121
1754052098.47146,0,0,-119
1754052098.5094602,0,2,-113
1754052098.54846,-3,0,-107
1754052098.58446,-4,3,-113
1754052098.62246,-4,-3,-119
1754052098.6614602,2,-3,-124
1754052098.69946,-1,-10,-118
1754052098.73746,-2,1,-121
1754052098.77346,-6,-3,-125
1754052098.81146,2,1,-118
1754052098.84946,6,0,-114
1754052098.8884602,17,-2,-116
1754052098.9244602,8,-4,-113
1754052098.96246,5,2,-110
1754052099.00846,7,-9,-116
1754052099.04546,1,-6,-107
1754052099.0824602,0,-2,-105
1754052099.12046,0,-9,-116
1754052099.15946,-9,1,-112
1754052099.1974602,-1,-3,-120
1754052099.2334602,7,2,-118
1754052099.27146,-2,-4,-126
1754052099.3094602,2,4,-115
1754052099.3484602,-4,-5,-115
1754052099.3844602,0,-5,-113
1754052099.42246,-1,-3,-107
1754052099.46146,3,1,-114
1754052099.49946,7,0,-128
1754052099.53546,3,-1,-130
1754052099.57346,5,4,-117
1754052099.6114602,-1,7,-122
1754052099.64946,-4,7,-113
1754052099.68846,-2,6,-119
1754052099.72446,-3,13,-113
1754052099.76246,-1,3,-110
1754052099.80146,1,-4,-115
1754052099.83946,4,-1,-115
1754052099.87546,0,0,-115
1754052099.91346,-4,4,-114
1754052099.95146,5,1,-118
1754052099.98946,2,-1,-114
1754052100.02846,4,-4,-109
1754052100.06446,7,1,-107
1754052100.10146,4,3,-121
1754052100.13946,7,-2,-120
1754052100.17846,-3,-4,-128
1754052100.21446,-4,-1,-132
1754052100.25246,-4,-6,-126
1754052100.29046,5,-7,-118
1754052100.32946,0,-8,-116
1754052100.3654602,-3,-2,-122
1754052100.40346,0,1,-110
1754052100.44146,-2,-2,-115
1754052100.4804602,-2,4,-128
1754052100.51846,3,5,-128
1754052100.55446,0,1,-129
1754052100.5924602,5,0,-130
1754052100.63046,6,3,-133
1754052100.66946,1,0,-123
1754052100.70546,6,0,-108
1754052100.74246,2,0,-118
1754052100.78046,7,-3,-116
1754052100.8194602,3,-3,-125
1754052100.8554602,0,-4,-121
1754052100.89346,-2,-8,-105
1754052100.93246,-1,-7,-113
1754052100.9704602,4,-1,-125
1754052101.00846,2,-5,-123
1754052101.04446,4,4,-132
1754052101.0824602,0,-1,-123
1754052101.12046,5,-3,-126
1754052101.15946,4,-5,-112
1754052101.19546,7,6,-116
1754052101.23246,7,3,-112
1754052101.27046,-2,-1,-116
1754052101.3094602,-1,-3,-119
1754052101.3454602,-3,-1,-110
1754052101.38346,-9,0,-115
1754052101.4214602,-15,-2,-108
1754052101.4604602,-7,-6,-114
1754052101.49846,-5,-3,-117
1754052101.53446,6,1,-127
1754052101.57146,9,-4,-115
1754052101.61046,0,-2,-113
1754052101.64646,1,5,-112
1754052101.68546,11,0,-115
1754052101.7234602,0,0,-112
1754052101.76046,0,-4,-113
1754052101.7994602,0,-4,-125
1754052101.8354602,-1,-1,-121
1754052101.87346,1,0,-123
1754052101.91246,0,-6,-126
1754052101.9504602,4,-6,-121
1754052101.9864602,1,-9,-115
1754052102.02446,0,0,-112
1754052102.0624602,-3,-2,-105
1754052102.10046,-5,-5,-118
1754052102.13946,-8,-2,-126
1754052102.17546,-3,-7,-123
1754052102.2134602,-2,-8,-119
1754052102.25146,6,-4,-122
1754052102.29046,-2,2,-118
1754052102.32646,2,1,-118
1754052102.36446,-5,0,-125
1754052102.40246,-8,-4,-114
1754052102.4404602,3,0,-117
1754052102.47946,2,-3,-116
1754052102.51546,-2,-2,-124
1754052102.55346,-1,-1,-124
1754052102.59146,-2,-2,-127
1754052102.63046,-11,2,-128
1754052102.66646,-3,0,-132
1754052102.70346,-4,-6,-128
1754052102.74146,8,0,-130
1754052102.78046,2,2,-129
1754052102.81646,0,-2,-115
1754052102.85446,3,-1,-129
1754052102.89246,3,-5,-129
1754052102.93146,1,-1,-128
1754052102.96946,-2,2,-127
1754052103.00546,-4,4,-128
1754052103.04346,-9,5,-128
1754052103.08146,-3,2,-110
1754052103.12046,-11,-1,-113
1754052103.15646,1,-1,-112
1754052103.1944602,3,1,-126
1754052103.2334602,1,-1,-108
1754052103.27146,0,-5,-114
1754052103.3094602,-5,0,-122
1754052103.3454602,3,1,-115
1754052103.38346,0,-2,-107
1754052103.4214602,6,-2,-107
1754052103.45946,6,-2,-121
1754052103.49546,6,0,-120
1754052103.53346,-2,1,-126
1754052103.57146,0,0,-116
1754052103.61046,0,-1,-124
1754052103.64646,0,-7,-118
1754052103.68546,-2,3,-130
1754052103.72246,-5,1,-115
1754052103.76146,2,-7,-124
1754052103.79746,-1,-2,-120
1754052103.8354602,3,0,-125
1754052103.87346,6,-5,-117
1754052103.9114602,0,5,-122
1754052103.9504602,6,4,-108
1754052103.9864602,1,0,-118
1754052104.02346,1,-1,-112
1754052104.06146,5,-3,-116
1754052104.10046,0,2,-115
1754052104.13646,0,7,-121
1754052104.1744602,0,4,-122
1754052104.21146,-2,-4,-126
1754052104.25046,2,5,-119
1754052104.28746,3,3,-121
1754052104.32446,-1,-1,-110
1754052104.36246,0,9,-117
1754052104.4014602,0,0,-108
1754052104.4374602,-1,1,-127
1754052104.47546,-4,-2,-122
1754052104.5134602,3,1,-123
1754052104.55146,-1,0,-126
1754052104.59046,-10,0,-124
1754052104.62646,-5,1,-122
1754052104.6644602,0,0,-124
1754052104.70246,-2,2,-122
1754052104.74146,0,-4,-116
1754052104.77746,0,-8,-117
1754052104.8154602,4,-6,-115
1754052104.85446,0,1,-133
1754052104.89246,2,0,-124
1754052104.93046,0,0,-117
1754052104.96646,2,-1,-112
1754052105.00446,4,1,-121
1754052105.0424602,1,2,-114
1754052105.08146,0,-6,-105
1754052105.11746,2,-4,-112
1754052105.15546,1,1,-121
1754052105.19346,0,-3,-122
1754052105.23246,-3,-6,-120
1754052105.27046,-1,-5,-120
1754052105.30646,-5,7,-126
1754052105.34446,0,-1,-121
1754052105.38346,4,0,-127
1754052105.4214602,5,-3,-107
1754052105.4574602,7,-5,-111
1754052105.49546,0,-8,-109
1754052105.53346,1,-10,-114
1754052105.5724602,2,-5,-114
1754052105.61046,3,0,-113
1754052105.64646,7,-4,-120
1754052105.6844602,7,-2,-113
1754052105.72246,4,-8,-109
1754052105.76146,4,-2,-108
1754052105.79746,0,-1,-113
1754052105.8354602,2,0,-122
1754052105.87446,4,-1,-119
1754052105.91246,-3,-3,-121
1754052105.9504602,-1,-4,-127
1754052105.98746,-1,1,-125
1754052106.02546,-3,-2,-116
1754052106.06346,5,-2,-111
1754052106.10246,9,3,-110
1754052106.1384602,3,-2,-127
1754052106.17646,1,-5,-113
1754052106.21446,-3,1,-112
1754052106.2534602,-3,0,-113
1754052106.29146,2,3,-114
1754052106.32746,1,0,-110
1754052106.3654602,0,-5,-122
1754052106.40346,-3,-1,-120
1754052106.44246,-5,-2,-119
1754052106.47846,0,-2,-122
1754052106.51746,-1,-2,-117
1754052106.55446,4,0,-114
1754052106.5924602,-3,1,-123
1754052106.6314602,0,-4,-113
1754052106.6674602,-1,1,-116
1754052106.70546,4,0,-115
1754052106.7434602,5,1,-103
1754052106.7824602,5,4,-102
1754052106.81846,5,-4,-111
1754052106.85646,5,-4,-111
1754052106.89546,8,1,-111
1754052106.93346,4,0,-117
1754052106.97146,0,1,-120
1754052107.00746,0,0,-117
1754052107.04446,2,-10,-113
1754052107.08346,1,1,-117
1754052107.1214602,2,-4,-119
1754052107.1574602,0,-3,-110
1754052107.19546,5,3,-118
1754052107.2334602,6,3,-120
1754052107.27146,7,-4,-115
1754052107.30746,4,-1,-111
1754052107.3454602,4,-8,-108
1754052107.38346,3,-6,-113
1754052107.42246,-1,-6,-119
1754052107.45846,-5,-6,-116
1754052107.4964602,-2,-4,-126
1754052107.53446,-3,-2,-121
1754052107.57346,-3,3,-128
1754052107.6114602,6,-1,-117
1754052107.64746,11,-2,-104
1754052107.68546,0,2,-112
1754052107.7234602,-4,-2,-111
1754052107.76246,-3,-8,-119
1754052107.79846,2,-5,-127
1754052107.83646,1,0,-120
1754052107.87446,-4,-5,-112
1754052107.91346,1,-1,-118
1754052107.94946,-2,1,-129
1754052107.98846,-1,9,-112
1754052108.02546,6,0,-108
1754052108.06346,3,-3,-124
1754052108.10246,1,1,-115
1754052108.1384602,0,-1,-117
1754052108.17646,0,-3,-126
1754052108.21446,-10,0,-128
1754052108.2534602,0,-1,-128
1754052108.2894602,1,1,-115
1754052108.32746,6,-3,-107
1754052108.3654602,3,-2,-123
1754052108.40346,-3,-3,-116
1754052108.44246,-3,-4,-116
1754052108.47846,3,-2,-112
1754052108.5164602,7,-1,-118
1754052108.55446,-6,1,-112
1754052108.59346,2,-2,-118
1754052108.62946,4,2,-114
1754052108.6674602,-2,-5,-118
1754052108.70546,-3,-4,-122
1754052108.74446,-7,-2,-116
1754052108.7824602,1,1,-122
1754052108.81846,1,-3,-123
1754052108.85646,-2,3,-123
1754052108.8944602,0,0,-119
1754052108.93346,0,-1,-114
1754052108.96946,2,0,-113
1754052109.01546,1,-6,-119
1754052109.05346,-2,-5,-112
1754052109.08946,-4,-9,-118
1754052109.12746,-2,1,-119
1754052109.16546,1,-9,-115
1754052109.20446,-2,-7,-127
1754052109.24246,4,0,-125
1754052109.27846,3,3,-126
1754052109.3154602,3,4,-127
1754052109.35446,2,4,-118
1754052109.39246,9,0,-111
1754052109.42846,3,0,-107
1754052109.46546,5,-10,-116
1754052109.50446,4,-7,-115
1754052109.5424602,-3,0,-117
1754052109.57846,0,0,-121
1754052109.6154602,9,7,-126
1754052109.6544602,7,6,-113
1754052109.69246,0,-1,-124
1754052109.72846,0,-2,-113
1754052109.7664602,0,1,-113
1754052109.80546,-2,0,-119
1754052109.84346,-2,-3,-125
1754052109.87946,0,-3,-128
1754052109.9174602,2,-6,-116
1754052109.95546,11,-8,-110
1754052109.99446,0,-6,-119
1754052110.03046,0,2,-115
1754052110.06746,0,-5,-126
1754052110.1054602,-1,-1,-112
1754052110.1444602,0,1,-108
1754052110.18046,0,-2,-106
1754052110.21846,2,-2,-110
1754052110.2564602,8,-9,-107
1754052110.29446,5,-4,-114
1754052110.33346,-3,-3,-104
1754052110.37046,0,-8,-110
1754052110.40846,2,-2,-125
1754052110.44546,3,2,-120
1754052110.48446,1,-4,-105
1754052110.52046,0,-4,-113
1754052110.55846,2,-8,-126
1754052110.59746,-7,2,-122
1754052110.6344602,0,-3,-113
1754052110.67346,-2,0,-115
1754052110.70946,-4,0,-112
1754052110.74746,-1,-2,-124
1754052110.78546,1,-3,-118
1754052110.82346,-6,-3,-121
1754052110.85946,5,-1,-112
1754052110.89746,1,5,-120
1754052110.93546,-2,0,-116
1754052110.97446,-3,0,-116
1754052111.01046,-1,1,-124
1754052111.04846,1,-6,-108
1754052111.08646,-7,-3,-116
1754052111.12546,-2,-5,-116
1754052111.16346,-13,-5,-121
1754052111.19946,-11,-3,-125
1754052111.23846,0,-7,-120
1754052111.27546,2,4,-121
1754052111.31446,-4,5,-112
1754052111.35046,-3,12,-117
1754052111.3884602,-6,4,-126
1754052111.42646,-3,-2,-106
1754052111.46546,1,-6,-110
1754052111.5034602,1,-3,-107
1754052111.5394602,5,-6,-111
1754052111.57746,3,-1,-106
1754052111.6154602,-1,-1,-107
1754052111.6544602,3,-2,-118
1754052111.6904602,4,-7,-122
1754052111.72846,-4,-3,-115
1754052111.76746,-7,0,-113
1754052111.80546,1,0,-127
1754052111.84346,4,-4,-127
1754052111.87946,3,-2,-129
1754052111.9174602,3,-3,-117
1754052111.95546,3,-1,-106
1754052111.99446,-3,-1,-128
1754052112.03046,0,-1,-129
1754052112.06846,5,-1,-122
1754052112.10646,0,2,-126
1754052112.14546,1,3,-131
1754052112.18146,4,1,-118
1754052112.21846,-2,2,-119
1754052112.2564602,3,-1,-120
1754052112.29546,3,-5,-131
1754052112.33146,6,-7,-126
1754052112.37046,6,2,-119
1754052112.40846,5,7,-122
1754052112.44546,5,3,-122
1754052112.48446,7,1,-130
1754052112.52046,4,0,-129
1754052112.55846,-1,-4,-114
1754052112.59746,-1,-4,-112
1754052112.63546,4,-4,-105
1754052112.6714602,0,-2,-91
1754052112.70946,3,-2,-110
1754052112.74746,1,-7,-116
1754052112.78546,0,4,-120
1754052112.82446,4,-3,-111
1754052112.86046,2,4,-127
1754052112.89746,3,0,-121
1754052112.93646,6,1,-115
1754052112.97446,5,4,-111
1754052113.01046,6,-1,-121
1754052113.04846,-4,-10,-116
1754052113.08646,-2,-5,-111
1754052113.12546,0,4,-110
1754052113.1614602,4,0,-111
1754052113.19946,5,0,-122
1754052113.23846,2,3,-117
1754052113.2764602,0,2,-110
1754052113.31446,-1,2,-116
1754052113.35046,1,-1,-113
1754052113.3884602,0,0,-119
1754052113.42646,3,2,-109
1754052113.46546,8,-2,-114
1754052113.50146,-1,-6,-117
1754052113.5394602,-2,-2,-118
1754052113.57746,8,0,-126
1754052113.61646,11,0,-124
1754052113.6544602,6,0,-116
1754052113.6904602,4,3,-111
1754052113.72746,3,1,-122
1754052113.7664602,-4,-2,-125
1754052113.80446,0,-6,-122
1754052113.84046,-4,-3,-118
1754052113.8784602,-4,-6,-113
1754052113.9174602,0,0,-118
1754052113.95546,-6,-3,-121
1754052113.99146,5,-5,-128
1754052114.03046,3,-6,-130
1754052114.06746,0,-4,-120
1754052114.10646,-2,-1,-121
1754052114.14246,-2,2,-123
1754052114.18046,-2,0,-115
1754052114.21846,-2,1,-116
1754052114.2564602,2,-1,-114
1754052114.29546,0,-6,-110
1754052114.33146,0,-3,-119
1754052114.3684602,-3,-3,-132
1754052114.40646,-4,-1,-119
1754052114.44546,2,7,-124
1754052114.48146,0,5,-124
1754052114.51846,0,3,-115
1754052114.55646,-2,5,-120
1754052114.5954602,3,7,-124
1754052114.6314602,-5,2,-112
1754052114.66946,-2,-5,-123
1754052114.7074602,-2,0,-123
1754052114.7464602,-7,-4,-133
1754052114.7824602,-1,0,-119
1754052114.82046,4,-1,-124
1754052114.85946,5,-6,-109
1754052114.89646,0,-4,-117
1754052114.93546,-2,-3,-123
1754052114.97146,3,-1,-118
1754052115.0094602,5,-2,-119
1754052115.04746,2,-4,-113
1754052115.08646,4,8,-109
1754052115.12246,0,0,-121
1754052115.16046,2,-2,-123
1754052115.19846,-1,-7,-119
1754052115.23746,5,-1,-113
1754052115.27546,11,-4,-103
1754052115.31146,1,-2,-114
1754052115.3484602,3,-2,-117
1754052115.38746,1,0,-122
1754052115.42546,7,-1,-110
1754052115.46146,-2,0,-116
1754052115.50046,5,3,-114
1754052115.53746,0,1,-121
1754052115.57746,-3,-3,-118
1754052115.6154602,-7,0,-109
1754052115.6514602,0,0,-116
1754052115.68946,1,0,-107
1754052115.72846,3,-1,-101
1754052115.7664602,-1,3,-103
1754052115.8024602,0,0,-117
1754052115.84046,0,-2,-116
1754052115.8784602,10,3,-121
1754052115.91646,4,3,-127
1754052115.95246,-1,-4,-124
1754052115.9904602,0,-5,-120
1754052116.02846,-2,-7,-113
1754052116.06746,1,-8,-116
1754052116.1054602,-3,-3,-113
1754052116.1414602,-4,-5,-115
1754052116.17946,-6,-3,-115
1754052116.2174602,0,-8,-108
1754052116.2564602,4,5,-106
1754052116.2924602,-8,0,-111
1754052116.32946,4,-5,-117
1754052116.36746,-8,-2,-125
1754052116.40646,0,3,-113
1754052116.44246,3,-2,-118
1754052116.4804602,0,0,-123
1754052116.5194602,-1,-8,-124
1754052116.55746,1,-3,-113
1754052116.59346,-5,0,-108
1754052116.6314602,-4,-2,-113
1754052116.66946,-8,-4,-115
1754052116.7074602,-1,1,-102
1754052116.7464602,-1,-4,-121
1754052116.7824602,1,-1,-117
1754052116.82046,1,-1,-126
1754052116.8584602,0,-1,-126
1754052116.89746,5,0,-128
1754052116.93346,5,1,-118
1754052116.9704602,6,0,-130
1754052117.00846,7,-2,-123
1754052117.04746,-1,-3,-114
1754052117.08346,-1,-5,-113
1754052117.1214602,1,0,-105
1754052117.15946,-8,-5,-107
1754052117.19846,0,0,-118
1754052117.2364602,0,7,-96
1754052117.27246,5,-6,-113
1754052117.31046,1,4,-128
1754052117.3484602,1,0,-128
1754052117.38746,5,-4,-111
1754052117.42346,4,0,-121
1754052117.4604602,0,-4,-117
1754052117.49946,-4,-1,-122
1754052117.53746,-5,-4,-115
1754052117.57346,4,-3,-107
1754052117.61246,7,2,-95
1754052117.64946,4,2,-117
1754052117.68846,2,-3,-119
1754052117.72646,-4,-5,-114
1754052117.76246,-3,0,-116
1754052117.80046,-4,0,-118
1754052117.8384602,-2,-1,-117
1754052117.87746,-1,0,-129
1754052117.91346,5,-4,-121
1754052117.95146,-4,6,-119
1754052117.9904602,6,0,-110
1754052118.02846,2,-7,-128
1754052118.06646,0,-2,-117
1754052118.10246,-8,-2,-115
1754052118.14046,0,-5,-123
1754052118.17846,3,-1,-124
1754052118.2174602,0,-2,-113
1754052118.2534602,2,2,-108
1754052118.29046,6,9,-128
1754052118.32846,4,4,-118
1754052118.36746,0,1,-116
1754052118.40346,-1,3,-124
1754052118.44146,-1,3,-121
1754052118.47946,8,0,-115
1754052118.51846,10,-1,-116
1754052118.55446,10,-2,-114
1754052118.5924602,5,-5,-122
1754052118.63046,8,-4,-124
1754052118.66846,3,-7,-122
1754052118.7074602,0,-4,-120
1754052118.7434602,7,-5,-124
1754052118.7824602,7,-1,-123
1754052118.8194602,1,4,-125
1754052118.8584602,2,5,-121
1754052118.8944602,0,4,-111
1754052118.93246,0,-7,-114
1754052118.9704602,6,0,-119
1754052119.00846,3,-2,-126
1754052119.0524602,3,-1,-121
1754052119.09146,3,-2,-118
1754052119.1284602,4,-6,-119
1754052119.1674602,0,-5,-119
1754052119.20346,0,0,-117
1754052119.2404602,-7,-6,-112
1754052119.2794602,4,-4,-120
1754052119.31746,3,-10,-119
1754052119.35346,8,-15,-126
1754052119.3914602,2,-1,-115
1754052119.42946,0,0,-112
1754052119.46846,-2,-3,-118
1754052119.50446,-1,-1,-116
1754052119.5424602,0,0,-128
1754052119.58046,0,2,-118
1754052119.61946,0,-3,-119
1754052119.6574602,6,0,-114
1754052119.6944602,0,4,-113
1754052119.73146,9,2,-114
1754052119.7694602,2,0,-117
1754052119.80846,-7,1,-123
1754052119.84446,0,3,-111
1754052119.8814602,4,0,-113
1754052119.91946,-4,0,-119
1754052119.95846,-6,2,-112
1754052119.99446,-3,2,-117
1754052120.0324602,-9,0,-113
1754052120.07046,-2,-3,-112
1754052120.10946,0,-5,-122
1754052120.14746,5,0,-118
1754052120.18346,-1,0,-114
1754052120.22246,1,-3,-109
1754052120.2594602,4,1,-102
1754052120.29846,-2,-9,-107
1754052120.33446,-5,-6,-119
1754052120.37246,3,-7,-128
1754052120.41046,2,-2,-112
1754052120.44946,0,-5,-130
1754052120.48546,6,0,-123
1754052120.52346,4,-8,-112
1754052120.56146,1,-7,-124
1754052120.59946,-2,0,-111
1754052120.6384602,0,-9,-111
1754052120.6744602,6,-11,-120
1754052120.71246,2,-5,-125
1754052120.75046,6,4,-119
1754052120.7894602,-6,5,-119
1754052120.8254602,-5,0,-124
1754052120.86446,1,-4,-108
1754052120.9014602,-3,-4,-117
1754052120.93946,2,-6,-112
1754052120.97846,0,0,-115
1754052121.01446,4,-2,-114
1754052121.0524602,1,-3,-117
1754052121.09046,-1,-7,-111
1754052121.12946,0,-6,-120
1754052121.16546,6,0,-119
1754052121.20346,4,-3,-116
1754052121.24146,14,-2,-116
1754052121.28046,2,2,-120
1754052121.31846,1,1,-111
1754052121.35446,0,-4,-113
1754052121.3914602,0,-1,-117
1754052121.43046,3,-4,-115
1754052121.46846,-1,-3,-107
1754052121.50446,0,-3,-116
1754052121.54146,-1,2,-114
1754052121.58046,-4,-4,-121
1754052121.6184602,-4,-5,-117
1754052121.6544602,-10,-4,-126
1754052121.69246,-1,2,-121
1754052121.7304602,0,2,-133
1754052121.7694602,2,0,-128
1754052121.80546,3,-1,-125
1754052121.84346,3,-4,-127
1754052121.8814602,3,2,-120
1754052121.92046,-8,0,-117
1754052121.95846,-1,-5,-110
1754052121.99446,0,4,-116
1754052122.03146,2,-1,-121
1754052122.07046,2,2,-117
1754052122.1084602,1,-6,-115
1754052122.1444602,0,-6,-109
1754052122.18246,1,-1,-123
1754052122.2204602,6,0,-113
1754052122.2594602,4,-5,-115
1754052122.29546,-5,-2,-127
1754052122.33446,-1,0,-119
1754052122.3714602,1,2,-120
1754052122.41046,-3,-6,-117
1754052122.44646,3,1,-107
1754052122.48446,-7,-8,-118
1754052122.52146,2,-9,-123
1754052122.56046,-1,0,-126
1754052122.59646,-3,3,-123
1754052122.6344602,0,2,-119
1754052122.67246,-1,-2,-127
1754052122.7104602,-1,0,-132
1754052122.74946,-1,-4,-125
1754052122.78546,0,-6,-124
1754052122.82346,0,-4,-121
1754052122.8614602,0,-6,-117
1754052122.90046,1,0,-124
1754052122.93646,2,-6,-119
1754052122.97446,-2,-2,-116
1754052123.0134602,3,-6,-112
1754052123.05146,2,-3,-114
1754052123.08946,3,0,-109
1754052123.12546,8,0,-110
1754052123.16346,5,-4,-113
1754052123.2004602,-7,-7,-109
1754052123.23946,0,-6,-111
1754052123.27546,0,-6,-117
1754052123.31346,2,0,-112
1754052123.35146,4,-1,-98
1754052123.39046,-3,4,-100
1754052123.42646,-8,1,-121
1754052123.46446,-1,1,-111
1754052123.50246,1,3,-117
1754052123.54146,-2,3,-112
1754052123.57946,-3,-2,-114
1754052123.6154602,-6,-1,-114
1754052123.6544602,-10,-7,-123
1754052123.69146,-3,-1,-117
1754052123.7304602,-2,-2,-111
1754052123.7664602,-7,3,-117
1754052123.80446,-4,-6,-121
1754052123.8424602,0,-2,-116
1754052123.8814602,0,0,-103
1754052123.91946,0,0,-118
1754052123.95546,1,0,-116
1754052123.99246,5,0,-122
1754052124.03146,5,-5,-115
1754052124.0694602,0,-1,-113
1754052124.1054602,0,-2,-123
1754052124.14346,2,-6,-124
1754052124.18146,-2,-1,-115
1754052124.2204602,2,-1,-121
1754052124.2564602,0,-4,-129
1754052124.29446,2,0,-119
1754052124.3324602,3,-1,-120
1754052124.3714602,-1,0,-114
1754052124.40946,0,-5,-111
1754052124.44546,0,-3,-112
1754052124.4834602,2,-6,-115
1754052124.52146,-2,1,-117
1754052124.55746,-1,-3,-110
1754052124.59646,9,-3,-124
1754052124.63346,1,-2,-129
1754052124.6714602,2,-4,-128
1754052124.7104602,2,4,-123
1754052124.7464602,2,0,-113
1754052124.78346,-6,2,-113
1754052124.82146,-6,-6,-110
1754052124.86046,-2,-4,-119
1754052124.89646,0,0,-118
1754052124.93346,-6,-6,-109
1754052124.97146,-1,-1,-125
1754052125.01046,0,-5,-119
1754052125.0464602,1,-2,-112
1754052125.08446,-3,3,-114
1754052125.12246,-3,0,-123
1754052125.1614602,-4,-1,-121
1754052125.19846,1,0,-121
1754052125.23546,4,6,-115
1754052125.27346,0,-2,-121
1754052125.31146,0,2,-124
1754052125.35046,4,-1,-128
1754052125.38646,7,0,-123
1754052125.42346,11,-4,-114
1754052125.46246,4,-8,-114
1754052125.50046,-2,-6,-114
1754052125.5364602,-7,0,-122
1754052125.5754602,4,-6,-125
1754052125.61246,-5,0,-110
1754052125.6514602,4,0,-112
1754052125.6874602,10,-6,-107
1754052125.72546,1,-1,-113
1754052125.7634602,6,-2,-106
1754052125.8024602,0,-1,-122
1754052125.84046,7,0,-126
1754052125.87646,0,0,-120
1754052125.91346,-2,2,-118
1754052125.95246,0,-3,-114
1754052125.9904602,1,-3,-123
1754052126.0264602,2,1,-120
1754052126.06346,-4,-4,-117
1754052126.10246,-1,-1,-120
1754052126.14046,0,-6,-120
1754052126.17646,-1,-10,-131
1754052126.21446,-1,-9,-119
1754052126.25246,0,-1,-115
1754052126.29146,-9,0,-122
1754052126.32746,3,3,-117
1754052126.36446,0,4,-117
1754052126.40246,0,3,-127
1754052126.44146,8,0,-125
1754052126.47746,2,0,-112
1754052126.51446,-5,1,-117
1754052126.55346,-2,0,-120
1754052126.59146,-4,1,-124
1754052126.62746,-8,1,-121
1754052126.66646,-3,2,-113
1754052126.70346,3,2,-126
1754052126.74246,3,0,-112
1754052126.77846,-3,0,-122
1754052126.8154602,-2,3,-120
1754052126.85346,0,-3,-110
1754052126.89246,6,0,-111
1754052126.92846,1,-1,-109
1754052126.96646,7,-6,-118
1754052127.00446,1,6,-115
1754052127.0424602,-1,0,-110
1754052127.08146,0,0,-128
1754052127.11746,5,3,-124
1754052127.15546,-5,1,-118
1754052127.19346,0,0,-115
1754052127.23246,1,3,-107
1754052127.26846,-1,-3,-115
1754052127.30646,-8,-3,-112
1754052127.34446,-2,-4,-122
1754052127.38246,0,2,-124
1754052127.4214602,3,-6,-118
1754052127.4574602,-1,0,-118
1754052127.49546,-6,-2,-121
1754052127.53346,-2,1,-107
1754052127.5724602,-1,0,-113
1754052127.6084602,0,2,-113
1754052127.64646,-4,-4,-125
1754052127.6844602,3,-4,-116
1754052127.7234602,0,-1,-116
1754052127.76146,7,-7,-123
1754052127.79746,0,0,-122
1754052127.83446,0,6,-126
1754052127.87346,-1,-4,-126
1754052127.9114602,-5,-3,-121
1754052127.9474602,-1,-5,-120
1754052127.98546,3,3,-114
1754052128.02446,-1,0,-116
1754052128.0624602,2,3,-119
1754052128.0984602,5,5,-118
1754052128.13546,-5,4,-127
1754052128.1744602,0,0,-109
1754052128.21246,-2,0,-120
1754052128.24846,-8,1,-127
1754052128.2864602,-8,0,-113
1754052128.32446,1,4,-122
1754052128.36346,0,5,-116
1754052128.4014602,1,0,-114
1754052128.4374602,-1,-6,-121
1754052128.47546,-2,0,-131
1754052128.5134602,2,2,-118
1754052128.5524602,-3,6,-119
1754052128.5884602,-4,2,-125
1754052128.62646,-2,0,-118
1754052128.6644602,-2,1,-117
1754052128.70346,-4,-8,-119
1754052128.73946,0,-12,-110
1754052128.77746,-2,-2,-109
1754052128.8154602,-1,-5,-110
1754052128.85346,2,2,-106
1754052128.89246,-2,5,-103
1754052128.92846,7,5,-108
1754052128.96546,-1,0,-128
1754052129.0034602,1,-8,-116
1754052129.0424602,4,-5,-113
1754052129.08646,-4,-6,-118
1754052129.12446,5,0,-121
1754052129.16346,0,0,-125
1754052129.19946,0,-2,-127
1754052129.23746,-3,0,-115
1754052129.27546,0,5,-127
1754052129.31346,1,-3,-121
1754052129.35246,-1,-4,-126
1754052129.3884602,3,0,-120
1754052129.42546,0,0,-110
1754052129.4634602,7,-3,-106
1754052129.50246,0,-7,-121
1754052129.53846,6,-10,-116
1754052129.57646,5,-2,-106
1754052129.61446,-2,-2,-115
1754052129.65346,0,0,-124
1754052129.68946,8,-5,-118
1754052129.72746,5,-2,-128
1754052129.76546,1,-2,-126
1754052129.80446,-4,-5,-127
1754052129.8424602,-6,-5,-134
1754052129.8784602,1,3,-126
1754052129.91646,-4,-6,-115
1754052129.95446,0,0,-120
1754052129.9934602,0,1,-109
1754052130.0294602,-2,0,-117
1754052130.06646,0,-2,-124
1754052130.10446,-8,-7,-113
1754052130.14346,1,-7,-113
1754052130.17946,-2,-5,-115
1754052130.2174602,5,-3,-118
1754052130.25546,0,-1,-120
1754052130.29446,9,0,-128
1754052130.3324602,4,-6,-118
1754052130.3684602,0,-4,-113
1754052130.40646,-4,-4,-112
1754052130.4444602,0,-9,-129
1754052130.4834602,-4,-8,-127
1754052130.5194602,-7,-5,-129
1754052130.55746,1,-3,-125
1754052130.5954602,0,-6,-115
1754052130.6344602,10,-3,-116
1754052130.67246,1,0,-109
1754052130.70846,-2,-3,-110
1754052130.74746,-7,0,-123
1754052130.78446,-4,2,-130
1754052130.82346,-2,-2,-121
1754052130.85946,-4,-1,-109
1754052130.89746,-2,-1,-121
1754052130.93546,2,1,-110
1754052130.97446,-3,0,-120
1754052131.01046,-4,-7,-121
1754052131.04846,7,-5,-125
1754052131.08646,3,-3,-115
1754052131.12446,4,-9,-122
1754052131.16346,-1,0,-128
1754052131.19946,5,0,-113
1754052131.23746,-2,-2,-121
1754052131.27546,4,0,-130
1754052131.31446,1,2,-128
1754052131.35046,4,1,-117
1754052131.3884602,6,3,-124
1754052131.42646,-5,-3,-108
1754052131.46446,0,1,-101
1754052131.50046,-4,-1,-114
1754052131.5394602,-3,0,-113
1754052131.57646,2,0,-116
1754052131.61446,13,-5,-109
1754052131.65346,-4,2,-120
1754052131.68946,-2,2,-116
1754052131.72746,-3,0,-126
1754052131.76546,6,3,-122
1754052131.80446,5,6,-123
1754052131.84046,4,3,-120
1754052131.87746,9,-4,-113
1754052131.91546,6,-5,-108
1754052131.95446,3,2,-123
1754052131.9904602,-1,-2,-120
1754052132.02846,-4,0,-132
1754052132.06746,-2,0,-118
1754052132.1054602,-9,-7,-115
1754052132.14346,2,-4,-116
1754052132.17946,-3,1,-122
1754052132.2174602,0,-1,-130
1754052132.25546,8,2,-122
1754052132.29446,6,0,-117
1754052132.33046,-2,-5,-111
1754052132.3684602,6,-4,-114
1754052132.40646,1,0,-107
1754052132.44546,1,-2,-112
1754052132.4834602,0,-8,-118
1754052132.5194602,-2,-1,-108
1754052132.55746,-3,5,-109
1754052132.59646,-1,5,-109
1754052132.6344602,6,-6,-109
1754052132.67046,9,-2,-122
1754052132.70946,-1,0,-105
1754052132.7464602,-1,-1,-112
1754052132.78546,-5,2,-108
1754052132.82346,-5,-4,-126
1754052132.86046,-4,-1,-127
1754052132.89846,5,-1,-121
1754052132.93646,-6,5,-111
1754052132.97546,-3,0,-114
1754052133.01146,0,-3,-115
1754052133.0494602,4,-2,-118
1754052133.08746,3,0,-114
1754052133.12546,2,0,-117
1754052133.1644602,-1,-2,-121
1754052133.2004602,-2,-4,-124
1754052133.23846,0,0,-129
1754052133.2764602,-2,-7,-123
1754052133.3154602,-6,-5,-120
1754052133.35146,-2,-5,-115
1754052133.38946,-5,-5,-117
1754052133.4274602,-3,0,-117
1754052133.46546,-5,0,-119
1754052133.50446,-1,-8,-118
1754052133.54046,1,-5,-123
1754052133.57846,3,1,-113
1754052133.61646,-2,-11,-112
1754052133.65546,8,-8,-110
1754052133.69146,-1,-11,-114
1754052133.72946,4,-2,-116
1754052133.76746,0,-5,-121
1754052133.80646,0,0,-129
1754052133.84446,4,0,-132
1754052133.88046,2,1,-126
1754052133.9174602,6,0,-109
1754052133.95646,1,-5,-123
1754052133.99446,-2,0,-112
1754052134.03046,0,-5,-115
1754052134.06846,2,2,-115
1754052134.10646,3,0,-121
1754052134.14546,-1,4,-120
1754052134.18246,-1,-4,-123
1754052134.21946,5,-5,-116
1754052134.25746,-2,-1,-121
1754052134.2964602,8,-2,-112
1754052134.33446,8,-4,-119
1754052134.37046,5,-3,-115
1754052134.40846,6,-1,-107
1754052134.44646,-4,3,-115
1754052134.48546,-2,-3,-121
1754052134.52146,-5,0,-122
1754052134.5594602,3,3,-111
1754052134.59746,0,2,-115
1754052134.63646,-2,3,-115
1754052134.6744602,0,0,-107
1754052134.7104602,2,-3,-112
1754052134.74846,2,-6,-116
1754052134.7864602,7,0,-109
1754052134.8254602,-1,-6,-119
1754052134.8614602,-7,-3,-116
1754052134.89946,-2,-5,-111
1754052134.93846,0,1,-116
1754052134.97646,-3,-3,-113
1754052135.01246,-3,-2,-124
1754052135.05046,3,9,-122
1754052135.0884602,-1,-2,-121
1754052135.12646,-2,-3,-118
1754052135.16546,-2,-2,-113
1754052135.20146,-1,0,-125
1754052135.23946,0,1,-116
1754052135.27746,4,2,-123
1754052135.31646,-1,1,-108
1754052135.35246,-3,1,-107
1754052135.39046,4,-7,-108
1754052135.42846,-1,4,-115
1754052135.46646,-3,1,-111
1754052135.50546,-2,-3,-129
1754052135.54146,-2,-6,-124
1754052135.57946,5,-4,-111
1754052135.61746,4,-7,-112
1754052135.65646,-1,-5,-110
1754052135.69246,4,-7,-113
1754052135.7304602,-1,-4,-122
1754052135.76846,-4,0,-120
1754052135.80646,1,-1,-115
1754052135.8454602,-3,1,-118
1754052135.8814602,1,1,-118
1754052135.91846,3,1,-119
1754052135.9574602,-5,0,-116
1754052135.99546,-7,-2,-117
1754052136.03146,-1,-3,-116
1754052136.0694602,-1,-1,-118
1754052136.1084602,-4,-1,-115
1754052136.14646,1,-2,-109
1754052136.18246,-2,4,-121
1754052136.22146,-8,3,-117
1754052136.25846,-2,0,-107
1754052136.29746,-2,1,-110
1754052136.3354602,-3,4,-120
1754052136.3714602,3,0,-120
1754052136.40846,3,0,-123
1754052136.4474602,7,-4,-116
1754052136.48546,5,0,-116
1754052136.52146,1,-5,-110
1754052136.55846,1,-4,-122
1754052136.59746,-6,-5,-121
1754052136.63546,-1,-4,-119
1754052136.6714602,0,-4,-122
1754052136.70946,-5,-13,-121
1754052136.74746,-3,-2,-127
1754052136.7864602,-2,-2,-112
1754052136.8224602,-7,-3,-127
1754052136.86046,-4,-7,-121
1754052136.89846,0,3,-124
1754052136.9374602,1,3,-119
1754052136.97546,-1,5,-114
1754052137.01146,-4,6,-113
1754052137.0494602,-1,-3,-124
1754052137.08746,-2,0,-114
1754052137.12646,1,-4,-124
1754052137.16246,1,-9,-125
1754052137.2004602,0,1,-125
1754052137.23846,0,-2,-122
1754052137.27746,0,0,-116
1754052137.31446,3,-3,-122
1754052137.35146,-2,0,-107
1754052137.38946,-5,6,-118
1754052137.4274602,-1,1,-118
1754052137.46646,-2,-1,-124
1754052137.50246,4,0,-119
1754052137.5394602,-2,-1,-111
1754052137.57846,-2,-1,-119
1754052137.61646,-1,1,-121
1754052137.65246,4,1,-112
1754052137.69146,0,1,-112
1754052137.72846,3,-4,-124
1754052137.76746,5,-9,-127
1754052137.80346,5,-9,-116
1754052137.84146,2,-3,-123
1754052137.87946,-1,4,-129
1754052137.91846,7,3,-129
1754052137.95646,4,0,-121
1754052137.99246,-1,0,-120
1754052138.03046,3,3,-112
1754052138.0694602,-2,0,-105
1754052138.10746,0,-3,-115
1754052138.14346,0,-5,-110
1754052138.18146,-1,4,-111
1754052138.21946,5,1,-107
1754052138.25846,4,-3,-108
1754052138.2964602,0,-1,-115
1754052138.3324602,-1,8,-116
1754052138.37046,0,-6,-114
1754052138.40846,0,-5,-120
1754052138.4474602,2,-6,-112
1754052138.4834602,4,-4,-119
1754052138.52146,5,-2,-112
1754052138.5594602,1,1,-122
1754052138.5984602,1,0,-122
1754052138.63646,-4,-1,-123
1754052138.67246,-1,0,-117
1754052138.7104602,-4,-5,-133
1754052138.74846,-3,1,-114
1754052138.78746,-1,-2,-118
1754052138.82346,2,-4,-120
1754052138.8614602,7,0,-125
1754052138.89946,3,1,-125
1754052138.93846,-4,0,-112
1754052138.97646,3,-1,-107
1754052139.01246,1,-4,-114
1754052139.05046,-3,-10,-107
1754052139.09646,-4,-4,-114
1754052139.13346,-3,0,-117
1754052139.17246,0,3,-118
1754052139.20946,1,2,-112
1754052139.24846,3,1,-120
1754052139.28446,-2,0,-101
1754052139.3224602,-2,-4,-109
1754052139.3614602,-1,0,-110
1754052139.39846,2,-2,-119
1754052139.4374602,-1,1,-118
1754052139.4734602,1,8,-118
1754052139.51146,0,-1,-110
1754052139.54846,2,-5,-107
1754052139.58746,0,-7,-109
1754052139.62346,-7,-5,-118
1754052139.6614602,-5,0,-111
1754052139.69946,-3,-6,-109
1754052139.73846,-2,-4,-118
1754052139.77446,-5,4,-117
1754052139.8124602,-3,0,-122
1754052139.85046,-4,0,-121
1754052139.8884602,-8,-1,-120
1754052139.9274602,-5,2,-113
1754052139.9634602,-6,0,-121
1754052140.00146,-13,4,-128
1754052140.0394602,2,-4,-121
1754052140.07846,4,-3,-114
1754052140.11446,3,-3,-122
1754052140.15346,5,-8,-130
1754052140.19146,7,-3,-126
1754052140.22946,-1,0,-117
1754052140.26846,-1,2,-117
1754052140.30446,1,3,-112
1754052140.34146,-3,0,-118
1754052140.37946,3,5,-122
1754052140.41846,0,3,-118
1754052140.45446,1,-8,-114
1754052140.49246,2,-3,-103
1754052140.53046,3,-3,-105
1754052140.5694602,1,-4,-110
1754052140.60746,-7,-13,-112
1754052140.6444602,-5,0,-119
1754052140.68146,1,-2,-116
1754052140.71946,6,1,-125
1754052140.75846,5,0,-126
1754052140.79446,5,3,-129
1754052140.83146,4,-1,-122
1754052140.86946,1,-3,-122
1754052140.90846,-3,-8,-116
1754052140.9444602,1,-7,-112
1754052140.98246,0,-6,-119
1754052141.02046,1,-5,-120
1754052141.0594602,0,-3,-130
1754052141.09746,0,-2,-122
1754052141.13346,-3,-3,-112
1754052141.1714602,-3,1,-119
1754052141.20946,4,0,-118
1754052141.24846,4,-2,-117
1754052141.28446,-2,-6,-107
1754052141.32346,4,-2,-114
1754052141.36046,2,-5,-123
1754052141.39946,2,-3,-123
1754052141.43546,7,-1,-116
1754052141.4734602,4,-2,-118
1754052141.51146,-2,2,-120
1754052141.5494602,0,4,-130
1754052141.5884602,5,3,-121
1754052141.62446,0,2,-119
1754052141.6614602,-2,-3,-123
1754052141.69946,-2,-1,-113
1754052141.73846,1,0,-118
1754052141.77446,9,-2,-114
1754052141.8124602,4,-6,-113
1754052141.85046,8,3,-120
1754052141.88946,8,0,-121
1754052141.92546,1,0,-120
1754052141.96246,1,-2,-113
1754052142.00046,-5,-1,-117
1754052142.0394602,5,-2,-107
1754052142.0754602,7,1,-104
1754052142.11246,5,4,-119
1754052142.1514602,6,-1,-111
1754052142.18946,0,-3,-108
1754052142.22546,-7,-2,-111
1754052142.2634602,-2,4,-117
1754052142.30146,-2,-2,-115
1754052142.34046,-6,6,-113
1754052142.3784602,0,5,-118
1754052142.4144602,-3,8,-115
1754052142.45246,-3,3,-119
1754052142.4904602,-4,3,-123
1754052142.5294602,-2,0,-115
1754052142.5654602,4,0,-107
1754052142.60246,-2,3,-126
1754052142.64046,1,1,-121
1754052142.67946,0,2,-128
1754052142.71546,0,3,-114
1754052142.75246,-3,0,-124
1754052142.79046,3,-2,-109
1754052142.82946,10,-1,-108
1754052142.8654602,9,-3,-104
1754052142.90346,10,-2,-110
1754052142.94246,0,0,-122
1754052142.9804602,5,-3,-117
1754052143.01846,9,0,-121
1754052143.05446,9,-1,-121
1754052143.09346,1,-5,-115
1754052143.13046,1,-1,-111
1754052143.16946,-1,1,-111
1754052143.20546,0,-4,-109
1754052143.2434602,0,-6,-110
1754052143.28146,0,1,-108
1754052143.32046,-1,-3,-113
1754052143.35646,3,-2,-114
1754052143.3944602,0,-5,-119
1754052143.43246,3,0,-117
1754052143.4704602,2,-1,-116
1754052143.5094602,0,-4,-119
1754052143.54546,0,2,-115
1754052143.58346,-1,-1,-116
1754052143.6214602,-6,-4,-124
1754052143.66046,0,-2,-121
1754052143.69646,0,1,-116
1754052143.7334602,4,1,-114
1754052143.77146,0,8,-113
1754052143.81046,0,-2,-108
1754052143.84646,-1,-2,-117
1754052143.8844602,6,-8,-123
1754052143.92246,7,0,-113
1754052143.9604602,2,-2,-119
1754052143.99946,4,-2,-124
1754052144.03546,4,-2,-119
1754052144.07346,-6,-1,-120
1754052144.1114602,-2,-6,-121
1754052144.15046,-1,-7,-117
1754052144.18646,1,-1,-125
1754052144.22446,-10,-6,-124
1754052144.2634602,1,0,-112
1754052144.30146,-3,-1,-111
1754052144.33946,8,3,-115
1754052144.37646,2,6,-120
1754052144.41346,3,0,-125
1754052144.45246,-2,-2,-130
1754052144.4904602,3,1,-124
1754052144.5264602,0,0,-119
1754052144.56346,-2,-2,-115
1754052144.60246,5,-9,-111
1754052144.64046,8,-6,-119
1754052144.67646,1,-4,-120
1754052144.71446,-2,1,-118
1754052144.75246,-4,-5,-126
1754052144.79146,0,-9,-123
1754052144.82946,-9,-9,-128
1754052144.8654602,-4,0,-119
1754052144.90346,-3,-2,-119
1754052144.94146,-2,-6,-123
1754052144.9804602,5,-7,-123
1754052145.0164602,1,-4,-125
1754052145.05446,3,-1,-122
1754052145.09346,1,-6,-125
1754052145.1314602,3,-3,-116
1754052145.16946,0,-2,-110
1754052145.20546,-7,3,-116
1754052145.2434602,-1,-4,-108
1754052145.28146,-2,2,-106
1754052145.32046,-3,1,-116
1754052145.35646,-1,2,-126
1754052145.3944602,-1,1,-127
1754052145.43246,-3,-3,-125
1754052145.47146,-1,-4,-113
1754052145.50746,-2,0,-107
1754052145.54546,-2,-1,-116
1754052145.58346,-1,-2,-110
1754052145.6214602,-4,1,-113
1754052145.66046,-3,0,-104
1754052145.69646,0,-3,-104
1754052145.73546,-7,-2,-111
1754052145.77246,-1,-1,-122
1754052145.81146,3,-4,-119
1754052145.84746,3,-9,-118
1754052145.88546,3,-9,-116
1754052145.92346,7,-7,-131
1754052145.96146,4,-1,-119
1754052146.00046,-1,1,-117
1754052146.0364602,4,-7,-122
1754052146.07446,-5,-1,-121
1754052146.11346,4,3,-118
1754052146.1514602,-9,-3,-104
1754052146.1874602,0,-2,-123
1754052146.22546,-2,1,-120
1754052146.2634602,-2,1,-126
1754052146.3024602,-3,7,-117
1754052146.34046,-5,3,-131
1754052146.37646,-2,1,-127
1754052146.4144602,-10,0,-127
1754052146.45246,-9,-3,-108
1754052146.49146,0,-2,-117
1754052146.52846,2,-1,-127
1754052146.5654602,1,2,-113
1754052146.60446,-1,1,-121
1754052146.64246,-4,-2,-128
1754052146.68046,-3,2,-129
1754052146.71646,6,-5,-126
1754052146.75546,8,-5,-127
1754052146.7924602,2,-7,-130
1754052146.83146,4,1,-124
1754052146.8684602,2,5,-117
1754052146.90546,0,0,-111
1754052146.94346,1,0,-105
1754052146.98246,-5,-5,-113
1754052147.02046,8,-5,-108
1754052147.05646,0,1,-115
1754052147.09346,-7,3,-125
1754052147.13246,0,1,-121
1754052147.17046,-2,-1,-110
1754052147.20646,-3,1,-106
1754052147.24446,-1,0,-106
1754052147.28346,3,-2,-106
1754052147.32146,2,-5,-107
1754052147.35746,-2,-3,-110
1754052147.39546,-5,-1,-114
1754052147.43346,0,-1,-112
1754052147.47246,-4,1,-108
1754052147.51046,-2,7,-116
1754052147.5464602,0,2,-119
1754052147.58346,9,-1,-120
1754052147.62246,5,2,-113
1754052147.65846,6,6,-117
1754052147.69646,0,1,-113
1754052147.73446,7,-1,-117
1754052147.77246,-4,7,-119
1754052147.81146,-3,2,-131
1754052147.84746,3,-3,-133
1754052147.8844602,0,-4,-129
1754052147.92246,-3,3,-137
1754052147.96146,-4,4,-122
1754052147.99746,0,-7,-121
1754052148.03446,-2,-5,-120
1754052148.0724602,0,0,-113
1754052148.1114602,3,0,-112
1754052148.14746,7,0,-106
1754052148.1844602,5,4,-101
1754052148.22246,-1,5,-111
1754052148.26146,-6,-2,-114
1754052148.29746,3,-2,-127
1754052148.3354602,0,0,-115
1754052148.37346,0,5,-111
1754052148.41246,-1,2,-118
1754052148.44846,-4,-1,-121
1754052148.4864602,-5,-7,-112
1754052148.52546,2,-4,-114
1754052148.56346,6,-4,-106
1754052148.60146,2,0,-108
1754052148.63746,2,-3,-114
1754052148.67546,2,0,-119
1754052148.7134602,0,-5,-113
1754052148.75246,-7,-5,-117
1754052148.78846,-1,-3,-110
1754052148.82646,3,0,-115
1754052148.86446,6,-3,-114
1754052148.90346,0,-7,-114
1754052148.94146,1,-3,-126
1754052148.97746,1,0,-123
1754052149.01446,1,-4,-124
1754052149.05346,3,-1,-119
1754052149.09746,2,-2,-114
1754052149.13546,-2,-4,-121
1754052149.17346,0,-2,-119
1754052149.21246,2,-4,-115
1754052149.24846,-4,-1,-107
1754052149.2864602,8,3,-107
1754052149.3254602,4,4,-103
1754052149.36346,4,-1,-109
1754052149.4014602,2,-5,-124
1754052149.4374602,-2,3,-125
1754052149.47546,-2,1,-120
1754052149.5134602,1,-1,-122
1754052149.5524602,2,1,-118
1754052149.5884602,6,-5,-120
1754052149.62646,-2,-2,-117
1754052149.6644602,-2,2,-115
1754052149.70346,0,-2,-116
1754052149.73946,3,-2,-120
1754052149.77846,5,-6,-117
1754052149.8154602,4,-3,-116
1754052149.85446,-1,-2,-112
1754052149.89246,1,-3,-116
1754052149.92846,0,3,-116
1754052149.96546,-1,1,-115
1754052150.00446,-2,-4,-112
1754052150.0424602,-1,-9,-127
1754052150.07846,2,-10,-128
1754052150.11746,-5,0,-124
1754052150.1544602,-3,-2,-117
1754052150.19346,6,6,-96
1754052150.22946,-1,0,-108
1754052150.26746,0,3,-122
1754052150.30546,2,2,-117
1754052150.34346,2,-1,-117
1754052150.38246,5,1,-116
1754052150.41846,0,-2,-115
1754052150.45546,1,-4,-121
1754052150.49446,-5,-1,-109
1754052150.5324602,5,2,-120
1754052150.56846,0,1,-124
1754052150.6054602,-3,-2,-127
1754052150.6444602,-7,-2,-116
1754052150.68246,2,-2,-124
1754052150.71846,4,-7,-116
1754052150.7564602,-1,-7,-111
1754052150.79446,4,-1,-121
1754052150.83346,-2,-8,-120
1754052150.86946,-1,-9,-119
1754052150.90846,-3,-7,-121
1754052150.94546,1,-3,-123
1754052150.98446,-1,-5,-128
1754052151.02246,-2,-1,-118
1754052151.05846,-2,-2,-116
1754052151.09646,-1,2,-118
1754052151.1344602,-1,-4,-124
1754052151.17346,0,3,-129
1754052151.20946,7,-3,-123
1754052151.24746,0,-1,-126
1754052151.28546,5,0,-118
1754052151.32446,3,-2,-123
1754052151.36246,-7,-2,-116
1754052151.39846,-4,1,-120
1754052151.4374602,-5,1,-122
1754052151.47446,3,-3,-120
1754052151.5134602,0,0,-105
1754052151.55046,0,2,-109
1754052151.58746,2,2,-107
1754052151.62546,10,2,-120
1754052151.6644602,2,0,-121
1754052151.7004602,1,-3,-124
1754052151.73846,-5,-2,-114
1754052151.7764602,-2,1,-129
1754052151.81446,-3,-1,-130
1754052151.85346,8,0,-124
1754052151.88946,7,-1,-109
1754052151.9274602,0,-5,-124
1754052151.96546,0,-8,-116
1754052152.00446,0,4,-115
1754052152.04046,-5,0,-121
1754052152.07846,-3,0,-120
1754052152.11646,0,-1,-122
1754052152.1544602,-3,-8,-117
1754052152.19346,-2,-4,-104
1754052152.22946,-5,-4,-110
1754052152.26746,1,-4,-116
1754052152.30546,10,-1,-107
1754052152.34446,3,0,-111
1754052152.38046,-2,5,-108
1754052152.41846,3,4,-107
1754052152.45646,3,0,-111
1754052152.49446,0,-6,-104
1754052152.53346,0,-5,-112
1754052152.5694602,2,-6,-107
1754052152.60746,7,-2,-115
1754052152.64646,-6,1,-118
1754052152.6844602,-1,-4,-122
1754052152.7204602,-6,0,-121
1754052152.75846,-5,-2,-112
1754052152.7964602,0,0,-117
1754052152.8354602,-2,-3,-118
1754052152.87346,0,-4,-124
1754052152.91046,0,-5,-117
1754052152.94846,-1,0,-124
1754052152.98546,3,2,-117
1754052153.02446,-2,5,-114
1754052153.06046,0,4,-126
1754052153.0984602,-3,0,-121
1754052153.13646,-3,3,-112
1754052153.17546,4,2,-118
1754052153.2134602,8,0,-103
1754052153.24946,6,-2,-104
1754052153.28746,3,-3,-108
1754052153.3254602,0,-2,-110
1754052153.36446,1,-5,-110
1754052153.40046,1,-7,-113
1754052153.43846,3,0,-125
1754052153.47646,2,2,-114
1754052153.51546,2,-7,-111
1754052153.55346,-2,-2,-112
1754052153.58946,5,-2,-108
1754052153.62746,-1,-2,-116
1754052153.66646,-2,-3,-124
1754052153.70446,1,-9,-123
1754052153.7404602,3,-10,-124
1754052153.77846,-1,-4,-112
1754052153.81646,2,1,-122
1754052153.8554602,4,1,-106
1754052153.8914602,2,2,-113
1754052153.92846,0,-6,-120
1754052153.96646,4,-1,-110
1754052154.00546,7,2,-112
1754052154.04146,10,-6,-115
1754052154.07946,3,-10,-114
1754052154.11746,-2,0,-117
1754052154.15546,-6,-7,-117
1754052154.1944602,-9,0,-116
1754052154.2304602,-5,-2,-128
1754052154.26846,2,-4,-119
1754052154.30746,5,0,-125
1754052154.3454602,-2,-7,-120
1754052154.3814602,-3,-8,-120
1754052154.41946,-2,-4,-109
1754052154.4574602,-6,2,-117
1754052154.49546,4,3,-125
1754052154.53446,0,-4,-122
1754052154.57046,6,-2,-116
1754052154.60946,-1,-4,-121
1754052154.64646,2,-1,-125
1754052154.68546,-2,-2,-122
1754052154.72246,-4,2,-122
1754052154.76046,-6,0,-120
1754052154.79746,0,2,-114
1754052154.83646,4,-1,-116
1754052154.87446,1,-4,-121
1754052154.91046,-1,2,-123
1754052154.94946,0,5,-120
1754052154.9864602,2,1,-128
1754052155.02546,0,3,-119
1754052155.06146,-6,-1,-107
1754052155.09946,3,-3,-108
1754052155.13746,0,3,-110
1754052155.17646,1,2,-114
1754052155.21446,-1,4,-109
1754052155.25046,3,3,-111
1754052155.28846,6,-5,-130
1754052155.32646,-7,-2,-130
1754052155.3654602,0,-3,-116
1754052155.4014602,4,-2,-121
1754052155.4404602,4,-2,-129
1754052155.47746,-1,-4,-131
1754052155.5164602,-9,-2,-116
1754052155.55446,-6,-2,-122
1754052155.59046,3,-2,-116
1754052155.6284602,0,0,-112
1754052155.66646,7,0,-122
1754052155.70546,5,-6,-123
1754052155.74146,-4,-6,-128
1754052155.7794602,3,-10,-126
1754052155.81746,3,-1,-114
1754052155.85646,7,-6,-116
1754052155.89246,12,-4,-127
1754052155.93046,0,-11,-112
1754052155.96946,-5,-9,-115
1754052156.0064602,-1,-3,-116
1754052156.04546,5,-2,-116
1754052156.08146,4,-3,-117
1754052156.11946,5,-3,-121
1754052156.1574602,0,-1,-119
1754052156.19646,3,0,-114
1754052156.23246,3,5,-123
1754052156.2694602,9,3,-115
1754052156.30746,5,6,-120
1754052156.34646,3,-2,-116
1754052156.38246,7,0,-111
1754052156.41946,9,2,-114
1754052156.4574602,12,2,-121
1754052156.4964602,9,0,-113
1754052156.5324602,-4,-2,-121
1754052156.57146,0,1,-128
1754052156.6084602,4,-4,-111
1754052156.64646,-1,-3,-118
1754052156.68546,-6,-4,-115
1754052156.72146,-1,2,-114
1754052156.7594602,6,-2,-116
1754052156.79846,2,-6,-112
1754052156.83646,-5,-2,-121
1754052156.87246,6,2,-118
1754052156.90946,4,-6,-119
1754052156.94846,9,-6,-113
1754052156.9864602,2,-6,-115
1754052157.02246,3,-5,-112
1754052157.06046,3,-4,-121
1754052157.0984602,0,0,-125
1754052157.13746,-2,-3,-124
1754052157.17546,0,0,-119
1754052157.21146,3,-4,-113
1754052157.24946,10,-3,-117
1754052157.28746,2,-1,-120
1754052157.32646,10,-11,-118
1754052157.36246,6,-3,-110
1754052157.40046,-1,-1,-116
1754052157.43846,-7,-4,-122
1754052157.47746,2,-6,-119
1754052157.51546,1,-4,-124
1754052157.55146,5,2,-123
1754052157.5884602,-5,-5,-131
1754052157.62746,1,0,-119
1754052157.66546,-1,-2,-122
1754052157.70146,0,3,-125
1754052157.73946,4,-9,-125
1754052157.77746,2,-8,-119
1754052157.8154602,4,-7,-122
1754052157.85146,-4,-6,-125
1754052157.88946,-3,0,-125
1754052157.9274602,-1,0,-128
1754052157.96646,1,-1,-124
1754052158.00246,4,0,-123
1754052158.0394602,5,2,-116
1754052158.07746,0,0,-120
1754052158.11646,-3,-6,-117
1754052158.15246,1,0,-116
1754052158.18946,-1,-1,-113
1754052158.22746,-1,0,-118
1754052158.2664602,0,0,-120
1754052158.3024602,2,0,-122
1754052158.33946,-8,-1,-117
1754052158.37746,-7,5,-120
1754052158.41646,0,-2,-114
1754052158.45246,0,-4,-122
1754052158.4904602,0,2,-117
1754052158.52846,2,5,-122
1754052158.56746,-1,0,-114
1754052158.60346,2,0,-107
1754052158.64246,4,1,-111
1754052158.67946,-7,6,-109
1754052158.71846,-6,1,-110
1754052158.7564602,-3,2,-119
1754052158.7924602,-2,2,-117
1754052158.83046,0,-1,-103
1754052158.8684602,3,-3,-112
1754052158.9074602,3,-5,-114
1754052158.94346,-2,-3,-111
1754052158.98146,0,-6,-113
1754052159.02046,2,0,-116
1754052159.05846,-1,0,-120
1754052159.10146,1,1,-127
1754052159.14046,-4,-7,-123
1754052159.17846,0,1,-126
1754052159.21646,2,-4,-131
1754052159.25246,0,-3,-124
1754052159.29046,5,-2,-127
1754052159.32846,4,-4,-113
1754052159.36746,-2,-4,-112
1754052159.40346,-2,-6,-111
1754052159.44246,0,-5,-114
1754052159.47946,2,0,-117
1754052159.51846,2,1,-120
1754052159.55646,-4,-1,-122
1754052159.5924602,4,-3,-114
1754052159.63046,1,2,-112
1754052159.66846,0,-4,-113
1754052159.7074602,0,-2,-116
1754052159.7434602,0,-2,-111
1754052159.78146,3,0,-116
1754052159.82046,-5,-4,-111
1754052159.8584602,-1,1,-119
1754052159.89646,-1,-5,-103
1754052159.93246,-3,2,-108
1754052159.9704602,-1,0,-124
1754052160.00846,-4,0,-119
1754052160.04746,-1,2,-117
1754052160.08346,6,-1,-120
1754052160.1214602,-2,-2,-119
1754052160.15946,-2,-5,-110
1754052160.19846,3,0,-109
1754052160.23446,2,-2,-106
1754052160.27246,1,0,-112
1754052160.31046,4,0,-115
1754052160.3484602,1,3,-126
1754052160.38746,0,-7,-124
1754052160.4244602,-1,-4,-120
1754052160.46146,0,-4,-122
1754052160.49946,-1,-4,-123
1754052160.53846,-8,0,-116
1754052160.57446,-5,1,-120
1754052160.61246,-2,2,-118
1754052160.65046,2,-5,-107
1754052160.68846,-3,-5,-119
1754052160.72746,3,-4,-117
1754052160.7634602,-5,-2,-114
1754052160.80146,-6,-2,-105
1754052160.83946,1,-10,-113
1754052160.8784602,0,-6,-117
1754052160.9144602,-3,0,-113
1754052160.95246,-2,0,-118
1754052160.9904602,2,0,-119
1754052161.0294602,-4,-4,-120
1754052161.06746,-6,-8,-122
1754052161.10346,1,1,-118
1754052161.1414602,2,2,-114
1754052161.17946,7,2,-115
1754052161.2174602,9,2,-125
1754052161.2534602,7,0,-116
1754052161.29146,6,-1,-114
1754052161.33046,6,-2,-112
1754052161.3684602,3,-3,-125
1754052161.4044602,1,-2,-117
1754052161.44246,-1,-7,-123
1754052161.4804602,-3,0,-126
1754052161.5194602,4,-1,-115
1754052161.55746,-1,-1,-114
1754052161.59346,2,-1,-117
1754052161.6314602,-2,2,-119
1754052161.66946,-3,9,-112
1754052161.70846,0,3,-127
1754052161.74546,-1,1,-128
1754052161.7824602,5,-3,-119
1754052161.82046,0,-6,-118
1754052161.85946,-2,1,-107
1754052161.89746,0,2,-111
1754052161.93346,1,4,-106
1754052161.9704602,4,1,-110
1754052162.0094602,0,0,-114
1754052162.04546,2,-1,-122
1754052162.08346,2,3,-129
1754052162.1214602,0,3,-129
1754052162.15946,6,-3,-124
1754052162.19846,12,1,-114
1754052162.23446,3,3,-118
1754052162.27146,0,2,-111
1754052162.3094602,1,-1,-118
1754052162.3484602,6,-1,-110
1754052162.3844602,6,0,-113
1754052162.4214602,2,2,-113
1754052162.45946,2,1,-106
1754052162.49846,-2,-8,-112
1754052162.53446,-4,-8,-111
1754052162.5724602,0,-4,-125
1754052162.61046,3,7,-115
1754052162.64946,-2,2,-120
1754052162.68646,0,-3,-118
1754052162.7234602,-3,-3,-117
1754052162.76146,-7,0,-121
1754052162.80046,-6,-4,-125
1754052162.8384602,0,-4,-114
1754052162.87446,2,5,-123
1754052162.9114602,0,2,-122
1754052162.9504602,4,3,-122
1754052162.98846,5,1,-116
1754052163.02446,-2,0,-117
1754052163.06146,-3,-7,-116
1754052163.10046,-2,-6,-117
1754052163.1384602,-3,0,-122
1754052163.1744602,3,0,-116
1754052163.21146,14,2,-127
1754052163.25046,7,0,-121
1754052163.28846,7,-1,-120
1754052163.32446,2,-3,-126
1754052163.36246,-2,1,-126
1754052163.40046,1,2,-118
1754052163.43946,3,-1,-105
1754052163.47546,0,3,-113
1754052163.51246,-4,1,-119
1754052163.55046,-1,3,-118
1754052163.58946,-1,5,-117
1754052163.62546,0,4,-120
1754052163.66246,0,4,-114
1754052163.7004602,0,-3,-127
1754052163.73946,-2,-1,-118
1754052163.77546,-2,-1,-127
1754052163.81346,-3,-4,-120
1754052163.85146,-11,0,-126
1754052163.89046,0,-3,-118
1754052163.92846,-1,0,-115
1754052163.96546,-5,5,-120
1754052164.00246,-5,2,-115
1754052164.04046,-2,1,-119
1754052164.07946,0,0,-125
1754052164.1154602,-3,-3,-117
1754052164.1544602,-10,-5,-124
1754052164.19146,-11,-2,-123
1754052164.2304602,2,-2,-108
1754052164.2664602,0,0,-110
1754052164.30346,0,0,-118
1754052164.34146,-2,1,-127
1754052164.38046,-2,-3,-126
1754052164.41646,-2,-1,-118
1754052164.45446,9,2,-111
1754052164.49246,2,-5,-112
1754052164.53146,4,0,-120
1754052164.5694602,3,-1,-126
1754052164.6054602,9,0,-111
1754052164.64346,1,0,-114
1754052164.68146,3,0,-111
1754052164.7204602,2,-2,-111
1754052164.7564602,1,-6,-116
1754052164.79446,-2,-2,-121
1754052164.83346,2,1,-124
1754052164.87046,-3,-1,-120
1754052164.90946,-3,-2,-126
1754052164.94546,2,-1,-130
1754052164.9834602,6,2,-115
1754052165.02146,4,-4,-110
1754052165.06046,-1,-1,-108
1754052165.09646,-3,-5,-110
1754052165.1344602,-1,-4,-122
1754052165.17246,-4,-5,-118
1754052165.21146,0,2,-115
1754052165.24946,2,3,-121
1754052165.28546,-3,3,-123
1754052165.32346,-1,-4,-121
1754052165.36246,-2,3,-121
1754052165.40046,2,0,-120
1754052165.43646,-3,-2,-117
1754052165.47446,-1,0,-123
1754052165.51246,4,3,-117
1754052165.55146,0,0,-119
1754052165.58946,-4,3,-119
1754052165.62546,-4,-1,-123
1754052165.66346,-2,-2,-123
1754052165.70246,0,-6,-119
1754052165.7404602,-2,3,-114
1754052165.7764602,-4,3,-119
1754052165.81446,3,4,-130
1754052165.85246,0,0,-120
1754052165.8914602,3,-4,-114
1754052165.92946,-1,1,-125
1754052165.96546,8,4,-121
1754052166.00246,9,4,-119
1754052166.04146,7,-1,-122
1754052166.07946,2,1,-120
1754052166.1154602,-6,5,-124
1754052166.15346,0,0,-117
1754052166.19146,1,0,-110
1754052166.2304602,3,-3,-109
1754052166.2664602,3,-1,-108
1754052166.30446,7,2,-121
1754052166.3424602,0,7,-119
1754052166.3814602,5,-3,-118
1754052166.4174602,0,1,-116
1754052166.45446,1,6,-118
1754052166.49246,3,-3,-119
1754052166.53146,4,3,-121
1754052166.56746,0,-2,-111
1754052166.6054602,2,-1,-117
1754052166.64346,-2,0,-127
1754052166.68246,-2,0,-126
1754052166.7204602,0,-1,-118
1754052166.7564602,1,0,-119
1754052166.79346,2,1,-121
1754052166.83146,-4,2,-125
1754052166.87046,-2,2,-121
1754052166.90646,-6,4,-119
1754052166.94546,-1,0,-130
1754052166.98246,-2,-2,-122
1754052167.02146,-3,0,-116
1754052167.05746,-4,10,-119
1754052167.0954602,2,6,-105
1754052167.13346,8,2,-103
1754052167.17246,3,0,-109
1754052167.2104602,0,-5,-111
1754052167.2464602,2,-3,-115
1754052167.28446,4,1,-119
1754052167.3224602,-3,1,-122
1754052167.3614602,8,5,-124
1754052167.39746,1,12,-119
1754052167.43546,-7,5,-122
1754052167.4734602,0,0,-126
1754052167.51246,1,-5,-125
1754052167.55046,0,-5,-114
1754052167.58646,1,1,-109
1754052167.62346,-1,0,-101
1754052167.66246,-1,-1,-110
1754052167.7004602,-5,-2,-122
1754052167.7364602,-3,-3,-116
1754052167.77446,0,-1,-121
1754052167.8124602,-2,0,-117
1754052167.85146,-2,-4,-129
1754052167.88746,2,0,-110
1754052167.9244602,3,-5,-121
1754052167.96246,6,5,-109
1754052168.00146,0,10,-122
1754052168.03746,-4,10,-118
1754052168.0754602,3,0,-117
1754052168.11346,4,0,-127
1754052168.15246,7,-2,-124
1754052168.1904602,0,0,-125
1754052168.22646,-2,0,-120
1754052168.26446,3,-5,-118
1754052168.3024602,-2,-2,-127
1754052168.34146,3,-7,-115
1754052168.37746,3,-5,-109
1754052168.4144602,4,-3,-129
1754052168.45246,1,-4,-122
1754052168.49146,1,0,-121
1754052168.52746,0,1,-121
1754052168.56446,-5,-2,-117
1754052168.60346,-3,-1,-123
1754052168.6414602,-1,-3,-124
1754052168.6774602,-3,-1,-112
1754052168.71546,-8,-1,-114
1754052168.7534602,-13,6,-126
1754052168.7924602,-6,0,-113
1754052168.82846,1,-8,-126
1754052168.86646,0,-4,-120
1754052168.9044602,3,-1,-123
1754052168.94246,-3,-1,-118
1754052168.98146,1,1,-113
1754052169.01746,-5,2,-108
1754052169.05546,0,0,-106
1754052169.09346,-1,-4,-114
1754052169.13746,4,0,-117
1754052169.17546,0,8,-111
1754052169.21446,4,-3,-121
1754052169.25246,6,0,-112
1754052169.28846,-2,-4,-123
1754052169.32746,-6,0,-123
1754052169.36446,-4,0,-118
1754052169.40346,0,-6,-119
1754052169.44146,-5,-3,-116
1754052169.47746,-2,1,-119
1754052169.51546,-2,1,-124
1754052169.55346,4,2,-116
1754052169.5924602,4,0,-117
1754052169.6284602,1,0,-118
1754052169.66546,0,0,-119
1754052169.70346,4,1,-109
1754052169.74246,5,7,-111
1754052169.77846,0,7,-132
1754052169.8154602,0,2,-127
1754052169.85346,1,0,-116
1754052169.89246,1,0,-126
1754052169.92846,1,-3,-122
1754052169.96646,-2,-9,-121
1754052170.00446,-2,-7,-126
1754052170.04346,-2,4,-118
1754052170.08146,4,3,-127
1754052170.11746,1,-3,-125
1754052170.15546,2,-1,-120
1754052170.19346,2,0,-119
1754052170.23246,7,2,-114
1754052170.26846,6,3,-111
1754052170.30646,-1,-9,-115
1754052170.3454602,0,-1,-124
1754052170.38346,5,-2,-134
1754052170.4214602,0,-4,-124
1754052170.4574602,0,3,-124
1754052170.49546,0,0,-120
1754052170.53346,2,-6,-110
1754052170.5694602,1,-5,-108
1754052170.60746,3,-2,-112
1754052170.64546,0,0,-114
1754052170.68346,5,-3,-114
1754052170.72246,-1,-4,-118
1754052170.75846,-12,-3,-111
1754052170.7964602,-6,-1,-107
1754052170.83446,4,-1,-116
1754052170.87346,9,-7,-116
1754052170.90946,4,-3,-113
1754052170.9474602,1,-5,-112
1754052170.9864602,-1,-1,-118
1754052171.02346,-1,-1,-115
1754052171.0624602,1,-2,-116
1754052171.0984602,-5,4,-110
1754052171.13646,3,-3,-121
1754052171.1744602,6,2,-117
1754052171.2134602,0,1,-119
1754052171.24946,3,3,-129
1754052171.28746,5,3,-118
1754052171.3254602,4,4,-117
1754052171.36446,0,-2,-124
1754052171.40246,-4,-6,-126
1754052171.43846,-5,-7,-119
1754052171.47646,1,-7,-116
1754052171.51546,-6,-3,-123
1754052171.55346,-2,1,-116
1754052171.5924602,-4,-3,-116
1754052171.6284602,-3,0,-121
1754052171.66646,-5,-1,-118
1754052171.70446,-2,0,-120
1754052171.7434602,0,-2,-121
1754052171.7794602,-6,-2,-120
1754052171.81746,0,-4,-111
1754052171.8554602,-2,0,-120
1754052171.8944602,-2,-7,-122
1754052171.93246,-7,-1,-123
1754052171.96846,1,-5,-123
1754052172.0064602,-1,-4,-120
1754052172.04446,-4,-7,-115
1754052172.08346,0,-3,-103
1754052172.11946,7,5,-116
1754052172.15646,0,0,-111
1754052172.1944602,0,-6,-110
1754052172.2334602,-4,-1,-119
1754052172.2694602,-3,-5,-118
1754052172.30746,-5,-1,-122
1754052172.3454602,0,0,-119
1754052172.3844602,4,-2,-116
1754052172.42246,2,-11,-117
1754052172.45846,0,-4,-127
1754052172.4964602,1,0,-120
1754052172.53446,-1,9,-127
1754052172.57346,0,6,-120
1754052172.60946,-3,2,-116
1754052172.64746,-3,0,-120
1754052172.68546,0,-10,-121
1754052172.72446,-2,1,-113
1754052172.76046,-3,-5,-114
1754052172.79846,-1,-5,-116
1754052172.83646,3,1,-119
1754052172.87446,7,-3,-118
1754052172.91346,3,-6,-112
1754052172.94946,4,2,-116
1754052172.9864602,1,0,-124
1754052173.02446,-6,2,-111
1754052173.06346,0,1,-119
1754052173.09946,-3,6,-112
1754052173.13746,-3,0,-110
1754052173.17546,0,2,-120
1754052173.21446,13,-7,-113
1754052173.25046,6,0,-112
1754052173.28846,1,-3,-111
1754052173.32646,0,-1,-108
1754052173.3654602,2,-2,-116
1754052173.40346,0,-4,-114
1754052173.43946,-2,0,-112
1754052173.47746,3,-1,-111
1754052173.51546,-4,0,-107
1754052173.55446,2,0,-112
1754052173.59046,-1,3,-114
1754052173.6284602,3,0,-113
1754052173.66646,-1,2,-116
1754052173.70546,-1,4,-120
1754052173.7434602,0,0,-118
1754052173.7794602,-1,-7,-122
1754052173.81746,-2,-6,-114
1754052173.8554602,3,0,-113
1754052173.8944602,-1,-1,-120
1754052173.93046,0,0,-122
1754052173.9674602,-2,-4,-111
1754052174.0064602,-3,3,-122
1754052174.04446,-6,0,-120
1754052174.08046,0,1,-117
1754052174.11746,-1,6,-123
1754052174.15546,-2,6,-114
1754052174.1944602,0,7,-117
1754052174.2304602,-3,1,-118
1754052174.2694602,-5,1,-123
1754052174.30646,0,-9,-120
1754052174.3454602,3,-4,-123
1754052174.38346,4,8,-112
1754052174.41946,1,2,-123
1754052174.45646,16,4,-119
1754052174.49546,2,7,-117
1754052174.53146,-2,1,-109
1754052174.5694602,4,-2,-114
1754052174.60746,2,-8,-123
1754052174.64546,9,-2,-118
1754052174.6844602,2,0,-111
1754052174.72146,3,2,-113
1754052174.75846,0,3,-108
1754052174.7964602,-3,0,-112
1754052174.8354602,1,7,-117
1754052174.8714602,1,2,-129
1754052174.90946,-2,-7,-119
1754052174.94846,-8,-5,-127
1754052174.98546,-9,0,-131
1754052175.02446,3,3,-109
1754052175.06046,4,2,-103
1754052175.0984602,-1,-2,-114
1754052175.13646,-12,0,-123
1754052175.17546,-7,-8,-120
1754052175.21146,-1,-2,-121
1754052175.24946,-1,0,-128
1754052175.28746,-6,4,-126
1754052175.32646,-5,3,-118
1754052175.36446,1,0,-129
1754052175.40046,0,-5,-127
1754052175.4374602,3,3,-121
1754052175.47646,3,-3,-118
1754052175.51446,0,-2,-114
1754052175.55046,0,-1,-123
1754052175.5884602,6,2,-111
1754052175.62646,-1,3,-110
1754052175.66546,-6,2,-118
1754052175.70146,-4,-3,-123
1754052175.73946,-4,-2,-123
1754052175.77746,2,-2,-117
1754052175.81646,3,-1,-129
1754052175.85446,-1,-4,-121
1754052175.89046,6,-2,-108
1754052175.92846,3,-3,-108
1754052175.96646,0,0,-109
1754052176.00546,6,-2,-115
1754052176.04146,2,6,-117
1754052176.07946,7,5,-124
1754052176.11746,2,1,-120
1754052176.15646,0,-1,-121
1754052176.1944602,-4,2,-113
1754052176.2304602,-5,4,-120
1754052176.26846,-2,1,-97
1754052176.30646,2,-8,-123
1754052176.3454602,1,-4,-123
1754052176.3814602,3,5,-118
1754052176.41846,-2,1,-118
1754052176.45646,6,-1,-109
1754052176.49546,0,-5,-106
1754052176.53146,0,3,-107
1754052176.56846,-5,0,-115
1754052176.60646,-4,-3,-113
1754052176.64546,-1,-4,-105
1754052176.68146,0,-6,-101
1754052176.71946,3,-6,-115
1754052176.75746,-6,1,-127
1754052176.7964602,-1,0,-121
1754052176.8324602,0,-4,-126
1754052176.87046,4,-10,-119
1754052176.90946,0,-4,-121
1754052176.94646,-1,0,-124
1754052176.98546,-2,-2,-113
1754052177.02146,3,-6,-118
1754052177.0594602,-9,-4,-123
1754052177.09746,-2,-5,-128
1754052177.13646,-12,-5,-128
1754052177.17246,-2,-4,-129
1754052177.2104602,-5,1,-124
1754052177.24846,-9,-2,-122
1754052177.2864602,-8,-1,-122
1754052177.3254602,-2,-2,-120
1754052177.3614602,3,-1,-121
1754052177.39946,-5,-2,-118
1754052177.4374602,-3,2,-122
1754052177.47646,0,5,-126
1754052177.51246,-1,-4,-125
1754052177.55046,6,-2,-112
1754052177.5884602,5,0,-127
1754052177.62746,4,-2,-124
1754052177.66546,11,-4,-113
1754052177.70146,6,-6,-115
1754052177.73946,2,-2,-121
1754052177.77746,0,-2,-123
1754052177.81646,-1,-1,-112
1754052177.85246,6,4,-120
1754052177.88946,2,-7,-115
1754052177.9274602,-3,-6,-120
1754052177.96646,1,0,-121
1754052178.00246,-3,-1,-120
1754052178.04046,4,-1,-122
1754052178.07846,4,5,-123
1754052178.11746,3,-5,-120
1754052178.15546,0,-1,-121
1754052178.19146,-7,2,-105
1754052178.22946,-8,1,-118
1754052178.26846,-8,-7,-108
1754052178.30646,0,-4,-107
1754052178.3424602,7,-8,-115
1754052178.38046,9,-3,-121
1754052178.41846,-4,-4,-116
1754052178.4574602,0,-8,-120
1754052178.49546,-3,-9,-123
1754052178.53146,4,-7,-114
1754052178.5694602,3,-2,-115
1754052178.60746,-1,-4,-130
1754052178.64646,3,-6,-121
1754052178.68246,3,-5,-109
1754052178.7204602,2,-2,-108
1754052178.7594602,2,3,-116
1754052178.79746,5,5,-121
1754052178.83346,4,2,-118
1754052178.87046,-15,-1,-118
1754052178.90846,-7,-4,-121
1754052178.9474602,-2,-1,-119
1754052178.9834602,-1,4,-111
1754052179.02146,1,2,-118
1754052179.06046,0,0,-115
1754052179.09746,-1,-3,-129
1754052179.14246,-6,-2,-126
1754052179.17946,-15,1,-120
1754052179.21846,-8,3,-120
1754052179.2564602,-6,1,-127
1754052179.2924602,-3,-3,-128
1754052179.33046,1,0,-115
1754052179.3684602,2,1,-125
1754052179.4074602,-1,-3,-120
1754052179.44346,-2,-4,-123
1754052179.48146,-4,1,-105
1754052179.5194602,2,5,-120
1754052179.55746,5,-2,-123
1754052179.59646,4,2,-126
1754052179.63246,0,6,-120
1754052179.67046,-2,4,-121
1754052179.70846,0,3,-125
1754052179.74746,-2,0,-121
1754052179.78346,0,-1,-124
1754052179.82146,0,0,-116
1754052179.86046,3,0,-107
1754052179.89846,5,-7,-117
1754052179.93646,7,-11,-114
1754052179.97246,1,-5,-116
1754052180.01046,0,-7,-120
1754052180.04846,4,-1,-127
1754052180.08746,0,-3,-109
1754052180.12346,-9,-5,-113
1754052180.1614602,0,-4,-111
1754052180.19946,10,0,-112
1754052180.23846,8,1,-107
1754052180.2764602,6,-1,-119
1754052180.3124602,-1,-1,-118
1754052180.35146,1,0,-108
1754052180.3884602,4,-6,-117
1754052180.4274602,8,-5,-122
1754052180.4634602,8,3,-122
1754052180.50046,8,-4,-122
1754052180.53846,8,0,-116
1754052180.57746,9,0,-100
1754052180.61346,1,-4,-109
1754052180.6514602,9,-2,-119
1754052180.68846,0,1,-125
1754052180.72746,10,3,-112
1754052180.7634602,3,4,-114
1754052180.80146,1,0,-116
1754052180.8384602,0,-4,-118
1754052180.87746,3,-4,-123
1754052180.91346,1,0,-120
1754052180.95146,-2,-1,-128
1754052180.98846,5,-1,-115
1754052181.02746,0,5,-114
1754052181.06346,-3,1,-106
1754052181.10146,1,2,-123
1754052181.13946,3,0,-116
1754052181.17846,-1,3,-109
1754052181.21446,4,0,-108
1754052181.25146,3,0,-116
1754052181.2894602,0,6,-122
1754052181.32846,7,-2,-131
1754052181.36446,2,0,-123
1754052181.4014602,-3,2,-116
1754052181.43946,0,-1,-132
1754052181.47846,1,-1,-117
1754052181.51446,-2,-3,-109
1754052181.5524602,-3,2,-117
1754052181.59046,0,0,-119
1754052181.6284602,-3,-2,-120
1754052181.6674602,-11,-6,-120
1754052181.70346,-8,-7,-126
1754052181.74146,3,0,-114
1754052181.78046,6,0,-126
1754052181.81846,1,-3,-116
1754052181.85446,0,1,-108
1754052181.8914602,0,1,-108
1754052181.93046,0,6,-118
1754052181.96846,0,-2,-121
1754052182.00446,-3,-3,-113
1754052182.0424602,2,5,-111
1754052182.08046,3,3,-124
1754052182.11946,0,-1,-121
1754052182.1574602,1,3,-114
1754052182.19346,-2,0,-118
1754052182.2304602,-2,-1,-112
1754052182.2694602,-2,0,-106
1754052182.30746,-1,-2,-116
1754052182.34346,2,-9,-109
1754052182.3814602,3,0,-123
1754052182.41946,4,3,-114
1754052182.45846,4,2,-117
1754052182.49446,1,2,-123
1754052182.53146,-4,3,-116
1754052182.5694602,2,-2,-113
1754052182.6084602,0,-4,-120
1754052182.64546,-3,-2,-116
1754052182.68246,0,-1,-121
1754052182.7204602,-6,2,-119
1754052182.7594602,-7,3,-119
1754052182.79746,-6,-1,-113
1754052182.83346,-4,-4,-112
1754052182.8714602,-6,-9,-117
1754052182.90946,-2,-7,-119
1754052182.94846,0,-2,-115
1754052182.98446,2,-3,-121
1754052183.02246,6,-7,-118
1754052183.06046,5,-9,-116
1754052183.09946,10,5,-118
1754052183.13546,-1,0,-118
1754052183.17346,2,4,-129
1754052183.21146,6,3,-121
1754052183.24946,0,3,-121
1754052183.28846,2,1,-121
1754052183.32446,0,-2,-112
1754052183.3614602,-5,2,-115
1754052183.40046,2,-1,-131
1754052183.43846,0,1,-130
1754052183.47446,4,5,-130
1754052183.5134602,-4,5,-116
1754052183.55046,-5,0,-108
1754052183.58946,3,2,-117
1754052183.62546,3,0,-123
1754052183.66346,7,-2,-117
1754052183.70146,7,-1,-124
1754052183.73946,2,0,-115
1754052183.77846,7,0,-125
1754052183.81446,9,0,-113
1754052183.85246,8,1,-118
1754052183.89046,-1,1,-111
1754052183.92946,-1,5,-112
1754052183.96546,3,13,-117
1754052184.00246,1,12,-107
1754052184.04046,-4,2,-102
1754052184.07946,-3,1,-115
1754052184.1154602,0,1,-115
1754052184.15246,4,4,-121
1754052184.1904602,-1,2,-121
1754052184.22946,1,0,-119
1754052184.26546,-2,-3,-126
1754052184.30346,2,0,-112
1754052184.3424602,5,6,-113
1754052184.38046,1,4,-111
1754052184.41846,3,5,-107
1754052184.45446,-1,5,-110
1754052184.49246,0,4,-115
1754052184.53046,0,-2,-119
1754052184.5694602,-3,-2,-119
1754052184.6054602,3,1,-108
1754052184.64246,0,-5,-115
1754052184.68046,3,1,-117
1754052184.71946,0,-4,-118
1754052184.75546,5,-6,-122
1754052184.79346,8,0,-111
1754052184.83146,0,0,-111
1754052184.87046,-6,7,-123
1754052184.90846,-2,0,-131
1754052184.94546,-6,3,-116
1754052184.9834602,0,0,-117
1754052185.02146,1,2,-111
1754052185.06046,3,-4,-114
1754052185.09646,1,-9,-100
1754052185.1344602,-6,-5,-108
1754052185.17246,1,-4,-115
1754052185.2104602,-2,0,-119
1754052185.24946,2,-3,-122
1754052185.28546,0,-2,-122
1754052185.3224602,4,-2,-130
1754052185.36046,1,5,-124
1754052185.39946,4,6,-120
1754052185.43546,9,0,-125
1754052185.4734602,-3,2,-129
1754052185.51246,0,0,-115
1754052185.5494602,4,4,-114
1754052185.5854602,3,8,-120
1754052185.62246,2,-3,-116
1754052185.66046,-2,2,-104
1754052185.69946,1,-3,-115
1754052185.73546,-1,5,-116
1754052185.77346,1,-1,-119
1754052185.81146,3,-1,-119
1754052185.85046,2,-2,-121
1754052185.88646,3,2,-121
1754052185.92346,2,2,-118
1754052185.96146,-1,-4,-118
1754052186.00046,3,-5,-114
1754052186.0364602,-1,0,-109
1754052186.07346,-2,7,-104
1754052186.11246,-3,-3,-107
1754052186.15046,-1,-4,-109
1754052186.18646,2,0,-110
1754052186.2234602,2,0,-116
1754052186.26246,10,0,-117
1754052186.30046,3,2,-119
1754052186.33646,1,1,-116
1754052186.37346,0,0,-111
1754052186.4114602,8,-4,-117
1754052186.4504602,3,-6,-118
1754052186.4864602,-1,-4,-117
1754052186.52546,5,-3,-130
1754052186.5624602,5,0,-129
1754052186.60146,2,-7,-122
1754052186.63946,5,1,-119
1754052186.67546,0,11,-115
1754052186.71246,7,0,-120
1754052186.75146,3,-4,-124
1754052186.7894602,-3,0,-121
1754052186.8254602,-3,-1,-115
1754052186.86346,-5,3,-126
1754052186.9014602,0,-1,-129
1754052186.9404602,5,0,-125
1754052186.97646,4,5,-119
1754052187.0134602,1,2,-115
1754052187.05146,4,-1,-110
1754052187.09046,4,3,-107
1754052187.12646,-2,-4,-107
1754052187.1644602,0,-3,-109
1754052187.20246,0,-3,-120
1754052187.24146,0,2,-126
1754052187.27746,-4,1,-120
1754052187.31646,4,-3,-115
1754052187.35346,8,-5,-120
1754052187.3914602,6,0,-113
1754052187.43046,2,-5,-116
1754052187.46646,-3,-4,-121
1754052187.50446,-6,0,-123
1754052187.5424602,-8,-4,-120
1754052187.58146,-6,4,-121
1754052187.61746,0,0,-127
1754052187.65546,2,0,-119
1754052187.69346,5,-5,-134
1754052187.73246,2,-4,-121
1754052187.77046,1,3,-115
1754052187.80646,2,3,-107
1754052187.84346,5,6,-117
1754052187.88246,0,0,-127
1754052187.92046,-3,0,-119
1754052187.95646,3,-6,-117
1754052187.99546,1,0,-125
1754052188.0324602,9,-1,-119
1754052188.07146,6,4,-115
1754052188.10746,0,1,-126
1754052188.14546,0,-6,-118
1754052188.18346,0,-2,-117
1754052188.22246,5,-5,-111
1754052188.26046,7,-7,-113
1754052188.2964602,1,-7,-115
1754052188.33446,3,7,-115
1754052188.37246,8,-3,-117
1754052188.4114602,0,-2,-111
1754052188.4474602,0,-2,-118
1754052188.48446,-3,0,-120
1754052188.52246,-1,-2,-115
1754052188.56146,-1,-3,-127
1754052188.59746,-10,-2,-117
1754052188.63546,0,-1,-119
1754052188.6744602,3,1,-116
1754052188.71246,1,3,-125
1754052188.75046,5,1,-125
1754052188.7864602,2,2,-121
1754052188.82446,-2,-1,-111
1754052188.86246,-5,9,-104
1754052188.90046,-3,3,-114
1754052188.93646,4,-2,-126
1754052188.97446,3,-6,-117
1754052189.01246,0,-2,-120
1754052189.05146,-3,-4,-125
1754052189.08746,3,1,-112
1754052189.12446,3,2,-108
1754052189.17046,6,3,-105
1754052189.2074602,2,0,-104
1754052189.24446,3,-2,-115
1754052189.2824602,3,0,-120
1754052189.32146,-3,-2,-116
1754052189.35746,-10,-5,-117
1754052189.39546,1,0,-115
1754052189.43346,0,3,-98
1754052189.47246,4,6,-115
1754052189.50846,-3,3,-111
1754052189.5464602,-4,1,-121
1754052189.58446,-5,1,-118
1754052189.62346,0,1,-122
1754052189.6614602,0,1,-137
1754052189.6974602,4,8,-127
1754052189.73546,-1,4,-120
1754052189.77446,0,-2,-123
1754052189.8124602,8,-1,-114
1754052189.8484602,6,0,-114
1754052189.88546,1,1,-113
1754052189.9244602,2,2,-113
1754052189.96246,0,1,-118
1754052189.99846,0,4,-118
1754052190.03546,-1,1,-115
1754052190.07446,-5,4,-125
1754052190.11246,-3,2,-125
1754052190.14846,-2,3,-123
1754052190.18646,-1,-1,-142
1754052190.22446,-3,-2,-122
1754052190.2634602,1,1,-120
1754052190.30146,0,1,-109
1754052190.33746,5,0,-110
1754052190.37446,1,0,-128
1754052190.41346,1,0,-125
1754052190.45146,0,0,-119
1754052190.48746,1,0,-110
1754052190.52446,1,-1,-124
1754052190.56346,-14,0,-112
1754052190.60146,-5,-5,-123
1754052190.63746,2,-3,-121
1754052190.67546,3,-1,-117
1754052190.7134602,4,0,-113
1754052190.75246,4,-3,-115
1754052190.78846,0,1,-114
1754052190.8254602,3,-6,-112
1754052190.86346,0,-6,-124
1754052190.90246,4,0,-123
1754052190.93846,6,-9,-119
1754052190.97746,4,-3,-117
1754052191.01446,3,0,-118
1754052191.05346,-3,0,-125
1754052191.09146,-5,0,-115
1754052191.12746,-2,0,-118
1754052191.16546,6,-6,-127
1754052191.20346,1,-3,-121
1754052191.24246,6,8,-118
1754052191.27846,8,3,-116
1754052191.31646,0,0,-112
1754052191.3554602,0,-1,-116
1754052191.39346,-5,4,-124
1754052191.43246,6,-3,-113
1754052191.46846,10,-3,-116
1754052191.5064602,2,-1,-113
1754052191.54446,-1,-6,-120
1754052191.58346,1,-9,-124
1754052191.61946,-4,-1,-132
1754052191.6574602,4,2,-126
1754052191.69546,-3,-6,-116
1754052191.73446,0,-4,-127
1754052191.77246,7,-1,-129
1754052191.80846,0,-1,-117
1754052191.84646,-1,0,-122
1754052191.8844602,-5,-5,-103
1754052191.92346,0,-9,-110
1754052191.95946,0,-2,-118
1754052191.99746,-2,3,-126
1754052192.03546,0,2,-115
1754052192.07346,1,-1,-116
1754052192.11246,1,0,-122
1754052192.14846,2,2,-119
1754052192.18546,-3,0,-117
1754052192.22446,-3,-1,-119
1754052192.26246,-2,-1,-115
1754052192.29846,-3,0,-121
1754052192.3354602,0,0,-119
1754052192.37446,-6,-4,-122
1754052192.41246,6,3,-113
1754052192.44846,6,-1,-113
1754052192.4864602,3,-1,-111
1754052192.52446,2,-2,-123
1754052192.56346,4,-1,-113
1754052192.59946,0,-6,-113
1754052192.63746,-2,-6,-113
1754052192.67546,4,-7,-119
1754052192.71446,5,-5,-121
1754052192.75246,-1,-2,-122
1754052192.78846,8,0,-124
1754052192.8254602,7,0,-120
1754052192.86446,-3,0,-117
1754052192.90246,-8,-1,-122
1754052192.93846,-4,-2,-113
1754052192.97646,5,-3,-118
1754052193.01446,-3,-1,-121
1754052193.05346,4,0,-132
1754052193.08946,2,3,-120
1754052193.12646,3,0,-115
1754052193.1644602,0,4,-120
1754052193.20346,0,6,-119
1754052193.23946,1,0,-123
1754052193.2764602,0,0,-133
1754052193.31446,3,-1,-132
1754052193.35346,-1,-2,-130
1754052193.38946,2,2,-121
1754052193.4274602,5,-1,-112
1754052193.46546,3,-6,-110
1754052193.50446,-2,-4,-101
1754052193.54046,3,1,-108
1754052193.57746,2,-5,-118
1754052193.6154602,6,-6,-112
1754052193.6544602,3,-8,-120
1754052193.6904602,0,-13,-123
1754052193.72846,4,0,-113
1754052193.76746,1,3,-118
1754052193.80446,0,4,-126
1754052193.84346,1,2,-122
1754052193.87946,0,-2,-120
1754052193.9174602,1,-1,-124
1754052193.95546,7,0,-127
1754052193.99446,4,0,-120
1754052194.03046,3,2,-124
1754052194.06746,7,-3,-108
1754052194.1054602,3,-5,-109
1754052194.1444602,-1,-1,-114
1754052194.18046,0,0,-119
1754052194.2174602,2,-1,-127
1754052194.25546,2,-2,-120
1754052194.29446,7,0,-114
1754052194.33046,2,-3,-118
1754052194.3684602,4,2,-115
1754052194.40646,1,-3,-114
1754052194.44546,8,0,-110
1754052194.4834602,0,-6,-107
1754052194.5194602,-3,-5,-100
1754052194.55746,-1,3,-105
1754052194.5954602,-3,-3,-126
1754052194.6344602,0,-6,-122
1754052194.67046,0,-9,-109
1754052194.70946,-4,-2,-113
1754052194.7464602,3,0,-120
1754052194.78546,8,-1,-115
1754052194.82346,9,0,-113
1754052194.85946,7,2,-110
1754052194.89646,5,-3,-111
1754052194.93546,7,-1,-124
1754052194.9734602,4,-3,-124
1754052195.0094602,5,-1,-125
1754052195.04746,1,-5,-112
1754052195.0854602,3,-9,-117
1754052195.12446,0,-3,-125
1754052195.16046,8,0,-125
1754052195.19846,10,5,-112
1754052195.2364602,4,2,-112
1754052195.27546,7,-5,-123
1754052195.31346,3,-2,-128
1754052195.34946,-2,1,-122
1754052195.3884602,0,2,-109
1754052195.42546,0,-3,-125
1754052195.46446,-9,-8,-122
1754052195.50046,-4,-7,-108
1754052195.53846,0,-6,-110
1754052195.57646,-8,0,-116
1754052195.6154602,-3,-3,-115
1754052195.6514602,0,-2,-115
1754052195.68946,5,0,-119
1754052195.72746,0,0,-124
1754052195.76546,5,0,-122
1754052195.80446,-2,0,-126
1754052195.84046,-1,1,-113
1754052195.87946,1,4,-113
1754052195.91646,-8,-1,-124
1754052195.95546,2,2,-134
1754052195.99146,-1,5,-127
1754052196.0294602,-3,-2,-131
1754052196.06746,5,0,-127
1754052196.1054602,7,-3,-121
1754052196.1444602,2,-5,-131
1754052196.18046,-3,-5,-127
1754052196.21846,1,3,-117
1754052196.2564602,6,8,-109
1754052196.29546,5,4,-116
1754052196.33146,9,-2,-125
1754052196.36946,3,-1,-124
1754052196.40846,0,0,-114
1754052196.44646,0,1,-109
1754052196.48446,4,-1,-121
1754052196.52146,0,0,-115
1754052196.55846,-8,-3,-112
1754052196.59646,1,0,-100
1754052196.63546,2,-1,-116
1754052196.6714602,3,-5,-118
1754052196.70946,-7,-3,-125
1754052196.74746,0,-3,-120
1754052196.7864602,1,-6,-117
1754052196.82446,3,0,-111
1754052196.86046,-5,-6,-125
1754052196.89846,-4,3,-129
1754052196.9374602,-1,-4,-123
1754052196.97546,1,-8,-113
1754052197.01146,-5,-4,-113
1754052197.0494602,0,1,-126
1754052197.08746,4,-2,-113
1754052197.12646,2,-3,-115
1754052197.1644602,-11,-9,-118
1754052197.2004602,-4,-1,-122
1754052197.23846,2,0,-121
1754052197.27746,2,-2,-123
1754052197.3154602,0,-1,-123
1754052197.35146,2,-2,-126
1754052197.38946,3,0,-124
1754052197.42846,1,-7,-115
1754052197.46646,2,-5,-108
1754052197.50446,-1,-3,-111
1754052197.54146,-1,-3,-115
1754052197.57946,0,-1,-118
1754052197.61746,0,2,-109
1754052197.65646,-1,1,-108
1754052197.69246,0,3,-114
1754052197.7304602,-1,-5,-118
1754052197.76846,-2,2,-112
1754052197.80746,-3,3,-117
1754052197.8454602,0,-3,-114
1754052197.8814602,0,4,-125
1754052197.91846,2,-5,-109
1754052197.9574602,-2,-4,-111
1754052197.99546,0,-6,-122
1754052198.03146,4,-5,-124
1754052198.07046,4,-5,-124
1754052198.10746,4,-3,-126
1754052198.14646,1,-2,-123
1754052198.18246,-3,-2,-124
1754052198.2204602,2,1,-121
1754052198.25846,2,-4,-111
1754052198.2964602,0,2,-127
1754052198.3354602,-1,6,-132
1754052198.3714602,4,-2,-125
1754052198.40946,5,-6,-124
1754052198.44846,5,-8,-115
1754052198.4864602,3,-3,-116
1754052198.52246,1,0,-124
1754052198.5594602,0,0,-117
1754052198.5984602,4,3,-114
1754052198.63646,1,-1,-103
1754052198.67246,9,-1,-120
1754052198.71146,0,0,-112
1754052198.74846,-3,-3,-110
1754052198.78746,-6,0,-106
1754052198.8254602,2,-2,-117
1754052198.8614602,3,2,-108
1754052198.89846,5,-4,-115
1754052198.9374602,1,-2,-109
1754052198.97546,14,-1,-123
1754052199.01146,5,4,-127
1754052199.04846,0,1,-115
1754052199.08746,0,-3,-117
1754052199.12546,-6,0,-115
1754052199.1614602,0,-5,-108
1754052199.2074602,-1,-1,-115
1754052199.24546,-7,0,-112
1754052199.28146,-3,-8,-122
1754052199.3194602,-2,-11,-114
1754052199.35746,-6,0,-118
1754052199.39646,0,0,-110
1754052199.43246,0,1,-110
1754052199.46946,-6,0,-114
1754052199.50746,0,0,-120
1754052199.5464602,4,-4,-122
1754052199.5824602,1,3,-118
1754052199.61946,-2,0,-121
1754052199.6574602,-2,-5,-116
1754052199.69646,-2,-5,-114
1754052199.73246,-7,-6,-118
1754052199.77046,1,-6,-120
1754052199.80846,4,-2,-133
1754052199.84746,5,0,-129
1754052199.88346,0,0,-126
1754052199.9214602,-3,-6,-112
1754052199.9604602,-4,-3,-121
1754052199.99746,2,-4,-117
1754052200.0364602,-1,-2,-122
1754052200.0724602,6,-4,-132
1754052200.11046,11,-6,-127
1754052200.14846,4,-2,-119
1754052200.1874602,2,1,-125
1754052200.2234602,0,3,-126
1754052200.26046,7,-1,-108
1754052200.29846,3,-4,-117
1754052200.33746,0,-5,-118
1754052200.37346,0,0,-118
1754052200.4114602,1,-3,-127
1754052200.44946,-7,-9,-123
1754052200.48746,2,-1,-123
1754052200.5264602,0,0,-131
1754052200.5624602,0,0,-120
1754052200.59946,-3,-2,-116
1754052200.6384602,-5,-2,-125
1754052200.67646,0,-4,-121
1754052200.71246,0,-7,-113
1754052200.75046,0,0,-118
1754052200.78846,0,1,-120
1754052200.82746,-5,4,-119
1754052200.86346,-3,-2,-112
1754052200.90246,-2,5,-116
1754052200.93946,-2,3,-112
1754052200.97846,1,0,-109
1754052201.0164602,-1,3,-117
1754052201.0524602,-1,-1,-127
1754052201.09046,1,-4,-108
1754052201.1284602,-6,-2,-124
1754052201.1674602,-5,-7,-123
1754052201.20346,1,-5,-120
1754052201.24146,-2,2,-128
1754052201.2794602,0,0,-111
1754052201.31846,-7,-3,-112
1754052201.35646,-4,0,-119
1754052201.39246,-5,2,-117
1754052201.43046,-5,-8,-118
1754052201.46846,2,0,-115
1754052201.50746,-1,0,-114
1754052201.54346,-1,-1,-116
1754052201.58146,2,-1,-115
1754052201.61946,-4,-3,-120
1754052201.65846,0,1,-113
1754052201.6944602,0,3,-116
1754052201.73146,2,2,-113
1754052201.7694602,1,0,-122
1754052201.80846,-6,0,-129
1754052201.84446,0,-1,-125
1754052201.88246,9,1,-126
1754052201.92046,7,-4,-109
1754052201.95846,7,-5,-119
1754052201.99746,1,-5,-115
1754052202.03346,1,2,-121
1754052202.07046,1,3,-114
1754052202.1084602,1,-4,-111
1754052202.14746,-5,-5,-125
1754052202.18346,1,4,-120
1754052202.2204602,-1,0,-117
1754052202.25846,5,-4,-114
1754052202.29746,-3,-6,-125
1754052202.33346,3,-2,-123
1754052202.37246,0,-4,-114
1754052202.40946,2,1,-112
1754052202.44846,-3,-1,-109
1754052202.48546,2,-2,-121
1754052202.52246,0,1,-112
1754052202.56046,0,1,-115
1754052202.59946,-6,-3,-114
1754052202.63746,0,-2,-110
1754052202.67346,0,0,-117
1754052202.71146,-2,-4,-120
1754052202.74946,0,-4,-105
1754052202.78846,-6,-3,-119
1754052202.82446,-3,1,-125
1754052202.86246,1,-2,-114
1754052202.90046,-1,-4,-121
1754052202.93946,0,-1,-116
1754052202.97746,11,-6,-134
1754052203.0134602,5,-6,-114
1754052203.05146,4,-3,-117
1754052203.08946,-3,-3,-112
1754052203.1284602,-3,-6,-122
1754052203.1644602,-2,1,-121
1754052203.20246,1,-3,-120
1754052203.2404602,3,2,-121
1754052203.2794602,-2,2,-116
1754052203.31746,-2,1,-108
1754052203.35446,-6,0,-115
1754052203.39246,-2,-3,-112
1754052203.42946,-1,0,-112
1754052203.46846,-3,4,-111
1754052203.50446,-1,3,-108
1754052203.5424602,-1,8,-123
1754052203.58046,1,5,-128
1754052203.61946,4,0,-128
1754052203.6574602,1,1,-129
1754052203.69346,7,3,-121
1754052203.7304602,0,2,-119
1754052203.7694602,0,0,-124
1754052203.80546,2,7,-121
1754052203.8424602,3,4,-128
1754052203.88046,-4,-11,-119
1754052203.91946,-4,0,-132
1754052203.95546,2,1,-127
1754052203.99246,2,-3,-136
1754052204.03046,1,-2,-124
1754052204.0694602,-8,0,-104
1754052204.1054602,-5,2,-107
1754052204.14346,0,2,-114
1754052204.18146,-5,1,-112
1754052204.21946,2,3,-122
1754052204.25846,0,-1,-111
1754052204.29446,4,1,-125
1754052204.3324602,2,0,-118
1754052204.3714602,-2,7,-116
1754052204.40946,-3,0,-114
1754052204.44546,-2,-1,-115
1754052204.4834602,0,0,-122
1754052204.52146,3,0,-117
1754052204.5594602,0,-5,-112
1754052204.5984602,2,-4,-128
1754052204.6344602,0,-2,-125
1754052204.67246,0,-4,-114
1754052204.7104602,6,0,-114
1754052204.74946,9,0,-121
1754052204.78546,5,6,-120
1754052204.8224602,7,4,-110
1754052204.86046,-3,0,-110
1754052204.89946,0,-4,-120
1754052204.93546,-4,-2,-121
1754052204.97446,-6,0,-124
1754052205.01246,-3,-1,-119
1754052205.05046,-1,-1,-114
1754052205.0884602,-1,-1,-112
1754052205.12446,-2,-7,-108
1754052205.16246,-2,1,-125
1754052205.2004602,0,9,-124
1754052205.23946,-1,5,-123
1754052205.27546,-3,6,-113
1754052205.3124602,-2,-1,-113
1754052205.35046,-9,-5,-130
1754052205.38946,4,-4,-117
1754052205.42546,-3,3,-114
1754052205.4634602,-4,1,-119
1754052205.50146,3,0,-117
1754052205.54046,0,-1,-110
1754052205.57846,4,1,-120
1754052205.61446,4,-1,-121
1754052205.65246,1,-1,-114
1754052205.69146,6,0,-119
1754052205.72946,6,0,-108
1754052205.76546,6,-2,-118
1754052205.80346,3,-2,-122
1754052205.84146,0,-3,-125
1754052205.88046,-1,0,-113
1754052205.91846,-3,-2,-115
1754052205.95546,0,2,-115
1754052205.99246,0,0,-120
1754052206.03046,0,-1,-121
1754052206.0694602,5,4,-125
1754052206.1054602,-1,-1,-128
1754052206.14346,2,-7,-122
1754052206.18146,-1,-11,-116
1754052206.2204602,4,-9,-115
1754052206.2564602,-2,-7,-117
1754052206.29446,-2,-3,-121
1754052206.3324602,-3,-2,-118
1754052206.37046,-2,-3,-108
1754052206.40946,-2,7,-121
1754052206.44546,0,1,-121
1754052206.48246,1,-3,-109
1754052206.52046,9,2,-117
1754052206.5594602,7,-2,-117
1754052206.5954602,0,0,-117
1754052206.63246,-2,3,-119
1754052206.67046,-1,-1,-118
1754052206.70946,1,-1,-117
1754052206.74546,-1,-10,-116
1754052206.78346,0,-8,-118
1754052206.82146,0,-1,-117
1754052206.86046,-5,-5,-116
1754052206.89646,-10,-1,-112
1754052206.9344602,-2,1,-114
1754052206.9734602,-4,-1,-120
1754052207.01146,8,-2,-106
1754052207.0494602,-2,0,-112
1754052207.0854602,0,2,-104
1754052207.12346,-5,-3,-110
1754052207.1614602,-1,-4,-112
1754052207.2004602,1,5,-122
1754052207.2364602,5,0,-114
1754052207.27346,4,0,-102
1754052207.31146,0,0,-105
1754052207.35046,6,0,-118
1754052207.38646,7,0,-117
1754052207.4244602,7,-5,-125
1754052207.46146,10,2,-108
1754052207.50046,0,1,-117
1754052207.5364602,-1,2,-116
1754052207.57446,5,-6,-122
1754052207.61246,6,-5,-124
1754052207.6514602,0,-6,-131
1754052207.68946,2,-5,-132
1754052207.72546,-7,0,-121
1754052207.7634602,5,-3,-126
1754052207.80146,2,0,-114
1754052207.84046,-2,0,-119
1754052207.87646,0,-4,-102
1754052207.9144602,9,-2,-117
1754052207.95346,6,5,-116
1754052207.99146,6,1,-131
1754052208.02746,-1,-7,-103
1754052208.06646,2,-2,-108
1754052208.10346,2,9,-125
1754052208.1414602,1,5,-124
1754052208.18046,0,-1,-129
1754052208.21646,-3,-5,-119
1754052208.25446,0,-5,-123
1754052208.2924602,-5,-1,-116
1754052208.33146,-4,-6,-114
1754052208.36746,-3,0,-112
1754052208.4044602,-1,-7,-107
1754052208.44246,-1,-1,-106
1754052208.48146,0,-2,-112
1754052208.51746,4,-2,-113
1754052208.55546,-3,-1,-111
1754052208.59346,1,3,-116
1754052208.6314602,9,-2,-121
1754052208.67046,1,2,-117
1754052208.70646,0,3,-119
1754052208.7434602,1,-1,-121
1754052208.7824602,0,0,-118
1754052208.82046,6,-3,-112
1754052208.85746,-2,-2,-126
1754052208.8944602,-2,-4,-127
1754052208.93246,-2,-6,-112
1754052208.97146,-7,-5,-119
1754052209.00746,-7,1,-117
1754052209.04546,0,0,-112
1754052209.08346,-2,4,-127
1754052209.12246,-5,1,-104
1754052209.16046,-7,-3,-123
1754052209.19646,-4,-8,-119
1754052209.24246,0,-1,-120
1754052209.28046,8,-4,-121
1754052209.31646,-3,-2,-126
1754052209.35446,0,-6,-124
1754052209.39346,2,0,-126
1754052209.43146,-2,10,-127
1754052209.4674602,-1,5,-129
1754052209.50546,0,3,-118
1754052209.54346,2,-4,-114
1754052209.5824602,5,-1,-112
1754052209.62046,5,-1,-128
1754052209.65646,3,3,-111
1754052209.69346,0,0,-114
1754052209.73246,1,-4,-113
1754052209.77046,2,0,-114
1754052209.80646,-6,-4,-118
1754052209.84446,-5,-2,-132
1754052209.88246,-7,-4,-117
1754052209.9214602,-9,-2,-116
1754052209.9574602,-11,0,-117
1754052209.99546,-3,0,-116
1754052210.03346,-4,0,-116
1754052210.0724602,-4,-4,-114
1754052210.1084602,1,-3,-119
1754052210.14646,-4,-2,-124
1754052210.18546,-4,7,-127
1754052210.2234602,1,-1,-112
1754052210.26146,-2,0,-121
1754052210.29846,-7,-1,-117
1754052210.3354602,2,-8,-125
1754052210.37346,-5,3,-117
1754052210.41246,-6,-10,-122
1754052210.44846,-8,-7,-126
1754052210.4864602,0,2,-130
1754052210.52446,4,2,-114
1754052210.5624602,0,-3,-118
1754052210.60146,4,-1,-111
1754052210.63746,-3,5,-109
1754052210.67546,0,-1,-115
1754052210.7134602,0,-3,-126
1754052210.75246,4,5,-116
1754052210.78846,2,0,-116
1754052210.82646,3,-8,-119
1754052210.86446,8,0,-116
1754052210.90246,-2,-1,-110
1754052210.94146,-2,0,-118
1754052210.97746,0,0,-123
1754052211.01446,2,0,-124
1754052211.05346,-5,-7,-123
1754052211.09146,1,-4,-124
1754052211.12746,11,2,-122
1754052211.1644602,10,3,-123
1754052211.20346,5,3,-120
1754052211.24146,4,2,-118
1754052211.27746,-3,0,-122
1754052211.3154602,6,0,-111
1754052211.35346,0,-2,-119
1754052211.39246,3,1,-116
1754052211.42846,2,-4,-120
1754052211.46646,-3,-9,-114
1754052211.50446,0,-5,-128
1754052211.54346,7,-3,-128
1754052211.58146,2,0,-116
1754052211.61746,1,-7,-109
1754052211.65546,3,-6,-120
1754052211.69346,0,1,-107
1754052211.73246,-3,4,-129
1754052211.76846,-3,5,-125
1754052211.80646,-2,0,-119
1754052211.84446,1,1,-122
1754052211.88346,-2,0,-112
1754052211.9214602,1,7,-114
1754052211.9574602,2,2,-120
1754052211.99446,3,-1,-130
1754052212.03346,0,-8,-122
1754052212.07146,0,-11,-121
1754052212.10746,-4,-4,-120
1754052212.14546,-2,-2,-114
1754052212.18346,0,-2,-122
1754052212.22246,-4,-1,-120
1754052212.25846,-1,-4,-114
1754052212.29746,1,-4,-112
1754052212.33446,-1,-3,-110
1754052212.37346,-6,-4,-105
1754052212.40946,3,0,-113
1754052212.4474602,-1,-3,-122
1754052212.48446,-2,-7,-129
1754052212.52346,0,-7,-114
1754052212.5594602,-1,-5,-99
1754052212.59746,7,-5,-107
1754052212.63546,3,0,-113
1754052212.67346,2,-2,-110
1754052212.71246,-1,0,-126
1754052212.74846,0,-3,-120
1754052212.7864602,1,2,-126
1754052212.82446,0,1,-121
1754052212.86346,-3,0,-121
1754052212.89946,-7,0,-120
1754052212.93646,-5,3,-116
1754052212.97446,-3,7,-111
1754052213.0134602,6,2,-121
1754052213.0494602,6,5,-121
1754052213.08646,-4,0,-125
1754052213.12446,0,0,-118
1754052213.16346,-1,-5,-113
1754052213.19946,1,-8,-114
1754052213.23846,-5,-3,-108
1754052213.27546,3,-2,-106
1754052213.31446,-2,2,-110
1754052213.35246,-3,-3,-126
1754052213.3884602,-6,-2,-124
1754052213.42646,0,-4,-119
1754052213.46446,-4,0,-104
1754052213.5034602,7,-1,-114
1754052213.5394602,4,4,-120
1754052213.57746,3,-8,-118
1754052213.6154602,2,-4,-107
1754052213.6544602,7,-6,-115
1754052213.69246,6,-5,-120
1754052213.72846,-8,-3,-112
1754052213.7664602,-1,0,-120
1754052213.80446,-1,-11,-123
1754052213.84346,-3,-7,-111
1754052213.87946,-7,-4,-117
1754052213.9174602,-1,1,-112
1754052213.95546,0,4,-114
1754052213.99446,-5,2,-110
1754052214.0324602,-3,1,-107
1754052214.06846,0,-1,-126
1754052214.10646,5,-1,-124
1754052214.1444602,-7,-7,-103
1754052214.18346,1,-10,-105
1754052214.21946,0,-6,-111
1754052214.25746,3,1,-126
1754052214.2964602,9,-6,-123
1754052214.33446,1,-2,-119
1754052214.37046,-3,-4,-121
1754052214.40846,-1,-4,-128
1754052214.44646,-4,-3,-128
1754052214.48446,1,-4,-119
1754052214.52346,-2,2,-118
1754052214.5594602,-8,2,-112
1754052214.59746,2,-3,-113
1754052214.63546,-1,-5,-112
1754052214.6744602,-2,2,-115
1754052214.7104602,-4,2,-115
1754052214.74846,5,-3,-123
1754052214.78746,-1,-4,-122
1754052214.82446,-5,-10,-118
1754052214.86346,-4,-10,-113
1754052214.89946,0,-6,-114
1754052214.9374602,1,-4,-129
1754052214.97546,-2,1,-127
1754052215.01446,0,-2,-127
1754052215.05046,-1,1,-116
1754052215.0884602,3,-2,-116
1754052215.12646,2,0,-119
1754052215.16546,2,-7,-133
1754052215.20346,4,-3,-120
1754052215.23946,3,0,-121
1754052215.2764602,5,-3,-119
1754052215.3154602,7,-4,-125
1754052215.35346,0,-6,-124
1754052215.38946,1,-1,-123
1754052215.4274602,4,2,-118
1754052215.46546,1,-8,-119
1754052215.50446,2,-6,-114
1754052215.54046,-3,0,-108
1754052215.57746,-4,1,-107
1754052215.61646,11,0,-115
1754052215.6544602,6,-9,-117
1754052215.6904602,4,-4,-123
1754052215.72746,8,-8,-115
1754052215.7664602,1,0,-127
1754052215.80446,4,2,-118
1754052215.84046,4,-3,-129
1754052215.87946,-2,-5,-117
1754052215.91646,5,-4,-122
1754052215.95546,3,-3,-119
1754052215.9934602,0,-2,-114
1754052216.0294602,-3,-1,-124
1754052216.06746,2,1,-119
1754052216.1054602,3,5,-114
1754052216.1444602,2,2,-121
1754052216.18146,2,4,-126
1754052216.21846,0,-3,-122
1754052216.2564602,-3,0,-120
1754052216.29546,1,-8,-117
1754052216.33146,-2,0,-102
1754052216.36946,0,-3,-107
1754052216.4074602,-3,-1,-117
1754052216.44546,1,-3,-124
1754052216.48446,0,-5,-127
1754052216.52046,0,-6,-123
1754052216.55746,-4,-4,-121
1754052216.5954602,0,0,-119
1754052216.6344602,-7,-4,-114
1754052216.67046,-10,-1,-111
1754052216.70846,0,-5,-111
1754052216.7464602,0,-4,-121
1754052216.78546,0,0,-117
1754052216.8224602,-1,8,-121
1754052216.85946,-5,-1,-126
1754052216.89746,-1,-10,-117
1754052216.93646,-4,-2,-123
1754052216.97446,1,-3,-115
1754052217.01046,-1,0,-121
1754052217.04846,0,-1,-129
1754052217.08646,-4,-1,-123
1754052217.12546,-4,-2,-118
1754052217.1614602,2,-1,-122
1754052217.19946,0,-4,-124
1754052217.23746,-5,-9,-117
1754052217.2764602,-9,-4,-116
1754052217.31446,-5,-3,-120
1754052217.35046,-4,-3,-105
1754052217.3884602,0,0,-110
1754052217.42646,-6,-1,-113
1754052217.46546,0,0,-119
1754052217.50146,-2,-3,-123
1754052217.5394602,-3,0,-116
1754052217.57846,2,-4,-112
1754052217.61646,-2,-7,-107
1754052217.6544602,1,-6,-110
1754052217.6904602,0,0,-119
1754052217.72846,0,0,-123
1754052217.7664602,8,2,-111
1754052217.80446,5,-5,-122
1754052217.84046,0,-4,-120
1754052217.8784602,0,-6,-121
1754052217.91646,0,-4,-118
1754052217.95546,3,-6,-126
1754052217.99146,10,0,-122
1754052218.02846,1,3,-122
1754052218.06646,-7,4,-121
1754052218.1054602,-2,0,-114
1754052218.1414602,2,-1,-113
1754052218.17946,5,0,-111
1754052218.2174602,0,0,-108
1754052218.2564602,-1,0,-113
1754052218.29446,4,-2,-115
1754052218.33046,4,4,-112
1754052218.36746,10,1,-114
1754052218.40646,0,-3,-95
1754052218.44246,-1,-3,-105
1754052218.4804602,1,0,-113
1754052218.51846,0,2,-126
1754052218.55646,6,-2,-125
1754052218.5954602,-2,-3,-119
1754052218.6314602,-3,-8,-130
1754052218.66946,6,-12,-125
1754052218.7074602,4,1,-119
1754052218.7464602,1,-2,-119
1754052218.7824602,2,-5,-111
1754052218.82046,7,-6,-109
1754052218.8584602,4,-7,-111
1754052218.89646,-1,-1,-115
1754052218.93546,-8,0,-114
1754052218.97146,-8,2,-113
1754052219.0094602,-3,0,-114
1754052219.04846,-4,-3,-116
1754052219.08646,-5,-7,-121
1754052219.12246,-2,-4,-113
1754052219.1614602,-2,0,-113
1754052219.19846,-1,-1,-117
1754052219.24246,-3,1,-112
1754052219.28146,1,5,-112
1754052219.31846,0,5,-111
1754052219.35746,0,3,-119
1754052219.39546,-1,-7,-123
1754052219.43146,1,1,-115
1754052219.46846,-1,9,-124
1754052219.50746,-1,-1,-115
1754052219.54546,5,0,-117
1754052219.58146,1,-2,-103
1754052219.61946,3,0,-117
1754052219.6574602,2,0,-119
1754052219.69646,3,2,-111
1754052219.73246,0,-7,-113
1754052219.77046,3,-3,-113
1754052219.80846,3,0,-118
1754052219.84746,5,-1,-132
1754052219.88546,-3,0,-126
1754052219.9214602,3,1,-130
1754052219.95846,1,1,-134
1754052219.99746,-1,-7,-115
1754052220.03546,1,-7,-124
1754052220.07146,-6,0,-123
1754052220.10946,-7,-6,-116
1754052220.14746,1,3,-111
1754052220.18546,3,0,-125
1754052220.22146,1,-2,-123
1754052220.26046,-2,-2,-123
1754052220.29746,-6,-1,-117
1754052220.33646,1,0,-114
1754052220.37246,4,-4,-124
1754052220.41046,2,3,-118
1754052220.44846,1,0,-116
1754052220.48746,0,1,-119
1754052220.52346,-1,5,-119
1754052220.56146,3,-2,-131
1754052220.60046,0,0,-126
1754052220.63746,-2,0,-123
1754052220.67646,-4,1,-110
1754052220.71246,-2,-9,-113
1754052220.75046,-1,-3,-114
1754052220.78846,-3,-3,-118
1754052220.82746,-1,-4,-114
1754052220.86346,0,0,-121
1754052220.9014602,0,2,-107
1754052220.93846,2,-3,-117
1754052220.97746,-2,1,-114
1754052221.0134602,6,0,-116
1754052221.05146,7,1,-107
1754052221.0884602,11,-6,-115
1754052221.12746,-1,5,-112
1754052221.16346,3,0,-122
1754052221.20146,-1,2,-121
1754052221.23846,-2,1,-113
1754052221.27746,-1,1,-124
1754052221.31346,-1,0,-132
1754052221.35146,-2,-4,-123
1754052221.38946,0,-6,-125
1754052221.42846,3,-3,-113
1754052221.46646,0,-6,-124
1754052221.50246,-6,-5,-119
1754052221.54046,2,-4,-130
1754052221.57846,-7,-6,-128
1754052221.61746,0,-6,-114
1754052221.65346,4,-3,-120
1754052221.69146,2,3,-120
1754052221.7304602,1,2,-120
1754052221.76846,-2,3,-113
1754052221.80646,-6,-2,-120
1754052221.8424602,-11,2,-117
1754052221.88046,0,2,-119
1754052221.91846,-1,-7,-121
1754052221.9574602,-5,-10,-127
1754052221.9934602,4,-9,-117
1754052222.03146,1,0,-110
1754052222.0694602,0,0,-109
1754052222.1084602,3,-1,-118
1754052222.14646,0,2,-109
1754052222.18246,6,-1,-119
1754052222.2204602,6,3,-121
1754052222.25846,4,1,-112
1754052222.29746,2,-1,-102
1754052222.33346,2,1,-111
1754052222.37046,-2,0,-120
1754052222.40846,0,3,-114
1754052222.4474602,-2,2,-113
1754052222.48446,4,5,-113
1754052222.52146,4,4,-108
1754052222.5594602,7,1,-116
1754052222.5984602,5,-1,-104
1754052222.6344602,3,-7,-106
1754052222.67246,0,-3,-111
1754052222.7104602,-1,-2,-112
1754052222.74846,0,-1,-117
1754052222.78746,5,5,-120
1754052222.82346,6,6,-112
1754052222.8614602,1,1,-109
1754052222.89946,0,1,-120
1754052222.93846,6,-4,-129
1754052222.97446,2,0,-119
1754052223.01246,6,-5,-135
1754052223.05046,3,-3,-122
1754052223.0884602,2,4,-116
1754052223.12746,3,0,-111
1754052223.16346,1,3,-109
1754052223.2004602,8,-4,-116
1754052223.23846,0,0,-112
1754052223.27746,0,2,-117
1754052223.31346,4,-6,-106
1754052223.35146,1,0,-118
1754052223.38946,4,-4,-120
1754052223.42846,-8,0,-124
1754052223.46446,-4,1,-115
1754052223.50246,-2,2,-124
1754052223.54146,-7,-2,-127
1754052223.57946,1,-2,-114
1754052223.61746,4,2,-111
1754052223.65346,1,2,-122
1754052223.69146,0,-6,-124
1754052223.72946,-4,3,-131
1754052223.76746,2,0,-137
1754052223.80346,2,-4,-124
1754052223.84146,7,-2,-121
1754052223.87946,-2,2,-118
1754052223.91846,-4,-3,-111
1754052223.95446,2,-1,-118
1754052223.99246,-1,-8,-118
1754052224.03046,-2,-1,-120
1754052224.0694602,-4,-3,-117
1754052224.10746,0,5,-112
1754052224.14346,5,-3,-106
1754052224.18246,0,1,-117
1754052224.2204602,-4,-6,-116
1754052224.25846,-8,-2,-119
1754052224.29546,-9,2,-123
1754052224.3324602,-9,1,-113
1754052224.37046,-12,3,-116
1754052224.40946,-1,1,-114
1754052224.4474602,-1,2,-112
1754052224.4834602,0,0,-127
1754052224.52046,-4,-5,-127
1754052224.5594602,-2,-5,-116
1754052224.59746,2,-4,-118
1754052224.6344602,0,-4,-121
1754052224.67246,-6,-8,-117
1754052224.7104602,-3,0,-121
1754052224.74946,-2,0,-122
1754052224.78546,8,-2,-126
1754052224.82346,0,1,-121
1754052224.8614602,2,-2,-118
1754052224.90046,0,-6,-118
1754052224.93846,0,-9,-122
1754052224.97446,0,-6,-116
1754052225.01246,-4,0,-111
1754052225.05046,6,3,-116
1754052225.08946,-1,3,-110
1754052225.12546,3,-2,-108
1754052225.16346,0,-5,-117
1754052225.20146,0,-3,-109
1754052225.23946,-3,-5,-110
1754052225.27846,3,1,-113
1754052225.31446,3,-2,-122
1754052225.35346,1,0,-110
1754052225.3914602,-1,2,-124
1754052225.42946,2,-4,-125
1754052225.46846,0,-9,-129
1754052225.50446,6,-7,-125
1754052225.5424602,2,-2,-118
1754052225.58146,9,0,-112
1754052225.61946,-4,0,-115
1754052225.65546,5,1,-116
1754052225.69346,-6,-4,-132
1754052225.73146,5,1,-130
1754052225.77046,-1,4,-117
1754052225.80846,-3,-6,-115
1754052225.84446,-3,-7,-118
1754052225.88246,4,0,-115
1754052225.92046,3,0,-126
1754052225.95946,2,-1,-122
1754052225.99546,0,-2,-116
1754052226.03346,-2,-1,-120
1754052226.07146,5,-2,-127
1754052226.11046,0,0,-118
1754052226.14846,3,-5,-113
1754052226.18546,5,-3,-116
1754052226.22246,3,-2,-112
1754052226.26046,-5,0,-123
1754052226.2994602,-6,-4,-126
1754052226.3354602,1,1,-117
1754052226.37246,7,2,-132
1754052226.41046,3,1,-128
1754052226.44946,3,-1,-116
1754052226.48546,-1,-1,-110
1754052226.52346,0,0,-117
1754052226.5624602,2,2,-106
1754052226.60046,1,-1,-112
1754052226.6384602,0,0,-120
1754052226.6744602,1,0,-128
1754052226.71246,4,4,-127
1754052226.75046,-4,-3,-123
1754052226.7894602,6,-2,-117
1754052226.8254602,2,-1,-125
1754052226.86446,1,6,-123
1754052226.9014602,3,6,-121
1754052226.9404602,7,0,-110
1754052226.97646,-1,1,-109
1754052227.01446,0,0,-110
1754052227.0524602,-1,-3,-105
1754052227.09146,-3,-7,-108
1754052227.12946,-1,-10,-112
1754052227.16546,1,-5,-113
1754052227.20346,-5,1,-112
1754052227.24146,-1,4,-115
1754052227.28046,3,3,-123
1754052227.31646,2,2,-118
1754052227.35346,-3,-8,-110
1754052227.3914602,4,-6,-113
1754052227.43046,6,-1,-109
1754052227.46646,-3,-10,-120
1754052227.50446,-1,-7,-118
1754052227.5424602,6,-2,-119
1754052227.58146,5,-4,-117
1754052227.61946,4,-5,-123
1754052227.65546,5,3,-121
1754052227.69346,-6,5,-121
1754052227.73246,-5,-2,-114
1754052227.77046,-2,-3,-102
1754052227.80646,-4,-1,-116
1754052227.84446,-2,1,-119
1754052227.88246,-6,-4,-106
1754052227.9214602,1,-5,-132
1754052227.95946,6,-1,-121
1754052227.99546,0,-2,-125
1754052228.0324602,3,-4,-121
1754052228.07146,8,-6,-119
1754052228.10946,5,-9,-118
1754052228.14546,1,0,-133
1754052228.18246,4,4,-125
1754052228.22146,4,1,-112
1754052228.2594602,-3,1,-114
1754052228.29546,-4,-1,-107
1754052228.33346,-1,-4,-111
1754052228.3714602,0,-4,-116
1754052228.41046,-2,-8,-121
1754052228.44646,2,-2,-117
1754052228.48446,-2,-1,-119
1754052228.52246,2,6,-131
1754052228.56146,-3,3,-117
1754052228.59946,3,-5,-111
1754052228.63546,8,-2,-115
1754052228.6744602,3,-2,-117
1754052228.71146,-1,0,-116
1754052228.75046,-7,7,-120
1754052228.7864602,-10,1,-121
1754052228.82446,0,4,-112
1754052228.86246,-4,1,-117
1754052228.9014602,1,0,-113
1754052228.9374602,3,-2,-101
1754052228.97546,1,-2,-103
1754052229.0134602,0,6,-112
1754052229.05146,1,-2,-119
1754052229.09046,7,-3,-129
1754052229.12646,-2,0,-128
1754052229.16346,5,0,-125
1754052229.20146,5,0,-122
1754052229.24546,0,0,-141
1754052229.28446,2,4,-124
1754052229.3224602,0,1,-116
1754052229.36046,0,-1,-119
1754052229.39646,5,-7,-125
1754052229.4344602,3,-3,-110
1754052229.47246,0,0,-122
1754052229.51146,2,1,-115
1754052229.54846,2,3,-118
1754052229.5854602,2,-3,-111
1754052229.62346,-1,1,-112
1754052229.6614602,12,0,-116
1754052229.7004602,-1,-3,-128
1754052229.7364602,3,5,-123
1754052229.77346,-2,-1,-111
1754052229.8124602,0,-1,-121
1754052229.85046,-4,3,-113
1754052229.88646,5,-1,-119
1754052229.9244602,5,-2,-119
1754052229.96246,7,-2,-122
1754052230.00146,8,-6,-119
1754052230.03746,4,-7,-123
1754052230.0754602,0,0,-108
1754052230.11346,-2,-2,-113
1754052230.15246,-4,-3,-119
1754052230.1904602,2,-2,-116
1754052230.22646,4,-7,-125
1754052230.26446,0,0,-118
1754052230.3024602,3,-1,-113
1754052230.34146,0,2,-121
1754052230.37746,4,7,-111
1754052230.41546,0,0,-117
1754052230.45346,4,0,-112
1754052230.49246,0,0,-123
1754052230.53046,-4,6,-128
1754052230.56646,0,2,-129
1754052230.6054602,-3,0,-120
1754052230.64246,0,-4,-119
1754052230.68146,-3,0,-130
1754052230.7174602,-3,-2,-132
1754052230.75546,0,2,-120
1754052230.79346,3,2,-110
1754052230.8324602,1,5,-117
1754052230.87046,-1,1,-114
1754052230.90646,1,1,-112
1754052230.94346,4,2,-114
1754052230.98246,7,-4,-121
1754052231.01846,6,2,-114
1754052231.05546,0,3,-122
1754052231.09346,-3,5,-126
1754052231.13246,-5,-2,-126
1754052231.16846,4,-4,-124
1754052231.20646,-1,7,-113
1754052231.24446,0,4,-109
1754052231.2824602,3,0,-122
1754052231.32146,0,5,-125
1754052231.35746,-4,2,-121
1754052231.39646,-6,6,-115
1754052231.4344602,10,1,-128
1754052231.47246,4,3,-126
1754052231.50846,1,-3,-133
1754052231.5464602,3,1,-125
1754052231.58446,4,3,-131
1754052231.62346,-6,-2,-126
1754052231.6614602,-10,-4,-112
1754052231.6974602,-5,-3,-121
1754052231.73546,-2,-4,-113
1754052231.77346,2,1,-116
1754052231.8124602,0,4,-133
1754052231.8484602,7,1,-131
1754052231.88546,9,-4,-126
1754052231.92346,7,0,-123
1754052231.96246,-1,-1,-119
1754052231.99846,-5,1,-112
1754052232.0364602,-1,0,-103
1754052232.07446,-4,-2,-114
1754052232.11346,-4,-5,-117
1754052232.1514602,-9,-9,-116
1754052232.1874602,-8,-4,-119
1754052232.22646,-7,2,-122
1754052232.26446,-5,-1,-123
1754052232.3024602,-5,2,-122
1754052232.3384602,1,0,-124
1754052232.37646,3,-2,-113
1754052232.4144602,2,4,-113
1754052232.45346,4,0,-121
1754052232.49146,6,-3,-107
1754052232.52746,7,0,-116
1754052232.56446,6,0,-125
1754052232.60346,-4,5,-125
1754052232.6414602,-8,-1,-121
1754052232.6774602,-2,-1,-116
1754052232.71546,2,0,-115
1754052232.7534602,-5,-5,-113
1754052232.7924602,-2,-3,-122
1754052232.82846,-2,0,-117
1754052232.8654602,3,-5,-116
1754052232.90346,1,-6,-115
1754052232.94246,4,-7,-131
1754052232.97846,1,-8,-125
1754052233.0164602,1,-2,-106
1754052233.05446,-2,-5,-105
1754052233.09346,1,-5,-121
1754052233.12946,-6,3,-121
1754052233.1674602,2,0,-114
1754052233.20546,6,2,-119
1754052233.2434602,5,-2,-115
1754052233.2824602,6,-3,-115
1754052233.31846,2,-3,-115
1754052233.35646,13,-1,-116
1754052233.3944602,1,3,-126
1754052233.43346,1,0,-118
1754052233.46946,3,-3,-118
1754052233.50746,-2,4,-128
1754052233.54546,2,9,-129
1754052233.58346,0,-1,-122
1754052233.62246,2,4,-125
1754052233.65846,-2,2,-120
1754052233.69646,0,-1,-117
1754052233.73446,0,0,-116
1754052233.77346,-9,-3,-106
1754052233.8094602,2,0,-109
1754052233.84646,3,0,-124
1754052233.8844602,2,-1,-127
1754052233.92346,2,1,-116
1754052233.95946,0,1,-117
1754052233.9964602,-7,1,-117
1754052234.03446,1,7,-120
1754052234.07346,-1,2,-125
1754052234.10946,-2,2,-120
1754052234.14746,7,-7,-116
1754052234.18546,0,-8,-119
1754052234.22446,2,-5,-120
1754052234.26246,-3,-4,-125
1754052234.29846,0,-5,-123
1754052234.33646,3,-2,-115
1754052234.37446,-5,-2,-116
1754052234.41346,3,4,-118
1754052234.44946,6,-2,-113
1754052234.48746,0,0,-119
1754052234.52546,-4,-2,-122
1754052234.56446,3,-1,-114
1754052234.60246,4,2,-125
1754052234.6384602,8,0,-122
1754052234.67546,6,0,-111
1754052234.71446,-2,-3,-120
1754052234.75246,8,0,-105
1754052234.78846,6,-1,-108
1754052234.82646,4,3,-107
1754052234.86446,-1,3,-109
1754052234.90346,3,0,-117
1754052234.93946,4,-2,-115
1754052234.97646,5,-5,-126
1754052235.01446,5,-3,-108
1754052235.05346,3,-1,-109
1754052235.08946,5,-3,-109
1754052235.12746,3,1,-108
1754052235.16546,0,3,-116
1754052235.20446,0,1,-118
1754052235.2404602,1,0,-121
1754052235.27846,5,-4,-128
1754052235.31646,6,-6,-133
1754052235.35446,6,-2,-118
1754052235.39346,1,-6,-111
1754052235.42946,-5,-6,-113
1754052235.4674602,-6,0,-121
1754052235.50546,-4,2,-129
1754052235.54446,2,0,-125
1754052235.58046,5,-1,-129
1754052235.6184602,5,-5,-121
1754052235.65646,-3,-2,-122
1754052235.6944602,-1,0,-117
1754052235.7334602,-2,-2,-118
1754052235.7694602,-9,-1,-111
1754052235.80846,-3,0,-111
1754052235.8454602,-5,0,-117
1754052235.8844602,3,-8,-112
1754052235.9214602,-1,-1,-122
1754052235.95846,1,1,-122
1754052235.9964602,1,1,-112
1754052236.03446,-3,-3,-107
1754052236.07046,0,2,-116
1754052236.1084602,0,-4,-115
1754052236.14646,-6,-3,-115
1754052236.18546,0,-1,-120
1754052236.2234602,-2,-6,-120
1754052236.2594602,7,-4,-127
1754052236.29746,0,7,-127
1754052236.3354602,-5,0,-117
1754052236.37446,-3,0,-125
1754052236.41046,-2,-5,-125
1754052236.44946,2,-1,-125
1754052236.4864602,0,-3,-122
1754052236.52546,-6,0,-118
1754052236.56346,-8,3,-126
1754052236.59946,-4,2,-113
1754052236.63746,5,-1,-118
1754052236.67546,4,-1,-102
1754052236.71446,0,0,-102
1754052236.75046,-1,-2,-109
1754052236.78846,0,-3,-114
1754052236.82646,-2,-5,-127
1754052236.8654602,-1,-6,-125
1754052236.90346,7,-12,-125
1754052236.93946,5,-10,-125
1754052236.97746,1,-9,-115
1754052237.01546,7,-8,-117
1754052237.05446,1,-5,-114
1754052237.09046,-1,-7,-115
1754052237.1284602,-3,4,-119
1754052237.16646,2,0,-111
1754052237.20546,0,-3,-115
1754052237.24146,-5,-3,-113
1754052237.2794602,0,-4,-123
1754052237.31746,3,-3,-123
1754052237.3554602,-3,0,-122
1754052237.3944602,3,2,-115
1754052237.43046,0,-3,-110
1754052237.46846,-1,3,-109
1754052237.5064602,-3,0,-118
1754052237.54546,6,-3,-113
1754052237.58146,6,-2,-122
1754052237.61946,-3,4,-126
1754052237.6574602,1,0,-129
1754052237.69546,2,2,-125
1754052237.73446,-2,0,-118
1754052237.77046,0,-3,-112
1754052237.80846,6,-5,-113
1754052237.84646,9,-3,-109
1754052237.88546,2,1,-121
1754052237.9214602,-1,0,-120
1754052237.9604602,1,-4,-125
1754052237.99746,1,-1,-115
1754052238.03546,2,-3,-113
1754052238.07446,3,0,-121
1754052238.11046,0,-2,-116
1754052238.14846,2,-4,-117
1754052238.1874602,5,-2,-124
1754052238.22546,0,2,-104
1754052238.26146,3,0,-108
1754052238.29846,1,-2,-118
1754052238.33746,1,-1,-120
1754052238.37546,1,0,-107
1754052238.4114602,-2,-6,-105
1754052238.44946,1,-1,-111
1754052238.48746,1,-4,-109
1754052238.5264602,0,-5,-114
1754052238.56446,3,0,-110
1754052238.60046,3,-4,-119
1754052238.6384602,2,-1,-131
1754052238.67646,3,-5,-119
1754052238.71546,4,1,-115
1754052238.75146,-2,-4,-119
1754052238.7894602,0,0,-114
1754052238.82846,6,-3,-119
1754052238.86646,-3,-3,-118
1754052238.9044602,-4,-2,-111
1754052238.9404602,-3,-2,-120
1754052238.97846,0,0,-118
1754052239.0164602,0,-2,-126
1754052239.05546,3,-9,-119
1754052239.09146,-3,-6,-122
1754052239.12946,-2,-1,-124
1754052239.1674602,1,-1,-112
1754052239.20646,0,0,-115
1754052239.25046,1,4,-120
1754052239.28846,-3,0,-119
1754052239.32646,-7,1,-121
1754052239.3654602,-5,-1,-121
1754052239.4014602,-3,-5,-124
1754052239.43946,2,-5,-116
1754052239.47746,8,-8,-117
1754052239.5164602,1,-2,-123
1754052239.5524602,-2,-1,-117
1754052239.59046,1,-5,-128
1754052239.6284602,2,0,-119
1754052239.66646,0,5,-116
1754052239.70546,6,5,-122
1754052239.74146,7,1,-108
1754052239.77846,4,-8,-117
1754052239.81646,1,-4,-116
1754052239.8554602,-1,0,-115
1754052239.8914602,1,1,-118
1754052239.92846,-3,-7,-123
1754052239.96646,-9,-6,-122
1754052240.00546,0,-5,-124
1754052240.04146,2,-2,-121
1754052240.07946,1,-8,-118
1754052240.1184602,7,-4,-113
1754052240.15646,2,-1,-114
1754052240.19246,-2,-4,-118
1754052240.2304602,0,-1,-118
1754052240.26846,-2,-4,-113
1754052240.30746,2,-7,-119
1754052240.3454602,1,-3,-119
1754052240.3814602,3,3,-111
1754052240.41846,2,11,-118
1754052240.4574602,1,8,-122
1754052240.49546,-1,1,-122
1754052240.53146,0,-2,-134
1754052240.5694602,7,-4,-127
1754052240.60746,5,2,-128
1754052240.64546,8,0,-128
1754052240.68146,8,-12,-121
1754052240.71946,8,-6,-115
1754052240.75746,2,-1,-111
1754052240.7964602,0,-7,-106
1754052240.8324602,1,-6,-113
1754052240.87046,-2,0,-116
1754052240.90946,-4,1,-119
1754052240.9474602,2,0,-117
1754052240.98546,1,4,-113
1754052241.02146,-1,0,-114
1754052241.0594602,-2,1,-110
1754052241.09746,5,-9,-117
1754052241.13646,-3,-4,-119
1754052241.17246,-4,-1,-127
1754052241.2104602,-6,0,-118
1754052241.24846,-4,-6,-115
1754052241.28746,-2,0,-124
1754052241.3254602,1,-1,-122
1754052241.3614602,7,-5,-109
1754052241.39946,-1,-4,-115
1754052241.4374602,1,0,-109
1754052241.47646,0,-8,-119
1754052241.51246,0,-6,-119
1754052241.55046,-1,-5,-116
1754052241.5884602,1,0,-110
1754052241.62746,0,-7,-108
1754052241.66346,-1,-7,-116
1754052241.70246,2,-3,-124
1754052241.73946,2,0,-107
1754052241.77746,0,-1,-112
1754052241.81646,-5,1,-120
1754052241.85246,-5,-2,-107
1754052241.89046,-4,-1,-108
1754052241.92846,-4,-1,-121
1754052241.9674602,1,0,-132
1754052242.0034602,-2,-8,-126
1754052242.04146,-1,-6,-121
1754052242.07946,-2,-1,-121
1754052242.11746,-4,3,-122
1754052242.15646,0,3,-112
1754052242.19246,-2,6,-113
1754052242.2304602,-9,3,-108
1754052242.26846,5,-2,-112
1754052242.30746,-2,-5,-111
1754052242.34346,-1,-2,-114
1754052242.3814602,-8,2,-121
1754052242.41946,0,2,-125
1754052242.45846,-4,-1,-117
1754052242.4964602,0,0,-114
1754052242.5324602,0,5,-113
1754052242.57046,-10,-4,-119
1754052242.6084602,-1,0,-130
1754052242.64746,1,1,-120
1754052242.68346,0,3,-115
1754052242.7204602,0,-4,-114
1754052242.75846,-1,-3,-109
1754052242.79746,0,0,-109
1754052242.83346,6,-4,-115
1754052242.87246,4,-8,-123
1754052242.90946,-3,5,-119
1754052242.94846,-2,-3,-121
1754052242.9864602,-7,-2,-116
1754052243.02246,-3,0,-116
1754052243.0594602,1,2,-126
1754052243.0984602,3,-7,-112
1754052243.13646,-1,-5,-115
1754052243.17246,-6,-2,-111
1754052243.2104602,-4,0,-104
1754052243.24846,-2,-2,-111
1754052243.28746,0,-5,-117
1754052243.32346,5,2,-114
1754052243.3614602,5,-1,-110
1754052243.39946,6,-3,-114
1754052243.43846,-5,0,-126
1754052243.47446,-1,0,-129
1754052243.51246,7,0,-129
1754052243.55146,4,-4,-118
1754052243.5884602,6,-3,-119
1754052243.62746,8,0,-120
1754052243.66346,4,2,-118
1754052243.70146,-3,-10,-115
1754052243.73846,-5,-15,-135
1754052243.77746,5,-12,-122
1754052243.81346,1,-11,-127
1754052243.85146,0,-14,-123
1754052243.88946,0,-11,-122
1754052243.92846,-2,0,-116
1754052243.96446,0,-1,-114
1754052244.00246,2,5,-109
1754052244.04046,0,0,-109
1754052244.07846,-8,-1,-103
1754052244.11746,0,1,-110
1754052244.15346,0,0,-110
1754052244.1904602,5,0,-114
1754052244.22946,0,1,-98
1754052244.26746,-5,2,-116
1754052244.30346,-1,-1,-107
1754052244.3424602,-1,2,-105
1754052244.37946,4,3,-115
1754052244.41846,-6,0,-119
1754052244.45446,-2,-2,-123
1754052244.49246,4,-7,-114
1754052244.53046,1,0,-106
1754052244.5694602,-7,-5,-130
1754052244.60746,-2,0,-120
1754052244.6444602,-2,0,-118
1754052244.68146,-6,0,-117
1754052244.71946,0,-2,-123
1754052244.75846,-1,-1,-123
1754052244.79446,0,1,-126
1754052244.83146,-5,-6,-115
1754052244.86946,-6,-3,-111
1754052244.90846,2,2,-108
1754052244.9444602,1,-3,-112
1754052244.98246,-3,-5,-114
1754052245.02146,-2,-5,-122
1754052245.0594602,-3,-7,-121
1754052245.09746,5,3,-111
1754052245.13346,4,4,-115
1754052245.1714602,-4,1,-115
1754052245.20946,0,-5,-108
1754052245.24846,1,4,-122
1754052245.28446,-7,-2,-119
1754052245.3224602,-8,-6,-111
1754052245.36046,2,-1,-109
1754052245.39946,-3,-1,-126
1754052245.4374602,0,0,-110
1754052245.4734602,0,0,-117
1754052245.51046,3,-2,-120
1754052245.5494602,-1,-6,-108
1754052245.58746,8,-5,-125
1754052245.62346,10,-2,-120
1754052245.6614602,10,-3,-123
1754052245.7004602,9,-8,-116
1754052245.73846,13,0,-108
1754052245.77446,9,2,-117
1754052245.81146,9,1,-119
1754052245.85046,-6,0,-114
1754052245.8884602,0,0,-119
1754052245.9244602,6,-4,-116
1754052245.96246,0,-6,-125
1754052246.00046,2,-6,-115
1754052246.0394602,5,-3,-111
1754052246.0754602,2,-1,-118
1754052246.11346,-1,-11,-125
1754052246.1514602,-3,-8,-113
1754052246.18946,7,-2,-133
1754052246.22846,2,0,-125
1754052246.26446,5,1,-125
1754052246.3024602,-6,-1,-118
1754052246.34046,-6,-7,-115
1754052246.37946,-4,0,-119
1754052246.41546,0,1,-129
1754052246.45246,3,8,-118
1754052246.4904602,-5,-3,-107
1754052246.5294602,-6,-9,-121
1754052246.5654602,1,-2,-120
1754052246.60346,0,-5,-117
1754052246.6414602,6,-4,-116
1754052246.68046,3,0,-119
1754052246.71846,2,3,-115
1754052246.75446,4,5,-123
1754052246.79146,-1,6,-109
1754052246.83046,-3,5,-115
1754052246.8684602,6,-2,-115
1754052246.9044602,3,-1,-111
1754052246.94246,9,-3,-108
1754052246.9804602,-5,0,-111
1754052247.0194602,-6,-2,-113
1754052247.05546,-11,0,-125
1754052247.09446,5,-7,-128
1754052247.1314602,8,-7,-116
1754052247.17046,2,3,-115
1754052247.20846,2,0,-117
1754052247.24446,6,-4,-121
1754052247.28346,7,3,-118
1754052247.32046,-2,-2,-121
1754052247.35946,5,1,-109
1754052247.39546,5,0,-108
1754052247.43346,0,3,-109
1754052247.4704602,1,0,-111
1754052247.5094602,-13,-5,-115
1754052247.54546,-1,1,-113
1754052247.58346,-1,7,-113
1754052247.6214602,1,-3,-117
1754052247.66046,-2,0,-107
1754052247.69646,-1,0,-120
1754052247.7334602,0,-3,-113
1754052247.77146,5,5,-117
1754052247.81046,-1,0,-117
1754052247.84646,-1,-1,-117
1754052247.8844602,-7,-1,-109
1754052247.92246,-2,-4,-118
1754052247.9604602,0,-5,-119
1754052247.99946,1,-4,-121
1754052248.03546,10,-3,-104
1754052248.07346,8,3,-101
1754052248.1114602,1,-1,-107
1754052248.15046,6,-3,-121
1754052248.18646,-1,-4,-124
1754052248.22446,-6,-3,-115
1754052248.26246,-2,-8,-110
1754052248.30046,-3,1,-115
1754052248.33946,-8,3,-123
1754052248.37546,-7,8,-118
1754052248.41346,3,0,-116
1754052248.45146,4,0,-120
1754052248.4904602,-6,-4,-117
1754052248.5264602,-2,-3,-117
1754052248.56446,2,-5,-114
1754052248.60246,1,-3,-115
1754052248.6414602,-1,-7,-115
1754052248.67946,3,-6,-110
1754052248.71546,7,-3,-118
1754052248.7534602,2,-1,-121
1754052248.79146,4,-2,-111
1754052248.83046,0,-5,-110
1754052248.86646,3,-4,-108
1754052248.9044602,1,4,-113
1754052248.94246,0,2,-113
1754052248.98146,0,5,-120
1754052249.0194602,2,2,-111
1754052249.05546,2,0,-117
1754052249.09346,-4,4,-121
1754052249.13246,1,-3,-119
1754052249.17046,-3,-4,-117
1754052249.20646,0,-1,-104
1754052249.24446,0,0,-113
1754052249.29046,0,-6,-123
1754052249.32646,-3,-5,-121
1754052249.36446,2,-4,-117
1754052249.40246,2,-1,-124
1754052249.44146,-1,-1,-122
1754052249.47946,-6,-9,-122
1754052249.51546,-10,-10,-124
1754052249.55346,-5,-1,-129
1754052249.59146,-1,-4,-112
1754052249.63046,-1,-4,-119
1754052249.66646,-2,-1,-118
1754052249.70446,-11,-1,-116
1754052249.74246,-5,1,-110
1754052249.78146,-2,2,-121
1754052249.81746,-1,4,-115
1754052249.85646,-4,3,-123
1754052249.89346,-3,-1,-114
1754052249.93146,4,0,-112
1754052249.9704602,1,-5,-119
1754052250.0064602,-1,-9,-109
1754052250.04446,5,0,-122
1754052250.0824602,-1,-1,-117
1754052250.1214602,-1,-1,-121
1754052250.1574602,0,-4,-126
1754052250.19546,9,-14,-127
1754052250.2334602,12,-9,-124
1754052250.27146,11,4,-121
1754052250.31046,8,3,-118
1754052250.34646,5,1,-109
1754052250.38546,-2,-3,-116
1754052250.42246,2,-8,-125
1754052250.46146,-1,-5,-107
1754052250.49746,-4,0,-112
1754052250.53546,7,0,-106
1754052250.57346,2,1,-115
1754052250.61246,0,-4,-116
1754052250.65046,8,-3,-134
1754052250.68646,1,1,-128
1754052250.7234602,-4,0,-125
1754052250.76246,5,-2,-116
1754052250.80046,2,-2,-122
1754052250.83646,-5,4,-114
1754052250.87446,0,4,-117
1754052250.91246,-3,1,-110
1754052250.95146,0,-2,-126
1754052250.98746,-7,-6,-117
1754052251.02546,-2,6,-114
1754052251.06346,-3,2,-124
1754052251.10246,-5,0,-132
1754052251.14046,-7,-2,-134
1754052251.17646,-1,0,-116
1754052251.21446,0,-4,-110
1754052251.25246,6,2,-117
1754052251.29146,0,-1,-110
1754052251.32746,-2,-1,-108
1754052251.3654602,-6,0,-124
1754052251.40346,0,-1,-129
1754052251.44246,1,1,-125
1754052251.4804602,-7,3,-121
1754052251.5164602,-1,0,-115
1754052251.55446,-2,-3,-119
1754052251.5924602,-4,0,-111
1754052251.6314602,0,-5,-110
1754052251.6674602,4,-7,-107
1754052251.70546,9,2,-118
1754052251.7434602,-2,0,-121
1754052251.7824602,3,3,-125
1754052251.81846,4,0,-133
1754052251.8554602,7,-4,-117
1754052251.89346,2,0,-118
1754052251.93246,1,-3,-123
1754052251.96846,2,-1,-116
1754052252.0064602,0,-2,-121
1754052252.04446,7,2,-118
1754052252.0824602,-3,0,-120
1754052252.1214602,0,3,-128
1754052252.1574602,0,-9,-138
1754052252.1944602,-2,0,-133
1754052252.23246,-1,-2,-129
1754052252.27146,1,-2,-126
1754052252.30746,3,-3,-125
1754052252.3454602,1,0,-115
1754052252.3844602,6,1,-108
1754052252.42246,3,3,-107
1754052252.45846,2,0,-104
1754052252.49546,2,7,-118
1754052252.53446,0,1,-114
1754052252.5724602,0,-10,-118
1754052252.6084602,1,-2,-113
1754052252.64746,7,-2,-118
1754052252.6844602,0,-8,-111
1754052252.7234602,-3,-2,-124
1754052252.76146,-8,0,-111
1754052252.79746,0,-3,-119
1754052252.8354602,-4,-4,-124
1754052252.87346,-3,-1,-118
1754052252.91246,-5,-11,-127
1754052252.94846,-6,0,-134
1754052252.9864602,0,3,-117
1754052253.02546,0,-4,-120
1754052253.06346,-1,-4,-118
1754052253.10146,2,-6,-118
1754052253.13746,1,-6,-116
1754052253.17546,-3,0,-108
1754052253.2134602,-1,-2,-114
1754052253.25246,-9,1,-117
1754052253.28846,0,0,-117
1754052253.3254602,-3,-6,-119
1754052253.36346,0,-4,-120
1754052253.40246,-5,0,-121
1754052253.43846,-2,0,-114
1754052253.47646,0,-5,-124
1754052253.51446,3,-7,-128
1754052253.55346,0,-5,-117
1754052253.59146,0,0,-119
1754052253.62746,7,0,-110
1754052253.66546,6,1,-113
1754052253.70446,7,-5,-122
1754052253.74246,8,4,-113
1754052253.77846,8,4,-117
1754052253.8154602,-7,0,-115
1754052253.85346,-2,1,-110
1754052253.89246,-5,-2,-121
1754052253.92846,0,2,-128
1754052253.96546,7,-7,-121
1754052254.00446,2,-3,-125
1754052254.0424602,-7,0,-123
1754052254.07846,-7,0,-112
1754052254.11646,-5,-1,-119
1754052254.1544602,-2,-5,-117
1754052254.19346,-5,-2,-117
1754052254.22946,-6,-2,-114
1754052254.26746,-1,-4,-113
1754052254.30546,0,1,-114
1754052254.34346,0,0,-109
1754052254.38246,2,0,-107
1754052254.41846,2,-4,-109
1754052254.45646,-1,-2,-104
1754052254.49446,0,2,-101
1754052254.53346,7,-4,-108
1754052254.5694602,-2,-6,-115
1754052254.60746,-1,-1,-120
1754052254.64646,7,-5,-129
1754052254.68346,6,0,-125
1754052254.72246,5,3,-116
1754052254.75846,2,-8,-121
1754052254.7964602,2,-5,-130
1754052254.83446,2,-1,-121
1754052254.87346,2,3,-122
1754052254.90946,12,1,-124
1754052254.94646,1,1,-123
1754052254.98446,-4,-2,-124
1754052255.02346,-1,-5,-113
1754052255.0594602,2,-2,-122
1754052255.09746,1,0,-113
1754052255.13546,3,8,-119
1754052255.1744602,-5,2,-121
1754052255.21246,0,8,-118
1754052255.24846,-3,4,-114
1754052255.28546,0,5,-111
1754052255.32446,-6,1,-103
1754052255.36246,-8,-5,-119
1754052255.39846,-7,-6,-118
1754052255.43646,0,-4,-113
1754052255.47446,0,-7,-113
1754052255.5134602,4,-10,-105
1754052255.5494602,2,-11,-111
1754052255.58746,0,-9,-119
1754052255.62546,-1,-8,-106
1754052255.6644602,4,-5,-104
1754052255.70246,14,0,-119
1754052255.73846,10,-3,-119
1754052255.7764602,5,3,-115
1754052255.81446,4,-1,-113
1754052255.85346,0,-3,-118
1754052255.88946,0,-10,-120
1754052255.9274602,0,-4,-113
1754052255.96546,0,-2,-112
1754052256.00446,-4,2,-110
1754052256.04046,0,-7,-107
1754052256.07946,-1,-5,-112
1754052256.11646,-4,-3,-120
1754052256.1544602,7,0,-124
1754052256.19346,4,8,-124
1754052256.22946,4,9,-118
1754052256.2664602,3,1,-125
1754052256.30446,-4,2,-123
1754052256.34346,-4,3,-130
1754052256.37946,4,-1,-118
1754052256.4174602,9,-6,-126
1754052256.45546,6,0,-125
1754052256.49446,1,0,-110
1754052256.53046,3,-2,-110
1754052256.56846,3,-4,-120
1754052256.60646,4,0,-131
1754052256.64546,0,-6,-130
1754052256.68346,0,-2,-122
1754052256.71946,2,-3,-122
1754052256.75746,0,-9,-125
1754052256.79546,-6,0,-122
1754052256.83446,-3,-4,-105
1754052256.87046,-3,-2,-115
1754052256.90846,-3,-1,-121
1754052256.94646,3,-3,-130
1754052256.98546,3,-1,-125
1754052257.02346,0,2,-115
1754052257.0594602,-1,1,-121
1754052257.09746,-8,-1,-120
1754052257.13546,5,-1,-122
1754052257.1744602,0,-1,-112
1754052257.2104602,6,-3,-109
1754052257.24846,4,1,-109
1754052257.2864602,7,0,-103
1754052257.3254602,3,1,-118
1754052257.36346,2,-4,-120
1754052257.39946,-3,-5,-129
1754052257.4374602,-3,-2,-125
1754052257.47546,-4,-1,-125
1754052257.51446,1,-4,-122
1754052257.55046,5,-3,-120
1754052257.58946,-7,-1,-123
1754052257.62646,0,0,-111
1754052257.66546,-4,0,-121
1754052257.70346,0,-2,-111
1754052257.73946,1,0,-118
1754052257.7764602,-6,4,-114
1754052257.8154602,1,5,-117
1754052257.85446,0,3,-114
1754052257.89046,-2,1,-127
1754052257.92846,1,0,-118
1754052257.96646,0,7,-111
1754052258.00546,6,-6,-102
1754052258.04146,9,1,-109
1754052258.07846,8,-2,-112
1754052258.11646,-3,-3,-113
1754052258.15546,1,3,-119
1754052258.19146,6,-3,-120
1754052258.22946,4,-3,-121
1754052258.26746,0,0,-114
1754052258.30546,-7,5,-118
1754052258.34446,-5,3,-107
1754052258.38046,-3,1,-115
1754052258.41846,0,0,-121
1754052258.45646,1,0,-114
1754052258.49546,-3,0,-105
1754052258.53146,-1,3,-120
1754052258.5694602,-2,0,-128
1754052258.60746,0,-3,-117
1754052258.64546,0,1,-115
1754052258.6844602,5,1,-122
1754052258.7204602,12,2,-114
1754052258.75846,0,-2,-108
1754052258.7964602,-4,-6,-119
1754052258.8354602,5,0,-119
1754052258.8714602,0,-7,-120
1754052258.90946,-5,-10,-119
1754052258.94646,-3,-14,-119
1754052258.98546,-1,-2,-118
1754052259.02146,0,-2,-120
1754052259.05846,-7,-2,-109
1754052259.09646,-13,-5,-108
1754052259.13546,-3,0,-122
1754052259.1714602,-1,0,-116
1754052259.20846,-6,6,-114
1754052259.24746,0,0,-119
1754052259.29046,6,2,-118
1754052259.32946,1,1,-117
1754052259.36646,0,-1,-118
1754052259.40546,9,-1,-121
1754052259.44246,-1,-4,-115
1754052259.47946,-2,-1,-122
1754052259.51746,0,-6,-113
1754052259.55646,-2,2,-116
1754052259.5954602,2,0,-121
1754052259.6314602,1,-3,-109
1754052259.66946,6,-2,-121
1754052259.7074602,2,3,-118
1754052259.7464602,2,3,-119
1754052259.78446,1,-4,-121
1754052259.82046,-3,0,-121
1754052259.85946,3,8,-113
1754052259.89646,-11,0,-109
1754052259.93546,-5,-2,-114
1754052259.97146,2,-5,-114
1754052260.01046,8,-2,-117
1754052260.04746,0,0,-107
1754052260.08646,-1,-4,-113
1754052260.12246,0,-5,-115
1754052260.16046,2,-4,-114
1754052260.19846,3,-8,-113
1754052260.2364602,6,1,-112
1754052260.27546,2,-4,-113
1754052260.31146,4,0,-113
1754052260.3484602,-1,-2,-119
1754052260.38646,3,0,-107
1754052260.42546,7,-2,-114
1754052260.46146,3,0,-111
1754052260.49946,0,0,-110
1754052260.5364602,2,-4,-112
1754052260.5754602,7,0,-109
1754052260.6114602,-1,0,-120
1754052260.64946,7,-4,-119
1754052260.6874602,1,-1,-140
1754052260.72646,-2,2,-117
1754052260.76246,0,-1,-122
1754052260.80046,6,-1,-120
1754052260.8384602,-1,1,-121
1754052260.87646,1,3,-123
1754052260.91546,-5,2,-120
1754052260.95146,-2,-2,-114
1754052260.98946,4,0,-119
1754052261.02746,-4,2,-126
1754052261.06646,0,2,-123
1754052261.10246,0,1,-109
1754052261.14046,-3,0,-113
1754052261.17846,3,-1,-110
1754052261.2174602,3,4,-121
1754052261.25546,-2,-1,-130
1754052261.29146,1,-4,-109
1754052261.32946,0,0,-112
1754052261.36746,-2,0,-110
1754052261.40646,-9,1,-114
1754052261.44246,-1,4,-128
1754052261.4804602,8,3,-122
1754052261.51846,4,-1,-122
1754052261.55746,0,-7,-126
1754052261.5954602,0,-11,-120
1754052261.6314602,3,-8,-112
1754052261.66946,-1,-9,-121
1754052261.7074602,0,-3,-115
1754052261.7464602,5,-1,-126
1754052261.7824602,-3,0,-124
1754052261.82046,4,-7,-122
1754052261.85946,-7,-5,-120
1754052261.89746,5,-6,-119
1754052261.93546,3,-5,-117
1754052261.97146,4,-1,-121
1754052262.0094602,-6,8,-116
1754052262.04746,-1,2,-126
1754052262.08646,-1,3,-123
1754052262.12246,0,0,-115
1754052262.16046,-1,0,-121
1754052262.19846,-2,3,-108
1754052262.23746,-2,-5,-119
1754052262.27346,2,-6,-116
1754052262.31146,1,0,-117
1754052262.35046,-2,0,-117
1754052262.38746,1,0,-113
1754052262.42646,8,0,-123
1754052262.46246,2,0,-131
1754052262.49946,5,-1,-121
1754052262.53746,4,0,-124
1754052262.57646,-4,-5,-114
1754052262.61246,8,1,-116
1754052262.65046,-1,1,-117
1754052262.6874602,0,-1,-125
1754052262.72646,-1,2,-124
1754052262.76246,0,4,-116
1754052262.80046,0,0,-103
1754052262.83746,0,0,-115
1754052262.87646,5,0,-127
1754052262.91246,-1,0,-125
1754052262.9504602,3,-5,-122
1754052262.98846,3,-9,-122
1754052263.02746,6,-6,-119
1754052263.06346,2,1,-122
1754052263.10046,-3,1,-124
1754052263.1384602,-2,3,-110
1754052263.1774602,-3,2,-111
1754052263.2134602,0,-1,-113
1754052263.25146,3,-6,-116
1754052263.2894602,-2,-8,-117
1754052263.32846,0,-6,-126
1754052263.36646,-5,0,-115
1754052263.40246,-5,-1,-118
1754052263.4404602,0,4,-127
1754052263.47846,4,0,-117
1754052263.51746,3,4,-106
1754052263.55346,-6,-3,-122
1754052263.59146,-4,4,-118
1754052263.62946,-3,1,-115
1754052263.66846,-4,-6,-116
1754052263.70646,0,-5,-111
1754052263.74246,-5,-3,-112
1754052263.78046,-1,-8,-118
1754052263.81846,0,-4,-127
1754052263.85746,-1,-3,-126
1754052263.8944602,-7,-1,-123
1754052263.93246,0,0,-117
1754052263.96946,0,1,-125
1754052264.00846,-4,3,-112
1754052264.0464602,5,4,-116
1754052264.0824602,3,2,-118
1754052264.11946,-6,-8,-113
1754052264.15846,-1,-4,-120
1754052264.19646,0,-7,-114
1754052264.23246,6,0,-118
1754052264.27046,2,2,-126
1754052264.30846,0,0,-114
1754052264.34746,0,6,-105
1754052264.38346,-7,2,-104
1754052264.42046,0,0,-115
1754052264.45846,-1,-1,-118
1754052264.49746,-4,-2,-121
1754052264.53346,2,1,-118
1754052264.57046,-1,1,-108
1754052264.6084602,8,-1,-92
1754052264.64746,13,-5,-111
1754052264.68346,1,-3,-114
1754052264.72146,2,-1,-114
1754052264.7594602,0,0,-110
1754052264.79846,-3,-1,-117
1754052264.83446,1,-8,-111
1754052264.87246,3,-4,-111
1754052264.9114602,7,0,-119
1754052264.94846,7,2,-117
1754052264.98746,-2,-6,-109
1754052265.02346,-1,1,-107
1754052265.06146,3,2,-113
1754052265.09946,6,-9,-116
1754052265.1384602,4,0,-119
1754052265.1744602,13,0,-126
1754052265.21146,11,-3,-120
1754052265.24946,4,0,-110
1754052265.28846,-3,-4,-120
1754052265.32446,3,0,-125
1754052265.3614602,-1,-1,-115
1754052265.39946,0,-2,-127
1754052265.43846,-1,0,-120
1754052265.47446,-2,0,-110
1754052265.51246,6,-8,-115
1754052265.55046,3,0,-128
1754052265.58946,3,-1,-119
1754052265.62746,-9,-1,-128
1754052265.66346,-3,-4,-122
1754052265.70146,-3,0,-116
1754052265.73946,2,9,-127
1754052265.77846,1,10,-118
1754052265.81446,5,6,-117
1754052265.85246,0,-2,-120
1754052265.88946,1,-3,-117
1754052265.92846,-9,0,-119
1754052265.96446,1,-1,-122
1754052266.00246,0,-1,-121
1754052266.04046,2,-5,-110
1754052266.07946,6,-4,-125
1754052266.11746,-3,-2,-119
1754052266.15346,2,-1,-127
1754052266.19146,-7,0,-119
1754052266.22946,-1,7,-125
1754052266.26846,6,1,-116
1754052266.30446,4,0,-117
1754052266.3424602,2,-4,-128
1754052266.38046,1,-1,-119
1754052266.41946,2,0,-108
1754052266.45546,-1,-7,-115
1754052266.4934602,6,0,-116
1754052266.53146,-1,2,-123
1754052266.5694602,-3,-3,-110
1754052266.6084602,-3,-5,-111
1754052266.6444602,0,0,-123
1754052266.68146,3,1,-128
1754052266.71946,5,1,-127
1754052266.75846,0,-9,-112
1754052266.79446,6,2,-113
1754052266.83146,10,-3,-124
1754052266.86946,4,-1,-128
1754052266.90846,-8,2,-119
1754052266.9444602,4,-1,-117
1754052266.98246,11,1,-117
1754052267.02046,0,2,-119
1754052267.0594602,5,0,-116
1754052267.0954602,3,0,-104
1754052267.13346,3,1,-105
1754052267.1714602,0,0,-109
1754052267.2104602,0,3,-108
1754052267.24846,4,-4,-104
1754052267.28446,-5,0,-119
1754052267.32346,1,-1,-123
1754052267.36046,-2,-8,-121
1754052267.39946,7,5,-124
1754052267.43546,3,0,-126
1754052267.4734602,-2,0,-120
1754052267.51046,-8,4,-119
1754052267.5494602,-5,3,-117
1754052267.5854602,0,3,-124
1754052267.62346,2,1,-112
1754052267.66046,-2,-8,-111
1754052267.69946,-2,-6,-114
1754052267.73546,-6,-11,-117
1754052267.77346,-8,-3,-115
1754052267.81146,3,-6,-113
1754052267.85046,6,-5,-119
1754052267.8884602,13,0,-131
1754052267.9244602,6,-1,-132
1754052267.96246,0,4,-128
1754052268.00146,-3,1,-118
1754052268.0394602,2,0,-129
1754052268.0754602,13,0,-123
1754052268.11246,-4,1,-119
1754052268.15046,-1,0,-133
1754052268.18946,0,3,-123
1754052268.22546,-6,-2,-115
1754052268.26446,7,1,-113
1754052268.30146,-3,-7,-118
1754052268.34046,1,-1,-122
1754052268.3784602,-1,3,-114
1754052268.41546,2,1,-120
1754052268.45246,-2,-3,-120
1754052268.4904602,1,-1,-124
1754052268.5294602,5,-4,-127
1754052268.5654602,3,-5,-114
1754052268.60346,7,0,-122
1754052268.6414602,1,-1,-128
1754052268.68046,4,-1,-128
1754052268.71646,-3,1,-121
1754052268.75446,0,3,-126
1754052268.7924602,0,0,-116
1754052268.83046,-7,-3,-125
1754052268.86946,-6,-3,-124
1754052268.90546,-3,-7,-124
1754052268.94346,7,-1,-127
1754052268.98146,-2,0,-120
1754052269.02046,-2,-9,-123
1754052269.05646,3,-3,-120
1754052269.09446,6,-5,-130
1754052269.13246,3,-11,-121
1754052269.17046,2,0,-117
1754052269.20946,6,1,-116
1754052269.24546,4,-4,-118
1754052269.28446,3,-4,-114
1754052269.32946,-5,-3,-103
1754052269.3654602,1,-4,-115
1754052269.40346,0,-11,-122
1754052269.44146,-3,2,-116
1754052269.4804602,0,0,-119
1754052269.5164602,-1,0,-118
1754052269.55346,-2,-2,-130
1754052269.59146,-4,-3,-126
1754052269.63046,0,-8,-120
1754052269.66646,2,-8,-115
1754052269.70446,3,-2,-121
1754052269.7434602,6,4,-120
1754052269.78146,0,2,-120
1754052269.8194602,6,-2,-119
1754052269.85646,8,-1,-120
1754052269.89346,9,-3,-128
1754052269.93146,3,0,-114
1754052269.9704602,-2,-4,-116
1754052270.0064602,-2,-4,-116
1754052270.04446,0,-1,-116
1754052270.0824602,-2,1,-114
1754052270.1214602,5,4,-124
1754052270.15946,-1,0,-123
1754052270.19546,1,-4,-117
1754052270.23446,4,-1,-117
1754052270.27246,-2,1,-127
1754052270.31046,1,2,-120
1754052270.34646,-11,0,-120
1754052270.3844602,0,-1,-110
1754052270.42246,3,-7,-106
1754052270.46146,-3,0,-124
1754052270.49946,-6,2,-112
1754052270.53546,-7,-2,-111
1754052270.57346,0,3,-115
1754052270.61246,3,3,-125
1754052270.65046,-4,3,-128
1754052270.68646,-4,2,-132
1754052270.72446,2,9,-130
1754052270.76246,-5,3,-120
1754052270.80146,-10,1,-112
1754052270.83746,0,-1,-111
1754052270.87646,-2,0,-116
1754052270.91346,-8,0,-126
1754052270.95146,-3,8,-127
1754052270.9904602,-1,3,-121
1754052271.0264602,-4,5,-128
1754052271.06446,0,-5,-119
1754052271.10246,7,0,-120
1754052271.1414602,2,-2,-121
1754052271.1774602,6,-1,-114
1754052271.21546,-2,2,-130
1754052271.2534602,-3,0,-117
1754052271.29146,-2,-6,-128
1754052271.33046,5,-3,-122
1754052271.36646,5,-2,-123
1754052271.40546,-3,2,-115
1754052271.44246,2,2,-118
1754052271.48146,-6,-7,-110
1754052271.51746,-6,-4,-118
1754052271.55546,2,4,-114
1754052271.59346,0,0,-115
1754052271.63246,-1,-3,-116
1754052271.67046,-5,0,-121
1754052271.70646,5,0,-122
1754052271.7434602,-1,-4,-117
1754052271.7824602,3,-3,-135
1754052271.82046,7,-1,-118
1754052271.85646,6,1,-124
1754052271.89346,5,0,-118
1754052271.93246,6,-3,-131
1754052271.9704602,-1,2,-126
1754052272.0064602,1,-1,-126
1754052272.04546,-1,-4,-122
1754052272.0824602,2,-6,-133
1754052272.1214602,0,0,-114
1754052272.15846,-2,1,-116
1754052272.19546,-2,-5,-119
1754052272.2334602,4,-5,-125
1754052272.27246,1,-4,-128
1754052272.31046,-4,0,-115
1754052272.34646,-4,-6,-120
1754052272.3844602,3,2,-123
1754052272.42246,3,-6,-121
1754052272.46146,-1,-4,-129
1754052272.49746,2,2,-123
1754052272.53446,0,3,-115
1754052272.5724602,6,2,-116
1754052272.6114602,8,3,-122
1754052272.64746,1,-5,-123
1754052272.68546,4,-3,-123
1754052272.7234602,9,7,-118
1754052272.76246,1,3,-116
1754052272.79846,-1,2,-117
1754052272.83646,-1,7,-117
1754052272.87446,-1,4,-117
1754052272.91346,0,-2,-122
1754052272.95146,4,-5,-116
1754052272.98746,2,2,-110
1754052273.02546,3,-1,-119
1754052273.0624602,5,-2,-123
1754052273.10146,-4,1,-123
1754052273.13746,10,7,-125
1754052273.17546,7,-1,-113
1754052273.2134602,0,-6,-115
1754052273.25246,-3,-5,-118
1754052273.28846,-3,-8,-121
1754052273.32646,7,-3,-119
1754052273.36446,-6,2,-124
1754052273.40246,0,1,-122
1754052273.44146,-4,0,-126
1754052273.47846,-4,-2,-125
1754052273.51546,0,0,-118
1754052273.55346,0,-6,-115
1754052273.5924602,2,-1,-127
1754052273.6284602,-3,-9,-113
1754052273.66646,-7,0,-109
1754052273.70546,-1,5,-119
1754052273.7434602,6,-5,-108
1754052273.78146,-1,1,-119
1754052273.81746,2,-3,-119
1754052273.8554602,-5,0,-119
1754052273.89346,-1,0,-123
1754052273.93246,-6,-3,-120
1754052273.96846,-8,1,-126
1754052274.0064602,-1,-3,-133
1754052274.04446,1,-2,-121
1754052274.08346,-3,-2,-110
1754052274.1214602,-6,2,-123
1754052274.1574602,-3,3,-124
1754052274.19646,2,0,-115
1754052274.2334602,7,0,-128
1754052274.27246,-7,-3,-120
1754052274.30846,6,5,-111
1754052274.34646,-3,-1,-114
1754052274.3844602,1,8,-120
1754052274.42346,-2,7,-135
1754052274.46146,0,0,-124
1754052274.49746,6,-2,-126
1754052274.53546,1,-7,-129
1754052274.57346,-3,-6,-128
1754052274.61246,0,3,-132
1754052274.64846,2,2,-124
1754052274.68546,-3,3,-119
1754052274.7234602,2,-3,-115
1754052274.76246,-1,0,-121
1754052274.79846,-4,-1,-131
1754052274.83646,0,0,-122
1754052274.87546,-2,0,-121
1754052274.91346,-1,-4,-113
1754052274.94946,1,-3,-116
1754052274.98846,0,-2,-110
1754052275.02546,-6,-3,-109
1754052275.06346,-4,-4,-110
1754052275.10246,-2,0,-113
1754052275.1384602,1,10,-116
1754052275.17546,3,0,-109
1754052275.2134602,4,0,-109
1754052275.25246,7,-1,-115
1754052275.28846,2,1,-117
1754052275.3254602,-1,-5,-118
1754052275.36346,-3,1,-115
1754052275.40246,5,4,-119
1754052275.43846,2,-2,-123
1754052275.47646,4,-1,-112
1754052275.51446,-5,-12,-108
1754052275.55346,0,-7,-106
1754052275.58946,8,4,-114
1754052275.62646,6,4,-120
1754052275.6644602,0,5,-118
1754052275.70346,3,0,-115
1754052275.73946,1,-2,-117
1754052275.77746,10,-7,-115
1754052275.8154602,4,1,-120
1754052275.85446,2,0,-124
1754052275.89246,4,4,-122
1754052275.92846,-1,-2,-111
1754052275.96646,1,2,-119
1754052276.00446,-10,3,-126
1754052276.04346,0,-3,-122
1754052276.07946,0,-1,-122
1754052276.11746,0,1,-125
1754052276.15546,3,-2,-119
1754052276.1944602,2,-6,-113
1754052276.23246,5,-6,-125
1754052276.26846,-11,1,-111
1754052276.30646,-1,-2,-120
1754052276.34446,1,1,-115
1754052276.38346,2,-1,-119
1754052276.41946,-1,0,-130
1754052276.45846,0,-1,-114
1754052276.49546,2,3,-111
1754052276.53446,3,-1,-116
1754052276.5724602,6,0,-127
1754052276.6084602,8,0,-107
1754052276.64546,-7,-5,-113
1754052276.6844602,-3,3,-120
1754052276.72246,1,-4,-120
1754052276.75846,3,-9,-125
1754052276.7964602,-2,-4,-123
1754052276.83446,-3,0,-116
1754052276.87346,-6,-3,-112
1754052276.90946,-1,-7,-115
1754052276.9474602,-4,-11,-112
1754052276.98546,0,-5,-137
1754052277.02446,0,-3,-117
1754052277.06046,-5,1,-120
1754052277.09746,5,1,-119
1754052277.13546,-2,6,-103
1754052277.1744602,-2,1,-111
1754052277.2104602,-1,-1,-117
1754052277.24846,-4,-1,-117
1754052277.2864602,-2,-3,-126
1754052277.32446,2,-2,-124
1754052277.36346,-1,4,-112
1754052277.39946,2,3,-113
1754052277.43646,0,-3,-117
1754052277.47446,-4,2,-116
1754052277.5134602,0,5,-112
1754052277.5494602,2,-2,-111
1754052277.58746,-2,-5,-109
1754052277.62546,1,-5,-121
1754052277.6644602,1,0,-117
1754052277.7004602,3,-5,-106
1754052277.73846,-1,0,-108
1754052277.7764602,-5,8,-120
1754052277.8154602,-7,5,-105
1754052277.85346,-8,0,-112
1754052277.89046,-3,-2,-112
1754052277.9274602,0,0,-117
1754052277.96546,2,5,-113
1754052278.00446,-1,0,-113
1754052278.04046,-3,-1,-112
1754052278.07946,3,-2,-124
1754052278.11646,4,6,-118
1754052278.15546,-4,0,-118
1754052278.19346,-4,5,-115
1754052278.22946,-3,2,-111
1754052278.26746,-2,-6,-114
1754052278.30546,0,0,-121
1754052278.34446,2,1,-124
1754052278.38046,4,2,-116
1754052278.4174602,-1,-6,-114
1754052278.45546,-3,-6,-107
1754052278.49446,4,-6,-97
1754052278.53046,6,-1,-103
1754052278.56846,8,-2,-103
1754052278.60646,2,3,-106
1754052278.64546,0,4,-94
1754052278.68346,-2,2,-116
1754052278.71946,-2,-2,-110
1754052278.75846,2,-1,-114
1754052278.79546,-1,-5,-118
1754052278.83446,-1,1,-124
1754052278.87046,-4,0,-119
1754052278.90846,-1,0,-125
1754052278.94646,2,-4,-115
1754052278.98546,-2,0,-114
1754052279.02146,1,7,-109
1754052279.05846,-8,-1,-115
1754052279.09646,-6,5,-117
1754052279.13546,2,5,-125
1754052279.1714602,-1,0,-121
1754052279.20946,5,1,-120
1754052279.24746,-1,0,-121
1754052279.28546,-3,1,-117
1754052279.32946,-8,4,-129
1754052279.36746,0,0,-132
1754052279.40546,-2,0,-116
1754052279.4444602,-6,-5,-114
1754052279.4804602,0,5,-121
1754052279.51746,0,4,-126
1754052279.55546,-6,-3,-123
1754052279.59446,-1,-7,-120
1754052279.6314602,6,1,-114
1754052279.66846,-4,-4,-121
1754052279.70646,-3,0,-116
1754052279.74546,0,0,-107
1754052279.78146,4,0,-119
1754052279.81846,0,-2,-122
1754052279.85646,3,-6,-114
1754052279.89546,-1,2,-111
1754052279.93146,-2,-2,-110
1754052279.96946,-7,0,-121
1754052280.00846,-7,-4,-118
1754052280.0464602,-7,-6,-120
1754052280.08446,6,-3,-110
1754052280.12046,-1,-9,-113
1754052280.15846,4,-8,-117
1754052280.19646,4,-1,-112
1754052280.23546,-4,-1,-111
1754052280.27146,-2,1,-114
1754052280.3094602,2,0,-122
1754052280.34746,3,2,-126
1754052280.38646,5,0,-124
1754052280.4244602,0,0,-127
1754052280.46146,-2,-2,-118
1754052280.49846,-3,-1,-121
1754052280.5364602,2,-3,-132
1754052280.5754602,1,-1,-130
1754052280.6114602,0,-6,-121
1754052280.64946,0,0,-124
1754052280.68846,1,6,-118
1754052280.72646,-1,-1,-116
1754052280.76446,0,6,-121
1754052280.80046,1,7,-117
1754052280.8384602,-8,-2,-116
1754052280.87646,0,-4,-115
1754052280.9144602,6,-3,-119
1754052280.9504602,1,-6,-109
1754052280.98846,0,-7,-126
1754052281.0264602,1,1,-124
1754052281.0654602,2,1,-122
1754052281.10146,3,0,-123
1754052281.1384602,5,-1,-115
1754052281.17646,2,-2,-104
1754052281.21546,0,-10,-114
1754052281.25146,-1,-5,-122
1754052281.2894602,2,-7,-136
1754052281.32746,1,-5,-125
1754052281.36646,8,3,-127
1754052281.40246,0,-1,-115
1754052281.4404602,-7,-2,-115
1754052281.47846,-4,-7,-118
1754052281.5164602,5,-3,-112
1754052281.55546,0,-6,-122
1754052281.59146,9,-3,-130
1754052281.62946,5,4,-118
1754052281.6674602,6,3,-111
1754052281.70646,2,0,-115
1754052281.74246,1,-1,-125
1754052281.78046,8,-3,-121
1754052281.81846,6,-1,-121
1754052281.85646,0,-5,-121
1754052281.89546,0,-4,-119
1754052281.93146,2,0,-130
1754052281.96846,5,-2,-119
1754052282.00746,3,0,-113
1754052282.04546,-4,-2,-114
1754052282.08146,0,1,-115
1754052282.1184602,0,-4,-113
1754052282.1574602,5,1,-112
1754052282.19546,4,-3,-110
1754052282.23146,-1,0,-114
1754052282.2694602,3,0,-116
1754052282.30846,0,5,-113
1754052282.34646,0,5,-114
1754052282.38246,-1,6,-120
1754052282.42046,-2,0,-121
1754052282.45846,0,-3,-124
1754052282.49746,3,-2,-120
1754052282.53546,6,2,-116
1754052282.57146,0,4,-122
1754052282.6084602,0,2,-118
1754052282.64746,3,3,-103
1754052282.68546,5,0,-113
1754052282.72146,4,1,-117
1754052282.75846,0,-1,-115
1754052282.79746,-4,0,-122
1754052282.8354602,-4,-1,-112
1754052282.8714602,-8,-5,-108
1754052282.90946,3,0,-114
1754052282.9474602,3,-2,-110
1754052282.9864602,5,-3,-109
1754052283.02246,-3,2,-125
1754052283.06046,0,1,-118
1754052283.0984602,0,-1,-111
1754052283.13746,6,-1,-118
1754052283.17346,1,-2,-113
1754052283.21146,1,-5,-113
1754052283.24946,1,0,-117
1754052283.28846,3,-1,-125
1754052283.32646,-1,0,-114
1754052283.36246,-1,0,-109
1754052283.40046,0,-2,-104
1754052283.43846,-1,-1,-115
1754052283.47746,-2,-4,-111
1754052283.5134602,-2,-2,-121
1754052283.55146,-3,-2,-113
1754052283.58946,-2,-2,-121
1754052283.62746,-6,-5,-116
1754052283.66646,1,4,-114
1754052283.70246,-5,5,-106
1754052283.7404602,-4,-2,-120
1754052283.77846,-7,2,-123
1754052283.81746,1,5,-130
1754052283.85346,-5,5,-132
1754052283.89246,3,1,-118
1754052283.92946,-3,-1,-125
1754052283.96846,7,2,-115
1754052284.0064602,1,4,-124
1754052284.0424602,2,-3,-113
1754052284.08046,0,0,-113
1754052284.1184602,1,-3,-120
1754052284.1574602,0,3,-112
1754052284.19346,-7,1,-124
1754052284.23146,0,0,-126
1754052284.2694602,-4,4,-123
1754052284.30846,-1,-1,-113
1754052284.34646,1,0,-107
1754052284.38246,4,3,-114
1754052284.41946,9,1,-106
1754052284.45846,-2,-5,-117
1754052284.4964602,-2,-8,-110
1754052284.5324602,-4,-3,-118
1754052284.57046,8,-4,-103
1754052284.60946,4,-6,-118
1754052284.64746,4,-6,-120
1754052284.68346,4,-7,-121
1754052284.72246,1,-2,-127
1754052284.7594602,-4,1,-117
1754052284.79846,3,9,-121
1754052284.83646,3,1,-119
1754052284.87246,0,3,-118
1754052284.90946,8,-2,-125
1754052284.94846,3,3,-115
1754052284.9864602,1,2,-112
1754052285.02246,3,2,-117
1754052285.0594602,-4,-5,-120
1754052285.0984602,2,-6,-114
1754052285.13646,0,-2,-121
1754052285.17346,7,2,-112
1754052285.2104602,6,0,-108
1754052285.24846,-1,-4,-116
1754052285.28746,-5,-4,-128
1754052285.32346,-1,0,-120
1754052285.3614602,-11,-5,-122
1754052285.40046,-4,-1,-116
1754052285.43846,-3,-3,-114
1754052285.47446,0,1,-115
1754052285.51146,-4,2,-116
1754052285.5494602,1,1,-114
1754052285.5884602,2,-2,-111
1754052285.62446,0,0,-128
1754052285.6614602,-3,4,-116
1754052285.69946,-4,-2,-123
1754052285.73846,0,-1,-124
1754052285.77446,-5,-4,-121
1754052285.81346,2,-4,-117
1754052285.85046,1,8,-112
1754052285.8884602,4,2,-120
1754052285.9274602,-3,-5,-120
1754052285.9634602,-2,-5,-131
1754052286.00146,1,0,-121
1754052286.0394602,-5,1,-123
1754052286.07846,0,-6,-119
1754052286.11446,-1,-5,-122
1754052286.15246,-5,-10,-121
1754052286.1904602,0,0,-124
1754052286.22946,3,-2,-125
1754052286.26746,-1,0,-113
1754052286.30346,3,-1,-116
1754052286.34146,0,3,-121
1754052286.38046,5,0,-113
1754052286.41846,7,2,-112
1754052286.45446,2,2,-116
1754052286.49146,2,-2,-115
1754052286.5294602,2,0,-105
1754052286.56846,0,3,-111
1754052286.60446,-2,1,-113
1754052286.64246,-11,-4,-119
1754052286.68046,-7,-5,-120
1754052286.71946,0,2,-113
1754052286.75746,5,0,-115
1754052286.79346,0,-2,-107
1754052286.83146,2,-7,-116
1754052286.86946,3,0,-128
1754052286.90846,0,0,-126
1754052286.9444602,0,1,-110
1754052286.98246,4,-2,-114
1754052287.02046,6,-1,-114
1754052287.0594602,-1,-3,-117
1754052287.09746,1,-10,-128
1754052287.13346,1,-2,-137
1754052287.17246,-4,-3,-121
1754052287.20946,-1,5,-119
1754052287.24846,1,2,-108
1754052287.28446,0,-2,-112
1754052287.3224602,0,-1,-120
1754052287.36046,0,2,-121
1754052287.39946,-3,6,-120
1754052287.43546,6,2,-126
1754052287.47246,1,0,-113
1754052287.51046,9,-2,-113
1754052287.5494602,-3,0,-123
1754052287.5854602,-5,-3,-121
1754052287.62346,-11,-4,-118
1754052287.6614602,-6,-3,-117
1754052287.69946,-10,0,-113
1754052287.73846,-2,1,-112
1754052287.77446,1,-2,-113
1754052287.8124602,7,0,-116
1754052287.85046,3,0,-113
1754052287.88946,-1,-3,-109
1754052287.92546,0,0,-125
1754052287.96446,0,6,-124
1754052288.00146,-1,0,-121
1754052288.0394602,2,0,-122
1754052288.07846,0,5,-114
1754052288.11446,-4,3,-118
1754052288.15246,5,-2,-120
1754052288.1904602,0,0,-118
1754052288.2304602,-7,-2,-101
1754052288.26846,-2,-1,-98
1754052288.30446,1,-1,-109
1754052288.34346,2,0,-115
1754052288.38046,-2,3,-118
1754052288.41946,-1,-7,-121
1754052288.45546,5,-2,-113
1754052288.4934602,0,2,-116
1754052288.53146,-3,7,-125
1754052288.57046,-8,0,-122
1754052288.6084602,-4,7,-113
1754052288.6444602,1,3,-111
1754052288.68146,4,0,-118
1754052288.7204602,1,1,-123
1754052288.75846,-1,-1,-120
1754052288.79446,1,-3,-117
1754052288.8324602,2,-5,-102
1754052288.87046,3,0,-105
1754052288.90946,0,-3,-116
1754052288.94546,1,-3,-107
1754052288.98446,-4,-6,-116
1754052289.02146,0,-1,-115
1754052289.06046,-5,-3,-122
1754052289.0984602,-3,1,-113
1754052289.1344602,2,-3,-116
1754052289.17346,-9,-4,-104
1754052289.2104602,1,-3,-108
1754052289.24946,4,-9,-111
1754052289.28546,-2,-9,-119
1754052289.32346,-2,-7,-123
1754052289.36946,-3,0,-125
1754052289.40546,-6,1,-115
1754052289.4444602,-7,2,-121
1754052289.48146,7,-6,-114
1754052289.52046,0,2,-122
1754052289.55646,-6,-2,-111
1754052289.59446,0,-10,-121
1754052289.63246,6,-5,-134
1754052289.67046,-1,-4,-122
1754052289.70946,1,-10,-114
1754052289.74546,0,-6,-112
1754052289.78346,3,0,-111
1754052289.82146,1,-3,-117
1754052289.86046,2,0,-131
1754052289.89646,-4,-5,-126
1754052289.9344602,3,4,-117
1754052289.9734602,-3,4,-122
1754052290.01046,1,-3,-121
1754052290.0494602,-3,-4,-118
1754052290.0854602,-1,0,-123
1754052290.12346,-1,-7,-119
1754052290.1614602,3,-6,-114
1754052290.2004602,6,2,-130
1754052290.2364602,8,-1,-127
1754052290.27446,2,-5,-116
1754052290.31346,-3,-3,-125
1754052290.35146,-5,-3,-118
1754052290.38946,-6,-4,-112
1754052290.42546,0,3,-109
1754052290.4634602,0,3,-119
1754052290.50146,-2,0,-118
1754052290.54046,-2,0,-114
1754052290.57646,-1,4,-116
1754052290.61446,1,-6,-118
1754052290.65246,-2,-7,-113
1754052290.69146,-1,-3,-120
1754052290.72946,4,-2,-126
1754052290.76546,-1,-3,-121
1754052290.80346,-5,-12,-120
1754052290.84146,2,-3,-115
1754052290.88046,4,-2,-108
1754052290.91646,-7,-5,-122
1754052290.95446,5,-5,-116
1754052290.99246,2,0,-117
1754052291.03146,9,0,-108
1754052291.0694602,1,-1,-115
1754052291.1054602,0,0,-112
1754052291.14246,3,0,-118
1754052291.18146,1,4,-115
1754052291.21946,-1,-1,-120
1754052291.25546,3,0,-121
1754052291.2924602,-2,-1,-122
1754052291.33146,-7,0,-127
1754052291.36946,4,1,-133
1754052291.40546,6,-1,-129
1754052291.4444602,2,3,-111
1754052291.48146,6,-2,-122
1754052291.52046,-2,-5,-120
1754052291.55646,2,3,-119
1754052291.59446,0,0,-104
1754052291.63246,0,-7,-112
1754052291.6714602,4,-8,-114
1754052291.7074602,6,-6,-113
1754052291.74546,9,-6,-110
1754052291.78346,5,-2,-113
1754052291.8224602,0,-4,-125
1754052291.86046,0,0,-112
1754052291.89646,5,-5,-119
1754052291.9344602,1,-3,-101
1754052291.97246,0,0,-114
1754052292.01146,0,5,-112
1754052292.04746,-5,3,-114
1754052292.0854602,-3,-1,-113
1754052292.12346,-1,0,-121
1754052292.1614602,1,9,-116
1754052292.2004602,0,6,-113
1754052292.2364602,-2,9,-123
1754052292.27446,3,3,-115
1754052292.3124602,8,1,-120
1754052292.35146,5,-8,-112
1754052292.38746,5,-5,-119
1754052292.42546,7,-1,-118
1754052292.46446,-2,-3,-115
1754052292.50246,-1,-3,-109
1754052292.54046,0,-2,-123
1754052292.57646,-2,3,-115
1754052292.61446,0,-1,-119
1754052292.65246,7,-2,-130
1754052292.69146,3,-7,-117
1754052292.72746,-3,0,-127
1754052292.76546,3,1,-113
1754052292.80346,0,3,-114
1754052292.8424602,0,-2,-123
1754052292.88046,1,-7,-104
1754052292.91646,-5,0,-107
1754052292.95446,-1,5,-113
1754052292.99246,1,-6,-116
1754052293.03146,0,-7,-111
1754052293.06746,-4,-8,-125
1754052293.1054602,0,-10,-120
1754052293.1444602,4,-2,-133
1754052293.18246,0,-5,-119
1754052293.2204602,-3,-3,-114
1754052293.2564602,1,0,-117
1754052293.29446,0,-3,-112
1754052293.3324602,0,-1,-115
1754052293.3714602,-2,-7,-119
1754052293.4074602,0,-6,-117
1754052293.44546,2,-6,-116
1754052293.4834602,2,0,-106
1754052293.52246,0,-1,-106
1754052293.55846,1,-5,-116
1754052293.59646,-5,0,-121
1754052293.6344602,0,0,-118
1754052293.67246,-1,1,-121
1754052293.71146,1,0,-115
1754052293.74746,0,3,-111
1754052293.78446,-2,0,-112
1754052293.8224602,-1,-7,-113
1754052293.8614602,3,-3,-120
1754052293.89746,0,-6,-122
1754052293.93546,3,-2,-111
1754052293.97446,-2,-4,-106
1754052294.01246,-3,0,-123
1754052294.04846,0,1,-116
1754052294.0854602,-3,0,-116
1754052294.12446,4,4,-111
1754052294.16246,1,0,-108
1754052294.19846,0,6,-120
1754052294.23546,-5,1,-115
1754052294.27446,0,-4,-112
1754052294.3124602,3,-3,-110
1754052294.3484602,7,-1,-111
1754052294.38646,0,-1,-116
1754052294.4244602,-4,1,-115
1754052294.4634602,-4,-3,-115
1754052294.50146,-2,-1,-124
1754052294.53746,-5,-5,-117
1754052294.5754602,0,5,-102
1754052294.61346,1,6,-119
1754052294.65246,1,5,-114
1754052294.68846,1,3,-120
1754052294.72646,-2,-1,-110
1754052294.76546,0,-3,-117
1754052294.80346,0,-2,-109
1754052294.84146,7,-5,-122
1754052294.87746,9,-6,-115
1754052294.9144602,0,-4,-104
1754052294.95346,3,0,-116
1754052294.99146,1,0,-118
1754052295.02746,4,-2,-121
1754052295.0654602,3,2,-114
1754052295.10346,7,-1,-122
1754052295.14246,-3,2,-117
1754052295.17846,0,0,-124
1754052295.21546,-10,-1,-111
1754052295.2534602,0,7,-108
1754052295.2924602,0,0,-123
1754052295.32846,0,2,-128
1754052295.3654602,-3,2,-123
1754052295.40346,3,1,-115
1754052295.44246,2,1,-119
1754052295.47846,9,-3,-124
1754052295.5164602,1,-3,-119
1754052295.55446,-7,7,-107
1754052295.59346,-3,12,-112
1754052295.62946,-2,4,-122
1754052295.6674602,6,2,-114
1754052295.70646,9,4,-123
1754052295.7434602,3,3,-114
1754052295.7824602,0,3,-113
1754052295.81846,2,4,-109
1754052295.85646,4,-4,-115
1754052295.89346,6,-7,-112
1754052295.93246,5,0,-108
1754052295.96846,4,0,-115
1754052296.00546,2,-2,-122
1754052296.04346,-3,-5,-112
1754052296.0824602,1,1,-112
1754052296.1184602,-1,0,-114
1754052296.15646,-6,2,-119
1754052296.1944602,0,5,-116
1754052296.2334602,0,-1,-104
1754052296.2694602,3,0,-112
1754052296.30646,1,-5,-109
1754052296.34446,-1,1,-122
1754052296.38346,-5,-4,-124
1754052296.41946,-4,-6,-119
1754052296.45846,-1,-5,-116
1754052296.49546,-1,-11,-125
1754052296.53446,0,-4,-117
1754052296.5724602,1,-7,-110
1754052296.6084602,6,-3,-111
1754052296.64646,2,0,-111
1754052296.6844602,3,-10,-111
1754052296.7234602,7,-7,-112
1754052296.7594602,8,-1,-119
1754052296.79746,0,2,-111
1754052296.8354602,0,2,-118
1754052296.87446,0,-1,-118
1754052296.91246,-1,-1,-108
1754052296.94846,-2,-2,-112
1754052296.9864602,0,-3,-119
1754052297.02446,-2,3,-116
1754052297.06346,-4,1,-119
1754052297.09946,-3,0,-116
1754052297.13746,-2,4,-112
1754052297.17546,1,3,-120
1754052297.21446,0,6,-122
1754052297.25246,0,3,-117
1754052297.28846,0,1,-122
1754052297.3254602,5,0,-111
1754052297.36446,0,-2,-118
1754052297.40246,6,-2,-117
1754052297.43846,9,-1,-120
1754052297.47646,1,-2,-121
1754052297.51446,4,-1,-120
1754052297.55346,1,-5,-124
1754052297.58946,-6,-3,-112
1754052297.62746,-7,0,-110
1754052297.66546,1,5,-105
1754052297.70446,0,1,-108
1754052297.7404602,-3,2,-102
1754052297.77846,8,-3,-118
1754052297.81646,6,2,-117
1754052297.8554602,-1,2,-118
1754052297.8944602,4,0,-128
1754052297.93146,0,0,-124
1754052297.96846,0,-1,-117
1754052298.0064602,5,-7,-105
1754052298.04546,2,0,-104
1754052298.08346,0,0,-119
1754052298.11946,0,-3,-118
1754052298.15646,-3,-3,-121
1754052298.19546,-7,1,-134
1754052298.2334602,-2,-3,-128
1754052298.2694602,4,-3,-123
1754052298.30846,3,-4,-113
1754052298.3454602,-2,-7,-107
1754052298.3844602,5,-4,-122
1754052298.42046,-1,-6,-121
1754052298.45846,1,1,-118
1754052298.4964602,-3,-1,-124
1754052298.53446,2,-4,-102
1754052298.57346,0,-5,-119
1754052298.60946,1,3,-109
1754052298.64646,0,2,-115
1754052298.68546,0,0,-107
1754052298.7234602,-1,-3,-119
1754052298.7594602,0,-1,-119
1754052298.79746,-2,-5,-121
1754052298.83646,-6,-6,-115
1754052298.87446,-1,5,-121
1754052298.91046,1,0,-117
1754052298.9474602,4,-3,-108
1754052298.98546,1,3,-114
1754052299.02446,1,-1,-117
1754052299.06046,-6,-3,-116
1754052299.09946,-2,-9,-115
1754052299.13646,2,-2,-115
1754052299.17546,6,0,-110
1754052299.2134602,4,-10,-113
1754052299.24946,1,-2,-107
1754052299.28746,3,4,-121
1754052299.3254602,10,2,-124
1754052299.36946,0,-5,-115
1754052299.40846,0,-3,-113
1754052299.44546,1,-3,-111
1754052299.48446,0,-1,-112
1754052299.52046,-2,1,-116
1754052299.55846,4,1,-121
1754052299.59646,1,-2,-118
1754052299.63546,-3,-7,-123
1754052299.67346,-5,-1,-115
1754052299.70946,-4,-1,-118
1754052299.74746,-4,3,-121
1754052299.78546,-9,3,-111
1754052299.82446,-3,3,-123
1754052299.86046,-1,0,-115
1754052299.89746,5,5,-112
1754052299.93546,0,7,-115
1754052299.97446,2,2,-112
1754052300.01046,5,1,-114
1754052300.04846,6,-5,-110
1754052300.08646,-1,-5,-120
1754052300.12446,2,-5,-116
1754052300.16046,1,-10,-114
1754052300.19946,-2,-8,-125
1754052300.2364602,-5,-8,-110
1754052300.27546,-2,-6,-110
1754052300.31146,-6,-5,-125
1754052300.34946,-1,-6,-116
1754052300.38746,0,-6,-122
1754052300.42546,-7,-1,-117
1754052300.46446,4,3,-123
1754052300.50046,5,1,-115
1754052300.53846,-2,3,-120
1754052300.57646,1,3,-113
1754052300.6154602,-1,-2,-114
1754052300.6514602,-6,0,-119
1754052300.68946,-2,4,-116
1754052300.72846,0,-3,-118
1754052300.7664602,2,-2,-120
1754052300.80446,0,-3,-107
1754052300.84146,4,-3,-105
1754052300.8784602,5,7,-113
1754052300.91646,-3,-5,-111
1754052300.95546,4,-8,-115
1754052300.99146,0,-4,-116
1754052301.0294602,-2,0,-119
1754052301.06746,2,4,-116
1754052301.10646,0,-3,-126
1754052301.1444602,-1,-6,-122
1754052301.18046,2,0,-119
1754052301.2174602,0,0,-113
1754052301.2564602,2,6,-117
1754052301.29446,2,2,-113
1754052301.33046,-1,0,-126
1754052301.3684602,-2,0,-121
1754052301.40646,0,3,-112
1754052301.44546,-1,-2,-123
1754052301.48146,-2,0,-121
1754052301.5194602,1,0,-122
1754052301.55746,2,4,-124
1754052301.59646,4,0,-121
1754052301.6344602,1,7,-115
1754052301.67046,0,5,-119
1754052301.7074602,0,5,-112
1754052301.7464602,-5,0,-110
1754052301.78446,4,-1,-120
1754052301.82046,6,0,-113
1754052301.85746,4,-3,-120
1754052301.89646,-1,-4,-122
1754052301.93246,-9,-3,-120
1754052301.9704602,-5,-3,-125
1754052302.00846,-1,0,-130
1754052302.0464602,-2,-9,-125
1754052302.0854602,1,-5,-121
1754052302.1214602,4,-1,-117
1754052302.15946,0,1,-111
1754052302.1974602,8,0,-118
1754052302.2364602,0,0,-110
1754052302.27246,1,-7,-117
1754052302.31146,-2,-5,-116
1754052302.34946,3,-4,-112
1754052302.38646,6,-2,-110
1754052302.42546,6,-3,-115
1754052302.46146,-1,2,-115
1754052302.49946,-2,-3,-119
1754052302.53746,2,-4,-128
1754052302.57646,3,-1,-122
1754052302.61246,0,0,-116
1754052302.64946,-7,0,-117
1754052302.6874602,0,-7,-110
1754052302.72646,7,-12,-108
1754052302.76246,6,-2,-118
1754052302.80046,2,2,-119
1754052302.8384602,3,-3,-122
1754052302.87746,-6,-3,-115
1754052302.91546,4,-1,-110
1754052302.95146,9,0,-119
1754052302.98846,1,1,-117
1754052303.02746,-5,-2,-112
1754052303.0654602,0,-1,-108
1754052303.10146,0,-1,-101
1754052303.13946,0,-7,-122
1754052303.17846,3,-2,-122
1754052303.21646,-2,-4,-115
1754052303.25246,-3,-3,-117
1754052303.29046,-4,-2,-120
1754052303.32846,-3,4,-115
1754052303.36746,-1,-3,-115
1754052303.40546,-7,-4,-111
1754052303.44146,-5,1,-114
1754052303.47946,-3,1,-113
1754052303.51746,0,0,-115
1754052303.55646,3,-2,-121
1754052303.5924602,9,0,-113
1754052303.63046,4,-2,-122
1754052303.66846,4,1,-120
1754052303.7074602,0,1,-117
1754052303.74546,0,1,-118
1754052303.7824602,-3,-3,-122
1754052303.8194602,-2,0,-110
1754052303.85746,-4,-1,-117
1754052303.89646,-4,3,-103
1754052303.93246,0,-4,-117
1754052303.96946,3,2,-115
1754052304.00746,-1,-6,-110
1754052304.0464602,-5,0,-115
1754052304.0824602,0,6,-121
1754052304.11946,-7,0,-115
1754052304.1574602,0,0,-103
1754052304.19646,1,4,-112
1754052304.23246,3,6,-108
1754052304.2694602,8,-2,-101
1754052304.30746,5,2,-117
1754052304.34646,-3,-5,-115
1754052304.38246,-5,-5,-121
1754052304.42046,6,-1,-112
1754052304.45846,4,-2,-107
1754052304.49746,0,-9,-110
1754052304.53346,-6,-5,-106
1754052304.57146,6,-1,-104
1754052304.60946,-5,-3,-118
1754052304.64746,1,4,-111
1754052304.68646,0,2,-121
1754052304.72246,1,3,-120
1754052304.76146,5,-3,-123
1754052304.79846,6,-3,-115
1754052304.83746,7,-1,-111
1754052304.87346,-2,-2,-106
1754052304.9114602,1,1,-91
1754052304.94946,-5,0,-120
1754052304.98846,0,-2,-122
1754052305.0264602,4,-2,-111
1754052305.0624602,6,-3,-117
1754052305.10046,6,0,-113
1754052305.1384602,7,-4,-114
1754052305.1774602,4,6,-107
1754052305.2134602,2,-3,-121
1754052305.25146,-6,-3,-117
1754052305.2894602,-7,0,-108
1754052305.32846,3,-1,-121
1754052305.36646,1,-2,-113
1754052305.40246,3,-1,-114
1754052305.4404602,0,-5,-112
1754052305.47846,5,0,-115
1754052305.51746,0,0,-130
1754052305.55346,0,-1,-123
1754052305.59146,0,-4,-111
1754052305.62946,-4,-4,-117
1754052305.66846,-4,-3,-114
1754052305.70646,-2,4,-112
1754052305.74246,0,1,-110
1754052305.78046,8,-8,-125
1754052305.81846,1,0,-120
1754052305.85646,3,-1,-107
1754052305.89246,-2,-2,-106
1754052305.93046,0,-1,-111
1754052305.96846,-3,2,-115
1754052306.00746,-5,2,-119
1754052306.04346,4,0,-115
1754052306.08046,7,-3,-113
1754052306.1184602,-5,4,-111
1754052306.1574602,-6,-2,-113
1754052306.19346,-9,-1,-109
1754052306.23146,-3,1,-113
1754052306.2694602,2,0,-115
1754052306.30846,1,6,-118
1754052306.34446,0,7,-114
1754052306.3814602,-7,2,-119
1754052306.41946,0,-3,-117
1754052306.45846,-2,-5,-115
1754052306.49446,0,-2,-121
1754052306.53146,0,-2,-126
1754052306.5694602,-3,0,-107
1754052306.6084602,0,4,-112
1754052306.6444602,-4,-3,-102
1754052306.68246,-1,1,-122
1754052306.7204602,-4,-3,-112
1754052306.75846,-2,-2,-112
1754052306.79746,-6,0,-108
1754052306.83346,-5,4,-103
1754052306.8714602,-2,2,-117
1754052306.91046,13,0,-110
1754052306.94846,6,1,-116
1754052306.98446,11,-1,-122
1754052307.02346,4,-5,-113
1754052307.06046,1,0,-118
1754052307.09946,2,-5,-121
1754052307.13746,1,-11,-118
1754052307.17346,0,-8,-105
1754052307.21146,2,-8,-116
1754052307.24946,7,-5,-117
1754052307.28846,6,1,-119
1754052307.32446,4,4,-125
1754052307.3614602,-10,1,-115
1754052307.39946,-3,0,-114
1754052307.43846,-2,-1,-109
1754052307.47446,-4,-5,-119
1754052307.51146,-4,-7,-109
1754052307.5494602,3,0,-103
1754052307.5884602,4,2,-119
1754052307.62446,7,0,-124
1754052307.6614602,0,-5,-117
1754052307.69946,4,2,-124
1754052307.73846,9,-2,-123
1754052307.77446,3,-8,-123
1754052307.8124602,3,-8,-115
1754052307.85046,0,-11,-112
1754052307.88946,3,-5,-108
1754052307.9274602,-4,-2,-115
1754052307.9634602,-2,0,-120
1754052308.00146,0,3,-109
1754052308.0394602,5,5,-122
1754052308.07846,-3,0,-120
1754052308.11446,-4,0,-113
1754052308.15246,-9,-4,-120
1754052308.1904602,-4,-2,-113
1754052308.22946,2,2,-116
1754052308.26546,-3,0,-122
1754052308.30346,-4,-1,-118
1754052308.34146,-5,-4,-116
1754052308.37946,3,-1,-110
1754052308.41846,-1,-8,-116
1754052308.45446,-2,-2,-121
1754052308.49246,1,-1,-105
1754052308.53046,3,-8,-114
1754052308.5694602,1,-2,-114
1754052308.60646,0,-3,-117
1754052308.64346,-2,-12,-115
1754052308.68146,0,-5,-121
1754052308.71946,-7,-2,-135
1754052308.75846,1,-1,-121
1754052308.79446,0,-5,-125
1754052308.8324602,-3,-6,-117
1754052308.87046,-3,1,-121
1754052308.90946,-2,0,-122
1754052308.94546,-5,1,-118
1754052308.9834602,-2,0,-120
1754052309.02146,-3,-3,-118
1754052309.06046,0,-9,-117
1754052309.0984602,-6,-2,-118
1754052309.1344602,-2,-1,-125
1754052309.17246,0,-4,-124
1754052309.2104602,10,-3,-123
1754052309.24946,5,2,-126
1754052309.28546,8,-9,-119
1754052309.32346,1,1,-105
1754052309.3614602,0,-2,-121
1754052309.40646,-9,-8,-122
1754052309.44346,-2,-6,-120
1754052309.48146,2,-2,-115
1754052309.52046,-4,-5,-119
1754052309.55846,-5,-1,-120
1754052309.59446,-5,1,-118
1754052309.63246,-6,-1,-113
1754052309.67046,0,-5,-128
1754052309.70946,-3,-5,-126
1754052309.74546,1,-7,-121
1754052309.78346,0,-6,-119
1754052309.82146,-2,0,-115
1754052309.86046,-6,0,-113
1754052309.89846,0,0,-109
1754052309.9344602,6,-2,-111
1754052309.97246,1,0,-111
1754052310.01046,6,-1,-117
1754052310.0494602,9,4,-109
1754052310.0854602,7,2,-106
1754052310.12346,6,2,-125
1754052310.1614602,0,0,-115
1754052310.2004602,0,2,-113
1754052310.2364602,4,-2,-116
1754052310.27446,8,-4,-111
1754052310.3124602,-2,0,-113
1754052310.35046,0,0,-123
1754052310.38946,2,-2,-113
1754052310.42546,-1,-3,-109
1754052310.4634602,1,0,-102
1754052310.50146,0,-3,-115
1754052310.54046,-3,1,-117
1754052310.57646,-4,0,-120
1754052310.61346,-5,-3,-122
1754052310.6514602,-3,-3,-127
1754052310.6904602,-2,0,-114
1754052310.72646,2,-5,-126
1754052310.76446,0,0,-116
1754052310.8024602,-8,0,-127
1754052310.84046,-4,4,-116
1754052310.87946,9,1,-121
1754052310.91546,11,2,-113
1754052310.95346,-2,1,-96
1754052310.99146,8,0,-110
1754052311.03046,4,3,-112
1754052311.06646,3,8,-122
1754052311.10346,8,2,-131
1754052311.1414602,-4,2,-128
1754052311.18046,-1,3,-122
1754052311.21646,1,2,-121
1754052311.25446,1,-1,-110
1754052311.29146,3,4,-116
1754052311.33046,2,3,-106
1754052311.36646,5,6,-116
1754052311.4044602,2,-4,-112
1754052311.44246,6,2,-119
1754052311.48146,0,0,-129
1754052311.5194602,-4,2,-113
1754052311.55546,-8,6,-112
1754052311.59346,-7,1,-121
1754052311.6314602,0,3,-124
1754052311.67046,-1,0,-120
1754052311.70646,1,4,-122
1754052311.7434602,2,0,-119
1754052311.78146,1,-2,-126
1754052311.82046,-10,2,-123
1754052311.85646,-1,-2,-118
1754052311.8944602,1,1,-123
1754052311.93246,-4,0,-130
1754052311.97146,3,-3,-117
1754052312.0094602,-2,-1,-116
1754052312.04546,-4,-5,-125
1754052312.08346,-7,-1,-120
1754052312.12246,-1,-4,-117
1754052312.16046,-7,-5,-121
1754052312.19646,-1,-6,-117
1754052312.23446,-2,-3,-108
1754052312.27246,-1,2,-111
1754052312.31146,5,-2,-117
1754052312.34746,2,6,-130
1754052312.3844602,0,1,-124
1754052312.42246,0,-11,-111
1754052312.46146,4,-5,-122
1754052312.49746,0,-6,-121
1754052312.53546,1,-9,-119
1754052312.57346,1,-6,-119
1754052312.6114602,4,-8,-124
1754052312.65046,-3,-5,-121
1754052312.68646,-2,-2,-117
1754052312.72446,3,3,-115
1754052312.76246,-7,0,-111
1754052312.80146,0,2,-113
1754052312.83746,6,-2,-118
1754052312.87546,6,-6,-106
1754052312.91346,-1,-2,-109
1754052312.95146,0,-2,-110
1754052312.9904602,1,-1,-115
1754052313.0264602,3,-3,-119
1754052313.06446,4,0,-120
1754052313.10246,1,-8,-118
1754052313.1414602,5,0,-124
1754052313.1774602,4,1,-126
1754052313.21546,1,-4,-116
1754052313.2534602,3,-9,-118
1754052313.2924602,-4,-1,-112
1754052313.33046,-4,-7,-108
1754052313.36646,6,-6,-108
1754052313.40546,5,-6,-122
1754052313.44246,-1,-5,-117
1754052313.48146,0,-5,-129
1754052313.51746,0,-6,-120
1754052313.55546,-9,4,-114
1754052313.59346,2,-1,-117
1754052313.63246,-1,-5,-116
1754052313.67046,1,0,-118
1754052313.70646,2,1,-114
1754052313.7434602,2,-13,-117
1754052313.7824602,5,-1,-114
1754052313.82046,-1,-2,-106
1754052313.85646,-2,-3,-126
1754052313.8944602,4,0,-118
1754052313.93346,3,-2,-126
1754052313.97146,-1,-3,-131
1754052314.00746,4,0,-124
1754052314.04446,2,-3,-131
1754052314.0824602,0,-2,-119
1754052314.1214602,-2,3,-126
1754052314.1574602,3,4,-117
1754052314.1944602,3,0,-114
1754052314.23246,5,-8,-112
1754052314.27146,0,-9,-117
1754052314.30746,0,-4,-112
1754052314.34646,-8,-1,-106
1754052314.38346,-4,0,-116
1754052314.42246,10,0,-125
1754052314.45846,3,-1,-125
1754052314.4964602,0,1,-121
1754052314.53446,4,-4,-112
1754052314.5724602,4,-7,-114
1754052314.6114602,-6,-4,-114
1754052314.64746,-2,-7,-123
1754052314.68546,0,-4,-115
1754052314.7234602,-1,2,-109
1754052314.76246,-3,-2,-119
1754052314.79846,-1,-7,-113
1754052314.83646,-1,-11,-119
1754052314.87546,3,-2,-121
1754052314.91246,-3,-2,-120
1754052314.95146,1,0,-122
1754052314.98746,10,-1,-121
1754052315.02546,4,5,-108
1754052315.06346,6,0,-110
1754052315.10246,5,2,-108
1754052315.1384602,0,1,-112
1754052315.17546,2,-2,-127
1754052315.2134602,0,1,-120
1754052315.25246,6,-1,-118
1754052315.28846,8,-4,-117
1754052315.32646,0,-4,-123
1754052315.36446,2,6,-121
1754052315.40346,2,0,-114
1754052315.44146,-3,-4,-108
1754052315.47746,1,0,-117
1754052315.51446,-3,-4,-119
1754052315.55346,-1,-4,-118
1754052315.59146,0,-5,-106
1754052315.62746,0,-5,-114
1754052315.66546,1,-10,-115
1754052315.70346,1,-7,-120
1754052315.74246,2,-2,-121
1754052315.77846,-2,-4,-112
1754052315.81646,-3,-5,-116
1754052315.85446,5,-6,-115
1754052315.89346,-3,-3,-111
1754052315.93146,-1,-5,-129
1754052315.9674602,2,-10,-121
1754052316.00546,-9,-5,-109
1754052316.04446,-4,-1,-117
1754052316.0824602,-11,-1,-118
1754052316.1184602,-4,-4,-119
1754052316.15646,-3,0,-117
1754052316.1944602,9,0,-123
1754052316.2334602,0,-2,-105
1754052316.27146,0,4,-108
1754052316.30746,0,5,-116
1754052316.34446,0,0,-114
1754052316.38346,2,-5,-118
1754052316.4214602,1,2,-123
1754052316.4574602,3,-1,-125
1754052316.49546,3,2,-124
1754052316.53346,10,-2,-110
1754052316.5724602,0,-1,-122
1754052316.6084602,2,0,-123
1754052316.64546,8,0,-121
1754052316.68346,2,-3,-106
1754052316.72246,1,-6,-118
1754052316.75846,0,-1,-120
1754052316.79546,0,-9,-112
1754052316.83346,1,2,-115
1754052316.87246,-5,-5,-107
1754052316.90846,-1,-4,-115
1754052316.94646,-1,0,-119
1754052316.98446,-2,-3,-114
1754052317.02346,6,-3,-115
1754052317.0594602,7,-11,-112
1754052317.09746,2,-12,-116
1754052317.13546,0,-8,-120
1754052317.17346,2,-2,-119
1754052317.21246,3,2,-120
1754052317.24846,6,-6,-118
1754052317.2864602,-2,-4,-113
1754052317.32446,5,2,-127
1754052317.36346,5,-4,-124
1754052317.39946,7,-5,-122
1754052317.4374602,0,-5,-113
1754052317.47546,3,-6,-121
1754052317.51446,2,-5,-122
1754052317.5524602,-4,-4,-117
1754052317.5884602,0,0,-118
1754052317.62546,1,1,-124
1754052317.6644602,4,-5,-119
1754052317.70246,4,0,-125
1754052317.73846,6,-2,-125
1754052317.77746,-2,1,-116
1754052317.81446,-1,1,-129
1754052317.85346,-4,1,-117
1754052317.88946,-2,2,-103
1754052317.9274602,6,2,-113
1754052317.96546,7,0,-121
1754052318.00446,8,-1,-119
1754052318.0424602,4,0,-118
1754052318.07846,-3,-3,-112
1754052318.11646,1,-6,-114
1754052318.1544602,0,-4,-120
1754052318.19346,9,-9,-124
1754052318.22946,6,-9,-118
1754052318.26746,3,-5,-109
1754052318.30546,0,-5,-111
1754052318.34446,0,-4,-121
1754052318.38246,-2,3,-118
1754052318.41846,-5,1,-110
1754052318.4574602,0,-6,-123
1754052318.49446,5,-6,-122
1754052318.53346,2,-5,-129
1754052318.5694602,-2,-2,-110
1754052318.60746,0,-4,-106
1754052318.64546,-3,2,-111
1754052318.6844602,-1,-1,-109
1754052318.7204602,0,7,-113
1754052318.75746,0,0,-114
1754052318.79546,2,0,-111
1754052318.83446,0,-2,-110
1754052318.87046,-2,-4,-117
1754052318.90846,1,1,-114
1754052318.94646,-1,2,-109
1754052318.98446,2,0,-108
1754052319.02346,-6,-1,-111
1754052319.0594602,0,0,-113
1754052319.0984602,-5,2,-129
1754052319.13546,0,-2,-114
1754052319.1744602,0,-2,-117
1754052319.2104602,0,1,-130
1754052319.24846,2,-1,-117
1754052319.2864602,0,-5,-110
1754052319.32446,5,1,-116
1754052319.36346,1,1,-131
1754052319.4074602,-3,-2,-122
1754052319.44546,-1,-3,-127
1754052319.48446,2,-4,-118
1754052319.52046,-9,-5,-125
1754052319.55846,-4,4,-122
1754052319.59646,-3,-2,-110
1754052319.63546,0,-6,-112
1754052319.67346,2,-2,-118
1754052319.70946,-3,0,-109
1754052319.74746,-6,1,-111
1754052319.78546,0,-2,-116
1754052319.82446,-2,-2,-116
1754052319.86046,-3,0,-114
1754052319.89846,-1,-1,-111
1754052319.93646,-4,-3,-119
1754052319.97546,-3,-1,-128
1754052320.0134602,5,-2,-123
1754052320.0494602,3,-2,-120
1754052320.08746,5,-9,-111
1754052320.12546,2,-1,-101
1754052320.1644602,4,-5,-107
1754052320.2004602,-1,-2,-105
1754052320.23846,2,-3,-106
1754052320.2764602,-2,-2,-100
1754052320.3154602,1,-9,-111
1754052320.35346,2,-2,-107
1754052320.38946,6,-3,-115
1754052320.4274602,2,0,-112
1754052320.46546,-8,1,-107
1754052320.50446,-1,-4,-117
1754052320.54046,-9,-3,-115
1754052320.57846,-1,6,-111
1754052320.61646,-1,0,-114
1754052320.65546,1,6,-116
1754052320.69146,0,0,-112
1754052320.72846,1,-8,-111
1754052320.7664602,2,1,-128
1754052320.80546,-5,3,-125
1754052320.84146,-3,1,-122
1754052320.87946,-3,-2,-118
1754052320.91846,-5,0,-120
1754052320.95546,2,-6,-125
1754052320.99446,1,0,-129
1754052321.03046,-9,-1,-120
1754052321.06846,-8,1,-130
1754052321.10646,0,-2,-115
1754052321.14546,5,4,-113
1754052321.18146,-2,2,-108
1754052321.21946,2,0,-106
1754052321.25746,-3,0,-120
1754052321.29546,-3,2,-108
1754052321.33446,-4,1,-118
1754052321.37046,1,-2,-121
1754052321.40846,0,0,-106
1754052321.44646,0,3,-117
1754052321.48546,2,0,-113
1754052321.52146,5,0,-116
1754052321.5594602,9,4,-115
1754052321.59746,5,-1,-117
1754052321.63646,2,-1,-110
1754052321.6744602,0,-1,-100
1754052321.7104602,0,-4,-110
1754052321.74846,0,-3,-111
1754052321.7864602,-4,0,-107
1754052321.8254602,3,2,-108
1754052321.8614602,4,2,-116
1754052321.89846,1,-1,-110
1754052321.93646,-1,1,-106
1754052321.97546,0,-2,-116
1754052322.01146,-3,-4,-125
1754052322.0494602,-3,2,-116
1754052322.08746,-2,-4,-121
1754052322.12646,-9,0,-118
1754052322.1644602,4,2,-117
1754052322.2004602,0,0,-113
1754052322.23846,0,2,-124
1754052322.27746,0,0,-112
1754052322.3154602,2,-1,-121
1754052322.35146,0,-8,-117
1754052322.38946,10,0,-115
1754052322.4274602,3,2,-118
1754052322.46646,0,-4,-113
1754052322.50446,3,-7,-122
1754052322.54046,9,-2,-127
1754052322.57846,5,0,-130
1754052322.61646,0,-1,-116
1754052322.65546,-2,3,-119
1754052322.69146,-5,6,-107
1754052322.72946,0,-2,-117
1754052322.76746,0,-4,-126
1754052322.80646,0,-8,-117
1754052322.8424602,-5,0,-123
1754052322.88046,-1,-2,-112
1754052322.91946,0,-1,-122
1754052322.95646,-4,-5,-113
1754052322.99546,-1,-5,-107
1754052323.03146,3,-1,-113
1754052323.0694602,0,-5,-120
1754052323.10746,0,-1,-120
1754052323.14646,6,-4,-120
1754052323.18246,9,0,-120
1754052323.21946,0,-1,-120
1754052323.25846,-2,-1,-118
1754052323.2964602,5,-1,-120
1754052323.3324602,7,-5,-115
1754052323.37046,-8,4,-129
1754052323.40846,-2,3,-112
1754052323.44646,-11,-4,-113
1754052323.48546,-3,0,-107
1754052323.52146,4,-2,-121
1754052323.5594602,4,0,-120
1754052323.59746,1,-7,-120
1754052323.63646,1,6,-129
1754052323.67246,3,1,-123
1754052323.7104602,-4,4,-116
1754052323.74846,0,-3,-110
1754052323.78746,1,-1,-117
1754052323.8254602,3,0,-111
1754052323.8614602,5,3,-114
1754052323.89946,-1,1,-114
1754052323.9374602,-5,1,-118
1754052323.97646,-8,6,-118
1754052324.01246,-1,1,-114
1754052324.05046,-4,-10,-112
1754052324.08946,-5,-1,-114
1754052324.12746,-11,1,-114
1754052324.16546,-1,1,-129
1754052324.20146,-1,0,-123
1754052324.23946,2,-3,-124
1754052324.27746,4,-6,-111
1754052324.31646,0,-4,-119
1754052324.35246,0,-1,-115
1754052324.39046,-4,1,-116
1754052324.42846,0,-6,-113
1754052324.4674602,2,-1,-120
1754052324.50546,2,-5,-122
1754052324.54146,-2,-6,-117
1754052324.57946,0,1,-114
1754052324.6184602,1,0,-115
1754052324.65646,-6,2,-118
1754052324.69246,-2,4,-112
1754052324.7304602,0,0,-111
1754052324.76846,6,0,-120
1754052324.80746,2,-1,-122
1754052324.84346,4,2,-116
1754052324.88046,1,6,-112
1754052324.91846,0,-1,-105
1754052324.9574602,0,0,-114
1754052324.9934602,3,0,-115
1754052325.03146,-1,1,-114
1754052325.0694602,-1,4,-120
1754052325.1084602,3,-2,-130
1754052325.14646,1,1,-119
1754052325.18246,2,-4,-119
1754052325.2204602,-4,-1,-119
1754052325.2594602,-5,1,-115
1754052325.29746,-6,-5,-108
1754052325.33346,-6,1,-123
1754052325.37246,-1,6,-122
1754052325.40946,5,0,-113
1754052325.4474602,-3,-1,-109
1754052325.4864602,-6,1,-115
1754052325.52246,-9,0,-119
1754052325.5594602,-8,0,-119
1754052325.59746,-5,3,-113
1754052325.63646,-6,-1,-115
1754052325.67246,-1,0,-110
1754052325.7104602,9,-5,-115
1754052325.74846,0,-7,-110
1754052325.78746,8,-1,-114
1754052325.82346,-6,4,-111
1754052325.8614602,1,-1,-114
1754052325.89946,0,0,-119
1754052325.93846,4,-2,-114
1754052325.97646,-2,-2,-123
1754052326.01246,0,3,-115
1754052326.0494602,1,3,-122
1754052326.0884602,5,-5,-130
1754052326.12646,-1,-5,-142
1754052326.16246,4,0,-123
1754052326.19946,3,0,-117
1754052326.23846,-6,2,-121
1754052326.2764602,-1,4,-115
1754052326.3124602,0,-5,-119
1754052326.35046,3,5,-123
1754052326.3884602,4,0,-122
1754052326.4274602,-5,-2,-124
1754052326.4634602,-2,-2,-122
1754052326.50146,0,0,-112
1754052326.5394602,2,-3,-109
1754052326.57846,1,1,-121
1754052326.61646,-6,-10,-124
1754052326.65246,-6,-2,-126
1754052326.6904602,-10,-6,-118
1754052326.72946,4,-1,-116
1754052326.76746,0,1,-120
1754052326.80346,-1,2,-119
1754052326.8424602,5,0,-114
1754052326.87946,-6,0,-113
1754052326.91846,3,-1,-113
1754052326.95446,4,-1,-116
1754052326.99246,1,-2,-136
1754052327.03046,3,0,-123
1754052327.06846,-3,1,-118
1754052327.10746,-5,3,-111
1754052327.14346,-2,6,-111
1754052327.18146,0,5,-110
1754052327.21946,-1,1,-113
1754052327.25846,-1,0,-106
1754052327.29446,-6,-3,-121
1754052327.3324602,3,1,-119
1754052327.37046,1,-2,-116
1754052327.40946,-4,-7,-118
1754052327.4474602,-4,-4,-125
1754052327.4834602,-1,4,-127
1754052327.52146,4,0,-124
1754052327.5594602,2,-5,-122
1754052327.5984602,2,-5,-108
1754052327.6344602,2,-5,-113
1754052327.67246,-1,-1,-114
1754052327.7104602,-6,1,-114
1754052327.74846,-1,-4,-117
1754052327.78746,0,0,-123
1754052327.82346,-3,0,-121
1754052327.8614602,0,1,-118
1754052327.89946,-1,-1,-115
1754052327.93846,3,-3,-111
1754052327.97446,5,-1,-120
1754052328.01246,3,-1,-121
1754052328.05146,8,-1,-111
1754052328.08946,10,3,-121
1754052328.12746,6,3,-119
1754052328.16346,1,6,-116
1754052328.20146,1,5,-113
1754052328.23946,4,6,-113
1754052328.27746,1,2,-122
1754052328.31346,4,-1,-129
1754052328.35146,8,-5,-122
1754052328.38946,1,0,-121
1754052328.42846,-9,0,-122
1754052328.46446,0,-1,-109
1754052328.50146,-7,4,-121
1754052328.5394602,0,-3,-103
1754052328.57846,0,-4,-108
1754052328.61446,3,-2,-111
1754052328.65246,9,-6,-117
1754052328.6904602,9,0,-130
1754052328.72946,7,2,-125
1754052328.76746,6,3,-127
1754052328.80346,-3,2,-120
1754052328.84146,2,0,-111
1754052328.87946,2,1,-107
1754052328.91846,3,-1,-120
1754052328.95446,3,3,-110
1754052328.99246,2,-2,-111
1754052329.0294602,8,3,-117
1754052329.06846,3,0,-115
1754052329.10446,-1,0,-112
1754052329.14246,0,-6,-116
1754052329.18046,-5,-6,-110
1754052329.21946,-2,-2,-117
1754052329.25546,-1,-1,-120
1754052329.29346,3,-6,-111
1754052329.33146,-1,-8,-114
1754052329.36946,0,-3,-124
1754052329.41346,-2,0,-124
1754052329.45146,-2,6,-122
1754052329.48946,0,1,-113
1754052329.52846,2,7,-114
1754052329.56446,1,0,-106
1754052329.60146,4,-1,-104
1754052329.63946,0,1,-112
1754052329.67846,0,-4,-127
1754052329.71446,-2,-1,-125
1754052329.75246,-5,-3,-130
1754052329.79046,1,-3,-131
1754052329.82946,-1,-6,-118
1754052329.8654602,5,-6,-125
1754052329.90346,5,4,-124
1754052329.94246,2,11,-127
1754052329.9804602,4,-2,-118
1754052330.01846,-3,-8,-120
1754052330.05446,4,-8,-111
1754052330.0924602,-3,0,-112
1754052330.13046,-1,3,-108
1754052330.16946,3,-1,-116
1754052330.20546,4,-1,-119
1754052330.2434602,2,-9,-108
1754052330.28146,3,-5,-121
1754052330.32046,-2,-3,-118
1754052330.3584602,6,-8,-116
1754052330.3944602,5,-8,-112
1754052330.43246,4,-1,-118
1754052330.4704602,0,-2,-123
1754052330.5094602,-1,-2,-98
1754052330.54546,-1,1,-105
1754052330.58446,-1,0,-108
1754052330.6214602,11,-7,-113
1754052330.66046,8,-5,-102
1754052330.69846,4,-4,-110
1754052330.73446,4,-1,-108
1754052330.77246,0,-5,-107
1754052330.81046,1,-5,-112
1754052330.84946,1,-6,-116
1754052330.88546,10,-5,-107
1754052330.9244602,2,-4,-110
1754052330.96146,5,-4,-120
1754052331.00046,-1,-5,-121
1754052331.03846,0,-6,-114
1754052331.07446,6,-7,-113
1754052331.11246,8,-5,-120
1754052331.1514602,2,1,-119
1754052331.18946,5,-1,-123
1754052331.22546,1,1,-111
1754052331.26246,0,2,-109
1754052331.30146,0,0,-110
1754052331.33946,2,3,-124
1754052331.37546,3,-5,-119
1754052331.41346,5,-4,-117
1754052331.45146,3,-2,-122
1754052331.4904602,5,0,-116
1754052331.5264602,3,0,-125
1754052331.56446,0,4,-123
1754052331.60246,0,-1,-132
1754052331.64046,-6,-6,-118
1754052331.67946,0,0,-121
1754052331.71546,2,-3,-124
1754052331.7534602,4,-3,-107
1754052331.79146,3,-7,-126
1754052331.83046,3,-8,-129
1754052331.86646,5,-5,-116
1754052331.9044602,2,-7,-119
1754052331.94246,0,-5,-123
1754052331.98146,6,-4,-120
1754052332.0194602,7,0,-128
1754052332.05546,5,-1,-119
1754052332.09346,-4,3,-114
1754052332.1314602,-4,0,-115
1754052332.17046,0,-4,-116
1754052332.20646,-1,-9,-129
1754052332.24446,-3,-8,-130
1754052332.2824602,3,-1,-114
1754052332.32146,0,2,-121
1754052332.35946,0,0,-122
1754052332.39546,-3,4,-123
1754052332.43246,-3,-5,-113
1754052332.47146,-5,-4,-119
1754052332.5094602,-7,1,-117
1754052332.54546,-7,0,-125
1754052332.5824602,-5,-7,-128
1754052332.6214602,1,-3,-117
1754052332.65946,3,2,-112
1754052332.69546,0,-5,-118
1754052332.73446,-1,0,-116
1754052332.77146,-1,4,-115
1754052332.81046,-3,-1,-116
1754052332.84646,5,0,-119
1754052332.8844602,10,-7,-126
1754052332.9214602,9,0,-115
1754052332.9604602,7,-2,-104
1754052332.9964602,0,0,-108
1754052333.03346,-4,-1,-117
1754052333.07146,0,3,-129
1754052333.11046,5,2,-112
1754052333.14646,3,3,-103
1754052333.1844602,4,-1,-114
1754052333.22146,2,0,-113
1754052333.26046,7,4,-110
1754052333.2964602,3,0,-119
1754052333.33446,3,-5,-120
1754052333.3714602,2,-1,-116
1754052333.41046,-2,-7,-121
1754052333.44646,-5,-7,-127
1754052333.48446,1,-9,-113
1754052333.52246,0,-1,-121
1754052333.56146,-4,0,-117
1754052333.59746,1,-3,-124
1754052333.63546,2,-3,-116
1754052333.67346,0,5,-111
1754052333.71246,-2,1,-114
1754052333.75046,1,-2,-120
1754052333.7864602,1,1,-115
1754052333.8254602,0,0,-126
1754052333.86246,6,0,-123
1754052333.9014602,6,0,-126
1754052333.9404602,-5,8,-123
1754052333.97646,-3,3,-114
1754052334.0134602,5,-4,-124
1754052334.0524602,5,-7,-113
1754052334.09046,0,-7,-118
1754052334.12646,3,-2,-118
1754052334.1644602,2,-6,-116
1754052334.20246,0,-4,-107
1754052334.24146,2,0,-119
1754052334.27746,-3,-5,-118
1754052334.3154602,-4,-1,-116
1754052334.35346,0,-3,-119
1754052334.39246,-3,-4,-133
1754052334.43046,-1,-5,-123
1754052334.46646,-1,-3,-118
1754052334.50546,0,-5,-116
1754052334.5424602,5,-5,-115
1754052334.58146,6,-9,-130
1754052334.61746,0,-7,-116
1754052334.65546,5,-5,-126
1754052334.69346,-1,0,-111
1754052334.73246,1,-4,-114
1754052334.77046,4,2,-111
1754052334.80646,0,3,-116
1754052334.84446,-1,-7,-120
1754052334.88346,2,-4,-111
1754052334.9214602,4,-9,-120
1754052334.9574602,0,-6,-116
1754052334.99446,0,0,-128
1754052335.03346,5,-2,-115
1754052335.07146,5,0,-115
1754052335.10746,1,-4,-99
1754052335.14546,5,-7,-111
1754052335.18346,3,-4,-118
1754052335.22246,2,3,-110
1754052335.26046,-1,0,-111
1754052335.2964602,-2,-1,-104
1754052335.33446,4,0,-109
1754052335.37246,1,4,-116
1754052335.4114602,0,0,-120
1754052335.4474602,-5,3,-127
1754052335.48546,-4,-1,-113
1754052335.52346,-3,-2,-116
1754052335.5624602,1,-3,-116
1754052335.5984602,3,-4,-127
1754052335.63646,7,-1,-125
1754052335.6744602,-1,-2,-115
1754052335.71246,-3,2,-122
1754052335.75146,-3,-3,-123
1754052335.78746,-1,-2,-123
1754052335.8254602,-3,-3,-125
1754052335.86346,0,-6,-118
1754052335.90246,0,0,-113
1754052335.93846,1,-1,-111
1754052335.97646,0,4,-118
1754052336.01446,3,2,-113
1754052336.0524602,-1,2,-121
1754052336.09146,4,-2,-112
1754052336.12746,5,-1,-113
1754052336.16546,2,-2,-116
1754052336.20346,4,-1,-120
1754052336.24246,5,0,-124
1754052336.27846,5,0,-128
1754052336.3154602,-1,-2,-123
1754052336.35346,1,-6,-124
1754052336.39246,3,0,-118
1754052336.42846,1,1,-114
1754052336.46546,-3,-3,-112
1754052336.5034602,3,-1,-117
1754052336.5424602,-3,-9,-119
1754052336.57846,-7,-5,-116
1754052336.61646,-4,-4,-114
1754052336.65546,-4,-8,-117
1754052336.69346,10,-5,-123
1754052336.73146,2,-3,-110
1754052336.76846,-4,-4,-116
1754052336.80546,7,0,-110
1754052336.84346,0,-3,-105
1754052336.88246,-3,-3,-116
1754052336.91846,-2,-4,-114
1754052336.95646,-9,1,-131
1754052336.99446,2,-4,-120
1754052337.03346,1,0,-127
1754052337.07146,-5,3,-113
1754052337.10746,-10,-2,-112
1754052337.14646,0,-3,-123
1754052337.18346,0,0,-123
1754052337.22246,7,-1,-114
1754052337.25846,0,3,-112
1754052337.2964602,7,2,-109
1754052337.33346,-4,-4,-114
1754052337.37246,2,1,-116
1754052337.40846,-4,-1,-113
1754052337.44646,-12,-5,-121
1754052337.48546,-3,1,-122
1754052337.52346,1,-6,-116
1754052337.5594602,0,-4,-106
1754052337.59746,3,0,-105
1754052337.63546,2,-6,-121
1754052337.67346,-2,0,-120
1754052337.71246,0,0,-111
1754052337.74846,0,0,-118
1754052337.78546,-4,2,-121
1754052337.82346,6,-6,-113
1754052337.86246,2,2,-110
1754052337.89846,6,4,-114
1754052337.93546,0,1,-109
1754052337.9734602,0,1,-115
1754052338.01246,-8,0,-113
1754052338.04846,-3,0,-119
1754052338.0854602,0,3,-128
1754052338.12346,-8,-1,-122
1754052338.16246,-9,3,-123
1754052338.19846,0,0,-123
1754052338.23546,6,5,-126
1754052338.27446,-4,0,-114
1754052338.3124602,0,0,-118
1754052338.3484602,5,1,-112
1754052338.38546,6,0,-120
1754052338.4244602,11,1,-113
1754052338.46246,-3,-1,-120
1754052338.49846,-11,2,-122
1754052338.5364602,-6,2,-121
1754052338.57446,-2,-2,-111
1754052338.61346,-1,-5,-110
1754052338.64946,0,0,-124
1754052338.6874602,2,3,-122
1754052338.72646,-2,0,-116
1754052338.76446,1,0,-115
1754052338.8024602,-8,2,-115
1754052338.8384602,4,-3,-117
1754052338.87646,4,4,-124
1754052338.91546,7,6,-126
1754052338.95346,-3,2,-122
1754052338.98946,3,-3,-124
1754052339.02746,0,0,-125
1754052339.0654602,-4,0,-132
1754052339.10446,1,3,-132
1754052339.14246,0,-1,-116
1754052339.17846,-1,-11,-118
1754052339.21646,0,-6,-118
1754052339.25446,6,-3,-105
1754052339.29346,0,-2,-113
1754052339.32946,-7,3,-109
1754052339.36746,3,0,-113
1754052339.40546,-3,-1,-121
1754052339.44946,0,0,-105
1754052339.48746,2,-5,-109
1754052339.5264602,0,0,-116
1754052339.56446,5,3,-110
1754052339.60046,0,1,-122
1754052339.63746,1,-4,-127
1754052339.67546,-4,-3,-123
1754052339.71446,-2,-3,-126
1754052339.75046,0,0,-122
1754052339.78746,0,-6,-121
1754052339.8254602,7,-1,-118
1754052339.86446,-2,3,-112
1754052339.90046,0,-1,-119
1754052339.93946,-2,3,-118
1754052339.97646,0,0,-122
1754052340.01446,-2,-7,-104
1754052340.05346,4,-1,-101
1754052340.08946,-8,-1,-112
1754052340.12746,-3,0,-118
1754052340.16546,5,-5,-113
1754052340.20446,2,-9,-113
1754052340.2404602,-1,-3,-116
1754052340.27846,0,0,-119
1754052340.31646,-2,-2,-109
1754052340.3554602,0,-5,-107
1754052340.39346,5,0,-123
1754052340.42946,2,5,-117
1754052340.46646,1,5,-121
1754052340.50546,-1,4,-113
1754052340.54346,2,0,-109
1754052340.57946,-2,-6,-113
1754052340.61746,6,-11,-112
1754052340.65546,2,-3,-126
1754052340.6944602,0,0,-121
1754052340.7304602,0,-5,-128
1754052340.76846,0,-5,-123
1754052340.80646,8,-4,-116
1754052340.8454602,9,-4,-122
1754052340.88346,7,0,-109
1754052340.91946,4,-3,-108
1754052340.9574602,6,0,-124
1754052340.99546,11,-3,-128
1754052341.03446,0,-2,-122
1754052341.07046,1,-11,-120
1754052341.1084602,-1,2,-116
1754052341.14646,-9,-7,-119
1754052341.18546,2,-2,-106
1754052341.2234602,1,-1,-109
1754052341.2594602,0,-2,-107
1754052341.29746,6,0,-104
1754052341.3354602,5,-1,-104
1754052341.37446,0,3,-118
1754052341.41046,0,-4,-126
1754052341.44846,0,-4,-116
1754052341.4864602,-2,-2,-117
1754052341.52546,-3,0,-118
1754052341.56146,1,3,-107
1754052341.59946,3,2,-122
1754052341.63746,5,4,-121
1754052341.67546,3,6,-118
1754052341.71446,-1,-5,-128
1754052341.75046,-2,-2,-131
1754052341.7894602,0,0,-125
1754052341.82646,-2,-1,-126
1754052341.8654602,-3,-4,-117
1754052341.9014602,8,0,-128
1754052341.93946,4,-2,-124
1754052341.97746,0,-2,-119
1754052342.01546,2,-7,-114
1754052342.05446,2,7,-117
1754052342.09046,4,5,-117
1754052342.12746,5,0,-117
1754052342.16546,5,4,-105
1754052342.20446,2,0,-110
1754052342.2404602,5,-3,-109
1754052342.27846,3,-8,-119
1754052342.31646,1,-4,-123
1754052342.3554602,-4,-4,-113
1754052342.3914602,-2,0,-112
1754052342.42946,5,2,-118
1754052342.4674602,7,-2,-123
1754052342.5064602,1,-5,-113
1754052342.54446,2,0,-114
1754052342.58046,8,0,-114
1754052342.61746,4,6,-118
1754052342.65646,-3,-4,-134
1754052342.6944602,3,0,-131
1754052342.7304602,2,5,-127
1754052342.76746,7,0,-128
1754052342.80646,5,-5,-127
1754052342.84446,7,-7,-118
1754052342.88046,5,-8,-106
1754052342.91946,7,-5,-113
1754052342.95646,3,-8,-125
1754052342.99546,0,0,-124
1754052343.03146,0,-8,-117
1754052343.0694602,4,0,-113
1754052343.10646,-2,0,-122
1754052343.14546,0,3,-123
1754052343.18146,4,0,-118
1754052343.21946,-2,-1,-126
1754052343.2564602,2,-4,-115
1754052343.29546,0,-5,-118
1754052343.33146,5,2,-117
1754052343.3684602,-2,5,-116
1754052343.40646,3,0,-120
1754052343.44546,-1,0,-116
1754052343.48146,0,0,-112
1754052343.51846,5,3,-107
1754052343.55646,0,-4,-114
1754052343.5954602,3,-1,-110
1754052343.6314602,0,0,-118
1754052343.66946,1,-6,-121
1754052343.70646,9,0,-122
1754052343.74546,2,-3,-110
1754052343.78146,4,-3,-121
1754052343.8194602,0,-9,-123
1754052343.85746,-6,-10,-122
1754052343.89646,1,-6,-118
1754052343.93246,0,-3,-120
1754052343.9704602,-3,-3,-118
1754052344.00846,6,-8,-124
1754052344.0464602,4,-8,-107
1754052344.0854602,2,0,-116
1754052344.1214602,-3,-4,-124
1754052344.15946,0,-3,-115
1754052344.1974602,-2,0,-117
1754052344.2364602,-6,-5,-112
1754052344.27246,-1,-3,-113
1754052344.31046,2,-1,-122
1754052344.3484602,-2,-5,-122
1754052344.38646,-3,1,-127
1754052344.42546,0,0,-120
1754052344.46146,4,0,-115
1754052344.49846,1,-1,-109
1754052344.53746,1,-8,-120
1754052344.5754602,4,-2,-117
1754052344.6114602,8,0,-119
1754052344.64846,3,0,-121
1754052344.6874602,-4,-1,-120
1754052344.72546,3,0,-114
1754052344.76146,1,-4,-110
1754052344.7994602,1,3,-117
1754052344.83746,-2,2,-124
1754052344.87646,-6,2,-118
1754052344.91346,-8,2,-104
1754052344.9504602,2,7,-118
1754052344.98846,7,0,-116
1754052345.02746,0,-4,-117
1754052345.0654602,4,-8,-129
1754052345.10146,4,-7,-116
1754052345.14046,7,-8,-113
1754052345.1774602,7,0,-106
1754052345.21646,-2,0,-107
1754052345.2534602,0,3,-121
1754052345.29046,-5,0,-118
1754052345.32846,-1,-2,-112
1754052345.36746,2,-5,-116
1754052345.40546,-1,-6,-128
1754052345.44146,-2,0,-114
1754052345.47946,0,0,-113
1754052345.51746,0,-4,-113
1754052345.55646,-3,0,-124
1754052345.5924602,-5,1,-117
1754052345.63046,-2,4,-127
1754052345.66846,-5,-2,-125
1754052345.7074602,-1,0,-110
1754052345.74546,-3,-5,-113
1754052345.7824602,-3,-4,-117
1754052345.82046,0,-1,-119
1754052345.8584602,-5,-7,-133
1754052345.89746,0,-7,-116
1754052345.93346,-3,-4,-119
1754052345.97146,0,0,-119
1754052346.0094602,-3,0,-115
1754052346.04746,4,-4,-125
1754052346.08646,8,2,-121
1754052346.12246,-3,0,-123
1754052346.15946,-5,3,-118
1754052346.1974602,1,5,-123
1754052346.2364602,4,3,-113
1754052346.27246,8,-1,-113
1754052346.31146,4,0,-116
1754052346.3484602,-6,-3,-116
1754052346.38746,2,-7,-114
1754052346.42346,1,-7,-125
1754052346.46146,0,-5,-120
1754052346.49946,0,-4,-118
1754052346.53846,1,0,-125
1754052346.57646,2,3,-117
1754052346.61246,1,3,-106
1754052346.64946,-2,0,-116
1754052346.68846,0,2,-120
1754052346.72646,-1,-1,-107
1754052346.76246,0,0,-110
1754052346.7994602,0,-5,-106
1754052346.8384602,-5,-8,-106
1754052346.87646,-2,-2,-117
1754052346.91246,-3,2,-117
1754052346.9504602,-3,3,-119
1754052346.98846,3,-2,-115
1754052347.02746,1,3,-118
1754052347.06346,-4,0,-120
1754052347.10146,-5,-7,-113
1754052347.14046,-1,-3,-122
1754052347.17846,-1,0,-117
1754052347.21646,-6,0,-123
1754052347.25246,0,-4,-118
1754052347.29046,0,-2,-121
1754052347.32846,8,-1,-119
1754052347.36746,11,-3,-114
1754052347.40346,10,1,-110
1754052347.4404602,3,3,-123
1754052347.47846,0,-6,-121
1754052347.51746,-1,-5,-122
1754052347.55346,-3,0,-125
1754052347.59046,1,0,-122
1754052347.6284602,1,0,-128
1754052347.6674602,5,1,-120
1754052347.70346,5,-3,-125
1754052347.74146,3,-4,-119
1754052347.7794602,-5,-12,-110
1754052347.81846,1,-6,-113
1754052347.85446,5,-1,-129
1754052347.89246,6,1,-132
1754052347.93046,5,-2,-127
1754052347.96846,1,-4,-121
1754052348.00746,0,0,-113
1754052348.04346,-1,0,-119
1754052348.08146,-6,0,-117
1754052348.12046,-1,-2,-127
1754052348.15846,-5,-3,-110
1754052348.1944602,-2,4,-117
1754052348.23246,-5,-2,-113
1754052348.27046,-1,2,-117
1754052348.30846,13,0,-122
1754052348.34746,10,2,-120
1754052348.38346,7,0,-111
1754052348.42046,3,0,-110
1754052348.45846,0,0,-119
1754052348.49746,3,0,-103
1754052348.53346,6,0,-116
1754052348.57046,3,-5,-121
1754052348.6084602,5,-5,-117
1754052348.64746,2,4,-112
1754052348.68346,-10,0,-125
1754052348.72146,-1,4,-122
1754052348.7594602,-5,7,-126
1754052348.79846,-2,1,-123
1754052348.83446,0,4,-131
1754052348.87246,-2,0,-117
1754052348.91046,-3,-4,-124
1754052348.94946,5,-4,-128
1754052348.98746,3,-3,-120
1754052349.02346,1,0,-122
1754052349.06146,-2,-2,-126
1754052349.09946,-1,-4,-127
1754052349.13746,7,-5,-115
1754052349.17346,1,-7,-116
1754052349.21146,0,0,-114
1754052349.24946,-4,3,-102
1754052349.28846,-2,-3,-113
1754052349.32446,1,-3,-120
1754052349.36246,1,-3,-113
1754052349.40046,0,0,-109
1754052349.43946,0,-1,-110
1754052349.4834602,3,4,-120
1754052349.52146,-6,6,-114
1754052349.5594602,-3,1,-114
1754052349.5984602,-5,2,-123
1754052349.6344602,-3,-1,-113
1754052349.67246,-2,5,-110
1754052349.7104602,-3,-3,-107
1754052349.74946,-1,-9,-115
1754052349.78746,-2,-6,-112
1754052349.82346,-9,0,-114
1754052349.86046,-2,1,-118
1754052349.89946,7,-5,-117
1754052349.93546,1,-6,-128
1754052349.97446,0,-1,-127
1754052350.01146,-6,3,-120
1754052350.0494602,-3,3,-125
1754052350.0884602,-1,-5,-121
1754052350.12446,2,-7,-122
1754052350.16246,0,-8,-115
1754052350.2004602,8,0,-122
1754052350.23946,5,6,-121
1754052350.27546,4,0,-125
1754052350.3124602,4,1,-122
1754052350.35046,3,2,-123
1754052350.38946,3,2,-121
1754052350.42546,-1,2,-117
1754052350.4634602,-4,-3,-109
1754052350.50146,2,-2,-114
1754052350.5394602,1,-3,-133
1754052350.57846,4,-8,-119
1754052350.61446,5,-1,-115
1754052350.65246,5,0,-115
1754052350.69146,0,-8,-125
1754052350.72946,1,-3,-122
1754052350.76546,-3,-2,-125
1754052350.80346,-3,-2,-105
1754052350.84146,2,0,-119
1754052350.88046,-4,-1,-120
1754052350.91846,0,-4,-123
1754052350.95446,0,0,-127
1754052350.99146,0,4,-120
1754052351.03046,0,-2,-119
1754052351.06846,1,-3,-119
1754052351.10446,2,0,-123
1754052351.1414602,0,-3,-122
1754052351.18046,5,1,-118
1754052351.21846,0,-7,-116
1754052351.25446,-2,-3,-126
1754052351.2924602,-3,-5,-108
1754052351.33046,-2,-5,-120
1754052351.36946,0,-1,-122
1754052351.40546,1,2,-122
1754052351.44246,0,-3,-117
1754052351.4804602,2,-3,-123
1754052351.5194602,-3,-2,-122
1754052351.55546,3,3,-129
1754052351.5924602,1,3,-121
1754052351.63046,0,2,-115
1754052351.66946,4,2,-109
1754052351.70546,-4,3,-114
1754052351.74246,0,-2,-118
1754052351.78046,-7,-6,-121
1754052351.8194602,3,-9,-116
1754052351.8554602,7,-13,-113
1754052351.89346,3,-6,-112
1754052351.93146,-4,-2,-115
1754052351.9704602,6,-7,-126
1754052352.00846,-1,0,-126
1754052352.04446,2,-3,-124
1754052352.0824602,-1,0,-121
1754052352.1214602,-5,-2,-108
1754052352.15946,3,-2,-122
1754052352.19546,4,-8,-115
1754052352.2334602,4,-2,-110
1754052352.27146,0,0,-118
1754052352.31046,-1,-7,-119
1754052352.34646,0,2,-112
1754052352.38346,3,-5,-116
1754052352.4214602,-1,0,-102
1754052352.4604602,0,-4,-114
1754052352.4964602,3,-6,-127
1754052352.53446,10,8,-134
1754052352.5724602,4,-3,-110
1754052352.61046,0,-11,-113
1754052352.64946,0,4,-111
1754052352.68546,4,0,-120
1754052352.7234602,0,5,-118
1754052352.76146,4,0,-117
1754052352.80046,4,-5,-125
1754052352.83646,4,3,-127
1754052352.87346,1,3,-106
1754052352.9114602,2,-1,-112
1754052352.9504602,1,0,-110
1754052352.9864602,0,0,-119
1754052353.02446,-6,3,-125
1754052353.06346,-3,-10,-121
1754052353.10146,0,-6,-107
1754052353.13946,5,0,-117
1754052353.17546,4,3,-117
1754052353.2134602,0,5,-116
1754052353.25146,6,1,-112
1754052353.2894602,3,-2,-117
1754052353.3254602,-5,-4,-122
1754052353.36346,-4,-6,-118
1754052353.4014602,-4,-5,-117
1754052353.4404602,5,-7,-119
1754052353.47646,-1,-3,-114
1754052353.51446,-1,-3,-117
1754052353.5524602,0,-6,-121
1754052353.59146,0,-7,-113
1754052353.62946,3,-3,-116
1754052353.66546,3,-5,-114
1754052353.70346,13,-1,-126
1754052353.74146,-1,-3,-130
1754052353.78046,-9,-7,-123
1754052353.81646,-5,-5,-120
1754052353.8554602,0,-11,-121
1754052353.89246,1,-3,-114
1754052353.93146,0,1,-123
1754052353.96946,4,0,-116
1754052354.0064602,0,-1,-119
1754052354.04346,-2,-9,-119
1754052354.08146,0,-8,-116
1754052354.12046,0,-2,-118
1754052354.15646,2,1,-117
1754052354.19346,0,1,-132
1754052354.23146,-7,8,-124
1754052354.27046,0,0,-109
1754052354.30646,-4,-5,-116
1754052354.34446,-2,-2,-113
1754052354.38246,3,-1,-121
1754052354.4214602,-5,0,-117
1754052354.4574602,-6,-6,-114
1754052354.49546,-8,0,-111
1754052354.53346,1,-5,-110
1754052354.5724602,4,0,-116
1754052354.61046,4,-5,-115
1754052354.64646,-1,-3,-121
1754052354.6844602,0,3,-113
1754052354.72246,-2,0,-116
1754052354.76146,0,7,-123
1754052354.79746,4,-2,-109
1754052354.8354602,7,2,-119
1754052354.87346,-5,-1,-129
1754052354.91246,-3,5,-127
1754052354.9504602,2,4,-132
1754052354.9864602,-1,3,-121
1754052355.02446,0,3,-123
1754052355.0624602,5,-4,-130
1754052355.10146,4,-5,-118
1754052355.13746,-7,-8,-119
1754052355.17546,1,0,-113
1754052355.2134602,-7,7,-108
1754052355.25246,0,3,-117
1754052355.29046,0,2,-109
1754052355.32646,-1,-2,-122
1754052355.36446,0,0,-116
1754052355.40246,-2,4,-114
1754052355.44146,6,-1,-111
1754052355.47746,3,5,-114
1754052355.51446,9,-2,-107
1754052355.5524602,0,3,-109
1754052355.59146,8,-5,-121
1754052355.62746,3,2,-130
1754052355.6644602,3,-2,-129
1754052355.70246,2,-7,-114
1754052355.74146,1,-1,-115
1754052355.77746,-10,-2,-121
1754052355.8154602,-1,-5,-112
1754052355.85346,0,-4,-114
1754052355.89246,5,0,-116
1754052355.93046,3,3,-113
1754052355.96646,0,2,-120
1754052356.0034602,1,-1,-120
1754052356.0424602,0,-1,-120
1754052356.08046,4,-7,-123
1754052356.11746,0,-5,-123
1754052356.15546,0,0,-131
1754052356.19346,2,0,-122
1754052356.23246,-1,-6,-122
1754052356.26846,0,-4,-118
1754052356.30646,-1,-8,-116
1754052356.34446,-5,2,-108
1754052356.38246,-2,-4,-109
1754052356.4214602,5,-4,-106
1754052356.4574602,0,-2,-118
1754052356.49446,-3,1,-121
1754052356.5324602,-6,4,-122
1754052356.57146,1,3,-123
1754052356.60746,0,1,-123
1754052356.6444602,-1,0,-122
1754052356.68246,4,-3,-118
1754052356.72146,-2,-8,-116
1754052356.75746,0,-5,-120
1754052356.79446,-3,-1,-110
1754052356.8324602,0,5,-114
1754052356.8714602,-3,4,-125
1754052356.9074602,-1,0,-120
1754052356.94546,0,3,-125
1754052356.9834602,0,3,-130
1754052357.02246,5,3,-105
1754052357.05846,0,-2,-115
1754052357.09646,-4,-4,-127
1754052357.13546,-1,-1,-112
1754052357.17346,-2,-6,-121
1754052357.21146,-5,-3,-121
1754052357.24746,-4,0,-114
1754052357.28546,1,-6,-120
1754052357.32346,4,3,-109
1754052357.36246,-5,-5,-113
1754052357.39846,-1,0,-117
1754052357.43646,0,2,-120
1754052357.47446,0,0,-118
1754052357.5134602,-5,9,-106
1754052357.55146,-2,8,-106
1754052357.58746,-3,0,-113
1754052357.62446,-6,-4,-113
1754052357.66346,-2,-3,-124
1754052357.70146,0,-3,-117
1754052357.73746,-2,4,-126
1754052357.77546,0,-4,-126
1754052357.81346,9,-7,-124
1754052357.85246,2,-7,-109
1754052357.88946,10,-9,-111
1754052357.92646,6,3,-107
1754052357.96546,9,2,-116
1754052358.0034602,2,-2,-121
1754052358.04146,0,0,-115
1754052358.07746,-3,2,-116
1754052358.1154602,0,1,-112
1754052358.15346,0,-6,-111
1754052358.19246,-1,-5,-120
1754052358.22846,0,-3,-120
1754052358.2664602,5,0,-118
1754052358.30446,1,-3,-105
1754052358.34346,1,-2,-121
1754052358.37946,-1,0,-128
1754052358.4174602,-5,0,-125
1754052358.45546,2,0,-122
1754052358.4934602,8,0,-117
1754052358.5324602,8,-4,-115
1754052358.56846,-5,0,-120
1754052358.60646,4,1,-128
1754052358.6444602,-5,0,-113
1754052358.68346,1,-3,-118
1754052358.71946,0,0,-111
1754052358.7564602,-2,0,-125
1754052358.79446,6,-3,-120
1754052358.83346,-1,-3,-107
1754052358.86946,1,0,-106
1754052358.90646,-1,2,-110
1754052358.9444602,-3,3,-119
1754052358.9834602,3,6,-122
1754052359.0194602,2,5,-127
1754052359.05646,1,2,-106
1754052359.0954602,-12,2,-113
1754052359.13346,-14,-8,-115
1754052359.16946,-8,-6,-115
1754052359.20846,-3,0,-120
1754052359.24546,-2,7,-117
1754052359.28446,7,-2,-121
1754052359.3224602,0,-1,-119
1754052359.3584602,2,0,-122
1754052359.39546,4,1,-115
1754052359.4344602,4,-6,-119
1754052359.47246,8,1,-105
1754052359.5164602,0,-3,-114
1754052359.55446,3,-1,-124
1754052359.59346,1,-1,-116
1754052359.62946,-4,1,-112
1754052359.6674602,-4,-17,-120
1754052359.70546,2,-6,-119
1754052359.74446,4,1,-115
1754052359.7824602,3,1,-116
1754052359.81846,-4,-1,-115
1754052359.85646,2,-1,-122
1754052359.89546,-2,3,-119
1754052359.93346,-1,-1,-121
1754052359.96946,-3,-2,-126
1754052360.00846,-7,-4,-117
1754052360.04546,-4,-4,-118
1754052360.08446,-3,-3,-117
1754052360.12246,-2,-2,-114
1754052360.15846,0,-5,-116
1754052360.19646,-5,-1,-114
1754052360.23446,-11,-3,-113
1754052360.27346,-3,0,-116
1754052360.3094602,-10,-2,-114
1754052360.34746,3,-2,-109
1754052360.38546,6,3,-109
1754052360.4244602,-7,0,-126
1754052360.46246,-2,-3,-116
1754052360.49946,-5,5,-110
1754052360.53746,0,3,-125
1754052360.5754602,3,1,-124
1754052360.61446,4,-1,-122
1754052360.65046,0,0,-120
1754052360.6874602,-4,0,-119
1754052360.72546,0,0,-120
1754052360.76446,-8,0,-117
1754052360.80046,-3,2,-114
1754052360.8384602,0,-3,-115
1754052360.87646,1,-4,-112
1754052360.91546,-4,0,-115
1754052360.95346,2,-3,-108
1754052360.98946,0,-1,-106
1754052361.02746,1,-3,-100
1754052361.0654602,10,-7,-109
1754052361.10446,9,4,-117
1754052361.14046,2,-1,-118
1754052361.17946,0,-5,-120
1754052361.21646,5,0,-115
1754052361.25546,-6,-1,-113
1754052361.29346,-1,1,-114
1754052361.32946,5,-3,-116
1754052361.36746,8,1,-122
1754052361.40546,-1,-2,-131
1754052361.4444602,1,-4,-120
1754052361.4804602,-5,-3,-122
1754052361.51846,1,-2,-114
1754052361.55646,-3,0,-116
1754052361.5954602,5,-5,-120
1754052361.63346,0,-4,-119
1754052361.66946,2,-5,-122
1754052361.7074602,3,0,-126
1754052361.74546,-4,0,-126
1754052361.78446,-2,0,-125
1754052361.82046,-7,0,-124
1754052361.85746,-1,0,-116
1754052361.89646,0,0,-116
1754052361.9344602,0,-2,-121
1754052361.9704602,2,-3,-125
1754052362.0094602,0,2,-122
1754052362.0464602,-6,-2,-111
1754052362.0854602,-1,-6,-125
1754052362.12346,1,-9,-119
1754052362.15946,-1,-5,-121
1754052362.1974602,2,-1,-122
1754052362.23546,2,-5,-113
1754052362.27446,-5,-5,-112
1754052362.31046,0,-3,-126
1754052362.34946,0,-4,-124
1754052362.38746,-4,-5,-112
1754052362.42546,3,-6,-126
1754052362.4634602,2,-3,-123
1754052362.49946,5,-3,-131
1754052362.53746,9,-5,-111
1754052362.57646,-2,-5,-115
1754052362.61446,-2,4,-131
1754052362.65046,1,3,-118
1754052362.6874602,3,9,-121
1754052362.72646,0,-9,-116
1754052362.76446,-1,-2,-116
1754052362.80046,4,-2,-125
1754052362.8384602,-2,-5,-123
1754052362.87646,-3,1,-131
1754052362.91546,-1,-4,-126
1754052362.95146,7,-6,-123
1754052362.98846,1,-1,-121
1754052363.0264602,-4,0,-123
1754052363.0654602,2,-3,-112
1754052363.10146,6,1,-111
1754052363.1384602,6,-3,-114
1754052363.17646,7,0,-110
1754052363.21546,-4,-2,-107
1754052363.25146,0,-2,-117
1754052363.2894602,-2,-1,-120
1754052363.32746,-3,5,-120
1754052363.36646,0,3,-117
1754052363.4044602,1,-5,-114
1754052363.4404602,-1,0,-122
1754052363.47846,-4,-1,-116
1754052363.51746,-1,1,-113
1754052363.55546,2,6,-112
1754052363.59146,0,0,-122
1754052363.6284602,4,0,-113
1754052363.6674602,0,-2,-109
1754052363.70546,2,-1,-118
1754052363.74146,15,-4,-112
1754052363.78046,4,1,-119
1754052363.81846,0,8,-127
1754052363.85646,-4,-1,-120
1754052363.8944602,2,-8,-111
1754052363.93046,0,-4,-127
1754052363.96846,7,-5,-122
1754052364.0064602,8,5,-115
1754052364.04546,3,2,-116
1754052364.08146,-8,-2,-119
1754052364.11946,1,-2,-120
1754052364.1574602,0,0,-114
1754052364.19646,3,-6,-118
1754052364.23446,7,-4,-126
1754052364.27046,-4,4,-114
1754052364.30846,-2,2,-125
1754052364.34646,-3,1,-117
1754052364.3844602,0,-4,-113
1754052364.42046,-1,-5,-117
1754052364.45846,-2,-4,-122
1754052364.49746,0,0,-126
1754052364.53546,8,1,-122
1754052364.57146,6,-1,-126
1754052364.61046,1,2,-119
1754052364.64746,8,4,-115
1754052364.68646,0,0,-113
1754052364.72246,0,1,-109
1754052364.7594602,3,-3,-118
1754052364.79746,-1,1,-120
1754052364.83646,0,3,-121
1754052364.87246,-6,-1,-118
1754052364.91046,-4,-5,-125
1754052364.94846,0,-2,-118
1754052364.9864602,3,1,-116
1754052365.02546,3,-2,-118
1754052365.06146,0,5,-117
1754052365.0984602,0,5,-112
1754052365.13646,3,7,-108
1754052365.17546,-6,1,-115
1754052365.21146,0,0,-112
1754052365.24846,0,-5,-113
1754052365.2864602,-6,-12,-109
1754052365.3254602,-6,-4,-118
1754052365.3614602,-1,-6,-117
1754052365.40046,-2,6,-119
1754052365.43846,-1,10,-128
1754052365.47646,2,4,-121
1754052365.51246,7,-2,-121
1754052365.55046,-2,-1,-119
1754052365.5884602,4,-2,-121
1754052365.62746,0,5,-120
1754052365.66546,0,4,-116
1754052365.70146,-3,0,-112
1754052365.73946,-5,-5,-108
1754052365.77746,0,3,-125
1754052365.81646,0,-2,-113
1754052365.85246,-2,-6,-129
1754052365.89046,-12,-1,-126
1754052365.92846,-3,3,-120
1754052365.9674602,-3,6,-101
1754052366.00546,-3,8,-116
1754052366.04146,-1,2,-121
1754052366.07946,0,-1,-114
1754052366.11746,-1,-2,-124
1754052366.15646,2,-1,-119
1754052366.19246,0,-3,-115
1754052366.23146,-2,0,-125
1754052366.26846,1,-4,-120
1754052366.30746,10,0,-112
1754052366.3454602,6,-3,-120
1754052366.3814602,9,0,-121
1754052366.41946,0,0,-112
1754052366.4574602,0,5,-109
1754052366.49546,-2,-4,-112
1754052366.53146,0,-3,-118
1754052366.5694602,0,-4,-118
1754052366.60746,3,1,-118
1754052366.64646,1,2,-109
1754052366.68246,11,-2,-116
1754052366.7204602,4,-11,-125
1754052366.75846,-4,-3,-119
1754052366.79746,-1,-2,-112
1754052366.83346,-3,4,-111
1754052366.8714602,-12,2,-114
1754052366.90946,-6,-1,-119
1754052366.94846,-4,-4,-130
1754052366.9864602,-10,0,-124
1754052367.02246,-5,1,-120
1754052367.06146,-1,-2,-112
1754052367.0984602,0,-4,-116
1754052367.13746,0,0,-116
1754052367.17346,-3,0,-122
1754052367.21146,-1,-6,-119
1754052367.24946,1,0,-112
1754052367.28746,1,-3,-121
1754052367.32646,0,7,-127
1754052367.36246,4,-2,-132
1754052367.40046,-1,-4,-129
1754052367.43846,4,-2,-113
1754052367.47746,-7,-4,-116
1754052367.5134602,-13,4,-126
1754052367.55146,-2,1,-121
1754052367.58946,-2,2,-125
1754052367.6284602,-4,-3,-123
1754052367.66646,2,-9,-123
1754052367.70246,2,-3,-122
1754052367.7404602,4,-7,-128
1754052367.77846,4,-1,-124
1754052367.81746,2,-1,-114
1754052367.85346,2,3,-110
1754052367.89046,6,2,-109
1754052367.92846,0,1,-109
1754052367.9674602,6,-4,-107
1754052368.0034602,5,-1,-118
1754052368.04146,-2,-3,-115
1754052368.07946,-3,4,-115
1754052368.1184602,-2,2,-113
1754052368.15646,4,4,-113
1754052368.19246,-3,-2,-113
1754052368.2304602,0,-3,-114
1754052368.26846,-1,0,-106
1754052368.30746,-10,0,-113
1754052368.34346,2,-4,-123
1754052368.3814602,1,-5,-123
1754052368.41946,5,-5,-120
1754052368.45846,2,-7,-139
1754052368.4964602,0,-4,-123
1754052368.5324602,0,-5,-113
1754052368.57046,-2,1,-120
1754052368.6084602,-8,3,-115
1754052368.6444602,-2,3,-118
1754052368.68246,-1,0,-123
1754052368.7204602,0,0,-119
1754052368.75846,3,4,-125
1754052368.79746,3,1,-129
1754052368.83346,1,0,-126
1754052368.87046,-6,-4,-122
1754052368.90846,0,-4,-109
1754052368.9474602,0,1,-110
1754052368.9834602,2,-2,-111
1754052369.02146,2,-4,-114
1754052369.0594602,4,-5,-122
1754052369.0984602,2,-1,-112
1754052369.1344602,5,-5,-113
1754052369.17246,4,1,-110
1754052369.2104602,-1,-3,-113
1754052369.24946,0,-6,-115
1754052369.28746,-6,-2,-116
1754052369.32346,-5,-6,-118
1754052369.3614602,-3,-2,-115
1754052369.39946,0,-3,-115
1754052369.43846,1,-1,-114
1754052369.47446,-2,1,-117
1754052369.52046,-6,-5,-103
1754052369.5594602,-2,-9,-108
1754052369.59746,4,-5,-111
1754052369.63346,1,-6,-121
1754052369.6714602,5,0,-114
1754052369.70946,0,-3,-115
1754052369.74846,-1,-2,-122
1754052369.78446,-3,0,-114
1754052369.8224602,-5,-5,-119
1754052369.86046,1,0,-109
1754052369.89946,0,-6,-108
1754052369.9374602,0,4,-115
1754052369.9734602,-6,1,-107
1754052370.01146,3,-5,-114
1754052370.0494602,5,-5,-116
1754052370.0884602,1,0,-120
1754052370.12446,0,2,-118
1754052370.1614602,-3,1,-112
1754052370.19946,0,1,-102
1754052370.23846,-2,0,-117
1754052370.27446,0,-6,-112
1754052370.3124602,0,-1,-113
1754052370.35046,0,-5,-121
1754052370.3884602,-5,-3,-124
1754052370.4244602,-3,-6,-129
1754052370.46246,3,-2,-114
1754052370.50046,3,2,-119
1754052370.5394602,-1,4,-111
1754052370.57746,1,0,-104
1754052370.61346,0,3,-116
1754052370.65046,-2,-7,-119
1754052370.68946,3,-3,-114
1754052370.72746,1,-4,-107
1754052370.76546,-1,-4,-114
1754052370.8024602,-14,-1,-109
1754052370.84046,0,-5,-110
1754052370.87946,1,-2,-115
1754052370.91546,0,-6,-118
1754052370.95346,2,-5,-121
1754052370.99146,8,-2,-132
1754052371.0294602,12,2,-119
1754052371.06846,7,3,-121
1754052371.10446,2,0,-122
1754052371.1414602,-7,-10,-123
1754052371.17946,0,1,-119
1754052371.21846,0,0,-114
1754052371.25446,2,2,-118
1754052371.29146,10,3,-118
1754052371.32946,3,-2,-119
1754052371.3684602,-5,0,-121
1754052371.4044602,0,-3,-124
1754052371.44146,-2,0,-128
1754052371.47946,-3,-9,-124
1754052371.51846,2,-3,-131
1754052371.55446,-1,0,-123
1754052371.59146,-2,-2,-115
1754052371.63046,-7,-7,-115
1754052371.66846,0,-11,-112
1754052371.70446,0,-4,-99
1754052371.74146,-2,-4,-99
1754052371.78046,6,-4,-120
1754052371.81846,2,0,-122
1754052371.85446,2,0,-118
1754052371.8914602,-3,-2,-117
1754052371.93046,-8,3,-116
1754052371.96846,-3,-2,-114
1754052372.00446,-2,1,-120
1754052372.0424602,9,1,-119
1754052372.08046,5,-2,-113
1754052372.11946,4,-3,-126
1754052372.15546,1,-2,-116
1754052372.19346,0,-4,-125
1754052372.23146,0,0,-123
1754052372.27046,4,0,-132
1754052372.30846,6,0,-120
1754052372.34446,6,-2,-120
1754052372.38246,9,3,-111
1754052372.4214602,5,-4,-123
1754052372.45946,2,3,-117
1754052372.49546,0,-11,-114
1754052372.53346,3,-4,-116
1754052372.57146,0,-4,-111
1754052372.61046,0,0,-115
1754052372.64846,1,-1,-115
1754052372.6844602,-2,-4,-118
1754052372.72246,-5,-9,-119
1754052372.76046,-5,-3,-110
1754052372.7994602,-1,-5,-121
1754052372.8354602,3,-1,-118
1754052372.87346,2,5,-124
1754052372.91246,3,-10,-114
1754052372.9504602,3,-11,-112
1754052372.9864602,10,-9,-115
1754052373.02346,12,-4,-116
1754052373.0624602,-1,5,-109
1754052373.10046,-1,0,-120
1754052373.13646,2,-1,-122
1754052373.1744602,3,-3,-118
1754052373.21246,0,-1,-112
1754052373.25046,1,-4,-121
1754052373.2894602,0,-6,-126
1754052373.3254602,-2,-5,-119
1754052373.36346,5,-3,-122
1754052373.4014602,5,3,-114
1754052373.4404602,4,-2,-117
1754052373.47646,2,-1,-117
1754052373.51446,0,0,-122
1754052373.5524602,2,1,-125
1754052373.59046,5,-4,-115
1754052373.62946,9,1,-116
1754052373.66546,3,3,-115
1754052373.70246,2,7,-121
1754052373.74146,-1,3,-112
1754052373.7794602,5,5,-116
1754052373.8154602,1,-4,-122
1754052373.85346,2,-3,-123
1754052373.89246,1,-4,-117
1754052373.93046,-1,-3,-119
1754052373.96646,5,-6,-120
1754052374.00446,3,0,-116
1754052374.0424602,2,0,-110
1754052374.08146,10,-4,-120
1754052374.11946,6,2,-115
1754052374.15546,9,1,-127
1754052374.19246,-2,7,-116
1754052374.23146,-3,-5,-115
1754052374.2694602,-5,-7,-128
1754052374.30546,-6,-11,-123
1754052374.34346,0,-5,-115
1754052374.3814602,4,1,-121
1754052374.42046,8,2,-120
1754052374.45646,5,-3,-116
1754052374.49446,2,-8,-123
1754052374.5324602,0,-1,-108
1754052374.57146,7,1,-102
1754052374.60946,0,-1,-110
1754052374.64546,4,0,-105
1754052374.68346,4,0,-125
1754052374.72146,5,3,-116
1754052374.76046,-1,-3,-122
1754052374.7964602,-2,-2,-129
1754052374.83446,-2,-4,-125
1754052374.87246,-1,1,-125
1754052374.9114602,-1,1,-113
1754052374.9474602,3,-4,-117
1754052374.98546,3,-2,-116
1754052375.02346,9,-6,-111
1754052375.06146,-2,-4,-114
1754052375.10046,-7,-3,-110
1754052375.13646,-6,-6,-112
1754052375.1744602,-3,0,-120
1754052375.21246,1,-2,-115
1754052375.25146,1,4,-115
1754052375.28746,-3,0,-118
1754052375.3254602,-4,0,-112
1754052375.36446,-3,3,-111
1754052375.4014602,5,9,-108
1754052375.4404602,1,1,-107
1754052375.47646,-3,3,-100
1754052375.51446,4,-1,-113
1754052375.5524602,1,7,-109
1754052375.59146,-6,0,-111
1754052375.62746,6,0,-127
1754052375.6644602,7,-10,-123
1754052375.70246,5,-1,-137
1754052375.74146,2,-1,-123
1754052375.77746,0,4,-124
1754052375.81446,0,6,-121
1754052375.85246,0,0,-110
1754052375.8914602,-1,-1,-112
1754052375.9274602,-3,0,-106
1754052375.96546,-2,-2,-118
1754052376.0034602,0,-1,-110
1754052376.0424602,4,5,-110
1754052376.08046,-7,1,-129
1754052376.11646,-8,2,-130
1754052376.1544602,0,0,-118
1754052376.19246,-3,-3,-118
1754052376.23146,-4,0,-121
1754052376.26746,0,-3,-123
1754052376.30546,0,-11,-121
1754052376.34346,-1,-10,-119
1754052376.38246,-4,-1,-122
1754052376.42046,-3,-2,-120
1754052376.45646,-4,-6,-123
1754052376.49446,0,0,-110
1754052376.5324602,0,-2,-106
1754052376.57146,0,0,-120
1754052376.60746,-1,1,-120
1754052376.64546,3,3,-120
1754052376.68346,-2,0,-121
1754052376.72246,0,-1,-120
1754052376.76046,-1,-6,-113
1754052376.7964602,2,-2,-124
1754052376.8354602,2,3,-123
1754052376.87246,7,-1,-121
1754052376.9114602,4,-4,-117
1754052376.9474602,-6,0,-115
1754052376.98546,-1,2,-112
1754052377.02346,0,1,-112
1754052377.0624602,-1,6,-102
1754052377.0984602,1,-8,-104
1754052377.13646,0,-9,-113
1754052377.1744602,-1,-1,-114
1754052377.21246,3,0,-121
1754052377.25146,7,0,-119
1754052377.28746,0,-3,-126
1754052377.32646,-2,0,-120
1754052377.36346,-9,0,-108
1754052377.40246,-4,-10,-110
1754052377.43946,1,-7,-120
1754052377.47646,1,-2,-117
1754052377.51546,6,-1,-112
1754052377.5524602,12,3,-114
1754052377.59146,-1,-5,-125
1754052377.62746,-6,-10,-121
1754052377.66546,-6,-5,-121
1754052377.70346,1,-11,-113
1754052377.74246,-7,-2,-121
1754052377.77846,-3,-2,-120
1754052377.81646,3,0,-123
1754052377.85446,0,0,-108
1754052377.89346,0,-2,-117
1754052377.93146,-5,-1,-115
1754052377.9674602,0,-8,-114
1754052378.00546,0,-9,-119
1754052378.04346,6,-3,-107
1754052378.0824602,1,-2,-116
1754052378.1184602,0,-1,-103
1754052378.15646,-2,-3,-113
1754052378.19346,3,-8,-124
1754052378.23246,4,-5,-125
1754052378.26846,7,-8,-132
1754052378.30646,-1,-5,-123
1754052378.34446,0,-5,-105
1754052378.38346,-4,-5,-121
1754052378.4214602,0,-3,-133
1754052378.4574602,1,-2,-116
1754052378.49546,1,-6,-115
1754052378.53346,9,-3,-125
1754052378.5724602,-1,0,-120
1754052378.6084602,1,-1,-118
1754052378.64646,-6,-6,-112
1754052378.68546,0,7,-123
1754052378.7234602,0,0,-119
1754052378.76146,-2,5,-124
1754052378.79746,2,-4,-117
1754052378.8354602,0,-3,-122
1754052378.87346,0,-5,-106
1754052378.91246,1,-4,-116
1754052378.94846,1,1,-123
1754052378.98546,1,-2,-127
1754052379.02346,0,1,-122
1754052379.0624602,1,0,-115
1754052379.0984602,3,-2,-116
1754052379.13646,4,0,-115
1754052379.1744602,6,-6,-111
1754052379.2134602,3,-3,-118
1754052379.24946,-2,-3,-118
1754052379.28746,2,-3,-122
1754052379.3254602,2,-2,-112
1754052379.36346,0,0,-114
1754052379.40246,-1,-1,-125
1754052379.43846,6,-7,-113
1754052379.47646,0,-7,-119
1754052379.52246,-12,0,-111
1754052379.55846,-3,-2,-114
1754052379.59646,2,-4,-109
1754052379.6344602,1,-1,-119
1754052379.67346,-2,-2,-117
1754052379.70946,-6,0,-111
1754052379.74746,-2,-1,-112
1754052379.78546,5,0,-107
1754052379.82346,0,-2,-121
1754052379.86246,-1,-2,-114
1754052379.89846,5,-3,-118
1754052379.93646,6,0,-126
1754052379.97446,1,4,-117
1754052380.0134602,0,0,-116
1754052380.0494602,5,-5,-114
1754052380.0884602,2,-4,-114
1754052380.12546,2,-6,-116
1754052380.1644602,0,-7,-124
1754052380.20246,2,-2,-122
1754052380.23846,3,0,-105
1754052380.2764602,5,0,-115
1754052380.31446,-2,1,-115
1754052380.35246,-3,3,-112
1754052380.3884602,0,4,-115
1754052380.42546,-2,-4,-123
1754052380.46446,6,-4,-113
1754052380.50246,3,-4,-117
1754052380.53846,-2,-7,-113
1754052380.57746,0,-1,-113
1754052380.6154602,2,1,-111
1754052380.65346,0,0,-118
1754052380.68946,0,2,-117
1754052380.72646,-1,-5,-115
1754052380.76546,1,2,-111
1754052380.80346,0,-1,-119
1754052380.83946,2,0,-120
1754052380.87746,2,0,-118
1754052380.91546,5,-5,-119
1754052380.95446,0,1,-125
1754052380.99246,-4,6,-113
1754052381.02846,-2,6,-114
1754052381.06646,-3,3,-116
1754052381.10446,1,0,-103
1754052381.14346,2,-4,-118
1754052381.17946,-2,-6,-117
1754052381.2174602,5,-4,-111
1754052381.25546,6,-3,-118
1754052381.29446,3,0,-106
1754052381.33046,-3,0,-112
1754052381.36946,-1,2,-119
1754052381.40646,3,2,-122
1754052381.4444602,4,-2,-110
1754052381.4834602,3,-5,-121
1754052381.5194602,0,-10,-120
1754052381.55746,0,-1,-109
1754052381.5954602,0,-2,-112
1754052381.6344602,0,-5,-116
1754052381.67046,0,-2,-127
1754052381.70846,-3,-11,-116
1754052381.7464602,-3,-2,-126
1754052381.78446,1,2,-117
1754052381.82346,3,-1,-117
1754052381.85946,7,-1,-121
1754052381.89746,8,-2,-115
1754052381.93646,-3,-5,-126
1754052381.97446,3,2,-116
1754052382.01046,3,1,-120
1754052382.04746,1,-4,-122
1754052382.08646,4,-4,-117
1754052382.12446,4,-5,-119
1754052382.16046,4,0,-113
1754052382.1974602,10,3,-120
1754052382.2364602,3,-1,-120
1754052382.27446,10,-11,-114
1754052382.31046,9,-16,-118
1754052382.34946,-2,-3,-107
1754052382.38646,1,-8,-110
1754052382.42546,7,-8,-122
1754052382.4634602,4,-2,-121
1754052382.49946,-1,-1,-114
1754052382.53746,-2,-9,-115
1754052382.5754602,0,-2,-128
1754052382.61446,0,-3,-118
1754052382.65046,2,-7,-117
1754052382.68846,0,0,-114
1754052382.72646,4,0,-113
1754052382.76546,4,-1,-118
1754052382.80346,8,-5,-112
1754052382.83946,4,-1,-122
1754052382.87746,4,-2,-118
1754052382.91546,8,2,-122
1754052382.95446,14,0,-120
1754052382.9904602,2,0,-127
1754052383.02746,-3,0,-125
1754052383.0654602,1,-4,-121
1754052383.10446,0,-1,-108
1754052383.14046,4,-7,-112
1754052383.17846,3,2,-116
1754052383.21646,0,-4,-106
1754052383.25546,-5,-1,-117
1754052383.29346,-1,-3,-120
1754052383.33046,1,-4,-119
1754052383.36946,2,-1,-116
1754052383.4074602,1,-5,-107
1754052383.44546,-6,0,-119
1754052383.48146,0,-2,-123
1754052383.5194602,2,-2,-125
1754052383.55746,-2,-1,-118
1754052383.5954602,8,-2,-126
1754052383.6344602,0,2,-127
1754052383.67046,-4,-1,-116
1754052383.70846,1,0,-122
1754052383.7464602,-1,-8,-124
1754052383.78546,-2,-5,-117
1754052383.82146,-3,-4,-113
1754052383.85946,7,-8,-115
1754052383.89746,11,0,-114
1754052383.93646,6,0,-119
1754052383.97446,4,1,-128
1754052384.01046,0,0,-123
1754052384.04746,-3,2,-118
1754052384.0854602,-3,5,-111
1754052384.12446,0,2,-121
1754052384.16046,4,2,-119
1754052384.1974602,2,0,-114
1754052384.2364602,8,-4,-118
1754052384.27446,0,-8,-122
1754052384.31046,-2,-4,-113
1754052384.34946,-3,-3,-111
1754052384.38646,-1,-3,-117
1754052384.42546,0,7,-118
1754052384.46146,0,7,-120
1754052384.49946,-4,-2,-118
1754052384.5364602,-1,-1,-125
1754052384.5754602,1,0,-127
1754052384.6114602,0,-2,-115
1754052384.64946,2,0,-111
1754052384.68646,2,-1,-106
1754052384.72546,4,-1,-106
1754052384.76146,7,3,-118
1754052384.7994602,10,-1,-114
1754052384.83646,5,-2,-107
1754052384.87546,0,2,-114
1754052384.9114602,2,1,-111
1754052384.94946,2,-2,-111
1754052384.9864602,0,2,-110
1754052385.02546,-2,0,-114
1754052385.06146,-4,1,-115
1754052385.09946,3,-2,-115
1754052385.13746,3,-5,-111
1754052385.17646,3,-3,-116
1754052385.21446,2,-3,-108
1754052385.25046,5,0,-120
1754052385.28746,11,0,-111
1754052385.32646,10,-1,-121
1754052385.36246,5,-7,-114
1754052385.40046,6,0,-107
1754052385.43846,6,0,-114
1754052385.47646,6,0,-115
1754052385.51546,8,1,-120
1754052385.55146,2,0,-121
1754052385.58946,2,3,-127
1754052385.62746,3,1,-124
1754052385.66646,6,-6,-124
1754052385.70246,8,0,-119
1754052385.73946,-1,-2,-112
1754052385.77746,-4,-2,-113
1754052385.81646,-5,-7,-118
1754052385.85246,9,-5,-118
1754052385.89046,3,-1,-121
1754052385.92846,0,-2,-113
1754052385.96646,0,1,-117
1754052386.00546,4,-4,-130
1754052386.04146,-1,-1,-117
1754052386.07946,0,0,-117
1754052386.11746,1,0,-127
1754052386.15646,0,3,-122
1754052386.19346,5,-3,-120
1754052386.23146,0,-5,-114
1754052386.26846,-8,2,-113
1754052386.30746,-1,-2,-128
1754052386.3454602,2,-3,-129
1754052386.3814602,3,0,-119
1754052386.41846,0,-4,-121
1754052386.4574602,1,-5,-127
1754052386.49546,0,0,-121
1754052386.53146,7,0,-115
1754052386.56846,0,0,-119
1754052386.60746,0,1,-123
1754052386.64546,0,-5,-113
1754052386.68146,0,-1,-117
1754052386.71946,0,0,-116
1754052386.75746,0,0,-107
1754052386.7964602,5,-1,-115
1754052386.8324602,8,-1,-117
1754052386.87046,7,1,-108
1754052386.90846,0,-4,-123
1754052386.9474602,-2,-9,-127
1754052386.98546,-4,-2,-113
1754052387.02146,6,-8,-108
1754052387.0594602,-2,-2,-119
1754052387.09746,0,-3,-131
1754052387.13646,3,-9,-118
1754052387.17246,3,-3,-113
1754052387.2104602,0,-4,-125
1754052387.24846,-3,-3,-118
1754052387.28746,-8,7,-119
1754052387.3254602,-5,-3,-108
1754052387.3614602,2,-4,-114
1754052387.39946,10,-8,-122
1754052387.4374602,6,0,-119
1754052387.47646,8,0,-120
1754052387.51246,0,-1,-112
1754052387.55046,-2,-5,-112
1754052387.5884602,2,-2,-120
1754052387.62746,-2,2,-128
1754052387.66346,0,-2,-125
1754052387.70146,-4,-11,-118
1754052387.73946,-1,-7,-107
1754052387.77746,0,-4,-113
1754052387.81646,2,-5,-110
1754052387.85246,6,1,-110
1754052387.88946,6,3,-114
1754052387.9274602,-4,1,-123
1754052387.96646,2,0,-102
1754052388.00246,7,-1,-106
1754052388.04146,0,-8,-104
1754052388.07846,1,-9,-107
1754052388.11746,3,0,-105
1754052388.15346,1,-2,-107
1754052388.19146,2,-1,-103
1754052388.22946,1,0,-109
1754052388.26846,5,-2,-120
1754052388.30646,-2,-3,-109
1754052388.3424602,-3,-2,-117
1754052388.38046,6,-10,-108
1754052388.41846,4,0,-109
1754052388.4574602,2,-6,-101
1754052388.4934602,0,-6,-114
1754052388.53146,3,-5,-121
1754052388.57046,3,-1,-118
1754052388.6084602,0,-1,-112
1754052388.64646,-2,-4,-113
1754052388.68246,3,-9,-127
1754052388.7204602,0,-6,-115
1754052388.75846,0,-6,-124
1754052388.79746,0,-4,-116
1754052388.83346,6,-4,-110
1754052388.8714602,2,0,-114
1754052388.90946,-1,2,-119
1754052388.94846,5,0,-114
1754052388.9864602,0,0,-124
1754052389.02246,-2,0,-118
1754052389.06146,4,2,-125
1754052389.0984602,1,6,-130
1754052389.13746,-2,0,-120
1754052389.17346,-4,2,-127
1754052389.21146,4,-2,-107
1754052389.25046,2,-7,-113
1754052389.28846,0,1,-107
1754052389.32646,0,-1,-112
1754052389.36246,-3,-2,-112
1754052389.40046,0,-9,-115
1754052389.43846,-2,-5,-120
1754052389.47746,4,-8,-115
1754052389.5134602,1,1,-109
1754052389.5594602,6,1,-121
1754052389.59746,5,-6,-123
1754052389.63346,-3,-4,-126
1754052389.6714602,-3,-4,-123
1754052389.70946,7,-4,-127
1754052389.74846,5,4,-117
1754052389.78446,11,2,-116
1754052389.82146,4,0,-118
1754052389.85946,0,1,-108
1754052389.89846,-7,-3,-116
1754052389.9344602,0,7,-114
1754052389.97146,4,3,-110
1754052390.0094602,0,0,-117
1754052390.04846,8,4,-111
1754052390.08446,2,0,-118
1754052390.1214602,2,-7,-118
1754052390.15946,4,-8,-109
1754052390.19846,3,-2,-112
1754052390.23446,0,1,-117
1754052390.27146,-3,0,-130
1754052390.3094602,4,3,-122
1754052390.3484602,3,3,-123
1754052390.3844602,-2,1,-106
1754052390.42246,0,-2,-108
1754052390.4604602,-6,-4,-115
1754052390.49946,-3,1,-113
1754052390.53746,2,-3,-114
1754052390.57346,-8,-2,-112
1754052390.6114602,-2,-1,-109
1754052390.64946,2,-3,-113
1754052390.68846,-2,-1,-111
1754052390.72446,-3,-1,-115
1754052390.76246,-5,5,-118
1754052390.80046,-1,5,-122
1754052390.83946,0,-6,-116
1754052390.87746,-4,0,-120
1754052390.91346,0,-2,-116
1754052390.95146,-1,0,-109
1754052390.9904602,-1,-4,-111
1754052391.02846,5,-12,-113
1754052391.06446,-2,-8,-123
1754052391.10246,-2,-6,-114
1754052391.14046,0,1,-122
1754052391.17946,5,1,-116
1754052391.2174602,-1,-1,-119
1754052391.2534602,-7,-2,-115
1754052391.29146,-5,-1,-109
1754052391.32946,0,0,-126
1754052391.3684602,-4,-3,-135
1754052391.4044602,0,-1,-128
1754052391.44246,3,0,-116
1754052391.4804602,-3,-6,-108
1754052391.5194602,0,0,-113
1754052391.55746,3,-2,-121
1754052391.59346,-1,0,-122
1754052391.6314602,0,-2,-123
1754052391.66946,2,-4,-123
1754052391.70846,-2,-1,-118
1754052391.74446,2,0,-113
1754052391.78146,5,-7,-110
1754052391.8194602,2,0,-116
1754052391.8584602,-4,-5,-117
1754052391.8944602,-2,-1,-113
1754052391.93246,1,0,-115
1754052391.97146,2,-1,-113
1754052392.0094602,5,4,-116
1754052392.04546,2,-4,-109
1754052392.08446,-3,-2,-111
1754052392.1214602,1,-4,-109
1754052392.15946,2,0,-118
1754052392.19846,1,0,-121
1754052392.23446,-3,0,-121
1754052392.27146,-3,0,-123
1754052392.3094602,0,3,-122
1754052392.3484602,-3,0,-120
1754052392.3844602,0,-1,-122
1754052392.42246,0,1,-115
1754052392.4604602,6,1,-117
1754052392.49946,6,-1,-122
1754052392.53546,3,-6,-105
1754052392.57346,4,-2,-109
1754052392.61246,0,-3,-117
1754052392.65046,0,-3,-114
1754052392.68846,3,-5,-111
1754052392.72446,0,-3,-100
1754052392.76246,-3,-7,-108
1754052392.80146,-8,-5,-103
1754052392.83946,1,0,-109
1754052392.87546,3,-2,-110
1754052392.91346,2,-8,-114
1754052392.95146,-4,-10,-106
1754052392.9904602,-5,-8,-110
1754052393.02846,6,-3,-116
1754052393.06446,0,-1,-122
1754052393.10146,3,-2,-121
1754052393.14046,1,-3,-119
1754052393.17846,-4,2,-114
1754052393.21446,0,3,-118
1754052393.25146,0,0,-122
1754052393.29046,1,0,-118
1754052393.32846,1,1,-107
1754052393.36446,0,0,-103
1754052393.4014602,-2,-2,-108
1754052393.4404602,-1,4,-121
1754052393.47846,-3,2,-126
1754052393.51446,-5,1,-115
1754052393.5524602,3,-1,-111
1754052393.59046,-8,-4,-121
1754052393.62946,-3,-4,-116
1754052393.66546,-8,-2,-114
1754052393.70346,0,-3,-116
1754052393.74146,0,-6,-121
1754052393.78046,-1,0,-117
1754052393.81646,2,4,-117
1754052393.8554602,5,0,-118
1754052393.89246,2,0,-119
1754052393.93046,-4,-4,-115
1754052393.96946,-4,5,-125
1754052394.00546,-3,5,-126
1754052394.04346,1,4,-114
1754052394.08146,5,-1,-126
1754052394.12046,0,-1,-121
1754052394.15646,0,5,-117
1754052394.1944602,-3,-5,-116
1754052394.23246,0,-1,-103
1754052394.27046,1,-7,-114
1754052394.3094602,-7,-3,-106
1754052394.3454602,-2,1,-107
1754052394.38346,5,2,-109
1754052394.42246,0,-2,-104
1754052394.4604602,3,1,-101
1754052394.4964602,-2,2,-114
1754052394.53446,5,1,-115
1754052394.5724602,7,-1,-121
1754052394.6114602,1,8,-124
1754052394.64946,2,-5,-105
1754052394.68546,1,-2,-110
1754052394.7234602,0,0,-120
1754052394.76146,0,3,-111
1754052394.80046,-2,-1,-120
1754052394.83646,-1,-2,-121
1754052394.87446,4,-5,-122
1754052394.91246,-1,-6,-122
1754052394.95146,3,-2,-121
1754052394.98946,-5,-11,-128
1754052395.02546,0,-9,-129
1754052395.06346,6,-10,-127
1754052395.10146,0,-5,-116
1754052395.14046,5,0,-121
1754052395.17646,6,-1,-112
1754052395.21446,0,-5,-106
1754052395.25246,1,-2,-124
1754052395.29146,3,0,-124
1754052395.32946,1,0,-114
1754052395.3654602,0,2,-113
1754052395.40246,1,-2,-121
1754052395.44146,12,1,-111
1754052395.47946,0,-1,-128
1754052395.51546,0,-5,-129
1754052395.55346,-3,-1,-128
1754052395.59146,6,-1,-116
1754052395.63046,4,-7,-125
1754052395.66646,2,-4,-127
1754052395.70446,-2,-10,-117
1754052395.74246,4,-4,-113
1754052395.78146,2,-1,-127
1754052395.81746,-1,0,-127
1754052395.8554602,0,4,-114
1754052395.89346,-2,-3,-113
1754052395.93146,8,-1,-114
1754052395.9704602,3,0,-114
1754052396.0064602,-5,-4,-113
1754052396.04446,3,-3,-117
1754052396.0824602,0,-1,-114
1754052396.1214602,-3,-4,-118
1754052396.1574602,-5,-5,-108
1754052396.19546,-12,0,-116
1754052396.2334602,-4,-1,-129
1754052396.27246,-4,-3,-126
1754052396.31046,3,-4,-116
1754052396.34646,4,0,-110
1754052396.38346,-1,-7,-112
1754052396.4214602,6,-6,-114
1754052396.4604602,3,-1,-112
1754052396.4964602,0,2,-119
1754052396.53446,-2,-8,-112
1754052396.5724602,2,1,-122
1754052396.61046,3,-3,-115
1754052396.64646,0,0,-127
1754052396.6844602,0,-4,-132
1754052396.72246,1,-2,-120
1754052396.76046,2,4,-113
1754052396.7964602,0,5,-120
1754052396.83346,-1,4,-120
1754052396.87246,2,0,-123
1754052396.91046,0,0,-118
1754052396.94646,-8,-3,-122
1754052396.98446,-10,1,-104
1754052397.02246,-4,-3,-115
1754052397.06146,-2,-5,-109
1754052397.09746,3,-4,-110
1754052397.13546,2,-5,-120
1754052397.17346,4,-7,-119
1754052397.21246,0,0,-124
1754052397.25046,-3,0,-112
1754052397.2864602,-1,1,-123
1754052397.32446,2,-2,-121
1754052397.36246,7,-4,-115
1754052397.4014602,4,5,-118
1754052397.4374602,1,1,-115
1754052397.47446,11,0,-108
1754052397.51246,3,0,-113
1754052397.55146,8,-3,-114
1754052397.58746,9,-2,-122
1754052397.62546,2,-4,-122
1754052397.66346,3,-1,-116
1754052397.70246,-7,-6,-116
1754052397.7404602,-3,-5,-116
1754052397.77746,0,-4,-121
1754052397.81446,1,5,-110
1754052397.85246,-13,0,-119
1754052397.8914602,-3,2,-115
1754052397.9274602,-3,2,-110
1754052397.96546,0,-1,-111
1754052398.0034602,5,4,-123
1754052398.0424602,2,-2,-111
1754052398.07846,-3,0,-116
1754052398.11646,0,0,-116
1754052398.1544602,-3,2,-109
1754052398.19246,-1,-1,-117
1754052398.23146,4,-3,-119
1754052398.26746,0,-8,-118
1754052398.30546,5,0,-123
1754052398.34346,-3,-4,-119
1754052398.38246,1,2,-114
1754052398.41846,3,-4,-125
1754052398.45646,1,-1,-109
1754052398.49446,-2,-1,-113
1754052398.5324602,-1,-6,-112
1754052398.57146,2,1,-126
1754052398.60746,3,4,-118
1754052398.6444602,0,0,-117
1754052398.68246,3,0,-111
1754052398.72146,4,-4,-111
1754052398.75746,2,1,-108
1754052398.79446,2,0,-112
1754052398.83346,3,4,-116
1754052398.8714602,-2,-4,-113
1754052398.9074602,-2,-3,-122
1754052398.94546,-5,4,-106
1754052398.9834602,-9,-3,-115
1754052399.02246,0,2,-113
1754052399.05846,2,4,-111
1754052399.09746,2,0,-113
1754052399.1344602,2,4,-112
1754052399.17346,0,3,-113
1754052399.21146,2,-1,-105
1754052399.24746,3,-6,-114
1754052399.28546,-1,-2,-120
1754052399.32346,2,-3,-119
1754052399.36246,2,0,-113
1754052399.39846,0,-3,-109
1754052399.43546,5,-4,-116
1754052399.4734602,3,-3,-120
1754052399.51246,0,1,-120
1754052399.54846,-1,3,-115
1754052399.59446,0,0,-125
1754052399.63246,-1,-5,-114
1754052399.66846,-2,-3,-104
1754052399.7074602,0,0,-108
1754052399.74446,-3,0,-107
1754052399.78346,1,0,-105
1754052399.82146,5,0,-101
1754052399.85746,-1,0,-103
1754052399.8944602,2,-3,-106
1754052399.93346,11,-5,-106
1754052399.97146,11,1,-106
1754052400.00746,0,-3,-110
1754052400.04446,0,-6,-109
1754052400.08346,-10,-3,-116
1754052400.1214602,-9,-6,-117
1754052400.15846,0,-7,-121
1754052400.19646,4,-1,-111
1754052400.23446,5,-2,-117
1754052400.27346,3,-1,-115
1754052400.3094602,6,-2,-113
1754052400.34746,13,-4,-108
1754052400.38546,1,-1,-127
1754052400.4244602,-5,0,-114
1754052400.46246,-4,0,-121
1754052400.49846,-2,1,-117
1754052400.5364602,-1,0,-115
1754052400.57446,-8,-1,-113
1754052400.61346,-2,3,-116
1754052400.64946,-6,-3,-111
1754052400.6874602,0,-10,-120
1754052400.72546,5,-6,-119
1754052400.7634602,6,-10,-111
1754052400.8024602,-4,-2,-116
1754052400.8384602,0,0,-115
1754052400.87546,-2,1,-116
1754052400.9144602,-2,-1,-113
1754052400.95246,4,1,-115
1754052400.98846,3,-1,-105
1754052401.0264602,-3,0,-119
1754052401.06446,8,0,-126
1754052401.10346,5,0,-132
1754052401.13946,1,-1,-129
1754052401.17846,3,-2,-113
1754052401.21546,-5,0,-116
1754052401.25446,-3,0,-111
1754052401.2924602,-4,0,-113
1754052401.32846,2,-1,-106
1754052401.36646,0,-4,-112
1754052401.4044602,2,-3,-116
1754052401.44346,1,-4,-121
1754052401.47946,0,-1,-116
1754052401.51746,-9,-4,-118
1754052401.55546,4,-1,-113
1754052401.59446,1,1,-123
1754052401.63246,-1,-1,-107
1754052401.66846,-2,4,-110
1754052401.70646,4,3,-128
1754052401.74446,-5,0,-111
1754052401.78346,-3,4,-116
1754052401.8194602,-4,3,-122
1754052401.85746,-2,5,-115
1754052401.89546,1,3,-106
1754052401.9344602,-1,0,-111
1754052401.97246,-4,0,-117
1754052402.00846,-10,-2,-106
1754052402.0464602,-2,-2,-115
1754052402.08446,0,-4,-128
1754052402.12346,-2,-5,-127
1754052402.15946,-8,0,-118
1754052402.1974602,-6,-5,-116
1754052402.23546,9,1,-105
1754052402.27446,-1,2,-119
1754052402.31046,-8,-3,-117
1754052402.3484602,-9,-6,-110
1754052402.38746,-2,-5,-116
1754052402.4244602,0,-5,-114
1754052402.4634602,2,-7,-117
1754052402.49946,3,-4,-112
1754052402.53746,-1,-3,-113
1754052402.5754602,7,2,-110
1754052402.61446,6,6,-119
1754052402.65346,-1,1,-125
1754052402.6904602,0,-1,-117
1754052402.72746,-3,-3,-120
1754052402.76546,-7,-2,-114
1754052402.80446,0,-2,-107
1754052402.84046,0,0,-119
1754052402.87746,1,3,-126
1754052402.91546,-2,-2,-113
1754052402.95446,0,1,-112
1754052402.9904602,3,0,-129
1754052403.02746,4,-9,-120
1754052403.06646,3,-1,-119
1754052403.10446,3,-2,-114
1754052403.14046,10,0,-114
1754052403.1774602,1,3,-102
1754052403.21546,-2,3,-109
1754052403.25446,-6,5,-110
1754052403.29046,-5,5,-105
1754052403.32846,-4,0,-106
1754052403.36646,0,-1,-108
1754052403.40546,1,-2,-110
1754052403.44346,0,-2,-121
1754052403.47946,0,-1,-125
1754052403.5164602,-3,-3,-120
1754052403.55546,-9,-4,-112
1754052403.59346,-4,-6,-122
1754052403.62946,-4,-6,-116
1754052403.6674602,-2,-3,-119
1754052403.70546,2,-4,-112
1754052403.74446,3,-5,-126
1754052403.78046,0,-8,-132
1754052403.81846,-1,-9,-119
1754052403.85646,-5,0,-119
1754052403.89546,0,0,-116
1754052403.93346,0,-1,-122
1754052403.96946,5,-5,-123
1754052404.00846,4,-2,-114
1754052404.04546,1,-6,-123
1754052404.08446,0,-2,-114
1754052404.12046,-1,-3,-119
1754052404.15846,0,-7,-122
1754052404.19646,-2,0,-120
1754052404.23546,-2,-1,-131
1754052404.27146,0,-1,-130
1754052404.3094602,0,8,-124
1754052404.34746,-8,-3,-110
1754052404.38546,-6,1,-101
1754052404.4244602,-5,-1,-110
1754052404.4604602,-2,-2,-119
1754052404.49946,-3,-5,-110
1754052404.5364602,0,-5,-118
1754052404.5754602,-3,-5,-114
1754052404.6114602,-6,0,-117
1754052404.64946,-7,0,-111
1754052404.68846,-2,4,-121
1754052404.72546,-6,-2,-122
1754052404.76446,-6,0,-115
1754052404.80046,-9,8,-116
1754052404.8384602,0,3,-116
1754052404.87646,0,-4,-116
1754052404.91546,-7,0,-123
1754052404.95146,1,-4,-116
1754052404.98946,-1,4,-112
1754052405.02746,-6,0,-111
1754052405.06646,0,3,-110
1754052405.10446,3,1,-120
1754052405.14046,0,2,-122
1754052405.1774602,8,-1,-112
1754052405.21646,2,0,-112
1754052405.25446,2,-2,-112
1754052405.29046,6,0,-115
1754052405.32946,5,0,-119
1754052405.36646,1,-4,-130
1754052405.40546,0,0,-117
1754052405.44146,2,0,-121
1754052405.47946,3,0,-119
1754052405.5164602,7,-1,-111
1754052405.55546,2,-2,-115
1754052405.59146,-1,-3,-112
1754052405.62946,-4,-8,-110
1754052405.6674602,-7,-1,-125
1754052405.70646,-4,-2,-125
1754052405.74446,-2,0,-117
1754052405.78046,-2,1,-111
1754052405.81846,-4,3,-96
1754052405.85646,-2,-2,-112
1754052405.89546,0,-2,-109
1754052405.93146,-1,-1,-107
1754052405.96946,-1,1,-107
1754052406.00746,-2,0,-119
1754052406.0464602,0,-2,-103
1754052406.08446,1,-3,-115
1754052406.12046,-4,0,-125
1754052406.1574602,-3,-5,-122
1754052406.19646,4,-7,-117
1754052406.23246,11,-6,-128
1754052406.27046,12,-2,-131
1754052406.30846,3,1,-121
1754052406.34646,4,-8,-105
1754052406.38546,7,-4,-111
1754052406.4214602,2,0,-125
1754052406.45846,11,3,-120
1754052406.4964602,5,6,-117
1754052406.53546,0,4,-123
1754052406.57146,0,2,-131
1754052406.6084602,-1,0,-115
1754052406.64646,2,2,-113
1754052406.68546,2,-5,-110
1754052406.72146,-5,0,-126
1754052406.7594602,-7,5,-119
1754052406.79746,0,-1,-103
1754052406.83646,0,1,-114
1754052406.87246,-2,7,-126
1754052406.91046,4,0,-128
1754052406.94846,4,-6,-118
1754052406.9864602,1,0,-123
1754052407.02546,1,-2,-114
1754052407.06146,-3,0,-112
1754052407.09946,8,3,-103
1754052407.1384602,-5,-1,-108
1754052407.17646,0,3,-123
1754052407.21246,4,7,-118
1754052407.25046,-2,2,-110
1754052407.28846,-6,-4,-121
1754052407.32746,0,-3,-119
1754052407.3654602,-5,-9,-123
1754052407.4014602,4,-4,-119
1754052407.43946,2,0,-118
1754052407.47746,3,0,-118
1754052407.5164602,0,-4,-110
1754052407.5524602,-7,-1,-116
1754052407.59046,-4,-4,-126
1754052407.6284602,-3,-2,-115
1754052407.6674602,-3,-8,-109
1754052407.70546,-8,0,-116
1754052407.74146,-2,-3,-121
1754052407.7794602,0,0,-114
1754052407.81746,3,-2,-112
1754052407.85646,0,0,-113
1754052407.89246,5,3,-126
1754052407.92946,-1,1,-122
1754052407.9674602,0,-2,-109
1754052408.0064602,-3,0,-119
1754052408.0424602,3,-1,-130
1754052408.08046,4,3,-117
1754052408.1184602,-2,5,-120
1754052408.1574602,7,4,-129
1754052408.19546,11,-3,-129
1754052408.23146,0,-2,-118
1754052408.2694602,-5,-2,-125
1754052408.30746,-3,-3,-104
1754052408.34646,-2,-5,-109
1754052408.38246,-7,-8,-104
1754052408.42046,-2,-4,-107
1754052408.45846,6,0,-106
1754052408.49746,4,-1,-114
1754052408.53346,1,-3,-120
1754052408.57146,2,-1,-124
1754052408.60946,-5,0,-126
1754052408.64746,-7,-1,-127
1754052408.68646,2,-2,-125
1754052408.72246,2,-1,-121
1754052408.76046,0,-1,-117
1754052408.79846,6,0,-121
1754052408.83746,-1,-2,-123
1754052408.87346,-5,-2,-118
1754052408.9114602,-10,-3,-119
1754052408.94946,2,0,-118
1754052408.98846,-3,3,-118
1754052409.0264602,-3,-5,-121
1754052409.0624602,-1,-4,-123
1754052409.10046,-5,-2,-119
1754052409.1384602,4,2,-120
1754052409.1774602,-3,0,-114
1754052409.2134602,3,0,-124
1754052409.25046,5,2,-114
1754052409.28846,5,8,-114
1754052409.32746,1,0,-110
1754052409.36346,8,-3,-110
1754052409.4014602,5,-6,-116
1754052409.43946,0,0,-113
1754052409.47846,3,-3,-122
1754052409.5164602,-1,-5,-123
1754052409.5524602,0,-2,-111
1754052409.5984602,0,-3,-106
1754052409.63646,0,-4,-108
1754052409.67246,-1,-3,-122
1754052409.7104602,0,-6,-119
1754052409.74846,1,-6,-109
1754052409.78746,-3,-2,-113
1754052409.82346,1,-7,-110
1754052409.8614602,0,-2,-118
1754052409.90046,6,-1,-114
1754052409.93846,2,0,-119
1754052409.97646,1,-1,-122
1754052410.01246,-2,-8,-122
1754052410.05046,1,-5,-114
1754052410.0884602,-3,-7,-115
1754052410.12746,-4,-4,-122
1754052410.16346,-3,-7,-131
1754052410.20146,-2,-8,-119
1754052410.23946,4,-8,-122
1754052410.27846,3,-6,-125
1754052410.31646,6,-6,-121
1754052410.35246,0,-4,-113
1754052410.39046,0,-4,-122
1754052410.42846,0,0,-109
1754052410.4674602,2,5,-110
1754052410.5034602,6,0,-118
1754052410.54046,2,-4,-119
1754052410.57846,1,-3,-122
1754052410.61746,0,-4,-112
1754052410.65346,1,-2,-113
1754052410.69146,-5,0,-108
1754052410.72946,-4,-4,-113
1754052410.76846,6,-5,-127
1754052410.80546,1,5,-124
1754052410.8424602,-3,-1,-112
1754052410.88046,-2,0,-122
1754052410.91846,-6,3,-119
1754052410.9574602,-2,-5,-119
1754052410.9934602,0,-1,-123
1754052411.03146,-3,1,-126
1754052411.07046,1,0,-121
1754052411.1084602,0,-5,-135
1754052411.1444602,2,-10,-131
1754052411.18246,3,0,-128
1754052411.2204602,1,4,-126
1754052411.2594602,-4,-1,-114
1754052411.29746,-5,1,-111
1754052411.33346,0,0,-109
1754052411.37046,0,-3,-106
1754052411.40946,3,4,-102
1754052411.4474602,3,0,-107
1754052411.4834602,2,1,-118
1754052411.52046,1,2,-117
1754052411.5594602,-8,0,-110
1754052411.59746,-4,1,-112
1754052411.63346,-1,1,-114
1754052411.6714602,1,-3,-112
1754052411.70946,-2,-7,-109
1754052411.74846,1,-5,-107
1754052411.78446,6,-9,-116
1754052411.8224602,1,-7,-106
1754052411.86046,-3,0,-111
1754052411.89946,0,3,-124
1754052411.9374602,3,-4,-109
1754052411.9734602,2,-5,-107
1754052412.01246,0,5,-120
1754052412.0494602,1,-3,-118
1754052412.0884602,4,-6,-105
1754052412.12446,4,-2,-104
1754052412.16246,0,-6,-109
1754052412.2004602,-2,-4,-112
1754052412.23946,0,-1,-115
1754052412.27746,0,-8,-114
1754052412.31346,0,-7,-124
1754052412.35146,0,-1,-124
1754052412.38946,0,-1,-122
1754052412.42846,2,-5,-125
1754052412.46546,0,-7,-115
1754052412.50246,-2,-6,-111
1754052412.54046,-1,-3,-122
1754052412.57946,1,0,-117
1754052412.6154602,2,-3,-116
1754052412.65346,7,-3,-124
1754052412.69146,5,-7,-119
1754052412.72946,4,0,-119
1754052412.76846,7,-6,-113
1754052412.80446,2,-3,-118
1754052412.8424602,0,-7,-129
1754052412.88046,2,-8,-122
1754052412.91946,-1,-1,-115
1754052412.95546,0,4,-122
1754052412.99246,-2,-2,-116
1754052413.03046,3,-4,-121
1754052413.0694602,1,-1,-115
1754052413.1054602,7,0,-119
1754052413.14246,2,4,-122
1754052413.18046,5,5,-123
1754052413.21946,3,-6,-113
1754052413.25546,0,-2,-109
1754052413.29346,0,-2,-105
1754052413.33146,7,3,-104
1754052413.37046,6,2,-101
1754052413.40846,2,-5,-110
1754052413.4444602,-2,-3,-118
1754052413.48246,5,-4,-128
1754052413.52146,4,-5,-119
1754052413.5594602,2,-3,-118
1754052413.5954602,4,0,-127
1754052413.63246,6,4,-124
1754052413.6714602,2,0,-108
1754052413.70946,-5,0,-112
1754052413.74546,-6,-3,-125
1754052413.78346,4,-4,-114
1754052413.82146,10,-6,-111
1754052413.86046,10,1,-107
1754052413.89846,8,5,-122
1754052413.9344602,1,2,-116
1754052413.97146,-1,0,-110
1754052414.01046,5,-3,-128
1754052414.04846,4,-3,-120
1754052414.08446,-6,-2,-116
1754052414.12246,-4,-2,-116
1754052414.16046,0,1,-126
1754052414.19946,-5,-8,-107
1754052414.23546,-2,-2,-108
1754052414.27346,-3,-3,-103
1754052414.3124602,-2,-2,-104
1754052414.35046,-11,7,-111
1754052414.3884602,0,4,-111
1754052414.4244602,4,-5,-126
1754052414.46246,4,-5,-113
1754052414.50046,0,2,-113
1754052414.5394602,0,0,-109
1754052414.5754602,-1,0,-113
1754052414.61246,2,-6,-107
1754052414.65046,0,-7,-108
1754052414.68946,-2,0,-111
1754052414.72546,-4,7,-110
1754052414.7634602,7,0,-107
1754052414.80146,1,1,-105
1754052414.84046,3,-3,-105
1754052414.87646,2,-7,-110
1754052414.9144602,0,-3,-110
1754052414.95246,-3,-4,-113
1754052414.99146,7,-3,-121
1754052415.0294602,-1,-1,-118
1754052415.0654602,1,1,-120
1754052415.10246,5,2,-117
1754052415.14046,5,3,-114
1754052415.17946,4,-2,-120
1754052415.21546,0,-2,-109
1754052415.2534602,-2,-4,-121
1754052415.29146,0,-2,-118
1754052415.33046,9,-2,-124
1754052415.36646,10,-2,-112
1754052415.4044602,0,-10,-112
1754052415.44246,-2,1,-115
1754052415.48146,1,-6,-117
1754052415.5194602,5,-3,-111
1754052415.55546,6,-1,-120
1754052415.59346,-4,-4,-116
1754052415.6314602,-5,0,-115
1754052415.67046,-8,-5,-122
1754052415.70646,0,-1,-122
1754052415.7434602,-5,5,-122
1754052415.78146,-1,7,-125
1754052415.82046,2,0,-119
1754052415.85646,3,6,-119
1754052415.89346,5,3,-126
1754052415.93146,5,0,-129
1754052415.9704602,-5,1,-127
1754052416.0064602,-1,1,-114
1754052416.04446,-5,0,-108
1754052416.0824602,2,-2,-108
1754052416.1214602,9,0,-110
1754052416.15946,2,-2,-118
1754052416.19546,-3,8,-124
1754052416.2334602,-3,-5,-119
1754052416.27146,-4,-2,-115
1754052416.31046,0,-4,-125
1754052416.34646,1,-1,-114
1754052416.3844602,0,0,-123
1754052416.42246,6,10,-125
1754052416.46146,6,6,-120
1754052416.49946,1,-4,-114
1754052416.53546,6,2,-115
1754052416.57346,-12,0,-105
1754052416.6114602,0,-2,-115
1754052416.65046,-1,-1,-106
1754052416.68646,2,-9,-116
1754052416.72446,7,-7,-115
1754052416.76246,4,2,-120
1754052416.80146,1,1,-120
1754052416.83746,-5,0,-121
1754052416.87546,5,4,-115
1754052416.9144602,-5,-9,-109
1754052416.95146,4,-5,-110
1754052416.9904602,0,-6,-116
1754052417.02746,0,-4,-121
1754052417.06446,0,-1,-120
1754052417.10246,2,5,-107
1754052417.1414602,0,4,-115
1754052417.1774602,-1,3,-118
1754052417.21546,0,0,-112
1754052417.2534602,3,-2,-111
1754052417.2924602,1,0,-119
1754052417.33046,0,0,-125
1754052417.36646,-3,-9,-118
1754052417.4044602,1,-2,-124
1754052417.44246,6,-1,-118
1754052417.48146,-4,0,-122
1754052417.51746,-3,0,-125
1754052417.55646,1,-2,-113
1754052417.59346,-2,0,-128
1754052417.63246,-8,-6,-120
1754052417.67046,2,-6,-107
1754052417.70646,2,0,-119
1754052417.7434602,0,-5,-119
1754052417.7824602,3,3,-117
1754052417.82046,1,2,-127
1754052417.85646,-4,1,-116
1754052417.8944602,-5,2,-104
1754052417.93246,-10,6,-107
1754052417.97146,2,-3,-116
1754052418.00746,0,-3,-128
1754052418.04546,-1,-5,-118
1754052418.08346,-4,-3,-116
1754052418.12246,2,2,-117
1754052418.16046,3,0,-116
1754052418.19646,3,1,-110
1754052418.2334602,0,-6,-114
1754052418.27246,-2,-2,-118
1754052418.31046,0,7,-114
1754052418.34646,0,0,-120
1754052418.3844602,-2,0,-114
1754052418.42246,-2,0,-96
1754052418.4604602,1,-2,-106
1754052418.4964602,-7,7,-111
1754052418.53446,2,-1,-119
1754052418.5724602,7,-5,-118
1754052418.6114602,-1,2,-108
1754052418.64746,-2,0,-108
1754052418.68546,2,0,-115
1754052418.72246,7,-7,-115
1754052418.76146,-1,2,-116
1754052418.79746,1,0,-109
1754052418.8354602,0,-3,-117
1754052418.87246,0,1,-114
1754052418.9114602,1,0,-126
1754052418.9474602,9,-4,-115
1754052418.98546,9,-3,-119
1754052419.02346,2,-3,-103
1754052419.0624602,5,0,-121
1754052419.0984602,5,-2,-124
1754052419.13646,2,-7,-117
1754052419.1744602,1,0,-114
1754052419.21246,7,-2,-121
1754052419.25146,5,2,-122
1754052419.28746,3,-1,-118
1754052419.32646,-4,0,-122
1754052419.36346,3,1,-111
1754052419.40246,0,0,-117
1754052419.43846,0,6,-105
1754052419.47646,-4,0,-119
1754052419.5134602,3,3,-106
1754052419.5524602,12,-4,-118
1754052419.5884602,5,-6,-118
1754052419.6344602,0,4,-106
1754052419.67246,-2,2,-116
1754052419.70946,5,1,-122
1754052419.7464602,4,2,-127
1754052419.78446,4,1,-119
1754052419.82346,2,-6,-124
1754052419.8614602,-9,-3,-109
1754052419.89746,-4,-4,-111
1754052419.93546,1,-1,-114
1754052419.9734602,0,-4,-119
1754052420.01246,-2,-11,-116
1754052420.04846,-3,-11,-106
1754052420.08646,1,-1,-109
1754052420.12546,0,-2,-112
1754052420.16346,-4,-10,-108
1754052420.20146,-3,-1,-113
1754052420.23746,-4,-11,-119
1754052420.27546,5,-3,-114
1754052420.31346,0,0,-122
1754052420.35246,-7,-3,-118
1754052420.3884602,-1,-6,-118
1754052420.42646,-1,-5,-117
1754052420.46446,-2,-9,-121
1754052420.5034602,2,-4,-110
1754052420.54146,11,3,-116
1754052420.57746,3,8,-119
1754052420.61446,4,-1,-106
1754052420.65346,8,-2,-114
1754052420.69146,2,4,-125
1754052420.72746,0,2,-123
1754052420.76446,3,0,-108
1754052420.80346,0,-1,-115
1754052420.83946,6,-4,-124
1754052420.87746,8,0,-124
1754052420.91546,4,-7,-117
1754052420.95446,7,-2,-128
1754052420.99246,11,-2,-114
1754052421.02846,5,3,-113
1754052421.0654602,-1,2,-98
1754052421.10446,0,-1,-102
1754052421.14246,-1,2,-108
1754052421.17846,-8,2,-116
1754052421.2174602,-5,-1,-119
1754052421.25446,1,2,-116
1754052421.29346,5,0,-111
1754052421.32946,1,0,-113
1754052421.36746,0,-1,-124
1754052421.4044602,0,4,-118
1754052421.44346,0,0,-122
1754052421.47946,0,2,-123
1754052421.51746,9,-2,-117
1754052421.55446,3,-5,-114
1754052421.59346,7,-3,-111
1754052421.62946,2,-3,-120
1754052421.6674602,-1,-1,-117
1754052421.70546,3,3,-113
1754052421.74446,4,2,-123
1754052421.7824602,2,0,-120
1754052421.81846,2,-2,-131
1754052421.85646,0,2,-126
1754052421.8944602,0,4,-119
1754052421.93346,0,-5,-109
1754052421.96946,7,-1,-121
1754052422.00846,-1,0,-119
1754052422.04546,1,-3,-117
1754052422.08446,0,-1,-116
1754052422.12246,1,1,-117
1754052422.15846,5,3,-116
1754052422.19546,-2,-2,-116
1754052422.23446,-2,0,-124
1754052422.27246,-3,0,-118
1754052422.30846,0,0,-110
1754052422.3454602,-11,2,-112
1754052422.3844602,-4,1,-110
1754052422.42246,-4,4,-104
1754052422.45846,0,-3,-110
1754052422.4964602,-5,-2,-111
1754052422.53446,-4,0,-108
1754052422.57346,-1,0,-107
1754052422.60946,3,3,-111
1754052422.64746,0,-5,-123
1754052422.68546,3,-1,-108
1754052422.72446,1,0,-118
1754052422.76246,4,0,-124
1754052422.79846,1,1,-113
1754052422.8354602,-3,-1,-117
1754052422.87446,-2,3,-123
1754052422.91046,-5,6,-120
1754052422.94846,0,-1,-115
1754052422.9864602,0,-1,-127
1754052423.02446,-5,2,-113
1754052423.06346,-6,-3,-122
1754052423.09946,1,-1,-115
1754052423.13746,10,-1,-108
1754052423.17546,6,-3,-112
1754052423.21446,0,0,-106
1754052423.25046,-4,-1,-113
1754052423.2894602,-1,-1,-111
1754052423.32746,2,0,-118
1754052423.36446,-2,0,-128
1754052423.40346,-4,0,-116
1754052423.43946,-3,0,-121
1754052423.47746,5,1,-117
1754052423.51546,-3,5,-120
1754052423.55446,-4,3,-129
1754052423.59046,-1,2,-118
1754052423.6284602,-1,2,-113
1754052423.66646,-1,1,-114
1754052423.70546,-8,1,-122
1754052423.7434602,-9,2,-119
1754052423.7794602,-9,-5,-115
1754052423.81746,-1,-1,-115
1754052423.8554602,6,4,-112
1754052423.8944602,3,-2,-125
1754052423.93046,0,-6,-126
1754052423.96946,0,-6,-121
1754052424.0064602,-1,1,-112
1754052424.04546,3,-1,-111
1754052424.08346,6,4,-119
1754052424.11946,4,0,-126
1754052424.1574602,2,0,-125
1754052424.19546,3,1,-116
1754052424.23446,5,0,-117
1754052424.27046,2,0,-105
1754052424.30746,0,6,-119
1754052424.3454602,-2,0,-124
1754052424.3844602,-1,0,-123
1754052424.42046,0,2,-117
1754052424.45846,2,1,-115
1754052424.4964602,9,-4,-113
1754052424.53546,3,1,-108
1754052424.57346,0,4,-111
1754052424.60946,0,1,-113
1754052424.64746,-1,4,-119
1754052424.68546,0,0,-128
1754052424.7234602,-1,0,-112
1754052424.7594602,4,-1,-117
1754052424.79746,-3,-4,-112
1754052424.8354602,-7,-3,-117
1754052424.87446,1,-3,-119
1754052424.91046,0,-2,-117
1754052424.94846,0,-4,-118
1754052424.9864602,1,0,-118
1754052425.02546,1,-1,-114
1754052425.06146,2,-1,-120
1754052425.09946,2,-1,-108
1754052425.1384602,10,-6,-110
1754052425.17546,1,0,-110
1754052425.21446,2,0,-112
1754052425.25146,1,8,-110
1754052425.2894602,2,-1,-112
1754052425.32646,7,-2,-109
1754052425.3654602,2,5,-121
1754052425.4014602,4,3,-122
1754052425.43946,3,-2,-112
1754052425.47646,0,-10,-121
1754052425.51546,0,-10,-113
1754052425.55146,-4,-6,-129
1754052425.58946,0,-2,-126
1754052425.62746,-4,-2,-118
1754052425.66546,0,-3,-117
1754052425.70446,-4,-5,-121
1754052425.7404602,1,-1,-116
1754052425.77846,1,3,-125
1754052425.81646,1,1,-114
1754052425.8554602,-1,0,-119
1754052425.8914602,0,2,-121
1754052425.92846,1,3,-119
1754052425.96646,2,1,-114
1754052426.00546,4,2,-116
1754052426.04146,-4,0,-114
1754052426.07946,2,4,-116
1754052426.11746,-5,1,-108
1754052426.15646,-3,6,-112
1754052426.1944602,-3,4,-95
1754052426.2304602,1,1,-101
1754052426.2694602,0,0,-130
1754052426.30646,0,0,-124
1754052426.3454602,6,5,-117
1754052426.3814602,4,1,-115
1754052426.41846,1,8,-108
1754052426.45646,-6,5,-114
1754052426.49546,-3,2,-107
1754052426.53146,-4,4,-115
1754052426.5694602,-4,9,-117
1754052426.60746,-8,1,-128
1754052426.64646,-3,3,-117
1754052426.6844602,-1,4,-115
1754052426.7204602,-2,2,-119
1754052426.75846,4,6,-128
1754052426.7964602,0,0,-121
1754052426.8354602,-1,-2,-118
1754052426.8714602,0,4,-125
1754052426.90846,-6,3,-123
1754052426.94646,3,4,-121
1754052426.98546,7,1,-117
1754052427.02246,0,0,-123
1754052427.0594602,4,-2,-118
1754052427.09746,9,2,-119
1754052427.13646,1,1,-116
1754052427.17246,0,3,-110
1754052427.20946,2,-1,-118
1754052427.24746,13,-9,-115
1754052427.2864602,3,-6,-109
1754052427.3224602,6,-2,-112
1754052427.36046,11,0,-110
1754052427.39846,10,0,-120
1754052427.4374602,7,-1,-125
1754052427.47546,2,0,-119
1754052427.51146,-2,1,-123
1754052427.5494602,-2,3,-126
1754052427.58746,6,-2,-123
1754052427.62646,2,0,-124
1754052427.66246,2,-6,-122
1754052427.7004602,0,0,-120
1754052427.73846,-9,-4,-120
1754052427.7764602,-3,-4,-120
1754052427.8154602,6,-4,-106
1754052427.85146,5,0,-109
1754052427.8884602,8,1,-112
1754052427.92646,3,4,-107
1754052427.96546,-3,2,-107
1754052428.00146,-9,0,-112
1754052428.03846,-5,-2,-104
1754052428.07746,0,-5,-118
1754052428.1154602,1,-4,-117
1754052428.1514602,7,-4,-116
1754052428.18946,4,-1,-125
1754052428.22746,4,-5,-112
1754052428.2664602,2,1,-124
1754052428.3024602,-1,-1,-125
1754052428.34046,-4,-4,-121
1754052428.3784602,0,-3,-113
1754052428.4174602,-3,-5,-126
1754052428.45546,0,3,-111
1754052428.49146,6,4,-116
1754052428.52846,7,2,-120
1754052428.56746,-1,-1,-123
1754052428.6054602,-1,-3,-121
1754052428.6414602,-1,-2,-109
1754052428.68046,3,2,-125
1754052428.7174602,-1,4,-128
1754052428.7564602,-1,0,-127
1754052428.7924602,0,-2,-123
1754052428.83046,5,0,-108
1754052428.8684602,2,-7,-126
1754052428.9074602,4,-11,-125
1754052428.94546,-2,-3,-128
1754052428.98146,-1,-6,-119
1754052429.0194602,1,-2,-120
1754052429.05846,7,0,-113
1754052429.09646,-3,5,-114
1754052429.13246,4,0,-109
1754052429.16946,-7,0,-113
1754052429.20846,0,1,-121
1754052429.2464602,3,1,-117
1754052429.2824602,1,-7,-104
1754052429.32146,0,-5,-112
1754052429.3584602,-1,1,-120
1754052429.39746,-3,5,-122
1754052429.43346,-3,2,-117
1754052429.47146,3,-2,-120
1754052429.5094602,7,-2,-124
1754052429.54746,1,-2,-107
1754052429.58646,1,2,-113
1754052429.62246,1,5,-115
1754052429.66846,-3,-1,-111
1754052429.70646,1,0,-110
1754052429.74246,2,-1,-107
1754052429.78046,0,1,-117
1754052429.8194602,-1,-2,-117
1754052429.85746,4,0,-106
1754052429.89346,0,3,-112
1754052429.93046,2,-4,-119
1754052429.96846,-7,-7,-115
1754052430.00746,-2,0,-120
1754052430.04346,-1,-5,-125
1754052430.08146,-1,0,-129
1754052430.11946,-10,0,-114
1754052430.15846,-9,6,-119
1754052430.19646,-7,1,-118
1754052430.23246,2,-3,-115
1754052430.27046,10,2,-109
1754052430.30846,4,2,-113
1754052430.34746,8,-4,-114
1754052430.38346,1,-3,-105
1754052430.4214602,2,0,-110
1754052430.45946,2,0,-111
1754052430.49846,1,-2,-121
1754052430.5364602,5,-3,-120
1754052430.57346,4,-10,-117
1754052430.61046,3,-5,-121
1754052430.64846,-3,2,-113
1754052430.6874602,4,-3,-119
1754052430.7234602,4,-5,-120
1754052430.76146,-3,-6,-111
1754052430.7994602,-1,0,-113
1754052430.8384602,0,0,-114
1754052430.87646,5,1,-114
1754052430.91246,7,-5,-121
1754052430.9504602,2,-3,-110
1754052430.98846,6,-3,-108
1754052431.02746,0,0,-117
1754052431.06346,0,-4,-121
1754052431.10146,-5,2,-119
1754052431.13946,-3,0,-122
1754052431.17846,0,-3,-121
1754052431.21646,-3,-1,-115
1754052431.25246,2,-4,-116
1754052431.29046,2,-3,-126
1754052431.32946,0,-2,-120
1754052431.36746,7,-11,-115
1754052431.40346,2,-13,-126
1754052431.44146,-2,-10,-123
1754052431.47946,0,-7,-116
1754052431.51846,3,-1,-114
1754052431.55446,-1,-8,-109
1754052431.5924602,-2,0,-124
1754052431.63046,-8,2,-123
1754052431.66846,0,3,-119
1754052431.7074602,-6,3,-118
1754052431.7434602,-8,-5,-121
1754052431.78146,4,-2,-117
1754052431.82046,-1,0,-121
1754052431.8584602,-2,2,-107
1754052431.8944602,3,-5,-108
1754052431.93246,-3,-5,-126
1754052431.9704602,4,-4,-112
1754052432.00846,-5,-6,-123
1754052432.04746,10,-7,-127
1754052432.08346,1,-2,-128
1754052432.1214602,-2,4,-120
1754052432.15946,1,0,-118
1754052432.19846,4,-4,-112
1754052432.23546,-1,-9,-109
1754052432.27346,0,-3,-116
1754052432.31046,-2,6,-121
1754052432.34946,4,2,-121
1754052432.38746,3,0,-111
1754052432.42346,6,-3,-111
1754052432.46146,-5,0,-112
1754052432.49946,0,-3,-114
1754052432.53846,3,-2,-123
1754052432.57446,-1,-7,-117
1754052432.61246,-6,-11,-126
1754052432.65046,2,-3,-124
1754052432.68946,4,-4,-117
1754052432.72746,1,-1,-123
1754052432.7634602,-2,-2,-122
1754052432.80146,7,-15,-120
1754052432.84046,-2,-10,-121
1754052432.8784602,7,-13,-121
1754052432.9144602,2,-8,-113
1754052432.95246,-9,-1,-120
1754052432.9904602,-2,-4,-126
1754052433.0294602,-2,-3,-122
1754052433.06746,2,4,-122
1754052433.10346,1,4,-117
1754052433.14046,1,1,-114
1754052433.17946,2,-2,-118
1754052433.2174602,2,-5,-111
1754052433.2534602,8,0,-107
1754052433.29046,-5,-1,-114
1754052433.32946,-4,2,-117
1754052433.3654602,0,3,-108
1754052433.40246,-3,-4,-105
1754052433.4404602,4,-3,-117
1754052433.47946,5,-3,-121
1754052433.51546,6,-6,-113
1754052433.55346,5,-7,-118
1754052433.59146,4,-6,-119
1754052433.62946,-3,-7,-125
1754052433.66846,-3,-1,-111
1754052433.70446,-2,2,-113
1754052433.7434602,3,1,-121
1754052433.78046,7,0,-121
1754052433.8194602,-3,-4,-118
1754052433.8554602,-1,-6,-112
1754052433.89346,0,-4,-115
1754052433.93146,0,-4,-118
1754052433.96946,-1,-2,-121
1754052434.00846,2,-2,-118
1754052434.04446,1,4,-121
1754052434.08146,0,0,-121
1754052434.11946,3,-3,-134
1754052434.15846,9,-1,-130
1754052434.1944602,0,-1,-127
1754052434.23246,-3,1,-118
1754052434.27046,2,-5,-110
1754052434.3094602,10,0,-117
1754052434.3454602,9,-1,-115
1754052434.38346,1,-3,-115
1754052434.4214602,-4,-7,-121
1754052434.4604602,-1,-4,-113
1754052434.49846,3,-2,-119
1754052434.53546,-3,-6,-120
1754052434.5724602,2,1,-124
1754052434.6114602,2,-6,-124
1754052434.64946,3,2,-123
1754052434.68546,4,2,-121
1754052434.72246,-6,0,-118
1754052434.76146,-1,-5,-121
1754052434.7994602,1,0,-122
1754052434.8354602,0,0,-117
1754052434.87246,-2,-8,-121
1754052434.91046,1,-1,-126
1754052434.94946,1,-5,-122
1754052434.98546,5,-5,-124
1754052435.02346,0,-4,-123
1754052435.06146,-5,1,-121
1754052435.10046,-2,5,-107
1754052435.1384602,1,3,-120
1754052435.1744602,4,-4,-121
1754052435.21246,4,-3,-111
1754052435.25046,4,0,-116
1754052435.2894602,4,0,-114
1754052435.3254602,0,-2,-119
1754052435.36446,2,-1,-118
1754052435.4014602,4,-4,-119
1754052435.4404602,0,-8,-124
1754052435.47646,2,-2,-119
1754052435.51446,7,-4,-133
1754052435.5524602,-4,0,-129
1754052435.59046,-4,-2,-121
1754052435.62946,1,-5,-114
1754052435.66546,-8,-4,-115
1754052435.70346,-3,2,-120
1754052435.74146,2,0,-111
1754052435.78046,-8,-4,-116
1754052435.81646,-2,-1,-127
1754052435.85446,-5,0,-112
1754052435.89246,0,-2,-110
1754052435.93046,6,2,-119
1754052435.96946,0,1,-114
1754052436.00546,0,1,-114
1754052436.0424602,1,-5,-121
1754052436.08046,-7,-7,-127
1754052436.11946,-4,-2,-124
1754052436.15546,-7,1,-122
1754052436.19346,-3,3,-115
1754052436.23146,-5,6,-112
1754052436.27046,0,0,-117
1754052436.30646,-6,0,-113
1754052436.34446,0,-6,-116
1754052436.38246,2,2,-119
1754052436.4214602,-1,-4,-120
1754052436.45946,-2,-1,-104
1754052436.49546,0,2,-119
1754052436.53346,1,-1,-110
1754052436.57146,-4,-8,-113
1754052436.61046,-7,-3,-112
1754052436.64646,1,-4,-110
1754052436.6844602,0,3,-116
1754052436.72246,-3,4,-129
1754052436.76146,-2,0,-119
1754052436.7994602,8,-2,-118
1754052436.8354602,-3,2,-118
1754052436.87346,-3,-1,-116
1754052436.9114602,-4,1,-112
1754052436.9504602,-6,1,-107
1754052436.9864602,-5,2,-112
1754052437.02446,-12,3,-110
1754052437.0624602,0,-3,-120
1754052437.10146,2,-5,-117
1754052437.13946,5,-10,-102
1754052437.17546,-1,-1,-109
1754052437.2134602,0,4,-110
1754052437.25146,-1,5,-112
1754052437.29046,-5,0,-105
1754052437.32646,-4,0,-115
1754052437.36446,-3,5,-125
1754052437.40246,0,6,-129
1754052437.44146,-1,-1,-119
1754052437.47946,-1,-2,-130
1754052437.51546,-2,-6,-124
1754052437.55346,0,0,-115
1754052437.59146,-8,3,-120
1754052437.63046,-10,-5,-124
1754052437.66646,-4,-4,-114
1754052437.70446,2,0,-116
1754052437.74246,3,-4,-117
1754052437.78146,0,-3,-118
1754052437.81746,-1,1,-124
1754052437.8554602,-7,1,-125
1754052437.89346,-6,-1,-115
1754052437.93146,1,0,-115
1754052437.9704602,1,3,-119
1754052438.0064602,1,-2,-125
1754052438.04446,1,-8,-125
1754052438.0824602,4,-2,-122
1754052438.1214602,1,0,-112
1754052438.1574602,-1,-4,-132
1754052438.19546,5,-5,-129
1754052438.23446,4,0,-123
1754052438.27146,3,-6,-111
1754052438.31046,-1,-3,-115
1754052438.34646,5,-6,-113
1754052438.38346,0,-6,-117
1754052438.42246,-14,-8,-114
1754052438.4604602,1,1,-113
1754052438.4964602,-3,-4,-128
1754052438.53446,3,-5,-117
1754052438.5724602,-3,-1,-111
1754052438.6114602,1,-3,-117
1754052438.64746,2,-5,-112
1754052438.68546,-3,-2,-106
1754052438.7234602,-4,2,-114
1754052438.76246,-3,-1,-119
1754052438.80046,-7,1,-120
1754052438.83646,0,4,-130
1754052438.87346,-5,-2,-120
1754052438.91246,-4,-6,-117
1754052438.9504602,0,-7,-122
1754052438.9864602,-6,2,-116
1754052439.02446,-1,9,-115
1754052439.0624602,10,9,-125
1754052439.10146,3,2,-125
1754052439.13746,0,-8,-116
1754052439.17546,3,-7,-123
1754052439.2134602,2,-2,-116
1754052439.25246,3,-7,-119
1754052439.29046,2,1,-115
1754052439.32646,6,-4,-116
1754052439.36346,2,2,-118
1754052439.40246,-1,4,-117
1754052439.4404602,3,2,-111
1754052439.47646,5,7,-117
1754052439.5134602,-8,4,-117
1754052439.5524602,-4,4,-112
1754052439.5884602,-5,1,-121
1754052439.62646,-3,0,-114
1754052439.67246,-2,2,-121
1754052439.70846,2,4,-106
1754052439.74546,1,-7,-114
1754052439.78346,2,-9,-119
1754052439.8224602,2,-1,-118
1754052439.8584602,2,-4,-113
1754052439.89646,3,-5,-121
1754052439.9344602,3,-10,-118
1754052439.97246,-2,-6,-107
1754052440.01146,0,-2,-113
1754052440.04746,0,1,-122
1754052440.08446,4,-1,-120
1754052440.12246,-1,-5,-122
1754052440.1614602,-1,7,-109
1754052440.1974602,0,7,-114
1754052440.23546,-7,0,-120
1754052440.27346,-2,1,-123
1754052440.3124602,-5,-3,-125
1754052440.3484602,-1,2,-112
1754052440.38646,-1,0,-129
1754052440.42546,2,-8,-125
1754052440.46246,8,-5,-114
1754052440.50146,1,-6,-132
1754052440.53746,-7,-6,-126
1754052440.5754602,-7,0,-117
1754052440.61446,3,-1,-108
1754052440.65246,-2,-7,-114
1754052440.68846,0,-9,-119
1754052440.72646,-2,0,-124
1754052440.76446,-5,0,-124
1754052440.80346,0,-5,-105
1754052440.84146,8,-3,-115
1754052440.87746,-4,-3,-117
1754052440.91646,0,-4,-117
1754052440.95346,0,0,-109
1754052440.99246,-3,6,-118
1754052441.02846,0,2,-109
1754052441.0654602,9,-1,-114
1754052441.10346,6,-1,-114
1754052441.14246,0,0,-122
1754052441.17846,0,-2,-112
1754052441.21646,0,-5,-110
1754052441.25446,0,-3,-103
1754052441.29346,2,5,-112
1754052441.33146,4,1,-115
1754052441.36746,-4,-3,-108
1754052441.40546,-6,1,-109
1754052441.44346,3,-7,-117
1754052441.48246,9,0,-110
1754052441.51846,3,0,-119
1754052441.55646,-1,3,-127
1754052441.59346,-2,-4,-125
1754052441.63246,2,-8,-114
1754052441.66846,1,-17,-124
1754052441.70646,-6,-7,-129
1754052441.74446,0,-1,-114
1754052441.78346,0,0,-123
1754052441.8194602,-1,-9,-119
1754052441.85746,0,1,-120
1754052441.89546,0,-5,-117
1754052441.93346,5,1,-111
1754052441.97246,15,3,-118
1754052442.00846,11,1,-119
1754052442.04546,5,0,-133
1754052442.08346,0,0,-131
1754052442.12246,-2,-3,-127
1754052442.15846,-2,-2,-127
1754052442.1974602,1,-7,-120
1754052442.23446,1,0,-116
1754052442.27346,-2,-4,-122
1754052442.3094602,-5,-5,-119
1754052442.34746,-3,-2,-118
1754052442.38546,1,-1,-119
1754052442.42346,2,-5,-117
1754052442.46246,1,-2,-106
1754052442.49846,0,-1,-114
1754052442.5364602,3,-5,-118
1754052442.57446,3,-1,-112
1754052442.61346,2,0,-119
1754052442.64946,0,-4,-119
1754052442.6874602,3,1,-115
1754052442.72546,1,0,-126
1754052442.76446,5,0,-121
1754052442.8024602,-9,0,-120
1754052442.8384602,-10,-2,-111
1754052442.87646,4,0,-121
1754052442.9144602,0,-1,-118
1754052442.95346,-4,0,-118
1754052442.98946,1,-1,-108
1754052443.02746,0,-5,-114
1754052443.0654602,-5,-2,-119
1754052443.10446,5,3,-109
1754052443.14246,2,4,-116
1754052443.17846,3,-2,-118
1754052443.21646,5,-1,-118
1754052443.25446,5,-1,-113
1754052443.29346,4,-1,-116
1754052443.32946,-1,1,-115
1754052443.3684602,-7,2,-115
1754052443.40546,-6,-2,-123
1754052443.4444602,-3,-4,-117
1754052443.48246,2,-6,-113
1754052443.51846,4,4,-102
1754052443.55546,0,-9,-121
1754052443.59446,3,2,-122
1754052443.63246,-6,-3,-123
1754052443.66846,4,-8,-116
1754052443.70646,12,0,-120
1754052443.74446,11,3,-114
1754052443.78346,2,4,-123
1754052443.8194602,-7,7,-121
1754052443.85746,5,0,-116
1754052443.89646,8,4,-118
1754052443.9344602,-4,1,-117
1754052443.9704602,1,0,-110
1754052444.00846,0,0,-115
1754052444.0464602,1,0,-106
1754052444.08446,9,3,-109
1754052444.12346,5,-3,-114
1754052444.15946,4,-1,-123
1754052444.1974602,11,0,-118
1754052444.23546,3,-1,-115
1754052444.27446,-6,-5,-121
1754052444.31046,-4,-3,-113
1754052444.3484602,2,-1,-114
1754052444.38646,-1,-4,-130
1754052444.4244602,0,2,-117
1754052444.4634602,2,-2,-119
1754052444.49946,-5,-2,-122
1754052444.53746,-1,-2,-113
1754052444.57646,3,-4,-111
1754052444.61446,0,-1,-113
1754052444.65046,0,-3,-110
1754052444.68846,2,1,-110
1754052444.72646,1,-1,-106
1754052444.76546,9,-3,-116
1754052444.80346,6,-5,-127
1754052444.83946,3,-4,-117
1754052444.87746,3,6,-125
1754052444.91546,0,4,-123
1754052444.95446,-1,-2,-118
1754052444.9904602,-3,0,-122
1754052445.02746,6,6,-116
1754052445.0654602,-2,0,-122
1754052445.10446,-4,0,-118
1754052445.14046,0,2,-115
1754052445.1774602,1,0,-131
1754052445.21546,0,2,-128
1754052445.25446,2,0,-119
1754052445.29046,-2,-2,-109
1754052445.32846,5,1,-110
1754052445.36746,-2,0,-119
1754052445.40546,5,7,-113
1754052445.44346,0,4,-104
1754052445.47946,8,0,-121
1754052445.51746,11,0,-120
1754052445.55546,7,0,-131
1754052445.59446,7,-2,-124
1754052445.63046,4,0,-122
1754052445.6674602,0,6,-115
1754052445.70546,1,7,-111
1754052445.74446,4,6,-117
1754052445.78046,-1,-5,-127
1754052445.81846,3,-10,-115
1754052445.85646,10,0,-109
1754052445.89546,3,0,-104
1754052445.93346,9,1,-109
1754052445.96946,9,0,-115
1754052446.00746,11,2,-112
1754052446.04546,9,2,-122
1754052446.08446,7,8,-114
1754052446.12046,-1,5,-121
1754052446.15846,5,-5,-116
1754052446.19646,6,2,-115
1754052446.23546,2,-1,-111
1754052446.27146,7,-5,-113
1754052446.3094602,-5,-7,-108
1754052446.34746,0,-5,-107
1754052446.38546,1,-2,-123
1754052446.4244602,-2,-3,-122
1754052446.4604602,-1,-3,-114
1754052446.49846,-5,-2,-120
1754052446.5364602,-3,-2,-107
1754052446.5754602,7,-1,-124
1754052446.6114602,8,-1,-124
1754052446.64946,0,0,-116
1754052446.68846,-5,-2,-111
1754052446.72646,10,0,-113
1754052446.76446,5,-2,-119
1754052446.80046,1,0,-121
1754052446.8384602,4,1,-115
1754052446.87646,7,6,-108
1754052446.9144602,0,5,-102
1754052446.9504602,0,8,-102
1754052446.98846,3,1,-112
1754052447.0264602,5,1,-108
1754052447.0654602,5,1,-116
1754052447.10146,2,0,-118
1754052447.1384602,3,2,-119
1754052447.17646,0,-1,-124
1754052447.21546,0,-4,-124
1754052447.25146,12,0,-127
1754052447.28846,-6,4,-117
1754052447.32646,-2,-1,-121
1754052447.3654602,2,2,-136
1754052447.4014602,5,-1,-130
1754052447.43946,6,-4,-119
1754052447.47746,7,-2,-113
1754052447.5164602,12,-5,-119
1754052447.55446,-6,-7,-117
1754052447.59046,0,-1,-120
1754052447.6284602,0,4,-116
1754052447.66646,10,-1,-127
1754052447.70546,0,-1,-126
1754052447.74146,5,1,-126
1754052447.77846,-1,3,-110
1754052447.81646,2,0,-108
1754052447.8554602,3,3,-104
1754052447.8914602,2,-1,-105
1754052447.92946,4,-4,-110
1754052447.9674602,3,0,-112
1754052448.0064602,2,5,-115
1754052448.0424602,3,-1,-109
1754052448.08046,2,7,-124
1754052448.1184602,4,-4,-103
1754052448.15646,0,0,-107
1754052448.19546,1,-1,-129
1754052448.23146,1,-1,-117
1754052448.2694602,2,0,-108
1754052448.30746,-14,-4,-110
1754052448.34646,-3,-4,-119
1754052448.38246,-4,-3,-121
1754052448.42046,-2,5,-114
1754052448.45846,1,-3,-122
1754052448.4964602,3,-1,-121
1754052448.53546,4,5,-119
1754052448.57146,1,-4,-110
1754052448.60946,0,-10,-116
1754052448.64746,3,-5,-115
1754052448.68646,-4,-2,-128
1754052448.72246,4,0,-120
1754052448.76146,-1,4,-121
1754052448.79846,4,-4,-116
1754052448.83746,5,-3,-112
1754052448.87546,2,-2,-104
1754052448.9114602,9,-2,-115
1754052448.94946,6,-2,-127
1754052448.98746,9,-5,-131
1754052449.0264602,3,0,-124
1754052449.0624602,5,0,-120
1754052449.09946,5,-6,-124
1754052449.13746,5,3,-129
1754052449.17646,7,0,-123
1754052449.21246,5,-1,-120
1754052449.25046,1,-1,-118
1754052449.28846,3,0,-123
1754052449.32746,6,5,-119
1754052449.3654602,9,3,-114
1754052449.4014602,-2,0,-117
1754052449.4404602,-1,3,-115
1754052449.47746,0,-3,-117
1754052449.5164602,10,-2,-115
1754052449.5524602,3,0,-110
1754052449.59046,-1,-1,-111
1754052449.6284602,0,-4,-121
1754052449.67346,-2,-1,-116
1754052449.7104602,1,-1,-127
1754052449.74846,1,-5,-123
1754052449.78746,1,-6,-116
1754052449.8254602,3,0,-111
1754052449.8614602,1,-4,-125
1754052449.89946,2,-7,-117
1754052449.9374602,3,0,-91
1754052449.97646,7,-3,-111
1754052450.01246,11,-4,-114
1754052450.05046,2,-3,-110
1754052450.0884602,-5,-7,-115
1754052450.12746,-1,0,-122
1754052450.16346,0,0,-120
1754052450.2004602,-2,-3,-114
1754052450.23846,0,1,-123
1754052450.27746,-3,3,-110
1754052450.31346,3,0,-117
1754052450.35046,4,2,-105
1754052450.3884602,5,0,-122
1754052450.4274602,4,-1,-121
1754052450.4634602,1,-6,-119
1754052450.50146,2,-1,-109
1754052450.5394602,5,-1,-118
1754052450.57746,-1,-2,-117
1754052450.61646,-7,3,-121
1754052450.65246,1,-2,-124
1754052450.6904602,-7,-3,-123
1754052450.72846,-4,-3,-117
1754052450.76746,3,1,-115
1754052450.80346,-1,-2,-116
1754052450.84146,-2,5,-123
1754052450.87946,0,-3,-121
1754052450.9174602,0,-5,-117
1754052450.95646,0,-5,-117
1754052450.99246,0,-9,-126
1754052451.03046,1,-3,-119
1754052451.0694602,5,-1,-119
1754052451.10746,1,-6,-113
1754052451.14346,2,-7,-109
1754052451.18146,8,-5,-115
1754052451.21946,-1,-10,-116
1754052451.25846,0,-2,-111
1754052451.2964602,3,3,-107
1754052451.3324602,-1,7,-105
1754052451.37046,1,11,-102
1754052451.40846,-7,-2,-111
1754052451.4474602,-9,0,-127
1754052451.4834602,-3,0,-114
1754052451.52246,-5,0,-124
1754052451.5594602,-3,0,-114
1754052451.5984602,1,5,-118
1754052451.63646,2,3,-113
1754052451.67246,3,0,-107
1754052451.70946,5,0,-109
1754052451.74846,9,4,-104
1754052451.7864602,0,4,-113
1754052451.8224602,-3,8,-118
1754052451.86046,0,4,-110
1754052451.89846,1,7,-107
1754052451.9374602,1,7,-109
1754052451.9734602,1,2,-106
1754052452.01146,3,0,-121
1754052452.0494602,7,1,-129
1754052452.0884602,5,-8,-122
1754052452.12446,4,-4,-126
1754052452.16246,5,-2,-124
1754052452.2004602,0,-10,-118
1754052452.23846,0,-5,-118
1754052452.27746,6,1,-119
1754052452.31346,0,2,-123
1754052452.35046,3,-2,-122
1754052452.3884602,6,-1,-115
1754052452.4274602,0,-2,-120
1754052452.4634602,-3,-2,-113
1754052452.50146,-4,-3,-115
1754052452.5394602,2,2,-115
1754052452.57846,1,-4,-114
1754052452.61446,0,-6,-112
1754052452.6514602,5,-2,-110
1754052452.68946,5,-2,-124
1754052452.72846,0,-7,-127
1754052452.76446,6,-6,-124
1754052452.8024602,-1,-4,-117
1754052452.84046,-6,-5,-118
1754052452.8784602,-1,-7,-118
1754052452.9174602,0,-8,-131
1754052452.95346,0,2,-126
1754052452.99246,3,0,-127
1754052453.0294602,-2,-7,-120
1754052453.06846,11,-1,-118
1754052453.10446,12,0,-112
1754052453.1414602,2,0,-109
1754052453.17946,5,0,-104
1754052453.21846,5,-2,-112
1754052453.25446,1,0,-109
1754052453.29146,-2,1,-108
1754052453.32946,-1,-5,-115
1754052453.3684602,-3,-1,-113
1754052453.4044602,-5,-1,-128
1754052453.44246,0,-7,-125
1754052453.4804602,3,-10,-120
1754052453.5194602,5,0,-110
1754052453.55746,-5,-1,-105
1754052453.59346,-1,-1,-127
1754052453.6314602,-2,-4,-126
1754052453.66946,1,-1,-115
1754052453.70846,0,0,-111
1754052453.74446,6,0,-111
1754052453.78146,2,5,-118
1754052453.8194602,1,0,-117
1754052453.8584602,4,-6,-111
1754052453.8944602,0,-9,-126
1754052453.93146,0,-7,-122
1754052453.96946,4,-8,-117
1754052454.00846,5,1,-121
1754052454.04446,-3,4,-119
1754052454.0824602,0,1,-115
1754052454.1214602,5,-2,-123
1754052454.15946,5,-4,-133
1754052454.19546,6,0,-131
1754052454.23246,5,0,-120
1754052454.27146,2,0,-123
1754052454.3094602,5,-6,-127
1754052454.3454602,0,-1,-116
1754052454.38246,0,-9,-125
1754052454.42046,6,-12,-123
1754052454.45946,3,-5,-124
1754052454.49546,4,-6,-120
1754052454.53346,0,1,-109
1754052454.57146,3,-11,-108
1754052454.60946,-4,-4,-119
1754052454.64846,2,-2,-125
1754052454.6844602,3,2,-123
1754052454.72146,4,0,-118
1754052454.7594602,5,-2,-121
1754052454.79846,2,-1,-128
1754052454.83446,4,4,-120
1754052454.8714602,0,9,-121
1754052454.90946,0,-1,-121
1754052454.94846,0,4,-120
1754052454.98446,1,-2,-117
1754052455.02346,6,-2,-111
1754052455.06046,-4,0,-117
1754052455.09946,0,-1,-122
1754052455.13546,-3,0,-122
1754052455.17346,-3,3,-121
1754052455.21146,0,-3,-126
1754052455.25046,3,-3,-116
1754052455.28846,0,1,-119
1754052455.32446,-3,-7,-118
1754052455.36246,-4,-5,-125
1754052455.40046,4,0,-115
1754052455.43946,3,-4,-109
1754052455.47546,-5,-7,-110
1754052455.5134602,-3,-12,-109
1754052455.55146,5,-4,-107
1754052455.59046,-4,0,-112
1754052455.6284602,-1,-3,-114
1754052455.6644602,-2,-1,-115
1754052455.70346,-5,-10,-115
1754052455.7404602,0,-7,-116
1754052455.7794602,2,-4,-113
1754052455.8154602,-4,-3,-127
1754052455.85346,3,-2,-121
1754052455.8914602,10,-7,-116
1754052455.93046,-4,-6,-125
1754052455.96846,1,-4,-133
1754052456.00446,4,-9,-125
1754052456.0424602,4,-2,-122
1754052456.08046,5,-2,-121
1754052456.11946,6,0,-127
1754052456.15546,4,1,-121
1754052456.19246,-1,1,-119
1754052456.23146,-3,1,-112
1754052456.2694602,0,-5,-116
1754052456.30546,-1,-4,-124
1754052456.34346,5,-7,-129
1754052456.3814602,5,-7,-117
1754052456.42046,1,-8,-113
1754052456.45646,0,-4,-115
1754052456.49446,2,-5,-113
1754052456.5324602,2,-5,-121
1754052456.57046,1,-2,-119
1754052456.60946,0,0,-118
1754052456.64546,-4,-3,-114
1754052456.68346,-1,1,-115
1754052456.72146,2,4,-121
1754052456.76046,7,-4,-116
1754052456.7964602,3,0,-118
1754052456.83446,-7,-4,-121
1754052456.87346,-11,-8,-131
1754052456.91046,1,-2,-118
1754052456.94946,-2,0,-115
1754052456.98546,-13,1,-106
1754052457.02346,-5,0,-122
1754052457.06146,0,-5,-124
1754052457.10046,-2,-4,-123
1754052457.13646,-5,-4,-116
1754052457.1744602,2,0,-119
1754052457.21246,0,6,-121
1754052457.25146,-4,0,-120
1754052457.2894602,-5,-5,-120
1754052457.3254602,-6,0,-116
1754052457.36346,-4,1,-118
1754052457.40246,-3,0,-118
1754052457.4404602,-2,-6,-106
1754052457.47646,-5,0,-124
1754052457.51546,-1,0,-119
1754052457.5524602,3,-7,-111
1754052457.59146,0,-4,-127
1754052457.62946,-4,-6,-115
1754052457.66546,1,-3,-115
1754052457.70346,-1,-7,-116
1754052457.74146,-3,1,-116
1754052457.78046,1,2,-107
1754052457.81646,1,1,-118
1754052457.85346,-2,-2,-109
1754052457.8914602,-4,-6,-119
1754052457.93046,1,0,-123
1754052457.96646,-1,0,-114
1754052458.00446,0,-9,-113
1754052458.04346,2,0,-111
1754052458.08146,3,0,-108
1754052458.11946,10,4,-116
1754052458.15546,1,1,-129
1754052458.19246,1,0,-135
1754052458.23146,0,-5,-122
1754052458.2694602,-3,-3,-115
1754052458.30546,5,1,-119
1754052458.34346,4,1,-114
1754052458.3814602,0,3,-120
1754052458.42046,-6,1,-113
1754052458.45646,2,3,-105
1754052458.4934602,2,1,-119
1754052458.53146,1,-2,-131
1754052458.57046,10,2,-113
1754052458.60646,7,6,-110
1754052458.64346,4,4,-118
1754052458.68146,9,1,-122
1754052458.7204602,8,0,-127
1754052458.7564602,-1,-2,-120
1754052458.79446,-7,2,-120
1754052458.8324602,-4,0,-115
1754052458.8714602,-7,-6,-107
1754052458.9074602,-1,-7,-112
1754052458.94646,0,-8,-107
1754052458.9834602,-7,-4,-112
1754052459.02246,4,0,-114
1754052459.06046,3,3,-120
1754052459.09646,3,3,-118
1754052459.13346,6,3,-125
1754052459.17246,7,0,-124
1754052459.2104602,-1,2,-131
1754052459.24746,9,-3,-114
1754052459.28446,0,0,-111
1754052459.3224602,-4,1,-117
1754052459.3614602,-1,4,-114
1754052459.39746,-1,1,-111
1754052459.43546,0,1,-114
1754052459.4734602,2,-5,-106
1754052459.51246,-9,-3,-119
1754052459.55046,-2,-2,-114
1754052459.58646,-4,0,-113
1754052459.62446,0,0,-126
1754052459.66246,-3,-1,-111
1754052459.70646,4,-8,-114
1754052459.74446,8,3,-114
1754052459.7824602,-1,-2,-110
1754052459.82146,4,1,-112
1754052459.85746,6,0,-112
1754052459.8944602,2,4,-115
1754052459.93246,-3,4,-98
1754052459.97146,-3,1,-108
1754052460.00746,-6,-5,-121
1754052460.04546,-2,-3,-120
1754052460.08446,-6,-1,-125
1754052460.12246,-3,-3,-117
1754052460.16046,4,0,-110
1754052460.1974602,-1,-2,-109
1754052460.23446,6,7,-119
1754052460.27246,1,0,-108
1754052460.31146,8,0,-120
1754052460.34746,-1,-1,-120
1754052460.38646,-1,3,-118
1754052460.4244602,-6,2,-119
1754052460.46246,-3,0,-110
1754052460.50046,3,8,-126
1754052460.5364602,4,3,-126
1754052460.57446,2,-2,-125
1754052460.61246,-3,-7,-113
1754052460.64846,0,-4,-124
1754052460.6874602,6,-4,-128
1754052460.72446,4,-6,-122
1754052460.7634602,2,-8,-114
1754052460.80146,-7,2,-121
1754052460.83746,-9,0,-114
1754052460.87546,-2,-8,-119
1754052460.91346,-6,2,-122
1754052460.95246,-4,-1,-104
1754052460.98846,-6,0,-112
1754052461.0264602,-3,-5,-118
1754052461.06446,3,-7,-127
1754052461.10246,1,0,-125
1754052461.1414602,-8,-3,-123
1754052461.1774602,-4,-2,-116
1754052461.21546,-7,-3,-114
1754052461.25446,-3,0,-132
1754052461.2924602,-1,2,-121
1754052461.32846,4,0,-115
1754052461.36646,3,-5,-123
1754052461.4044602,4,-2,-113
1754052461.44246,-4,3,-118
1754052461.47846,1,2,-130
1754052461.5164602,8,1,-118
1754052461.55446,7,0,-112
1754052461.59346,13,1,-118
1754052461.6314602,4,-1,-108
1754052461.6674602,1,2,-127
1754052461.70546,-6,-2,-122
1754052461.7434602,0,-1,-112
1754052461.7824602,0,-2,-112
1754052461.81846,7,0,-114
1754052461.85646,-4,0,-114
1754052461.8944602,2,0,-104
1754052461.93346,4,-3,-113
1754052461.97146,-5,0,-113
1754052462.00746,1,0,-113
1754052462.04446,1,-2,-117
1754052462.08346,-7,-3,-104
1754052462.1214602,-6,0,-105
1754052462.1574602,-1,-6,-109
1754052462.19546,-1,-7,-109
1754052462.2334602,-5,4,-119
1754052462.27246,-3,4,-120
1754052462.30846,-7,-1,-115
1754052462.34646,0,4,-117
1754052462.3844602,-5,4,-120
1754052462.42346,0,0,-112
1754052462.46146,-1,-6,-116
1754052462.49746,6,1,-101
1754052462.53546,1,1,-103
1754052462.57346,-5,-7,-103
1754052462.61246,0,-2,-114
1754052462.64846,-8,-3,-107
1754052462.68646,-6,3,-114
1754052462.72446,-3,-4,-117
1754052462.7634602,1,-3,-114
1754052462.7994602,-1,-2,-112
1754052462.83746,3,-4,-117
1754052462.87546,-4,-3,-114
1754052462.91346,6,-3,-110
1754052462.95246,0,-1,-105
1754052462.98846,3,-1,-105
1754052463.02746,2,7,-111
1754052463.0654602,0,4,-124
1754052463.10346,-2,-4,-125
1754052463.13946,4,-3,-123
1754052463.1774602,0,0,-120
1754052463.21546,0,-6,-125
1754052463.2534602,3,1,-115
1754052463.2924602,3,1,-122
1754052463.32846,8,-6,-119
1754052463.36646,0,-3,-116
1754052463.4044602,7,-3,-124
1754052463.44346,1,0,-116
1754052463.47946,-2,3,-118
1754052463.51746,4,1,-119
1754052463.55646,0,-4,-116
1754052463.59446,2,4,-116
1754052463.63246,0,0,-121
1754052463.66846,1,0,-120
1754052463.70646,6,6,-121
1754052463.74446,5,0,-116
1754052463.78346,1,0,-115
1754052463.8194602,0,-2,-111
1754052463.85746,-5,0,-110
1754052463.89546,-5,1,-109
1754052463.9344602,1,2,-126
1754052463.97246,3,2,-116
1754052464.00846,4,0,-124
1754052464.0464602,3,-3,-114
1754052464.08446,-1,0,-108
1754052464.12346,-4,-6,-124
1754052464.15946,0,0,-128
1754052464.19846,2,1,-122
1754052464.23546,-4,4,-109
1754052464.27446,5,0,-111
1754052464.3124602,3,1,-130
1754052464.3484602,0,0,-128
1754052464.38546,4,1,-114
1754052464.4244602,2,-4,-113
1754052464.46246,-8,0,-114
1754052464.49846,6,4,-116
1754052464.53546,1,1,-120
1754052464.57446,4,-2,-125
1754052464.61246,-2,-2,-124
1754052464.64846,0,0,-126
1754052464.68546,4,-3,-125
1754052464.72446,9,4,-122
1754052464.76046,0,6,-117
1754052464.79746,0,-2,-112
1754052464.8354602,0,-5,-125
1754052464.87446,-3,-6,-111
1754052464.91046,-3,5,-117
1754052464.94846,4,0,-117
1754052464.9864602,2,0,-124
1754052465.02446,2,0,-119
1754052465.06346,0,-2,-124
1754052465.09946,2,0,-111
1754052465.13746,5,-4,-107
1754052465.17546,1,-7,-120
1754052465.21446,-2,-2,-115
1754052465.25046,-4,-1,-111
1754052465.28846,-3,0,-115
1754052465.32746,5,-4,-115
1754052465.36446,0,0,-122
1754052465.40346,4,3,-124
1754052465.43946,0,-1,-123
1754052465.47746,0,3,-111
1754052465.51546,-1,1,-121
1754052465.55446,2,2,-120
1754052465.59046,2,-7,-119
1754052465.6284602,7,-2,-119
1754052465.66646,9,4,-114
1754052465.70546,1,3,-116
1754052465.7434602,6,-2,-116
1754052465.7794602,4,-4,-110
1754052465.81746,8,-1,-104
1754052465.8554602,3,-2,-115
1754052465.8944602,0,-2,-112
1754052465.93046,-3,-1,-108
1754052465.96846,0,-2,-117
1754052466.0064602,2,0,-115
1754052466.04546,3,0,-110
1754052466.08346,-3,-1,-110
1754052466.11946,0,0,-110
1754052466.1574602,1,3,-117
1754052466.19546,8,-4,-123
1754052466.23446,0,-2,-126
1754052466.27046,0,-3,-133
1754052466.30846,3,2,-125
1754052466.3454602,3,3,-119
1754052466.3844602,0,-1,-126
1754052466.42046,-3,-5,-127
1754052466.45846,1,-1,-120
1754052466.4964602,8,4,-117
1754052466.53546,3,1,-121
1754052466.57346,2,0,-110
1754052466.60946,0,0,-108
1754052466.64646,3,0,-111
1754052466.68546,-2,-6,-104
1754052466.72146,3,-5,-104
1754052466.7594602,0,-6,-128
1754052466.79746,-5,-4,-132
1754052466.8354602,-4,-4,-128
1754052466.87446,5,-1,-132
1754052466.91046,4,-2,-126
1754052466.94946,1,-1,-110
1754052466.98746,0,1,-123
1754052467.02546,-5,0,-121
1754052467.06146,-12,-1,-119
1754052467.09946,-2,0,-128
1754052467.13746,0,2,-116
1754052467.17546,4,-1,-111
1754052467.21446,0,-2,-123
1754052467.25046,0,-1,-123
1754052467.28846,-4,-3,-119
1754052467.32646,-3,-3,-117
1754052467.3654602,0,1,-90
1754052467.4014602,6,-1,-107
1754052467.43946,-2,3,-118
1754052467.47746,-17,0,-111
1754052467.51546,-6,-1,-108
1754052467.55446,-4,-7,-113
1754052467.59046,0,-9,-123
1754052467.6284602,-3,-6,-109
1754052467.66646,-2,-1,-110
1754052467.70546,2,-6,-122
1754052467.74246,-8,-6,-116
1754052467.7794602,-7,-2,-118
1754052467.81746,3,4,-120
1754052467.85646,-1,0,-121
1754052467.8944602,0,-3,-117
1754052467.93046,-2,-5,-120
1754052467.96846,0,0,-117
1754052468.00746,-3,-3,-114
1754052468.04546,-6,-2,-123
1754052468.08146,-8,-5,-114
1754052468.11946,-1,0,-121
1754052468.1574602,1,0,-116
1754052468.19646,-10,-3,-119
1754052468.23446,-9,0,-130
1754052468.27046,-5,-7,-130
1754052468.30846,-8,-5,-111
1754052468.34646,-5,-7,-120
1754052468.38546,4,-12,-116
1754052468.4214602,-3,-1,-108
1754052468.45946,6,-5,-120
1754052468.49846,2,0,-117
1754052468.5364602,-3,4,-114
1754052468.57446,0,3,-116
1754052468.61046,-4,2,-113
1754052468.64946,4,3,-117
1754052468.68646,-1,6,-117
1754052468.72546,-1,0,-108
1754052468.76146,-2,-1,-110
1754052468.7994602,0,-5,-114
1754052468.83746,9,-7,-113
1754052468.87646,5,-5,-107
1754052468.91246,7,0,-117
1754052468.94946,0,-1,-118
1754052468.98746,4,4,-121
1754052469.0264602,0,7,-117
1754052469.0624602,-2,5,-115
1754052469.10046,0,1,-114
1754052469.1384602,0,-13,-111
1754052469.17646,7,-2,-119
1754052469.21546,0,0,-113
1754052469.25146,0,2,-119
1754052469.28846,-7,0,-119
1754052469.32646,-2,1,-119
1754052469.3654602,-3,-2,-118
1754052469.4014602,0,1,-119
1754052469.43846,7,-1,-120
1754052469.47646,4,0,-115
1754052469.51546,8,3,-113
1754052469.55146,10,0,-105
1754052469.5884602,-1,-3,-112
1754052469.62646,5,-7,-106
1754052469.66546,-2,2,-112
1754052469.70946,-1,3,-116
1754052469.74746,-2,-4,-131
1754052469.7864602,-6,0,-130
1754052469.8224602,2,1,-121
1754052469.85946,6,-3,-120
1754052469.89746,6,-9,-111
1754052469.93646,0,-5,-116
1754052469.97246,8,-6,-110
1754052470.01046,0,-2,-108
1754052470.04846,7,2,-114
1754052470.08746,-2,1,-119
1754052470.12546,-2,0,-118
1754052470.1614602,5,-1,-121
1754052470.19946,-1,-2,-118
1754052470.23746,0,-3,-109
1754052470.2764602,0,-5,-112
1754052470.3124602,6,-4,-116
1754052470.35046,3,-7,-110
1754052470.3884602,0,0,-122
1754052470.4274602,-1,-7,-119
1754052470.46546,-3,-7,-119
1754052470.50146,4,-4,-121
1754052470.53846,6,-3,-124
1754052470.57746,2,-5,-111
1754052470.6154602,-3,0,-119
1754052470.6514602,5,-1,-107
1754052470.68846,-3,-5,-113
1754052470.72746,3,-2,-112
1754052470.76546,9,-1,-105
1754052470.80146,1,2,-112
1754052470.8384602,-3,3,-102
1754052470.87746,-5,5,-113
1754052470.91346,-1,0,-123
1754052470.95146,3,0,-116
1754052470.9904602,2,2,-126
1754052471.02746,-5,-1,-119
1754052471.06646,-10,-4,-132
1754052471.10246,-10,3,-118
1754052471.14046,-1,3,-104
1754052471.17846,0,4,-115
1754052471.2174602,-11,0,-123
1754052471.2534602,-6,2,-125
1754052471.29146,0,-4,-118
1754052471.32946,1,0,-120
1754052471.3684602,0,0,-116
1754052471.40646,9,0,-108
1754052471.44246,0,-1,-110
1754052471.48146,-4,-2,-117
1754052471.51846,0,1,-110
1754052471.55746,3,-2,-115
1754052471.59346,-5,-1,-117
1754052471.6314602,-4,-5,-106
1754052471.66946,1,-5,-115
1754052471.7074602,-3,-3,-107
1754052471.7464602,-2,-1,-113
1754052471.7824602,-6,0,-113
1754052471.82046,3,0,-111
1754052471.8584602,0,-2,-110
1754052471.89746,3,-1,-116
1754052471.93346,2,-3,-123
1754052471.97146,-2,4,-116
1754052472.01046,-4,0,-119
1754052472.04846,2,4,-114
1754052472.08646,-2,-4,-112
1754052472.12246,0,-8,-118
1754052472.16046,3,-4,-112
1754052472.19846,1,-3,-113
1754052472.23746,2,0,-115
1754052472.27346,-1,0,-108
1754052472.31146,4,-3,-125
1754052472.34946,-4,2,-119
1754052472.3884602,4,-6,-126
1754052472.42646,0,-3,-120
1754052472.46246,1,-6,-119
1754052472.50146,3,-2,-122
1754052472.5394602,4,-3,-118
1754052472.57746,8,-4,-127
1754052472.61346,7,-5,-116
1754052472.6514602,4,-3,-125
1754052472.68946,3,6,-121
1754052472.72846,2,2,-114
1754052472.7664602,8,-5,-117
1754052472.8024602,3,0,-115
1754052472.83946,-3,-6,-112
1754052472.8784602,1,0,-123
1754052472.91646,0,-2,-119
1754052472.95246,1,-2,-115
1754052472.9904602,0,-6,-122
1754052473.02846,6,0,-111
1754052473.06746,-5,0,-122
1754052473.10346,-4,-1,-121
1754052473.1414602,-2,-4,-120
1754052473.17946,2,-6,-125
1754052473.21846,1,-5,-114
1754052473.25446,2,-2,-113
1754052473.2924602,2,-1,-111
1754052473.33046,-1,-2,-119
1754052473.3684602,-1,-4,-117
1754052473.4074602,2,3,-122
1754052473.44346,0,2,-123
1754052473.4804602,6,-1,-122
1754052473.51846,4,-3,-112
1754052473.55746,-2,-1,-105
1754052473.59346,-12,-1,-114
1754052473.6314602,2,-4,-114
1754052473.66946,-8,0,-120
1754052473.70846,1,-3,-127
1754052473.74546,-3,-4,-118
1754052473.7824602,2,0,-113
1754052473.82046,0,3,-114
1754052473.8584602,3,0,-117
1754052473.89746,0,-4,-125
1754052473.93346,3,2,-118
1754052473.9704602,3,-1,-114
1754052474.0094602,1,-5,-110
1754052474.04746,-9,1,-110
1754052474.08346,3,-3,-110
1754052474.12246,3,-2,-130
1754052474.15946,-1,-10,-113
1754052474.19846,-7,-9,-99
1754052474.23446,-2,0,-107
1754052474.27246,-12,-5,-109
1754052474.31046,-5,-1,-113
1754052474.34946,-8,-7,-113
1754052474.38746,-7,2,-112
1754052474.42346,1,8,-125
1754052474.46146,5,0,-115
1754052474.49946,3,-1,-115
1754052474.53846,0,-4,-114
1754052474.57446,0,-3,-114
1754052474.6114602,-3,4,-116
1754052474.64946,0,1,-118
1754052474.68846,1,-2,-112
1754052474.72446,-1,1,-111
1754052474.76246,-1,0,-118
1754052474.80046,1,-4,-116
1754052474.83946,2,-2,-124
1754052474.87746,-3,-7,-121
1754052474.91346,0,-3,-113
1754052474.95146,8,-1,-108
1754052474.98946,3,0,-120
1754052475.02846,0,-4,-115
1754052475.06446,1,-2,-111
1754052475.10246,2,-6,-110
1754052475.14046,4,-1,-112
1754052475.17946,5,-4,-123
1754052475.21546,6,1,-126
1754052475.2534602,-2,-1,-116
1754052475.29046,-3,-6,-127
1754052475.32946,3,-3,-113
1754052475.3654602,8,0,-119
1754052475.40246,4,-2,-121
1754052475.4404602,7,-4,-116
1754052475.47946,-3,-2,-117
1754052475.51546,-2,-6,-125
1754052475.55446,0,0,-113
1754052475.59146,0,0,-115
1754052475.62946,5,0,-110
1754052475.66846,0,2,-114
1754052475.70446,3,2,-113
1754052475.74146,-5,0,-114
1754052475.7794602,-8,-7,-115
1754052475.81846,3,-5,-119
1754052475.85446,3,-6,-118
1754052475.89246,-1,-6,-108
1754052475.93146,0,-4,-113
1754052475.96946,3,-2,-110
1754052476.00546,-6,-1,-118
1754052476.04446,2,-2,-111
1754052476.0824602,3,-2,-114
1754052476.12046,0,-5,-110
1754052476.15846,2,0,-119
1754052476.1944602,-1,3,-120
1754052476.23246,2,-3,-116
1754052476.27046,3,0,-120
1754052476.3094602,2,-4,-105
1754052476.3454602,-2,-6,-108
1754052476.38346,-1,-9,-117
1754052476.4214602,-4,-6,-117
1754052476.4604602,-3,-4,-107
1754052476.49846,6,-8,-98
1754052476.53446,11,-7,-110
1754052476.5724602,4,0,-103
1754052476.61046,1,-4,-107
1754052476.64946,-10,3,-118
1754052476.68546,-5,-3,-128
1754052476.72446,0,-3,-117
1754052476.76146,0,-6,-121
1754052476.80046,-1,-3,-121
1754052476.8384602,0,-2,-117
1754052476.87446,8,-5,-116
1754052476.91246,-1,4,-110
1754052476.9504602,-2,-2,-106
1754052476.98946,0,0,-114
1754052477.02546,-5,2,-124
1754052477.06346,0,0,-120
1754052477.10146,0,-3,-122
1754052477.14046,-2,-3,-128
1754052477.17646,-4,-2,-116
1754052477.21546,0,-2,-121
1754052477.25246,3,-9,-123
1754052477.29046,7,-5,-114
1754052477.32946,3,1,-113
1754052477.3654602,0,-1,-110
1754052477.40346,-2,-3,-121
1754052477.44146,-7,-5,-120
1754052477.4804602,3,-3,-116
1754052477.5164602,0,-1,-113
1754052477.55346,4,-2,-122
1754052477.59146,5,-1,-115
1754052477.63046,4,3,-122
1754052477.66646,1,-1,-121
1754052477.70446,-3,0,-115
1754052477.74246,9,-3,-118
1754052477.78146,2,-3,-119
1754052477.8194602,5,2,-102
1754052477.8554602,1,0,-104
1754052477.89346,4,-2,-108
1754052477.93146,-6,-5,-115
1754052477.9704602,4,-4,-118
1754052478.0064602,8,-2,-118
1754052478.04446,6,-1,-104
1754052478.0824602,1,-3,-109
1754052478.1214602,1,-1,-122
1754052478.15946,-4,-5,-119
1754052478.19546,-8,-2,-131
1754052478.2334602,2,-4,-125
1754052478.27146,0,-3,-126
1754052478.31046,0,-9,-120
1754052478.34646,0,1,-118
1754052478.38346,5,-4,-125
1754052478.4214602,2,-1,-114
1754052478.4604602,0,6,-117
1754052478.4964602,3,0,-107
1754052478.53446,5,-1,-115
1754052478.57346,2,-1,-106
1754052478.6114602,5,-7,-114
1754052478.64946,8,-6,-109
1754052478.68646,9,4,-117
1754052478.7234602,-3,0,-130
1754052478.76146,0,0,-115
1754052478.80046,5,0,-122
1754052478.83646,1,2,-109
1754052478.87346,1,0,-115
1754052478.9114602,3,-1,-115
1754052478.9504602,5,-1,-119
1754052478.9864602,0,-5,-114
1754052479.02446,-4,-1,-118
1754052479.0624602,4,4,-120
1754052479.10146,3,-1,-111
1754052479.13946,0,0,-112
1754052479.17546,0,1,-109
1754052479.21446,2,0,-124
1754052479.25146,1,0,-123
1754052479.29046,5,8,-128
1754052479.32646,1,3,-128
1754052479.36446,0,-3,-118
1754052479.40246,0,-1,-120
1754052479.44146,6,-4,-116
1754052479.47746,1,-2,-117
1754052479.51546,8,-1,-112
1754052479.55346,5,0,-116
1754052479.59146,1,-1,-121
1754052479.63046,0,-2,-115
1754052479.66646,4,-3,-113
1754052479.70446,0,-5,-129
1754052479.75046,7,1,-123
1754052479.7864602,0,1,-116
1754052479.82346,-1,5,-119
1754052479.8614602,3,-1,-104
1754052479.90046,-5,-3,-108
1754052479.93646,-6,-12,-112
1754052479.97446,-8,1,-118
1754052480.01246,4,-4,-122
1754052480.05146,10,-3,-117
1754052480.0884602,11,-6,-126
1754052480.12546,0,-7,-113
1754052480.1644602,2,-6,-112
1754052480.20246,0,-2,-120
1754052480.2404602,1,2,-112
1754052480.2764602,8,0,-106
1754052480.31446,0,0,-112
1754052480.35246,0,-1,-113
1754052480.3914602,2,-5,-116
1754052480.4274602,3,-3,-124
1754052480.46546,12,3,-118
1754052480.5034602,2,-2,-122
1754052480.5424602,-6,-3,-114
1754052480.58046,0,-6,-111
1754052480.61646,2,-4,-99
1754052480.6544602,1,-2,-116
1754052480.69346,1,4,-113
1754052480.73146,1,0,-120
1754052480.76746,1,1,-108
1754052480.80446,0,-7,-111
1754052480.84346,0,-8,-129
1754052480.8814602,3,1,-122
1754052480.9174602,-8,0,-117
1754052480.95446,-3,3,-121
1754052480.99246,1,0,-122
1754052481.03146,0,-1,-119
1754052481.06746,-3,-7,-114
1754052481.1054602,1,-2,-120
1754052481.14346,-8,5,-124
1754052481.18246,-1,0,-112
1754052481.2204602,6,0,-104
1754052481.2564602,-1,-5,-115
1754052481.29446,1,0,-110
1754052481.3324602,0,0,-119
1754052481.3714602,2,-2,-115
1754052481.4074602,2,-3,-108
1754052481.44546,-6,-1,-120
1754052481.4834602,-5,-3,-117
1754052481.52246,-2,-2,-116
1754052481.55846,-1,-6,-119
1754052481.59646,3,-4,-118
1754052481.63546,0,-2,-132
1754052481.67246,0,-7,-122
1754052481.71146,1,-7,-122
1754052481.74746,-3,0,-118
1754052481.78546,5,-5,-121
1754052481.8224602,6,-3,-113
1754052481.8614602,5,10,-112
1754052481.89746,0,12,-113
1754052481.93546,-7,4,-109
1754052481.97246,1,-3,-113
1754052482.01146,5,-5,-111
1754052482.04746,3,-5,-125
1754052482.0854602,7,0,-119
1754052482.12346,7,0,-114
1754052482.16246,1,0,-113
1754052482.19846,-6,-3,-110
1754052482.2364602,-2,7,-116
1754052482.27446,-2,6,-110
1754052482.31346,1,0,-114
1754052482.35146,2,5,-118
1754052482.38746,5,4,-111
1754052482.42646,-1,0,-121
1754052482.4634602,1,0,-121
1754052482.50246,-2,-2,-121
1754052482.53846,0,-4,-106
1754052482.57646,5,0,-118
1754052482.61446,0,3,-118
1754052482.65346,1,0,-118
1754052482.69146,2,-2,-122
1754052482.72846,-1,-6,-113
1754052482.76546,0,0,-116
1754052482.80346,0,-1,-116
1754052482.8424602,-5,7,-124
1754052482.8784602,-1,1,-116
1754052482.91646,4,-3,-127
1754052482.95446,10,-2,-118
1754052482.9934602,8,0,-122
1754052483.03146,8,-2,-111
1754052483.06746,3,0,-114
1754052483.10446,3,-3,-113
1754052483.14346,2,-1,-114
1754052483.18146,5,1,-119
1754052483.2174602,-1,-8,-116
1754052483.25546,10,-10,-119
1754052483.29346,5,-5,-117
1754052483.3324602,2,-3,-120
1754052483.3684602,1,-2,-120
1754052483.40646,1,-7,-115
1754052483.4444602,7,-7,-112
1754052483.4834602,-2,-1,-113
1754052483.5194602,0,-2,-121
1754052483.55746,1,-5,-114
1754052483.5954602,0,-1,-127
1754052483.6344602,-5,-2,-127
1754052483.67246,-10,-5,-122
1754052483.70846,-3,-5,-120
1754052483.7464602,-4,-12,-123
1754052483.78446,-2,-3,-126
1754052483.82346,-1,-1,-113
1754052483.85946,3,-4,-109
1754052483.89646,-2,-2,-120
1754052483.9344602,-6,-2,-121
1754052483.9734602,5,0,-126
1754052484.0094602,-3,3,-123
1754052484.04746,-2,-1,-119
1754052484.0854602,0,-3,-120
1754052484.12346,-7,-6,-111
1754052484.16246,-1,-9,-127
1754052484.19846,3,-7,-115
1754052484.23746,1,0,-119
1754052484.27546,0,-2,-124
1754052484.31346,7,0,-125
1754052484.34946,8,-6,-119
1754052484.38746,0,-7,-111
1754052484.42546,1,-6,-118
1754052484.46446,-1,-4,-113
1754052484.50246,3,-9,-115
1754052484.53846,8,-1,-114
1754052484.57646,1,4,-116
1754052484.61446,2,2,-114
1754052484.65346,0,0,-112
1754052484.68946,5,-3,-113
1754052484.72846,4,0,-107
1754052484.76546,9,-6,-104
1754052484.80446,-1,0,-113
1754052484.8424602,1,7,-107
1754052484.8784602,2,-1,-117
1754052484.91646,0,4,-121
1754052484.95446,0,-2,-115
1754052484.9934602,0,0,-120
1754052485.0294602,3,3,-113
1754052485.06646,7,4,-113
1754052485.10446,-4,-4,-101
1754052485.14346,-7,0,-103
1754052485.17946,-7,0,-118
1754052485.21646,-8,-6,-119
1754052485.25446,-3,-4,-128
1754052485.29346,0,3,-120
1754052485.32946,0,-3,-117
1754052485.36746,-1,-4,-114
1754052485.40546,-5,1,-123
1754052485.4444602,2,2,-119
1754052485.48246,-6,0,-124
1754052485.5194602,-6,0,-126
1754052485.55646,-1,0,-122
1754052485.59446,-2,4,-124
1754052485.63346,-7,-5,-104
1754052485.66946,-1,-3,-104
1754052485.7074602,-3,2,-120
1754052485.74546,-2,1,-94
1754052485.78446,4,-4,-120
1754052485.82046,2,0,-125
1754052485.85746,-5,3,-124
1754052485.89546,0,-2,-123
1754052485.9344602,2,-5,-107
1754052485.9704602,-1,-2,-106
1754052486.00846,7,-6,-113
1754052486.0464602,-2,-4,-117
1754052486.08446,5,0,-113
1754052486.12346,4,-3,-124
1754052486.15946,4,-6,-123
1754052486.1974602,3,0,-118
1754052486.23546,0,10,-124
1754052486.27446,1,0,-112
1754052486.31046,-2,0,-105
1754052486.34946,-10,0,-111
1754052486.38646,-3,-4,-129
1754052486.42546,1,-9,-124
1754052486.4634602,1,-4,-131
1754052486.49946,4,0,-120
1754052486.5364602,1,-5,-110
1754052486.5754602,0,1,-125
1754052486.61346,-4,0,-115
1754052486.64946,4,3,-119
1754052486.68646,-5,-2,-108
1754052486.72546,-3,0,-112
1754052486.7634602,-3,0,-112
1754052486.7994602,0,1,-115
1754052486.83646,6,-1,-113
1754052486.87546,0,0,-112
1754052486.91346,2,-4,-118
1754052486.94946,0,-1,-116
1754052486.98746,-5,4,-126
1754052487.02546,4,2,-121
1754052487.06446,2,-2,-110
1754052487.10046,2,0,-110
1754052487.13746,1,1,-118
1754052487.17546,2,2,-116
1754052487.21446,-4,2,-119
1754052487.25046,0,-1,-109
1754052487.28746,-5,-7,-109
1754052487.3254602,1,-6,-116
1754052487.36446,0,-3,-114
1754052487.40046,-4,2,-123
1754052487.43846,0,0,-125
1754052487.47646,4,-6,-128
1754052487.51546,5,-8,-107
1754052487.55346,-3,-3,-111
1754052487.59046,-6,1,-112
1754052487.62746,0,1,-117
1754052487.66546,1,-4,-116
1754052487.70446,3,-2,-113
1754052487.7404602,0,0,-115
1754052487.77746,0,8,-116
1754052487.8154602,-1,4,-120
1754052487.85446,-7,9,-126
1754052487.89046,0,5,-121
1754052487.9274602,-1,0,-128
1754052487.96546,-3,0,-123
1754052488.00446,-3,0,-119
1754052488.04046,8,0,-110
1754052488.07746,-3,-4,-105
1754052488.1154602,0,0,-116
1754052488.1544602,0,2,-123
1754052488.1904602,5,4,-112
1754052488.22746,-2,1,-114
1754052488.26546,-4,0,-124
1754052488.30446,-3,-2,-116
1754052488.34046,-3,-2,-107
1754052488.3784602,2,2,-116
1754052488.41646,-4,0,-125
1754052488.45546,0,4,-117
1754052488.49146,-3,1,-121
1754052488.53046,0,0,-112
1754052488.56746,0,-2,-118
1754052488.60646,5,4,-114
1754052488.6444602,1,2,-130
1754052488.68046,3,-3,-120
1754052488.71846,1,-3,-119
1754052488.7564602,3,-2,-120
1754052488.79546,-1,-2,-112
1754052488.83146,4,0,-116
1754052488.86946,8,0,-109
1754052488.9074602,-2,-7,-105
1754052488.94646,-6,0,-121
1754052488.98446,4,-5,-119
1754052489.02046,0,-6,-108
1754052489.05846,5,-1,-129
1754052489.09646,0,0,-122
1754052489.13546,-1,0,-121
1754052489.1714602,2,-3,-112
1754052489.20946,7,-2,-101
1754052489.24846,-3,-1,-112
1754052489.2864602,-2,-2,-109
1754052489.32446,0,-2,-126
1754052489.36046,-2,0,-123
1754052489.39846,4,-3,-114
1754052489.43646,-3,-2,-120
1754052489.47546,-6,-1,-113
1754052489.51146,-1,-5,-118
1754052489.5494602,1,-8,-108
1754052489.58746,-9,-3,-113
1754052489.62646,-3,-8,-116
1754052489.6644602,-1,-6,-127
1754052489.7004602,2,-5,-122
1754052489.73946,9,-8,-116
1754052489.7824602,-1,-7,-108
1754052489.82046,-8,-3,-102
1754052489.8584602,-6,-3,-116
1754052489.89646,1,3,-117
1754052489.93546,2,1,-132
1754052489.97146,7,0,-123
1754052490.0094602,8,-11,-111
1754052490.04746,-4,1,-125
1754052490.08646,3,-2,-125
1754052490.12246,2,0,-117
1754052490.15946,-4,-2,-129
1754052490.1974602,0,-2,-96
1754052490.2364602,5,-7,-109
1754052490.27246,2,-2,-114
1754052490.31046,1,-1,-105
1754052490.3484602,1,-5,-108
1754052490.38646,3,3,-108
1754052490.42546,-4,3,-108
1754052490.46146,-6,-4,-117
1754052490.49946,0,-4,-124
1754052490.53746,-4,-9,-114
1754052490.57646,5,-4,-117
1754052490.61246,3,-3,-100
1754052490.65046,0,1,-109
1754052490.68846,-2,0,-113
1754052490.72746,-4,6,-123
1754052490.76546,4,6,-116
1754052490.80146,6,2,-111
1754052490.8384602,0,-4,-121
1754052490.87746,7,-4,-114
1754052490.91546,6,-3,-113
1754052490.95146,3,-8,-121
1754052490.98946,2,-4,-121
1754052491.02746,5,0,-121
1754052491.06646,6,0,-116
1754052491.10246,5,-4,-117
1754052491.14046,9,-1,-111
1754052491.17846,9,-1,-113
1754052491.2174602,4,0,-109
1754052491.25546,0,0,-123
1754052491.29146,1,1,-118
1754052491.33046,-1,1,-112
1754052491.36746,1,-3,-113
1754052491.40646,-1,-4,-117
1754052491.44246,-8,-6,-117
1754052491.4804602,3,0,-121
1754052491.51846,0,0,-117
1754052491.55746,0,-2,-120
1754052491.5954602,-9,-2,-113
1754052491.6314602,0,2,-114
1754052491.66846,1,-3,-120
1754052491.7074602,-4,-2,-115
1754052491.74546,-2,-1,-107
1754052491.78146,2,-1,-119
1754052491.82046,-1,-3,-109
1754052491.8584602,0,0,-126
1754052491.89646,-1,0,-117
1754052491.93246,2,0,-110
1754052491.97146,-3,3,-123
1754052492.00846,-1,-10,-118
1754052492.04746,0,0,-125
1754052492.08346,5,-1,-120
1754052492.1214602,10,-1,-114
1754052492.15946,11,-2,-119
1754052492.1974602,2,-1,-117
1754052492.2364602,3,0,-112
1754052492.27246,-3,-4,-109
1754052492.31046,0,-7,-109
1754052492.3484602,6,-3,-116
1754052492.38746,3,-4,-126
1754052492.42346,-1,1,-137
1754052492.46146,0,-3,-122
1754052492.49946,-7,-4,-116
1754052492.53746,3,0,-110
1754052492.57646,0,0,-126
1754052492.61246,5,-4,-127
1754052492.65046,3,-8,-120
1754052492.68846,5,-3,-113
1754052492.72746,-3,-3,-109
1754052492.7634602,-3,-1,-113
1754052492.80146,0,-3,-129
1754052492.83946,-4,-2,-119
1754052492.8784602,-2,-4,-130
1754052492.91646,0,-6,-125
1754052492.95246,-5,-8,-123
1754052492.9904602,0,-2,-122
1754052493.02846,-4,1,-115
1754052493.06746,0,-8,-117
1754052493.10446,-2,-7,-118
1754052493.1414602,2,7,-115
1754052493.17946,5,-6,-109
1754052493.21846,7,-2,-114
1754052493.2564602,-2,-4,-120
1754052493.2924602,-3,-4,-109
1754052493.33046,3,-7,-113
1754052493.3684602,2,-7,-115
1754052493.4074602,0,-8,-106
1754052493.44346,-4,-1,-116
1754052493.48146,0,-1,-122
1754052493.5194602,-4,0,-110
1754052493.55846,-1,-5,-122
1754052493.59646,5,1,-111
1754052493.63246,-1,-1,-115
1754052493.67046,1,-6,-120
1754052493.70846,-2,-2,-116
1754052493.74746,-3,0,-126
1754052493.78346,-6,2,-116
1754052493.82146,-2,-3,-123
1754052493.85946,-8,-4,-115
1754052493.89846,4,-1,-117
1754052493.9344602,3,-6,-119
1754052493.97246,1,-2,-117
1754052494.01146,5,-2,-113
1754052494.04846,0,-1,-113
1754052494.08746,0,-3,-123
1754052494.12346,-9,-2,-127
1754052494.1614602,-3,0,-124
1754052494.19946,4,0,-121
1754052494.23846,0,0,-126
1754052494.27446,-6,-6,-112
1754052494.3124602,-3,0,-120
1754052494.35046,-5,0,-117
1754052494.3884602,-1,-4,-117
1754052494.4274602,-3,-13,-114
1754052494.4634602,-4,-5,-106
1754052494.50146,-3,-1,-108
1754052494.5394602,-2,2,-115
1754052494.57846,0,-8,-123
1754052494.61446,0,-5,-109
1754052494.65246,-1,-2,-107
1754052494.6904602,-2,2,-114
1754052494.72946,-1,-10,-115
1754052494.76746,-2,-6,-112
1754052494.80346,0,-4,-106
1754052494.84146,3,0,-121
1754052494.88046,0,-3,-108
1754052494.91946,-1,0,-115
1754052494.9574602,-3,-2,-124
1754052494.9934602,0,0,-114
1754052495.03146,-5,-3,-113
1754052495.07046,0,-2,-121
1754052495.1084602,-7,-9,-127
1754052495.1444602,8,-2,-120
1754052495.18246,5,-2,-121
1754052495.2204602,5,-7,-112
1754052495.2594602,3,-2,-103
1754052495.29746,5,3,-98
1754052495.33346,-3,2,-109
1754052495.3714602,0,7,-116
1754052495.40946,-1,4,-112
1754052495.44846,2,0,-115
1754052495.48446,6,0,-122
1754052495.52146,-1,1,-108
1754052495.5594602,3,0,-125
1754052495.5984602,3,2,-112
1754052495.6344602,2,1,-116
1754052495.6714602,-7,-1,-116
1754052495.70946,-2,0,-129
1754052495.74846,-4,-5,-127
1754052495.78546,-1,-2,-120
1754052495.8224602,4,3,-113
1754052495.86046,2,0,-111
1754052495.89946,7,5,-125
1754052495.9374602,1,6,-125
1754052495.9734602,2,-2,-121
1754052496.01246,0,1,-126
1754052496.0494602,3,-1,-113
1754052496.0884602,0,-4,-113
1754052496.12446,-5,-7,-119
1754052496.16246,-3,0,-113
1754052496.2004602,-1,1,-119
1754052496.23946,-1,-1,-134
1754052496.27546,0,3,-131
1754052496.3124602,1,2,-130
1754052496.35046,1,1,-125
1754052496.38946,-2,-5,-114
1754052496.42546,3,-4,-111
1754052496.4634602,9,-11,-112
1754052496.50146,-3,-1,-110
1754052496.5394602,3,-3,-109
1754052496.57846,-1,0,-120
1754052496.61446,-1,-3,-116
1754052496.65246,0,-2,-109
1754052496.6904602,0,0,-114
1754052496.72946,9,-1,-115
1754052496.76546,6,-2,-111
1754052496.80346,3,-6,-111
1754052496.84146,11,0,-121
1754052496.88046,7,-2,-113
1754052496.91846,7,-2,-106
1754052496.95446,4,1,-122
1754052496.99246,-1,-2,-122
1754052497.03046,0,-3,-122
1754052497.0694602,-1,-2,-110
1754052497.1054602,6,-1,-112
1754052497.14346,7,0,-113
1754052497.18146,4,0,-115
1754052497.2204602,9,-1,-114
1754052497.25846,2,-5,-121
1754052497.29446,-4,0,-126
1754052497.3324602,11,1,-126
1754052497.37046,0,1,-120
1754052497.40946,0,2,-118
1754052497.44546,-2,-5,-120
1754052497.4834602,2,-7,-118
1754052497.52246,-2,-1,-119
1754052497.56046,-3,2,-114
1754052497.5984602,3,0,-101
1754052497.6344602,-1,-1,-119
1754052497.67246,0,-4,-129
1754052497.71146,1,-1,-119
1754052497.74946,0,-4,-117
1754052497.78546,0,-1,-114
1754052497.82346,-3,-4,-113
1754052497.8614602,-8,-2,-116
1754052497.90046,-3,1,-120
1754052497.93846,1,5,-120
1754052497.97446,-1,7,-113
1754052498.01246,-4,3,-122
1754052498.05046,0,4,-111
1754052498.08946,4,0,-117
1754052498.12546,7,0,-117
1754052498.16346,0,-5,-119
1754052498.20246,-1,0,-119
1754052498.2404602,1,0,-113
1754052498.2764602,11,-4,-111
1754052498.31446,2,-7,-118
1754052498.35246,1,-4,-124
1754052498.39046,6,-2,-124
1754052498.42946,-6,-1,-128
1754052498.46546,-5,0,-114
1754052498.5034602,3,-2,-115
1754052498.54146,9,3,-121
1754052498.58046,4,-9,-117
1754052498.61646,0,-2,-109
1754052498.6544602,0,-6,-111
1754052498.69246,-2,5,-118
1754052498.73146,0,5,-117
1754052498.7694602,1,0,-112
1754052498.80546,-8,0,-112
1754052498.8424602,-1,-1,-120
1754052498.8814602,-2,2,-122
1754052498.91946,0,0,-118
1754052498.95546,-3,-1,-113
1754052498.99446,0,1,-122
1754052499.03146,0,0,-118
1754052499.07046,10,-1,-112
1754052499.10646,6,-4,-110
1754052499.1444602,-2,0,-116
1754052499.18246,-4,-1,-107
1754052499.22146,1,-2,-105
1754052499.2594602,0,-6,-105
1754052499.29546,0,-4,-115
1754052499.33346,1,-3,-127
1754052499.3714602,-3,1,-126
1754052499.41046,-1,-6,-105
1754052499.44646,0,1,-119
1754052499.48446,-1,5,-124
1754052499.52146,0,4,-114
1754052499.56046,1,-3,-115
1754052499.59646,1,-7,-125
1754052499.6344602,-4,-6,-127
1754052499.67246,1,-3,-125
1754052499.71146,0,-1,-123
1754052499.74946,2,0,-125
1754052499.79346,5,-2,-108
1754052499.83146,-1,1,-119
1754052499.86946,5,-5,-110
1754052499.90546,5,-4,-107
1754052499.94346,-1,0,-115
1754052499.98146,3,0,-110
1754052500.02046,-3,2,-114
1754052500.05646,-11,-6,-123
1754052500.09446,-5,-9,-119
1754052500.13346,-4,-1,-112
1754052500.1714602,-9,7,-123
1754052500.2074602,-7,4,-115
1754052500.24546,-2,-2,-106
1754052500.28346,1,-4,-112
1754052500.32146,1,-2,-116
1754052500.36046,-4,0,-118
1754052500.39646,-1,2,-107
1754052500.4344602,1,3,-120
1754052500.47246,8,-3,-119
1754052500.51146,10,0,-111
1754052500.54746,11,0,-116
1754052500.58446,0,-3,-119
1754052500.62246,-1,0,-115
1754052500.6614602,-1,0,-110
1754052500.6974602,-6,0,-119
1754052500.73446,0,4,-103
1754052500.77246,0,-3,-108
1754052500.81146,4,-3,-122
1754052500.84746,-1,-1,-116
1754052500.88546,3,0,-113
1754052500.92346,8,0,-126
1754052500.96146,7,-1,-121
1754052501.00046,8,-5,-123
1754052501.0364602,2,-4,-116
1754052501.07446,5,-3,-115
1754052501.11346,0,5,-118
1754052501.1514602,-7,5,-125
1754052501.1874602,-10,4,-123
1754052501.22646,1,-2,-125
1754052501.2634602,2,4,-123
1754052501.3024602,0,-2,-124
1754052501.34046,-1,0,-127
1754052501.37646,1,2,-115
1754052501.4144602,0,6,-112
1754052501.45246,4,0,-106
1754052501.49146,6,-5,-120
1754052501.52746,0,-9,-122
1754052501.56446,-4,-8,-118
1754052501.60246,14,-10,-108
1754052501.6414602,12,-2,-111
1754052501.6774602,1,-6,-121
1754052501.71546,-1,-2,-126
1754052501.7534602,0,2,-124
1754052501.7924602,-3,-2,-113
1754052501.83046,-4,-3,-122
1754052501.86646,0,-6,-121
1754052501.9044602,0,-10,-120
1754052501.94246,4,-2,-113
1754052501.98146,0,7,-123
1754052502.01746,-2,0,-110
1754052502.05546,-2,-2,-110
1754052502.09346,0,0,-112
1754052502.13246,3,-3,-113
1754052502.17046,-5,0,-112
1754052502.20646,2,-1,-109
1754052502.24446,-1,6,-119
1754052502.2824602,1,-5,-118
1754052502.32146,7,-10,-114
1754052502.35746,0,0,-121
1754052502.3944602,-8,5,-111
1754052502.43246,-2,6,-111
1754052502.47146,2,0,-113
1754052502.50746,-6,2,-111
1754052502.5464602,3,0,-104
1754052502.58346,-2,5,-115
1754052502.62246,0,-2,-122
1754052502.65946,-4,-2,-125
1754052502.69646,7,-3,-119
1754052502.73446,0,-7,-128
1754052502.77246,0,2,-124
1754052502.81146,-2,2,-125
1754052502.84746,-4,-3,-127
1754052502.88546,-1,-2,-115
1754052502.9244602,-1,-5,-100
1754052502.96246,-7,-3,-121
1754052502.99846,-5,0,-113
1754052503.03746,0,12,-120
1754052503.0754602,5,7,-125
1754052503.11346,1,-2,-130
1754052503.1514602,-6,-12,-119
1754052503.1874602,3,-14,-126
1754052503.22546,0,-10,-120
1754052503.2634602,-5,0,-132
1754052503.3024602,-10,0,-120
1754052503.3384602,-6,-1,-120
1754052503.37646,-1,0,-115
1754052503.4144602,4,0,-111
1754052503.45346,-2,-4,-132
1754052503.49146,-3,-12,-123
1754052503.52746,-5,0,-123
1754052503.5654602,-2,1,-125
1754052503.60346,-4,0,-125
1754052503.64246,-3,-4,-115
1754052503.67846,-1,-3,-118
1754052503.71646,4,-4,-104
1754052503.75446,3,-3,-110
1754052503.79346,6,3,-120
1754052503.83146,-5,0,-121
1754052503.86746,-1,0,-121
1754052503.90546,-1,-4,-125
1754052503.94346,-8,-3,-128
1754052503.98246,-4,-3,-115
1754052504.01846,-5,-2,-109
1754052504.05746,-3,1,-111
1754052504.09446,3,-4,-112
1754052504.13346,2,-6,-108
1754052504.1714602,2,-3,-105
1754052504.2074602,-1,0,-110
1754052504.24546,-3,-4,-116
1754052504.28346,-3,-6,-111
1754052504.3224602,0,-4,-108
1754052504.3584602,1,1,-107
1754052504.39546,-1,-1,-128
1754052504.43346,-2,-9,-112
1754052504.47246,-8,-1,-125
1754052504.50846,3,-3,-121
1754052504.5464602,-4,1,-121
1754052504.58446,0,-5,-120
1754052504.62346,-1,-6,-119
1754052504.65946,1,-6,-118
1754052504.69846,2,4,-116
1754052504.73546,4,-5,-128
1754052504.77346,5,-6,-126
1754052504.8124602,-2,0,-130
1754052504.84946,7,-2,-115
1754052504.88646,4,-2,-118
1754052504.9244602,3,-6,-118
1754052504.9634602,0,-4,-123
1754052504.99946,0,-8,-124
1754052505.0364602,-2,-9,-120
1754052505.07446,0,-8,-107
1754052505.11346,2,1,-114
1754052505.14946,1,3,-122
1754052505.18646,0,-3,-115
1754052505.22446,-4,1,-112
1754052505.2634602,0,-6,-126
1754052505.2994602,9,1,-114
1754052505.33646,-2,3,-122
1754052505.37446,-5,3,-115
1754052505.41346,-3,-1,-110
1754052505.44946,-3,-8,-113
1754052505.48746,-1,-15,-118
1754052505.52546,0,-12,-118
1754052505.56446,1,0,-120
1754052505.60246,1,-6,-127
1754052505.6384602,-1,-6,-114
1754052505.67646,6,-2,-123
1754052505.71446,3,0,-111
1754052505.7534602,2,-3,-110
1754052505.7894602,3,-5,-117
1754052505.82846,-2,-7,-126
1754052505.8654602,0,0,-116
1754052505.9044602,1,-5,-122
1754052505.94246,-3,-1,-121
1754052505.97846,-6,2,-116
1754052506.0164602,-2,2,-113
1754052506.05446,1,2,-115
1754052506.09346,4,-10,-109
1754052506.12946,5,-6,-106
1754052506.1674602,-4,4,-112
1754052506.20546,-10,-5,-122
1754052506.24446,-8,5,-121
1754052506.2824602,2,-2,-117
1754052506.31846,3,0,-123
1754052506.35646,-14,-3,-125
1754052506.3944602,1,0,-114
1754052506.43046,0,0,-113
1754052506.4674602,-2,-7,-106
1754052506.5064602,2,3,-119
1754052506.54446,4,5,-113
1754052506.58046,7,5,-114
1754052506.61746,2,6,-121
1754052506.65646,-1,8,-117
1754052506.6944602,-4,5,-115
1754052506.7304602,0,1,-121
1754052506.76746,0,-5,-113
1754052506.80646,-3,-1,-130
1754052506.84446,-1,-3,-115
1754052506.88046,1,-3,-112
1754052506.91846,-4,1,-100
1754052506.9574602,2,-3,-112
1754052506.99446,-2,0,-115
1754052507.03346,0,-7,-110
1754052507.0694602,0,0,-113
1754052507.10746,-2,-1,-120
1754052507.1444602,0,-8,-116
1754052507.18346,-2,-3,-117
1754052507.21946,0,0,-116
1754052507.2564602,0,3,-122
1754052507.29546,5,0,-114
1754052507.33346,9,-6,-115
1754052507.36946,0,-5,-113
1754052507.4074602,1,3,-122
1754052507.44546,3,1,-111
1754052507.48446,0,1,-124
1754052507.52046,-1,-4,-121
1754052507.55846,1,-5,-113
1754052507.59646,5,-6,-125
1754052507.63546,-2,-7,-122
1754052507.67346,2,-1,-113
1754052507.70946,0,2,-125
1754052507.7464602,5,2,-125
1754052507.78546,6,1,-122
1754052507.82346,1,-2,-124
1754052507.85946,4,-9,-115
1754052507.89846,-5,-6,-123
1754052507.93546,-2,-9,-113
1754052507.97446,0,-4,-110
1754052508.01046,5,-4,-115
1754052508.04846,-2,-4,-111
1754052508.0854602,2,0,-116
1754052508.12446,-1,3,-113
1754052508.16046,-2,0,-114
1754052508.19846,-3,-3,-124
1754052508.2364602,-1,-2,-126
1754052508.27546,0,4,-119
1754052508.31346,1,0,-112
1754052508.34946,3,4,-114
1754052508.38746,7,3,-114
1754052508.42546,8,-2,-107
1754052508.46446,5,0,-109
1754052508.50046,1,-4,-116
1754052508.53846,1,-3,-120
1754052508.57746,2,-1,-118
1754052508.6154602,2,1,-118
1754052508.6514602,3,-1,-119
1754052508.6904602,5,-2,-120
1754052508.72746,10,-6,-112
1754052508.76546,2,-3,-113
1754052508.80446,4,1,-120
1754052508.84046,0,-9,-123
1754052508.8784602,-8,-7,-119
1754052508.91646,0,-4,-116
1754052508.95546,3,-1,-115
1754052508.99146,-5,-2,-113
1754052509.0294602,-7,3,-117
1754052509.06746,3,-1,-117
1754052509.1054602,-2,-3,-118
1754052509.1444602,0,-7,-125
1754052509.18146,-2,-2,-116
1754052509.21846,-2,-7,-117
1754052509.2564602,-3,-6,-122
1754052509.29546,-4,-1,-122
1754052509.33146,-8,-2,-124
1754052509.36946,-8,0,-120
1754052509.4074602,5,-6,-129
1754052509.44646,5,-2,-112
1754052509.48446,0,-7,-107
1754052509.52046,1,-12,-111
1754052509.55846,0,-9,-124
1754052509.59746,0,-3,-123
1754052509.63546,1,0,-124
1754052509.6714602,-2,-3,-117
1754052509.7104602,0,-3,-125
1754052509.74746,6,1,-114
1754052509.7864602,5,-6,-118
1754052509.83146,4,-4,-122
1754052509.86946,7,0,-121
1754052509.9074602,0,9,-119
1754052509.94546,-6,3,-114
1754052509.98146,0,-5,-112
1754052510.01846,2,-5,-129
1754052510.05646,0,-2,-114
1754052510.0954602,-1,0,-115
1754052510.1314602,0,4,-120
1754052510.16846,0,4,-118
1754052510.20646,-4,0,-109
1754052510.24546,-2,2,-117
1754052510.28146,3,3,-122
1754052510.31846,4,2,-117
1754052510.35646,10,-3,-120
1754052510.39546,1,0,-117
1754052510.43146,0,-5,-120
1754052510.46946,0,-10,-107
1754052510.50746,5,-5,-119
1754052510.5464602,-3,0,-109
1754052510.58446,-2,0,-125
1754052510.62046,0,-1,-115
1754052510.65846,-3,-5,-112
1754052510.6974602,-1,0,-107
1754052510.73546,0,8,-116
1754052510.77146,1,4,-119
1754052510.80846,1,-3,-111
1754052510.84646,-3,1,-116
1754052510.88546,5,3,-115
1754052510.9214602,5,4,-119
1754052510.95946,9,0,-110
1754052510.99746,0,-9,-119
1754052511.03546,12,-8,-106
1754052511.07146,-2,-1,-107
1754052511.10946,-1,0,-113
1754052511.14746,-5,-1,-128
1754052511.18646,-4,2,-109
1754052511.22246,5,-5,-114
1754052511.26046,0,-1,-114
1754052511.29846,0,0,-119
1754052511.33646,-1,-3,-114
1754052511.37546,0,-5,-115
1754052511.4114602,-1,-4,-110
1754052511.4504602,10,6,-122
1754052511.48746,10,-8,-127
1754052511.5264602,10,-2,-130
1754052511.5624602,6,-3,-127
1754052511.60046,2,2,-112
1754052511.6384602,4,6,-114
1754052511.6774602,2,-1,-105
1754052511.71546,2,0,-119
1754052511.75146,-5,-1,-113
1754052511.7894602,4,10,-108
1754052511.82746,1,0,-119
1754052511.86646,8,-2,-118
1754052511.90246,3,0,-111
1754052511.93946,1,-1,-110
1754052511.97746,-3,-4,-119
1754052512.0164602,0,2,-122
1754052512.0524602,-8,-4,-125
1754052512.09046,-1,-9,-117
1754052512.1284602,2,-15,-123
1754052512.1674602,0,-3,-116
1754052512.20546,6,-2,-118
1754052512.24146,7,2,-121
1754052512.27846,2,0,-127
1754052512.31746,6,-3,-123
1754052512.3554602,-4,-8,-130
1754052512.3914602,-3,-2,-124
1754052512.42946,0,-9,-117
1754052512.4674602,-1,-4,-116
1754052512.5064602,0,0,-110
1754052512.5424602,0,0,-119
1754052512.57946,-1,-1,-115
1754052512.61746,0,-7,-108
1754052512.65646,0,-2,-120
1754052512.69246,-1,0,-115
1754052512.7304602,8,-1,-126
1754052512.76846,3,-4,-122
1754052512.80746,7,-6,-116
1754052512.84346,4,-3,-109
1754052512.8814602,-1,1,-124
1754052512.91946,-3,-5,-108
1754052512.9574602,-1,-6,-119
1754052512.9964602,5,-5,-109
1754052513.0324602,6,-12,-113
1754052513.07046,2,-1,-110
1754052513.1084602,2,-1,-114
1754052513.14746,5,3,-118
1754052513.18346,3,0,-114
1754052513.2204602,0,-6,-119
1754052513.25846,7,-2,-128
1754052513.29746,3,0,-117
1754052513.33346,-4,-2,-110
1754052513.3714602,0,-7,-116
1754052513.40946,2,-5,-118
1754052513.4474602,1,-2,-107
1754052513.4864602,4,-4,-108
1754052513.52246,3,-1,-118
1754052513.56146,2,-2,-118
1754052513.59946,-3,0,-118
1754052513.63746,-3,0,-118
1754052513.67346,0,-6,-108
1754052513.71146,-4,-3,-123
1754052513.74946,-3,-1,-114
1754052513.78846,0,0,-112
1754052513.82646,7,-6,-119
1754052513.86246,0,-5,-100
1754052513.90046,0,-3,-107
1754052513.93846,-1,0,-106
1754052513.97746,-3,-6,-122
1754052514.0134602,-4,-1,-115
1754052514.05146,-5,-4,-123
1754052514.08946,0,-1,-112
1754052514.1284602,0,1,-105
1754052514.16646,7,-3,-116
1754052514.20246,1,-5,-113
1754052514.2404602,12,-5,-120
1754052514.27846,7,-6,-119
1754052514.31746,0,-5,-112
1754052514.35446,0,-10,-121
1754052514.3914602,0,-7,-121
1754052514.42946,2,4,-113
1754052514.46846,4,0,-114
1754052514.5064602,2,2,-110
1754052514.5424602,5,-2,-111
1754052514.58046,2,2,-118
1754052514.6184602,2,-4,-122
1754052514.6574602,-3,-3,-109
1754052514.69346,-12,-7,-112
1754052514.73246,0,-5,-116
1754052514.7694602,-4,1,-112
1754052514.80846,7,-2,-122
1754052514.84646,-2,0,-126
1754052514.88346,-4,0,-116
1754052514.92046,-1,-1,-121
1754052514.95846,0,0,-120
1754052514.99746,5,-1,-124
1754052515.03346,6,-3,-122
1754052515.07146,5,-2,-126
1754052515.10946,2,1,-120
1754052515.14846,-1,-3,-120
1754052515.1844602,1,0,-117
1754052515.22246,2,3,-117
1754052515.26046,10,3,-109
1754052515.29846,12,-1,-127
1754052515.33746,0,0,-114
1754052515.37346,0,2,-103
1754052515.41046,11,-5,-104
1754052515.44846,4,-5,-109
1754052515.48746,0,1,-112
1754052515.52346,2,0,-115
1754052515.56046,6,4,-116
1754052515.5984602,0,1,-104
1754052515.63746,-2,-4,-119
1754052515.67346,-4,-7,-126
1754052515.71146,3,-6,-108
1754052515.74946,-4,-6,-105
1754052515.78846,-8,-5,-105
1754052515.82446,-4,-2,-118
1754052515.86246,0,-4,-122
1754052515.90046,-1,-2,-105
1754052515.93946,3,0,-110
1754052515.97746,3,2,-103
1754052516.0134602,0,-1,-111
1754052516.0524602,0,3,-120
1754052516.08946,3,-2,-122
1754052516.1284602,0,-2,-124
1754052516.1644602,2,-5,-127
1754052516.20346,5,-3,-118
1754052516.2404602,2,-1,-122
1754052516.2794602,5,0,-117
1754052516.31746,1,0,-121
1754052516.35346,5,3,-124
1754052516.39046,0,1,-126
1754052516.42946,3,-3,-112
1754052516.4674602,8,-3,-115
1754052516.5034602,-1,0,-118
1754052516.54146,0,-2,-124
1754052516.57946,-6,1,-108
1754052516.6184602,-3,-3,-127
1754052516.6544602,3,-5,-117
1754052516.69346,0,-3,-113
1754052516.73146,-8,0,-114
1754052516.7694602,-2,2,-122
1754052516.80746,-3,5,-107
1754052516.84346,2,4,-112
1754052516.8814602,4,2,-115
1754052516.91946,0,1,-128
1754052516.95546,7,1,-116
1754052516.99246,9,-3,-119
1754052517.03046,5,-7,-118
1754052517.0694602,0,-9,-117
1754052517.1054602,0,-9,-116
1754052517.1444602,1,-15,-123
1754052517.18146,-2,-12,-127
1754052517.21946,0,3,-121
1754052517.25846,-3,-2,-118
1754052517.29446,1,0,-116
1754052517.33146,-1,0,-117
1754052517.36946,-3,4,-117
1754052517.40846,-3,2,-117
1754052517.4444602,0,0,-113
1754052517.48146,-4,1,-126
1754052517.5194602,1,-6,-123
1754052517.55846,-1,-8,-107
1754052517.59446,0,-5,-108
1754052517.6314602,1,-5,-124
1754052517.66946,-3,-8,-110
1754052517.70846,-3,-4,-109
1754052517.74446,-6,-3,-114
1754052517.7824602,-3,0,-116
1754052517.82046,0,0,-109
1754052517.85946,3,-5,-109
1754052517.89646,1,3,-119
1754052517.93346,1,5,-113
1754052517.97146,-1,7,-115
1754052518.01046,4,9,-113
1754052518.04846,0,3,-118
1754052518.08446,0,1,-116
1754052518.1214602,-1,-2,-120
1754052518.16046,0,-4,-113
1754052518.19846,3,-4,-123
1754052518.23446,1,-4,-134
1754052518.27346,-1,-2,-122
1754052518.31046,0,-4,-97
1754052518.34946,-6,-8,-107
1754052518.38546,-1,0,-110
1754052518.42346,8,-5,-108
1754052518.46146,6,-11,-105
1754052518.50046,0,1,-111
1754052518.53846,1,-5,-126
1754052518.57446,-3,0,-112
1754052518.61246,-5,2,-118
1754052518.65046,1,0,-115
1754052518.68946,-1,-5,-110
1754052518.72546,-5,-3,-104
1754052518.7634602,-8,3,-111
1754052518.8024602,-1,0,-125
1754052518.84046,-1,-1,-119
1754052518.8784602,1,-2,-117
1754052518.9144602,-2,1,-125
1754052518.95246,-4,-4,-116
1754052518.9904602,3,0,-121
1754052519.0294602,-5,-3,-121
1754052519.0654602,-5,3,-111
1754052519.10346,2,-2,-119
1754052519.1414602,2,2,-116
1754052519.18046,0,-8,-117
1754052519.21646,-1,-2,-126
1754052519.25446,0,2,-120
1754052519.2924602,0,0,-126
1754052519.33046,2,0,-119
1754052519.36946,0,-7,-125
1754052519.40546,-2,-7,-124
1754052519.44346,0,0,-118
1754052519.48146,4,-2,-113
1754052519.52046,0,-3,-114
1754052519.55646,0,-1,-116
1754052519.59446,-12,-3,-105
1754052519.63246,-1,-1,-121
1754052519.67046,-4,-3,-123
1754052519.70946,3,0,-124
1754052519.74546,1,-8,-124
1754052519.78346,-1,-8,-122
1754052519.8224602,4,-7,-121
1754052519.8654602,7,0,-119
1754052519.9044602,6,-1,-106
1754052519.94146,3,0,-125
1754052519.9804602,6,3,-113
1754052520.0164602,9,-4,-106
1754052520.05446,2,-9,-116
1754052520.09346,7,-10,-111
1754052520.1314602,5,-8,-112
1754052520.16946,-8,-4,-114
1754052520.20546,0,-8,-120
1754052520.2434602,-3,-3,-102
1754052520.28146,-3,3,-111
1754052520.32046,-3,1,-115
1754052520.35646,0,0,-110
1754052520.39346,-1,7,-106
1754052520.43146,7,8,-114
1754052520.4704602,4,1,-120
1754052520.5064602,7,1,-117
1754052520.54346,5,2,-117
1754052520.58146,-9,0,-116
1754052520.62046,0,1,-116
1754052520.65646,1,-2,-117
1754052520.6944602,0,8,-113
1754052520.73246,-1,1,-115
1754052520.77146,1,-2,-108
1754052520.8094602,1,-3,-117
1754052520.8454602,3,0,-123
1754052520.88246,1,-3,-117
1754052520.9214602,2,-2,-116
1754052520.95946,-2,-3,-112
1754052520.99546,-4,-3,-117
1754052521.03346,-3,3,-113
1754052521.0724602,-7,-3,-128
1754052521.11046,-6,-3,-121
1754052521.14646,-3,-3,-119
1754052521.1844602,-2,-13,-111
1754052521.22246,-5,-10,-120
1754052521.26146,-3,-7,-118
1754052521.29746,0,2,-115
1754052521.33446,7,-1,-120
1754052521.37246,1,0,-110
1754052521.4114602,6,-4,-104
1754052521.4474602,2,-1,-116
1754052521.48546,0,1,-126
1754052521.52346,-6,3,-112
1754052521.56146,2,0,-112
1754052521.60046,3,5,-116
1754052521.63646,-1,-3,-115
1754052521.6744602,-5,-4,-116
1754052521.71246,1,-4,-116
1754052521.75146,8,0,-116
1754052521.78746,6,-6,-117
1754052521.8254602,6,0,-109
1754052521.86346,-2,-4,-117
1754052521.90246,4,3,-110
1754052521.9404602,-2,-2,-118
1754052521.97646,0,-2,-112
1754052522.01446,5,-5,-116
1754052522.0524602,0,-4,-113
1754052522.09146,5,-3,-114
1754052522.12746,0,-7,-115
1754052522.16546,0,-9,-119
1754052522.20346,-1,0,-125
1754052522.24246,1,-2,-125
1754052522.28046,0,1,-116
1754052522.31646,-7,1,-124
1754052522.35446,-3,2,-118
1754052522.39246,-2,-3,-129
1754052522.43146,1,-2,-123
1754052522.4674602,3,0,-121
1754052522.50546,6,4,-115
1754052522.54346,0,6,-111
1754052522.5824602,0,5,-107
1754052522.62046,6,3,-121
1754052522.65646,3,6,-120
1754052522.6944602,-1,3,-119
1754052522.73246,-1,4,-120
1754052522.77146,1,-4,-134
1754052522.80746,-1,0,-116
1754052522.84446,-7,0,-124
1754052522.88246,-1,2,-110
1754052522.9214602,1,1,-97
1754052522.9574602,-6,0,-106
1754052522.99446,-4,-1,-113
1754052523.0324602,0,-4,-112
1754052523.07146,0,0,-114
1754052523.10746,6,-2,-117
1754052523.14546,2,-1,-117
1754052523.1844602,3,-2,-110
1754052523.22246,-1,-1,-117
1754052523.25846,1,1,-111
1754052523.29546,-1,0,-121
1754052523.33446,0,-5,-112
1754052523.37246,5,-3,-125
1754052523.40846,2,0,-110
1754052523.44546,7,3,-115
1754052523.48446,2,2,-110
1754052523.52246,-1,-6,-108
1754052523.55846,3,-4,-116
1754052523.59646,6,-4,-119
1754052523.6344602,6,0,-115
1754052523.67246,5,-3,-108
1754052523.71146,-6,0,-120
1754052523.74746,2,-8,-120
1754052523.78546,0,-6,-113
1754052523.82346,3,-3,-122
1754052523.86246,11,0,-115
1754052523.89846,7,-2,-119
1754052523.93646,3,-8,-114
1754052523.97446,0,0,-105
1754052524.0134602,4,-4,-108
1754052524.05146,4,-5,-109
1754052524.08746,2,-2,-120
1754052524.12546,4,-2,-113
1754052524.16346,3,-2,-124
1754052524.20246,-3,2,-119
1754052524.23846,5,4,-115
1754052524.2764602,4,-5,-112
1754052524.31346,8,-3,-114
1754052524.35246,5,-11,-123
1754052524.3884602,7,-12,-124
1754052524.42646,-4,0,-120
1754052524.46446,-4,7,-115
1754052524.5034602,-2,-4,-116
1754052524.54146,-1,-3,-117
1754052524.57746,2,1,-114
1754052524.61446,4,0,-107
1754052524.65346,7,-3,-114
1754052524.69146,0,1,-115
1754052524.72746,-3,0,-115
1754052524.76546,0,0,-127
1754052524.80446,0,-1,-113
1754052524.8424602,0,-2,-118
1754052524.8784602,4,-4,-122
1754052524.9174602,7,0,-118
1754052524.95446,0,-2,-116
1754052524.9934602,0,-7,-122
1754052525.03146,5,0,-118
1754052525.06746,0,-1,-122
1754052525.10446,9,-4,-116
1754052525.14346,-2,-3,-124
1754052525.18146,-4,-3,-116
1754052525.21846,-7,-1,-105
1754052525.2564602,-1,1,-123
1754052525.29446,0,3,-113
1754052525.33346,5,0,-111
1754052525.36946,1,-1,-109
1754052525.40846,3,-1,-115
1754052525.44546,-1,-4,-108
1754052525.4834602,-8,-5,-123
1754052525.52246,0,0,-114
1754052525.55846,-4,-3,-117
1754052525.59646,3,-1,-113
1754052525.6344602,-3,-1,-115
1754052525.67346,-8,0,-111
1754052525.70946,-8,2,-112
1754052525.74746,0,-6,-111
1754052525.78546,7,-3,-110
1754052525.82346,-3,-11,-109
1754052525.86246,-5,-8,-115
1754052525.89846,-7,-8,-111
1754052525.9374602,-3,-6,-115
1754052525.97446,0,-3,-116
1754052526.0134602,1,-1,-106
1754052526.0494602,-2,1,-117
1754052526.08746,1,-6,-113
1754052526.12546,-9,-1,-118
1754052526.1644602,-3,-4,-109
1754052526.20246,1,-8,-114
1754052526.23846,0,2,-114
1754052526.2764602,-9,-3,-116
1754052526.3154602,3,-2,-115
1754052526.35346,9,-3,-114
1754052526.38946,2,6,-113
1754052526.42646,2,0,-114
1754052526.46446,3,-5,-95
1754052526.5034602,1,-5,-105
1754052526.5394602,-3,0,-101
1754052526.57846,3,-2,-116
1754052526.61646,8,-8,-122
1754052526.6544602,2,-4,-117
1754052526.69246,-1,0,-118
1754052526.72846,-4,-5,-125
1754052526.7664602,1,0,-119
1754052526.80446,4,-1,-118
1754052526.84346,1,2,-101
1754052526.87946,0,0,-106
1754052526.91646,0,-3,-107
1754052526.95446,0,-1,-101
1754052526.9934602,1,-6,-114
1754052527.0294602,-1,-12,-123
1754052527.06746,-1,0,-117
1754052527.1054602,6,0,-121
1754052527.1444602,2,0,-106
1754052527.18246,8,1,-120
1754052527.21846,6,-2,-113
1754052527.2564602,4,-4,-120
1754052527.29446,9,-4,-124
1754052527.33346,-2,-5,-114
1754052527.36946,-3,0,-106
1754052527.4074602,0,-6,-110
1754052527.44546,2,-8,-115
1754052527.48446,2,-1,-123
1754052527.52046,0,-5,-121
1754052527.55846,4,-6,-122
1754052527.59646,-4,-1,-113
1754052527.6344602,0,-2,-113
1754052527.67346,-1,0,-113
1754052527.70946,-2,1,-115
1754052527.74846,4,1,-120
1754052527.78546,2,-4,-115
1754052527.82446,5,2,-111
1754052527.86046,7,0,-117
1754052527.89746,-2,0,-115
1754052527.93546,-1,-3,-117
1754052527.97446,-8,0,-124
1754052528.01046,-5,-1,-123
1754052528.04846,-6,4,-114
1754052528.08646,2,5,-121
1754052528.12446,-3,-4,-113
1754052528.16346,4,-1,-110
1754052528.19946,2,3,-109
1754052528.2364602,-2,3,-110
1754052528.27546,4,0,-114
1754052528.31346,0,0,-117
1754052528.34946,-4,-2,-117
1754052528.38746,-3,-8,-108
1754052528.42546,-9,-7,-115
1754052528.46446,-11,-2,-116
1754052528.50046,-10,-2,-121
1754052528.53846,-1,2,-118
1754052528.57646,0,-3,-123
1754052528.6154602,0,0,-122
1754052528.65346,3,3,-124
1754052528.68946,4,0,-112
1754052528.72646,3,-4,-119
1754052528.76546,2,-2,-110
1754052528.80346,0,-10,-124
1754052528.84046,-2,-12,-121
1754052528.8784602,-4,-5,-119
1754052528.91646,0,-8,-130
1754052528.95546,-3,-3,-125
1754052528.9934602,0,-2,-122
1754052529.0294602,0,-4,-130
1754052529.06746,-3,-1,-112
1754052529.1054602,-5,-6,-118
1754052529.1444602,1,-1,-120
1754052529.18046,2,-5,-127
1754052529.21846,-3,0,-125
1754052529.25746,-3,1,-128
1754052529.29546,4,-5,-113
1754052529.33346,4,-2,-125
1754052529.36946,4,-3,-120
1754052529.4074602,2,-9,-115
1754052529.44546,3,-3,-113
1754052529.48446,1,0,-117
1754052529.52046,-2,4,-111
1754052529.55846,1,2,-110
1754052529.59646,0,0,-114
1754052529.63546,-1,-6,-106
1754052529.6714602,-1,-6,-113
1754052529.70946,4,-5,-111
1754052529.74746,0,0,-116
1754052529.7864602,1,2,-116
1754052529.82446,4,3,-117
1754052529.8684602,0,3,-103
1754052529.9074602,1,0,-96
1754052529.94546,7,-2,-111
1754052529.98146,2,-3,-116
1754052530.0194602,3,-3,-122
1754052530.05746,0,1,-102
1754052530.0954602,7,3,-117
1754052530.1344602,3,-2,-122
1754052530.17046,0,0,-125
1754052530.2074602,-5,5,-122
1754052530.2464602,-9,0,-114
1754052530.28446,-7,7,-109
1754052530.32046,3,0,-105
1754052530.35746,-6,3,-108
1754052530.39646,1,1,-107
1754052530.4344602,-1,9,-117
1754052530.4704602,-9,5,-123
1754052530.50846,-1,3,-114
1754052530.5464602,0,1,-118
1754052530.5854602,-1,6,-116
1754052530.6214602,4,8,-128
1754052530.65946,-2,0,-110
1754052530.6974602,-6,-2,-113
1754052530.7364602,-8,-2,-120
1754052530.77446,-3,-4,-126
1754052530.81046,-1,-5,-125
1754052530.84946,-1,-5,-121
1754052530.88646,10,-5,-132
1754052530.92546,5,-5,-121
1754052530.96146,0,-1,-120
1754052530.99846,1,0,-116
1754052531.0364602,2,-1,-118
1754052531.0754602,5,-12,-126
1754052531.1114602,0,-3,-124
1754052531.14846,1,0,-110
1754052531.18646,2,-5,-101
1754052531.22546,-1,1,-113
1754052531.26146,-1,5,-115
1754052531.2994602,-1,-1,-116
1754052531.33746,-5,-2,-123
1754052531.37646,-2,-3,-121
1754052531.4144602,4,2,-122
1754052531.4504602,0,0,-113
1754052531.48746,-3,-2,-120
1754052531.5264602,0,-1,-125
1754052531.5624602,-1,3,-122
1754052531.60046,-5,1,-124
1754052531.63946,-6,2,-114
1754052531.67646,0,-4,-103
1754052531.71546,1,-3,-103
1754052531.75146,3,-11,-111
1754052531.7894602,7,-7,-124
1754052531.82746,6,-6,-127
1754052531.86646,-2,-5,-118
1754052531.90246,0,-7,-126
1754052531.9404602,-3,-6,-131
1754052531.97846,0,-1,-119
1754052532.0164602,1,-2,-115
1754052532.05546,-3,-6,-124
1754052532.09146,-2,-4,-114
1754052532.12946,-1,2,-128
1754052532.1674602,1,-3,-119
1754052532.20646,7,-1,-118
1754052532.24246,-2,0,-111
1754052532.28046,3,3,-113
1754052532.31846,-2,2,-110
1754052532.35746,5,0,-117
1754052532.39546,10,-1,-111
1754052532.43146,0,3,-120
1754052532.46846,-1,-2,-126
1754052532.50746,-4,5,-122
1754052532.54546,2,2,-117
1754052532.58146,3,7,-113
1754052532.6184602,7,3,-114
1754052532.6574602,2,-3,-117
1754052532.69546,1,1,-108
1754052532.73146,-3,-3,-115
1754052532.7694602,-4,-5,-125
1754052532.80846,-3,-6,-114
1754052532.84646,9,-1,-119
1754052532.88246,1,0,-124
1754052532.92046,0,0,-110
1754052532.95846,0,0,-115
1754052532.99746,0,5,-115
1754052533.03546,1,-4,-122
1754052533.07146,4,-4,-118
1754052533.10946,1,2,-109
1754052533.14746,1,0,-118
1754052533.18646,0,1,-115
1754052533.22246,-1,2,-115
1754052533.26046,4,0,-124
1754052533.29846,8,0,-115
1754052533.33746,6,0,-124
1754052533.37546,3,7,-118
1754052533.4114602,-2,3,-126
1754052533.4504602,5,-1,-118
1754052533.48746,2,-9,-110
1754052533.5264602,1,-2,-122
1754052533.5624602,4,-2,-124
1754052533.60046,0,-3,-122
1754052533.6384602,-2,-3,-125
1754052533.6774602,-6,0,-114
1754052533.7134602,0,1,-105
1754052533.75046,4,1,-108
1754052533.78846,-1,-1,-114
1754052533.82746,-2,3,-109
1754052533.86346,-1,1,-115
1754052533.9014602,-3,0,-117
1754052533.9404602,-8,2,-109
1754052533.97746,-4,-7,-117
1754052534.0164602,-5,-3,-114
1754052534.0524602,-1,0,-106
1754052534.09046,0,1,-105
1754052534.1284602,3,9,-117
1754052534.1674602,0,6,-122
1754052534.20346,0,1,-118
1754052534.2404602,3,-1,-118
1754052534.27846,3,1,-117
1754052534.31746,1,-5,-115
1754052534.35346,2,-2,-112
1754052534.3914602,3,0,-107
1754052534.42946,0,0,-116
1754052534.46846,5,-7,-117
1754052534.5064602,1,-7,-121
1754052534.5424602,-4,4,-128
1754052534.58046,3,4,-112
1754052534.6184602,-2,5,-109
1754052534.6574602,4,0,-108
1754052534.69346,5,0,-114
1754052534.73146,-3,-5,-124
1754052534.7694602,-2,1,-121
1754052534.80846,0,-4,-124
1754052534.84646,3,-1,-130
1754052534.88246,9,-4,-124
1754052534.9214602,0,-3,-123
1754052534.95846,9,-6,-118
1754052534.99746,6,-2,-123
1754052535.03346,11,-1,-115
1754052535.07146,0,-2,-113
1754052535.10946,-2,-3,-112
1754052535.14846,1,-3,-109
1754052535.18646,7,-1,-123
1754052535.22246,4,4,-113
1754052535.26046,1,-3,-122
1754052535.29846,-1,1,-119
1754052535.33746,-3,-3,-124
1754052535.37346,0,2,-116
1754052535.41246,-7,3,-118
1754052535.44946,3,-2,-117
1754052535.48846,-6,0,-117
1754052535.5264602,0,4,-113
1754052535.5624602,2,0,-104
1754052535.59946,8,3,-102
1754052535.6384602,-1,-1,-114
1754052535.6744602,-3,-1,-119
1754052535.71246,-2,-3,-130
1754052535.75046,-7,4,-113
1754052535.78846,-10,2,-111
1754052535.82746,-7,-2,-115
1754052535.86346,-3,-3,-117
1754052535.9014602,-3,-2,-115
1754052535.9404602,-1,-5,-128
1754052535.97846,0,2,-117
1754052536.01446,0,5,-123
1754052536.05146,-1,3,-121
1754052536.08946,-3,-3,-106
1754052536.1284602,-3,-1,-119
1754052536.1644602,-1,0,-112
1754052536.20146,4,-4,-109
1754052536.23946,2,-6,-115
1754052536.27846,3,-7,-119
1754052536.31446,-2,-2,-121
1754052536.35246,-1,-4,-114
1754052536.39046,1,0,-120
1754052536.42846,10,-4,-123
1754052536.4674602,2,-4,-119
1754052536.5034602,5,-8,-117
1754052536.54146,4,-3,-125
1754052536.57946,11,-1,-117
1754052536.6184602,0,2,-110
1754052536.6544602,-5,1,-120
1754052536.69346,-3,-3,-128
1754052536.7304602,0,-9,-112
1754052536.7694602,0,-4,-108
1754052536.80746,-2,-1,-110
1754052536.84346,0,0,-111
1754052536.88046,3,0,-117
1754052536.91946,8,0,-118
1754052536.9574602,0,-2,-121
1754052536.9934602,-3,-3,-114
1754052537.03146,0,3,-110
1754052537.07046,-2,4,-109
1754052537.1084602,-1,0,-118
1754052537.1444602,2,1,-120
1754052537.18146,3,-4,-112
1754052537.21946,0,-3,-118
1754052537.25846,7,-3,-114
1754052537.29446,10,-3,-111
1754052537.3324602,6,-2,-123
1754052537.37046,1,-2,-123
1754052537.40946,8,1,-127
1754052537.4474602,3,1,-119
1754052537.4834602,-3,6,-118
1754052537.52146,0,-1,-108
1754052537.5594602,-7,-1,-103
1754052537.5984602,-3,-3,-123
1754052537.6344602,-2,-5,-118
1754052537.67246,-9,-9,-121
1754052537.7104602,2,-5,-125
1754052537.74946,4,-3,-130
1754052537.78746,-2,0,-111
1754052537.82446,6,2,-108
1754052537.86246,0,0,-117
1754052537.90046,-3,0,-107
1754052537.93946,-6,2,-106
1754052537.97546,-3,-2,-111
1754052538.01446,-1,-1,-121
1754052538.05146,0,-6,-130
1754052538.08946,0,0,-116
1754052538.1284602,5,0,-115
1754052538.1644602,3,-6,-114
1754052538.20246,0,-4,-121
1754052538.2404602,-9,1,-123
1754052538.2794602,0,5,-119
1754052538.3154602,-1,5,-114
1754052538.35346,-1,0,-118
1754052538.3914602,8,-2,-120
1754052538.42946,0,-7,-111
1754052538.46846,-3,-3,-124
1754052538.50546,6,-4,-116
1754052538.5424602,2,-3,-111
1754052538.58046,-6,1,-112
1754052538.61946,0,-1,-117
1754052538.65546,-2,0,-115
1754052538.69246,-6,0,-127
1754052538.7304602,-1,1,-127
1754052538.7694602,6,0,-116
1754052538.80546,2,3,-108
1754052538.84446,6,8,-118
1754052538.8814602,0,-2,-118
1754052538.92046,1,0,-113
1754052538.95846,4,-3,-117
1754052538.99446,-4,-1,-124
1754052539.0324602,-4,6,-113
1754052539.07046,1,1,-116
1754052539.10946,2,0,-125
1754052539.14546,-2,3,-121
1754052539.18346,-1,-4,-122
1754052539.22146,-1,-2,-123
1754052539.26046,0,-3,-108
1754052539.29846,0,-3,-125
1754052539.33446,0,-2,-122
1754052539.37346,9,-5,-117
1754052539.4114602,0,-3,-117
1754052539.44946,-2,-1,-115
1754052539.48546,5,-2,-125
1754052539.52346,0,-10,-119
1754052539.56146,3,2,-125
1754052539.60046,-4,1,-127
1754052539.6384602,4,-4,-121
1754052539.6744602,4,2,-116
1754052539.71146,2,5,-118
1754052539.75046,-1,0,-110
1754052539.78846,-2,0,-105
1754052539.82446,1,-4,-111
1754052539.86246,1,-5,-130
1754052539.90846,0,-3,-132
1754052539.94546,0,-7,-119
1754052539.98246,-6,3,-111
1754052540.02046,0,-3,-121
1754052540.0594602,0,0,-116
1754052540.0954602,1,-9,-122
1754052540.13346,0,-2,-117
1754052540.1714602,11,0,-114
1754052540.2104602,9,-1,-111
1754052540.2464602,4,-1,-121
1754052540.28446,-2,-4,-124
1754052540.3224602,0,0,-116
1754052540.3614602,2,-2,-114
1754052540.39946,8,3,-109
1754052540.43546,3,-1,-106
1754052540.47446,4,-2,-115
1754052540.51146,4,-7,-116
1754052540.55046,1,-9,-106
1754052540.58746,4,1,-120
1754052540.62446,11,-1,-112
1754052540.66246,5,-4,-118
1754052540.70146,-5,0,-105
1754052540.73946,-1,-2,-115
1754052540.77546,-5,-2,-118
1754052540.81346,-3,1,-121
1754052540.85146,-2,2,-119
1754052540.89046,-1,-2,-116
1754052540.92646,-3,-2,-113
1754052540.96546,-3,-4,-115
1754052541.00246,0,-4,-122
1754052541.04146,0,2,-121
1754052541.07946,-5,-1,-119
1754052541.1154602,0,0,-122
1754052541.15246,-2,0,-122
1754052541.19146,0,-9,-118
1754052541.22946,-9,-8,-120
1754052541.26546,2,-4,-103
1754052541.30446,4,2,-119
1754052541.34146,-7,2,-120
1754052541.38046,-6,1,-106
1754052541.41646,-4,0,-109
1754052541.45446,0,0,-119
1754052541.49246,2,0,-126
1754052541.53146,3,0,-121
1754052541.5694602,2,-4,-122
1754052541.6054602,5,-1,-120
1754052541.64346,5,5,-122
1754052541.68246,-2,2,-112
1754052541.7204602,0,-4,-116
1754052541.7564602,4,-9,-113
1754052541.79546,-3,5,-116
1754052541.8324602,-3,-6,-124
1754052541.8714602,-8,0,-111
1754052541.90946,0,0,-110
1754052541.94546,-5,-6,-121
1754052541.9834602,-5,-6,-120
1754052542.02146,2,2,-115
1754052542.06046,5,-6,-109
1754052542.09646,4,3,-117
1754052542.13346,0,1,-107
1754052542.1714602,1,6,-104
1754052542.2104602,1,1,-115
1754052542.2464602,3,5,-114
1754052542.28346,5,-3,-105
1754052542.32146,9,-5,-103
1754052542.36046,7,-1,-112
1754052542.39646,-2,7,-112
1754052542.4344602,-7,3,-113
1754052542.47246,-5,-3,-118
1754052542.51146,5,-3,-111
1754052542.54846,5,-1,-110
1754052542.5854602,2,-2,-104
1754052542.62346,2,-1,-104
1754052542.6614602,4,2,-111
1754052542.7004602,0,0,-111
1754052542.7364602,0,-2,-118
1754052542.77546,-4,4,-117
1754052542.8124602,3,1,-113
1754052542.85146,5,-2,-115
1754052542.8884602,1,0,-120
1754052542.92546,2,-7,-117
1754052542.9634602,9,-1,-121
1754052543.00246,10,-1,-119
1754052543.04046,5,-6,-112
1754052543.07646,4,-4,-117
1754052543.11446,-3,-3,-131
1754052543.15246,6,-6,-122
1754052543.19146,0,-6,-123
1754052543.22746,11,-2,-119
1754052543.2664602,2,4,-113
1754052543.30346,7,-3,-125
1754052543.3424602,4,0,-112
1754052543.38046,0,-6,-122
1754052543.41646,5,-3,-127
1754052543.45546,-2,-2,-133
1754052543.49246,0,-6,-120
1754052543.53146,-11,-4,-115
1754052543.56746,-4,-4,-112
1754052543.6054602,0,-4,-119
1754052543.64346,0,-1,-123
1754052543.68246,0,2,-123
1754052543.7204602,-1,0,-129
1754052543.7564602,-3,-1,-118
1754052543.79546,-1,-6,-123
1754052543.83346,-3,2,-114
1754052543.8714602,-4,-2,-113
1754052543.9074602,-3,-5,-122
1754052543.94546,-7,-12,-121
1754052543.9834602,-4,-6,-123
1754052544.02246,-5,0,-123
1754052544.05846,-5,-1,-118
1754052544.09646,-5,4,-122
1754052544.1344602,0,-2,-116
1754052544.17246,-4,-3,-115
1754052544.21146,-3,-1,-122
1754052544.24746,-2,0,-119
1754052544.28546,3,4,-122
1754052544.32346,0,1,-112
1754052544.36246,-2,2,-113
1754052544.39846,5,0,-120
1754052544.43646,2,0,-127
1754052544.47446,-1,-1,-130
1754052544.5134602,-1,-1,-132
1754052544.55146,2,0,-119
1754052544.58746,1,-5,-124
1754052544.62646,7,-4,-123
1754052544.66346,4,-1,-131
1754052544.70246,-6,-3,-115
1754052544.73946,-2,-2,-110
1754052544.7764602,-4,0,-110
1754052544.81446,-4,4,-117
1754052544.85346,0,1,-121
1754052544.89246,2,2,-105
1754052544.92846,6,1,-117
1754052544.96546,4,4,-120
1754052545.0034602,-2,-4,-112
1754052545.0424602,3,-7,-110
1754052545.07846,0,-1,-112
1754052545.11646,-3,-3,-107
1754052545.1544602,10,-9,-116
1754052545.19346,10,-6,-118
1754052545.23146,4,-14,-112
1754052545.26746,0,-6,-120
1754052545.30646,-2,-4,-113
1754052545.34346,-4,-4,-104
1754052545.38246,-2,-5,-111
1754052545.41846,-1,-2,-103
1754052545.45646,-1,-6,-119
1754052545.49446,2,1,-116
1754052545.53346,6,0,-124
1754052545.57146,5,3,-123
1754052545.60746,10,0,-115
1754052545.6444602,-3,-8,-116
1754052545.68346,3,-3,-121
1754052545.72146,1,0,-115
1754052545.75746,4,-1,-121
1754052545.7964602,5,2,-122
1754052545.83446,0,2,-118
1754052545.87246,6,-4,-119
1754052545.90846,0,-5,-114
1754052545.94646,3,0,-118
1754052545.98446,3,6,-128
1754052546.02346,-1,0,-124
1754052546.06146,-1,-4,-119
1754052546.0984602,-1,-3,-120
1754052546.13646,1,-1,-123
1754052546.1744602,0,-6,-120
1754052546.2134602,-3,1,-121
1754052546.24946,1,0,-118
1754052546.28746,0,-1,-116
1754052546.3254602,5,-2,-118
1754052546.36446,9,-2,-121
1754052546.40246,0,-2,-113
1754052546.43846,1,0,-120
1754052546.47546,4,-5,-116
1754052546.51446,2,-9,-121
1754052546.5524602,-2,0,-116
1754052546.5884602,1,-3,-113
1754052546.62746,0,3,-118
1754052546.6644602,0,-1,-112
1754052546.70346,1,-6,-104
1754052546.7404602,4,-3,-114
1754052546.77746,-1,3,-132
1754052546.8154602,-3,-3,-123
1754052546.85346,-2,1,-110
1754052546.89246,6,-2,-107
1754052546.92846,7,-3,-116
1754052546.96646,3,-1,-124
1754052547.00446,-1,-5,-112
1754052547.04346,0,-3,-108
1754052547.08046,-2,0,-113
1754052547.1184602,-9,3,-113
1754052547.15546,4,-2,-105
1754052547.1944602,0,-7,-127
1754052547.23246,-10,0,-118
1754052547.26846,-6,0,-117
1754052547.30746,-3,0,-120
1754052547.34446,2,-2,-115
1754052547.38346,2,-9,-124
1754052547.41946,2,-5,-115
1754052547.4574602,1,-5,-120
1754052547.49546,2,-3,-116
1754052547.53446,1,-5,-116
1754052547.5724602,9,0,-117
1754052547.6084602,0,0,-119
1754052547.64546,0,-5,-122
1754052547.6844602,0,-6,-120
1754052547.72246,-8,-4,-122
1754052547.75846,-2,2,-125
1754052547.7964602,-1,2,-131
1754052547.8354602,4,2,-117
1754052547.87346,4,-5,-118
1754052547.90946,3,4,-119
1754052547.9474602,-5,-5,-120
1754052547.98546,-1,-5,-118
1754052548.02446,3,3,-116
1754052548.0624602,2,-3,-100
1754052548.0984602,-1,0,-120
1754052548.13546,0,3,-123
1754052548.1744602,-5,3,-120
1754052548.2104602,0,3,-111
1754052548.24746,0,2,-110
1754052548.28546,-1,-1,-120
1754052548.32446,-3,-2,-116
1754052548.36046,-1,-2,-110
1754052548.39846,0,-5,-118
1754052548.43646,0,-10,-117
1754052548.47446,5,1,-115
1754052548.5134602,4,-1,-114
1754052548.5494602,0,0,-116
1754052548.58646,-3,-3,-108
1754052548.62446,0,-3,-121
1754052548.66346,2,-1,-117
1754052548.69946,0,3,-113
1754052548.7364602,-9,0,-124
1754052548.77446,-9,-3,-118
1754052548.81346,0,-7,-132
1754052548.84946,-4,-1,-132
1754052548.88746,1,1,-124
1754052548.92546,0,-1,-129
1754052548.96446,2,0,-135
1754052549.00046,-8,-1,-126
1754052549.03846,0,-2,-129
1754052549.07646,-1,4,-120
1754052549.1154602,-8,0,-129
1754052549.15346,4,0,-126
1754052549.18946,0,2,-129
1754052549.22646,3,4,-116
1754052549.26546,4,-1,-121
1754052549.30346,9,-6,-114
1754052549.33946,1,-6,-118
1754052549.3784602,1,-7,-117
1754052549.41646,0,-1,-114
1754052549.45446,5,-2,-115
1754052549.4904602,-3,0,-110
1754052549.52846,1,-2,-113
1754052549.56646,-3,-4,-107
1754052549.6054602,0,-7,-117
1754052549.64346,-1,-3,-109
1754052549.67946,7,-4,-113
1754052549.7174602,4,0,-121
1754052549.75546,-5,3,-125
1754052549.79446,-4,-2,-114
1754052549.83046,-2,-7,-125
1754052549.8684602,0,-3,-115
1754052549.9144602,5,-10,-116
1754052549.9504602,4,-8,-123
1754052549.98846,2,0,-120
1754052550.0264602,-1,0,-116
1754052550.0654602,-3,0,-120
1754052550.10346,0,2,-112
1754052550.13946,0,-4,-116
1754052550.17846,-1,-5,-119
1754052550.21646,-1,-3,-126
1754052550.25546,0,-3,-118
1754052550.29146,-1,-4,-118
1754052550.32946,-2,-2,-127
1754052550.36746,3,-9,-122
1754052550.40546,2,2,-112
1754052550.4444602,-1,2,-119
1754052550.48146,0,7,-118
1754052550.51846,-4,3,-123
1754052550.55646,-2,2,-116
1754052550.5954602,0,4,-117
1754052550.6314602,2,1,-139
1754052550.66846,5,-4,-117
1754052550.70646,0,-5,-115
1754052550.74546,-2,-7,-106
1754052550.78146,-4,-4,-107
1754052550.8194602,0,-5,-110
1754052550.85746,5,4,-107
1754052550.89546,0,0,-101
1754052550.9344602,2,1,-117
1754052550.9704602,1,1,-112
1754052551.00746,-1,5,-115
1754052551.04546,-4,-1,-117
1754052551.08446,-2,-2,-110
1754052551.12046,-5,-4,-116
1754052551.15846,-9,-2,-115
1754052551.19646,1,-1,-125
1754052551.23546,7,1,-114
1754052551.27146,-4,-4,-127
1754052551.3094602,5,-5,-124
1754052551.34746,4,1,-128
1754052551.38646,0,3,-116
1754052551.4244602,4,2,-106
1754052551.4604602,-6,0,-102
1754052551.49846,-2,-5,-109
1754052551.53746,2,-10,-114
1754052551.5754602,5,0,-113
1754052551.6114602,3,0,-115
1754052551.64846,4,-2,-121
1754052551.68646,0,0,-114
1754052551.72546,-3,-5,-113
1754052551.76146,4,-9,-112
1754052551.7994602,4,-3,-125
1754052551.83746,6,-9,-133
1754052551.87646,9,0,-127
1754052551.9144602,4,-3,-126
1754052551.9504602,1,-3,-118
1754052551.98846,1,1,-120
1754052552.0264602,7,-2,-124
1754052552.0654602,7,-1,-111
1754052552.10146,2,-1,-117
1754052552.13946,5,-1,-108
1754052552.1774602,-2,2,-123
1754052552.21646,7,1,-126
1754052552.25446,-6,-2,-115
1754052552.29046,-9,7,-116
1754052552.32946,-1,-1,-115
1754052552.36746,1,0,-113
1754052552.40546,8,-3,-114
1754052552.44146,0,-1,-112
1754052552.47946,0,-5,-114
1754052552.51746,-5,-4,-116
1754052552.55646,10,-4,-119
1754052552.5924602,6,-2,-124
1754052552.63046,0,-3,-121
1754052552.66846,0,-1,-120
1754052552.70646,2,-9,-121
1754052552.74546,3,-6,-118
1754052552.78146,3,-1,-106
1754052552.8194602,-4,-4,-106
1754052552.85746,-1,-1,-109
1754052552.89646,-1,0,-117
1754052552.93246,-1,4,-112
1754052552.97146,5,1,-128
1754052553.0094602,2,-3,-119
1754052553.0464602,-4,-6,-114
1754052553.0854602,0,-3,-109
1754052553.1214602,8,-3,-113
1754052553.15946,0,0,-112
1754052553.1974602,-3,-6,-127
1754052553.2364602,5,-6,-122
1754052553.27246,-3,-2,-117
1754052553.31046,2,0,-127
1754052553.3484602,-4,-3,-129
1754052553.38746,2,-7,-129
1754052553.42546,-3,-2,-116
1754052553.46146,2,-2,-119
1754052553.49946,4,0,-116
1754052553.53746,7,4,-116
1754052553.57646,1,0,-112
1754052553.61246,8,0,-112
1754052553.64946,5,-1,-123
1754052553.6874602,7,-3,-120
1754052553.72646,1,-1,-119
1754052553.76246,-4,0,-109
1754052553.80146,-1,-2,-109
1754052553.8384602,0,0,-116
1754052553.87746,-6,-4,-113
1754052553.91546,-4,0,-113
1754052553.95146,-2,0,-116
1754052553.98946,2,3,-123
1754052554.02746,1,-3,-135
1754052554.06646,2,-6,-135
1754052554.10346,2,-1,-133
1754052554.14046,-5,-4,-124
1754052554.17846,2,3,-115
1754052554.2174602,6,5,-114
1754052554.25546,0,-3,-121
1754052554.29146,4,-2,-125
1754052554.32946,0,-3,-113
1754052554.36746,3,-3,-110
1754052554.40646,3,-7,-122
1754052554.44246,-3,-5,-121
1754052554.4804602,-1,2,-119
1754052554.51846,9,3,-116
1754052554.55746,4,3,-108
1754052554.59346,1,1,-112
1754052554.63046,2,0,-102
1754052554.66846,5,0,-113
1754052554.7074602,1,0,-118
1754052554.7434602,-4,-8,-103
1754052554.78146,-7,-5,-111
1754052554.8194602,-6,-6,-116
1754052554.85746,-5,-1,-128
1754052554.89646,4,-4,-124
1754052554.93246,1,4,-115
1754052554.97146,4,0,-127
1754052555.00846,1,-2,-123
1754052555.04746,0,-7,-116
1754052555.08346,0,-3,-118
1754052555.1214602,-3,-2,-119
1754052555.15946,5,-1,-115
1754052555.1974602,6,-4,-117
1754052555.2364602,5,0,-121
1754052555.27246,5,3,-119
1754052555.31046,2,2,-115
1754052555.3484602,-1,0,-122
1754052555.38646,10,0,-120
1754052555.42246,4,-7,-114
1754052555.4604602,9,-7,-120
1754052555.49846,-1,-9,-110
1754052555.53746,6,-8,-122
1754052555.57346,3,-6,-120
1754052555.6114602,-1,-11,-125
1754052555.64946,-7,-4,-114
1754052555.68846,-3,5,-106
1754052555.72646,-6,4,-111
1754052555.76246,-4,2,-111
1754052555.80046,0,5,-115
1754052555.8384602,6,0,-114
1754052555.87746,0,0,-110
1754052555.91346,0,0,-116
1754052555.9504602,8,-2,-119
1754052555.98846,4,0,-113
1754052556.02746,-3,2,-112
1754052556.06346,1,-5,-129
1754052556.10146,1,-5,-120
1754052556.13946,1,-8,-112
1754052556.17846,0,-9,-115
1754052556.21646,1,-2,-118
1754052556.25246,2,0,-121
1754052556.2894602,0,-4,-123
1754052556.32846,2,3,-133
1754052556.36646,1,-4,-126
1754052556.40246,4,4,-122
1754052556.43946,-4,-2,-116
1754052556.47846,5,-3,-106
1754052556.5164602,-5,-1,-115
1754052556.55346,-6,-3,-116
1754052556.59146,4,-5,-118
1754052556.62946,2,5,-123
1754052556.66846,1,0,-123
1754052556.70446,-2,4,-108
1754052556.74246,-7,0,-113
1754052556.78146,-1,6,-120
1754052556.81846,0,0,-123
1754052556.85746,0,1,-131
1754052556.89346,3,0,-122
1754052556.93146,7,-3,-129
1754052556.96946,-1,3,-115
1754052557.00846,-1,10,-116
1754052557.04446,3,7,-114
1754052557.08146,-1,1,-117
1754052557.11946,3,-2,-122
1754052557.15846,5,-1,-115
1754052557.1944602,2,-5,-108
1754052557.23246,8,-2,-118
1754052557.27046,6,-3,-114
1754052557.30846,-2,-2,-117
1754052557.34746,-2,0,-127
1754052557.38346,4,6,-119
1754052557.42246,0,-2,-123
1754052557.45946,-3,-7,-118
1754052557.49846,3,-6,-116
1754052557.53446,0,-2,-109
1754052557.5724602,9,-9,-121
1754052557.6114602,4,0,-118
1754052557.64946,2,0,-110
1754052557.6874602,-1,2,-116
1754052557.7234602,-8,4,-117
1754052557.76146,0,5,-114
1754052557.7994602,-2,5,-103
1754052557.8384602,-4,-3,-113
1754052557.87446,-3,0,-112
1754052557.91246,-2,0,-104
1754052557.9504602,0,0,-110
1754052557.98946,-4,-2,-108
1754052558.02746,4,0,-118
1754052558.06346,-2,-1,-114
1754052558.10146,-9,-8,-121
1754052558.13946,-2,0,-121
1754052558.17846,2,-1,-117
1754052558.21446,6,-1,-119
1754052558.25246,1,-7,-123
1754052558.29046,-5,-3,-117
1754052558.32946,0,1,-127
1754052558.36746,1,1,-112
1754052558.40346,2,1,-110
1754052558.4404602,-2,0,-117
1754052558.47946,-1,2,-127
1754052558.51746,4,5,-108
1754052558.55346,5,4,-112
1754052558.59046,-3,-3,-105
1754052558.62946,3,0,-116
1754052558.66546,3,0,-117
1754052558.70246,0,1,-124
1754052558.7404602,1,4,-112
1754052558.7794602,0,1,-123
1754052558.8154602,-6,0,-116
1754052558.85246,-1,-1,-119
1754052558.89046,7,-5,-115
1754052558.92946,5,-3,-121
1754052558.96546,2,-8,-110
1754052559.0034602,2,-6,-109
1754052559.04146,0,2,-120
1754052559.07946,2,-3,-123
1754052559.1184602,6,-3,-128
1754052559.15546,3,0,-125
1754052559.19246,-5,-6,-122
1754052559.2304602,0,-4,-113
1754052559.2694602,-2,-1,-114
1754052559.30546,2,8,-108
1754052559.3424602,-4,-5,-124
1754052559.38046,-7,-7,-119
1754052559.41946,-3,-7,-112
1754052559.45546,3,-5,-114
1754052559.4934602,11,5,-115
1754052559.5324602,4,2,-112
1754052559.57046,5,1,-116
1754052559.6084602,0,0,-106
1754052559.64546,-2,-1,-119
1754052559.68246,4,0,-117
1754052559.7204602,4,0,-115
1754052559.7594602,8,-6,-125
1754052559.79546,7,-3,-120
1754052559.83346,-4,2,-121
1754052559.8714602,-3,-2,-111
1754052559.91546,1,-6,-114
1754052559.95346,-5,-7,-116
1754052559.99146,3,-7,-113
1754052560.03046,0,-7,-109
1754052560.06846,-4,-4,-111
1754052560.10446,1,-2,-122
1754052560.14246,-5,-2,-111
1754052560.18046,2,-6,-111
1754052560.21946,4,1,-119
1754052560.25546,4,3,-121
1754052560.2924602,0,-3,-123
1754052560.33046,0,0,-115
1754052560.36946,0,1,-113
1754052560.40546,-4,1,-117
1754052560.44346,1,0,-122
1754052560.48246,-1,0,-113
1754052560.52046,2,3,-122
1754052560.55846,6,0,-123
1754052560.5954602,7,1,-126
1754052560.63246,1,-2,-113
1754052560.67046,2,4,-124
1754052560.70946,3,-1,-116
1754052560.74546,7,0,-117
1754052560.7824602,4,1,-111
1754052560.82046,4,-1,-118
1754052560.85946,4,0,-116
1754052560.89546,4,0,-117
1754052560.93246,-1,5,-124
1754052560.9704602,-5,-2,-107
1754052561.0094602,-3,3,-109
1754052561.04546,-4,-3,-112
1754052561.08346,-4,4,-115
1754052561.1214602,-1,4,-117
1754052561.16046,2,-1,-118
1754052561.19646,7,0,-115
1754052561.2334602,4,0,-119
1754052561.27146,-2,-6,-108
1754052561.31046,-5,-2,-110
1754052561.34646,-3,-3,-114
1754052561.3844602,2,-2,-109
1754052561.42246,0,-1,-106
1754052561.4604602,4,-3,-114
1754052561.49946,6,0,-109
1754052561.53546,-3,0,-120
1754052561.5724602,0,2,-111
1754052561.6114602,0,4,-113
1754052561.64946,0,3,-121
1754052561.68546,-1,-5,-116
1754052561.7234602,2,0,-107
1754052561.76246,-2,2,-112
1754052561.80046,-3,2,-123
1754052561.83646,-1,0,-104
1754052561.87446,1,-1,-112
1754052561.91246,5,-3,-120
1754052561.95146,1,-4,-124
1754052561.98946,2,-1,-116
1754052562.02546,6,-5,-117
1754052562.06346,-3,-7,-126
1754052562.10246,2,-6,-127
1754052562.14046,2,5,-120
1754052562.17646,8,-1,-122
1754052562.21446,5,2,-122
1754052562.2534602,2,2,-119
1754052562.29146,-2,-1,-122
1754052562.32946,-11,-9,-123
1754052562.3654602,-8,-7,-120
1754052562.40346,0,-3,-126
1754052562.44146,6,0,-128
1754052562.4804602,5,-6,-127
1754052562.5164602,2,-3,-120
1754052562.55446,2,2,-121
1754052562.5924602,-4,-3,-126
1754052562.6314602,0,-1,-120
1754052562.66946,1,-2,-116
1754052562.70546,1,-3,-119
1754052562.7434602,2,-3,-122
1754052562.7824602,3,-3,-114
1754052562.82046,-4,0,-123
1754052562.85646,-6,1,-112
1754052562.8944602,-5,4,-122
1754052562.93346,-6,7,-119
1754052562.97146,0,-2,-105
1754052563.00746,-3,0,-116
1754052563.0464602,7,-5,-104
1754052563.08346,1,-4,-114
1754052563.1214602,3,-8,-105
1754052563.16046,1,-8,-117
1754052563.19646,-1,3,-114
1754052563.23446,0,-2,-119
1754052563.27246,2,-5,-114
1754052563.31146,0,-8,-122
1754052563.34746,-2,-7,-118
1754052563.38546,-4,0,-115
1754052563.42346,1,0,-121
1754052563.46146,0,1,-123
1754052563.50046,-2,-2,-124
1754052563.5364602,-2,4,-111
1754052563.57446,3,3,-119
1754052563.61246,-5,1,-124
1754052563.6514602,-4,2,-111
1754052563.6874602,2,-7,-108
1754052563.72546,3,3,-108
1754052563.7634602,-6,-1,-114
1754052563.8024602,-4,-2,-117
1754052563.84046,-1,2,-120
1754052563.87646,-4,4,-129
1754052563.9144602,-1,-1,-113
1754052563.95246,-1,-1,-107
1754052563.99146,-2,4,-115
1754052564.02746,0,0,-113
1754052564.0654602,7,0,-114
1754052564.10446,3,-4,-114
1754052564.14246,-8,-2,-122
1754052564.18046,-5,-4,-130
1754052564.21646,-7,-11,-124
1754052564.25446,-7,-3,-125
1754052564.2924602,1,-1,-127
1754052564.33146,4,0,-113
1754052564.36746,0,-3,-124
1754052564.40546,1,-9,-119
1754052564.44346,8,-2,-115
1754052564.48246,2,-1,-117
1754052564.52046,-5,4,-116
1754052564.55646,-4,7,-121
1754052564.59446,-4,2,-121
1754052564.63246,3,0,-111
1754052564.6714602,1,-7,-118
1754052564.7074602,-4,-6,-123
1754052564.7464602,-4,-2,-111
1754052564.78346,2,-7,-117
1754052564.8224602,-2,-5,-112
1754052564.8584602,5,-3,-109
1754052564.89646,3,-5,-105
1754052564.93346,0,-4,-109
1754052564.97246,-7,1,-117
1754052565.00846,-1,10,-118
1754052565.0464602,-1,-1,-108
1754052565.08446,2,-1,-115
1754052565.12246,-3,3,-115
1754052565.15846,5,0,-103
1754052565.19646,0,-1,-112
1754052565.2334602,-3,-5,-114
1754052565.27246,-6,-3,-120
1754052565.30846,0,0,-122
1754052565.34646,3,-5,-114
1754052565.38346,1,1,-110
1754052565.42246,-2,-4,-111
1754052565.45846,1,0,-98
1754052565.49546,-4,0,-115
1754052565.53346,-2,-4,-122
1754052565.5724602,-2,-3,-106
1754052565.6084602,-7,2,-110
1754052565.64646,-11,-7,-111
1754052565.6844602,-12,-2,-115
1754052565.72246,3,-1,-117
1754052565.76146,3,-2,-116
1754052565.79746,0,-3,-106
1754052565.83646,-2,1,-116
1754052565.87346,-2,-3,-111
1754052565.91246,-7,5,-113
1754052565.94846,-2,7,-119
1754052565.9864602,2,-3,-127
1754052566.02446,0,-3,-110
1754052566.06346,-3,1,-107
1754052566.10146,6,-1,-117
1754052566.13746,10,-4,-118
1754052566.17546,3,3,-110
1754052566.2134602,1,1,-113
1754052566.25246,6,-3,-122
1754052566.28846,-1,0,-119
1754052566.3254602,0,2,-108
1754052566.36346,5,0,-128
1754052566.40246,0,-5,-121
1754052566.43846,-4,-1,-117
1754052566.47646,6,0,-110
1754052566.51446,6,-3,-112
1754052566.55346,5,0,-114
1754052566.59146,2,-3,-113
1754052566.62746,2,0,-118
1754052566.66546,-4,0,-119
1754052566.70346,1,-3,-120
1754052566.74246,10,-7,-122
1754052566.77846,5,1,-119
1754052566.8154602,9,2,-126
1754052566.85346,6,-4,-118
1754052566.89246,5,3,-112
1754052566.92846,10,2,-119
1754052566.96546,0,0,-120
1754052567.0034602,-2,-4,-118
1754052567.0424602,7,-8,-120
1754052567.07846,3,-10,-121
1754052567.11746,3,-5,-128
1754052567.1544602,1,-9,-124
1754052567.19346,2,0,-108
1754052567.22946,0,-1,-121
1754052567.26746,0,-8,-108
1754052567.30546,4,-5,-96
1754052567.34346,13,-6,-105
1754052567.38246,6,-2,-112
1754052567.41846,-2,-3,-112
1754052567.45646,-2,-9,-114
1754052567.49446,3,-8,-113
1754052567.53346,7,-4,-111
1754052567.5694602,0,-8,-95
1754052567.60746,0,-3,-115
1754052567.64546,-3,0,-115
1754052567.6844602,5,-2,-111
1754052567.72246,-2,-4,-109
1754052567.75846,4,-1,-117
1754052567.79746,9,-2,-109
1754052567.83446,2,0,-121
1754052567.87346,7,-5,-115
1754052567.90946,1,-4,-118
1754052567.9474602,3,-2,-120
1754052567.98546,-1,0,-127
1754052568.02446,4,5,-118
1754052568.0624602,3,8,-119
1754052568.0984602,-1,0,-117
1754052568.13646,-3,5,-118
1754052568.1744602,2,2,-125
1754052568.2134602,-5,0,-115
1754052568.24946,-1,-4,-106
1754052568.28846,1,1,-118
1754052568.3254602,-3,-3,-110
1754052568.36446,-2,-8,-121
1754052568.40246,0,0,-121
1754052568.43846,-3,-3,-124
1754052568.47646,-5,-3,-122
1754052568.51446,-9,-3,-115
1754052568.55346,6,-4,-113
1754052568.58946,1,0,-119
1754052568.62646,-5,2,-117
1754052568.6644602,-8,-3,-129
1754052568.70346,-5,0,-119
1754052568.73946,-3,-3,-133
1754052568.77746,-4,4,-115
1754052568.8154602,-2,1,-107
1754052568.85446,4,0,-114
1754052568.89246,-3,0,-116
1754052568.92846,-2,0,-119
1754052568.96646,-1,-9,-118
1754052569.00546,3,-2,-113
1754052569.04346,-2,-8,-113
1754052569.07946,-1,-6,-113
1754052569.11746,4,-8,-118
1754052569.15546,1,-4,-118
1754052569.1944602,3,-4,-117
1754052569.2304602,10,0,-123
1754052569.26846,3,3,-124
1754052569.30646,4,2,-110
1754052569.34446,0,-5,-117
1754052569.38346,4,2,-113
1754052569.41946,1,0,-122
1754052569.45646,1,0,-122
1754052569.49446,-2,-4,-121
1754052569.53346,2,0,-122
1754052569.5694602,1,1,-120
1754052569.60646,5,1,-118
1754052569.6444602,4,2,-107
1754052569.68346,0,-1,-112
1754052569.71946,-4,0,-120
1754052569.75746,0,-1,-119
1754052569.79546,-3,-1,-118
1754052569.83446,-1,-4,-112
1754052569.87046,-3,-5,-124
1754052569.90946,-1,-2,-127
1754052569.95446,-2,2,-121
1754052569.9904602,1,-1,-115
1754052570.0294602,-1,0,-115
1754052570.06646,-1,-4,-111
1754052570.1054602,-7,-1,-121
1754052570.14346,2,-3,-112
1754052570.17946,4,-3,-104
1754052570.21846,4,-6,-112
1754052570.2564602,3,-3,-110
1754052570.29446,-1,-6,-123
1754052570.33046,4,-8,-113
1754052570.3684602,4,-8,-117
1754052570.40646,3,-3,-110
1754052570.44546,-2,-7,-113
1754052570.4834602,2,-1,-119
1754052570.5194602,8,-2,-111
1754052570.55746,8,-8,-111
1754052570.5954602,4,-1,-117
1754052570.6344602,5,-5,-110
1754052570.67046,6,-4,-100
1754052570.70946,4,-10,-99
1754052570.7464602,3,-7,-120
1754052570.78546,0,-3,-116
1754052570.82346,-1,-5,-116
1754052570.85946,-5,-4,-108
1754052570.89846,-1,1,-109
1754052570.93546,-2,0,-118
1754052570.97446,2,0,-112
1754052571.01046,9,-4,-114
1754052571.04846,1,-5,-113
1754052571.08646,3,-6,-110
1754052571.12546,-4,-4,-117
1754052571.1614602,-6,0,-112
1754052571.19946,-1,-2,-113
1754052571.23746,0,3,-112
1754052571.2764602,-2,-4,-102
1754052571.31446,-6,0,-117
1754052571.35046,2,0,-118
1754052571.38946,1,0,-118
1754052571.42646,3,-7,-118
1754052571.46546,0,-2,-114
1754052571.50146,5,4,-122
1754052571.53846,2,-2,-119
1754052571.57646,1,-2,-108
1754052571.6154602,-1,0,-106
1754052571.6514602,-2,2,-112
1754052571.68946,1,1,-109
1754052571.72746,7,-1,-112
1754052571.76546,7,-6,-116
1754052571.80446,1,-3,-114
1754052571.84046,-5,-3,-126
1754052571.8784602,0,6,-114
1754052571.91646,2,-5,-117
1754052571.95546,-4,0,-126
1754052571.99146,-2,0,-117
1754052572.0294602,-1,-5,-111
1754052572.06746,3,-5,-118
1754052572.10646,5,-6,-115
1754052572.1444602,-6,-4,-119
1754052572.18046,-3,2,-124
1754052572.21846,-4,-1,-116
1754052572.2564602,0,0,-118
1754052572.29546,1,2,-113
1754052572.33146,0,4,-121
1754052572.36946,4,-6,-109
1754052572.4074602,0,0,-97
1754052572.44646,-7,0,-115
1754052572.48446,-1,-1,-118
1754052572.52046,3,-2,-124
1754052572.5594602,-1,-3,-119
1754052572.59746,-4,-5,-115
1754052572.63546,-3,0,-124
1754052572.6714602,1,-2,-125
1754052572.70946,4,-8,-117
1754052572.74746,8,-6,-116
1754052572.7864602,6,0,-121
1754052572.82446,1,2,-116
1754052572.86046,2,1,-108
1754052572.89746,4,1,-107
1754052572.93646,-2,0,-116
1754052572.97446,13,2,-122
1754052573.01046,9,-4,-113
1754052573.04846,10,0,-105
1754052573.08646,-5,-2,-120
1754052573.12546,-6,-7,-120
1754052573.1614602,0,0,-121
1754052573.19846,-2,-3,-116
1754052573.2364602,4,-2,-122
1754052573.27546,5,1,-113
1754052573.31146,5,4,-107
1754052573.3484602,4,2,-119
1754052573.38646,1,1,-118
1754052573.42546,7,2,-117
1754052573.46146,6,-2,-114
1754052573.49946,-1,2,-117
1754052573.53746,-1,-4,-115
1754052573.57646,6,0,-118
1754052573.61246,2,-3,-122
1754052573.65046,-2,7,-123
1754052573.68846,-2,2,-123
1754052573.72746,1,2,-120
1754052573.76546,6,2,-117
1754052573.80146,2,5,-110
1754052573.8384602,2,-4,-117
1754052573.87646,-2,-7,-110
1754052573.91546,0,-4,-106
1754052573.95146,1,-9,-109
1754052573.9904602,0,-9,-119
1754052574.02746,3,-5,-112
1754052574.06646,3,-2,-116
1754052574.10246,8,-2,-116
1754052574.14046,0,0,-118
1754052574.17846,0,1,-117
1754052574.2174602,1,-5,-128
1754052574.25546,-4,0,-122
1754052574.29146,-7,-3,-116
1754052574.32946,-7,-2,-114
1754052574.36746,-5,-3,-112
1754052574.40646,-1,-2,-107
1754052574.44246,0,-4,-117
1754052574.4804602,5,-9,-110
1754052574.5194602,2,-4,-109
1754052574.55746,-8,2,-114
1754052574.5954602,-2,-4,-120
1754052574.6314602,0,-8,-107
1754052574.66946,5,0,-110
1754052574.7074602,2,0,-121
1754052574.7464602,13,-1,-110
1754052574.7824602,1,-1,-125
1754052574.82046,-1,-9,-118
1754052574.8584602,5,-10,-114
1754052574.89746,3,-6,-119
1754052574.93546,0,-6,-120
1754052574.97146,5,-8,-128
1754052575.0094602,4,-6,-120
1754052575.04746,1,3,-112
1754052575.08646,0,-6,-113
1754052575.12246,-11,-3,-117
1754052575.16046,-3,-9,-112
1754052575.19946,-6,-7,-117
1754052575.23746,1,4,-119
1754052575.27546,3,-4,-116
1754052575.31146,3,-7,-109
1754052575.34946,5,-10,-116
1754052575.38746,-1,-8,-116
1754052575.42646,-3,-9,-118
1754052575.46246,-3,-9,-127
1754052575.50046,0,0,-120
1754052575.5394602,0,-2,-123
1754052575.57746,2,-2,-129
1754052575.61346,1,-1,-126
1754052575.6514602,0,1,-119
1754052575.68946,2,-2,-128
1754052575.72746,-7,0,-127
1754052575.7664602,2,-5,-124
1754052575.8024602,3,-4,-116
1754052575.84046,-1,7,-103
1754052575.8784602,-1,-2,-107
1754052575.9174602,-4,0,-105
1754052575.95346,-3,0,-112
1754052575.99246,-4,-7,-105
1754052576.0294602,-5,-6,-112
1754052576.06746,1,-6,-126
1754052576.10646,-1,-7,-123
1754052576.14246,4,-2,-118
1754052576.18046,0,-3,-121
1754052576.21846,-2,0,-121
1754052576.25746,2,-6,-117
1754052576.29346,6,0,-115
1754052576.33046,2,-2,-116
1754052576.3684602,8,1,-122
1754052576.4074602,4,-1,-116
1754052576.44346,-4,-4,-119
1754052576.48146,1,0,-106
1754052576.52046,-4,-9,-103
1754052576.55846,-1,-7,-97
1754052576.59646,0,-3,-113
1754052576.63346,0,-2,-111
1754052576.67046,5,4,-114
1754052576.70846,-1,1,-122
1754052576.74746,0,0,-113
1754052576.78346,2,1,-107
1754052576.82046,4,-2,-105
1754052576.8584602,2,0,-109
1754052576.89746,5,-1,-117
1754052576.93346,2,-4,-108
1754052576.97146,0,4,-100
1754052577.0094602,-4,0,-115
1754052577.04846,1,-3,-113
1754052577.08646,9,0,-115
1754052577.12246,2,4,-121
1754052577.15946,4,-1,-97
1754052577.19846,-2,-4,-111
1754052577.2364602,-5,-4,-113
1754052577.27246,-5,-4,-118
1754052577.31146,0,6,-122
1754052577.3484602,0,0,-124
1754052577.38746,5,-6,-120
1754052577.42346,1,5,-122
1754052577.46146,1,6,-124
1754052577.49946,-5,-2,-116
1754052577.53846,0,1,-118
1754052577.57446,-2,-4,-122
1754052577.61246,-6,-3,-112
1754052577.65046,-3,0,-109
1754052577.68846,0,-5,-112
1754052577.72746,-7,0,-114
1754052577.7634602,-13,-5,-110
1754052577.80146,-1,2,-120
1754052577.83946,3,-11,-122
1754052577.8784602,2,-4,-121
1754052577.9144602,2,-3,-121
1754052577.95246,-7,-6,-125
1754052577.99146,-7,-4,-125
1754052578.02846,-1,-5,-118
1754052578.06746,6,-7,-115
1754052578.10346,5,-3,-112
1754052578.1414602,0,-2,-108
1754052578.17946,2,-1,-107
1754052578.21846,-3,-8,-125
1754052578.25446,0,-3,-128
1754052578.2924602,-2,-2,-118
1754052578.33046,4,0,-113
1754052578.36946,0,0,-106
1754052578.4074602,-1,3,-121
1754052578.44346,5,0,-118
1754052578.4804602,0,-4,-116
1754052578.5194602,12,-2,-116
1754052578.55746,4,-2,-121
1754052578.59346,0,-2,-122
1754052578.6314602,0,1,-122
1754052578.66946,3,-7,-112
1754052578.70846,1,-5,-120
1754052578.74446,3,-8,-126
1754052578.78346,6,0,-116
1754052578.82046,1,0,-123
1754052578.85946,-1,0,-117
1754052578.89746,0,-4,-113
1754052578.93346,-3,-2,-116
1754052578.97146,4,-3,-111
1754052579.0094602,2,-3,-110
1754052579.04846,2,-3,-124
1754052579.08446,5,-5,-116
1754052579.12246,8,5,-114
1754052579.16046,6,4,-122
1754052579.19946,6,1,-114
1754052579.23746,-3,-7,-118
1754052579.27346,0,0,-112
1754052579.31046,0,0,-107
1754052579.34946,0,2,-109
1754052579.38746,-2,5,-107
1754052579.42346,-3,4,-119
1754052579.46146,5,-2,-122
1754052579.50046,0,1,-127
1754052579.53846,-2,0,-121
1754052579.57446,-2,-4,-122
1754052579.61246,8,-9,-123
1754052579.65046,4,-1,-128
1754052579.68946,6,0,-129
1754052579.72546,11,0,-119
1754052579.76246,5,-8,-120
1754052579.80046,0,-9,-118
1754052579.83946,0,0,-136
1754052579.87546,7,0,-126
1754052579.91246,7,-2,-122
1754052579.95846,10,3,-106
1754052579.99446,12,0,-119
1754052580.0324602,4,-3,-119
1754052580.0694602,4,-6,-119
1754052580.1084602,1,-7,-119
1754052580.1444602,-1,-4,-110
1754052580.18246,-1,0,-112
1754052580.2204602,-2,5,-103
1754052580.2594602,-7,-3,-113
1754052580.29546,1,-4,-116
1754052580.33346,-2,-1,-123
1754052580.3714602,-1,-6,-117
1754052580.41046,3,-2,-129
1754052580.44846,4,-1,-118
1754052580.48446,1,1,-121
1754052580.52146,1,-3,-123
1754052580.56046,-11,-2,-130
1754052580.5984602,1,4,-123
1754052580.6344602,1,0,-125
1754052580.6714602,-4,-1,-125
1754052580.7104602,1,-2,-123
1754052580.74846,1,-3,-117
1754052580.78446,0,-1,-120
1754052580.82146,-2,1,-118
1754052580.86046,-3,3,-125
1754052580.89846,3,-1,-122
1754052580.9344602,-3,-6,-119
1754052580.97246,2,-5,-126
1754052581.01046,-2,3,-118
1754052581.0494602,-4,0,-123
1754052581.0854602,0,0,-120
1754052581.12246,1,1,-115
1754052581.16046,-1,2,-119
1754052581.19946,0,0,-113
1754052581.23546,4,-1,-117
1754052581.27346,6,0,-123
1754052581.3124602,4,-1,-113
1754052581.35046,2,-1,-112
1754052581.3884602,-3,-1,-114
1754052581.4244602,-4,-3,-123
1754052581.46246,-4,0,-118
1754052581.50046,0,-6,-117
1754052581.5394602,-7,3,-113
1754052581.5754602,-2,9,-114
1754052581.61346,3,1,-118
1754052581.6514602,9,0,-110
1754052581.6904602,5,-1,-110
1754052581.72646,3,0,-111
1754052581.7634602,-4,-1,-121
1754052581.80146,-5,0,-116
1754052581.84046,-8,1,-122
1754052581.87646,-2,3,-111
1754052581.9144602,-5,-4,-111
1754052581.95246,2,-4,-117
1754052581.9904602,-1,4,-111
1754052582.0294602,-11,0,-113
1754052582.0654602,-4,-1,-111
1754052582.10446,0,-1,-115
1754052582.1414602,3,-6,-122
1754052582.18046,2,0,-114
1754052582.21646,0,-2,-119
1754052582.25446,2,0,-115
1754052582.2924602,0,0,-115
1754052582.33046,-3,-3,-116
1754052582.36946,6,3,-117
1754052582.40546,6,0,-112
1754052582.44246,6,-1,-118
1754052582.48146,5,-4,-124
1754052582.5194602,2,0,-119
1754052582.55546,9,0,-113
1754052582.5924602,3,0,-117
1754052582.6314602,4,3,-112
1754052582.66946,3,1,-110
1754052582.70546,6,0,-118
1754052582.74246,0,0,-121
1754052582.78146,1,0,-116
1754052582.8194602,-1,-5,-113
1754052582.8554602,5,0,-115
1754052582.89246,0,1,-115
1754052582.93146,-2,-4,-122
1754052582.96946,0,-2,-116
1754052583.00546,-10,0,-111
1754052583.04346,5,4,-115
1754052583.08146,-3,-2,-122
1754052583.12046,-1,-4,-103
1754052583.15646,1,-2,-114
1754052583.1944602,1,5,-119
1754052583.23246,-1,-4,-102
1754052583.27146,3,-6,-113
1754052583.3094602,-6,-2,-123
1754052583.3454602,-4,-5,-118
1754052583.38346,3,3,-117
1754052583.4214602,1,4,-119
1754052583.4604602,2,2,-126
1754052583.4964602,0,2,-122
1754052583.53446,0,-4,-107
1754052583.57146,0,-5,-114
1754052583.61046,-1,-3,-122
1754052583.64646,-3,-8,-120
1754052583.6844602,0,-1,-122
1754052583.72246,6,-6,-120
1754052583.76146,0,3,-123
1754052583.79746,0,-2,-129
1754052583.83446,4,0,-118
1754052583.87246,1,-4,-102
1754052583.9114602,-4,-1,-113
1754052583.9474602,-3,0,-114
1754052583.98546,-2,-2,-125
1754052584.02346,0,4,-116
1754052584.06146,-1,1,-105
1754052584.10046,-6,-1,-105
1754052584.13646,-4,-3,-110
1754052584.1744602,0,0,-117
1754052584.21246,-2,0,-119
1754052584.25146,-5,-2,-121
1754052584.28746,-3,4,-117
1754052584.3254602,2,0,-113
1754052584.36346,5,0,-119
1754052584.4014602,7,-8,-130
1754052584.4404602,0,-2,-134
1754052584.47646,-2,0,-119
1754052584.5134602,1,0,-125
1754052584.55146,-9,0,-121
1754052584.59046,-4,0,-124
1754052584.62646,-1,0,-115
1754052584.6644602,0,4,-120
1754052584.70246,2,2,-110
1754052584.74146,5,-2,-120
1754052584.77746,3,2,-117
1754052584.8154602,7,0,-116
1754052584.85346,4,0,-118
1754052584.89246,4,1,-106
1754052584.93046,1,0,-111
1754052584.96646,-2,3,-117
1754052585.00546,-5,-3,-116
1754052585.0424602,-1,0,-117
1754052585.08146,-1,3,-126
1754052585.11746,2,3,-118
1754052585.15546,3,4,-123
1754052585.19346,-5,0,-128
1754052585.23246,-4,4,-120
1754052585.27046,0,6,-114
1754052585.30646,-5,4,-112
1754052585.34446,-3,-8,-110
1754052585.38346,-1,2,-125
1754052585.4214602,4,3,-117
1754052585.4574602,-4,-1,-105
1754052585.4964602,3,3,-116
1754052585.53346,1,0,-117
1754052585.5724602,1,-1,-111
1754052585.61046,4,2,-113
1754052585.64646,4,-5,-113
1754052585.6844602,1,2,-105
1754052585.72246,0,-1,-116
1754052585.76146,0,2,-128
1754052585.79746,-6,6,-124
1754052585.8354602,-4,0,-105
1754052585.87346,-2,-3,-110
1754052585.91246,0,-5,-116
1754052585.94846,-2,-7,-121
1754052585.9864602,-3,-7,-114
1754052586.02446,0,-8,-109
1754052586.0624602,-1,-4,-114
1754052586.10146,0,-2,-120
1754052586.13746,-5,0,-125
1754052586.1744602,-4,1,-120
1754052586.2134602,-1,-1,-124
1754052586.25146,3,0,-119
1754052586.28746,3,0,-118
1754052586.32446,-2,0,-116
1754052586.36346,8,5,-110
1754052586.4014602,7,4,-117
1754052586.4374602,6,0,-118
1754052586.47446,0,-3,-107
1754052586.5134602,1,-8,-110
1754052586.55146,-6,2,-106
1754052586.58746,-3,0,-111
1754052586.62446,-2,5,-115
1754052586.66246,3,0,-107
1754052586.70146,2,1,-104
1754052586.73746,2,-1,-120
1754052586.7764602,6,-2,-121
1754052586.81346,6,1,-110
1754052586.85246,5,-8,-122
1754052586.8884602,1,-8,-120
1754052586.92646,5,-4,-115
1754052586.96446,-1,0,-103
1754052587.0034602,2,3,-114
1754052587.04146,4,-2,-111
1754052587.07746,1,2,-124
1754052587.1154602,0,2,-121
1754052587.15346,-8,-2,-122
1754052587.19246,7,2,-121
1754052587.22846,7,0,-117
1754052587.26546,6,5,-124
1754052587.30346,4,-1,-120
1754052587.3424602,0,-3,-113
1754052587.3784602,-2,-6,-117
1754052587.41646,-4,-6,-126
1754052587.45546,-4,4,-120
1754052587.4934602,1,7,-116
1754052587.53146,-1,2,-117
1754052587.56846,2,5,-116
1754052587.6054602,-5,-1,-126
1754052587.64346,-2,-4,-122
1754052587.68246,5,-4,-122
1754052587.71846,3,-4,-116
1754052587.7564602,0,0,-109
1754052587.79446,-1,10,-106
1754052587.83346,-6,5,-110
1754052587.86946,-2,5,-97
1754052587.9074602,6,0,-111
1754052587.94646,1,6,-107
1754052587.9834602,-3,2,-106
1754052588.02246,0,-3,-111
1754052588.05846,6,5,-117
1754052588.09646,3,0,-122
1754052588.1344602,0,-1,-125
1754052588.17346,-3,0,-110
1754052588.20946,4,2,-108
1754052588.2464602,2,0,-101
1754052588.28446,0,1,-112
1754052588.32346,-3,6,-121
1754052588.35946,2,-1,-116
1754052588.39746,2,-6,-123
1754052588.43546,-5,1,-118
1754052588.4734602,0,7,-117
1754052588.51246,2,0,-118
1754052588.54846,0,4,-117
1754052588.5854602,2,0,-124
1754052588.62346,4,8,-109
1754052588.66246,0,-3,-111
1754052588.69846,-3,0,-115
1754052588.7364602,0,2,-123
1754052588.77446,6,0,-124
1754052588.81346,0,3,-119
1754052588.84946,-8,-4,-113
1754052588.8884602,-1,-5,-110
1754052588.92546,-2,1,-114
1754052588.96446,-2,0,-119
1754052589.00246,0,7,-114
1754052589.03846,-2,7,-107
1754052589.07646,-7,4,-118
1754052589.11446,-3,6,-130
1754052589.15346,3,5,-129
1754052589.18946,1,2,-129
1754052589.22746,0,-6,-127
1754052589.26546,2,4,-115
1754052589.30446,5,-1,-119
1754052589.3424602,-6,-8,-121
1754052589.3784602,-2,0,-127
1754052589.41546,4,2,-126
1754052589.45446,0,3,-120
1754052589.49246,-3,0,-120
1754052589.52846,1,-4,-117
1754052589.56646,2,-9,-116
1754052589.6054602,2,0,-116
1754052589.64346,6,-6,-111
1754052589.67946,0,-8,-105
1754052589.7174602,14,1,-113
1754052589.75546,4,-4,-109
1754052589.79446,-2,0,-119
1754052589.8324602,0,-3,-116
1754052589.8684602,2,3,-103
1754052589.90546,1,-5,-102
1754052589.9444602,4,0,-99
1754052589.98846,0,-3,-111
1754052590.0264602,1,-4,-107
1754052590.06446,1,-6,-122
1754052590.10346,5,-4,-119
1754052590.13946,1,-3,-123
1754052590.1774602,-7,-5,-121
1754052590.21646,-5,-10,-121
1754052590.25446,9,0,-117
1754052590.29046,5,3,-114
1754052590.32746,-3,1,-113
1754052590.36646,-9,0,-118
1754052590.4044602,6,-4,-116
1754052590.4404602,0,-10,-111
1754052590.47846,-1,2,-107
1754052590.5164602,-2,3,-110
1754052590.55446,0,0,-111
1754052590.59346,-2,-2,-119
1754052590.62946,-6,-7,-117
1754052590.6674602,3,-4,-110
1754052590.70546,3,-7,-114
1754052590.74446,3,-1,-112
1754052590.78046,1,-7,-111
1754052590.81846,0,-2,-119
1754052590.85646,-3,-3,-120
1754052590.89546,-3,2,-117
1754052590.93346,0,-2,-112
1754052590.96946,0,4,-116
1754052591.00746,0,-2,-112
1754052591.04546,8,0,-110
1754052591.08446,0,1,-113
1754052591.12046,3,-4,-106
1754052591.15846,-3,1,-110
1754052591.19646,1,-6,-120
1754052591.23546,-1,-2,-111
1754052591.27346,-4,0,-118
1754052591.3094602,-1,-3,-109
1754052591.34746,6,-1,-110
1754052591.38546,4,4,-113
1754052591.4244602,8,-1,-114
1754052591.4604602,6,1,-122
1754052591.49846,9,-2,-116
1754052591.5364602,1,-5,-120
1754052591.5754602,1,0,-118
1754052591.61346,3,2,-114
1754052591.64946,2,0,-127
1754052591.6874602,4,0,-122
1754052591.72546,1,0,-125
1754052591.76446,3,0,-118
1754052591.80046,3,0,-118
1754052591.83746,-2,0,-110
1754052591.87546,-1,0,-106
1754052591.9144602,4,-2,-112
1754052591.9504602,4,-7,-112
1754052591.98846,3,-14,-118
1754052592.0264602,1,-8,-121
1754052592.0654602,-2,-8,-125
1754052592.10146,-6,-4,-116
1754052592.13946,-9,-6,-121
1754052592.1774602,0,-2,-109
1754052592.21546,-2,1,-124
1754052592.25446,-3,0,-115
1754052592.29046,0,-7,-112
1754052592.32846,0,0,-114
1754052592.36746,-2,1,-117
1754052592.40546,6,0,-118
1754052592.44146,4,0,-113
1754052592.47846,-4,0,-117
1754052592.51746,0,-8,-118
1754052592.55546,1,-1,-117
1754052592.59146,4,-5,-124
1754052592.62946,2,-8,-119
1754052592.6674602,-1,-3,-118
1754052592.70546,0,-5,-112
1754052592.74446,2,-2,-111
1754052592.78046,1,-2,-106
1754052592.81846,4,-3,-113
1754052592.85646,7,0,-121
1754052592.89546,0,-4,-113
1754052592.93146,-2,3,-120
1754052592.96946,5,6,-112
1754052593.00746,1,4,-117
1754052593.0464602,1,0,-113
1754052593.08446,4,-1,-116
1754052593.12046,-5,0,-97
1754052593.15846,-1,-9,-107
1754052593.19646,0,-2,-123
1754052593.23546,4,6,-111
1754052593.27146,3,-3,-111
1754052593.3094602,1,3,-124
1754052593.34746,4,2,-121
1754052593.38646,3,1,-127
1754052593.4244602,1,-3,-127
1754052593.4604602,1,-4,-118
1754052593.49846,6,-10,-121
1754052593.53746,-2,-3,-121
1754052593.5754602,0,-3,-119
1754052593.6114602,0,-2,-118
1754052593.64846,0,-3,-121
1754052593.6874602,0,0,-114
1754052593.72546,3,-1,-117
1754052593.76146,2,1,-124
1754052593.79846,3,3,-122
1754052593.83646,1,-3,-115
1754052593.87546,2,2,-123
1754052593.9114602,-3,-1,-122
1754052593.9504602,0,-5,-120
1754052593.98746,0,-6,-119
1754052594.0264602,5,-7,-114
1754052594.06446,9,-1,-129
1754052594.10146,4,-3,-133
1754052594.14046,-3,-5,-123
1754052594.17846,-3,-4,-127
1754052594.21646,-3,2,-120
1754052594.25246,5,-1,-112
1754052594.29046,3,2,-112
1754052594.32846,0,-3,-118
1754052594.36646,-2,-4,-111
1754052594.40546,0,0,-109
1754052594.44146,1,-6,-103
1754052594.47846,-2,0,-112
1754052594.5164602,0,-4,-115
1754052594.55546,-8,-3,-107
1754052594.59146,-7,1,-115
1754052594.62946,-4,0,-123
1754052594.6674602,-2,-1,-120
1754052594.70646,2,-5,-113
1754052594.74246,0,2,-105
1754052594.7794602,-3,-2,-125
1754052594.81746,0,-4,-117
1754052594.85646,-3,-2,-110
1754052594.89246,0,0,-115
1754052594.92946,-2,-3,-113
1754052594.9674602,0,0,-124
1754052595.0064602,4,-3,-115
1754052595.0424602,3,-7,-125
1754052595.08046,-1,-1,-119
1754052595.1184602,-3,-1,-123
1754052595.1574602,-6,-4,-120
1754052595.19546,5,-6,-122
1754052595.23146,6,-7,-121
1754052595.27046,12,-7,-110
1754052595.30746,1,2,-107
1754052595.34646,0,-2,-112
1754052595.38246,5,-1,-111
1754052595.42046,2,-3,-108
1754052595.45846,1,-3,-106
1754052595.49746,0,2,-111
1754052595.53546,1,-2,-120
1754052595.57146,8,2,-127
1754052595.6084602,6,-1,-122
1754052595.64746,-2,-2,-127
1754052595.68546,0,-5,-111
1754052595.72146,-5,-2,-117
1754052595.7594602,-8,-3,-110
1754052595.79746,-5,2,-114
1754052595.83646,6,-1,-130
1754052595.87246,5,0,-121
1754052595.90946,-1,-2,-112
1754052595.94846,1,-1,-120
1754052595.9864602,7,1,-115
1754052596.02246,8,-4,-123
1754052596.06046,-1,-7,-125
1754052596.0984602,0,-4,-117
1754052596.13746,3,-6,-105
1754052596.17546,3,-5,-113
1754052596.21146,5,-1,-117
1754052596.24946,1,-1,-127
1754052596.28746,5,4,-127
1754052596.32646,-2,-3,-126
1754052596.36246,-3,-2,-113
1754052596.40046,4,0,-104
1754052596.43846,5,-4,-112
1754052596.47746,11,-2,-112
1754052596.5134602,0,-1,-109
1754052596.55146,-2,-2,-125
1754052596.58946,-6,-2,-129
1754052596.62746,-1,-4,-114
1754052596.66646,6,-7,-110
1754052596.70246,0,0,-107
1754052596.73946,2,-1,-123
1754052596.77746,-3,-6,-122
1754052596.81646,0,-2,-128
1754052596.85246,0,-1,-129
1754052596.88946,2,-1,-129
1754052596.9274602,-4,-3,-134
1754052596.96646,-4,-8,-123
1754052597.00246,-7,-1,-117
1754052597.04046,-2,0,-108
1754052597.07946,-4,-5,-114
1754052597.1184602,5,-1,-116
1754052597.15646,-2,-3,-120
1754052597.19246,-6,0,-128
1754052597.23146,5,-4,-117
1754052597.26846,0,0,-115
1754052597.30746,3,-3,-115
1754052597.34346,-2,-3,-120
1754052597.38246,2,0,-120
1754052597.41946,-3,0,-106
1754052597.45846,-9,1,-119
1754052597.4964602,-5,0,-119
1754052597.5324602,-3,-3,-114
1754052597.57046,0,-2,-115
1754052597.6084602,0,0,-123
1754052597.64746,2,1,-120
1754052597.68346,2,-3,-107
1754052597.72146,7,-4,-112
1754052597.7594602,6,2,-123
1754052597.79846,3,-2,-118
1754052597.83646,-8,-1,-107
1754052597.87246,2,-5,-113
1754052597.91046,4,-1,-110
1754052597.94946,0,-6,-116
1754052597.98746,0,-8,-116
1754052598.02346,-2,0,-121
1754052598.06146,0,-1,-112
1754052598.09946,0,0,-110
1754052598.1384602,-9,-3,-111
1754052598.17646,-6,-6,-131
1754052598.21246,0,-6,-122
1754052598.25046,4,-4,-125
1754052598.28846,6,-2,-120
1754052598.32746,3,-6,-117
1754052598.36346,5,-5,-127
1754052598.4014602,7,0,-113
1754052598.4404602,0,-7,-118
1754052598.47846,-3,-3,-125
1754052598.51446,1,-2,-129
1754052598.5524602,3,1,-128
1754052598.59046,2,3,-113
1754052598.6284602,0,-4,-113
1754052598.6674602,-1,-3,-121
1754052598.70346,-10,-2,-117
1754052598.74146,-2,3,-113
1754052598.7794602,-5,2,-121
1754052598.81846,-4,-4,-121
1754052598.85446,2,-4,-118
1754052598.89246,0,0,-114
1754052598.93046,0,1,-115
1754052598.96946,-2,0,-112
1754052599.00746,5,-2,-120
1754052599.04346,-4,-4,-118
1754052599.0824602,4,3,-122
1754052599.11946,4,8,-122
1754052599.15846,0,2,-117
1754052599.1944602,1,0,-121
1754052599.23246,0,0,-116
1754052599.2694602,2,-4,-115
1754052599.30846,6,1,-111
1754052599.34446,8,-6,-117
1754052599.38246,1,-2,-111
1754052599.42046,6,0,-112
1754052599.45946,6,0,-105
1754052599.49746,0,-4,-117
1754052599.53346,8,2,-110
1754052599.57046,7,2,-110
1754052599.60946,0,0,-116
1754052599.64746,6,-3,-110
1754052599.68346,1,2,-115
1754052599.7204602,-5,-6,-118
1754052599.7594602,4,3,-112
1754052599.79746,5,6,-114
1754052599.83346,0,0,-110
1754052599.87046,-1,0,-111
1754052599.90946,5,-3,-116
1754052599.9474602,3,-4,-126
1754052599.99146,2,-4,-111
1754052600.03046,-4,-1,-99
1754052600.06846,0,-3,-98
1754052600.10446,8,-3,-116
1754052600.14246,-1,-1,-112
1754052600.18046,-6,0,-115
1754052600.21946,-4,-3,-109
1754052600.25746,-2,1,-108
1754052600.29346,-5,0,-109
1754052600.33146,-2,0,-117
1754052600.36946,5,1,-120
1754052600.40846,6,7,-111
1754052600.4444602,11,4,-124
1754052600.48146,2,4,-117
1754052600.5194602,2,0,-107
1754052600.55846,-3,-7,-115
1754052600.59446,3,-4,-117
1754052600.63246,-9,-13,-124
1754052600.67046,-1,-9,-117
1754052600.70946,-5,-1,-122
1754052600.74546,-2,-3,-114
1754052600.78346,-6,-2,-111
1754052600.82146,-3,-6,-110
1754052600.85946,-2,1,-120
1754052600.89846,0,7,-119
1754052600.9344602,-2,2,-116
1754052600.97246,0,-1,-112
1754052601.01046,1,-6,-116
1754052601.0494602,7,-1,-113
1754052601.0854602,0,3,-116
1754052601.12246,-3,3,-110
1754052601.16046,-8,0,-109
1754052601.19946,3,0,-111
1754052601.23546,4,-3,-103
1754052601.27346,0,-2,-112
1754052601.31146,2,0,-124
1754052601.35046,1,4,-108
1754052601.3884602,-2,-1,-114
1754052601.4244602,3,2,-117
1754052601.46246,0,3,-124
1754052601.50046,0,0,-115
1754052601.5394602,4,-4,-105
1754052601.5754602,4,-1,-118
1754052601.61346,1,5,-113
1754052601.6514602,2,0,-105
1754052601.6904602,-7,-1,-119
1754052601.72846,-7,-5,-114
1754052601.76446,-8,-3,-105
1754052601.8024602,-7,-4,-103
1754052601.84046,7,-7,-110
1754052601.87946,3,-5,-109
1754052601.91546,1,-2,-112
1754052601.95346,0,-1,-120
1754052601.99146,-4,-2,-113
1754052602.03046,0,-6,-110
1754052602.06846,2,0,-110
1754052602.10446,2,1,-109
1754052602.14246,-9,-3,-122
1754052602.18146,2,1,-124
1754052602.21946,-7,-1,-119
1754052602.25546,-4,-2,-120
1754052602.29346,-6,-3,-118
1754052602.33146,0,0,-114
1754052602.37046,10,-2,-110
1754052602.40846,11,-9,-115
1754052602.4444602,5,-2,-117
1754052602.48246,-6,-6,-113
1754052602.52046,-8,-1,-115
1754052602.5594602,5,-6,-113
1754052602.5954602,7,-4,-117
1754052602.63346,-2,0,-110
1754052602.67246,1,-2,-106
1754052602.7104602,2,-5,-117
1754052602.7464602,-1,0,-118
1754052602.78346,1,-2,-121
1754052602.8224602,2,-2,-109
1754052602.86046,-1,-4,-117
1754052602.89646,-7,-2,-115
1754052602.9344602,2,0,-106
1754052602.97246,-1,-1,-112
1754052603.01046,3,0,-107
1754052603.0494602,4,3,-110
1754052603.0854602,3,-1,-110
1754052603.12346,6,-8,-111
1754052603.1614602,4,-5,-108
1754052603.2004602,9,3,-113
1754052603.2364602,8,0,-109
1754052603.27446,-4,0,-119
1754052603.3124602,0,-1,-117
1754052603.35146,-1,-2,-108
1754052603.38946,-2,-4,-125
1754052603.42546,-6,-5,-116
1754052603.46446,3,-6,-116
1754052603.50146,5,-5,-118
1754052603.54046,2,-3,-125
1754052603.57646,-5,-5,-117
1754052603.61446,-5,-9,-110
1754052603.65246,-4,-5,-109
1754052603.69146,0,-5,-121
1754052603.72946,-7,-1,-110
1754052603.76546,0,2,-108
1754052603.8024602,3,-1,-121
1754052603.84146,2,3,-120
1754052603.87946,-1,-1,-123
1754052603.91546,-1,-5,-125
1754052603.95346,0,-5,-118
1754052603.99146,-2,-5,-121
1754052604.03046,-1,-2,-119
1754052604.06646,4,-1,-118
1754052604.1054602,0,-1,-117
1754052604.14246,3,5,-117
1754052604.18146,-5,2,-124
1754052604.21946,-3,-6,-128
1754052604.25546,-4,-3,-115
1754052604.29346,6,0,-111
1754052604.33146,6,3,-114
1754052604.37046,3,-9,-97
1754052604.40646,6,-6,-110
1754052604.4444602,-1,4,-111
1754052604.48246,-2,0,-122
1754052604.52146,5,0,-119
1754052604.55746,0,-7,-115
1754052604.5954602,5,-3,-108
1754052604.6344602,0,0,-115
1754052604.6714602,0,1,-112
1754052604.7104602,6,-12,-114
1754052604.7464602,2,-3,-116
1754052604.78446,3,-6,-119
1754052604.8224602,2,-5,-110
1754052604.8614602,-3,-6,-114
1754052604.89746,3,-2,-124
1754052604.93546,0,-1,-127
1754052604.9734602,-2,-5,-121
1754052605.01146,-8,-1,-115
1754052605.05046,-6,-4,-124
1754052605.08746,-2,-4,-129
1754052605.12546,0,0,-116
1754052605.16246,7,-7,-119
1754052605.2004602,5,-1,-114
1754052605.2364602,5,-3,-119
1754052605.27446,-1,-9,-120
1754052605.3124602,0,-7,-118
1754052605.35146,0,-4,-130
1754052605.3884602,0,-3,-116
1754052605.42546,-13,-1,-119
1754052605.4634602,0,-1,-108
1754052605.50246,-5,1,-120
1754052605.54046,-7,0,-115
1754052605.57646,-3,1,-120
1754052605.61446,-1,2,-112
1754052605.65246,2,5,-113
1754052605.69146,3,-3,-113
1754052605.72746,0,0,-114
1754052605.76446,-3,-4,-115
1754052605.80346,1,-8,-105
1754052605.84146,0,-9,-103
1754052605.87746,4,-7,-113
1754052605.91546,-6,-5,-105
1754052605.95346,-4,-6,-119
1754052605.99246,-1,0,-125
1754052606.03046,3,0,-117
1754052606.06646,7,4,-116
1754052606.10346,5,0,-112
1754052606.14246,-5,1,-111
1754052606.18046,0,-3,-116
1754052606.21646,3,0,-111
1754052606.2534602,2,3,-116
1754052606.2924602,1,3,-113
1754052606.33046,0,1,-117
1754052606.36646,-3,1,-111
1754052606.4044602,0,-3,-113
1754052606.44246,-7,-2,-118
1754052606.48146,-4,0,-112
1754052606.51746,2,2,-115
1754052606.55546,1,-6,-125
1754052606.5924602,-1,-3,-113
1754052606.6314602,-3,0,-113
1754052606.6674602,-3,-4,-120
1754052606.70546,-6,-7,-116
1754052606.7434602,1,-9,-122
1754052606.7824602,0,0,-115
1754052606.81846,0,2,-108
1754052606.85646,-1,1,-114
1754052606.8944602,-9,0,-113
1754052606.93246,-4,3,-123
1754052606.97146,4,2,-121
1754052607.00746,3,0,-118
1754052607.04446,-1,-3,-122
1754052607.0824602,-1,-11,-110
1754052607.1214602,1,-3,-120
1754052607.1574602,8,-1,-121
1754052607.19546,8,-4,-121
1754052607.23446,0,3,-117
1754052607.27246,1,2,-109
1754052607.30846,3,0,-106
1754052607.3454602,0,0,-115
1754052607.38346,-1,-14,-122
1754052607.42246,0,-7,-121
1754052607.45846,3,3,-127
1754052607.4964602,8,1,-123
1754052607.53446,0,-2,-120
1754052607.57346,4,-1,-113
1754052607.6114602,-1,-1,-119
1754052607.64746,0,-9,-109
1754052607.6844602,2,-4,-118
1754052607.7234602,-3,-3,-118
1754052607.76146,3,-3,-117
1754052607.79746,5,-9,-109
1754052607.8354602,-1,-7,-122
1754052607.87346,-1,-4,-112
1754052607.91246,-1,0,-117
1754052607.94846,-1,3,-125
1754052607.9864602,3,1,-116
1754052608.02546,0,-2,-113
1754052608.06346,2,0,-110
1754052608.10146,-4,0,-130
1754052608.1384602,1,3,-127
1754052608.17546,-5,-6,-123
1754052608.2134602,-4,-3,-120
1754052608.25246,-6,4,-120
1754052608.28846,-5,8,-111
1754052608.32646,0,-1,-106
1754052608.36446,-3,-3,-117
1754052608.40346,-9,8,-131
1754052608.44146,-1,4,-119
1754052608.47746,-1,2,-121
1754052608.51546,-3,0,-116
1754052608.55446,4,-5,-111
1754052608.5924602,3,-2,-104
1754052608.6284602,3,2,-107
1754052608.66546,1,4,-112
1754052608.70446,-2,3,-123
1754052608.74246,0,-2,-119
1754052608.77846,3,-5,-121
1754052608.81646,4,-2,-121
1754052608.8554602,3,-2,-116
1754052608.89346,0,-2,-131
1754052608.93146,-4,-2,-115
1754052608.96846,2,-2,-117
1754052609.0064602,7,-3,-112
1754052609.04546,3,-14,-127
1754052609.08346,2,2,-122
1754052609.11946,1,3,-114
1754052609.15646,0,2,-108
1754052609.19546,1,-2,-115
1754052609.2334602,1,-2,-119
1754052609.2694602,4,-4,-117
1754052609.30746,3,-3,-121
1754052609.3454602,-10,-6,-115
1754052609.38346,-1,-6,-94
1754052609.42246,0,-5,-115
1754052609.45846,0,3,-114
1754052609.49546,3,-2,-108
1754052609.53346,3,3,-117
1754052609.5724602,0,-3,-114
1754052609.6084602,1,-6,-111
1754052609.64646,4,0,-109
1754052609.6844602,-2,-3,-113
1754052609.7234602,2,1,-118
1754052609.7594602,0,-6,-115
1754052609.7964602,1,-2,-116
1754052609.83446,1,-5,-111
1754052609.87346,4,2,-121
1754052609.90946,3,-3,-116
1754052609.9474602,-4,-1,-115
1754052609.98546,9,0,-128
1754052610.0294602,-4,-3,-126
1754052610.06746,-4,0,-117
1754052610.1054602,4,3,-118
1754052610.1444602,4,-6,-130
1754052610.18246,1,-8,-116
1754052610.21846,0,-1,-116
1754052610.2564602,-1,-5,-116
1754052610.29546,8,-1,-120
1754052610.33346,3,0,-119
1754052610.36946,0,-7,-116
1754052610.40646,0,-10,-114
1754052610.4444602,4,-4,-113
1754052610.4834602,-5,3,-116
1754052610.5194602,-4,3,-126
1754052610.55746,8,4,-116
1754052610.59646,0,1,-120
1754052610.6344602,9,3,-117
1754052610.67246,0,-3,-112
1754052610.70846,6,-4,-114
1754052610.7464602,4,3,-114
1754052610.78446,-2,7,-123
1754052610.82346,-4,5,-118
1754052610.85946,1,3,-115
1754052610.89646,3,7,-119
1754052610.9344602,6,3,-118
1754052610.9734602,8,0,-112
1754052611.0094602,1,-6,-116
1754052611.04746,-1,-9,-124
1754052611.0854602,3,-6,-125
1754052611.12446,-5,-1,-118
1754052611.16046,-2,-5,-114
1754052611.19846,0,0,-118
1754052611.2364602,1,1,-121
1754052611.27446,-2,1,-118
1754052611.31346,4,0,-126
1754052611.34946,-3,3,-121
1754052611.38746,-8,-2,-122
1754052611.42546,-3,-3,-129
1754052611.46446,-5,-1,-115
1754052611.50046,0,-2,-115
1754052611.53746,0,1,-120
1754052611.5754602,1,-2,-125
1754052611.61446,1,-6,-113
1754052611.65046,-1,-5,-113
1754052611.68846,6,3,-111
1754052611.72646,-1,3,-112
1754052611.76546,-3,0,-110
1754052611.80346,-5,-4,-105
1754052611.83946,0,-6,-110
1754052611.87746,2,-5,-116
1754052611.91546,-3,-4,-119
1754052611.95446,0,-3,-108
1754052611.9904602,3,-1,-117
1754052612.02846,0,-6,-108
1754052612.06646,2,-2,-111
1754052612.1054602,1,-1,-115
1754052612.14346,-9,0,-114
1754052612.17946,0,0,-132
1754052612.2174602,-2,-2,-124
1754052612.25546,-1,-10,-120
1754052612.29446,6,-6,-112
1754052612.33046,6,-4,-118
1754052612.3684602,0,1,-118
1754052612.40646,-2,-5,-114
1754052612.44546,5,0,-126
1754052612.4834602,4,-2,-106
1754052612.5194602,6,-2,-109
1754052612.55746,0,4,-121
1754052612.59646,0,-2,-112
1754052612.6344602,-6,-4,-125
1754052612.67046,4,-1,-127
1754052612.70846,3,-2,-126
1754052612.7464602,3,0,-108
1754052612.78546,0,-5,-111
1754052612.82346,0,-1,-113
1754052612.85946,-7,-1,-117
1754052612.89746,-1,-6,-117
1754052612.93546,2,2,-121
1754052612.97446,2,0,-118
1754052613.01046,0,-2,-110
1754052613.04846,3,-6,-125
1754052613.08646,4,1,-124
1754052613.12546,-2,-3,-118
1754052613.1614602,-8,0,-107
1754052613.2004602,3,0,-111
1754052613.23746,0,0,-111
1754052613.27546,6,-6,-107
1754052613.31446,9,-8,-108
1754052613.35046,8,-3,-116
1754052613.3884602,2,-5,-111
1754052613.42646,0,-3,-120
1754052613.46546,0,-8,-129
1754052613.50146,2,-3,-121
1754052613.5394602,2,-4,-117
1754052613.57746,0,1,-115
1754052613.6154602,2,0,-118
1754052613.6544602,-9,4,-118
1754052613.6904602,-6,0,-121
1754052613.72846,-5,-5,-116
1754052613.76746,0,-1,-121
1754052613.80546,-5,-5,-125
1754052613.84146,-2,0,-120
1754052613.8784602,-4,0,-120
1754052613.91646,0,-8,-109
1754052613.95546,-3,-9,-115
1754052613.99146,-3,-5,-126
1754052614.0294602,-9,2,-122
1754052614.06746,2,4,-129
1754052614.10646,1,0,-126
1754052614.1444602,0,-9,-124
1754052614.18046,-1,-5,-111
1754052614.21846,-1,-3,-117
1754052614.2564602,0,0,-117
1754052614.29546,-4,1,-118
1754052614.33146,-8,5,-108
1754052614.36946,-4,7,-111
1754052614.4074602,-2,-3,-118
1754052614.44646,-8,0,-113
1754052614.48446,2,9,-115
1754052614.52046,6,2,-110
1754052614.55846,0,0,-114
1754052614.59646,3,-6,-117
1754052614.63546,-3,-6,-117
1754052614.6714602,4,1,-124
1754052614.70846,0,2,-125
1754052614.7464602,-7,-2,-122
1754052614.78546,-5,-8,-117
1754052614.82146,2,-2,-125
1754052614.85946,1,1,-111
1754052614.89746,6,1,-118
1754052614.93646,-5,2,-130
1754052614.97446,-2,-4,-120
1754052615.01046,2,-4,-113
1754052615.04846,-1,-6,-104
1754052615.08646,2,-4,-111
1754052615.12546,-9,0,-110
1754052615.1614602,-7,-1,-128
1754052615.2004602,-1,1,-113
1754052615.23746,-5,1,-124
1754052615.2764602,-5,-5,-127
1754052615.3124602,4,0,-116
1754052615.35046,5,0,-119
1754052615.3884602,2,2,-114
1754052615.42646,0,-1,-118
1754052615.46546,-3,-3,-110
1754052615.50146,-7,-5,-104
1754052615.5394602,-6,-3,-113
1754052615.57746,1,-5,-111
1754052615.61646,0,-1,-112
1754052615.65246,2,0,-106
1754052615.69146,-2,-2,-101
1754052615.72846,-1,-1,-112
1754052615.76746,0,-5,-109
1754052615.80546,5,-1,-119
1754052615.84146,-3,1,-120
1754052615.88046,0,-1,-119
1754052615.9174602,3,3,-123
1754052615.95646,6,0,-111
1754052615.99246,-1,-6,-114
1754052616.03046,1,-1,-116
1754052616.06846,0,-10,-114
1754052616.10746,-3,-3,-109
1754052616.14546,-2,0,-117
1754052616.18146,-1,1,-124
1754052616.21846,-4,-1,-113
1754052616.25746,0,-2,-113
1754052616.29546,0,-3,-119
1754052616.33146,1,-1,-109
1754052616.36946,6,0,-118
1754052616.4074602,9,0,-117
1754052616.44646,-3,-3,-119
1754052616.48246,1,-5,-113
1754052616.52046,-3,-4,-107
1754052616.55846,-1,-5,-119
1754052616.59746,9,-6,-126
1754052616.63546,9,-6,-107
1754052616.6714602,0,-8,-112
1754052616.70946,-10,1,-111
1754052616.74746,-8,0,-117
1754052616.7864602,-7,0,-107
1754052616.82346,-4,3,-112
1754052616.86046,-5,8,-120
1754052616.89846,4,0,-130
1754052616.9374602,2,0,-125
1754052616.97546,6,0,-119
1754052617.01146,1,-1,-115
1754052617.05046,-4,-4,-110
1754052617.0884602,0,0,-108
1754052617.12646,2,-4,-111
1754052617.16246,5,-3,-117
1754052617.2004602,6,-2,-122
1754052617.23846,1,-3,-108
1754052617.27746,2,-4,-109
1754052617.31346,-1,2,-112
1754052617.35146,-5,0,-113
1754052617.38946,1,-2,-109
1754052617.4274602,5,0,-115
1754052617.46646,-5,1,-118
1754052617.50246,-2,-6,-119
1754052617.54046,-4,-9,-115
1754052617.57846,0,-6,-113
1754052617.61746,-1,-12,-120
1754052617.65346,1,-4,-120
1754052617.69146,-3,0,-120
1754052617.7304602,-9,1,-114
1754052617.76746,-4,1,-110
1754052617.80646,-2,-2,-124
1754052617.8424602,-7,-4,-129
1754052617.88046,-9,-5,-123
1754052617.91846,-5,-1,-115
1754052617.9574602,-1,6,-126
1754052617.9934602,-2,0,-124
1754052618.03046,-5,1,-121
1754052618.06846,0,-7,-120
1754052618.10746,2,-3,-111
1754052618.14346,2,-2,-104
1754052618.18146,0,-7,-112
1754052618.21946,-3,0,-105
1754052618.25846,1,-5,-122
1754052618.2964602,2,-2,-128
1754052618.3324602,3,-4,-111
1754052618.37046,0,-7,-115
1754052618.40846,-4,0,-130
1754052618.4474602,-9,1,-115
1754052618.4834602,-15,-2,-111
1754052618.52146,-7,-1,-121
1754052618.5594602,-4,-1,-137
1754052618.5984602,-6,-5,-118
1754052618.63646,-3,1,-124
1754052618.67246,5,0,-121
1754052618.70946,1,1,-115
1754052618.74846,1,1,-107
1754052618.7864602,5,0,-115
1754052618.8224602,9,1,-118
1754052618.85946,8,-3,-118
1754052618.89846,11,0,-120
1754052618.93646,7,-5,-123
1754052618.97246,0,-5,-129
1754052619.01046,1,5,-124
1754052619.04846,-3,0,-123
1754052619.08746,-1,5,-126
1754052619.12446,0,-1,-117
1754052619.1614602,1,-3,-113
1754052619.19946,5,2,-107
1754052619.23846,4,-5,-113
1754052619.27446,-1,-5,-122
1754052619.3124602,0,-2,-131
1754052619.35146,4,-6,-121
1754052619.3884602,2,-3,-115
1754052619.4274602,10,-3,-116
1754052619.4634602,6,1,-109
1754052619.50146,2,-4,-117
1754052619.5394602,0,3,-128
1754052619.57846,-2,3,-126
1754052619.61446,-1,-6,-132
1754052619.65246,-11,-3,-127
1754052619.6904602,-1,-2,-118
1754052619.72946,0,7,-114
1754052619.76746,1,-3,-118
1754052619.80346,-5,1,-105
1754052619.84146,0,1,-120
1754052619.87946,-1,-3,-119
1754052619.91846,3,-5,-109
1754052619.95446,1,-4,-109
1754052619.99246,2,-6,-111
1754052620.03846,0,-2,-120
1754052620.07446,-7,-3,-124
1754052620.11246,0,2,-119
1754052620.1514602,-6,2,-122
1754052620.18946,-4,3,-124
1754052620.22746,2,0,-121
1754052620.26446,-2,1,-115
1754052620.30146,1,0,-112
1754052620.33946,0,7,-119
1754052620.3784602,-3,0,-137
1754052620.4144602,4,-7,-125
1754052620.45246,-4,0,-115
1754052620.4904602,-2,0,-118
1754052620.5294602,3,2,-114
1754052620.56746,2,-1,-110
1754052620.60346,8,-8,-106
1754052620.64246,11,-2,-110
1754052620.67946,6,-6,-123
1754052620.71846,7,-2,-128
1754052620.75446,3,-3,-126
1754052620.7924602,9,-4,-117
1754052620.83046,-1,-6,-117
1754052620.86946,-1,2,-109
1754052620.9074602,8,-7,-112
1754052620.94346,3,-8,-119
1754052620.98146,0,-3,-118
1754052621.0194602,0,-1,-124
1754052621.05846,-2,0,-119
1754052621.09446,0,0,-126
1754052621.1314602,5,-3,-125
1754052621.16946,0,-4,-114
1754052621.20846,0,-3,-117
1754052621.24446,11,3,-118
1754052621.2824602,2,0,-116
1754052621.32046,0,-3,-115
1754052621.35946,6,4,-119
1754052621.39546,2,1,-116
1754052621.43346,4,4,-112
1754052621.47146,4,-1,-126
1754052621.5094602,-1,-2,-106
1754052621.54846,-5,-2,-109
1754052621.58446,9,-1,-104
1754052621.62246,1,-3,-124
1754052621.66046,1,-9,-122
1754052621.69946,4,0,-112
1754052621.73546,-2,0,-112
1754052621.77346,-3,-5,-119
1754052621.81146,-3,-6,-116
1754052621.84946,2,-6,-118
1754052621.8884602,-9,-1,-122
1754052621.9244602,-3,-7,-125
1754052621.9634602,-6,-1,-117
1754052622.00046,3,-3,-113
1754052622.0394602,-2,8,-129
1754052622.0754602,-1,-4,-128
1754052622.11346,0,-4,-104
1754052622.1514602,1,0,-113
1754052622.1904602,-4,0,-117
1754052622.22846,-1,-6,-119
1754052622.26446,-8,-2,-106
1754052622.3024602,-2,0,-114
1754052622.34046,0,-1,-105
1754052622.37946,-1,-3,-115
1754052622.41546,-2,-9,-115
1754052622.45346,0,-2,-127
1754052622.49146,-3,4,-118
1754052622.53046,4,-1,-115
1754052622.56846,3,0,-117
1754052622.60446,-1,-3,-110
1754052622.64246,-2,0,-105
1754052622.68146,-4,-5,-113
1754052622.71946,0,0,-113
1754052622.75546,6,-1,-123
1754052622.79346,5,1,-119
1754052622.83146,3,0,-122
1754052622.87046,2,3,-114
1754052622.90846,0,7,-118
1754052622.9444602,0,1,-120
1754052622.98146,4,-4,-129
1754052623.02046,5,-4,-113
1754052623.05846,3,-4,-117
1754052623.09446,1,-3,-122
1754052623.13246,-5,-1,-121
1754052623.17046,2,-4,-121
1754052623.20946,0,-5,-119
1754052623.24546,0,-1,-122
1754052623.28346,4,0,-121
1754052623.32146,8,-1,-114
1754052623.36046,0,4,-112
1754052623.39646,0,4,-118
1754052623.43346,-5,5,-115
1754052623.47146,-13,1,-109
1754052623.51046,-5,2,-114
1754052623.5464602,-5,3,-112
1754052623.5854602,-5,1,-111
1754052623.62246,2,5,-127
1754052623.66046,0,-2,-126
1754052623.69946,1,6,-107
1754052623.73546,-6,5,-112
1754052623.77346,-1,-4,-112
1754052623.81146,2,-2,-112
1754052623.85046,-3,-2,-114
1754052623.88646,-5,1,-98
1754052623.9244602,-2,4,-109
1754052623.96246,3,2,-113
1754052624.00046,1,-5,-108
1754052624.0394602,-2,2,-111
1754052624.0754602,1,-5,-114
1754052624.11346,-2,8,-119
1754052624.15246,1,-1,-112
1754052624.1904602,0,-5,-118
1754052624.22646,-1,-5,-128
1754052624.26546,3,-9,-114
1754052624.3024602,3,-6,-115
1754052624.34146,-1,-4,-117
1754052624.37946,0,-4,-116
1754052624.41546,-3,-1,-114
1754052624.45346,-3,2,-127
1754052624.49146,-2,1,-126
1754052624.53046,8,-2,-125
1754052624.56646,3,-5,-119
1754052624.60446,1,0,-116
1754052624.64246,0,-1,-119
1754052624.68146,-2,1,-123
1754052624.71946,0,2,-123
1754052624.75546,-10,0,-123
1754052624.79346,-1,10,-122
1754052624.8324602,8,4,-113
1754052624.87046,7,0,-120
1754052624.90646,8,0,-116
1754052624.94346,0,-4,-122
1754052624.98246,0,-3,-112
1754052625.02046,3,-7,-115
1754052625.05646,0,0,-112
1754052625.09346,3,3,-109
1754052625.13246,-1,-3,-109
1754052625.17046,-7,-7,-119
1754052625.20646,2,1,-112
1754052625.2434602,6,-2,-127
1754052625.2824602,3,-7,-130
1754052625.32046,10,-8,-117
1754052625.35646,6,-3,-116
1754052625.3944602,1,-2,-112
1754052625.43246,4,2,-122
1754052625.47146,1,0,-112
1754052625.50746,-3,-3,-121
1754052625.54546,0,-1,-105
1754052625.58346,3,2,-104
1754052625.6214602,5,-1,-108
1754052625.66046,0,2,-103
1754052625.69646,3,0,-104
1754052625.73446,8,-4,-105
1754052625.77346,4,-13,-107
1754052625.81146,1,-3,-110
1754052625.84746,0,-1,-115
1754052625.88646,2,-2,-116
1754052625.92346,4,6,-116
1754052625.96146,7,0,-111
1754052626.00046,-7,-6,-119
1754052626.0364602,0,-4,-108
1754052626.07446,4,-2,-104
1754052626.11246,-3,1,-115
1754052626.1514602,3,-3,-120
1754052626.1874602,0,-5,-105
1754052626.22546,-1,-3,-114
1754052626.26446,4,0,-102
1754052626.3024602,5,-8,-110
1754052626.34046,-1,-3,-103
1754052626.37646,0,-2,-114
1754052626.41346,0,-1,-104
1754052626.45246,-5,-1,-112
1754052626.4904602,8,-2,-110
1754052626.5264602,4,-1,-119
1754052626.56446,-2,-1,-112
1754052626.60246,-1,3,-121
1754052626.6414602,0,2,-123
1754052626.6774602,7,0,-124
1754052626.71446,3,-5,-120
1754052626.75246,0,-5,-115
1754052626.79146,-1,-2,-110
1754052626.82746,0,-3,-110
1754052626.86446,2,-4,-122
1754052626.90346,2,-4,-127
1754052626.94146,7,3,-120
1754052626.97746,1,-2,-120
1754052627.0164602,-2,2,-117
1754052627.05346,1,0,-117
1754052627.0924602,0,0,-112
1754052627.13046,0,-7,-121
1754052627.16646,-2,-6,-119
1754052627.20446,-6,-2,-107
1754052627.24246,-1,0,-114
1754052627.28146,-7,-3,-124
1754052627.31746,1,-1,-130
1754052627.3554602,-2,0,-131
1754052627.39346,-7,-3,-120
1754052627.43246,-2,-4,-109
1754052627.4704602,-4,1,-119
1754052627.5064602,9,-1,-136
1754052627.54446,5,4,-114
1754052627.5824602,5,1,-127
1754052627.6214602,2,1,-118
1754052627.6574602,0,-4,-118
1754052627.69546,3,0,-118
1754052627.7334602,3,0,-109
1754052627.77246,5,0,-113
1754052627.80846,0,-3,-112
1754052627.8454602,1,1,-111
1754052627.88346,-3,2,-107
1754052627.92246,-4,3,-116
1754052627.95846,-2,-5,-114
1754052627.9964602,0,-2,-113
1754052628.03446,-2,0,-123
1754052628.0724602,1,-5,-132
1754052628.1114602,4,3,-113
1754052628.14746,0,6,-107
1754052628.18546,4,1,-110
1754052628.22446,-1,-2,-119
1754052628.26246,-3,0,-121
1754052628.29846,-1,-2,-107
1754052628.33646,5,-3,-101
1754052628.37446,-1,-7,-108
1754052628.41246,-2,-5,-110
1754052628.45146,6,-1,-104
1754052628.48746,13,-2,-117
1754052628.52546,4,1,-101
1754052628.56346,-3,-4,-107
1754052628.60246,3,-2,-110
1754052628.6384602,-3,2,-121
1754052628.67646,4,-1,-125
1754052628.71446,-7,0,-120
1754052628.7534602,-5,-2,-122
1754052628.79146,0,3,-131
1754052628.82746,-2,2,-122
1754052628.86646,-5,-3,-119
1754052628.90346,6,1,-108
1754052628.94246,11,0,-107
1754052628.97846,6,1,-117
1754052629.0164602,1,-3,-112
1754052629.05346,0,0,-116
1754052629.0924602,5,4,-123
1754052629.1284602,3,-2,-117
1754052629.16646,1,4,-110
1754052629.20446,0,2,-117
1754052629.2434602,0,-3,-111
1754052629.28146,2,-4,-114
1754052629.31746,5,-2,-102
1754052629.3554602,14,-1,-108
1754052629.39346,4,-2,-119
1754052629.43246,-4,-2,-116
1754052629.46946,-9,-1,-128
1754052629.5064602,-5,0,-122
1754052629.54446,-1,-1,-111
1754052629.58346,1,-7,-108
1754052629.61946,1,-6,-119
1754052629.6574602,-1,-1,-118
1754052629.69546,-3,1,-121
1754052629.7334602,-3,-12,-131
1754052629.77246,2,-6,-122
1754052629.80846,5,-4,-124
1754052629.84646,2,1,-117
1754052629.8844602,1,-3,-100
1754052629.92346,5,4,-103
1754052629.95946,5,5,-119
1754052629.9964602,2,6,-109
1754052630.0424602,3,5,-111
1754052630.07846,1,-7,-113
1754052630.11746,7,-2,-106
1754052630.1544602,8,0,-109
1754052630.19346,7,0,-114
1754052630.22946,8,-1,-105
1754052630.26746,0,-3,-123
1754052630.30546,0,3,-115
1754052630.34346,4,3,-108
1754052630.38246,3,-1,-114
1754052630.41846,1,2,-119
1754052630.45646,0,3,-115
1754052630.49446,2,-1,-119
1754052630.53346,6,-3,-124
1754052630.5694602,5,1,-118
1754052630.60746,3,0,-109
1754052630.64546,5,-1,-124
1754052630.6844602,0,-4,-120
1754052630.72246,-2,0,-117
1754052630.75846,-6,-6,-116
1754052630.7964602,1,-4,-123
1754052630.83446,7,-2,-117
1754052630.87346,-2,-6,-123
1754052630.90946,3,0,-117
1754052630.9474602,1,0,-126
1754052630.98546,7,6,-121
1754052631.02446,11,4,-111
1754052631.0624602,7,0,-111
1754052631.0984602,7,-10,-117
1754052631.13746,1,-6,-115
1754052631.17546,0,-6,-110
1754052631.2134602,-1,-6,-108
1754052631.24946,-2,-5,-114
1754052631.28746,-5,2,-120
1754052631.3254602,-4,-4,-104
1754052631.36446,5,-1,-110
1754052631.40246,-3,3,-113
1754052631.43846,-11,5,-116
1754052631.47646,-6,-3,-118
1754052631.51446,9,-3,-114
1754052631.55346,9,-8,-112
1754052631.58946,2,-8,-116
1754052631.62746,0,-7,-110
1754052631.66546,0,-7,-118
1754052631.70446,-4,-3,-118
1754052631.7404602,-1,-4,-121
1754052631.77846,-3,-1,-109
1754052631.81746,-3,-6,-110
1754052631.85446,1,-4,-126
1754052631.89346,7,0,-117
1754052631.92946,-5,-1,-124
1754052631.9674602,0,-2,-127
1754052632.00546,5,-4,-128
1754052632.04446,-7,0,-126
1754052632.08046,-2,-2,-124
1754052632.1184602,0,-1,-120
1754052632.15646,-1,0,-123
1754052632.19546,2,0,-128
1754052632.2334602,2,-4,-115
1754052632.2694602,4,-8,-112
1754052632.30846,7,-8,-109
1754052632.3454602,3,-9,-122
1754052632.3844602,3,-4,-122
1754052632.42046,-2,0,-120
1754052632.45846,0,-7,-115
1754052632.4964602,-4,-7,-124
1754052632.53446,0,1,-121
1754052632.57346,2,2,-125
1754052632.60946,2,1,-118
1754052632.64646,2,-3,-107
1754052632.68546,1,-4,-113
1754052632.7234602,2,-1,-111
1754052632.7594602,2,-1,-117
1754052632.79746,0,7,-129
1754052632.8354602,4,0,-127
1754052632.87446,-6,-1,-115
1754052632.91046,-4,9,-115
1754052632.94946,-3,-8,-109
1754052632.9864602,1,-4,-123
1754052633.02546,-4,-5,-115
1754052633.06346,1,-1,-117
1754052633.09946,6,1,-117
1754052633.13646,6,-1,-102
1754052633.17546,2,0,-117
1754052633.2134602,5,0,-123
1754052633.24946,3,2,-113
1754052633.2864602,6,3,-122
1754052633.3254602,5,-1,-127
1754052633.36346,1,0,-119
1754052633.39946,2,1,-117
1754052633.43646,0,3,-107
1754052633.47546,0,4,-115
1754052633.5134602,-3,-1,-114
1754052633.5494602,1,-3,-125
1754052633.58746,2,0,-120
1754052633.62546,1,0,-118
1754052633.6644602,1,5,-113
1754052633.7004602,-3,0,-119
1754052633.73846,5,-3,-117
1754052633.7764602,0,-8,-116
1754052633.8154602,1,-7,-117
1754052633.85146,0,-4,-112
1754052633.88946,-2,2,-122
1754052633.92846,-1,-4,-118
1754052633.96546,8,-4,-109
1754052634.00446,2,-1,-110
1754052634.04046,-2,0,-105
1754052634.07746,3,-1,-122
1754052634.1154602,5,-3,-124
1754052634.1544602,1,0,-121
1754052634.1904602,2,-2,-123
1754052634.22846,-4,-3,-116
1754052634.26746,1,-7,-125
1754052634.30546,-3,0,-124
1754052634.34146,2,0,-123
1754052634.37946,7,-5,-121
1754052634.4174602,6,-1,-122
1754052634.45546,4,0,-119
1754052634.49446,0,-6,-117
1754052634.53046,0,0,-118
1754052634.56746,0,-2,-106
1754052634.6054602,-2,0,-113
1754052634.6444602,6,-1,-119
1754052634.68046,0,0,-128
1754052634.7174602,0,1,-120
1754052634.7564602,-2,0,-119
1754052634.79446,2,-3,-110
1754052634.83046,8,-7,-118
1754052634.8684602,8,-8,-128
1754052634.90646,7,-2,-115
1754052634.94546,3,-1,-113
1754052634.98146,7,-3,-120
1754052635.0194602,7,-2,-112
1754052635.05746,1,-3,-105
1754052635.09646,-3,-8,-115
1754052635.1344602,-2,-1,-114
1754052635.17046,-2,-1,-105
1754052635.20846,-3,0,-106
1754052635.2464602,3,4,-119
1754052635.28546,3,0,-123
1754052635.32146,0,-5,-126
1754052635.35946,6,-3,-119
1754052635.39746,-1,0,-111
1754052635.43646,6,0,-114
1754052635.47446,7,0,-105
1754052635.51046,-1,3,-109
1754052635.54846,-1,-2,-118
1754052635.58646,2,-7,-122
1754052635.62546,1,1,-107
1754052635.6614602,6,2,-113
1754052635.69846,0,-2,-108
1754052635.7364602,-1,-4,-118
1754052635.77546,-3,-2,-112
1754052635.81146,7,-3,-124
1754052635.84946,8,12,-111
1754052635.88746,0,3,-121
1754052635.92646,-4,0,-113
1754052635.96246,-3,4,-111
1754052636.00046,4,1,-120
1754052636.03846,4,0,-114
1754052636.07646,0,0,-113
1754052636.1154602,-2,4,-123
1754052636.1514602,-2,1,-119
1754052636.18946,0,1,-117
1754052636.22746,6,-6,-122
1754052636.2664602,0,-10,-120
1754052636.30346,0,-3,-129
1754052636.34046,-3,6,-124
1754052636.3784602,-3,8,-126
1754052636.41646,-2,9,-111
1754052636.45546,0,3,-112
1754052636.49146,0,-4,-111
1754052636.5294602,1,-1,-117
1754052636.56746,3,-5,-111
1754052636.60646,-7,-4,-119
1754052636.64246,0,-6,-126
1754052636.67946,8,-7,-127
1754052636.7174602,0,-4,-125
1754052636.7564602,-1,-5,-120
1754052636.7924602,-9,-5,-129
1754052636.83046,0,1,-112
1754052636.8684602,1,0,-119
1754052636.9074602,-1,-1,-125
1754052636.94546,-6,0,-126
1754052636.98146,-2,2,-120
1754052637.0194602,7,-7,-112
1754052637.05746,-2,0,-120
1754052637.09646,-2,3,-106
1754052637.13246,3,5,-108
1754052637.16946,2,8,-105
1754052637.2074602,5,1,-111
1754052637.2464602,9,3,-121
1754052637.2824602,9,-6,-124
1754052637.32146,2,-2,-125
1754052637.3584602,-3,0,-117
1754052637.39746,-3,-3,-119
1754052637.43546,-1,4,-128
1754052637.47146,7,0,-117
1754052637.50846,4,-1,-123
1754052637.54746,-4,-6,-123
1754052637.5854602,-4,-7,-111
1754052637.6214602,-11,-2,-108
1754052637.65946,-3,-3,-112
1754052637.6974602,2,-3,-116
1754052637.7364602,-6,-4,-123
1754052637.77246,-4,-1,-122
1754052637.81046,-5,-4,-127
1754052637.84946,-2,2,-121
1754052637.88746,0,8,-112
1754052637.92546,2,0,-131
1754052637.96146,6,2,-128
1754052637.99946,1,0,-122
1754052638.03746,0,-8,-112
1754052638.07346,-2,-6,-100
1754052638.11246,-1,-2,-86
1754052638.14946,-1,-8,-102
1754052638.1874602,2,-7,-110
1754052638.22646,3,7,-115
1754052638.26246,2,3,-114
1754052638.2994602,-1,-3,-118
1754052638.33746,0,1,-115
1754052638.37646,-2,5,-115
1754052638.41246,-5,-1,-115
1754052638.4504602,-1,0,-116
1754052638.48846,0,2,-118
1754052638.52746,2,0,-113
1754052638.56346,0,-4,-109
1754052638.60146,-5,4,-116
1754052638.63946,-6,-5,-123
1754052638.67846,0,-7,-113
1754052638.71646,1,-8,-104
1754052638.7534602,0,-1,-111
1754052638.79146,0,-4,-112
1754052638.82846,0,4,-117
1754052638.86746,-11,-1,-120
1754052638.90346,-6,0,-113
1754052638.9404602,-3,2,-101
1754052638.97846,-6,3,-110
1754052639.01746,0,6,-108
1754052639.05346,-1,0,-106
1754052639.09046,0,2,-118
1754052639.1284602,0,1,-126
1754052639.16846,1,6,-124
1754052639.20646,2,0,-115
1754052639.24246,6,0,-108
1754052639.2794602,2,-2,-113
1754052639.31846,0,-4,-119
1754052639.35646,0,-1,-111
1754052639.39246,-4,3,-113
1754052639.43046,-3,-3,-108
1754052639.46846,-1,-3,-115
1754052639.50746,0,-6,-124
1754052639.54346,-8,-1,-113
1754052639.5824602,-9,1,-118
1754052639.61946,-8,0,-113
1754052639.65846,-2,0,-104
1754052639.69646,-7,0,-112
1754052639.73246,-6,2,-128
1754052639.77046,2,-7,-125
1754052639.80846,-3,-2,-119
1754052639.84746,0,2,-123
1754052639.88346,4,-9,-108
1754052639.9214602,0,-2,-115
1754052639.95946,1,-7,-115
1754052639.99846,4,-3,-110
1754052640.0424602,1,3,-125
1754052640.08046,4,-3,-124
1754052640.1184602,-1,0,-117
1754052640.1574602,8,-2,-121
1754052640.19346,-4,-2,-124
1754052640.23146,2,3,-106
1754052640.27046,0,1,-117
1754052640.30846,8,-3,-113
1754052640.34446,8,-3,-116
1754052640.38346,0,-1,-112
1754052640.42046,0,-3,-110
1754052640.45846,0,3,-114
1754052640.49746,0,-12,-115
1754052640.53346,1,-6,-108
1754052640.57146,4,2,-127
1754052640.60946,-4,1,-110
1754052640.64846,-2,-4,-125
1754052640.6844602,3,-4,-131
1754052640.72246,0,-6,-117
1754052640.76146,5,-5,-104
1754052640.79846,4,-6,-116
1754052640.83746,2,-3,-131
1754052640.87346,5,4,-122
1754052640.9114602,1,-1,-114
1754052640.94946,0,-3,-115
1754052640.98846,0,-7,-107
1754052641.02446,-5,-2,-112
1754052641.0624602,-4,-2,-117
1754052641.10046,3,-6,-113
1754052641.13946,-2,-7,-121
1754052641.1774602,-3,-2,-117
1754052641.21446,-6,-1,-124
1754052641.2534602,5,-8,-109
1754052641.29046,0,-11,-118
1754052641.32946,5,1,-116
1754052641.36746,2,-1,-117
1754052641.40346,0,3,-122
1754052641.4404602,5,3,-120
1754052641.47946,0,0,-119
1754052641.51746,-2,2,-113
1754052641.55346,1,-4,-118
1754052641.59046,-3,0,-109
1754052641.62946,0,-2,-114
1754052641.6674602,-1,-2,-119
1754052641.70346,4,3,-113
1754052641.7404602,10,1,-112
1754052641.7794602,5,0,-113
1754052641.81746,3,2,-112
1754052641.85346,-3,0,-107
1754052641.8914602,-7,-6,-112
1754052641.92946,-5,-3,-115
1754052641.96846,-2,0,-111
1754052642.00446,1,-2,-107
1754052642.0424602,0,-4,-110
1754052642.08046,4,-4,-106
1754052642.11946,4,-4,-112
1754052642.15546,0,-8,-104
1754052642.19346,0,-9,-107
1754052642.23246,0,-4,-111
1754052642.2694602,3,-5,-121
1754052642.30846,6,-4,-119
1754052642.34446,1,-1,-120
1754052642.38246,2,-8,-120
1754052642.42046,4,3,-118
1754052642.45946,-4,-2,-116
1754052642.49546,1,-3,-116
1754052642.53346,2,-2,-117
1754052642.57146,6,-2,-116
1754052642.60946,3,3,-114
1754052642.64846,-1,0,-113
1754052642.6844602,-4,-2,-114
1754052642.7234602,1,-3,-122
1754052642.76046,0,-3,-133
1754052642.7994602,1,-3,-119
1754052642.8354602,-3,-2,-129
1754052642.87346,-3,-9,-128
1754052642.9114602,-5,-4,-122
1754052642.94946,-2,1,-108
1754052642.98546,-4,0,-112
1754052643.02246,-2,1,-116
1754052643.06046,0,-4,-113
1754052643.09946,1,-3,-111
1754052643.13546,-2,0,-113
1754052643.17246,-3,-8,-121
1754052643.2104602,-10,-1,-119
1754052643.24946,-1,0,-110
1754052643.28546,0,-2,-122
1754052643.3224602,0,-2,-114
1754052643.36046,1,-8,-110
1754052643.39946,-3,-5,-126
1754052643.43546,-3,-2,-121
1754052643.4734602,1,0,-113
1754052643.51146,-2,-1,-116
1754052643.55046,-2,-2,-109
1754052643.5884602,-1,-3,-132
1754052643.62546,2,0,-119
1754052643.66346,7,2,-109
1754052643.7004602,2,2,-113
1754052643.73946,-2,3,-118
1754052643.77546,2,-1,-114
1754052643.81346,5,0,-112
1754052643.85146,-2,6,-114
1754052643.89046,-3,1,-116
1754052643.92846,9,4,-100
1754052643.96446,3,5,-108
1754052644.00146,4,-4,-115
1754052644.04046,4,-2,-116
1754052644.07846,4,0,-128
1754052644.11446,1,-1,-114
1754052644.15246,-3,0,-116
1754052644.1904602,1,-1,-118
1754052644.22946,7,-7,-123
1754052644.26546,1,0,-115
1754052644.3024602,-2,-3,-107
1754052644.34046,1,0,-106
1754052644.37946,0,-7,-123
1754052644.41546,2,-11,-118
1754052644.45346,-3,-2,-112
1754052644.49246,0,-3,-99
1754052644.53046,-6,-2,-124
1754052644.5694602,0,-7,-120
1754052644.6054602,2,-1,-124
1754052644.64346,-1,-3,-112
1754052644.68146,3,-3,-113
1754052644.7204602,5,-3,-119
1754052644.7564602,-1,2,-122
1754052644.79446,-1,-3,-120
1754052644.8324602,0,-1,-120
1754052644.87046,-4,-2,-112
1754052644.90946,1,-8,-114
1754052644.94546,4,-7,-109
1754052644.98246,2,1,-122
1754052645.02046,2,1,-110
1754052645.0594602,4,-4,-113
1754052645.0954602,-1,-1,-110
1754052645.1344602,4,0,-126
1754052645.1714602,7,0,-121
1754052645.2104602,6,-4,-125
1754052645.24746,1,-1,-123
1754052645.28446,-3,-5,-119
1754052645.3224602,-4,4,-115
1754052645.3614602,-1,4,-111
1754052645.39946,-2,3,-121
1754052645.43546,1,0,-125
1754052645.47246,0,0,-120
1754052645.51146,0,-1,-116
1754052645.5494602,-5,-1,-124
1754052645.5854602,4,6,-121
1754052645.62346,0,7,-130
1754052645.6614602,-7,-4,-117
1754052645.7004602,-5,-2,-121
1754052645.7364602,-3,3,-111
1754052645.77446,2,1,-108
1754052645.8124602,5,-3,-110
1754052645.85146,4,-2,-109
1754052645.88946,0,-3,-117
1754052645.92546,-4,-3,-114
1754052645.9634602,7,-3,-118
1754052646.00146,-4,-5,-110
1754052646.04046,-4,-6,-111
1754052646.07646,-1,-2,-111
1754052646.11446,-2,-6,-126
1754052646.15246,-3,-9,-103
1754052646.19146,4,-11,-117
1754052646.22946,-4,-5,-112
1754052646.26546,-3,-2,-109
1754052646.30446,-11,1,-121
1754052646.34146,0,-6,-120
1754052646.38046,-2,0,-126
1754052646.41646,5,0,-123
1754052646.45346,0,1,-118
1754052646.49146,-2,-3,-106
1754052646.53046,9,1,-116
1754052646.56646,2,3,-127
1754052646.60446,5,0,-123
1754052646.6414602,1,-1,-117
1754052646.68046,-7,0,-117
1754052646.71646,-4,4,-110
1754052646.75446,-4,1,-112
1754052646.7924602,-3,5,-113
1754052646.83146,3,2,-117
1754052646.86746,0,-2,-123
1754052646.90546,3,-3,-120
1754052646.94346,5,-4,-114
1754052646.98146,-3,2,-110
1754052647.02046,2,2,-115
1754052647.05646,0,-3,-115
1754052647.09446,-3,-4,-115
1754052647.13346,2,-2,-127
1754052647.1714602,-5,2,-123
1754052647.2074602,-4,-5,-127
1754052647.2464602,-3,-4,-120
1754052647.28346,-1,-4,-136
1754052647.3224602,0,-2,-117
1754052647.36046,-5,-3,-116
1754052647.39646,3,-2,-109
1754052647.4344602,8,-1,-115
1754052647.4734602,4,0,-114
1754052647.51146,4,-9,-117
1754052647.54746,-5,-2,-118
1754052647.5854602,7,0,-121
1754052647.62346,-2,-4,-125
1754052647.66246,3,2,-114
1754052647.7004602,0,0,-109
1754052647.7364602,-1,-4,-107
1754052647.77546,2,-3,-111
1754052647.8124602,0,-4,-106
1754052647.85146,2,-6,-117
1754052647.88746,0,-2,-112
1754052647.92546,2,0,-116
1754052647.9634602,4,10,-108
1754052648.00246,0,0,-117
1754052648.04046,5,1,-115
1754052648.07646,-12,2,-112
1754052648.11446,-2,-4,-116
1754052648.15246,-3,-5,-128
1754052648.19146,5,0,-127
1754052648.22746,7,-7,-125
1754052648.26546,-4,-4,-135
1754052648.30346,1,-3,-124
1754052648.3424602,-1,-4,-109
1754052648.38046,-5,-5,-116
1754052648.41646,-10,4,-103
1754052648.45446,-7,0,-101
1754052648.49246,-1,-3,-104
1754052648.53146,0,-2,-109
1754052648.56746,7,-2,-105
1754052648.6054602,6,-3,-116
1754052648.64346,0,5,-115
1754052648.68246,-2,3,-121
1754052648.71846,-2,-3,-117
1754052648.7564602,5,-4,-120
1754052648.79546,-2,0,-123
1754052648.8324602,-3,-4,-124
1754052648.8714602,-3,1,-115
1754052648.9074602,-7,-2,-118
1754052648.94546,-2,-4,-108
1754052648.9834602,-7,-8,-114
1754052649.02246,-11,-5,-125
1754052649.05846,-4,-3,-99
1754052649.09646,2,-4,-111
1754052649.1344602,-8,-4,-109
1754052649.17246,-8,-7,-108
1754052649.21146,-3,-2,-125
1754052649.24746,-2,0,-140
1754052649.28446,2,-3,-129
1754052649.3224602,-3,1,-121
1754052649.3614602,-1,7,-125
1754052649.39746,0,3,-133
1754052649.4344602,5,-6,-126
1754052649.4734602,1,-3,-126
1754052649.51146,-2,0,-121
1754052649.54746,0,2,-120
1754052649.58446,0,3,-114
1754052649.62346,-1,-4,-115
1754052649.6614602,-2,-3,-127
1754052649.6974602,0,-2,-115
1754052649.73446,-5,5,-115
1754052649.77346,2,1,-117
1754052649.81146,6,6,-122
1754052649.84746,6,3,-118
1754052649.8844602,3,4,-123
1754052649.92346,2,1,-120
1754052649.96146,3,0,-118
1754052649.99746,-6,2,-127
1754052650.03546,-6,0,-125
1754052650.08146,-9,0,-123
1754052650.11746,-6,9,-125
1754052650.15646,7,5,-116
1754052650.1944602,2,2,-121
1754052650.23246,0,0,-118
1754052650.2694602,3,3,-113
1754052650.30646,3,2,-116
1754052650.34446,-6,-1,-111
1754052650.38346,0,-2,-110
1754052650.4214602,4,-2,-112
1754052650.4574602,-4,3,-118
1754052650.49546,-6,0,-106
1754052650.53446,-8,-7,-118
1754052650.5724602,0,0,-121
1754052650.6084602,-1,1,-114
1754052650.64646,5,-2,-106
1754052650.68546,-1,-2,-105
1754052650.7234602,0,-4,-110
1754052650.7594602,-4,2,-116
1754052650.79746,6,-5,-112
1754052650.8354602,0,-1,-124
1754052650.87346,1,-4,-116
1754052650.91246,0,0,-111
1754052650.94846,2,-7,-117
1754052650.9864602,5,-1,-121
1754052651.02446,0,-4,-123
1754052651.06346,6,0,-122
1754052651.09946,2,0,-108
1754052651.13746,-4,-3,-112
1754052651.17546,-1,-2,-107
1754052651.21446,6,-4,-107
1754052651.25246,-5,-5,-97
1754052651.28846,2,-5,-111
1754052651.32746,-1,-6,-114
1754052651.36446,0,-3,-116
1754052651.40346,1,-4,-114
1754052651.43946,0,-8,-105
1754052651.47746,-6,-4,-124
1754052651.51546,1,0,-122
1754052651.55446,-3,-3,-101
1754052651.5924602,0,-4,-108
1754052651.6284602,-2,6,-111
1754052651.66646,-1,-1,-108
1754052651.70446,1,-3,-114
1754052651.7434602,0,-3,-106
1754052651.7794602,-4,-2,-101
1754052651.81846,2,-10,-121
1754052651.8554602,-7,0,-120
1754052651.8944602,-8,2,-116
1754052651.93246,-8,-5,-114
1754052651.96846,0,-2,-112
1754052652.00546,0,-2,-106
1754052652.04446,0,-5,-107
1754052652.0824602,3,-7,-120
1754052652.1184602,2,-1,-128
1754052652.15646,-2,1,-124
1754052652.1944602,-1,3,-123
1754052652.2334602,-9,-4,-120
1754052652.2694602,1,-8,-111
1754052652.30746,4,0,-108
1754052652.3454602,8,0,-120
1754052652.3844602,-7,3,-108
1754052652.42246,2,-7,-106
1754052652.45846,1,-11,-115
1754052652.49746,7,-6,-108
1754052652.53446,0,-3,-111
1754052652.57346,3,-6,-112
1754052652.60946,7,-5,-130
1754052652.64746,-6,-9,-125
1754052652.68546,3,-5,-124
1754052652.72446,2,-3,-122
1754052652.76046,2,-7,-101
1754052652.79846,4,-3,-115
1754052652.83646,1,-8,-115
1754052652.87446,-1,-5,-109
1754052652.91346,-9,-7,-109
1754052652.94946,-1,-3,-114
1754052652.98746,2,-14,-121
1754052653.02546,5,-6,-124
1754052653.06446,0,-2,-120
1754052653.10046,3,-8,-123
1754052653.1384602,1,-2,-114
1754052653.17646,6,0,-117
1754052653.21446,5,4,-115
1754052653.2534602,3,0,-122
1754052653.2894602,0,-2,-122
1754052653.32746,4,-2,-125
1754052653.3654602,1,9,-111
1754052653.4044602,5,-1,-124
1754052653.4404602,0,-4,-124
1754052653.47846,-2,0,-117
1754052653.5164602,5,0,-111
1754052653.55546,0,-5,-117
1754052653.59346,1,1,-112
1754052653.62946,2,6,-114
1754052653.66646,-3,-2,-119
1754052653.70546,9,0,-115
1754052653.7434602,3,-5,-114
1754052653.7794602,3,-2,-116
1754052653.81746,6,0,-124
1754052653.8554602,3,-6,-122
1754052653.8944602,2,0,-114
1754052653.93046,4,2,-119
1754052653.9674602,0,0,-117
1754052654.00546,-1,0,-120
1754052654.04446,-8,2,-114
1754052654.08046,-1,-1,-118
1754052654.1184602,-1,-7,-115
1754052654.15646,-3,-10,-109
1754052654.19546,-5,0,-111
1754052654.2334602,0,6,-129
1754052654.2694602,2,0,-122
1754052654.30646,2,0,-122
1754052654.3454602,4,5,-117
1754052654.38346,5,1,-112
1754052654.41946,0,-3,-119
1754052654.4574602,2,2,-116
1754052654.4964602,-3,-1,-122
1754052654.53446,0,-12,-117
1754052654.57046,2,-8,-119
1754052654.60946,2,-3,-126
1754052654.64646,-4,-4,-120
1754052654.68546,3,-2,-115
1754052654.72146,4,-4,-113
1754052654.7594602,4,0,-123
1754052654.79846,0,0,-115
1754052654.8354602,-6,-3,-114
1754052654.87446,-6,1,-108
1754052654.91046,-2,-2,-117
1754052654.94846,-5,-1,-124
1754052654.9864602,-10,-2,-124
1754052655.02546,-2,-3,-112
1754052655.06146,5,-6,-110
1754052655.09946,0,-14,-115
1754052655.13746,-3,-2,-123
1754052655.17546,1,-6,-123
1754052655.21446,8,-4,-117
1754052655.25046,13,0,-118
1754052655.28746,6,-4,-123
1754052655.3254602,7,0,-121
1754052655.36446,2,0,-124
1754052655.40046,2,-1,-130
1754052655.43846,-2,-1,-134
1754052655.47646,0,-9,-119
1754052655.51546,0,-7,-117
1754052655.55146,-1,-5,-119
1754052655.58946,-3,-1,-124
1754052655.62746,-2,-3,-125
1754052655.66646,10,-6,-120
1754052655.70446,2,-6,-111
1754052655.7404602,5,-5,-113
1754052655.77846,8,-2,-113
1754052655.81646,8,1,-118
1754052655.8554602,2,-4,-113
1754052655.8914602,2,-9,-116
1754052655.92946,3,-7,-118
1754052655.9674602,0,-8,-120
1754052656.0064602,4,1,-127
1754052656.04446,1,-2,-126
1754052656.08046,0,-3,-120
1754052656.1184602,-4,-1,-124
1754052656.15646,2,-5,-115
1754052656.19546,3,-7,-114
1754052656.23146,4,0,-119
1754052656.26846,5,-1,-114
1754052656.30646,6,0,-123
1754052656.3454602,5,0,-103
1754052656.3814602,-2,2,-105
1754052656.41946,-2,4,-120
1754052656.45846,-1,4,-112
1754052656.4964602,-7,2,-120
1754052656.53446,-11,0,-127
1754052656.57046,0,-4,-123
1754052656.6084602,-4,-3,-120
1754052656.64646,6,2,-104
1754052656.6844602,3,2,-113
1754052656.7204602,3,3,-114
1754052656.75846,0,3,-122
1754052656.7964602,0,-6,-112
1754052656.8324602,0,-4,-115
1754052656.87046,3,2,-121
1754052656.90846,5,0,-114
1754052656.94646,3,-2,-124
1754052656.98546,1,-2,-119
1754052657.02146,2,2,-120
1754052657.05846,3,1,-124
1754052657.09646,6,3,-122
1754052657.13546,5,-1,-120
1754052657.1714602,1,-3,-116
1754052657.20946,1,-3,-112
1754052657.24746,3,-1,-111
1754052657.2864602,2,-2,-114
1754052657.3224602,3,-5,-122
1754052657.36046,0,-6,-114
1754052657.39946,5,-1,-113
1754052657.43646,-7,-5,-115
1754052657.47546,0,-3,-120
1754052657.51146,-2,0,-118
1754052657.5494602,-1,0,-119
1754052657.58746,-7,0,-125
1754052657.62646,-2,-3,-121
1754052657.66246,-4,4,-121
1754052657.7004602,1,0,-124
1754052657.73846,2,-5,-115
1754052657.77746,5,-2,-119
1754052657.8154602,1,-2,-118
1754052657.85146,-3,4,-101
1754052657.88946,-4,-5,-116
1754052657.92846,-4,-2,-118
1754052657.96646,1,-1,-121
1754052658.00246,5,-2,-109
1754052658.0394602,0,7,-116
1754052658.07846,-5,5,-114
1754052658.11646,0,6,-115
1754052658.15246,0,1,-110
1754052658.18946,2,1,-105
1754052658.22746,8,0,-120
1754052658.2664602,2,-3,-116
1754052658.3024602,5,0,-116
1754052658.33946,-1,0,-112
1754052658.37746,-1,-8,-115
1754052658.41646,-10,-2,-124
1754052658.45246,-4,4,-129
1754052658.4904602,-5,2,-116
1754052658.52846,-8,-4,-114
1754052658.56746,-7,-1,-127
1754052658.6054602,-1,3,-117
1754052658.6414602,-6,-3,-129
1754052658.67946,-3,2,-127
1754052658.7174602,-3,0,-114
1754052658.7564602,-8,-7,-115
1754052658.7924602,-4,-6,-111
1754052658.83046,4,-2,-125
1754052658.8684602,9,0,-107
1754052658.9074602,1,1,-110
1754052658.94346,0,0,-110
1754052658.9804602,4,0,-105
1754052659.01846,8,0,-91
1754052659.05746,-2,-1,-95
1754052659.09346,1,0,-115
1754052659.1314602,4,2,-113
1754052659.16846,12,-8,-101
1754052659.2074602,6,-1,-117
1754052659.2434602,2,0,-117
1754052659.28046,4,-5,-107
1754052659.31846,-1,-8,-123
1754052659.35746,0,-4,-127
1754052659.39346,0,0,-122
1754052659.43046,0,0,-113
1754052659.46846,4,-1,-101
1754052659.50746,4,-6,-107
1754052659.54346,-1,-1,-102
1754052659.58146,1,0,-115
1754052659.61946,-1,-2,-126
1754052659.6574602,-5,0,-117
1754052659.69646,-4,-3,-121
1754052659.73246,-1,-6,-106
1754052659.77046,-5,-1,-114
1754052659.80846,-10,-1,-116
1754052659.84746,-3,0,-117
1754052659.88346,7,1,-124
1754052659.92046,0,2,-122
1754052659.95846,0,3,-116
1754052659.99746,4,0,-117
1754052660.03346,4,1,-110
1754052660.07046,5,0,-126
1754052660.11646,4,0,-117
1754052660.15246,-1,0,-109
1754052660.1904602,-2,6,-116
1754052660.22846,-2,3,-121
1754052660.26746,-4,-1,-111
1754052660.30346,4,2,-108
1754052660.34046,1,-5,-120
1754052660.3784602,-1,-2,-101
1754052660.4174602,-3,3,-99
1754052660.45346,-2,-3,-99
1754052660.49146,1,-5,-104
1754052660.5294602,-8,4,-104
1754052660.56846,-4,1,-120
1754052660.60646,-3,-2,-113
1754052660.64246,-2,0,-113
1754052660.68146,1,0,-114
1754052660.71846,6,5,-111
1754052660.75746,7,-3,-115
1754052660.79346,0,-5,-114
1754052660.83046,-3,-9,-127
1754052660.8684602,1,-6,-120
1754052660.9074602,-2,0,-122
1754052660.94346,-6,-3,-128
1754052660.98146,-5,3,-126
1754052661.0194602,-7,-2,-122
1754052661.05846,-2,-4,-137
1754052661.09446,-2,-2,-125
1754052661.13246,-1,-4,-130
1754052661.17046,2,-2,-124
1754052661.20846,-3,0,-115
1754052661.24746,1,0,-115
1754052661.28346,8,0,-107
1754052661.32046,2,-4,-105
1754052661.3584602,2,-5,-114
1754052661.39746,6,4,-100
1754052661.43346,5,0,-116
1754052661.4704602,4,3,-123
1754052661.50846,5,0,-118
1754052661.54746,-1,3,-115
1754052661.58346,1,4,-122
1754052661.62046,-6,2,-114
1754052661.65846,0,2,-112
1754052661.6974602,5,-3,-105
1754052661.7334602,-3,6,-123
1754052661.77146,-6,9,-128
1754052661.8094602,-10,2,-124
1754052661.8484602,-4,0,-123
1754052661.8844602,1,0,-127
1754052661.9214602,5,-2,-119
1754052661.9604602,2,0,-114
1754052661.99846,1,6,-113
1754052662.03446,-1,-3,-116
1754052662.07346,3,1,-119
1754052662.11046,6,0,-119
1754052662.14946,3,-3,-125
1754052662.1874602,-2,1,-123
1754052662.2234602,-6,-3,-112
1754052662.26146,-2,-3,-121
1754052662.2994602,1,-1,-122
1754052662.3384602,-4,7,-127
1754052662.37446,4,3,-119
1754052662.4114602,2,1,-106
1754052662.44946,1,0,-119
1754052662.48846,-6,5,-119
1754052662.52446,-8,3,-108
1754052662.5624602,2,0,-105
1754052662.60146,1,3,-118
1754052662.63946,1,-6,-105
1754052662.6774602,-5,0,-120
1754052662.7134602,-4,-1,-108
1754052662.75046,0,10,-115
1754052662.7894602,2,-4,-118
1754052662.82746,-1,-2,-117
1754052662.86346,-2,1,-116
1754052662.9014602,-6,2,-110
1754052662.93946,1,-5,-113
1754052662.97846,-7,-1,-118
1754052663.01446,-1,-8,-118
1754052663.0524602,2,1,-122
1754052663.09046,-1,7,-118
1754052663.12946,1,3,-114
1754052663.1674602,3,-2,-108
1754052663.20346,1,-3,-111
1754052663.24146,-3,3,-122
1754052663.28046,-5,-1,-119
1754052663.31846,2,2,-107
1754052663.35446,5,2,-118
1754052663.3914602,2,4,-113
1754052663.43046,-1,8,-117
1754052663.46846,2,2,-109
1754052663.50446,3,1,-116
1754052663.54146,4,-2,-116
1754052663.57946,6,-3,-114
1754052663.6184602,5,-3,-117
1754052663.6544602,0,-3,-124
1754052663.69346,-7,-5,-113
1754052663.7304602,-4,-3,-113
1754052663.7694602,-6,0,-122
1754052663.80546,-5,0,-111
1754052663.84346,5,0,-114
1754052663.8814602,0,-6,-122
1754052663.92046,0,0,-121
1754052663.95846,6,-1,-135
1754052663.99446,10,-1,-132
1754052664.0324602,6,-4,-128
1754052664.07146,5,0,-134
1754052664.10946,1,-1,-121
1754052664.14546,1,0,-116
1754052664.18246,2,1,-112
1754052664.2204602,0,-4,-108
1754052664.2594602,5,-1,-112
1754052664.29546,-3,2,-121
1754052664.33346,-3,1,-122
1754052664.3714602,-2,-3,-109
1754052664.41046,-9,-1,-117
1754052664.44846,-6,0,-119
1754052664.48446,0,-5,-117
1754052664.52246,0,0,-121
1754052664.56046,3,-1,-115
1754052664.5984602,3,-4,-118
1754052664.6344602,3,-1,-109
1754052664.67246,4,-3,-118
1754052664.7104602,-2,-7,-118
1754052664.74946,4,-5,-120
1754052664.78546,4,-9,-109
1754052664.8224602,8,-14,-116
1754052664.86046,5,-8,-108
1754052664.89946,-4,3,-106
1754052664.93546,1,0,-115
1754052664.97246,0,-4,-114
1754052665.01046,0,-5,-121
1754052665.0494602,-6,0,-109
1754052665.0854602,-2,-3,-114
1754052665.12346,0,0,-110
1754052665.1614602,3,0,-117
1754052665.2004602,3,-1,-105
1754052665.2364602,-3,-3,-119
1754052665.27446,3,1,-110
1754052665.31346,-1,6,-118
1754052665.35046,0,0,-131
1754052665.38946,-5,-2,-117
1754052665.42546,-7,-2,-124
1754052665.4634602,-3,-1,-114
1754052665.50146,0,1,-114
1754052665.54046,5,-5,-115
1754052665.57646,1,-5,-108
1754052665.61446,0,-5,-113
1754052665.65246,8,2,-114
1754052665.6904602,2,3,-115
1754052665.72946,-1,-5,-114
1754052665.76546,3,0,-113
1754052665.8024602,3,-1,-125
1754052665.84046,3,0,-118
1754052665.87946,2,2,-113
1754052665.91546,0,-2,-116
1754052665.95346,5,-2,-126
1754052665.99246,4,-2,-122
1754052666.03046,4,1,-118
1754052666.06646,7,-5,-107
1754052666.1054602,0,-6,-108
1754052666.14246,-7,-3,-112
1754052666.18146,1,-6,-119
1754052666.21946,0,-3,-118
1754052666.25546,0,-4,-119
1754052666.29346,3,-3,-112
1754052666.33146,-1,0,-121
1754052666.37046,6,-5,-111
1754052666.40646,2,3,-108
1754052666.44346,5,0,-114
1754052666.48146,8,-3,-116
1754052666.52046,2,-1,-114
1754052666.55646,6,-1,-118
1754052666.59446,2,1,-116
1754052666.63246,4,-4,-125
1754052666.6714602,0,0,-112
1754052666.70946,-1,1,-116
1754052666.7464602,2,0,-111
1754052666.78346,-2,0,-112
1754052666.8224602,1,0,-122
1754052666.86046,0,0,-129
1754052666.89646,4,-3,-125
1754052666.9344602,4,-7,-124
1754052666.97246,5,-7,-124
1754052667.01146,-2,-11,-134
1754052667.0494602,3,-3,-129
1754052667.0854602,-5,-3,-130
1754052667.12346,0,-3,-122
1754052667.1614602,0,-4,-118
1754052667.2004602,-1,-2,-122
1754052667.2364602,-1,0,-119
1754052667.27546,-4,-4,-119
1754052667.3124602,3,2,-113
1754052667.35146,-9,-1,-115
1754052667.38746,-9,0,-122
1754052667.42546,-7,0,-112
1754052667.4634602,-7,0,-120
1754052667.50146,-3,0,-122
1754052667.54046,-3,1,-124
1754052667.57646,1,1,-125
1754052667.61446,0,-3,-108
1754052667.65246,-4,0,-114
1754052667.69146,1,-2,-118
1754052667.72746,2,3,-116
1754052667.76546,0,-5,-109
1754052667.80346,1,-3,-110
1754052667.84146,3,-6,-131
1754052667.88046,3,0,-122
1754052667.91646,0,-1,-113
1754052667.95446,-2,1,-114
1754052667.99246,3,3,-116
1754052668.03146,2,6,-131
1754052668.06746,4,3,-125
1754052668.10446,0,0,-124
1754052668.14246,-4,0,-130
1754052668.18146,-1,-3,-116
1754052668.2174602,-2,-2,-115
1754052668.25546,-3,-4,-107
1754052668.29346,1,3,-109
1754052668.3324602,3,3,-119
1754052668.37046,0,-4,-126
1754052668.40646,-6,-6,-120
1754052668.44546,2,-12,-120
1754052668.48246,4,-6,-111
1754052668.52146,1,-2,-115
1754052668.55746,-4,-4,-117
1754052668.5954602,-7,-3,-112
1754052668.63346,-2,-7,-123
1754052668.67246,2,-5,-113
1754052668.7104602,-6,-2,-114
1754052668.7464602,0,-5,-108
1754052668.78446,-5,-3,-114
1754052668.8224602,-3,-3,-116
1754052668.8614602,1,-6,-132
1754052668.89746,-3,-3,-119
1754052668.93546,4,-7,-114
1754052668.9734602,0,-3,-121
1754052669.01246,1,0,-121
1754052669.05046,-4,-4,-122
1754052669.08646,-5,-5,-117
1754052669.12546,-2,1,-121
1754052669.16246,3,-4,-133
1754052669.20146,-4,-9,-121
1754052669.23746,-8,-9,-118
1754052669.27546,0,0,-106
1754052669.31346,7,-7,-111
1754052669.35246,1,-10,-122
1754052669.3884602,-1,-13,-131
1754052669.42646,-1,-5,-113
1754052669.46446,-3,-3,-112
1754052669.50246,-6,-2,-115
1754052669.54146,-6,-6,-105
1754052669.57746,4,-8,-115
1754052669.6154602,-3,-7,-112
1754052669.65346,3,-3,-111
1754052669.69246,10,-2,-112
1754052669.72846,5,-1,-124
1754052669.7664602,3,-4,-112
1754052669.80446,-3,0,-103
1754052669.8424602,3,2,-122
1754052669.8814602,1,7,-124
1754052669.9174602,8,0,-117
1754052669.95446,1,0,-122
1754052669.99246,0,-3,-118
1754052670.03146,-3,-1,-113
1754052670.06746,0,-6,-110
1754052670.10446,-1,-2,-118
1754052670.14946,0,0,-120
1754052670.1874602,-9,2,-116
1754052670.22446,-1,0,-125
1754052670.2634602,4,0,-121
1754052670.30146,0,-3,-116
1754052670.33746,-4,-1,-116
1754052670.37546,-7,0,-122
1754052670.41346,-2,-1,-121
1754052670.45246,-1,-3,-114
1754052670.48846,1,-4,-114
1754052670.5264602,1,0,-123
1754052670.56446,-1,0,-121
1754052670.60346,-4,-3,-117
1754052670.6414602,2,-3,-115
1754052670.6774602,3,0,-115
1754052670.71546,0,-1,-113
1754052670.7534602,0,-7,-117
1754052670.79146,-7,-11,-110
1754052670.82746,-2,-7,-121
1754052670.8654602,0,-4,-126
1754052670.9044602,-8,-2,-120
1754052670.94246,-2,-6,-118
1754052670.97846,2,-2,-115
1754052671.0164602,-1,3,-118
1754052671.05446,-5,-3,-121
1754052671.09346,-1,-5,-120
1754052671.1314602,0,1,-117
1754052671.1674602,2,-2,-125
1754052671.20546,1,2,-114
1754052671.2434602,-4,-4,-113
1754052671.2824602,-1,-7,-115
1754052671.3194602,-1,-7,-113
1754052671.35646,1,-4,-112
1754052671.39546,6,0,-120
1754052671.43346,7,-1,-121
1754052671.46946,5,-3,-123
1754052671.50746,-2,-1,-119
1754052671.54546,8,-2,-108
1754052671.58346,8,-3,-116
1754052671.62246,4,-1,-111
1754052671.65846,-1,1,-117
1754052671.69646,1,-1,-126
1754052671.73446,-9,-3,-118
1754052671.77346,-5,-8,-113
1754052671.8094602,-6,-5,-119
1754052671.84746,-1,-1,-110
1754052671.88546,-8,7,-110
1754052671.9244602,-3,2,-105
1754052671.96246,-4,6,-107
1754052671.99846,-2,7,-120
1754052672.03746,0,1,-114
1754052672.07446,6,2,-121
1754052672.11346,7,3,-118
1754052672.14946,9,2,-124
1754052672.1874602,4,-1,-121
1754052672.22446,-4,-2,-112
1754052672.2634602,-4,5,-113
1754052672.2994602,6,-2,-114
1754052672.33746,3,-7,-120
1754052672.37546,-3,-6,-127
1754052672.4144602,-10,-3,-117
1754052672.45246,1,-2,-118
1754052672.48846,-4,-2,-117
1754052672.5264602,-3,-5,-111
1754052672.5654602,7,-5,-110
1754052672.60346,6,3,-113
1754052672.63946,0,-5,-110
1754052672.6774602,4,-4,-101
1754052672.71546,4,-3,-120
1754052672.75446,7,-2,-128
1754052672.7924602,3,0,-124
1754052672.82846,0,-2,-111
1754052672.86646,5,-4,-117
1754052672.9044602,0,-4,-117
1754052672.94346,1,0,-116
1754052672.97946,0,-2,-115
1754052673.01746,2,-4,-122
1754052673.05546,-5,-4,-112
1754052673.09446,1,-2,-113
1754052673.13246,0,0,-111
1754052673.16846,1,1,-116
1754052673.20546,2,-3,-118
1754052673.24446,9,-5,-115
1754052673.2824602,6,3,-112
1754052673.31846,-1,-3,-120
1754052673.35646,-4,1,-116
1754052673.3944602,0,-6,-121
1754052673.43346,-4,5,-112
1754052673.46946,-2,0,-107
1754052673.50746,-1,-1,-101
1754052673.54546,3,-1,-94
1754052673.58446,-2,1,-111
1754052673.62046,-5,-3,-114
1754052673.65846,-4,1,-109
1754052673.69646,0,2,-106
1754052673.73446,1,0,-109
1754052673.77346,7,-3,-114
1754052673.8094602,5,-3,-118
1754052673.8484602,2,-4,-117
1754052673.88546,-3,2,-109
1754052673.9244602,6,-3,-118
1754052673.9604602,-1,-4,-122
1754052673.99846,0,0,-125
1754052674.0364602,0,-5,-128
1754052674.07446,2,-9,-115
1754052674.11346,-4,0,-126
1754052674.14946,-9,0,-114
1754052674.18646,-3,0,-113
1754052674.22446,0,0,-112
1754052674.2634602,-3,-6,-108
1754052674.2994602,1,-6,-122
1754052674.33746,0,-5,-129
1754052674.37546,-4,-6,-123
1754052674.4144602,-1,-4,-120
1754052674.4504602,4,-6,-132
1754052674.48846,7,-5,-116
1754052674.5264602,4,-6,-122
1754052674.5654602,-2,-8,-120
1754052674.60346,1,-2,-119
1754052674.63946,-5,4,-106
1754052674.6774602,-9,-1,-116
1754052674.71546,-6,-4,-109
1754052674.75446,-2,-1,-113
1754052674.79046,2,0,-115
1754052674.82746,0,-5,-104
1754052674.8654602,-4,-8,-111
1754052674.9044602,6,0,-119
1754052674.9404602,1,0,-117
1754052674.97846,0,2,-111
1754052675.01546,2,-3,-113
1754052675.05446,1,0,-108
1754052675.09046,8,-2,-109
1754052675.1284602,-7,-2,-116
1754052675.16646,0,-10,-113
1754052675.20546,-3,-1,-113
1754052675.2434602,-3,3,-125
1754052675.2794602,-3,1,-112
1754052675.31746,9,-1,-122
1754052675.3554602,0,0,-122
1754052675.3944602,-2,5,-117
1754052675.43046,4,-4,-123
1754052675.46846,-1,-1,-120
1754052675.50746,0,4,-119
1754052675.54546,10,2,-121
1754052675.58146,4,0,-120
1754052675.6184602,-5,1,-121
1754052675.65646,2,0,-114
1754052675.69546,-4,-6,-117
1754052675.73146,-4,-9,-132
1754052675.77046,1,-3,-109
1754052675.80746,0,-6,-115
1754052675.8454602,-4,-4,-113
1754052675.8844602,-2,0,-110
1754052675.92046,0,-9,-112
1754052675.95846,0,0,-112
1754052675.9964602,1,-6,-109
1754052676.03546,2,-2,-115
1754052676.07146,-2,0,-105
1754052676.10946,-4,-1,-112
1754052676.14846,2,-8,-115
1754052676.18546,-1,-3,-108
1754052676.22446,0,-5,-104
1754052676.26046,-2,-5,-112
1754052676.29846,2,-1,-108
1754052676.33646,-2,0,-111
1754052676.37546,-1,-6,-103
1754052676.4114602,-3,0,-106
1754052676.4504602,0,3,-105
1754052676.48746,5,3,-118
1754052676.5264602,2,2,-132
1754052676.56446,8,2,-126
1754052676.60046,10,1,-120
1754052676.63746,7,0,-111
1754052676.67646,0,0,-106
1754052676.71446,0,0,-112
1754052676.75046,0,-3,-119
1754052676.78846,0,-1,-122
1754052676.82646,3,-1,-114
1754052676.8654602,0,8,-109
1754052676.9014602,-8,7,-107
1754052676.93946,-5,4,-108
1754052676.97846,-3,0,-112
1754052677.0164602,-8,-4,-113
1754052677.05446,-4,0,-117
1754052677.09046,0,-1,-117
1754052677.1284602,-1,1,-113
1754052677.16646,3,0,-118
1754052677.20546,6,-1,-121
1754052677.24146,3,1,-112
1754052677.27846,5,2,-111
1754052677.31646,2,1,-128
1754052677.3554602,-2,-5,-127
1754052677.3914602,-4,-2,-114
1754052677.42946,-3,0,-117
1754052677.4674602,2,-6,-108
1754052677.5064602,7,-3,-123
1754052677.54446,-2,0,-122
1754052677.58046,-2,2,-116
1754052677.6184602,3,6,-121
1754052677.6574602,5,-1,-105
1754052677.69546,3,0,-120
1754052677.73146,0,0,-117
1754052677.76846,3,-4,-113
1754052677.80746,0,-2,-117
1754052677.8454602,0,-4,-123
1754052677.8814602,-2,2,-130
1754052677.92046,0,2,-118
1754052677.9574602,0,0,-115
1754052677.9964602,-3,0,-118
1754052678.0324602,-5,-3,-122
1754052678.07046,0,0,-115
1754052678.1084602,-4,0,-122
1754052678.14646,-3,2,-128
1754052678.18546,2,0,-112
1754052678.22146,5,0,-119
1754052678.25846,5,2,-115
1754052678.2964602,3,3,-123
1754052678.3354602,0,-1,-112
1754052678.3714602,-4,3,-127
1754052678.40946,3,2,-115
1754052678.44846,-1,2,-121
1754052678.4864602,2,2,-124
1754052678.52246,2,1,-114
1754052678.56146,-1,-6,-121
1754052678.5984602,2,-2,-118
1754052678.63746,-5,0,-113
1754052678.67546,-2,0,-117
1754052678.71146,-5,0,-116
1754052678.74946,2,3,-119
1754052678.78746,5,-3,-125
1754052678.82646,11,-1,-126
1754052678.86246,6,-2,-119
1754052678.90046,-1,-8,-109
1754052678.93846,2,-3,-122
1754052678.97746,0,1,-114
1754052679.01546,7,3,-111
1754052679.05146,2,0,-107
1754052679.08946,1,-1,-106
1754052679.1284602,5,-5,-112
1754052679.16646,2,-3,-123
1754052679.20246,3,-1,-114
1754052679.2404602,-1,0,-111
1754052679.27846,-2,-3,-101
1754052679.31746,4,-4,-113
1754052679.3554602,4,0,-105
1754052679.3914602,4,-4,-106
1754052679.42946,-2,-1,-114
1754052679.4674602,-1,-3,-116
1754052679.5064602,-4,-5,-114
1754052679.5424602,7,0,-112
1754052679.58046,0,-1,-116
1754052679.6184602,-5,-3,-116
1754052679.6574602,-6,-8,-121
1754052679.69546,-9,4,-115
1754052679.73146,-11,2,-114
1754052679.77046,-7,2,-122
1754052679.80746,-3,-9,-113
1754052679.84646,-4,-3,-110
1754052679.88246,2,-2,-103
1754052679.92046,6,0,-116
1754052679.95846,4,-1,-124
1754052679.99746,3,0,-115
1754052680.03346,2,-4,-113
1754052680.07146,-4,-9,-112
1754052680.11046,-1,-6,-115
1754052680.15346,-4,-1,-116
1754052680.19146,-8,-2,-105
1754052680.22946,6,-2,-116
1754052680.26746,5,-2,-120
1754052680.30646,5,-1,-108
1754052680.3424602,-2,-3,-106
1754052680.38046,1,2,-109
1754052680.41846,5,-1,-114
1754052680.4574602,-3,-3,-118
1754052680.4934602,2,0,-110
1754052680.53046,-2,-1,-111
1754052680.56846,-4,0,-119
1754052680.60746,0,6,-125
1754052680.64346,5,8,-119
1754052680.68046,5,3,-123
1754052680.71846,4,-4,-128
1754052680.75746,4,1,-131
1754052680.79346,-4,-1,-126
1754052680.83146,-9,1,-115
1754052680.86946,0,-2,-116
1754052680.90846,-5,-9,-126
1754052680.94646,3,-1,-112
1754052680.98246,-2,-1,-124
1754052681.02046,0,-2,-127
1754052681.05846,0,-5,-118
1754052681.09746,3,-2,-115
1754052681.13346,-6,2,-120
1754052681.1714602,-7,2,-115
1754052681.20946,0,-4,-118
1754052681.24846,5,-1,-110
1754052681.2864602,0,-2,-117
1754052681.32346,0,-6,-118
1754052681.36046,-7,-5,-112
1754052681.39846,2,-6,-118
1754052681.4374602,-7,-5,-116
1754052681.4734602,-5,0,-123
1754052681.51046,6,-2,-129
1754052681.54846,6,-3,-127
1754052681.58746,2,-2,-123
1754052681.62346,4,0,-114
1754052681.66046,5,-7,-111
1754052681.69846,5,-2,-112
1754052681.73746,6,3,-111
1754052681.77346,4,3,-118
1754052681.81046,7,-1,-116
1754052681.8484602,2,-2,-104
1754052681.88746,8,-8,-111
1754052681.92346,4,-11,-111
1754052681.96246,-1,-1,-112
1754052681.99946,-5,-2,-109
1754052682.03846,-4,-4,-121
1754052682.07446,0,-2,-126
1754052682.11246,8,-4,-117
1754052682.15046,4,2,-118
1754052682.18846,3,0,-110
1754052682.22746,4,-4,-118
1754052682.2634602,0,0,-119
1754052682.30146,2,-8,-115
1754052682.33946,-3,1,-121
1754052682.3784602,1,-14,-117
1754052682.4144602,1,-8,-110
1754052682.45246,-5,-2,-128
1754052682.49146,1,-2,-129
1754052682.52846,-5,-7,-122
1754052682.56746,1,0,-111
1754052682.60346,-3,-6,-114
1754052682.6414602,-2,3,-114
1754052682.67946,2,-1,-110
1754052682.71846,0,-3,-116
1754052682.75446,-6,-4,-122
1754052682.7924602,-2,-10,-127
1754052682.83046,1,-6,-115
1754052682.86946,8,-8,-117
1754052682.9074602,2,-2,-117
1754052682.94346,8,0,-117
1754052682.98146,7,-3,-124
1754052683.0194602,-2,0,-127
1754052683.05846,-6,2,-114
1754052683.09446,-3,0,-113
1754052683.13246,-8,2,-117
1754052683.1714602,2,-5,-110
1754052683.20946,0,0,-106
1754052683.24746,1,-1,-106
1754052683.28346,-5,-15,-117
1754052683.32146,-3,-2,-119
1754052683.35946,2,-2,-120
1754052683.39846,-1,-1,-112
1754052683.4344602,-9,-6,-110
1754052683.47246,-3,-4,-115
1754052683.51046,6,-1,-111
1754052683.5494602,3,2,-114
1754052683.58746,-6,1,-112
1754052683.62346,-4,0,-111
1754052683.66246,-4,2,-110
1754052683.69946,-2,-1,-120
1754052683.73846,-1,-3,-118
1754052683.77446,-3,1,-121
1754052683.8124602,0,-6,-116
1754052683.85046,5,-3,-110
1754052683.88946,3,-2,-113
1754052683.92546,-1,-1,-122
1754052683.9634602,-1,-3,-120
1754052684.00146,-7,-5,-117
1754052684.0394602,-5,0,-118
1754052684.07846,-1,-1,-120
1754052684.11446,0,0,-121
1754052684.1514602,-6,-1,-119
1754052684.18946,1,4,-121
1754052684.22846,-4,-6,-124
1754052684.26446,-11,-1,-125
1754052684.30346,-6,-1,-112
1754052684.34046,0,-7,-114
1754052684.37946,-5,-9,-112
1754052684.41546,-4,-4,-105
1754052684.45346,-2,-3,-116
1754052684.49146,4,-1,-111
1754052684.5294602,0,4,-113
1754052684.56846,3,-3,-111
1754052684.60446,-1,1,-111
1754052684.64246,0,-2,-128
1754052684.68046,-1,7,-118
1754052684.71946,3,8,-118
1754052684.75546,2,2,-111
1754052684.7924602,-2,-3,-116
1754052684.83046,-5,0,-124
1754052684.86946,-2,4,-120
1754052684.90546,3,1,-123
1754052684.94246,-2,-6,-120
1754052684.9804602,1,-5,-110
1754052685.0194602,0,0,-117
1754052685.05546,-1,-2,-112
1754052685.09346,-2,2,-126
1754052685.1314602,-4,-5,-121
1754052685.17046,3,2,-114
1754052685.20846,-3,-3,-121
1754052685.24446,-6,-6,-121
1754052685.2824602,-5,-4,-119
1754052685.32046,-3,-3,-107
1754052685.35946,-1,-6,-117
1754052685.39546,3,-6,-116
1754052685.43346,-2,0,-126
1754052685.47146,1,0,-112
1754052685.51046,-3,0,-114
1754052685.54846,2,-4,-113
1754052685.58446,4,0,-112
1754052685.6214602,-3,-5,-111
1754052685.66046,-7,-8,-109
1754052685.69846,-4,-6,-107
1754052685.73446,-4,-9,-117
1754052685.77246,4,-6,-123
1754052685.81046,-2,-9,-121
1754052685.84946,3,1,-131
1754052685.88546,2,-2,-125
1754052685.92346,-3,0,-121
1754052685.96146,0,1,-130
1754052686.00046,2,-6,-123
1754052686.0364602,-2,-4,-115
1754052686.0754602,-2,0,-113
1754052686.11346,-1,0,-121
1754052686.15046,2,-2,-118
1754052686.18946,-2,-5,-115
1754052686.22546,-1,-4,-111
1754052686.2634602,2,-4,-125
1754052686.30146,4,0,-115
1754052686.34046,1,0,-121
1754052686.37646,6,0,-115
1754052686.41346,-1,5,-118
1754052686.45146,-1,-3,-111
1754052686.4904602,-7,0,-108
1754052686.5264602,-4,0,-109
1754052686.56346,6,-3,-103
1754052686.60146,0,-1,-106
1754052686.64046,4,-7,-123
1754052686.67646,1,0,-113
1754052686.71446,0,5,-112
1754052686.75246,0,0,-111
1754052686.79046,0,-3,-124
1754052686.82946,0,-2,-120
1754052686.8654602,0,-4,-123
1754052686.90346,3,-4,-118
1754052686.94246,9,-9,-115
1754052686.9804602,-3,-8,-120
1754052687.0164602,-2,-7,-114
1754052687.05446,0,-8,-119
1754052687.0924602,0,-10,-129
1754052687.1314602,4,-2,-116
1754052687.16946,4,2,-101
1754052687.20546,3,-8,-113
1754052687.2434602,0,-5,-122
1754052687.28146,-1,-3,-116
1754052687.32046,-2,-6,-115
1754052687.35646,1,-2,-116
1754052687.39346,-3,0,-126
1754052687.43146,0,-2,-115
1754052687.4704602,8,2,-113
1754052687.5064602,6,-2,-105
1754052687.54446,1,-5,-111
1754052687.5824602,-1,0,-109
1754052687.6214602,-1,2,-125
1754052687.65946,-1,0,-119
1754052687.69546,3,-6,-122
1754052687.73446,2,-1,-121
1754052687.77246,-3,-1,-117
1754052687.81046,0,-5,-112
1754052687.84746,-1,-8,-118
1754052687.8844602,0,1,-115
1754052687.92246,4,-2,-114
1754052687.96146,4,-5,-119
1754052687.99946,2,-6,-125
1754052688.03546,0,-7,-126
1754052688.0724602,4,-2,-123
1754052688.1114602,6,-6,-122
1754052688.14746,4,-9,-118
1754052688.18546,-1,-11,-113
1754052688.2234602,1,-7,-102
1754052688.26146,-3,-3,-113
1754052688.30046,0,0,-110
1754052688.33646,-3,4,-110
1754052688.37446,3,2,-100
1754052688.41246,6,-5,-109
1754052688.45146,6,-10,-115
1754052688.48746,8,-10,-119
1754052688.5264602,5,-7,-126
1754052688.56446,5,-4,-118
1754052688.60146,7,-6,-116
1754052688.64046,-2,-8,-124
1754052688.67646,-4,-6,-120
1754052688.71446,-7,-1,-118
1754052688.75246,-4,-1,-117
1754052688.79146,1,-1,-113
1754052688.82746,1,3,-110
1754052688.86446,-9,0,-114
1754052688.90246,-2,3,-110
1754052688.94146,0,-2,-114
1754052688.97746,-1,-7,-122
1754052689.01546,0,-6,-127
1754052689.05346,-1,-7,-116
1754052689.0924602,0,-10,-123
1754052689.13046,1,0,-111
1754052689.16646,9,-1,-111
1754052689.20446,3,0,-116
1754052689.2434602,-3,2,-115
1754052689.28146,8,0,-112
1754052689.31746,6,-5,-120
1754052689.3554602,4,-9,-120
1754052689.39346,5,-1,-118
1754052689.43246,1,0,-122
1754052689.4704602,-4,-5,-118
1754052689.5064602,0,-3,-110
1754052689.54446,-5,-1,-130
1754052689.5824602,2,-3,-137
1754052689.6214602,5,-7,-121
1754052689.6574602,5,0,-116
1754052689.6944602,6,0,-120
1754052689.73246,2,0,-113
1754052689.77146,2,0,-116
1754052689.80746,3,-2,-109
1754052689.8454602,2,-3,-117
1754052689.88346,0,-3,-121
1754052689.92246,0,-8,-118
1754052689.9604602,0,0,-116
1754052689.9964602,0,0,-113
1754052690.03346,7,-3,-111
1754052690.0724602,4,-5,-108
1754052690.11046,4,-5,-112
1754052690.14646,-5,-7,-122
1754052690.19246,0,0,-122
1754052690.22846,-2,3,-124
1754052690.2664602,-4,0,-123
1754052690.30446,-4,0,-119
1754052690.3424602,-4,0,-110
1754052690.3814602,-9,-2,-109
1754052690.4174602,-3,-1,-122
1754052690.45546,-10,3,-120
1754052690.4934602,-2,0,-103
1754052690.5324602,3,0,-109
1754052690.56846,-1,-2,-117
1754052690.60646,8,-1,-120
1754052690.6444602,0,2,-118
1754052690.68246,0,-6,-117
1754052690.72146,1,-6,-119
1754052690.75746,-1,-6,-106
1754052690.79546,0,-2,-115
1754052690.83446,6,-1,-116
1754052690.87246,0,3,-114
1754052690.90846,9,-2,-118
1754052690.94646,1,-9,-115
1754052690.98446,-5,-10,-111
1754052691.02246,1,-2,-120
1754052691.06146,-4,-11,-114
1754052691.09746,-1,-8,-127
1754052691.13546,2,-1,-121
1754052691.17346,2,-4,-108
1754052691.21246,7,0,-118
1754052691.24846,6,-3,-121
1754052691.2864602,2,2,-120
1754052691.32446,0,6,-99
1754052691.36346,6,0,-117
1754052691.4014602,-2,0,-104
1754052691.4374602,-6,-4,-102
1754052691.47546,-6,2,-112
1754052691.5134602,-6,-5,-110
1754052691.5524602,-7,3,-114
1754052691.5884602,0,7,-113
1754052691.62746,-4,9,-104
1754052691.66546,-1,0,-112
1754052691.70346,-5,3,-116
1754052691.74146,-1,-2,-113
1754052691.77746,4,0,-116
1754052691.8154602,0,-1,-121
1754052691.85346,-8,-2,-123
1754052691.8914602,-5,5,-111
1754052691.9274602,0,4,-103
1754052691.96546,11,0,-112
1754052692.0034602,1,-5,-106
1754052692.04146,-6,-8,-112
1754052692.07746,-1,-1,-112
1754052692.1154602,4,0,-113
1754052692.15346,7,0,-113
1754052692.19246,0,-1,-110
1754052692.22846,1,-2,-114
1754052692.2664602,1,1,-114
1754052692.30446,-2,6,-111
1754052692.34346,6,0,-120
1754052692.37946,0,1,-109
1754052692.4174602,-1,2,-112
1754052692.45546,-4,0,-109
1754052692.49446,-5,-2,-112
1754052692.5324602,-4,1,-114
1754052692.56846,-3,-1,-120
1754052692.60746,-3,-7,-112
1754052692.6444602,0,-4,-116
1754052692.68346,5,0,-117
1754052692.71946,4,0,-123
1754052692.7564602,3,-1,-122
1754052692.79446,-1,1,-112
1754052692.83346,0,-2,-109
1754052692.86946,-1,0,-106
1754052692.90646,-1,-1,-111
1754052692.9444602,-3,2,-115
1754052692.9834602,3,-1,-116
1754052693.0194602,7,2,-115
1754052693.05646,2,0,-119
1754052693.09446,-6,-1,-114
1754052693.13346,-5,-2,-114
1754052693.16946,1,2,-125
1754052693.20646,1,0,-121
1754052693.24446,8,0,-123
1754052693.28346,-5,-1,-122
1754052693.3194602,-1,1,-111
1754052693.35746,-2,-4,-124
1754052693.39546,-1,-7,-122
1754052693.4344602,0,-2,-121
1754052693.47246,3,6,-107
1754052693.50846,3,1,-114
1754052693.54546,-1,0,-109
1754052693.58446,-5,-4,-117
1754052693.62246,1,-3,-104
1754052693.65846,5,-1,-114
1754052693.69646,2,-6,-119
1754052693.73446,0,4,-127
1754052693.77346,2,3,-117
1754052693.8094602,6,5,-117
1754052693.84746,1,-3,-125
1754052693.88546,1,-3,-113
1754052693.9244602,-4,-6,-110
1754052693.96246,-1,1,-109
1754052693.99846,0,-4,-110
1754052694.0364602,-2,2,-110
1754052694.07446,0,0,-114
1754052694.11346,-2,2,-108
1754052694.14946,-4,6,-122
1754052694.1874602,0,0,-116
1754052694.22546,-8,-1,-117
1754052694.26446,-7,-6,-125
1754052694.3024602,5,-6,-117
1754052694.3384602,3,-5,-120
1754052694.37646,-4,1,-112
1754052694.4144602,-2,0,-120
1754052694.45346,4,-2,-117
1754052694.48946,0,1,-114
1754052694.5264602,2,1,-111
1754052694.56446,2,-6,-104
1754052694.60346,0,-4,-108
1754052694.63946,1,0,-109
1754052694.67846,-1,0,-119
1754052694.71546,2,-4,-123
1754052694.75446,0,0,-121
1754052694.79046,0,-2,-129
1754052694.82846,-3,-10,-110
1754052694.86646,-4,-1,-115
1754052694.9044602,2,2,-116
1754052694.94346,5,0,-126
1754052694.97946,4,-7,-115
1754052695.01746,6,-3,-115
1754052695.05546,7,2,-107
1754052695.09446,1,2,-111
1754052695.13046,0,-4,-121
1754052695.16946,9,-8,-123
1754052695.20646,-2,-4,-118
1754052695.24546,-1,-3,-120
1754052695.28346,2,-4,-112
1754052695.3194602,4,1,-108
1754052695.35646,6,5,-120
1754052695.39546,-6,3,-124
1754052695.43346,0,4,-133
1754052695.46946,0,-2,-128
1754052695.50846,-3,2,-116
1754052695.54546,0,-6,-112
1754052695.58446,-3,-1,-110
1754052695.62046,0,0,-117
1754052695.6574602,6,4,-118
1754052695.69546,7,6,-108
1754052695.73446,2,3,-105
1754052695.77046,-2,4,-109
1754052695.80846,-7,4,-116
1754052695.84646,5,-4,-121
1754052695.88546,5,-4,-124
1754052695.92346,0,-4,-112
1754052695.95946,-6,-7,-111
1754052695.99846,-6,-10,-118
1754052696.0364602,-1,-10,-129
1754052696.07446,-7,-1,-123
1754052696.11046,-3,-2,-118
1754052696.14946,2,-5,-116
1754052696.18646,0,4,-114
1754052696.22546,4,5,-120
1754052696.2634602,3,0,-111
1754052696.2994602,5,-3,-118
1754052696.33746,1,-5,-118
1754052696.37546,4,-5,-121
1754052696.4144602,0,-2,-119
1754052696.4504602,-2,-5,-116
1754052696.48846,2,3,-115
1754052696.5264602,2,3,-104
1754052696.5654602,0,2,-126
1754052696.60146,1,-1,-110
1754052696.63946,3,-1,-123
1754052696.6774602,6,1,-130
1754052696.71646,-7,0,-113
1754052696.75446,-6,-1,-119
1754052696.79046,-2,2,-110
1754052696.82846,1,2,-112
1754052696.86646,0,0,-116
1754052696.90546,-2,-1,-120
1754052696.94246,-1,-5,-121
1754052696.97946,3,-6,-124
1754052697.01746,6,-1,-119
1754052697.05546,-3,-7,-125
1754052697.09446,-3,-10,-123
1754052697.13046,-4,-6,-123
1754052697.16846,1,-5,-129
1754052697.2074602,0,-4,-112
1754052697.24546,4,1,-114
1754052697.28146,3,-2,-118
1754052697.32046,-3,-1,-112
1754052697.35746,0,-7,-119
1754052697.39646,0,-8,-117
1754052697.4344602,0,-3,-110
1754052697.4704602,0,-7,-118
1754052697.50746,4,-3,-116
1754052697.5464602,0,-5,-121
1754052697.58446,1,-3,-125
1754052697.62046,14,2,-118
1754052697.6574602,6,-2,-117
1754052697.69646,7,-6,-113
1754052697.73446,0,-10,-118
1754052697.77046,-1,-5,-124
1754052697.80846,-10,-10,-127
1754052697.84646,-3,-5,-126
1754052697.88546,4,-8,-119
1754052697.9214602,3,-4,-121
1754052697.95946,1,1,-106
1754052697.99746,6,5,-110
1754052698.0364602,5,-2,-110
1754052698.07446,7,1,-111
1754052698.11046,2,-6,-113
1754052698.14846,0,-6,-119
1754052698.18646,2,-4,-129
1754052698.22546,-1,-11,-139
1754052698.26146,-5,-3,-128
1754052698.2994602,2,-11,-125
1754052698.33746,0,1,-111
1754052698.37646,2,1,-112
1754052698.4144602,-2,-1,-108
1754052698.4504602,-1,0,-122
1754052698.48846,-1,3,-111
1754052698.5264602,-5,-5,-115
1754052698.5654602,-3,-6,-125
1754052698.60146,-5,-3,-130
1754052698.63946,-6,-10,-119
1754052698.6774602,-1,-9,-126
1754052698.71646,6,-1,-124
1754052698.75246,0,-4,-110
1754052698.79046,2,-3,-108
1754052698.82846,-5,-2,-110
1754052698.86746,-6,-1,-115
1754052698.90546,0,-2,-129
1754052698.94146,-9,-1,-115
1754052698.97946,-8,4,-116
1754052699.01746,2,1,-107
1754052699.05646,4,-2,-110
1754052699.0924602,8,-5,-125
1754052699.13046,2,-2,-123
1754052699.16846,4,-1,-122
1754052699.20646,5,0,-112
1754052699.24546,4,-4,-120
1754052699.28146,1,-8,-115
1754052699.32046,0,0,-114
1754052699.35746,1,1,-115
1754052699.39646,0,-4,-118
1754052699.43246,-4,-6,-113
1754052699.4704602,3,5,-108
1754052699.5094602,-5,0,-119
1754052699.54746,0,-3,-128
1754052699.5854602,2,0,-123
1754052699.6214602,-6,-7,-122
1754052699.65946,0,-8,-112
1754052699.6974602,2,-3,-110
1754052699.7364602,-1,5,-112
1754052699.77246,3,-1,-115
1754052699.81046,-2,0,-114
1754052699.8484602,-4,0,-104
1754052699.88746,4,-6,-117
1754052699.92546,-1,-6,-120
1754052699.96146,-6,-2,-104
1754052700.00046,0,-3,-120
1754052700.03746,8,-4,-113
1754052700.07646,1,-9,-113
1754052700.11246,1,-2,-118
1754052700.15046,-2,-4,-113
1754052700.19646,-3,-4,-126
1754052700.23246,-2,3,-123
1754052700.27046,0,0,-103
1754052700.3094602,1,-6,-113
1754052700.34746,-1,-5,-119
1754052700.38546,2,-6,-118
1754052700.4214602,0,0,-117
1754052700.45946,-4,-4,-116
1754052700.49746,3,-2,-117
1754052700.53546,2,1,-110
1754052700.57146,9,0,-113
1754052700.60946,8,2,-112
1754052700.64746,0,5,-117
1754052700.68346,4,5,-127
1754052700.7204602,0,1,-122
1754052700.7594602,1,-3,-123
1754052700.79746,0,-1,-115
1754052700.83346,7,-3,-126
1754052700.8714602,0,1,-124
1754052700.90946,-6,-1,-114
1754052700.9474602,-3,1,-114
1754052700.9864602,1,-2,-115
1754052701.02246,-1,0,-116
1754052701.06046,7,0,-113
1754052701.0984602,3,-1,-113
1754052701.13746,1,2,-124
1754052701.17346,4,3,-129
1754052701.21146,4,2,-117
1754052701.25046,0,-3,-111
1754052701.28746,-8,-5,-118
1754052701.32646,3,-4,-106
1754052701.36246,4,1,-120
1754052701.40046,2,-1,-106
1754052701.4374602,1,0,-96
1754052701.47646,6,-1,-115
1754052701.51246,9,-2,-125
1754052701.55046,-1,0,-117
1754052701.5884602,0,-2,-123
1754052701.62746,13,-7,-128
1754052701.66346,9,-1,-121
1754052701.70146,-3,0,-122
1754052701.73946,7,-8,-127
1754052701.77846,6,-6,-122
1754052701.81646,2,1,-120
1754052701.85246,0,7,-110
1754052701.8914602,-4,-5,-112
1754052701.92846,-1,-7,-114
1754052701.9674602,0,-4,-119
1754052702.0034602,0,-1,-112
1754052702.04146,-1,-4,-111
1754052702.07846,-10,-9,-114
1754052702.11746,-5,-2,-121
1754052702.15346,-5,-4,-113
1754052702.19146,-1,-3,-116
1754052702.22946,-3,-1,-108
1754052702.26846,-8,4,-110
1754052702.30646,1,2,-117
1754052702.3424602,7,-2,-106
1754052702.38046,-3,-2,-124
1754052702.41846,6,0,-114
1754052702.4574602,6,-6,-118
1754052702.4934602,-1,-7,-114
1754052702.53146,1,-3,-126
1754052702.5694602,-1,-12,-118
1754052702.6084602,-1,-2,-119
1754052702.64646,-5,0,-133
1754052702.68246,2,-3,-132
1754052702.7204602,3,-9,-116
1754052702.7594602,-4,-6,-119
1754052702.79746,1,-6,-115
1754052702.83346,0,-7,-121
1754052702.8714602,-4,-10,-125
1754052702.90946,3,-14,-123
1754052702.94846,0,-2,-131
1754052702.98446,-3,-5,-124
1754052703.02246,-2,-10,-117
1754052703.06046,-4,-2,-115
1754052703.0984602,-3,-2,-115
1754052703.1344602,0,0,-116
1754052703.1714602,-1,-3,-113
1754052703.20946,0,-5,-116
1754052703.24846,-4,1,-115
1754052703.28446,0,-6,-120
1754052703.3224602,3,-9,-110
1754052703.36046,0,0,-119
1754052703.39846,4,-3,-105
1754052703.4374602,2,0,-104
1754052703.4734602,0,-6,-106
1754052703.51146,-2,0,-119
1754052703.55046,0,1,-120
1754052703.5884602,2,2,-116
1754052703.62446,0,4,-120
1754052703.6614602,1,7,-123
1754052703.69946,-5,0,-125
1754052703.73846,-2,0,-125
1754052703.77446,4,0,-117
1754052703.81146,6,4,-118
1754052703.85046,7,-4,-113
1754052703.8884602,2,-4,-118
1754052703.9244602,-2,-5,-113
1754052703.96246,-1,3,-113
1754052704.00046,0,2,-124
1754052704.0394602,-5,1,-123
1754052704.07746,-4,-7,-112
1754052704.11346,0,-4,-115
1754052704.15046,2,-1,-119
1754052704.18946,3,-1,-113
1754052704.22746,6,-11,-127
1754052704.2634602,3,-4,-121
1754052704.3024602,2,-3,-120
1754052704.33946,0,-4,-111
1754052704.3784602,2,-4,-114
1754052704.4144602,-2,-5,-119
1754052704.45246,5,1,-117
1754052704.4904602,-5,2,-117
1754052704.5294602,1,6,-107
1754052704.56746,-1,0,-113
1754052704.60346,-6,1,-115
1754052704.64246,-6,1,-118
1754052704.67946,-1,-5,-108
1754052704.71846,-2,-6,-114
1754052704.75446,-2,-2,-113
1754052704.7924602,1,-3,-113
1754052704.83046,-1,5,-113
1754052704.86946,3,-2,-116
1754052704.90546,2,-1,-107
1754052704.94346,2,0,-115
1754052704.98146,-3,-6,-104
1754052705.02046,-4,-6,-117
1754052705.05846,-3,-9,-120
1754052705.09446,4,-5,-116
1754052705.13246,0,-4,-116
1754052705.17046,7,-1,-123
1754052705.20946,1,1,-117
1754052705.24546,-3,2,-125
1754052705.28346,4,0,-123
1754052705.32146,0,3,-110
1754052705.35946,3,3,-112
1754052705.39846,3,2,-113
1754052705.4344602,3,0,-105
1754052705.47146,5,-6,-113
1754052705.5094602,0,-2,-119
1754052705.54846,-3,-3,-117
1754052705.58446,-4,0,-117
1754052705.62246,2,-2,-108
1754052705.66046,1,-4,-113
1754052705.69946,-3,3,-115
1754052705.73546,4,0,-120
1754052705.77246,-1,-1,-108
1754052705.81046,-4,7,-114
1754052705.84946,0,0,-113
1754052705.88546,7,3,-110
1754052705.92246,1,0,-123
1754052705.9604602,0,0,-126
1754052705.99946,-1,-2,-122
1754052706.03546,0,1,-120
1754052706.0724602,1,4,-120
1754052706.11046,10,-1,-127
1754052706.14946,7,-5,-115
1754052706.18546,5,-4,-117
1754052706.2234602,2,-11,-114
1754052706.26146,2,-5,-116
1754052706.30046,3,2,-122
1754052706.3384602,1,-1,-126
1754052706.37446,2,-2,-116
1754052706.41246,4,2,-113
1754052706.4504602,5,1,-111
1754052706.48946,-2,2,-120
1754052706.52546,0,-4,-119
1754052706.56346,2,3,-114
1754052706.60146,0,0,-119
1754052706.64046,1,-3,-116
1754052706.67846,2,-4,-124
1754052706.71446,0,0,-123
1754052706.75146,-10,0,-108
1754052706.79046,0,0,-108
1754052706.82846,5,-4,-118
1754052706.8654602,1,-2,-110
1754052706.90346,10,2,-117
1754052706.9404602,4,0,-112
1754052706.97946,0,0,-108
1754052707.01546,0,5,-114
1754052707.05346,-2,0,-117
1754052707.09046,0,0,-124
1754052707.12946,-5,-2,-114
1754052707.16546,-9,-2,-112
1754052707.20346,-2,-4,-120
1754052707.24246,0,1,-113
1754052707.28046,0,0,-120
1754052707.31646,3,1,-123
1754052707.35346,0,-4,-111
1754052707.39246,-4,-3,-107
1754052707.43046,-10,2,-119
1754052707.46646,-5,4,-116
1754052707.50446,-6,-1,-123
1754052707.5424602,-1,0,-112
1754052707.58046,0,-1,-118
1754052707.61946,3,0,-109
1754052707.65546,0,0,-117
1754052707.69246,6,4,-116
1754052707.73146,2,5,-109
1754052707.7694602,-4,-2,-105
1754052707.80546,1,0,-114
1754052707.8424602,3,5,-121
1754052707.8814602,4,0,-121
1754052707.91946,3,-3,-118
1754052707.95546,1,-6,-117
1754052707.9934602,2,1,-118
1754052708.03146,3,-5,-127
1754052708.07046,0,2,-122
1754052708.10646,-1,7,-123
1754052708.1444602,-2,8,-112
1754052708.18246,2,4,-129
1754052708.22146,-1,0,-129
1754052708.2594602,-5,1,-125
1754052708.29546,6,1,-130
1754052708.3324602,10,-1,-123
1754052708.3714602,4,-9,-133
1754052708.40946,5,-13,-119
1754052708.44546,4,-1,-122
1754052708.4834602,5,-1,-115
1754052708.52146,-4,3,-112
1754052708.56046,-1,-6,-99
1754052708.59646,1,2,-107
1754052708.63346,0,-3,-119
1754052708.6714602,-1,-5,-124
1754052708.7104602,7,-2,-123
1754052708.7464602,0,-5,-112
1754052708.78446,-7,4,-121
1754052708.8224602,-2,2,-108
1754052708.8614602,-3,1,-116
1754052708.89946,-3,3,-119
1754052708.93546,2,0,-117
1754052708.9734602,-3,2,-115
1754052709.01146,7,1,-126
1754052709.04746,7,-3,-117
1754052709.0854602,-5,1,-118
1754052709.12346,-8,-1,-121
1754052709.1614602,-8,-6,-120
1754052709.2004602,5,-5,-123
1754052709.2364602,5,-7,-117
1754052709.27446,-2,-1,-118
1754052709.3124602,-1,-4,-119
1754052709.35146,1,-8,-121
1754052709.38746,3,-1,-123
1754052709.42546,6,0,-112
1754052709.4634602,0,2,-113
1754052709.50146,0,0,-113
1754052709.54046,-6,2,-112
1754052709.57646,0,1,-116
1754052709.6154602,-2,0,-116
1754052709.65246,-3,1,-125
1754052709.69146,-3,-5,-120
1754052709.72746,-2,3,-117
1754052709.76546,0,-1,-120
1754052709.80346,1,2,-118
1754052709.84146,-3,-5,-110
1754052709.88046,-1,0,-101
1754052709.91646,-6,-4,-117
1754052709.95446,10,-4,-117
1754052709.99246,-5,0,-126
1754052710.03146,1,6,-122
1754052710.06746,8,4,-110
1754052710.10446,6,1,-111
1754052710.14246,0,9,-117
1754052710.18146,1,8,-113
1754052710.22446,-3,0,-133
1754052710.26246,-3,4,-122
1754052710.30146,3,4,-124
1754052710.33746,5,3,-124
1754052710.37446,-2,-4,-121
1754052710.41246,-1,-3,-111
1754052710.45146,-2,0,-114
1754052710.48746,-2,-6,-117
1754052710.52546,1,-4,-112
1754052710.56346,3,5,-116
1754052710.60246,1,5,-122
1754052710.64046,4,-9,-115
1754052710.67646,3,-4,-109
1754052710.71446,0,-2,-100
1754052710.75246,0,-4,-113
1754052710.79146,3,0,-112
1754052710.82746,-3,4,-116
1754052710.8654602,-7,-3,-119
1754052710.90346,-3,-4,-123
1754052710.94246,0,-2,-104
1754052710.9804602,2,4,-114
1754052711.0164602,3,3,-125
1754052711.05346,2,6,-116
1754052711.0924602,2,0,-108
1754052711.1284602,0,0,-111
1754052711.16546,0,1,-120
1754052711.20346,6,3,-112
1754052711.24246,4,-8,-118
1754052711.27846,2,0,-114
1754052711.3154602,1,-1,-109
1754052711.35346,2,-3,-118
1754052711.39246,-5,4,-114
1754052711.42846,0,5,-114
1754052711.46546,0,-1,-118
1754052711.5034602,0,0,-119
1754052711.5424602,-9,-5,-127
1754052711.57846,-3,-8,-120
1754052711.61646,0,-13,-117
1754052711.6544602,0,-3,-126
1754052711.69246,0,1,-127
1754052711.73146,5,-2,-114
1754052711.76746,4,0,-115
1754052711.80446,0,-3,-114
1754052711.8424602,-1,2,-119
1754052711.8814602,1,-2,-114
1754052711.9174602,2,-6,-115
1754052711.95546,2,0,-117
1754052711.9934602,1,-5,-117
1754052712.0324602,-1,-4,-112
1754052712.06846,1,-7,-109
1754052712.10646,2,-1,-116
1754052712.1444602,-2,2,-119
1754052712.18346,0,2,-121
1754052712.22146,3,0,-120
1754052712.25746,4,-7,-118
1754052712.29546,-4,-7,-120
1754052712.33346,-5,-7,-123
1754052712.37246,7,-2,-123
1754052712.40846,-1,1,-126
1754052712.44646,-5,1,-114
1754052712.48446,-1,2,-115
1754052712.52346,3,0,-122
1754052712.56146,1,-3,-107
1754052712.59746,11,0,-120
1754052712.6344602,4,-4,-106
1754052712.67346,0,0,-112
1754052712.71146,2,-2,-113
1754052712.74746,3,-1,-112
1754052712.78546,-3,2,-134
1754052712.82346,-7,-1,-120
1754052712.86246,-7,-2,-117
1754052712.89846,-3,-2,-123
1754052712.93646,0,1,-114
1754052712.97446,0,-1,-112
1754052713.0134602,4,-6,-107
1754052713.05146,3,-7,-101
1754052713.08746,0,-9,-113
1754052713.12546,2,-8,-113
1754052713.16346,5,-6,-124
1754052713.20246,4,-3,-117
1754052713.23846,12,-5,-115
1754052713.2764602,2,-1,-114
1754052713.31446,4,2,-109
1754052713.35346,7,1,-116
1754052713.38946,6,-1,-115
1754052713.4274602,3,-1,-122
1754052713.46546,3,-2,-112
1754052713.5034602,-6,2,-102
1754052713.5424602,-2,-1,-109
1754052713.57846,1,-2,-103
1754052713.61646,-4,-6,-113
1754052713.6544602,0,-7,-117
1754052713.69346,0,0,-125
1754052713.72946,-4,2,-130
1754052713.76746,-2,0,-126
1754052713.80646,1,-3,-118
1754052713.84346,3,-2,-111
1754052713.88246,-2,-1,-113
1754052713.91846,6,-4,-107
1754052713.95646,5,-4,-113
1754052713.99446,11,4,-115
1754052714.03346,8,-3,-121
1754052714.0694602,1,3,-107
1754052714.10646,5,-1,-118
1754052714.1444602,8,-4,-119
1754052714.18346,0,2,-111
1754052714.21946,4,0,-112
1754052714.2564602,7,-1,-110
1754052714.29446,-7,1,-115
1754052714.33346,-1,0,-112
1754052714.36946,6,-3,-111
1754052714.4074602,-1,-5,-117
1754052714.44546,-2,-2,-131
1754052714.48446,-3,-2,-118
1754052714.52246,1,-3,-115
1754052714.55846,-2,0,-106
1754052714.59746,-5,3,-111
1754052714.6344602,3,-6,-107
1754052714.67346,0,-8,-113
1754052714.70946,5,-5,-113
1754052714.74746,-3,-4,-113
1754052714.78546,-1,5,-122
1754052714.82446,-4,0,-114
1754052714.86246,4,-4,-124
1754052714.89846,5,-1,-115
1754052714.93646,7,-9,-113
1754052714.97446,4,-3,-105
1754052715.0134602,2,0,-106
1754052715.0494602,-1,-2,-114
1754052715.08746,1,-3,-110
1754052715.12646,-4,-3,-117
1754052715.1644602,1,-6,-116
1754052715.20246,-3,-3,-122
1754052715.23946,-4,0,-117
1754052715.2764602,0,0,-115
1754052715.31446,-2,-3,-108
1754052715.35346,6,-2,-115
1754052715.38946,1,3,-105
1754052715.42646,-3,8,-116
1754052715.46446,3,0,-119
1754052715.5034602,6,0,-128
1754052715.5394602,5,0,-120
1754052715.57646,0,0,-113
1754052715.61446,-4,5,-129
1754052715.65346,4,-6,-122
1754052715.68946,7,-6,-111
1754052715.72746,9,3,-116
1754052715.76546,4,-3,-113
1754052715.80446,0,-3,-114
1754052715.84046,1,-5,-114
1754052715.8784602,7,-3,-108
1754052715.91646,1,2,-109
1754052715.95546,0,-4,-123
1754052715.9934602,-4,-4,-111
1754052716.03046,-7,-2,-119
1754052716.06746,1,4,-116
1754052716.1054602,2,0,-115
1754052716.1444602,5,0,-116
1754052716.18046,5,-1,-116
1754052716.21846,8,2,-109
1754052716.2564602,0,1,-110
1754052716.29546,-2,-4,-110
1754052716.33346,-1,0,-114
1754052716.36946,0,1,-122
1754052716.4074602,3,0,-115
1754052716.44646,4,0,-117
1754052716.48446,-1,-1,-118
1754052716.52046,2,-1,-121
1754052716.5594602,-2,0,-112
1754052716.59646,0,-6,-116
1754052716.63546,1,-2,-127
1754052716.67346,-2,1,-128
1754052716.70946,-1,0,-124
1754052716.7464602,-1,-2,-113
1754052716.78546,-4,3,-118
1754052716.82346,-6,-5,-126
1754052716.85946,-3,-7,-121
1754052716.89746,3,3,-113
1754052716.93546,-4,0,-118
1754052716.97446,4,-5,-135
1754052717.01046,1,4,-120
1754052717.04846,-7,1,-114
1754052717.08646,-2,-8,-114
1754052717.12546,-1,-7,-125
1754052717.16346,-1,2,-116
1754052717.19946,0,1,-109
1754052717.2364602,-3,-8,-113
1754052717.27546,0,-8,-109
1754052717.31346,6,0,-110
1754052717.34946,5,-7,-109
1754052717.38746,7,-6,-110
1754052717.42546,10,0,-114
1754052717.46446,8,-5,-114
1754052717.50046,5,-3,-117
1754052717.53846,2,-1,-128
1754052717.57646,0,-1,-117
1754052717.6154602,5,0,-119
1754052717.6514602,6,0,-119
1754052717.68846,0,-1,-119
1754052717.72646,0,-7,-121
1754052717.76546,5,-9,-123
1754052717.80146,7,-5,-122
1754052717.83946,5,-6,-125
1754052717.87746,3,-5,-121
1754052717.91646,0,-2,-109
1754052717.95446,0,3,-121
1754052717.9904602,0,1,-125
1754052718.0294602,-4,-2,-122
1754052718.06646,1,-11,-126
1754052718.1054602,-6,-4,-121
1754052718.1414602,2,-6,-121
1754052718.17946,-4,-6,-127
1754052718.2174602,0,4,-118
1754052718.2564602,6,1,-121
1754052718.29446,2,3,-121
1754052718.33046,-3,2,-120
1754052718.3684602,-1,-2,-106
1754052718.40646,-2,-6,-115
1754052718.44546,4,-5,-116
1754052718.48146,5,-7,-114
1754052718.5194602,-4,1,-116
1754052718.55746,-9,3,-117
1754052718.59646,-5,0,-124
1754052718.6344602,4,2,-124
1754052718.67046,-4,3,-122
1754052718.70846,2,-5,-113
1754052718.7464602,5,0,-118
1754052718.78546,4,5,-120
1754052718.82146,5,3,-126
1754052718.8584602,-3,0,-117
1754052718.89646,2,-3,-120
1754052718.93546,7,-1,-126
1754052718.97146,0,-3,-107
1754052719.0094602,0,-3,-109
1754052719.04746,0,-1,-115
1754052719.08646,-4,0,-115
1754052719.12446,-1,0,-122
1754052719.16046,2,2,-125
1754052719.1974602,1,-9,-111
1754052719.2364602,-1,-1,-114
1754052719.27446,0,-3,-126
1754052719.31046,0,-6,-128
1754052719.34946,7,-10,-116
1754052719.38646,2,-9,-112
1754052719.42546,0,0,-118
1754052719.46146,-3,-5,-119
1754052719.49946,0,-1,-117
1754052719.53746,10,-3,-115
1754052719.57646,5,2,-127
1754052719.61246,7,4,-121
1754052719.64946,1,0,-121
1754052719.6874602,-6,-4,-122
1754052719.72646,-3,3,-118
1754052719.76246,-1,-1,-118
1754052719.80046,-1,-2,-115
1754052719.8384602,-6,-3,-113
1754052719.87646,-3,-7,-123
1754052719.91546,0,5,-130
1754052719.95146,-13,1,-119
1754052719.98946,-2,5,-122
1754052720.02746,-2,3,-122
1754052720.06646,0,-1,-112
1754052720.1054602,3,0,-114
1754052720.1414602,7,2,-125
1754052720.17846,2,-1,-110
1754052720.21646,-1,-6,-128
1754052720.26046,0,0,-119
1754052720.2994602,0,-7,-114
1754052720.33746,-1,-4,-116
1754052720.37546,-4,-7,-123
1754052720.4114602,1,-7,-118
1754052720.44946,-4,-4,-118
1754052720.48746,-8,-1,-114
1754052720.5264602,-4,-6,-109
1754052720.5624602,5,-6,-114
1754052720.60046,7,-7,-116
1754052720.6384602,2,3,-115
1754052720.6774602,1,-1,-118
1754052720.71546,-1,-2,-109
1754052720.75146,7,1,-103
1754052720.7894602,6,4,-123
1754052720.82846,-2,-4,-118
1754052720.86646,2,0,-118
1754052720.90246,0,-1,-123
1754052720.9404602,6,-2,-133
1754052720.97846,0,-4,-113
1754052721.01746,-2,-1,-118
1754052721.05546,1,-1,-121
1754052721.09146,-2,-3,-120
1754052721.12946,-4,-12,-112
1754052721.1674602,0,-8,-120
1754052721.20646,-2,1,-129
1754052721.24246,-2,7,-125
1754052721.28046,-1,1,-110
1754052721.31846,1,-2,-118
1754052721.35746,0,-9,-110
1754052721.39546,1,-5,-110
1754052721.43146,-1,2,-122
1754052721.4704602,10,1,-111
1754052721.50746,4,5,-113
1754052721.5464602,2,-3,-116
1754052721.5824602,-5,-3,-123
1754052721.62046,-7,-1,-117
1754052721.65846,-3,3,-114
1754052721.6974602,2,2,-120
1754052721.7334602,1,-1,-119
1754052721.77146,5,-9,-118
1754052721.8094602,7,-3,-120
1754052721.84746,3,-3,-121
1754052721.88646,-4,6,-114
1754052721.92346,0,5,-111
1754052721.96146,0,-4,-117
1754052721.99846,2,-11,-126
1754052722.03746,1,-2,-114
1754052722.07346,-5,-2,-123
1754052722.1114602,0,-4,-133
1754052722.14946,3,0,-126
1754052722.1874602,-3,3,-125
1754052722.22646,-4,-4,-116
1754052722.26246,-6,0,-106
1754052722.30046,6,3,-113
1754052722.3384602,5,6,-110
1754052722.37746,3,0,-123
1754052722.41346,2,-1,-116
1754052722.45146,-2,-6,-124
1754052722.4904602,-9,-1,-121
1754052722.52846,-7,-3,-125
1754052722.56646,-8,-3,-115
1754052722.60246,-3,1,-103
1754052722.64046,-6,-5,-106
1754052722.67846,-6,-5,-109
1754052722.7174602,0,0,-113
1754052722.7534602,0,0,-114
1754052722.79046,-2,1,-114
1754052722.82846,-8,5,-117
1754052722.86746,-4,4,-122
1754052722.90346,2,6,-118
1754052722.9404602,1,-2,-111
1754052722.97846,0,-5,-112
1754052723.01746,-1,4,-112
1754052723.05346,-8,1,-117
1754052723.09146,-6,1,-114
1754052723.12946,1,4,-113
1754052723.16846,-3,3,-118
1754052723.20646,-2,2,-111
1754052723.24246,-2,0,-118
1754052723.28046,0,0,-124
1754052723.31846,4,-3,-127
1754052723.35746,0,-2,-111
1754052723.3944602,-1,-9,-115
1754052723.43146,2,-3,-110
1754052723.4704602,0,0,-118
1754052723.50846,9,0,-115
1754052723.5464602,8,-1,-111
1754052723.5824602,2,0,-121
1754052723.62046,1,-4,-116
1754052723.65846,5,-6,-121
1754052723.6944602,6,-1,-124
1754052723.73246,-2,-2,-109
1754052723.77046,0,1,-118
1754052723.80846,0,1,-117
1754052723.84746,-2,-5,-114
1754052723.88346,-10,-8,-121
1754052723.9214602,0,4,-134
1754052723.95946,-4,0,-127
1754052723.99846,-3,-10,-122
1754052724.03446,-5,-3,-111
1754052724.0724602,1,-1,-107
1754052724.1114602,-4,-3,-104
1754052724.14846,2,0,-110
1754052724.1874602,10,-4,-109
1754052724.2234602,1,-2,-107
1754052724.26146,0,2,-110
1754052724.2994602,6,-6,-103
1754052724.3384602,7,0,-119
1754052724.37446,8,-1,-114
1754052724.41246,-3,-7,-119
1754052724.4504602,2,-3,-122
1754052724.48846,-1,-2,-123
1754052724.52746,5,0,-113
1754052724.56346,6,1,-116
1754052724.60046,-3,0,-120
1754052724.63946,0,3,-109
1754052724.6774602,-2,4,-106
1754052724.7134602,-8,-1,-118
1754052724.75146,-2,-2,-119
1754052724.79046,2,-9,-117
1754052724.82846,0,0,-115
1754052724.86446,0,0,-121
1754052724.9014602,9,-2,-105
1754052724.9404602,-3,-4,-117
1754052724.97846,7,4,-112
1754052725.01446,2,0,-112
1754052725.05146,3,-4,-121
1754052725.09046,2,-2,-120
1754052725.1284602,0,-3,-123
1754052725.1644602,-1,4,-124
1754052725.20346,-4,4,-126
1754052725.2404602,7,-2,-120
1754052725.2794602,-4,-7,-121
1754052725.31746,0,-8,-110
1754052725.35346,-2,-5,-107
1754052725.3914602,-5,0,-113
1754052725.42946,-4,1,-125
1754052725.46846,6,0,-130
1754052725.50446,1,-4,-117
1754052725.5424602,0,-4,-123
1754052725.58046,2,-4,-122
1754052725.61946,2,-8,-114
1754052725.6574602,-1,-4,-120
1754052725.6944602,0,-4,-115
1754052725.73146,6,-5,-121
1754052725.7694602,3,-4,-118
1754052725.80846,0,1,-120
1754052725.84446,3,1,-117
1754052725.8814602,5,4,-114
1754052725.91946,-3,0,-105
1754052725.95846,-10,-2,-112
1754052725.99446,-1,-6,-112
1754052726.0324602,2,2,-109
1754052726.07046,-2,0,-115
1754052726.10946,2,-2,-122
1754052726.14546,0,1,-113
1754052726.18246,-2,-8,-118
1754052726.2204602,-5,-2,-118
1754052726.2594602,1,4,-117
1754052726.29546,-1,0,-116
1754052726.3324602,1,-3,-113
1754052726.37046,-2,-4,-118
1754052726.40946,2,2,-110
1754052726.44546,4,-1,-117
1754052726.4834602,1,-3,-107
1754052726.52146,0,0,-106
1754052726.5594602,-1,-1,-116
1754052726.5984602,0,-5,-101
1754052726.6344602,4,0,-107
1754052726.67246,7,5,-113
1754052726.71146,1,2,-107
1754052726.74946,8,0,-118
1754052726.78546,0,-1,-124
1754052726.82346,4,-1,-120
1754052726.8614602,6,2,-123
1754052726.90046,5,3,-118
1754052726.93846,6,1,-112
1754052726.97446,-1,3,-119
1754052727.01246,0,1,-119
1754052727.05046,-1,1,-120
1754052727.08946,6,1,-117
1754052727.12546,-1,5,-114
1754052727.16246,-8,2,-116
1754052727.2004602,0,0,-112
1754052727.23946,1,-2,-107
1754052727.27546,-1,0,-118
1754052727.31346,1,-2,-117
1754052727.35146,-1,-1,-118
1754052727.39046,-2,3,-128
1754052727.42846,0,-1,-119
1754052727.46446,5,-1,-116
1754052727.50246,-2,-4,-120
1754052727.54046,0,4,-116
1754052727.57946,-2,-2,-118
1754052727.6154602,5,-4,-116
1754052727.65346,5,-6,-117
1754052727.69146,-3,-3,-106
1754052727.7304602,0,4,-113
1754052727.76846,-2,-4,-109
1754052727.80446,-3,1,-116
1754052727.84346,3,4,-110
1754052727.8814602,-2,0,-118
1754052727.91946,0,-7,-117
1754052727.95546,-4,-6,-119
1754052727.9934602,-1,-5,-111
1754052728.03146,0,-3,-100
1754052728.07046,1,-1,-119
1754052728.10646,4,-3,-116
1754052728.1444602,0,2,-111
1754052728.18246,1,5,-103
1754052728.2204602,0,0,-116
1754052728.2594602,-3,-1,-127
1754052728.29546,4,3,-125
1754052728.3324602,-5,-3,-111
1754052728.37046,-1,-3,-118
1754052728.40946,1,0,-118
1754052728.44546,3,-6,-115
1754052728.4834602,3,-7,-112
1754052728.52146,-3,2,-114
1754052728.56046,-8,-4,-125
1754052728.59646,-4,-9,-117
1754052728.6344602,0,-3,-120
1754052728.67246,8,-6,-120
1754052728.71146,3,-5,-103
1754052728.74946,6,-5,-115
1754052728.78546,12,-12,-122
1754052728.82446,5,-4,-116
1754052728.8614602,2,3,-115
1754052728.90046,2,5,-120
1754052728.93646,5,5,-123
1754052728.97446,1,0,-123
1754052729.01246,-2,-2,-108
1754052729.05146,3,0,-122
1754052729.08946,-4,-1,-111
1754052729.12546,0,2,-116
1754052729.16246,0,1,-123
1754052729.20146,0,4,-119
1754052729.23946,3,1,-116
1754052729.27546,5,0,-123
1754052729.3124602,0,-3,-119
1754052729.35146,-3,-10,-125
1754052729.38946,0,-2,-123
1754052729.42546,3,-5,-114
1754052729.4634602,0,-7,-125
1754052729.50246,6,-2,-117
1754052729.54046,3,0,-113
1754052729.57646,-6,-2,-111
1754052729.6154602,-2,1,-116
1754052729.65246,0,-5,-118
1754052729.69146,0,1,-117
1754052729.72946,-13,-3,-117
1754052729.76546,-13,-3,-127
1754052729.80346,-7,-3,-131
1754052729.84146,-6,1,-119
1754052729.88046,-2,-2,-117
1754052729.91646,-3,-2,-113
1754052729.95446,-4,-3,-120
1754052729.99246,-3,-2,-125
1754052730.03146,7,-1,-124
1754052730.06746,3,-7,-117
1754052730.1054602,0,-7,-113
1754052730.14346,-3,0,-114
1754052730.18246,3,-5,-111
1754052730.2204602,-2,-8,-117
1754052730.26546,2,-9,-125
1754052730.3024602,7,-4,-131
1754052730.34146,4,1,-114
1754052730.37746,4,-6,-113
1754052730.41546,4,-4,-109
1754052730.45446,-3,-3,-112
1754052730.49146,0,-2,-110
1754052730.53046,-1,-1,-118
1754052730.56646,1,0,-113
1754052730.60446,2,-9,-113
1754052730.6414602,0,-6,-115
1754052730.68046,-3,-1,-105
1754052730.71646,-1,-1,-99
1754052730.75446,0,0,-110
1754052730.7924602,0,-2,-114
1754052730.83146,1,0,-117
1754052730.86746,-2,-1,-123
1754052730.90546,0,0,-106
1754052730.94346,-3,0,-120
1754052730.98246,0,0,-118
1754052731.02046,3,0,-116
1754052731.05646,-5,8,-122
1754052731.0954602,-3,1,-117
1754052731.13246,6,0,-109
1754052731.1714602,1,0,-116
1754052731.2074602,1,-4,-122
1754052731.24546,-5,-2,-113
1754052731.28346,0,2,-119
1754052731.3224602,2,0,-117
1754052731.36046,2,1,-118
1754052731.39646,-5,1,-115
1754052731.4344602,-2,-1,-110
1754052731.47246,0,-4,-114
1754052731.51146,-6,-4,-123
1754052731.54746,-3,-5,-123
1754052731.58646,0,-2,-118
1754052731.62346,0,1,-119
1754052731.66246,1,4,-116
1754052731.7004602,-3,-2,-124
1754052731.7364602,-3,-6,-106
1754052731.77446,3,-3,-115
1754052731.8124602,-6,1,-106
1754052731.85146,-1,3,-113
1754052731.88746,4,-1,-109
1754052731.92546,2,-4,-108
1754052731.9634602,3,0,-110
1754052732.00246,-7,0,-115
1754052732.03846,-2,-1,-120
1754052732.07646,-1,2,-127
1754052732.11446,-1,-5,-117
1754052732.15246,-5,-3,-132
1754052732.19146,1,6,-121
1754052732.22746,1,0,-125
1754052732.26446,0,4,-115
1754052732.3024602,6,0,-108
1754052732.34146,7,-3,-107
1754052732.37746,0,-7,-112
1754052732.41546,2,4,-111
1754052732.45346,0,3,-109
1754052732.49246,-3,7,-110
1754052732.52846,-5,3,-105
1754052732.56646,-2,0,-115
1754052732.60446,7,4,-109
1754052732.64246,-3,0,-118
1754052732.68146,0,-4,-119
1754052732.7174602,-5,1,-123
1754052732.75546,-3,-5,-121
1754052732.79346,6,-2,-113
1754052732.8324602,5,0,-105
1754052732.8684602,2,5,-114
1754052732.90546,2,2,-111
1754052732.94346,-4,-4,-108
1754052732.98246,0,0,-126
1754052733.01846,-3,-2,-118
1754052733.05646,-4,-11,-122
1754052733.09446,0,-3,-111
1754052733.13346,1,0,-124
1754052733.1714602,0,-2,-119
1754052733.2074602,3,0,-119
1754052733.24446,-7,0,-119
1754052733.28346,0,-2,-127
1754052733.32146,2,-2,-114
1754052733.35746,3,-1,-123
1754052733.39646,0,-1,-128
1754052733.43346,0,0,-111
1754052733.47246,3,5,-109
1754052733.50846,3,4,-114
1754052733.5464602,0,-4,-115
1754052733.58346,7,1,-116
1754052733.62246,0,-1,-115
1754052733.65846,8,0,-116
1754052733.69646,3,-1,-108
1754052733.7334602,5,-2,-120
1754052733.77246,-2,-3,-114
1754052733.80846,0,-1,-117
1754052733.84646,0,0,-125
1754052733.8844602,2,-2,-111
1754052733.92346,4,-2,-107
1754052733.96146,4,1,-120
1754052733.99746,0,3,-120
1754052734.03546,-4,2,-121
1754052734.07346,6,0,-116
1754052734.11246,2,0,-117
1754052734.14846,6,-4,-120
1754052734.1874602,5,-6,-108
1754052734.22446,0,0,-108
1754052734.2634602,-3,0,-114
1754052734.2994602,0,4,-115
1754052734.33746,2,8,-104
1754052734.37446,2,-3,-113
1754052734.41346,-3,-6,-132
1754052734.44946,0,-6,-116
1754052734.4864602,-1,-2,-111
1754052734.52446,0,0,-114
1754052734.56346,5,-1,-121
1754052734.59946,3,0,-118
1754052734.63646,8,-1,-110
1754052734.6744602,0,0,-118
1754052734.7134602,1,-3,-121
1754052734.74946,5,-5,-115
1754052734.78746,5,-2,-112
1754052734.82646,-1,-1,-121
1754052734.86346,3,-3,-116
1754052734.90246,-1,5,-116
1754052734.93946,-3,2,-111
1754052734.97646,-5,-4,-103
1754052735.01446,-2,-5,-113
1754052735.05346,0,-1,-119
1754052735.08946,-3,0,-112
1754052735.12746,0,-2,-127
1754052735.16546,-1,-4,-116
1754052735.20446,0,-7,-112
1754052735.24246,1,-2,-105
1754052735.27846,-6,-2,-124
1754052735.31646,-4,-1,-117
1754052735.35446,-1,-3,-104
1754052735.39346,0,0,-122
1754052735.43046,-2,-7,-119
1754052735.4674602,-3,0,-127
1754052735.50546,-3,-4,-128
1754052735.54446,-2,-7,-119
1754052735.5824602,4,2,-116
1754052735.6184602,4,1,-117
1754052735.65646,0,-2,-120
1754052735.6944602,5,0,-110
1754052735.73246,3,-3,-114
1754052735.76846,0,-3,-126
1754052735.80646,5,-2,-124
1754052735.84446,5,0,-119
1754052735.88346,-5,-7,-120
1754052735.91946,-3,0,-121
1754052735.9574602,-1,-3,-122
1754052735.99546,-4,-1,-126
1754052736.03446,0,1,-126
1754052736.0724602,-4,2,-116
1754052736.1084602,-2,3,-120
1754052736.14746,0,-1,-126
1754052736.1844602,-3,2,-126
1754052736.2234602,-3,-6,-119
1754052736.2594602,1,-5,-118
1754052736.29746,4,-1,-111
1754052736.3354602,7,0,-120
1754052736.37446,0,-2,-124
1754052736.41046,6,-1,-121
1754052736.44846,4,-3,-115
1754052736.4864602,7,-5,-113
1754052736.52446,-3,-1,-117
1754052736.56346,1,0,-115
1754052736.59946,-2,-1,-122
1754052736.6384602,-3,-4,-127
1754052736.67546,0,1,-119
1754052736.71446,6,-3,-115
1754052736.75046,4,-9,-115
1754052736.78846,8,0,-102
1754052736.82646,3,-2,-103
1754052736.86446,0,-5,-103
1754052736.90346,-1,-2,-105
1754052736.93946,-1,3,-108
1754052736.97746,3,-1,-116
1754052737.01546,-8,0,-111
1754052737.05446,0,-3,-120
1754052737.09046,5,2,-115
1754052737.12746,9,2,-99
1754052737.16546,7,-7,-111
1754052737.20446,4,-1,-117
1754052737.2404602,-5,0,-119
1754052737.27846,3,-6,-120
1754052737.31646,0,-12,-128
1754052737.3554602,-2,1,-123
1754052737.39346,-7,0,-130
1754052737.42946,-7,0,-106
1754052737.46846,1,-2,-110
1754052737.50546,-5,-5,-115
1754052737.54446,-7,-5,-123
1754052737.58046,-4,-5,-118
1754052737.6184602,5,-1,-119
1754052737.65646,6,-7,-117
1754052737.69546,5,-2,-122
1754052737.7334602,5,-1,-123
1754052737.7694602,2,1,-122
1754052737.80646,1,-1,-119
1754052737.8454602,0,-4,-120
1754052737.88346,-7,-7,-118
1754052737.91946,-3,-5,-125
1754052737.9574602,-3,-5,-115
1754052737.99546,1,-4,-121
1754052738.03446,-6,-6,-120
1754052738.07046,1,-3,-131
1754052738.1084602,-1,-6,-122
1754052738.14646,0,-2,-129
1754052738.18546,0,-1,-121
1754052738.22146,-1,-5,-115
1754052738.2594602,0,-3,-115
1754052738.29846,-1,-6,-118
1754052738.3354602,0,-8,-116
1754052738.37446,-4,-5,-117
1754052738.41046,4,-7,-119
1754052738.44846,-1,6,-113
1754052738.4864602,1,-3,-119
1754052738.52546,8,0,-121
1754052738.56146,7,-5,-116
1754052738.59946,2,-2,-126
1754052738.63746,3,-7,-114
1754052738.67546,5,-5,-129
1754052738.71446,-4,-1,-128
1754052738.75046,0,0,-114
1754052738.78746,0,0,-112
1754052738.8254602,5,0,-114
1754052738.86446,0,2,-114
1754052738.90046,8,6,-115
1754052738.93946,7,-3,-118
1754052738.97646,0,1,-114
1754052739.01546,-4,0,-116
1754052739.05146,-6,0,-118
1754052739.0884602,2,-5,-121
1754052739.12646,2,1,-113
1754052739.16546,5,-2,-112
1754052739.20146,4,-6,-118
1754052739.23946,-5,-5,-127
1754052739.27846,-3,-9,-120
1754052739.31646,0,-12,-116
1754052739.35446,-7,-3,-122
1754052739.39046,-8,-1,-118
1754052739.42846,-6,0,-118
1754052739.46646,3,-2,-122
1754052739.50546,-3,-9,-122
1754052739.54146,5,0,-119
1754052739.57846,4,-3,-123
1754052739.61646,2,-1,-128
1754052739.65546,-4,-3,-119
1754052739.69146,2,-6,-115
1754052739.72946,4,-1,-124
1754052739.76746,2,1,-120
1754052739.80646,1,-2,-114
1754052739.84446,2,-5,-108
1754052739.88046,0,0,-109
1754052739.9174602,0,-1,-107
1754052739.95646,-4,0,-117
1754052739.99446,-1,-2,-117
1754052740.03046,0,-1,-116
1754052740.0694602,-7,5,-118
1754052740.10646,-4,0,-120
1754052740.14546,-5,1,-117
1754052740.18246,0,2,-124
1754052740.21946,-5,-3,-122
1754052740.25746,9,-6,-114
1754052740.30146,4,-5,-105
1754052740.33946,-4,-3,-107
1754052740.3784602,-2,4,-112
1754052740.41646,-6,-8,-105
1754052740.45246,-4,-3,-112
1754052740.4904602,4,4,-119
1754052740.52846,5,-1,-123
1754052740.56646,0,-3,-110
1754052740.6054602,2,-6,-115
1754052740.6414602,3,-1,-112
1754052740.67946,3,0,-118
1754052740.7174602,9,-5,-118
1754052740.7564602,2,-7,-115
1754052740.7924602,9,-3,-111
1754052740.83046,3,-3,-117
1754052740.8684602,0,2,-110
1754052740.90646,-4,2,-120
1754052740.94546,-3,1,-128
1754052740.98146,0,6,-121
1754052741.01846,-1,2,-119
1754052741.05646,6,-3,-105
1754052741.0954602,0,0,-106
1754052741.1314602,-7,-2,-112
1754052741.16946,10,2,-115
1754052741.2074602,4,3,-121
1754052741.2464602,-1,0,-113
1754052741.2824602,-4,-3,-131
1754052741.32046,-3,-4,-130
1754052741.3584602,-2,3,-112
1754052741.39746,-1,-5,-116
1754052741.43546,8,-5,-129
1754052741.47146,6,-1,-130
1754052741.5094602,9,1,-129
1754052741.54746,0,-4,-115
1754052741.58646,4,-6,-119
1754052741.62246,-1,5,-120
1754052741.66046,0,5,-122
1754052741.69846,1,0,-113
1754052741.73746,2,-4,-113
1754052741.77546,0,-2,-121
1754052741.81146,0,1,-113
1754052741.8484602,-2,2,-124
1754052741.88746,-2,-4,-117
1754052741.92546,-1,-6,-119
1754052741.96146,-3,0,-107
1754052741.99946,2,1,-125
1754052742.03746,0,-5,-117
1754052742.07646,2,-7,-124
1754052742.11246,0,-4,-126
1754052742.15046,3,0,-109
1754052742.18846,3,-4,-120
1754052742.22746,7,1,-126
1754052742.26546,1,-1,-127
1754052742.3024602,-3,-2,-115
1754052742.33946,6,-5,-115
1754052742.37746,4,-7,-115
1754052742.41646,0,-2,-118
1754052742.45246,0,2,-118
1754052742.48946,1,-3,-130
1754052742.52746,-4,-9,-124
1754052742.56646,-5,-5,-124
1754052742.60246,0,5,-112
1754052742.63946,-5,0,-108
1754052742.6774602,0,0,-122
1754052742.71646,-3,-2,-113
1754052742.75246,1,-2,-107
1754052742.79046,-3,-8,-113
1754052742.82846,0,-6,-103
1754052742.86746,-3,-3,-107
1754052742.90346,9,-2,-113
1754052742.94246,-2,0,-116
1754052742.97946,-4,3,-112
1754052743.01746,2,-5,-124
1754052743.05646,0,-7,-120
1754052743.0924602,-2,-6,-119
1754052743.13046,-5,0,-117
1754052743.16846,2,-1,-128
1754052743.2074602,3,-4,-121
1754052743.2434602,1,-4,-117
1754052743.28146,4,-2,-108
1754052743.3194602,5,-1,-118
1754052743.3584602,10,-2,-116
1754052743.39646,3,-6,-118
1754052743.43246,8,-10,-114
1754052743.4704602,9,-6,-118
1754052743.5094602,8,-5,-110
1754052743.54746,3,0,-116
1754052743.58346,-2,5,-129
1754052743.6214602,-4,-2,-112
1754052743.65946,0,4,-108
1754052743.69846,-1,3,-113
1754052743.7364602,-2,-2,-126
1754052743.77246,-1,1,-117
1754052743.81046,-1,0,-119
1754052743.8484602,3,-1,-111
1754052743.88746,-2,-2,-106
1754052743.92346,1,0,-113
1754052743.96146,-6,0,-106
1754052743.99946,10,-4,-115
1754052744.03846,4,-7,-113
1754052744.07646,-4,1,-109
1754052744.11246,-4,1,-113
1754052744.15046,-3,2,-116
1754052744.18846,-7,0,-119
1754052744.22746,-2,-7,-110
1754052744.2634602,7,-3,-112
1754052744.30146,7,-4,-110
1754052744.33946,5,1,-125
1754052744.3784602,6,6,-118
1754052744.41646,1,7,-110
1754052744.45246,3,-1,-116
1754052744.4904602,-2,3,-110
1754052744.52846,1,-1,-105
1754052744.56746,-2,0,-109
1754052744.60346,0,0,-117
1754052744.64046,-4,-3,-126
1754052744.67846,5,3,-126
1754052744.7174602,6,-4,-126
1754052744.7534602,1,-4,-122
1754052744.79146,5,0,-113
1754052744.83046,2,-5,-118
1754052744.8684602,2,-4,-121
1754052744.9044602,-3,-4,-123
1754052744.94346,-3,-6,-107
1754052744.9804602,1,-5,-108
1754052745.01846,1,-7,-116
1754052745.05746,-6,0,-109
1754052745.09346,-2,-2,-115
1754052745.1314602,0,-3,-108
1754052745.16946,0,-5,-129
1754052745.20846,-6,-1,-126
1754052745.24446,-3,1,-129
1754052745.2824602,2,-1,-130
1754052745.32046,2,0,-122
1754052745.3584602,9,-4,-122
1754052745.39746,0,-5,-108
1754052745.43346,-5,-3,-107
1754052745.47146,-1,0,-109
1754052745.5094602,-1,2,-119
1754052745.54846,-3,3,-112
1754052745.58446,3,0,-116
1754052745.6214602,11,-6,-118
1754052745.65946,3,-2,-123
1754052745.69846,7,-2,-128
1754052745.73446,3,-2,-127
1754052745.77246,-1,3,-122
1754052745.81046,5,1,-123
1754052745.84946,4,-2,-115
1754052745.88746,2,0,-116
1754052745.92346,4,-3,-118
1754052745.96146,9,0,-109
1754052745.99946,11,-1,-116
1754052746.03846,0,0,-114
1754052746.0754602,-3,2,-112
1754052746.11246,4,-3,-117
1754052746.1514602,9,2,-118
1754052746.18946,2,-3,-116
1754052746.22746,5,5,-115
1754052746.2634602,3,2,-111
1754052746.30146,4,-2,-117
1754052746.33946,0,-3,-121
1754052746.37746,2,-4,-125
1754052746.41346,0,4,-122
1754052746.45146,-2,8,-129
1754052746.48946,0,2,-113
1754052746.52746,0,0,-111
1754052746.56346,-1,0,-113
1754052746.60146,-1,0,-115
1754052746.63946,0,1,-114
1754052746.67846,1,-4,-108
1754052746.71446,-1,-6,-115
1754052746.75246,-6,3,-120
1754052746.79046,-5,-2,-116
1754052746.82946,0,2,-118
1754052746.8654602,2,-5,-109
1754052746.90346,-6,0,-113
1754052746.94146,2,0,-123
1754052746.97946,0,-1,-123
1754052747.01846,5,11,-113
1754052747.05446,5,10,-115
1754052747.09146,-2,5,-116
1754052747.12946,-2,-4,-114
1754052747.16846,-5,-10,-116
1754052747.20446,-5,-7,-120
1754052747.24246,-3,0,-121
1754052747.28046,0,0,-117
1754052747.3194602,1,0,-114
1754052747.3554602,2,-3,-121
1754052747.39246,6,-7,-120
1754052747.43046,-2,-5,-117
1754052747.46946,0,-4,-103
1754052747.50546,-2,-9,-111
1754052747.54446,4,-6,-113
1754052747.58146,-4,-6,-120
1754052747.62046,0,0,-119
1754052747.65846,3,-1,-125
1754052747.6944602,-6,-1,-130
1754052747.73246,-7,-6,-119
1754052747.77046,-5,-2,-110
1754052747.8094602,-11,-2,-108
1754052747.8454602,-1,-1,-100
1754052747.88346,0,-2,-118
1754052747.92246,2,4,-120
1754052747.9604602,-5,0,-114
1754052747.99846,1,1,-120
1754052748.03446,0,-4,-129
1754052748.0724602,-2,-1,-113
1754052748.11046,-1,4,-101
1754052748.14946,-3,0,-118
1754052748.18546,-4,0,-115
1754052748.22246,-7,0,-112
1754052748.26046,12,-4,-113
1754052748.2994602,3,-1,-120
1754052748.3354602,0,0,-108
1754052748.37246,0,2,-118
1754052748.41046,3,-2,-117
1754052748.44946,1,-2,-121
1754052748.48546,-1,3,-119
1754052748.52346,5,2,-123
1754052748.56146,13,5,-122
1754052748.60046,1,-1,-114
1754052748.6384602,-11,2,-119
1754052748.6744602,0,0,-107
1754052748.71146,-1,4,-116
1754052748.75046,-3,0,-105
1754052748.7864602,-7,-8,-116
1754052748.82446,-7,-5,-109
1754052748.86246,3,0,-107
1754052748.90046,1,-6,-116
1754052748.93946,6,-11,-121
1754052748.97546,3,-6,-123
1754052749.0134602,0,-2,-115
1754052749.05146,0,-6,-121
1754052749.09046,-2,1,-120
1754052749.12646,0,-1,-123
1754052749.1644602,1,-4,-116
1754052749.20246,2,-6,-120
1754052749.2404602,1,0,-113
1754052749.2794602,-2,0,-115
1754052749.3154602,-6,6,-109
1754052749.35346,3,2,-103
1754052749.3914602,2,0,-116
1754052749.43046,6,0,-119
1754052749.46646,3,0,-111
1754052749.50446,3,-1,-118
1754052749.5424602,3,-4,-122
1754052749.58046,3,0,-110
1754052749.61946,-1,0,-106
1754052749.65546,0,8,-110
1754052749.69346,-8,4,-116
1754052749.73146,-9,-1,-113
1754052749.7694602,-3,0,-112
1754052749.80546,4,-1,-116
1754052749.84346,9,-1,-126
1754052749.8814602,2,0,-122
1754052749.92046,1,-4,-109
1754052749.95646,-3,-5,-118
1754052749.99446,8,-2,-115
1754052750.0324602,3,0,-116
1754052750.07146,-1,1,-120
1754052750.10946,1,-3,-122
1754052750.14546,4,-1,-121
1754052750.18346,7,3,-109
1754052750.22146,8,0,-112
1754052750.26046,2,-2,-128
1754052750.30346,1,-5,-122
1754052750.34146,5,-1,-113
1754052750.38046,6,-6,-111
1754052750.41646,3,-5,-99
1754052750.45446,0,-2,-110
1754052750.49246,1,-2,-118
1754052750.53146,1,-3,-114
1754052750.5694602,-8,-6,-112
1754052750.6054602,-4,-5,-115
1754052750.64346,0,-1,-119
1754052750.68246,-1,0,-118
1754052750.7204602,1,0,-123
1754052750.7564602,-1,0,-118
1754052750.79546,0,3,-116
1754052750.8324602,-10,-1,-116
1754052750.8714602,-2,-5,-125
1754052750.9074602,0,-1,-121
1754052750.94546,-2,-2,-114
1754052750.9834602,-9,-4,-123
1754052751.02146,-7,0,-122
1754052751.06046,-3,-6,-115
1754052751.09646,-2,0,-119
1754052751.1344602,-4,2,-109
1754052751.17346,0,6,-110
1754052751.21146,-1,3,-114
1754052751.24746,1,-2,-113
1754052751.28546,-2,7,-113
1754052751.32346,1,-1,-117
1754052751.3614602,-5,-2,-111
1754052751.40046,-1,-1,-114
1754052751.43646,-6,2,-123
1754052751.47446,-6,-4,-131
1754052751.51246,9,2,-114
1754052751.55146,1,0,-122
1754052751.58746,1,0,-120
1754052751.62446,2,-4,-117
1754052751.66246,4,5,-110
1754052751.70146,8,3,-107
1754052751.73746,2,2,-106
1754052751.77446,-2,0,-118
1754052751.8124602,-4,0,-115
1754052751.85146,2,-4,-110
1754052751.88746,0,-8,-109
1754052751.92546,-2,-5,-120
1754052751.9634602,-5,0,-106
1754052752.00246,-5,0,-109
1754052752.04046,-1,2,-119
1754052752.07646,7,-2,-120
1754052752.11446,6,-1,-120
1754052752.15246,0,2,-129
1754052752.19146,1,4,-117
1754052752.22746,-3,0,-122
1754052752.26546,2,-3,-113
1754052752.30346,0,-8,-112
1754052752.3424602,0,3,-118
1754052752.38046,4,-5,-125
1754052752.41646,3,-2,-125
1754052752.45446,0,1,-116
1754052752.49246,0,1,-115
1754052752.53146,4,3,-111
1754052752.56746,8,-2,-103
1754052752.6054602,5,0,-112
1754052752.64346,3,1,-109
1754052752.68246,3,-3,-120
1754052752.7204602,1,-3,-126
1754052752.7564602,0,4,-116
1754052752.79346,0,1,-115
1754052752.8324602,4,-2,-114
1754052752.87046,0,6,-125
1754052752.90646,2,2,-114
1754052752.9444602,-6,-3,-110
1754052752.98246,5,4,-95
1754052753.01846,5,-1,-106
1754052753.05646,4,2,-113
1754052753.09446,3,2,-109
1754052753.13246,4,-2,-118
1754052753.1714602,-3,-6,-120
1754052753.2074602,-4,0,-114
1754052753.24546,-5,-2,-122
1754052753.28346,-3,2,-106
1754052753.3224602,-8,0,-110
1754052753.3584602,-5,2,-116
1754052753.39646,-3,5,-106
1754052753.4344602,0,1,-117
1754052753.47246,1,1,-114
1754052753.51146,-2,0,-133
1754052753.54746,-3,2,-118
1754052753.5854602,-9,-1,-113
1754052753.62346,-8,2,-113
1754052753.66246,-3,3,-112
1754052753.69846,0,-4,-117
1754052753.7364602,2,-2,-110
1754052753.77446,1,-5,-103
1754052753.81346,-1,-4,-112
1754052753.85146,-3,-7,-117
1754052753.88746,-4,-2,-116
1754052753.92546,-2,2,-113
1754052753.9634602,0,-1,-116
1754052754.00246,-8,4,-110
1754052754.03846,0,0,-114
1754052754.07646,-10,-7,-116
1754052754.11446,-1,-6,-113
1754052754.15346,-4,-2,-116
1754052754.19146,2,1,-115
1754052754.22746,-3,3,-112
1754052754.2664602,1,0,-122
1754052754.30346,-2,0,-105
1754052754.3424602,0,-3,-115
1754052754.37946,3,2,-119
1754052754.41646,-5,-1,-114
1754052754.45446,-2,0,-112
1754052754.4934602,2,-1,-92
1754052754.53146,-5,6,-110
1754052754.56746,-5,4,-123
1754052754.6054602,0,2,-122
1754052754.64346,-3,-5,-115
1754052754.68246,-4,0,-115
1754052754.71846,2,-2,-112
1754052754.75746,4,-5,-109
1754052754.79446,0,0,-120
1754052754.83346,0,-3,-116
1754052754.8714602,-2,-3,-124
1754052754.9074602,4,-2,-124
1754052754.94546,1,-7,-117
1754052754.9834602,0,-5,-112
1754052755.02246,0,-3,-120
1754052755.05846,1,0,-119
1754052755.0954602,2,7,-118
1754052755.13346,0,1,-111
1754052755.17246,2,-1,-110
1754052755.20846,2,-8,-101
1754052755.2464602,-8,-2,-112
1754052755.28446,0,-4,-111
1754052755.32346,-2,0,-110
1754052755.35946,-1,4,-111
1754052755.39746,5,0,-106
1754052755.43546,3,-3,-109
1754052755.4734602,-4,-8,-112
1754052755.51246,-1,1,-111
1754052755.54846,0,2,-113
1754052755.5854602,-7,-4,-116
1754052755.62346,-5,9,-122
1754052755.66246,3,-2,-115
1754052755.69846,-3,1,-113
1754052755.73746,1,0,-123
1754052755.77446,5,-1,-119
1754052755.81346,1,3,-107
1754052755.84946,3,5,-107
1754052755.88646,0,-3,-106
1754052755.9244602,-7,-7,-108
1754052755.9634602,-1,0,-116
1754052755.99946,-7,3,-124
1754052756.03746,-1,0,-117
1754052756.0754602,-3,0,-103
1754052756.11446,3,-3,-115
1754052756.15246,6,2,-111
1754052756.18846,0,0,-112
1754052756.22646,1,-2,-115
1754052756.26446,9,-3,-128
1754052756.30346,10,-5,-127
1754052756.33946,5,-1,-125
1754052756.37746,6,-2,-121
1754052756.41646,3,-6,-119
1754052756.45446,-6,-2,-117
1754052756.49246,-1,1,-117
1754052756.5294602,1,-1,-126
1754052756.56646,2,2,-108
1754052756.60446,5,1,-119
1754052756.64346,0,-3,-115
1754052756.67946,2,1,-125
1754052756.71646,3,0,-117
1754052756.75446,2,-1,-119
1754052756.79346,1,0,-117
1754052756.82946,10,2,-110
1754052756.86646,-2,-5,-105
1754052756.9044602,2,-1,-123
1754052756.94346,2,3,-118
1754052756.97946,3,3,-113
1754052757.0164602,2,6,-117
1754052757.05446,6,-3,-127
1754052757.09346,4,0,-116
1754052757.12946,9,-3,-118
1754052757.1674602,0,-3,-110
1754052757.20546,0,-2,-122
1754052757.24446,2,-6,-111
1754052757.28046,3,-3,-116
1754052757.31846,4,0,-122
1754052757.35646,3,0,-123
1754052757.3944602,-3,-5,-109
1754052757.43346,2,-1,-118
1754052757.46946,-2,-4,-115
1754052757.50746,0,2,-109
1754052757.54546,0,8,-109
1754052757.58446,-8,-2,-113
1754052757.62046,-2,-2,-119
1754052757.65846,1,-5,-119
1754052757.69646,8,2,-121
1754052757.73546,3,5,-110
1754052757.77346,0,-2,-108
1754052757.8094602,-6,-3,-109
1754052757.84746,-2,3,-123
1754052757.88546,1,0,-116
1754052757.9244602,-5,0,-119
1754052757.9604602,0,0,-116
1754052757.99746,3,-2,-117
1754052758.03546,4,0,-115
1754052758.07446,3,-2,-121
1754052758.11046,-4,-3,-108
1754052758.14846,0,-3,-115
1754052758.18646,9,-1,-117
1754052758.22546,1,2,-122
1754052758.2634602,-1,1,-125
1754052758.2994602,-5,0,-127
1754052758.33646,-7,1,-112
1754052758.37546,2,5,-113
1754052758.41346,7,-4,-122
1754052758.44946,2,-2,-114
1754052758.48746,-1,0,-121
1754052758.52546,-6,-2,-121
1754052758.56446,-3,-2,-110
1754052758.60046,3,-4,-109
1754052758.63746,-4,-9,-119
1754052758.67546,0,-4,-108
1754052758.71446,0,0,-114
1754052758.75046,-3,0,-109
1754052758.78846,0,-2,-113
1754052758.82646,-6,3,-115
1754052758.8654602,-6,5,-115
1754052758.90346,3,0,-118
1754052758.93946,-2,-7,-107
1754052758.97746,1,-1,-124
1754052759.01546,-1,1,-117
1754052759.05446,0,-4,-115
1754052759.09046,5,0,-118
1754052759.12746,-1,-1,-123
1754052759.16546,4,-5,-114
1754052759.20446,2,-2,-118
1754052759.2404602,-4,1,-112
1754052759.27846,3,5,-115
1754052759.31646,3,6,-104
1754052759.3554602,4,4,-99
1754052759.3914602,6,1,-113
1754052759.42946,1,-4,-118
1754052759.4674602,-1,-2,-121
1754052759.5064602,2,-1,-118
1754052759.54446,-4,-4,-113
1754052759.58146,0,-11,-103
1754052759.6184602,2,-4,-108
1754052759.65646,3,-2,-116
1754052759.69546,1,-5,-104
1754052759.73146,5,1,-102
1754052759.76846,6,3,-99
1754052759.80646,3,0,-109
1754052759.8454602,3,-1,-104
1754052759.8814602,-3,0,-103
1754052759.91846,-3,0,-109
1754052759.95646,-9,-4,-109
1754052759.99546,-6,-9,-104
1754052760.03146,-6,-4,-116
1754052760.0694602,-5,-1,-109
1754052760.10746,5,0,-113
1754052760.14646,3,0,-121
1754052760.1844602,3,0,-115
1754052760.2204602,0,4,-124
1754052760.25746,3,1,-115
1754052760.2964602,-2,-3,-115
1754052760.34046,-1,0,-113
1754052760.37946,3,1,-123
1754052760.41646,0,0,-120
1754052760.45546,9,1,-110
1754052760.49146,4,0,-110
1754052760.52846,-7,1,-122
1754052760.56646,-3,0,-117
1754052760.6054602,0,-9,-126
1754052760.6414602,2,-3,-122
1754052760.67946,1,-7,-116
1754052760.7174602,0,0,-119
1754052760.7564602,3,-4,-113
1754052760.79446,0,-3,-108
1754052760.83046,4,-5,-106
1754052760.86946,0,-2,-108
1754052760.90646,7,0,-103
1754052760.94546,5,2,-108
1754052760.98146,6,-8,-109
1754052761.0194602,2,-1,-113
1754052761.05746,1,0,-122
1754052761.09646,0,-8,-113
1754052761.1344602,0,-4,-120
1754052761.17046,2,-4,-114
1754052761.20846,-2,0,-110
1754052761.2464602,-3,0,-116
1754052761.28546,0,2,-123
1754052761.32146,3,-3,-122
1754052761.35946,-3,-3,-112
1754052761.39846,-2,3,-121
1754052761.43646,-3,4,-121
1754052761.47246,-5,2,-106
1754052761.51146,-4,-1,-111
1754052761.54846,4,2,-120
1754052761.58646,-1,7,-114
1754052761.62546,2,-5,-112
1754052761.6614602,-2,-10,-117
1754052761.69946,1,1,-110
1754052761.73746,0,-8,-117
1754052761.7764602,4,-10,-120
1754052761.8124602,3,-4,-116
1754052761.85046,-1,2,-101
1754052761.8884602,-4,0,-114
1754052761.9274602,-2,5,-123
1754052761.96546,-4,2,-115
1754052762.00246,0,-2,-105
1754052762.0394602,0,0,-104
1754052762.07746,5,-2,-119
1754052762.11646,2,-3,-116
1754052762.15546,3,-8,-121
1754052762.19146,8,-7,-112
1754052762.22946,2,-1,-110
1754052762.26746,-3,6,-119
1754052762.30646,2,2,-109
1754052762.3424602,0,-3,-111
1754052762.3814602,-4,0,-117
1754052762.41846,1,-1,-121
1754052762.4574602,-4,1,-115
1754052762.49546,-4,-2,-119
1754052762.53146,-5,-2,-122
1754052762.5694602,-4,-4,-119
1754052762.60746,-5,-1,-123
1754052762.64646,-6,-8,-118
1754052762.68246,0,-3,-109
1754052762.72146,4,-2,-105
1754052762.75846,7,-3,-124
1754052762.79746,2,-4,-111
1754052762.8354602,-1,-2,-110
1754052762.8714602,3,1,-117
1754052762.90846,0,1,-120
1754052762.9474602,-2,-6,-122
1754052762.98546,3,1,-115
1754052763.02146,-5,0,-128
1754052763.0594602,0,-4,-128
1754052763.09746,0,0,-120
1754052763.13646,-2,0,-111
1754052763.17246,3,-6,-116
1754052763.2104602,6,-8,-128
1754052763.24846,0,-4,-113
1754052763.28746,1,2,-109
1754052763.3254602,2,-7,-108
1754052763.3614602,1,-2,-106
1754052763.39946,-1,-2,-115
1754052763.4374602,0,-1,-116
1754052763.47646,-1,-2,-113
1754052763.51246,-6,-2,-115
1754052763.55046,4,0,-124
1754052763.5884602,11,-4,-121
1754052763.62746,0,-3,-100
1754052763.66346,-5,3,-111
1754052763.70146,-8,-1,-113
1754052763.73946,2,0,-117
1754052763.77746,-2,-3,-115
1754052763.81646,0,0,-104
1754052763.85246,0,1,-110
1754052763.89046,1,4,-103
1754052763.92846,3,0,-107
1754052763.9674602,-5,-1,-120
1754052764.0034602,1,-3,-111
1754052764.04146,-4,-1,-110
1754052764.08046,-5,0,-121
1754052764.11746,2,0,-118
1754052764.15646,-7,0,-111
1754052764.19246,-4,4,-117
1754052764.2304602,-5,-8,-117
1754052764.26846,-2,-2,-115
1754052764.30746,-1,-2,-117
1754052764.34346,-2,-2,-118
1754052764.3814602,-2,1,-113
1754052764.41946,-6,-2,-127
1754052764.45846,-4,-1,-115
1754052764.4964602,-4,-2,-119
1754052764.5324602,-2,0,-105
1754052764.57146,2,-1,-115
1754052764.6084602,0,0,-125
1754052764.64746,0,-6,-123
1754052764.68346,8,-4,-115
1754052764.72246,3,-3,-115
1754052764.7594602,0,2,-110
1754052764.79846,0,-1,-109
1754052764.83646,2,4,-101
1754052764.87246,-1,0,-111
1754052764.90946,-3,-1,-117
1754052764.94846,3,0,-120
1754052764.9864602,6,-2,-124
1754052765.02246,4,1,-119
1754052765.0594602,-4,2,-118
1754052765.0984602,-6,1,-121
1754052765.13646,-2,6,-118
1754052765.17246,3,0,-118
1754052765.20946,0,-4,-108
1754052765.24846,3,-3,-119
1754052765.2864602,-1,-5,-115
1754052765.3224602,-1,0,-118
1754052765.36046,0,-10,-107
1754052765.39846,3,-4,-106
1754052765.4374602,8,-6,-101
1754052765.4734602,0,0,-110
1754052765.51146,-2,-1,-114
1754052765.5494602,1,-8,-114
1754052765.5884602,-2,-2,-141
1754052765.62446,-1,0,-122
1754052765.6614602,-4,0,-126
1754052765.7004602,6,0,-112
1754052765.73846,2,1,-113
1754052765.77446,3,-3,-104
1754052765.8124602,0,7,-117
1754052765.85046,0,0,-118
1754052765.8884602,-3,6,-100
1754052765.9274602,2,-2,-106
1754052765.9634602,6,-2,-109
1754052766.00146,8,-3,-115
1754052766.0394602,3,-2,-115
1754052766.07846,0,-2,-120
1754052766.11446,4,-7,-123
1754052766.15246,-2,-10,-108
1754052766.1904602,0,-6,-117
1754052766.22946,0,-5,-109
1754052766.26746,8,-4,-122
1754052766.30346,0,-1,-114
1754052766.34046,2,-2,-122
1754052766.37946,4,0,-123
1754052766.4174602,-1,5,-120
1754052766.45446,0,1,-128
1754052766.49246,-3,4,-118
1754052766.5294602,2,1,-115
1754052766.56846,2,-3,-120
1754052766.60446,-2,0,-113
1754052766.64246,-2,0,-105
1754052766.67946,-3,-2,-119
1754052766.71846,0,7,-115
1754052766.75446,0,-3,-110
1754052766.7924602,3,-5,-110
1754052766.83046,-2,-2,-117
1754052766.86946,-7,0,-119
1754052766.9074602,-1,-2,-125
1754052766.94346,6,-3,-123
1754052766.98146,-2,-2,-125
1754052767.0194602,0,-1,-120
1754052767.05846,8,-1,-108
1754052767.09446,0,2,-102
1754052767.1314602,-1,-5,-105
1754052767.16946,0,-2,-118
1754052767.20846,9,-3,-108
1754052767.24446,2,-2,-110
1754052767.28346,0,4,-117
1754052767.32046,-4,1,-106
1754052767.35946,-1,-2,-106
1754052767.39746,-1,-1,-117
1754052767.4344602,-3,-2,-119
1754052767.47246,0,-3,-120
1754052767.5094602,4,0,-117
1754052767.54846,0,-8,-123
1754052767.58446,0,2,-118
1754052767.6214602,-4,-3,-117
1754052767.65946,-7,-2,-113
1754052767.69846,-7,1,-110
1754052767.73446,-10,0,-105
1754052767.77246,-5,0,-111
1754052767.81046,0,-2,-114
1754052767.84946,2,-4,-110
1754052767.88546,3,-3,-113
1754052767.92346,0,-15,-115
1754052767.96246,5,-8,-122
1754052767.99946,3,2,-119
1754052768.03846,0,0,-122
1754052768.07446,-7,-1,-108
1754052768.11246,-2,0,-113
1754052768.15046,-1,0,-113
1754052768.18946,-1,-2,-115
1754052768.22546,1,-1,-104
1754052768.2634602,4,1,-100
1754052768.30146,4,-3,-116
1754052768.33946,0,-1,-114
1754052768.3784602,0,0,-120
1754052768.4144602,2,3,-117
1754052768.45146,-6,0,-112
1754052768.4904602,5,-1,-121
1754052768.52846,-6,4,-115
1754052768.56446,-4,4,-126
1754052768.60246,2,7,-116
1754052768.6414602,-4,3,-114
1754052768.67946,-1,-1,-109
1754052768.71546,0,0,-120
1754052768.75246,-3,2,-115
1754052768.79146,-1,-3,-106
1754052768.82946,3,0,-106
1754052768.8654602,-1,-1,-109
1754052768.90346,0,0,-113
1754052768.94146,1,3,-111
1754052768.9804602,7,0,-116
1754052769.01846,1,0,-118
1754052769.05446,0,-5,-125
1754052769.0924602,1,-2,-130
1754052769.13046,0,9,-120
1754052769.16946,-5,2,-133
1754052769.20546,-3,3,-126
1754052769.2434602,-2,-6,-114
1754052769.28146,-2,-5,-117
1754052769.32046,6,-8,-114
1754052769.3584602,8,0,-126
1754052769.3944602,4,-1,-122
1754052769.43246,1,0,-120
1754052769.4704602,-6,-1,-118
1754052769.5094602,-1,-2,-117
1754052769.54546,-4,2,-113
1754052769.58346,0,0,-120
1754052769.6214602,-2,1,-119
1754052769.66046,-3,3,-112
1754052769.69646,-4,1,-103
1754052769.73446,0,-1,-106
1754052769.77246,0,-4,-110
1754052769.81046,1,-2,-114
1754052769.84946,-1,-2,-117
1754052769.88546,1,-1,-106
1754052769.9244602,7,0,-110
1754052769.96146,4,6,-124
1754052770.00046,-4,-2,-121
1754052770.0364602,4,-2,-115
1754052770.07446,3,2,-111
1754052770.11246,-1,-4,-122
1754052770.1514602,-7,-2,-118
1754052770.18946,0,0,-107
1754052770.22546,6,0,-116
1754052770.26246,0,-7,-110
1754052770.30046,-5,-6,-117
1754052770.34446,0,-7,-116
1754052770.38246,3,0,-112
1754052770.42046,0,-3,-116
1754052770.45946,5,-9,-110
1754052770.49546,6,-6,-113
1754052770.53346,6,-3,-108
1754052770.57146,2,-1,-103
1754052770.61046,1,-3,-113
1754052770.64646,0,-1,-112
1754052770.6844602,-3,9,-123
1754052770.72246,-5,-2,-111
1754052770.76146,-5,-4,-120
1754052770.7994602,-1,-3,-118
1754052770.8354602,3,1,-114
1754052770.87246,5,-1,-113
1754052770.9114602,4,2,-114
1754052770.94946,3,0,-113
1754052770.98546,-4,2,-127
1754052771.02346,-3,-3,-123
1754052771.06146,-1,-4,-114
1754052771.10046,1,0,-109
1754052771.13646,1,-2,-121
1754052771.1744602,-3,0,-122
1754052771.21246,-6,0,-119
1754052771.25146,-1,0,-120
1754052771.2894602,-1,-3,-106
1754052771.3254602,-2,5,-103
1754052771.36346,2,4,-109
1754052771.4014602,6,2,-120
1754052771.4404602,1,0,-122
1754052771.47646,-3,-6,-114
1754052771.51446,-3,-2,-115
1754052771.5524602,4,1,-121
1754052771.59146,4,2,-112
1754052771.62946,3,1,-127
1754052771.66546,-3,2,-124
1754052771.70346,0,-7,-114
1754052771.74146,0,-6,-120
1754052771.78146,-6,0,-119
1754052771.81746,1,4,-119
1754052771.85446,-1,3,-111
1754052771.89246,4,0,-119
1754052771.93146,7,-3,-128
1754052771.9674602,10,-5,-113
1754052772.0064602,11,-4,-114
1754052772.04346,-1,0,-119
1754052772.08146,4,2,-128
1754052772.12046,5,0,-112
1754052772.15646,4,-1,-109
1754052772.1944602,5,-1,-116
1754052772.23246,1,6,-110
1754052772.27146,0,-2,-112
1754052772.30746,-4,0,-122
1754052772.34646,-1,0,-116
1754052772.3844602,0,-1,-112
1754052772.4214602,-1,4,-108
1754052772.4604602,0,-3,-123
1754052772.4964602,0,-1,-122
1754052772.53446,2,2,-119
1754052772.57346,-6,-2,-116
1754052772.6114602,10,1,-112
1754052772.64746,4,-6,-121
1754052772.68546,3,-5,-118
1754052772.7234602,9,-7,-110
1754052772.76246,2,-3,-108
1754052772.80046,1,-4,-106
1754052772.83646,-3,-2,-122
1754052772.87446,2,0,-116
1754052772.91246,-2,-1,-117
1754052772.95146,-6,0,-117
1754052772.98746,-1,-3,-119
1754052773.02546,-6,-5,-117
1754052773.06346,-3,-5,-111
1754052773.10246,-6,-1,-109
1754052773.14046,0,-1,-111
1754052773.17646,-3,1,-104
1754052773.21446,4,1,-120
1754052773.25246,1,1,-111
1754052773.29146,-3,0,-113
1754052773.32746,3,4,-111
1754052773.36446,4,5,-118
1754052773.40246,0,-1,-117
1754052773.44146,3,2,-108
1754052773.47746,3,2,-121
1754052773.51446,3,2,-115
1754052773.5524602,-3,0,-120
1754052773.59046,4,-6,-122
1754052773.62646,2,-3,-123
1754052773.6644602,0,3,-121
1754052773.70246,0,-2,-119
1754052773.74146,2,1,-123
1754052773.77746,0,0,-116
1754052773.81446,3,-5,-115
1754052773.85246,5,-1,-119
1754052773.8914602,-1,-6,-118
1754052773.9274602,-1,0,-130
1754052773.96546,-2,-4,-124
1754052774.0034602,-4,-4,-115
1754052774.0424602,-1,0,-114
1754052774.07846,1,2,-115
1754052774.1154602,6,-3,-111
1754052774.15346,5,-1,-115
1754052774.19246,5,0,-116
1754052774.22846,7,-7,-107
1754052774.2664602,3,-7,-112
1754052774.30546,0,-3,-125
1754052774.3424602,-4,-11,-116
1754052774.3814602,4,-10,-108
1754052774.4174602,5,-12,-117
1754052774.45546,-2,-1,-112
1754052774.4934602,2,7,-124
1754052774.5324602,0,-5,-124
1754052774.56846,5,-3,-123
1754052774.60646,2,-4,-115
1754052774.6444602,3,-2,-116
1754052774.68346,0,-5,-119
1754052774.72146,1,-1,-114
1754052774.75746,4,0,-123
1754052774.7964602,0,1,-106
1754052774.83346,7,-1,-99
1754052774.87246,11,0,-101
1754052774.90846,5,1,-107
1754052774.94646,0,0,-116
1754052774.9834602,-1,0,-116
1754052775.02246,3,4,-110
1754052775.05846,4,4,-110
1754052775.09646,0,-5,-126
1754052775.13346,0,-2,-122
1754052775.17246,-2,2,-118
1754052775.20846,0,1,-119
1754052775.2464602,-4,-6,-109
1754052775.28346,6,-8,-113
1754052775.3224602,-1,-6,-122
1754052775.3584602,-2,-2,-117
1754052775.39646,5,-2,-114
1754052775.4344602,3,2,-109
1754052775.4734602,-8,-2,-103
1754052775.51146,0,-4,-119
1754052775.54846,-2,0,-114
1754052775.5854602,0,0,-121
1754052775.62346,-8,-4,-119
1754052775.66246,-6,-3,-96
1754052775.69846,0,-5,-109
1754052775.7364602,-2,-2,-107
1754052775.77546,4,2,-114
1754052775.81346,-3,-4,-109
1754052775.84946,-5,-2,-122
1754052775.8884602,-12,3,-112
1754052775.92546,-4,-2,-113
1754052775.9634602,-6,-2,-117
1754052776.00246,-5,1,-117
1754052776.03846,-7,0,-114
1754052776.0754602,0,-3,-125
1754052776.11346,1,-4,-113
1754052776.15246,-3,0,-118
1754052776.18846,-1,2,-122
1754052776.22646,-2,2,-124
1754052776.26446,1,0,-115
1754052776.30346,-4,-4,-124
1754052776.33946,0,-6,-110
1754052776.37646,5,-4,-122
1754052776.4144602,0,-8,-122
1754052776.45346,0,1,-125
1754052776.48946,0,0,-121
1754052776.5264602,-1,0,-121
1754052776.56446,0,0,-118
1754052776.60346,0,0,-107
1754052776.63946,0,1,-103
1754052776.67646,0,-3,-119
1754052776.71446,2,-2,-121
1754052776.7534602,7,-3,-113
1754052776.7894602,-2,-1,-130
1754052776.82746,4,4,-117
1754052776.8654602,14,0,-119
1754052776.9044602,5,-4,-116
1754052776.94246,3,-7,-120
1754052776.97846,7,-10,-116
1754052777.0164602,0,-8,-105
1754052777.05446,-1,-4,-114
1754052777.09346,-7,-10,-116
1754052777.12946,-11,-6,-111
1754052777.1674602,-6,-3,-103
1754052777.20546,1,-2,-117
1754052777.24446,-1,-5,-121
1754052777.2824602,-3,-1,-121
1754052777.31846,2,-4,-116
1754052777.35646,4,-4,-112
1754052777.3944602,7,-1,-104
1754052777.43346,3,1,-122
1754052777.46946,-4,-1,-127
1754052777.50846,-2,0,-126
1754052777.54546,-3,1,-122
1754052777.58446,0,1,-125
1754052777.62246,-5,0,-122
1754052777.65846,2,1,-125
1754052777.69546,0,5,-119
1754052777.73446,0,0,-112
1754052777.77246,2,-2,-122
1754052777.80846,0,1,-115
1754052777.8454602,3,0,-120
1754052777.8844602,-8,0,-110
1754052777.92246,-6,-2,-116
1754052777.95846,-6,0,-126
1754052777.9964602,-7,0,-118
1754052778.03446,3,-5,-124
1754052778.07346,8,-4,-132
1754052778.10946,4,-6,-136
1754052778.14746,-2,-3,-126
1754052778.18546,-2,0,-107
1754052778.22446,-1,3,-117
1754052778.26046,-1,0,-123
1754052778.29846,0,2,-112
1754052778.33746,-2,0,-116
1754052778.37446,2,-5,-113
1754052778.41346,0,0,-114
1754052778.44946,5,1,-118
1754052778.4864602,3,1,-124
1754052778.52446,-3,0,-119
1754052778.56346,-2,5,-111
1754052778.59946,6,2,-111
1754052778.63746,3,-6,-122
1754052778.6744602,5,0,-112
1754052778.7134602,1,1,-110
1754052778.74946,0,-4,-115
1754052778.78746,0,-3,-105
1754052778.8254602,-2,-4,-103
1754052778.86446,-1,-7,-108
1754052778.90046,0,0,-102
1754052778.93846,5,6,-111
1754052778.97646,5,-3,-114
1754052779.01546,5,-2,-120
1754052779.05346,0,-4,-117
1754052779.08946,-1,-3,-117
1754052779.1284602,3,-5,-125
1754052779.16546,-3,-2,-111
1754052779.20446,0,-1,-119
1754052779.2404602,0,0,-114
1754052779.27746,0,2,-119
1754052779.3154602,3,-9,-116
1754052779.35446,1,-5,-102
1754052779.39046,5,-2,-102
1754052779.42846,4,-5,-127
1754052779.46646,1,-3,-129
1754052779.50546,0,-1,-127
1754052779.54346,0,0,-122
1754052779.57946,0,1,-115
1754052779.61646,3,0,-123
1754052779.65546,-3,0,-122
1754052779.69346,2,-4,-118
1754052779.72946,-4,-7,-125
1754052779.76746,-1,5,-114
1754052779.80546,11,3,-114
1754052779.84446,6,-3,-120
1754052779.88046,3,-2,-125
1754052779.91846,4,-10,-121
1754052779.9574602,-1,-1,-114
1754052779.99546,-4,-8,-119
1754052780.03346,-6,0,-116
1754052780.0694602,-3,0,-111
1754052780.10746,5,0,-110
1754052780.14546,4,-2,-121
1754052780.1844602,0,-4,-118
1754052780.2204602,-1,-5,-113
1754052780.25846,-3,-11,-132
1754052780.2964602,3,-9,-125
1754052780.3354602,3,1,-114
1754052780.37946,0,-9,-116
1754052780.4174602,2,-5,-119
1754052780.45546,5,-2,-117
1754052780.49446,6,4,-111
1754052780.53046,2,3,-119
1754052780.56746,1,-2,-114
1754052780.6054602,1,-1,-111
1754052780.6444602,-3,-8,-109
1754052780.68046,2,0,-114
1754052780.7174602,0,-6,-119
1754052780.75546,-10,0,-119
1754052780.79446,-4,0,-123
1754052780.83046,0,0,-120
1754052780.86746,6,-1,-119
1754052780.90546,5,-7,-130
1754052780.9444602,0,-2,-121
1754052780.9804602,1,-1,-121
1754052781.01846,3,-3,-118
1754052781.05746,3,-4,-110
1754052781.0954602,7,-7,-115
1754052781.1314602,6,-2,-113
1754052781.17046,5,0,-111
1754052781.2074602,8,2,-118
1754052781.2464602,-1,-7,-111
1754052781.28446,3,-8,-111
1754052781.32046,0,0,-116
1754052781.35746,1,-8,-119
1754052781.39646,-2,-4,-102
1754052781.4344602,-5,-7,-96
1754052781.4704602,-2,-6,-108
1754052781.50846,-1,0,-111
1754052781.5464602,-7,-3,-112
1754052781.5854602,1,0,-118
1754052781.6214602,-1,2,-116
1754052781.65946,-7,0,-114
1754052781.6974602,-4,2,-110
1754052781.7364602,-4,-1,-111
1754052781.77446,-6,0,-115
1754052781.81046,-3,-6,-122
1754052781.8484602,4,-2,-129
1754052781.88646,2,-4,-117
1754052781.92546,0,-5,-125
1754052781.96146,0,-9,-111
1754052781.99946,-1,-9,-127
1754052782.03746,0,-5,-119
1754052782.07646,-5,-4,-132
1754052782.11446,-7,0,-117
1754052782.15046,-10,-1,-125
1754052782.18846,-1,-3,-114
1754052782.22646,-5,4,-124
1754052782.26546,-4,2,-124
1754052782.30146,3,1,-116
1754052782.3384602,-3,0,-104
1754052782.37646,-6,2,-105
1754052782.41546,-3,3,-102
1754052782.45146,-3,-1,-119
1754052782.48946,2,-9,-119
1754052782.52746,0,0,-120
1754052782.56646,3,-1,-115
1754052782.60246,2,-3,-119
1754052782.64046,5,-1,-116
1754052782.67846,4,-3,-119
1754052782.71646,3,-5,-122
1754052782.75546,-3,-4,-123
1754052782.79146,1,-1,-113
1754052782.82946,5,-3,-109
1754052782.86746,0,1,-114
1754052782.90646,0,-4,-113
1754052782.94246,2,-2,-122
1754052782.9804602,0,2,-116
1754052783.0194602,-2,-7,-117
1754052783.05746,3,-3,-126
1754052783.0954602,1,-4,-122
1754052783.1314602,1,4,-114
1754052783.16846,5,2,-114
1754052783.2074602,0,-7,-127
1754052783.24546,-3,6,-117
1754052783.28146,-1,2,-111
1754052783.3194602,-2,1,-95
1754052783.35746,-3,-2,-110
1754052783.39646,-1,1,-106
1754052783.43246,0,5,-107
1754052783.46946,-5,0,-99
1754052783.50746,-2,-5,-105
1754052783.5464602,-3,-3,-108
1754052783.5824602,5,-6,-105
1754052783.62046,5,-6,-105
1754052783.65946,7,-6,-104
1754052783.6974602,0,-5,-118
1754052783.73546,7,-12,-118
1754052783.77146,0,-12,-118
1754052783.8094602,6,-5,-108
1754052783.84746,9,-5,-109
1754052783.88646,0,-9,-113
1754052783.92246,1,-9,-119
1754052783.9604602,4,1,-123
1754052783.99846,3,-6,-107
1754052784.03746,-3,-10,-118
1754052784.0754602,2,-5,-122
1754052784.1114602,6,-3,-126
1754052784.14946,8,0,-117
1754052784.1874602,10,-3,-123
1754052784.22646,7,-1,-124
1754052784.26246,-1,0,-129
1754052784.30046,3,-2,-121
1754052784.3384602,-2,-3,-117
1754052784.37746,4,2,-120
1754052784.41346,-3,-7,-114
1754052784.45246,0,-2,-117
1754052784.48946,-3,5,-113
1754052784.52746,-2,5,-104
1754052784.56646,0,5,-109
1754052784.60246,1,5,-117
1754052784.63946,-1,2,-123
1754052784.6774602,-2,2,-119
1754052784.71646,1,-7,-111
1754052784.75246,-3,-11,-124
1754052784.79046,-3,-8,-113
1754052784.82846,0,5,-113
1754052784.86746,2,-1,-118
1754052784.90346,-5,1,-106
1754052784.94146,-5,-1,-125
1754052784.9804602,3,-4,-131
1754052785.01746,3,0,-136
1754052785.05646,0,-2,-123
1754052785.0924602,-7,0,-121
1754052785.13046,-1,3,-116
1754052785.16946,-3,-5,-118
1754052785.2074602,-8,-11,-118
1754052785.2434602,-4,-7,-122
1754052785.28146,-11,-4,-130
1754052785.3194602,4,-6,-137
1754052785.3584602,8,-2,-123
1754052785.39646,3,-3,-114
1754052785.43246,-1,-2,-105
1754052785.4704602,5,0,-117
1754052785.50846,1,-2,-115
1754052785.54746,-2,-3,-124
1754052785.58346,1,5,-127
1754052785.6214602,4,3,-132
1754052785.65946,6,2,-125
1754052785.69846,-2,1,-110
1754052785.7364602,-4,-5,-115
1754052785.77246,-6,-3,-131
1754052785.81046,1,-2,-122
1754052785.8484602,-2,-4,-118
1754052785.88746,-1,4,-117
1754052785.92346,-3,-1,-118
1754052785.96146,1,-2,-120
1754052785.99946,9,5,-123
1754052786.03846,3,3,-123
1754052786.07646,4,9,-110
1754052786.11246,2,3,-108
1754052786.14946,3,0,-116
1754052786.18846,5,1,-116
1754052786.22646,-2,0,-114
1754052786.26246,-2,0,-101
1754052786.30046,0,-3,-100
1754052786.33946,0,-2,-119
1754052786.37746,-1,-4,-126
1754052786.41346,-3,-6,-119
1754052786.45246,-1,-6,-117
1754052786.48946,0,-1,-117
1754052786.52846,6,5,-112
1754052786.56446,5,-3,-116
1754052786.60246,4,-6,-111
1754052786.64046,8,-3,-129
1754052786.67846,-5,-5,-123
1754052786.7174602,-6,-10,-125
1754052786.7534602,4,-2,-123
1754052786.79146,-2,1,-114
1754052786.82946,0,0,-126
1754052786.8684602,-6,-1,-114
1754052786.9044602,-6,-4,-111
1754052786.94346,1,-5,-117
1754052786.9804602,1,3,-121
1754052787.01846,0,1,-127
1754052787.05746,-3,1,-114
1754052787.09346,-12,2,-107
1754052787.1314602,-13,5,-118
1754052787.16946,-7,2,-124
1754052787.20846,0,-2,-112
1754052787.24446,5,-2,-123
1754052787.2824602,2,-2,-122
1754052787.32046,4,-1,-111
1754052787.35946,-4,-1,-119
1754052787.39746,3,1,-111
1754052787.43346,4,4,-114
1754052787.47246,2,-4,-130
1754052787.51046,-3,-3,-116
1754052787.54846,-4,-1,-121
1754052787.58446,0,-5,-109
1754052787.62246,1,-10,-108
1754052787.66046,-3,-6,-119
1754052787.69946,-5,0,-113
1754052787.73746,-7,-4,-110
1754052787.77346,-2,-2,-116
1754052787.81146,0,-4,-118
1754052787.84946,3,-3,-114
1754052787.8884602,4,-7,-121
1754052787.9244602,8,-1,-121
1754052787.96246,0,-4,-112
1754052788.00046,-2,-5,-108
1754052788.0394602,-4,0,-103
1754052788.07746,-3,-6,-116
1754052788.11346,-4,0,-126
1754052788.15046,3,0,-129
1754052788.18946,2,5,-122
1754052788.22746,4,0,-124
1754052788.2634602,0,-5,-120
1754052788.3024602,2,-5,-118
1754052788.33946,2,-11,-110
1754052788.3784602,-3,-6,-112
1754052788.4144602,-1,-6,-114
1754052788.45246,-1,-5,-106
1754052788.4904602,4,-2,-106
1754052788.5294602,0,7,-109
1754052788.5654602,-2,3,-117
1754052788.60346,-6,1,-129
1754052788.6414602,1,2,-123
1754052788.68046,0,0,-115
1754052788.71846,1,-4,-119
1754052788.75446,0,-4,-131
1754052788.79346,-3,-3,-114
1754052788.83046,1,-4,-118
1754052788.86946,0,2,-106
1754052788.90546,2,-4,-118
1754052788.94346,10,-2,-118
1754052788.98146,7,-1,-105
1754052789.0194602,0,-6,-123
1754052789.05846,4,-3,-120
1754052789.09446,-3,-3,-120
1754052789.13246,-6,-3,-116
1754052789.17046,3,-5,-112
1754052789.20946,2,-4,-116
1754052789.24546,6,0,-109
1754052789.2824602,0,1,-118
1754052789.32046,2,0,-113
1754052789.35946,6,1,-108
1754052789.39546,1,0,-100
1754052789.43346,-1,-8,-118
1754052789.47146,5,-9,-129
1754052789.51046,4,-9,-126
1754052789.54846,-1,1,-122
1754052789.58446,-3,6,-111
1754052789.62246,3,-2,-105
1754052789.66046,3,0,-117
1754052789.69946,-1,-3,-120
1754052789.73546,6,-3,-112
1754052789.77346,4,0,-99
1754052789.81146,3,1,-112
1754052789.85046,1,4,-107
1754052789.8884602,0,-3,-116
1754052789.9244602,-5,-2,-120
1754052789.96246,0,-5,-108
1754052790.00046,-9,-3,-120
1754052790.0394602,-5,3,-109
1754052790.0754602,-4,1,-106
1754052790.11346,-4,6,-113
1754052790.1514602,-3,-2,-120
1754052790.1904602,-1,-2,-122
1754052790.22846,9,0,-124
1754052790.26446,7,-4,-116
1754052790.3024602,1,0,-124
1754052790.34046,2,-2,-119
1754052790.38546,7,7,-116
1754052790.42246,-3,-2,-112
1754052790.46146,2,-2,-112
1754052790.49946,0,0,-113
1754052790.53546,0,2,-108
1754052790.5724602,-2,1,-116
1754052790.61046,1,0,-114
1754052790.64946,-1,-2,-112
1754052790.68546,3,2,-115
1754052790.72246,0,-4,-114
1754052790.76046,-2,-4,-120
1754052790.7994602,5,-8,-121
1754052790.8354602,0,-2,-120
1754052790.87346,2,-4,-121
1754052790.9114602,0,2,-117
1754052790.9504602,-5,-2,-127
1754052790.9864602,0,0,-113
1754052791.02346,-1,-5,-131
1754052791.06146,-9,0,-115
1754052791.10046,-5,-1,-113
1754052791.13646,-1,2,-107
1754052791.1744602,7,0,-111
1754052791.21246,0,0,-127
1754052791.25046,-5,0,-122
1754052791.2894602,-3,-1,-128
1754052791.3254602,-3,3,-118
1754052791.36446,1,-8,-108
1754052791.40246,-2,-4,-118
1754052791.4404602,-6,-6,-115
1754052791.47646,-7,-6,-111
1754052791.51446,-1,-3,-114
1754052791.5524602,3,-2,-121
1754052791.59146,-5,-3,-121
1754052791.62946,-5,2,-130
1754052791.66546,-9,-4,-126
1754052791.70346,-8,0,-111
1754052791.74146,3,-3,-124
1754052791.78046,-2,-5,-126
1754052791.81646,1,-1,-116
1754052791.85446,2,-3,-106
1754052791.89246,5,-3,-110
1754052791.93146,-3,2,-120
1754052791.96946,3,-1,-118
1754052792.00546,4,-9,-120
1754052792.04346,-1,0,-121
1754052792.08146,-3,-1,-113
1754052792.12046,-3,-3,-111
1754052792.15646,-8,-6,-115
1754052792.1944602,-10,-4,-121
1754052792.23246,-2,0,-115
1754052792.27146,2,0,-132
1754052792.3094602,-3,0,-124
1754052792.3454602,-2,0,-113
1754052792.38346,4,-1,-118
1754052792.4214602,4,1,-115
1754052792.4604602,1,-1,-118
1754052792.4964602,-2,0,-117
1754052792.53446,-1,-4,-123
1754052792.57346,1,0,-115
1754052792.6114602,-5,3,-110
1754052792.64746,-5,8,-118
1754052792.68646,3,-2,-108
1754052792.7234602,0,-1,-112
1754052792.76146,1,0,-111
1754052792.80046,0,-1,-107
1754052792.83646,0,-7,-110
1754052792.87546,1,-2,-116
1754052792.91246,-1,0,-121
1754052792.95146,-4,-3,-122
1754052792.98746,-2,-3,-111
1754052793.02546,4,2,-113
1754052793.06446,0,-4,-114
1754052793.10146,2,1,-114
1754052793.14046,0,-4,-110
1754052793.17646,0,-9,-108
1754052793.21446,-9,2,-115
1754052793.25246,-10,-6,-114
1754052793.29146,-4,-8,-109
1754052793.32746,-7,-8,-121
1754052793.3654602,-9,-4,-112
1754052793.40346,-8,-4,-110
1754052793.44146,-2,-4,-111
1754052793.4804602,1,0,-116
1754052793.5164602,3,0,-124
1754052793.55346,6,-6,-110
1754052793.5924602,1,-5,-115
1754052793.6314602,0,-6,-118
1754052793.6674602,-8,-1,-118
1754052793.70546,-5,0,-120
1754052793.7434602,-4,-4,-124
1754052793.7824602,-8,-6,-113
1754052793.82046,-2,-7,-108
1754052793.85646,-2,-2,-116
1754052793.8944602,4,-3,-117
1754052793.93246,8,-1,-133
1754052793.97146,5,-5,-128
1754052794.00746,0,-4,-123
1754052794.04546,-4,-2,-109
1754052794.08346,4,0,-121
1754052794.12246,5,2,-117
1754052794.16046,2,6,-119
1754052794.19646,-1,0,-118
1754052794.23446,-6,-3,-118
1754052794.27246,-4,-5,-117
1754052794.31146,-1,-6,-110
1754052794.34746,4,-5,-115
1754052794.38546,0,-5,-112
1754052794.42346,2,-7,-115
1754052794.46246,-3,-2,-118
1754052794.50046,-3,2,-114
1754052794.5364602,-2,-1,-118
1754052794.57446,1,-5,-119
1754052794.61246,1,-11,-119
1754052794.6514602,0,-6,-118
1754052794.6874602,0,0,-123
1754052794.72446,0,-1,-111
1754052794.76246,4,5,-107
1754052794.80146,0,2,-111
1754052794.83746,2,-2,-129
1754052794.87546,-3,0,-123
1754052794.91346,3,4,-120
1754052794.95246,7,0,-103
1754052794.98846,0,-1,-113
1754052795.0264602,1,0,-105
1754052795.06446,1,-6,-115
1754052795.10346,1,-2,-123
1754052795.1414602,2,3,-110
1754052795.17846,-1,5,-117
1754052795.21546,5,6,-127
1754052795.2534602,3,3,-119
1754052795.2924602,-1,0,-116
1754052795.32846,1,-6,-119
1754052795.36646,5,-4,-114
1754052795.4044602,-5,0,-103
1754052795.44346,3,4,-104
1754052795.48146,0,0,-116
1754052795.51746,-5,1,-116
1754052795.55546,-4,-4,-128
1754052795.59346,-3,-1,-123
1754052795.63246,0,1,-116
1754052795.66846,-9,-1,-122
1754052795.7074602,-4,-4,-125
1754052795.74546,-6,-1,-125
1754052795.78346,-1,-4,-113
1754052795.82146,4,-2,-115
1754052795.85746,3,0,-118
1754052795.89546,-2,-7,-125
1754052795.93346,3,-2,-132
1754052795.97146,4,0,-120
1754052796.00746,3,1,-125
1754052796.04446,2,-7,-119
1754052796.08346,1,-6,-116
1754052796.1214602,1,-5,-127
1754052796.1574602,1,0,-139
1754052796.1944602,6,-2,-124
1754052796.2334602,5,-6,-120
1754052796.27146,1,-7,-123
1754052796.30746,2,-9,-115
1754052796.3454602,-3,4,-118
1754052796.38346,5,-3,-120
1754052796.42246,-5,1,-114
1754052796.45846,-1,-1,-117
1754052796.4964602,2,0,-115
1754052796.53446,6,-1,-127
1754052796.57346,2,-4,-115
1754052796.6114602,-11,1,-122
1754052796.64746,-8,0,-129
1754052796.68546,-2,1,-107
1754052796.72446,2,0,-130
1754052796.76246,7,-1,-117
1754052796.79846,8,2,-117
1754052796.8354602,4,1,-114
1754052796.87446,-3,-6,-107
1754052796.91246,-2,-1,-127
1754052796.94846,-5,0,-117
1754052796.98746,-11,-2,-116
1754052797.02446,0,-3,-118
1754052797.06346,5,0,-114
1754052797.09946,-2,-5,-123
1754052797.13746,0,-7,-116
1754052797.17546,0,-6,-121
1754052797.2134602,7,-1,-115
1754052797.25246,9,-1,-118
1754052797.28846,3,-3,-117
1754052797.32646,7,0,-112
1754052797.3654602,-4,-4,-107
1754052797.40346,3,-3,-126
1754052797.43946,6,-5,-120
1754052797.47746,4,2,-117
1754052797.51546,3,-1,-110
1754052797.55446,0,0,-116
1754052797.5924602,-3,0,-121
1754052797.6284602,3,-3,-117
1754052797.66646,7,2,-116
1754052797.70446,1,-1,-108
1754052797.7434602,3,1,-112
1754052797.7794602,2,-2,-117
1754052797.81746,0,-2,-114
1754052797.8554602,-2,-10,-113
1754052797.8944602,2,0,-119
1754052797.93246,4,0,-124
1754052797.96846,-3,0,-112
1754052798.0064602,2,-4,-114
1754052798.04446,-2,-5,-126
1754052798.08346,3,0,-115
1754052798.11946,-9,3,-122
1754052798.1574602,-6,3,-113
1754052798.19646,-6,7,-118
1754052798.23446,0,-2,-110
1754052798.27246,0,1,-104
1754052798.30846,-4,0,-107
1754052798.34646,-5,1,-116
1754052798.3844602,-1,0,-112
1754052798.42346,0,-3,-117
1754052798.45946,9,1,-117
1754052798.4964602,-3,-8,-120
1754052798.53446,-8,-3,-122
1754052798.57346,-3,0,-119
1754052798.60946,-5,0,-118
1754052798.64646,3,0,-121
1754052798.6844602,-2,-1,-108
1754052798.7234602,3,-3,-119
1754052798.7594602,8,-6,-125
1754052798.79746,0,-3,-120
1754052798.8354602,-7,0,-104
1754052798.87446,3,-4,-115
1754052798.91046,8,-2,-109
1754052798.9474602,0,0,-116
1754052798.98546,4,0,-116
1754052799.02446,9,-1,-123
1754052799.06046,-3,-4,-127
1754052799.0984602,1,-1,-125
1754052799.13646,3,0,-110
1754052799.17546,-3,-2,-129
1754052799.2134602,2,-2,-105
1754052799.24946,0,-12,-112
1754052799.28746,-5,-7,-112
1754052799.3254602,-3,-9,-101
1754052799.36446,2,-6,-115
1754052799.40046,0,-5,-119
1754052799.43846,0,1,-121
1754052799.47646,0,-2,-114
1754052799.51446,4,3,-116
1754052799.55346,-1,8,-119
1754052799.58946,-6,0,-107
1754052799.62746,-3,-6,-110
1754052799.66546,1,0,-106
1754052799.70446,-1,0,-109
1754052799.74146,-6,0,-108
1754052799.77846,-3,-1,-119
1754052799.81646,0,2,-121
1754052799.8554602,2,2,-103
1754052799.89346,5,-4,-119
1754052799.92946,5,-5,-115
1754052799.9674602,7,0,-123
1754052800.00546,-1,-1,-127
1754052800.04446,-2,0,-121
1754052800.08046,3,2,-126
1754052800.11746,0,0,-125
1754052800.15546,4,-2,-124
1754052800.1944602,0,-1,-119
1754052800.2304602,0,3,-107
1754052800.26746,4,6,-114
1754052800.30546,4,6,-109
1754052800.34446,-3,-1,-119
1754052800.3884602,5,-2,-111
1754052800.4274602,3,-1,-120
1754052800.46546,2,-3,-115
1754052800.5034602,1,-3,-113
1754052800.5394602,2,-4,-108
1754052800.57746,2,-3,-108
1754052800.6154602,0,1,-119
1754052800.6544602,-6,5,-116
1754052800.6904602,3,3,-112
1754052800.72746,3,0,-117
1754052800.76546,5,-6,-117
1754052800.80446,0,-4,-126
1754052800.84046,0,0,-125
1754052800.87746,-5,3,-122
1754052800.91546,2,2,-119
1754052800.95446,5,-7,-120
1754052800.9904602,5,-5,-129
1754052801.02846,0,-3,-126
1754052801.06746,3,0,-120
1754052801.1054602,-3,-2,-112
1754052801.1414602,2,1,-117
1754052801.17846,-3,3,-123
1754052801.2174602,-5,5,-114
1754052801.25546,-4,0,-112
1754052801.29146,1,0,-118
1754052801.32846,0,0,-114
1754052801.36646,1,-5,-113
1754052801.40546,-5,0,-97
1754052801.44146,-5,0,-101
1754052801.4804602,-5,0,-109
1754052801.51746,0,-9,-121
1754052801.55546,-6,-4,-116
1754052801.59446,-3,4,-114
1754052801.63046,0,-2,-117
1754052801.6674602,2,-1,-127
1754052801.70546,1,-3,-115
1754052801.74446,0,-1,-105
1754052801.78046,2,4,-107
1754052801.81746,-3,7,-120
1754052801.85646,2,-2,-119
1754052801.8944602,-5,-5,-113
1754052801.93046,-2,-3,-113
1754052801.96846,-1,-1,-103
1754052802.0064602,3,-3,-105
1754052802.04546,1,0,-104
1754052802.08146,-1,-7,-101
1754052802.11946,0,-2,-109
1754052802.1574602,2,-1,-117
1754052802.19646,0,5,-127
1754052802.23446,-1,1,-121
1754052802.27046,0,-4,-112
1754052802.30846,0,-6,-115
1754052802.34646,0,-6,-119
1754052802.38546,0,-1,-111
1754052802.4214602,4,-3,-107
1754052802.4604602,-2,5,-114
1754052802.49746,8,0,-116
1754052802.5364602,2,-1,-109
1754052802.57446,0,-8,-124
1754052802.61046,4,-1,-116
1754052802.64846,0,0,-112
1754052802.68646,1,-2,-114
1754052802.72546,-5,-3,-109
1754052802.76146,1,0,-116
1754052802.79846,2,-4,-118
1754052802.83646,1,-8,-115
1754052802.87546,1,3,-115
1754052802.9114602,0,-2,-114
1754052802.94946,0,0,-117
1754052802.98746,-4,0,-119
1754052803.0264602,-2,0,-124
1754052803.0624602,-4,-3,-116
1754052803.10146,0,1,-128
1754052803.1384602,3,0,-118
1754052803.17646,4,1,-115
1754052803.21546,1,-6,-111
1754052803.25146,-3,0,-118
1754052803.2894602,0,-2,-118
1754052803.32746,-5,0,-121
1754052803.36646,2,2,-112
1754052803.40246,0,9,-119
1754052803.4404602,-1,4,-123
1754052803.47746,0,-9,-118
1754052803.5164602,3,-2,-123
1754052803.5524602,6,1,-119
1754052803.59046,0,1,-115
1754052803.62746,-3,-3,-108
1754052803.66646,-4,-11,-115
1754052803.70246,-3,-6,-112
1754052803.7404602,0,-2,-115
1754052803.77846,-2,-4,-108
1754052803.81646,4,-6,-118
1754052803.8554602,-2,0,-119
1754052803.8914602,7,0,-120
1754052803.92846,8,-5,-126
1754052803.9674602,0,-7,-120
1754052804.00546,3,-3,-123
1754052804.04146,3,-6,-118
1754052804.07946,0,-4,-123
1754052804.1184602,7,1,-110
1754052804.15646,2,-7,-111
1754052804.19246,2,-7,-114
1754052804.23146,1,1,-105
1754052804.26846,0,0,-116
1754052804.30746,0,-4,-121
1754052804.3454602,3,0,-112
1754052804.3814602,-2,-1,-115
1754052804.41946,-3,0,-113
1754052804.4574602,1,1,-121
1754052804.4964602,0,-4,-126
1754052804.5324602,2,2,-127
1754052804.5694602,-5,-4,-124
1754052804.60746,-3,-6,-113
1754052804.64646,3,-2,-106
1754052804.68246,0,-1,-111
1754052804.7204602,-2,-3,-114
1754052804.75846,1,-3,-124
1754052804.79746,0,0,-132
1754052804.8354602,2,-8,-120
1754052804.8714602,0,-7,-116
1754052804.90946,-5,-4,-116
1754052804.9474602,-1,-5,-115
1754052804.9864602,1,-1,-120
1754052805.02246,0,-1,-117
1754052805.06146,3,0,-122
1754052805.0984602,-8,3,-121
1754052805.13746,0,-4,-112
1754052805.17546,-2,-10,-122
1754052805.21246,-2,-2,-117
1754052805.25046,-2,0,-124
1754052805.2894602,-5,0,-122
1754052805.32746,-2,-5,-120
1754052805.36346,0,-8,-120
1754052805.40246,4,-8,-123
1754052805.43946,-2,-6,-119
1754052805.47746,-2,0,-115
1754052805.5164602,-14,-3,-112
1754052805.5524602,-12,-5,-110
1754052805.59046,-6,0,-118
1754052805.6284602,-4,-1,-116
1754052805.6674602,1,2,-118
1754052805.70346,-5,4,-106
1754052805.74146,-7,-1,-119
1754052805.78046,-2,0,-123
1754052805.81746,0,0,-124
1754052805.85646,0,-8,-123
1754052805.89246,-7,-3,-120
1754052805.93046,6,-7,-116
1754052805.96846,8,2,-118
1754052806.00746,4,-3,-130
1754052806.04346,5,-5,-117
1754052806.0824602,-6,2,-114
1754052806.11946,-5,2,-97
1754052806.15846,-1,0,-122
1754052806.19646,0,-2,-114
1754052806.23246,-5,2,-114
1754052806.27046,2,6,-119
1754052806.30846,5,3,-120
1754052806.34746,6,0,-111
1754052806.38346,11,-1,-114
1754052806.4214602,0,0,-109
1754052806.45946,1,6,-119
1754052806.49846,-4,5,-121
1754052806.5364602,0,0,-125
1754052806.5724602,0,-4,-122
1754052806.61046,0,-5,-127
1754052806.64946,3,-4,-130
1754052806.6874602,3,-1,-128
1754052806.7234602,0,-2,-129
1754052806.76146,-4,0,-127
1754052806.7994602,-2,-2,-119
1754052806.8384602,3,-3,-111
1754052806.87646,2,1,-109
1754052806.91246,-9,-3,-111
1754052806.9504602,-2,0,-118
1754052806.98846,0,1,-115
1754052807.02746,1,3,-120
1754052807.06346,5,0,-116
1754052807.10146,0,4,-115
1754052807.13946,0,-3,-130
1754052807.17846,0,0,-118
1754052807.21446,-8,-4,-120
1754052807.25246,-1,3,-117
1754052807.29146,5,0,-119
1754052807.32846,8,-2,-116
1754052807.36746,13,0,-121
1754052807.40346,9,-1,-121
1754052807.44146,1,1,-120
1754052807.47946,2,0,-112
1754052807.51846,0,-7,-124
1754052807.55446,2,-5,-130
1754052807.5924602,0,2,-129
1754052807.63046,-5,5,-122
1754052807.66946,-4,8,-121
1754052807.7074602,2,0,-117
1754052807.7434602,8,0,-118
1754052807.78146,-7,-8,-111
1754052807.8194602,-4,3,-111
1754052807.8584602,-3,0,-118
1754052807.8944602,-5,-4,-115
1754052807.93246,2,2,-125
1754052807.9704602,9,3,-125
1754052808.00846,0,0,-133
1754052808.04746,5,0,-122
1754052808.08346,-1,1,-117
1754052808.1214602,-3,-1,-115
1754052808.15946,2,-6,-111
1754052808.19846,1,-7,-130
1754052808.23446,7,-2,-127
1754052808.27246,5,0,-127
1754052808.31046,2,1,-109
1754052808.34946,2,-3,-108
1754052808.38746,-2,0,-108
1754052808.42346,-3,-3,-110
1754052808.46246,-2,-5,-117
1754052808.49946,3,0,-116
1754052808.53846,-4,3,-121
1754052808.57446,4,-3,-119
1754052808.61246,3,-4,-118
1754052808.65046,-1,-1,-116
1754052808.68946,-8,-1,-115
1754052808.72746,4,-6,-118
1754052808.7634602,8,-4,-123
1754052808.80146,6,-6,-123
1754052808.83946,5,0,-116
1754052808.8784602,-3,5,-116
1754052808.9144602,-2,0,-118
1754052808.95346,0,0,-115
1754052808.9904602,2,3,-106
1754052809.0294602,0,-3,-122
1754052809.06746,3,-7,-125
1754052809.10346,1,-6,-119
1754052809.14246,2,3,-123
1754052809.17946,-5,1,-107
1754052809.21846,0,-7,-105
1754052809.25446,6,-5,-118
1754052809.2924602,5,3,-113
1754052809.33046,4,0,-111
1754052809.36946,-2,-2,-106
1754052809.40546,-5,-6,-115
1754052809.44346,-8,-13,-114
1754052809.48146,0,-4,-109
1754052809.5194602,4,-5,-112
1754052809.55846,0,0,-117
1754052809.59446,1,-8,-118
1754052809.63346,-4,-4,-119
1754052809.67046,-9,-12,-113
1754052809.70946,0,-6,-127
1754052809.74546,0,0,-114
1754052809.78346,-2,-6,-118
1754052809.82046,-5,2,-117
1754052809.85946,1,0,-117
1754052809.89546,1,-3,-101
1754052809.93346,-2,-2,-105
1754052809.97146,-3,-5,-103
1754052810.0094602,-1,-5,-111
1754052810.04846,1,0,-117
1754052810.08446,2,-1,-116
1754052810.12246,1,0,-109
1754052810.16046,-3,-6,-109
1754052810.19946,0,0,-109
1754052810.23546,-1,-3,-116
1754052810.27446,0,-3,-119
1754052810.31146,4,1,-126
1754052810.35046,1,1,-119
1754052810.3944602,3,-2,-107
1754052810.43246,1,-5,-112
1754052810.4704602,-6,-6,-112
1754052810.50846,-1,-3,-135
1754052810.54446,3,-2,-122
1754052810.5824602,1,0,-112
1754052810.62046,-5,-2,-114
1754052810.65946,-4,3,-118
1754052810.69546,-4,-3,-115
1754052810.7334602,0,-2,-103
1754052810.77146,8,0,-103
1754052810.81046,-2,2,-115
1754052810.8484602,-3,3,-108
1754052810.8844602,-2,2,-108
1754052810.92246,-2,-1,-120
1754052810.9604602,2,-3,-137
1754052810.99946,6,-5,-113
1754052811.03546,8,-3,-127
1754052811.07346,0,0,-122
1754052811.1114602,0,-2,-118
1754052811.15046,0,0,-117
1754052811.18846,1,1,-125
1754052811.22446,0,-1,-120
1754052811.2634602,-1,1,-113
1754052811.30046,-5,0,-113
1754052811.33946,2,3,-107
1754052811.37646,1,7,-111
1754052811.41346,12,0,-118
1754052811.45146,3,-4,-121
1754052811.4904602,0,-2,-115
1754052811.5264602,4,-8,-122
1754052811.56446,2,0,-119
1754052811.60246,-7,-1,-115
1754052811.64046,-5,-3,-131
1754052811.67946,-4,-5,-114
1754052811.71546,-1,-3,-112
1754052811.75446,-2,-4,-110
1754052811.79146,1,0,-114
1754052811.83046,-3,-1,-114
1754052811.86646,-2,0,-116
1754052811.9044602,0,-3,-109
1754052811.94246,0,-2,-114
1754052811.9804602,1,-6,-110
1754052812.0194602,3,-2,-117
1754052812.05546,2,0,-114
1754052812.0924602,-4,-3,-113
1754052812.13046,-4,0,-114
1754052812.16946,5,-3,-118
1754052812.20546,3,0,-121
1754052812.24246,2,0,-116
1754052812.28146,0,5,-117
1754052812.3194602,0,3,-118
1754052812.3554602,-4,4,-114
1754052812.39346,5,-9,-99
1754052812.43146,6,-1,-124
1754052812.4704602,3,-3,-116
1754052812.5064602,6,-2,-114
1754052812.54446,5,-1,-109
1754052812.5824602,-7,-1,-118
1754052812.6214602,-8,-7,-106
1754052812.65946,0,-7,-115
1754052812.69546,-4,-2,-123
1754052812.73446,-13,1,-121
1754052812.77146,-10,7,-109
1754052812.81046,8,3,-106
1754052812.84646,17,0,-117
1754052812.8844602,6,-1,-119
1754052812.9214602,5,0,-113
1754052812.9604602,5,-2,-114
1754052812.9964602,5,4,-118
1754052813.03346,0,9,-121
1754052813.07146,0,3,-113
1754052813.11046,-5,0,-123
1754052813.14646,-3,1,-112
1754052813.1844602,-1,0,-115
1754052813.22246,-1,-3,-117
1754052813.26146,3,-5,-119
1754052813.2994602,6,-1,-111
1754052813.3354602,0,2,-109
1754052813.37246,-2,0,-105
1754052813.4114602,-1,-4,-109
1754052813.4474602,-10,-2,-105
1754052813.48546,-4,0,-105
1754052813.52346,6,2,-114
1754052813.56146,7,4,-115
1754052813.60046,6,3,-113
1754052813.63646,2,0,-108
1754052813.6744602,-1,1,-115
1754052813.7134602,1,-7,-110
1754052813.75146,0,-3,-124
1754052813.78746,-1,-3,-117
1754052813.82646,-3,-3,-115
1754052813.86446,-5,-1,-109
1754052813.9014602,-1,0,-99
1754052813.9404602,7,0,-122
1754052813.97646,-3,-1,-128
1754052814.01446,2,1,-122
1754052814.0524602,5,-4,-114
1754052814.09146,0,-1,-114
1754052814.12746,-4,0,-116
1754052814.16646,5,-3,-126
1754052814.20346,0,0,-117
1754052814.24146,-7,-1,-116
1754052814.28046,-4,2,-113
1754052814.31646,2,2,-117
1754052814.35446,-6,5,-106
1754052814.39246,-2,-2,-106
1754052814.43046,-2,0,-111
1754052814.46646,-3,-1,-114
1754052814.50446,-1,3,-118
1754052814.54346,0,3,-127
1754052814.58146,-4,-4,-124
1754052814.61746,3,-10,-116
1754052814.65546,6,-5,-105
1754052814.69346,-3,2,-118
1754052814.73246,3,0,-121
1754052814.77046,8,-4,-118
1754052814.80646,3,-1,-102
1754052814.84446,4,-10,-114
1754052814.88246,3,0,-116
1754052814.9214602,0,0,-110
1754052814.9574602,-4,0,-121
1754052814.99546,0,0,-114
1754052815.03446,4,1,-118
1754052815.0724602,4,-3,-114
1754052815.11046,-6,-2,-119
1754052815.14646,-1,2,-118
1754052815.1844602,0,0,-117
1754052815.22246,-1,1,-117
1754052815.26146,6,0,-117
1754052815.29746,-2,-2,-113
1754052815.3354602,-3,0,-123
1754052815.37346,-2,0,-110
1754052815.41246,1,3,-112
1754052815.4504602,7,-1,-125
1754052815.48746,4,-4,-119
1754052815.52446,-3,0,-126
1754052815.5624602,0,-3,-122
1754052815.60146,3,0,-112
1754052815.63746,3,-5,-110
1754052815.67646,0,-1,-106
1754052815.7134602,6,-5,-110
1754052815.75246,0,3,-111
1754052815.78846,0,-1,-120
1754052815.82646,-1,3,-112
1754052815.86446,5,0,-125
1754052815.90246,5,3,-118
1754052815.94146,-1,3,-121
1754052815.97746,4,7,-108
1754052816.01446,3,4,-118
1754052816.0524602,-5,0,-123
1754052816.09146,1,2,-120
1754052816.12746,0,0,-117
1754052816.1644602,7,4,-117
1754052816.20246,0,-4,-109
1754052816.24146,3,-6,-114
1754052816.27746,-3,-8,-119
1754052816.3154602,4,-5,-107
1754052816.35446,-1,2,-118
1754052816.39246,-3,5,-116
1754052816.42846,-6,2,-111
1754052816.46646,-3,0,-126
1754052816.50446,-2,0,-125
1754052816.54346,1,4,-112
1754052816.58146,0,6,-102
1754052816.61746,-3,0,-103
1754052816.65546,4,-5,-111
1754052816.69346,4,-4,-132
1754052816.73246,4,-2,-126
1754052816.76846,11,4,-116
1754052816.80546,4,5,-116
1754052816.84346,-3,1,-116
1754052816.88246,0,4,-112
1754052816.91846,-2,8,-111
1754052816.95646,3,0,-113
1754052816.99446,4,-3,-108
1754052817.03346,-5,2,-123
1754052817.07146,1,1,-104
1754052817.10746,-3,2,-107
1754052817.14546,-8,0,-130
1754052817.18346,-3,-4,-125
1754052817.22246,-1,-2,-103
1754052817.25846,1,5,-107
1754052817.29546,-1,-1,-119
1754052817.33446,2,-8,-117
1754052817.37246,-9,-2,-115
1754052817.40846,0,4,-110
1754052817.44546,-2,1,-127
1754052817.48446,0,-5,-138
1754052817.52246,2,-8,-131
1754052817.55846,-3,-2,-132
1754052817.59646,0,-5,-119
1754052817.6344602,-5,-7,-119
1754052817.67346,0,-4,-111
1754052817.71146,-1,0,-130
1754052817.74746,0,-2,-124
1754052817.78546,0,-6,-114
1754052817.82346,-2,-2,-123
1754052817.86246,0,3,-117
1754052817.89846,13,4,-116
1754052817.93646,4,3,-108
1754052817.97446,-1,-11,-112
1754052818.0134602,2,-2,-111
1754052818.0494602,3,0,-116
1754052818.08646,2,-1,-128
1754052818.12446,7,-4,-115
1754052818.16346,0,-4,-111
1754052818.19946,-4,0,-118
1754052818.23746,-1,0,-121
1754052818.2764602,-1,-4,-114
1754052818.31346,4,-6,-124
1754052818.35246,0,2,-121
1754052818.3884602,-4,0,-111
1754052818.42646,-4,0,-118
1754052818.4634602,-2,-2,-136
1754052818.50246,-1,-1,-136
1754052818.53846,-5,0,-122
1754052818.57646,-5,-4,-114
1754052818.61446,-5,-5,-114
1754052818.65246,0,-5,-123
1754052818.68846,-1,0,-128
1754052818.72646,-1,0,-120
1754052818.76446,7,2,-121
1754052818.80346,5,3,-115
1754052818.83946,10,-4,-110
1754052818.87746,11,-3,-121
1754052818.91546,3,-4,-117
1754052818.95446,3,-3,-118
1754052818.99246,7,-1,-115
1754052819.02846,3,-4,-117
1754052819.06746,-5,0,-108
1754052819.10446,-3,-9,-112
1754052819.14346,1,-7,-102
1754052819.17946,-2,-5,-113
1754052819.2174602,-4,0,-129
1754052819.25546,1,-5,-125
1754052819.29446,-5,1,-115
1754052819.3324602,-4,1,-111
1754052819.3684602,3,0,-120
1754052819.40546,3,0,-110
1754052819.4444602,0,1,-102
1754052819.48246,-2,0,-113
1754052819.51846,4,-5,-108
1754052819.55646,12,-4,-113
1754052819.59446,3,-1,-115
1754052819.63346,4,-2,-114
1754052819.66946,2,-4,-110
1754052819.7074602,10,3,-107
1754052819.7464602,9,-1,-121
1754052819.78446,0,-3,-115
1754052819.82046,0,-3,-119
1754052819.85746,0,0,-113
1754052819.89546,9,1,-107
1754052819.9344602,12,5,-109
1754052819.9704602,5,0,-121
1754052820.00746,-3,-7,-121
1754052820.0464602,-1,-8,-121
1754052820.08446,9,3,-116
1754052820.12046,8,1,-108
1754052820.1574602,-7,6,-109
1754052820.19546,-8,1,-110
1754052820.23446,0,-1,-114
1754052820.27046,-1,-1,-106
1754052820.30846,4,0,-127
1754052820.34646,8,-1,-117
1754052820.3844602,-3,6,-115
1754052820.42846,-2,-4,-109
1754052820.4674602,-3,-7,-117
1754052820.50446,-2,-5,-116
1754052820.54346,-2,3,-119
1754052820.57946,3,5,-110
1754052820.61646,2,4,-119
1754052820.65546,3,0,-121
1754052820.69346,1,-6,-123
1754052820.72946,1,-4,-112
1754052820.76746,-3,4,-107
1754052820.80546,-3,0,-109
1754052820.84446,-4,0,-104
1754052820.8814602,-3,0,-109
1754052820.91846,0,-8,-109
1754052820.95646,-4,-4,-114
1754052820.99546,-6,0,-108
1754052821.03346,-3,-2,-120
1754052821.0694602,-3,-5,-115
1754052821.1084602,-4,-9,-114
1754052821.14546,0,-12,-121
1754052821.1844602,-3,-6,-121
1754052821.2204602,0,3,-118
1754052821.25746,8,-1,-109
1754052821.29546,2,-6,-111
1754052821.33446,0,-4,-123
1754052821.37046,4,-7,-118
1754052821.40846,-1,-3,-118
1754052821.44646,1,0,-119
1754052821.48546,-4,2,-113
1754052821.52346,0,5,-119
1754052821.5594602,3,-2,-118
1754052821.59746,-3,1,-121
1754052821.63646,2,-8,-119
1754052821.6744602,1,-11,-119
1754052821.7104602,-4,-6,-113
1754052821.74946,1,-2,-105
1754052821.7864602,-1,4,-113
1754052821.8254602,-2,5,-117
1754052821.86346,-4,2,-117
1754052821.90046,-2,-2,-117
1754052821.93846,4,3,-118
1754052821.97646,3,-5,-119
1754052822.01546,0,-3,-121
1754052822.05146,0,1,-115
1754052822.0884602,-9,1,-116
1754052822.12646,0,0,-126
1754052822.16546,0,0,-110
1754052822.20146,-3,0,-126
1754052822.23946,6,6,-116
1754052822.27746,5,0,-118
1754052822.3154602,0,-2,-120
1754052822.35446,0,-5,-108
1754052822.3914602,-8,1,-115
1754052822.42846,0,-4,-113
1754052822.46646,0,-3,-121
1754052822.50546,1,-9,-115
1754052822.54146,-1,-15,-118
1754052822.57946,-2,0,-110
1754052822.61746,-4,0,-117
1754052822.65546,-2,-4,-112
1754052822.6944602,-2,-1,-123
1754052822.7304602,-4,-6,-131
1754052822.7694602,0,0,-125
1754052822.80746,-4,-3,-131
1754052822.8454602,-4,-1,-118
1754052822.88246,1,-7,-120
1754052822.91946,2,-5,-119
1754052822.9574602,0,-1,-115
1754052822.9964602,-3,1,-111
1754052823.03446,0,-1,-104
1754052823.07046,7,1,-110
1754052823.10746,-1,-1,-115
1754052823.14646,0,1,-125
1754052823.1844602,2,-2,-113
1754052823.2204602,-5,-2,-111
1754052823.25846,3,-1,-116
1754052823.2964602,5,-4,-121
1754052823.3354602,0,0,-128
1754052823.3714602,1,2,-122
1754052823.40946,-10,-1,-113
1754052823.44846,0,-5,-118
1754052823.4864602,0,-5,-120
1754052823.52446,-6,5,-113
1754052823.56046,-1,2,-111
1754052823.5984602,3,8,-114
1754052823.63646,1,2,-120
1754052823.67546,6,-4,-130
1754052823.71146,-5,2,-129
1754052823.74946,-9,1,-118
1754052823.78746,0,-2,-118
1754052823.82646,2,-3,-116
1754052823.86446,5,0,-124
1754052823.90046,-3,0,-123
1754052823.93846,2,-2,-119
1754052823.97646,3,-4,-111
1754052824.01546,4,4,-111
1754052824.05146,4,0,-117
1754052824.0884602,3,-1,-114
1754052824.12746,0,1,-116
1754052824.16546,-2,4,-115
1754052824.20146,2,1,-120
1754052824.23846,5,-1,-116
1754052824.27746,0,-2,-123
1754052824.3154602,3,0,-110
1754052824.35146,4,0,-116
1754052824.3884602,6,-4,-119
1754052824.42646,3,-2,-108
1754052824.46546,2,-1,-115
1754052824.50146,-6,-2,-116
1754052824.54046,1,-2,-119
1754052824.57746,0,-1,-116
1754052824.61646,3,-5,-112
1754052824.65246,-2,1,-115
1754052824.6904602,0,-1,-110
1754052824.72846,0,-9,-109
1754052824.7664602,-1,-3,-113
1754052824.80546,-4,-5,-111
1754052824.84146,-6,0,-125
1754052824.87946,0,1,-118
1754052824.9174602,-1,-3,-109
1754052824.95646,-1,-9,-105
1754052824.99246,-3,-1,-114
1754052825.03146,-2,2,-101
1754052825.06846,0,0,-104
1754052825.10746,3,0,-107
1754052825.14546,2,-1,-114
1754052825.18146,0,-4,-122
1754052825.21846,-5,3,-117
1754052825.25746,0,2,-123
1754052825.29546,0,-1,-129
1754052825.33146,5,-9,-126
1754052825.36946,-3,-4,-118
1754052825.4074602,-6,3,-112
1754052825.44646,0,0,-118
1754052825.48246,-1,4,-119
1754052825.52046,9,-1,-109
1754052825.55846,0,1,-102
1754052825.59746,-2,-4,-115
1754052825.63546,2,-4,-105
1754052825.6714602,2,-2,-111
1754052825.70946,11,-7,-109
1754052825.74746,4,-5,-113
1754052825.7864602,7,-4,-122
1754052825.8224602,3,-1,-130
1754052825.86046,2,2,-118
1754052825.89846,7,0,-122
1754052825.9374602,1,1,-117
1754052825.97546,-2,-2,-121
1754052826.01146,0,0,-112
1754052826.05046,1,-2,-111
1754052826.08746,0,-3,-108
1754052826.12646,2,0,-117
1754052826.16246,0,-5,-109
1754052826.2004602,-9,-4,-105
1754052826.23946,-1,1,-107
1754052826.27746,0,4,-125
1754052826.31346,2,0,-119
1754052826.35046,-9,-4,-106
1754052826.38946,-1,-3,-117
1754052826.4274602,3,-4,-122
1754052826.4634602,5,1,-119
1754052826.50046,2,-2,-123
1754052826.5394602,-4,0,-117
1754052826.57746,-1,-6,-118
1754052826.61346,-2,-1,-105
1754052826.6514602,1,-3,-118
1754052826.68946,-1,2,-111
1754052826.72746,1,-2,-97
1754052826.7664602,1,-2,-107
1754052826.8024602,3,3,-114
1754052826.83946,3,5,-135
1754052826.8784602,2,3,-128
1754052826.91646,2,1,-117
1754052826.95246,9,-3,-111
1754052826.9904602,0,0,-114
1754052827.0294602,0,0,-112
1754052827.06746,-3,0,-119
1754052827.10346,0,6,-115
1754052827.1414602,-2,2,-103
1754052827.18046,3,-2,-102
1754052827.21846,1,-5,-118
1754052827.2564602,-5,-1,-114
1754052827.2924602,1,0,-109
1754052827.33046,-5,-3,-113
1754052827.3684602,-3,-4,-117
1754052827.40646,-4,-2,-113
1754052827.44246,-2,0,-117
1754052827.4804602,-3,-7,-118
1754052827.51846,-2,-2,-117
1754052827.55646,-2,3,-111
1754052827.5924602,0,1,-115
1754052827.62946,3,-2,-116
1754052827.66846,-1,1,-117
1754052827.70646,2,0,-118
1754052827.74246,-2,2,-109
1754052827.78046,-3,-1,-117
1754052827.81846,3,-8,-117
1754052827.85746,9,-9,-116
1754052827.89346,6,-2,-107
1754052827.93146,3,-3,-113
1754052827.96946,-7,1,-116
1754052828.00846,-7,-5,-123
1754052828.0464602,-5,-1,-122
1754052828.0824602,2,-3,-127
1754052828.12046,-3,-6,-127
1754052828.15946,0,0,-137
1754052828.1974602,-5,-6,-133
1754052828.2334602,-2,4,-113
1754052828.27146,0,-1,-109
1754052828.3094602,3,0,-121
1754052828.3484602,3,3,-117
1754052828.3844602,4,0,-126
1754052828.4214602,2,-2,-117
1754052828.45946,4,0,-118
1754052828.49846,-1,-1,-121
1754052828.53446,3,-2,-114
1754052828.5724602,0,-2,-113
1754052828.61046,0,0,-128
1754052828.64846,3,-5,-122
1754052828.6874602,-2,0,-109
1754052828.7234602,0,0,-112
1754052828.76146,-3,1,-116
1754052828.7994602,5,-3,-112
1754052828.8384602,8,-7,-111
1754052828.87446,4,-8,-104
1754052828.91246,0,-4,-118
1754052828.9504602,-3,0,-112
1754052828.98846,-3,-2,-119
1754052829.02746,3,-10,-119
1754052829.06346,0,0,-116
1754052829.10046,-2,-4,-113
1754052829.13946,-4,-7,-117
1754052829.1774602,-2,-2,-116
1754052829.2134602,-3,-3,-119
1754052829.25146,1,-2,-128
1754052829.2894602,-3,-2,-113
1754052829.32846,3,4,-116
1754052829.36446,3,-1,-118
1754052829.40346,-4,2,-106
1754052829.4404602,-5,6,-117
1754052829.47946,0,2,-122
1754052829.51746,2,0,-117
1754052829.55346,0,-5,-115
1754052829.59046,1,-8,-102
1754052829.62946,-2,-2,-119
1754052829.6674602,3,0,-123
1754052829.70346,4,-4,-131
1754052829.74146,6,0,-118
1754052829.7794602,5,0,-119
1754052829.81846,4,0,-125
1754052829.85446,5,-4,-120
1754052829.89246,-1,-3,-118
1754052829.93046,1,-1,-110
1754052829.96946,2,-4,-114
1754052830.00746,-3,3,-108
1754052830.04346,-1,3,-101
1754052830.08146,-2,1,-114
1754052830.11946,-8,7,-117
1754052830.15846,-5,7,-125
1754052830.1944602,-3,0,-115
1754052830.23246,-7,0,-119
1754052830.27146,-2,-1,-119
1754052830.3094602,-1,3,-109
1754052830.3454602,2,1,-114
1754052830.38246,2,-3,-123
1754052830.4214602,-2,-3,-132
1754052830.46546,5,2,-116
1754052830.5034602,6,-2,-111
1754052830.54146,1,0,-124
1754052830.57946,-3,0,-122
1754052830.6154602,6,5,-132
1754052830.65246,5,1,-119
1754052830.69146,8,-4,-110
1754052830.72946,7,-5,-124
1754052830.76546,-8,-4,-117
1754052830.80446,0,0,-116
1754052830.84146,-5,0,-109
1754052830.87946,1,2,-111
1754052830.91846,7,4,-110
1754052830.95446,2,6,-115
1754052830.99146,2,-1,-122
1754052831.0294602,12,-6,-125
1754052831.06846,2,-6,-107
1754052831.10446,7,-3,-110
1754052831.14246,1,-2,-105
1754052831.18046,-8,-3,-120
1754052831.21946,-5,-1,-125
1754052831.25546,3,0,-128
1754052831.2924602,-1,-1,-117
1754052831.33046,-4,-4,-110
1754052831.36946,-4,-1,-120
1754052831.40546,2,-3,-120
1754052831.44346,0,0,-126
1754052831.48246,0,0,-110
1754052831.52046,5,4,-104
1754052831.55846,0,0,-106
1754052831.59446,3,2,-104
1754052831.6314602,3,0,-116
1754052831.67046,3,3,-118
1754052831.70846,-9,-2,-122
1754052831.74446,-1,1,-129
1754052831.7824602,2,-1,-133
1754052831.82046,0,-4,-122
1754052831.85946,2,-4,-107
1754052831.89546,1,0,-111
1754052831.93246,-2,-2,-118
1754052831.9704602,-1,0,-124
1754052832.0094602,-2,1,-114
1754052832.04546,-8,-2,-116
1754052832.08346,1,5,-118
1754052832.1214602,-3,1,-127
1754052832.16046,-3,-4,-116
1754052832.19846,-2,-1,-116
1754052832.23446,-5,-8,-118
1754052832.27246,2,-6,-117
1754052832.31046,-1,2,-105
1754052832.34946,-2,2,-112
1754052832.38546,0,-7,-116
1754052832.42346,-5,-8,-112
1754052832.46146,-1,-4,-101
1754052832.50046,3,-7,-105
1754052832.5364602,-2,-4,-108
1754052832.57446,3,-4,-119
1754052832.61246,-1,-5,-113
1754052832.65046,0,4,-119
1754052832.68946,8,2,-114
1754052832.72546,-5,0,-120
1754052832.76446,-6,0,-119
1754052832.80146,2,-5,-123
1754052832.84046,3,0,-123
1754052832.87646,0,-1,-130
1754052832.91546,2,1,-124
1754052832.95346,-3,-6,-124
1754052832.99146,-2,4,-127
1754052833.03046,3,3,-119
1754052833.06646,5,1,-114
1754052833.10346,5,-1,-108
1754052833.1414602,4,-4,-109
1754052833.18046,3,-10,-103
1754052833.21646,5,-3,-117
1754052833.25446,-2,-4,-123
1754052833.2924602,-2,-1,-111
1754052833.33146,-11,-1,-105
1754052833.36946,3,-2,-109
1754052833.40546,0,-4,-118
1754052833.44246,0,-8,-125
1754052833.48146,-2,-5,-116
1754052833.5194602,0,0,-108
1754052833.55546,0,4,-110
1754052833.5924602,-5,2,-115
1754052833.6314602,-7,-4,-115
1754052833.66946,3,0,-115
1754052833.70546,-1,0,-117
1754052833.7434602,0,2,-123
1754052833.78146,0,-1,-123
1754052833.82046,0,-1,-126
1754052833.85646,-2,0,-118
1754052833.89346,1,-3,-116
1754052833.93146,3,-4,-119
1754052833.9704602,0,-6,-115
1754052834.0064602,4,2,-112
1754052834.04346,-4,-3,-116
1754052834.08146,0,-4,-118
1754052834.12046,-4,-3,-119
1754052834.15646,3,-2,-118
1754052834.1944602,0,-2,-111
1754052834.23246,-1,-1,-116
1754052834.27146,1,-3,-122
1754052834.3094602,-3,-4,-123
1754052834.3454602,-1,0,-125
1754052834.38346,1,0,-113
1754052834.4214602,4,-8,-114
1754052834.4604602,1,1,-116
1754052834.4964602,2,3,-123
1754052834.53346,1,3,-114
1754052834.57146,2,3,-117
1754052834.61046,4,-6,-114
1754052834.64646,7,-9,-115
1754052834.6844602,3,-5,-121
1754052834.72246,-5,-5,-109
1754052834.76146,-1,-10,-114
1754052834.79746,0,-1,-114
1754052834.8354602,-7,-4,-113
1754052834.87346,-6,-4,-121
1754052834.9114602,-6,-2,-120
1754052834.9504602,-5,0,-110
1754052834.9864602,-2,-6,-114
1754052835.02446,-7,-1,-117
1754052835.06346,-6,0,-101
1754052835.10146,-2,-8,-117
1754052835.1384602,-3,0,-107
1754052835.17546,5,5,-120
1754052835.2134602,6,2,-107
1754052835.25246,2,-7,-118
1754052835.29046,2,-5,-121
1754052835.32646,-6,-1,-111
1754052835.36446,-1,-8,-110
1754052835.40246,-1,-4,-124
1754052835.44146,0,-3,-122
1754052835.47746,-2,0,-115
1754052835.51546,1,0,-121
1754052835.55346,-3,0,-108
1754052835.5924602,-4,-1,-121
1754052835.63046,0,4,-112
1754052835.66646,-4,3,-111
1754052835.70446,-7,-2,-111
1754052835.7434602,1,-9,-110
1754052835.78146,-1,-7,-110
1754052835.81746,0,-3,-117
1754052835.8554602,1,5,-124
1754052835.89346,0,-1,-119
1754052835.93246,-1,1,-113
1754052835.9704602,-1,-8,-109
1754052836.0064602,1,-7,-106
1754052836.04446,-2,4,-117
1754052836.0824602,0,-2,-115
1754052836.1214602,5,-3,-113
1754052836.1574602,6,-5,-119
1754052836.19646,7,-4,-117
1754052836.2334602,-3,-3,-119
1754052836.27246,-4,0,-118
1754052836.31046,-6,-3,-117
1754052836.34646,3,0,-114
1754052836.38346,0,1,-110
1754052836.42246,4,1,-109
1754052836.4604602,8,0,-113
1754052836.4964602,-4,1,-112
1754052836.53546,2,-1,-116
1754052836.5724602,6,-1,-115
1754052836.6114602,-5,-10,-115
1754052836.64746,-3,-7,-119
1754052836.68546,0,-3,-118
1754052836.7234602,-3,-6,-111
1754052836.76246,-1,-2,-115
1754052836.79846,2,-5,-104
1754052836.83646,-1,1,-120
1754052836.87446,-8,3,-120
1754052836.91346,-9,-7,-114
1754052836.95146,-3,-6,-114
1754052836.98746,-6,0,-111
1754052837.02546,0,1,-123
1754052837.06346,-3,0,-125
1754052837.10246,0,-3,-118
1754052837.1384602,0,-1,-121
1754052837.17646,-2,1,-119
1754052837.21446,-4,3,-112
1754052837.25246,-1,1,-104
1754052837.29146,1,4,-107
1754052837.32746,0,0,-117
1754052837.36446,-5,0,-115
1754052837.40346,1,-2,-122
1754052837.44146,1,-6,-114
1754052837.47746,5,-1,-100
1754052837.51546,2,-3,-117
1754052837.55346,3,2,-122
1754052837.5924602,5,-8,-110
1754052837.6284602,4,-4,-103
1754052837.66646,7,-7,-126
1754052837.70446,7,0,-114
1754052837.7434602,3,0,-109
1754052837.78146,6,-1,-120
1754052837.81746,3,-4,-120
1754052837.8554602,5,1,-104
1754052837.89346,2,-4,-114
1754052837.93246,2,2,-118
1754052837.96846,3,6,-118
1754052838.00546,-1,2,-117
1754052838.04346,0,-4,-125
1754052838.0824602,1,-4,-121
1754052838.1184602,2,0,-124
1754052838.15546,5,0,-118
1754052838.19346,2,0,-124
1754052838.23246,2,-7,-129
1754052838.26846,2,-2,-124
1754052838.30646,-1,1,-117
1754052838.34446,-1,-6,-118
1754052838.38346,0,-1,-114
1754052838.4214602,0,-1,-117
1754052838.4574602,-1,1,-121
1754052838.49546,-1,0,-111
1754052838.53446,4,-3,-122
1754052838.5724602,0,0,-118
1754052838.6084602,-5,1,-118
1754052838.64646,-6,-3,-133
1754052838.6844602,0,0,-126
1754052838.7234602,3,1,-109
1754052838.7594602,-4,-3,-113
1754052838.79746,-4,-4,-122
1754052838.8354602,3,0,-129
1754052838.87346,1,-3,-117
1754052838.91246,0,1,-110
1754052838.94846,0,0,-119
1754052838.9864602,-6,-2,-118
1754052839.02546,3,2,-123
1754052839.06346,2,-2,-114
1754052839.09946,4,-1,-112
1754052839.13746,4,-5,-113
1754052839.17546,6,1,-119
1754052839.2134602,3,0,-107
1754052839.25246,2,-7,-117
1754052839.28846,3,-6,-112
1754052839.32646,-1,3,-110
1754052839.36446,-1,-2,-115
1754052839.40346,0,6,-108
1754052839.43946,0,4,-123
1754052839.47646,-1,-4,-125
1754052839.51446,-1,-4,-115
1754052839.55346,0,1,-115
1754052839.58946,-2,-4,-117
1754052839.62746,1,-2,-110
1754052839.66546,2,0,-107
1754052839.70446,-6,0,-113
1754052839.74246,-1,0,-121
1754052839.77846,0,-4,-123
1754052839.81746,0,-2,-128
1754052839.85446,0,5,-110
1754052839.89346,3,3,-116
1754052839.92946,4,2,-123
1754052839.9674602,6,-2,-126
1754052840.00446,7,-3,-120
1754052840.04346,-2,2,-122
1754052840.07946,0,1,-130
1754052840.11646,0,0,-122
1754052840.1544602,-2,0,-117
1754052840.19346,0,2,-129
1754052840.22946,-1,4,-123
1754052840.26746,2,2,-120
1754052840.30546,-3,1,-121
1754052840.34446,1,0,-117
1754052840.38246,-1,0,-109
1754052840.41846,1,-5,-108
1754052840.45646,-1,-2,-124
1754052840.50246,0,-6,-123
1754052840.53846,-2,-3,-122
1754052840.57646,1,2,-114
1754052840.6154602,-2,6,-114
1754052840.65346,0,6,-120
1754052840.68946,3,-3,-113
1754052840.72846,-6,-4,-114
1754052840.76546,2,-5,-104
1754052840.80446,6,8,-111
1754052840.84046,0,-1,-110
1754052840.8784602,-3,-5,-115
1754052840.91646,-1,1,-117
1754052840.95446,3,-5,-117
1754052840.9934602,-2,2,-124
1754052841.0294602,-7,6,-119
1754052841.06746,-3,1,-121
1754052841.1054602,-4,2,-119
1754052841.1444602,-5,1,-116
1754052841.18046,-7,-1,-115
1754052841.21846,-1,-8,-119
1754052841.2564602,-1,-3,-115
1754052841.29446,-3,0,-117
1754052841.33346,-5,6,-121
1754052841.36946,0,-2,-122
1754052841.4074602,-6,-3,-129
1754052841.44546,0,1,-115
1754052841.48446,0,0,-111
1754052841.52046,1,2,-127
1754052841.55846,-1,-7,-114
1754052841.59646,6,4,-118
1754052841.63546,5,2,-122
1754052841.67346,2,-1,-124
1754052841.70946,2,0,-115
1754052841.7464602,4,-1,-109
1754052841.78546,-5,3,-111
1754052841.82346,-2,1,-107
1754052841.85946,2,3,-115
1754052841.89646,-1,-3,-116
1754052841.93546,6,0,-102
1754052841.9734602,2,-7,-119
1754052842.0094602,-3,0,-120
1754052842.04746,2,-4,-123
1754052842.0854602,-3,-4,-121
1754052842.12446,-6,0,-114
1754052842.16046,1,-3,-111
1754052842.19846,5,-3,-118
1754052842.2364602,-2,-4,-125
1754052842.27546,0,-7,-119
1754052842.31346,6,-3,-107
1754052842.34946,-3,0,-112
1754052842.38746,0,-1,-116
1754052842.42546,0,-4,-119
1754052842.46446,5,-3,-116
1754052842.50046,3,0,-118
1754052842.53746,0,-4,-126
1754052842.5754602,0,-4,-119
1754052842.61446,-5,-3,-115
1754052842.65046,-2,1,-113
1754052842.68946,2,-4,-113
1754052842.72746,5,-7,-115
1754052842.76546,2,3,-123
1754052842.80346,-3,1,-106
1754052842.83946,-10,-4,-106
1754052842.87746,-3,-2,-122
1754052842.91546,1,-8,-130
1754052842.95446,0,-9,-122
1754052842.9904602,1,-4,-117
1754052843.02846,-2,0,-118
1754052843.06646,2,-4,-109
1754052843.1054602,1,-3,-123
1754052843.1414602,5,-3,-123
1754052843.17946,1,-1,-121
1754052843.2174602,0,-4,-132
1754052843.25546,11,-2,-112
1754052843.29446,0,-1,-119
1754052843.33046,2,1,-111
1754052843.36746,4,-3,-112
1754052843.40546,4,-4,-112
1754052843.4444602,3,-4,-118
1754052843.4804602,0,-4,-111
1754052843.5194602,-9,-7,-113
1754052843.55646,-2,-1,-117
1754052843.5954602,6,0,-123
1754052843.6314602,5,3,-123
1754052843.66946,5,1,-121
1754052843.7074602,-2,-3,-127
1754052843.7464602,1,-7,-116
1754052843.78446,9,-5,-126
1754052843.82046,-1,-4,-115
1754052843.8584602,-5,0,-108
1754052843.89646,-1,0,-114
1754052843.93546,0,-2,-108
1754052843.97146,0,-5,-112
1754052844.0094602,-1,-2,-114
1754052844.04746,1,-2,-116
1754052844.08646,0,-1,-120
1754052844.12446,-7,-3,-116
1754052844.16046,-2,-3,-119
1754052844.19846,3,-3,-105
1754052844.2364602,2,-3,-97
1754052844.27546,7,0,-120
1754052844.31146,2,-3,-119
1754052844.34946,-2,-9,-114
1754052844.38746,-2,-3,-113
1754052844.42646,1,-4,-113
1754052844.46446,-1,2,-122
1754052844.50046,-5,-2,-122
1754052844.53846,-2,2,-128
1754052844.57646,1,-6,-129
1754052844.6154602,1,-4,-124
1754052844.6514602,1,-1,-121
1754052844.68946,6,4,-102
1754052844.72746,4,0,-112
1754052844.7664602,-1,-4,-119
1754052844.8024602,-1,2,-125
1754052844.84046,-2,3,-120
1754052844.8784602,4,0,-118
1754052844.91646,0,-4,-107
1754052844.95546,0,-4,-115
1754052844.99246,-5,6,-114
1754052845.0294602,-2,-2,-120
1754052845.06746,1,-4,-116
1754052845.10646,0,2,-127
1754052845.14246,-5,-2,-132
1754052845.18046,4,-4,-121
1754052845.21846,1,0,-120
1754052845.2564602,13,0,-117
1754052845.29546,1,-3,-118
1754052845.33146,6,-5,-110
1754052845.36946,4,-4,-111
1754052845.4074602,-8,0,-110
1754052845.44646,0,-4,-112
1754052845.48246,0,-1,-114
1754052845.52146,-5,4,-110
1754052845.5594602,6,-2,-100
1754052845.59646,-4,-4,-115
1754052845.63546,0,0,-119
1754052845.6714602,-3,-3,-118
1754052845.70946,1,-8,-114
1754052845.74846,-1,-8,-105
1754052845.7864602,0,-7,-106
1754052845.8224602,5,0,-109
1754052845.85946,1,-8,-109
1754052845.89846,-4,-6,-109
1754052845.93646,0,1,-110
1754052845.97246,1,-7,-111
1754052846.01046,-3,0,-127
1754052846.04846,0,-4,-119
1754052846.08746,1,3,-125
1754052846.12546,7,-7,-119
1754052846.1614602,9,-2,-115
1754052846.19946,-1,-3,-110
1754052846.23746,-3,-3,-115
1754052846.2764602,0,-5,-114
1754052846.3124602,-4,-1,-117
1754052846.35046,0,-3,-122
1754052846.38946,3,0,-116
1754052846.4274602,9,0,-114
1754052846.46546,6,0,-115
1754052846.50146,0,-2,-113
1754052846.5394602,3,-2,-113
1754052846.57746,-5,-3,-120
1754052846.61646,-8,-4,-117
1754052846.65246,-9,-6,-124
1754052846.6904602,3,-5,-127
1754052846.72846,1,0,-113
1754052846.76746,5,-3,-123
1754052846.80546,11,0,-116
1754052846.84146,12,-4,-119
1754052846.87946,1,-1,-112
1754052846.91846,-1,-1,-115
1754052846.95646,-3,3,-117
1754052846.99246,0,-5,-111
1754052847.0294602,1,-3,-115
1754052847.06846,-6,-6,-117
1754052847.10646,-2,-6,-121
1754052847.14246,1,-1,-118
1754052847.18046,3,-5,-111
1754052847.21846,-3,1,-112
1754052847.25746,-2,1,-126
1754052847.29346,0,0,-128
1754052847.33046,-2,0,-115
1754052847.3684602,2,1,-122
1754052847.4074602,6,-3,-121
1754052847.44346,9,-10,-105
1754052847.48146,7,-2,-111
1754052847.5194602,7,0,-127
1754052847.55746,7,2,-119
1754052847.59646,4,-2,-115
1754052847.63246,0,-2,-115
1754052847.67046,0,-4,-113
1754052847.70846,-5,-2,-117
1754052847.74746,-6,2,-121
1754052847.78346,3,-6,-116
1754052847.82146,2,-3,-113
1754052847.85946,0,-8,-117
1754052847.89746,-7,-3,-116
1754052847.93346,1,3,-114
1754052847.97146,-3,0,-129
1754052848.00846,-11,-1,-128
1754052848.04746,-7,-3,-112
1754052848.08346,3,-9,-107
1754052848.1214602,6,-4,-112
1754052848.15946,1,-6,-113
1754052848.19846,1,1,-111
1754052848.2364602,3,-4,-113
1754052848.27246,4,-12,-107
1754052848.31046,3,-9,-118
1754052848.3484602,0,-2,-120
1754052848.38746,2,7,-102
1754052848.42346,2,2,-111
1754052848.4604602,0,-8,-103
1754052848.49846,-1,-9,-110
1754052848.53746,-12,4,-108
1754052848.57346,-2,-1,-118
1754052848.6114602,2,-1,-114
1754052848.64946,0,1,-128
1754052848.68846,5,-7,-120
1754052848.72646,1,-4,-102
1754052848.76246,0,0,-106
1754052848.7994602,-6,2,-107
1754052848.8384602,-3,0,-111
1754052848.87646,0,-6,-114
1754052848.91246,-4,0,-107
1754052848.9504602,-5,-1,-116
1754052848.98846,-7,0,-114
1754052849.02746,-7,-3,-112
1754052849.06346,-1,-5,-116
1754052849.10146,-6,-5,-119
1754052849.13946,2,0,-118
1754052849.17846,5,-2,-113
1754052849.21446,8,-9,-108
1754052849.2534602,1,-7,-113
1754052849.29146,-3,0,-122
1754052849.32846,11,-3,-116
1754052849.36746,5,-10,-113
1754052849.40346,4,-2,-115
1754052849.44146,4,-4,-103
1754052849.4804602,-2,-6,-108
1754052849.51846,1,-7,-117
1754052849.55446,7,-9,-122
1754052849.5924602,2,-11,-113
1754052849.63046,0,-7,-117
1754052849.66846,8,-7,-123
1754052849.7074602,-1,-3,-125
1754052849.7434602,-1,-6,-124
1754052849.78146,-3,-2,-123
1754052849.8194602,1,-4,-121
1754052849.8584602,0,2,-121
1754052849.8944602,1,-3,-117
1754052849.93246,12,-1,-109
1754052849.97146,10,0,-115
1754052850.0094602,-1,-1,-113
1754052850.04746,-6,-3,-111
1754052850.08346,-3,-3,-118
1754052850.1214602,0,-1,-110
1754052850.15946,-1,0,-109
1754052850.19846,-5,-4,-124
1754052850.23446,-1,0,-123
1754052850.27146,0,1,-105
1754052850.3094602,0,0,-108
1754052850.3484602,-3,-2,-108
1754052850.3844602,-3,3,-116
1754052850.42246,4,3,-108
1754052850.4604602,4,-1,-107
1754052850.50446,1,1,-113
1754052850.5424602,8,-1,-120
1754052850.58046,1,-3,-113
1754052850.61946,2,-2,-125
1754052850.6574602,-2,0,-121
1754052850.69346,-1,-2,-117
1754052850.73146,2,-5,-110
1754052850.7694602,-7,-2,-111
1754052850.80846,-9,-3,-115
1754052850.84446,-5,-3,-108
1754052850.88346,-5,0,-121
1754052850.92046,0,0,-116
1754052850.95946,1,-6,-123
1754052850.99746,0,-1,-120
1754052851.03346,3,3,-121
1754052851.07046,2,-7,-121
1754052851.10946,0,-5,-106
1754052851.14746,9,-7,-112
1754052851.18346,-1,2,-117
1754052851.22146,-3,6,-129
1754052851.2594602,3,0,-126
1754052851.29846,6,-5,-109
1754052851.33446,2,5,-123
1754052851.3714602,-1,-2,-130
1754052851.40946,-1,3,-112
1754052851.44846,0,0,-110
1754052851.48446,3,6,-105
1754052851.52146,7,3,-106
1754052851.5594602,8,-2,-111
1754052851.5984602,5,0,-109
1754052851.6344602,7,-5,-116
1754052851.67246,1,-2,-112
1754052851.7104602,0,-7,-112
1754052851.74946,6,0,-115
1754052851.78546,5,-2,-130
1754052851.82346,4,0,-122
1754052851.86246,0,-7,-124
1754052851.89946,3,-5,-120
1754052851.93846,1,-8,-112
1754052851.97446,4,-10,-109
1754052852.01246,0,-1,-120
1754052852.05046,0,2,-114
1754052852.08946,1,1,-121
1754052852.12546,0,3,-125
1754052852.16246,1,0,-114
1754052852.2004602,2,0,-104
1754052852.23946,4,5,-118
1754052852.27546,3,1,-116
1754052852.31346,10,-1,-109
1754052852.35146,5,0,-111
1754052852.39046,1,-5,-124
1754052852.42846,3,0,-119
1754052852.46446,1,-2,-107
1754052852.5034602,3,0,-117
1754052852.54046,0,0,-125
1754052852.57946,-2,-5,-120
1754052852.6154602,0,-5,-121
1754052852.65346,5,2,-121
1754052852.69146,0,-3,-121
1754052852.7304602,4,0,-114
1754052852.76846,1,-5,-113
1754052852.80446,3,-10,-111
1754052852.8424602,-1,-10,-109
1754052852.88046,0,-3,-113
1754052852.91946,0,-3,-108
1754052852.95546,3,0,-105
1754052852.99246,0,-3,-113
1754052853.03046,-3,0,-123
1754052853.0694602,-2,-12,-97
1754052853.1054602,8,-2,-108
1754052853.14346,0,-6,-120
1754052853.18146,-7,0,-123
1754052853.2204602,0,0,-119
1754052853.2564602,2,3,-110
1754052853.29346,0,0,-108
1754052853.3324602,-10,-4,-106
1754052853.37046,-4,-1,-114
1754052853.40646,-4,0,-119
1754052853.44346,-5,-1,-118
1754052853.48246,2,-3,-116
1754052853.52046,-3,-1,-123
1754052853.55646,-3,2,-123
1754052853.5954602,0,3,-118
1754052853.63246,12,2,-114
1754052853.67046,12,1,-115
1754052853.70946,7,-5,-121
1754052853.74546,2,-4,-126
1754052853.78346,-6,-5,-113
1754052853.82146,-3,-2,-120
1754052853.86046,2,-2,-111
1754052853.89646,4,-4,-122
1754052853.9344602,2,-2,-120
1754052853.9734602,5,5,-106
1754052854.01046,-2,1,-107
1754052854.0494602,-7,1,-109
1754052854.0854602,1,-3,-109
1754052854.12346,6,-5,-101
1754052854.1614602,-1,5,-121
1754052854.2004602,1,0,-115
1754052854.2364602,2,0,-127
1754052854.27346,4,4,-127
1754052854.31146,-2,0,-132
1754052854.35046,-1,0,-126
1754052854.38646,0,0,-119
1754052854.42346,1,0,-112
1754052854.46146,1,-5,-109
1754052854.50046,0,-5,-114
1754052854.5364602,-1,2,-117
1754052854.57446,-3,0,-108
1754052854.61246,0,-10,-106
1754052854.6514602,0,-3,-120
1754052854.68946,0,-3,-114
1754052854.72546,5,-2,-108
1754052854.7634602,10,-5,-104
1754052854.80146,-2,-6,-105
1754052854.84046,-6,-7,-114
1754052854.87646,-5,-5,-121
1754052854.9144602,-2,-5,-116
1754052854.95246,1,-2,-115
1754052854.99146,-1,0,-109
1754052855.0294602,0,-1,-122
1754052855.0654602,0,-2,-123
1754052855.10246,12,-2,-116
1754052855.1414602,-2,2,-107
1754052855.17946,-3,-3,-111
1754052855.21546,6,-6,-114
1754052855.2534602,0,2,-107
1754052855.29146,0,-2,-123
1754052855.33046,-2,-4,-133
1754052855.36646,-4,1,-122
1754052855.4044602,5,-3,-111
1754052855.44246,0,0,-116
1754052855.48146,3,2,-107
1754052855.51746,2,0,-102
1754052855.55446,6,-3,-108
1754052855.5924602,0,3,-104
1754052855.6314602,-2,5,-104
1754052855.6674602,1,1,-115
1754052855.70446,1,-10,-119
1754052855.74246,-2,-1,-113
1754052855.78146,0,-4,-108
1754052855.81746,4,-8,-111
1754052855.8554602,2,3,-110
1754052855.8944602,7,-5,-114
1754052855.93146,6,-2,-114
1754052855.9704602,5,-1,-112
1754052856.0064602,0,-3,-117
1754052856.04446,0,-1,-116
1754052856.0824602,0,-6,-120
1754052856.1214602,-5,-8,-125
1754052856.1574602,3,-16,-122
1754052856.19546,13,-8,-119
1754052856.2334602,5,-2,-111
1754052856.27246,8,0,-110
1754052856.31046,2,-7,-107
1754052856.34646,1,-4,-115
1754052856.38546,0,-4,-123
1754052856.42246,3,0,-121
1754052856.46146,4,0,-120
1754052856.49746,0,2,-121
1754052856.53546,-8,1,-124
1754052856.5724602,-7,-11,-127
1754052856.6114602,-3,-2,-116
1754052856.64746,-3,-1,-114
1754052856.68546,-6,-3,-112
1754052856.7234602,-7,-2,-108
1754052856.76246,-2,-5,-117
1754052856.80046,-3,-2,-111
1754052856.83646,-5,-1,-106
1754052856.87446,0,-7,-112
1754052856.91246,2,-7,-126
1754052856.95146,-3,-2,-109
1754052856.98746,-7,0,-107
1754052857.02546,-1,-1,-115
1754052857.06446,-1,-5,-112
1754052857.10246,0,-5,-114
1754052857.14046,-7,-3,-109
1754052857.1774602,-2,-3,-114
1754052857.21446,0,-7,-105
1754052857.25246,2,1,-106
1754052857.29146,7,3,-110
1754052857.32746,0,0,-115
1754052857.36446,-6,-1,-117
1754052857.40246,0,-5,-116
1754052857.44146,-4,0,-122
1754052857.47746,-10,7,-119
1754052857.51546,2,0,-117
1754052857.55346,3,2,-113
1754052857.5924602,5,0,-124
1754052857.6284602,4,-4,-117
1754052857.66646,0,-7,-104
1754052857.70446,-2,0,-105
1754052857.74246,0,-6,-114
1754052857.78146,1,-7,-116
1754052857.81746,1,0,-106
1754052857.85446,6,0,-106
1754052857.89246,6,6,-110
1754052857.93146,0,-1,-113
1754052857.96846,-8,0,-124
1754052858.00546,-8,-2,-122
1754052858.04346,-3,-5,-124
1754052858.0824602,-7,-3,-128
1754052858.1184602,-12,-1,-115
1754052858.15646,-8,-3,-117
1754052858.1944602,-8,2,-119
1754052858.2334602,-1,1,-113
1754052858.27146,2,0,-115
1754052858.30746,-1,-5,-120
1754052858.3454602,-5,-6,-114
1754052858.38346,0,-8,-106
1754052858.42246,-5,-3,-100
1754052858.45846,-1,6,-100
1754052858.49746,0,-1,-111
1754052858.53446,-5,0,-110
1754052858.57346,-1,-2,-114
1754052858.6114602,1,0,-123
1754052858.64746,0,3,-128
1754052858.6844602,3,-3,-120
1754052858.7234602,8,-6,-111
1754052858.76146,-1,2,-116
1754052858.79746,-1,0,-125
1754052858.8354602,4,-5,-121
1754052858.87346,9,-8,-117
1754052858.91246,11,-6,-114
1754052858.94846,2,-11,-111
1754052858.9864602,7,-10,-116
1754052859.02446,0,-2,-119
1754052859.06346,2,-8,-116
1754052859.10146,-4,0,-110
1754052859.13746,-4,-2,-109
1754052859.17646,-11,0,-117
1754052859.2134602,0,0,-113
1754052859.25246,7,0,-122
1754052859.28846,5,-1,-113
1754052859.32646,0,-2,-119
1754052859.36446,-2,5,-119
1754052859.40346,1,-9,-114
1754052859.43946,-3,-8,-116
1754052859.47746,-2,-2,-119
1754052859.5164602,-7,-2,-118
1754052859.55446,-6,-3,-126
1754052859.5924602,-4,-8,-124
1754052859.62946,-3,-5,-116
1754052859.66646,0,-7,-113
1754052859.70446,-5,-9,-114
1754052859.7434602,4,-6,-112
1754052859.7794602,0,-7,-114
1754052859.81746,1,-11,-118
1754052859.8554602,-3,-13,-118
1754052859.89346,8,-4,-124
1754052859.93246,0,-4,-113
1754052859.96846,2,-7,-113
1754052860.0064602,0,-7,-128
1754052860.04446,-2,-7,-115
1754052860.08346,-1,-4,-125
1754052860.11946,-4,-2,-120
1754052860.1574602,-5,4,-115
1754052860.19546,-4,-4,-114
1754052860.2334602,1,-1,-114
1754052860.27246,0,0,-112
1754052860.30846,2,-5,-114
1754052860.34646,6,-1,-117
1754052860.3844602,2,-3,-110
1754052860.42346,2,0,-118
1754052860.45946,-3,0,-116
1754052860.49746,3,4,-119
1754052860.54346,2,2,-111
1754052860.57946,4,-2,-121
1754052860.61746,2,-5,-117
1754052860.65546,7,0,-116
1754052860.6944602,2,4,-109
1754052860.73246,-3,5,-106
1754052860.76846,5,6,-117
1754052860.80546,6,-2,-110
1754052860.84446,4,-4,-113
1754052860.88246,-2,4,-126
1754052860.91846,8,1,-113
1754052860.95546,4,1,-124
1754052860.99446,1,4,-117
1754052861.0324602,-2,0,-126
1754052861.0694602,-2,3,-125
1754052861.10646,-5,3,-117
1754052861.1444602,-1,-4,-112
1754052861.18346,-7,6,-118
1754052861.21946,-9,3,-116
1754052861.25746,-1,0,-114
1754052861.2964602,-1,-2,-124
1754052861.33446,-3,0,-127
1754052861.37246,-4,-4,-122
1754052861.40846,-2,-4,-113
1754052861.44646,3,2,-120
1754052861.48446,6,1,-100
1754052861.52346,15,3,-111
1754052861.5594602,7,-1,-111
1754052861.5984602,5,-4,-118
1754052861.63546,2,1,-111
1754052861.6744602,0,-4,-110
1754052861.7104602,2,-3,-117
1754052861.74846,2,0,-112
1754052861.7864602,6,-1,-117
1754052861.82446,4,0,-120
1754052861.86046,5,3,-120
1754052861.89846,4,0,-110
1754052861.9374602,-3,0,-120
1754052861.97546,-2,2,-124
1754052862.0134602,2,0,-109
1754052862.0494602,5,0,-107
1754052862.08646,6,-3,-110
1754052862.12546,-6,2,-118
1754052862.16346,-2,-1,-121
1754052862.19946,-5,-2,-105
1754052862.23746,3,-5,-110
1754052862.27546,-2,0,-126
1754052862.31446,2,-4,-115
1754052862.35046,-2,-1,-115
1754052862.3884602,-2,-9,-111
1754052862.42646,-3,0,-101
1754052862.46546,0,0,-109
1754052862.5034602,1,1,-106
1754052862.5394602,2,0,-110
1754052862.57746,0,-3,-125
1754052862.61646,2,-1,-121
1754052862.6544602,-1,-2,-103
1754052862.6904602,2,-1,-115
1754052862.72846,-3,1,-113
1754052862.7664602,0,4,-125
1754052862.80546,0,1,-109
1754052862.84346,9,0,-124
1754052862.87946,6,-8,-117
1754052862.9174602,-2,-4,-126
1754052862.95546,6,0,-120
1754052862.99446,9,-7,-109
1754052863.03046,-1,0,-111
1754052863.06846,2,0,-112
1754052863.10646,4,0,-115
1754052863.14546,2,3,-122
1754052863.18346,3,4,-123
1754052863.21946,6,6,-112
1754052863.2564602,3,-1,-117
1754052863.29546,1,1,-114
1754052863.33346,0,6,-113
1754052863.36946,1,0,-118
1754052863.40646,7,0,-114
1754052863.44546,3,-5,-113
1754052863.4834602,4,-6,-119
1754052863.5194602,4,-3,-127
1754052863.55846,6,-3,-118
1754052863.5954602,4,-5,-114
1754052863.6344602,-2,-7,-120
1754052863.67046,-1,-3,-125
1754052863.70846,3,0,-127
1754052863.7464602,1,0,-122
1754052863.78546,-8,-7,-109
1754052863.82146,-6,-3,-109
1754052863.85946,-12,-5,-115
1754052863.89746,-5,-5,-115
1754052863.93646,-7,-3,-120
1754052863.97446,-1,-2,-119
1754052864.01046,-2,-1,-126
1754052864.0494602,0,1,-119
1754052864.08646,-4,-8,-121
1754052864.12546,1,-5,-116
1754052864.1614602,3,0,-121
1754052864.19846,4,0,-111
1754052864.2364602,4,2,-118
1754052864.27546,0,-3,-127
1754052864.31146,-2,-2,-111
1754052864.34946,3,-6,-108
1754052864.38746,4,-2,-113
1754052864.42546,-1,-5,-114
1754052864.46446,0,-2,-110
1754052864.50046,2,-1,-108
1754052864.53846,-2,-2,-108
1754052864.57646,-2,-4,-106
1754052864.6154602,5,2,-119
1754052864.6514602,-1,1,-116
1754052864.68946,-4,-5,-123
1754052864.72846,-1,-3,-119
1754052864.7664602,0,-2,-112
1754052864.80446,-6,0,-107
1754052864.84146,-3,0,-112
1754052864.8784602,0,-4,-122
1754052864.91646,2,3,-119
1754052864.95546,0,0,-115
1754052864.99146,4,4,-115
1754052865.02846,0,-3,-119
1754052865.06646,5,-9,-103
1754052865.1054602,7,-3,-115
1754052865.1414602,0,-4,-109
1754052865.17946,-4,2,-116
1754052865.2174602,-2,-2,-125
1754052865.2564602,-12,0,-119
1754052865.29446,-1,1,-105
1754052865.33046,2,-7,-117
1754052865.3684602,4,0,-120
1754052865.40646,4,-1,-125
1754052865.44546,1,0,-110
1754052865.48146,-5,3,-105
1754052865.5194602,0,-3,-113
1754052865.55746,0,2,-115
1754052865.59646,-3,-2,-115
1754052865.6344602,-6,-5,-127
1754052865.67046,0,-8,-125
1754052865.70846,-2,0,-112
1754052865.74746,-2,3,-120
1754052865.78546,-2,0,-112
1754052865.82146,3,2,-108
1754052865.85946,0,-1,-116
1754052865.89746,-1,-3,-109
1754052865.93646,0,-1,-119
1754052865.97246,2,4,-112
1754052866.0094602,1,-2,-119
1754052866.04746,-4,-7,-114
1754052866.08646,-3,-3,-115
1754052866.12246,-4,-6,-125
1754052866.1614602,-2,-3,-122
1754052866.19846,-7,0,-116
1754052866.2364602,5,-3,-110
1754052866.27546,5,-7,-119
1754052866.31146,4,-10,-111
1754052866.34946,7,-4,-120
1754052866.38746,4,-1,-110
1754052866.42646,-6,-2,-108
1754052866.46246,-3,-6,-114
1754052866.50046,2,4,-118
1754052866.53846,5,2,-112
1754052866.57746,0,1,-111
1754052866.6154602,0,-9,-109
1754052866.6514602,3,-6,-110
1754052866.6904602,0,-10,-111
1754052866.72746,6,-10,-112
1754052866.7664602,1,-6,-106
1754052866.8024602,6,-6,-112
1754052866.84046,0,0,-110
1754052866.8784602,0,-4,-118
1754052866.9174602,-3,0,-122
1754052866.95546,-9,-6,-116
1754052866.99146,-6,-2,-119
1754052867.03046,2,-3,-112
1754052867.06846,0,0,-115
1754052867.10646,0,-1,-109
1754052867.14346,-3,-7,-107
1754052867.18046,3,-9,-108
1754052867.21846,-3,-1,-116
1754052867.25746,-1,2,-118
1754052867.29546,0,1,-128
1754052867.33146,-2,3,-116
1754052867.36946,-2,7,-119
1754052867.4074602,2,0,-114
1754052867.44646,-1,-3,-124
1754052867.48246,-1,-2,-120
1754052867.52046,-7,-3,-126
1754052867.55846,4,-4,-128
1754052867.59746,2,-4,-127
1754052867.63546,-6,-6,-126
1754052867.6714602,3,2,-122
1754052867.7104602,1,8,-116
1754052867.74846,1,7,-117
1754052867.7864602,-8,0,-118
1754052867.82346,0,2,-121
1754052867.86046,0,0,-116
1754052867.89846,-7,1,-126
1754052867.9374602,-1,-6,-132
1754052867.9734602,0,-8,-121
1754052868.01046,3,-4,-114
1754052868.04846,-3,-1,-116
1754052868.08746,1,-3,-118
1754052868.12346,0,-4,-131
1754052868.1614602,0,-5,-128
1754052868.19946,-6,0,-115
1754052868.23746,0,-5,-107
1754052868.2764602,-5,-8,-108
1754052868.3124602,-3,-10,-108
1754052868.35146,0,0,-113
1754052868.3884602,-1,0,-120
1754052868.4274602,2,4,-117
1754052868.4634602,-1,6,-116
1754052868.50146,2,3,-118
1754052868.54046,0,-1,-111
1754052868.57746,0,4,-114
1754052868.61646,0,5,-117
1754052868.65346,4,1,-117
1754052868.6904602,8,-5,-123
1754052868.72846,6,-1,-116
1754052868.76746,10,-2,-121
1754052868.80346,3,0,-120
1754052868.84046,0,-6,-124
1754052868.8784602,-3,-1,-115
1754052868.9174602,1,-2,-111
1754052868.95346,0,0,-124
1754052868.9904602,-2,-7,-124
1754052869.02846,4,-4,-120
1754052869.06746,-1,-7,-111
1754052869.10346,-2,-9,-111
1754052869.1414602,0,-8,-122
1754052869.17946,3,-3,-117
1754052869.21846,3,-2,-126
1754052869.2564602,1,-5,-114
1754052869.2924602,0,0,-132
1754052869.32946,1,-7,-129
1754052869.3684602,0,3,-120
1754052869.40646,4,-3,-116
1754052869.44246,3,0,-113
1754052869.47946,-6,1,-112
1754052869.51846,-2,-2,-117
1754052869.55646,-8,-2,-121
1754052869.5924602,-6,-1,-106
1754052869.63046,-1,-3,-106
1754052869.66846,-8,-3,-110
1754052869.7074602,0,0,-115
1754052869.7434602,0,1,-109
1754052869.78046,3,-1,-105
1754052869.81846,2,-1,-116
1754052869.85746,2,1,-111
1754052869.89346,1,-1,-106
1754052869.93146,9,-1,-117
1754052869.96946,4,-3,-122
1754052870.00846,-5,-2,-111
1754052870.04446,0,0,-120
1754052870.0824602,11,-3,-118
1754052870.1214602,0,-12,-110
1754052870.15846,9,-8,-110
1754052870.1974602,5,-4,-110
1754052870.2334602,-1,-3,-121
1754052870.27146,0,-3,-111
1754052870.3094602,3,-11,-113
1754052870.3484602,-3,-3,-113
1754052870.3844602,2,-1,-122
1754052870.42246,0,-4,-126
1754052870.4604602,0,-2,-112
1754052870.49846,-3,2,-126
1754052870.53746,-4,1,-111
1754052870.58146,0,-1,-122
1754052870.61946,0,1,-121
1754052870.65846,-5,-6,-120
1754052870.6944602,-4,-4,-120
1754052870.73246,0,-5,-111
1754052870.77046,5,-6,-114
1754052870.8094602,3,-1,-124
1754052870.84746,4,-2,-120
1754052870.88346,-1,-2,-120
1754052870.92246,0,0,-113
1754052870.95946,1,-3,-110
1754052870.99846,-1,-8,-117
1754052871.03446,2,-5,-113
1754052871.0724602,2,-8,-113
1754052871.11046,0,-7,-114
1754052871.14946,-1,-1,-111
1754052871.1874602,-5,-4,-117
1754052871.2234602,4,5,-111
1754052871.26046,-1,0,-109
1754052871.2994602,4,-4,-105
1754052871.33746,4,-1,-103
1754052871.37346,0,2,-111
1754052871.41046,0,-3,-121
1754052871.44946,-1,-5,-107
1754052871.48746,-4,0,-115
1754052871.52346,-1,3,-116
1754052871.56146,-5,4,-119
1754052871.59946,1,3,-122
1754052871.6384602,1,4,-116
1754052871.6744602,-3,-2,-118
1754052871.7134602,-1,0,-112
1754052871.75046,-2,-4,-107
1754052871.7894602,0,-3,-107
1754052871.82746,-3,1,-121
1754052871.86346,1,2,-115
1754052871.90046,-2,0,-120
1754052871.93946,0,1,-111
1754052871.97546,3,-7,-121
1754052872.0134602,-1,-5,-114
1754052872.05146,-5,-4,-111
1754052872.08946,-2,-3,-105
1754052872.1284602,1,-3,-117
1754052872.1644602,-2,0,-111
1754052872.20246,-4,-7,-112
1754052872.2404602,-4,-1,-118
1754052872.2794602,0,-6,-114
1754052872.3154602,-5,0,-117
1754052872.35346,3,2,-115
1754052872.39246,3,-1,-113
1754052872.42946,6,-7,-107
1754052872.46846,6,3,-123
1754052872.50546,6,-2,-122
1754052872.5424602,-2,-3,-107
1754052872.58046,2,-1,-114
1754052872.61946,5,2,-110
1754052872.65546,-2,-5,-114
1754052872.69346,-2,-7,-114
1754052872.73146,-3,-5,-116
1754052872.77046,2,0,-122
1754052872.80846,2,3,-126
1754052872.84446,3,0,-126
1754052872.8814602,4,0,-120
1754052872.92046,8,2,-120
1754052872.95846,1,0,-116
1754052872.99446,5,-7,-117
1754052873.0324602,-4,0,-123
1754052873.07046,-5,-1,-124
1754052873.10946,-4,-6,-127
1754052873.14546,1,-3,-121
1754052873.18346,0,-7,-120
1754052873.22146,3,-1,-108
1754052873.26046,7,2,-118
1754052873.29846,8,-1,-115
1754052873.33446,7,-1,-117
1754052873.37246,1,0,-122
1754052873.41046,-2,-3,-110
1754052873.44946,1,2,-124
1754052873.48546,0,6,-122
1754052873.52346,1,4,-115
1754052873.56146,-4,-4,-119
1754052873.60046,2,3,-108
1754052873.6384602,-3,1,-125
1754052873.6744602,0,-1,-119
1754052873.71246,2,0,-121
1754052873.75046,0,1,-115
1754052873.7894602,-2,0,-116
1754052873.8254602,-3,0,-115
1754052873.86346,0,-6,-117
1754052873.9014602,-1,-5,-100
1754052873.9404602,3,-3,-106
1754052873.97846,-2,-5,-124
1754052874.01546,-1,-5,-120
1754052874.05346,0,-6,-122
1754052874.09146,3,1,-123
1754052874.13046,4,8,-121
1754052874.16646,5,2,-118
1754052874.20346,1,5,-109
1754052874.24146,2,0,-122
1754052874.28046,-9,-4,-116
1754052874.31646,0,-5,-111
1754052874.35446,-1,-3,-121
1754052874.39246,-3,-3,-120
1754052874.43046,-3,-6,-113
1754052874.46946,-4,-1,-112
1754052874.50546,-5,-8,-107
1754052874.54346,-6,-8,-109
1754052874.58146,3,-1,-109
1754052874.62046,0,0,-95
1754052874.6574602,-2,-8,-105
1754052874.69546,-3,-3,-104
1754052874.73246,2,-1,-98
1754052874.77146,0,0,-106
1754052874.8094602,0,-5,-109
1754052874.8454602,0,-1,-115
1754052874.88346,-2,-3,-113
1754052874.9214602,-2,-6,-121
1754052874.9604602,-3,-4,-107
1754052874.9964602,0,-5,-116
1754052875.03346,0,-7,-116
1754052875.07146,9,-11,-123
1754052875.11046,2,-8,-115
1754052875.14646,-2,-7,-131
1754052875.1844602,-2,-3,-121
1754052875.22246,4,-2,-113
1754052875.26146,0,-5,-115
1754052875.2994602,-5,-5,-118
1754052875.3354602,2,0,-118
1754052875.37346,1,-3,-117
1754052875.41246,0,-2,-114
1754052875.4504602,2,-4,-119
1754052875.4864602,0,-8,-127
1754052875.52446,4,-7,-128
1754052875.5624602,3,-8,-113
1754052875.60146,-7,-1,-108
1754052875.63946,-4,5,-113
1754052875.67546,-5,0,-112
1754052875.71246,-10,2,-111
1754052875.75146,0,-3,-121
1754052875.7894602,5,0,-115
1754052875.8254602,0,-3,-110
1754052875.86346,6,-4,-103
1754052875.9014602,2,-2,-115
1754052875.9404602,0,-3,-114
1754052875.97646,0,-2,-108
1754052876.01446,5,-5,-105
1754052876.0524602,-5,-4,-114
1754052876.09146,-5,2,-120
1754052876.12946,-2,-4,-109
1754052876.16546,0,8,-104
1754052876.20246,-4,-5,-114
1754052876.24146,5,-1,-118
1754052876.27746,4,-3,-124
1754052876.3154602,4,2,-118
1754052876.35446,4,0,-114
1754052876.3914602,0,2,-124
1754052876.43046,4,-4,-116
1754052876.46646,7,-2,-117
1754052876.50446,-2,-4,-126
1754052876.5424602,-1,0,-119
1754052876.58146,1,2,-111
1754052876.61746,3,0,-117
1754052876.6544602,0,1,-118
1754052876.69246,2,-8,-119
1754052876.73146,-1,-3,-113
1754052876.76746,1,-8,-116
1754052876.80546,0,-1,-118
1754052876.84346,1,-3,-106
1754052876.8814602,0,-3,-113
1754052876.92046,2,0,-114
1754052876.95646,5,-4,-122
1754052876.99546,1,-1,-119
1754052877.0324602,4,-2,-113
1754052877.07146,1,-2,-124
1754052877.10746,3,-3,-104
1754052877.14546,0,-4,-110
1754052877.18346,6,-6,-102
1754052877.22246,3,0,-111
1754052877.26046,9,1,-110
1754052877.2964602,0,1,-108
1754052877.33446,3,2,-115
1754052877.37246,0,-4,-118
1754052877.4114602,-6,-5,-105
1754052877.4474602,-4,-2,-107
1754052877.48546,-1,-5,-108
1754052877.52446,-1,-4,-109
1754052877.5624602,-1,0,-100
1754052877.60046,0,2,-109
1754052877.63746,3,0,-117
1754052877.6744602,-3,-5,-113
1754052877.71246,0,-5,-124
1754052877.75146,-2,-1,-117
1754052877.78746,4,0,-124
1754052877.82446,4,-3,-113
1754052877.86246,3,-2,-123
1754052877.9014602,-3,1,-119
1754052877.9374602,2,1,-127
1754052877.97446,0,2,-121
1754052878.01246,5,-5,-113
1754052878.05146,-1,-9,-119
1754052878.08746,1,-4,-117
1754052878.12546,2,0,-111
1754052878.16346,0,-6,-110
1754052878.20246,0,-10,-99
1754052878.23846,3,-11,-103
1754052878.27546,0,-8,-109
1754052878.31346,2,-2,-113
1754052878.35246,4,-6,-117
1754052878.39046,1,-3,-124
1754052878.42646,3,-1,-131
1754052878.4634602,5,-15,-118
1754052878.50246,4,-5,-110
1754052878.53846,0,0,-121
1754052878.5754602,-3,-3,-130
1754052878.61346,-1,-1,-133
1754052878.65246,2,-3,-124
1754052878.68846,2,2,-109
1754052878.72646,3,-4,-97
1754052878.76446,5,-2,-121
1754052878.80346,3,0,-115
1754052878.84146,0,0,-119
1754052878.87746,8,1,-115
1754052878.9144602,3,4,-123
1754052878.95346,2,-1,-123
1754052878.99146,4,-3,-115
1754052879.02746,-3,-6,-117
1754052879.0654602,1,-6,-103
1754052879.10346,1,-6,-107
1754052879.14246,-3,2,-112
1754052879.17846,0,2,-107
1754052879.21546,3,0,-112
1754052879.2534602,4,-6,-108
1754052879.2924602,0,-5,-120
1754052879.32846,4,0,-116
1754052879.3654602,2,1,-108
1754052879.40346,4,0,-112
1754052879.44246,4,-1,-129
1754052879.47846,3,-5,-121
1754052879.5164602,1,-4,-116
1754052879.55446,0,1,-120
1754052879.59346,-1,-1,-111
1754052879.6314602,4,-8,-113
1754052879.6674602,0,-3,-107
1754052879.70546,0,0,-122
1754052879.7434602,-1,-2,-108
1754052879.7824602,-1,-8,-114
1754052879.81846,-6,-1,-115
1754052879.85746,3,2,-109
1754052879.8944602,0,0,-111
1754052879.93346,-1,0,-127
1754052879.97146,-2,4,-112
1754052880.00746,-1,5,-119
1754052880.04546,-5,1,-113
1754052880.08346,-2,3,-112
1754052880.12246,8,2,-99
1754052880.15846,8,4,-110
1754052880.19646,-6,-1,-128
1754052880.23446,3,3,-123
1754052880.27346,4,1,-116
1754052880.31146,0,3,-106
1754052880.34746,-5,1,-113
1754052880.38646,-7,-3,-110
1754052880.42346,4,-2,-114
1754052880.46246,4,1,-128
1754052880.49846,1,2,-127
1754052880.5364602,8,0,-115
1754052880.57346,1,-2,-106
1754052880.61746,3,3,-111
1754052880.65546,-3,-6,-124
1754052880.6944602,-2,-1,-126
1754052880.73246,1,0,-107
1754052880.76846,3,-1,-110
1754052880.80646,2,0,-115
1754052880.84446,4,2,-117
1754052880.88346,-4,-3,-121
1754052880.91946,0,-4,-117
1754052880.9574602,0,-7,-119
1754052880.99546,-1,-9,-104
1754052881.03346,-4,-11,-118
1754052881.0724602,5,-10,-114
1754052881.1084602,4,-2,-118
1754052881.14746,1,-2,-114
1754052881.1844602,-8,3,-116
1754052881.2234602,-4,3,-121
1754052881.2594602,1,0,-117
1754052881.29746,2,-8,-116
1754052881.33446,3,-6,-116
1754052881.37346,11,3,-119
1754052881.40946,7,0,-117
1754052881.44646,1,-1,-113
1754052881.48446,-1,-9,-125
1754052881.52346,2,-3,-118
1754052881.5594602,4,0,-125
1754052881.59746,4,0,-110
1754052881.63646,4,-2,-107
1754052881.6744602,-9,0,-113
1754052881.71246,0,-1,-121
1754052881.74846,4,-2,-130
1754052881.7864602,0,-1,-115
1754052881.82446,0,-4,-115
1754052881.86346,-9,0,-118
1754052881.89946,-3,-1,-108
1754052881.9374602,6,-4,-118
1754052881.97546,6,-1,-118
1754052882.01446,2,0,-112
1754052882.0524602,0,-8,-112
1754052882.0884602,0,-4,-115
1754052882.12646,-1,0,-110
1754052882.1644602,9,-5,-98
1754052882.20346,0,-3,-112
1754052882.23946,-2,2,-112
1754052882.27746,0,-2,-123
1754052882.3154602,-2,0,-113
1754052882.35446,7,-3,-108
1754052882.39246,2,0,-118
1754052882.42846,0,-6,-117
1754052882.46646,1,-10,-120
1754052882.50446,1,-4,-118
1754052882.54346,2,0,-105
1754052882.57946,0,-4,-106
1754052882.61746,-2,-5,-112
1754052882.65646,-7,-3,-114
1754052882.6944602,-4,-7,-123
1754052882.7304602,3,-1,-126
1754052882.7694602,3,-3,-126
1754052882.80646,-5,2,-128
1754052882.84446,-6,-6,-120
1754052882.88346,-6,-9,-113
1754052882.91946,-1,-6,-111
1754052882.9574602,2,-2,-109
1754052882.99546,0,-4,-114
1754052883.03446,-1,-6,-111
1754052883.07046,-5,-2,-104
1754052883.1084602,-1,-7,-124
1754052883.14746,-3,-1,-108
1754052883.1844602,-2,-7,-130
1754052883.2234602,2,0,-125
1754052883.2594602,1,1,-121
1754052883.29746,-4,2,-102
1754052883.3354602,0,2,-111
1754052883.37446,-2,2,-113
1754052883.41046,-9,1,-117
1754052883.44846,2,0,-121
1754052883.4864602,2,0,-112
1754052883.52546,5,2,-106
1754052883.56346,3,-2,-107
1754052883.59946,6,0,-111
1754052883.63646,-5,2,-120
1754052883.67546,-4,0,-120
1754052883.7134602,-6,2,-112
1754052883.74946,-2,-1,-105
1754052883.78746,-2,-2,-114
1754052883.8254602,-9,-1,-114
1754052883.86446,0,-5,-111
1754052883.90046,-1,2,-112
1754052883.93946,2,-3,-109
1754052883.97646,2,0,-110
1754052884.01546,3,-3,-108
1754052884.05346,3,-6,-123
1754052884.08946,0,-4,-126
1754052884.12746,8,0,-109
1754052884.16546,0,-2,-105
1754052884.20446,-1,1,-118
1754052884.2404602,1,0,-117
1754052884.27746,3,-2,-101
1754052884.3154602,6,0,-107
1754052884.35346,0,1,-123
1754052884.38946,8,5,-122
1754052884.42646,-4,0,-111
1754052884.46546,-3,-8,-109
1754052884.5034602,6,-4,-112
1754052884.5394602,9,-6,-120
1754052884.57746,3,-4,-125
1754052884.6154602,5,-5,-123
1754052884.6544602,4,0,-116
1754052884.6904602,1,-5,-114
1754052884.72846,4,1,-120
1754052884.7664602,-4,3,-118
1754052884.80546,0,-4,-114
1754052884.84146,5,-4,-101
1754052884.88046,-2,-6,-115
1754052884.9174602,-1,-6,-114
1754052884.95546,-1,-1,-107
1754052884.99446,3,2,-113
1754052885.03046,-4,2,-120
1754052885.06846,-3,-1,-105
1754052885.10646,-2,-3,-119
1754052885.14546,-6,-3,-118
1754052885.18146,3,-4,-115
1754052885.21946,3,-12,-121
1754052885.25746,4,0,-124
1754052885.29546,-1,5,-115
1754052885.33446,0,-5,-118
1754052885.3714602,0,-8,-115
1754052885.40846,5,-3,-110
1754052885.44646,1,0,-118
1754052885.48546,-1,-3,-121
1754052885.52146,-3,-5,-118
1754052885.5594602,-4,-4,-118
1754052885.59746,1,2,-124
1754052885.63646,-2,-2,-122
1754052885.6744602,-5,-4,-108
1754052885.7104602,-1,-9,-113
1754052885.74846,7,-6,-116
1754052885.7864602,1,-1,-112
1754052885.8254602,-1,-2,-110
1754052885.8614602,-4,-2,-111
1754052885.89946,-3,0,-116
1754052885.9374602,0,-7,-123
1754052885.97646,3,-2,-121
1754052886.01446,2,4,-114
1754052886.05046,5,-2,-110
1754052886.0884602,9,-1,-108
1754052886.12646,2,3,-97
1754052886.16646,-6,-3,-114
1754052886.20446,6,0,-108
1754052886.2404602,2,0,-110
1754052886.27846,-4,0,-112
1754052886.31646,2,0,-110
1754052886.3554602,4,-4,-118
1754052886.3914602,5,-5,-114
1754052886.42946,0,-5,-112
1754052886.46846,-1,-6,-117
1754052886.5064602,-2,-6,-114
1754052886.54446,-5,1,-112
1754052886.58046,-2,0,-112
1754052886.6184602,-11,-4,-117
1754052886.65646,3,-1,-116
1754052886.69546,9,-4,-108
1754052886.73146,6,-6,-113
1754052886.7694602,0,2,-116
1754052886.80746,0,2,-115
1754052886.84646,0,1,-112
1754052886.88246,0,-1,-119
1754052886.92046,-6,6,-116
1754052886.95846,2,1,-121
1754052886.9964602,3,0,-128
1754052887.03546,5,4,-120
1754052887.07146,0,2,-112
1754052887.10946,0,8,-113
1754052887.14646,4,0,-121
1754052887.18546,5,0,-116
1754052887.22146,3,-1,-125
1754052887.2594602,2,-2,-118
1754052887.29746,1,-4,-129
1754052887.33646,6,1,-112
1754052887.37246,3,3,-111
1754052887.40946,4,1,-118
1754052887.4474602,6,3,-109
1754052887.4864602,8,-1,-111
1754052887.52246,9,1,-116
1754052887.5594602,3,-5,-112
1754052887.59746,8,1,-111
1754052887.63646,6,1,-125
1754052887.67246,6,4,-123
1754052887.70946,8,6,-117
1754052887.74746,3,2,-103
1754052887.7864602,8,-2,-109
1754052887.8224602,10,4,-105
1754052887.85946,-3,-8,-112
1754052887.89746,-1,-6,-102
1754052887.93646,2,-5,-114
1754052887.97246,0,-4,-122
1754052888.01046,2,0,-129
1754052888.04846,4,2,-113
1754052888.08746,0,-6,-123
1754052888.12546,-9,-10,-113
1754052888.1614602,-10,-7,-104
1754052888.19946,0,1,-115
1754052888.23846,5,0,-121
1754052888.2764602,0,-4,-117
1754052888.3124602,-5,-3,-116
1754052888.35046,-5,5,-114
1754052888.3884602,1,4,-111
1754052888.4274602,0,0,-117
1754052888.46546,1,-8,-108
1754052888.50146,4,-7,-118
1754052888.5394602,2,0,-116
1754052888.57746,-6,-1,-120
1754052888.61646,4,-1,-113
1754052888.65246,7,-1,-114
1754052888.6904602,0,3,-111
1754052888.72946,2,1,-116
1754052888.76746,4,-3,-112
1754052888.80546,-1,-5,-108
1754052888.8424602,-4,-4,-122
1754052888.88046,1,-6,-119
1754052888.91846,0,-4,-111
1754052888.9574602,0,-6,-124
1754052888.9934602,4,-1,-132
1754052889.03146,3,4,-119
1754052889.0694602,1,12,-117
1754052889.10746,3,8,-108
1754052889.14646,-2,-5,-114
1754052889.18246,-3,-7,-107
1754052889.2204602,0,-11,-115
1754052889.2594602,0,-12,-121
1754052889.29746,-5,-1,-118
1754052889.33346,-7,0,-114
1754052889.3714602,-2,-3,-115
1754052889.40946,3,2,-115
1754052889.4474602,2,1,-127
1754052889.4864602,-1,-3,-116
1754052889.52246,3,-7,-124
1754052889.56046,-3,-4,-120
1754052889.5984602,5,-5,-114
1754052889.63746,5,-9,-110
1754052889.67346,3,-6,-112
1754052889.71146,-6,-4,-121
1754052889.74946,2,-4,-121
1754052889.78846,-2,0,-110
1754052889.82646,-3,-5,-110
1754052889.86246,1,-5,-100
1754052889.9014602,-2,-9,-113
1754052889.93846,0,-6,-115
1754052889.97746,9,0,-117
1754052890.0134602,0,-11,-119
1754052890.05146,0,-2,-130
1754052890.08946,3,1,-120
1754052890.1284602,-3,0,-115
1754052890.16646,0,-1,-116
1754052890.20246,2,2,-115
1754052890.23946,-1,3,-116
1754052890.27846,0,0,-134
1754052890.31646,-2,-3,-127
1754052890.35246,0,-4,-129
1754052890.3914602,-1,-2,-125
1754052890.42946,-4,-1,-122
1754052890.4674602,-2,-5,-121
1754052890.50446,-2,0,-113
1754052890.54146,3,1,-120
1754052890.57946,-7,-2,-113
1754052890.62346,2,0,-104
1754052890.6614602,-1,-10,-110
1754052890.69946,2,-4,-123
1754052890.73846,5,-6,-118
1754052890.7764602,1,2,-114
1754052890.8124602,4,-3,-108
1754052890.85146,-1,-7,-122
1754052890.8884602,4,-4,-121
1754052890.9274602,2,-7,-116
1754052890.9634602,1,-11,-108
1754052891.00146,-6,-5,-112
1754052891.0394602,-9,-11,-114
1754052891.07846,2,-3,-118
1754052891.11446,-8,-2,-121
1754052891.15246,-4,-2,-122
1754052891.1904602,-2,0,-121
1754052891.22946,-4,1,-127
1754052891.26746,-2,-7,-117
1754052891.30446,6,-3,-116
1754052891.3424602,6,-12,-114
1754052891.37946,-1,-13,-110
1754052891.41846,0,-7,-127
1754052891.45446,-1,-7,-127
1754052891.49246,-3,-7,-122
1754052891.53046,9,-10,-114
1754052891.56846,-2,-4,-115
1754052891.60746,-1,-4,-110
1754052891.64346,2,-7,-111
1754052891.68146,2,2,-119
1754052891.71946,0,0,-118
1754052891.75846,3,-4,-112
1754052891.79446,6,-5,-107
1754052891.8324602,1,1,-103
1754052891.87046,-1,-4,-127
1754052891.90946,-4,-4,-127
1754052891.9474602,1,0,-123
1754052891.9834602,3,-4,-131
1754052892.02146,-2,-8,-122
1754052892.0594602,0,-4,-117
1754052892.0984602,4,-2,-118
1754052892.1344602,4,4,-112
1754052892.1714602,-4,6,-117
1754052892.20946,-3,-1,-126
1754052892.24846,-9,-5,-125
1754052892.28446,-8,-4,-109
1754052892.3224602,0,1,-113
1754052892.36046,-6,-1,-101
1754052892.39946,-8,-1,-108
1754052892.4374602,1,-2,-122
1754052892.4734602,2,-8,-114
1754052892.51246,-1,0,-116
1754052892.5494602,-4,-3,-106
1754052892.5884602,-2,-7,-112
1754052892.62446,6,-6,-113
1754052892.66346,6,0,-115
1754052892.70146,-1,5,-119
1754052892.73946,5,-8,-129
1754052892.77746,-2,-8,-125
1754052892.81346,0,-2,-115
1754052892.85146,2,-3,-122
1754052892.88946,6,-11,-110
1754052892.9274602,4,0,-117
1754052892.9634602,2,0,-117
1754052893.00146,1,-4,-123
1754052893.0394602,-7,-6,-110
1754052893.0754602,-11,-5,-115
1754052893.11346,-2,-4,-116
1754052893.1514602,3,-11,-112
1754052893.18946,0,-14,-114
1754052893.22846,-1,-3,-132
1754052893.26446,-5,-1,-125
1754052893.3024602,-1,-5,-123
1754052893.34146,0,-1,-127
1754052893.37946,-1,-3,-125
1754052893.41546,2,-9,-115
1754052893.45346,0,-11,-117
1754052893.49146,0,-4,-119
1754052893.5294602,0,-4,-109
1754052893.56846,-1,-6,-114
1754052893.60446,-3,0,-118
1754052893.64246,-11,-5,-115
1754052893.68046,1,3,-119
1754052893.71946,1,2,-120
1754052893.75546,0,2,-124
1754052893.7924602,3,1,-113
1754052893.83046,0,-1,-122
1754052893.86946,-3,-5,-119
1754052893.90546,-4,-6,-116
1754052893.94346,-4,-1,-118
1754052893.98146,-1,2,-116
1754052894.02046,4,-7,-115
1754052894.05846,1,-5,-107
1754052894.09446,2,-6,-108
1754052894.13246,1,0,-111
1754052894.17046,0,-5,-112
1754052894.20946,-2,0,-113
1754052894.24546,3,-5,-113
1754052894.28346,0,-1,-108
1754052894.32146,-1,-5,-115
1754052894.36046,-4,-2,-114
1754052894.39846,-3,0,-109
1754052894.43546,-1,-2,-107
1754052894.47246,-4,0,-115
1754052894.51046,0,2,-118
1754052894.5494602,-4,8,-116
1754052894.5854602,-11,5,-120
1754052894.62346,-4,0,-129
1754052894.6614602,0,-1,-113
1754052894.7004602,-2,-7,-118
1754052894.73846,-1,-8,-114
1754052894.77446,-1,-7,-112
1754052894.8124602,8,-4,-101
1754052894.85046,1,-8,-116
1754052894.88946,-7,-4,-121
1754052894.92546,-11,-6,-114
1754052894.9634602,-3,1,-109
1754052895.00146,0,-1,-126
1754052895.04046,3,3,-129
1754052895.07646,-3,-1,-120
1754052895.11446,-2,1,-119
1754052895.15246,0,-6,-124
1754052895.1904602,0,-5,-122
1754052895.22946,-6,-3,-126
1754052895.26546,-4,-5,-117
1754052895.30346,-1,-3,-108
1754052895.34146,-8,0,-112
1754052895.38046,-4,0,-102
1754052895.41646,0,0,-104
1754052895.45446,6,-4,-113
1754052895.4934602,2,0,-112
1754052895.53046,10,1,-119
1754052895.5694602,3,-4,-117
1754052895.6054602,0,-4,-127
1754052895.64346,0,3,-122
1754052895.68046,-1,0,-113
1754052895.71946,-2,4,-111
1754052895.75546,-4,1,-108
1754052895.79346,0,-1,-122
1754052895.83146,6,0,-115
1754052895.87046,6,0,-116
1754052895.90646,6,-5,-117
1754052895.9444602,-1,-6,-121
1754052895.98246,-2,2,-122
1754052896.02146,0,2,-114
1754052896.0594602,1,-1,-116
1754052896.0954602,2,-1,-119
1754052896.13346,-1,-2,-125
1754052896.17246,8,-8,-116
1754052896.2104602,-11,-6,-112
1754052896.2464602,-1,-3,-115
1754052896.28446,-3,-1,-116
1754052896.3224602,4,-2,-119
1754052896.3614602,-4,-5,-114
1754052896.39946,0,-3,-124
1754052896.43546,1,-7,-120
1754052896.4734602,-1,3,-124
1754052896.51146,-2,0,-118
1754052896.55046,4,6,-119
1754052896.58646,7,0,-121
1754052896.62346,5,5,-124
1754052896.6614602,5,6,-131
1754052896.7004602,-6,3,-136
1754052896.7364602,-3,-2,-125
1754052896.77446,0,1,-120
1754052896.8124602,0,-5,-108
1754052896.85146,-2,-1,-98
1754052896.88946,0,-1,-112
1754052896.92546,3,3,-120
1754052896.96246,-1,6,-120
1754052897.00146,2,0,-115
1754052897.0394602,7,-5,-111
1754052897.07646,0,0,-110
1754052897.11346,-1,-6,-109
1754052897.15246,-4,-3,-114
1754052897.1904602,-3,0,-115
1754052897.22646,0,-1,-115
1754052897.26446,3,2,-109
1754052897.3024602,3,1,-107
1754052897.34146,3,3,-106
1754052897.37746,-5,4,-118
1754052897.41546,5,-5,-131
1754052897.45346,0,-2,-119
1754052897.49246,-12,0,-107
1754052897.53046,-6,-4,-115
1754052897.56646,-4,-1,-109
1754052897.60446,-5,-6,-119
1754052897.64346,-2,2,-114
1754052897.68146,4,-5,-112
1754052897.7174602,-2,-12,-105
1754052897.7564602,2,-7,-113
1754052897.79346,3,-6,-109
1754052897.83146,9,-4,-114
1754052897.87046,7,0,-126
1754052897.90646,7,6,-113
1754052897.94346,0,-4,-100
1754052897.98246,-3,-5,-108
1754052898.02046,-2,4,-116
1754052898.05646,1,1,-117
1754052898.09346,0,0,-120
1754052898.13246,3,3,-121
1754052898.17046,1,0,-126
1754052898.20646,1,4,-133
1754052898.2434602,0,-7,-127
1754052898.2824602,2,-2,-112
1754052898.32046,5,5,-109
1754052898.35646,6,10,-113
1754052898.39346,3,7,-107
1754052898.43246,8,-5,-100
1754052898.4704602,-2,-4,-113
1754052898.5064602,-1,-5,-109
1754052898.54446,-2,-3,-114
1754052898.5824602,-3,-6,-116
1754052898.6214602,4,-1,-117
1754052898.6574602,3,0,-111
1754052898.69546,-11,-5,-131
1754052898.7334602,-2,-2,-119
1754052898.77246,6,-2,-112
1754052898.81046,1,-1,-117
1754052898.84646,1,0,-114
1754052898.88346,-1,0,-115
1754052898.92246,-1,1,-108
1754052898.9604602,2,-2,-113
1754052898.9964602,-1,0,-106
1754052899.03346,7,1,-117
1754052899.0724602,-4,1,-119
1754052899.11046,-9,-2,-119
1754052899.14646,-2,-4,-117
1754052899.1844602,-2,-7,-111
1754052899.2234602,2,-2,-101
1754052899.26146,0,-7,-124
1754052899.29746,0,-7,-121
1754052899.33446,-2,-6,-116
1754052899.37346,2,1,-113
1754052899.4114602,5,0,-116
1754052899.4474602,-2,-6,-112
1754052899.4864602,3,-2,-118
1754052899.52346,6,0,-111
1754052899.5624602,0,-2,-122
1754052899.5984602,-2,5,-114
1754052899.63646,-1,4,-114
1754052899.6744602,0,-2,-118
1754052899.71246,-12,0,-117
1754052899.75146,-11,0,-112
1754052899.78746,-7,3,-114
1754052899.82646,-6,-2,-118
1754052899.86346,-2,-7,-110
1754052899.90246,-2,0,-117
1754052899.93946,0,-6,-118
1754052899.97646,0,-5,-109
1754052900.01446,1,-4,-109
1754052900.05346,3,-3,-121
1754052900.09146,10,5,-126
1754052900.12746,14,4,-119
1754052900.1644602,9,-6,-123
1754052900.20346,5,0,-116
1754052900.24146,4,-2,-110
1754052900.27746,5,3,-109
1754052900.31446,-5,0,-115
1754052900.35346,-7,0,-111
1754052900.3914602,-2,-6,-120
1754052900.4274602,5,-2,-127
1754052900.46546,1,-3,-122
1754052900.5034602,2,-3,-109
1754052900.5424602,4,-3,-110
1754052900.57846,1,-3,-115
1754052900.61646,-6,-2,-113
1754052900.66246,-6,-1,-118
1754052900.69846,-8,-1,-115
1754052900.7364602,4,3,-119
1754052900.77446,0,2,-121
1754052900.81346,-3,7,-113
1754052900.85146,-5,0,-116
1754052900.88746,-6,-4,-116
1754052900.92646,-5,-7,-116
1754052900.96446,-3,-8,-122
1754052901.00246,1,-4,-117
1754052901.03846,2,-1,-128
1754052901.07646,-1,-3,-117
1754052901.11446,-6,-3,-131
1754052901.15346,0,-11,-119
1754052901.19146,0,-13,-108
1754052901.22746,2,-7,-115
1754052901.26546,3,-9,-113
1754052901.30346,0,-1,-106
1754052901.3424602,1,3,-114
1754052901.3784602,0,0,-107
1754052901.41546,0,-4,-104
1754052901.45346,-1,-3,-109
1754052901.49246,1,0,-119
1754052901.52846,-3,0,-119
1754052901.56646,4,-9,-115
1754052901.60446,0,-4,-114
1754052901.64346,1,-4,-108
1754052901.67946,-2,-4,-110
1754052901.7174602,-6,-14,-111
1754052901.75546,-3,-15,-123
1754052901.79346,4,-9,-120
1754052901.8324602,0,-3,-111
1754052901.8684602,0,-3,-116
1754052901.90646,-3,-6,-116
1754052901.94546,-3,-1,-120
1754052901.9834602,6,-3,-122
1754052902.0194602,12,1,-111
1754052902.05646,-1,3,-122
1754052902.09446,5,0,-123
1754052902.13346,0,-1,-130
1754052902.16946,2,1,-121
1754052902.20646,-2,0,-120
1754052902.24546,1,-2,-122
1754052902.28346,2,7,-119
1754052902.3194602,-2,-1,-120
1754052902.35746,-5,-6,-123
1754052902.39546,-1,-2,-121
1754052902.4344602,0,-1,-112
1754052902.47246,11,-1,-117
1754052902.50846,8,-1,-113
1754052902.5464602,-2,-3,-115
1754052902.58446,-1,-1,-119
1754052902.62346,-4,-10,-129
1754052902.65946,1,-16,-126
1754052902.6974602,3,-3,-117
1754052902.73546,3,-6,-123
1754052902.77446,6,4,-128
1754052902.8124602,-2,2,-114
1754052902.8484602,-7,-5,-116
1754052902.88646,-8,-2,-120
1754052902.9244602,3,5,-117
1754052902.9634602,3,7,-114
1754052902.99946,2,-6,-119
1754052903.03746,-3,0,-105
1754052903.0754602,4,-2,-123
1754052903.11446,5,-2,-118
1754052903.15246,0,-7,-112
1754052903.18846,2,-6,-119
1754052903.22646,8,-4,-110
1754052903.26446,4,-1,-124
1754052903.30346,2,-1,-108
1754052903.33946,-3,-2,-107
1754052903.37746,0,-2,-113
1754052903.41646,-3,1,-124
1754052903.45446,-6,-4,-120
1754052903.4904602,-4,-4,-122
1754052903.52846,-4,0,-134
1754052903.56646,3,2,-116
1754052903.60446,-4,1,-110
1754052903.64346,-1,-1,-111
1754052903.67946,0,-3,-108
1754052903.7174602,-3,4,-106
1754052903.75546,0,-3,-116
1754052903.79446,7,-1,-121
1754052903.83046,3,-8,-127
1754052903.8684602,5,-1,-122
1754052903.90646,2,-2,-115
1754052903.9444602,0,-3,-120
1754052903.9834602,2,-7,-115
1754052904.0194602,5,0,-121
1754052904.05746,0,-1,-115
1754052904.0954602,3,-5,-111
1754052904.1344602,-1,0,-116
1754052904.17046,0,-10,-123
1754052904.20846,0,-4,-124
1754052904.2464602,2,2,-117
1754052904.28546,1,1,-113
1754052904.32346,8,5,-109
1754052904.35946,0,0,-106
1754052904.39646,-2,0,-118
1754052904.43546,-4,1,-125
1754052904.4734602,2,2,-117
1754052904.5094602,2,-1,-114
1754052904.54746,2,-5,-116
1754052904.5854602,0,-2,-109
1754052904.62446,3,-1,-113
1754052904.66046,3,-4,-118
1754052904.69846,1,-5,-116
1754052904.7364602,-2,-5,-115
1754052904.77546,-4,-7,-112
1754052904.81346,1,-3,-119
1754052904.84946,5,0,-114
1754052904.88746,0,-6,-114
1754052904.92546,2,-3,-114
1754052904.9634602,-2,-2,-120
1754052904.99946,1,2,-123
1754052905.03746,-6,0,-112
1754052905.0754602,-2,-4,-103
1754052905.11346,-4,-3,-115
1754052905.14946,-2,-6,-114
1754052905.1874602,-1,-1,-127
1754052905.22546,-4,2,-116
1754052905.26446,-6,3,-106
1754052905.30046,-7,1,-114
1754052905.3384602,-4,-7,-116
1754052905.37646,0,-11,-117
1754052905.41546,-2,-7,-121
1754052905.45346,4,-2,-118
1754052905.4904602,1,1,-118
1754052905.52746,3,-1,-116
1754052905.5654602,-8,2,-117
1754052905.60446,4,-1,-113
1754052905.64046,-4,-2,-120
1754052905.67846,-1,1,-107
1754052905.7174602,-2,-1,-113
1754052905.75546,4,4,-107
1754052905.79146,-2,7,-114
1754052905.83046,-3,2,-129
1754052905.86746,1,1,-119
1754052905.90546,4,-3,-122
1754052905.9444602,0,-4,-118
1754052905.9804602,2,5,-106
1754052906.01746,1,2,-112
1754052906.05546,1,4,-104
1754052906.09446,0,-6,-123
1754052906.13046,0,-4,-119
1754052906.16846,1,-7,-107
1754052906.20646,-6,-11,-116
1754052906.24546,1,-7,-121
1754052906.28146,6,-2,-116
1754052906.3194602,-1,-2,-116
1754052906.35746,6,-4,-114
1754052906.39646,1,-5,-111
1754052906.4344602,9,-5,-105
1754052906.4704602,-4,-3,-112
1754052906.50846,0,0,-135
1754052906.54746,-1,-6,-127
1754052906.5854602,0,-4,-114
1754052906.6214602,6,-7,-112
1754052906.65946,5,-4,-114
1754052906.6974602,5,0,-128
1754052906.7364602,5,6,-128
1754052906.77446,-3,-8,-115
1754052906.81046,-6,-4,-126
1754052906.8484602,3,-11,-115
1754052906.88646,1,-5,-112
1754052906.92546,0,0,-118
1754052906.96146,3,4,-125
1754052906.99946,-4,3,-117
1754052907.03746,3,6,-116
1754052907.07646,6,1,-115
1754052907.11446,4,-1,-125
1754052907.15046,6,4,-116
1754052907.18846,0,2,-109
1754052907.22646,4,2,-122
1754052907.26446,0,-5,-111
1754052907.30046,-1,-3,-114
1754052907.3384602,-5,0,-117
1754052907.37646,0,-5,-115
1754052907.41546,-3,-4,-114
1754052907.45146,-1,-6,-112
1754052907.48946,0,0,-121
1754052907.52746,0,0,-105
1754052907.56646,1,-1,-118
1754052907.60246,1,-1,-123
1754052907.64046,5,-2,-114
1754052907.67846,-5,2,-126
1754052907.71646,-6,0,-123
1754052907.75546,-1,4,-117
1754052907.79146,-4,0,-114
1754052907.82946,0,0,-123
1754052907.86746,2,1,-116
1754052907.90646,2,3,-125
1754052907.94246,2,4,-122
1754052907.97946,-2,-2,-114
1754052908.01846,-5,0,-110
1754052908.05646,3,-7,-112
1754052908.0924602,4,-12,-109
1754052908.1314602,2,-5,-112
1754052908.16846,-5,0,-119
1754052908.20646,-2,-7,-119
1754052908.24546,-6,-2,-119
1754052908.28146,-2,-2,-115
1754052908.3194602,3,0,-112
1754052908.35746,-2,-5,-119
1754052908.39646,-4,-5,-122
1754052908.43246,0,-12,-115
1754052908.4704602,-1,-8,-109
1754052908.50846,1,-11,-113
1754052908.54746,3,-4,-108
1754052908.5854602,4,0,-125
1754052908.6214602,5,3,-123
1754052908.65946,3,-3,-114
1754052908.69846,3,0,-112
1754052908.7364602,0,1,-115
1754052908.77246,-2,-4,-115
1754052908.81046,0,-3,-124
1754052908.8484602,-5,-5,-113
1754052908.88746,-4,0,-105
1754052908.92546,0,0,-114
1754052908.96146,-3,6,-109
1754052908.99946,-3,8,-108
1754052909.03746,0,2,-108
1754052909.07646,1,0,-105
1754052909.11246,2,9,-113
1754052909.15046,-3,-1,-104
1754052909.18846,-2,0,-104
1754052909.22746,1,-1,-113
1754052909.26546,2,3,-111
1754052909.30146,-3,-3,-111
1754052909.33946,-2,1,-120
1754052909.37746,5,6,-131
1754052909.41646,2,1,-117
1754052909.45246,-7,-2,-110
1754052909.4904602,1,-3,-118
1754052909.52846,0,6,-123
1754052909.56746,2,8,-104
1754052909.6054602,7,9,-115
1754052909.6414602,4,-2,-113
1754052909.68046,9,4,-118
1754052909.71846,8,3,-118
1754052909.75746,4,-1,-121
1754052909.79346,0,-5,-125
1754052909.83046,1,-4,-116
1754052909.8684602,-6,-5,-106
1754052909.9074602,-4,-12,-117
1754052909.94346,-2,-1,-123
1754052909.98146,-4,-10,-118
1754052910.0194602,0,-7,-115
1754052910.05746,2,5,-114
1754052910.09646,0,1,-120
1754052910.13246,0,-1,-111
1754052910.17046,5,1,-121
1754052910.20846,1,0,-122
1754052910.24746,2,0,-126
1754052910.28346,8,4,-119
1754052910.32146,-3,8,-116
1754052910.35946,-4,7,-118
1754052910.39746,0,1,-117
1754052910.43646,6,0,-119
1754052910.47246,1,-4,-102
1754052910.51146,0,-9,-108
1754052910.5494602,7,-1,-117
1754052910.58746,0,0,-120
1754052910.62346,-8,3,-104
1754052910.66946,1,-4,-109
1754052910.7074602,3,-4,-127
1754052910.7434602,0,-4,-118
1754052910.7824602,6,0,-119
1754052910.8194602,8,-6,-116
1754052910.8584602,2,-4,-109
1754052910.89646,-3,0,-113
1754052910.93246,-3,-1,-111
1754052910.9704602,-1,0,-107
1754052911.00846,-4,0,-124
1754052911.04746,3,3,-105
1754052911.08346,0,0,-107
1754052911.12046,-2,5,-113
1754052911.15846,-10,0,-113
1754052911.1974602,0,0,-117
1754052911.2334602,0,4,-123
1754052911.27046,-13,2,-112
1754052911.30846,-8,-2,-118
1754052911.34746,-3,-4,-120
1754052911.38346,-2,5,-116
1754052911.4214602,2,1,-118
1754052911.45946,2,4,-116
1754052911.49846,-4,-5,-104
1754052911.5364602,1,-2,-116
1754052911.5724602,0,-1,-117
1754052911.61046,0,4,-117
1754052911.64846,-6,1,-117
1754052911.6874602,0,-2,-117
1754052911.7234602,0,-3,-117
1754052911.76246,-7,-4,-106
1754052911.7994602,-10,-5,-111
1754052911.8384602,0,-3,-106
1754052911.87646,9,0,-119
1754052911.91246,8,-5,-116
1754052911.9504602,2,-5,-107
1754052911.98846,-4,-4,-104
1754052912.02746,1,1,-116
1754052912.06346,1,2,-125
1754052912.10046,6,0,-116
1754052912.1384602,-4,0,-122
1754052912.1774602,-5,0,-119
1754052912.2134602,-5,-7,-109
1754052912.25146,-2,-4,-120
1754052912.2894602,-3,-5,-112
1754052912.32846,-2,-8,-117
1754052912.36446,-2,-7,-126
1754052912.40346,0,-6,-111
1754052912.4404602,2,3,-118
1754052912.47946,3,-6,-116
1754052912.51746,0,0,-118
1754052912.55346,2,-6,-120
1754052912.59146,10,-3,-101
1754052912.62946,-2,0,-105
1754052912.66846,-6,-1,-107
1754052912.70446,0,4,-110
1754052912.74246,0,4,-111
1754052912.7794602,-3,-5,-110
1754052912.81846,-2,-4,-113
1754052912.85446,5,-1,-125
1754052912.89246,3,-4,-120
1754052912.93046,0,-3,-123
1754052912.96946,6,-8,-128
1754052913.00746,0,0,-118
1754052913.04346,1,1,-118
1754052913.08046,-4,1,-113
1754052913.11946,0,1,-110
1754052913.1574602,-6,0,-104
1754052913.19346,-8,-4,-101
1754052913.23146,0,-6,-112
1754052913.27046,0,-5,-113
1754052913.30846,-1,-7,-125
1754052913.34446,7,-9,-112
1754052913.38346,10,-8,-113
1754052913.42046,0,-5,-117
1754052913.45946,0,-7,-117
1754052913.49746,7,-6,-123
1754052913.53346,6,-4,-120
1754052913.57146,11,-4,-116
1754052913.60946,-1,3,-128
1754052913.64846,-1,-2,-115
1754052913.6844602,0,-7,-117
1754052913.72246,-11,-5,-118
1754052913.76046,-10,-8,-111
1754052913.7994602,-7,1,-100
1754052913.8354602,-2,0,-112
1754052913.87346,0,-5,-126
1754052913.9114602,0,-2,-118
1754052913.94946,9,-6,-120
1754052913.98846,0,-3,-109
1754052914.02446,3,0,-104
1754052914.06146,-4,0,-123
1754052914.09946,0,5,-126
1754052914.1384602,0,1,-115
1754052914.1744602,1,0,-116
1754052914.21146,-4,-4,-114
1754052914.25046,-2,0,-110
1754052914.28846,-8,1,-116
1754052914.32446,-6,-2,-118
1754052914.36346,-3,1,-124
1754052914.40046,-3,-3,-126
1754052914.43946,4,0,-110
1754052914.47546,1,-12,-116
1754052914.5134602,0,-5,-120
1754052914.55146,5,-10,-118
1754052914.58946,0,0,-109
1754052914.6284602,5,3,-102
1754052914.6644602,6,1,-97
1754052914.70246,2,3,-113
1754052914.74146,-8,-5,-109
1754052914.7794602,-1,0,-114
1754052914.8154602,-3,1,-118
1754052914.85446,0,-1,-102
1754052914.8914602,0,-2,-110
1754052914.93046,-4,-4,-111
1754052914.96846,-3,-3,-114
1754052915.00446,0,-2,-114
1754052915.04146,3,-2,-115
1754052915.08046,-4,2,-115
1754052915.1184602,-2,0,-120
1754052915.1544602,2,-6,-113
1754052915.19246,-2,-3,-113
1754052915.2304602,2,0,-103
1754052915.2694602,-7,0,-109
1754052915.30546,-1,-6,-103
1754052915.34346,0,2,-116
1754052915.3814602,-5,0,-128
1754052915.42046,-3,-4,-119
1754052915.45846,0,1,-120
1754052915.49446,-5,0,-117
1754052915.5324602,0,1,-118
1754052915.57046,0,-5,-112
1754052915.60946,0,-2,-130
1754052915.64546,0,0,-120
1754052915.68246,0,-1,-118
1754052915.7204602,7,-1,-110
1754052915.7594602,4,-6,-110
1754052915.79546,3,0,-118
1754052915.83446,0,-3,-116
1754052915.8714602,-1,5,-114
1754052915.91046,4,10,-111
1754052915.94646,0,5,-111
1754052915.98446,0,0,-112
1754052916.02146,5,0,-115
1754052916.06046,5,-3,-112
1754052916.09646,9,-5,-115
1754052916.1344602,8,1,-112
1754052916.17246,6,0,-114
1754052916.2104602,3,-4,-109
1754052916.24946,4,-2,-108
1754052916.28546,0,-6,-105
1754052916.3224602,-2,-3,-113
1754052916.36046,5,-5,-98
1754052916.39946,-6,-5,-108
1754052916.43546,-4,-4,-111
1754052916.4734602,2,5,-112
1754052916.51146,4,3,-108
1754052916.55046,4,-1,-105
1754052916.58646,6,-4,-111
1754052916.62446,9,-9,-123
1754052916.66246,-4,-8,-116
1754052916.70146,0,-13,-116
1754052916.73946,7,-9,-109
1754052916.77546,4,-8,-110
1754052916.81446,1,-7,-119
1754052916.85146,0,-5,-122
1754052916.89046,1,-9,-121
1754052916.92646,-3,-8,-123
1754052916.96446,3,0,-119
1754052917.00246,8,-1,-116
1754052917.04146,3,-5,-120
1754052917.07946,-8,-5,-108
1754052917.1154602,-6,-1,-109
1754052917.15346,1,-5,-116
1754052917.19246,-1,-3,-116
1754052917.2304602,2,2,-112
1754052917.2664602,-2,-4,-109
1754052917.30446,-5,2,-113
1754052917.3424602,2,-3,-119
1754052917.3814602,-4,-6,-109
1754052917.41946,2,-9,-108
1754052917.45546,3,-1,-113
1754052917.4934602,2,-6,-117
1754052917.53146,2,-5,-124
1754052917.57046,7,-2,-114
1754052917.60646,8,-1,-109
1754052917.6444602,0,-10,-115
1754052917.68246,0,-3,-110
1754052917.72146,6,-2,-100
1754052917.7594602,5,-2,-111
1754052917.79546,1,-2,-119
1754052917.83346,7,4,-117
1754052917.87246,7,-2,-121
1754052917.91046,0,-3,-114
1754052917.94646,6,-12,-109
1754052917.98546,5,-9,-114
1754052918.02246,0,-11,-122
1754052918.06146,-1,0,-115
1754052918.09746,2,2,-110
1754052918.13546,2,-5,-106
1754052918.17246,5,-8,-114
1754052918.21146,4,0,-105
1754052918.24746,0,0,-113
1754052918.28446,-8,1,-115
1754052918.3224602,-3,3,-108
1754052918.3614602,-10,7,-120
1754052918.39746,-1,0,-108
1754052918.4344602,0,-6,-110
1754052918.47246,0,-3,-126
1754052918.51146,0,0,-120
1754052918.54746,-4,-1,-122
1754052918.5854602,-1,1,-131
1754052918.62346,-8,0,-119
1754052918.6614602,-8,-7,-123
1754052918.7004602,-4,1,-119
1754052918.7364602,0,-3,-122
1754052918.77446,-9,0,-118
1754052918.8124602,-3,2,-116
1754052918.85146,1,5,-110
1754052918.88746,2,6,-106
1754052918.92546,9,3,-121
1754052918.9634602,8,3,-115
1754052919.00246,1,-2,-122
1754052919.04046,6,-2,-111
1754052919.07646,4,-3,-118
1754052919.11446,-7,-4,-120
1754052919.15246,-1,-2,-130
1754052919.19146,-1,3,-128
1754052919.22746,-1,3,-116
1754052919.26546,1,-1,-111
1754052919.30346,-2,0,-120
1754052919.3424602,1,1,-117
1754052919.38046,-5,2,-119
1754052919.41646,-2,3,-121
1754052919.45446,-2,-7,-109
1754052919.49246,-1,0,-116
1754052919.53146,1,2,-102
1754052919.56746,1,-4,-105
1754052919.6054602,2,-3,-114
1754052919.6444602,0,-5,-111
1754052919.68246,-5,-3,-114
1754052919.7204602,-11,-1,-124
1754052919.7564602,-2,0,-124
1754052919.79446,-4,4,-120
1754052919.8324602,-1,-4,-120
1754052919.8714602,-8,-2,-112
1754052919.9074602,-2,-4,-111
1754052919.94546,2,2,-119
1754052919.9834602,-3,3,-121
1754052920.02246,2,0,-124
1754052920.06046,-6,-6,-127
1754052920.09746,-3,-4,-116
1754052920.13546,-4,-3,-122
1754052920.17346,1,-2,-112
1754052920.21246,2,0,-111
1754052920.24846,0,-3,-105
1754052920.2864602,-7,-1,-108
1754052920.32446,-7,-1,-110
1754052920.36246,-3,-9,-116
1754052920.4014602,2,-2,-115
1754052920.4374602,-5,-2,-117
1754052920.47546,0,-4,-127
1754052920.5134602,-4,-2,-120
1754052920.5524602,1,0,-114
1754052920.5884602,0,3,-120
1754052920.62546,4,0,-107
1754052920.6714602,-3,-6,-115
1754052920.7074602,-1,1,-111
1754052920.7464602,-1,-3,-108
1754052920.78346,-1,-3,-122
1754052920.8224602,-1,-5,-119
1754052920.8584602,-6,-2,-112
1754052920.89646,0,2,-122
1754052920.9344602,-5,6,-114
1754052920.9734602,-4,-1,-109
1754052921.01146,2,-2,-122
1754052921.04746,-4,-2,-116
1754052921.0854602,10,1,-119
1754052921.12346,2,-3,-114
1754052921.16246,-2,-6,-116
1754052921.19846,0,0,-110
1754052921.2364602,0,1,-123
1754052921.27346,1,0,-110
1754052921.3124602,1,-4,-113
1754052921.3484602,7,-2,-108
1754052921.38646,2,-4,-115
1754052921.4244602,0,-6,-117
1754052921.4634602,9,-3,-117
1754052921.50146,-2,-1,-119
1754052921.53746,4,-3,-112
1754052921.5754602,3,0,-103
1754052921.61346,-2,0,-109
1754052921.65246,-4,1,-115
1754052921.68846,0,0,-112
1754052921.72546,1,6,-114
1754052921.7634602,3,0,-115
1754052921.8024602,-5,1,-114
1754052921.8384602,-3,-2,-113
1754052921.87746,-2,-2,-106
1754052921.9144602,-4,-8,-115
1754052921.95346,0,-11,-109
1754052921.99146,0,-6,-113
1754052922.02746,0,-10,-114
1754052922.0654602,0,0,-109
1754052922.10346,1,-5,-105
1754052922.14246,-2,-6,-110
1754052922.17846,0,-1,-121
1754052922.21646,-3,-8,-118
1754052922.25446,1,-2,-117
1754052922.29346,5,0,-118
1754052922.32946,-1,-1,-103
1754052922.36746,-6,0,-105
1754052922.40546,0,-2,-113
1754052922.44346,-1,-1,-115
1754052922.48246,-3,-3,-132
1754052922.51846,0,-1,-122
1754052922.55646,-7,-2,-119
1754052922.59446,-9,0,-117
1754052922.63346,-3,0,-109
1754052922.66946,1,1,-108
1754052922.7074602,-1,1,-107
1754052922.74546,0,5,-121
1754052922.78346,0,-4,-106
1754052922.8224602,3,-1,-117
1754052922.8584602,4,-2,-123
1754052922.89546,2,-4,-121
1754052922.93346,0,-10,-113
1754052922.97246,-13,-4,-111
1754052923.00846,0,0,-114
1754052923.04546,2,1,-107
1754052923.08446,3,2,-120
1754052923.12246,2,0,-122
1754052923.15846,4,-6,-116
1754052923.19646,0,-1,-123
1754052923.23546,-3,-2,-122
1754052923.27346,6,-1,-116
1754052923.3094602,10,-4,-114
1754052923.34746,1,-2,-116
1754052923.38546,0,-3,-127
1754052923.4244602,0,-1,-108
1754052923.46246,4,0,-124
1754052923.49846,6,1,-122
1754052923.53546,3,0,-114
1754052923.57446,5,0,-113
1754052923.61246,0,1,-112
1754052923.64846,-7,1,-132
1754052923.6874602,-1,6,-122
1754052923.72446,1,-2,-121
1754052923.7634602,2,-2,-122
1754052923.7994602,1,0,-116
1754052923.83746,5,2,-110
1754052923.87446,1,-1,-114
1754052923.91346,0,1,-105
1754052923.94946,0,-5,-109
1754052923.98746,-6,0,-112
1754052924.02546,-7,1,-118
1754052924.06446,-7,-1,-124
1754052924.10246,0,-8,-116
1754052924.1384602,1,-5,-116
1754052924.17646,-2,-3,-118
1754052924.21446,-3,-12,-113
1754052924.2534602,6,1,-104
1754052924.2894602,4,-2,-115
1754052924.32746,6,-2,-120
1754052924.36646,1,0,-118
1754052924.4044602,0,2,-103
1754052924.4404602,0,0,-114
1754052924.47746,-1,1,-117
1754052924.51546,2,0,-115
1754052924.55446,-3,-3,-117
1754052924.59046,-7,0,-113
1754052924.62746,1,1,-116
1754052924.66546,1,1,-131
1754052924.70446,3,-5,-121
1754052924.7404602,-3,-9,-114
1754052924.7794602,0,-12,-120
1754052924.81646,-4,-6,-119
1754052924.85446,-4,-3,-126
1754052924.89346,4,-5,-111
1754052924.92946,4,-4,-116
1754052924.9674602,-3,1,-122
1754052925.00546,0,0,-105
1754052925.04446,2,-6,-114
1754052925.08046,-3,-7,-108
1754052925.1184602,-1,-2,-112
1754052925.15646,-2,-2,-105
1754052925.19546,-7,3,-114
1754052925.2334602,-1,-4,-107
1754052925.2694602,-2,-1,-118
1754052925.30746,-1,-3,-116
1754052925.34646,1,0,-114
1754052925.3844602,-7,2,-105
1754052925.42046,-4,4,-106
1754052925.45846,0,0,-109
1754052925.4964602,1,7,-115
1754052925.53546,1,3,-121
1754052925.57346,3,0,-120
1754052925.60946,-3,-1,-119
1754052925.64746,-9,0,-125
1754052925.68546,-8,0,-126
1754052925.72446,-4,6,-115
1754052925.76046,-5,0,-117
1754052925.79846,-1,0,-120
1754052925.83646,-1,-3,-127
1754052925.87546,-1,-2,-125
1754052925.91346,-7,0,-128
1754052925.94946,-3,0,-119
1754052925.98746,2,0,-111
1754052926.02546,-4,2,-113
1754052926.06446,-3,-1,-112
1754052926.10046,1,-2,-99
1754052926.1384602,-3,-2,-108
1754052926.17646,2,0,-112
1754052926.21546,1,1,-114
1754052926.2534602,-2,0,-107
1754052926.2894602,-2,-4,-117
1754052926.32746,-4,2,-114
1754052926.3654602,-7,0,-123
1754052926.4044602,-3,-6,-120
1754052926.4404602,-4,-8,-115
1754052926.47846,-5,-1,-116
1754052926.51746,-3,-4,-121
1754052926.55546,2,-7,-132
1754052926.59146,5,-2,-136
1754052926.63046,1,0,-116
1754052926.6674602,0,-2,-119
1754052926.70546,-1,-1,-113
1754052926.74446,1,-1,-100
1754052926.78046,0,-7,-104
1754052926.81746,3,2,-116
1754052926.8554602,1,-4,-115
1754052926.8944602,2,-2,-119
1754052926.93046,9,-3,-116
1754052926.96846,0,-7,-108
1754052927.0064602,-3,-4,-101
1754052927.04546,3,-3,-109
1754052927.08146,3,-3,-113
1754052927.11946,5,-2,-120
1754052927.1574602,-5,-8,-116
1754052927.19546,-2,-5,-112
1754052927.23446,4,-12,-116
1754052927.27046,4,-11,-126
1754052927.30846,0,4,-125
1754052927.34646,-2,1,-126
1754052927.38546,3,1,-117
1754052927.4214602,4,-3,-116
1754052927.45946,7,0,-110
1754052927.49746,-1,3,-109
1754052927.5364602,0,-5,-127
1754052927.57446,1,-1,-115
1754052927.61046,0,-5,-116
1754052927.64846,3,0,-110
1754052927.68646,4,-3,-103
1754052927.72546,5,-6,-125
1754052927.76146,8,-5,-120
1754052927.7994602,1,-4,-129
1754052927.8384602,0,-2,-124
1754052927.87646,0,-4,-122
1754052927.9144602,-1,0,-126
1754052927.9504602,-8,0,-124
1754052927.98846,0,-1,-115
1754052928.0264602,3,4,-119
1754052928.0654602,0,1,-124
1754052928.10146,-2,-4,-120
1754052928.13946,0,-3,-122
1754052928.1774602,-3,4,-120
1754052928.21646,4,1,-115
1754052928.25446,6,-4,-109
1754052928.29046,0,-4,-115
1754052928.32846,-1,1,-120
1754052928.36646,-4,0,-109
1754052928.40546,-5,0,-119
1754052928.44146,-6,0,-123
1754052928.4804602,1,3,-112
1754052928.51746,-3,8,-125
1754052928.55646,6,-4,-118
1754052928.5924602,2,-5,-119
1754052928.63046,-3,1,-112
1754052928.66846,4,-4,-121
1754052928.70646,3,-5,-110
1754052928.74546,7,-1,-111
1754052928.78146,0,0,-98
1754052928.81846,-2,-2,-110
1754052928.85646,-3,-3,-119
1754052928.89546,-1,-2,-126
1754052928.93146,-6,-3,-125
1754052928.96946,1,-9,-119
1754052929.00746,11,-1,-116
1754052929.0464602,2,-9,-117
1754052929.0824602,2,-10,-117
1754052929.1214602,1,-7,-123
1754052929.15846,2,-3,-121
1754052929.19646,1,-6,-119
1754052929.23546,5,-3,-107
1754052929.27146,5,-1,-110
1754052929.3094602,1,-4,-113
1754052929.34746,1,7,-120
1754052929.38646,2,0,-121
1754052929.42246,0,4,-120
1754052929.45946,-9,-2,-126
1754052929.49746,0,-5,-122
1754052929.5364602,6,0,-124
1754052929.5724602,2,6,-124
1754052929.60946,3,2,-104
1754052929.64746,-5,0,-110
1754052929.68646,-3,-1,-110
1754052929.72246,5,0,-111
1754052929.7594602,2,-6,-107
1754052929.79746,8,-2,-112
1754052929.83646,6,-9,-100
1754052929.87246,11,-9,-112
1754052929.91046,2,-10,-115
1754052929.94846,-1,0,-113
1754052929.98746,0,0,-109
1754052930.02546,0,0,-119
1754052930.06146,1,-1,-119
1754052930.10046,-1,-2,-114
1754052930.13746,5,0,-114
1754052930.17646,6,-1,-116
1754052930.21246,2,-6,-119
1754052930.25146,1,-5,-126
1754052930.28846,-4,-5,-124
1754052930.32746,-3,-8,-116
1754052930.3654602,9,-8,-114
1754052930.4014602,0,0,-116
1754052930.43946,-2,1,-107
1754052930.47746,1,-7,-114
1754052930.5164602,2,-1,-109
1754052930.5524602,0,-1,-111
1754052930.58946,6,0,-117
1754052930.62746,0,0,-111
1754052930.67246,-6,-5,-110
1754052930.70946,0,0,-121
1754052930.74746,6,3,-110
1754052930.7864602,0,3,-121
1754052930.8224602,-5,4,-116
1754052930.86046,6,-2,-118
1754052930.89846,4,4,-113
1754052930.9374602,5,-3,-104
1754052930.9734602,5,-1,-110
1754052931.01146,-1,0,-106
1754052931.0494602,2,2,-116
1754052931.08746,0,0,-122
1754052931.12646,0,-2,-114
1754052931.16246,4,0,-117
1754052931.19946,-9,0,-120
1754052931.23746,2,-1,-130
1754052931.2764602,-5,0,-114
1754052931.3124602,0,-2,-119
1754052931.35146,0,0,-125
1754052931.3884602,3,-1,-117
1754052931.4274602,0,5,-117
1754052931.4634602,0,-6,-115
1754052931.50146,-8,-1,-116
1754052931.5394602,0,0,-112
1754052931.57846,1,-3,-121
1754052931.61646,-1,-3,-116
1754052931.65246,0,-5,-120
1754052931.6904602,0,0,-119
1754052931.72846,-2,4,-118
1754052931.76746,9,-2,-125
1754052931.80346,9,-6,-120
1754052931.8424602,0,7,-120
1754052931.87946,5,1,-115
1754052931.91846,4,-3,-105
1754052931.95646,0,-4,-99
1754052931.99246,2,-5,-106
1754052932.03146,7,-6,-117
1754052932.06846,6,-6,-123
1754052932.10746,0,-5,-121
1754052932.14346,-6,-7,-120
1754052932.18146,0,-6,-119
1754052932.21946,3,-3,-122
1754052932.25846,-1,-4,-115
1754052932.2964602,0,-7,-109
1754052932.3324602,-11,-3,-112
1754052932.37046,-6,-12,-117
1754052932.40946,0,-7,-118
1754052932.4474602,0,3,-113
1754052932.4834602,11,1,-115
1754052932.52046,4,1,-121
1754052932.55846,1,-10,-110
1754052932.59746,0,-9,-115
1754052932.63346,5,-3,-120
1754052932.67246,-9,4,-113
1754052932.70946,3,1,-117
1754052932.74846,5,0,-115
1754052932.78446,-5,-1,-112
1754052932.8224602,-7,-7,-115
1754052932.86046,1,4,-117
1754052932.89846,1,0,-108
1754052932.9374602,5,-1,-121
1754052932.9734602,1,0,-114
1754052933.01146,6,-5,-123
1754052933.0494602,6,0,-121
1754052933.0884602,-3,0,-118
1754052933.12446,-3,0,-107
1754052933.1614602,-1,2,-104
1754052933.19946,0,2,-113
1754052933.23846,1,0,-116
1754052933.27446,5,-1,-113
1754052933.3124602,1,-4,-125
1754052933.35146,3,-10,-115
1754052933.38946,3,-8,-110
1754052933.4274602,-4,-4,-122
1754052933.4634602,-3,-5,-117
1754052933.50146,3,-7,-118
1754052933.5394602,0,-2,-119
1754052933.57946,0,-3,-118
1754052933.61746,-1,-3,-118
1754052933.6544602,-5,-6,-122
1754052933.69246,-1,1,-123
1754052933.72946,-2,-3,-121
1754052933.76846,3,0,-126
1754052933.80446,4,-7,-119
1754052933.8424602,-1,-3,-113
1754052933.8814602,-4,0,-115
1754052933.91946,7,-7,-123
1754052933.9574602,8,0,-115
1754052933.9934602,9,0,-110
1754052934.03146,8,-3,-113
1754052934.0694602,4,-1,-122
1754052934.1084602,0,6,-116
1754052934.1444602,0,10,-124
1754052934.18146,0,-4,-112
1754052934.21946,3,-5,-124
1754052934.25846,3,-7,-110
1754052934.29446,-2,-4,-112
1754052934.3324602,-6,-4,-117
1754052934.37046,1,-2,-115
1754052934.40946,3,-1,-117
1754052934.4474602,3,-1,-99
1754052934.4834602,1,-4,-100
1754052934.52246,6,-3,-110
1754052934.5594602,-4,-5,-124
1754052934.5984602,-5,-5,-111
1754052934.6344602,-2,7,-104
1754052934.67246,-1,2,-118
1754052934.7104602,0,-4,-108
1754052934.74946,-3,5,-108
1754052934.78546,0,3,-104
1754052934.8224602,2,4,-99
1754052934.86046,1,5,-119
1754052934.89946,5,6,-136
1754052934.93546,4,0,-127
1754052934.9734602,3,2,-124
1754052935.01146,6,-3,-122
1754052935.0494602,0,0,-118
1754052935.0884602,0,-2,-118
1754052935.12446,5,1,-114
1754052935.1614602,4,-4,-121
1754052935.19946,1,-4,-120
1754052935.23846,0,-1,-122
1754052935.27446,0,-3,-116
1754052935.3124602,-2,-5,-124
1754052935.34946,6,-2,-119
1754052935.3884602,-1,-2,-120
1754052935.4244602,1,5,-111
1754052935.46146,2,-8,-122
1754052935.49946,-5,0,-123
1754052935.53846,0,-2,-113
1754052935.57446,4,-5,-116
1754052935.61246,0,-3,-118
1754052935.6514602,-1,-6,-116
1754052935.68946,-3,0,-114
1754052935.72546,-6,-8,-109
1754052935.76446,0,-9,-106
1754052935.80146,0,-6,-117
1754052935.84046,0,-1,-124
1754052935.8784602,0,-6,-118
1754052935.9144602,-2,-11,-121
1754052935.95246,-6,0,-115
1754052935.9904602,-4,-2,-116
1754052936.0294602,-4,5,-117
1754052936.0654602,0,0,-113
1754052936.10246,-3,3,-115
1754052936.14046,-2,0,-124
1754052936.17946,5,6,-124
1754052936.21546,6,1,-113
1754052936.2534602,1,0,-117
1754052936.29146,0,0,-107
1754052936.33046,2,1,-122
1754052936.3684602,-4,-3,-121
1754052936.4044602,-1,-6,-122
1754052936.44246,0,1,-120
1754052936.4804602,0,7,-117
1754052936.5194602,-5,1,-118
1754052936.55546,-2,0,-109
1754052936.59346,-5,-2,-112
1754052936.6314602,-5,-2,-103
1754052936.67046,-1,-3,-125
1754052936.70846,-6,-1,-116
1754052936.74446,0,3,-115
1754052936.7824602,-1,0,-114
1754052936.82046,-3,-1,-115
1754052936.85946,0,1,-108
1754052936.89546,4,0,-116
1754052936.93246,-5,-2,-117
1754052936.97146,-4,-1,-116
1754052937.0094602,-1,4,-109
1754052937.04546,1,3,-118
1754052937.0824602,2,-2,-117
1754052937.1214602,3,-2,-117
1754052937.15946,2,-4,-127
1754052937.19546,-1,-6,-118
1754052937.2334602,-3,-5,-107
1754052937.27146,-4,2,-110
1754052937.31046,0,0,-117
1754052937.34646,-3,1,-123
1754052937.3844602,-3,0,-123
1754052937.42246,-6,5,-120
1754052937.4604602,-4,-2,-114
1754052937.49946,-9,4,-104
1754052937.53546,-3,-4,-110
1754052937.57346,-7,-1,-120
1754052937.6114602,-5,-7,-118
1754052937.65046,0,-5,-125
1754052937.68646,3,2,-110
1754052937.7234602,2,0,-114
1754052937.76146,1,2,-126
1754052937.80046,11,-2,-125
1754052937.83746,5,-5,-120
1754052937.87446,-8,-5,-108
1754052937.91246,-4,-1,-116
1754052937.95146,0,3,-107
1754052937.98946,-1,0,-116
1754052938.02546,-4,-7,-119
1754052938.06346,0,-3,-116
1754052938.10146,-2,-3,-117
1754052938.14046,5,3,-113
1754052938.17646,3,1,-116
1754052938.2134602,-1,-2,-127
1754052938.25146,-1,-1,-113
1754052938.29046,-6,0,-107
1754052938.32646,-1,-2,-104
1754052938.36446,-6,3,-108
1754052938.40246,5,3,-111
1754052938.44146,6,0,-116
1754052938.47946,2,-3,-120
1754052938.51546,3,-1,-109
1754052938.55346,-4,-8,-113
1754052938.59146,6,-9,-105
1754052938.63046,5,-2,-95
1754052938.66646,5,0,-113
1754052938.70446,-4,1,-102
1754052938.74146,-8,-4,-121
1754052938.78046,0,-2,-123
1754052938.81646,0,-5,-126
1754052938.85446,0,0,-121
1754052938.89246,4,-7,-117
1754052938.93146,2,-3,-117
1754052938.9674602,-1,-4,-117
1754052939.00546,-7,-2,-111
1754052939.04346,0,3,-114
1754052939.08146,1,5,-113
1754052939.12046,-2,3,-108
1754052939.15646,-9,1,-106
1754052939.1944602,-1,-3,-119
1754052939.2334602,-1,0,-123
1754052939.27146,2,-2,-121
1754052939.30746,-1,-1,-113
1754052939.34646,-1,-4,-106
1754052939.38346,0,-9,-104
1754052939.4214602,0,3,-118
1754052939.4604602,3,2,-122
1754052939.4964602,1,-3,-125
1754052939.53446,5,-10,-121
1754052939.5724602,1,-2,-116
1754052939.6114602,6,-5,-115
1754052939.64746,5,-3,-119
1754052939.68546,-1,-4,-99
1754052939.7234602,-5,-6,-104
1754052939.76146,-2,-8,-108
1754052939.80046,-6,-2,-114
1754052939.83646,-14,-3,-120
1754052939.87446,-1,1,-125
1754052939.91246,4,3,-118
1754052939.95146,5,5,-109
1754052939.98746,-1,-2,-117
1754052940.02546,-5,0,-112
1754052940.06346,1,-4,-102
1754052940.10246,-2,-6,-108
1754052940.14046,-2,-6,-97
1754052940.17646,2,-2,-105
1754052940.21446,0,1,-121
1754052940.25246,-1,1,-127
1754052940.29146,7,-3,-122
1754052940.32746,3,-2,-112
1754052940.36646,0,-1,-116
1754052940.40346,0,-3,-118
1754052940.44246,9,-2,-119
1754052940.4804602,1,6,-111
1754052940.5164602,-5,2,-113
1754052940.55446,-8,0,-115
1754052940.5924602,7,3,-110
1754052940.6314602,2,-4,-116
1754052940.6744602,-2,0,-113
1754052940.71246,-2,8,-120
1754052940.75146,1,0,-115
1754052940.78746,1,-1,-115
1754052940.8254602,0,-4,-116
1754052940.86346,-4,-11,-118
1754052940.90246,-5,-4,-114
1754052940.9404602,-5,-5,-111
1754052940.97646,1,1,-111
1754052941.01446,1,-3,-107
1754052941.05346,-2,-4,-99
1754052941.09146,-3,-5,-109
1754052941.12746,3,-7,-118
1754052941.16546,-2,0,-121
1754052941.20346,4,8,-123
1754052941.24246,2,3,-120
1754052941.27846,-4,0,-115
1754052941.31646,3,2,-117
1754052941.35446,-2,-1,-115
1754052941.39246,-1,-4,-103
1754052941.43146,3,-1,-109
1754052941.4674602,2,-1,-109
1754052941.50546,2,-3,-108
1754052941.54346,0,0,-125
1754052941.5824602,5,-1,-115
1754052941.6184602,1,-4,-117
1754052941.65646,-3,6,-113
1754052941.69546,-2,-2,-115
1754052941.73246,1,-12,-120
1754052941.77146,-4,-7,-114
1754052941.80746,-4,-4,-106
1754052941.8454602,2,0,-120
1754052941.88346,-3,-2,-115
1754052941.92246,1,3,-118
1754052941.95846,13,0,-124
1754052941.99546,5,6,-126
1754052942.03346,0,2,-122
1754052942.0724602,-10,6,-123
1754052942.1084602,-5,2,-112
1754052942.14646,9,6,-105
1754052942.1844602,-4,2,-125
1754052942.2234602,-4,0,-126
1754052942.26146,4,-4,-127
1754052942.29746,0,0,-123
1754052942.33446,2,-2,-118
1754052942.37346,5,-3,-113
1754052942.4114602,2,3,-107
1754052942.4474602,0,3,-114
1754052942.48446,1,1,-122
1754052942.52346,2,-6,-128
1754052942.56146,4,-4,-111
1754052942.59746,4,1,-119
1754052942.6344602,-4,-1,-115
1754052942.67346,-2,-1,-106
1754052942.71146,-3,2,-115
1754052942.74746,2,4,-119
1754052942.78446,4,7,-112
1754052942.82346,0,4,-115
1754052942.8614602,2,-2,-115
1754052942.89746,0,-1,-115
1754052942.93546,-3,5,-111
1754052942.9734602,4,1,-117
1754052943.01246,1,-3,-115
1754052943.04846,0,-6,-131
1754052943.08646,5,-2,-111
1754052943.12446,3,-1,-110
1754052943.16346,-3,-5,-114
1754052943.19946,-2,-6,-110
1754052943.23746,-2,0,-99
1754052943.27546,-5,1,-115
1754052943.31346,-2,1,-109
1754052943.35246,-3,-4,-115
1754052943.3884602,-4,-2,-116
1754052943.42646,-6,-8,-105
1754052943.46546,-5,1,-106
1754052943.5034602,-1,-2,-120
1754052943.5394602,5,-2,-120
1754052943.57746,5,-4,-120
1754052943.6154602,1,-6,-111
1754052943.65346,-3,-2,-114
1754052943.69246,-10,0,-125
1754052943.72846,-7,1,-108
1754052943.7664602,0,-5,-116
1754052943.80446,3,-10,-113
1754052943.84346,6,-7,-125
1754052943.87946,1,-5,-123
1754052943.9174602,4,0,-125
1754052943.95646,-2,-3,-120
1754052943.99446,-4,0,-113
1754052944.0324602,-1,0,-105
1754052944.06846,0,0,-101
1754052944.10646,1,6,-99
1754052944.1444602,-1,-1,-114
1754052944.18346,-6,-5,-120
1754052944.21946,-6,-4,-118
1754052944.25746,-6,-4,-120
1754052944.29546,-4,-5,-117
1754052944.33446,0,1,-117
1754052944.37246,1,-6,-114
1754052944.40846,1,-1,-113
1754052944.44646,0,0,-107
1754052944.48546,-1,-5,-107
1754052944.52346,4,-6,-110
1754052944.5594602,0,-7,-115
1754052944.59746,6,-2,-118
1754052944.63546,-2,-2,-114
1754052944.6744602,-3,-7,-105
1754052944.71246,-1,-12,-102
1754052944.74846,-3,-1,-108
1754052944.7864602,3,2,-115
1754052944.82446,-6,5,-106
1754052944.86346,-4,4,-109
1754052944.89946,-1,4,-114
1754052944.93846,0,4,-109
1754052944.97546,0,-2,-118
1754052945.01446,5,-2,-117
1754052945.0524602,-2,0,-107
1754052945.0884602,-5,0,-116
1754052945.12746,-5,1,-120
1754052945.1644602,0,-8,-113
1754052945.20346,4,-7,-112
1754052945.23946,0,0,-116
1754052945.27746,0,-4,-124
1754052945.31446,3,-5,-112
1754052945.35346,0,-1,-108
1754052945.38946,-1,1,-116
1754052945.4274602,0,2,-120
1754052945.46546,2,0,-108
1754052945.50446,0,4,-117
1754052945.54046,1,3,-119
1754052945.57746,-3,2,-109
1754052945.6154602,-5,0,-112
1754052945.6544602,-3,-5,-115
1754052945.6904602,-7,0,-112
1754052945.72846,3,-6,-118
1754052945.7664602,0,-2,-115
1754052945.80446,-2,-6,-107
1754052945.84346,-4,-5,-121
1754052945.87946,1,1,-122
1754052945.91646,-1,2,-122
1754052945.95446,10,-4,-113
1754052945.9934602,4,0,-119
1754052946.0294602,4,5,-113
1754052946.06646,6,-3,-109
1754052946.1054602,3,-1,-110
1754052946.14346,2,-11,-114
1754052946.17946,0,0,-128
1754052946.2174602,0,-6,-121
1754052946.25546,-7,3,-115
1754052946.29446,2,9,-114
1754052946.33046,8,0,-110
1754052946.36746,6,-2,-127
1754052946.40546,6,-1,-114
1754052946.4444602,0,0,-109
1754052946.4804602,-6,-2,-111
1754052946.51846,-4,2,-110
1754052946.55646,-5,-4,-110
1754052946.5954602,-4,-3,-110
1754052946.63346,-1,-7,-120
1754052946.66946,7,-3,-118
1754052946.7074602,5,0,-126
1754052946.74546,4,2,-123
1754052946.78446,-5,-4,-125
1754052946.82046,-2,-9,-126
1754052946.8584602,0,-7,-119
1754052946.89646,0,-2,-113
1754052946.93546,-3,0,-121
1754052946.9734602,0,5,-113
1754052947.0094602,0,-3,-119
1754052947.04746,5,-5,-111
1754052947.0854602,7,0,-110
1754052947.12446,-1,-1,-111
1754052947.16046,1,-2,-113
1754052947.19846,-5,-1,-119
1754052947.2364602,-4,5,-114
1754052947.27546,0,0,-110
1754052947.31146,-1,0,-113
1754052947.34946,4,5,-106
1754052947.38746,-2,1,-101
1754052947.42646,10,2,-114
1754052947.46446,5,0,-109
1754052947.50046,0,-5,-106
1754052947.53846,0,-5,-103
1754052947.57646,-2,-6,-107
1754052947.6154602,-1,1,-113
1754052947.6514602,2,0,-116
1754052947.68846,-5,-1,-113
1754052947.72646,-6,-2,-112
1754052947.76546,0,-4,-113
1754052947.80146,-3,-1,-117
1754052947.83946,-1,-4,-134
1754052947.87746,4,-2,-107
1754052947.91546,6,3,-115
1754052947.95446,2,2,-120
1754052947.9904602,3,0,-107
1754052948.02846,-1,0,-111
1754052948.06646,-1,3,-102
1754052948.1054602,2,-1,-98
1754052948.1414602,-1,-2,-111
1754052948.17946,-1,0,-126
1754052948.2174602,-6,-2,-127
1754052948.2564602,0,-8,-111
1754052948.29446,10,-11,-105
1754052948.33046,9,0,-119
1754052948.36746,4,2,-117
1754052948.40646,0,1,-110
1754052948.4444602,-1,-4,-120
1754052948.4804602,-6,-4,-111
1754052948.51846,-3,-3,-112
1754052948.55646,0,-6,-113
1754052948.5954602,-1,-5,-114
1754052948.6314602,3,-7,-114
1754052948.66946,-2,-12,-110
1754052948.7074602,-3,2,-119
1754052948.7464602,4,-5,-112
1754052948.78446,-1,-3,-115
1754052948.82046,0,-1,-113
1754052948.85746,4,-7,-107
1754052948.89646,5,-2,-118
1754052948.9344602,0,-1,-115
1754052948.9704602,2,-1,-112
1754052949.0094602,0,-4,-115
1754052949.0464602,5,-6,-122
1754052949.0854602,2,-7,-102
1754052949.1214602,1,-2,-108
1754052949.15946,0,-9,-114
1754052949.1974602,9,-10,-105
1754052949.2364602,2,-6,-110
1754052949.27446,1,0,-118
1754052949.31046,5,0,-120
1754052949.3484602,0,0,-112
1754052949.38646,-5,-4,-110
1754052949.42246,-5,-6,-105
1754052949.4604602,-4,-4,-112
1754052949.49846,-14,-5,-103
1754052949.5364602,-9,-9,-112
1754052949.5754602,-6,-1,-112
1754052949.6114602,0,-2,-122
1754052949.65046,3,2,-120
1754052949.6874602,-2,0,-113
1754052949.72646,-3,-5,-117
1754052949.76246,2,-6,-120
1754052949.80046,3,-4,-123
1754052949.8384602,0,3,-123
1754052949.87646,-4,-4,-114
1754052949.91546,-2,-9,-108
1754052949.95246,6,-1,-111
1754052949.98946,6,-3,-106
1754052950.02746,6,2,-114
1754052950.06646,-1,-10,-120
1754052950.10246,2,-7,-118
1754052950.14046,-3,-8,-126
1754052950.17846,3,-7,-128
1754052950.2174602,0,-6,-124
1754052950.25546,2,-11,-120
1754052950.29146,-2,-2,-112
1754052950.32946,3,-1,-102
1754052950.36746,0,-4,-101
1754052950.40646,-5,-8,-102
1754052950.44246,-4,-7,-102
1754052950.48146,0,0,-110
1754052950.51846,-4,1,-110
1754052950.55746,-1,0,-115
1754052950.5954602,0,-2,-108
1754052950.6314602,0,0,-110
1754052950.66946,-1,-2,-104
1754052950.71246,-4,-4,-124
1754052950.75046,-4,-2,-119
1754052950.78846,-1,1,-114
1754052950.82746,1,-3,-111
1754052950.8654602,0,-9,-111
1754052950.9014602,-6,-6,-130
1754052950.93946,-5,2,-128
1754052950.97746,1,3,-121
1754052951.0164602,-1,-1,-117
1754052951.0524602,9,1,-121
1754052951.08946,-1,-5,-117
1754052951.1284602,2,-3,-113
1754052951.16646,2,0,-128
1754052951.20246,3,1,-130
1754052951.23946,6,-2,-123
1754052951.27846,10,-3,-119
1754052951.31646,0,-3,-113
1754052951.35246,-3,-1,-117
1754052951.3914602,-2,-5,-122
1754052951.42846,0,-1,-116
1754052951.4674602,3,-4,-119
1754052951.5034602,4,-3,-120
1754052951.54146,3,-1,-120
1754052951.57946,0,-7,-106
1754052951.61746,2,-5,-114
1754052951.65646,4,-4,-120
1754052951.69246,1,-5,-127
1754052951.7304602,0,7,-128
1754052951.76846,-8,0,-110
1754052951.80746,-8,-4,-106
1754052951.84346,0,5,-114
1754052951.8814602,4,4,-108
1754052951.91946,4,4,-117
1754052951.9574602,6,-2,-119
1754052951.9964602,5,-6,-118
1754052952.0324602,1,-2,-113
1754052952.07046,-1,-4,-120
1754052952.1084602,-4,7,-116
1754052952.14746,3,-5,-120
1754052952.18346,-9,-1,-118
1754052952.22146,-6,0,-114
1754052952.2594602,0,-2,-117
1754052952.29846,3,-5,-115
1754052952.33646,7,-1,-115
1754052952.37246,1,-3,-110
1754052952.4114602,-3,-3,-105
1754052952.44846,-5,-7,-112
1754052952.48746,0,-5,-121
1754052952.52446,0,-2,-115
1754052952.56146,1,0,-115
1754052952.59946,4,-2,-122
1754052952.6384602,5,-1,-120
1754052952.67646,-2,-4,-117
1754052952.71246,4,-6,-108
1754052952.75046,-2,0,-123
1754052952.78846,1,-6,-114
1754052952.82746,5,-2,-114
1754052952.86346,4,-9,-102
1754052952.9014602,0,6,-119
1754052952.93946,1,10,-128
1754052952.97846,4,-3,-128
1754052953.0164602,3,1,-121
1754052953.0524602,0,-2,-116
1754052953.08946,0,-2,-119
1754052953.1284602,-3,-5,-114
1754052953.16646,1,-6,-114
1754052953.20246,-6,2,-115
1754052953.2404602,-10,0,-108
1754052953.27846,-4,-1,-101
1754052953.31746,-2,-4,-112
1754052953.35346,5,2,-118
1754052953.39046,-2,3,-111
1754052953.42846,5,-5,-101
1754052953.4674602,-3,-2,-105
1754052953.5034602,5,2,-108
1754052953.54046,0,2,-120
1754052953.57846,-12,1,-111
1754052953.61446,-4,6,-118
1754052953.65246,1,5,-110
1754052953.6904602,1,3,-113
1754052953.72846,-3,-1,-111
1754052953.76746,-2,-4,-116
1754052953.80346,-5,3,-119
1754052953.84146,1,3,-116
1754052953.88046,6,-2,-114
1754052953.91846,6,-3,-111
1754052953.95446,9,0,-104
1754052953.99246,6,-2,-109
1754052954.03146,2,-2,-116
1754052954.06846,-2,7,-109
1754052954.10746,-4,2,-114
1754052954.14346,-2,6,-114
1754052954.18146,-5,-3,-122
1754052954.21946,-7,2,-118
1754052954.25846,0,0,-115
1754052954.29446,0,0,-108
1754052954.33146,-2,3,-119
1754052954.36946,-8,-2,-113
1754052954.40846,-5,0,-128
1754052954.4444602,1,2,-131
1754052954.48146,12,2,-111
1754052954.5194602,4,2,-107
1754052954.55846,1,0,-126
1754052954.59446,3,0,-120
1754052954.6314602,4,-6,-117
1754052954.66946,-1,-12,-109
1754052954.70846,-1,-3,-114
1754052954.74446,0,5,-112
1754052954.78146,0,7,-118
1754052954.8194602,-3,-3,-119
1754052954.8584602,-4,0,-114
1754052954.8944602,-3,0,-117
1754052954.93246,-2,-6,-106
1754052954.9704602,-1,0,-111
1754052955.0094602,0,4,-113
1754052955.04746,-7,0,-116
1754052955.08346,-6,-4,-117
1754052955.1214602,-8,0,-104
1754052955.15946,-3,-2,-109
1754052955.19846,-2,-2,-116
1754052955.23446,1,-2,-118
1754052955.27246,0,0,-119
1754052955.31046,-7,0,-113
1754052955.34946,1,-5,-113
1754052955.38746,5,-5,-115
1754052955.42346,4,-2,-119
1754052955.46146,0,0,-110
1754052955.50046,-8,-7,-108
1754052955.53846,-4,0,-120
1754052955.57446,-6,2,-134
1754052955.61246,-5,-3,-119
1754052955.6514602,0,-6,-123
1754052955.68946,0,-1,-126
1754052955.72546,4,0,-110
1754052955.76246,0,1,-112
1754052955.80046,-3,3,-111
1754052955.83946,-6,-3,-110
1754052955.87546,-3,-4,-110
1754052955.91346,-2,0,-107
1754052955.95146,-4,0,-126
1754052955.98946,9,0,-118
1754052956.02846,5,4,-110
1754052956.06446,2,3,-114
1754052956.10146,-3,-2,-121
1754052956.13946,1,-4,-123
1754052956.17846,5,1,-106
1754052956.21446,-3,-1,-108
1754052956.25246,0,2,-109
1754052956.29046,-7,-2,-108
1754052956.32946,-6,-6,-109
1754052956.3654602,-6,-5,-120
1754052956.40346,-3,-4,-121
1754052956.44146,-6,0,-116
1754052956.4804602,-3,0,-116
1754052956.51846,-5,-1,-110
1754052956.55446,-4,-1,-122
1754052956.5924602,5,-1,-116
1754052956.63046,3,-1,-118
1754052956.66946,2,-3,-124
1754052956.70546,0,-3,-122
1754052956.7434602,5,-10,-123
1754052956.78146,0,0,-120
1754052956.82046,0,0,-110
1754052956.8584602,0,-4,-104
1754052956.8944602,-2,-1,-105
1754052956.93346,1,2,-114
1754052956.9704602,1,-3,-122
1754052957.0094602,-1,0,-119
1754052957.04546,0,-1,-119
1754052957.08346,-2,-4,-122
1754052957.12246,-3,-7,-121
1754052957.16046,-8,-2,-118
1754052957.19846,-5,-1,-119
1754052957.23446,-5,-3,-113
1754052957.27246,1,-4,-136
1754052957.31046,0,-1,-128
1754052957.34946,-1,-8,-113
1754052957.38546,4,-4,-112
1754052957.42346,9,-2,-113
1754052957.46146,7,1,-114
1754052957.50046,3,3,-116
1754052957.53846,6,11,-121
1754052957.57446,10,1,-121
1754052957.6114602,4,-1,-121
1754052957.65046,0,0,-115
1754052957.68646,-2,-1,-125
1754052957.72446,-4,0,-118
1754052957.7634602,-3,0,-113
1754052957.80046,-1,-1,-113
1754052957.83946,-2,-2,-122
1754052957.87546,1,-7,-119
1754052957.91346,-2,4,-125
1754052957.95146,1,-2,-121
1754052957.9904602,-4,0,-119
1754052958.0264602,-5,0,-112
1754052958.06446,-2,-11,-103
1754052958.10246,-3,-5,-109
1754052958.14046,0,0,-114
1754052958.17946,-2,-3,-123
1754052958.21546,-1,-7,-123
1754052958.2534602,3,0,-128
1754052958.2924602,1,-3,-123
1754052958.33046,-2,-1,-111
1754052958.36646,-6,-3,-116
1754052958.40546,0,-5,-109
1754052958.44246,-3,0,-105
1754052958.4804602,-9,-4,-111
1754052958.5194602,-1,2,-108
1754052958.55546,-7,0,-109
1754052958.5924602,-4,-6,-111
1754052958.6314602,-2,1,-118
1754052958.66946,6,-6,-117
1754052958.70546,1,-2,-111
1754052958.7434602,1,-5,-116
1754052958.7824602,-1,-7,-110
1754052958.82046,-2,0,-113
1754052958.85646,3,2,-116
1754052958.8944602,2,-1,-119
1754052958.93246,4,2,-125
1754052958.97146,9,-4,-118
1754052959.0094602,11,-1,-121
1754052959.04546,9,-7,-118
1754052959.08346,5,-1,-111
1754052959.1214602,8,-2,-119
1754052959.16046,2,-7,-118
1754052959.19646,-1,-1,-117
1754052959.23446,-1,0,-112
1754052959.27246,2,2,-109
1754052959.31146,1,-2,-111
1754052959.34946,10,-5,-111
1754052959.38546,8,-7,-119
1754052959.42346,5,-4,-113
1754052959.46246,3,-2,-114
1754052959.50046,1,2,-113
1754052959.5364602,-8,-1,-115
1754052959.57446,0,-3,-104
1754052959.61246,6,-8,-130
1754052959.6514602,1,0,-110
1754052959.68946,-1,-2,-116
1754052959.72546,3,-4,-124
1754052959.7634602,1,1,-113
1754052959.80146,-2,-4,-122
1754052959.84046,-5,2,-125
1754052959.87646,0,-1,-131
1754052959.9144602,2,0,-117
1754052959.95246,0,-6,-117
1754052959.99146,-3,-8,-107
1754052960.02746,-2,-3,-120
1754052960.0654602,-3,2,-123
1754052960.10446,-9,-3,-118
1754052960.1414602,-2,-2,-109
1754052960.18046,0,-5,-121
1754052960.21646,-4,-9,-110
1754052960.25446,0,-2,-108
1754052960.2924602,-5,-5,-111
1754052960.33146,5,-6,-107
1754052960.36746,0,-7,-127
1754052960.4044602,2,-9,-122
1754052960.44246,-5,-2,-122
1754052960.48146,-1,-6,-111
1754052960.51746,-3,-8,-115
1754052960.55546,5,-3,-111
1754052960.59346,12,0,-118
1754052960.6314602,10,1,-120
1754052960.67046,0,0,-113
1754052960.71446,11,7,-116
1754052960.75246,5,4,-116
1754052960.79146,-7,-7,-110
1754052960.82746,2,-4,-116
1754052960.8654602,0,-7,-120
1754052960.90346,1,-3,-117
1754052960.94246,11,-3,-109
1754052960.9804602,1,0,-119
1754052961.0164602,-2,4,-117
1754052961.05446,-2,-2,-116
1754052961.0924602,-2,-1,-113
1754052961.1314602,1,-3,-117
1754052961.1674602,0,-4,-111
1754052961.20546,2,-6,-117
1754052961.2434602,4,-5,-114
1754052961.2824602,8,-1,-122
1754052961.32046,7,-3,-129
1754052961.35646,2,-8,-121
1754052961.3944602,4,-7,-116
1754052961.43246,3,0,-110
1754052961.47146,3,-2,-112
1754052961.50746,4,4,-114
1754052961.54446,3,-3,-124
1754052961.5824602,3,-3,-109
1754052961.6214602,3,0,-116
1754052961.6574602,5,-9,-114
1754052961.69546,1,-10,-117
1754052961.7334602,8,-5,-112
1754052961.77246,2,-4,-127
1754052961.81046,2,2,-118
1754052961.84746,-9,0,-113
1754052961.8844602,-3,-5,-126
1754052961.92246,0,-6,-116
1754052961.96146,2,-4,-113
1754052961.99746,3,4,-119
1754052962.03446,8,2,-119
1754052962.0724602,4,4,-114
1754052962.1114602,3,-2,-117
1754052962.14746,9,0,-115
1754052962.1844602,0,5,-119
1754052962.22246,-5,-3,-121
1754052962.26146,-1,-4,-115
1754052962.29746,-10,0,-113
1754052962.3354602,-2,-6,-116
1754052962.37346,0,-4,-111
1754052962.41246,-3,-8,-116
1754052962.44846,-4,-9,-119
1754052962.4864602,-5,-7,-115
1754052962.52446,-2,-4,-111
1754052962.5624602,3,1,-113
1754052962.60146,1,2,-108
1754052962.63746,0,-1,-111
1754052962.67646,-1,-3,-112
1754052962.7134602,4,-5,-111
1754052962.75246,10,2,-121
1754052962.78846,9,3,-118
1754052962.82646,-1,-5,-124
1754052962.86446,2,-5,-119
1754052962.90346,-6,-2,-111
1754052962.94146,-3,0,-111
1754052962.97746,-1,-8,-119
1754052963.01546,2,-7,-118
1754052963.05346,2,0,-113
1754052963.0924602,-2,-3,-127
1754052963.1284602,2,-7,-117
1754052963.16646,1,0,-109
1754052963.20446,0,2,-106
1754052963.2434602,-6,0,-128
1754052963.28146,-3,-6,-117
1754052963.31746,-7,0,-115
1754052963.35646,2,-1,-112
1754052963.3944602,5,1,-114
1754052963.43246,0,-3,-130
1754052963.46846,2,-3,-116
1754052963.5064602,3,0,-114
1754052963.54446,-4,7,-108
1754052963.58346,2,-2,-111
1754052963.6214602,1,-1,-116
1754052963.6574602,0,-3,-115
1754052963.69546,1,-8,-112
1754052963.7334602,3,1,-111
1754052963.77246,4,0,-131
1754052963.80846,0,1,-123
1754052963.84746,1,-5,-119
1754052963.8844602,0,-10,-117
1754052963.92346,-4,-5,-112
1754052963.96146,-4,-2,-112
1754052963.99846,-2,2,-116
1754052964.0364602,-6,-1,-113
1754052964.07446,2,-2,-110
1754052964.11346,-5,-10,-122
1754052964.14946,-7,-6,-121
1754052964.1874602,4,-3,-124
1754052964.22546,-6,2,-114
1754052964.2634602,3,0,-110
1754052964.3024602,2,-4,-96
1754052964.3384602,1,1,-110
1754052964.37546,5,9,-114
1754052964.41346,2,3,-112
1754052964.45246,-3,4,-120
1754052964.48846,-1,0,-117
1754052964.5264602,-2,-2,-116
1754052964.56446,-3,-3,-125
1754052964.60346,-2,5,-120
1754052964.63946,-1,0,-112
1754052964.6774602,-1,3,-120
1754052964.71546,0,-1,-119
1754052964.7534602,-6,-8,-116
1754052964.7924602,0,-2,-119
1754052964.82846,2,4,-116
1754052964.8654602,2,3,-118
1754052964.9044602,0,-3,-123
1754052964.94246,0,-4,-117
1754052964.97846,-1,-4,-121
1754052965.0164602,2,-3,-119
1754052965.05446,-3,0,-111
1754052965.09346,0,-3,-106
1754052965.12946,4,-2,-116
1754052965.1674602,-1,-2,-122
1754052965.20546,0,-7,-121
1754052965.24446,1,2,-113
1754052965.2824602,-4,-3,-115
1754052965.31846,-2,-4,-120
1754052965.35646,2,-2,-116
1754052965.3944602,-4,-6,-109
1754052965.43346,4,1,-110
1754052965.46946,3,-6,-122
1754052965.50846,-1,-9,-118
1754052965.54546,-1,-6,-110
1754052965.58446,-6,-5,-114
1754052965.62246,8,-2,-122
1754052965.65846,0,-3,-110
1754052965.69646,0,-2,-121
1754052965.73546,3,2,-122
1754052965.77346,1,0,-115
1754052965.8094602,-1,0,-102
1754052965.84746,-1,0,-112
1754052965.88546,-5,-11,-115
1754052965.9244602,1,-1,-116
1754052965.96246,7,0,-124
1754052965.99846,1,2,-111
1754052966.03546,4,-1,-111
1754052966.07446,0,-2,-116
1754052966.11046,2,-6,-111
1754052966.14846,6,-4,-112
1754052966.18646,2,-4,-122
1754052966.22446,-5,0,-117
1754052966.2634602,-2,-1,-112
1754052966.2994602,-4,-2,-111
1754052966.33746,-3,-3,-114
1754052966.37646,-4,-6,-113
1754052966.4144602,-1,-1,-115
1754052966.4504602,2,-5,-124
1754052966.48846,10,0,-119
1754052966.5264602,9,-5,-115
1754052966.56446,4,2,-119
1754052966.60346,4,0,-118
1754052966.63946,2,3,-119
1754052966.67646,-2,-1,-115
1754052966.71446,-1,-1,-115
1754052966.7534602,-12,0,-116
1754052966.7894602,0,0,-115
1754052966.82646,-8,0,-117
1754052966.86446,0,1,-118
1754052966.90346,7,3,-122
1754052966.93946,-4,-3,-112
1754052966.97746,0,-2,-108
1754052967.01546,-4,-2,-121
1754052967.05446,-1,-4,-112
1754052967.09046,-7,1,-117
1754052967.12946,-6,1,-108
1754052967.16646,-5,-1,-122
1754052967.20546,-2,2,-120
1754052967.2434602,-5,1,-109
1754052967.2794602,-2,-4,-111
1754052967.31846,0,-2,-101
1754052967.3554602,0,-5,-112
1754052967.3944602,0,1,-120
1754052967.43046,4,6,-116
1754052967.4674602,3,-1,-111
1754052967.50546,5,-7,-123
1754052967.54446,0,-6,-117
1754052967.58046,-4,-2,-125
1754052967.6184602,-1,5,-118
1754052967.6574602,2,-1,-118
1754052967.69546,3,1,-115
1754052967.7334602,5,-3,-111
1754052967.7694602,0,-4,-108
1754052967.80746,-2,-8,-110
1754052967.8454602,0,-12,-114
1754052967.8844602,3,-4,-112
1754052967.92046,-7,-1,-107
1754052967.95846,-4,-1,-117
1754052967.9964602,2,-4,-115
1754052968.03546,5,-11,-122
1754052968.07346,4,-1,-120
1754052968.10946,0,-1,-116
1754052968.14746,0,-8,-123
1754052968.18546,-3,2,-106
1754052968.22446,-6,2,-97
1754052968.26046,-3,6,-109
1754052968.29846,5,0,-116
1754052968.33646,-2,0,-109
1754052968.37546,7,-4,-115
1754052968.4114602,0,-13,-109
1754052968.44946,2,-3,-115
1754052968.48746,10,0,-120
1754052968.52546,7,-5,-111
1754052968.56446,10,-7,-108
1754052968.60046,1,-1,-115
1754052968.6384602,-9,0,-110
1754052968.67646,-15,-3,-108
1754052968.71546,0,-10,-99
1754052968.75146,-5,-15,-109
1754052968.7894602,-3,-7,-114
1754052968.82746,1,-7,-123
1754052968.8654602,3,-2,-119
1754052968.9044602,3,-1,-114
1754052968.9404602,0,-6,-114
1754052968.97846,-1,-10,-123
1754052969.01746,4,-3,-117
1754052969.05546,3,0,-115
1754052969.09146,-6,-2,-115
1754052969.12946,-5,-8,-124
1754052969.1674602,-1,-5,-129
1754052969.20646,4,0,-123
1754052969.24446,0,-3,-112
1754052969.28046,1,0,-115
1754052969.31846,2,-4,-126
1754052969.35646,3,-3,-120
1754052969.39546,-3,-3,-124
1754052969.43146,-3,-6,-114
1754052969.46946,-6,-2,-119
1754052969.50846,-1,-4,-130
1754052969.5464602,8,-2,-111
1754052969.58446,10,2,-111
1754052969.62046,-1,2,-109
1754052969.65846,-2,-1,-106
1754052969.69646,0,-9,-111
1754052969.73546,-6,2,-112
1754052969.77146,-12,-3,-112
1754052969.8094602,0,-2,-110
1754052969.84746,3,-2,-116
1754052969.88646,-4,-5,-118
1754052969.9244602,0,-6,-115
1754052969.9604602,2,-4,-117
1754052969.99846,-3,1,-120
1754052970.03746,1,-5,-124
1754052970.0754602,-3,2,-120
1754052970.1114602,4,-2,-112
1754052970.15046,0,-1,-107
1754052970.1874602,0,0,-110
1754052970.22646,-1,0,-116
1754052970.26246,-3,1,-108
1754052970.30046,7,-2,-116
1754052970.3384602,8,0,-122
1754052970.37646,0,-9,-119
1754052970.41546,-3,-4,-119
1754052970.45146,-4,-2,-107
1754052970.48946,-2,-8,-109
1754052970.52746,-2,0,-121
1754052970.56646,-1,-3,-125
1754052970.60246,0,1,-124
1754052970.63946,-3,0,-116
1754052970.67846,0,4,-111
1754052970.72146,7,0,-110
1754052970.7594602,0,0,-119
1754052970.79846,0,0,-116
1754052970.83646,0,0,-118
1754052970.87246,6,-2,-119
1754052970.9114602,2,0,-114
1754052970.94846,0,-2,-121
1754052970.9864602,-1,-1,-117
1754052971.02546,-2,-2,-119
1754052971.06146,0,1,-111
1754052971.0984602,-12,-2,-118
1754052971.13746,0,-3,-125
1754052971.17546,2,0,-110
1754052971.21146,0,3,-106
1754052971.24946,5,1,-118
1754052971.28746,-2,-6,-121
1754052971.3254602,5,-4,-113
1754052971.3614602,5,-7,-111
1754052971.39946,4,-5,-115
1754052971.4374602,2,-11,-110
1754052971.47646,1,-11,-109
1754052971.51246,0,0,-101
1754052971.5494602,1,-3,-109
1754052971.58746,0,2,-114
1754052971.62646,7,0,-117
1754052971.66246,8,-3,-118
1754052971.7004602,2,-6,-108
1754052971.73846,0,-2,-117
1754052971.77746,-3,-2,-115
1754052971.8154602,2,-6,-109
1754052971.85146,6,-6,-114
1754052971.89046,5,-2,-125
1754052971.9274602,11,0,-118
1754052971.96646,5,7,-114
1754052972.00246,0,3,-114
1754052972.04046,0,5,-111
1754052972.07746,-2,2,-117
1754052972.11646,-1,0,-117
1754052972.15246,-1,0,-120
1754052972.18946,0,3,-119
1754052972.22746,4,2,-124
1754052972.2664602,-2,9,-113
1754052972.3024602,-8,3,-111
1754052972.34046,-5,-3,-105
1754052972.3784602,-8,0,-112
1754052972.4174602,3,-4,-116
1754052972.45346,7,4,-111
1754052972.49146,-7,2,-108
1754052972.52846,-10,-2,-114
1754052972.56746,0,-8,-112
1754052972.60346,-1,-7,-114
1754052972.6414602,-7,-8,-113
1754052972.67946,-2,1,-110
1754052972.7174602,-9,-3,-118
1754052972.7564602,-3,2,-115
1754052972.7924602,0,-1,-123
1754052972.83046,3,2,-121
1754052972.86946,4,-3,-119
1754052972.9074602,2,-4,-116
1754052972.94346,0,-5,-110
1754052972.98246,0,0,-111
1754052973.0194602,-4,3,-112
1754052973.05746,-3,-3,-114
1754052973.09646,5,0,-101
1754052973.13246,3,1,-104
1754052973.16946,0,-2,-109
1754052973.20846,-1,2,-108
1754052973.2464602,-1,-4,-111
1754052973.2824602,1,-1,-114
1754052973.32046,1,-4,-107
1754052973.3584602,-4,-7,-106
1754052973.39746,3,-1,-112
1754052973.43346,-4,-5,-109
1754052973.47146,-5,6,-111
1754052973.5094602,-3,2,-112
1754052973.54846,-7,0,-111
1754052973.58646,-3,2,-110
1754052973.62246,3,-1,-106
1754052973.66046,3,-2,-111
1754052973.69846,5,-4,-125
1754052973.73746,1,-8,-116
1754052973.77346,4,-1,-113
1754052973.81146,4,0,-118
1754052973.84946,6,-7,-117
1754052973.8884602,-2,-13,-116
1754052973.92646,-1,-3,-114
1754052973.96246,2,-12,-121
1754052974.00046,-6,-8,-109
1754052974.03846,0,-8,-103
1754052974.07746,0,-1,-114
1754052974.11346,-1,-2,-125
1754052974.1514602,4,-3,-116
1754052974.18946,1,-8,-116
1754052974.22846,7,-4,-109
1754052974.2664602,0,0,-115
1754052974.3024602,-4,2,-113
1754052974.34046,-2,-2,-115
1754052974.3784602,-1,-6,-115
1754052974.4174602,3,1,-118
1754052974.45346,1,8,-124
1754052974.49146,7,0,-120
1754052974.5294602,2,-3,-117
1754052974.56846,3,-11,-114
1754052974.60446,-2,-10,-127
1754052974.64246,5,-5,-117
1754052974.68146,2,-2,-113
1754052974.71846,-2,-3,-110
1754052974.75746,-3,-1,-105
1754052974.79346,1,7,-109
1754052974.83146,0,2,-118
1754052974.8684602,0,-2,-112
1754052974.9074602,-1,-4,-125
1754052974.94346,6,-3,-108
1754052974.98146,0,0,-116
1754052975.0194602,0,1,-105
1754052975.05846,-2,1,-105
1754052975.09446,1,5,-116
1754052975.1314602,-2,-4,-108
1754052975.16946,-3,-4,-116
1754052975.20846,1,2,-110
1754052975.24446,0,-3,-117
1754052975.28146,0,-7,-129
1754052975.3194602,1,0,-125
1754052975.3584602,2,0,-116
1754052975.3944602,7,-12,-118
1754052975.43246,3,0,-111
1754052975.4704602,3,1,-117
1754052975.5094602,1,-1,-113
1754052975.54746,4,-1,-112
1754052975.58346,-5,-6,-117
1754052975.62246,1,-9,-105
1754052975.65946,-1,-13,-125
1754052975.6974602,0,-2,-121
1754052975.7334602,0,-4,-117
1754052975.77146,3,-4,-120
1754052975.8094602,-5,0,-119
1754052975.8484602,-1,-2,-117
1754052975.8844602,1,-2,-103
1754052975.92246,-2,-1,-111
1754052975.9604602,-6,0,-113
1754052975.99946,1,4,-114
1754052976.03746,-1,2,-116
1754052976.07346,0,-4,-119
1754052976.1114602,-4,-5,-122
1754052976.14946,-4,-5,-114
1754052976.18846,-1,-7,-116
1754052976.22446,-7,-1,-108
1754052976.26246,-5,0,-110
1754052976.30046,1,-5,-115
1754052976.33946,0,3,-111
1754052976.37746,4,-4,-113
1754052976.41346,0,0,-118
1754052976.4504602,2,-4,-117
1754052976.48946,-5,-4,-116
1754052976.52546,7,-7,-116
1754052976.56346,4,1,-120
1754052976.60146,-1,-1,-112
1754052976.63946,0,-2,-105
1754052976.67846,5,-2,-119
1754052976.71446,0,-5,-122
1754052976.7534602,3,3,-122
1754052976.79046,3,5,-114
1754052976.82946,5,-1,-109
1754052976.86646,0,-1,-117
1754052976.90346,-1,0,-112
1754052976.94146,-7,-1,-111
1754052976.9804602,-3,1,-104
1754052977.01846,-5,-6,-113
1754052977.05446,-1,-2,-116
1754052977.0924602,2,-3,-122
1754052977.13046,-2,-1,-121
1754052977.16946,-1,2,-135
1754052977.20546,3,1,-124
1754052977.24246,4,0,-124
1754052977.28046,2,0,-124
1754052977.3194602,-6,-3,-113
1754052977.3554602,2,-1,-110
1754052977.39346,-4,2,-119
1754052977.43146,0,0,-115
1754052977.4704602,0,-6,-117
1754052977.50846,6,0,-112
1754052977.54446,2,2,-118
1754052977.5824602,5,-3,-118
1754052977.6214602,0,-2,-112
1754052977.65946,-4,1,-105
1754052977.69546,0,-6,-103
1754052977.7334602,-4,-3,-106
1754052977.77146,4,-2,-116
1754052977.81046,3,-2,-106
1754052977.8484602,-4,-3,-108
1754052977.8844602,-2,-1,-102
1754052977.92246,4,0,-109
1754052977.9604602,0,2,-118
1754052977.99946,-2,0,-116
1754052978.03546,0,-2,-114
1754052978.07446,3,3,-115
1754052978.1114602,1,-1,-117
1754052978.15046,-3,-6,-120
1754052978.18846,0,0,-118
1754052978.22446,-6,-1,-117
1754052978.26246,0,7,-117
1754052978.30046,1,0,-124
1754052978.33946,9,-3,-106
1754052978.37546,4,-4,-107
1754052978.41346,0,-5,-112
1754052978.45146,-1,-8,-114
1754052978.4904602,-3,-5,-118
1754052978.52846,-5,-4,-115
1754052978.56446,2,-7,-118
1754052978.60246,3,-4,-109
1754052978.64046,-5,-1,-124
1754052978.67946,-1,-3,-120
1754052978.71546,-2,2,-116
1754052978.7534602,2,-2,-115
1754052978.79146,6,0,-124
1754052978.83046,6,0,-128
1754052978.86646,7,0,-117
1754052978.90346,10,-1,-118
1754052978.94146,7,1,-117
1754052978.9804602,3,0,-114
1754052979.0164602,7,2,-122
1754052979.05346,6,4,-123
1754052979.09146,4,-4,-111
1754052979.13046,3,-4,-114
1754052979.16646,-2,1,-115
1754052979.20446,1,-5,-111
1754052979.24246,2,0,-112
1754052979.28046,3,3,-112
1754052979.3194602,0,-4,-107
1754052979.35646,0,-3,-114
1754052979.3944602,3,4,-114
1754052979.43146,7,-2,-109
1754052979.4704602,8,-8,-116
1754052979.5064602,7,-6,-119
1754052979.54446,6,0,-121
1754052979.5824602,0,-1,-120
1754052979.6214602,1,-2,-123
1754052979.65946,3,3,-122
1754052979.69546,0,-3,-118
1754052979.7334602,0,-3,-115
1754052979.77146,-3,-1,-115
1754052979.81046,-1,0,-124
1754052979.84646,-1,1,-126
1754052979.88546,1,4,-124
1754052979.92246,-1,0,-131
1754052979.96146,1,-1,-123
1754052979.99946,2,0,-123
1754052980.03546,1,-4,-126
1754052980.07346,0,0,-121
1754052980.11246,2,0,-115
1754052980.15046,0,0,-104
1754052980.18646,1,-6,-113
1754052980.22446,6,-6,-114
1754052980.26246,3,-5,-115
1754052980.30146,-1,-1,-103
1754052980.33946,-5,5,-115
1754052980.37546,0,6,-113
1754052980.41246,-2,-1,-116
1754052980.45146,-5,-4,-114
1754052980.48946,-3,-3,-118
1754052980.52546,2,3,-109
1754052980.5624602,2,7,-115
1754052980.60146,4,0,-114
1754052980.63946,2,-2,-133
1754052980.67546,-3,1,-122
1754052980.7134602,-1,-2,-119
1754052980.7594602,0,0,-125
1754052980.7964602,0,-5,-115
1754052980.83446,1,-6,-111
1754052980.87246,5,-8,-111
1754052980.9114602,0,-3,-115
1754052980.9474602,-1,0,-108
1754052980.9864602,4,-4,-125
1754052981.02346,1,3,-119
1754052981.06146,-8,0,-122
1754052981.10046,-8,-7,-113
1754052981.13646,-10,-12,-116
1754052981.1744602,0,-10,-110
1754052981.21246,7,2,-110
1754052981.25146,-2,-3,-114
1754052981.28746,4,-6,-116
1754052981.3254602,0,0,-127
1754052981.36346,1,-3,-117
1754052981.40246,0,-8,-112
1754052981.4404602,9,1,-104
1754052981.47646,7,0,-101
1754052981.5134602,3,7,-100
1754052981.55146,4,-6,-107
1754052981.59046,4,-2,-110
1754052981.62646,-2,0,-111
1754052981.6644602,0,0,-125
1754052981.70246,-3,-3,-122
1754052981.74146,-7,9,-124
1754052981.77746,-5,-1,-120
1754052981.8154602,-5,1,-119
1754052981.85346,-10,8,-108
1754052981.89246,-3,2,-113
1754052981.93046,-1,0,-107
1754052981.96646,3,-3,-112
1754052982.00446,2,-7,-109
1754052982.0424602,-3,-1,-98
1754052982.08146,-3,-1,-112
1754052982.11746,-4,0,-117
1754052982.1544602,0,0,-114
1754052982.19246,3,0,-110
1754052982.23146,-1,-6,-115
1754052982.26746,-4,-6,-116
1754052982.30546,2,-5,-109
1754052982.34446,-2,-7,-120
1754052982.38246,4,-1,-116
1754052982.42046,6,-7,-118
1754052982.45646,3,-4,-121
1754052982.49446,7,-1,-99
1754052982.5324602,4,-4,-107
1754052982.57146,1,6,-119
1754052982.60746,0,0,-120
1754052982.6444602,-1,-4,-120
1754052982.68246,5,0,-113
1754052982.72146,-3,-2,-110
1754052982.75746,0,-3,-117
1754052982.79546,-4,-3,-111
1754052982.83446,5,-7,-106
1754052982.87246,8,-9,-112
1754052982.90846,-4,0,-108
1754052982.94646,-3,0,-124
1754052982.98546,3,1,-130
1754052983.02246,0,0,-136
1754052983.06146,-2,-8,-123
1754052983.09746,3,-7,-118
1754052983.13546,6,-7,-116
1754052983.17246,5,-3,-112
1754052983.21146,-6,-11,-112
1754052983.24746,2,-3,-120
1754052983.28546,7,-1,-118
1754052983.32346,7,-7,-116
1754052983.36246,6,-3,-124
1754052983.39846,5,-3,-119
1754052983.43646,2,-4,-112
1754052983.47446,-1,-9,-115
1754052983.51246,0,0,-110
1754052983.55146,1,0,-114
1754052983.58746,-2,-5,-119
1754052983.62546,-8,0,-113
1754052983.66346,-4,-2,-118
1754052983.70246,-9,-3,-119
1754052983.73846,-8,0,-118
1754052983.77746,7,-3,-119
1754052983.81446,8,-5,-112
1754052983.85346,0,-3,-119
1754052983.8914602,-2,-8,-110
1754052983.9274602,-8,-5,-113
1754052983.96546,-3,-3,-115
1754052984.0034602,1,2,-110
1754052984.0424602,0,-2,-113
1754052984.07846,-2,-5,-119
1754052984.11646,-4,1,-106
1754052984.1544602,5,-2,-115
1754052984.19346,3,2,-118
1754052984.23146,6,-2,-108
1754052984.26746,7,-4,-118
1754052984.30546,9,-4,-118
1754052984.34346,2,3,-115
1754052984.38246,7,-3,-104
1754052984.41846,7,0,-113
1754052984.45546,5,-4,-117
1754052984.4934602,7,-3,-121
1754052984.5324602,0,-1,-108
1754052984.56846,0,-2,-117
1754052984.60646,1,-1,-116
1754052984.6444602,-9,3,-118
1754052984.68346,-2,-2,-117
1754052984.72146,0,-2,-112
1754052984.75746,0,-8,-118
1754052984.79546,0,1,-114
1754052984.83446,5,-4,-119
1754052984.87246,6,-2,-122
1754052984.90846,3,1,-125
1754052984.94546,1,-2,-120
1754052984.98446,0,2,-116
1754052985.02246,7,-6,-120
1754052985.05846,0,0,-115
1754052985.0954602,-6,-3,-107
1754052985.13346,3,-1,-113
1754052985.17246,-5,-1,-112
1754052985.20846,4,0,-108
1754052985.24546,2,0,-119
1754052985.28446,2,0,-112
1754052985.3224602,-9,-4,-117
1754052985.3584602,-8,0,-118
1754052985.39546,-5,0,-120
1754052985.43346,3,-1,-116
1754052985.47246,0,-2,-115
1754052985.50846,-2,0,-114
1754052985.54546,-2,0,-120
1754052985.58446,1,0,-105
1754052985.62246,-2,0,-119
1754052985.65846,-6,-1,-113
1754052985.69646,-4,-4,-106
1754052985.73446,0,-4,-110
1754052985.77346,11,-6,-114
1754052985.8094602,6,3,-108
1754052985.84646,-2,6,-102
1754052985.8844602,-2,0,-107
1754052985.92346,0,4,-106
1754052985.95946,5,4,-115
1754052985.9964602,1,-1,-116
1754052986.03446,1,0,-121
1754052986.07346,2,2,-111
1754052986.10946,4,2,-130
1754052986.14746,0,-8,-122
1754052986.18546,2,-7,-130
1754052986.22446,-4,-10,-114
1754052986.26246,0,-3,-130
1754052986.29846,-5,-3,-117
1754052986.33646,-4,3,-113
1754052986.37446,-1,1,-115
1754052986.41346,2,-3,-106
1754052986.44946,7,-4,-114
1754052986.48746,1,-2,-117
1754052986.5264602,-1,2,-116
1754052986.56446,7,-4,-118
1754052986.60246,-4,1,-114
1754052986.6384602,-1,-1,-118
1754052986.67646,1,0,-117
1754052986.71446,0,-1,-125
1754052986.7534602,0,-4,-123
1754052986.7894602,1,-5,-110
1754052986.82846,-2,-5,-111
1754052986.86746,5,-2,-118
1754052986.9044602,3,3,-121
1754052986.94346,0,0,-125
1754052986.97946,0,-2,-112
1754052987.01746,4,0,-107
1754052987.05546,0,-1,-111
1754052987.09446,-2,0,-111
1754052987.13046,-4,-7,-126
1754052987.16846,5,-6,-124
1754052987.20646,12,-3,-113
1754052987.24446,6,-7,-107
1754052987.28346,4,0,-103
1754052987.3194602,7,-1,-104
1754052987.35746,4,-4,-107
1754052987.39646,-4,-5,-105
1754052987.4344602,-3,3,-121
1754052987.4704602,-6,6,-134
1754052987.5094602,-7,-4,-125
1754052987.5464602,-7,0,-118
1754052987.58446,-2,-10,-110
1754052987.62346,-6,-4,-121
1754052987.65946,1,4,-116
1754052987.69646,-1,0,-123
1754052987.73446,-1,1,-128
1754052987.77346,0,-3,-110
1754052987.8094602,-2,-2,-111
1754052987.84746,-3,2,-114
1754052987.88546,6,1,-110
1754052987.9244602,-2,2,-108
1754052987.9604602,-4,4,-105
1754052987.99846,-3,0,-114
1754052988.0364602,0,-4,-116
1754052988.0754602,0,-4,-117
1754052988.11346,1,-2,-107
1754052988.14946,-2,-2,-111
1754052988.1874602,0,-7,-114
1754052988.22546,-2,-5,-108
1754052988.26446,3,-7,-107
1754052988.30046,-3,-9,-104
1754052988.3384602,-1,-3,-122
1754052988.37646,3,-1,-127
1754052988.41546,0,1,-121
1754052988.45346,1,-6,-117
1754052988.48946,0,-7,-108
1754052988.52746,1,-6,-115
1754052988.5654602,-3,-2,-107
1754052988.60446,-3,-4,-100
1754052988.64046,0,0,-96
1754052988.6774602,-2,-4,-107
1754052988.71646,-3,1,-113
1754052988.75446,1,0,-113
1754052988.79046,0,-5,-118
1754052988.82846,0,-7,-121
1754052988.86646,1,-6,-114
1754052988.90546,0,-7,-113
1754052988.94346,0,-2,-108
1754052988.97946,-1,2,-107
1754052989.01746,-1,6,-116
1754052989.05546,8,-1,-109
1754052989.09446,5,-3,-117
1754052989.13046,4,-3,-119
1754052989.16846,-2,-1,-125
1754052989.2074602,0,3,-121
1754052989.24546,0,0,-120
1754052989.28146,0,-4,-114
1754052989.3194602,-8,-2,-106
1754052989.35746,0,3,-125
1754052989.39546,-2,-4,-120
1754052989.4344602,-4,-9,-117
1754052989.4704602,-7,-5,-114
1754052989.50846,-6,-5,-113
1754052989.5464602,-6,-4,-114
1754052989.5854602,-6,2,-111
1754052989.6214602,-4,-4,-107
1754052989.65946,6,-1,-110
1754052989.69846,-4,1,-108
1754052989.73546,3,2,-117
1754052989.77446,0,0,-121
1754052989.81046,0,-1,-111
1754052989.8484602,0,4,-115
1754052989.88646,9,0,-115
1754052989.92546,0,8,-106
1754052989.96146,5,0,-120
1754052989.99946,2,3,-123
1754052990.0364602,2,0,-115
1754052990.0754602,-2,-2,-116
1754052990.1114602,-1,-3,-119
1754052990.14946,2,1,-113
1754052990.1874602,1,-4,-112
1754052990.22646,2,-3,-110
1754052990.26446,8,-3,-122
1754052990.30046,4,0,-119
1754052990.33746,4,0,-108
1754052990.37646,1,-3,-120
1754052990.4144602,-13,-5,-123
1754052990.4504602,-6,-3,-119
1754052990.48846,0,-6,-114
1754052990.5264602,-3,1,-113
1754052990.5654602,1,0,-104
1754052990.60146,9,3,-101
1754052990.63946,0,4,-112
1754052990.6774602,1,1,-118
1754052990.71646,8,0,-118
1754052990.76046,3,0,-120
1754052990.7994602,0,-3,-117
1754052990.83646,-2,-2,-123
1754052990.87546,2,3,-114
1754052990.9114602,-4,4,-108
1754052990.9504602,0,-1,-119
1754052990.98746,7,-6,-117
1754052991.0264602,0,-2,-123
1754052991.06446,-3,-6,-122
1754052991.10046,-4,1,-128
1754052991.1384602,-4,0,-110
1754052991.17646,-6,1,-104
1754052991.21546,0,-1,-111
1754052991.25146,-1,-3,-111
1754052991.2894602,-4,-4,-111
1754052991.32746,-8,3,-104
1754052991.36646,-5,-5,-109
1754052991.40246,3,0,-116
1754052991.43946,2,-8,-121
1754052991.47846,-1,-5,-112
1754052991.5164602,0,-4,-119
1754052991.5524602,4,-10,-118
1754052991.59146,-1,-3,-121
1754052991.6284602,4,-4,-119
1754052991.66646,0,-2,-113
1754052991.70546,2,0,-121
1754052991.74146,2,-5,-128
1754052991.7794602,3,-6,-129
1754052991.81746,2,-2,-111
1754052991.85646,-1,-5,-110
1754052991.89246,3,-10,-120
1754052991.93046,3,0,-111
1754052991.96846,-3,0,-121
1754052992.0064602,-5,0,-119
1754052992.04546,-3,-3,-115
1754052992.08146,-1,2,-110
1754052992.11946,-5,4,-111
1754052992.1574602,0,-5,-112
1754052992.19646,3,3,-116
1754052992.23246,4,-5,-124
1754052992.27046,1,-1,-116
1754052992.30846,0,5,-109
1754052992.34746,1,-1,-116
1754052992.38546,-2,0,-112
1754052992.4214602,-2,1,-103
1754052992.4604602,-2,3,-119
1754052992.49746,-2,0,-119
1754052992.5364602,0,0,-117
1754052992.5724602,-4,1,-114
1754052992.61046,-8,0,-107
1754052992.64946,-4,-5,-104
1754052992.6874602,1,-3,-123
1754052992.72546,4,-2,-113
1754052992.76146,2,1,-111
1754052992.7994602,0,0,-117
1754052992.83746,-6,6,-128
1754052992.87646,-9,-1,-107
1754052992.91246,-8,-4,-102
1754052992.9504602,-6,-5,-108
1754052992.98846,-3,0,-124
1754052993.02746,-4,-2,-122
1754052993.0654602,0,-3,-126
1754052993.10146,0,-9,-117
1754052993.13946,3,-4,-118
1754052993.17846,1,-3,-108
1754052993.21646,0,-2,-114
1754052993.25246,7,-7,-116
1754052993.29146,2,-6,-123
1754052993.32846,9,0,-124
1754052993.36746,9,-1,-107
1754052993.40346,4,0,-115
1754052993.4404602,0,-1,-110
1754052993.47846,-2,-3,-123
1754052993.51746,-1,-8,-127
1754052993.55346,0,-6,-110
1754052993.59146,-4,-5,-121
1754052993.62946,-3,1,-115
1754052993.6674602,-8,1,-114
1754052993.70646,-1,0,-120
1754052993.74246,-3,-4,-111
1754052993.78046,2,3,-98
1754052993.81846,3,3,-118
1754052993.85746,-2,0,-122
1754052993.89346,0,3,-122
1754052993.93046,-3,4,-110
1754052993.96846,-4,2,-107
1754052994.00746,-1,1,-108
1754052994.04346,-3,-2,-119
1754052994.08146,-6,0,-116
1754052994.11946,-1,-3,-115
1754052994.15846,6,-2,-114
1754052994.19646,3,-5,-111
1754052994.23246,2,-1,-115
1754052994.27046,-1,0,-116
1754052994.30846,0,1,-115
1754052994.34746,2,0,-120
1754052994.38346,-7,-1,-122
1754052994.4214602,-1,0,-121
1754052994.45946,-6,5,-117
1754052994.49846,0,3,-117
1754052994.5364602,0,0,-123
1754052994.5724602,0,2,-120
1754052994.60946,9,5,-119
1754052994.64846,6,0,-108
1754052994.68646,-4,-3,-109
1754052994.72246,0,0,-104
1754052994.7594602,1,-1,-105
1754052994.79846,6,0,-109
1754052994.83646,-2,2,-119
1754052994.87246,-6,-2,-118
1754052994.9114602,9,-5,-115
1754052994.94846,1,-5,-114
1754052994.98746,0,-1,-107
1754052995.02446,-4,5,-106
1754052995.06146,-2,0,-107
1754052995.09946,4,-1,-106
1754052995.1384602,-4,-8,-115
1754052995.17646,-1,-9,-106
1754052995.21246,3,-2,-111
1754052995.25046,3,-3,-113
1754052995.2894602,7,-6,-105
1754052995.32746,1,3,-114
1754052995.36346,-1,-3,-111
1754052995.4014602,1,1,-119
1754052995.43946,3,0,-110
1754052995.47846,3,1,-108
1754052995.51546,8,5,-104
1754052995.5524602,3,-4,-110
1754052995.59046,-10,-4,-103
1754052995.6284602,0,-4,-111
1754052995.6674602,-2,-4,-104
1754052995.70346,-4,0,-116
1754052995.7404602,2,0,-116
1754052995.77846,2,-4,-128
1754052995.81746,-3,-1,-116
1754052995.85346,1,-2,-123
1754052995.8914602,0,-10,-118
1754052995.92946,2,-2,-116
1754052995.96846,7,-6,-119
1754052996.00446,3,-3,-110
1754052996.0424602,-7,-5,-108
1754052996.08046,-8,-1,-107
1754052996.1184602,0,0,-117
1754052996.1574602,9,-1,-114
1754052996.19346,12,-8,-107
1754052996.23146,6,-6,-100
1754052996.2694602,8,-6,-112
1754052996.30846,1,-6,-108
1754052996.34446,-3,-3,-117
1754052996.38246,-8,1,-115
1754052996.42046,-4,-2,-115
1754052996.45946,-2,0,-124
1754052996.49746,4,0,-120
1754052996.53346,8,-1,-115
1754052996.57146,-7,-4,-113
1754052996.60946,-3,-2,-113
1754052996.64846,-5,-1,-112
1754052996.6844602,-5,-1,-120
1754052996.72246,-2,0,-128
1754052996.76146,-3,-3,-118
1754052996.7994602,-1,-4,-119
1754052996.83746,-1,0,-115
1754052996.87346,1,-1,-119
1754052996.9114602,4,-3,-117
1754052996.94946,0,-4,-111
1754052996.98846,-2,-4,-117
1754052997.02446,0,1,-114
1754052997.06146,3,-6,-112
1754052997.09946,3,-2,-122
1754052997.1384602,2,-6,-117
1754052997.1744602,4,0,-111
1754052997.21146,1,-1,-118
1754052997.24946,-9,-9,-107
1754052997.28846,-2,-5,-114
1754052997.32446,3,-1,-103
1754052997.36246,4,3,-100
1754052997.40046,2,1,-109
1754052997.43946,4,-6,-126
1754052997.47746,13,1,-122
1754052997.5134602,0,-1,-123
1754052997.55046,-3,-1,-124
1754052997.58946,0,0,-117
1754052997.62546,1,-4,-112
1754052997.66346,4,-7,-108
1754052997.70146,3,-12,-111
1754052997.73946,-1,0,-111
1754052997.77846,0,-5,-102
1754052997.81446,-4,-5,-112
1754052997.85246,-3,-3,-115
1754052997.89046,0,-5,-119
1754052997.92946,0,0,-118
1754052997.96546,-6,-2,-122
1754052998.0034602,0,-3,-119
1754052998.04146,-7,-1,-119
1754052998.07946,-5,-2,-123
1754052998.1184602,2,-6,-117
1754052998.1544602,0,-4,-111
1754052998.19246,-2,0,-104
1754052998.2304602,1,3,-115
1754052998.2694602,-3,-5,-106
1754052998.30546,-3,-1,-105
1754052998.34446,2,0,-108
1754052998.3814602,3,0,-114
1754052998.42046,-3,5,-114
1754052998.45846,2,-2,-116
1754052998.49446,2,-6,-122
1754052998.5324602,-2,-4,-113
1754052998.57046,4,-5,-119
1754052998.60946,-2,-3,-113
1754052998.64546,-2,-1,-107
1754052998.68346,-6,2,-119
1754052998.72146,3,-6,-124
1754052998.76046,2,-7,-119
1754052998.79846,-2,1,-125
1754052998.83446,0,-3,-124
1754052998.87246,1,-1,-127
1754052998.9114602,1,-3,-128
1754052998.94946,4,-1,-118
1754052998.98546,7,3,-112
1754052999.02246,4,-2,-106
1754052999.06146,9,0,-108
1754052999.09946,0,10,-116
1754052999.13546,-5,7,-120
1754052999.1744602,2,4,-112
1754052999.21146,-2,-2,-106
1754052999.25046,-1,2,-119
1754052999.28846,-2,-1,-124
1754052999.32446,-1,-2,-126
1754052999.36246,0,1,-124
1754052999.40046,-5,0,-120
1754052999.43946,-8,0,-118
1754052999.47546,0,-1,-110
1754052999.5134602,-4,-4,-114
1754052999.55146,-1,0,-118
1754052999.59046,2,2,-121
1754052999.6284602,3,4,-117
1754052999.6644602,0,-1,-118
1754052999.70246,3,0,-107
1754052999.7404602,6,2,-115
1754052999.7794602,0,4,-117
1754052999.8154602,-7,0,-121
1754052999.85346,-4,0,-119
1754052999.8914602,-8,0,-123
1754052999.93046,4,-6,-115
1754052999.96646,3,-2,-111
1754053000.00446,0,-3,-124
1754053000.0424602,8,1,-118
1754053000.08046,7,3,-115
1754053000.11946,-2,1,-101
1754053000.15546,-3,-3,-103
1754053000.1944602,1,-7,-113
1754053000.23146,0,-3,-124
1754053000.27046,0,-12,-113
1754053000.30646,-2,-12,-119
1754053000.3454602,-3,-2,-118
1754053000.38246,-12,2,-113
1754053000.4214602,-1,-1,-116
1754053000.45946,1,-5,-116
1754053000.49546,1,-8,-114
1754053000.53346,5,0,-107
1754053000.57146,-6,0,-110
1754053000.61046,-3,0,-116
1754053000.64646,-2,-6,-113
1754053000.6844602,-4,-5,-110
1754053000.72246,-11,-13,-118
1754053000.7664602,-8,0,-116
1754053000.80546,6,-1,-117
1754053000.84346,-2,-1,-120
1754053000.8814602,2,-2,-112
1754053000.91946,-5,-3,-126
1754053000.95646,-2,-4,-112
1754053000.9934602,-2,0,-112
1754053001.03146,1,-3,-111
1754053001.07046,1,-3,-120
1754053001.10646,-4,-1,-123
1754053001.1444602,0,0,-108
1754053001.18246,0,-2,-122
1754053001.22146,-2,-2,-117
1754053001.2594602,4,-1,-120
1754053001.29546,6,0,-106
1754053001.3324602,0,-2,-115
1754053001.3714602,-1,-5,-114
1754053001.40946,8,-1,-108
1754053001.44546,0,-3,-118
1754053001.48246,-6,-1,-125
1754053001.52146,-8,2,-114
1754053001.5594602,-1,3,-111
1754053001.5954602,1,6,-114
1754053001.63246,9,0,-116
1754053001.6714602,8,4,-111
1754053001.7074602,3,-7,-113
1754053001.74546,-1,-7,-111
1754053001.78346,-1,-4,-118
1754053001.82146,-9,-4,-120
1754053001.86046,-8,-2,-116
1754053001.89646,0,-5,-109
1754053001.9344602,11,-2,-111
1754053001.97246,-1,-3,-109
1754053002.01146,-4,1,-117
1754053002.04746,2,-1,-116
1754053002.08646,-2,0,-118
1754053002.12346,-4,0,-119
1754053002.1614602,-3,1,-112
1754053002.2004602,0,-2,-120
1754053002.2364602,0,4,-110
1754053002.27346,-2,-7,-116
1754053002.31146,-3,-12,-116
1754053002.35046,0,0,-117
1754053002.38646,1,1,-119
1754053002.42346,-3,0,-121
1754053002.46146,-4,0,-105
1754053002.50046,-3,-5,-115
1754053002.5364602,-6,-5,-123
1754053002.57446,1,0,-114
1754053002.61246,-4,5,-120
1754053002.6514602,2,4,-111
1754053002.6874602,0,1,-103
1754053002.72446,5,0,-119
1754053002.76246,-2,3,-128
1754053002.80146,-6,1,-123
1754053002.83746,4,2,-127
1754053002.87446,5,-2,-114
1754053002.91246,0,6,-108
1754053002.95146,-4,3,-110
1754053002.98746,-8,2,-115
1754053003.02546,-7,3,-116
1754053003.06346,2,2,-119
1754053003.10246,9,-1,-118
1754053003.14046,4,1,-105
1754053003.17646,-1,3,-108
1754053003.21446,-3,-2,-116
1754053003.25246,0,-3,-109
1754053003.29146,2,-13,-113
1754053003.32746,1,-8,-110
1754053003.3654602,-2,-3,-120
1754053003.40346,-2,-4,-119
1754053003.44246,-4,-4,-118
1754053003.4804602,-5,-7,-113
1754053003.5164602,-4,-4,-106
1754053003.55446,-3,3,-112
1754053003.5924602,0,6,-119
1754053003.6314602,-1,-2,-109
1754053003.6674602,0,0,-119
1754053003.70446,-3,0,-115
1754053003.74246,0,-1,-120
1754053003.78146,-5,0,-120
1754053003.81746,4,2,-120
1754053003.85446,1,1,-118
1754053003.89246,1,2,-114
1754053003.93146,-7,4,-112
1754053003.9674602,-5,6,-118
1754053004.00546,-3,0,-116
1754053004.04346,-1,-3,-114
1754053004.0824602,3,5,-116
1754053004.1184602,1,1,-121
1754053004.15546,0,0,-114
1754053004.19346,4,3,-120
1754053004.23246,2,-1,-117
1754053004.26846,1,1,-117
1754053004.30546,7,0,-123
1754053004.34346,4,6,-126
1754053004.38246,0,1,-115
1754053004.41846,-3,0,-118
1754053004.4574602,-1,-3,-109
1754053004.49446,1,-9,-110
1754053004.5324602,3,0,-117
1754053004.57146,6,-5,-121
1754053004.60746,2,0,-118
1754053004.6444602,-4,-4,-126
1754053004.68346,1,-1,-124
1754053004.72146,1,-1,-130
1754053004.75746,5,-6,-126
1754053004.79546,-3,-2,-115
1754053004.83346,4,-6,-118
1754053004.87246,3,1,-114
1754053004.90846,-2,-2,-114
1754053004.94646,-4,-6,-113
1754053004.98446,-1,-2,-118
1754053005.02346,-1,5,-117
1754053005.06146,1,3,-101
1754053005.09746,2,-2,-116
1754053005.13546,0,0,-124
1754053005.1744602,0,-3,-122
1754053005.21246,-5,-1,-117
1754053005.24846,3,0,-120
1754053005.28546,7,-9,-102
1754053005.32446,2,-6,-117
1754053005.36246,3,0,-121
1754053005.39846,10,-5,-119
1754053005.4374602,-3,-4,-121
1754053005.47446,-2,-4,-116
1754053005.5134602,2,0,-121
1754053005.55146,6,5,-119
1754053005.58746,11,5,-120
1754053005.62446,3,0,-113
1754053005.66346,0,0,-115
1754053005.70146,-4,0,-121
1754053005.73746,2,4,-124
1754053005.77446,8,2,-123
1754053005.81346,4,4,-116
1754053005.84946,3,-4,-121
1754053005.88746,2,-5,-113
1754053005.92546,0,-1,-121
1754053005.9634602,-9,-2,-114
1754053006.00246,-2,1,-118
1754053006.03846,2,0,-113
1754053006.07646,-2,0,-106
1754053006.11346,3,0,-114
1754053006.15246,0,-1,-118
1754053006.18846,3,2,-115
1754053006.22546,2,6,-122
1754053006.2634602,0,0,-109
1754053006.3024602,-2,-2,-110
1754053006.3384602,2,0,-108
1754053006.37646,2,1,-116
1754053006.41346,3,3,-124
1754053006.45246,7,-2,-126
1754053006.48846,3,-1,-121
1754053006.5264602,2,-5,-122
1754053006.56446,1,-5,-127
1754053006.60346,8,0,-123
1754053006.63946,11,2,-121
1754053006.67646,3,4,-113
1754053006.71446,10,5,-116
1754053006.7534602,14,4,-113
1754053006.7894602,5,7,-109
1754053006.82646,0,-2,-122
1754053006.86446,0,-1,-123
1754053006.90346,-3,3,-116
1754053006.93946,0,-4,-125
1754053006.97646,4,-2,-108
1754053007.01446,6,5,-116
1754053007.05346,-4,0,-115
1754053007.08946,6,-3,-119
1754053007.12746,0,-7,-108
1754053007.16546,-3,2,-116
1754053007.20446,6,0,-111
1754053007.24246,10,0,-114
1754053007.27846,5,7,-124
1754053007.31746,10,9,-105
1754053007.35446,2,5,-124
1754053007.39346,1,3,-118
1754053007.42946,1,5,-112
1754053007.4674602,-1,6,-116
1754053007.50446,-6,0,-111
1754053007.54346,-6,2,-110
1754053007.57946,0,-3,-116
1754053007.61746,2,4,-126
1754053007.65546,-3,0,-105
1754053007.6944602,-2,4,-120
1754053007.73246,-3,-5,-114
1754053007.76846,-2,-5,-113
1754053007.80646,-3,0,-103
1754053007.84446,6,2,-120
1754053007.88346,4,6,-123
1754053007.91946,2,1,-111
1754053007.95646,-3,-6,-114
1754053007.99446,0,-9,-118
1754053008.03346,-1,-3,-121
1754053008.0694602,-4,2,-121
1754053008.10746,3,3,-114
1754053008.14546,1,4,-113
1754053008.1844602,8,-5,-115
1754053008.2204602,7,-9,-118
1754053008.25846,3,-8,-115
1754053008.29746,-3,0,-107
1754053008.33446,4,0,-103
1754053008.37346,3,-1,-117
1754053008.40946,3,-3,-120
1754053008.4474602,0,2,-123
1754053008.48546,0,-2,-114
1754053008.52446,-2,0,-120
1754053008.56046,-5,-2,-116
1754053008.5984602,4,-6,-104
1754053008.63646,-1,-3,-112
1754053008.67546,-5,-5,-112
1754053008.7134602,-1,-2,-130
1754053008.74946,-2,-6,-128
1754053008.78846,4,-4,-130
1754053008.8254602,0,-5,-122
1754053008.86446,3,4,-121
1754053008.90046,-1,2,-113
1754053008.93846,-2,-3,-128
1754053008.97646,-4,0,-108
1754053009.01546,4,0,-107
1754053009.05346,2,-3,-111
1754053009.08946,1,-3,-118
1754053009.12746,0,1,-121
1754053009.16546,6,0,-122
1754053009.20446,-5,3,-126
1754053009.2404602,-4,0,-119
1754053009.27846,-2,2,-111
1754053009.31646,-4,-4,-100
1754053009.3554602,-6,-2,-110
1754053009.39346,0,-3,-120
1754053009.42946,-4,-1,-118
1754053009.46846,3,2,-110
1754053009.50546,-1,1,-115
1754053009.54446,-3,-7,-122
1754053009.58046,2,-10,-125
1754053009.6184602,-4,-2,-117
1754053009.65646,-2,-3,-109
1754053009.69546,0,0,-112
1754053009.7334602,3,0,-117
1754053009.7694602,7,-3,-122
1754053009.80746,0,-1,-112
1754053009.8454602,-2,-6,-114
1754053009.8844602,3,-4,-110
1754053009.92046,0,0,-112
1754053009.95846,3,0,-103
1754053009.99746,1,1,-106
1754053010.03546,0,1,-111
1754053010.07146,2,-1,-110
1754053010.11046,-1,-1,-111
1754053010.14746,2,0,-106
1754053010.18546,0,-4,-121
1754053010.22446,-4,1,-114
1754053010.26046,-3,4,-109
1754053010.29846,0,-4,-118
1754053010.33646,-5,0,-114
1754053010.37546,3,-2,-123
1754053010.4114602,7,2,-106
1754053010.44846,8,5,-112
1754053010.4864602,13,2,-109
1754053010.52546,1,-2,-119
1754053010.56146,5,-3,-115
1754053010.5984602,-3,-2,-110
1754053010.63646,0,2,-112
1754053010.67546,0,0,-112
1754053010.71146,-1,-2,-113
1754053010.74946,-7,-1,-109
1754053010.79546,4,0,-116
1754053010.83146,-2,0,-117
1754053010.87046,1,0,-109
1754053010.9074602,7,-6,-107
1754053010.94646,-1,-5,-116
1754053010.98446,0,0,-118
1754053011.02146,0,0,-105
1754053011.05846,-2,0,-105
1754053011.09646,0,1,-126
1754053011.13546,1,4,-126
1754053011.1714602,0,11,-120
1754053011.20846,3,0,-123
1754053011.2464602,-3,-7,-127
1754053011.28546,2,-11,-112
1754053011.32146,4,0,-111
1754053011.3584602,5,-2,-109
1754053011.39646,-1,-6,-117
1754053011.43546,5,-2,-112
1754053011.47146,3,-3,-120
1754053011.5094602,0,-2,-114
1754053011.54846,-6,-8,-122
1754053011.58646,2,-9,-114
1754053011.62446,0,-11,-118
1754053011.66046,5,-6,-120
1754053011.69846,10,-4,-105
1754053011.7364602,5,-4,-112
1754053011.77546,1,-3,-118
1754053011.81146,-1,3,-125
1754053011.84946,-1,12,-115
1754053011.88746,0,5,-103
1754053011.92646,0,0,-117
1754053011.96446,9,0,-118
1754053012.00046,3,2,-130
1754053012.03746,-4,-6,-127
1754053012.07646,-6,-2,-106
1754053012.11246,-2,-1,-114
1754053012.15046,-4,-3,-116
1754053012.18846,-4,0,-118
1754053012.22646,0,2,-115
1754053012.26546,7,4,-119
1754053012.3024602,5,-5,-115
1754053012.33946,0,-3,-113
1754053012.3784602,1,1,-123
1754053012.41646,6,1,-124
1754053012.45246,-1,0,-123
1754053012.4904602,-4,0,-117
1754053012.52846,-2,-6,-120
1754053012.56646,2,-8,-114
1754053012.6054602,7,-7,-118
1754053012.6414602,4,-7,-107
1754053012.67946,0,3,-111
1754053012.7174602,4,0,-117
1754053012.7564602,-6,-8,-119
1754053012.7924602,-3,-5,-118
1754053012.83046,-5,0,-123
1754053012.8684602,-3,8,-118
1754053012.90646,-1,0,-122
1754053012.94546,-4,-1,-116
1754053012.98146,0,2,-113
1754053013.01846,1,-1,-107
1754053013.05746,-3,-9,-112
1754053013.0954602,-7,-3,-108
1754053013.1314602,0,-2,-115
1754053013.16946,4,-2,-111
1754053013.2074602,0,-4,-114
1754053013.24546,-5,1,-115
1754053013.28146,-1,0,-109
1754053013.3194602,0,1,-117
1754053013.35746,4,1,-114
1754053013.39546,-3,0,-116
1754053013.43146,-1,-13,-114
1754053013.46946,0,-3,-114
1754053013.50746,0,-4,-120
1754053013.5464602,-2,4,-123
1754053013.5824602,1,-2,-114
1754053013.62046,-5,-3,-110
1754053013.65846,-1,-9,-111
1754053013.6974602,-1,3,-122
1754053013.73546,8,0,-119
1754053013.77146,-2,-2,-118
1754053013.81046,6,0,-118
1754053013.84746,11,-2,-117
1754053013.88646,-1,-8,-111
1754053013.92246,-4,-5,-112
1754053013.9604602,5,0,-118
1754053013.99846,1,-4,-128
1754053014.03746,-1,-5,-119
1754053014.0754602,0,-4,-117
1754053014.1114602,0,-6,-123
1754053014.14946,-3,-10,-121
1754053014.1874602,-2,-6,-117
1754053014.22646,7,-4,-109
1754053014.26246,6,4,-125
1754053014.2994602,0,-6,-115
1754053014.33746,0,-5,-115
1754053014.37646,1,1,-119
1754053014.41246,6,7,-119
1754053014.44946,-2,-5,-117
1754053014.48746,4,-6,-114
1754053014.5264602,3,-7,-126
1754053014.5624602,1,-9,-116
1754053014.60046,1,-5,-116
1754053014.6384602,4,-4,-116
1754053014.6774602,9,-7,-120
1754053014.7134602,4,-8,-124
1754053014.75146,3,-4,-111
1754053014.7894602,5,-9,-113
1754053014.82746,3,0,-112
1754053014.86646,-1,-10,-117
1754053014.90246,-2,0,-115
1754053014.9404602,-2,0,-121
1754053014.97846,3,1,-107
1754053015.01746,-2,0,-117
1754053015.05346,0,1,-125
1754053015.09146,-10,-6,-111
1754053015.12946,0,-14,-122
1754053015.16846,-4,-6,-125
1754053015.20646,6,-2,-123
1754053015.24246,0,-2,-111
1754053015.2794602,0,-5,-122
1754053015.31846,3,-3,-118
1754053015.35646,3,-6,-116
1754053015.39246,-1,-9,-114
1754053015.43046,-2,-9,-110
1754053015.46846,-5,-3,-119
1754053015.50746,0,-8,-125
1754053015.54346,-2,-11,-108
1754053015.58146,4,-4,-107
1754053015.61946,6,0,-110
1754053015.65846,0,-1,-114
1754053015.69646,0,-1,-107
1754053015.73246,5,-6,-115
1754053015.77046,-1,-5,-110
1754053015.80846,2,-3,-103
1754053015.84746,5,-1,-112
1754053015.88346,0,-3,-113
1754053015.9214602,-3,-2,-113
1754053015.95946,1,-11,-122
1754053015.99846,6,-4,-112
1754053016.0364602,0,-3,-126
1754053016.0724602,1,-1,-121
1754053016.11046,0,-3,-114
1754053016.14946,-4,0,-120
1754053016.1874602,-1,2,-115
1754053016.2234602,2,-3,-116
1754053016.26246,1,-10,-112
1754053016.2994602,1,-1,-111
1754053016.3384602,2,-6,-119
1754053016.37446,-3,7,-114
1754053016.41246,1,3,-121
1754053016.4504602,-5,3,-130
1754053016.48846,2,0,-129
1754053016.52746,7,-5,-117
1754053016.56346,1,-5,-114
1754053016.60146,10,-1,-110
1754053016.63946,0,-6,-123
1754053016.67846,3,-2,-111
1754053016.71446,1,-9,-125
1754053016.75246,5,0,-123
1754053016.79046,-1,-4,-126
1754053016.82946,-1,-3,-116
1754053016.86746,1,-12,-117
1754053016.90346,-11,-3,-116
1754053016.94146,-2,-3,-114
1754053016.97946,3,-5,-108
1754053017.01846,-1,-4,-109
1754053017.05446,3,6,-112
1754053017.09146,0,6,-106
1754053017.12946,8,1,-111
1754053017.16846,2,-5,-115
1754053017.20446,0,-9,-113
1754053017.24246,3,-13,-119
1754053017.28046,-3,-11,-114
1754053017.3194602,-1,-3,-113
1754053017.35746,-3,-1,-118
1754053017.39346,-1,0,-123
1754053017.43146,-7,-5,-119
1754053017.46946,-8,3,-115
1754053017.50846,0,-4,-125
1754053017.54446,0,-3,-121
1754053017.58346,0,-8,-112
1754053017.62046,-4,-3,-119
1754053017.65946,-10,0,-113
1754053017.6974602,-4,-5,-117
1754053017.7334602,-8,-2,-106
1754053017.77146,0,-6,-115
1754053017.8094602,0,-3,-106
1754053017.8484602,1,-3,-101
1754053017.8844602,-5,-8,-96
1754053017.92246,2,-7,-109
1754053017.9604602,0,-2,-115
1754053017.99946,9,0,-122
1754053018.03746,0,10,-122
1754053018.07346,1,1,-122
1754053018.11046,7,-3,-125
1754053018.14946,8,-6,-124
1754053018.1874602,8,0,-118
1754053018.2234602,3,3,-117
1754053018.26046,4,3,-120
1754053018.2994602,1,-1,-118
1754053018.33646,1,-3,-121
1754053018.37446,0,-5,-120
1754053018.4114602,4,0,-111
1754053018.4504602,6,2,-113
1754053018.48846,3,-3,-120
1754053018.52446,-3,-4,-114
1754053018.56346,-1,-5,-104
1754053018.60046,2,0,-113
1754053018.63946,2,-2,-114
1754053018.67546,-6,0,-128
1754053018.7134602,0,-2,-120
1754053018.75146,1,-1,-109
1754053018.7894602,-4,-7,-115
1754053018.82846,1,-9,-109
1754053018.86446,3,1,-113
1754053018.9014602,1,1,-109
1754053018.93946,-6,0,-112
1754053018.97846,-5,-5,-107
1754053019.01446,-1,1,-107
1754053019.0524602,-3,-2,-118
1754053019.09146,-2,2,-127
1754053019.12946,-1,0,-122
1754053019.16546,3,0,-117
1754053019.20346,-3,0,-124
1754053019.24146,-5,1,-120
1754053019.28046,0,1,-118
1754053019.31846,-4,-2,-117
1754053019.35446,-2,4,-118
1754053019.39246,-2,-6,-113
1754053019.43046,-7,-9,-111
1754053019.46946,-4,-7,-109
1754053019.50546,-6,0,-111
1754053019.54346,-4,-5,-120
1754053019.58146,-3,-4,-124
1754053019.62046,0,-1,-113
1754053019.65846,0,-3,-123
1754053019.6944602,-1,-5,-129
1754053019.73246,6,-1,-118
1754053019.77046,3,-5,-123
1754053019.8094602,0,-7,-116
1754053019.8454602,-1,-9,-120
1754053019.88346,-1,-5,-117
1754053019.9214602,-1,-2,-116
1754053019.9604602,0,-6,-117
1754053019.99846,5,-8,-106
1754053020.03446,3,-8,-109
1754053020.0724602,-2,-5,-112
1754053020.11046,-1,-3,-118
1754053020.14946,2,5,-119
1754053020.18546,4,6,-121
1754053020.22446,4,4,-114
1754053020.26146,2,-1,-111
1754053020.30046,0,-6,-102
1754053020.3384602,1,3,-117
1754053020.37446,0,-6,-117
1754053020.4114602,5,-4,-123
1754053020.4504602,-1,1,-111
1754053020.4864602,0,0,-115
1754053020.52346,0,7,-117
1754053020.56146,3,2,-113
1754053020.60046,1,1,-116
1754053020.63646,-6,3,-113
1754053020.6744602,-3,0,-109
1754053020.71246,-2,-4,-108
1754053020.75046,-1,-2,-113
1754053020.7894602,2,1,-107
1754053020.83346,2,1,-109
1754053020.8714602,0,-1,-120
1754053020.91046,-9,-2,-114
1754053020.94646,-4,-7,-116
1754053020.98446,0,-7,-112
1754053021.02246,0,-1,-112
1754053021.06046,4,3,-113
1754053021.09946,1,7,-118
1754053021.13546,-3,-1,-124
1754053021.17346,-1,-4,-119
1754053021.21246,0,-6,-111
1754053021.25046,0,0,-116
1754053021.2864602,2,0,-120
1754053021.32346,-6,-8,-107
1754053021.36246,-7,-6,-115
1754053021.40046,-2,3,-110
1754053021.43646,8,1,-107
1754053021.4734602,-2,0,-119
1754053021.51246,-3,-9,-115
1754053021.55046,2,4,-114
1754053021.58646,-1,1,-112
1754053021.62546,0,5,-113
1754053021.66246,-3,0,-117
1754053021.70146,0,0,-122
1754053021.73946,5,0,-120
1754053021.77546,1,-2,-127
1754053021.81346,2,-5,-123
1754053021.85146,9,1,-121
1754053021.89046,4,-5,-132
1754053021.92646,0,1,-122
1754053021.9634602,-1,0,-113
1754053022.00146,0,0,-124
1754053022.04046,0,2,-116
1754053022.07646,0,4,-114
1754053022.11346,3,-5,-112
1754053022.1514602,4,0,-114
1754053022.1904602,-1,-1,-114
1754053022.22646,-3,-5,-109
1754053022.26446,-5,-7,-106
1754053022.3024602,-6,-6,-111
1754053022.34146,-11,-3,-111
1754053022.37946,0,-3,-112
1754053022.41546,0,-3,-118
1754053022.45346,-5,-4,-124
1754053022.49146,-1,2,-109
1754053022.53046,-2,5,-111
1754053022.56646,-2,-3,-106
1754053022.60446,-2,-1,-103
1754053022.64246,-1,-4,-112
1754053022.68146,3,-2,-125
1754053022.7174602,1,1,-114
1754053022.75546,-2,-1,-113
1754053022.7924602,2,-1,-107
1754053022.83146,6,1,-106
1754053022.86746,4,-4,-110
1754053022.90546,5,0,-110
1754053022.94346,0,0,-104
1754053022.98146,0,-2,-121
1754053023.02046,-3,3,-122
1754053023.05746,2,5,-114
1754053023.09446,-2,-2,-110
1754053023.13246,-3,-2,-121
1754053023.1714602,-1,-2,-123
1754053023.2074602,-6,-3,-118
1754053023.24546,-2,-2,-129
1754053023.28446,-7,1,-115
1754053023.32146,-5,8,-112
1754053023.36046,-6,2,-123
1754053023.39646,-4,-3,-128
1754053023.4344602,-6,-2,-123
1754053023.47246,-1,0,-116
1754053023.51146,0,1,-114
1754053023.54746,8,3,-114
1754053023.58446,4,4,-117
1754053023.62246,-2,4,-111
1754053023.66046,0,-4,-119
1754053023.6974602,6,0,-108
1754053023.73446,3,2,-123
1754053023.77246,5,-2,-119
1754053023.81146,2,-3,-122
1754053023.84746,0,-6,-111
1754053023.88546,-6,0,-116
1754053023.92346,0,-1,-124
1754053023.96246,0,3,-110
1754053024.00046,1,-5,-101
1754053024.0364602,-4,-1,-103
1754053024.0754602,-2,-3,-114
1754053024.11246,-3,1,-116
1754053024.1514602,-3,-1,-116
1754053024.18846,1,-1,-109
1754053024.22546,-1,-2,-112
1754053024.2634602,0,2,-116
1754053024.3024602,0,-3,-104
1754053024.34046,-2,-4,-115
1754053024.37646,4,-4,-117
1754053024.4144602,5,0,-125
1754053024.45346,0,-4,-112
1754053024.49146,-1,-1,-122
1754053024.52746,-3,-4,-116
1754053024.5654602,0,4,-107
1754053024.60346,9,4,-109
1754053024.64246,5,-1,-114
1754053024.67846,0,1,-113
1754053024.7174602,-8,-2,-115
1754053024.75546,-10,2,-102
1754053024.7924602,0,-3,-120
1754053024.83146,-11,-5,-123
1754053024.86746,-4,-11,-121
1754053024.90546,0,-5,-123
1754053024.94346,-3,2,-111
1754053024.98246,3,-3,-119
1754053025.01846,3,-5,-109
1754053025.05646,-2,-1,-114
1754053025.09446,0,-4,-107
1754053025.13246,3,-2,-121
1754053025.1714602,-6,-3,-127
1754053025.2074602,0,0,-117
1754053025.24446,4,-2,-125
1754053025.2824602,2,-8,-117
1754053025.32146,1,-4,-108
1754053025.35746,7,0,-114
1754053025.3944602,6,2,-112
1754053025.43246,5,1,-114
1754053025.47146,6,0,-110
1754053025.50746,-4,-7,-114
1754053025.54546,-3,-1,-120
1754053025.58346,5,-6,-115
1754053025.62246,6,-4,-114
1754053025.65846,3,-2,-116
1754053025.6974602,0,1,-117
1754053025.73446,5,2,-104
1754053025.77346,4,3,-108
1754053025.81146,2,1,-117
1754053025.84746,-5,-1,-118
1754053025.88546,-9,0,-120
1754053025.92346,-6,0,-127
1754053025.96246,0,2,-119
1754053025.99846,6,-4,-121
1754053026.0364602,-3,-4,-122
1754053026.07446,1,-1,-118
1754053026.11346,-1,3,-117
1754053026.1514602,7,4,-123
1754053026.1874602,-1,0,-114
1754053026.22546,2,2,-114
1754053026.2634602,4,-9,-113
1754053026.3024602,4,-12,-112
1754053026.3384602,0,0,-116
1754053026.37546,-5,-1,-113
1754053026.41346,4,-4,-100
1754053026.45246,-4,-2,-103
1754053026.48846,-1,-10,-106
1754053026.5264602,-5,-5,-110
1754053026.56446,2,-3,-119
1754053026.60346,-1,-5,-125
1754053026.6414602,4,-5,-118
1754053026.6774602,0,-9,-116
1754053026.71546,-1,-14,-120
1754053026.7534602,-1,-11,-107
1754053026.7924602,-3,-10,-111
1754053026.82846,-1,-5,-117
1754053026.86746,0,-3,-118
1754053026.9044602,4,-1,-114
1754053026.94346,3,5,-107
1754053026.97946,3,1,-113
1754053027.01746,6,0,-112
1754053027.05546,-2,-6,-111
1754053027.09346,2,1,-121
1754053027.13246,5,2,-130
1754053027.16846,2,0,-126
1754053027.20546,6,1,-118
1754053027.2434602,8,-3,-117
1754053027.2824602,-1,6,-117
1754053027.31846,0,1,-118
1754053027.3554602,2,0,-112
1754053027.39346,-2,0,-114
1754053027.43246,0,-6,-108
1754053027.46846,-4,-1,-107
1754053027.5064602,0,0,-109
1754053027.54546,0,-4,-112
1754053027.58346,1,-5,-107
1754053027.61946,1,-5,-105
1754053027.65846,5,0,-117
1754053027.69546,9,2,-115
1754053027.73446,5,-4,-116
1754053027.77246,4,-7,-124
1754053027.80846,3,-7,-118
1754053027.84646,3,-1,-117
1754053027.8844602,4,4,-118
1754053027.92346,-2,6,-121
1754053027.95946,5,4,-124
1754053027.9964602,2,-4,-113
1754053028.03446,0,0,-115
1754053028.07346,-1,9,-120
1754053028.10946,-2,5,-121
1754053028.14746,-7,0,-121
1754053028.18546,-10,-7,-109
1754053028.22446,0,-2,-115
1754053028.26246,4,2,-117
1754053028.29846,1,3,-113
1754053028.33646,5,4,-114
1754053028.37446,3,-1,-110
1754053028.41346,0,-2,-107
1754053028.44946,0,1,-121
1754053028.4864602,9,-3,-121
1754053028.52446,-1,0,-108
1754053028.56346,1,-2,-114
1754053028.59946,3,-1,-105
1754053028.63746,7,-1,-125
1754053028.67546,5,-2,-111
1754053028.71446,-1,-1,-109
1754053028.75246,-3,2,-102
1754053028.78846,0,4,-111
1754053028.8254602,-6,-1,-119
1754053028.86446,3,0,-121
1754053028.90046,-1,-4,-110
1754053028.93846,0,2,-114
1754053028.97646,6,0,-118
1754053029.01446,4,3,-113
1754053029.05346,-2,0,-116
1754053029.08946,-2,0,-107
1754053029.1284602,0,-3,-108
1754053029.16546,-2,0,-104
1754053029.20446,2,0,-108
1754053029.2404602,1,1,-113
1754053029.27746,0,-1,-104
1754053029.3154602,-1,0,-120
1754053029.35446,3,2,-110
1754053029.39046,1,3,-116
1754053029.42946,-1,1,-111
1754053029.46646,-2,-4,-117
1754053029.50446,-1,2,-115
1754053029.54346,5,-1,-128
1754053029.57946,4,2,-121
1754053029.61646,1,-3,-115
1754053029.6544602,0,0,-109
1754053029.69346,4,0,-106
1754053029.72946,-4,-5,-111
1754053029.76746,1,1,-112
1754053029.80546,-2,3,-114
1754053029.84446,-4,4,-120
1754053029.88046,-2,-5,-112
1754053029.91846,-1,-1,-129
1754053029.9574602,6,-5,-110
1754053029.99546,8,1,-108
1754053030.03346,11,1,-123
1754053030.0694602,5,-1,-122
1754053030.10746,3,1,-114
1754053030.14546,-1,-4,-112
1754053030.1844602,-4,-3,-110
1754053030.2204602,2,0,-117
1754053030.25746,-5,0,-110
1754053030.2964602,1,-2,-111
1754053030.33446,0,-2,-119
1754053030.37046,5,2,-118
1754053030.4074602,4,1,-123
1754053030.44546,-1,-1,-107
1754053030.48446,7,-3,-110
1754053030.52046,0,-2,-120
1754053030.55846,1,5,-114
1754053030.59646,3,4,-118
1754053030.63546,10,2,-117
1754053030.67346,11,-2,-116
1754053030.70946,7,0,-110
1754053030.7464602,8,1,-127
1754053030.78546,-4,2,-120
1754053030.82346,2,0,-122
1754053030.86746,1,1,-120
1754053030.90646,-4,2,-116
1754053030.9444602,-2,0,-112
1754053030.9804602,3,-3,-121
1754053031.01846,-5,2,-126
1754053031.05646,0,1,-118
1754053031.0954602,0,-3,-126
1754053031.1314602,2,0,-114
1754053031.16846,6,2,-119
1754053031.20646,1,3,-122
1754053031.24546,10,4,-110
1754053031.28146,1,0,-116
1754053031.3194602,2,-1,-121
1754053031.35646,0,-4,-111
1754053031.39546,0,-2,-107
1754053031.43146,7,1,-108
1754053031.46846,2,2,-111
1754053031.50746,1,3,-112
1754053031.54546,-1,1,-109
1754053031.58146,2,-3,-114
1754053031.62046,6,-6,-116
1754053031.6574602,-5,-4,-113
1754053031.69546,0,-3,-118
1754053031.73446,-1,-3,-110
1754053031.77046,4,-6,-119
1754053031.80846,5,-2,-109
1754053031.84646,-7,1,-117
1754053031.88546,-1,-3,-127
1754053031.9214602,3,-2,-117
1754053031.95946,-1,1,-125
1754053031.99746,1,4,-123
1754053032.0364602,0,-2,-124
1754053032.07446,0,-1,-117
1754053032.11046,-1,-7,-115
1754053032.14946,2,-4,-112
1754053032.18646,6,-10,-111
1754053032.22446,-5,-3,-121
1754053032.26046,-4,-2,-113
1754053032.2994602,-8,2,-129
1754053032.33646,-4,-3,-121
1754053032.37546,1,-6,-119
1754053032.4114602,4,0,-111
1754053032.44846,2,-2,-113
1754053032.4864602,-1,-4,-106
1754053032.52546,0,-4,-113
1754053032.56146,0,-4,-120
1754053032.59946,1,-4,-113
1754053032.63746,4,-5,-114
1754053032.67646,-1,0,-123
1754053032.71446,0,-6,-127
1754053032.75046,-4,-4,-128
1754053032.78846,-3,-4,-127
1754053032.82646,-9,-6,-115
1754053032.8654602,0,-6,-110
1754053032.9014602,1,-3,-110
1754053032.93946,3,-2,-117
1754053032.97846,4,0,-114
1754053033.0164602,6,2,-116
1754053033.0524602,2,0,-110
1754053033.08946,-14,0,-111
1754053033.1284602,0,-9,-104
1754053033.16646,-2,0,-114
1754053033.20246,7,0,-110
1754053033.23946,11,-9,-113
1754053033.27846,4,0,-119
1754053033.31646,-4,5,-124
1754053033.35246,-6,2,-120
1754053033.39046,0,0,-115
1754053033.42846,0,-2,-118
1754053033.46646,-5,-1,-120
1754053033.50546,0,0,-125
1754053033.54146,-5,2,-117
1754053033.57946,2,1,-125
1754053033.61746,0,1,-118
1754053033.65646,4,0,-123
1754053033.69246,5,0,-114
1754053033.7304602,3,-3,-126
1754053033.7694602,4,-10,-120
1754053033.80646,6,-3,-118
1754053033.8454602,9,-9,-115
1754053033.8814602,8,-6,-111
1754053033.91946,2,1,-122
1754053033.9574602,5,1,-114
1754053033.9964602,4,-9,-111
1754053034.0324602,0,-9,-109
1754053034.07046,1,-5,-121
1754053034.1084602,7,-1,-121
1754053034.14746,1,-1,-122
1754053034.18546,-6,1,-121
1754053034.22146,3,2,-124
1754053034.25846,0,0,-114
1754053034.29746,-1,0,-121
1754053034.3354602,0,-4,-122
1754053034.3714602,-3,-5,-120
1754053034.40946,2,-7,-121
1754053034.44846,6,2,-128
1754053034.4864602,2,0,-120
1754053034.52246,4,-4,-119
1754053034.56046,2,2,-111
1754053034.5984602,-1,-4,-113
1754053034.63746,0,-3,-111
1754053034.67546,-7,3,-112
1754053034.71146,-1,0,-120
1754053034.74846,-3,1,-116
1754053034.78746,5,-6,-112
1754053034.8254602,4,2,-115
1754053034.8614602,0,-5,-121
1754053034.89946,11,-2,-131
1754053034.9374602,2,0,-122
1754053034.97646,0,0,-117
1754053035.0134602,6,5,-117
1754053035.05046,-9,0,-115
1754053035.0884602,-2,-4,-117
1754053035.12746,-2,-7,-112
1754053035.16346,0,-4,-103
1754053035.20146,4,0,-111
1754053035.23946,0,-5,-116
1754053035.27746,-1,-2,-124
1754053035.31646,10,-5,-129
1754053035.35246,4,-10,-123
1754053035.39046,1,-9,-116
1754053035.42846,1,-1,-115
1754053035.4674602,-3,-3,-117
1754053035.5034602,1,-6,-115
1754053035.54146,-1,-1,-116
1754053035.57946,2,0,-115
1754053035.61746,0,0,-124
1754053035.65646,0,1,-120
1754053035.69246,0,1,-132
1754053035.72946,-6,-3,-129
1754053035.76846,4,-4,-121
1754053035.80646,1,0,-123
1754053035.8424602,3,4,-113
1754053035.87946,-2,-4,-115
1754053035.9174602,5,-2,-112
1754053035.95646,5,-3,-117
1754053035.99246,3,-5,-112
1754053036.03046,0,-4,-111
1754053036.06846,2,0,-106
1754053036.10746,1,0,-114
1754053036.14346,5,0,-122
1754053036.18046,1,-2,-131
1754053036.21846,4,-3,-125
1754053036.25746,1,-6,-125
1754053036.29346,0,-7,-126
1754053036.33146,5,-3,-115
1754053036.36946,-3,3,-126
1754053036.40846,-6,1,-110
1754053036.44646,-3,10,-114
1754053036.48246,1,4,-122
1754053036.5194602,-2,-2,-107
1754053036.55846,-6,-4,-110
1754053036.59646,-3,-6,-112
1754053036.63246,-1,-5,-117
1754053036.67046,-3,-2,-121
1754053036.70846,-2,-3,-113
1754053036.74746,0,-5,-108
1754053036.78346,2,-4,-113
1754053036.82146,3,-3,-119
1754053036.86046,0,1,-127
1754053036.89846,-2,-7,-118
1754053036.93646,5,-8,-116
1754053036.97246,5,-8,-116
1754053037.01046,3,-2,-120
1754053037.04846,7,0,-130
1754053037.08746,0,-5,-130
1754053037.12346,6,-5,-120
1754053037.1614602,1,-10,-118
1754053037.19946,1,-4,-111
1754053037.23846,-6,-3,-117
1754053037.27446,-7,0,-115
1754053037.31346,0,-6,-120
1754053037.35146,-2,-4,-114
1754053037.3884602,0,-1,-113
1754053037.4274602,1,-4,-122
1754053037.4634602,2,-3,-130
1754053037.50146,1,3,-120
1754053037.5394602,-6,3,-117
1754053037.57846,-4,-3,-115
1754053037.61446,-2,-1,-116
1754053037.65246,-6,-5,-119
1754053037.6904602,6,1,-125
1754053037.72846,6,1,-112
1754053037.76746,-5,1,-116
1754053037.80346,2,1,-118
1754053037.84046,7,-4,-120
1754053037.8784602,9,0,-123
1754053037.9174602,7,5,-116
1754053037.95346,5,-4,-128
1754053037.99146,5,-1,-113
1754053038.03046,7,-4,-113
1754053038.0694602,0,-4,-126
1754053038.10746,-1,-4,-108
1754053038.14346,-4,-3,-107
1754053038.18146,-3,-2,-115
1754053038.21946,0,-1,-114
1754053038.25846,-4,5,-120
1754053038.29446,2,4,-119
1754053038.33146,0,2,-112
1754053038.36946,0,4,-124
1754053038.40846,-11,3,-123
1754053038.4444602,-6,0,-110
1754053038.48246,5,-12,-110
1754053038.52046,5,-7,-105
1754053038.5594602,1,0,-108
1754053038.59746,-3,-2,-110
1754053038.63346,-2,-2,-110
1754053038.6714602,1,4,-118
1754053038.70946,-5,-3,-117
1754053038.74846,-1,5,-118
1754053038.78446,0,0,-108
1754053038.82146,2,0,-112
1754053038.85946,1,-5,-111
1754053038.89846,1,-4,-120
1754053038.9344602,5,-3,-124
1754053038.97246,-1,-5,-124
1754053039.01046,1,-9,-115
1754053039.0494602,5,-1,-121
1754053039.08746,4,0,-112
1754053039.12346,-1,1,-107
1754053039.1614602,-2,0,-118
1754053039.2004602,4,2,-116
1754053039.23846,2,0,-129
1754053039.27446,3,-2,-125
1754053039.3124602,-5,-4,-120
1754053039.35046,-7,-4,-129
1754053039.38946,-2,5,-108
1754053039.4274602,-4,3,-123
1754053039.46446,-3,0,-113
1754053039.50246,-5,-1,-125
1754053039.54046,2,5,-111
1754053039.57946,0,-1,-105
1754053039.6154602,3,0,-116
1754053039.65246,8,1,-115
1754053039.6904602,3,4,-116
1754053039.72946,-6,6,-104
1754053039.76546,1,3,-108
1754053039.8024602,3,0,-115
1754053039.84146,0,-4,-119
1754053039.87946,-3,2,-116
1754053039.91546,-1,-1,-119
1754053039.95346,-6,2,-116
1754053039.99146,0,-1,-120
1754053040.0294602,-1,-1,-116
1754053040.06846,0,-3,-111
1754053040.10446,4,-4,-114
1754053040.14246,-6,-8,-102
1754053040.18046,0,-2,-97
1754053040.21946,6,2,-106
1754053040.25546,-4,2,-112
1754053040.29346,-2,7,-111
1754053040.3324602,3,0,-115
1754053040.37046,3,0,-114
1754053040.40846,4,-6,-112
1754053040.4444602,-3,-4,-112
1754053040.48246,1,-9,-115
1754053040.52046,-5,-9,-116
1754053040.5594602,-4,-1,-109
1754053040.5954602,2,-6,-120
1754053040.63346,6,0,-113
1754053040.6714602,-6,-3,-116
1754053040.7104602,-3,3,-119
1754053040.74846,7,-1,-116
1754053040.78446,0,-5,-116
1754053040.8224602,-6,2,-110
1754053040.86046,-2,-4,-119
1754053040.9044602,3,-5,-116
1754053040.94346,1,-1,-114
1754053040.9804602,2,0,-113
1754053041.0194602,1,-2,-107
1754053041.05546,2,-2,-117
1754053041.09346,1,-5,-116
1754053041.1314602,0,1,-133
1754053041.17046,-1,5,-116
1754053041.20846,0,-6,-120
1754053041.24446,3,-1,-116
1754053041.2824602,0,-2,-112
1754053041.32046,5,5,-119
1754053041.35946,2,0,-119
1754053041.39546,-6,-6,-113
1754053041.43346,-3,-4,-126
1754053041.47146,-3,-2,-116
1754053041.51046,-1,-4,-124
1754053041.5464602,3,-3,-124
1754053041.58446,-2,-5,-121
1754053041.62246,2,0,-111
1754053041.66046,-3,7,-117
1754053041.69946,5,0,-120
1754053041.73546,5,-7,-108
1754053041.77346,-1,-3,-119
1754053041.81146,-2,0,-123
1754053041.85046,1,2,-117
1754053041.88646,0,-4,-102
1754053041.92346,-1,-2,-116
1754053041.96146,-6,-4,-112
1754053042.00046,3,-1,-111
1754053042.0364602,-1,-3,-117
1754053042.0754602,-2,-3,-110
1754053042.11246,0,2,-118
1754053042.15046,-4,-3,-118
1754053042.18946,2,6,-114
1754053042.22546,1,4,-108
1754053042.26246,0,0,-106
1754053042.30146,0,0,-113
1754053042.33946,3,-3,-110
1754053042.37546,-3,-6,-112
1754053042.41346,-8,-3,-119
1754053042.45146,-2,0,-124
1754053042.4904602,-4,-4,-122
1754053042.5264602,1,-4,-123
1754053042.56446,0,-3,-117
1754053042.60346,5,-7,-131
1754053042.6414602,0,-11,-125
1754053042.67946,0,-2,-120
1754053042.71546,4,-5,-114
1754053042.7534602,-7,-3,-104
1754053042.7924602,-1,0,-106
1754053042.83046,-1,-1,-107
1754053042.86646,0,2,-119
1754053042.90346,4,-1,-114
1754053042.94246,-1,2,-105
1754053042.9804602,12,-1,-118
1754053043.0164602,7,0,-101
1754053043.05446,1,3,-109
1754053043.0924602,-15,-4,-101
1754053043.1314602,-1,-4,-104
1754053043.16946,1,1,-117
1754053043.20546,-4,0,-107
1754053043.2434602,-1,5,-107
1754053043.28146,2,0,-107
1754053043.32046,0,1,-114
1754053043.35646,-2,1,-119
1754053043.39546,-4,0,-123
1754053043.43346,1,-1,-112
1754053043.47146,3,1,-103
1754053043.50846,4,0,-118
1754053043.54546,-1,-6,-115
1754053043.58346,2,-5,-109
1754053043.6214602,-4,2,-116
1754053043.66046,1,7,-111
1754053043.69646,-4,1,-117
1754053043.73446,-6,2,-92
1754053043.77246,0,2,-99
1754053043.81146,3,-3,-115
1754053043.84746,10,-3,-117
1754053043.88546,5,-1,-119
1754053043.92346,4,1,-119
1754053043.96246,-5,-4,-109
1754053044.00046,-4,-4,-118
1754053044.0364602,-5,-1,-122
1754053044.0754602,-4,-1,-118
1754053044.11246,-4,-1,-126
1754053044.1514602,-5,0,-126
1754053044.1874602,-11,-4,-113
1754053044.22546,-5,-2,-121
1754053044.2634602,-6,-3,-110
1754053044.3024602,-11,-6,-117
1754053044.34046,-8,-6,-108
1754053044.37646,-3,7,-115
1754053044.4144602,0,-1,-109
1754053044.45246,5,2,-115
1754053044.49146,1,3,-120
1754053044.52746,-3,0,-115
1754053044.56446,-4,0,-122
1754053044.60246,-6,-4,-119
1754053044.6414602,-7,1,-119
1754053044.6774602,4,1,-118
1754053044.71446,-2,-2,-124
1754053044.75246,-2,2,-116
1754053044.79146,3,2,-115
1754053044.82746,1,0,-121
1754053044.86446,5,-4,-121
1754053044.90246,4,-4,-115
1754053044.94146,1,-5,-115
1754053044.97746,-2,-1,-107
1754053045.01546,2,-1,-116
1754053045.05346,4,-9,-99
1754053045.0924602,1,-4,-115
1754053045.13046,0,-1,-123
1754053045.16646,-5,0,-117
1754053045.20446,1,-6,-128
1754053045.24246,2,7,-111
1754053045.28146,-2,-3,-110
1754053045.31746,-1,-5,-118
1754053045.3554602,-2,0,-126
1754053045.39346,-3,4,-120
1754053045.43246,-1,-2,-119
1754053045.4704602,-1,-4,-114
1754053045.5064602,4,0,-120
1754053045.54346,-9,-4,-111
1754053045.5824602,-3,-6,-109
1754053045.6184602,1,-5,-106
1754053045.65646,2,0,-116
1754053045.69546,6,2,-103
1754053045.73246,3,-2,-113
1754053045.77146,8,-5,-114
1754053045.80846,7,-10,-125
1754053045.8454602,-2,-8,-122
1754053045.88346,-2,-6,-130
1754053045.92246,2,2,-125
1754053045.95846,3,-1,-117
1754053045.9964602,-1,1,-115
1754053046.03446,1,-2,-121
1754053046.0724602,1,3,-111
1754053046.1114602,7,0,-123
1754053046.14746,0,0,-116
1754053046.1844602,7,0,-120
1754053046.2234602,0,-1,-116
1754053046.26146,4,-2,-119
1754053046.29746,2,-1,-113
1754053046.3354602,5,-6,-110
1754053046.37346,-2,-2,-114
1754053046.41246,2,-3,-107
1754053046.44846,0,-8,-100
1754053046.4864602,3,-3,-108
1754053046.52446,0,-2,-112
1754053046.56346,3,1,-112
1754053046.60146,-1,-3,-118
1754053046.63746,-4,8,-126
1754053046.67546,1,-3,-118
1754053046.7134602,2,0,-112
1754053046.75246,4,-1,-120
1754053046.78846,6,-6,-124
1754053046.82646,5,-7,-117
1754053046.8654602,5,-1,-117
1754053046.90346,0,6,-121
1754053046.94146,9,2,-123
1754053046.97746,2,-1,-115
1754053047.01546,2,-4,-119
1754053047.05346,-2,-2,-116
1754053047.0924602,5,1,-117
1754053047.1284602,-7,0,-115
1754053047.16646,0,-4,-107
1754053047.20446,0,-6,-126
1754053047.2434602,-3,5,-120
1754053047.28146,-4,3,-123
1754053047.31746,1,0,-116
1754053047.3554602,-2,-8,-116
1754053047.39346,5,-1,-114
1754053047.43246,1,-6,-117
1754053047.46846,5,0,-107
1754053047.50546,-2,-5,-108
1754053047.54346,-4,-3,-112
1754053047.5824602,-8,-3,-116
1754053047.6184602,-3,1,-121
1754053047.65646,-4,-4,-116
1754053047.6944602,-5,-2,-118
1754053047.7334602,0,-2,-118
1754053047.7694602,2,-1,-120
1754053047.80746,0,-1,-117
1754053047.8454602,11,-2,-120
1754053047.88346,5,-4,-122
1754053047.92246,-2,3,-111
1754053047.95846,-2,6,-106
1754053047.9964602,0,2,-110
1754053048.03446,0,-1,-111
1754053048.07346,-6,3,-106
1754053048.10946,1,0,-105
1754053048.14646,1,-1,-113
1754053048.1844602,2,-1,-115
1754053048.2234602,-1,0,-104
1754053048.2594602,0,-2,-105
1754053048.29746,-3,3,-113
1754053048.33646,-5,0,-105
1754053048.37446,-1,-4,-110
1754053048.41246,4,4,-112
1754053048.44846,3,4,-113
1754053048.48546,3,2,-105
1754053048.52446,0,-9,-118
1754053048.5624602,3,-2,-110
1754053048.5984602,-1,-3,-119
1754053048.63646,4,-3,-123
1754053048.6744602,11,-4,-118
1754053048.7134602,4,-1,-119
1754053048.74946,0,0,-117
1754053048.7864602,-3,0,-117
1754053048.82446,-1,-1,-122
1754053048.86346,5,2,-127
1754053048.89946,-3,-4,-124
1754053048.9374602,-12,-1,-120
1754053048.97546,-5,-9,-125
1754053049.01446,3,-2,-124
1754053049.0524602,0,1,-117
1754053049.0884602,0,3,-112
1754053049.12646,3,-4,-113
1754053049.1644602,-2,-8,-126
1754053049.20346,3,-5,-114
1754053049.23946,4,3,-114
1754053049.2764602,2,-5,-110
1754053049.31446,0,-2,-112
1754053049.35346,-2,0,-108
1754053049.38946,0,0,-104
1754053049.42646,0,0,-108
1754053049.46446,0,-5,-124
1754053049.5034602,-5,-3,-124
1754053049.5394602,-3,-7,-111
1754053049.57846,5,-5,-109
1754053049.6154602,3,-5,-93
1754053049.6544602,2,-2,-117
1754053049.69246,5,4,-115
1754053049.72846,1,0,-110
1754053049.76546,5,-1,-116
1754053049.80446,0,2,-114
1754053049.8424602,0,-3,-117
1754053049.87946,0,-3,-118
1754053049.91646,-2,1,-114
1754053049.95446,2,2,-111
1754053049.9934602,-2,0,-109
1754053050.0294602,0,0,-104
1754053050.06646,4,0,-111
1754053050.10446,2,5,-115
1754053050.14346,4,2,-114
1754053050.17946,1,-8,-126
1754053050.21846,-6,-1,-113
1754053050.25546,1,-7,-112
1754053050.29446,-6,2,-117
1754053050.33046,-5,0,-109
1754053050.36946,0,0,-111
1754053050.40646,-1,3,-109
1754053050.4444602,-3,-2,-106
1754053050.4834602,3,-1,-116
1754053050.5194602,0,-5,-104
1754053050.55746,1,-4,-114
1754053050.5954602,7,-2,-105
1754053050.6344602,4,-4,-112
1754053050.67046,6,-6,-117
1754053050.70846,3,0,-108
1754053050.7464602,-6,-7,-119
1754053050.78546,0,-3,-113
1754053050.82346,-1,-3,-113
1754053050.85946,3,0,-107
1754053050.89646,-3,0,-110
1754053050.94146,-5,-4,-119
1754053050.97946,-2,-7,-119
1754053051.0164602,-1,-1,-114
1754053051.05546,-1,-1,-120
1754053051.09346,5,-9,-114
1754053051.12946,7,-5,-114
1754053051.1674602,0,1,-118
1754053051.20546,0,2,-118
1754053051.24446,-3,3,-119
1754053051.28046,0,4,-117
1754053051.3194602,2,-2,-112
1754053051.35646,1,0,-115
1754053051.39546,-1,-4,-120
1754053051.43346,0,1,-127
1754053051.46946,3,-3,-124
1754053051.50846,1,-5,-112
1754053051.54546,4,-3,-111
1754053051.58446,0,2,-114
1754053051.62046,3,1,-118
1754053051.6574602,-6,-1,-115
1754053051.69546,4,0,-114
1754053051.73446,-5,-1,-121
1754053051.77046,-9,-2,-113
1754053051.80846,0,-9,-107
1754053051.84646,0,-5,-116
1754053051.88546,8,-2,-110
1754053051.9214602,-1,0,-114
1754053051.95846,7,-3,-120
1754053051.9964602,-6,-2,-126
1754053052.03546,2,-8,-113
1754053052.07146,1,-8,-121
1754053052.10946,-6,2,-122
1754053052.14746,3,-5,-118
1754053052.18546,6,-7,-114
1754053052.22446,8,0,-124
1754053052.26046,2,0,-116
1754053052.29746,-6,0,-115
1754053052.33646,-13,0,-108
1754053052.37446,-3,7,-123
1754053052.41046,1,-3,-120
1754053052.44946,-5,1,-122
1754053052.4864602,-13,-5,-108
1754053052.52546,-8,-2,-124
1754053052.56146,-9,-3,-119
1754053052.59946,-10,0,-109
1754053052.63746,0,1,-118
1754053052.67646,-2,-1,-130
1754053052.71446,3,0,-116
1754053052.75046,6,-3,-118
1754053052.78846,1,0,-118
1754053052.82646,9,-1,-125
1754053052.8654602,4,-6,-112
1754053052.9014602,0,-4,-114
1754053052.93846,4,-4,-117
1754053052.97646,6,-4,-108
1754053053.01546,-3,-2,-116
1754053053.05146,-1,5,-114
1754053053.08946,-1,-2,-122
1754053053.1284602,1,-2,-124
1754053053.16646,-3,1,-113
1754053053.20446,-2,-3,-119
1754053053.2404602,-3,-4,-118
1754053053.27846,-3,-9,-111
1754053053.31646,-7,-9,-112
1754053053.3554602,0,-4,-110
1754053053.3914602,0,-3,-124
1754053053.42846,-5,-4,-119
1754053053.46646,0,0,-113
1754053053.50546,0,2,-116
1754053053.54146,0,0,-110
1754053053.57846,-2,0,-115
1754053053.61646,-3,-7,-114
1754053053.65546,-6,0,-123
1754053053.69146,-7,-2,-120
1754053053.72946,0,0,-117
1754053053.76746,2,-4,-114
1754053053.80646,4,0,-118
1754053053.84446,3,-3,-113
1754053053.88046,4,-2,-107
1754053053.91846,0,-6,-104
1754053053.95646,1,-5,-113
1754053053.99546,4,4,-116
1754053054.03146,0,2,-124
1754053054.0694602,-2,1,-111
1754053054.10746,1,2,-124
1754053054.14546,-4,-6,-116
1754053054.18146,3,0,-121
1754053054.21846,0,0,-131
1754053054.2564602,7,-4,-121
1754053054.29546,4,1,-113
1754053054.33146,2,0,-123
1754053054.3684602,-5,0,-115
1754053054.40646,0,3,-113
1754053054.44546,-3,0,-112
1754053054.48146,-6,0,-123
1754053054.5194602,-6,-5,-129
1754053054.55846,0,-4,-119
1754053054.59646,2,2,-123
1754053054.63246,0,1,-118
1754053054.66946,-4,-5,-117
1754053054.70846,-3,-5,-108
1754053054.7464602,-1,-4,-116
1754053054.7824602,0,-13,-120
1754053054.82046,10,-5,-128
1754053054.8584602,8,5,-136
1754053054.89746,0,0,-127
1754053054.93546,2,5,-117
1754053054.97146,-3,2,-113
1754053055.0094602,-3,-4,-101
1754053055.04746,1,0,-116
1754053055.08646,-4,0,-128
1754053055.12246,-7,2,-107
1754053055.16046,1,5,-119
1754053055.19946,0,0,-110
1754053055.23746,1,-2,-116
1754053055.27546,3,-11,-117
1754053055.31146,0,-2,-110
1754053055.34946,-3,-3,-114
1754053055.38746,0,-9,-124
1754053055.42546,-5,-8,-112
1754053055.46146,-2,-3,-110
1754053055.49946,-7,1,-115
1754053055.53746,-5,0,-123
1754053055.57646,-7,-1,-128
1754053055.61246,0,-8,-118
1754053055.64946,-6,-2,-121
1754053055.6874602,-10,-4,-113
1754053055.72646,1,-5,-110
1754053055.76246,2,0,-115
1754053055.7994602,0,-2,-110
1754053055.83746,4,-10,-107
1754053055.87646,7,0,-122
1754053055.91246,0,5,-121
1754053055.94946,-4,-3,-116
1754053055.98746,-4,6,-119
1754053056.0264602,7,-5,-107
1754053056.0624602,5,-3,-111
1754053056.10046,3,-1,-108
1754053056.1384602,4,-6,-117
1754053056.1774602,0,-12,-121
1754053056.2134602,-2,-4,-114
1754053056.25146,1,5,-108
1754053056.28846,8,0,-125
1754053056.32746,0,-2,-126
1754053056.36346,3,-5,-110
1754053056.40246,-1,5,-126
1754053056.43946,6,0,-118
1754053056.47746,4,-1,-109
1754053056.5164602,5,7,-107
1754053056.5524602,1,1,-120
1754053056.58946,0,-1,-118
1754053056.62746,-2,1,-117
1754053056.66646,0,12,-104
1754053056.70246,0,3,-113
1754053056.73946,-1,-4,-109
1754053056.77746,1,0,-114
1754053056.81646,2,-2,-110
1754053056.85246,0,-7,-114
1754053056.89046,5,-7,-122
1754053056.92846,6,-2,-129
1754053056.9674602,7,-9,-123
1754053057.0034602,4,-4,-110
1754053057.04146,1,-1,-109
1754053057.07946,1,-1,-116
1754053057.1184602,7,-6,-115
1754053057.15646,0,-4,-129
1754053057.19246,-9,-3,-124
1754053057.2304602,-1,-7,-126
1754053057.26846,-4,-3,-123
1754053057.30746,-5,-1,-120
1754053057.34346,0,-1,-118
1754053057.3814602,5,1,-116
1754053057.42046,3,-3,-119
1754053057.45846,5,0,-116
1754053057.4964602,-5,-5,-120
1754053057.5324602,3,0,-112
1754053057.5694602,2,-2,-115
1754053057.6084602,-2,-4,-121
1754053057.64646,6,-2,-112
1754053057.68246,6,1,-124
1754053057.71946,-2,4,-110
1754053057.75846,-3,4,-119
1754053057.7964602,-4,-5,-109
1754053057.83346,-1,-8,-105
1754053057.87046,-3,-6,-112
1754053057.90846,-1,-4,-120
1754053057.9474602,-2,-2,-111
1754053057.9834602,2,-3,-118
1754053058.02146,-3,4,-107
1754053058.0594602,-1,0,-115
1754053058.0984602,-2,0,-119
1754053058.13646,-1,0,-114
1754053058.17346,2,0,-124
1754053058.2104602,-4,0,-112
1754053058.24846,-5,0,-114
1754053058.28746,0,1,-106
1754053058.32346,-1,-5,-111
1754053058.36246,0,2,-114
1754053058.39946,2,6,-114
1754053058.43846,6,-5,-110
1754053058.47446,5,1,-113
1754053058.51246,0,-3,-113
1754053058.55046,4,-1,-115
1754053058.5884602,1,-2,-114
1754053058.62746,1,-5,-117
1754053058.66346,1,-2,-109
1754053058.70146,6,-4,-111
1754053058.73946,1,1,-115
1754053058.77846,0,-3,-117
1754053058.8154602,-1,-4,-113
1754053058.85246,-2,-3,-127
1754053058.89046,-5,-7,-117
1754053058.92846,0,0,-117
1754053058.9674602,1,-6,-117
1754053059.0034602,0,0,-129
1754053059.04046,0,3,-117
1754053059.07946,1,-6,-116
1754053059.11746,4,-2,-118
1754053059.15346,0,-6,-116
1754053059.1904602,-5,-3,-123
1754053059.22946,2,-4,-114
1754053059.26746,8,-3,-124
1754053059.30346,-2,-5,-132
1754053059.3424602,7,0,-129
1754053059.37946,0,2,-120
1754053059.41846,-3,3,-104
1754053059.45446,6,1,-122
1754053059.49246,0,-3,-115
1754053059.5294602,2,-5,-115
1754053059.56846,2,6,-112
1754053059.60446,-1,1,-118
1754053059.64246,0,-11,-118
1754053059.68046,0,-1,-119
1754053059.71946,2,0,-114
1754053059.75746,7,4,-114
1754053059.79346,7,-5,-116
1754053059.83146,4,-3,-115
1754053059.87046,-3,-6,-122
1754053059.90846,0,3,-124
1754053059.9444602,-4,2,-130
1754053059.98246,-6,3,-117
1754053060.02046,-3,-4,-119
1754053060.0594602,-2,-4,-109
1754053060.09746,-2,-7,-113
1754053060.1344602,-7,-4,-124
1754053060.17246,-3,-2,-118
1754053060.2104602,0,0,-128
1754053060.24946,0,0,-124
1754053060.28546,6,-2,-120
1754053060.32346,-9,1,-111
1754053060.3614602,0,3,-117
1754053060.39946,5,-5,-118
1754053060.43846,-2,-5,-116
1754053060.47446,-1,-4,-110
1754053060.51246,-2,-3,-110
1754053060.55046,-6,0,-105
1754053060.58946,-2,-2,-116
1754053060.62546,0,-4,-106
1754053060.66346,-2,1,-125
1754053060.70146,0,-6,-112
1754053060.73946,1,0,-119
1754053060.77846,0,-2,-125
1754053060.81446,-2,-3,-128
1754053060.85346,1,5,-119
1754053060.89046,-3,-2,-110
1754053060.92946,-5,-3,-111
1754053060.9734602,7,9,-109
1754053061.01246,2,-4,-109
1754053061.05046,6,-9,-110
1754053061.0884602,-2,-3,-113
1754053061.12446,8,-1,-110
1754053061.16246,-1,-5,-112
1754053061.2004602,-5,-1,-120
1754053061.23946,1,0,-111
1754053061.27546,1,4,-106
1754053061.3124602,-1,0,-104
1754053061.35046,1,-2,-96
1754053061.38946,-1,-4,-112
1754053061.42546,0,-11,-110
1754053061.46246,5,-1,-107
1754053061.50046,-7,2,-110
1754053061.5394602,3,0,-119
1754053061.5754602,0,4,-123
1754053061.61246,4,-2,-122
1754053061.65046,8,-2,-125
1754053061.68946,7,-5,-120
1754053061.72546,6,0,-119
1754053061.76246,3,1,-121
1754053061.80046,-1,-6,-107
1754053061.83946,-2,-7,-116
1754053061.87546,1,-1,-122
1754053061.91346,0,-6,-112
1754053061.95146,2,-3,-106
1754053061.9904602,-3,-2,-108
1754053062.02846,2,-3,-120
1754053062.06446,0,1,-121
1754053062.10246,2,-5,-122
1754053062.14046,6,9,-121
1754053062.17946,-6,2,-120
1754053062.21546,0,0,-123
1754053062.2534602,3,1,-134
1754053062.29046,1,0,-119
1754053062.32946,9,0,-116
1754053062.3654602,3,-1,-115
1754053062.40346,-1,-5,-116
1754053062.44246,-5,-4,-112
1754053062.4804602,-4,2,-113
1754053062.5164602,-6,-1,-120
1754053062.55446,-2,2,-130
1754053062.5924602,-4,0,-125
1754053062.63046,0,1,-116
1754053062.66946,5,-1,-114
1754053062.70546,1,2,-119
1754053062.74246,3,-2,-117
1754053062.78046,-5,0,-105
1754053062.8194602,-6,0,-113
1754053062.8554602,-9,0,-112
1754053062.89246,-4,3,-120
1754053062.93046,-1,4,-113
1754053062.96946,1,1,-122
1754053063.00546,-6,-3,-123
1754053063.04346,-1,-4,-115
1754053063.08146,6,-6,-108
1754053063.12046,-9,-2,-108
1754053063.15646,-8,0,-110
1754053063.1944602,-4,-3,-115
1754053063.2334602,5,4,-119
1754053063.27146,6,-2,-114
1754053063.3094602,3,4,-109
1754053063.3454602,-2,0,-122
1754053063.38346,0,-6,-117
1754053063.4214602,0,-9,-113
1754053063.4604602,0,-7,-115
1754053063.4964602,3,-9,-119
1754053063.53446,-3,2,-118
1754053063.5724602,0,1,-105
1754053063.6114602,0,2,-124
1754053063.64946,2,-6,-102
1754053063.68546,0,-3,-113
1754053063.72246,-2,0,-107
1754053063.76146,0,-4,-114
1754053063.7994602,9,-5,-122
1754053063.8354602,3,-6,-118
1754053063.87346,7,-2,-114
1754053063.9114602,12,0,-121
1754053063.9504602,5,0,-117
1754053063.9864602,9,-3,-118
1754053064.02446,-3,9,-128
1754053064.0624602,-8,0,-122
1754053064.10146,-2,-2,-121
1754053064.13946,-3,0,-124
1754053064.17546,-2,-1,-124
1754053064.2134602,1,-2,-110
1754053064.25146,4,0,-108
1754053064.29046,-6,3,-118
1754053064.32646,2,1,-109
1754053064.36346,2,2,-112
1754053064.4014602,0,-5,-110
1754053064.4404602,6,1,-115
1754053064.47646,-5,3,-109
1754053064.51446,-5,0,-109
1754053064.5524602,5,5,-104
1754053064.59146,2,3,-117
1754053064.6284602,7,2,-124
1754053064.66546,8,-4,-115
1754053064.70346,4,1,-118
1754053064.74246,4,-2,-113
1754053064.78046,1,-3,-105
1754053064.81646,1,-8,-108
1754053064.85446,-1,-6,-112
1754053064.89246,1,0,-109
1754053064.93146,4,-6,-124
1754053064.9674602,6,-7,-119
1754053065.00546,0,-3,-119
1754053065.04346,-3,2,-122
1754053065.08146,-7,-5,-120
1754053065.12046,-3,-8,-106
1754053065.15646,4,-10,-115
1754053065.1944602,4,-5,-119
1754053065.2334602,-2,-2,-114
1754053065.27146,-7,-3,-114
1754053065.30746,0,0,-121
1754053065.34446,-3,-3,-114
1754053065.38346,-7,0,-124
1754053065.4214602,-1,0,-126
1754053065.4574602,-1,-2,-118
1754053065.4964602,-1,-1,-117
1754053065.53346,-5,0,-111
1754053065.5724602,-12,0,-107
1754053065.61046,-12,-3,-116
1754053065.64646,0,0,-113
1754053065.68346,-2,-2,-128
1754053065.72246,1,-4,-129
1754053065.76046,-9,0,-125
1754053065.7964602,-1,0,-124
1754053065.83346,6,-3,-119
1754053065.87246,-1,-6,-125
1754053065.91046,-1,-10,-126
1754053065.94646,0,-3,-128
1754053065.9834602,5,-1,-121
1754053066.02246,5,-1,-108
1754053066.06046,5,-4,-117
1754053066.09646,0,-6,-118
1754053066.13346,-2,0,-114
1754053066.17246,5,-8,-123
1754053066.2104602,-1,1,-106
1754053066.2464602,-3,-5,-109
1754053066.28446,-2,-4,-121
1754053066.3224602,2,-4,-122
1754053066.3614602,-6,-6,-123
1754053066.39746,0,-1,-108
1754053066.43546,-1,-9,-103
1754053066.4734602,-1,-3,-117
1754053066.51246,-5,-4,-110
1754053066.54846,0,-5,-105
1754053066.58646,0,-1,-122
1754053066.62446,-6,-4,-127
1754053066.66246,2,-3,-115
1754053066.70146,5,2,-104
1754053066.73746,0,0,-118
1754053066.77446,-7,2,-117
1754053066.8124602,1,-1,-109
1754053066.85146,0,-6,-121
1754053066.88746,7,-7,-116
1754053066.92546,6,2,-118
1754053066.9634602,5,0,-111
1754053067.00246,0,-1,-113
1754053067.03846,-1,-2,-117
1754053067.07646,6,-3,-117
1754053067.1154602,0,-6,-109
1754053067.15246,7,-3,-108
1754053067.19146,0,-7,-113
1754053067.22846,3,-1,-117
1754053067.26546,-3,1,-110
1754053067.30346,-4,0,-120
1754053067.3424602,-4,0,-110
1754053067.3784602,0,-4,-119
1754053067.41646,-4,-2,-118
1754053067.45446,-7,0,-126
1754053067.4934602,0,3,-115
1754053067.53146,3,0,-125
1754053067.56746,1,0,-135
1754053067.60446,-4,-10,-117
1754053067.64346,-5,-5,-109
1754053067.68146,-1,-3,-106
1754053067.7174602,8,0,-100
1754053067.75446,0,9,-112
1754053067.79346,3,2,-113
1754053067.83146,-2,0,-119
1754053067.86746,-5,1,-113
1754053067.90546,-2,-2,-114
1754053067.94346,0,3,-122
1754053067.98246,-3,-2,-126
1754053068.01846,-3,-5,-127
1754053068.05646,1,-3,-113
1754053068.09446,3,1,-125
1754053068.13346,0,0,-120
1754053068.1714602,-2,2,-113
1754053068.2074602,0,-1,-112
1754053068.24446,-1,0,-100
1754053068.28346,-10,1,-109
1754053068.32146,-5,0,-124
1754053068.35746,-9,-3,-114
1754053068.39546,0,-1,-123
1754053068.43346,1,1,-115
1754053068.47246,0,3,-120
1754053068.50846,3,2,-110
1754053068.5464602,-3,-5,-106
1754053068.58346,0,-1,-104
1754053068.62246,-2,-2,-106
1754053068.65846,-6,1,-115
1754053068.69646,0,-4,-113
1754053068.73446,1,0,-112
1754053068.77346,0,2,-121
1754053068.8094602,8,-1,-120
1754053068.8484602,0,2,-116
1754053068.88546,0,-5,-115
1754053068.92346,2,-5,-119
1754053068.96246,1,-4,-117
1754053068.99846,5,0,-103
1754053069.03546,4,-4,-106
1754053069.07346,-2,-1,-116
1754053069.11246,-3,-3,-112
1754053069.14846,-2,-3,-120
1754053069.18646,-2,5,-114
1754053069.22546,5,6,-120
1754053069.2634602,-3,0,-125
1754053069.2994602,4,-4,-126
1754053069.33746,-4,0,-127
1754053069.37546,-1,0,-116
1754053069.4144602,2,0,-109
1754053069.45246,0,-2,-109
1754053069.48846,2,-3,-104
1754053069.5264602,3,1,-117
1754053069.5654602,-2,-1,-108
1754053069.60346,-6,0,-110
1754053069.63946,-4,-1,-105
1754053069.6774602,-1,-6,-115
1754053069.71546,-1,-5,-115
1754053069.75446,3,-2,-119
1754053069.7924602,-2,0,-117
1754053069.82846,-5,4,-112
1754053069.86646,3,7,-118
1754053069.9044602,-1,-3,-115
1754053069.94346,-1,1,-119
1754053069.97946,3,-3,-120
1754053070.01746,5,0,-117
1754053070.05546,11,-1,-100
1754053070.09446,0,-8,-106
1754053070.13246,-5,-9,-121
1754053070.16846,0,-2,-132
1754053070.2074602,-5,-4,-124
1754053070.24446,-5,-7,-123
1754053070.28346,-3,-5,-114
1754053070.3194602,-5,-2,-112
1754053070.35746,0,2,-124
1754053070.39546,-2,-2,-123
1754053070.4344602,8,2,-112
1754053070.47246,0,0,-111
1754053070.50846,-5,1,-102
1754053070.5464602,-6,-1,-112
1754053070.58446,3,-1,-116
1754053070.62346,-1,-6,-123
1754053070.65946,0,-6,-121
1754053070.6974602,-5,-6,-115
1754053070.73546,-8,-6,-115
1754053070.77446,0,-4,-115
1754053070.81046,4,-3,-116
1754053070.8484602,1,-4,-113
1754053070.88646,-3,-10,-116
1754053070.92546,1,-3,-122
1754053070.9634602,5,0,-117
1754053071.00846,2,0,-108
1754053071.04546,0,-5,-129
1754053071.08446,-4,-8,-121
1754053071.12046,-1,-4,-119
1754053071.15846,0,-1,-117
1754053071.19646,-1,-9,-116
1754053071.23446,1,-5,-122
1754053071.27346,6,-1,-113
1754053071.3094602,-5,0,-115
1754053071.34746,0,0,-109
1754053071.38546,-1,-6,-112
1754053071.4244602,5,-4,-118
1754053071.4604602,5,0,-115
1754053071.49846,-4,-4,-102
1754053071.5364602,-4,-2,-101
1754053071.5754602,-5,-8,-113
1754053071.61346,-5,1,-113
1754053071.64946,-8,-1,-112
1754053071.6874602,0,-6,-106
1754053071.72546,-4,-10,-110
1754053071.76446,1,-6,-111
1754053071.80046,-7,-1,-102
1754053071.8384602,-5,3,-113
1754053071.87646,0,0,-113
1754053071.91546,-2,0,-108
1754053071.95346,11,0,-123
1754053071.98946,3,0,-106
1754053072.0294602,-1,2,-113
1754053072.06646,-4,-7,-115
1754053072.1054602,4,-4,-121
1754053072.14346,-2,-8,-109
1754053072.17946,1,-8,-111
1754053072.2174602,1,0,-113
1754053072.25546,0,-2,-118
1754053072.29446,-6,-9,-116
1754053072.33046,-3,-10,-108
1754053072.3684602,3,-6,-109
1754053072.40646,2,-1,-115
1754053072.44546,5,-4,-107
1754053072.4834602,1,0,-107
1754053072.5194602,0,-3,-108
1754053072.55646,-3,-4,-102
1754053072.5954602,2,0,-125
1754053072.63346,2,-4,-115
1754053072.66946,-2,-2,-114
1754053072.7074602,-2,0,-123
1754053072.74546,4,0,-114
1754053072.78446,-3,0,-116
1754053072.82046,-1,2,-127
1754053072.8584602,-2,0,-114
1754053072.89646,0,0,-115
1754053072.93546,10,1,-113
1754053072.97146,3,-4,-121
1754053073.0094602,0,0,-138
1754053073.04746,0,-5,-132
1754053073.0854602,-4,-8,-119
1754053073.12446,-9,-8,-121
1754053073.16046,-1,5,-119
1754053073.19846,1,-4,-113
1754053073.2364602,0,-2,-105
1754053073.27546,-3,1,-106
1754053073.31146,-8,-4,-118
1754053073.34946,-4,-6,-109
1754053073.38746,-10,1,-114
1754053073.42546,-4,3,-114
1754053073.46446,-4,-2,-115
1754053073.50046,0,5,-110
1754053073.53746,2,0,-115
1754053073.5754602,2,-3,-108
1754053073.61446,-3,-3,-126
1754053073.65046,-1,-4,-126
1754053073.68846,4,-4,-122
1754053073.72646,0,0,-118
1754053073.76546,-13,-5,-117
1754053073.80146,-4,-3,-115
1754053073.83946,-8,-1,-122
1754053073.87746,0,-4,-116
1754053073.91646,-4,-2,-114
1754053073.95446,-3,-5,-118
1754053073.9904602,0,-5,-112
1754053074.0294602,10,-6,-112
1754053074.06646,2,-2,-112
1754053074.1054602,-2,-5,-122
1754053074.14246,1,0,-115
1754053074.17946,0,-5,-124
1754053074.2174602,3,-3,-119
1754053074.2564602,1,-1,-105
1754053074.29446,-1,0,-99
1754053074.33046,-5,-4,-109
1754053074.3684602,-2,-1,-117
1754053074.40646,5,2,-113
1754053074.44546,2,1,-119
1754053074.48146,5,5,-119
1754053074.5194602,2,-5,-128
1754053074.55746,-2,0,-120
1754053074.59646,1,-6,-117
1754053074.6344602,6,-1,-115
1754053074.67046,4,-1,-112
1754053074.70846,-1,-3,-108
1754053074.7464602,0,-7,-117
1754053074.78546,-2,-5,-114
1754053074.82146,1,0,-114
1754053074.8584602,-1,-2,-113
1754053074.89646,-4,2,-114
1754053074.93546,-4,-3,-124
1754053074.97146,-5,-1,-133
1754053075.0094602,2,0,-121
1754053075.04746,4,-3,-121
1754053075.08646,9,-7,-108
1754053075.12246,5,-1,-102
1754053075.16046,1,-2,-101
1754053075.19846,-2,-2,-114
1754053075.2364602,-1,-6,-111
1754053075.27546,1,-15,-107
1754053075.31146,5,-7,-116
1754053075.34946,4,3,-119
1754053075.38746,-2,-3,-124
1754053075.42646,0,-4,-117
1754053075.46246,-9,2,-124
1754053075.50046,-4,5,-127
1754053075.53846,3,-7,-112
1754053075.57646,-3,-4,-112
1754053075.6154602,0,-6,-116
1754053075.6514602,9,-3,-127
1754053075.68946,-2,-2,-120
1754053075.72746,0,-3,-115
1754053075.7664602,-1,1,-115
1754053075.8024602,1,0,-112
1754053075.83946,4,-4,-130
1754053075.87746,0,3,-127
1754053075.91646,0,-3,-119
1754053075.95246,-1,-6,-110
1754053075.9904602,-5,-4,-116
1754053076.0294602,0,1,-108
1754053076.06746,-3,0,-112
1754053076.1054602,2,-3,-122
1754053076.1414602,7,0,-126
1754053076.17946,0,-2,-114
1754053076.2174602,1,7,-122
1754053076.2564602,1,0,-117
1754053076.2924602,1,-8,-118
1754053076.33046,5,-6,-108
1754053076.3684602,5,-1,-102
1754053076.4074602,-4,-8,-113
1754053076.44546,-7,-2,-114
1754053076.48146,-2,-1,-115
1754053076.52046,0,-2,-115
1754053076.55746,1,-1,-117
1754053076.59646,2,0,-114
1754053076.63246,-1,0,-108
1754053076.67046,3,-3,-105
1754053076.70946,-1,0,-108
1754053076.74746,1,-8,-106
1754053076.78546,-3,-8,-112
1754053076.82146,-3,-7,-115
1754053076.85946,0,-8,-106
1754053076.89746,-8,0,-110
1754053076.93646,-5,-4,-117
1754053076.97246,-3,-2,-122
1754053077.01046,1,0,-118
1754053077.04846,-2,1,-126
1754053077.08746,0,5,-121
1754053077.12346,3,4,-122
1754053077.1614602,-1,-5,-110
1754053077.2004602,1,-5,-107
1754053077.23746,-5,0,-108
1754053077.2764602,-3,0,-106
1754053077.3124602,-3,-1,-105
1754053077.35046,-3,-2,-106
1754053077.3884602,2,0,-113
1754053077.4274602,2,2,-120
1754053077.4634602,1,0,-118
1754053077.50046,0,-4,-108
1754053077.53846,3,0,-117
1754053077.57746,2,1,-111
1754053077.61346,3,0,-118
1754053077.65046,2,0,-111
1754053077.68846,-2,0,-116
1754053077.72746,-1,-4,-126
1754053077.7634602,7,-1,-116
1754053077.80146,0,-4,-113
1754053077.83946,3,-6,-112
1754053077.8784602,4,0,-112
1754053077.91646,5,0,-110
1754053077.95346,-1,5,-119
1754053077.9904602,-1,0,-113
1754053078.02846,-8,-2,-113
1754053078.06746,-4,-8,-122
1754053078.10346,1,-3,-127
1754053078.1414602,-4,-10,-120
1754053078.17946,-3,-2,-112
1754053078.21846,1,3,-101
1754053078.2564602,0,0,-115
1754053078.2924602,-4,2,-115
1754053078.33046,0,-4,-109
1754053078.3684602,-4,-2,-109
1754053078.4074602,3,2,-113
1754053078.44346,1,2,-120
1754053078.4804602,1,-4,-116
1754053078.51846,2,0,-116
1754053078.55746,2,1,-112
1754053078.59346,0,1,-107
1754053078.63046,4,-1,-112
1754053078.66846,3,-2,-121
1754053078.7074602,7,-5,-114
1754053078.7434602,-3,-7,-113
1754053078.78146,1,-10,-111
1754053078.8194602,-2,-3,-124
1754053078.8584602,0,1,-112
1754053078.89646,4,-1,-106
1754053078.93246,0,-1,-113
1754053078.9704602,2,5,-116
1754053079.00846,3,0,-119
1754053079.04746,1,0,-121
1754053079.08346,-3,-1,-123
1754053079.1214602,-6,-3,-123
1754053079.15946,0,-4,-126
1754053079.19846,1,-1,-106
1754053079.23446,-1,-4,-114
1754053079.27246,2,-6,-111
1754053079.31046,8,-2,-109
1754053079.3484602,3,-3,-117
1754053079.38746,2,0,-120
1754053079.42346,2,4,-116
1754053079.4604602,3,5,-116
1754053079.49846,-2,-2,-115
1754053079.53746,-2,-3,-115
1754053079.57346,0,0,-111
1754053079.6114602,0,1,-114
1754053079.64946,-2,-4,-114
1754053079.68846,5,-1,-114
1754053079.72446,1,0,-114
1754053079.76246,2,1,-119
1754053079.80146,1,-4,-115
1754053079.83946,-3,0,-119
1754053079.87746,0,-4,-132
1754053079.91346,-5,0,-115
1754053079.95146,1,-2,-124
1754053079.98946,7,2,-117
1754053080.02746,3,-1,-117
1754053080.06346,3,-3,-103
1754053080.10146,4,0,-108
1754053080.13946,3,-3,-121
1754053080.17846,1,-2,-122
1754053080.21446,-2,-4,-114
1754053080.25246,0,-5,-114
1754053080.29046,-2,-3,-119
1754053080.32946,3,-1,-118
1754053080.36746,2,0,-125
1754053080.40346,3,6,-124
1754053080.4404602,8,-2,-124
1754053080.47946,-7,1,-119
1754053080.51746,-2,-3,-112
1754053080.55346,-8,0,-107
1754053080.59146,0,1,-107
1754053080.63046,-1,2,-117
1754053080.66946,0,9,-121
1754053080.7074602,-3,3,-116
1754053080.7434602,1,-3,-112
1754053080.78146,-2,-6,-113
1754053080.8194602,3,-4,-121
1754053080.8584602,-1,1,-104
1754053080.8944602,2,-7,-112
1754053080.93346,0,-1,-124
1754053080.9704602,-4,-7,-120
1754053081.01546,-5,-6,-117
1754053081.0524602,-1,-4,-122
1754053081.09046,2,0,-113
1754053081.12946,7,-2,-118
1754053081.16546,-1,1,-125
1754053081.20346,1,0,-126
1754053081.24146,5,-8,-125
1754053081.2794602,10,-4,-114
1754053081.31846,10,-1,-106
1754053081.35446,0,-3,-110
1754053081.39246,-6,-3,-109
1754053081.42946,0,-3,-115
1754053081.46846,-8,-2,-122
1754053081.50446,1,-3,-121
1754053081.5424602,-2,-5,-120
1754053081.58046,0,-10,-123
1754053081.61946,-4,2,-121
1754053081.65546,-1,6,-125
1754053081.69346,1,0,-119
1754053081.73146,7,0,-109
1754053081.7694602,2,-7,-117
1754053081.80846,-3,-12,-117
1754053081.84446,-3,-8,-123
1754053081.88246,0,-3,-113
1754053081.92046,-1,-6,-114
1754053081.95946,5,-1,-119
1754053081.99546,2,0,-107
1754053082.03346,-9,2,-117
1754053082.0724602,0,-4,-119
1754053082.11046,0,3,-122
1754053082.14846,2,1,-118
1754053082.1844602,1,-3,-118
1754053082.22246,1,-3,-118
1754053082.26046,5,-8,-111
1754053082.2994602,-3,-1,-122
1754053082.3354602,-4,0,-115
1754053082.37246,-1,-5,-113
1754053082.41046,-1,-2,-115
1754053082.44946,-8,-5,-113
1754053082.48546,-1,-7,-116
1754053082.52346,-2,-1,-106
1754053082.56146,0,-6,-115
1754053082.60046,0,-5,-110
1754053082.6384602,0,-5,-113
1754053082.6744602,5,-6,-118
1754053082.71246,0,-2,-118
1754053082.75046,1,-3,-117
1754053082.7894602,2,-2,-111
1754053082.8254602,0,-9,-120
1754053082.86446,-4,-3,-111
1754053082.9014602,2,-1,-113
1754053082.9404602,-2,0,-107
1754053082.97846,5,7,-116
1754053083.01446,7,2,-124
1754053083.05146,2,0,-121
1754053083.09046,1,-1,-114
1754053083.1284602,-2,0,-112
1754053083.16546,-2,-5,-125
1754053083.20346,1,-9,-114
1754053083.24146,3,-3,-108
1754053083.28046,-3,0,-123
1754053083.31646,-5,-5,-128
1754053083.3554602,-5,-3,-123
1754053083.39246,-6,-2,-123
1754053083.43046,-8,1,-121
1754053083.46946,0,1,-126
1754053083.50546,0,0,-109
1754053083.5424602,0,4,-115
1754053083.58046,-2,-7,-109
1754053083.61946,-3,-2,-118
1754053083.65546,-3,-6,-115
1754053083.6944602,-1,-6,-114
1754053083.73146,0,-12,-110
1754053083.77046,-3,-5,-120
1754053083.80646,4,0,-116
1754053083.84446,-1,0,-113
1754053083.8814602,5,-1,-115
1754053083.92046,2,0,-119
1754053083.95646,-6,-1,-109
1754053083.99446,-5,-4,-114
1754053084.0324602,1,-1,-113
1754053084.07146,0,-3,-112
1754053084.10946,-1,-1,-106
1754053084.14546,-5,-5,-122
1754053084.18346,-3,-2,-116
1754053084.22146,3,4,-117
1754053084.26046,7,-2,-115
1754053084.2964602,2,5,-112
1754053084.33346,0,-2,-112
1754053084.37246,2,-4,-122
1754053084.41046,0,-4,-116
1754053084.44646,-2,-4,-110
1754053084.48446,0,4,-108
1754053084.52246,0,-2,-108
1754053084.56146,3,-4,-109
1754053084.59946,-4,-5,-115
1754053084.63546,0,0,-118
1754053084.67246,0,-6,-115
1754053084.71146,2,-5,-120
1754053084.74946,-5,-1,-117
1754053084.78546,1,0,-114
1754053084.8224602,3,1,-106
1754053084.8614602,8,-3,-118
1754053084.89946,9,1,-113
1754053084.93546,10,3,-111
1754053084.97246,5,-5,-112
1754053085.01146,-1,1,-121
1754053085.0494602,-6,2,-114
1754053085.0854602,0,0,-114
1754053085.12246,-2,-5,-121
1754053085.1614602,-2,-3,-122
1754053085.1974602,-10,1,-123
1754053085.23546,0,0,-116
1754053085.27346,1,-9,-116
1754053085.31146,-3,-4,-127
1754053085.35046,7,-10,-123
1754053085.38646,0,1,-118
1754053085.42346,0,1,-122
1754053085.46146,-3,1,-117
1754053085.50046,4,2,-119
1754053085.5364602,-2,0,-119
1754053085.57446,-5,-3,-114
1754053085.61246,4,-6,-110
1754053085.6514602,3,0,-114
1754053085.6874602,-2,-3,-121
1754053085.72546,-3,-2,-114
1754053085.7634602,-7,1,-101
1754053085.80146,-5,4,-123
1754053085.84046,0,-2,-109
1754053085.87646,0,-8,-110
1754053085.91346,-2,-6,-119
1754053085.95146,-8,4,-109
1754053085.9904602,4,-3,-103
1754053086.0264602,0,-2,-107
1754053086.06346,3,-5,-122
1754053086.10146,2,2,-122
1754053086.14046,-2,-5,-116
1754053086.17646,0,2,-116
1754053086.2134602,-3,-4,-118
1754053086.25246,-2,3,-114
1754053086.29046,0,-1,-124
1754053086.32646,0,5,-107
1754053086.36346,3,9,-116
1754053086.40246,-2,6,-113
1754053086.4404602,-2,-9,-119
1754053086.47646,0,-2,-126
1754053086.51446,5,0,-119
1754053086.5524602,-3,1,-115
1754053086.59146,2,1,-122
1754053086.62746,0,1,-121
1754053086.6644602,3,0,-112
1754053086.70246,-7,0,-113
1754053086.74146,-5,5,-118
1754053086.77746,-2,-1,-124
1754053086.8154602,5,3,-111
1754053086.85346,-2,4,-130
1754053086.89246,-5,2,-118
1754053086.93046,0,1,-120
1754053086.96646,-2,-4,-118
1754053087.00546,-2,-4,-120
1754053087.0424602,-2,-4,-115
1754053087.08146,-8,-4,-116
1754053087.11746,-2,0,-108
1754053087.15546,0,-6,-112
1754053087.1944602,0,-9,-111
1754053087.23246,1,-10,-109
1754053087.27046,0,-6,-107
1754053087.30646,-2,0,-114
1754053087.34446,-1,0,-118
1754053087.38246,0,-3,-120
1754053087.42046,5,1,-120
1754053087.45646,5,6,-119
1754053087.49446,7,3,-123
1754053087.5324602,6,6,-115
1754053087.56846,8,-3,-114
1754053087.60646,0,2,-123
1754053087.6444602,3,-4,-122
1754053087.68246,1,-4,-109
1754053087.72146,3,1,-120
1754053087.75746,4,2,-115
1754053087.79446,-3,-3,-122
1754053087.8324602,4,-4,-108
1754053087.8714602,6,-2,-121
1754053087.9074602,-5,2,-121
1754053087.94546,-6,-2,-113
1754053087.98446,-4,-2,-117
1754053088.02246,3,1,-119
1754053088.05846,2,0,-119
1754053088.09646,6,5,-113
1754053088.1344602,7,5,-108
1754053088.17246,-9,0,-121
1754053088.21146,-3,2,-116
1754053088.24746,0,2,-116
1754053088.28446,3,-2,-113
1754053088.32346,1,0,-118
1754053088.3614602,2,-3,-116
1754053088.39746,5,4,-129
1754053088.4344602,-1,0,-120
1754053088.4734602,-1,-2,-115
1754053088.51146,4,-4,-113
1754053088.54746,6,-3,-104
1754053088.5854602,7,-3,-112
1754053088.62346,0,-7,-115
1754053088.66246,2,-1,-111
1754053088.69846,0,1,-114
1754053088.73546,6,-1,-120
1754053088.77346,2,4,-108
1754053088.8124602,0,8,-113
1754053088.8484602,4,4,-108
1754053088.88546,-2,1,-121
1754053088.92346,-2,-7,-119
1754053088.96246,2,0,-114
1754053088.99846,5,-2,-118
1754053089.0364602,3,0,-121
1754053089.07446,5,-4,-113
1754053089.11346,6,-1,-107
1754053089.1514602,-6,-14,-111
1754053089.1874602,-4,-4,-114
1754053089.22546,0,-1,-123
1754053089.2634602,-2,-4,-110
1754053089.3024602,0,0,-125
1754053089.3384602,0,1,-117
1754053089.37546,8,1,-117
1754053089.41346,3,0,-120
1754053089.45246,-5,-2,-114
1754053089.48846,0,2,-114
1754053089.52546,-5,4,-110
1754053089.56346,-1,-5,-114
1754053089.60246,-6,-7,-116
1754053089.6384602,-4,2,-111
1754053089.67646,7,1,-120
1754053089.71446,3,2,-116
1754053089.7534602,3,4,-128
1754053089.7894602,6,-4,-115
1754053089.82746,0,-3,-108
1754053089.8654602,0,-4,-106
1754053089.90346,-2,-6,-111
1754053089.94246,2,-6,-114
1754053089.97846,-6,0,-105
1754053090.0164602,1,-4,-102
1754053090.05446,2,2,-115
1754053090.09346,2,-5,-123
1754053090.12946,0,-3,-111
1754053090.1674602,0,0,-119
1754053090.20546,0,-3,-106
1754053090.24446,1,3,-113
1754053090.2824602,0,-5,-115
1754053090.31846,0,-1,-123
1754053090.35646,-6,0,-119
1754053090.3944602,-8,2,-104
1754053090.43346,0,4,-113
1754053090.46946,2,-1,-114
1754053090.50746,6,0,-127
1754053090.54546,-2,3,-126
1754053090.58446,-4,4,-119
1754053090.62246,0,5,-114
1754053090.65846,0,0,-115
1754053090.69646,-2,-5,-116
1754053090.73546,-6,-5,-106
1754053090.77346,2,-4,-105
1754053090.8094602,4,-5,-105
1754053090.8484602,6,0,-112
1754053090.88546,-1,-2,-115
1754053090.9244602,4,-7,-112
1754053090.96246,-2,-4,-109
1754053090.99846,1,0,-113
1754053091.04446,-7,-7,-117
1754053091.0824602,0,-1,-123
1754053091.11946,0,5,-115
1754053091.15646,-8,0,-107
1754053091.1944602,-6,-1,-109
1754053091.2334602,3,-8,-119
1754053091.2694602,-4,-10,-122
1754053091.30746,1,-3,-111
1754053091.3454602,2,-9,-101
1754053091.3844602,1,-9,-116
1754053091.42246,7,-8,-122
1754053091.45846,-3,-6,-129
1754053091.4964602,1,0,-119
1754053091.53546,7,-5,-104
1754053091.57346,0,-6,-109
1754053091.60946,1,-4,-120
1754053091.64846,0,-4,-122
1754053091.68546,0,0,-123
1754053091.72446,-4,-1,-114
1754053091.76046,-5,10,-116
1754053091.7994602,-2,2,-110
1754053091.83646,4,1,-116
1754053091.87446,0,0,-119
1754053091.91346,-1,3,-110
1754053091.94946,-5,-2,-119
1754053091.98846,-3,-3,-125
1754053092.02546,-1,-3,-117
1754053092.06446,-3,0,-123
1754053092.10046,-5,0,-119
1754053092.1384602,-8,0,-117
1754053092.17646,0,6,-105
1754053092.21446,3,1,-107
1754053092.2534602,0,3,-119
1754053092.2894602,-10,-1,-110
1754053092.32746,-4,2,-115
1754053092.3654602,0,-2,-117
1754053092.4044602,-3,-8,-121
1754053092.4404602,0,-10,-119
1754053092.47846,1,-10,-119
1754053092.5164602,4,-7,-112
1754053092.55546,6,2,-108
1754053092.59346,0,-3,-112
1754053092.62946,0,-7,-112
1754053092.6674602,1,-7,-114
1754053092.70546,1,0,-109
1754053092.74446,0,-8,-112
1754053092.78046,5,0,-115
1754053092.81746,-1,-1,-110
1754053092.8554602,-3,-2,-112
1754053092.8944602,0,-2,-110
1754053092.93046,0,-3,-106
1754053092.96946,1,-3,-116
1754053093.0064602,0,-1,-122
1754053093.04546,1,-4,-114
1754053093.08346,-2,-8,-113
1754053093.11946,1,-2,-118
1754053093.1574602,0,-1,-121
1754053093.19546,6,-3,-113
1754053093.23446,3,-3,-117
1754053093.27046,-3,-4,-113
1754053093.30846,0,-1,-116
1754053093.34646,0,1,-112
1754053093.38546,3,1,-108
1754053093.42346,-2,0,-116
1754053093.45946,-2,-9,-118
1754053093.49846,-9,-3,-119
1754053093.53546,-3,3,-123
1754053093.57446,0,0,-115
1754053093.6114602,-1,-2,-104
1754053093.64846,-5,-7,-113
1754053093.68646,0,-6,-106
1754053093.72546,-3,0,-106
1754053093.76146,0,-2,-114
1754053093.7994602,1,-2,-125
1754053093.83746,0,-6,-126
1754053093.87546,0,0,-106
1754053093.9144602,-2,-4,-117
1754053093.9504602,-2,-3,-116
1754053093.98846,1,1,-115
1754053094.0264602,1,-2,-130
1754053094.0654602,-2,2,-121
1754053094.10146,-2,-1,-127
1754053094.13946,1,-1,-117
1754053094.1774602,6,-1,-114
1754053094.21546,2,0,-122
1754053094.25446,2,-3,-123
1754053094.29046,0,4,-117
1754053094.32746,3,-14,-119
1754053094.3654602,-5,0,-126
1754053094.4044602,0,-1,-132
1754053094.4404602,-2,1,-118
1754053094.47846,-4,-3,-109
1754053094.5164602,-9,2,-107
1754053094.55546,-3,0,-118
1754053094.59146,-7,-3,-127
1754053094.62946,-3,-2,-123
1754053094.6674602,-1,-1,-122
1754053094.70646,-5,-2,-114
1754053094.74446,2,-4,-112
1754053094.78046,-1,-1,-109
1754053094.81846,-1,3,-118
1754053094.85646,5,0,-120
1754053094.89546,3,-2,-113
1754053094.93146,2,0,-106
1754053094.96946,8,4,-117
1754053095.0064602,8,-2,-117
1754053095.04546,3,-6,-119
1754053095.08146,6,-1,-118
1754053095.11946,1,-8,-108
1754053095.15646,-1,-2,-120
1754053095.19546,-5,-1,-126
1754053095.23146,0,-1,-114
1754053095.2694602,8,-2,-125
1754053095.30746,3,-4,-132
1754053095.34646,-1,-5,-122
1754053095.3844602,-2,-3,-121
1754053095.4214602,1,2,-124
1754053095.45846,3,2,-123
1754053095.4964602,0,0,-134
1754053095.53546,-7,0,-117
1754053095.57146,-6,0,-116
1754053095.60946,1,-3,-125
1754053095.64846,-1,-2,-121
1754053095.68646,-3,-9,-110
1754053095.72246,2,-7,-112
1754053095.76146,0,2,-117
1754053095.79846,0,2,-100
1754053095.83646,-1,-1,-114
1754053095.87546,-5,-10,-113
1754053095.9114602,-4,-10,-121
1754053095.94946,-3,-11,-127
1754053095.98746,-7,-9,-122
1754053096.0264602,-6,-6,-116
1754053096.0624602,2,-1,-107
1754053096.10046,5,-6,-106
1754053096.1384602,-2,-4,-111
1754053096.17646,-5,-6,-121
1754053096.21546,-6,-5,-110
1754053096.25146,0,-4,-109
1754053096.2894602,-3,-1,-123
1754053096.32746,4,-1,-113
1754053096.36646,0,-2,-124
1754053096.40246,-1,-3,-110
1754053096.4404602,2,-4,-98
1754053096.47846,6,-6,-100
1754053096.5164602,10,-4,-110
1754053096.55546,3,-4,-117
1754053096.59146,5,-3,-123
1754053096.6284602,-5,0,-117
1754053096.6674602,0,-3,-109
1754053096.70546,5,-2,-121
1754053096.74146,1,1,-118
1754053096.77846,8,7,-111
1754053096.81746,-2,5,-111
1754053096.8554602,6,0,-121
1754053096.8914602,4,-2,-118
1754053096.92946,-1,-6,-131
1754053096.9674602,2,4,-131
1754053097.0064602,4,-5,-119
1754053097.0424602,1,6,-118
1754053097.08046,1,2,-114
1754053097.11946,-2,3,-115
1754053097.1574602,0,-4,-127
1754053097.19546,-6,-10,-115
1754053097.23146,0,-1,-117
1754053097.2694602,-1,0,-111
1754053097.30746,-3,-8,-111
1754053097.34646,3,2,-116
1754053097.38246,1,1,-112
1754053097.41946,3,0,-110
1754053097.4574602,0,-1,-120
1754053097.4964602,-9,-7,-114
1754053097.5324602,-2,-2,-119
1754053097.57046,-3,0,-118
1754053097.6084602,-4,0,-115
1754053097.64746,0,-4,-111
1754053097.68546,0,0,-114
1754053097.72146,-2,2,-109
1754053097.7594602,-8,-1,-114
1754053097.79846,-8,-2,-120
1754053097.83646,0,-7,-109
1754053097.87246,-8,-4,-110
1754053097.91046,-4,-5,-103
1754053097.94846,0,-4,-113
1754053097.98746,-1,-1,-120
1754053098.02346,1,0,-126
1754053098.06146,0,-4,-116
1754053098.0984602,0,-2,-122
1754053098.13746,0,7,-118
1754053098.17346,2,6,-121
1754053098.21146,0,-3,-110
1754053098.24846,3,0,-115
1754053098.28746,1,2,-118
1754053098.32346,5,-3,-124
1754053098.3614602,1,-2,-126
1754053098.39946,0,1,-115
1754053098.4374602,5,-3,-122
1754053098.47646,0,0,-117
1754053098.51246,5,-6,-117
1754053098.55146,0,-8,-111
1754053098.5884602,4,-6,-114
1754053098.62746,0,0,-107
1754053098.66346,-3,4,-118
1754053098.70146,0,4,-118
1754053098.73946,3,-5,-120
1754053098.77846,-3,-3,-122
1754053098.81646,-5,2,-122
1754053098.85246,-4,1,-122
1754053098.89046,-4,5,-117
1754053098.92846,0,5,-117
1754053098.9674602,3,0,-112
1754053099.0034602,-2,2,-113
1754053099.04146,2,-2,-110
1754053099.07946,6,0,-109
1754053099.1184602,4,-3,-116
1754053099.15646,0,-3,-113
1754053099.19246,-4,-5,-116
1754053099.2304602,-3,-2,-112
1754053099.26846,0,-3,-115
1754053099.30746,-4,-3,-117
1754053099.34346,-5,-2,-119
1754053099.3814602,0,-5,-125
1754053099.41946,-3,-2,-125
1754053099.45846,-3,2,-121
1754053099.4964602,0,0,-116
1754053099.5324602,0,4,-118
1754053099.5694602,4,1,-118
1754053099.6084602,-4,-8,-114
1754053099.64646,-3,-2,-117
1754053099.68246,0,1,-116
1754053099.71946,1,10,-121
1754053099.75846,4,0,-122
1754053099.7964602,4,-5,-128
1754053099.8324602,3,-2,-129
1754053099.87046,-1,-7,-126
1754053099.90846,-5,-7,-130
1754053099.9474602,-1,-3,-113
1754053099.9834602,-4,-4,-114
1754053100.02146,1,2,-112
1754053100.0594602,4,0,-117
1754053100.0984602,-6,-1,-116
1754053100.1344602,-8,3,-123
1754053100.17246,-2,6,-119
1754053100.21146,-2,-5,-114
1754053100.24846,-4,-9,-109
1754053100.28746,-4,-5,-112
1754053100.32346,1,-3,-118
1754053100.3614602,1,4,-115
1754053100.39946,-5,-3,-113
1754053100.43846,-1,3,-106
1754053100.47446,2,4,-101
1754053100.51146,6,0,-101
1754053100.5494602,-1,0,-111
1754053100.5884602,0,-2,-116
1754053100.62446,-1,-4,-113
1754053100.66246,-1,-1,-107
1754053100.70146,-6,-2,-110
1754053100.73946,-1,0,-116
1754053100.77746,-1,4,-109
1754053100.81346,-1,-2,-118
1754053100.85146,6,-10,-116
1754053100.88946,1,0,-118
1754053100.92846,-4,4,-119
1754053100.96446,2,-2,-112
1754053101.00246,-1,-3,-108
1754053101.04846,-5,-2,-110
1754053101.0854602,-5,-7,-112
1754053101.12246,2,-3,-107
1754053101.1614602,-6,-6,-108
1754053101.19946,-10,-4,-120
1754053101.23746,0,-3,-110
1754053101.27346,0,-4,-120
1754053101.31146,-8,-1,-111
1754053101.34946,-1,-2,-118
1754053101.3884602,-2,0,-121
1754053101.4244602,-4,1,-118
1754053101.46246,0,0,-114
1754053101.50046,-5,-1,-119
1754053101.5394602,0,-9,-120
1754053101.57746,1,-9,-119
1754053101.61346,-1,-5,-110
1754053101.65246,4,-8,-124
1754053101.68946,2,4,-120
1754053101.72846,-6,8,-115
1754053101.76446,-10,-1,-113
1754053101.8024602,-2,-5,-127
1754053101.84046,-3,-7,-114
1754053101.87946,0,0,-118
1754053101.9174602,-3,0,-108
1754053101.95346,-4,-4,-111
1754053101.99146,4,-5,-122
1754053102.0294602,0,4,-120
1754053102.06846,3,-1,-110
1754053102.10446,-1,-1,-115
1754053102.14246,0,0,-114
1754053102.18046,0,-2,-120
1754053102.21946,0,3,-115
1754053102.25546,1,1,-117
1754053102.2924602,-2,3,-124
1754053102.33046,3,0,-119
1754053102.36946,3,2,-116
1754053102.40546,-2,5,-115
1754053102.4444602,-5,1,-120
1754053102.48146,-3,-2,-129
1754053102.5194602,-1,2,-121
1754053102.55846,4,2,-128
1754053102.59446,4,-4,-119
1754053102.63246,0,-4,-115
1754053102.67046,5,0,-108
1754053102.70946,3,6,-119
1754053102.74546,1,2,-106
1754053102.7824602,5,0,-103
1754053102.82046,-6,-5,-119
1754053102.85946,-2,2,-118
1754053102.89546,-4,5,-124
1754053102.93346,4,0,-113
1754053102.97146,7,3,-106
1754053103.01046,4,0,-111
1754053103.04846,2,2,-107
1754053103.08446,4,3,-118
1754053103.1214602,3,0,-115
1754053103.16046,3,-7,-111
1754053103.19846,2,-15,-118
1754053103.23446,-6,-5,-106
1754053103.27246,-1,0,-124
1754053103.31146,-2,1,-114
1754053103.34946,-4,-3,-110
1754053103.38546,-2,0,-109
1754053103.42246,4,0,-108
1754053103.46146,-2,0,-107
1754053103.49946,-9,-4,-112
1754053103.53546,-2,-4,-118
1754053103.57346,-3,-8,-122
1754053103.6114602,-1,0,-122
1754053103.65046,0,7,-121
1754053103.68846,-4,3,-115
1754053103.72446,-6,-6,-120
1754053103.76246,-4,2,-127
1754053103.80046,10,-3,-125
1754053103.83946,0,-6,-123
1754053103.87646,0,-8,-124
1754053103.91346,1,-9,-108
1754053103.95146,-1,-4,-112
1754053103.9904602,-4,1,-117
1754053104.02846,8,-1,-120
1754053104.06446,3,0,-124
1754053104.10246,3,0,-104
1754053104.14046,0,-6,-111
1754053104.17646,5,-8,-115
1754053104.2134602,0,-3,-110
1754053104.25246,-3,-4,-106
1754053104.29046,-1,-2,-116
1754053104.32646,-4,-1,-113
1754053104.36446,0,3,-112
1754053104.40246,-4,1,-104
1754053104.4404602,-1,-1,-99
1754053104.47946,-6,1,-117
1754053104.51546,-3,1,-120
1754053104.55346,-8,-5,-114
1754053104.59146,0,-8,-108
1754053104.63046,-1,0,-113
1754053104.66646,8,-2,-118
1754053104.70546,2,-4,-126
1754053104.74246,-3,3,-102
1754053104.78146,4,0,-107
1754053104.8194602,1,2,-108
1754053104.8554602,3,3,-110
1754053104.89246,2,3,-118
1754053104.93146,0,0,-115
1754053104.96946,-8,1,-117
1754053105.00546,-5,-7,-119
1754053105.04446,7,-6,-112
1754053105.08146,-1,0,-116
1754053105.12046,0,2,-119
1754053105.15646,0,2,-116
1754053105.1944602,8,6,-117
1754053105.23146,2,2,-109
1754053105.27046,8,0,-120
1754053105.30646,8,-5,-122
1754053105.34446,7,-4,-125
1754053105.38246,-2,-8,-123
1754053105.4214602,-2,0,-118
1754053105.45946,6,-2,-114
1754053105.49546,4,-6,-120
1754053105.53346,2,-9,-124
1754053105.5724602,-1,-6,-109
1754053105.61046,-4,-2,-109
1754053105.64646,-1,0,-116
1754053105.68546,0,0,-123
1754053105.72246,-5,2,-125
1754053105.76146,0,-7,-128
1754053105.7994602,3,-5,-117
1754053105.8354602,3,-5,-130
1754053105.87346,4,-2,-121
1754053105.9114602,8,-6,-113
1754053105.9504602,0,-7,-124
1754053105.9864602,5,-2,-121
1754053106.02446,3,-5,-112
1754053106.0624602,0,1,-105
1754053106.10146,-3,-5,-119
1754053106.13946,-13,-1,-113
1754053106.17546,-4,3,-117
1754053106.21446,-5,-2,-124
1754053106.25146,0,6,-114
1754053106.29046,-1,5,-121
1754053106.32646,-4,3,-123
1754053106.36446,0,-2,-125
1754053106.40246,0,-5,-109
1754053106.44146,1,-2,-120
1754053106.47746,1,-4,-122
1754053106.51546,1,-1,-114
1754053106.55346,1,0,-121
1754053106.59146,-2,2,-120
1754053106.63046,-7,2,-125
1754053106.66646,0,-1,-113
1754053106.70546,1,3,-124
1754053106.74446,0,-2,-114
1754053106.78146,0,5,-114
1754053106.82046,-2,-1,-113
1754053106.85646,-2,-5,-114
1754053106.8944602,0,-3,-112
1754053106.93246,-3,-3,-112
1754053106.97146,-1,1,-103
1754053107.00746,4,-2,-105
1754053107.04546,6,-4,-116
1754053107.08346,1,0,-111
1754053107.12246,2,-1,-121
1754053107.16046,1,-4,-113
1754053107.19646,-5,4,-109
1754053107.23446,-1,5,-120
1754053107.27246,0,4,-105
1754053107.31146,-5,-2,-107
1754053107.34746,-3,-1,-120
1754053107.38546,3,-3,-118
1754053107.42346,6,1,-118
1754053107.46246,0,-3,-122
1754053107.50046,-4,-1,-122
1754053107.5364602,0,-1,-121
1754053107.57346,1,1,-116
1754053107.61246,1,-3,-109
1754053107.65046,0,0,-117
1754053107.68646,2,5,-113
1754053107.72446,6,0,-116
1754053107.76246,1,3,-115
1754053107.80146,-3,-2,-114
1754053107.83746,2,0,-119
1754053107.87446,9,-4,-113
1754053107.91246,0,-1,-114
1754053107.95146,3,0,-109
1754053107.98746,7,-3,-113
1754053108.02546,6,-4,-112
1754053108.06446,0,-4,-116
1754053108.10246,-3,0,-110
1754053108.14046,0,4,-120
1754053108.1774602,-3,1,-109
1754053108.21446,4,-5,-102
1754053108.25246,0,7,-113
1754053108.29146,2,1,-122
1754053108.32746,1,-3,-114
1754053108.3654602,-2,-2,-125
1754053108.40346,-5,-1,-123
1754053108.44246,0,-2,-113
1754053108.47846,-1,-4,-108
1754053108.5164602,0,-3,-112
1754053108.55446,0,-4,-103
1754053108.5924602,7,-5,-116
1754053108.6314602,4,-2,-124
1754053108.6674602,6,-5,-125
1754053108.70546,9,-4,-124
1754053108.7434602,1,4,-127
1754053108.7824602,-2,0,-119
1754053108.81846,0,-8,-114
1754053108.85646,1,-3,-123
1754053108.8944602,2,0,-122
1754053108.93246,-5,-2,-115
1754053108.97146,-4,-4,-106
1754053109.00746,-3,-4,-118
1754053109.04546,-5,3,-118
1754053109.08346,-4,-2,-122
1754053109.12246,-4,-2,-116
1754053109.15846,9,1,-112
1754053109.19546,12,-5,-127
1754053109.2334602,-2,3,-111
1754053109.27246,4,-1,-108
1754053109.30846,10,-1,-105
1754053109.34746,2,0,-113
1754053109.3844602,11,-1,-112
1754053109.42346,10,0,-123
1754053109.46146,9,-2,-113
1754053109.49746,5,-1,-119
1754053109.53546,0,-6,-108
1754053109.57346,1,-5,-114
1754053109.61246,-5,0,-108
1754053109.64846,-7,-1,-105
1754053109.68646,-6,-1,-116
1754053109.72446,-5,-8,-112
1754053109.7634602,1,-2,-115
1754053109.80146,0,-1,-101
1754053109.83746,2,0,-103
1754053109.87446,-4,1,-117
1754053109.91346,0,4,-112
1754053109.95146,2,-4,-118
1754053109.98746,-1,2,-124
1754053110.02546,-2,3,-115
1754053110.06346,2,1,-113
1754053110.10246,3,-5,-113
1754053110.1384602,0,-5,-121
1754053110.17646,-3,-1,-118
1754053110.21446,0,0,-116
1754053110.2534602,2,0,-114
1754053110.29146,3,-1,-111
1754053110.32746,4,0,-107
1754053110.36446,-1,-2,-112
1754053110.40346,5,0,-112
1754053110.43946,4,-5,-118
1754053110.47746,4,0,-116
1754053110.5164602,3,1,-111
1754053110.55346,-2,0,-101
1754053110.5924602,2,0,-112
1754053110.6284602,4,-3,-109
1754053110.66646,5,-7,-127
1754053110.70446,5,0,-116
1754053110.7434602,4,-1,-125
1754053110.7794602,1,4,-112
1754053110.81646,-2,-4,-117
1754053110.85446,-3,-8,-120
1754053110.89346,2,-3,-112
1754053110.92946,0,-1,-120
1754053110.9674602,-4,0,-117
1754053111.00446,5,1,-126
1754053111.04846,-1,2,-127
1754053111.08646,3,-4,-121
1754053111.12546,-2,-1,-122
1754053111.16346,-3,-8,-126
1754053111.19946,0,-4,-127
1754053111.23746,-1,-1,-119
1754053111.27546,-2,0,-117
1754053111.31446,-5,-2,-124
1754053111.35246,0,-2,-113
1754053111.3884602,-3,-4,-112
1754053111.42646,-2,-9,-116
1754053111.46446,-2,-10,-115
1754053111.5034602,-2,-12,-113
1754053111.5394602,2,-7,-111
1754053111.57746,0,-3,-109
1754053111.6154602,7,-1,-116
1754053111.6544602,5,0,-117
1754053111.69246,4,-3,-125
1754053111.72846,4,-2,-126
1754053111.7664602,7,-3,-114
1754053111.80446,4,2,-129
1754053111.84346,3,-2,-112
1754053111.87946,1,-2,-110
1754053111.9174602,1,-7,-110
1754053111.95546,3,1,-112
1754053111.99446,0,-5,-109
1754053112.0324602,7,0,-119
1754053112.06846,2,1,-118
1754053112.1054602,0,-1,-114
1754053112.1444602,-1,-2,-106
1754053112.18246,-3,-10,-113
1754053112.21846,-2,-1,-117
1754053112.2564602,2,0,-117
1754053112.29446,0,-3,-119
1754053112.33346,0,-4,-112
1754053112.36946,0,-1,-118
1754053112.40846,0,-9,-127
1754053112.44546,5,-7,-126
1754053112.48446,1,-4,-125
1754053112.52046,3,0,-115
1754053112.55846,-3,3,-111
1754053112.5954602,2,-8,-123
1754053112.6344602,1,-1,-128
1754053112.67046,-1,0,-122
1754053112.70846,0,2,-121
1754053112.74546,7,-1,-125
1754053112.78446,2,-6,-121
1754053112.82046,-2,0,-115
1754053112.85746,-6,-6,-109
1754053112.89546,-6,-11,-110
1754053112.9344602,-8,-3,-121
1754053112.9704602,-1,-2,-112
1754053113.00846,0,-3,-122
1754053113.0464602,2,0,-126
1754053113.08446,12,-3,-126
1754053113.12346,0,-9,-110
1754053113.15946,3,-3,-102
1754053113.1974602,6,-2,-102
1754053113.23546,-1,-2,-118
1754053113.27446,-1,-2,-118
1754053113.31046,-2,0,-127
1754053113.34946,5,-3,-124
1754053113.38646,0,0,-110
1754053113.42546,4,-7,-110
1754053113.4634602,0,4,-120
1754053113.49946,3,-6,-121
1754053113.53746,5,-1,-107
1754053113.57646,-5,-3,-122
1754053113.61446,-2,-8,-121
1754053113.65046,0,-8,-120
1754053113.6874602,2,-2,-123
1754053113.72646,0,-2,-102
1754053113.76446,-5,0,-124
1754053113.80046,-7,-7,-120
1754053113.8384602,0,-8,-110
1754053113.87646,4,-1,-101
1754053113.91546,0,-7,-116
1754053113.95346,-4,0,-120
1754053113.98946,-4,0,-116
1754053114.02746,0,3,-116
1754053114.0654602,0,-2,-114
1754053114.10446,-2,-1,-108
1754053114.14046,0,-3,-111
1754053114.17846,-1,3,-119
1754053114.2174602,-3,0,-126
1754053114.25546,5,0,-123
1754053114.29346,1,-9,-122
1754053114.32946,0,-4,-103
1754053114.36746,1,-6,-101
1754053114.40546,4,-4,-101
1754053114.44346,3,0,-112
1754053114.47946,1,5,-113
1754053114.51746,-4,1,-114
1754053114.55546,0,0,-113
1754053114.59146,3,1,-116
1754053114.62946,1,-5,-113
1754053114.6674602,0,-2,-108
1754053114.70546,-2,-3,-118
1754053114.74146,-1,-3,-116
1754053114.7794602,9,0,-113
1754053114.81746,1,0,-105
1754053114.8554602,-3,-5,-102
1754053114.8944602,0,-4,-110
1754053114.93046,-3,0,-105
1754053114.96846,1,-4,-106
1754053115.0064602,2,-11,-116
1754053115.04546,-4,0,-112
1754053115.08146,0,2,-120
1754053115.11946,0,-4,-118
1754053115.1574602,-5,-1,-121
1754053115.19646,-11,-6,-125
1754053115.23446,-6,-8,-120
1754053115.27046,0,-2,-124
1754053115.3094602,2,0,-115
1754053115.34646,-5,2,-114
1754053115.38546,-3,6,-115
1754053115.4214602,-2,1,-113
1754053115.45946,4,0,-111
1754053115.49746,0,-4,-108
1754053115.5364602,3,0,-120
1754053115.57446,-1,-3,-114
1754053115.61046,2,-3,-116
1754053115.64846,-2,0,-129
1754053115.68646,0,-8,-115
1754053115.72546,2,-9,-122
1754053115.76146,1,-3,-123
1754053115.80046,-1,-8,-118
1754053115.83746,9,-10,-124
1754053115.87646,4,-9,-122
1754053115.9144602,4,-1,-115
1754053115.9504602,3,0,-110
1754053115.98746,-5,-2,-109
1754053116.0264602,-1,1,-118
1754053116.06446,2,0,-114
1754053116.10046,7,2,-123
1754053116.13746,-4,0,-107
1754053116.17646,-4,-1,-118
1754053116.21446,-5,-3,-113
1754053116.25046,-11,2,-115
1754053116.28846,-10,-3,-116
1754053116.32646,0,-2,-116
1754053116.3654602,1,0,-112
1754053116.4014602,8,5,-104
1754053116.43946,5,3,-108
1754053116.47746,4,4,-100
1754053116.5164602,9,-1,-114
1754053116.55446,-1,-1,-117
1754053116.59046,6,-1,-119
1754053116.62946,7,-1,-119
1754053116.66646,0,-2,-111
1754053116.70546,3,0,-111
1754053116.74146,7,3,-121
1754053116.7794602,2,0,-110
1754053116.81746,5,-3,-109
1754053116.85646,1,7,-111
1754053116.89246,6,3,-116
1754053116.92946,-3,-3,-112
1754053116.9674602,-3,-8,-125
1754053117.0064602,0,-2,-117
1754053117.0424602,-2,-5,-116
1754053117.08046,3,-2,-117
1754053117.1184602,-1,-2,-107
1754053117.15646,-2,-4,-103
1754053117.19546,5,-5,-113
1754053117.23146,-2,-1,-128
1754053117.27046,-6,0,-119
1754053117.30846,-6,1,-119
1754053117.34646,3,0,-109
1754053117.38246,-3,-3,-105
1754053117.42046,2,-2,-111
1754053117.45846,-6,-4,-116
1754053117.49746,-3,-9,-119
1754053117.53546,-5,-6,-114
1754053117.57146,0,-5,-114
1754053117.6084602,1,-9,-113
1754053117.64746,3,-3,-114
1754053117.68546,3,-5,-119
1754053117.72146,1,-6,-122
1754053117.7594602,0,-5,-115
1754053117.79846,9,0,-109
1754053117.83646,5,0,-111
1754053117.87246,4,0,-115
1754053117.91046,1,-1,-117
1754053117.94946,-2,-6,-115
1754053117.98746,1,-5,-113
1754053118.02546,5,-1,-114
1754053118.06146,-2,-1,-108
1754053118.09946,-2,-2,-112
1754053118.13746,-3,-6,-109
1754053118.17646,1,-4,-115
1754053118.21246,-2,-1,-116
1754053118.25046,-7,4,-112
1754053118.28846,-1,1,-112
1754053118.32746,-4,4,-102
1754053118.3654602,-4,-4,-114
1754053118.4014602,0,-2,-119
1754053118.43946,3,-5,-116
1754053118.47846,4,3,-111
1754053118.5164602,6,-9,-115
1754053118.5524602,3,-5,-113
1754053118.59146,0,-9,-116
1754053118.6284602,0,-4,-121
1754053118.6674602,0,-4,-118
1754053118.70546,-1,-7,-115
1754053118.74246,-4,-7,-117
1754053118.78146,-9,-4,-125
1754053118.8194602,-2,-7,-123
1754053118.85746,-1,-3,-125
1754053118.89346,-8,-2,-118
1754053118.93246,7,-3,-122
1754053118.96946,-5,2,-109
1754053119.00846,4,-4,-111
1754053119.0464602,-1,0,-106
1754053119.0824602,2,3,-119
1754053119.11946,1,0,-120
1754053119.15846,-2,6,-119
1754053119.19646,-7,0,-119
1754053119.23246,-4,0,-125
1754053119.27046,-2,0,-122
1754053119.30846,5,0,-115
1754053119.34746,4,4,-123
1754053119.38346,-2,-5,-111
1754053119.4214602,6,-2,-115
1754053119.45946,8,-3,-106
1754053119.49746,5,1,-116
1754053119.5364602,1,-3,-113
1754053119.5724602,5,-4,-116
1754053119.61046,4,3,-118
1754053119.64946,2,-2,-117
1754053119.6874602,0,-7,-107
1754053119.7234602,0,-4,-116
1754053119.76146,-4,-1,-122
1754053119.7994602,-7,-1,-109
1754053119.8384602,-5,-3,-113
1754053119.87646,7,2,-124
1754053119.91246,0,-3,-119
1754053119.9504602,2,-3,-122
1754053119.98846,0,-3,-117
1754053120.02746,-2,0,-112
1754053120.06446,-14,-5,-112
1754053120.10146,-5,-1,-114
1754053120.13946,0,-2,-123
1754053120.17846,-4,-1,-116
1754053120.21646,0,1,-115
1754053120.25246,0,5,-115
1754053120.2894602,1,1,-116
1754053120.32846,2,2,-121
1754053120.36646,3,-1,-117
1754053120.40246,0,0,-116
1754053120.43946,4,3,-115
1754053120.47846,10,2,-111
1754053120.5164602,-1,-4,-114
1754053120.5524602,-2,-6,-114
1754053120.59046,-5,-5,-120
1754053120.6284602,-7,0,-117
1754053120.6674602,-3,2,-119
1754053120.70346,-6,-4,-119
1754053120.74146,-3,-9,-116
1754053120.7794602,1,-1,-112
1754053120.81846,2,-2,-123
1754053120.85446,-3,-3,-127
1754053120.89246,-1,-3,-115
1754053120.93046,-2,-3,-110
1754053120.96846,-1,-4,-105
1754053121.00746,-2,0,-113
1754053121.0524602,0,-6,-108
1754053121.08946,-2,-10,-121
1754053121.1284602,0,-4,-118
1754053121.1644602,0,-8,-119
1754053121.20246,1,-7,-114
1754053121.2404602,8,-2,-113
1754053121.27846,8,-5,-111
1754053121.31746,-4,-3,-122
1754053121.35346,1,-4,-110
1754053121.3914602,1,-11,-113
1754053121.43046,6,0,-116
1754053121.46846,7,1,-117
1754053121.50446,-1,0,-118
1754053121.5424602,-2,-2,-122
1754053121.58146,1,0,-125
1754053121.6184602,0,5,-115
1754053121.6574602,-1,-3,-117
1754053121.69346,0,0,-113
1754053121.7304602,3,-1,-112
1754053121.7694602,-3,-2,-117
1754053121.80746,0,-2,-104
1754053121.84346,0,2,-111
1754053121.88046,-3,-9,-116
1754053121.91946,0,-8,-113
1754053121.9574602,-5,-7,-111
1754053121.9934602,-3,-1,-116
1754053122.03146,-5,-2,-113
1754053122.0694602,0,2,-110
1754053122.1084602,-3,0,-113
1754053122.1444602,4,-4,-106
1754053122.18246,3,0,-118
1754053122.2204602,-3,-4,-120
1754053122.2594602,0,7,-99
1754053122.29746,0,0,-114
1754053122.33446,-1,1,-117
1754053122.3714602,-7,4,-118
1754053122.40946,2,0,-119
1754053122.44846,0,1,-109
1754053122.48446,-1,-2,-103
1754053122.52246,-2,-5,-120
1754053122.56046,-1,-6,-115
1754053122.59946,-8,-2,-118
1754053122.63746,-5,4,-121
1754053122.67346,-6,-2,-113
1754053122.71146,-5,-3,-112
1754053122.74946,-1,0,-107
1754053122.78746,0,-1,-111
1754053122.82346,-3,-5,-124
1754053122.8614602,-5,-10,-122
1754053122.89946,-1,-7,-122
1754053122.93846,-6,-3,-111
1754053122.97446,-5,-5,-117
1754053123.01246,3,-4,-116
1754053123.05046,3,-5,-113
1754053123.08946,-3,-4,-114
1754053123.12546,-8,-6,-115
1754053123.1644602,-4,-4,-106
1754053123.20146,-3,-6,-110
1754053123.2404602,0,-4,-116
1754053123.27846,-3,-4,-117
1754053123.31446,4,0,-122
1754053123.35146,-2,6,-117
1754053123.39046,6,1,-112
1754053123.42846,0,-6,-117
1754053123.46446,-2,-5,-122
1754053123.50246,4,1,-109
1754053123.54046,-3,0,-121
1754053123.57946,0,2,-124
1754053123.6154602,0,10,-121
1754053123.65246,2,2,-121
1754053123.6904602,4,1,-113
1754053123.72946,-2,-4,-113
1754053123.76546,3,-5,-110
1754053123.80346,4,-5,-111
1754053123.84146,0,0,-115
1754053123.88046,1,-1,-129
1754053123.91846,3,-3,-134
1754053123.95446,7,-3,-124
1754053123.99246,4,-2,-111
1754053124.03046,0,-1,-118
1754053124.0694602,2,-1,-106
1754053124.1054602,0,0,-105
1754053124.14246,0,-3,-124
1754053124.18046,-5,-4,-116
1754053124.21946,-2,-1,-118
1754053124.25546,0,3,-117
1754053124.29346,4,0,-120
1754053124.33146,-3,-5,-119
1754053124.37046,-3,-2,-108
1754053124.40846,-5,2,-116
1754053124.4444602,-2,-1,-111
1754053124.48246,-1,-2,-124
1754053124.52046,1,-4,-120
1754053124.5594602,6,-5,-110
1754053124.5954602,0,-6,-101
1754053124.6344602,-3,-12,-114
1754053124.6714602,-1,-5,-116
1754053124.7104602,1,2,-120
1754053124.74846,4,5,-122
1754053124.78446,-6,2,-124
1754053124.82346,0,6,-115
1754053124.86046,-1,3,-124
1754053124.89946,3,-4,-118
1754053124.93546,3,-8,-111
1754053124.9734602,-1,-4,-111
1754053125.01146,-6,-3,-114
1754053125.05046,0,-9,-119
1754053125.08646,0,-4,-107
1754053125.12446,-3,5,-125
1754053125.16246,0,3,-118
1754053125.2004602,0,1,-104
1754053125.23946,2,2,-119
1754053125.27546,-4,-1,-115
1754053125.31446,-2,1,-123
1754053125.35146,-1,0,-119
1754053125.39046,1,-3,-119
1754053125.42646,-1,3,-117
1754053125.46446,0,0,-120
1754053125.50246,0,-3,-111
1754053125.54046,-1,-10,-113
1754053125.57946,-4,-2,-119
1754053125.6154602,1,-8,-119
1754053125.65346,-5,-2,-117
1754053125.69146,-3,-5,-110
1754053125.7304602,0,1,-115
1754053125.7664602,0,0,-117
1754053125.80346,0,3,-110
1754053125.84146,-1,2,-110
1754053125.88046,-1,0,-113
1754053125.91646,8,0,-108
1754053125.95346,2,-5,-120
1754053125.99146,5,-5,-121
1754053126.03046,2,-1,-121
1754053126.06646,1,-7,-117
1754053126.10446,1,-2,-117
1754053126.14346,3,-9,-124
1754053126.18146,3,-4,-119
1754053126.21946,4,0,-118
1754053126.25546,3,2,-114
1754053126.29346,8,1,-120
1754053126.33146,5,4,-133
1754053126.37046,7,-4,-122
1754053126.40646,7,-2,-127
1754053126.4444602,-2,0,-123
1754053126.48246,5,1,-110
1754053126.52146,8,-7,-102
1754053126.5594602,-6,0,-113
1754053126.5954602,-3,-1,-111
1754053126.6344602,0,1,-116
1754053126.6714602,1,2,-113
1754053126.7104602,3,-1,-109
1754053126.7464602,0,4,-118
1754053126.78446,-7,-6,-119
1754053126.8224602,4,-1,-125
1754053126.8614602,4,0,-117
1754053126.89946,1,-4,-127
1754053126.93546,3,-1,-127
1754053126.9734602,1,2,-120
1754053127.01146,-1,-7,-112
1754053127.05046,0,-7,-111
1754053127.08646,3,-3,-121
1754053127.12446,2,-2,-119
1754053127.16246,-1,0,-106
1754053127.20146,1,-2,-114
1754053127.23746,2,-5,-121
1754053127.2764602,-1,-2,-114
1754053127.31346,-3,-5,-115
1754053127.35146,-7,0,-102
1754053127.39046,4,-7,-112
1754053127.42646,9,0,-108
1754053127.46446,-5,4,-103
1754053127.50246,5,0,-101
1754053127.54146,2,1,-111
1754053127.57746,2,4,-117
1754053127.61446,0,0,-119
1754053127.65246,-4,0,-121
1754053127.69146,0,-4,-117
1754053127.72746,-1,0,-116
1754053127.76546,-2,4,-116
1754053127.80346,-5,-2,-116
1754053127.84146,0,-1,-119
1754053127.88046,-1,0,-114
1754053127.91646,1,0,-112
1754053127.95346,-2,-1,-119
1754053127.99246,0,-6,-105
1754053128.03046,3,5,-116
1754053128.06646,-1,5,-125
1754053128.10446,1,1,-118
1754053128.14246,0,-1,-124
1754053128.18146,-2,-3,-116
1754053128.2174602,-1,-2,-119
1754053128.25546,9,2,-110
1754053128.29346,-1,-7,-118
1754053128.3324602,1,0,-115
1754053128.37046,-2,-5,-124
1754053128.40646,4,0,-124
1754053128.44346,7,-7,-120
1754053128.48246,1,-7,-121
1754053128.52046,2,-2,-117
1754053128.55646,2,0,-107
1754053128.59446,2,-6,-124
1754053128.63246,0,-6,-117
1754053128.6714602,1,-2,-102
1754053128.7074602,-3,1,-95
1754053128.74546,3,-5,-113
1754053128.78346,-1,-3,-108
1754053128.8224602,-4,0,-114
1754053128.86046,-6,0,-120
1754053128.89646,-5,3,-113
1754053128.9344602,-4,-1,-121
1754053128.97246,6,-2,-113
1754053129.01146,3,0,-123
1754053129.04746,-4,-2,-122
1754053129.0854602,4,0,-125
1754053129.12346,7,0,-122
1754053129.16246,6,-1,-112
1754053129.2004602,5,3,-122
1754053129.2364602,4,1,-128
1754053129.27446,-1,0,-120
1754053129.31346,1,-1,-116
1754053129.35146,2,0,-113
1754053129.38746,-7,1,-113
1754053129.42546,2,-2,-113
1754053129.4634602,4,-2,-120
1754053129.50246,0,0,-117
1754053129.53846,-3,-1,-120
1754053129.57646,-9,-1,-118
1754053129.61446,-3,-3,-122
1754053129.65246,-2,-2,-120
1754053129.69146,-3,-2,-118
1754053129.72746,1,0,-122
1754053129.76546,-1,2,-125
1754053129.80346,-3,3,-115
1754053129.8424602,-7,-2,-124
1754053129.8784602,-7,-2,-122
1754053129.91646,-1,0,-121
1754053129.95546,-2,-4,-121
1754053129.99246,6,0,-122
1754053130.03146,4,-5,-119
1754053130.06746,-2,-4,-124
1754053130.1054602,2,-3,-114
1754053130.14346,2,-6,-103
1754053130.18246,-3,0,-106
1754053130.21846,1,6,-111
1754053130.25546,5,0,-111
1754053130.29346,4,-7,-105
1754053130.3324602,0,-6,-118
1754053130.3684602,0,-8,-104
1754053130.40646,-5,-9,-107
1754053130.4444602,-2,-2,-107
1754053130.4834602,0,0,-109
1754053130.52146,6,0,-109
1754053130.55746,4,-2,-116
1754053130.5954602,-2,2,-114
1754053130.63346,3,-4,-114
1754053130.67246,1,0,-113
1754053130.70846,2,0,-118
1754053130.74546,3,-1,-111
1754053130.78346,-1,3,-108
1754053130.8224602,0,1,-117
1754053130.8584602,0,1,-116
1754053130.89646,-5,-7,-108
1754053130.93346,1,-3,-130
1754053130.97246,0,-4,-117
1754053131.00846,4,-3,-111
1754053131.0464602,3,-5,-123
1754053131.0924602,3,-1,-115
1754053131.1284602,5,-2,-111
1754053131.16646,1,0,-109
1754053131.20546,0,-7,-106
1754053131.2434602,0,-9,-114
1754053131.28146,3,-3,-113
1754053131.31746,0,0,-112
1754053131.35446,5,-6,-117
1754053131.39346,-1,0,-114
1754053131.42946,0,-2,-123
1754053131.4674602,-6,-4,-121
1754053131.50546,-1,-1,-127
1754053131.54346,6,-4,-114
1754053131.5824602,-4,-1,-122
1754053131.6184602,-1,1,-113
1754053131.65646,0,-3,-117
1754053131.6944602,-4,1,-130
1754053131.7334602,2,3,-129
1754053131.7694602,6,5,-119
1754053131.80746,1,7,-116
1754053131.8454602,-2,-2,-109
1754053131.88346,-2,-9,-115
1754053131.92246,-5,0,-112
1754053131.95846,-4,-3,-113
1754053131.9964602,0,-5,-127
1754053132.03446,-2,-4,-115
1754053132.07346,1,-2,-101
1754053132.10946,3,-7,-107
1754053132.14746,-1,0,-102
1754053132.18546,-6,0,-113
1754053132.22446,5,3,-114
1754053132.26246,3,0,-113
1754053132.29846,3,0,-117
1754053132.33646,-1,-5,-118
1754053132.37546,3,-8,-120
1754053132.41346,0,1,-109
1754053132.44946,9,2,-114
1754053132.4864602,3,6,-114
1754053132.52446,2,5,-110
1754053132.56346,2,-2,-114
1754053132.59946,-2,4,-112
1754053132.63746,-1,-1,-115
1754053132.67546,0,5,-116
1754053132.71446,-3,-1,-121
1754053132.75246,3,1,-117
1754053132.78846,-5,-2,-116
1754053132.82646,3,-5,-120
1754053132.86446,-1,-3,-113
1754053132.90346,4,0,-119
1754053132.93946,-3,0,-118
1754053132.97746,-5,-5,-113
1754053133.0164602,-4,0,-117
1754053133.05446,2,-2,-114
1754053133.0924602,-2,1,-112
1754053133.12946,3,0,-121
1754053133.16646,-3,1,-112
1754053133.20546,-1,-9,-107
1754053133.2434602,0,-1,-106
1754053133.2794602,2,-4,-115
1754053133.31746,-3,-2,-119
1754053133.3554602,0,-6,-121
1754053133.3944602,7,4,-112
1754053133.43046,0,-1,-118
1754053133.4674602,0,1,-114
1754053133.50546,0,0,-106
1754053133.54446,-2,0,-120
1754053133.58046,-4,1,-123
1754053133.6184602,0,1,-117
1754053133.65646,1,-5,-116
1754053133.6944602,-3,3,-117
1754053133.7334602,-2,1,-121
1754053133.7694602,0,-8,-128
1754053133.80746,-2,0,-136
1754053133.84646,3,0,-119
1754053133.8844602,-1,0,-125
1754053133.92046,1,-3,-121
1754053133.95846,4,-2,-116
1754053133.9964602,7,0,-122
1754053134.03446,0,-1,-124
1754053134.07346,5,5,-111
1754053134.10946,6,6,-124
1754053134.14646,1,6,-119
1754053134.1844602,0,0,-115
1754053134.2234602,3,-3,-122
1754053134.2594602,11,-1,-127
1754053134.29746,2,-3,-122
1754053134.3354602,3,-2,-124
1754053134.37446,0,0,-128
1754053134.41046,-6,-5,-119
1754053134.44846,-4,-2,-121
1754053134.4864602,2,-2,-123
1754053134.52546,1,0,-114
1754053134.56346,0,-3,-113
1754053134.59946,-5,-5,-118
1754053134.6384602,-7,1,-118
1754053134.67546,1,-3,-118
1754053134.71446,3,-4,-120
1754053134.75046,3,1,-123
1754053134.78846,1,3,-124
1754053134.8254602,-1,3,-124
1754053134.86446,2,0,-116
1754053134.90046,1,-3,-112
1754053134.93846,-2,-5,-109
1754053134.97646,-2,-7,-109
1754053135.01546,1,-4,-119
1754053135.05346,4,0,-114
1754053135.08946,6,-4,-111
1754053135.12746,2,-6,-105
1754053135.16546,-1,-10,-113
1754053135.20446,1,-1,-114
1754053135.2404602,3,-1,-119
1754053135.27846,-4,5,-134
1754053135.31646,5,1,-122
1754053135.3554602,2,1,-114
1754053135.39346,0,9,-118
1754053135.42946,-3,1,-116
1754053135.4674602,-5,4,-109
1754053135.50546,-13,6,-117
1754053135.54446,-5,3,-117
1754053135.58046,-5,-3,-120
1754053135.6184602,5,-5,-123
1754053135.65646,-3,-5,-127
1754053135.69546,0,1,-129
1754053135.73146,0,-6,-121
1754053135.7694602,2,-4,-115
1754053135.80846,0,0,-118
1754053135.8454602,-3,2,-111
1754053135.8844602,-8,-4,-112
1754053135.92046,-4,-8,-109
1754053135.95846,-2,-5,-114
1754053135.9964602,-2,0,-114
1754053136.03546,-6,-1,-113
1754053136.07146,-1,-4,-116
1754053136.10946,3,-7,-124
1754053136.14746,-4,-1,-118
1754053136.18546,-1,-7,-109
1754053136.22446,4,-2,-109
1754053136.26046,5,-7,-116
1754053136.2994602,3,-9,-122
1754053136.33646,4,-4,-122
1754053136.37546,0,-2,-124
1754053136.4114602,2,-1,-112
1754053136.44946,-4,-2,-117
1754053136.48846,0,-6,-119
1754053136.5264602,6,4,-114
1754053136.56446,0,0,-122
1754053136.60046,0,2,-119
1754053136.6384602,0,0,-121
1754053136.67646,-1,-7,-119
1754053136.71446,7,-5,-124
1754053136.75046,1,-3,-109
1754053136.78846,6,4,-122
1754053136.82746,4,-4,-120
1754053136.8654602,2,-2,-117
1754053136.9014602,-2,-6,-116
1754053136.93946,0,-6,-106
1754053136.97746,4,-4,-112
1754053137.0164602,5,-8,-116
1754053137.05446,-4,-2,-127
1754053137.09046,-5,1,-114
1754053137.12946,2,1,-108
1754053137.16646,5,0,-110
1754053137.20546,1,2,-120
1754053137.24146,4,4,-122
1754053137.2794602,0,3,-125
1754053137.31646,-4,-2,-121
1754053137.3554602,0,1,-107
1754053137.3914602,-3,-2,-107
1754053137.42946,-2,-7,-120
1754053137.4674602,0,-5,-121
1754053137.5064602,-4,0,-116
1754053137.54446,-6,-3,-114
1754053137.58046,2,-8,-124
1754053137.6184602,-4,0,-110
1754053137.65646,-4,-4,-114
1754053137.69546,-1,0,-117
1754053137.73146,0,-1,-119
1754053137.76846,-5,-8,-122
1754053137.80646,0,0,-119
1754053137.8454602,-3,0,-118
1754053137.8814602,-3,0,-123
1754053137.91846,2,-4,-121
1754053137.95646,-4,-4,-120
1754053137.99546,-1,-1,-100
1754053138.03146,0,-2,-108
1754053138.0694602,-1,-3,-110
1754053138.1084602,3,0,-124
1754053138.14646,0,0,-112
1754053138.18246,-4,2,-119
1754053138.22146,-2,-3,-117
1754053138.25846,2,0,-116
1754053138.2964602,0,-1,-115
1754053138.3354602,-4,5,-116
1754053138.3714602,0,1,-114
1754053138.40846,0,1,-106
1754053138.4474602,1,4,-112
1754053138.48546,3,-1,-110
1754053138.52146,-3,1,-109
1754053138.5594602,5,3,-111
1754053138.59746,7,2,-113
1754053138.63646,3,-1,-115
1754053138.67246,-2,2,-118
1754053138.7104602,7,-8,-126
1754053138.74946,4,-3,-124
1754053138.78746,1,-2,-108
1754053138.8254602,2,-4,-110
1754053138.8614602,2,0,-113
1754053138.89946,1,1,-124
1754053138.9374602,-6,-4,-126
1754053138.97646,-4,0,-115
1754053139.01246,-7,-3,-112
1754053139.05046,-1,0,-115
1754053139.0884602,0,1,-117
1754053139.12746,-6,0,-119
1754053139.16546,-5,3,-122
1754053139.20146,-4,-3,-115
1754053139.23946,0,-3,-122
1754053139.27746,-6,-4,-115
1754053139.31646,-3,-3,-103
1754053139.35246,-6,-2,-105
1754053139.39046,-9,-2,-109
1754053139.42846,-1,0,-118
1754053139.4674602,0,0,-102
1754053139.50546,2,1,-111
1754053139.54146,-2,3,-112
1754053139.57946,-2,-4,-114
1754053139.61746,2,-6,-107
1754053139.65646,1,-8,-112
1754053139.69246,6,0,-110
1754053139.72946,8,-2,-116
1754053139.76746,3,1,-115
1754053139.80646,-1,-2,-124
1754053139.8424602,1,0,-124
1754053139.87946,-4,0,-106
1754053139.9174602,0,0,-115
1754053139.95646,0,0,-118
1754053139.99246,5,0,-120
1754053140.0294602,2,3,-113
1754053140.06746,7,0,-115
1754053140.10646,0,-3,-109
1754053140.14246,-1,4,-107
1754053140.18046,-1,-4,-101
1754053140.21846,-1,-4,-107
1754053140.25746,0,-6,-121
1754053140.29346,2,-4,-114
1754053140.3324602,-2,-1,-127
1754053140.36946,1,2,-114
1754053140.40846,-2,-1,-116
1754053140.44646,6,-2,-118
1754053140.48246,3,-1,-121
1754053140.5194602,5,2,-107
1754053140.55746,0,3,-117
1754053140.59646,3,3,-111
1754053140.63246,0,7,-113
1754053140.66946,-4,2,-113
1754053140.70846,-3,-4,-104
1754053140.7464602,-2,1,-106
1754053140.7824602,-4,1,-114
1754053140.82046,-6,0,-119
1754053140.8584602,-8,-2,-111
1754053140.89746,-4,-2,-109
1754053140.93346,-4,0,-119
1754053140.97146,-3,0,-131
1754053141.0094602,-5,-1,-117
1754053141.04846,2,-2,-113
1754053141.0924602,-3,-1,-104
1754053141.13046,-5,4,-124
1754053141.16946,0,5,-114
1754053141.2074602,-5,-6,-120
1754053141.2434602,1,-3,-124
1754053141.2824602,-2,-1,-103
1754053141.3194602,3,3,-115
1754053141.3584602,2,-2,-121
1754053141.39646,0,-10,-121
1754053141.43246,0,-5,-115
1754053141.46946,0,-4,-115
1754053141.50846,1,-3,-111
1754053141.5464602,2,6,-111
1754053141.5824602,0,-1,-107
1754053141.61946,7,-4,-117
1754053141.65846,-6,0,-107
1754053141.69646,0,0,-110
1754053141.73246,11,1,-113
1754053141.7694602,3,-3,-109
1754053141.80846,-8,0,-109
1754053141.84646,-3,8,-110
1754053141.88346,-1,7,-120
1754053141.9214602,-11,-1,-117
1754053141.95946,-1,-1,-120
1754053141.99846,1,7,-126
1754053142.03446,3,-2,-119
1754053142.0724602,-2,-6,-118
1754053142.1114602,-7,-5,-111
1754053142.14846,-3,4,-113
1754053142.1874602,0,7,-109
1754053142.2234602,-1,-2,-108
1754053142.26146,0,-7,-116
1754053142.2994602,1,-2,-119
1754053142.3384602,-2,0,-116
1754053142.37446,6,-4,-119
1754053142.41246,0,-2,-104
1754053142.4504602,-3,-3,-111
1754053142.48846,-3,3,-127
1754053142.52746,13,4,-117
1754053142.56346,14,1,-115
1754053142.60146,8,5,-121
1754053142.63946,1,1,-112
1754053142.67846,1,2,-116
1754053142.71446,-11,1,-120
1754053142.75246,-8,0,-111
1754053142.79146,-1,-2,-112
1754053142.82946,1,-5,-113
1754053142.86746,5,-6,-115
1754053142.90346,3,-4,-121
1754053142.94146,2,-1,-115
1754053142.97946,-4,-1,-115
1754053143.01846,7,-4,-116
1754053143.05446,5,0,-122
1754053143.09146,0,-2,-105
1754053143.12946,0,-2,-121
1754053143.16846,2,0,-120
1754053143.20446,4,0,-122
1754053143.24246,-1,5,-107
1754053143.28046,0,-3,-102
1754053143.3194602,0,3,-111
1754053143.35746,5,-8,-111
1754053143.39346,4,0,-106
1754053143.43046,0,-8,-126
1754053143.46946,9,-8,-118
1754053143.50746,-4,-2,-120
1754053143.54346,0,-3,-117
1754053143.58046,0,-3,-120
1754053143.61946,8,-2,-116
1754053143.6574602,1,-1,-112
1754053143.69346,-2,-7,-110
1754053143.73246,-6,-9,-120
1754053143.77046,-6,-3,-121
1754053143.80846,-6,-3,-120
1754053143.84446,-1,-3,-115
1754053143.88246,-6,-8,-123
1754053143.92046,0,-7,-123
1754053143.95946,-8,-5,-104
1754053143.99546,-3,0,-111
1754053144.0324602,-3,0,-115
1754053144.07046,-4,-1,-112
1754053144.10946,4,-6,-112
1754053144.14546,2,-1,-121
1754053144.18346,0,-2,-116
1754053144.22146,3,-5,-114
1754053144.2594602,-3,-1,-119
1754053144.29846,3,-5,-110
1754053144.33446,3,-5,-122
1754053144.37246,0,0,-122
1754053144.4114602,5,-1,-120
1754053144.44946,3,0,-124
1754053144.48546,-3,-4,-116
1754053144.52346,0,2,-117
1754053144.56046,-3,-7,-113
1754053144.59946,0,1,-119
1754053144.63546,-1,0,-118
1754053144.67346,0,1,-117
1754053144.71146,8,0,-110
1754053144.75046,5,-2,-116
1754053144.78846,4,-5,-123
1754053144.82446,2,-7,-126
1754053144.86246,3,-6,-110
1754053144.90046,0,0,-108
1754053144.93946,0,-3,-108
1754053144.97546,0,-1,-107
1754053145.0134602,-3,-5,-115
1754053145.0524602,2,-1,-106
1754053145.09046,-2,-9,-115
1754053145.1284602,0,-10,-118
1754053145.1644602,-6,-5,-121
1754053145.20246,-7,-5,-121
1754053145.2404602,-2,-11,-112
1754053145.2794602,-1,-5,-128
1754053145.3154602,-5,-2,-109
1754053145.35346,-1,-3,-116
1754053145.3914602,6,-4,-104
1754053145.43046,-3,2,-111
1754053145.46846,0,0,-105
1754053145.50446,0,0,-113
1754053145.54146,5,3,-116
1754053145.58046,13,-1,-115
1754053145.6184602,9,0,-104
1754053145.6544602,5,-2,-113
1754053145.69246,-1,-3,-97
1754053145.7304602,5,-8,-114
1754053145.7694602,5,-4,-112
1754053145.80546,0,2,-104
1754053145.8424602,1,0,-105
1754053145.88046,-2,4,-110
1754053145.91946,-3,3,-120
1754053145.95546,4,-1,-114
1754053145.9934602,-3,-3,-122
1754053146.03146,1,2,-116
1754053146.07046,-7,5,-117
1754053146.10646,3,0,-120
1754053146.14346,2,-3,-126
1754053146.18146,-3,1,-113
1754053146.2204602,2,-1,-108
1754053146.2564602,0,-3,-113
1754053146.29346,-2,2,-120
1754053146.33146,0,0,-121
1754053146.37046,-7,-3,-113
1754053146.40646,0,-5,-117
1754053146.44346,1,-2,-117
1754053146.48146,-8,-2,-113
1754053146.52046,-6,-12,-99
1754053146.55646,3,-2,-101
1754053146.59446,0,-3,-117
1754053146.63246,0,-3,-115
1754053146.67046,0,-7,-115
1754053146.70946,0,-3,-114
1754053146.74546,0,0,-114
1754053146.7824602,1,-6,-115
1754053146.82146,-4,-6,-111
1754053146.85946,0,-2,-119
1754053146.89546,-1,-4,-117
1754053146.93346,-2,-2,-108
1754053146.97146,-1,0,-112
1754053147.01046,1,3,-112
1754053147.0464602,9,0,-121
1754053147.08346,1,-9,-120
1754053147.1214602,0,-1,-116
1754053147.16046,10,2,-111
1754053147.1974602,0,2,-116
1754053147.23446,-4,2,-115
1754053147.27246,-7,1,-113
1754053147.31146,-5,-10,-117
1754053147.34946,2,-6,-126
1754053147.38546,1,-2,-123
1754053147.4244602,-1,-6,-124
1754053147.46146,-7,-1,-121
1754053147.50046,-2,-1,-118
1754053147.53746,5,4,-124
1754053147.57446,-4,0,-118
1754053147.61246,0,-1,-117
1754053147.6514602,2,7,-114
1754053147.68946,0,-2,-119
1754053147.72546,1,-8,-121
1754053147.7634602,-1,-11,-112
1754053147.8024602,0,-3,-127
1754053147.84046,4,-5,-117
1754053147.87646,0,-2,-108
1754053147.91546,7,0,-126
1754053147.95246,2,-3,-113
1754053147.99146,4,3,-112
1754053148.0294602,0,-1,-115
1754053148.0654602,0,-2,-128
1754053148.10246,-1,-17,-121
1754053148.1414602,-1,-6,-115
1754053148.1774602,0,0,-120
1754053148.21546,1,-1,-112
1754053148.2534602,0,0,-106
1754053148.29146,1,3,-112
1754053148.33046,1,3,-117
1754053148.36646,7,0,-119
1754053148.40346,3,2,-124
1754053148.44146,0,-1,-109
1754053148.4804602,0,-7,-117
1754053148.5164602,2,2,-122
1754053148.55346,-2,1,-122
1754053148.59146,1,-5,-117
1754053148.63046,-1,4,-107
1754053148.66646,0,0,-103
1754053148.70346,-2,-10,-104
1754053148.74146,-4,-3,-117
1754053148.78046,-4,-4,-114
1754053148.81646,-3,1,-115
1754053148.85446,-4,-2,-104
1754053148.89246,-2,0,-117
1754053148.93146,5,-5,-119
1754053148.9674602,4,-4,-115
1754053149.00546,2,0,-114
1754053149.04346,1,0,-103
1754053149.0824602,1,-4,-109
1754053149.12046,0,-6,-110
1754053149.15646,5,2,-107
1754053149.19346,-5,3,-111
1754053149.23246,-4,-1,-121
1754053149.27046,-1,-12,-114
1754053149.30646,1,-4,-126
1754053149.34446,-4,-7,-116
1754053149.38246,-5,0,-118
1754053149.4214602,0,-1,-115
1754053149.4574602,0,-2,-120
1754053149.49546,-2,3,-123
1754053149.53346,4,0,-116
1754053149.5724602,0,-1,-116
1754053149.61046,4,-6,-112
1754053149.64646,0,-3,-117
1754053149.6844602,1,0,-117
1754053149.72246,-6,1,-104
1754053149.76146,-8,4,-123
1754053149.79746,-16,-3,-125
1754053149.8354602,-3,1,-126
1754053149.87446,0,0,-130
1754053149.91246,-2,-3,-122
1754053149.9504602,1,-5,-108
1754053149.9864602,0,-4,-121
1754053150.02446,6,-2,-114
1754053150.0624602,0,3,-117
1754053150.10146,-3,3,-111
1754053150.13746,-6,10,-119
1754053150.17546,3,-2,-114
1754053150.2134602,2,2,-126
1754053150.25246,-2,-2,-118
1754053150.28846,-4,-3,-114
1754053150.32646,0,2,-119
1754053150.36446,0,-1,-107
1754053150.40246,-2,-7,-115
1754053150.44146,4,2,-116
1754053150.47846,-2,-2,-126
1754053150.51546,-5,0,-126
1754053150.55346,4,-3,-124
1754053150.5924602,1,-5,-118
1754053150.6284602,2,0,-122
1754053150.66546,8,-3,-118
1754053150.70446,0,0,-107
1754053150.74246,4,-3,-120
1754053150.77846,3,-2,-113
1754053150.81646,1,-5,-123
1754053150.85446,3,-6,-121
1754053150.89246,6,0,-109
1754053150.93146,3,0,-114
1754053150.9674602,-4,6,-108
1754053151.00546,-2,-2,-126
1754053151.04346,-1,0,-122
1754053151.0824602,-3,-2,-111
1754053151.12646,2,-2,-116
1754053151.16546,-1,-1,-123
1754053151.20346,-3,-7,-118
1754053151.24146,-5,-9,-126
1754053151.27746,-1,-9,-129
1754053151.3154602,9,1,-116
1754053151.35446,-4,-1,-111
1754053151.39246,-3,-3,-106
1754053151.42846,2,-1,-107
1754053151.46646,0,2,-113
1754053151.50446,5,7,-111
1754053151.54346,1,0,-127
1754053151.58146,2,0,-128
1754053151.61746,0,-3,-113
1754053151.6544602,-2,0,-116
1754053151.69346,7,0,-121
1754053151.73146,0,-3,-109
1754053151.76746,-3,-6,-113
1754053151.80546,0,0,-122
1754053151.84346,0,-1,-128
1754053151.88246,2,-5,-119
1754053151.91846,-5,-9,-121
1754053151.95646,-8,-5,-114
1754053151.99446,-6,1,-110
1754053152.03346,-2,0,-116
1754053152.07146,-7,-1,-123
1754053152.10746,5,2,-120
1754053152.1444602,0,1,-114
1754053152.18346,-5,0,-133
1754053152.21946,0,-5,-121
1754053152.25746,0,-7,-123
1754053152.29546,-7,-1,-116
1754053152.33346,-2,-12,-107
1754053152.37246,0,-4,-116
1754053152.40846,0,-5,-122
1754053152.44646,0,4,-106
1754053152.48446,0,-4,-123
1754053152.52346,0,0,-119
1754053152.5594602,4,0,-124
1754053152.59746,-3,-3,-121
1754053152.63546,5,-7,-119
1754053152.6744602,0,-1,-118
1754053152.71246,2,-4,-124
1754053152.74846,4,-3,-110
1754053152.78746,2,2,-119
1754053152.82446,0,-3,-111
1754053152.86346,2,-3,-108
1754053152.89946,0,-4,-104
1754053152.9374602,-1,-6,-108
1754053152.97446,-1,-4,-118
1754053153.0134602,2,-4,-117
1754053153.0494602,4,-3,-127
1754053153.08746,0,-1,-105
1754053153.12546,1,1,-103
1754053153.16346,-1,-4,-110
1754053153.19946,2,2,-116
1754053153.23746,-5,-3,-117
1754053153.27446,-3,-3,-122
1754053153.31346,-2,-3,-114
1754053153.34946,2,-1,-113
1754053153.38746,3,-5,-119
1754053153.42546,1,5,-118
1754053153.46446,10,1,-110
1754053153.50246,9,-7,-109
1754053153.53846,2,-1,-116
1754053153.57646,-7,-2,-109
1754053153.61446,-8,-1,-104
1754053153.65346,-3,-5,-102
1754053153.68946,-2,-3,-120
1754053153.72746,2,-7,-114
1754053153.76546,-6,0,-111
1754053153.80446,0,-6,-109
1754053153.8424602,-7,-6,-115
1754053153.8784602,0,-6,-105
1754053153.91646,0,-8,-112
1754053153.95446,4,-8,-113
1754053153.9934602,0,-2,-113
1754053154.0294602,0,6,-120
1754053154.06646,-4,5,-113
1754053154.10446,-1,1,-119
1754053154.14346,5,-2,-111
1754053154.17946,2,-4,-106
1754053154.2174602,-4,-8,-106
1754053154.25546,7,-6,-105
1754053154.29446,6,-11,-114
1754053154.3324602,0,-5,-108
1754053154.36946,-4,5,-120
1754053154.40846,4,-1,-117
1754053154.44546,10,-4,-119
1754053154.48446,0,-4,-96
1754053154.52046,0,-9,-97
1754053154.55846,12,-4,-97
1754053154.59646,7,-2,-108
1754053154.6344602,7,-5,-115
1754053154.67346,-1,3,-120
1754053154.70946,3,0,-115
1754053154.7464602,-5,-1,-107
1754053154.78446,1,-4,-113
1754053154.82346,3,-2,-121
1754053154.85946,-1,-3,-120
1754053154.89746,0,-3,-115
1754053154.93646,6,-2,-121
1754053154.97446,4,-7,-109
1754053155.01046,7,-2,-111
1754053155.04846,13,-6,-108
1754053155.08646,0,-6,-122
1754053155.12446,2,-2,-128
1754053155.16346,0,-5,-112
1754053155.19946,-1,-8,-120
1754053155.23746,-1,-2,-121
1754053155.27546,-3,3,-120
1754053155.31446,-8,6,-113
1754053155.35046,0,-2,-119
1754053155.3884602,7,-3,-113
1754053155.4274602,0,-4,-118
1754053155.46546,-2,-2,-116
1754053155.5034602,2,-12,-115
1754053155.5394602,1,-5,-117
1754053155.57746,-4,0,-112
1754053155.6154602,0,-3,-117
1754053155.6544602,-2,0,-124
1754053155.69346,5,-1,-125
1754053155.72946,8,-1,-127
1754053155.76746,-2,-3,-125
1754053155.80546,-4,-6,-120
1754053155.84446,-1,-9,-104
1754053155.88046,0,-6,-100
1754053155.91846,3,-1,-104
1754053155.95646,7,-1,-112
1754053155.99546,2,-10,-122
1754053156.03346,0,3,-118
1754053156.0694602,2,-2,-123
1754053156.1084602,3,-5,-144
1754053156.14546,-1,-11,-121
1754053156.1844602,-5,-4,-113
1754053156.22146,-4,-2,-117
1754053156.25846,2,-3,-120
1754053156.2964602,5,-12,-129
1754053156.3354602,4,-4,-115
1754053156.37346,-2,-1,-111
1754053156.40946,1,-8,-108
1754053156.4474602,2,-7,-111
1754053156.48546,-3,-3,-117
1754053156.52446,-2,-6,-112
1754053156.56046,0,-4,-120
1754053156.59946,3,-2,-125
1754053156.63646,3,-4,-121
1754053156.67546,3,-5,-122
1754053156.71146,0,-3,-116
1754053156.74946,-1,-1,-117
1754053156.78746,7,-8,-126
1754053156.8254602,-6,-6,-125
1754053156.86446,-3,-6,-119
1754053156.90046,-8,-7,-117
1754053156.93846,-2,-5,-118
1754053156.97646,0,0,-115
1754053157.01546,2,0,-122
1754053157.05146,3,-1,-122
1754053157.08946,-6,-2,-117
1754053157.12746,-3,-3,-123
1754053157.16646,-2,-4,-125
1754053157.20446,-6,-1,-119
1754053157.2404602,-3,3,-131
1754053157.27846,-2,0,-115
1754053157.31646,-2,-4,-116
1754053157.3554602,1,-2,-117
1754053157.3914602,3,-1,-106
1754053157.42946,10,2,-112
1754053157.4674602,0,0,-119
1754053157.5064602,1,-1,-118
1754053157.54446,2,-6,-114
1754053157.58046,0,-5,-109
1754053157.6184602,1,0,-112
1754053157.65646,0,-1,-103
1754053157.69546,-1,-1,-116
1754053157.73146,5,3,-116
1754053157.76846,2,2,-112
1754053157.80646,-3,-9,-109
1754053157.8454602,-2,-9,-118
1754053157.8814602,-6,-7,-114
1754053157.91946,-5,-8,-111
1754053157.95846,-7,-5,-112
1754053157.9964602,1,6,-116
1754053158.03446,0,3,-119
1754053158.07046,2,-4,-117
1754053158.1084602,-1,-4,-117
1754053158.14646,-1,-7,-116
1754053158.18546,0,-3,-116
1754053158.22146,5,-4,-111
1754053158.2594602,2,-1,-119
1754053158.29746,-7,-4,-118
1754053158.33646,1,0,-116
1754053158.37446,3,0,-123
1754053158.41046,8,1,-108
1754053158.4474602,10,-3,-111
1754053158.4864602,-2,-3,-106
1754053158.52246,-1,0,-118
1754053158.56046,3,-3,-116
1754053158.5984602,0,-2,-109
1754053158.63646,5,0,-122
1754053158.67546,9,-3,-131
1754053158.71246,8,0,-119
1754053158.74946,-1,5,-130
1754053158.78746,-1,-3,-122
1754053158.82646,2,-1,-128
1754053158.86246,4,-3,-125
1754053158.90046,-2,-4,-128
1754053158.93846,3,-5,-118
1754053158.97646,-1,-6,-112
1754053159.01546,1,-3,-110
1754053159.05146,-6,-1,-116
1754053159.08946,-4,-5,-119
1754053159.12746,2,-5,-120
1754053159.16646,0,-12,-118
1754053159.20246,7,-11,-112
1754053159.2404602,2,2,-109
1754053159.2794602,1,0,-114
1754053159.31646,0,-3,-119
1754053159.3554602,3,-3,-121
1754053159.3914602,4,-6,-115
1754053159.42946,-3,7,-110
1754053159.4674602,6,4,-114
1754053159.50546,1,2,-104
1754053159.54146,3,-4,-107
1754053159.57946,1,-4,-108
1754053159.61746,-1,0,-117
1754053159.65546,-9,0,-120
1754053159.69146,-5,0,-130
1754053159.72946,5,0,-119
1754053159.76746,2,-3,-117
1754053159.80646,0,-3,-114
1754053159.8424602,5,-3,-106
1754053159.88046,-2,-1,-115
1754053159.91846,-2,0,-116
1754053159.9574602,0,-4,-111
1754053159.99546,4,-6,-119
1754053160.03146,5,-3,-113
1754053160.0694602,8,-5,-117
1754053160.1084602,10,-6,-120
1754053160.14646,0,-1,-121
1754053160.18246,3,-8,-125
1754053160.22146,4,-2,-119
1754053160.25846,4,4,-114
1754053160.29746,4,-1,-117
1754053160.3354602,-4,2,-124
1754053160.3714602,0,0,-116
1754053160.40846,6,1,-114
1754053160.4474602,5,0,-108
1754053160.48546,9,-4,-111
1754053160.52246,5,0,-114
1754053160.5594602,-1,-3,-109
1754053160.59746,1,-2,-112
1754053160.63646,0,6,-114
1754053160.67246,-7,-1,-110
1754053160.7104602,-5,0,-113
1754053160.74946,-5,0,-106
1754053160.78746,0,0,-108
1754053160.82346,2,-3,-112
1754053160.8614602,0,1,-113
1754053160.89946,-4,1,-107
1754053160.9374602,-4,-2,-112
1754053160.97646,-7,-6,-115
1754053161.01246,-1,-6,-121
1754053161.05046,11,2,-122
1754053161.0884602,-2,5,-115
1754053161.13246,-2,-6,-117
1754053161.1714602,-9,-2,-104
1754053161.20846,1,-1,-104
1754053161.24746,1,2,-110
1754053161.28346,0,-4,-114
1754053161.32146,-6,-2,-119
1754053161.3584602,2,4,-123
1754053161.39746,3,2,-114
1754053161.43346,8,-7,-126
1754053161.47146,4,2,-117
1754053161.5094602,4,-6,-118
1754053161.54846,0,-1,-125
1754053161.58646,-1,-2,-127
1754053161.62246,3,0,-124
1754053161.65946,-8,0,-111
1754053161.69846,-7,-2,-107
1754053161.7364602,2,-1,-108
1754053161.77246,3,-3,-108
1754053161.81046,2,-8,-121
1754053161.84946,-3,-4,-124
1754053161.88746,-2,-3,-119
1754053161.92346,0,2,-114
1754053161.9604602,0,3,-120
1754053161.99846,-1,1,-116
1754053162.03746,-7,-4,-116
1754053162.07346,-4,-7,-113
1754053162.1114602,-3,-6,-118
1754053162.14946,3,-3,-123
1754053162.18846,0,0,-113
1754053162.22646,2,0,-114
1754053162.26246,-3,-3,-107
1754053162.30046,1,-5,-116
1754053162.3384602,8,-6,-109
1754053162.37746,2,-7,-111
1754053162.41346,-5,-5,-119
1754053162.45146,-2,-2,-119
1754053162.48946,1,5,-107
1754053162.52846,-3,-4,-127
1754053162.56646,-1,-4,-127
1754053162.60246,-3,3,-119
1754053162.6414602,-5,-2,-127
1754053162.67846,-7,-4,-117
1754053162.7174602,-2,-5,-114
1754053162.75446,-5,0,-120
1754053162.79146,-5,0,-115
1754053162.82946,0,-3,-118
1754053162.8684602,0,2,-119
1754053162.9044602,-1,3,-113
1754053162.94246,5,-2,-113
1754053162.9804602,6,-5,-103
1754053163.01846,8,1,-118
1754053163.05746,0,2,-110
1754053163.09346,1,-2,-114
1754053163.13246,-7,-2,-119
1754053163.16946,2,4,-123
1754053163.20846,-1,2,-120
1754053163.24446,-1,2,-127
1754053163.2824602,1,2,-121
1754053163.32046,1,-1,-117
1754053163.3584602,1,-2,-118
1754053163.39746,7,0,-124
1754053163.43346,1,0,-119
1754053163.47146,4,0,-114
1754053163.5094602,-6,-3,-115
1754053163.54746,0,-3,-113
1754053163.58346,0,-3,-109
1754053163.6214602,5,-3,-113
1754053163.65946,-4,-1,-122
1754053163.69846,1,0,-113
1754053163.73446,4,5,-112
1754053163.77146,0,-1,-119
1754053163.81046,2,-5,-100
1754053163.8484602,-3,-8,-116
1754053163.8844602,-6,-7,-117
1754053163.92246,-1,-1,-108
1754053163.9604602,0,-2,-108
1754053163.99946,5,1,-116
1754053164.03746,-1,8,-114
1754053164.07346,-5,1,-109
1754053164.11246,-4,-2,-121
1754053164.14946,7,1,-118
1754053164.18846,5,-3,-131
1754053164.22446,-1,-4,-120
1754053164.26246,-3,-8,-116
1754053164.30046,0,-2,-117
1754053164.33946,2,-5,-110
1754053164.37746,-8,-1,-123
1754053164.41346,-12,-6,-119
1754053164.45146,-3,-8,-112
1754053164.48946,-5,7,-114
1754053164.52846,-3,1,-111
1754053164.56446,5,4,-118
1754053164.60146,4,0,-109
1754053164.63946,3,0,-110
1754053164.67846,0,1,-110
1754053164.71446,-7,2,-107
1754053164.75246,-5,0,-117
1754053164.79146,0,0,-115
1754053164.82946,-1,-2,-114
1754053164.8654602,-3,0,-110
1754053164.9044602,0,-3,-113
1754053164.94146,0,0,-107
1754053164.97946,-1,-3,-121
1754053165.01846,0,-5,-115
1754053165.05446,0,0,-110
1754053165.09146,2,0,-110
1754053165.12946,2,-4,-113
1754053165.16846,3,-1,-108
1754053165.20446,5,-2,-117
1754053165.24246,1,-4,-116
1754053165.28046,-3,-7,-106
1754053165.3194602,0,-1,-107
1754053165.3554602,0,-1,-119
1754053165.39346,0,0,-115
1754053165.43146,2,0,-107
1754053165.46946,-2,4,-116
1754053165.50846,5,2,-113
1754053165.54446,-3,2,-112
1754053165.5824602,-7,-2,-117
1754053165.62046,-1,2,-118
1754053165.65946,5,-7,-114
1754053165.69546,-1,-5,-113
1754053165.7334602,-4,-5,-113
1754053165.77146,-6,0,-109
1754053165.81046,-5,1,-114
1754053165.8484602,-4,2,-111
1754053165.8844602,-4,-6,-106
1754053165.92246,3,-1,-106
1754053165.9604602,-3,-6,-111
1754053165.99946,3,5,-113
1754053166.03546,-9,-3,-116
1754053166.07446,-1,0,-118
1754053166.1114602,3,0,-114
1754053166.15046,0,3,-107
1754053166.18846,-2,-2,-105
1754053166.22446,-3,-2,-110
1754053166.26246,0,-4,-120
1754053166.30046,-1,-1,-119
1754053166.33946,-4,-6,-118
1754053166.37546,0,-3,-121
1754053166.41346,4,-3,-113
1754053166.45146,7,-1,-121
1754053166.4904602,0,0,-119
1754053166.52846,-2,4,-112
1754053166.56446,-10,0,-108
1754053166.60246,-5,1,-119
1754053166.64046,4,-1,-114
1754053166.67946,11,-5,-109
1754053166.71546,6,-1,-108
1754053166.7534602,0,-5,-109
1754053166.79146,1,-4,-107
1754053166.83046,-4,-5,-111
1754053166.86646,-2,-1,-117
1754053166.9044602,0,-3,-121
1754053166.94246,-3,-11,-115
1754053166.9804602,0,-5,-106
1754053167.0194602,5,-7,-105
1754053167.05546,6,-9,-104
1754053167.09346,-1,-11,-125
1754053167.1314602,-1,-5,-117
1754053167.17046,3,2,-114
1754053167.20646,2,3,-119
1754053167.2434602,5,-2,-115
1754053167.28146,0,-2,-111
1754053167.32046,1,-1,-118
1754053167.35646,-2,-5,-127
1754053167.3944602,0,-1,-129
1754053167.43246,0,-3,-135
1754053167.4704602,0,-11,-122
1754053167.5094602,0,0,-119
1754053167.54546,0,-2,-118
1754053167.58346,-6,1,-118
1754053167.6214602,-3,-2,-118
1754053167.66046,-9,0,-115
1754053167.69646,-2,3,-110
1754053167.73446,-2,3,-110
1754053167.77246,-7,1,-118
1754053167.81146,0,2,-113
1754053167.84946,-1,-2,-104
1754053167.88546,9,-1,-113
1754053167.9244602,-3,-10,-118
1754053167.96146,2,-3,-111
1754053168.00046,6,0,-115
1754053168.0364602,3,0,-112
1754053168.07346,4,-5,-112
1754053168.1114602,1,-2,-125
1754053168.15046,1,-3,-121
1754053168.18646,7,-11,-118
1754053168.22446,1,-11,-115
1754053168.26246,0,2,-116
1754053168.30146,3,1,-121
1754053168.33946,0,0,-121
1754053168.37546,6,-8,-115
1754053168.41346,1,-2,-127
1754053168.45146,3,-1,-117
1754053168.4904602,0,-3,-124
1754053168.5264602,1,-2,-123
1754053168.56446,-7,2,-124
1754053168.60346,-3,-3,-115
1754053168.6414602,-2,2,-106
1754053168.67946,-3,2,-107
1754053168.71546,-2,-10,-114
1754053168.7534602,2,-2,-100
1754053168.79146,0,4,-113
1754053168.83046,-4,2,-119
1754053168.86646,-5,6,-123
1754053168.9044602,-9,6,-120
1754053168.94246,0,0,-130
1754053168.98146,-11,-1,-116
1754053169.01746,-2,-1,-115
1754053169.05546,4,-3,-111
1754053169.09446,3,-3,-113
1754053169.1314602,-3,-6,-114
1754053169.17046,3,-6,-117
1754053169.20646,0,-2,-119
1754053169.24446,3,-5,-120
1754053169.2824602,3,-5,-110
1754053169.32146,7,-2,-122
1754053169.35746,5,-1,-114
1754053169.39546,0,-1,-112
1754053169.43346,-5,1,-112
1754053169.47146,1,-4,-110
1754053169.51046,-1,-1,-114
1754053169.5464602,-4,-2,-106
1754053169.58446,-2,3,-112
1754053169.62346,0,-2,-114
1754053169.6614602,-5,-2,-118
1754053169.6974602,1,1,-119
1754053169.7364602,0,-1,-113
1754053169.77346,-1,3,-110
1754053169.8124602,4,0,-110
1754053169.85046,8,3,-125
1754053169.88646,4,0,-123
1754053169.92346,1,0,-118
1754053169.96246,0,-1,-113
1754053170.00046,-6,1,-106
1754053170.0364602,-12,1,-114
1754053170.07446,0,-1,-120
1754053170.11246,-3,3,-122
1754053170.1514602,-4,0,-120
1754053170.1874602,-1,-2,-127
1754053170.22646,0,-7,-117
1754053170.2634602,6,-8,-107
1754053170.3024602,3,-3,-118
1754053170.34046,0,0,-111
1754053170.37646,7,-10,-126
1754053170.4144602,0,-6,-123
1754053170.45346,-5,-10,-126
1754053170.49146,5,-14,-132
1754053170.52746,4,-7,-130
1754053170.5654602,-1,-3,-116
1754053170.60346,1,-4,-115
1754053170.64246,2,4,-112
1754053170.68046,-1,-4,-110
1754053170.71646,-9,-3,-116
1754053170.75446,-11,-2,-119
1754053170.7924602,-1,-6,-111
1754053170.83146,0,2,-125
1754053170.86746,4,3,-125
1754053170.90546,-1,2,-126
1754053170.9444602,3,2,-115
1754053170.98246,5,0,-120
1754053171.01846,1,0,-125
1754053171.05546,1,0,-122
1754053171.09446,-3,1,-119
1754053171.13746,-2,-8,-124
1754053171.17546,0,-5,-120
1754053171.21446,3,-3,-114
1754053171.25246,4,-5,-116
1754053171.28846,2,0,-112
1754053171.32646,-3,0,-107
1754053171.36446,-7,-4,-120
1754053171.40246,-7,4,-121
1754053171.44146,1,2,-107
1754053171.47746,3,4,-107
1754053171.51446,0,-6,-115
1754053171.5524602,-3,1,-131
1754053171.59146,-4,4,-117
1754053171.62746,-2,1,-109
1754053171.66546,1,0,-129
1754053171.70346,2,0,-116
1754053171.74246,-1,-7,-113
1754053171.77846,3,-3,-128
1754053171.81646,3,-1,-118
1754053171.85446,-4,-3,-123
1754053171.89346,4,-1,-123
1754053171.93146,-3,-3,-121
1754053171.9674602,-1,-2,-123
1754053172.0064602,-2,-3,-116
1754053172.04346,-2,-2,-128
1754053172.0824602,2,5,-117
1754053172.1184602,1,1,-115
1754053172.15646,3,-3,-104
1754053172.1944602,3,-9,-117
1754053172.2334602,1,-7,-116
1754053172.27146,0,-2,-109
1754053172.30746,0,0,-114
1754053172.34446,6,4,-124
1754053172.38346,3,0,-117
1754053172.4214602,1,0,-122
1754053172.4574602,4,2,-117
1754053172.49546,3,-8,-111
1754053172.53346,-4,-3,-113
1754053172.5724602,-7,2,-117
1754053172.6084602,-6,-3,-120
1754053172.64646,-5,-4,-118
1754053172.6844602,-1,-2,-118
1754053172.72246,2,-11,-114
1754053172.75846,2,-5,-127
1754053172.79746,-8,1,-119
1754053172.83446,-2,4,-126
1754053172.87346,0,3,-118
1754053172.9114602,-3,2,-121
1754053172.9474602,0,0,-118
1754053172.98446,0,-2,-122
1754053173.02346,0,3,-110
1754053173.06146,0,-2,-116
1754053173.09746,5,-3,-110
1754053173.13546,3,0,-110
1754053173.17346,14,-8,-107
1754053173.21246,5,-3,-99
1754053173.24846,2,-6,-106
1754053173.2864602,6,3,-99
1754053173.32446,6,0,-106
1754053173.36346,-3,-4,-112
1754053173.39946,-6,-6,-111
1754053173.4374602,-1,1,-111
1754053173.47546,9,0,-117
1754053173.51446,8,-2,-119
1754053173.5524602,10,0,-117
1754053173.5884602,5,3,-113
1754053173.62546,1,-2,-114
1754053173.66346,1,4,-110
1754053173.70246,1,1,-116
1754053173.73846,1,1,-115
1754053173.77546,1,-1,-126
1754053173.81446,-5,-1,-123
1754053173.85246,0,0,-118
1754053173.8884602,2,1,-106
1754053173.92546,3,0,-108
1754053173.96446,6,-1,-124
1754053174.00246,1,0,-114
1754053174.03846,1,0,-117
1754053174.0754602,2,0,-107
1754053174.11446,3,-1,-113
1754053174.15246,-11,-5,-104
1754053174.18846,-8,-3,-105
1754053174.22646,0,-1,-113
1754053174.26446,0,3,-115
1754053174.30346,0,-4,-108
1754053174.33946,4,-3,-106
1754053174.37746,6,1,-115
1754053174.41546,-3,2,-120
1754053174.45446,-5,-5,-117
1754053174.49246,-3,-3,-109
1754053174.5294602,0,-7,-104
1754053174.56646,-1,-3,-109
1754053174.60446,-4,-1,-107
1754053174.64346,-7,-1,-106
1754053174.67946,0,5,-113
1754053174.71646,-4,0,-118
1754053174.75446,0,4,-118
1754053174.79346,0,4,-117
1754053174.82946,-1,1,-117
1754053174.86746,-4,-4,-117
1754053174.90646,3,0,-123
1754053174.9444602,8,-5,-121
1754053174.9834602,0,-6,-112
1754053175.0194602,-1,-6,-109
1754053175.05746,6,-3,-115
1754053175.0954602,8,0,-114
1754053175.1344602,12,-3,-113
1754053175.17046,1,-1,-114
1754053175.20846,-1,-5,-113
1754053175.24746,2,1,-115
1754053175.28446,0,-3,-122
1754053175.32346,-1,-3,-119
1754053175.36046,7,3,-117
1754053175.39746,0,12,-113
1754053175.43546,3,7,-101
1754053175.47446,1,3,-108
1754053175.51046,-5,3,-103
1754053175.54846,-10,5,-98
1754053175.58646,-4,2,-110
1754053175.62446,-4,1,-106
1754053175.66346,0,-3,-115
1754053175.69946,-4,-7,-109
1754053175.73746,1,-3,-116
1754053175.7764602,0,-3,-114
1754053175.81446,1,-7,-113
1754053175.85046,5,-2,-106
1754053175.8884602,6,-3,-121
1754053175.92646,1,-4,-114
1754053175.96446,3,0,-117
1754053176.0034602,2,0,-122
1754053176.0394602,1,3,-113
1754053176.07646,6,4,-119
1754053176.1154602,0,-2,-127
1754053176.15346,4,-3,-127
1754053176.18946,-5,-6,-124
1754053176.22746,1,-9,-125
1754053176.26546,5,-10,-120
1754053176.30446,6,-1,-113
1754053176.34046,0,-4,-110
1754053176.3784602,-2,-1,-107
1754053176.41646,3,-3,-109
1754053176.45546,0,0,-112
1754053176.4934602,6,-3,-122
1754053176.5294602,0,-2,-115
1754053176.56646,1,0,-106
1754053176.6054602,1,0,-115
1754053176.64346,-4,-4,-119
1754053176.67946,1,-2,-115
1754053176.7174602,0,5,-119
1754053176.7564602,2,4,-114
1754053176.79446,3,-4,-118
1754053176.83046,7,-8,-122
1754053176.86946,0,0,-113
1754053176.90646,2,0,-104
1754053176.94546,1,2,-114
1754053176.9834602,4,-3,-126
1754053177.0194602,4,1,-119
1754053177.05646,3,7,-117
1754053177.0954602,7,7,-110
1754053177.13346,-1,0,-104
1754053177.16946,1,-6,-120
1754053177.2074602,1,-3,-115
1754053177.24546,-4,-2,-107
1754053177.28446,2,-4,-116
1754053177.32046,6,-2,-114
1754053177.3584602,-3,-5,-114
1754053177.39646,0,-3,-113
1754053177.43546,-6,0,-111
1754053177.47146,-5,0,-115
1754053177.5094602,-3,4,-114
1754053177.54746,2,0,-119
1754053177.5854602,-1,0,-110
1754053177.62446,1,-1,-115
1754053177.66046,-1,-1,-108
1754053177.69846,2,6,-109
1754053177.7364602,0,3,-119
1754053177.77546,-8,-5,-112
1754053177.81146,2,5,-121
1754053177.8484602,4,0,-114
1754053177.88646,2,5,-119
1754053177.92546,-2,-4,-120
1754053177.96146,1,-5,-109
1754053177.99946,-10,-5,-111
1754053178.03746,-6,-1,-107
1754053178.0754602,-2,1,-109
1754053178.11446,1,-1,-126
1754053178.15046,-2,3,-125
1754053178.18846,1,-3,-119
1754053178.22646,-2,-4,-117
1754053178.26546,-5,0,-106
1754053178.30146,0,-3,-115
1754053178.33946,6,-2,-113
1754053178.37746,-3,-9,-123
1754053178.41646,-3,-4,-114
1754053178.45446,-4,-4,-111
1754053178.4904602,0,4,-122
1754053178.52746,3,-2,-112
1754053178.56646,-7,-5,-103
1754053178.60446,0,-3,-113
1754053178.64046,0,-5,-124
1754053178.6774602,4,-8,-119
1754053178.71646,-3,-4,-111
1754053178.75446,-1,0,-121
1754053178.79046,1,-4,-114
1754053178.82846,-6,-11,-103
1754053178.86646,1,-3,-121
1754053178.90546,4,-4,-110
1754053178.94146,-5,-2,-111
1754053178.9804602,-8,-6,-116
1754053179.01746,5,-1,-113
1754053179.05646,8,-10,-118
1754053179.09446,3,-3,-107
1754053179.13046,6,-2,-113
1754053179.16946,-1,0,-112
1754053179.20646,0,0,-106
1754053179.24546,2,-3,-98
1754053179.28146,1,-4,-90
1754053179.3194602,-4,0,-116
1754053179.35746,0,1,-110
1754053179.39646,8,-3,-104
1754053179.43246,4,6,-114
1754053179.46946,4,6,-115
1754053179.50746,0,-1,-113
1754053179.5464602,0,-6,-115
1754053179.5824602,2,-1,-124
1754053179.62046,-4,5,-121
1754053179.65846,-8,1,-116
1754053179.6974602,-3,2,-114
1754053179.73546,2,-1,-103
1754053179.77146,5,-2,-115
1754053179.8094602,5,2,-116
1754053179.84746,4,2,-114
1754053179.88646,-1,2,-114
1754053179.92246,-1,0,-116
1754053179.95946,4,0,-112
1754053179.99746,3,-7,-106
1754053180.0364602,0,-12,-114
1754053180.0724602,-3,-6,-112
1754053180.11046,-2,-1,-105
1754053180.14846,9,2,-111
1754053180.18646,3,-1,-120
1754053180.22546,1,-6,-114
1754053180.26146,-6,-3,-103
1754053180.2994602,-1,-4,-107
1754053180.33746,3,-6,-114
1754053180.37646,-1,1,-109
1754053180.41246,2,-3,-111
1754053180.45146,0,0,-110
1754053180.48946,0,-3,-115
1754053180.52746,8,-3,-126
1754053180.5654602,-2,-11,-118
1754053180.60146,1,-1,-114
1754053180.63946,-2,0,-114
1754053180.6774602,1,1,-107
1754053180.71646,-6,0,-104
1754053180.75246,1,2,-107
1754053180.7894602,0,-5,-112
1754053180.82746,2,-7,-109
1754053180.86646,5,-9,-100
1754053180.90246,-2,-2,-104
1754053180.9404602,6,0,-107
1754053180.97846,-3,-5,-114
1754053181.01746,-5,-1,-122
1754053181.05546,-9,-6,-119
1754053181.09146,4,2,-112
1754053181.12946,-6,5,-121
1754053181.17546,-9,-8,-122
1754053181.21146,-6,-8,-119
1754053181.24946,0,-6,-122
1754053181.28746,4,-1,-107
1754053181.32646,3,-4,-109
1754053181.36246,-3,0,-114
1754053181.4014602,-4,2,-98
1754053181.43846,-3,0,-113
1754053181.47746,3,-6,-117
1754053181.5134602,3,-3,-111
1754053181.55146,1,-5,-107
1754053181.58946,1,4,-111
1754053181.62746,0,3,-110
1754053181.66646,0,0,-112
1754053181.70246,0,1,-120
1754053181.73946,4,-3,-133
1754053181.77746,3,5,-127
1754053181.81646,0,4,-125
1754053181.85246,-2,0,-121
1754053181.89046,1,-2,-111
1754053181.92846,-1,-1,-97
1754053181.9674602,-5,-4,-102
1754053182.0034602,-9,-7,-101
1754053182.04046,-7,0,-115
1754053182.07846,-1,-1,-122
1754053182.11746,-3,-7,-118
1754053182.15346,0,-1,-128
1754053182.19146,-1,-1,-125
1754053182.22946,-1,-8,-118
1754053182.26746,-6,-7,-113
1754053182.30646,-2,0,-114
1754053182.3424602,-1,-1,-101
1754053182.3814602,0,0,-103
1754053182.41946,9,0,-111
1754053182.4574602,2,0,-114
1754053182.4934602,5,0,-111
1754053182.53046,1,5,-104
1754053182.56846,3,0,-114
1754053182.60746,1,-1,-111
1754053182.64346,-1,-3,-116
1754053182.68146,-1,-8,-112
1754053182.71946,-5,3,-117
1754053182.75846,0,-4,-112
1754053182.7964602,-7,-2,-108
1754053182.8324602,0,0,-100
1754053182.86946,0,0,-112
1754053182.90846,-1,-3,-117
1754053182.94646,-4,0,-111
1754053182.98246,3,0,-116
1754053183.0194602,0,-6,-118
1754053183.05846,-1,-11,-124
1754053183.09646,0,-4,-125
1754053183.13246,0,2,-117
1754053183.16946,-4,-7,-116
1754053183.20846,-1,-6,-107
1754053183.2464602,4,-5,-118
1754053183.2824602,6,-5,-112
1754053183.32046,-1,-4,-117
1754053183.3584602,-3,1,-115
1754053183.39746,4,2,-120
1754053183.43346,0,-6,-116
1754053183.47146,0,0,-128
1754053183.5094602,-2,-9,-113
1754053183.54846,3,-4,-116
1754053183.58446,4,-6,-117
1754053183.62346,7,-1,-108
1754053183.6614602,4,3,-110
1754053183.69846,-1,3,-108
1754053183.73746,-1,3,-110
1754053183.77346,-1,-2,-114
1754053183.81146,3,-1,-127
1754053183.84946,4,3,-114
1754053183.8884602,1,-3,-106
1754053183.9244602,0,-4,-114
1754053183.96146,1,-1,-108
1754053183.99946,0,-2,-113
1754053184.03846,-3,-3,-113
1754053184.07446,0,-8,-109
1754053184.1114602,0,-7,-120
1754053184.14946,4,7,-113
1754053184.18846,2,3,-117
1754053184.22446,-2,1,-115
1754053184.26246,-3,-3,-113
1754053184.30046,2,1,-115
1754053184.3384602,3,-2,-113
1754053184.37746,-2,-5,-110
1754053184.41346,0,-7,-125
1754053184.45146,0,-2,-117
1754053184.48946,0,0,-126
1754053184.52846,4,-2,-110
1754053184.56446,-3,0,-113
1754053184.60346,-2,-4,-107
1754053184.64046,3,1,-108
1754053184.67946,4,0,-113
1754053184.7174602,0,0,-123
1754053184.7534602,5,2,-119
1754053184.79046,4,4,-110
1754053184.82946,0,-4,-103
1754053184.86746,-3,-4,-111
1754053184.90346,-6,-6,-115
1754053184.94146,0,-5,-114
1754053184.97946,0,1,-105
1754053185.01846,-6,1,-119
1754053185.05446,-5,4,-110
1754053185.0924602,6,-4,-112
1754053185.13046,1,-5,-107
1754053185.16946,-1,0,-104
1754053185.2074602,6,2,-108
1754053185.2434602,4,2,-112
1754053185.28046,0,2,-108
1754053185.3194602,2,4,-113
1754053185.35746,0,-1,-119
1754053185.39346,2,-6,-118
1754053185.43146,3,1,-114
1754053185.4704602,2,-4,-115
1754053185.50846,4,-4,-109
1754053185.54446,0,0,-111
1754053185.58146,-1,8,-115
1754053185.62046,-7,3,-112
1754053185.65846,9,-2,-122
1754053185.6944602,2,0,-123
1754053185.73246,-2,0,-121
1754053185.77046,4,0,-106
1754053185.8094602,2,0,-117
1754053185.8454602,0,-1,-120
1754053185.88346,8,1,-121
1754053185.9214602,3,-6,-124
1754053185.95946,2,-4,-120
1754053185.99846,-4,-2,-110
1754053186.03446,0,-4,-111
1754053186.0724602,-2,0,-122
1754053186.11046,-2,-12,-120
1754053186.14946,0,-1,-120
1754053186.18546,4,2,-125
1754053186.22246,6,0,-124
1754053186.26046,1,-3,-115
1754053186.2994602,0,-6,-119
1754053186.3354602,3,-5,-111
1754053186.37346,2,-8,-121
1754053186.4114602,-3,-2,-112
1754053186.44946,-6,-3,-110
1754053186.48846,-5,-6,-112
1754053186.52446,1,-5,-112
1754053186.5624602,-1,-3,-119
1754053186.60046,0,-6,-112
1754053186.63946,6,-2,-112
1754053186.67546,11,-3,-119
1754053186.7134602,0,5,-123
1754053186.75146,-3,-2,-112
1754053186.79046,-8,5,-107
1754053186.82846,-11,0,-106
1754053186.86446,2,1,-102
1754053186.9014602,-1,0,-115
1754053186.9404602,-3,2,-107
1754053186.97846,4,2,-111
1754053187.01446,-1,2,-109
1754053187.0524602,-2,3,-115
1754053187.09046,-5,-8,-111
1754053187.12946,3,-1,-114
1754053187.16546,1,1,-117
1754053187.20246,0,0,-107
1754053187.24146,-2,-3,-114
1754053187.2794602,0,-5,-107
1754053187.3154602,0,-3,-104
1754053187.35246,3,0,-110
1754053187.3914602,0,-1,-111
1754053187.42946,-7,3,-112
1754053187.46546,6,0,-115
1754053187.50246,0,0,-108
1754053187.54146,-2,-2,-103
1754053187.57946,-1,-7,-118
1754053187.6154602,-1,-7,-114
1754053187.6544602,-4,5,-105
1754053187.69146,-1,0,-109
1754053187.7304602,-1,5,-129
1754053187.7664602,-2,2,-123
1754053187.80446,-3,-2,-116
1754053187.84346,-2,0,-116
1754053187.88046,3,-3,-122
1754053187.91946,3,-1,-117
1754053187.95546,2,-5,-115
1754053187.9934602,3,-1,-109
1754053188.0324602,1,0,-118
1754053188.07046,2,0,-119
1754053188.10646,0,-1,-120
1754053188.14546,4,-3,-123
1754053188.18246,3,0,-128
1754053188.2204602,-5,-5,-117
1754053188.2594602,-3,-4,-122
1754053188.29546,-1,-2,-125
1754053188.33346,0,-3,-121
1754053188.3714602,-9,6,-109
1754053188.41046,0,-1,-121
1754053188.44646,6,-3,-124
1754053188.48446,-2,-2,-125
1754053188.52246,2,-5,-109
1754053188.56046,-1,-4,-106
1754053188.59946,1,-3,-117
1754053188.63546,3,-6,-113
1754053188.67346,7,-9,-107
1754053188.71246,12,-1,-107
1754053188.75046,1,-6,-116
1754053188.7864602,0,-4,-120
1754053188.82446,-1,0,-119
1754053188.86246,-2,0,-113
1754053188.9014602,3,0,-117
1754053188.93946,3,5,-119
1754053188.97546,3,0,-120
1754053189.01246,9,0,-115
1754053189.05146,1,1,-101
1754053189.08946,3,-3,-99
1754053189.12546,5,0,-117
1754053189.16246,0,4,-108
1754053189.20146,3,1,-119
1754053189.23946,0,0,-116
1754053189.27546,1,1,-120
1754053189.3124602,4,3,-115
1754053189.35146,-6,2,-117
1754053189.38946,-2,-2,-115
1754053189.42546,1,-1,-113
1754053189.4634602,1,1,-115
1754053189.50146,6,2,-116
1754053189.54046,2,3,-109
1754053189.57646,-2,1,-129
1754053189.61446,-10,3,-143
1754053189.65246,0,-2,-118
1754053189.69146,-3,-7,-112
1754053189.72946,0,-2,-117
1754053189.76546,-9,-13,-116
1754053189.80346,0,-5,-121
1754053189.84146,6,-3,-116
1754053189.88046,-3,-7,-112
1754053189.91646,-2,-6,-112
1754053189.95446,0,-6,-109
1754053189.99246,8,-4,-114
1754053190.03146,0,-8,-125
1754053190.06746,0,-3,-116
1754053190.1054602,-4,1,-109
1754053190.14346,-1,3,-119
1754053190.18146,2,-2,-117
1754053190.2204602,-2,-4,-121
1754053190.2564602,0,-9,-120
1754053190.29446,-1,0,-112
1754053190.3324602,-2,-2,-118
1754053190.3714602,3,0,-118
1754053190.4074602,9,-1,-105
1754053190.44546,1,-2,-110
1754053190.4834602,5,-2,-121
1754053190.52146,0,-6,-114
1754053190.56046,-4,0,-103
1754053190.59646,-3,-8,-114
1754053190.6344602,2,1,-110
1754053190.67246,0,9,-114
1754053190.71146,-8,0,-107
1754053190.74746,-9,-1,-116
1754053190.78546,1,-4,-120
1754053190.82346,3,-7,-125
1754053190.86246,3,-14,-116
1754053190.90046,-3,-11,-113
1754053190.93646,0,-4,-106
1754053190.97546,-2,-4,-106
1754053191.01246,-5,1,-118
1754053191.05146,0,-4,-109
1754053191.08746,-2,-1,-110
1754053191.12546,-1,-5,-113
1754053191.16346,3,1,-133
1754053191.20846,6,-2,-116
1754053191.2464602,4,-10,-113
1754053191.2834601,-4,0,-124
1754053191.3224602,-3,-3,-113
1754053191.36046,-2,-2,-120
1754053191.39646,4,-2,-120
1754053191.4344602,5,0,-122
1754053191.47246,8,-2,-108
1754053191.51146,5,7,-118
1754053191.54746,-10,3,-106
1754053191.5854602,-6,-4,-118
1754053191.62346,0,-3,-120
1754053191.66246,-4,-4,-112
1754053191.7004602,-1,0,-118
1754053191.7364602,-3,8,-126
1754053191.77546,0,0,-117
1754053191.81346,3,-3,-113
1754053191.85146,2,0,-112
1754053191.88746,0,0,-111
1754053191.92546,-4,0,-117
1754053191.9634602,-1,4,-113
1754053192.00246,-4,0,-125
1754053192.03846,-4,1,-126
1754053192.0764601,-4,-1,-115
1754053192.11446,-6,-7,-119
1754053192.15246,1,-3,-122
1754053192.1914601,-3,1,-133
1754053192.2274601,-2,0,-123
1754053192.26546,-1,4,-109
1754053192.3034601,-5,-2,-123
1754053192.3424602,-5,1,-117
1754053192.3784602,3,-3,-114
1754053192.41646,9,-5,-121
1754053192.45546,3,0,-118
1754053192.4934602,-2,-4,-118
1754053192.5324602,-3,-4,-118
1754053192.56846,-1,0,-117
1754053192.60646,8,2,-109
1754053192.6454601,3,4,-121
1754053192.68246,5,1,-113
1754053192.72146,3,1,-114
1754053192.75746,4,-3,-109
1754053192.7964602,5,2,-109
1754053192.83346,0,0,-116
1754053192.8724601,2,-5,-119
1754053192.9084601,7,0,-119
1754053192.94546,-4,-1,-113
1754053192.9834602,-6,-3,-107
1754053193.02246,-3,0,-117
1754053193.05846,-2,0,-109
1754053193.0954602,0,2,-114
1754053193.13346,1,5,-112
1754053193.17246,3,5,-123
1754053193.20846,-5,0,-125
1754053193.24546,3,-6,-121
1754053193.2834601,2,0,-126
1754053193.3224602,-1,1,-114
1754053193.3584602,3,5,-118
1754053193.3954601,4,0,-103
1754053193.43346,1,-9,-100
1754053193.47246,1,0,-113
1754053193.50846,1,-2,-124
1754053193.5464602,0,-3,-106
1754053193.58446,-2,-2,-113
1754053193.62346,4,-3,-119
1754053193.6614602,-2,-4,-118
1754053193.6974602,0,-6,-114
1754053193.73546,-2,0,-112
1754053193.7734601,5,-4,-110
1754053193.8124602,4,-6,-118
1754053193.8484602,5,0,-130
1754053193.88646,3,2,-130
1754053193.9244602,3,-6,-116
1754053193.9634602,-3,0,-116
1754053194.00146,0,3,-105
1754053194.03746,5,3,-114
1754053194.07446,4,8,-105
1754053194.11346,1,3,-110
1754053194.14946,7,-4,-116
1754053194.1874602,6,5,-118
1754053194.22646,15,2,-124
1754053194.2634602,8,0,-118
1754053194.3024602,2,-3,-122
1754053194.3394601,0,-3,-107
1754053194.37646,5,-10,-121
1754053194.4144602,1,-10,-121
1754053194.45346,-5,-2,-119
1754053194.48946,-1,-4,-129
1754053194.52746,0,-2,-112
1754053194.5654602,-7,-5,-112
1754053194.60346,0,-2,-113
1754053194.64246,5,1,-111
1754053194.6784601,1,1,-115
1754053194.71546,-2,1,-120
1754053194.7534602,-7,-2,-118
1754053194.7924602,-4,1,-112
1754053194.82846,1,3,-118
1754053194.8654602,5,-1,-108
1754053194.90346,-2,-2,-112
1754053194.94246,0,3,-107
1754053194.97846,0,-3,-100
1754053195.01746,-2,-9,-105
1754053195.05446,-2,-4,-118
1754053195.09346,3,-3,-116
1754053195.12946,5,-2,-108
1754053195.1674602,-1,-5,-113
1754053195.20646,-4,-1,-117
1754053195.24446,-1,-4,-114
1754053195.2824602,-4,-1,-105
1754053195.31846,-6,2,-113
1754053195.35646,3,0,-124
1754053195.3944602,2,3,-115
1754053195.43346,2,0,-107
1754053195.46946,4,-5,-115
1754053195.50746,0,-6,-116
1754053195.54546,-2,0,-126
1754053195.58446,-4,0,-127
1754053195.6224601,-2,0,-109
1754053195.6584601,-2,-8,-103
1754053195.6974602,3,-6,-117
1754053195.73446,-1,-6,-107
1754053195.7734601,2,-3,-109
1754053195.8094602,0,-3,-109
1754053195.84746,2,-11,-112
1754053195.8854601,-3,-5,-119
1754053195.9244602,3,-5,-114
1754053195.96246,1,0,-103
1754053195.99846,2,0,-117
1754053196.03546,1,-5,-107
1754053196.07446,-1,-4,-119
1754053196.1124601,-3,-4,-116
1754053196.1484601,3,-6,-125
1754053196.18646,-3,2,-119
1754053196.2244601,-4,4,-108
1754053196.2634602,3,-3,-119
1754053196.2994602,0,-2,-122
1754053196.3384602,1,1,-121
1754053196.3754601,2,5,-118
1754053196.4144602,9,-2,-122
1754053196.4504602,4,-6,-114
1754053196.48846,10,-9,-119
1754053196.5264602,5,-2,-111
1754053196.56446,1,-8,-110
1754053196.60346,0,-3,-112
1754053196.63946,-6,-8,-112
1754053196.6774602,-5,1,-121
1754053196.71546,-3,-3,-110
1754053196.75446,-6,-8,-119
1754053196.79046,0,-3,-131
1754053196.82846,-3,-3,-122
1754053196.86646,4,4,-105
1754053196.9044602,3,0,-115
1754053196.94346,0,-4,-114
1754053196.97946,0,0,-111
1754053197.0164602,3,3,-122
1754053197.05546,-5,-1,-122
1754053197.09346,0,1,-120
1754053197.12946,-2,1,-124
1754053197.1674602,2,3,-120
1754053197.20546,2,0,-127
1754053197.24446,-2,-2,-113
1754053197.28146,0,0,-120
1754053197.31846,-5,-1,-116
1754053197.35646,-1,0,-114
1754053197.3954601,-7,0,-120
1754053197.43346,2,2,-113
1754053197.46946,2,0,-114
1754053197.5064602,0,0,-118
1754053197.54546,0,0,-110
1754053197.58346,0,5,-116
1754053197.61946,1,2,-108
1754053197.65646,2,4,-102
1754053197.69546,-1,-2,-110
1754053197.7334602,0,-4,-109
1754053197.7694602,7,4,-120
1754053197.8064601,4,2,-97
1754053197.8454602,0,-2,-123
1754053197.88346,0,2,-117
1754053197.91946,5,-7,-119
1754053197.9574602,0,0,-119
1754053197.9964602,-6,1,-114
1754053198.03446,0,-7,-119
1754053198.07046,0,0,-116
1754053198.10746,0,-2,-115
1754053198.1454601,0,1,-116
1754053198.1844602,4,-1,-129
1754053198.2204602,0,-3,-120
1754053198.25846,-1,0,-117
1754053198.2964602,0,-1,-118
1754053198.3354602,-3,2,-123
1754053198.3714602,3,0,-117
1754053198.40946,0,5,-118
1754053198.4474602,0,6,-118
1754053198.48546,2,-1,-111
1754053198.52446,-3,1,-122
1754053198.56046,0,-5,-116
1754053198.59746,8,-3,-117
1754053198.6354601,13,0,-111
1754053198.6744602,4,0,-116
1754053198.7104602,-2,0,-111
1754053198.74846,-1,-4,-116
1754053198.7864602,6,0,-109
1754053198.8254602,0,-3,-108
1754053198.8614602,-3,-5,-117
1754053198.89946,-4,-3,-108
1754053198.9374602,-1,-9,-103
1754053198.97546,-4,-3,-113
1754053199.01446,0,0,-109
1754053199.05046,4,-1,-110
1754053199.0884602,4,2,-123
1754053199.12746,-4,-4,-123
1754053199.16546,-2,-4,-128
1754053199.2014601,1,0,-121
1754053199.23846,-8,1,-119
1754053199.27746,-1,-3,-108
1754053199.3154602,1,-7,-123
1754053199.35146,0,-3,-125
1754053199.38946,-3,-1,-129
1754053199.4274602,-2,-4,-124
1754053199.46646,-6,-2,-121
1754053199.50446,-7,-4,-117
1754053199.54046,0,-1,-112
1754053199.57846,2,-4,-112
1754053199.61646,3,-4,-104
1754053199.6554601,1,1,-110
1754053199.6914601,1,10,-109
1754053199.72846,-4,0,-109
1754053199.7664602,7,0,-117
1754053199.80546,11,0,-124
1754053199.84146,2,4,-113
1754053199.8784602,3,6,-102
1754053199.91646,4,-6,-117
1754053199.95546,2,2,-113
1754053199.99146,7,2,-117
