time,x,y,z
1743494400.004656,55,76,204
1743494400.040656,17,-17,150
1743494400.075656,61,-11,72
1743494400.110656,-90,-22,68
1743494400.145656,23,-1,160
1743494400.181656,-38,-14,72
1743494400.217656,19,26,104
1743494400.252656,11,11,6
1743494400.288656,53,41,100
1743494400.323656,-34,-21,70
1743494400.3586562,-44,-49,88
1743494400.393656,51,5,194
1743494400.429656,22,-12,136
1743494400.465656,7,35,184
1743494400.500656,21,5,82
1743494400.536656,-38,33,116
1743494400.571656,-20,31,48
1743494400.606656,21,61,142
1743494400.6416562,33,-22,254
1743494400.677656,69,-94,156
1743494400.713656,9,77,142
1743494400.748656,55,-26,84
1743494400.784656,-20,-6,172
1743494400.819656,-2,-70,142
1743494400.854656,21,-18,160
1743494400.889656,19,57,90
1743494400.925656,-78,-8,134
1743494400.961656,53,-22,168
1743494400.996656,-34,77,32
1743494401.032656,85,0,48
1743494401.067656,81,-18,126
1743494401.102656,-20,55,148
1743494401.137656,-72,-12,146
1743494401.173656,-124,23,147
1743494401.209656,3,27,87
1743494401.244656,7,37,207
1743494401.280656,-76,57,159
1743494401.315656,85,41,181
1743494401.350656,0,-29,257
1743494401.385656,-8,-47,153
1743494401.421656,-10,-43,139
1743494401.457656,7,-37,193
1743494401.492656,59,-13,69
1743494401.528656,-75,13,67
1743494401.563656,7,-1,99
1743494401.598656,-22,30,131
1743494401.633656,-22,52,183
1743494401.669656,-8,-89,141
1743494401.705656,31,-61,179
1743494401.740656,101,-45,89
1743494401.7766562,-30,2,13
1743494401.811656,71,32,135
1743494401.846656,49,0,147
1743494401.8816562,44,34,117
1743494401.917656,-40,-67,185
1743494401.953656,-23,0,117
1743494401.988656,-63,-88,184
1743494402.024656,36,-15,76
1743494402.059656,-30,64,42
1743494402.094656,29,-39,52
1743494402.129656,-28,-7,84
1743494402.165656,3,4,188
1743494402.201656,-44,-56,188
1743494402.236656,-22,22,62
1743494402.272656,17,-40,104
1743494402.307656,-2,63,172
1743494402.342656,9,60,148
1743494402.377656,11,-68,206
1743494402.413656,-34,73,72
1743494402.449656,-8,67,198
1743494402.484656,-16,25,104
1743494402.520656,-34,45,46
1743494402.555656,46,-66,218
1743494402.590656,57,5,72
1743494402.625656,-69,-20,156
1743494402.661656,32,13,138
1743494402.6976562,14,29,162
1743494402.732656,20,-40,167
1743494402.768656,-23,-26,121
1743494402.803656,-53,23,81
1743494402.838656,0,7,110
1743494402.873656,109,81,205
1743494402.909656,47,5,178
1743494402.945656,-28,-48,56
1743494402.980656,-46,11,32
1743494403.0166562,58,-78,-4
1743494403.051656,15,69,103
1743494403.086656,59,0,153
1743494403.121656,-10,-42,149
1743494403.157656,47,43,147
1743494403.193656,-6,-40,119
1743494403.228656,14,-8,125
1743494403.264656,-15,-46,169
1743494403.2996562,82,31,73
1743494403.334656,-49,73,227
1743494403.369656,31,-14,215
1743494403.405656,-45,-40,33
1743494403.441656,14,-36,147
1743494403.476656,24,-23,217
1743494403.512656,-53,46,163
1743494403.547656,56,-75,101
1743494403.582656,0,28,164
1743494403.617656,9,86,170
1743494403.653656,25,-34,172
1743494403.689656,-29,15,166
1743494403.724656,51,45,124
1743494403.760656,34,-44,224
1743494403.795656,32,39,106
1743494403.830656,-58,-5,88
1743494403.865656,-69,5,140
1743494403.9016562,-41,-3,122
1743494403.9376562,-1,-3,150
1743494403.972656,70,-21,56
1743494404.008656,-31,-49,218
1743494404.043656,2,14,200
1743494404.078656,-33,-11,124
1743494404.113656,-23,26,44
1743494404.149656,-18,-38,226
1743494404.185656,-6,35,144
1743494404.2206562,-32,-36,122
1743494404.2566562,-37,-36,120
1743494404.291656,84,-8,136
1743494404.326656,36,-15,166
1743494404.361656,-26,-1,146
1743494404.397656,-40,2,134
1743494404.433656,45,-17,170
1743494404.468656,33,22,108
1743494404.504656,43,-43,42
1743494404.5396562,-58,26,132
1743494404.574656,-32,26,208
1743494404.609656,-8,-11,186
1743494404.645656,31,9,122
1743494404.681656,-78,53,166
1743494404.716656,23,5,142
1743494404.752656,-20,-33,214
1743494404.787656,-31,-24,202
1743494404.8226562,8,-80,146
1743494404.8586562,19,-49,16
1743494404.893656,-44,-12,114
1743494404.929656,-28,-67,88
1743494404.964656,-3,-22,126
1743494405.000656,14,23,130
1743494405.035656,-16,13,204
1743494405.070656,35,-7,192
1743494405.106656,-16,-11,32
1743494405.1416562,53,23,-1
1743494405.177656,-42,-88,135
1743494405.212656,17,-10,153
1743494405.248656,9,14,7
1743494405.283656,39,8,31
1743494405.318656,16,40,125
1743494405.354656,-3,-10,111
1743494405.389656,22,-22,111
1743494405.425656,83,30,241
1743494405.4606562,27,-83,161
1743494405.496656,-52,50,81
1743494405.531656,47,25,163
1743494405.566656,24,-11,143
1743494405.602656,-18,-73,277
1743494405.637656,-27,-112,83
1743494405.673656,28,-77,159
1743494405.708656,-45,4,231
1743494405.744656,-5,-31,301
1743494405.7796562,-75,-3,121
1743494405.814656,47,-15,165
1743494405.850656,83,-7,111
1743494405.885656,5,-5,189
1743494405.921656,-34,-17,169
1743494405.956656,3,5,105
1743494405.992656,65,-46,83
1743494406.027656,41,-18,161
1743494406.0626562,-38,-52,115
1743494406.098656,9,-6,149
1743494406.133656,53,-37,225
1743494406.169656,-42,-89,203
1743494406.204656,0,-33,161
1743494406.240656,45,22,145
1743494406.275656,35,-7,133
1743494406.310656,76,-67,231
1743494406.346656,9,51,88
1743494406.3816562,133,-52,-23
1743494406.417656,-38,30,129
1743494406.452656,-4,9,46
1743494406.488656,61,-8,112
1743494406.523656,-16,41,172
1743494406.558656,-46,9,112
1743494406.594656,-94,77,192
1743494406.629656,-16,-39,84
1743494406.665656,-76,10,196
1743494406.700656,-83,-17,52
1743494406.736656,-95,-13,74
1743494406.771656,-27,-12,182
1743494406.806656,-69,-25,182
1743494406.842656,58,7,124
1743494406.877656,4,51,234
1743494406.913656,78,-38,130
1743494406.948656,-45,-58,62
1743494406.984656,4,-76,122
1743494407.019656,-19,19,130
1743494407.054656,12,-3,86
1743494407.090656,-17,-15,152
1743494407.125656,76,72,144
1743494407.161656,-9,8,144
1743494407.196656,56,104,196
1743494407.232656,56,-35,124
1743494407.267656,-11,-21,180
1743494407.302656,-1,-67,86
1743494407.338656,-49,30,87
1743494407.373656,4,-81,142
1743494407.409656,24,-23,160
1743494407.444656,-13,22,212
1743494407.480656,25,22,230
1743494407.515656,-10,20,214
1743494407.550656,-11,-99,150
1743494407.586656,-1,28,-7
1743494407.621656,23,3,250
1743494407.657656,-5,-62,138
1743494407.692656,22,17,115
1743494407.728656,24,-18,217
1743494407.763656,-41,30,223
1743494407.798656,-21,23,45
1743494407.834656,-79,-9,133
1743494407.869656,26,-7,33
1743494407.905656,-11,6,181
1743494407.940656,-47,60,151
1743494407.976656,-15,-55,-28
1743494408.011656,-49,-48,197
1743494408.046656,-53,-22,139
1743494408.082656,30,5,69
1743494408.117656,-39,-28,141
1743494408.153656,-51,-4,91
1743494408.188656,-48,27,167
1743494408.224656,59,85,179
1743494408.259656,-30,-14,203
1743494408.294656,0,7,159
1743494408.330656,1,-22,175
1743494408.365656,15,-17,175
1743494408.4016562,-46,52,113
1743494408.436656,35,-99,81
1743494408.472656,-14,34,89
1743494408.508656,51,10,33
1743494408.543656,29,-71,103
1743494408.578656,-31,50,113
1743494408.614656,-54,-9,129
1743494408.650656,22,-35,121
1743494408.685656,1,-3,89
1743494408.721656,-34,18,68
1743494408.7566562,-64,42,150
1743494408.791656,91,-13,102
1743494408.826656,-28,66,142
1743494408.862656,-2,4,182
1743494408.898656,-26,-29,82
1743494408.933656,-63,24,191
1743494408.969656,1,35,105
1743494409.004656,-8,-4,-4
1743494409.0396562,-46,21,123
1743494409.074656,-50,23,99
1743494409.110656,-8,-22,117
1743494409.153656,-8,83,137
1743494409.189656,-40,23,165
1743494409.225656,33,59,57
1743494409.260656,-22,-2,91
1743494409.295656,59,-11,189
1743494409.330656,3,34,39
1743494409.366656,-88,48,51
1743494409.402656,-18,-31,187
1743494409.4376562,-48,-32,-30
1743494409.473656,-18,-14,93
1743494409.508656,23,-14,163
1743494409.543656,-12,43,141
1743494409.578656,-80,53,79
1743494409.614656,-66,3,149
1743494409.650656,-40,-34,77
1743494409.685656,-2,79,71
1743494409.721656,8,20,123
1743494409.7566562,-36,23,79
1743494409.791656,-86,47,41
1743494409.826656,33,45,171
1743494409.862656,37,5,173
1743494409.898656,-62,3,47
1743494409.933656,31,37,169
1743494409.969656,3,-20,91
1743494410.004656,45,117,85
1743494410.0396562,25,59,169
1743494410.074656,-36,143,53
1743494410.110656,-62,-10,141
1743494410.146656,-16,-80,151
1743494410.181656,39,51,39
1743494410.217656,-18,-46,215
1743494410.252656,-54,-68,27
1743494410.287656,14,-6,147
1743494410.3226562,47,33,49
1743494410.3586562,1,-56,271
1743494410.394656,7,5,87
1743494410.429656,-38,-36,217
1743494410.465656,-22,3,73
1743494410.500656,87,-44,69
1743494410.535656,17,-46,165
1743494410.570656,0,-36,135
1743494410.606656,-41,51,143
1743494410.642656,85,23,177
1743494410.677656,51,-1,207
1743494410.713656,-24,-81,95
1743494410.748656,-104,98,169
1743494410.783656,-26,85,122
1743494410.818656,-23,33,107
1743494410.854656,-36,-40,140
1743494410.890656,13,95,142
1743494410.925656,-22,-68,116
1743494410.961656,-42,15,134
1743494410.996656,0,-8,50
1743494411.031656,-76,56,156
1743494411.066656,-48,-37,184
1743494411.102656,-20,-21,182
1743494411.138656,-32,-11,44
1743494411.173656,21,-38,60
1743494411.209656,-4,-56,110
1743494411.244656,35,-70,200
1743494411.2796562,11,-60,96
1743494411.314656,57,42,60
1743494411.350656,-4,38,142
1743494411.386656,3,25,182
1743494411.421656,87,-20,154
1743494411.457656,77,-26,74
1743494411.492656,35,27,152
1743494411.527656,9,1,140
1743494411.5626562,-30,49,46
1743494411.598656,7,-87,74
1743494411.634656,11,62,46
1743494411.669656,63,32,132
1743494411.705656,77,3,158
1743494411.740656,59,-31,160
1743494411.775656,15,-11,73
1743494411.810656,50,-21,35
1743494411.846656,0,-33,143
1743494411.882656,12,28,1
1743494411.917656,6,8,83
1743494411.953656,28,-13,97
1743494411.988656,40,68,191
1743494412.023656,2,6,117
1743494412.058656,-2,52,141
1743494412.094656,-68,22,113
1743494412.130656,-48,0,125
1743494412.165656,34,50,25
1743494412.201656,-55,-73,17
1743494412.236656,-43,-3,47
1743494412.271656,29,4,149
1743494412.306656,-27,2,83
1743494412.342656,2,-11,95
1743494412.378656,-65,44,227
1743494412.413656,28,-17,147
1743494412.449656,-71,40,161
1743494412.484656,-12,-47,109
1743494412.519656,-36,-39,99
1743494412.554656,-64,-43,93
1743494412.590656,-46,78,203
1743494412.626656,33,23,103
1743494412.661656,-36,24,67
1743494412.6976562,11,-25,59
1743494412.732656,-16,-27,141
1743494412.767656,-40,-82,163
1743494412.802656,59,-90,83
1743494412.838656,19,39,79
1743494412.874656,9,131,103
1743494412.909656,-25,31,-2
1743494412.945656,-9,47,-56
1743494412.980656,28,49,181
1743494413.015656,-5,55,203
1743494413.050656,0,-32,239
1743494413.086656,36,-20,263
1743494413.122656,54,-12,251
1743494413.157656,84,51,151
1743494413.193656,-15,-36,93
1743494413.228656,28,5,149
1743494413.263656,36,27,41
1743494413.298656,2,-84,175
1743494413.334656,20,57,113
1743494413.370656,92,5,51
1743494413.405656,52,37,117
1743494413.441656,44,-22,177
1743494413.476656,5,27,65
1743494413.511656,81,-8,79
1743494413.546656,-36,7,67
1743494413.582656,-22,-24,101
1743494413.6186562,60,-24,33
1743494413.653656,39,33,73
1743494413.689656,-9,9,191
1743494413.724656,-47,31,132
1743494413.759656,-7,7,204
1743494413.794656,-51,3,172
1743494413.830656,53,49,42
1743494413.866656,9,-2,182
1743494413.9016562,0,19,200
1743494413.9376562,-26,27,156
1743494413.972656,29,-40,164
1743494414.007656,79,55,214
1743494414.042656,17,-72,40
1743494414.078656,77,-24,166
1743494414.114656,-30,73,104
1743494414.149656,29,-26,130
1743494414.185656,-82,17,156
1743494414.2206562,-76,-3,179
1743494414.255656,49,33,11
1743494414.291656,13,-24,65
1743494414.326656,-50,15,125
1743494414.362656,-40,-31,129
1743494414.397656,41,-27,186
1743494414.433656,31,-65,186
1743494414.468656,-6,-7,120
1743494414.503656,35,46,128
1743494414.5396562,-80,10,170
1743494414.574656,-23,34,38
1743494414.610656,-38,8,162
1743494414.645656,21,8,142
1743494414.681656,-136,-15,124
1743494414.716656,105,-5,90
1743494414.751656,0,58,66
1743494414.787656,19,60,142
1743494414.8226562,-20,-7,200
1743494414.8586562,42,26,180
1743494414.893656,-11,2,138
1743494414.929656,-13,10,85
1743494414.964656,-23,-11,101
1743494414.999656,78,-109,51
1743494415.035656,47,0,129
1743494415.070656,41,24,179
1743494415.106656,51,26,187
1743494415.1416562,-83,2,137
1743494415.177656,67,28,141
1743494415.212656,-30,20,217
1743494415.247656,109,8,147
1743494415.283656,-36,-11,61
1743494415.318656,-52,12,191
1743494415.354656,43,16,149
1743494415.389656,9,-23,161
1743494415.425656,-40,26,263
1743494415.4606562,35,62,203
1743494415.495656,-88,60,77
1743494415.531656,35,23,197
1743494415.566656,-36,7,183
1743494415.602656,17,-74,129
1743494415.637656,-6,-14,43
1743494415.673656,-27,45,125
1743494415.708656,-7,20,17
1743494415.7436562,-99,-29,55
1743494415.7796562,-67,68,201
1743494415.814656,17,35,67
1743494415.850656,20,-100,55
1743494415.885656,2,13,157
1743494415.921656,32,-109,107
1743494415.956656,-13,-10,41
1743494415.991656,-31,48,21
1743494416.027656,5,-45,55
1743494416.0626562,-8,-12,95
1743494416.098656,-38,62,99
1743494416.133656,33,-43,131
1743494416.169656,57,-2,137
1743494416.204656,25,-10,67
1743494416.239656,-34,0,35
1743494416.275656,15,25,113
1743494416.310656,-70,27,183
1743494416.346656,-61,77,181
1743494416.3816562,23,-32,76
1743494416.417656,-14,0,73
1743494416.452656,29,-4,236
1743494416.487656,-22,27,217
1743494416.523656,37,17,8
1743494416.558656,13,65,142
1743494416.594656,0,-42,123
1743494416.629656,27,59,84
1743494416.665656,3,43,118
1743494416.700656,115,13,68
1743494416.735656,-78,-2,180
1743494416.771656,1,-10,210
1743494416.806656,-5,5,84
1743494416.842656,-24,-38,64
1743494416.877656,22,-26,152
1743494416.913656,88,-84,170
1743494416.948656,40,-34,96
1743494416.9836562,10,41,130
1743494417.019656,-27,51,116
1743494417.054656,32,15,52
1743494417.090656,-13,-62,78
1743494417.125656,42,-4,86
1743494417.161656,42,3,188
1743494417.196656,-7,-12,105
1743494417.231656,12,-68,1
1743494417.267656,54,-28,77
1743494417.302656,52,45,189
1743494417.338656,22,-14,63
1743494417.373656,-35,-34,175
1743494417.409656,64,0,217
1743494417.444656,-13,11,79
1743494417.479656,-35,-90,69
1743494417.515656,-51,-28,47
1743494417.550656,-7,25,199
1743494417.586656,98,1,15
1743494417.621656,-27,-20,155
1743494417.657656,96,15,37
1743494417.692656,-83,63,77
1743494417.727656,-43,-24,111
1743494417.763656,38,-74,159
1743494417.798656,54,-54,91
1743494417.834656,-61,-10,285
1743494417.869656,-11,-48,53
1743494417.905656,12,7,175
1743494417.941656,-7,-36,123
1743494417.977656,-38,79,115
1743494418.012656,-13,8,47
1743494418.047656,-49,-13,159
1743494418.083656,-18,-2,155
1743494418.1186562,-14,-42,152
1743494418.1546562,-16,-3,130
1743494418.189656,-27,-45,180
1743494418.224656,-72,-18,92
1743494418.259656,49,3,216
1743494418.295656,-62,5,104
1743494418.331656,31,-19,142
1743494418.366656,4,-24,186
1743494418.402656,-61,67,126
1743494418.4376562,31,-32,68
1743494418.472656,7,-52,112
1743494418.507656,-72,-10,268
1743494418.543656,4,-8,158
1743494418.579656,-25,-52,152
1743494418.614656,-47,-34,196
1743494418.650656,12,-6,158
1743494418.685656,14,-42,132
1743494418.7206562,19,75,12
1743494418.755656,-12,67,24
1743494418.791656,16,0,138
1743494418.827656,69,17,88
1743494418.862656,-65,-22,54
1743494418.898656,-105,62,156
1743494418.933656,-39,-48,166
1743494418.968656,-57,16,74
1743494419.003656,32,-18,206
1743494419.0396562,61,2,120
1743494419.075656,-10,-27,214
1743494419.110656,59,-16,94
1743494419.146656,-80,-12,106
1743494419.188656,51,-50,155
1743494419.224656,-90,-19,121
1743494419.259656,90,10,183
1743494419.295656,10,9,197
1743494419.331656,12,61,189
1743494419.366656,50,17,109
1743494419.402656,4,-10,117
1743494419.4376562,-21,11,153
1743494419.472656,90,59,63
1743494419.507656,-21,42,251
1743494419.543656,-11,14,155
1743494419.579656,-55,6,231
1743494419.614656,24,13,157
1743494419.650656,-19,-25,207
1743494419.685656,8,38,121
1743494419.7206562,-47,-10,175
1743494419.755656,-71,-138,123
1743494419.791656,38,-30,95
1743494419.827656,50,-62,71
1743494419.862656,-89,-10,99
1743494419.898656,42,-66,169
1743494419.933656,-49,-44,169
1743494419.968656,91,-10,77
1743494420.003656,8,53,151
1743494420.0396562,-4,-10,149
1743494420.075656,0,35,173
1743494420.110656,-22,-72,261
1743494420.146656,-50,33,179
1743494420.181656,0,-72,129
1743494420.216656,30,-76,233
1743494420.251656,53,0,101
1743494420.287656,45,-26,155
1743494420.323656,17,-58,153
1743494420.3586562,19,29,73
1743494420.394656,7,-20,125
1743494420.429656,-41,-28,43
1743494420.464656,28,0,73
1743494420.499656,-14,81,43
1743494420.535656,-32,7,121
1743494420.571656,-40,15,191
1743494420.606656,-68,-12,227
1743494420.642656,-32,21,177
1743494420.677656,5,61,83
1743494420.712656,31,-10,143
1743494420.747656,10,-36,75
1743494420.783656,-37,5,177
1743494420.819656,-44,11,225
1743494420.854656,-5,-30,29
1743494420.890656,11,47,29
1743494420.925656,-30,-38,205
1743494420.9606562,67,-24,77
1743494420.995656,-88,-2,83
1743494421.031656,15,20,89
1743494421.067656,-44,90,209
1743494421.102656,44,-12,113
1743494421.138656,22,73,129
1743494421.173656,16,-42,199
1743494421.208656,-45,0,135
1743494421.2436562,28,-94,67
1743494421.2796562,26,-40,85
1743494421.315656,-51,-46,-26
1743494421.350656,24,8,95
1743494421.386656,-55,-29,135
1743494421.421656,-47,-20,139
1743494421.456656,16,-42,37
1743494421.491656,30,-24,135
1743494421.527656,24,-36,141
1743494421.563656,40,-46,167
1743494421.598656,-47,17,75
1743494421.634656,40,3,265
1743494421.669656,12,9,155
1743494421.704656,-7,-14,205
1743494421.739656,-63,-128,103
1743494421.775656,20,9,161
1743494421.811656,-27,29,185
1743494421.846656,-19,-68,115
1743494421.882656,-9,-50,27
1743494421.917656,2,-16,227
1743494421.952656,-75,13,27
1743494421.987656,-15,-49,149
1743494422.023656,-61,42,99
1743494422.059656,-70,-33,157
1743494422.094656,-6,12,95
1743494422.130656,83,50,159
1743494422.165656,33,-27,195
1743494422.200656,-20,42,125
1743494422.235656,-52,33,107
1743494422.271656,-48,-20,189
1743494422.307656,-20,-44,89
1743494422.342656,69,-8,289
1743494422.378656,31,-4,113
1743494422.413656,-30,17,149
1743494422.448656,-27,-32,145
1743494422.4836562,-79,-16,199
1743494422.519656,-21,11,105
1743494422.555656,14,-29,123
1743494422.590656,-107,156,103
1743494422.626656,70,-99,259
1743494422.661656,4,-17,129
1743494422.696656,-47,-5,173
1743494422.731656,2,-32,51
1743494422.767656,28,-14,179
1743494422.803656,90,-28,267
1743494422.838656,-3,-26,207
1743494422.874656,-11,7,203
1743494422.909656,-11,9,167
1743494422.944656,-47,43,123
1743494422.979656,58,-1,73
1743494423.015656,13,48,85
1743494423.051656,11,-65,93
1743494423.086656,-1,-3,155
1743494423.122656,10,-21,13
1743494423.157656,-27,64,171
1743494423.192656,14,-19,37
1743494423.227656,-4,52,211
1743494423.263656,12,26,109
1743494423.2996562,-78,38,119
1743494423.334656,-98,-32,129
1743494423.370656,-68,-59,155
1743494423.405656,-8,0,141
1743494423.440656,13,-23,79
1743494423.475656,-26,62,165
1743494423.511656,93,-45,95
1743494423.547656,-54,-55,184
1743494423.582656,-6,8,136
1743494423.6186562,-30,4,128
1743494423.653656,-58,18,122
1743494423.688656,17,52,268
1743494423.723656,26,18,-3
1743494423.759656,-9,18,240
1743494423.795656,-19,1,124
1743494423.830656,-5,-31,154
1743494423.866656,-45,29,176
1743494423.9016562,40,-6,112
1743494423.936656,77,59,68
1743494423.972656,0,-106,118
1743494424.007656,-16,-48,102
1743494424.043656,-50,1,92
1743494424.078656,25,-22,80
1743494424.114656,49,-52,30
1743494424.149656,43,-18,102
1743494424.184656,27,-13,86
1743494424.2206562,-46,-41,104
1743494424.255656,-66,-25,216
1743494424.291656,38,-29,242
1743494424.326656,28,22,80
1743494424.362656,48,83,97
1743494424.397656,-21,-11,96
1743494424.432656,-1,8,48
1743494424.468656,-33,-21,58
1743494424.503656,-65,-51,218
1743494424.5396562,30,10,148
1743494424.574656,20,48,222
1743494424.610656,54,-31,200
1743494424.645656,6,-59,130
1743494424.680656,18,0,174
1743494424.716656,-3,28,72
1743494424.751656,-10,-25,104
1743494424.787656,-28,34,90
1743494424.8226562,35,-21,156
1743494424.8586562,-120,2,52
1743494424.893656,21,-21,241
1743494424.928656,-58,42,229
1743494424.964656,-6,-55,48
1743494424.999656,21,26,24
1743494425.035656,37,-11,74
1743494425.070656,71,8,142
1743494425.106656,16,48,116
1743494425.1416562,-62,15,208
1743494425.176656,23,38,136
1743494425.212656,22,19,102
1743494425.247656,-12,-70,140
1743494425.283656,-52,0,72
1743494425.318656,-40,-39,46
1743494425.354656,45,-23,60
1743494425.389656,63,8,110
1743494425.4246562,9,-9,108
1743494425.4606562,29,-13,172
1743494425.495656,-48,89,164
1743494425.531656,-40,39,140
1743494425.566656,-10,-3,216
1743494425.602656,-44,-7,44
1743494425.637656,13,-1,178
1743494425.672656,-96,10,112
1743494425.708656,-6,-53,295
1743494425.7436562,55,26,132
1743494425.7796562,-14,12,249
1743494425.814656,61,-49,151
1743494425.850656,5,-117,298
1743494425.885656,-4,28,194
1743494425.920656,47,4,260
1743494425.956656,-52,-35,176
1743494425.991656,-82,20,99
1743494426.027656,89,28,11
1743494426.0626562,-30,-21,187
1743494426.098656,-52,-19,144
1743494426.133656,1,18,83
1743494426.168656,-78,-17,221
1743494426.204656,-20,28,85
1743494426.239656,-16,46,195
1743494426.275656,39,6,95
1743494426.310656,75,4,149
1743494426.346656,-56,-57,83
1743494426.3816562,0,-17,279
1743494426.416656,107,-93,159
1743494426.452656,7,32,111
1743494426.487656,11,-17,229
1743494426.523656,-28,21,137
1743494426.558656,-8,123,243
1743494426.594656,-48,-12,173
1743494426.629656,1,-74,247
1743494426.6646562,-32,25,67
1743494426.700656,83,49,151
1743494426.735656,11,57,47
1743494426.771656,39,59,133
1743494426.806656,10,-127,185
1743494426.842656,-73,14,231
1743494426.877656,-43,48,59
1743494426.912656,58,38,117
1743494426.948656,57,8,117
1743494426.9836562,-56,-8,195
1743494427.019656,-12,-2,103
1743494427.054656,59,3,175
1743494427.090656,58,-30,75
1743494427.125656,-89,-74,237
1743494427.160656,-26,3,169
1743494427.196656,29,21,75
1743494427.231656,31,-48,155
1743494427.267656,23,27,57
1743494427.302656,55,-36,65
1743494427.338656,-30,95,-2
1743494427.374656,19,23,169
1743494427.409656,-82,71,175
1743494427.444656,13,3,277
1743494427.480656,27,-30,139
1743494427.5166562,-34,-12,183
1743494427.551656,3,-80,125
1743494427.587656,-52,53,205
1743494427.622656,5,-70,199
1743494427.657656,-34,9,117
1743494427.692656,23,-54,265
1743494427.728656,-4,-4,99
1743494427.764656,29,-6,115
1743494427.7996562,42,49,181
1743494427.8356562,-16,1,97
1743494427.870656,-6,21,241
1743494427.905656,-16,-10,39
1743494427.940656,-62,-54,157
1743494427.976656,21,-18,101
1743494428.012656,79,65,87
1743494428.047656,0,3,187
1743494428.083656,-114,-54,127
1743494428.1186562,-26,57,139
1743494428.153656,107,-60,195
1743494428.188656,3,17,205
1743494428.224656,-49,-104,155
1743494428.260656,24,-2,179
1743494428.295656,-3,-8,19
1743494428.331656,-5,46,239
1743494428.366656,-29,-7,229
1743494428.4016562,-55,0,225
1743494428.436656,-1,25,151
1743494428.472656,-33,25,155
1743494428.508656,-1,1,73
1743494428.543656,18,-4,75
1743494428.579656,-107,-14,87
1743494428.614656,50,-20,123
1743494428.649656,61,2,103
1743494428.684656,41,34,161
1743494428.7206562,-68,16,84
1743494428.7566562,3,-19,150
1743494428.791656,-1,33,135
1743494428.827656,-39,-6,31
1743494428.862656,-125,22,215
1743494428.897656,26,-15,145
1743494428.932656,22,0,255
1743494428.968656,-85,2,50
1743494429.004656,-3,26,58
1743494429.0396562,-37,-13,86
1743494429.075656,36,-3,139
1743494429.110656,16,-29,117
1743494429.145656,-65,-5,35
1743494429.180656,-68,-1,65
1743494429.222656,20,-45,162
1743494429.259656,-27,-59,128
1743494429.294656,-17,118,70
1743494429.329656,46,-47,50
1743494429.364656,12,-21,168
1743494429.400656,14,20,67
1743494429.436656,46,14,148
1743494429.471656,-41,2,147
1743494429.507656,23,-1,159
1743494429.542656,-28,-26,295
1743494429.577656,-76,-40,32
1743494429.612656,11,0,102
1743494429.648656,27,-14,154
1743494429.684656,-11,-56,108
1743494429.719656,-21,59,130
1743494429.755656,22,65,102
1743494429.790656,-63,-2,206
1743494429.825656,-121,-36,38
1743494429.860656,-7,103,94
1743494429.896656,9,-76,166
1743494429.932656,3,-50,16
1743494429.967656,41,53,62
1743494430.003656,59,-38,104
1743494430.038656,-20,8,168
1743494430.073656,33,-22,54
1743494430.1086562,-30,95,168
1743494430.144656,9,74,214
1743494430.180656,-2,-21,152
1743494430.215656,2,102,161
1743494430.251656,-37,-67,193
1743494430.286656,22,22,43
1743494430.321656,-9,48,113
1743494430.356656,68,-51,67
1743494430.392656,-43,-38,207
1743494430.428656,-57,14,203
1743494430.463656,2,-6,83
1743494430.499656,-25,34,193
1743494430.534656,-31,-21,203
1743494430.569656,-47,78,235
1743494430.604656,2,-23,343
1743494430.640656,-71,-43,171
1743494430.676656,6,-19,13
1743494430.711656,29,-41,195
1743494430.747656,55,57,137
1743494430.782656,-26,5,107
1743494430.817656,-37,-2,31
1743494430.852656,-66,-6,285
1743494430.888656,-36,-26,145
1743494430.9246562,-17,25,71
1743494430.959656,-62,-98,127
1743494430.995656,0,-125,194
1743494431.030656,60,4,116
1743494431.065656,-5,3,73
1743494431.100656,-99,7,194
1743494431.136656,-17,28,92
1743494431.172656,0,2,145
1743494431.207656,44,-29,98
1743494431.2436562,-21,22,87
1743494431.278656,62,24,78
1743494431.313656,4,-50,94
1743494431.348656,-101,-22,174
1743494431.384656,-36,-82,184
1743494431.420656,-37,-2,178
1743494431.455656,-1,-36,132
1743494431.491656,-21,1,116
1743494431.5266562,-1,-8,96
1743494431.561656,38,-26,172
1743494431.596656,-29,29,126
1743494431.632656,-55,-18,112
1743494431.668656,-46,-38,152
1743494431.703656,12,5,108
1743494431.739656,92,-54,140
1743494431.774656,57,17,82
1743494431.809656,40,-50,12
1743494431.844656,4,7,226
1743494431.880656,-9,3,238
1743494431.916656,-37,-32,-51
1743494431.951656,-102,-12,164
1743494431.987656,15,57,222
1743494432.022656,-8,53,94
1743494432.057656,29,5,72
1743494432.092656,59,23,90
1743494432.128656,-64,21,114
1743494432.1646562,-36,-33,70
1743494432.199656,-24,44,240
1743494432.235656,-6,8,134
1743494432.270656,-44,-47,166
1743494432.305656,-60,-15,46
1743494432.340656,77,-27,106
1743494432.376656,35,-59,192
1743494432.412656,-14,88,120
1743494432.4476562,21,-27,132
1743494432.4836562,-18,50,40
1743494432.518656,-12,-58,64
1743494432.553656,69,-54,92
1743494432.588656,27,-46,228
1743494432.624656,7,49,153
1743494432.660656,-26,17,19
1743494432.695656,47,40,123
1743494432.731656,109,32,102
1743494432.7666562,8,10,163
1743494432.801656,50,26,132
1743494432.837656,34,-55,120
1743494432.872656,13,-10,26
1743494432.908656,19,7,160
1743494432.943656,-6,17,148
1743494432.979656,55,0,218
1743494433.014656,11,-28,172
1743494433.0496562,-13,17,138
1743494433.084656,-21,-18,170
1743494433.120656,46,-80,120
1743494433.156656,16,-4,162
1743494433.191656,-2,57,108
1743494433.227656,60,17,174
1743494433.262656,-23,-18,128
1743494433.297656,-15,3,160
1743494433.332656,40,-16,94
1743494433.3686562,-19,0,138
1743494433.4046562,-17,51,198
1743494433.439656,2,-8,104
1743494433.475656,-11,-2,212
1743494433.510656,152,-16,146
1743494433.545656,2,-20,174
1743494433.581656,-39,29,120
1743494433.616656,-31,0,70
1743494433.652656,-33,27,84
1743494433.6876562,-35,21,56
1743494433.723656,2,-42,122
1743494433.758656,50,-60,156
1743494433.793656,6,-66,148
1743494433.829656,-49,17,130
1743494433.864656,-4,47,28
1743494433.900656,-28,-68,114
1743494433.935656,-36,-56,194
1743494433.971656,-19,-24,68
1743494434.0066562,18,47,132
1743494434.041656,-3,17,154
1743494434.077656,-23,-39,178
1743494434.112656,-41,-29,150
1743494434.148656,57,23,42
1743494434.183656,26,44,232
1743494434.219656,56,-42,94
1743494434.254656,31,-49,124
1743494434.2896562,37,2,86
1743494434.325656,-56,56,74
1743494434.360656,36,-14,178
1743494434.396656,6,-2,64
1743494434.431656,6,13,109
1743494434.467656,70,-6,90
1743494434.502656,66,23,180
1743494434.537656,16,-14,132
1743494434.573656,-35,-44,137
1743494434.6086562,-35,-2,53
1743494434.644656,-7,-15,99
1743494434.679656,-15,-33,107
1743494434.715656,42,-105,75
1743494434.750656,56,56,91
1743494434.785656,5,60,185
1743494434.821656,100,1,227
1743494434.856656,-47,41,135
1743494434.892656,24,-60,23
1743494434.927656,-6,9,165
1743494434.963656,-81,1,177
1743494434.998656,-75,15,181
1743494435.033656,-21,-16,143
1743494435.069656,16,15,117
1743494435.104656,-23,37,131
1743494435.140656,19,61,171
1743494435.175656,-42,25,119
1743494435.211656,-12,53,41
1743494435.246656,-4,27,55
1743494435.281656,14,41,99
1743494435.317656,73,20,99
1743494435.352656,1,-23,201
1743494435.388656,-6,-14,107
1743494435.423656,-104,-20,243
1743494435.459656,-34,-30,239
1743494435.494656,-24,-29,53
1743494435.5296562,-80,-35,91
1743494435.565656,23,-49,95
1743494435.600656,25,20,181
1743494435.636656,-35,26,217
1743494435.671656,-55,-5,81
1743494435.707656,23,92,143
1743494435.742656,11,4,65
1743494435.777656,12,58,221
1743494435.813656,-79,-3,77
1743494435.848656,23,0,167
1743494435.884656,-22,4,7
1743494435.919656,5,64,5
1743494435.955656,21,-25,119
1743494435.990656,-76,-5,117
1743494436.025656,-100,-3,133
1743494436.061656,3,-49,65
1743494436.096656,23,-59,203
1743494436.132656,57,16,71
1743494436.167656,-30,-49,157
1743494436.203656,27,-69,81
1743494436.238656,-45,-20,113
1743494436.273656,-1,-76,91
1743494436.309656,37,-5,205
1743494436.344656,-26,-15,93
1743494436.380656,47,-67,67
1743494436.415656,-46,-29,83
1743494436.451656,59,-7,62
1743494436.486656,52,-20,187
1743494436.521656,-58,-3,92
1743494436.557656,25,-83,106
1743494436.592656,15,-107,192
1743494436.628656,50,9,198
1743494436.663656,8,-22,176
1743494436.699656,20,-42,100
1743494436.734656,22,-60,212
1743494436.769656,40,0,172
1743494436.805656,-99,29,220
1743494436.840656,28,-32,244
1743494436.876656,-9,-34,142
1743494436.911656,32,-16,172
1743494436.9476562,-19,-22,224
1743494436.9836562,-25,-42,66
1743494437.019656,-25,-37,132
1743494437.055656,5,48,172
1743494437.090656,-37,10,74
1743494437.125656,18,17,104
1743494437.161656,-56,-31,188
1743494437.1976562,40,4,76
1743494437.232656,91,12,190
1743494437.268656,31,42,-7
1743494437.303656,-6,-55,182
1743494437.338656,0,-59,138
1743494437.373656,30,-36,106
1743494437.409656,-14,40,114
1743494437.445656,5,-85,296
1743494437.480656,115,-45,142
1743494437.5166562,23,-43,100
1743494437.551656,-25,28,214
1743494437.586656,-57,-30,166
1743494437.621656,98,-8,56
1743494437.657656,4,-30,98
1743494437.693656,12,-30,176
1743494437.728656,-39,5,268
1743494437.764656,-47,-2,62
1743494437.7996562,-9,-21,30
1743494437.834656,-13,-25,88
1743494437.869656,-45,-65,124
1743494437.905656,-49,20,218
1743494437.941656,54,15,44
1743494437.976656,-19,4,62
1743494438.012656,25,16,222
1743494438.047656,19,-51,150
1743494438.082656,13,27,118
1743494438.117656,43,-6,192
1743494438.153656,-7,8,76
1743494438.189656,44,-15,164
1743494438.224656,-77,16,70
1743494438.260656,-84,35,118
1743494438.295656,-36,-12,220
1743494438.330656,71,47,126
1743494438.365656,-60,27,162
1743494438.4016562,-40,-16,244
1743494438.4376562,37,12,120
1743494438.472656,-40,20,90
1743494438.508656,107,14,202
1743494438.543656,39,2,66
1743494438.578656,-48,-13,256
1743494438.613656,-13,61,50
1743494438.649656,1,-15,264
1743494438.685656,-36,-59,124
1743494438.7206562,11,-54,172
1743494438.7566562,51,-4,146
1743494438.791656,4,21,72
1743494438.826656,24,1,52
1743494438.861656,-9,4,226
1743494438.897656,-27,-45,-37
1743494438.933656,82,50,242
1743494438.968656,-1,-57,72
1743494439.004656,28,-69,112
1743494439.0396562,82,-11,152
1743494439.074656,-12,52,98
1743494439.109656,14,52,230
1743494439.145656,48,-49,46
1743494439.181656,-15,64,192
1743494439.223656,10,27,136
1743494439.260656,-8,25,192
1743494439.295656,49,98,76
1743494439.330656,89,18,146
1743494439.365656,51,57,118
1743494439.4016562,1,47,72
1743494439.4376562,17,17,82
1743494439.472656,-7,-15,30
1743494439.508656,-13,-45,102
1743494439.543656,-31,34,16
1743494439.578656,-33,46,52
1743494439.613656,-9,-41,204
1743494439.649656,114,62,68
1743494439.685656,51,-23,243
1743494439.7206562,64,73,125
1743494439.7566562,11,-16,167
1743494439.791656,59,-4,83
1743494439.826656,-46,29,123
1743494439.861656,35,21,153
1743494439.897656,-26,1,58
1743494439.933656,19,-20,281
1743494439.968656,63,0,139
1743494440.004656,59,-92,133
1743494440.0396562,-9,0,162
1743494440.074656,22,-3,100
1743494440.109656,24,-35,173
1743494440.145656,30,-22,233
1743494440.181656,-67,-22,181
1743494440.216656,18,12,191
1743494440.252656,-9,7,31
1743494440.287656,-11,83,201
1743494440.3226562,90,-20,283
1743494440.357656,2,-56,207
1743494440.393656,28,-22,135
1743494440.429656,20,17,113
1743494440.464656,66,-2,83
1743494440.500656,-45,-2,207
1743494440.535656,-11,-36,183
1743494440.570656,4,29,169
1743494440.605656,4,-70,41
1743494440.6416562,28,-6,47
1743494440.677656,2,-49,191
1743494440.712656,30,-59,166
1743494440.748656,-15,-31,90
1743494440.783656,-5,0,98
1743494440.818656,26,-51,58
1743494440.853656,8,-39,128
1743494440.889656,-17,-81,158
1743494440.925656,52,-17,166
1743494440.9606562,16,-7,58
1743494440.996656,34,-55,96
1743494441.031656,-7,-5,52
1743494441.066656,0,-93,164
1743494441.101656,32,12,142
1743494441.137656,0,-95,-83
1743494441.173656,-35,-39,220
1743494441.208656,-33,24,250
1743494441.244656,-69,-23,22
1743494441.2796562,-13,28,92
1743494441.314656,-11,-3,32
1743494441.349656,-39,-49,64
1743494441.385656,-1,-11,206
1743494441.421656,0,-7,174
1743494441.456656,52,-7,110
1743494441.492656,-55,60,102
1743494441.527656,56,20,106
1743494441.5626562,-51,-73,92
1743494441.597656,16,-7,178
1743494441.633656,32,-19,142
1743494441.669656,68,56,184
1743494441.704656,36,-21,52
1743494441.740656,4,2,192
1743494441.775656,2,-71,46
1743494441.810656,2,19,182
1743494441.8456562,-33,43,108
1743494441.8816562,-65,-48,90
1743494441.917656,24,-22,84
1743494441.952656,20,-63,88
1743494441.988656,-45,30,138
1743494442.023656,-43,1,262
1743494442.058656,33,-2,264
1743494442.093656,47,-32,24
1743494442.129656,-10,51,138
1743494442.165656,5,3,128
1743494442.200656,43,-20,96
1743494442.236656,-20,49,244
1743494442.271656,-74,-40,92
1743494442.306656,-18,-16,231
1743494442.341656,-38,-22,129
1743494442.377656,79,-2,101
1743494442.413656,-58,-14,191
1743494442.448656,45,27,125
1743494442.484656,-22,-24,153
1743494442.519656,-20,3,135
1743494442.554656,11,-22,109
1743494442.589656,5,45,185
1743494442.625656,13,1,85
1743494442.661656,-38,51,195
1743494442.696656,5,37,175
1743494442.732656,61,9,227
1743494442.767656,53,-36,157
1743494442.802656,21,-8,107
1743494442.837656,61,53,147
1743494442.873656,-4,-18,149
1743494442.909656,-132,5,143
1743494442.944656,-2,-30,125
1743494442.980656,5,81,77
1743494443.015656,113,-8,165
1743494443.050656,65,14,201
1743494443.086656,-42,15,193
1743494443.121656,100,-11,122
1743494443.157656,-35,-59,163
1743494443.192656,18,-37,77
1743494443.228656,-37,-8,199
1743494443.263656,42,-84,201
1743494443.298656,-3,-74,137
1743494443.334656,30,19,113
1743494443.369656,40,19,99
1743494443.405656,-55,25,91
1743494443.440656,4,1,107
1743494443.476656,-61,-46,141
1743494443.511656,22,-48,125
1743494443.546656,52,-54,119
1743494443.582656,-31,73,81
1743494443.617656,6,27,135
1743494443.653656,48,-20,160
1743494443.688656,-1,-42,196
1743494443.724656,-45,9,80
1743494443.759656,-65,5,72
1743494443.794656,-52,-5,144
1743494443.830656,-11,-3,224
1743494443.865656,70,-42,34
1743494443.9016562,56,-1,120
1743494443.936656,4,-33,108
1743494443.972656,-85,-5,132
1743494444.007656,18,-17,228
1743494444.042656,8,-27,140
1743494444.078656,52,-15,96
1743494444.113656,-47,-37,130
1743494444.149656,-59,58,30
1743494444.184656,-19,-43,114
1743494444.2206562,-30,32,156
1743494444.255656,13,40,76
1743494444.290656,47,-35,88
1743494444.326656,-72,-35,68
1743494444.361656,15,-39,72
1743494444.397656,35,8,142
1743494444.432656,25,60,146
1743494444.468656,-60,4,208
1743494444.503656,-56,56,116
1743494444.538656,11,-45,72
1743494444.574656,-84,78,40
1743494444.609656,86,-2,70
1743494444.645656,84,28,246
1743494444.680656,-73,20,104
1743494444.716656,-53,26,198
1743494444.751656,18,-38,119
1743494444.786656,38,-52,87
1743494444.8226562,-43,3,153
1743494444.857656,8,-58,71
1743494444.893656,-17,5,125
1743494444.928656,62,29,37
1743494444.964656,-23,-34,179
1743494444.999656,-39,37,123
1743494445.034656,8,-12,155
1743494445.070656,-71,-20,185
1743494445.105656,-21,47,121
1743494445.1416562,36,15,128
1743494445.176656,16,-2,144
1743494445.212656,-15,5,120
1743494445.247656,52,-18,146
1743494445.282656,-3,-40,246
1743494445.318656,-31,-2,146
1743494445.353656,34,7,108
1743494445.389656,-29,65,128
1743494445.4246562,-9,25,54
1743494445.4606562,16,-12,38
1743494445.495656,46,23,160
1743494445.530656,-39,-12,124
1743494445.566656,-17,-4,176
1743494445.601656,-51,-8,174
1743494445.637656,-19,55,22
1743494445.672656,38,-18,124
1743494445.708656,-19,63,46
1743494445.7436562,-101,-4,108
1743494445.778656,28,-64,34
1743494445.814656,-47,-36,218
1743494445.849656,8,39,40
1743494445.885656,-68,-30,-5
1743494445.920656,1,-40,92
1743494445.956656,31,50,168
1743494445.991656,-130,24,42
1743494446.0266562,13,-37,-29
1743494446.0626562,-52,-9,164
1743494446.097656,33,-19,172
1743494446.133656,-55,52,116
1743494446.168656,-53,0,148
1743494446.204656,32,-81,218
1743494446.239656,74,-25,24
1743494446.274656,68,-23,170
1743494446.310656,-39,37,122
1743494446.3456562,-19,27,36
1743494446.3816562,2,-90,70
1743494446.416656,-77,7,156
1743494446.452656,66,-6,96
1743494446.488656,60,49,130
1743494446.523656,-1,3,96
1743494446.558656,23,10,98
1743494446.594656,-44,-21,56
1743494446.630656,-6,30,86
1743494446.665656,-28,39,104
1743494446.701656,-34,-9,108
1743494446.736656,11,30,94
1743494446.771656,-20,49,248
1743494446.806656,-18,-33,118
1743494446.842656,43,-17,90
1743494446.878656,-4,-23,210
1743494446.913656,-4,34,258
1743494446.949656,43,14,4
1743494446.984656,-34,10,226
1743494447.019656,-10,98,254
1743494447.054656,-22,-15,114
1743494447.090656,-32,0,126
1743494447.126656,-44,-4,140
1743494447.161656,-10,-22,214
1743494447.1976562,35,-50,196
1743494447.232656,-22,-18,112
1743494447.267656,-38,-18,134
1743494447.302656,43,35,184
1743494447.338656,-22,0,72
1743494447.374656,-8,5,202
1743494447.409656,-8,-4,196
1743494447.445656,31,13,112
1743494447.480656,-66,-60,150
1743494447.515656,25,127,158
1743494447.550656,-82,69,128
1743494447.586656,-22,23,154
1743494447.622656,-10,-34,154
1743494447.657656,-40,-66,-6
1743494447.693656,-66,40,177
1743494447.728656,31,16,45
1743494447.763656,15,40,157
1743494447.798656,21,4,126
1743494447.834656,-70,36,116
1743494447.870656,1,26,200
1743494447.905656,-6,62,92
1743494447.941656,49,64,169
1743494447.976656,35,62,117
1743494448.011656,1,-67,129
1743494448.046656,-44,32,215
1743494448.082656,41,18,143
1743494448.1186562,-38,-15,107
1743494448.153656,-116,30,207
1743494448.189656,49,48,165
1743494448.224656,51,-11,209
1743494448.259656,86,2,93
1743494448.294656,78,-21,165
1743494448.330656,-25,-7,111
1743494448.366656,-1,80,205
1743494448.4016562,28,-83,177
1743494448.4376562,6,-14,125
1743494448.472656,24,-2,-16
1743494448.507656,116,-26,63
1743494448.542656,15,2,113
1743494448.578656,-45,110,71
1743494448.614656,9,32,105
1743494448.649656,3,-7,117
1743494448.685656,-54,36,109
1743494448.7206562,59,50,105
1743494448.755656,-10,2,103
1743494448.790656,-6,-69,167
1743494448.826656,33,-59,185
1743494448.862656,-26,-67,203
1743494448.897656,71,10,163
1743494448.933656,-4,15,63
1743494448.968656,-88,24,19
1743494449.003656,-18,48,2
1743494449.038656,35,-3,94
1743494449.074656,5,-5,223
1743494449.110656,109,24,120
1743494449.145656,-30,16,68
1743494449.181656,-12,-45,144
1743494449.216656,51,38,162
1743494449.258656,-22,-58,267
1743494449.294656,-60,36,137
1743494449.330656,1,-15,91
1743494449.366656,-36,38,73
1743494449.4016562,-38,50,83
1743494449.4376562,93,-3,31
1743494449.472656,15,24,213
1743494449.507656,-76,-35,211
1743494449.542656,5,-49,191
1743494449.578656,21,-5,93
1743494449.614656,-16,-51,89
1743494449.649656,9,58,131
1743494449.685656,7,-19,185
1743494449.7206562,0,-45,61
1743494449.755656,-94,-45,131
1743494449.790656,-54,16,247
1743494449.826656,37,9,129
1743494449.862656,-10,-42,172
1743494449.897656,1,-25,88
1743494449.933656,-59,-75,143
1743494449.968656,-16,60,153
1743494450.003656,-31,-5,115
1743494450.038656,-83,42,185
1743494450.074656,-9,-19,47
1743494450.110656,83,-67,271
1743494450.145656,61,8,173
1743494450.181656,13,4,273
1743494450.216656,-34,44,35
1743494450.251656,5,-19,191
1743494450.286656,25,14,45
1743494450.3226562,11,4,221
1743494450.3586562,-54,-63,151
1743494450.393656,7,-17,41
1743494450.429656,85,-5,186
1743494450.464656,-62,12,112
1743494450.499656,-30,0,36
1743494450.534656,-11,-99,240
1743494450.570656,9,-17,28
1743494450.606656,-50,-54,222
1743494450.6416562,-8,-56,29
1743494450.677656,2,-48,188
1743494450.712656,1,5,157
1743494450.747656,-4,19,186
1743494450.782656,-38,0,76
1743494450.818656,-34,-16,74
1743494450.854656,-52,-21,186
1743494450.889656,9,-8,80
1743494450.925656,21,39,241
1743494450.9606562,47,-104,235
1743494450.995656,15,0,176
1743494451.030656,-62,9,131
1743494451.066656,47,-21,227
1743494451.102656,-2,34,21
1743494451.137656,61,27,141
1743494451.173656,123,65,115
1743494451.208656,-28,-25,97
1743494451.2436562,-54,-30,155
1743494451.278656,47,83,93
1743494451.314656,25,149,196
1743494451.350656,133,62,105
1743494451.385656,5,-1,97
1743494451.421656,29,28,-64
1743494451.456656,13,-5,249
1743494451.491656,95,-55,199
1743494451.5266562,-96,44,89
1743494451.5626562,100,-36,197
1743494451.598656,15,10,241
1743494451.633656,12,-78,105
1743494451.669656,-15,-6,247
1743494451.704656,54,-42,215
1743494451.739656,-15,-80,134
1743494451.774656,-17,-12,103
1743494451.810656,22,-34,63
1743494451.846656,16,-16,181
1743494451.8816562,32,-30,120
1743494451.917656,2,-46,238
1743494451.952656,38,15,194
1743494451.987656,-35,-24,180
1743494452.022656,96,-46,138
1743494452.058656,-31,-18,156
1743494452.094656,-99,-24,146
1743494452.129656,-48,0,136
1743494452.165656,31,-66,78
1743494452.200656,40,-72,74
1743494452.235656,52,35,72
1743494452.270656,19,37,96
1743494452.306656,-38,-8,50
1743494452.342656,-36,-18,210
1743494452.377656,-6,-80,90
1743494452.413656,69,47,64
1743494452.448656,-30,-12,138
1743494452.4836562,-30,-6,130
1743494452.519656,-10,-18,250
1743494452.554656,-66,29,200
1743494452.590656,-6,21,102
1743494452.625656,78,-61,138
1743494452.661656,0,70,172
1743494452.696656,22,-3,264
1743494452.731656,-21,-21,132
1743494452.767656,-65,62,270
1743494452.802656,-1,1,116
1743494452.838656,-19,-22,94
1743494452.873656,-1,11,100
1743494452.909656,64,-13,88
1743494452.944656,18,-33,112
1743494452.979656,18,-44,126
1743494453.015656,-85,9,118
1743494453.050656,-7,83,18
1743494453.086656,-9,-2,98
1743494453.121656,-16,-46,156
1743494453.157656,63,28,60
1743494453.192656,-12,52,154
1743494453.227656,7,44,188
1743494453.263656,-14,-27,124
1743494453.298656,-12,-23,-13
1743494453.334656,-60,-25,54
1743494453.369656,-48,-21,104
1743494453.405656,-14,6,210
1743494453.440656,25,5,246
1743494453.475656,47,-42,164
1743494453.511656,49,55,156
1743494453.546656,-2,-58,118
1743494453.582656,35,-2,56
1743494453.617656,73,51,256
1743494453.653656,-34,-38,0
1743494453.688656,27,-36,146
1743494453.723656,17,-60,174
1743494453.759656,21,25,-15
1743494453.794656,-32,36,74
1743494453.830656,55,26,78
1743494453.865656,-17,-21,14
1743494453.9016562,-27,30,166
1743494453.936656,-1,25,34
1743494453.971656,28,-41,102
1743494454.007656,-33,15,34
1743494454.042656,-56,-10,208
1743494454.078656,-51,37,166
1743494454.113656,50,-20,254
1743494454.149656,2,-2,116
1743494454.184656,14,-14,114
1743494454.219656,-15,-20,100
1743494454.255656,75,-10,-17
1743494454.290656,2,11,250
1743494454.326656,7,-100,230
1743494454.361656,72,51,142
1743494454.397656,90,-66,272
1743494454.432656,44,-62,62
1743494454.467656,-35,57,168
1743494454.503656,38,31,16
1743494454.538656,-55,51,268
1743494454.574656,-37,59,156
1743494454.609656,35,-1,138
1743494454.645656,-92,-1,184
1743494454.680656,30,64,104
1743494454.715656,8,-10,56
1743494454.751656,-25,25,88
1743494454.786656,39,54,46
1743494454.8226562,17,14,88
1743494454.857656,-12,8,204
1743494454.893656,11,-75,266
1743494454.928656,-21,31,156
1743494454.963656,58,39,130
1743494454.999656,-26,-33,178
1743494455.034656,-81,1,86
1743494455.070656,-67,-28,188
1743494455.105656,-17,-46,182
1743494455.1416562,34,-24,36
1743494455.176656,-11,25,96
1743494455.211656,-53,37,118
1743494455.247656,-41,-26,44
1743494455.282656,-5,-16,178
1743494455.318656,-75,53,28
1743494455.353656,40,22,128
1743494455.389656,8,-13,24
1743494455.4246562,-1,-27,172
1743494455.459656,18,-29,180
1743494455.495656,-69,16,120
1743494455.530656,-51,20,164
1743494455.566656,10,-75,92
1743494455.601656,-59,-6,44
1743494455.637656,-21,50,150
1743494455.672656,50,-43,218
1743494455.707656,-7,23,154
1743494455.7436562,-35,-53,78
1743494455.778656,-39,18,145
1743494455.814656,-73,8,166
1743494455.849656,-10,-52,148
1743494455.885656,4,9,54
1743494455.921656,-3,39,24
1743494455.957656,-17,14,126
1743494455.9936562,100,-21,228
1743494456.0296562,52,-59,91
1743494456.065656,18,-3,132
1743494456.100656,38,-73,136
1743494456.135656,8,-41,42
1743494456.171656,-127,14,162
1743494456.207656,-21,-100,208
1743494456.242656,-49,81,212
1743494456.278656,-19,-8,170
1743494456.313656,40,-34,194
1743494456.348656,-11,49,82
1743494456.383656,-67,3,212
1743494456.419656,-51,1,149
1743494456.455656,6,1,219
1743494456.490656,-55,-60,239
1743494456.5266562,-15,19,28
1743494456.561656,-19,38,87
1743494456.596656,-35,0,73
1743494456.6316562,19,7,113
1743494456.667656,0,-31,133
1743494456.703656,45,7,191
1743494456.738656,-8,27,139
1743494456.774656,65,57,175
1743494456.809656,-64,27,103
1743494456.844656,-44,-66,35
1743494456.879656,-22,-26,121
1743494456.915656,-17,21,101
1743494456.951656,25,-70,93
1743494456.986656,39,-4,197
1743494457.022656,7,-55,217
1743494457.057656,-94,-1,217
1743494457.092656,7,13,41
1743494457.127656,-36,-24,131
1743494457.163656,-34,-4,205
1743494457.199656,30,-18,148
1743494457.234656,-38,-32,78
1743494457.270656,71,-54,102
1743494457.305656,84,35,118
1743494457.340656,35,9,154
1743494457.375656,-38,25,72
1743494457.411656,61,31,234
1743494457.4476562,-18,-26,102
1743494457.482656,-28,-4,130
1743494457.518656,-44,-7,104
1743494457.553656,43,-61,150
1743494457.588656,13,-7,168
1743494457.623656,49,12,84
1743494457.659656,-66,-33,118
1743494457.695656,24,132,34
1743494457.730656,74,86,48
1743494457.7666562,-7,-18,152
1743494457.801656,38,-27,209
1743494457.836656,-55,-2,175
1743494457.871656,0,-10,99
1743494457.907656,-10,-49,99
1743494457.943656,-57,-59,213
1743494457.978656,30,-9,131
1743494458.014656,-44,10,192
1743494458.0496562,66,5,152
1743494458.084656,22,-9,196
1743494458.119656,4,4,106
1743494458.155656,14,24,146
1743494458.191656,51,18,26
1743494458.226656,-37,-6,196
1743494458.262656,24,-26,182
1743494458.297656,16,-18,90
1743494458.332656,18,38,234
1743494458.367656,12,31,130
1743494458.403656,48,-3,146
1743494458.439656,7,-13,62
1743494458.474656,21,-15,122
1743494458.510656,71,38,158
1743494458.545656,67,-77,122
1743494458.580656,-46,2,116
1743494458.615656,1,-5,232
1743494458.6516562,-36,-77,172
1743494458.6876562,73,-14,136
1743494458.722656,-10,3,96
1743494458.758656,-2,-30,110
1743494458.793656,51,35,52
1743494458.828656,9,-65,172
1743494458.863656,131,-115,166
1743494458.899656,0,44,56
1743494458.935656,-78,-33,106
1743494458.9706562,43,32,134
1743494459.0066562,-69,13,98
1743494459.041656,13,90,90
1743494459.076656,70,-32,42
1743494459.111656,92,27,76
1743494459.147656,33,36,144
1743494459.183656,90,-12,152
1743494459.218656,-114,-9,160
1743494459.261656,26,-18,72
1743494459.297656,43,69,176
1743494459.332656,-22,0,42
1743494459.367656,-74,-55,184
1743494459.403656,3,45,138
1743494459.439656,-40,90,178
1743494459.474656,-30,45,230
1743494459.510656,47,-6,76
1743494459.545656,11,65,164
1743494459.580656,45,3,92
1743494459.615656,65,25,112
1743494459.6516562,35,-12,106
1743494459.6876562,18,-20,82
1743494459.722656,-1,-12,304
1743494459.758656,2,15,110
1743494459.793656,68,0,114
1743494459.828656,10,-12,206
1743494459.863656,42,-12,108
1743494459.899656,-13,11,184
1743494459.935656,52,-62,138
1743494459.9706562,58,55,-15
1743494460.0066562,48,5,30
1743494460.041656,14,9,18
1743494460.076656,-83,-60,98
1743494460.111656,-27,25,186
1743494460.147656,18,51,132
1743494460.183656,54,-2,124
1743494460.218656,47,-3,114
1743494460.254656,15,-3,82
1743494460.2896562,41,23,154
1743494460.324656,-60,81,122
1743494460.359656,33,19,82
1743494460.395656,-50,0,160
1743494460.431656,35,17,-3
1743494460.466656,7,77,4
1743494460.502656,-44,25,86
1743494460.537656,7,17,96
1743494460.5726562,-31,-17,174
1743494460.607656,2,-61,96
1743494460.643656,42,20,32
1743494460.679656,6,-77,90
1743494460.714656,113,34,220
1743494460.750656,30,-19,170
1743494460.785656,52,22,186
1743494460.820656,-41,-59,244
1743494460.855656,23,2,102
1743494460.8916562,69,16,58
1743494460.927656,8,2,204
1743494460.962656,-70,-47,156
1743494460.998656,-56,62,52
1743494461.033656,43,12,64
1743494461.068656,39,-1,112
1743494461.103656,-54,24,74
1743494461.139656,-67,-60,38
1743494461.175656,-8,29,144
1743494461.2106562,-12,-20,12
1743494461.246656,-2,5,90
1743494461.281656,-50,66,26
1743494461.316656,45,66,130
1743494461.351656,3,-5,122
1743494461.387656,-18,-3,70
1743494461.423656,-14,-43,2
1743494461.458656,14,19,216
1743494461.494656,15,-39,238
1743494461.5296562,5,56,72
1743494461.564656,71,-53,44
1743494461.599656,-16,48,34
1743494461.635656,-32,-39,150
1743494461.671656,-4,-23,228
1743494461.706656,29,-13,78
1743494461.742656,53,-5,146
1743494461.777656,-10,-7,118
1743494461.8126562,75,12,84
1743494461.847656,-6,8,22
1743494461.883656,-6,64,90
1743494461.919656,-6,-9,284
1743494461.954656,32,4,142
1743494461.990656,-80,30,176
1743494462.025656,-16,0,210
1743494462.060656,4,-16,262
1743494462.096656,-21,22,64
1743494462.1316562,25,26,182
1743494462.167656,-29,-27,166
1743494462.202656,-76,24,32
1743494462.238656,27,62,-33
1743494462.273656,7,-32,202
1743494462.308656,1,-67,84
1743494462.344656,1,16,190
1743494462.379656,35,56,164
1743494462.415656,43,-25,124
1743494462.450656,47,44,44
1743494462.486656,-55,-13,216
1743494462.521656,-33,-7,142
1743494462.556656,66,24,132
1743494462.592656,13,-9,114
1743494462.627656,-45,20,84
1743494462.663656,50,-17,98
1743494462.698656,31,10,136
1743494462.734656,-25,8,-83
1743494462.769656,1,-73,99
1743494462.804656,44,-63,83
1743494462.840656,16,-39,97
1743494462.875656,-61,-9,83
1743494462.911656,46,-47,101
1743494462.946656,-9,6,137
1743494462.982656,14,26,129
1743494463.017656,-75,62,79
1743494463.052656,56,-5,115
1743494463.088656,34,42,139
1743494463.123656,26,32,149
1743494463.159656,-7,0,27
1743494463.194656,0,-11,265
1743494463.230656,29,24,129
1743494463.265656,23,-27,165
1743494463.300656,-12,-13,155
1743494463.336656,-4,38,137
1743494463.371656,-40,-19,179
1743494463.407656,117,-53,166
1743494463.442656,-62,-30,102
1743494463.478656,37,-33,143
1743494463.513656,39,8,133
1743494463.548656,-14,-29,101
1743494463.584656,91,62,149
1743494463.619656,-32,26,155
1743494463.655656,15,26,151
1743494463.690656,-26,-9,27
1743494463.726656,17,-15,127
1743494463.761656,-8,2,137
1743494463.796656,-58,4,37
1743494463.832656,-3,-70,119
1743494463.867656,-25,19,263
1743494463.903656,-9,71,21
1743494463.938656,-3,101,205
1743494463.974656,50,31,207
1743494464.009656,40,-80,251
1743494464.044656,16,0,39
1743494464.080656,50,29,91
1743494464.115656,-33,11,215
1743494464.1516562,16,-16,177
1743494464.186656,50,-50,85
1743494464.222656,-77,0,195
1743494464.257656,8,35,137
1743494464.292656,16,12,135
1743494464.328656,46,17,75
1743494464.363656,-97,25,227
1743494464.399656,11,-36,237
1743494464.434656,9,21,111
1743494464.4706562,-7,53,83
1743494464.505656,93,23,105
1743494464.540656,-23,-2,211
1743494464.576656,-86,-46,103
1743494464.611656,129,-38,95
1743494464.647656,-83,25,143
1743494464.682656,-57,0,103
1743494464.718656,-42,-32,115
1743494464.753656,-50,44,63
1743494464.788656,40,8,155
1743494464.824656,-39,-43,110
1743494464.859656,-66,-44,75
1743494464.895656,67,34,8
1743494464.930656,-50,-25,224
1743494464.966656,39,-6,138
1743494465.001656,5,63,106
1743494465.036656,12,-80,144
1743494465.0726562,-26,47,80
1743494465.107656,27,57,132
1743494465.143656,33,17,78
1743494465.178656,40,31,120
1743494465.214656,57,-24,78
1743494465.249656,-87,-40,184
1743494465.284656,-55,51,96
1743494465.320656,-21,45,80
1743494465.355656,39,-2,220
1743494465.3916562,-5,-22,54
1743494465.426656,51,-38,208
1743494465.462656,-6,-64,234
1743494465.498656,55,-8,178
1743494465.533656,43,63,160
1743494465.568656,-72,-3,168
1743494465.604656,-96,-49,54
1743494465.640656,125,20,236
1743494465.675656,13,-1,-3
1743494465.711656,93,19,142
1743494465.746656,107,23,104
1743494465.781656,87,-14,286
1743494465.816656,21,-80,110
1743494465.852656,-32,-16,174
1743494465.888656,-28,16,202
1743494465.923656,-36,-12,71
1743494465.959656,0,13,93
1743494465.994656,11,-46,117
1743494466.0296562,-12,-26,219
1743494466.064656,19,40,127
1743494466.100656,37,-18,47
1743494466.136656,-26,-56,141
1743494466.171656,1,0,257
1743494466.207656,-20,-50,147
1743494466.242656,-82,21,151
1743494466.277656,37,-2,111
1743494466.3126562,-34,-29,197
1743494466.348656,19,-15,173
1743494466.384656,-62,-59,79
1743494466.419656,46,-37,55
1743494466.455656,14,22,141
1743494466.490656,-17,4,207
1743494466.525656,-11,8,119
1743494466.560656,-77,72,159
1743494466.596656,8,29,207
1743494466.632656,-37,-54,205
1743494466.667656,-5,47,15
1743494466.703656,28,5,39
1743494466.738656,-73,-56,133
1743494466.773656,16,15,157
1743494466.808656,82,11,129
1743494466.844656,-13,-52,117
1743494466.880656,-49,49,101
1743494466.915656,-19,-12,147
1743494466.951656,-107,-24,155
1743494466.986656,32,-2,231
1743494467.021656,-23,-36,115
1743494467.056656,46,-74,147
1743494467.092656,8,-42,285
1743494467.128656,-43,19,67
1743494467.163656,-13,-4,223
1743494467.199656,-13,-76,87
1743494467.234656,26,-40,221
1743494467.269656,-5,-50,169
1743494467.304656,10,-16,51
1743494467.340656,-57,-54,67
1743494467.376656,72,-38,157
1743494467.411656,-1,71,155
1743494467.4476562,-10,65,147
1743494467.482656,11,67,173
1743494467.517656,-74,15,71
1743494467.552656,-60,-44,59
1743494467.588656,29,5,193
1743494467.624656,45,-52,227
1743494467.659656,1,17,91
1743494467.695656,-30,-69,77
1743494467.730656,-12,20,38
1743494467.765656,55,-16,184
1743494467.800656,11,24,220
1743494467.836656,111,5,184
1743494467.872656,62,1,162
1743494467.907656,-36,19,166
1743494467.943656,34,-52,-15
1743494467.978656,-26,57,88
1743494468.013656,68,9,178
1743494468.048656,39,59,100
1743494468.084656,13,25,190
1743494468.120656,-60,-54,132
1743494468.155656,-84,-12,166
1743494468.191656,-10,-46,148
1743494468.226656,61,29,176
1743494468.261656,33,8,182
1743494468.296656,-54,30,58
1743494468.332656,25,16,162
1743494468.3686562,-2,20,94
1743494468.403656,-14,10,124
1743494468.439656,0,85,132
1743494468.474656,11,-3,56
1743494468.509656,91,-44,104
1743494468.544656,7,25,132
1743494468.580656,9,69,52
1743494468.616656,47,-18,160
1743494468.6516562,19,0,74
1743494468.6876562,63,0,124
1743494468.722656,65,-52,146
1743494468.757656,29,35,62
1743494468.792656,-6,-42,-1
1743494468.828656,-20,3,56
1743494468.864656,63,-38,168
1743494468.899656,11,-46,204
1743494468.935656,-2,65,174
1743494468.9706562,73,-6,142
1743494469.005656,-64,-110,-17
1743494469.040656,37,71,142
1743494469.076656,5,-36,102
1743494469.112656,7,-16,158
1743494469.147656,1,63,180
1743494469.183656,-20,39,76
1743494469.218656,-10,-34,178
1743494469.253656,73,33,134
1743494469.296656,-12,-48,2
1743494469.332656,-30,-16,208
1743494469.3686562,-80,-38,28
1743494469.403656,-18,-84,46
1743494469.439656,5,25,134
1743494469.474656,-6,33,148
1743494469.509656,100,-42,26
1743494469.544656,54,69,208
1743494469.580656,-57,33,152
1743494469.616656,-15,55,96
1743494469.6516562,-71,47,202
1743494469.6876562,-7,11,110
1743494469.722656,20,-18,86
1743494469.757656,42,55,126
1743494469.792656,-23,-4,244
1743494469.828656,-15,5,84
1743494469.864656,40,-40,154
1743494469.899656,-61,-80,198
1743494469.935656,1,37,46
1743494469.9706562,-38,13,132
1743494470.005656,-54,31,92
1743494470.040656,13,46,202
1743494470.076656,104,25,246
1743494470.112656,64,-64,112
1743494470.147656,-31,-24,159
1743494470.183656,-15,-10,175
1743494470.218656,-59,69,103
1743494470.253656,-33,-40,211
1743494470.288656,-9,33,217
1743494470.324656,19,-39,127
1743494470.360656,-84,74,191
1743494470.395656,61,42,5
1743494470.431656,36,1,135
1743494470.466656,-8,-5,151
1743494470.501656,11,-19,145
1743494470.536656,-22,-41,219
1743494470.5726562,-36,-71,73
1743494470.6086562,63,-27,121
1743494470.643656,19,12,239
1743494470.679656,-36,12,217
1743494470.714656,-36,26,145
1743494470.749656,-34,10,131
1743494470.784656,-80,-99,133
1743494470.820656,35,-24,135
1743494470.856656,49,26,205
1743494470.8916562,-62,8,27
1743494470.927656,47,16,129
1743494470.962656,1,4,161
1743494470.997656,-60,59,105
1743494471.032656,-52,18,193
1743494471.068656,-32,-43,71
1743494471.104656,91,-39,197
1743494471.139656,-10,-29,51
1743494471.175656,5,-1,187
1743494471.2106562,-3,23,143
1743494471.245656,-73,-26,197
1743494471.280656,-52,-35,180
1743494471.316656,67,22,206
1743494471.352656,21,76,132
1743494471.387656,-16,0,156
1743494471.423656,-38,8,183
1743494471.458656,-38,-31,5
1743494471.4936562,3,28,109
1743494471.5296562,55,12,120
1743494471.564656,6,0,244
1743494471.600656,-4,-17,78
1743494471.635656,-43,-7,166
1743494471.671656,-69,-7,213
1743494471.706656,-13,22,174
1743494471.741656,54,-29,158
1743494471.777656,-39,-31,155
1743494471.8126562,34,12,171
1743494471.848656,-45,18,51
1743494471.883656,-13,18,62
1743494471.919656,10,-17,130
1743494471.954656,49,2,193
1743494471.989656,71,38,111
1743494472.025656,15,8,153
1743494472.060656,-10,8,127
1743494472.096656,31,18,173
1743494472.1316562,3,-26,65
1743494472.167656,0,81,63
1743494472.202656,-41,57,93
1743494472.237656,-51,-8,33
1743494472.273656,54,21,191
1743494472.308656,-96,-38,217
1743494472.344656,33,7,95
1743494472.379656,-46,15,131
1743494472.415656,19,-22,73
1743494472.450656,37,-14,75
1743494472.485656,-11,17,151
1743494472.521656,10,-114,87
1743494472.556656,-100,29,133
1743494472.592656,-27,-36,167
1743494472.627656,34,-60,141
1743494472.663656,-13,-46,41
1743494472.698656,44,-22,69
1743494472.7336562,52,73,83
1743494472.769656,52,25,79
1743494472.804656,-71,-60,29
1743494472.840656,-47,19,159
1743494472.875656,-13,-24,153
1743494472.911656,-57,-18,177
1743494472.946656,-40,22,169
1743494472.981656,-18,8,83
1743494473.017656,31,38,124
1743494473.052656,-7,53,108
1743494473.088656,34,37,136
1743494473.123656,-37,13,186
1743494473.159656,46,-12,106
1743494473.194656,36,-20,216
1743494473.229656,-49,-60,108
1743494473.265656,-63,-20,96
1743494473.300656,25,51,210
1743494473.336656,38,81,86
1743494473.371656,-54,33,190
1743494473.407656,96,21,110
1743494473.442656,-43,19,134
1743494473.477656,34,-70,42
1743494473.513656,-73,1,86
1743494473.548656,-73,-56,172
1743494473.584656,18,43,56
1743494473.619656,-47,17,144
1743494473.655656,-13,-54,122
1743494473.690656,-35,-56,66
1743494473.725656,-1,-38,96
1743494473.761656,68,15,120
1743494473.796656,58,31,44
1743494473.832656,34,37,109
1743494473.867656,-1,55,119
1743494473.903656,84,19,157
1743494473.938656,44,9,121
1743494473.973656,-15,-8,131
1743494474.009656,-13,29,149
1743494474.044656,-75,63,237
1743494474.080656,102,64,171
1743494474.115656,4,-38,257
1743494474.1516562,54,-8,117
1743494474.186656,70,15,127
1743494474.221656,-27,-80,9
1743494474.257656,-15,-80,181
1743494474.292656,20,0,111
1743494474.328656,-91,-56,205
1743494474.363656,-15,-46,5
1743494474.399656,-106,-25,171
1743494474.434656,-7,5,251
1743494474.469656,-27,14,185
1743494474.505656,6,49,95
1743494474.540656,10,-23,119
1743494474.576656,52,-13,197
1743494474.611656,64,-77,147
1743494474.647656,-27,30,25
1743494474.682656,10,-88,81
1743494474.717656,42,-24,149
1743494474.753656,-95,-24,231
1743494474.788656,-1,-8,127
1743494474.824656,43,13,171
1743494474.859656,-11,15,133
1743494474.895656,-18,55,129
1743494474.931656,-82,5,267
1743494474.967656,14,-74,71
1743494475.003656,-29,77,141
1743494475.0396562,-12,-31,181
1743494475.075656,-46,19,247
1743494475.111656,15,47,173
1743494475.147656,33,-14,-3
1743494475.182656,-77,-10,224
1743494475.217656,-25,-66,122
1743494475.253656,-35,-24,158
1743494475.2896562,18,-22,228
1743494475.324656,38,29,204
1743494475.360656,54,-66,82
1743494475.395656,16,-2,178
1743494475.430656,-3,-2,164
1743494475.465656,62,49,180
1743494475.501656,-43,25,216
1743494475.537656,-39,-104,248
1743494475.5726562,16,-2,2
1743494475.6086562,-151,-22,132
1743494475.643656,-39,3,86
1743494475.678656,10,-26,-35
1743494475.713656,-49,-28,184
1743494475.749656,22,-44,334
1743494475.785656,31,18,132
1743494475.820656,-46,12,74
1743494475.856656,-24,-5,118
1743494475.8916562,47,-21,-53
1743494475.926656,-21,13,192
1743494475.961656,82,-30,110
1743494475.997656,58,51,112
1743494476.033656,-21,11,176
1743494476.068656,-59,77,160
1743494476.104656,50,43,102
1743494476.139656,-15,47,190
1743494476.1746562,2,-44,262
1743494476.209656,-49,17,83
1743494476.245656,50,29,248
1743494476.281656,-25,-28,236
1743494476.316656,-5,3,189
1743494476.352656,26,17,175
1743494476.387656,42,43,215
1743494476.422656,30,-10,139
1743494476.457656,-35,7,195
1743494476.4936562,-51,63,177
1743494476.5296562,45,-59,57
1743494476.564656,-4,-55,121
1743494476.600656,-8,-11,105
1743494476.635656,17,-3,63
1743494476.670656,-4,-39,135
1743494476.705656,1,-1,159
1743494476.741656,37,-59,69
1743494476.777656,25,68,203
1743494476.8126562,13,-5,75
1743494476.848656,-68,13,267
1743494476.883656,45,-7,205
1743494476.918656,-14,38,175
1743494476.953656,67,40,203
1743494476.989656,-18,-61,73
1743494477.025656,1,28,41
1743494477.060656,-38,2,159
1743494477.096656,41,-21,85
1743494477.1316562,-46,-43,19
1743494477.166656,73,2,197
1743494477.201656,37,10,209
1743494477.237656,23,-77,25
1743494477.273656,-10,39,215
1743494477.308656,5,-16,205
1743494477.344656,-8,16,177
1743494477.379656,-34,20,123
1743494477.4146562,21,-50,111
1743494477.449656,19,-56,149
1743494477.485656,-22,-8,185
1743494477.521656,-20,-30,59
1743494477.556656,-24,-78,229
1743494477.592656,-42,-22,111
1743494477.627656,-4,-70,191
1743494477.662656,-6,51,19
1743494477.6976562,-72,83,55
1743494477.7336562,-70,-60,23
1743494477.769656,19,48,159
1743494477.804656,-14,44,25
1743494477.840656,-58,4,63
1743494477.875656,65,-1,31
1743494477.910656,-72,-49,127
1743494477.945656,-10,92,-24
1743494477.981656,27,-5,17
1743494478.017656,13,-37,35
1743494478.052656,25,-87,147
1743494478.088656,-4,30,115
1743494478.123656,-38,48,207
1743494478.158656,-16,-42,149
1743494478.193656,43,7,161
1743494478.229656,39,11,128
1743494478.265656,-86,-10,162
1743494478.300656,31,29,38
1743494478.336656,27,49,-75
1743494478.371656,-32,-2,130
1743494478.406656,-118,-8,198
1743494478.441656,31,63,148
1743494478.477656,52,-39,94
1743494478.513656,-33,-33,148
1743494478.548656,36,56,188
1743494478.584656,61,25,186
1743494478.619656,-44,-10,176
1743494478.6546562,3,-4,194
1743494478.689656,91,17,78
1743494478.725656,-62,-36,124
1743494478.761656,29,-20,228
1743494478.796656,15,-8,86
1743494478.832656,-59,-52,278
1743494478.867656,-19,3,172
1743494478.902656,-33,-42,58
1743494478.9376562,17,103,188
1743494478.973656,55,57,78
1743494479.009656,85,-34,112
1743494479.044656,33,-2,194
1743494479.080656,25,-44,200
1743494479.115656,1,39,194
1743494479.150656,-31,10,200
1743494479.185656,-1,-10,134
1743494479.221656,0,39,174
1743494479.257656,-7,7,128
1743494479.2996562,-4,-42,154
1743494479.336656,-27,-49,110
1743494479.371656,-46,-33,204
1743494479.406656,22,40,172
1743494479.441656,0,80,188
1743494479.477656,64,-55,178
1743494479.513656,66,-57,48
1743494479.548656,-15,-5,58
1743494479.584656,-95,22,152
1743494479.619656,10,-19,86
1743494479.6546562,6,-35,276
1743494479.690656,-107,-49,100
1743494479.725656,-1,138,156
1743494479.761656,37,4,198
1743494479.796656,-30,4,112
1743494479.832656,-10,-13,114
1743494479.867656,21,-71,182
1743494479.902656,55,-49,46
1743494479.9376562,16,-31,156
1743494479.973656,-41,76,184
1743494480.009656,20,36,86
1743494480.044656,36,38,216
1743494480.080656,70,20,162
1743494480.115656,-29,-11,208
1743494480.150656,56,42,130
1743494480.185656,-113,0,178
1743494480.221656,-97,-3,152
1743494480.257656,-51,-7,72
1743494480.292656,-19,12,132
1743494480.328656,6,-55,117
1743494480.363656,48,-19,159
1743494480.398656,70,-15,79
1743494480.433656,34,-65,201
1743494480.469656,-27,-8,235
1743494480.505656,-65,13,25
1743494480.540656,36,-32,101
1743494480.576656,-33,-8,181
1743494480.611656,44,88,183
1743494480.646656,10,-41,67
1743494480.681656,52,-45,239
1743494480.717656,-29,-4,169
1743494480.753656,9,5,201
1743494480.788656,-22,22,73
1743494480.824656,-8,49,103
1743494480.859656,-16,3,131
1743494480.894656,-8,-2,7
1743494480.929656,-50,15,196
1743494480.965656,1,-12,164
1743494481.001656,-18,-30,68
1743494481.036656,15,-8,102
1743494481.0726562,-20,-2,202
1743494481.107656,72,-32,74
1743494481.142656,113,-6,12
1743494481.178656,35,45,134
1743494481.213656,67,80,122
1743494481.249656,79,42,280
1743494481.284656,-96,5,86
1743494481.320656,49,18,-17
1743494481.355656,19,-31,226
1743494481.390656,101,4,186
1743494481.426656,47,24,226
1743494481.461656,31,-22,144
1743494481.497656,-57,53,104
1743494481.532656,-7,-32,108
1743494481.568656,26,-56,92
1743494481.603656,16,-5,54
1743494481.638656,-35,-12,204
1743494481.6746562,-11,-38,36
1743494481.709656,-75,17,84
1743494481.745656,28,59,216
1743494481.780656,-3,-36,68
1743494481.816656,10,-27,134
1743494481.851656,38,0,112
1743494481.886656,-49,15,102
1743494481.922656,8,1,198
1743494481.957656,12,-78,210
1743494481.9936562,-31,59,168
1743494482.028656,17,-17,152
1743494482.064656,-13,-56,192
1743494482.099656,-61,5,78
1743494482.134656,-93,59,222
1743494482.170656,-10,-43,120
1743494482.205656,-44,60,140
1743494482.241656,35,14,170
1743494482.2766562,-4,-19,106
1743494482.3126562,73,36,50
1743494482.347656,3,0,188
1743494482.382656,23,22,220
1743494482.418656,-22,-35,144
1743494482.453656,49,24,2
1743494482.489656,54,19,154
1743494482.524656,-15,29,248
1743494482.560656,-51,-36,118
1743494482.5956562,35,77,104
1743494482.630656,-88,76,224
1743494482.666656,7,22,190
1743494482.701656,-38,-29,96
1743494482.737656,49,-29,180
1743494482.772656,45,32,188
1743494482.808656,-20,-19,320
1743494482.843656,-48,4,218
1743494482.878656,-24,48,232
1743494482.9146562,27,58,142
1743494482.949656,11,-99,-35
1743494482.985656,-24,-38,160
1743494483.020656,-48,-44,154
1743494483.056656,77,39,190
1743494483.091656,9,7,78
1743494483.126656,63,-8,88
1743494483.162656,-34,21,124
1743494483.1976562,29,25,94
1743494483.2336562,-44,25,122
1743494483.268656,-6,-4,154
1743494483.304656,-34,-10,236
1743494483.339656,39,-94,88
1743494483.374656,-8,37,32
1743494483.410656,57,-21,197
1743494483.445656,-28,-57,149
1743494483.481656,-81,43,199
1743494483.5166562,14,-70,133
1743494483.552656,73,53,119
1743494483.587656,-16,-52,219
1743494483.622656,3,-56,165
1743494483.658656,29,-6,198
1743494483.693656,13,9,118
1743494483.729656,11,13,9
1743494483.764656,-18,-30,133
1743494483.800656,-42,3,197
1743494483.8356562,19,-38,181
1743494483.870656,-78,37,119
1743494483.906656,-44,33,243
1743494483.941656,31,19,145
1743494483.977656,-32,51,141
1743494484.012656,-4,-38,101
1743494484.048656,63,-8,125
1743494484.083656,-52,-12,41
1743494484.1186562,128,29,75
1743494484.1546562,10,-70,175
1743494484.189656,-45,-4,17
1743494484.225656,-27,-4,149
1743494484.260656,22,53,290
1743494484.296656,-85,-16,20
1743494484.331656,22,29,112
1743494484.366656,-57,-14,237
1743494484.402656,46,-12,90
1743494484.4376562,-11,35,30
1743494484.473656,-67,-28,176
1743494484.508656,-49,38,152
1743494484.544656,30,5,161
1743494484.580656,-25,-37,38
1743494484.616656,-57,10,112
1743494484.652656,-39,84,146
1743494484.6876562,32,-34,144
1743494484.722656,11,-32,34
1743494484.758656,-13,17,66
1743494484.794656,40,71,70
1743494484.829656,42,69,248
1743494484.865656,-13,3,46
1743494484.900656,42,57,44
1743494484.935656,-31,7,134
1743494484.9706562,82,61,130
1743494485.0066562,40,-8,88
1743494485.042656,-3,19,264
1743494485.077656,18,11,136
1743494485.113656,-27,71,168
1743494485.148656,-81,-2,242
1743494485.183656,-13,-2,142
1743494485.218656,4,67,168
1743494485.254656,98,21,258
1743494485.290656,-12,14,138
1743494485.325656,-14,48,122
1743494485.361656,0,50,198
1743494485.396656,99,32,130
1743494485.431656,-74,22,140
1743494485.466656,51,110,42
1743494485.502656,-14,88,36
1743494485.538656,17,32,154
1743494485.573656,-32,-11,130
1743494485.609656,-34,-3,132
1743494485.644656,33,-11,172
1743494485.679656,3,-39,248
1743494485.714656,77,-35,112
1743494485.750656,49,48,186
1743494485.786656,-20,-3,170
1743494485.821656,-24,16,102
1743494485.857656,29,-53,144
1743494485.892656,-16,16,160
1743494485.927656,26,-61,52
1743494485.962656,10,-3,184
1743494485.998656,-53,-67,204
1743494486.034656,-33,94,126
1743494486.069656,-45,34,4
1743494486.105656,52,38,156
1743494486.140656,54,-21,150
1743494486.175656,28,24,176
1743494486.2106562,-35,26,162
1743494486.246656,36,-28,172
1743494486.282656,-35,1,108
1743494486.317656,-27,-54,48
1743494486.353656,64,-20,100
1743494486.388656,-65,15,2
1743494486.423656,-19,-4,27
1743494486.458656,2,-10,202
1743494486.494656,-15,-2,56
1743494486.530656,-25,53,156
1743494486.565656,-46,55,33
1743494486.601656,13,31,171
1743494486.636656,-16,55,147
1743494486.671656,-42,69,195
1743494486.706656,-41,-18,183
1743494486.742656,-47,-2,117
1743494486.778656,-49,-46,177
1743494486.813656,130,-148,155
1743494486.849656,-28,-82,111
1743494486.884656,-20,-7,211
1743494486.919656,-36,-71,305
1743494486.954656,-66,0,199
1743494486.990656,-22,-72,113
1743494487.0266562,-62,-22,127
1743494487.061656,-1,17,153
1743494487.097656,-1,-2,153
1743494487.132656,42,-46,-34
1743494487.167656,16,29,113
1743494487.202656,-7,-26,109
1743494487.238656,-55,-12,186
1743494487.274656,-9,-24,126
1743494487.309656,48,51,246
1743494487.3456562,-13,35,155
1743494487.380656,-27,19,4
1743494487.415656,-11,-86,60
1743494487.450656,-11,-14,46
1743494487.486656,-17,59,136
1743494487.522656,66,-26,158
1743494487.557656,81,35,240
1743494487.593656,-46,11,128
1743494487.628656,88,-2,160
1743494487.663656,-44,-22,156
1743494487.698656,24,-8,150
1743494487.734656,-45,1,108
1743494487.770656,68,66,216
1743494487.805656,-41,-89,204
1743494487.841656,138,-17,158
1743494487.876656,-13,-54,164
1743494487.911656,-7,-88,76
1743494487.946656,66,-74,220
1743494487.982656,-43,-38,102
1743494488.018656,22,17,50
1743494488.053656,-51,5,232
1743494488.089656,18,49,122
1743494488.124656,63,31,22
1743494488.159656,25,-40,174
1743494488.194656,-92,-74,210
1743494488.230656,-38,-2,116
1743494488.2666562,-106,-24,168
1743494488.301656,19,-10,214
1743494488.337656,27,-31,184
1743494488.372656,-18,52,68
1743494488.407656,-22,-9,-37
1743494488.442656,-40,-23,152
1743494488.478656,33,52,140
1743494488.514656,-56,-21,260
1743494488.5496562,-60,-2,100
1743494488.5856562,-74,11,132
1743494488.620656,-6,35,122
1743494488.655656,-6,-12,162
1743494488.690656,-10,-18,148
1743494488.726656,9,-38,116
1743494488.762656,-24,-2,128
1743494488.797656,51,41,162
1743494488.833656,55,43,62
1743494488.8686562,29,21,94
1743494488.903656,39,0,10
1743494488.938656,-22,41,226
1743494488.974656,-82,-66,94
1743494489.010656,9,-23,162
1743494489.045656,79,20,180
1743494489.081656,-40,-13,30
1743494489.116656,-18,40,46
1743494489.1516562,51,66,106
1743494489.186656,-76,-44,220
1743494489.222656,-6,3,124
1743494489.258656,88,23,310
1743494489.300656,14,-4,258
1743494489.337656,-32,0,110
1743494489.372656,-49,-6,-27
1743494489.407656,14,5,64
1743494489.442656,46,-14,88
1743494489.478656,18,-6,0
1743494489.514656,-29,-24,212
1743494489.5496562,-19,23,240
1743494489.5856562,52,3,112
1743494489.620656,28,33,62
1743494489.655656,18,-42,116
1743494489.690656,42,59,76
1743494489.726656,74,-40,90
1743494489.762656,28,15,82
1743494489.797656,-17,15,326
1743494489.833656,48,-38,136
1743494489.8686562,34,5,116
1743494489.903656,52,-8,154
1743494489.939656,-9,29,134
1743494489.974656,0,-100,300
1743494490.010656,-3,-22,190
1743494490.045656,46,-8,190
1743494490.081656,42,-42,126
1743494490.116656,-9,29,84
1743494490.1516562,-101,23,34
1743494490.186656,-35,-36,124
1743494490.222656,2,31,144
1743494490.258656,-47,-32,108
1743494490.293656,24,-6,162
1743494490.329656,-11,-18,198
1743494490.364656,36,35,110
1743494490.399656,-23,11,217
1743494490.434656,-45,23,86
1743494490.4706562,16,27,204
1743494490.5066562,-3,-58,155
1743494490.541656,40,-34,199
1743494490.577656,38,11,99
1743494490.612656,-35,43,157
1743494490.647656,-11,31,159
1743494490.683656,-47,-38,85
1743494490.718656,-13,25,189
1743494490.754656,26,7,147
1743494490.7896562,-21,-58,129
1743494490.825656,-61,67,238
1743494490.860656,52,-40,174
1743494490.895656,-7,47,104
1743494490.931656,42,73,204
1743494490.966656,-103,7,34
1743494491.002656,82,11,180
1743494491.037656,-37,1,160
1743494491.073656,16,-68,156
1743494491.1086562,20,35,198
1743494491.143656,30,-22,80
1743494491.179656,88,5,176
1743494491.214656,62,-70,219
1743494491.250656,-23,-50,110
1743494491.285656,-47,11,153
1743494491.321656,-33,-34,105
1743494491.356656,12,-44,157
1743494491.3916562,-41,31,35
1743494491.427656,8,-76,181
1743494491.462656,4,-34,87
1743494491.498656,-19,-10,113
1743494491.533656,-7,35,227
1743494491.569656,10,-26,41
1743494491.604656,10,0,99
1743494491.639656,2,-78,159
1743494491.675656,-29,37,187
1743494491.7106562,-21,27,95
1743494491.746656,-29,8,29
1743494491.781656,12,8,-2
1743494491.817656,8,-53,191
1743494491.852656,-151,50,141
1743494491.887656,76,134,257
1743494491.923656,50,-63,243
1743494491.958656,4,42,208
1743494491.994656,-31,35,122
1743494492.0296562,16,-50,184
1743494492.065656,-39,-30,128
1743494492.100656,-19,-54,78
1743494492.135656,6,13,104
1743494492.171656,-25,0,46
1743494492.206656,-21,-20,58
1743494492.242656,34,123,210
1743494492.277656,26,25,136
1743494492.313656,82,-22,88
1743494492.348656,-25,27,212
1743494492.383656,-39,0,232
1743494492.419656,20,-18,28
1743494492.454656,-11,33,170
1743494492.490656,-59,32,162
1743494492.525656,-69,-9,30
1743494492.561656,1,-20,96
1743494492.596656,-38,-6,122
1743494492.6316562,19,-22,100
1743494492.667656,33,-24,196
1743494492.702656,25,25,70
1743494492.738656,-25,71,122
1743494492.773656,25,69,60
1743494492.809656,18,135,40
1743494492.844656,16,-20,98
1743494492.879656,34,63,74
1743494492.915656,14,-75,158
1743494492.950656,-36,-45,52
1743494492.986656,7,-85,100
1743494493.021656,21,-59,220
1743494493.057656,-36,6,188
1743494493.092656,27,-5,188
1743494493.127656,11,-69,118
1743494493.163656,27,-57,58
1743494493.198656,42,0,8
1743494493.234656,-64,-13,72
1743494493.269656,-39,21,202
1743494493.305656,62,-20,102
1743494493.340656,88,-4,74
1743494493.375656,56,42,272
1743494493.411656,6,51,142
1743494493.446656,-29,-6,152
1743494493.482656,-3,25,184
1743494493.517656,-133,-40,182
1743494493.553656,14,7,164
1743494493.588656,-37,6,246
1743494493.623656,34,38,124
1743494493.659656,-15,-31,92
1743494493.694656,-51,24,124
1743494493.730656,12,-11,80
1743494493.765656,-1,-10,126
1743494493.801656,28,-66,204
1743494493.836656,-25,37,146
1743494493.871656,42,15,196
1743494493.907656,-43,65,142
1743494493.942656,58,5,210
1743494493.978656,-35,-49,130
1743494494.013656,36,-17,62
1743494494.0496562,-21,40,210
1743494494.084656,6,28,272
1743494494.119656,-19,-38,94
1743494494.155656,34,3,184
1743494494.190656,-17,11,116
1743494494.226656,55,29,156
1743494494.261656,-8,-72,234
1743494494.296656,-40,-10,133
1743494494.331656,23,-36,207
1743494494.367656,-6,0,185
1743494494.403656,-40,5,173
1743494494.438656,-24,31,187
1743494494.474656,-72,52,231
1743494494.509656,-4,-92,143
1743494494.544656,61,88,139
1743494494.579656,15,43,153
1743494494.615656,16,-8,111
1743494494.6516562,44,-36,63
1743494494.686656,67,-9,147
1743494494.722656,1,-81,267
1743494494.757656,15,30,187
1743494494.792656,-54,-25,75
1743494494.827656,-14,-15,15
1743494494.863656,73,50,63
1743494494.899656,-106,-43,61
1743494494.934656,9,25,113
1743494494.9706562,33,11,201
1743494495.005656,14,3,171
1743494495.040656,-9,5,199
1743494495.075656,24,-16,187
1743494495.111656,-47,-74,175
1743494495.147656,14,3,199
1743494495.182656,-29,25,133
1743494495.218656,13,-18,149
1743494495.253656,63,15,213
1743494495.288656,-82,31,251
1743494495.323656,79,-68,235
1743494495.359656,99,-104,121
1743494495.395656,47,-14,173
1743494495.430656,93,-6,31
1743494495.466656,-14,-92,93
1743494495.501656,-26,-22,197
1743494495.536656,-34,-2,127
1743494495.571656,-2,-8,237
1743494495.607656,9,-46,125
1743494495.643656,-34,1,159
1743494495.678656,31,3,135
1743494495.714656,-2,-14,95
1743494495.749656,-17,-25,127
1743494495.784656,-39,-30,173
1743494495.819656,61,0,137
1743494495.855656,43,-36,193
1743494495.8916562,12,-34,147
1743494495.926656,26,35,129
1743494495.962656,96,61,29
1743494495.997656,-21,0,223
1743494496.032656,-15,65,-24
1743494496.067656,-85,-30,155
1743494496.103656,53,97,203
1743494496.139656,-2,25,225
1743494496.1746562,25,51,131
1743494496.2106562,115,35,107
1743494496.245656,13,11,101
1743494496.280656,-40,45,97
1743494496.315656,-80,43,103
1743494496.351656,57,33,49
1743494496.387656,21,-42,239
1743494496.422656,-56,0,217
1743494496.458656,-4,51,31
1743494496.4936562,-42,33,239
1743494496.528656,-20,21,141
1743494496.563656,101,-10,62
1743494496.599656,-18,5,109
1743494496.635656,37,-26,27
1743494496.670656,-22,15,185
1743494496.706656,29,45,157
1743494496.741656,25,15,160
1743494496.7766562,2,-26,198
1743494496.811656,-59,-8,146
1743494496.847656,-9,49,-7
1743494496.883656,-67,33,174
1743494496.918656,2,-46,142
1743494496.954656,24,23,222
1743494496.989656,20,-48,134
1743494497.024656,-5,1,118
1743494497.059656,-49,-48,212
1743494497.0956562,13,-42,98
1743494497.1316562,49,-6,240
1743494497.166656,-40,-8,182
1743494497.202656,-64,-74,94
1743494497.237656,1,-74,136
1743494497.272656,-8,31,196
1743494497.307656,-28,-36,146
1743494497.343656,-30,11,66
1743494497.379656,43,65,48
1743494497.4146562,-2,67,156
1743494497.450656,35,-90,-33
1743494497.485656,-46,107,164
1743494497.520656,23,-10,112
1743494497.555656,8,21,92
1743494497.591656,-15,-12,96
1743494497.627656,34,23,28
1743494497.662656,-23,-64,158
1743494497.698656,-21,-36,132
1743494497.7336562,-15,-50,86
1743494497.768656,188,-12,244
1743494497.803656,-27,-8,178
1743494497.839656,50,-52,44
1743494497.875656,26,-12,24
1743494497.910656,-29,-10,40
1743494497.946656,-31,-8,138
1743494497.981656,74,-12,212
1743494498.0166562,-38,-12,120
1743494498.051656,59,29,114
1743494498.087656,44,-48,260
1743494498.123656,42,55,182
1743494498.158656,0,-80,92
1743494498.194656,-71,45,172
1743494498.229656,-16,5,132
1743494498.264656,93,5,78
1743494498.2996562,-51,43,42
1743494498.3356562,40,-40,56
1743494498.371656,89,-18,158
1743494498.406656,-104,-4,98
1743494498.442656,-62,37,240
1743494498.477656,-26,63,-19
1743494498.512656,13,17,132
1743494498.547656,-14,-11,264
1743494498.583656,77,-2,138
1743494498.619656,-6,-19,148
1743494498.6546562,19,36,108
1743494498.690656,-8,-67,192
1743494498.725656,-16,-68,288
1743494498.760656,-8,-15,62
1743494498.795656,-20,51,166
1743494498.831656,-76,-52,156
1743494498.867656,99,-44,122
1743494498.902656,-12,37,-17
1743494498.938656,85,-8,174
1743494498.973656,49,51,246
1743494499.008656,-16,-24,166
1743494499.043656,43,33,60
1743494499.079656,19,41,178
1743494499.115656,-46,7,176
1743494499.150656,-54,49,175
1743494499.186656,0,-40,219
1743494499.221656,-44,-94,105
1743494499.2566562,51,-50,153
1743494499.291656,-20,-36,219
1743494499.334656,-46,7,71
1743494499.371656,25,-30,65
1743494499.406656,-8,-52,77
1743494499.442656,-8,0,287
1743494499.477656,-17,-27,93
1743494499.512656,46,65,131
1743494499.547656,5,1,193
1743494499.583656,-53,48,133
1743494499.619656,-1,-51,155
1743494499.6546562,78,-17,75
1743494499.690656,-73,-13,89
1743494499.725656,-11,-33,143
1743494499.760656,-43,22,77
1743494499.795656,106,10,1
1743494499.831656,30,-61,135
1743494499.867656,-8,-39,155
1743494499.902656,-1,-14,67
1743494499.938656,32,51,187
1743494499.973656,-9,-74,263
1743494500.008656,0,-54,171
1743494500.043656,-51,19,165
1743494500.079656,-13,-46,143
1743494500.115656,-35,73,107
1743494500.150656,-5,9,207
1743494500.186656,41,-31,167
1743494500.221656,7,54,169
1743494500.2566562,67,-35,103
1743494500.292656,-30,2,175
1743494500.327656,-40,10,79
1743494500.363656,63,10,29
1743494500.398656,27,16,121
1743494500.434656,153,28,181
1743494500.469656,9,50,113
1743494500.504656,48,0,223
1743494500.540656,51,-19,183
1743494500.575656,-29,-16,233
1743494500.611656,-72,-87,95
1743494500.646656,-80,76,81
1743494500.682656,-96,-77,121
1743494500.717656,-42,18,223
1743494500.752656,111,58,225
1743494500.788656,-2,-25,67
1743494500.823656,31,24,117
1743494500.859656,65,-5,11
1743494500.894656,-40,6,47
1743494500.930656,-24,42,77
1743494500.965656,-112,-3,123
1743494501.000656,61,-71,231
1743494501.036656,3,86,127
1743494501.071656,-7,16,185
1743494501.107656,-69,90,51
1743494501.142656,-47,12,169
1743494501.178656,38,-4,205
1743494501.213656,20,25,161
1743494501.248656,1,-127,33
1743494501.284656,64,-36,191
1743494501.319656,2,-56,55
1743494501.355656,70,71,147
1743494501.390656,58,-44,33
1743494501.426656,78,27,201
1743494501.461656,-17,-32,149
1743494501.496656,70,-36,123
1743494501.532656,-7,-28,5
1743494501.567656,1,0,75
1743494501.603656,5,-11,139
1743494501.638656,49,-27,169
1743494501.6746562,-118,-31,123
1743494501.709656,101,24,151
1743494501.744656,-2,46,77
1743494501.780656,-11,0,203
1743494501.815656,-77,-15,129
1743494501.851656,98,-33,105
1743494501.886656,74,-32,101
1743494501.922656,-37,-82,151
1743494501.957656,-3,-28,179
1743494501.992656,28,-30,89
1743494502.028656,6,-68,85
1743494502.063656,-81,-20,91
1743494502.099656,20,-16,169
1743494502.134656,0,0,133
1743494502.170656,-99,3,53
1743494502.205656,64,-40,147
1743494502.240656,-73,-2,253
1743494502.2766562,-7,-52,357
1743494502.311656,24,19,101
1743494502.347656,16,71,131
1743494502.382656,-13,1,237
1743494502.418656,-27,29,11
1743494502.453656,-25,-64,113
1743494502.488656,16,-14,142
1743494502.524656,-15,-14,224
1743494502.559656,-11,-46,180
1743494502.5956562,-53,57,12
1743494502.630656,10,13,32
1743494502.666656,-23,-26,176
1743494502.701656,-7,19,88
1743494502.736656,66,31,80
1743494502.772656,59,50,172
1743494502.807656,-24,2,232
1743494502.843656,17,-51,90
1743494502.878656,-25,2,176
1743494502.9146562,-29,28,182
1743494502.949656,-3,-85,184
1743494502.984656,8,-5,124
1743494503.020656,90,-3,108
1743494503.055656,0,-39,284
1743494503.091656,84,-23,36
1743494503.126656,-17,-50,130
1743494503.162656,44,23,186
1743494503.1976562,20,-68,126
1743494503.232656,-7,37,106
1743494503.268656,-28,-11,68
1743494503.303656,6,40,90
1743494503.339656,-2,14,158
1743494503.374656,68,25,90
1743494503.410656,52,-24,42
1743494503.445656,63,38,170
1743494503.480656,-49,-70,26
1743494503.5166562,97,-96,84
1743494503.551656,72,-30,12
1743494503.587656,36,-78,116
1743494503.622656,34,77,94
1743494503.658656,-13,15,186
1743494503.694656,33,12,100
1743494503.730656,-65,-45,60
1743494503.7666562,-9,-55,156
1743494503.801656,29,64,64
1743494503.836656,39,-17,82
1743494503.872656,-5,-63,132
1743494503.908656,-30,56,202
1743494503.943656,52,10,206
1743494503.979656,-71,-40,32
1743494504.014656,22,59,76
1743494504.0496562,-17,9,184
1743494504.084656,14,-10,114
1743494504.120656,18,9,170
1743494504.156656,-27,71,126
1743494504.191656,34,27,114
1743494504.227656,-53,5,88
1743494504.262656,44,19,182
1743494504.297656,70,23,200
1743494504.332656,49,4,106
1743494504.3686562,-34,4,152
1743494504.4046562,33,30,152
1743494504.439656,15,-19,178
1743494504.475656,51,0,124
1743494504.510656,-52,-7,56
1743494504.545656,29,16,76
1743494504.580656,49,-10,96
1743494504.616656,-63,13,296
1743494504.652656,-57,11,114
1743494504.6876562,-15,35,42
1743494504.723656,-33,15,164
1743494504.758656,-17,-22,216
1743494504.793656,-25,-14,88
1743494504.828656,10,23,97
1743494504.864656,-53,-16,121
1743494504.900656,22,5,173
1743494504.935656,-53,-48,37
1743494504.971656,46,31,47
1743494505.0066562,78,67,147
1743494505.041656,-41,-48,191
1743494505.076656,-9,-24,177
1743494505.112656,-68,-15,121
1743494505.148656,33,44,57
1743494505.183656,-78,-36,257
1743494505.219656,-122,22,149
1743494505.254656,9,36,121
1743494505.2896562,9,-80,65
1743494505.324656,-28,58,173
1743494505.360656,83,29,11
1743494505.396656,-4,0,157
1743494505.431656,21,-27,95
1743494505.467656,5,-28,75
1743494505.502656,19,-2,93
1743494505.537656,-14,23,189
1743494505.5726562,-38,-40,159
1743494505.6086562,-72,4,219
1743494505.644656,-6,9,129
1743494505.679656,1,-44,121
1743494505.715656,34,9,171
1743494505.750656,-20,21,29
1743494505.785656,-72,-90,91
1743494505.820656,-62,-50,79
1743494505.856656,53,9,195
1743494505.892656,13,31,239
1743494505.928656,101,3,101
1743494505.964656,47,-14,15
1743494505.999656,19,63,79
1743494506.035656,51,-13,107
1743494506.070656,39,-51,123
1743494506.105656,5,0,141
1743494506.140656,-50,64,103
1743494506.176656,1,14,147
1743494506.212656,51,14,129
1743494506.247656,29,-53,59
1743494506.283656,45,64,177
1743494506.318656,25,-15,97
1743494506.353656,12,-34,49
1743494506.388656,4,-56,99
1743494506.4246562,-59,23,135
1743494506.4606562,71,-23,121
1743494506.495656,0,-45,93
1743494506.531656,-68,-11,181
1743494506.566656,10,-27,169
1743494506.601656,59,-41,137
1743494506.636656,-15,10,101
1743494506.672656,26,11,215
1743494506.708656,-6,0,125
1743494506.7436562,-2,-40,113
1743494506.7796562,43,-18,139
1743494506.814656,-8,-26,197
1743494506.849656,77,-14,233
1743494506.884656,17,73,53
1743494506.920656,-66,31,195
1743494506.956656,98,-8,119
1743494506.991656,-41,25,195
1743494507.027656,54,65,67
1743494507.0626562,-5,-46,101
1743494507.097656,24,29,63
1743494507.132656,-35,-16,45
1743494507.168656,-28,27,69
1743494507.204656,72,-58,227
1743494507.239656,-12,52,131
1743494507.275656,-34,-11,87
1743494507.310656,-52,28,115
1743494507.3456562,-100,38,53
1743494507.380656,58,-65,269
1743494507.416656,95,18,144
1743494507.452656,-43,-79,139
1743494507.487656,23,35,177
1743494507.523656,-11,48,156
1743494507.558656,56,-41,74
1743494507.593656,14,28,0
1743494507.628656,-17,62,62
1743494507.6646562,28,-19,106
1743494507.700656,-25,32,194
1743494507.735656,4,14,-23
1743494507.771656,-28,86,234
1743494507.806656,21,-73,150
1743494507.841656,3,-1,236
1743494507.876656,-27,17,86
1743494507.912656,0,71,54
1743494507.948656,6,59,40
1743494507.9836562,122,-22,132
1743494508.019656,-15,-44,158
1743494508.054656,82,-124,180
1743494508.089656,-101,35,160
1743494508.124656,78,-60,192
1743494508.160656,18,-12,318
1743494508.196656,44,3,176
1743494508.231656,-53,-4,23
1743494508.267656,-41,3,58
1743494508.302656,-59,9,281
1743494508.337656,16,-22,79
1743494508.372656,-89,-14,151
1743494508.408656,8,51,3
1743494508.444656,-25,1,197
1743494508.479656,-20,-7,101
1743494508.515656,-8,-35,9
1743494508.550656,-74,28,39
1743494508.5856562,-18,54,189
1743494508.620656,-28,14,67
1743494508.656656,-12,88,101
1743494508.692656,71,-5,167
1743494508.727656,-78,27,17
1743494508.763656,37,59,165
1743494508.798656,-24,62,39
1743494508.833656,5,9,193
1743494508.8686562,3,-7,-28
1743494508.9046562,31,-46,259
1743494508.940656,-45,-22,153
1743494508.975656,-12,15,143
1743494509.011656,29,-31,185
1743494509.046656,-8,-56,203
1743494509.081656,95,-56,193
1743494509.116656,3,-54,295
1743494509.152656,7,-8,111
1743494509.188656,-30,-24,105
1743494509.223656,3,-10,-6
1743494509.259656,0,29,137
1743494509.294656,-10,-42,123
1743494509.336656,-10,-4,168
1743494509.372656,0,0,226
1743494509.408656,2,-72,326
1743494509.444656,-29,39,82
1743494509.479656,13,60,156
1743494509.515656,25,-24,142
1743494509.550656,19,-24,64
1743494509.5856562,35,-14,160
1743494509.620656,-32,-34,76
1743494509.656656,-87,-58,104
1743494509.692656,-62,-36,120
1743494509.727656,-26,-86,234
1743494509.763656,-30,15,72
1743494509.798656,-32,-22,94
1743494509.833656,37,49,110
1743494509.869656,37,-38,66
1743494509.9046562,89,57,-3
1743494509.940656,11,-58,144
1743494509.975656,-42,-40,158
1743494510.011656,39,-40,113
1743494510.046656,26,-7,49
1743494510.081656,0,-48,145
1743494510.117656,53,-69,85
1743494510.152656,104,44,123
1743494510.188656,-23,87,93
1743494510.223656,-6,33,143
1743494510.259656,-49,23,137
1743494510.294656,-5,-20,75
1743494510.329656,10,31,55
1743494510.365656,-31,-39,105
1743494510.400656,22,12,205
1743494510.436656,28,-3,159
1743494510.471656,80,-25,127
1743494510.507656,-35,82,181
1743494510.542656,18,-7,141
1743494510.577656,22,24,173
1743494510.613656,34,65,147
1743494510.648656,-1,6,145
1743494510.684656,4,1,15
1743494510.719656,32,41,95
1743494510.755656,52,-2,121
1743494510.790656,-17,-4,-24
1743494510.825656,-89,43,187
1743494510.861656,20,-22,157
1743494510.896656,18,35,203
1743494510.932656,-61,-4,107
1743494510.967656,1,61,165
1743494511.003656,5,21,101
1743494511.038656,13,50,125
1743494511.073656,16,38,13
1743494511.109656,70,-13,73
1743494511.144656,-47,13,87
1743494511.180656,23,6,45
1743494511.215656,47,32,103
1743494511.251656,49,-61,157
1743494511.286656,-36,0,119
1743494511.321656,-40,9,203
1743494511.357656,82,-43,15
1743494511.392656,19,-15,165
1743494511.428656,39,42,163
1743494511.463656,31,102,127
1743494511.499656,4,-59,173
1743494511.534656,-5,20,67
1743494511.569656,-13,-79,73
1743494511.605656,10,50,123
1743494511.640656,24,36,253
1743494511.676656,-81,22,207
1743494511.711656,-1,-54,193
1743494511.747656,44,-50,169
1743494511.782656,60,-16,225
1743494511.817656,-5,71,123
1743494511.853656,2,23,17
1743494511.888656,-51,63,241
1743494511.9246562,-47,45,189
1743494511.959656,34,-18,39
1743494511.995656,46,1,175
1743494512.030656,-43,25,-22
1743494512.065656,-11,-2,241
1743494512.101656,14,-8,161
1743494512.136656,20,25,159
1743494512.172656,56,-36,149
1743494512.207656,-11,-73,207
1743494512.2436562,28,68,275
1743494512.278656,22,-22,287
1743494512.313656,-19,-20,91
1743494512.349656,-31,-18,173
1743494512.384656,-21,35,89
1743494512.420656,-41,5,211
1743494512.455656,15,15,149
1743494512.491656,-58,17,151
1743494512.5266562,-46,-14,109
1743494512.561656,-12,25,5
1743494512.597656,-2,-20,187
1743494512.632656,-80,19,229
1743494512.668656,-6,13,115
1743494512.703656,37,-2,39
1743494512.739656,27,40,111
1743494512.774656,-32,-47,219
1743494512.809656,-30,2,199
1743494512.8456562,9,-36,155
1743494512.880656,1,-27,325
1743494512.916656,-82,-21,173
1743494512.951656,13,14,117
1743494512.987656,41,38,169
1743494513.022656,3,14,185
1743494513.057656,0,-7,171
1743494513.093656,13,32,75
1743494513.128656,-86,-25,135
1743494513.1646562,-91,-14,145
1743494513.199656,12,-38,189
1743494513.234656,-1,41,127
1743494513.269656,-25,-44,135
1743494513.305656,-33,41,175
1743494513.341656,-56,-17,114
1743494513.376656,-12,46,186
1743494513.412656,-66,2,116
1743494513.4476562,-30,36,246
1743494513.482656,-20,-11,170
1743494513.517656,-64,-61,258
1743494513.553656,66,-41,196
1743494513.589656,36,-31,160
1743494513.624656,4,-7,120
1743494513.660656,44,58,180
1743494513.695656,10,24,212
1743494513.730656,24,2,48
1743494513.765656,2,32,158
1743494513.801656,41,-17,306
1743494513.837656,-64,-41,200
1743494513.872656,-41,-6,-71
1743494513.908656,-30,24,84
1743494513.943656,-12,40,58
1743494513.978656,42,1,18
1743494514.013656,-16,-21,24
1743494514.0496562,-92,-9,74
1743494514.0856562,145,24,216
1743494514.120656,48,30,68
1743494514.156656,-73,-7,146
1743494514.191656,-21,56,130
1743494514.226656,24,-3,64
1743494514.261656,10,10,126
1743494514.297656,24,8,178
1743494514.333656,-11,-14,134
1743494514.3686562,0,-24,260
1743494514.4046562,-39,-10,198
1743494514.439656,96,-22,212
1743494514.474656,60,15,111
1743494514.509656,-97,0,202
1743494514.545656,-3,-2,81
1743494514.581656,22,72,157
1743494514.616656,24,76,237
1743494514.652656,18,5,233
1743494514.6876562,-57,39,131
1743494514.722656,0,-80,177
1743494514.757656,-44,-25,269
1743494514.793656,-28,-7,87
1743494514.829656,72,-6,123
1743494514.864656,58,11,113
1743494514.900656,-60,-79,80
1743494514.935656,3,-49,16
1743494514.9706562,-56,-21,190
1743494515.005656,11,-29,278
1743494515.042656,-18,36,100
1743494515.077656,51,-5,198
1743494515.113656,47,4,140
1743494515.149656,7,23,183
1743494515.184656,31,-31,209
1743494515.2206562,-6,-97,100
1743494515.255656,19,-51,224
1743494515.290656,37,39,88
1743494515.325656,65,-45,148
1743494515.361656,-7,-14,165
1743494515.397656,-60,24,4
1743494515.432656,-74,-28,148
1743494515.468656,0,16,90
1743494515.503656,0,33,21
1743494515.538656,16,-44,109
1743494515.573656,67,7,137
1743494515.609656,-16,3,153
1743494515.645656,-3,-44,239
1743494515.680656,7,61,191
1743494515.716656,-3,-38,101
1743494515.751656,117,0,77
1743494515.786656,15,-13,123
1743494515.821656,-48,14,169
1743494515.857656,-1,81,193
1743494515.893656,-29,-22,140
1743494515.928656,-5,9,12
1743494515.964656,-5,55,274
1743494515.999656,-51,83,279
1743494516.034656,-31,-40,193
1743494516.069656,10,-60,98
1743494516.105656,57,-55,200
1743494516.1416562,-44,-5,115
1743494516.176656,-82,-11,141
1743494516.212656,-61,32,165
1743494516.247656,4,-13,36
1743494516.282656,34,-109,16
1743494516.317656,18,-49,58
1743494516.353656,42,-43,144
1743494516.389656,6,-29,236
1743494516.4246562,73,-21,148
1743494516.4606562,35,16,95
1743494516.495656,29,62,45
1743494516.530656,-60,-4,247
1743494516.565656,99,-43,170
1743494516.601656,0,20,140
1743494516.637656,65,10,110
1743494516.672656,-22,-39,181
1743494516.708656,9,44,175
1743494516.7436562,55,24,113
1743494516.778656,57,-55,167
1743494516.813656,-30,-31,143
1743494516.849656,-18,9,109
1743494516.885656,-38,63,8
1743494516.920656,53,-17,181
1743494516.956656,2,-38,133
1743494516.991656,46,-36,159
1743494517.0266562,-34,-6,21
1743494517.061656,23,-30,123
1743494517.097656,55,-63,189
1743494517.133656,-30,-5,57
1743494517.168656,89,-31,95
1743494517.204656,23,-67,183
1743494517.239656,0,18,85
1743494517.274656,-26,24,89
1743494517.309656,-24,-27,215
1743494517.3456562,93,-65,185
1743494517.3816562,3,-67,137
1743494517.416656,22,-28,39
1743494517.452656,-25,-40,121
1743494517.487656,-3,54,98
1743494517.522656,50,-1,226
1743494517.557656,-57,24,218
1743494517.593656,-3,-43,162
1743494517.629656,-7,86,100
1743494517.6646562,-12,6,32
1743494517.700656,13,-8,108
1743494517.735656,-2,14,186
1743494517.770656,-4,-35,90
1743494517.805656,-12,32,160
1743494517.841656,0,-35,200
1743494517.877656,9,-13,178
1743494517.912656,-16,42,96
1743494517.948656,-4,-55,208
1743494517.9836562,-50,32,-33
1743494518.018656,-2,10,208
1743494518.053656,39,-11,114
1743494518.089656,21,-17,202
1743494518.125656,139,32,128
1743494518.160656,1,26,46
1743494518.196656,-28,-29,168
1743494518.231656,35,80,148
1743494518.2666562,7,-59,40
1743494518.301656,43,-37,58
1743494518.337656,-76,2,36
1743494518.373656,-6,54,112
1743494518.408656,-46,-23,112
1743494518.444656,-10,76,134
1743494518.479656,-6,-29,22
1743494518.514656,-15,-81,114
1743494518.5496562,-43,-16,182
1743494518.5856562,28,63,216
1743494518.621656,48,-38,190
1743494518.656656,-33,-86,140
1743494518.692656,16,25,144
1743494518.727656,-5,49,166
1743494518.762656,12,27,-41
1743494518.797656,71,34,186
1743494518.833656,-30,26,192
1743494518.869656,69,-45,105
1743494518.9046562,-36,-15,105
1743494518.940656,73,28,39
1743494518.975656,39,-7,-4
1743494519.010656,-6,-31,317
1743494519.045656,-40,-17,185
1743494519.081656,0,-8,131
1743494519.117656,-25,0,149
1743494519.152656,-30,52,141
1743494519.188656,-81,60,79
1743494519.223656,-28,36,88
1743494519.258656,30,59,204
1743494519.294656,37,36,196
1743494519.329656,44,-69,96
1743494519.372656,33,4,106
1743494519.408656,-48,4,100
1743494519.444656,19,-45,74
1743494519.479656,29,44,142
1743494519.514656,-36,98,172
1743494519.550656,-76,-15,170
1743494519.5856562,-22,-41,46
1743494519.621656,-82,78,18
1743494519.656656,35,2,50
1743494519.692656,35,-37,330
1743494519.727656,-18,30,196
1743494519.762656,-56,-1,124
1743494519.798656,87,-19,94
1743494519.833656,57,28,114
1743494519.869656,41,33,146
1743494519.9046562,-38,27,160
1743494519.940656,-22,-22,124
1743494519.975656,5,3,60
1743494520.010656,-24,-12,16
1743494520.046656,69,2,192
1743494520.081656,45,32,120
1743494520.117656,-90,36,34
1743494520.152656,-50,6,158
1743494520.188656,48,-87,244
1743494520.223656,-34,6,178
1743494520.258656,37,-63,218
1743494520.294656,-96,-17,176
1743494520.329656,13,18,158
1743494520.365656,15,-21,142
1743494520.400656,-71,6,136
1743494520.436656,106,90,144
1743494520.471656,-53,-63,44
1743494520.5066562,-54,-13,214
1743494520.542656,24,-68,66
1743494520.577656,20,-2,22
1743494520.613656,-47,2,100
1743494520.648656,16,54,120
1743494520.684656,-25,12,124
1743494520.719656,57,-37,139
1743494520.754656,1,-7,139
1743494520.790656,-6,20,143
1743494520.825656,5,-89,139
1743494520.861656,-50,10,221
1743494520.896656,-52,40,73
1743494520.932656,97,13,191
1743494520.967656,77,-38,161
1743494521.002656,-8,-22,153
1743494521.038656,-4,116,109
1743494521.073656,-16,-1,189
1743494521.109656,-34,-46,125
1743494521.144656,27,-34,139
1743494521.180656,-28,18,85
1743494521.215656,89,-44,209
1743494521.250656,-28,41,119
1743494521.286656,14,-30,113
1743494521.321656,-113,21,191
1743494521.357656,30,21,59
1743494521.392656,35,24,91
1743494521.428656,-97,17,121
1743494521.463656,18,-50,179
1743494521.498656,20,61,90
1743494521.534656,-49,23,222
1743494521.569656,74,-52,94
1743494521.605656,-6,-30,116
1743494521.640656,-8,-24,52
1743494521.676656,-32,-17,228
1743494521.711656,-98,-19,162
1743494521.746656,-40,0,270
1743494521.782656,-16,-5,96
1743494521.817656,-52,-5,94
1743494521.853656,71,-41,70
1743494521.888656,83,40,76
1743494521.9246562,-22,20,46
1743494521.959656,1,90,134
1743494521.994656,53,-33,244
1743494522.030656,31,-4,46
1743494522.065656,-42,-14,130
1743494522.101656,17,3,176
1743494522.136656,0,85,168
1743494522.172656,-52,21,74
1743494522.207656,-40,65,148
1743494522.242656,43,44,168
1743494522.278656,-69,-26,72
1743494522.313656,33,-44,70
1743494522.349656,48,1,132
1743494522.384656,-10,29,142
1743494522.420656,26,31,34
1743494522.455656,-29,11,88
1743494522.490656,46,29,158
1743494522.5266562,-91,71,214
1743494522.561656,20,31,92
1743494522.597656,10,53,116
1743494522.632656,-29,-92,154
1743494522.668656,-11,33,64
1743494522.704656,-10,58,190
1743494522.740656,25,-1,270
1743494522.7766562,-18,66,72
1743494522.811656,-85,37,168
1743494522.846656,-17,45,38
1743494522.882656,-21,33,60
1743494522.918656,-27,17,34
1743494522.953656,-121,19,268
1743494522.989656,76,47,124
1743494523.024656,-49,15,160
1743494523.059656,18,19,100
1743494523.094656,46,27,42
1743494523.130656,-9,59,124
1743494523.166656,54,15,46
1743494523.201656,-13,47,150
1743494523.237656,36,-32,116
1743494523.272656,-13,-31,106
1743494523.307656,-26,50,80
1743494523.342656,-14,6,116
1743494523.378656,97,-7,180
1743494523.4146562,9,-7,158
1743494523.449656,-34,-35,70
1743494523.485656,13,46,166
1743494523.520656,53,30,74
1743494523.555656,83,8,50
1743494523.590656,34,-53,174
1743494523.626656,-35,-17,134
1743494523.662656,38,6,62
1743494523.6976562,2,24,182
1743494523.7336562,-7,-43,282
1743494523.768656,34,-8,62
1743494523.803656,-49,-30,136
1743494523.838656,42,-72,70
1743494523.874656,-24,23,250
1743494523.910656,-29,-30,126
1743494523.945656,-58,-22,244
1743494523.981656,-10,3,214
1743494524.0166562,-48,15,180
1743494524.051656,-96,-64,154
1743494524.086656,-50,87,88
1743494524.122656,17,35,68
1743494524.158656,-18,5,128
1743494524.193656,-3,61,262
1743494524.229656,-29,33,92
1743494524.264656,-22,21,-1
1743494524.2996562,34,64,216
1743494524.334656,-57,-10,202
1743494524.370656,-47,51,90
1743494524.406656,-36,-14,60
1743494524.441656,-58,17,176
1743494524.477656,66,61,200
1743494524.512656,42,-28,162
1743494524.547656,20,11,148
1743494524.582656,-87,-32,198
1743494524.6186562,60,-21,132
1743494524.6546562,-93,-28,121
1743494524.689656,40,-38,169
1743494524.725656,-49,3,196
1743494524.760656,2,-35,76
1743494524.795656,18,13,145
1743494524.830656,32,-42,189
1743494524.866656,44,-102,317
1743494524.902656,70,-59,99
1743494524.9376562,32,-25,81
1743494524.973656,72,77,201
1743494525.008656,0,111,167
1743494525.043656,4,11,183
1743494525.078656,-51,35,181
1743494525.114656,116,3,73
1743494525.150656,-81,-52,151
1743494525.185656,-17,-84,23
1743494525.221656,-53,-26,133
1743494525.2566562,103,-4,219
1743494525.291656,81,-6,196
1743494525.326656,0,41,96
1743494525.362656,118,-36,0
1743494525.398656,3,33,174
1743494525.433656,-52,5,138
1743494525.469656,33,9,108
1743494525.504656,29,7,120
1743494525.5396562,24,21,-15
1743494525.574656,-23,49,82
1743494525.610656,2,-54,96
1743494525.646656,-57,64,88
1743494525.681656,-65,-31,58
1743494525.717656,34,52,-15
1743494525.752656,-25,15,186
1743494525.787656,-53,-14,108
1743494525.8226562,-33,55,108
1743494525.8586562,-92,-12,146
1743494525.894656,-19,5,84
1743494525.929656,74,41,170
1743494525.965656,-5,-36,212
1743494526.000656,-65,41,42
1743494526.035656,-27,31,146
1743494526.070656,-37,55,119
1743494526.106656,-19,-16,153
1743494526.142656,-79,-50,61
1743494526.177656,-5,11,191
1743494526.213656,-1,-14,185
1743494526.248656,-61,-34,211
1743494526.283656,62,-13,183
1743494526.318656,10,-30,133
1743494526.354656,16,4,81
1743494526.390656,-37,-5,199
1743494526.425656,-55,-91,13
1743494526.461656,50,45,241
1743494526.496656,2,-44,141
1743494526.531656,-37,-29,47
1743494526.566656,-7,-5,135
1743494526.602656,-11,10,217
1743494526.638656,48,-19,105
1743494526.673656,26,14,225
1743494526.709656,-12,-11,39
1743494526.744656,-48,-16,147
1743494526.7796562,-11,-2,0
1743494526.814656,-35,-26,167
1743494526.850656,14,33,165
1743494526.886656,44,-84,103
1743494526.921656,7,-20,-8
1743494526.957656,117,-57,19
1743494526.992656,-16,72,211
1743494527.027656,-14,30,93
1743494527.0626562,141,-30,91
1743494527.098656,-64,-26,227
1743494527.134656,-10,11,119
1743494527.169656,13,-26,39
1743494527.205656,-8,27,27
1743494527.240656,107,-32,183
1743494527.275656,0,49,211
1743494527.310656,88,15,75
1743494527.346656,24,-6,91
1743494527.382656,-33,-36,151
1743494527.417656,14,-6,41
1743494527.453656,-59,35,59
1743494527.488656,-7,25,95
1743494527.523656,48,9,7
1743494527.558656,-29,81,113
1743494527.594656,54,-8,-30
1743494527.630656,52,-14,41
1743494527.665656,34,3,117
1743494527.701656,20,-28,111
1743494527.736656,32,1,133
1743494527.771656,-17,-60,207
1743494527.806656,22,0,73
1743494527.842656,24,-28,-12
1743494527.878656,-23,1,85
1743494527.913656,14,-32,57
1743494527.949656,-27,-32,-82
1743494527.984656,26,-14,157
1743494528.019656,70,-2,145
1743494528.054656,66,-24,157
1743494528.090656,-15,11,135
1743494528.126656,10,71,128
1743494528.161656,-67,-24,196
1743494528.1976562,-45,13,146
1743494528.232656,-21,136,63
1743494528.267656,-65,-12,251
1743494528.302656,36,1,137
1743494528.338656,-15,7,115
1743494528.374656,-62,19,29
1743494528.409656,-32,81,-34
1743494528.445656,-83,1,131
1743494528.480656,-37,-19,221
1743494528.515656,-1,-38,180
1743494528.550656,22,-22,213
1743494528.586656,-21,37,188
1743494528.622656,26,-54,254
1743494528.657656,112,33,272
1743494528.693656,56,-38,314
1743494528.728656,-11,35,166
1743494528.763656,4,73,54
1743494528.7996562,24,-24,114
1743494528.834656,46,-8,128
1743494528.870656,-33,-36,152
1743494528.905656,4,1,76
1743494528.941656,-25,-4,178
1743494528.976656,4,63,178
1743494529.011656,26,-52,100
1743494529.047656,-87,3,126
1743494529.082656,28,31,80
1743494529.1186562,12,25,54
1743494529.153656,-81,-30,126
1743494529.189656,20,39,218
1743494529.224656,-11,-44,286
1743494529.259656,50,37,268
1743494529.295656,-5,-46,96
1743494529.330656,-51,-8,168
1743494529.373656,30,-2,44
1743494529.409656,26,-2,114
1743494529.445656,0,-36,210
1743494529.480656,0,-26,66
1743494529.515656,-49,0,119
1743494529.551656,-45,3,203
1743494529.586656,38,15,125
1743494529.622656,-43,-34,165
1743494529.657656,-9,-32,224
1743494529.693656,26,-32,135
1743494529.728656,22,-18,153
1743494529.763656,-1,-34,157
1743494529.7996562,-59,-42,159
1743494529.834656,32,-46,183
1743494529.870656,34,46,79
1743494529.905656,-45,-38,117
1743494529.941656,76,-10,105
1743494529.976656,-15,1,5
1743494530.011656,-95,-62,67
1743494530.047656,82,-65,289
1743494530.082656,42,6,179
1743494530.1186562,-63,42,97
1743494530.153656,24,-7,191
1743494530.189656,-19,-43,153
1743494530.224656,40,-11,161
1743494530.259656,8,71,197
1743494530.295656,19,1,91
1743494530.330656,29,3,177
1743494530.366656,-14,15,179
1743494530.4016562,-47,-52,137
1743494530.4376562,-5,-30,127
1743494530.472656,-10,31,229
1743494530.507656,-54,-30,87
1743494530.543656,-44,19,119
1743494530.578656,-94,10,105
1743494530.614656,30,28,159
1743494530.649656,-14,-3,145
1743494530.685656,71,-6,177
1743494530.7206562,15,-54,179
1743494530.755656,-2,-10,79
1743494530.791656,-5,1,129
1743494530.826656,-9,-20,143
1743494530.862656,-51,-26,251
1743494530.897656,18,3,197
1743494530.932656,32,23,137
1743494530.967656,-39,17,191
1743494531.003656,-46,31,185
1743494531.0396562,-36,-48,161
1743494531.074656,12,5,189
1743494531.110656,31,23,119
1743494531.145656,-22,0,147
1743494531.181656,113,19,175
1743494531.216656,-22,-4,27
1743494531.251656,19,-14,205
1743494531.287656,23,75,139
1743494531.3226562,-26,65,73
1743494531.3586562,-42,47,51
1743494531.393656,-48,25,49
1743494531.429656,-32,-78,73
1743494531.464656,47,41,123
1743494531.499656,19,-22,173
1743494531.535656,18,-30,233
1743494531.570656,39,-8,241
1743494531.606656,-26,15,145
1743494531.6416562,-34,-14,229
1743494531.677656,9,-75,203
1743494531.712656,33,-7,203
1743494531.747656,-60,122,123
1743494531.783656,9,12,55
1743494531.818656,-51,16,127
1743494531.854656,50,32,121
1743494531.889656,27,-11,107
1743494531.925656,-2,36,73
1743494531.9606562,-10,32,47
1743494531.995656,-6,82,165
1743494532.031656,-60,50,65
1743494532.066656,-52,-31,-8
1743494532.102656,-13,-39,81
1743494532.137656,54,8,181
1743494532.173656,86,24,87
1743494532.209656,16,10,161
1743494532.245656,-74,-29,89
1743494532.281656,-17,40,92
1743494532.317656,-70,-31,120
1743494532.353656,10,90,168
1743494532.388656,-20,36,280
1743494532.423656,-28,15,202
1743494532.459656,71,21,80
1743494532.495656,0,-1,92
1743494532.530656,-5,-25,112
1743494532.566656,59,-51,170
1743494532.601656,61,-37,242
1743494532.636656,-30,-83,28
1743494532.671656,-42,-65,26
1743494532.707656,-24,8,88
1743494532.7436562,-43,-17,156
1743494532.778656,50,-59,260
1743494532.814656,18,36,170
1743494532.849656,27,54,102
1743494532.884656,-56,-33,166
1743494532.919656,29,26,90
1743494532.955656,21,56,106
1743494532.991656,61,45,222
1743494533.0266562,8,4,238
1743494533.0626562,-12,-26,98
1743494533.097656,-30,13,98
1743494533.132656,18,-31,67
1743494533.167656,-5,-19,139
1743494533.203656,-2,4,49
1743494533.239656,-36,2,129
1743494533.274656,-32,50,115
1743494533.310656,55,-43,209
1743494533.3456562,-84,-5,177
1743494533.380656,-14,-37,225
1743494533.415656,15,30,139
1743494533.451656,39,-41,119
1743494533.487656,4,92,125
1743494533.522656,105,10,181
1743494533.558656,25,-15,155
1743494533.593656,-8,-37,151
1743494533.628656,17,-17,67
1743494533.663656,97,64,259
1743494533.699656,15,-1,59
1743494533.735656,1,0,61
1743494533.770656,-24,-1,81
1743494533.806656,100,6,149
1743494533.841656,-2,8,159
1743494533.876656,11,-27,179
1743494533.911656,25,4,159
1743494533.9476562,-22,-7,205
1743494533.9836562,-24,-27,145
1743494534.018656,23,-21,111
1743494534.054656,-85,-13,155
1743494534.089656,-1,-17,209
1743494534.124656,20,-31,151
1743494534.159656,50,20,99
1743494534.195656,-51,14,111
1743494534.231656,-5,-7,89
1743494534.2666562,41,44,177
1743494534.302656,-51,-67,123
1743494534.337656,-28,10,63
1743494534.372656,69,-40,235
1743494534.407656,19,79,77
1743494534.443656,-46,19,161
1743494534.479656,-42,1,181
1743494534.514656,7,-10,67
1743494534.550656,-12,-35,141
1743494534.5856562,-44,-16,57
1743494534.620656,-30,-32,220
1743494534.655656,61,-16,21
1743494534.691656,53,33,168
1743494534.727656,31,-40,192
1743494534.762656,-98,-2,128
1743494534.798656,0,61,114
1743494534.833656,-6,-68,78
1743494534.8686562,67,-20,52
1743494534.903656,16,-1,50
1743494534.939656,-16,-20,172
1743494534.975656,37,-74,250
1743494535.010656,-32,-10,204
1743494535.046656,-38,-4,86
1743494535.081656,-48,27,100
1743494535.116656,32,3,96
1743494535.1516562,65,81,18
1743494535.1876562,43,-82,146
1743494535.223656,-8,15,88
1743494535.258656,-36,42,130
1743494535.294656,5,25,186
1743494535.329656,-62,19,-21
1743494535.364656,37,117,136
1743494535.399656,77,-26,69
1743494535.435656,31,-30,25
1743494535.471656,27,45,169
1743494535.5066562,27,55,199
1743494535.542656,-49,-27,105
1743494535.577656,-31,20,63
1743494535.612656,-13,53,121
1743494535.647656,36,-58,129
1743494535.683656,-61,-30,179
1743494535.719656,-61,53,141
1743494535.754656,112,29,-22
1743494535.790656,42,15,271
1743494535.825656,-20,0,145
1743494535.860656,37,21,237
1743494535.895656,-4,-36,41
1743494535.931656,23,37,147
1743494535.967656,-14,-60,213
1743494536.002656,64,-35,231
1743494536.038656,15,10,59
1743494536.073656,-10,-73,47
1743494536.1086562,-22,-35,131
1743494536.143656,-48,-33,91
1743494536.179656,33,-3,161
1743494536.215656,149,0,239
1743494536.250656,34,-57,127
1743494536.286656,-15,-32,245
1743494536.321656,-3,-26,271
1743494536.356656,54,-50,309
1743494536.3916562,-1,3,117
1743494536.427656,-18,-26,99
1743494536.463656,-60,41,129
1743494536.498656,38,35,169
1743494536.534656,86,1,175
1743494536.569656,-19,-65,27
1743494536.604656,29,30,165
1743494536.639656,4,38,135
1743494536.675656,65,-93,221
1743494536.711656,0,4,103
1743494536.746656,-45,-9,135
1743494536.782656,8,-105,-10
1743494536.817656,24,33,195
1743494536.852656,30,8,207
1743494536.887656,9,33,63
1743494536.923656,107,19,207
1743494536.959656,15,69,133
1743494536.994656,-11,11,153
1743494537.030656,4,55,137
1743494537.065656,43,7,45
1743494537.100656,-52,19,117
1743494537.135656,15,-23,225
1743494537.171656,33,46,125
1743494537.207656,111,-11,55
1743494537.242656,73,108,87
1743494537.278656,-18,-47,149
1743494537.313656,43,12,125
1743494537.348656,3,46,211
1743494537.383656,-90,24,123
1743494537.419656,-96,-5,237
1743494537.455656,-72,-19,153
1743494537.490656,9,34,65
1743494537.5266562,-78,-19,51
1743494537.561656,1,56,137
1743494537.596656,14,74,47
1743494537.6316562,35,-25,0
1743494537.667656,-44,16,179
1743494537.703656,-12,-17,111
1743494537.738656,-134,-5,137
1743494537.774656,-28,40,89
1743494537.809656,-12,-55,203
1743494537.844656,-65,-45,70
1743494537.879656,4,-37,175
1743494537.915656,84,20,170
1743494537.951656,-71,22,110
1743494537.986656,38,-36,102
1743494538.022656,48,-18,160
1743494538.057656,24,-98,150
1743494538.092656,0,-44,175
1743494538.127656,76,0,183
1743494538.163656,-29,-6,171
1743494538.199656,20,-42,165
1743494538.234656,28,-34,51
1743494538.270656,-41,-12,53
1743494538.305656,16,-22,170
1743494538.340656,-77,-65,44
1743494538.376656,68,28,184
1743494538.411656,-75,-1,134
1743494538.4476562,4,-57,56
1743494538.482656,14,-85,146
1743494538.518656,-3,24,80
1743494538.553656,90,-31,152
1743494538.588656,10,-104,168
1743494538.624656,-59,49,170
1743494538.659656,28,84,-37
1743494538.695656,-31,-40,252
1743494538.730656,-25,22,-5
1743494538.7666562,58,40,88
1743494538.801656,-13,20,164
1743494538.836656,14,64,140
1743494538.872656,-19,-5,184
1743494538.907656,-15,-23,124
1743494538.943656,-75,-17,200
1743494538.978656,2,-3,168
1743494539.014656,-59,11,154
1743494539.0496562,10,47,306
1743494539.084656,32,35,38
1743494539.120656,-27,11,136
1743494539.155656,78,-54,60
1743494539.191656,-88,65,178
1743494539.226656,72,17,78
1743494539.262656,41,19,114
1743494539.297656,-8,-36,126
1743494539.332656,11,9,128
1743494539.375656,-98,-4,178
1743494539.411656,9,43,176
1743494539.4476562,-32,-62,178
1743494539.482656,-42,-88,96
1743494539.518656,-1,-48,54
1743494539.553656,-4,-66,182
1743494539.588656,-21,20,118
1743494539.624656,7,-49,156
1743494539.659656,-86,-32,148
1743494539.695656,-26,35,78
1743494539.730656,-34,-6,24
1743494539.7666562,-84,-60,166
1743494539.801656,-15,-60,136
1743494539.836656,-97,5,116
1743494539.872656,34,-28,240
1743494539.907656,-14,33,102
1743494539.943656,94,-68,204
1743494539.978656,-32,-48,158
1743494540.014656,-16,-12,120
1743494540.0496562,-68,45,4
1743494540.084656,-36,-36,67
1743494540.120656,-66,29,22
1743494540.155656,-30,127,72
1743494540.191656,-28,-16,156
1743494540.226656,-55,27,41
1743494540.262656,-41,17,129
1743494540.297656,31,49,181
1743494540.332656,37,-50,85
1743494540.3686562,-6,-10,181
1743494540.403656,-57,63,97
1743494540.439656,-30,15,117
1743494540.474656,-100,1,147
1743494540.510656,107,-54,153
1743494540.545656,-8,-22,215
1743494540.580656,29,-60,75
1743494540.616656,15,25,27
1743494540.6516562,13,49,35
1743494540.6876562,-70,41,98
1743494540.722656,39,43,160
1743494540.758656,-31,-22,132
1743494540.793656,18,-60,158
1743494540.828656,0,0,76
1743494540.864656,-61,33,88
1743494540.899656,-84,57,110
1743494540.935656,67,37,188
1743494540.9706562,-30,-28,70
1743494541.0066562,-9,-26,220
1743494541.041656,-77,51,120
1743494541.076656,-3,-2,155
1743494541.112656,-83,69,68
1743494541.147656,7,15,288
1743494541.183656,-69,-51,190
1743494541.218656,26,60,312
1743494541.254656,-23,14,148
1743494541.2896562,-38,-49,108
1743494541.324656,59,2,226
1743494541.360656,3,30,46
1743494541.395656,51,8,198
1743494541.431656,11,-45,274
1743494541.466656,-4,-47,114
1743494541.502656,11,-1,210
1743494541.537656,-34,2,216
1743494541.5726562,99,-31,184
1743494541.6086562,65,-56,106
1743494541.643656,19,27,22
1743494541.679656,-42,-48,198
1743494541.714656,-74,10,250
1743494541.750656,-38,38,204
1743494541.786656,59,-40,124
1743494541.8226562,5,61,236
1743494541.8586562,-14,13,162
1743494541.893656,-26,17,104
1743494541.928656,70,-10,154
1743494541.964656,82,-4,30
1743494542.000656,20,-16,108
1743494542.035656,-47,-38,80
1743494542.071656,0,-22,-57
1743494542.106656,0,-40,220
1743494542.1416562,86,62,-3
1743494542.176656,2,-39,172
1743494542.212656,36,10,180
1743494542.248656,24,-91,138
1743494542.283656,-37,0,36
1743494542.319656,74,-23,268
1743494542.354656,18,-9,84
1743494542.389656,24,10,316
1743494542.4246562,18,-7,74
1743494542.4606562,-19,-28,216
1743494542.496656,92,-18,176
1743494542.531656,-37,33,136
1743494542.567656,-115,7,94
1743494542.602656,-5,-78,66
1743494542.637656,-15,-26,58
1743494542.672656,0,-16,64
1743494542.708656,52,-48,68
1743494542.744656,12,35,90
1743494542.7796562,12,57,158
1743494542.815656,6,43,104
1743494542.850656,-71,-54,266
1743494542.885656,58,-63,88
1743494542.920656,-23,-6,44
1743494542.956656,74,-88,52
1743494542.992656,48,-36,108
1743494543.027656,32,-8,166
1743494543.063656,-65,19,126
1743494543.098656,10,-38,222
1743494543.133656,-35,5,182
1743494543.168656,58,-70,162
1743494543.204656,64,-14,-35
1743494543.240656,-39,25,138
1743494543.275656,-20,-18,270
1743494543.311656,13,15,139
1743494543.346656,57,85,63
1743494543.3816562,23,-2,203
1743494543.416656,-44,-6,201
1743494543.452656,-90,73,163
1743494543.488656,-4,-36,-22
1743494543.523656,14,5,101
1743494543.559656,-96,-166,175
1743494543.594656,-44,15,79
1743494543.629656,21,-60,236
1743494543.6646562,76,25,113
1743494543.700656,34,-38,79
1743494543.736656,14,19,215
1743494543.771656,-67,-28,191
1743494543.807656,-7,49,155
1743494543.842656,-3,13,67
1743494543.877656,12,7,181
1743494543.912656,10,-54,125
1743494543.948656,5,-41,239
1743494543.984656,63,-29,172
1743494544.019656,7,-29,114
1743494544.055656,-58,-63,76
1743494544.090656,-41,42,212
1743494544.125656,-95,6,53
1743494544.160656,-41,12,200
1743494544.196656,68,-59,112
1743494544.232656,-7,26,212
1743494544.267656,-13,-31,44
1743494544.303656,-76,-55,74
1743494544.338656,-31,-17,94
1743494544.373656,-19,24,224
1743494544.408656,-24,-12,150
1743494544.444656,-12,85,74
1743494544.480656,11,-6,296
1743494544.515656,37,-11,152
1743494544.551656,-38,37,2
1743494544.586656,-52,-34,110
1743494544.621656,19,33,170
1743494544.656656,15,-35,186
1743494544.692656,-8,-33,180
1743494544.728656,-37,-49,114
1743494544.763656,-37,82,194
1743494544.7996562,-45,42,244
1743494544.834656,-21,-1,206
1743494544.869656,31,32,88
1743494544.9046562,9,6,82
1743494544.940656,-70,62,198
1743494544.976656,19,6,64
1743494545.011656,-18,26,226
1743494545.047656,-68,-9,118
1743494545.082656,-62,32,190
1743494545.117656,71,42,82
1743494545.152656,83,42,168
1743494545.188656,-46,-53,126
1743494545.224656,-18,-3,152
1743494545.259656,23,-69,44
1743494545.295656,-20,-11,44
1743494545.330656,-8,17,66
1743494545.365656,6,-47,86
1743494545.400656,26,16,-7
1743494545.436656,97,0,118
1743494545.472656,1,67,190
1743494545.507656,-29,-11,264
1743494545.543656,-69,24,222
1743494545.578656,-19,110,84
1743494545.613656,-83,-17,158
1743494545.648656,30,-41,116
1743494545.684656,-11,-63,216
1743494545.7206562,38,36,154
1743494545.755656,10,26,170
1743494545.791656,-26,29,116
1743494545.826656,31,-12,178
1743494545.861656,-14,-3,92
1743494545.896656,49,20,112
1743494545.932656,49,-23,50
1743494545.968656,-70,-8,156
1743494546.004656,63,12,174
1743494546.040656,-50,37,100
1743494546.075656,-34,-14,192
1743494546.111656,79,-74,246
1743494546.146656,57,58,184
1743494546.181656,-8,62,44
1743494546.216656,-74,-33,116
1743494546.252656,59,22,70
1743494546.288656,-80,58,108
1743494546.323656,-16,-31,166
1743494546.359656,5,-31,220
1743494546.394656,99,48,84
1743494546.429656,-14,6,139
1743494546.464656,-60,2,177
1743494546.500656,13,-29,211
1743494546.536656,-54,-6,91
1743494546.571656,9,80,167
1743494546.607656,-8,-15,199
1743494546.642656,7,30,273
1743494546.677656,27,71,95
1743494546.712656,30,16,253
1743494546.748656,-71,-23,125
1743494546.784656,8,-45,223
1743494546.819656,-41,-5,195
1743494546.855656,-49,34,155
1743494546.890656,20,-3,143
1743494546.925656,-83,-15,149
1743494546.9606562,-47,-11,233
1743494546.996656,-63,-7,61
1743494547.032656,40,-53,233
1743494547.067656,2,2,67
1743494547.103656,16,44,77
1743494547.138656,82,-49,123
1743494547.173656,42,34,157
1743494547.208656,-9,-27,241
1743494547.244656,50,-47,35
1743494547.280656,-57,0,79
1743494547.315656,42,-37,167
1743494547.351656,22,-17,161
1743494547.386656,-61,90,97
1743494547.421656,-95,-9,159
1743494547.456656,-10,29,-24
1743494547.492656,43,-14,277
1743494547.528656,-25,57,39
1743494547.563656,42,83,233
1743494547.599656,22,0,203
1743494547.634656,23,85,184
1743494547.669656,53,23,144
1743494547.704656,9,31,152
1743494547.740656,50,42,154
1743494547.7766562,57,36,148
1743494547.811656,19,30,144
1743494547.847656,-14,-49,72
1743494547.882656,15,-7,56
1743494547.917656,7,68,98
1743494547.953656,0,47,124
1743494547.988656,-26,-14,88
1743494548.024656,6,30,188
1743494548.059656,-84,-10,160
1743494548.0956562,-18,-20,156
1743494548.130656,-50,-26,88
1743494548.165656,-37,74,172
1743494548.201656,4,-41,164
1743494548.236656,32,68,98
1743494548.272656,36,20,218
1743494548.307656,-53,-23,56
1743494548.343656,44,-38,196
1743494548.378656,-10,17,182
1743494548.413656,-18,29,164
1743494548.449656,2,1,84
1743494548.484656,-3,-6,8
1743494548.520656,54,13,294
1743494548.555656,12,-80,140
1743494548.591656,-15,27,140
1743494548.626656,-26,-28,20
1743494548.661656,-3,-20,140
1743494548.6976562,20,27,68
1743494548.732656,-19,-20,176
1743494548.768656,-7,-86,150
1743494548.803656,-39,67,160
1743494548.839656,-27,-2,50
1743494548.874656,-35,-28,164
1743494548.909656,-25,-82,84
1743494548.945656,-19,55,256
1743494548.980656,12,73,76
1743494549.0166562,-7,-20,168
1743494549.051656,28,-22,84
1743494549.087656,10,-42,76
1743494549.122656,-79,3,170
1743494549.157656,6,-12,186
1743494549.193656,18,45,118
1743494549.228656,15,-38,156
1743494549.264656,-73,-46,128
1743494549.2996562,42,-4,129
1743494549.3356562,80,-24,84
1743494549.377656,12,-24,41
1743494549.413656,40,-4,285
1743494549.449656,-35,1,210
1743494549.484656,-27,7,185
1743494549.520656,-51,29,225
1743494549.555656,24,17,151
1743494549.591656,20,7,147
1743494549.626656,-7,-16,279
1743494549.661656,-83,15,125
1743494549.6976562,24,-24,31
1743494549.732656,-99,0,9
1743494549.768656,10,47,77
1743494549.803656,10,-52,171
1743494549.839656,30,7,73
1743494549.874656,-45,-34,125
1743494549.909656,52,87,125
1743494549.945656,4,-38,85
1743494549.980656,-43,-58,109
1743494550.0166562,-29,28,133
1743494550.051656,-55,-59,133
1743494550.087656,-31,3,301
1743494550.122656,-47,13,93
1743494550.157656,28,7,103
1743494550.193656,-63,-84,43
1743494550.228656,66,-74,117
1743494550.264656,-91,6,105
1743494550.2996562,6,22,111
1743494550.3356562,47,34,184
1743494550.370656,23,-45,175
1743494550.405656,3,34,103
1743494550.441656,-28,-33,-56
1743494550.476656,-32,-13,87
1743494550.512656,74,-32,137
1743494550.547656,-7,5,133
1743494550.583656,-33,34,89
1743494550.6186562,-17,-40,98
1743494550.653656,-31,-2,56
1743494550.689656,26,-62,170
1743494550.724656,72,-45,150
1743494550.760656,36,-49,160
1743494550.795656,-136,16,152
1743494550.831656,30,-27,164
1743494550.866656,16,-79,198
1743494550.9016562,-27,-3,100
1743494550.9376562,24,18,226
1743494550.972656,14,-23,132
1743494551.008656,-17,-19,36
1743494551.043656,46,54,140
1743494551.079656,98,-47,202
1743494551.114656,14,45,190
1743494551.149656,-11,30,190
1743494551.185656,50,-41,102
1743494551.2206562,10,-9,220
1743494551.2566562,42,-25,180
1743494551.291656,-9,56,118
1743494551.327656,-3,27,54
1743494551.363656,12,-97,90
1743494551.399656,-5,24,222
1743494551.435656,42,-50,152
1743494551.4706562,-39,-16,76
1743494551.505656,10,5,98
1743494551.541656,-47,-10,110
1743494551.577656,40,-16,142
1743494551.612656,34,-14,172
1743494551.648656,-57,-80,144
1743494551.683656,16,-20,0
1743494551.718656,-43,9,148
1743494551.753656,34,3,108
1743494551.7896562,-45,-42,224
1743494551.825656,-59,-44,124
1743494551.860656,-49,-20,202
1743494551.896656,-35,-12,98
1743494551.931656,2,-4,92
1743494551.966656,42,11,42
1743494552.001656,6,57,98
1743494552.037656,-51,29,50
1743494552.073656,34,12,116
1743494552.1086562,112,14,119
1743494552.144656,4,81,67
1743494552.179656,-57,-86,89
1743494552.214656,-69,9,0
1743494552.249656,84,1,55
1743494552.285656,48,115,139
1743494552.321656,-53,-6,201
1743494552.356656,24,-63,91
1743494552.392656,42,-27,51
1743494552.427656,-19,-63,85
1743494552.462656,-9,-51,157
1743494552.497656,-56,48,51
1743494552.533656,-69,-43,59
1743494552.569656,-32,7,65
1743494552.604656,-12,0,175
1743494552.640656,-37,2,185
1743494552.675656,-26,0,137
1743494552.7106562,-8,24,181
1743494552.745656,-8,4,119
1743494552.781656,11,32,165
1743494552.817656,-22,-37,123
1743494552.852656,32,60,291
1743494552.888656,37,43,157
1743494552.923656,-18,-66,107
1743494552.958656,58,-10,103
1743494552.9936562,-1,-82,141
1743494553.0296562,-54,37,37
1743494553.065656,13,-46,231
1743494553.100656,-4,-26,241
1743494553.136656,-24,-18,103
1743494553.171656,40,11,179
1743494553.206656,-36,55,151
1743494553.241656,14,37,35
1743494553.277656,24,0,151
1743494553.313656,6,63,115
1743494553.348656,-1,3,39
1743494553.384656,-67,12,85
1743494553.419656,66,-15,19
1743494553.454656,-1,-23,265
1743494553.489656,8,16,101
1743494553.525656,-47,-9,103
1743494553.561656,-42,28,106
1743494553.596656,61,44,110
1743494553.632656,109,-22,112
1743494553.667656,7,-96,152
1743494553.702656,23,-22,142
1743494553.737656,35,-38,82
1743494553.773656,-6,25,74
1743494553.809656,46,-67,238
1743494553.844656,44,28,158
1743494553.880656,-31,-71,140
1743494553.915656,-61,-13,120
1743494553.950656,47,30,60
1743494553.985656,48,18,174
1743494554.021656,29,62,96
1743494554.057656,73,22,188
1743494554.092656,-2,52,-3
1743494554.128656,5,-16,248
1743494554.163656,-38,42,226
1743494554.198656,27,74,234
1743494554.2336562,2,-45,200
1743494554.269656,-82,36,58
1743494554.305656,-56,70,86
1743494554.340656,128,38,238
1743494554.376656,-7,4,82
1743494554.411656,6,26,72
1743494554.446656,-59,-105,170
1743494554.481656,-69,2,188
1743494554.517656,16,-7,178
1743494554.553656,-43,-46,93
1743494554.588656,60,79,120
1743494554.624656,-3,-22,70
1743494554.659656,-13,-8,110
1743494554.694656,-61,-66,-41
1743494554.729656,-9,-24,190
1743494554.765656,-46,47,288
1743494554.801656,15,11,132
1743494554.836656,-32,41,184
1743494554.872656,-18,-4,122
1743494554.907656,-16,-4,228
1743494554.942656,33,-2,74
1743494554.977656,15,27,126
1743494555.013656,39,-42,158
1743494555.0496562,-44,-14,222
1743494555.084656,42,29,44
1743494555.120656,28,1,175
1743494555.155656,54,-14,93
1743494555.190656,-47,1,157
1743494555.225656,28,-10,101
1743494555.261656,-91,57,103
1743494555.297656,0,-36,187
1743494555.332656,-13,43,113
1743494555.3686562,44,63,138
1743494555.403656,40,18,84
1743494555.438656,44,118,156
1743494555.473656,-47,-26,-1
1743494555.509656,-11,45,62
1743494555.545656,8,-20,130
1743494555.580656,-23,-44,138
1743494555.616656,18,-36,96
1743494555.6516562,8,-64,226
1743494555.686656,12,-73,70
1743494555.721656,-23,39,10
1743494555.757656,-19,65,236
1743494555.793656,-13,-66,78
1743494555.828656,8,19,94
1743494555.864656,25,12,148
1743494555.899656,42,42,90
1743494555.934656,-1,23,128
1743494555.969656,61,5,57
1743494556.005656,35,14,73
1743494556.041656,-63,-28,137
1743494556.076656,-93,-42,133
1743494556.112656,-5,-70,159
1743494556.147656,44,-140,175
1743494556.182656,-7,-36,185
1743494556.217656,44,23,215
1743494556.253656,6,-30,221
1743494556.2896562,82,-16,93
1743494556.324656,-25,-12,129
1743494556.360656,88,-40,91
1743494556.395656,-1,82,0
1743494556.430656,82,-15,13
1743494556.465656,94,-32,141
1743494556.501656,20,-54,185
1743494556.537656,-81,31,205
1743494556.5726562,-79,39,171
1743494556.6086562,36,65,155
1743494556.643656,-11,37,73
1743494556.678656,23,-30,259
1743494556.713656,-12,-10,213
1743494556.749656,28,-50,156
1743494556.785656,37,-14,147
1743494556.820656,27,-73,56
1743494556.856656,101,75,40
1743494556.8916562,-41,25,88
1743494556.926656,46,27,100
1743494556.961656,44,35,74
1743494556.997656,-8,-30,166
1743494557.033656,-24,-58,196
1743494557.068656,-28,31,178
1743494557.104656,19,39,108
1743494557.139656,-18,19,148
1743494557.1746562,-32,25,48
1743494557.209656,56,43,20
1743494557.245656,18,-40,250
1743494557.281656,-65,-20,208
1743494557.316656,-3,27,204
1743494557.352656,34,-24,104
1743494557.387656,6,-62,78
1743494557.422656,-29,27,234
1743494557.458656,70,40,206
1743494557.4936562,-39,10,122
1743494557.5296562,-21,-39,166
1743494557.564656,-53,-120,76
1743494557.600656,4,42,120
1743494557.635656,-29,-17,136
1743494557.670656,-59,12,206
1743494557.706656,48,-47,194
1743494557.741656,28,54,108
1743494557.777656,14,36,-51
1743494557.8126562,18,88,176
1743494557.848656,-7,-17,158
1743494557.883656,26,-17,34
1743494557.918656,-1,-17,38
1743494557.954656,-97,-47,78
1743494557.989656,20,-5,172
1743494558.025656,8,-35,40
1743494558.060656,44,-1,12
1743494558.096656,-37,-25,73
1743494558.1316562,-67,-29,137
1743494558.166656,-15,-67,109
1743494558.202656,-86,-39,101
1743494558.237656,9,-25,123
1743494558.273656,-8,16,261
1743494558.308656,11,0,127
1743494558.344656,-42,-7,41
1743494558.379656,-20,90,67
1743494558.4146562,25,60,147
1743494558.450656,5,-35,89
1743494558.485656,-16,48,163
1743494558.521656,25,-38,153
1743494558.556656,-32,-41,165
1743494558.592656,-14,-18,207
1743494558.627656,-76,46,139
1743494558.662656,-68,26,113
1743494558.698656,-4,17,127
1743494558.7336562,75,-44,163
1743494558.769656,-1,27,227
1743494558.804656,70,31,95
1743494558.840656,-20,-30,153
1743494558.875656,-64,-4,15
1743494558.910656,-6,-12,123
1743494558.946656,-68,21,141
1743494558.981656,67,-15,255
1743494559.017656,-38,-91,137
1743494559.052656,-20,46,125
1743494559.088656,-112,-15,175
1743494559.123656,-48,14,181
1743494559.158656,-4,56,163
1743494559.194656,-16,-33,85
1743494559.229656,-54,-5,191
1743494559.265656,48,28,175
1743494559.300656,3,30,73
1743494559.336656,-49,28,65
1743494559.378656,-29,102,31
1743494559.4146562,-8,-7,197
1743494559.450656,-12,38,1
1743494559.485656,31,-11,111
1743494559.521656,-8,10,189
1743494559.556656,-32,58,137
1743494559.592656,-26,-73,185
1743494559.627656,-22,-71,129
1743494559.662656,36,46,-4
1743494559.698656,42,74,169
1743494559.7336562,-57,-43,173
1743494559.769656,-15,16,121
1743494559.804656,12,10,131
1743494559.840656,8,4,137
1743494559.875656,49,-65,163
1743494559.910656,-70,56,165
1743494559.946656,9,46,109
1743494559.981656,-34,30,293
1743494560.017656,0,-57,113
1743494560.052656,60,-11,199
1743494560.088656,-41,-33,243
1743494560.123656,0,-61,23
1743494560.158656,-11,-7,83
1743494560.194656,23,4,99
1743494560.229656,51,38,29
1743494560.265656,-46,-13,23
1743494560.300656,9,-31,138
1743494560.336656,27,14,186
1743494560.371656,-30,-9,144
1743494560.408656,57,8,132
1743494560.443656,91,82,44
1743494560.478656,61,-15,194
1743494560.514656,-34,12,110
1743494560.5496562,2,32,232
1743494560.5856562,-21,-31,116
1743494560.620656,-48,90,-23
1743494560.656656,53,-15,106
1743494560.691656,15,8,56
1743494560.726656,3,24,52
1743494560.762656,114,28,250
1743494560.797656,-14,82,156
1743494560.833656,59,-53,252
1743494560.8686562,29,-51,196
1743494560.9046562,5,27,210
1743494560.940656,9,-74,26
1743494560.975656,11,-16,56
1743494561.010656,4,-17,94
1743494561.046656,30,-11,168
1743494561.082656,-37,-43,130
1743494561.117656,82,6,168
1743494561.153656,-13,-11,38
1743494561.188656,-57,-15,122
1743494561.223656,2,-44,138
1743494561.258656,-43,63,64
1743494561.294656,72,45,54
1743494561.330656,56,-32,62
1743494561.365656,-41,11,26
1743494561.4016562,-51,-20,260
1743494561.436656,-43,-51,216
1743494561.471656,-9,-37,216
1743494561.5066562,-41,46,170
1743494561.542656,-3,-9,134
1743494561.578656,-19,44,52
1743494561.613656,7,5,232
1743494561.649656,29,-58,60
1743494561.684656,18,-33,98
1743494561.719656,33,9,184
1743494561.754656,-44,-20,234
1743494561.790656,37,-20,100
1743494561.826656,-28,13,210
1743494561.861656,15,51,98
1743494561.897656,-22,-2,136
1743494561.932656,59,-92,177
1743494561.967656,49,-36,79
1743494562.002656,17,25,249
1743494562.038656,23,-15,71
1743494562.074656,1,-41,215
1743494562.109656,31,-17,115
1743494562.145656,101,-61,205
1743494562.180656,39,30,117
1743494562.215656,-34,10,225
1743494562.250656,51,-23,199
1743494562.286656,-44,16,51
1743494562.3226562,33,-7,127
1743494562.357656,5,16,219
1743494562.393656,23,-55,117
1743494562.428656,76,68,85
1743494562.463656,-64,36,71
1743494562.498656,86,-28,167
1743494562.534656,24,-21,79
1743494562.570656,-35,58,59
1743494562.605656,-29,14,159
1743494562.6416562,-67,70,211
1743494562.676656,0,-29,197
1743494562.711656,16,4,245
1743494562.746656,-70,-55,103
1743494562.782656,31,10,40
1743494562.818656,8,3,98
1743494562.853656,31,77,91
1743494562.889656,75,-30,70
1743494562.9246562,7,61,100
1743494562.959656,5,-32,56
1743494562.994656,99,91,42
1743494563.030656,-10,21,182
1743494563.066656,17,17,196
1743494563.101656,-70,-45,66
1743494563.137656,-96,0,96
1743494563.172656,-35,0,178
1743494563.207656,12,-43,96
1743494563.242656,68,32,158
1743494563.278656,18,82,138
1743494563.314656,20,16,40
1743494563.349656,-45,-29,204
1743494563.385656,-97,-19,176
1743494563.420656,68,-49,172
1743494563.455656,-55,54,108
1743494563.490656,-65,-15,166
1743494563.5266562,-11,34,52
1743494563.5626562,34,-15,126
1743494563.597656,36,-1,254
1743494563.633656,34,-23,164
1743494563.668656,0,80,172
1743494563.703656,40,40,134
1743494563.738656,4,26,226
1743494563.774656,14,28,136
1743494563.810656,-97,6,134
1743494563.8456562,-69,0,164
1743494563.8816562,62,-57,144
1743494563.916656,-13,12,34
1743494563.951656,0,-23,88
1743494563.986656,-5,19,54
1743494564.022656,-17,33,186
1743494564.058656,10,9,210
1743494564.093656,-7,43,134
1743494564.129656,-59,127,6
1743494564.1646562,-73,33,128
1743494564.199656,20,-38,46
1743494564.234656,-13,-58,96
1743494564.270656,-15,-42,168
1743494564.306656,-61,-41,126
1743494564.341656,-17,-27,122
1743494564.377656,2,40,234
1743494564.412656,66,6,92
1743494564.4476562,-43,-49,128
1743494564.482656,-27,58,242
1743494564.518656,-125,-43,122
1743494564.554656,36,-29,126
1743494564.589656,8,40,192
1743494564.625656,-7,-59,174
1743494564.660656,2,33,68
1743494564.695656,42,3,198
1743494564.730656,40,65,10
1743494564.7666562,-29,21,136
1743494564.802656,100,-52,10
1743494564.837656,-15,11,114
1743494564.873656,-1,-49,116
1743494564.908656,-94,-4,154
1743494564.943656,83,31,46
1743494564.978656,25,33,110
1743494565.014656,-64,57,244
1743494565.050656,24,-38,-61
1743494565.0856562,120,105,214
1743494565.121656,16,-10,196
1743494565.156656,-45,-40,154
1743494565.191656,-7,9,74
1743494565.226656,2,45,206
1743494565.262656,34,45,74
1743494565.298656,62,65,76
1743494565.333656,22,-48,106
1743494565.369656,-15,-60,76
1743494565.4046562,4,1,196
1743494565.439656,55,-42,280
1743494565.474656,81,5,144
1743494565.510656,-46,17,85
1743494565.546656,-22,49,99
1743494565.581656,23,-14,143
1743494565.617656,-35,-4,111
1743494565.652656,-137,-4,119
1743494565.6876562,-13,17,39
1743494565.722656,-77,45,3
1743494565.758656,10,9,109
1743494565.794656,-31,6,143
1743494565.829656,-23,-11,147
1743494565.865656,62,4,211
1743494565.900656,18,14,91
1743494565.935656,-89,24,119
1743494565.9706562,-59,52,141
1743494566.0066562,6,64,212
1743494566.042656,22,-31,68
1743494566.077656,60,-31,48
1743494566.113656,52,-7,184
1743494566.148656,16,54,62
1743494566.183656,-59,68,174
1743494566.218656,32,-51,108
1743494566.254656,-29,32,174
1743494566.290656,-11,23,178
1743494566.325656,26,-99,120
1743494566.361656,0,-3,46
1743494566.396656,-17,18,186
1743494566.431656,-49,36,86
1743494566.466656,-91,-17,84
1743494566.502656,-55,4,88
1743494566.538656,86,50,82
1743494566.573656,138,2,158
1743494566.609656,2,-59,102
1743494566.644656,22,36,218
1743494566.679656,30,36,110
1743494566.714656,-43,98,144
1743494566.750656,32,36,282
1743494566.786656,90,58,192
1743494566.821656,34,-71,40
1743494566.857656,62,0,84
1743494566.892656,-39,-9,96
1743494566.927656,-89,60,136
1743494566.963656,-39,-13,136
1743494566.998656,90,40,108
1743494567.034656,2,-41,116
1743494567.069656,-19,28,204
1743494567.105656,-19,22,184
1743494567.140656,4,10,104
1743494567.175656,-5,-9,44
1743494567.211656,-3,-61,154
1743494567.246656,24,2,116
1743494567.282656,-15,-15,134
1743494567.317656,-27,-77,63
1743494567.353656,-43,-35,231
1743494567.388656,-51,-121,140
1743494567.423656,-21,-29,3
1743494567.459656,0,-89,213
1743494567.494656,-61,4,181
1743494567.530656,-31,58,141
1743494567.565656,118,-9,45
1743494567.601656,78,-31,185
1743494567.636656,6,18,47
1743494567.671656,47,-43,19
1743494567.707656,-1,-37,193
1743494567.742656,-99,-25,67
1743494567.778656,-40,38,-27
1743494567.813656,-52,-21,98
1743494567.849656,23,-53,116
1743494567.884656,19,24,206
1743494567.919656,-50,-85,122
1743494567.955656,-30,-11,122
1743494567.990656,63,-1,206
1743494568.0266562,-30,0,254
1743494568.061656,-64,26,166
1743494568.097656,-36,46,106
1743494568.132656,-70,-45,212
1743494568.167656,-20,90,320
1743494568.203656,-28,74,216
1743494568.238656,-7,-19,154
1743494568.274656,59,0,152
1743494568.309656,56,44,204
1743494568.3456562,7,-59,124
1743494568.380656,-72,-9,175
1743494568.415656,-32,26,17
1743494568.451656,68,-9,208
1743494568.486656,37,-25,141
1743494568.522656,5,28,174
1743494568.557656,64,52,78
1743494568.593656,12,-4,82
1743494568.628656,72,-80,82
1743494568.663656,12,-4,122
1743494568.699656,-39,27,200
1743494568.734656,46,-106,236
1743494568.770656,-46,-18,116
1743494568.805656,20,-28,98
1743494568.841656,0,-24,126
1743494568.876656,20,29,126
1743494568.911656,42,-92,194
1743494568.9476562,30,7,162
1743494568.982656,-29,23,164
1743494569.018656,-7,-28,140
1743494569.053656,-75,-19,-39
1743494569.089656,-3,-150,180
1743494569.124656,-35,1,156
1743494569.159656,48,55,130
1743494569.195656,-43,9,20
1743494569.230656,-30,-2,58
1743494569.2666562,-64,17,130
1743494569.301656,-29,3,229
1743494569.337656,-60,-4,7
1743494569.379656,1,13,109
1743494569.415656,-42,-11,123
1743494569.451656,5,53,105
1743494569.486656,63,-2,7
1743494569.522656,33,-18,223
1743494569.557656,-54,-52,47
1743494569.593656,21,15,151
1743494569.628656,-2,-42,201
1743494569.663656,0,-16,115
1743494569.699656,-64,43,191
1743494569.734656,49,27,71
1743494569.770656,75,25,129
1743494569.805656,0,19,73
1743494569.841656,43,3,97
1743494569.876656,7,-16,75
1743494569.911656,15,41,157
1743494569.9476562,-6,50,191
1743494569.982656,15,-37,221
1743494570.018656,11,72,57
1743494570.053656,23,-23,249
1743494570.089656,25,40,199
1743494570.124656,-22,-43,221
1743494570.159656,-10,-58,219
1743494570.195656,-10,-31,109
1743494570.230656,21,5,29
1743494570.2666562,-12,-64,137
1743494570.301656,83,-20,143
1743494570.337656,-29,21,77
1743494570.373656,-11,-6,175
1743494570.409656,-27,35,37
1743494570.445656,-21,-34,121
1743494570.481656,54,25,77
1743494570.517656,10,89,45
1743494570.553656,-3,-18,73
1743494570.589656,12,-56,245
1743494570.624656,0,-12,43
1743494570.659656,70,-28,101
1743494570.695656,70,-24,145
1743494570.731656,-29,29,249
1743494570.7666562,32,27,147
1743494570.802656,-37,17,87
1743494570.837656,-12,-2,251
1743494570.872656,-4,40,103
1743494570.907656,-15,14,-38
1743494570.943656,16,0,157
1743494570.979656,25,-1,113
1743494571.014656,-25,-20,199
1743494571.050656,-79,-64,81
1743494571.0856562,-19,9,101
1743494571.120656,-15,-4,79
1743494571.155656,16,17,103
1743494571.191656,-33,-18,87
1743494571.227656,32,11,151
1743494571.262656,58,-26,85
1743494571.298656,-17,-80,-16
1743494571.333656,10,-70,163
1743494571.3686562,10,1,149
1743494571.403656,-5,67,157
1743494571.439656,22,37,109
1743494571.475656,-15,-32,141
1743494571.510656,-9,49,133
1743494571.546656,-79,9,127
1743494571.581656,-77,-36,135
1743494571.616656,12,19,151
1743494571.6516562,52,35,27
1743494571.6876562,20,-70,165
1743494571.723656,26,-22,117
1743494571.758656,-49,-46,191
1743494571.794656,-93,48,81
1743494571.829656,-25,61,101
1743494571.864656,-43,-4,227
1743494571.899656,0,5,227
1743494571.935656,-5,1,175
1743494571.971656,16,-64,103
1743494572.0066562,14,-19,139
1743494572.042656,4,-124,77
1743494572.077656,34,0,121
1743494572.112656,4,-22,31
1743494572.147656,-16,-8,37
1743494572.183656,71,35,263
1743494572.219656,1,35,158
1743494572.254656,-12,-10,279
1743494572.290656,11,-12,153
1743494572.325656,21,61,161
1743494572.360656,-86,39,122
1743494572.395656,93,-8,90
1743494572.431656,17,-34,68
1743494572.467656,-21,21,48
1743494572.502656,-21,11,136
1743494572.538656,-7,7,137
1743494572.573656,88,41,107
1743494572.6086562,-17,57,267
1743494572.643656,6,-70,175
1743494572.679656,100,27,23
1743494572.715656,64,13,3
1743494572.750656,-31,35,177
1743494572.786656,74,-32,173
1743494572.821656,-107,35,173
1743494572.856656,-81,35,117
1743494572.8916562,16,29,219
1743494572.927656,-45,-56,99
1743494572.963656,22,23,133
1743494572.998656,82,-42,139
1743494573.034656,-35,-46,149
1743494573.069656,98,-28,55
1743494573.106656,10,43,137
1743494573.1416562,22,0,203
1743494573.176656,20,-104,49
1743494573.211656,-27,-46,203
1743494573.247656,-6,-30,205
1743494573.283656,-11,-46,81
1743494573.318656,-49,9,129
1743494573.354656,-5,85,149
1743494573.389656,4,-37,165
1743494573.4246562,34,-24,57
1743494573.459656,4,-54,115
1743494573.495656,-39,59,161
1743494573.531656,48,11,145
1743494573.566656,-21,-18,141
1743494573.602656,20,-2,197
1743494573.637656,-31,-8,125
1743494573.672656,34,20,21
1743494573.707656,-43,5,183
1743494573.7436562,-15,22,271
1743494573.7796562,-14,25,59
1743494573.814656,-59,-33,43
1743494573.850656,-77,46,103
1743494573.885656,-3,16,139
1743494573.920656,-23,-29,63
1743494573.955656,-3,-11,193
1743494573.991656,-27,78,33
1743494574.027656,-53,50,73
1743494574.0626562,34,-91,205
1743494574.098656,-77,22,179
1743494574.133656,-19,-13,147
1743494574.168656,120,29,81
1743494574.203656,-19,7,129
1743494574.239656,26,-28,65
1743494574.275656,32,-66,133
1743494574.310656,-17,-74,137
1743494574.346656,16,0,137
1743494574.3816562,78,25,169
1743494574.416656,-55,-8,151
1743494574.451656,120,-12,222
1743494574.487656,-43,31,152
1743494574.523656,62,43,183
1743494574.558656,24,3,23
1743494574.594656,-17,-20,120
1743494574.629656,-15,-62,108
1743494574.6646562,-27,43,174
1743494574.699656,-47,-50,196
1743494574.735656,-63,-22,32
1743494574.771656,58,3,206
1743494574.806656,6,27,110
1743494574.842656,-59,1,14
1743494574.877656,8,-56,130
1743494574.912656,11,-25,120
1743494574.9476562,37,53,72
1743494574.9836562,11,63,132
1743494575.019656,19,-26,60
1743494575.054656,69,-60,89
1743494575.090656,-23,67,95
1743494575.125656,-17,9,79
1743494575.160656,-45,-6,151
1743494575.195656,-49,-32,18
1743494575.231656,-23,41,96
1743494575.267656,-9,11,171
1743494575.302656,-43,-40,174
1743494575.338656,20,-59,247
1743494575.373656,-39,12,155
1743494575.408656,-73,26,79
1743494575.443656,18,-32,217
1743494575.479656,20,-76,49
1743494575.515656,-49,23,75
1743494575.550656,-79,23,183
1743494575.586656,-27,-8,0
1743494575.621656,-5,-16,125
1743494575.656656,-25,-2,227
1743494575.691656,-9,33,215
1743494575.727656,-19,-4,95
1743494575.763656,-19,3,225
1743494575.798656,-63,43,175
1743494575.834656,-35,-62,283
1743494575.870656,-63,29,203
1743494575.906656,-65,-32,89
1743494575.941656,60,52,347
1743494575.976656,12,-31,-42
1743494576.011656,52,48,-28
1743494576.047656,-23,3,109
1743494576.083656,-1,-29,227
1743494576.1186562,-41,-11,137
1743494576.1546562,30,-41,173
1743494576.189656,56,12,153
1743494576.224656,-71,28,61
1743494576.259656,-33,57,121
1743494576.295656,-19,-9,77
1743494576.331656,24,-72,59
1743494576.366656,54,43,185
1743494576.402656,71,-34,83
1743494576.4376562,0,-48,225
1743494576.472656,-23,-62,211
1743494576.508656,28,7,233
1743494576.543656,28,11,257
1743494576.579656,34,13,227
1743494576.614656,19,-56,173
1743494576.650656,107,9,95
1743494576.685656,59,-31,133
1743494576.7206562,13,20,75
1743494576.7566562,-34,10,89
1743494576.791656,-39,-3,177
1743494576.827656,-13,26,149
1743494576.862656,55,-17,59
1743494576.898656,-10,-72,19
1743494576.933656,63,21,173
1743494576.968656,60,29,153
1743494577.004656,25,-141,59
1743494577.0396562,-8,49,177
1743494577.075656,-85,5,-12
1743494577.110656,38,37,-8
1743494577.146656,8,-24,107
1743494577.181656,30,-28,107
1743494577.216656,-12,-90,55
1743494577.252656,68,-8,121
1743494577.287656,36,-10,111
1743494577.323656,-1,19,191
1743494577.3586562,42,-8,129
1743494577.394656,-43,-8,103
1743494577.429656,-25,21,31
1743494577.464656,-69,69,199
1743494577.500656,54,-14,83
1743494577.535656,46,-14,31
1743494577.571656,40,21,205
1743494577.606656,69,-18,149
1743494577.642656,32,46,139
1743494577.677656,36,48,141
1743494577.712656,-27,14,71
1743494577.748656,6,-7,223
1743494577.783656,24,-47,229
1743494577.819656,9,0,209
1743494577.854656,62,0,39
1743494577.890656,10,51,119
1743494577.925656,18,51,129
1743494577.9606562,-59,-50,115
1743494577.996656,24,-4,175
1743494578.031656,-67,-6,111
1743494578.067656,-15,-56,159
1743494578.102656,0,-10,185
1743494578.138656,20,-42,91
1743494578.173656,4,-40,77
1743494578.208656,-37,-4,93
1743494578.244656,-41,-40,165
1743494578.2796562,-45,147,115
1743494578.315656,27,60,165
1743494578.350656,-64,-7,-2
1743494578.386656,39,-33,109
1743494578.421656,-8,56,224
1743494578.456656,-28,22,122
1743494578.492656,39,-11,111
1743494578.527656,-34,-33,242
1743494578.563656,3,-60,179
1743494578.598656,-6,-16,135
1743494578.634656,0,3,111
1743494578.669656,-7,-44,122
1743494578.704656,-25,32,36
1743494578.740656,54,-28,150
1743494578.775656,32,-104,100
1743494578.811656,22,-38,195
1743494578.846656,-25,47,33
1743494578.882656,-51,15,167
1743494578.917656,-51,-10,155
1743494578.952656,14,-2,71
1743494578.988656,-27,52,59
1743494579.023656,44,36,117
1743494579.059656,8,28,153
1743494579.094656,-3,27,113
1743494579.130656,-15,13,81
1743494579.165656,38,-21,139
1743494579.200656,20,72,113
1743494579.236656,-23,-33,173
1743494579.271656,-7,26,235
1743494579.307656,26,-69,139
1743494579.342656,-81,22,35
1743494579.384656,18,22,93
1743494579.420656,-11,0,335
1743494579.456656,-87,31,193
1743494579.492656,-23,28,117
1743494579.527656,14,-61,149
1743494579.563656,-37,-17,189
1743494579.598656,-31,-24,109
1743494579.634656,-1,-40,41
1743494579.669656,14,39,179
1743494579.704656,86,-12,159
1743494579.740656,44,70,151
1743494579.775656,-11,-36,179
1743494579.811656,-49,-80,155
1743494579.846656,-51,-42,13
1743494579.882656,-29,-21,55
1743494579.917656,-70,38,45
1743494579.952656,122,39,125
1743494579.988656,-10,-60,149
1743494580.023656,-41,-60,151
1743494580.059656,-2,43,105
1743494580.094656,65,-10,163
1743494580.129656,-61,-14,173
1743494580.1646562,34,-22,197
1743494580.200656,14,7,93
1743494580.236656,-13,-10,265
1743494580.271656,-1,-17,185
1743494580.307656,6,-43,147
1743494580.342656,30,38,71
1743494580.377656,-97,20,43
1743494580.412656,22,-17,89
1743494580.448656,-69,76,203
1743494580.484656,-11,89,133
1743494580.519656,6,-58,187
1743494580.555656,30,-16,19
1743494580.590656,-11,45,206
1743494580.625656,48,1,166
1743494580.660656,52,-10,108
1743494580.696656,16,-110,30
1743494580.732656,64,-12,60
1743494580.767656,90,13,130
1743494580.803656,34,17,102
1743494580.838656,24,65,50
1743494580.873656,-27,123,52
1743494580.908656,42,-24,166
1743494580.944656,36,-16,100
1743494580.980656,34,-4,192
1743494581.015656,40,-28,148
1743494581.051656,-43,-16,158
1743494581.086656,48,-30,42
1743494581.121656,34,7,166
1743494581.156656,6,51,234
1743494581.192656,-61,-28,60
1743494581.228656,26,-10,102
1743494581.263656,16,45,98
1743494581.2996562,-82,91,142
1743494581.334656,27,19,264
1743494581.369656,-1,31,144
1743494581.4046562,42,-6,209
1743494581.440656,-151,45,199
1743494581.476656,-71,-44,209
1743494581.511656,-39,-18,97
1743494581.547656,50,-36,51
1743494581.582656,-62,21,191
1743494581.617656,39,13,175
1743494581.652656,-34,-33,111
1743494581.688656,37,-76,239
1743494581.724656,2,21,127
1743494581.759656,-21,-28,85
1743494581.795656,24,67,25
1743494581.830656,-11,-30,3
1743494581.865656,-53,-36,99
1743494581.900656,-49,3,-2
1743494581.936656,-8,25,83
1743494581.972656,-64,-38,189
1743494582.007656,-34,21,153
1743494582.043656,37,11,201
1743494582.078656,0,25,165
1743494582.113656,-9,-30,89
1743494582.148656,47,41,231
1743494582.184656,69,-40,153
1743494582.2206562,9,33,71
1743494582.255656,17,35,155
1743494582.291656,63,-84,189
1743494582.326656,53,-18,287
1743494582.361656,-21,85,173
1743494582.396656,28,-50,193
1743494582.432656,59,-24,125
1743494582.468656,4,55,141
1743494582.503656,-35,-44,87
1743494582.5396562,35,27,53
1743494582.574656,-30,-10,203
1743494582.609656,67,-8,143
1743494582.644656,-19,-18,247
1743494582.680656,-5,-54,181
1743494582.716656,-7,-28,27
1743494582.751656,-53,-28,169
1743494582.787656,20,17,101
1743494582.8226562,106,35,171
1743494582.857656,-11,-62,179
1743494582.892656,11,57,105
1743494582.928656,-48,-84,119
1743494582.964656,-8,-20,141
1743494582.999656,90,-38,47
1743494583.035656,64,39,72
1743494583.070656,-9,-4,164
1743494583.105656,13,-62,132
1743494583.140656,-6,-97,66
1743494583.176656,107,-19,108
1743494583.212656,11,16,180
1743494583.247656,31,36,80
1743494583.283656,61,-21,110
1743494583.318656,43,75,28
1743494583.353656,51,-4,198
1743494583.388656,-74,147,140
1743494583.4246562,1,-20,64
1743494583.4606562,-8,-88,88
1743494583.495656,37,29,66
1743494583.531656,-14,-68,-53
1743494583.566656,-10,21,159
1743494583.601656,-32,19,94
1743494583.636656,-32,-80,-7
1743494583.672656,57,-52,132
1743494583.708656,-33,-46,122
1743494583.7436562,14,-44,80
1743494583.7796562,83,-40,138
1743494583.814656,29,27,158
1743494583.849656,35,65,54
1743494583.884656,17,19,98
1743494583.920656,-14,-6,119
1743494583.956656,-1,-24,125
1743494583.991656,45,19,183
1743494584.027656,59,83,77
1743494584.0626562,55,-30,146
1743494584.097656,-3,29,135
1743494584.132656,14,-134,209
1743494584.168656,12,-6,41
1743494584.204656,-66,23,235
1743494584.239656,35,-29,23
1743494584.275656,-58,35,119
1743494584.310656,-4,63,177
1743494584.3456562,-48,-48,143
1743494584.380656,-38,-8,179
1743494584.416656,-42,23,1
1743494584.452656,26,-4,181
1743494584.487656,-36,-20,167
1743494584.523656,19,51,113
1743494584.558656,-2,-16,141
1743494584.593656,-84,81,153
1743494584.628656,3,19,183
1743494584.6646562,-116,-4,191
1743494584.700656,-38,73,151
1743494584.735656,-42,-2,71
1743494584.771656,37,12,107
1743494584.806656,3,-35,165
1743494584.841656,0,-69,151
1743494584.876656,21,-21,125
1743494584.912656,25,18,175
1743494584.948656,80,17,145
1743494584.9836562,-26,-81,73
1743494585.019656,24,18,81
1743494585.054656,-33,38,95
1743494585.089656,58,36,147
1743494585.124656,-11,-75,289
1743494585.160656,-17,4,179
1743494585.196656,-65,2,103
1743494585.231656,14,-37,121
1743494585.267656,32,62,25
1743494585.302656,-5,76,107
1743494585.337656,-1,-5,109
1743494585.372656,-27,26,13
1743494585.408656,6,8,209
1743494585.444656,20,-35,197
1743494585.479656,0,-21,91
1743494585.515656,60,70,207
1743494585.550656,20,10,79
1743494585.5856562,82,-43,109
1743494585.620656,-9,34,77
1743494585.656656,-25,24,111
1743494585.692656,0,64,29
1743494585.727656,4,-27,155
1743494585.763656,20,38,73
1743494585.798656,12,75,73
1743494585.833656,-38,-98,133
1743494585.8686562,62,44,67
1743494585.9046562,-15,18,-6
1743494585.940656,0,50,107
1743494585.975656,33,27,131
1743494586.011656,19,-52,5
1743494586.046656,-47,-23,151
1743494586.081656,-74,69,131
1743494586.116656,65,-38,31
1743494586.152656,8,21,115
1743494586.188656,-35,-53,155
1743494586.223656,52,80,184
1743494586.259656,-20,53,208
1743494586.294656,38,26,162
1743494586.329656,151,-2,76
1743494586.365656,-74,-42,208
1743494586.400656,29,0,86
1743494586.436656,-5,42,148
1743494586.471656,18,-21,254
1743494586.507656,67,25,154
1743494586.542656,-103,18,144
1743494586.577656,-21,-17,202
1743494586.613656,28,-41,116
1743494586.648656,-9,54,152
1743494586.684656,42,42,170
1743494586.719656,-59,-2,116
1743494586.755656,-7,31,216
1743494586.790656,16,-46,68
1743494586.825656,-5,-20,-9
1743494586.861656,-47,53,156
1743494586.896656,-41,73,96
1743494586.932656,52,49,124
1743494586.967656,32,-40,138
1743494587.003656,-7,31,174
1743494587.038656,70,33,192
1743494587.073656,2,22,154
1743494587.109656,-39,69,70
1743494587.144656,26,27,86
1743494587.180656,0,19,212
1743494587.215656,-21,-60,268
1743494587.251656,-49,-44,150
1743494587.286656,-27,-8,138
1743494587.321656,10,43,142
1743494587.357656,-69,-12,140
1743494587.392656,44,41,232
1743494587.428656,-63,13,114
1743494587.463656,4,-10,92
1743494587.499656,30,1,98
1743494587.534656,36,29,158
1743494587.569656,16,39,236
1743494587.605656,-41,29,186
1743494587.640656,56,21,140
1743494587.676656,-17,77,260
1743494587.711656,62,-4,98
1743494587.747656,86,-2,76
1743494587.782656,34,0,168
1743494587.817656,-125,41,224
1743494587.853656,-65,-48,206
1743494587.888656,90,-90,162
1743494587.9246562,-43,-2,102
1743494587.959656,-45,-20,48
1743494587.995656,-77,75,0
1743494588.030656,-41,79,82
1743494588.065656,-61,49,174
1743494588.101656,4,1,62
1743494588.136656,-15,39,170
1743494588.172656,-31,0,158
1743494588.207656,80,5,70
1743494588.2436562,-59,13,178
1743494588.278656,-39,-30,88
1743494588.313656,-9,8,164
1743494588.349656,40,60,252
1743494588.384656,-31,-25,160
1743494588.420656,-19,24,106
1743494588.455656,-17,-75,162
1743494588.491656,6,-59,58
1743494588.5266562,32,30,-73
1743494588.561656,32,12,284
1743494588.597656,-19,14,188
1743494588.632656,14,4,38
1743494588.668656,30,-15,126
1743494588.703656,38,-7,106
1743494588.739656,24,26,158
1743494588.774656,-65,-47,170
1743494588.809656,6,-73,150
1743494588.8456562,32,69,116
1743494588.880656,-75,44,204
1743494588.916656,12,53,140
1743494588.951656,-15,33,152
1743494588.987656,24,-10,222
1743494589.022656,-48,-73,66
1743494589.057656,-38,-17,128
1743494589.093656,-106,-74,116
1743494589.128656,-36,-29,326
1743494589.1646562,37,-5,164
1743494589.199656,33,-86,224
1743494589.235656,-70,-36,172
1743494589.270656,-66,-46,232
1743494589.305656,-18,-18,166
1743494589.341656,-34,-30,126
1743494589.376656,13,39,144
1743494589.419656,27,-26,238
1743494589.455656,36,27,116
1743494589.491656,-23,25,176
1743494589.527656,66,31,124
1743494589.563656,-9,-36,158
1743494589.599656,-47,23,124
1743494589.634656,12,-14,61
1743494589.669656,-53,47,125
1743494589.705656,44,-14,37
1743494589.741656,-57,-42,103
1743494589.7766562,44,49,147
1743494589.8126562,-17,-2,53
1743494589.847656,38,-24,239
1743494589.882656,-19,49,21
1743494589.917656,-49,-30,163
1743494589.953656,-25,5,203
1743494589.989656,8,-4,227
1743494590.024656,16,-12,123
1743494590.060656,-39,-32,185
1743494590.0956562,14,25,169
1743494590.130656,58,-18,157
1743494590.165656,34,45,85
1743494590.201656,82,5,145
1743494590.237656,26,-18,83
1743494590.272656,-13,-42,135
1743494590.308656,-37,65,271
1743494590.343656,42,-8,193
1743494590.378656,20,-28,217
1743494590.413656,42,7,159
1743494590.449656,8,33,155
1743494590.485656,2,-42,135
1743494590.520656,6,-20,176
1743494590.556656,24,33,46
1743494590.591656,-7,21,214
1743494590.626656,-15,71,156
1743494590.661656,-17,-21,154
1743494590.6976562,40,62,36
1743494590.7336562,-83,-11,102
1743494590.768656,32,44,132
1743494590.804656,-1,68,68
1743494590.839656,12,102,80
1743494590.874656,-8,10,152
1743494590.909656,46,2,272
1743494590.945656,-76,-43,110
1743494590.981656,-49,-5,68
1743494591.0166562,51,-21,206
1743494591.052656,-1,-35,126
1743494591.087656,66,-17,154
1743494591.122656,-9,-29,164
1743494591.157656,12,50,122
1743494591.193656,-41,-51,186
1743494591.229656,46,-39,82
1743494591.264656,-15,6,158
1743494591.300656,-97,-5,192
1743494591.3356562,12,-39,51
1743494591.370656,19,-11,87
1743494591.405656,63,30,51
1743494591.441656,49,30,197
1743494591.477656,11,-9,177
1743494591.512656,2,-37,175
1743494591.548656,7,13,143
1743494591.583656,-21,1,15
1743494591.6186562,-32,1,143
1743494591.653656,2,7,277
1743494591.689656,-89,-42,117
1743494591.725656,82,-22,167
1743494591.760656,35,4,111
1743494591.796656,25,-19,175
1743494591.831656,11,-25,95
1743494591.866656,-34,10,111
1743494591.9016562,-32,-33,229
1743494591.9376562,45,-9,69
1743494591.973656,9,22,151
1743494592.008656,-20,-55,69
1743494592.044656,37,4,115
1743494592.079656,-26,1,82
1743494592.114656,17,53,77
1743494592.149656,94,15,158
1743494592.185656,7,9,175
1743494592.221656,-34,33,105
1743494592.2566562,67,-9,189
1743494592.292656,103,2,147
1743494592.327656,0,14,65
1743494592.362656,14,24,207
1743494592.397656,-18,-27,253
1743494592.433656,-2,-55,10
1743494592.469656,-2,-31,98
1743494592.504656,17,-23,162
1743494592.540656,11,12,-40
1743494592.575656,-48,-1,180
1743494592.610656,39,-79,84
1743494592.645656,-20,36,112
1743494592.681656,-42,-53,226
1743494592.717656,-22,-29,248
1743494592.752656,-76,70,32
1743494592.788656,21,2,106
1743494592.823656,-6,-53,100
1743494592.8586562,59,-35,160
1743494592.893656,47,-23,188
1743494592.929656,-38,2,168
1743494592.965656,-8,-5,60
1743494593.000656,29,-41,154
1743494593.036656,1,-45,147
1743494593.071656,-45,26,88
1743494593.106656,-27,76,14
1743494593.1416562,-35,27,194
1743494593.177656,-3,29,80
1743494593.213656,16,53,153
1743494593.248656,-49,-38,187
1743494593.284656,-15,37,127
1743494593.319656,-58,30,119
1743494593.354656,-61,-2,77
1743494593.389656,16,17,238
1743494593.425656,21,-56,117
1743494593.461656,-15,37,3
1743494593.496656,-25,5,95
1743494593.532656,57,-16,143
1743494593.567656,20,-92,58
1743494593.602656,89,1,66
1743494593.637656,-104,-10,70
1743494593.673656,-22,47,56
1743494593.709656,-20,25,104
1743494593.744656,7,41,170
1743494593.780656,13,11,138
1743494593.815656,0,11,90
1743494593.850656,52,29,96
1743494593.885656,16,27,38
1743494593.921656,20,-20,168
1743494593.957656,-9,27,102
1743494593.992656,8,-14,124
1743494594.028656,46,41,198
1743494594.063656,-7,-36,128
1743494594.098656,-21,-23,136
1743494594.133656,62,-14,74
1743494594.169656,-21,43,152
1743494594.205656,24,-2,142
1743494594.240656,12,-118,158
1743494594.2766562,110,-20,92
1743494594.311656,-33,-52,108
1743494594.346656,68,89,160
1743494594.382656,24,-54,122
1743494594.417656,18,47,92
1743494594.453656,-19,7,112
1743494594.488656,-41,-56,186
1743494594.524656,-1,-46,16
1743494594.559656,-8,-22,236
1743494594.594656,19,13,168
1743494594.629656,-112,-10,132
1743494594.665656,-42,-5,108
1743494594.701656,-46,-27,62
1743494594.736656,37,38,128
1743494594.772656,-70,-7,196
1743494594.807656,-24,20,100
1743494594.842656,-44,-21,70
1743494594.877656,-2,88,146
1743494594.913656,43,-58,160
1743494594.949656,-24,67,176
1743494594.984656,51,-8,82
1743494595.020656,-10,0,22
1743494595.055656,31,-36,140
1743494595.090656,71,-14,132
1743494595.125656,-48,33,122
1743494595.161656,-16,11,238
1743494595.1976562,-62,-15,212
1743494595.232656,-46,-11,4
1743494595.268656,49,-11,-11
1743494595.303656,-94,34,154
1743494595.338656,37,38,24
1743494595.373656,-86,-23,-43
1743494595.409656,-64,6,132
1743494595.445656,-70,-3,276
1743494595.480656,-18,-7,130
1743494595.5166562,73,12,121
1743494595.551656,69,50,179
1743494595.586656,-32,2,116
1743494595.622656,-68,-99,110
1743494595.657656,-8,0,212
1743494595.693656,73,-29,162
1743494595.728656,51,-46,84
1743494595.764656,-38,-22,110
1743494595.7996562,63,-52,154
1743494595.834656,-14,31,194
1743494595.870656,97,-62,168
1743494595.905656,-54,-22,226
1743494595.941656,9,-6,236
1743494595.976656,13,-2,296
1743494596.012656,63,77,136
1743494596.047656,-75,-60,98
1743494596.082656,65,-28,84
1743494596.1186562,-22,5,245
1743494596.153656,1,-43,179
1743494596.189656,-4,-25,169
1743494596.224656,28,14,-6
1743494596.260656,-41,-17,201
1743494596.295656,-15,-28,181
1743494596.330656,-9,25,117
1743494596.366656,-5,-9,125
1743494596.4016562,-22,48,139
1743494596.4376562,28,-13,37
1743494596.472656,36,4,113
1743494596.508656,33,-55,61
1743494596.543656,25,14,163
1743494596.578656,-6,-22,175
1743494596.614656,86,29,119
1743494596.649656,-70,-35,201
1743494596.685656,57,-45,201
1743494596.7206562,73,6,151
1743494596.7566562,43,12,203
1743494596.791656,-18,2,143
1743494596.826656,5,12,155
1743494596.862656,3,-13,145
1743494596.897656,31,68,163
1743494596.933656,11,0,95
1743494596.968656,15,20,45
1743494597.004656,23,12,199
1743494597.0396562,-32,12,95
1743494597.074656,39,14,193
1743494597.110656,-70,-31,112
1743494597.145656,-66,41,132
1743494597.181656,3,-12,156
1743494597.216656,31,13,148
1743494597.252656,29,-20,178
1743494597.287656,45,-14,84
1743494597.3226562,11,41,32
1743494597.3586562,55,37,200
1743494597.393656,-4,-32,76
1743494597.429656,6,17,164
1743494597.464656,-26,15,120
1743494597.500656,38,59,-15
1743494597.535656,22,27,116
1743494597.570656,-65,-34,150
1743494597.606656,49,33,178
1743494597.6416562,-49,23,188
1743494597.677656,-4,54,58
1743494597.712656,1,4,60
1743494597.748656,57,-42,132
1743494597.783656,-85,38,94
1743494597.818656,-45,76,136
1743494597.854656,59,-3,-37
1743494597.889656,-68,-39,14
1743494597.925656,-90,0,50
1743494597.9606562,3,-47,62
1743494597.996656,29,35,168
1743494598.031656,29,27,118
1743494598.066656,-2,53,204
1743494598.102656,-126,43,72
1743494598.137656,-3,128,149
1743494598.173656,-70,58,214
1743494598.208656,-30,14,41
1743494598.244656,55,-90,79
1743494598.2796562,-40,-20,170
1743494598.314656,9,25,51
1743494598.350656,41,-62,170
1743494598.385656,25,7,134
1743494598.421656,-34,-22,81
1743494598.456656,-20,47,119
1743494598.492656,7,-10,37
1743494598.527656,50,-34,145
1743494598.5626562,-19,-66,161
1743494598.598656,-17,-43,187
1743494598.633656,-17,18,61
1743494598.669656,-2,-51,181
1743494598.704656,22,8,149
1743494598.740656,28,-53,157
1743494598.775656,-15,-35,185
1743494598.810656,92,48,175
1743494598.846656,52,-13,103
1743494598.8816562,44,18,93
1743494598.917656,96,-11,79
1743494598.952656,-75,34,151
1743494598.988656,76,4,184
1743494599.024656,-27,-23,196
1743494599.060656,-7,-15,144
1743494599.096656,82,38,160
1743494599.132656,-3,12,136
1743494599.168656,38,-10,228
1743494599.203656,0,-24,232
1743494599.238656,14,0,82
1743494599.274656,-31,-4,204
1743494599.310656,-9,-10,132
1743494599.3456562,4,35,108
1743494599.3816562,28,-20,154
1743494599.423656,76,45,116
1743494599.459656,-26,-26,84
1743494599.494656,11,37,158
1743494599.530656,97,-80,6
1743494599.566656,-36,-44,146
1743494599.601656,-46,-28,30
1743494599.637656,11,-34,106
1743494599.672656,37,55,206
1743494599.707656,0,13,160
1743494599.742656,-26,0,86
1743494599.778656,126,-34,154
1743494599.814656,23,1,108
1743494599.849656,-14,-8,286
1743494599.885656,29,109,212
1743494599.920656,-2,-42,122
1743494599.955656,-8,-4,190
1743494599.990656,-46,-12,86
1743494600.0266562,63,-52,118
1743494600.0626562,13,21,12
1743494600.097656,-11,53,99
1743494600.133656,36,-76,79
1743494600.168656,48,25,155
1743494600.203656,16,-40,117
1743494600.238656,-9,-18,63
1743494600.274656,-21,-20,105
1743494600.310656,38,-4,201
1743494600.3456562,-39,45,97
1743494600.3816562,-12,-16,123
1743494600.416656,-38,15,181
1743494600.451656,39,-10,1
1743494600.486656,-2,-29,131
1743494600.522656,-10,-11,39
1743494600.558656,30,-54,59
1743494600.593656,71,25,135
1743494600.629656,-51,25,119
1743494600.6646562,16,1,69
1743494600.699656,-3,27,165
1743494600.734656,23,-39,143
1743494600.770656,-38,-80,103
1743494600.806656,-32,-23,117
1743494600.841656,29,20,137
1743494600.877656,-90,-73,117
1743494600.912656,-22,-25,81
1743494600.9476562,23,10,159
1743494600.982656,39,102,99
1743494601.018656,5,-1,171
1743494601.054656,-61,34,105
1743494601.089656,-57,-77,91
1743494601.125656,-14,34,75
1743494601.160656,-38,22,62
1743494601.195656,-7,58,152
1743494601.230656,0,-51,108
1743494601.2666562,-7,2,230
1743494601.302656,10,48,190
1743494601.337656,22,-45,44
1743494601.373656,-3,-41,118
1743494601.408656,46,-15,8
1743494601.443656,21,30,46
1743494601.478656,32,-87,180
1743494601.514656,-25,-51,218
1743494601.550656,104,2,94
1743494601.5856562,30,-3,-3
1743494601.621656,38,96,161
1743494601.656656,46,14,74
1743494601.691656,9,-56,96
1743494601.726656,-34,50,140
1743494601.762656,-24,20,66
1743494601.798656,-26,-25,155
1743494601.833656,75,22,265
1743494601.869656,41,32,165
1743494601.9046562,-11,-57,183
1743494601.939656,58,4,81
1743494601.974656,-17,50,225
1743494602.010656,-27,76,95
1743494602.046656,-9,8,185
1743494602.081656,26,20,145
1743494602.117656,-71,-71,69
1743494602.152656,-25,42,115
1743494602.1876562,-9,-45,165
1743494602.222656,-81,20,95
1743494602.258656,-39,42,35
1743494602.294656,-61,-31,65
1743494602.329656,-10,24,65
1743494602.365656,-54,12,201
1743494602.400656,75,10,113
1743494602.435656,19,56,173
1743494602.4706562,-54,8,201
1743494602.5066562,13,104,155
1743494602.542656,-77,80,133
1743494602.577656,-45,8,67
1743494602.613656,14,2,93
1743494602.648656,52,-37,81
1743494602.683656,-57,83,205
1743494602.718656,-65,-3,26
1743494602.754656,82,-15,137
1743494602.790656,-1,12,155
1743494602.825656,10,71,141
1743494602.861656,24,37,150
1743494602.896656,-29,34,136
1743494602.931656,-23,6,66
1743494602.966656,-33,-40,144
1743494603.002656,44,65,22
1743494603.038656,-1,-14,106
1743494603.073656,-45,-72,282
1743494603.109656,-13,-18,114
1743494603.144656,-5,25,210
1743494603.179656,-17,-21,46
1743494603.214656,64,14,182
1743494603.250656,-48,-35,206
1743494603.286656,41,-15,192
1743494603.321656,27,34,160
1743494603.357656,5,28,236
1743494603.392656,7,2,100
1743494603.427656,-24,-137,158
1743494603.462656,23,20,157
1743494603.498656,-88,2,153
1743494603.534656,-46,-13,3
1743494603.569656,-26,-20,187
1743494603.605656,14,-50,197
1743494603.640656,-21,1,173
1743494603.675656,-3,-60,39
1743494603.7106562,88,-18,259
1743494603.746656,94,-2,155
1743494603.782656,88,-26,77
1743494603.817656,8,1,153
1743494603.853656,-25,-29,251
1743494603.888656,-63,-84,149
1743494603.923656,48,25,43
1743494603.958656,-1,-28,47
1743494603.994656,-107,8,129
1743494604.030656,1,-21,165
1743494604.065656,37,-10,147
1743494604.101656,-46,21,169
1743494604.136656,-32,22,79
1743494604.171656,27,20,161
1743494604.206656,-34,16,155
1743494604.242656,7,-12,61
1743494604.278656,-31,-85,93
1743494604.313656,42,15,285
1743494604.349656,16,-2,109
1743494604.384656,46,-56,183
1743494604.419656,30,91,71
1743494604.454656,54,5,127
1743494604.490656,10,75,127
1743494604.5266562,-16,114,133
1743494604.561656,49,5,35
1743494604.597656,-32,7,-24
1743494604.632656,37,25,81
1743494604.667656,51,61,103
1743494604.702656,-20,-6,103
1743494604.738656,-75,35,147
1743494604.774656,-8,41,91
1743494604.809656,43,-54,117
1743494604.8456562,37,-30,163
1743494604.880656,7,1,114
1743494604.915656,53,-34,16
1743494604.950656,-26,-21,228
1743494604.986656,19,11,224
1743494605.022656,77,7,47
1743494605.057656,-18,3,139
1743494605.093656,-54,17,246
1743494605.128656,-60,25,279
1743494605.163656,41,23,164
1743494605.199656,25,39,42
1743494605.234656,25,51,234
1743494605.270656,31,37,36
1743494605.305656,31,-14,132
1743494605.341656,-20,63,159
1743494605.376656,53,-32,175
1743494605.411656,39,-52,79
1743494605.4476562,17,0,153
1743494605.482656,-34,19,191
1743494605.518656,-14,53,197
1743494605.553656,17,3,181
1743494605.589656,5,49,85
1743494605.624656,17,77,125
1743494605.659656,5,9,139
1743494605.695656,-40,-22,71
1743494605.730656,51,-76,181
1743494605.7666562,29,-40,-32
1743494605.801656,-96,57,185
1743494605.837656,-10,9,139
1743494605.872656,-42,-74,235
1743494605.907656,-18,-42,171
1743494605.943656,-23,-24,23
1743494605.978656,-23,33,157
1743494606.014656,46,55,59
1743494606.0496562,36,1,227
1743494606.0856562,-52,-8,81
1743494606.120656,4,9,301
1743494606.155656,35,-36,145
1743494606.191656,-64,-12,107
1743494606.226656,19,-48,131
1743494606.262656,-26,-18,57
1743494606.297656,13,-48,179
1743494606.333656,43,85,227
1743494606.3686562,-48,43,153
1743494606.403656,-8,3,145
1743494606.439656,93,23,165
1743494606.474656,12,39,175
1743494606.510656,47,21,267
1743494606.545656,24,29,269
1743494606.581656,-7,-66,121
1743494606.616656,44,-6,245
1743494606.6516562,-60,53,153
1743494606.6876562,-34,-36,87
1743494606.722656,-18,-70,95
1743494606.758656,23,-4,34
1743494606.793656,77,47,188
1743494606.829656,-12,33,52
1743494606.864656,43,-16,126
1743494606.899656,-36,-4,174
1743494606.935656,-42,-28,144
1743494606.9706562,70,-8,162
1743494607.0066562,0,11,92
1743494607.041656,-32,-60,234
1743494607.077656,7,45,150
1743494607.112656,25,-14,84
1743494607.147656,-6,-17,208
1743494607.183656,-40,4,114
1743494607.218656,7,10,166
1743494607.254656,67,39,182
1743494607.2896562,-12,88,10
1743494607.325656,83,22,206
1743494607.360656,-34,-23,30
1743494607.395656,43,22,152
1743494607.431656,-32,-13,170
1743494607.466656,-66,35,128
1743494607.502656,3,31,110
1743494607.537656,-14,25,264
1743494607.573656,1,29,228
1743494607.6086562,-52,19,214
1743494607.643656,35,-18,120
1743494607.679656,-25,-28,164
1743494607.714656,90,77,130
1743494607.750656,-17,-82,174
1743494607.785656,-43,87,174
1743494607.821656,-63,29,70
1743494607.856656,26,24,182
1743494607.8916562,76,-77,98
1743494607.927656,26,28,100
1743494607.962656,40,-1,60
1743494607.998656,-119,-21,214
1743494608.033656,-3,86,108
1743494608.069656,-67,12,218
1743494608.104656,-49,-15,132
1743494608.139656,-17,-16,138
1743494608.175656,-9,35,54
1743494608.2106562,-29,9,90
1743494608.246656,16,13,166
1743494608.281656,34,1,180
1743494608.317656,9,-46,146
1743494608.352656,13,-18,52
1743494608.387656,-36,35,124
1743494608.423656,17,-32,128
1743494608.458656,43,25,142
1743494608.494656,17,-18,104
1743494608.5296562,-2,29,30
1743494608.565656,3,-26,42
1743494608.601656,-76,-74,156
1743494608.637656,-10,0,82
1743494608.673656,41,25,34
1743494608.709656,51,53,68
1743494608.745656,79,-66,88
1743494608.781656,0,23,134
1743494608.817656,112,27,124
1743494608.852656,-9,67,24
1743494608.887656,140,-26,160
1743494608.923656,-7,-50,82
1743494608.959656,-57,-66,120
1743494608.994656,18,-2,110
1743494609.030656,14,13,174
1743494609.065656,14,-38,144
1743494609.100656,16,37,76
1743494609.135656,-19,-2,162
1743494609.171656,-10,2,186
1743494609.207656,8,109,126
1743494609.242656,-73,-36,6
1743494609.278656,40,-10,82
1743494609.313656,36,47,184
1743494609.348656,1,-36,64
1743494609.383656,23,-42,84
1743494609.425656,55,29,198
1743494609.462656,10,37,0
1743494609.497656,-55,3,114
1743494609.532656,65,55,148
1743494609.567656,22,-29,93
1743494609.603656,-54,18,259
1743494609.639656,6,-3,117
1743494609.6746562,16,24,145
1743494609.7106562,8,-17,169
1743494609.745656,22,-33,93
1743494609.780656,-33,80,207
1743494609.815656,32,-45,93
1743494609.851656,19,4,29
1743494609.887656,0,-11,225
1743494609.922656,73,-40,125
1743494609.958656,13,71,149
1743494609.9936562,5,-6,-10
1743494610.028656,55,19,109
1743494610.063656,-43,-43,161
1743494610.099656,-27,-6,79
1743494610.135656,2,-39,-10
1743494610.170656,-59,42,119
1743494610.206656,-37,-6,53
1743494610.241656,-153,-11,131
1743494610.2766562,-35,47,211
1743494610.311656,-13,29,243
1743494610.347656,4,-38,25
1743494610.383656,38,0,109
1743494610.418656,47,-25,4
1743494610.454656,123,-29,79
1743494610.489656,-12,-1,175
1743494610.524656,-18,-9,60
1743494610.559656,23,8,122
1743494610.5956562,-26,92,162
1743494610.6316562,-14,30,103
1743494610.666656,-52,10,132
1743494610.702656,23,-25,176
1743494610.737656,-46,28,180
1743494610.772656,21,-41,196
1743494610.807656,13,22,186
1743494610.843656,-18,-9,-3
1743494610.879656,-50,-27,225
1743494610.9146562,-34,32,14
1743494610.950656,11,62,126
1743494610.985656,18,38,170
1743494611.020656,-63,-30,156
1743494611.055656,-65,51,168
1743494611.091656,-47,61,92
1743494611.127656,-27,19,150
1743494611.162656,76,17,102
1743494611.198656,-3,-24,112
1743494611.2336562,86,53,202
1743494611.268656,-89,-98,90
1743494611.303656,-5,41,104
1743494611.339656,24,27,160
1743494611.375656,-7,31,108
1743494611.410656,12,47,18
1743494611.446656,0,-45,186
1743494611.481656,1,-61,178
1743494611.5166562,-18,-51,114
1743494611.551656,-12,-75,88
1743494611.587656,-46,-53,290
1743494611.623656,9,24,60
1743494611.658656,141,-3,132
1743494611.694656,63,92,214
1743494611.729656,5,82,126
1743494611.764656,26,45,228
1743494611.7996562,30,-44,114
1743494611.8356562,-73,45,60
1743494611.871656,90,-16,112
1743494611.906656,-43,47,34
1743494611.942656,56,25,246
1743494611.977656,-53,-74,-23
1743494612.012656,-31,-14,99
1743494612.047656,-50,-64,10
1743494612.083656,47,35,174
1743494612.119656,77,7,62
1743494612.1546562,-34,-86,160
1743494612.190656,-72,-42,198
1743494612.225656,-24,-2,158
1743494612.260656,45,7,160
1743494612.295656,76,-24,98
1743494612.331656,-63,11,86
1743494612.367656,76,55,242
1743494612.402656,18,21,54
1743494612.438656,78,-64,270
1743494612.473656,12,10,12
1743494612.508656,-35,26,212
1743494612.543656,14,-21,10
1743494612.579656,20,-19,102
1743494612.615656,58,20,124
1743494612.650656,28,-15,66
1743494612.686656,98,60,-29
1743494612.721656,-31,0,226
1743494612.7566562,97,28,136
1743494612.791656,29,-35,48
1743494612.827656,17,38,136
1743494612.863656,-8,-21,160
1743494612.898656,57,12,120
1743494612.934656,28,-39,186
1743494612.969656,65,-73,138
1743494613.004656,27,8,40
1743494613.0396562,1,43,-1
1743494613.075656,81,-11,162
1743494613.111656,45,2,186
1743494613.146656,-66,-57,-37
1743494613.182656,-22,20,202
1743494613.217656,39,24,124
1743494613.252656,1,-15,280
1743494613.287656,-32,50,168
1743494613.323656,11,-39,198
1743494613.359656,-128,-25,96
1743494613.394656,29,32,118
1743494613.430656,-22,-5,178
1743494613.465656,-30,-57,242
1743494613.500656,17,-59,20
1743494613.535656,-26,38,220
1743494613.571656,47,-56,102
1743494613.607656,3,27,62
1743494613.642656,-84,33,186
1743494613.678656,45,-10,72
1743494613.713656,-7,-14,88
1743494613.748656,-6,5,196
1743494613.783656,55,35,156
1743494613.819656,60,9,66
1743494613.855656,-12,39,170
1743494613.890656,6,-42,106
1743494613.926656,-74,-12,128
1743494613.961656,4,-38,114
1743494613.996656,-25,-80,72
1743494614.031656,32,-76,150
1743494614.067656,-77,-30,204
1743494614.103656,22,49,310
1743494614.138656,28,53,84
1743494614.1746562,48,-12,66
1743494614.209656,-79,-62,180
1743494614.244656,62,21,26
1743494614.2796562,-19,-38,168
1743494614.315656,-41,-18,100
1743494614.351656,-55,-19,78
1743494614.386656,-9,80,70
1743494614.422656,10,26,84
1743494614.457656,-11,-53,122
1743494614.492656,-43,-33,150
1743494614.528656,63,-1,174
1743494614.563656,125,-59,286
1743494614.599656,53,22,170
1743494614.634656,-82,12,106
1743494614.670656,123,-23,186
1743494614.705656,7,34,132
1743494614.740656,91,-15,100
1743494614.7766562,29,84,142
1743494614.811656,35,58,136
1743494614.847656,77,-1,142
1743494614.882656,-92,38,222
1743494614.918656,35,11,28
1743494614.953656,97,-18,60
1743494614.988656,91,-45,140
1743494615.024656,57,-5,114
1743494615.059656,-38,-9,44
1743494615.0956562,-22,-5,224
1743494615.130656,-89,10,148
1743494615.166656,6,58,152
1743494615.201656,-63,-37,131
1743494615.236656,53,70,235
1743494615.272656,22,-3,135
1743494615.307656,3,38,117
1743494615.343656,-1,16,119
1743494615.378656,-23,-41,31
1743494615.4146562,-38,-9,225
1743494615.449656,51,-19,1
1743494615.484656,20,-39,139
1743494615.520656,-46,-23,173
1743494615.555656,73,-17,233
1743494615.591656,-22,4,43
1743494615.626656,-38,-89,117
1743494615.662656,23,-27,115
1743494615.6976562,-2,6,163
1743494615.732656,95,36,144
1743494615.768656,-61,-23,136
1743494615.803656,-49,34,130
1743494615.839656,-87,54,160
1743494615.874656,-102,18,130
1743494615.910656,-24,13,126
1743494615.945656,20,-4,184
1743494615.980656,-35,-24,144
1743494616.0166562,20,-14,172
1743494616.051656,112,18,112
1743494616.087656,32,53,200
1743494616.122656,-3,-11,146
1743494616.158656,-17,-119,172
1743494616.193656,18,-59,132
1743494616.228656,8,-71,158
1743494616.264656,18,-69,170
1743494616.2996562,46,-9,44
1743494616.3356562,-5,-99,98
1743494616.370656,-44,-18,138
1743494616.406656,85,25,84
1743494616.441656,1,71,208
1743494616.476656,-28,0,-7
1743494616.512656,143,31,98
1743494616.547656,-34,-28,202
1743494616.583656,29,-28,256
1743494616.6186562,17,-36,168
1743494616.6546562,36,67,202
1743494616.689656,92,27,88
1743494616.724656,8,45,214
1743494616.760656,-21,21,70
1743494616.795656,-76,4,70
1743494616.831656,12,27,166
1743494616.866656,-13,-12,124
1743494616.902656,8,-4,118
1743494616.9376562,-39,21,148
1743494616.972656,24,11,68
1743494617.008656,24,1,158
1743494617.043656,30,19,150
1743494617.079656,6,-16,126
1743494617.114656,-3,11,162
1743494617.150656,-58,-13,138
1743494617.185656,-48,-53,6
1743494617.2206562,7,-31,166
1743494617.2566562,-6,-31,206
1743494617.291656,22,-48,154
1743494617.327656,-75,7,183
1743494617.362656,29,-43,128
1743494617.398656,63,-31,116
1743494617.433656,-14,44,136
1743494617.468656,0,-10,217
1743494617.504656,72,3,59
1743494617.5396562,-51,33,191
1743494617.575656,110,33,93
1743494617.610656,-31,21,269
1743494617.646656,18,17,155
1743494617.681656,-9,7,161
1743494617.716656,14,-14,141
1743494617.752656,58,-79,45
1743494617.787656,-33,42,205
1743494617.823656,48,-15,157
1743494617.8586562,-75,28,-16
1743494617.894656,44,52,91
1743494617.929656,-65,6,136
1743494617.964656,80,52,216
1743494618.000656,-29,-77,118
1743494618.035656,18,-41,76
1743494618.071656,-23,-33,174
1743494618.106656,94,-31,112
1743494618.142656,90,-56,54
1743494618.178656,-31,-12,126
1743494618.214656,-27,34,180
1743494618.250656,-39,-27,162
1743494618.286656,-21,8,58
1743494618.3226562,52,98,130
1743494618.357656,-17,-64,244
1743494618.392656,-25,86,152
1743494618.428656,-39,-55,204
1743494618.464656,-15,26,114
1743494618.499656,34,-39,100
1743494618.535656,-31,-11,44
1743494618.570656,24,-49,114
1743494618.605656,110,52,88
1743494618.640656,48,-32,24
1743494618.676656,16,3,142
1743494618.712656,22,-41,180
1743494618.747656,69,-21,38
1743494618.783656,-58,50,72
1743494618.818656,-54,74,16
1743494618.853656,58,-33,104
1743494618.888656,-57,-29,50
1743494618.9246562,29,14,114
1743494618.9606562,26,-62,142
1743494618.995656,-7,19,130
1743494619.031656,70,77,190
1743494619.066656,-61,-48,16
1743494619.101656,32,-50,56
1743494619.136656,-25,-20,144
1743494619.172656,88,3,94
1743494619.208656,10,0,168
1743494619.2436562,12,41,152
1743494619.2796562,80,-6,126
1743494619.314656,-1,-68,176
1743494619.349656,62,-52,334
1743494619.384656,20,3,186
1743494619.427656,28,-4,170
1743494619.464656,-13,-46,168
1743494619.499656,-3,-8,186
1743494619.535656,14,5,138
1743494619.570656,-21,-18,94
1743494619.605656,-35,-56,132
1743494619.640656,-35,33,170
1743494619.676656,-29,1,34
1743494619.712656,-19,17,60
1743494619.747656,-49,9,186
1743494619.783656,-46,-78,126
1743494619.818656,111,3,172
1743494619.853656,5,-28,90
1743494619.888656,-51,35,88
1743494619.9246562,8,-20,170
1743494619.9606562,126,-92,162
1743494619.995656,-39,-74,118
1743494620.031656,-37,-12,164
1743494620.066656,34,-40,119
1743494620.101656,28,0,147
1743494620.136656,-21,37,33
1743494620.172656,30,-18,153
1743494620.208656,-101,57,139
1743494620.2436562,22,-36,207
1743494620.2796562,-17,-14,75
1743494620.314656,-1,-10,125
1743494620.349656,50,-14,33
1743494620.384656,-23,-30,139
1743494620.420656,44,55,137
1743494620.456656,-125,39,-24
1743494620.491656,50,19,139
1743494620.527656,-33,-12,55
1743494620.5626562,-21,10,149
1743494620.597656,4,-19,95
1743494620.632656,2,68,71
1743494620.668656,46,70,133
1743494620.704656,-19,-28,55
1743494620.739656,-65,39,119
1743494620.775656,18,53,129
1743494620.810656,-43,-50,75
1743494620.8456562,-37,-36,125
1743494620.880656,54,27,146
1743494620.916656,-3,23,104
1743494620.952656,-37,25,117
1743494620.987656,-63,-74,164
1743494621.023656,46,-4,134
1743494621.058656,32,31,2
1743494621.093656,22,59,250
1743494621.128656,52,57,80
1743494621.1646562,18,19,124
1743494621.200656,18,13,62
1743494621.235656,-55,21,114
1743494621.271656,-41,65,176
1743494621.306656,50,-6,120
1743494621.341656,28,-48,92
1743494621.376656,-27,-66,101
1743494621.412656,-27,-46,26
1743494621.448656,-13,-12,172
1743494621.4836562,-41,-30,141
1743494621.519656,-43,-20,86
1743494621.554656,18,29,88
1743494621.589656,22,15,30
1743494621.624656,112,23,-1
1743494621.660656,-75,-114,158
1743494621.696656,20,-82,158
1743494621.731656,-33,-88,110
1743494621.767656,76,0,124
1743494621.802656,-15,31,174
1743494621.837656,-51,3,116
1743494621.872656,70,-18,90
1743494621.908656,-7,23,66
1743494621.944656,8,-36,170
1743494621.979656,-49,-2,100
1743494622.015656,-59,19,108
1743494622.050656,-23,-24,102
1743494622.0856562,-3,13,90
1743494622.120656,9,-36,92
1743494622.156656,49,-54,54
1743494622.192656,-86,-34,68
1743494622.227656,-12,-18,215
1743494622.263656,-47,-26,73
1743494622.298656,-1,-22,39
1743494622.333656,-61,-32,147
1743494622.3686562,-15,-12,263
1743494622.4046562,-37,21,177
1743494622.440656,-38,-8,131
1743494622.475656,63,37,117
1743494622.511656,-72,-70,105
1743494622.546656,88,-23,71
1743494622.581656,-37,-61,69
1743494622.616656,28,-37,227
1743494622.652656,10,-80,201
1743494622.688656,-44,39,43
1743494622.723656,86,5,159
1743494622.759656,-8,20,209
1743494622.794656,-44,-12,143
1743494622.829656,-4,-40,93
1743494622.864656,-98,-2,169
1743494622.900656,-10,-21,87
1743494622.936656,23,-1,69
1743494622.971656,-23,31,171
1743494623.007656,160,-10,69
1743494623.042656,90,-50,221
1743494623.077656,-41,-28,-6
1743494623.112656,16,35,67
1743494623.148656,46,-76,87
1743494623.184656,-89,27,91
1743494623.219656,46,-18,165
1743494623.255656,124,-36,193
1743494623.290656,8,35,127
1743494623.325656,-7,-15,189
1743494623.360656,-97,-11,107
1743494623.396656,46,-3,241
1743494623.432656,50,-22,193
1743494623.467656,8,-24,109
1743494623.503656,-86,-52,203
1743494623.538656,27,-6,139
1743494623.573656,31,23,163
1743494623.6086562,53,-44,131
1743494623.644656,-16,-34,177
1743494623.680656,58,-98,95
1743494623.715656,-16,-16,65
1743494623.751656,40,55,233
1743494623.786656,52,-82,97
1743494623.821656,10,65,67
1743494623.856656,-93,53,59
1743494623.892656,-7,23,135
1743494623.928656,-56,25,159
1743494623.963656,27,0,167
1743494623.999656,7,36,159
1743494624.034656,-20,-39,127
1743494624.069656,15,57,175
1743494624.104656,21,26,163
1743494624.140656,-2,-85,95
1743494624.176656,-2,-2,181
1743494624.211656,-60,1,186
1743494624.247656,0,11,102
1743494624.282656,-64,89,173
1743494624.317656,10,21,110
1743494624.353656,44,-22,160
1743494624.388656,-62,33,152
1743494624.4246562,-29,6,111
1743494624.459656,-43,61,202
1743494624.495656,-69,-6,188
1743494624.530656,95,67,168
1743494624.565656,13,65,128
1743494624.601656,6,-66,80
1743494624.636656,-5,69,188
1743494624.672656,16,-42,153
1743494624.707656,2,-14,182
1743494624.7436562,-65,-52,100
1743494624.778656,-76,3,114
1743494624.813656,33,9,104
1743494624.849656,-32,-22,83
1743494624.884656,11,24,61
1743494624.920656,-36,20,105
1743494624.955656,15,42,109
1743494624.991656,47,-27,87
1743494625.0266562,17,28,213
1743494625.061656,-24,-42,163
1743494625.097656,-38,26,159
1743494625.132656,-26,12,77
1743494625.168656,25,72,-2
1743494625.203656,35,-45,133
1743494625.239656,-100,-35,107
1743494625.274656,11,-17,209
1743494625.309656,3,22,153
1743494625.3456562,30,-25,43
1743494625.380656,-92,-52,159
1743494625.416656,-30,22,131
1743494625.451656,17,18,231
1743494625.487656,-12,-13,121
1743494625.522656,71,-43,175
1743494625.557656,-24,6,177
1743494625.593656,-44,-81,193
1743494625.628656,-6,0,181
1743494625.6646562,-86,-11,-2
1743494625.699656,-52,6,213
1743494625.735656,-80,10,225
1743494625.770656,5,8,27
1743494625.805656,-56,-33,201
1743494625.841656,-18,53,225
1743494625.876656,15,-8,137
1743494625.912656,-24,-10,241
1743494625.9476562,104,-22,155
1743494625.9836562,38,11,94
1743494626.018656,-39,29,51
1743494626.053656,-70,0,215
1743494626.089656,94,57,185
1743494626.124656,96,1,171
1743494626.160656,68,-38,41
1743494626.195656,20,81,69
1743494626.231656,2,-60,95
1743494626.2666562,0,-72,108
1743494626.301656,44,83,138
1743494626.337656,54,1,258
1743494626.372656,-17,13,146
1743494626.408656,-37,-20,106
1743494626.443656,16,-8,-10
1743494626.479656,-49,-34,151
1743494626.514656,143,7,45
1743494626.5496562,-68,2,114
1743494626.5856562,-56,4,145
1743494626.620656,85,-49,111
1743494626.656656,-2,-21,106
1743494626.691656,-46,26,144
1743494626.727656,10,-54,62
1743494626.762656,-9,-28,160
1743494626.797656,10,-22,136
1743494626.833656,-31,-38,232
1743494626.8686562,164,-78,131
1743494626.9046562,-5,-18,69
1743494626.939656,-3,-48,28
1743494626.975656,-41,46,109
1743494627.010656,-45,-77,351
1743494627.045656,50,-59,161
1743494627.081656,-57,-21,89
1743494627.116656,-57,2,205
1743494627.152656,35,-13,131
1743494627.1876562,11,-29,173
1743494627.223656,-52,32,34
1743494627.258656,-32,-24,75
1743494627.293656,7,-23,175
1743494627.329656,-29,10,181
1743494627.364656,-110,-123,223
1743494627.400656,40,-61,149
1743494627.435656,14,-32,139
1743494627.471656,-15,-20,155
1743494627.5066562,38,-10,130
1743494627.541656,-25,11,168
1743494627.577656,40,-37,116
1743494627.612656,-9,23,220
1743494627.648656,26,13,88
1743494627.683656,59,65,60
1743494627.719656,-35,27,156
1743494627.755656,37,-28,160
1743494627.791656,-14,7,118
1743494627.827656,-50,-18,68
1743494627.862656,5,43,-9
1743494627.897656,-46,69,34
1743494627.933656,31,25,182
1743494627.969656,-74,49,124
1743494628.004656,59,-1,216
1743494628.040656,-40,-19,176
1743494628.075656,23,-17,38
1743494628.110656,35,0,196
1743494628.145656,7,-34,284
1743494628.181656,71,15,78
1743494628.217656,53,-16,122
1743494628.252656,-78,87,98
1743494628.288656,37,-20,114
1743494628.323656,19,2,76
1743494628.3586562,-16,-1,96
1743494628.393656,30,48,124
1743494628.429656,43,-25,38
1743494628.465656,53,-15,28
1743494628.500656,-2,-5,254
1743494628.536656,-12,-38,164
1743494628.571656,53,-64,50
1743494628.606656,53,15,88
1743494628.6416562,25,-70,-5
1743494628.677656,19,-32,92
1743494628.713656,-64,29,288
1743494628.748656,-14,-60,36
1743494628.784656,49,45,114
1743494628.819656,-28,-20,116
1743494628.854656,-24,-12,70
1743494628.889656,25,-42,80
1743494628.925656,-20,-4,20
1743494628.961656,55,25,46
1743494628.996656,49,47,34
1743494629.032656,141,-38,174
1743494629.067656,-18,-8,134
1743494629.102656,-18,9,-35
1743494629.137656,11,-36,199
1743494629.173656,11,5,73
1743494629.209656,-54,-10,73
1743494629.244656,15,0,103
1743494629.280656,-44,49,165
1743494629.315656,19,-68,107
1743494629.350656,19,51,23
1743494629.385656,43,7,127
1743494629.427656,29,-5,31
1743494629.464656,-32,8,149
1743494629.499656,28,-61,111
1743494629.534656,5,30,119
1743494629.569656,-90,94,163
1743494629.605656,3,60,131
1743494629.6416562,25,-25,191
1743494629.676656,9,22,147
1743494629.712656,-30,14,115
1743494629.747656,-19,-23,163
1743494629.782656,-24,-50,99
1743494629.817656,74,8,51
1743494629.853656,-5,38,143
1743494629.889656,30,6,163
1743494629.9246562,-57,4,25
1743494629.9606562,24,10,187
1743494629.995656,-15,32,203
1743494630.030656,-5,-28,173
1743494630.065656,60,14,169
1743494630.101656,38,14,147
1743494630.137656,-5,28,99
1743494630.172656,4,18,71
1743494630.208656,-33,-21,111
1743494630.2436562,-13,38,157
1743494630.278656,-3,66,133
1743494630.313656,-39,6,149
1743494630.349656,4,-2,199
1743494630.385656,-55,-12,113
1743494630.420656,2,0,145
1743494630.456656,50,41,201
1743494630.491656,-17,-10,119
1743494630.5266562,-71,63,84
1743494630.561656,44,25,145
1743494630.597656,-15,-112,109
1743494630.633656,52,25,33
1743494630.668656,92,55,123
1743494630.704656,6,5,175
1743494630.739656,16,-6,143
1743494630.774656,-23,7,61
1743494630.809656,-11,-40,-8
1743494630.8456562,-7,23,3
1743494630.8816562,-14,-49,139
1743494630.916656,27,-41,141
1743494630.952656,-28,-11,175
1743494630.987656,-62,40,104
1743494631.022656,35,-25,56
1743494631.057656,3,-3,129
1743494631.093656,50,54,67
1743494631.129656,40,-9,174
1743494631.1646562,-85,7,94
1743494631.200656,39,-13,152
1743494631.235656,39,-13,80
1743494631.270656,-2,10,68
1743494631.305656,-20,56,144
1743494631.341656,-46,2,107
1743494631.377656,-47,-58,97
1743494631.412656,-25,-19,62
1743494631.448656,-17,3,52
1743494631.4836562,20,-24,174
1743494631.518656,22,7,16
1743494631.553656,-69,-36,110
1743494631.589656,22,-8,6
1743494631.625656,66,17,166
1743494631.660656,64,-18,82
1743494631.696656,18,5,140
1743494631.731656,14,17,164
1743494631.7666562,38,21,174
1743494631.801656,-37,11,60
1743494631.837656,10,-38,104
1743494631.873656,-15,17,94
1743494631.908656,-41,-26,248
1743494631.944656,-13,-18,102
1743494631.979656,2,3,196
1743494632.014656,2,-70,144
1743494632.0496562,-7,-6,138
1743494632.0856562,-120,33,126
1743494632.121656,0,122,142
1743494632.156656,-39,-2,106
1743494632.192656,51,-28,148
1743494632.227656,-38,-52,2
1743494632.262656,46,31,106
1743494632.297656,-3,5,164
1743494632.333656,8,-2,202
1743494632.369656,-95,35,92
1743494632.4046562,-5,-44,96
1743494632.440656,-37,-36,140
1743494632.475656,-3,33,42
1743494632.510656,-37,-58,186
1743494632.545656,136,-10,-65
1743494632.581656,42,-24,98
1743494632.617656,-33,-24,126
1743494632.652656,16,-10,224
1743494632.688656,-9,51,-11
1743494632.723656,66,-62,168
1743494632.758656,-25,0,142
1743494632.793656,32,-6,178
1743494632.829656,16,17,166
1743494632.865656,-17,35,158
1743494632.900656,-63,-14,186
1743494632.936656,-121,75,94
1743494632.971656,-17,-32,100
1743494633.0066562,26,9,210
1743494633.041656,-73,11,158
1743494633.077656,44,-18,112
1743494633.113656,-13,45,144
1743494633.148656,39,24,248
1743494633.184656,52,-12,54
1743494633.219656,118,13,158
1743494633.254656,-28,-57,154
1743494633.2896562,-22,80,184
1743494633.325656,-128,62,152
1743494633.361656,33,-1,154
1743494633.396656,1,-11,188
1743494633.432656,-22,-3,-25
1743494633.467656,-42,-49,160
1743494633.502656,41,64,102
1743494633.537656,50,-96,120
1743494633.573656,-51,-6,72
1743494633.609656,24,-12,132
1743494633.644656,-41,39,146
1743494633.680656,-21,49,122
1743494633.715656,46,42,66
1743494633.750656,78,19,80
1743494633.786656,-5,-4,120
1743494633.821656,28,-36,54
1743494633.857656,40,0,110
1743494633.892656,42,17,200
1743494633.928656,-53,-10,176
1743494633.963656,10,59,46
1743494633.998656,48,-32,194
1743494634.034656,-43,-60,134
1743494634.069656,76,-18,-21
1743494634.105656,-85,-4,204
1743494634.140656,96,9,182
1743494634.176656,30,-53,346
1743494634.211656,-67,-33,162
1743494634.246656,16,-49,52
1743494634.282656,80,22,136
1743494634.317656,10,2,192
1743494634.353656,-33,-35,149
1743494634.388656,24,-115,147
1743494634.4246562,56,60,65
1743494634.459656,6,-11,149
1743494634.494656,66,37,135
1743494634.530656,90,1,71
1743494634.565656,-27,-42,131
1743494634.601656,68,-112,-4
1743494634.636656,84,-44,175
1743494634.672656,12,-64,215
1743494634.707656,-51,29,223
1743494634.742656,2,-30,133
1743494634.778656,-1,53,159
1743494634.813656,-21,-24,122
1743494634.849656,-69,99,149
1743494634.884656,96,7,95
1743494634.920656,48,-4,74
1743494634.955656,2,25,125
1743494634.990656,-17,-22,50
1743494635.0266562,-23,25,62
1743494635.061656,-57,17,66
1743494635.097656,48,-12,92
1743494635.132656,22,-18,190
1743494635.168656,38,-6,162
1743494635.203656,96,-26,154
1743494635.238656,36,-60,40
1743494635.274656,36,-80,186
1743494635.309656,8,-12,130
1743494635.3456562,-21,-12,112
1743494635.380656,48,69,34
1743494635.416656,-23,41,158
1743494635.451656,-15,-14,152
1743494635.486656,36,-6,48
1743494635.522656,-11,43,122
1743494635.557656,-11,-32,152
1743494635.593656,26,77,-19
1743494635.628656,-37,41,190
1743494635.6646562,-71,-14,202
1743494635.699656,-25,-81,126
1743494635.734656,8,-18,82
1743494635.770656,-21,-49,184
1743494635.805656,-33,16,206
1743494635.841656,-17,20,210
1743494635.876656,10,-23,168
1743494635.912656,40,22,86
1743494635.9476562,-15,-9,150
1743494635.982656,-17,-49,78
1743494636.018656,-47,-1,268
1743494636.053656,48,-53,150
1743494636.089656,88,-17,146
1743494636.124656,2,1,106
1743494636.160656,-73,11,54
1743494636.195656,54,1,210
1743494636.230656,62,-22,146
1743494636.2666562,-82,-19,102
1743494636.301656,55,46,198
1743494636.337656,-18,-53,224
1743494636.372656,53,10,38
1743494636.408656,-26,-9,148
1743494636.443656,-4,-33,30
1743494636.478656,-38,0,174
1743494636.514656,-11,33,70
1743494636.5496562,30,35,130
1743494636.5856562,26,51,112
1743494636.620656,-37,11,238
1743494636.656656,-91,-36,106
1743494636.691656,28,-14,38
1743494636.726656,-19,-48,226
1743494636.762656,36,65,44
1743494636.797656,30,43,170
1743494636.833656,-23,27,120
1743494636.8686562,40,23,104
1743494636.9046562,-59,14,156
1743494636.939656,-45,10,197
1743494636.974656,-9,-1,173
1743494637.010656,-31,-40,153
1743494637.045656,8,45,93
1743494637.081656,50,39,143
1743494637.116656,-1,65,69
1743494637.152656,46,-31,205
1743494637.188656,-57,48,239
1743494637.224656,-67,-7,165
1743494637.260656,-21,42,105
1743494637.296656,-66,-54,93
1743494637.332656,7,45,23
1743494637.3686562,55,41,-8
1743494637.4046562,-40,11,159
1743494637.439656,-39,49,101
1743494637.474656,16,5,49
1743494637.510656,6,-68,67
1743494637.546656,-1,-44,61
1743494637.581656,-13,-2,161
1743494637.617656,2,85,193
1743494637.652656,-23,5,189
1743494637.6876562,-9,19,83
1743494637.722656,-29,15,171
1743494637.758656,-57,-12,79
1743494637.794656,8,-16,131
1743494637.829656,74,-16,261
1743494637.865656,26,57,183
1743494637.900656,36,21,211
1743494637.935656,-29,-22,99
1743494637.9706562,-1,39,185
1743494638.0066562,11,-78,89
1743494638.042656,-46,-9,170
1743494638.077656,43,39,60
1743494638.113656,-28,-20,20
1743494638.148656,-22,9,28
1743494638.183656,35,-66,116
1743494638.218656,-58,-12,82
1743494638.254656,-40,16,162
1743494638.290656,23,-27,56
1743494638.325656,43,-17,232
1743494638.361656,15,-23,102
1743494638.396656,79,10,76
1743494638.431656,29,-27,146
1743494638.466656,-36,-51,142
1743494638.502656,-82,16,106
1743494638.538656,-14,42,90
1743494638.573656,1,-5,88
1743494638.609656,7,4,166
1743494638.644656,0,-9,174
1743494638.679656,-22,-50,156
1743494638.714656,57,-105,156
1743494638.750656,7,-26,98
1743494638.786656,-10,-24,136
1743494638.821656,-38,73,294
1743494638.857656,-38,-12,106
1743494638.892656,-18,59,60
1743494638.927656,3,53,156
1743494638.962656,39,-75,132
1743494638.998656,41,-23,102
1743494639.034656,23,-33,34
1743494639.069656,43,19,162
1743494639.105656,-29,-44,86
1743494639.140656,-26,48,168
1743494639.175656,45,60,-7
1743494639.2106562,-36,-47,182
1743494639.246656,19,-113,210
1743494639.282656,-8,2,136
1743494639.317656,46,0,85
1743494639.353656,-19,-9,91
1743494639.388656,-43,-28,63
1743494639.430656,34,-47,251
1743494639.466656,-15,59,183
1743494639.502656,-33,-20,13
1743494639.538656,-5,-4,129
1743494639.573656,8,0,89
1743494639.609656,-50,61,123
1743494639.644656,58,-14,173
1743494639.679656,54,13,205
1743494639.714656,-21,-4,95
1743494639.750656,48,23,49
1743494639.786656,-57,-36,53
1743494639.821656,29,-58,217
1743494639.857656,45,0,203
1743494639.892656,55,-31,195
1743494639.927656,-30,-33,47
1743494639.962656,25,-25,173
1743494639.998656,67,-1,233
1743494640.034656,41,12,139
1743494640.069656,-9,-40,111
1743494640.105656,8,1,123
1743494640.140656,10,57,157
1743494640.175656,-7,-52,75
1743494640.2106562,0,-44,191
1743494640.246656,-30,-3,177
1743494640.282656,33,40,143
1743494640.318656,19,12,261
1743494640.354656,0,106,123
1743494640.389656,7,-1,97
1743494640.425656,41,-19,143
1743494640.4606562,43,-13,181
1743494640.495656,53,-47,161
1743494640.530656,-7,-9,105
1743494640.566656,-18,18,167
1743494640.602656,15,24,21
1743494640.637656,39,6,231
1743494640.673656,47,-37,177
1743494640.708656,13,-5,205
1743494640.7436562,73,-79,45
1743494640.778656,102,-44,203
1743494640.814656,-26,72,103
1743494640.850656,30,-18,205
1743494640.885656,72,-25,197
1743494640.921656,-31,-7,180
1743494640.956656,-27,-27,156
1743494640.991656,0,-37,194
1743494641.0266562,56,-71,154
1743494641.0626562,-66,-27,112
1743494641.098656,3,29,-4
1743494641.133656,-40,21,115
1743494641.169656,33,-6,205
1743494641.204656,-1,-22,158
1743494641.239656,16,8,76
1743494641.274656,12,-15,118
1743494641.310656,-6,-55,172
1743494641.346656,-78,10,153
1743494641.3816562,99,14,99
1743494641.417656,25,12,139
1743494641.452656,-14,10,169
1743494641.487656,-38,-27,26
1743494641.522656,-25,-37,183
1743494641.558656,-3,-37,263
1743494641.594656,19,-13,211
1743494641.629656,0,16,91
1743494641.665656,-10,-47,195
1743494641.700656,5,-69,95
1743494641.735656,-39,0,-28
1743494641.770656,-119,8,91
1743494641.806656,56,-15,101
1743494641.842656,10,-31,185
1743494641.877656,-33,-9,155
1743494641.913656,-47,-1,71
1743494641.948656,40,8,221
1743494641.9836562,-43,-31,122
1743494642.018656,-13,-15,126
1743494642.054656,-47,48,200
1743494642.090656,34,-35,146
1743494642.125656,2,-42,196
1743494642.161656,58,-4,2
1743494642.196656,-12,-4,70
1743494642.231656,53,31,134
1743494642.2666562,17,-57,154
1743494642.302656,5,54,218
1743494642.338656,35,-5,68
1743494642.373656,-4,4,168
1743494642.409656,19,-9,220
1743494642.444656,-32,14,104
1743494642.479656,11,-27,234
1743494642.514656,19,59,104
1743494642.550656,-88,8,196
1743494642.586656,69,28,150
1743494642.621656,21,-43,100
1743494642.657656,45,-55,86
1743494642.692656,-36,36,134
1743494642.727656,34,38,90
1743494642.762656,-19,44,125
1743494642.798656,50,-37,67
1743494642.834656,20,-2,155
1743494642.869656,-39,-34,167
1743494642.905656,15,0,89
1743494642.940656,-20,-44,149
1743494642.975656,113,-66,167
1743494643.010656,33,-26,123
1743494643.047656,34,-18,129
1743494643.082656,-58,-18,39
1743494643.1186562,-3,0,85
1743494643.1546562,14,-14,25
1743494643.189656,-9,59,53
1743494643.225656,50,-5,97
1743494643.260656,-11,44,101
1743494643.295656,-45,-97,117
1743494643.331656,-58,-61,307
1743494643.366656,49,-33,-24
1743494643.402656,31,8,53
1743494643.4376562,51,-3,231
1743494643.473656,8,-48,205
1743494643.508656,24,-78,43
1743494643.543656,-20,59,113
1743494643.579656,137,12,255
1743494643.614656,-14,-1,107
1743494643.650656,117,20,77
1743494643.685656,45,20,35
1743494643.721656,-31,-21,87
1743494643.7566562,28,-47,225
1743494643.791656,45,-7,47
1743494643.827656,-74,-5,121
1743494643.862656,22,60,111
1743494643.898656,13,-71,71
1743494643.933656,-2,-9,113
1743494643.969656,28,72,167
1743494644.004656,-76,20,173
1743494644.0396562,40,34,31
1743494644.075656,66,-11,173
1743494644.110656,-16,0,163
1743494644.146656,62,-37,127
1743494644.181656,-26,-4,111
1743494644.217656,-68,23,155
1743494644.252656,-20,21,131
1743494644.287656,-16,53,155
1743494644.323656,45,-8,96
1743494644.3586562,23,20,208
1743494644.394656,6,-29,99
1743494644.429656,50,34,-28
1743494644.465656,-135,36,121
1743494644.500656,25,18,187
1743494644.535656,-53,56,75
1743494644.571656,-57,-5,119
1743494644.606656,4,-55,233
1743494644.642656,16,-28,99
1743494644.677656,18,-28,77
1743494644.713656,-13,107,187
1743494644.748656,-12,-70,51
1743494644.783656,-38,-44,133
1743494644.819656,47,59,190
1743494644.854656,-12,1,118
1743494644.890656,-54,89,-27
1743494644.925656,-10,49,184
1743494644.961656,135,-4,185
1743494644.996656,-82,-8,63
1743494645.031656,-26,34,125
1743494645.067656,-32,44,236
1743494645.102656,-48,-13,234
1743494645.138656,-37,55,194
1743494645.173656,10,65,-13
1743494645.209656,-21,-10,136
1743494645.244656,33,27,110
1743494645.2796562,-18,9,210
1743494645.315656,17,-11,136
1743494645.350656,-16,44,186
1743494645.386656,-54,-13,16
1743494645.421656,47,-15,182
1743494645.457656,-25,-13,72
1743494645.492656,83,-13,198
1743494645.527656,12,-33,44
1743494645.563656,10,84,162
1743494645.598656,42,0,88
1743494645.634656,4,38,186
1743494645.669656,28,-7,122
1743494645.705656,-13,-1,44
1743494645.740656,12,-5,85
1743494645.775656,8,-19,148
1743494645.811656,-47,46,138
1743494645.846656,-43,26,172
1743494645.882656,60,-31,106
1743494645.917656,23,8,153
1743494645.953656,15,-3,199
1743494645.988656,-100,-35,151
1743494646.023656,45,-7,105
1743494646.059656,-8,-13,87
1743494646.094656,10,78,55
1743494646.130656,10,2,179
1743494646.165656,18,54,137
1743494646.201656,25,-23,205
1743494646.236656,-12,-31,213
1743494646.271656,53,-43,207
1743494646.307656,-22,46,133
1743494646.342656,67,4,203
1743494646.378656,-16,-5,195
1743494646.413656,-15,-57,41
1743494646.449656,7,54,65
1743494646.484656,26,18,211
1743494646.519656,16,8,73
1743494646.555656,14,-1,39
1743494646.590656,-15,12,133
1743494646.626656,-101,16,37
1743494646.661656,-3,-13,137
1743494646.6976562,-19,34,51
1743494646.732656,54,-5,25
1743494646.767656,49,8,113
1743494646.803656,-71,40,121
1743494646.838656,-6,-68,153
1743494646.874656,7,17,267
1743494646.909656,25,5,137
1743494646.945656,5,3,165
1743494646.981656,-72,-4,61
1743494647.0166562,-10,23,217
1743494647.051656,41,-2,-10
1743494647.087656,-10,-42,5
1743494647.123656,-78,-18,185
1743494647.158656,-48,-58,101
1743494647.194656,0,-18,123
1743494647.229656,-2,-46,95
1743494647.264656,51,13,197
1743494647.2996562,-30,39,51
1743494647.3356562,0,7,101
1743494647.371656,-50,49,143
1743494647.406656,25,-60,-28
1743494647.442656,-22,5,103
1743494647.477656,25,-26,119
1743494647.512656,-24,41,177
1743494647.547656,53,31,183
1743494647.583656,29,51,205
1743494647.619656,0,15,93
1743494647.6546562,-18,9,165
1743494647.690656,15,27,195
1743494647.725656,117,21,147
1743494647.760656,-2,37,243
1743494647.795656,81,17,97
1743494647.831656,21,-74,133
1743494647.867656,-76,-6,89
1743494647.902656,9,7,129
1743494647.938656,11,39,81
1743494647.973656,75,-24,229
1743494648.008656,-54,25,21
1743494648.043656,-1,-26,147
1743494648.079656,100,71,157
1743494648.115656,-27,-10,193
1743494648.150656,-65,-16,215
1743494648.186656,36,-4,31
1743494648.221656,-85,-14,169
1743494648.2566562,-64,55,108
1743494648.291656,2,-22,142
1743494648.327656,0,23,162
1743494648.363656,105,75,170
1743494648.398656,-8,25,48
1743494648.434656,-32,33,176
1743494648.469656,-50,-82,64
1743494648.504656,-52,-34,-9
1743494648.5396562,-36,17,14
1743494648.575656,-3,-42,180
1743494648.611656,69,53,156
1743494648.646656,-2,-54,136
1743494648.682656,-74,25,132
1743494648.717656,23,17,80
1743494648.752656,47,45,144
1743494648.787656,35,-24,254
1743494648.823656,-8,43,128
1743494648.859656,-38,55,88
1743494648.894656,23,15,60
1743494648.930656,-14,67,164
1743494648.965656,45,-68,166
1743494649.000656,55,5,66
1743494649.035656,17,-38,244
1743494649.071656,-128,59,146
1743494649.107656,-50,29,126
1743494649.142656,-26,-46,190
1743494649.178656,33,5,142
1743494649.213656,-48,60,194
1743494649.248656,53,37,178
1743494649.283656,-30,-70,198
1743494649.319656,-6,-22,88
1743494649.355656,27,47,-45
1743494649.390656,38,-8,128
1743494649.433656,25,-2,94
1743494649.469656,123,91,156
1743494649.504656,-41,27,190
1743494649.5396562,-24,53,176
1743494649.575656,-96,43,132
1743494649.611656,35,7,132
1743494649.646656,-52,19,52
1743494649.682656,-70,5,30
1743494649.717656,-51,21,206
1743494649.752656,78,43,84
1743494649.787656,11,-16,228
1743494649.823656,-22,35,130
1743494649.859656,67,44,148
1743494649.894656,-6,-26,87
1743494649.930656,-45,-85,227
1743494649.965656,-110,-17,101
1743494650.000656,-26,53,147
1743494650.035656,0,43,65
1743494650.071656,21,-24,199
1743494650.107656,23,-12,239
1743494650.142656,-34,25,77
1743494650.178656,61,-40,115
1743494650.213656,-26,17,231
1743494650.248656,-62,23,-46
1743494650.283656,27,-6,119
1743494650.319656,-2,-48,89
1743494650.355656,-6,43,191
1743494650.390656,-28,25,33
1743494650.426656,-8,55,83
1743494650.461656,27,-30,-3
1743494650.496656,62,13,194
1743494650.531656,54,-76,72
1743494650.567656,70,79,104
1743494650.603656,79,5,42
1743494650.638656,-33,33,160
1743494650.6746562,-24,1,236
1743494650.709656,-33,-7,142
1743494650.744656,-82,21,236
1743494650.7796562,19,-23,172
1743494650.815656,-66,-50,144
1743494650.851656,-54,9,154
1743494650.886656,-26,-32,172
1743494650.922656,-18,-13,102
1743494650.957656,9,-22,250
1743494650.992656,31,-48,78
1743494651.027656,-60,58,158
1743494651.063656,-40,4,234
1743494651.099656,-2,-18,190
1743494651.134656,-12,-173,220
1743494651.170656,101,-56,68
1743494651.205656,45,9,50
1743494651.240656,-64,19,54
1743494651.275656,39,3,97
1743494651.311656,-82,-46,57
1743494651.347656,-72,-2,-2
1743494651.382656,-36,-42,143
1743494651.418656,-22,39,133
1743494651.453656,-60,-78,175
1743494651.488656,-30,26,55
1743494651.523656,35,30,99
1743494651.559656,-84,44,35
1743494651.5956562,-88,9,121
1743494651.630656,-4,75,173
1743494651.666656,51,27,201
1743494651.701656,-40,43,157
1743494651.736656,7,-64,125
1743494651.771656,-42,-4,207
1743494651.807656,17,-26,33
1743494651.843656,-32,-62,159
1743494651.878656,17,19,93
1743494651.9146562,15,-36,89
1743494651.949656,93,-56,216
1743494651.984656,-102,-24,150
1743494652.019656,29,19,143
1743494652.055656,-37,-36,98
1743494652.091656,42,15,82
1743494652.126656,-8,-54,120
1743494652.162656,71,33,-11
1743494652.1976562,-127,-2,170
1743494652.232656,6,9,200
1743494652.267656,-51,-10,124
1743494652.303656,-7,-6,72
1743494652.339656,-21,27,208
1743494652.374656,52,-52,68
1743494652.410656,34,9,160
1743494652.445656,34,-24,236
1743494652.480656,-20,-53,46
1743494652.515656,-42,-13,154
1743494652.551656,-20,14,180
1743494652.587656,-86,30,132
1743494652.622656,-34,30,100
1743494652.658656,97,30,94
1743494652.693656,-45,-25,145
1743494652.728656,-15,43,103
1743494652.763656,14,-6,143
1743494652.7996562,-29,-46,123
1743494652.8356562,-97,-12,199
1743494652.870656,14,68,47
1743494652.906656,36,20,177
1743494652.941656,28,2,165
1743494652.976656,10,-41,165
1743494653.012656,16,-37,207
1743494653.047656,-55,-56,203
1743494653.083656,-19,-26,129
1743494653.1186562,1,-39,163
1743494653.1546562,6,-52,55
1743494653.189656,48,-26,79
1743494653.224656,-31,13,197
1743494653.260656,-7,-42,115
1743494653.295656,-3,73,55
1743494653.331656,6,-16,107
1743494653.366656,14,-28,163
1743494653.402656,-23,-30,179
1743494653.4376562,-7,-20,169
1743494653.472656,-79,0,131
1743494653.508656,29,49,101
1743494653.543656,13,-12,233
1743494653.579656,45,-16,123
1743494653.614656,-64,1,125
1743494653.650656,1,-34,253
1743494653.685656,-46,-6,139
1743494653.7206562,-30,-34,43
1743494653.7566562,-28,79,213
1743494653.791656,-28,69,205
1743494653.827656,-22,0,119
1743494653.862656,-38,-4,20
1743494653.898656,93,7,97
1743494653.933656,-48,39,152
1743494653.968656,-35,31,200
1743494654.004656,22,41,220
1743494654.0396562,-87,107,190
1743494654.075656,-1,-30,132
1743494654.110656,-13,51,128
1743494654.146656,-39,-34,150
1743494654.181656,30,7,64
1743494654.216656,-55,93,190
1743494654.252656,32,49,174
1743494654.287656,-59,29,168
1743494654.323656,-9,38,36
1743494654.3586562,16,-5,256
1743494654.394656,0,-5,14
1743494654.429656,-13,-22,274
1743494654.464656,4,50,148
1743494654.500656,50,-23,158
1743494654.535656,-44,24,44
1743494654.571656,25,14,172
1743494654.606656,83,-17,242
1743494654.642656,11,-43,164
1743494654.677656,53,50,80
1743494654.712656,-80,2,212
1743494654.748656,83,-38,140
1743494654.783656,-42,34,130
1743494654.819656,-28,56,98
1743494654.854656,9,14,154
1743494654.890656,-22,2,136
1743494654.925656,-66,6,104
1743494654.9606562,-26,-19,151
1743494654.996656,27,58,146
1743494655.031656,7,12,120
1743494655.067656,10,-11,106
1743494655.102656,-42,-11,40
1743494655.138656,-1,-59,89
1743494655.173656,40,-128,114
1743494655.208656,9,51,134
1743494655.244656,3,19,158
1743494655.2796562,-144,-50,188
1743494655.315656,-36,75,204
1743494655.350656,-68,-16,148
1743494655.385656,37,21,176
1743494655.420656,2,33,218
1743494655.456656,102,-14,198
1743494655.492656,37,-32,142
1743494655.527656,29,-70,76
1743494655.563656,-38,-16,130
1743494655.598656,-56,11,72
1743494655.634656,23,109,136
1743494655.669656,19,-40,102
1743494655.704656,-2,15,136
1743494655.740656,31,-16,182
1743494655.775656,-39,-6,208
1743494655.811656,0,-66,70
1743494655.846656,39,-22,124
1743494655.882656,-28,13,180
1743494655.917656,-10,-48,286
1743494655.952656,-2,-44,64
1743494655.988656,-25,13,5
1743494656.023656,9,-20,136
1743494656.059656,-26,-6,206
1743494656.094656,27,-8,222
1743494656.130656,21,5,142
1743494656.165656,-30,0,112
1743494656.200656,35,-30,150
1743494656.236656,11,-24,172
1743494656.271656,49,-34,184
1743494656.307656,-47,21,112
1743494656.342656,-21,-62,66
1743494656.378656,-15,33,88
1743494656.4146562,-10,49,146
1743494656.450656,21,-92,40
1743494656.486656,-60,37,170
1743494656.521656,-58,5,140
1743494656.556656,-20,1,76
1743494656.592656,-2,-22,162
1743494656.628656,39,-48,-5
1743494656.663656,-72,-7,56
1743494656.699656,-13,-21,126
1743494656.734656,-34,-39,136
1743494656.769656,-76,4,164
1743494656.804656,29,28,128
1743494656.840656,-88,16,158
1743494656.876656,-68,-75,210
1743494656.911656,-21,-34,142
1743494656.9476562,-62,0,98
1743494656.982656,51,92,178
1743494657.017656,1,55,138
1743494657.052656,10,0,264
1743494657.088656,-59,40,176
1743494657.124656,8,38,-21
1743494657.159656,-5,-7,148
1743494657.195656,-33,46,158
1743494657.230656,8,-66,150
1743494657.265656,116,-5,176
1743494657.300656,2,-3,124
1743494657.336656,-105,-13,244
1743494657.372656,-34,-61,146
1743494657.407656,-38,-45,110
1743494657.443656,23,-13,148
1743494657.478656,-20,-5,194
1743494657.513656,25,-23,228
1743494657.548656,-78,29,88
1743494657.584656,23,-26,-15
1743494657.620656,-12,-56,158
1743494657.655656,-4,-86,96
1743494657.691656,-28,11,226
1743494657.726656,-26,-56,276
1743494657.761656,1,49,86
1743494657.796656,-18,5,99
1743494657.832656,45,81,129
1743494657.8686562,-24,-38,135
1743494657.903656,3,-44,129
1743494657.939656,29,3,81
1743494657.974656,3,23,155
1743494658.009656,-10,-18,79
1743494658.044656,21,-50,176
1743494658.080656,41,-124,218
1743494658.116656,-4,67,132
1743494658.1516562,-8,-60,157
1743494658.1876562,-42,7,142
1743494658.222656,-108,-68,135
1743494658.257656,-12,21,233
1743494658.292656,-40,-21,112
1743494658.328656,-32,8,202
1743494658.364656,0,38,128
1743494658.399656,-112,-93,100
1743494658.435656,39,-38,74
1743494658.4706562,-32,5,8
1743494658.505656,-54,-16,44
1743494658.540656,5,-71,136
1743494658.576656,54,6,130
1743494658.612656,7,-34,124
1743494658.647656,34,-32,114
1743494658.683656,-27,-24,-41
1743494658.718656,38,-16,160
1743494658.753656,15,-31,164
1743494658.788656,-16,-19,60
1743494658.824656,-76,40,178
1743494658.860656,-33,-26,143
1743494658.895656,-5,25,185
1743494658.931656,-61,0,247
1743494658.966656,-69,71,117
1743494659.001656,36,63,147
1743494659.036656,24,33,63
1743494659.0726562,8,3,251
1743494659.1086562,-51,79,105
1743494659.143656,-41,-17,83
1743494659.179656,-110,0,139
1743494659.214656,-90,-48,73
1743494659.249656,-30,43,87
1743494659.284656,-44,-32,-14
1743494659.320656,-4,49,89
1743494659.356656,69,1,17
1743494659.3916562,47,-52,15
1743494659.434656,23,-44,207
1743494659.4706562,69,-30,111
1743494659.505656,49,-46,59
1743494659.540656,77,27,105
1743494659.576656,3,39,177
1743494659.612656,-110,45,167
1743494659.647656,41,-12,-26
1743494659.683656,33,-36,159
1743494659.718656,25,15,135
1743494659.753656,-4,-9,61
1743494659.788656,-58,2,205
1743494659.824656,37,3,151
1743494659.860656,-16,-34,169
1743494659.895656,-30,-2,37
1743494659.931656,-34,-86,187
1743494659.966656,15,-24,195
1743494660.001656,-24,21,159
1743494660.036656,17,47,117
1743494660.0726562,3,-14,129
1743494660.1086562,53,3,117
1743494660.143656,53,-28,189
1743494660.179656,-22,73,187
1743494660.214656,31,31,71
1743494660.249656,40,-39,133
1743494660.284656,30,30,51
1743494660.320656,-43,76,167
1743494660.356656,127,25,185
1743494660.3916562,21,-24,81
1743494660.427656,57,-10,171
1743494660.462656,-25,-53,93
1743494660.497656,5,65,205
1743494660.532656,-74,-54,3
1743494660.568656,59,-12,291
1743494660.604656,45,-38,155
1743494660.639656,-8,-40,163
1743494660.675656,13,3,179
1743494660.7106562,57,-76,209
1743494660.745656,-30,11,127
1743494660.780656,47,9,165
1743494660.816656,-52,-60,197
1743494660.852656,-28,1,101
1743494660.887656,9,-16,143
1743494660.923656,-38,-56,-34
1743494660.958656,-38,67,32
1743494660.9936562,-9,-13,202
1743494661.028656,15,-18,142
1743494661.064656,51,-92,32
1743494661.100656,11,5,84
1743494661.135656,-68,-38,78
1743494661.171656,-64,0,140
1743494661.206656,0,-71,208
1743494661.241656,-11,-23,232
1743494661.2766562,-33,-7,210
1743494661.3126562,-27,-13,-3
1743494661.348656,30,22,57
1743494661.383656,55,-83,175
1743494661.419656,1,-4,131
1743494661.454656,53,21,283
1743494661.489656,-12,-10,115
1743494661.524656,-34,29,177
1743494661.560656,47,-58,155
1743494661.596656,8,5,149
1743494661.6316562,-67,77,175
1743494661.667656,-87,-20,183
1743494661.702656,24,27,223
1743494661.737656,-27,-8,155
1743494661.772656,32,-22,137
1743494661.808656,18,35,151
1743494661.844656,-23,15,109
1743494661.879656,56,-18,133
1743494661.915656,-37,-36,201
1743494661.950656,-23,43,137
1743494661.985656,-23,-12,31
1743494662.020656,-21,0,53
1743494662.056656,-44,43,247
1743494662.092656,-82,65,17
1743494662.127656,-17,-18,93
1743494662.163656,-68,-18,157
1743494662.198656,-24,0,93
1743494662.2336562,33,-17,251
1743494662.268656,-30,-101,187
1743494662.304656,45,54,105
1743494662.340656,23,-5,119
1743494662.375656,35,4,127
1743494662.411656,47,-59,159
1743494662.446656,-49,27,185
1743494662.481656,72,-48,131
1743494662.517656,14,-66,253
1743494662.552656,-27,-2,83
1743494662.588656,-89,-66,117
1743494662.623656,54,1,87
1743494662.659656,114,49,87
1743494662.694656,27,-25,35
1743494662.729656,10,27,139
1743494662.765656,32,-48,162
1743494662.800656,-47,-32,240
1743494662.836656,26,29,146
1743494662.871656,-27,-24,159
1743494662.907656,80,-36,42
1743494662.942656,18,65,156
1743494662.977656,24,-56,182
1743494663.013656,50,17,212
1743494663.048656,34,-72,186
1743494663.084656,-37,-36,90
1743494663.119656,-46,53,278
1743494663.155656,-47,49,156
1743494663.190656,16,-42,196
1743494663.225656,12,-40,154
1743494663.261656,-29,9,86
1743494663.296656,68,-43,152
1743494663.332656,6,42,66
1743494663.367656,-1,103,192
1743494663.403656,-57,-88,115
1743494663.438656,-17,-16,-16
1743494663.473656,22,-2,0
1743494663.509656,-65,9,187
1743494663.544656,-43,-10,161
1743494663.580656,-25,-102,-6
1743494663.615656,117,-1,1
1743494663.6516562,100,-22,135
1743494663.686656,-33,17,195
1743494663.721656,-105,-10,125
1743494663.757656,74,27,17
1743494663.792656,22,61,79
1743494663.828656,12,-12,133
1743494663.863656,40,31,155
1743494663.899656,-45,0,179
1743494663.934656,70,11,97
1743494663.969656,56,13,131
1743494664.005656,-13,0,123
1743494664.040656,-73,39,115
1743494664.076656,-69,7,115
1743494664.111656,-25,-26,163
1743494664.147656,-41,41,53
1743494664.182656,-13,13,193
1743494664.217656,6,-48,213
1743494664.253656,-35,-30,129
1743494664.288656,12,-34,173
1743494664.324656,92,-12,17
1743494664.359656,2,-16,155
1743494664.395656,-57,-4,105
1743494664.430656,-13,-60,147
1743494664.465656,64,49,109
1743494664.501656,36,-14,167
1743494664.536656,26,21,89
1743494664.5726562,-3,17,121
1743494664.607656,40,15,51
1743494664.643656,32,31,39
1743494664.678656,2,11,163
1743494664.713656,-17,-54,41
1743494664.749656,86,31,63
1743494664.784656,-13,-10,193
1743494664.820656,62,13,73
1743494664.855656,26,65,265
1743494664.8916562,30,43,163
1743494664.926656,-87,-46,141
1743494664.961656,-69,23,135
1743494664.997656,70,-42,145
1743494665.032656,-65,-84,215
1743494665.068656,36,-98,241
1743494665.103656,32,5,139
1743494665.139656,-19,-28,191
1743494665.1746562,-89,-14,117
1743494665.209656,32,19,111
1743494665.245656,-89,-4,83
1743494665.280656,28,58,-6
1743494665.316656,78,-28,147
1743494665.351656,-81,0,168
1743494665.387656,2,-16,107
1743494665.422656,-19,50,147
1743494665.457656,124,21,261
1743494665.4936562,-69,89,197
1743494665.528656,50,55,153
1743494665.564656,10,29,96
1743494665.599656,-59,26,144
1743494665.634656,84,-63,64
1743494665.669656,-3,6,28
1743494665.705656,-7,98,46
1743494665.741656,62,28,72
1743494665.7766562,104,-55,160
1743494665.8126562,12,8,52
1743494665.847656,-63,-37,100
1743494665.883656,22,-61,236
1743494665.919656,44,32,250
1743494665.955656,46,-28,182
1743494665.991656,2,-16,146
1743494666.0266562,-63,18,132
1743494666.061656,28,-43,160
1743494666.097656,-1,25,140
1743494666.133656,-29,-107,112
1743494666.168656,22,-49,158
1743494666.204656,-49,26,204
1743494666.239656,-45,-46,126
1743494666.274656,-53,-24,140
1743494666.309656,24,-28,90
1743494666.3456562,22,-10,96
1743494666.3816562,32,61,98
1743494666.416656,-1,-60,35
1743494666.452656,-45,-54,191
1743494666.487656,15,-46,103
1743494666.522656,20,-16,125
1743494666.557656,-43,27,75
1743494666.593656,4,-48,201
1743494666.629656,56,-20,169
1743494666.6646562,51,-2,127
1743494666.700656,-55,31,181
1743494666.735656,-55,7,89
1743494666.770656,47,49,37
1743494666.805656,-48,-40,103
1743494666.841656,-16,-44,215
1743494666.877656,24,41,33
1743494666.912656,16,-30,173
1743494666.948656,14,-16,205
1743494666.9836562,0,22,99
1743494667.018656,46,20,161
1743494667.053656,46,-52,219
1743494667.089656,22,-22,11
1743494667.125656,-71,-92,73
1743494667.160656,36,29,151
1743494667.196656,78,3,217
1743494667.231656,62,41,279
1743494667.2666562,2,-35,85
1743494667.301656,34,43,229
1743494667.337656,-7,-26,215
1743494667.373656,-25,-31,105
1743494667.408656,0,50,101
1743494667.444656,-1,22,191
1743494667.479656,-41,53,87
1743494667.514656,-1,89,185
1743494667.5496562,100,-16,83
1743494667.5856562,64,-38,171
1743494667.621656,50,0,97
1743494667.656656,44,-52,-22
1743494667.692656,-89,71,73
1743494667.727656,90,29,31
1743494667.762656,76,-84,245
1743494667.797656,-65,-31,125
1743494667.833656,62,-26,203
1743494667.869656,-24,39,93
1743494667.9046562,-53,-14,170
1743494667.940656,79,25,106
1743494667.975656,-26,-28,195
1743494668.010656,53,9,161
1743494668.045656,107,-48,121
1743494668.081656,17,-14,133
1743494668.117656,0,19,135
1743494668.152656,1,-10,166
1743494668.188656,-59,-30,178
1743494668.223656,13,-4,308
1743494668.258656,41,33,14
1743494668.293656,-52,31,100
1743494668.329656,-22,-26,8
1743494668.365656,51,3,112
1743494668.400656,-3,10,146
1743494668.436656,14,6,120
1743494668.471656,-38,-8,228
1743494668.5066562,93,29,46
1743494668.541656,-34,-8,118
1743494668.577656,31,-15,78
1743494668.613656,32,-17,218
1743494668.648656,-51,44,110
1743494668.684656,25,3,156
1743494668.719656,21,43,80
1743494668.754656,27,-15,98
1743494668.7896562,17,-7,218
1743494668.825656,-8,-5,136
1743494668.861656,-22,-5,80
1743494668.896656,17,44,20
1743494668.932656,-86,-7,104
1743494668.967656,25,13,128
1743494669.002656,-32,-46,180
1743494669.037656,-30,71,34
1743494669.073656,-26,-32,172
1743494669.109656,-114,37,212
1743494669.144656,13,51,128
1743494669.180656,-116,-58,144
1743494669.215656,-15,8,154
1743494669.250656,-12,71,62
1743494669.285656,25,1,208
1743494669.321656,-21,14,170
1743494669.357656,-20,37,20
1743494669.392656,-22,-90,128
1743494669.435656,-32,17,171
1743494669.471656,-10,-12,199
1743494669.5066562,-80,-14,113
1743494669.541656,23,0,175
1743494669.577656,40,-71,109
1743494669.613656,-30,-20,139
1743494669.648656,-68,3,251
1743494669.684656,-30,35,181
1743494669.719656,-10,-104,93
1743494669.754656,0,15,206
1743494669.7896562,-42,-78,62
1743494669.825656,21,-42,111
1743494669.861656,15,25,119
1743494669.896656,-46,35,5
1743494669.932656,-45,-34,109
1743494669.967656,-7,33,127
1743494670.002656,-33,7,49
1743494670.037656,28,51,77
1743494670.073656,-29,-14,115
1743494670.109656,-7,13,113
1743494670.144656,78,25,89
1743494670.180656,49,45,41
1743494670.215656,-55,7,145
1743494670.250656,1,11,55
1743494670.285656,41,13,101
1743494670.321656,-1,49,127
1743494670.357656,27,65,187
1743494670.392656,24,46,165
1743494670.428656,-62,13,47
1743494670.463656,0,13,197
1743494670.498656,30,-17,45
1743494670.533656,59,-8,141
1743494670.569656,12,-17,89
1743494670.605656,-39,41,119
1743494670.640656,5,21,77
1743494670.676656,-56,11,141
1743494670.711656,25,18,75
1743494670.746656,15,54,5
1743494670.781656,19,11,52
1743494670.817656,11,7,169
1743494670.853656,-30,-72,115
1743494670.888656,-4,35,145
1743494670.9246562,35,-35,5
1743494670.959656,-14,7,49
1743494670.994656,71,-26,27
1743494671.0296562,-42,85,105
1743494671.065656,-82,30,115
1743494671.101656,59,-72,119
1743494671.136656,0,-22,191
1743494671.172656,-7,21,105
1743494671.208656,-47,-60,125
1743494671.244656,62,49,21
1743494671.2796562,-7,-2,91
1743494671.314656,-15,1,77
1743494671.349656,8,33,185
1743494671.385656,20,-10,201
1743494671.421656,56,-16,121
1743494671.456656,26,-102,133
1743494671.492656,-9,-32,163
1743494671.527656,-59,3,90
1743494671.5626562,22,-28,152
1743494671.597656,6,17,154
1743494671.633656,-17,39,146
1743494671.669656,52,73,318
1743494671.704656,18,-62,88
1743494671.740656,-31,56,104
1743494671.775656,-33,-39,202
1743494671.810656,42,77,102
1743494671.8456562,-31,29,166
1743494671.8816562,82,-30,146
1743494671.917656,56,9,174
1743494671.952656,-1,13,84
1743494671.988656,20,-49,100
1743494672.023656,-35,5,164
1743494672.058656,-99,9,168
1743494672.094656,-21,24,108
1743494672.129656,12,94,138
1743494672.165656,-51,86,-67
1743494672.200656,14,-13,212
1743494672.236656,-19,-19,46
1743494672.271656,-100,-25,158
1743494672.306656,-20,-26,172
1743494672.342656,-38,82,158
1743494672.377656,11,-67,170
1743494672.413656,-80,-40,196
1743494672.448656,63,19,144
1743494672.484656,68,5,112
1743494672.519656,36,-4,106
1743494672.554656,-49,39,134
1743494672.590656,20,1,44
1743494672.625656,-5,-37,108
1743494672.661656,64,5,190
1743494672.696656,-3,32,122
1743494672.732656,20,47,178
1743494672.767656,-69,-14,240
1743494672.802656,-3,17,162
1743494672.838656,104,27,166
1743494672.873656,-1,1,120
1743494672.909656,-35,-98,252
1743494672.944656,0,13,42
1743494672.980656,2,-22,56
1743494673.015656,103,-14,132
1743494673.050656,8,-24,142
1743494673.086656,38,-16,166
1743494673.121656,-67,-24,226
1743494673.157656,14,-76,176
1743494673.192656,-25,13,232
1743494673.228656,72,-40,184
1743494673.263656,48,-4,124
1743494673.298656,22,-6,30
1743494673.334656,38,45,84
1743494673.369656,6,-75,110
1743494673.405656,18,48,64
1743494673.440656,4,38,238
1743494673.476656,-93,-25,139
1743494673.511656,-3,-79,153
1743494673.546656,0,66,127
1743494673.582656,-71,-41,89
1743494673.617656,-13,-3,81
1743494673.653656,82,61,141
1743494673.688656,104,2,183
1743494673.724656,2,-44,185
1743494673.759656,-15,18,179
1743494673.794656,-33,38,209
1743494673.830656,-5,-27,211
1743494673.865656,22,110,13
1743494673.9016562,22,-33,145
1743494673.936656,40,14,193
1743494673.972656,18,34,55
1743494674.007656,4,44,103
1743494674.042656,42,-1,169
1743494674.078656,6,-57,67
1743494674.113656,-7,-53,117
1743494674.149656,32,6,141
1743494674.184656,35,0,153
1743494674.2206562,-70,-17,91
1743494674.255656,3,82,23
1743494674.290656,35,-61,67
1743494674.326656,20,40,147
1743494674.361656,-9,-5,155
1743494674.397656,18,-97,279
1743494674.432656,-41,98,181
1743494674.468656,-119,-5,227
1743494674.503656,116,-25,123
1743494674.538656,15,17,103
1743494674.574656,-30,-47,155
1743494674.609656,7,2,225
1743494674.645656,-8,88,189
1743494674.680656,0,16,73
1743494674.716656,-40,82,113
1743494674.751656,39,-23,47
1743494674.786656,-40,50,59
1743494674.8226562,36,2,61
1743494674.857656,28,1,249
1743494674.893656,-4,-24,151
1743494674.928656,17,25,69
1743494674.964656,36,-24,155
1743494674.999656,-95,-6,217
1743494675.034656,18,27,69
1743494675.070656,42,-80,159
1743494675.105656,0,-24,121
1743494675.1416562,12,-16,185
1743494675.176656,-49,-42,97
1743494675.212656,-87,74,191
1743494675.247656,26,-18,247
1743494675.282656,-23,-3,133
1743494675.318656,-51,8,43
1743494675.353656,-19,-1,179
1743494675.389656,-25,-43,127
1743494675.4246562,36,38,16
1743494675.4606562,-15,-49,202
1743494675.496656,-25,16,78
1743494675.532656,-7,-13,146
1743494675.568656,-1,-1,112
1743494675.603656,28,-69,204
1743494675.638656,-17,34,172
1743494675.6746562,-6,46,148
1743494675.7106562,60,36,200
1743494675.745656,87,45,123
1743494675.781656,-22,16,184
1743494675.816656,-4,-25,0
1743494675.851656,-20,16,145
1743494675.886656,-36,-76,109
1743494675.922656,15,81,147
1743494675.958656,3,-54,85
1743494675.9936562,-30,29,123
1743494676.0296562,-6,73,90
1743494676.064656,41,31,160
1743494676.099656,9,13,150
1743494676.134656,-52,-84,175
1743494676.170656,3,111,133
1743494676.206656,93,19,79
1743494676.241656,25,23,139
1743494676.277656,1,-20,41
1743494676.3126562,-92,-54,253
1743494676.347656,-12,53,95
1743494676.382656,-28,53,219
1743494676.418656,-68,15,-18
1743494676.454656,41,-18,103
1743494676.489656,7,1,123
1743494676.525656,33,0,147
1743494676.560656,-12,17,227
1743494676.5956562,36,-24,57
1743494676.630656,0,-22,287
1743494676.666656,10,0,-30
1743494676.702656,26,5,71
1743494676.737656,48,25,217
1743494676.773656,-79,-44,191
1743494676.808656,70,-26,191
1743494676.843656,-49,-58,209
1743494676.878656,-18,31,39
1743494676.9146562,65,45,125
1743494676.950656,-30,73,235
1743494676.985656,-74,-16,171
1743494677.021656,-8,101,141
1743494677.056656,1,-58,169
1743494677.091656,31,81,199
1743494677.126656,33,77,145
1743494677.162656,37,17,171
1743494677.198656,-4,21,299
1743494677.2336562,-22,25,69
1743494677.269656,-26,-70,69
1743494677.304656,1,-30,209
1743494677.339656,71,-24,29
1743494677.374656,-46,-38,79
1743494677.410656,71,-22,251
1743494677.446656,63,21,99
1743494677.481656,19,38,49
1743494677.517656,-24,-37,201
1743494677.552656,39,-35,91
1743494677.587656,73,-75,171
1743494677.622656,23,8,77
1743494677.658656,-47,18,51
1743494677.694656,1,-51,113
1743494677.729656,60,-13,63
1743494677.765656,-26,22,179
1743494677.800656,4,-97,219
1743494677.8356562,7,-53,111
1743494677.870656,-37,16,165
1743494677.906656,13,12,109
1743494677.942656,1,-7,177
1743494677.977656,-20,-27,127
1743494678.013656,-22,14,67
1743494678.048656,26,-69,121
1743494678.083656,9,20,111
1743494678.1186562,-2,-27,133
1743494678.1546562,23,4,217
1743494678.190656,-48,30,107
1743494678.225656,47,-3,77
1743494678.261656,-23,-1,128
1743494678.296656,-43,30,161
1743494678.331656,38,12,181
1743494678.366656,8,20,129
1743494678.402656,-39,68,121
1743494678.438656,-23,-15,48
1743494678.473656,-13,-78,116
1743494678.509656,6,53,158
1743494678.544656,-7,63,55
1743494678.579656,26,-20,165
1743494678.614656,-61,-34,113
1743494678.650656,13,-40,128
1743494678.686656,-20,1,84
1743494678.721656,-82,5,158
1743494678.757656,-24,5,88
1743494678.792656,22,11,90
1743494678.827656,16,43,156
1743494678.862656,60,-14,-21
1743494678.898656,-37,-64,122
1743494678.934656,-77,27,88
1743494678.969656,-11,-28,81
1743494679.005656,2,-82,126
1743494679.040656,26,7,-9
1743494679.075656,38,51,182
1743494679.110656,-85,-22,68
1743494679.146656,86,-30,271
1743494679.182656,-3,10,153
1743494679.217656,-31,26,201
1743494679.253656,40,38,211
1743494679.288656,56,-27,171
1743494679.323656,4,-31,189
1743494679.3586562,2,-27,207
1743494679.394656,50,18,85
1743494679.4376562,-47,102,147
1743494679.473656,68,-21,79
1743494679.509656,-21,-3,71
1743494679.544656,77,-51,147
1743494679.579656,-11,54,149
1743494679.614656,66,38,167
1743494679.650656,-37,-41,225
1743494679.686656,-51,0,183
1743494679.721656,28,-29,121
1743494679.757656,22,-31,161
1743494679.792656,-23,16,181
1743494679.827656,30,42,159
1743494679.862656,0,12,49
1743494679.898656,-21,52,81
1743494679.934656,6,-23,-2
1743494679.969656,58,-27,251
1743494680.005656,-67,6,117
1743494680.040656,-23,0,75
1743494680.075656,-17,64,103
1743494680.110656,-11,-13,51
1743494680.146656,-9,12,175
1743494680.182656,-30,8,123
1743494680.217656,29,-25,99
1743494680.253656,45,-31,49
1743494680.288656,46,28,129
1743494680.323656,72,10,89
1743494680.3586562,-59,16,197
1743494680.394656,46,-11,77
1743494680.430656,-13,16,45
1743494680.465656,-89,18,143
1743494680.501656,46,-23,-10
1743494680.536656,16,-1,147
1743494680.571656,-19,6,113
1743494680.606656,-49,-7,65
1743494680.642656,-49,-67,61
1743494680.678656,36,-17,91
1743494680.713656,-13,-63,169
1743494680.749656,-19,-45,159
1743494680.784656,-23,36,135
1743494680.819656,40,-5,117
1743494680.854656,-37,-37,71
1743494680.890656,-25,9,343
1743494680.926656,-55,9,107
1743494680.961656,-67,29,44
1743494680.997656,-5,73,311
1743494681.032656,60,-10,121
1743494681.067656,-21,-16,127
1743494681.102656,-25,-28,79
1743494681.138656,-45,49,29
1743494681.1746562,-23,-6,17
1743494681.209656,-29,-29,161
1743494681.245656,20,-30,225
1743494681.280656,-15,-15,213
1743494681.315656,30,38,229
1743494681.350656,48,-29,111
1743494681.386656,48,45,103
1743494681.422656,-58,-54,79
1743494681.457656,-29,-19,9
1743494681.4936562,-13,28,59
1743494681.528656,24,-4,265
1743494681.563656,26,37,133
1743494681.599656,-59,13,43
1743494681.634656,30,-24,79
1743494681.670656,-19,3,-40
1743494681.705656,38,12,59
1743494681.741656,-25,48,103
1743494681.7766562,64,-13,60
1743494681.811656,-1,18,90
1743494681.847656,-23,-19,182
1743494681.882656,18,-25,74
1743494681.918656,16,-37,140
1743494681.953656,24,-29,146
1743494681.989656,48,36,136
1743494682.024656,-19,-17,66
1743494682.059656,-89,4,207
1743494682.0956562,-43,-56,173
1743494682.130656,42,1,71
1743494682.166656,-1,-97,74
1743494682.201656,20,13,114
1743494682.237656,-101,-38,144
1743494682.272656,27,2,134
1743494682.307656,-2,9,176
1743494682.343656,-45,70,146
1743494682.378656,19,12,88
1743494682.4146562,-82,-17,152
1743494682.449656,63,38,84
1743494682.485656,13,-35,178
1743494682.520656,1,66,186
1743494682.555656,35,-1,28
1743494682.591656,75,-77,200
1743494682.626656,103,-69,224
1743494682.662656,7,-5,66
1743494682.6976562,5,16,32
1743494682.7336562,47,-49,128
1743494682.768656,63,-1,98
1743494682.803656,-36,27,106
1743494682.839656,24,5,154
1743494682.874656,-59,-44,130
1743494682.910656,2,19,88
1743494682.945656,12,-66,40
1743494682.981656,-11,15,178
1743494683.0166562,-21,-44,22
1743494683.051656,-31,31,204
1743494683.087656,-17,71,234
1743494683.122656,-47,7,228
1743494683.158656,-23,27,120
1743494683.193656,42,-20,66
1743494683.229656,-31,9,268
1743494683.264656,-43,-9,260
1743494683.2996562,28,-44,216
1743494683.3356562,66,-46,102
1743494683.370656,66,1,222
1743494683.406656,-19,27,226
1743494683.441656,74,53,114
1743494683.477656,40,-6,140
1743494683.512656,-17,35,10
1743494683.547656,104,-30,168
1743494683.583656,76,5,134
1743494683.6186562,-100,-46,128
1743494683.6546562,88,29,150
1743494683.689656,9,37,78
1743494683.725656,32,41,116
1743494683.760656,-51,-22,114
1743494683.795656,-1,45,152
1743494683.831656,-17,13,252
1743494683.866656,18,71,156
1743494683.902656,-63,-12,126
1743494683.9376562,44,23,192
1743494683.973656,8,-24,208
1743494684.008656,-21,3,134
1743494684.043656,0,13,100
1743494684.079656,-6,11,176
1743494684.114656,23,-48,174
1743494684.150656,-20,-2,70
1743494684.185656,-54,-16,82
1743494684.221656,-32,-56,12
1743494684.2566562,-26,9,86
1743494684.291656,31,-51,104
1743494684.327656,-6,-1,24
1743494684.362656,5,31,174
1743494684.398656,-50,25,80
1743494684.433656,-8,77,92
1743494684.469656,-74,45,120
1743494684.504656,7,-72,128
1743494684.5396562,35,-4,302
1743494684.575656,107,-24,186
1743494684.610656,37,4,118
1743494684.646656,-24,76,186
1743494684.681656,48,-17,164
1743494684.717656,-29,44,74
1743494684.752656,12,-31,68
1743494684.787656,20,-79,100
1743494684.823656,-27,6,120
1743494684.8586562,0,-17,234
1743494684.894656,-85,0,124
1743494684.929656,-73,-35,216
1743494684.965656,-57,42,16
1743494685.000656,-5,-19,166
1743494685.035656,32,30,234
1743494685.071656,60,0,122
1743494685.106656,11,-11,98
1743494685.142656,-46,22,196
1743494685.177656,-21,-29,50
1743494685.213656,-23,-23,196
1743494685.249656,-43,30,200
1743494685.284656,18,3,182
1743494685.319656,32,55,82
1743494685.355656,64,27,56
1743494685.3916562,-33,7,217
1743494685.426656,22,17,176
1743494685.462656,-49,-98,210
1743494685.497656,-16,5,166
1743494685.532656,-11,-16,160
1743494685.567656,-62,49,170
1743494685.603656,15,-62,120
1743494685.639656,-12,-24,30
1743494685.6746562,-40,-32,226
1743494685.7106562,-36,19,116
1743494685.745656,-100,-18,114
1743494685.780656,-4,29,96
1743494685.815656,9,11,148
1743494685.851656,-7,37,98
1743494685.887656,36,-8,106
1743494685.922656,18,-62,216
1743494685.958656,-68,25,80
1743494685.9936562,22,25,203
1743494686.028656,18,39,121
1743494686.063656,-11,33,47
1743494686.099656,-15,7,131
1743494686.135656,-34,-36,179
1743494686.170656,0,77,119
1743494686.206656,-45,-56,-2
1743494686.241656,-69,-6,87
1743494686.2766562,-37,-52,253
1743494686.311656,38,-26,121
1743494686.347656,-55,-2,107
1743494686.383656,-17,49,217
1743494686.418656,68,61,103
1743494686.454656,-3,75,179
1743494686.489656,6,-26,191
1743494686.524656,68,-26,169
1743494686.559656,22,3,181
1743494686.5956562,54,-28,63
1743494686.6316562,2,-14,125
1743494686.666656,63,74,243
1743494686.702656,-6,40,45
1743494686.737656,-19,38,83
1743494686.772656,-37,26,75
1743494686.807656,41,-95,181
1743494686.843656,-10,10,151
1743494686.879656,21,-13,5
1743494686.9146562,-31,4,143
1743494686.950656,-11,31,103
1743494686.985656,30,-40,-44
1743494687.020656,40,21,223
1743494687.055656,68,29,153
1743494687.091656,6,-2,237
1743494687.127656,-1,-56,65
1743494687.162656,-75,-38,127
1743494687.198656,-17,15,185
1743494687.2336562,6,-86,151
1743494687.268656,34,19,151
1743494687.303656,70,-67,189
1743494687.339656,-79,-3,169
1743494687.375656,114,42,61
1743494687.410656,-25,-1,85
1743494687.446656,-27,48,103
1743494687.481656,26,-22,141
1743494687.5166562,8,47,137
1743494687.551656,6,31,97
1743494687.587656,-53,-4,47
1743494687.623656,82,19,91
1743494687.658656,49,-40,281
1743494687.694656,37,-26,15
1743494687.729656,21,38,84
1743494687.764656,11,26,190
1743494687.7996562,31,-31,71
1743494687.8356562,47,-55,79
1743494687.871656,12,16,173
1743494687.906656,26,16,117
1743494687.942656,64,25,143
1743494687.977656,-33,-52,151
1743494688.012656,-27,57,125
1743494688.047656,92,-3,106
1743494688.083656,36,47,86
1743494688.119656,28,29,352
1743494688.1546562,36,-96,154
1743494688.190656,94,9,170
1743494688.225656,70,-82,94
1743494688.260656,-7,103,174
1743494688.295656,66,43,224
1743494688.331656,0,-18,128
1743494688.367656,50,1,186
1743494688.402656,-1,69,94
1743494688.438656,-93,25,120
1743494688.473656,70,0,232
1743494688.508656,56,0,112
1743494688.543656,-29,-82,122
1743494688.579656,10,55,90
1743494688.615656,-21,-80,206
1743494688.650656,-9,-32,130
1743494688.686656,-1,7,140
1743494688.721656,36,-20,112
1743494688.7566562,4,-20,186
1743494688.791656,70,39,110
1743494688.827656,12,24,114
1743494688.863656,-49,22,102
1743494688.898656,32,2,66
1743494688.934656,98,-33,206
1743494688.969656,42,-117,210
1743494689.004656,-21,-5,98
1743494689.0396562,58,-25,44
1743494689.075656,-17,24,124
1743494689.111656,-33,-11,72
1743494689.146656,-19,-27,22
1743494689.182656,-57,50,152
1743494689.217656,-55,26,242
1743494689.252656,-11,6,185
1743494689.287656,-93,-61,218
1743494689.323656,92,-21,36
1743494689.359656,0,-21,153
1743494689.394656,-53,54,165
1743494689.430656,14,-76,149
1743494689.472656,-73,-19,125
1743494689.508656,42,58,93
1743494689.543656,34,42,125
1743494689.579656,-30,-16,81
1743494689.615656,-28,-13,103
1743494689.650656,29,60,183
1743494689.686656,23,68,171
1743494689.721656,7,-3,113
1743494689.7566562,-36,12,129
1743494689.791656,-6,20,113
1743494689.827656,-102,-23,19
1743494689.863656,-32,-47,83
1743494689.898656,-32,76,139
1743494689.934656,0,65,129
1743494689.969656,51,-7,215
1743494690.004656,4,10,129
1743494690.040656,-66,2,31
1743494690.075656,-23,-51,307
1743494690.111656,-23,-39,88
1743494690.146656,66,24,254
1743494690.182656,-61,19,112
1743494690.217656,18,60,228
1743494690.252656,35,5,94
1743494690.287656,19,-22,116
1743494690.323656,-64,57,146
1743494690.359656,7,-6,140
1743494690.394656,-66,43,58
1743494690.430656,-37,49,128
1743494690.465656,17,47,-3
1743494690.500656,-48,27,244
1743494690.535656,6,-20,202
1743494690.571656,56,-26,178
1743494690.607656,20,47,58
1743494690.642656,-27,13,96
1743494690.678656,56,19,110
1743494690.713656,48,-51,46
1743494690.748656,-35,40,114
1743494690.783656,38,-11,230
1743494690.819656,49,16,144
1743494690.855656,78,-77,122
1743494690.890656,76,-17,220
1743494690.926656,-17,12,138
1743494690.961656,-55,-72,76
1743494690.996656,-19,9,186
1743494691.031656,12,14,30
1743494691.067656,6,32,196
1743494691.103656,44,-38,92
1743494691.138656,-1,31,94
1743494691.1746562,46,-28,162
1743494691.209656,-9,41,126
1743494691.244656,-5,-61,190
1743494691.280656,-3,-59,106
1743494691.315656,22,-17,128
1743494691.351656,-59,-11,164
1743494691.386656,-21,64,154
1743494691.422656,-25,30,102
1743494691.457656,8,26,266
1743494691.492656,-7,-17,148
1743494691.528656,-91,-51,226
1743494691.563656,-67,40,116
1743494691.599656,-3,4,164
1743494691.634656,36,-7,142
1743494691.670656,20,40,42
1743494691.705656,12,1,72
1743494691.740656,-29,56,146
1743494691.7766562,-9,-11,140
1743494691.811656,-71,10,56
1743494691.847656,-3,-23,148
1743494691.882656,-25,2,210
1743494691.918656,-5,80,158
1743494691.953656,2,-29,166
1743494691.988656,54,-19,62
1743494692.024656,-21,0,114
1743494692.059656,-5,24,172
1743494692.0956562,64,-21,106
1743494692.130656,44,64,215
1743494692.166656,-15,-9,118
1743494692.201656,0,-31,224
1743494692.236656,-67,18,160
1743494692.272656,-5,-39,55
1743494692.307656,50,-7,126
1743494692.343656,16,22,111
1743494692.378656,26,-24,215
1743494692.4146562,82,12,0
1743494692.449656,-67,10,241
1743494692.484656,72,-25,173
1743494692.520656,-63,26,81
1743494692.555656,-17,2,75
1743494692.591656,66,-102,111
1743494692.626656,72,-24,131
1743494692.662656,-1,15,143
1743494692.6976562,36,-8,189
1743494692.732656,6,-2,179
1743494692.768656,-55,-14,47
1743494692.803656,7,-66,165
1743494692.839656,-20,-42,73
1743494692.874656,30,41,99
1743494692.910656,0,67,41
1743494692.945656,-42,-18,151
1743494692.980656,109,-28,187
1743494693.0166562,13,-11,205
1743494693.051656,73,36,153
1743494693.087656,-22,10,107
1743494693.122656,-18,-51,93
1743494693.158656,7,-35,25
1743494693.193656,9,-73,165
1743494693.228656,-90,-73,153
1743494693.264656,25,-21,9
1743494693.2996562,-6,16,143
1743494693.3356562,32,16,79
1743494693.370656,2,-21,167
1743494693.406656,90,-75,241
1743494693.441656,66,88,155
1743494693.476656,36,15,119
1743494693.512656,12,-17,201
1743494693.547656,-1,-60,75
1743494693.583656,-9,29,75
1743494693.6186562,-39,7,107
1743494693.6546562,-39,-46,165
1743494693.689656,59,-4,161
1743494693.724656,-2,-18,99
1743494693.760656,-4,27,21
1743494693.795656,-130,27,85
1743494693.831656,31,-48,21
1743494693.866656,37,21,67
1743494693.902656,-71,19,151
1743494693.9376562,30,-4,145
1743494693.972656,-21,10,83
1743494694.008656,-77,-7,31
1743494694.043656,26,-27,159
1743494694.079656,40,10,191
1743494694.114656,100,33,279
1743494694.150656,-45,36,157
1743494694.186656,60,40,55
1743494694.222656,-31,50,99
1743494694.257656,30,30,119
1743494694.292656,2,-37,218
1743494694.328656,78,20,218
1743494694.363656,-19,-1,54
1743494694.399656,-39,-33,214
1743494694.434656,-87,-35,78
1743494694.4706562,-3,33,96
1743494694.505656,16,-49,166
1743494694.540656,24,17,140
1743494694.576656,24,12,116
1743494694.611656,-47,-38,76
1743494694.647656,8,-28,148
1743494694.682656,4,25,228
1743494694.717656,41,3,-43
1743494694.752656,22,-2,154
1743494694.788656,-1,-21,132
1743494694.824656,68,-22,58
1743494694.859656,-27,59,16
1743494694.895656,52,11,112
1743494694.930656,-15,-20,130
1743494694.965656,94,-47,78
1743494695.000656,18,-30,-25
1743494695.036656,-45,-52,62
1743494695.0726562,-51,3,132
1743494695.107656,-49,-18,230
1743494695.143656,-11,23,148
1743494695.178656,-39,49,148
1743494695.213656,-71,23,62
1743494695.248656,124,61,194
1743494695.284656,6,13,78
1743494695.320656,-27,37,60
1743494695.355656,31,-2,163
1743494695.3916562,23,43,77
1743494695.426656,50,39,67
1743494695.461656,-70,-22,93
1743494695.496656,-65,0,205
1743494695.532656,-159,4,109
1743494695.568656,3,70,209
1743494695.603656,73,38,171
1743494695.639656,-14,0,79
1743494695.6746562,23,-1,169
1743494695.709656,-82,-45,117
1743494695.744656,-60,-27,93
1743494695.780656,25,-26,191
1743494695.816656,-15,-21,233
1743494695.851656,-25,-1,139
1743494695.887656,-35,20,119
1743494695.922656,21,-35,109
1743494695.957656,36,8,137
1743494695.992656,22,-16,113
1743494696.028656,-30,-10,141
1743494696.064656,-20,-48,195
1743494696.099656,83,45,45
1743494696.135656,-68,-92,139
1743494696.170656,-36,25,-4
1743494696.205656,57,-32,245
1743494696.240656,-20,-32,205
1743494696.2766562,-30,15,97
1743494696.3126562,-88,-98,211
1743494696.347656,-28,15,177
1743494696.383656,-24,-66,133
1743494696.418656,-62,-20,107
1743494696.453656,-44,17,249
1743494696.488656,-35,-31,55
1743494696.524656,46,2,203
1743494696.560656,42,24,55
1743494696.5956562,52,10,161
1743494696.6316562,24,-45,125
1743494696.666656,-20,-56,231
1743494696.701656,-54,-10,65
1743494696.736656,55,81,154
1743494696.772656,-14,-48,130
1743494696.808656,-46,-22,68
1743494696.843656,-32,21,192
1743494696.879656,87,-10,204
1743494696.9146562,17,7,128
1743494696.949656,-32,-32,-47
1743494696.984656,55,-4,276
1743494697.020656,71,-22,146
1743494697.056656,-44,-4,312
1743494697.091656,21,47,118
1743494697.127656,-53,-48,112
1743494697.162656,0,51,10
1743494697.1976562,5,-10,44
1743494697.232656,29,17,234
1743494697.268656,-54,71,206
1743494697.304656,3,-2,94
1743494697.339656,-72,-12,94
1743494697.375656,35,55,16
1743494697.410656,-40,43,142
1743494697.445656,-42,101,144
1743494697.480656,-28,-78,86
1743494697.5166562,-26,15,156
1743494697.552656,0,3,96
1743494697.587656,-12,-36,158
1743494697.623656,17,-58,134
1743494697.658656,-59,15,168
1743494697.693656,6,33,168
1743494697.728656,60,-68,158
1743494697.764656,-37,57,106
1743494697.800656,0,-54,156
1743494697.8356562,76,-24,160
1743494697.871656,-11,-34,172
1743494697.906656,-107,-66,130
1743494697.941656,27,3,140
1743494697.976656,44,-18,122
1743494698.012656,-29,-19,102
1743494698.048656,19,-23,218
1743494698.083656,-23,72,28
1743494698.119656,-37,-8,166
1743494698.1546562,-5,9,72
1743494698.189656,-61,-64,219
1743494698.224656,-21,-43,175
1743494698.260656,-21,-57,95
1743494698.296656,32,-29,39
1743494698.331656,-65,-5,39
1743494698.367656,20,8,107
1743494698.402656,46,-25,97
1743494698.4376562,72,10,126
1743494698.472656,-49,40,155
1743494698.508656,18,50,121
1743494698.544656,-83,14,63
1743494698.579656,28,6,190
1743494698.615656,-17,-49,157
1743494698.650656,-37,38,92
1743494698.685656,64,-37,161
1743494698.7206562,58,-19,171
1743494698.7566562,-20,36,125
1743494698.792656,-65,44,39
1743494698.827656,38,36,59
1743494698.863656,40,36,173
1743494698.898656,26,-1,158
1743494698.933656,110,42,119
1743494698.968656,-73,-51,175
1743494699.004656,-36,32,98
1743494699.040656,-8,-19,80
1743494699.075656,-24,54,118
1743494699.111656,47,14,80
1743494699.146656,65,30,186
1743494699.181656,-8,-17,188
1743494699.216656,9,-13,130
1743494699.252656,-52,-17,178
1743494699.288656,-25,-63,238
1743494699.323656,-47,-37,156
1743494699.359656,18,-17,107
1743494699.394656,0,36,292
1743494699.429656,-57,0,98
1743494699.464656,-79,-31,114
1743494699.507656,48,10,92
1743494699.544656,-68,-51,36
1743494699.579656,45,24,16
1743494699.615656,64,-14,126
1743494699.650656,-8,59,140
1743494699.685656,46,-16,60
1743494699.7206562,18,-60,228
1743494699.7566562,0,-74,176
1743494699.792656,-39,14,76
1743494699.827656,60,77,124
1743494699.863656,-11,57,196
1743494699.898656,-29,-10,4
1743494699.933656,-13,-56,134
1743494699.968656,-14,-95,168
1743494700.004656,66,27,102
1743494700.040656,20,-56,194
1743494700.075656,28,33,216
1743494700.111656,-43,13,160
1743494700.146656,6,-41,40
1743494700.181656,43,24,28
1743494700.216656,0,-31,76
1743494700.252656,-3,-6,288
1743494700.288656,-75,-14,72
1743494700.323656,40,27,176
1743494700.359656,12,-10,170
1743494700.394656,36,-27,258
1743494700.429656,11,74,200
1743494700.464656,37,6,192
1743494700.500656,61,0,256
1743494700.536656,0,36,42
1743494700.571656,-10,20,184
1743494700.607656,100,-11,62
1743494700.642656,-14,-7,112
1743494700.677656,5,20,50
1743494700.713656,33,36,191
1743494700.748656,-34,-57,109
1743494700.784656,-22,-72,147
1743494700.819656,-79,-4,189
1743494700.855656,65,32,121
1743494700.890656,9,0,105
1743494700.925656,-49,-61,85
1743494700.961656,-55,16,59
1743494700.996656,27,-31,189
1743494701.032656,9,34,227
1743494701.067656,-70,8,127
1743494701.103656,-17,-49,117
1743494701.138656,-3,16,97
1743494701.173656,28,26,103
1743494701.209656,28,-39,79
1743494701.244656,-27,-9,167
1743494701.280656,50,52,320
1743494701.315656,102,-23,150
1743494701.351656,52,30,234
1743494701.386656,-1,78,178
1743494701.421656,4,-33,178
1743494701.457656,32,-43,140
1743494701.492656,8,-59,114
1743494701.528656,8,66,148
1743494701.563656,-22,12,280
1743494701.599656,11,0,148
1743494701.634656,-54,10,188
1743494701.669656,71,-23,42
1743494701.705656,-30,38,26
1743494701.740656,-78,-83,40
1743494701.7766562,-22,10,136
1743494701.811656,-38,-1,22
1743494701.847656,12,26,224
1743494701.882656,46,-61,170
1743494701.917656,70,-19,192
1743494701.953656,10,16,34
1743494701.988656,-51,-57,68
1743494702.024656,92,52,222
1743494702.059656,-64,-45,110
1743494702.0956562,-28,30,236
1743494702.130656,-6,-15,132
1743494702.165656,37,14,64
1743494702.201656,32,-9,220
1743494702.236656,-33,78,222
1743494702.272656,-68,-37,134
1743494702.307656,110,5,136
1743494702.343656,64,9,172
1743494702.378656,-37,-14,146
1743494702.413656,-37,-36,118
1743494702.449656,48,91,186
1743494702.484656,-59,3,166
1743494702.520656,-19,3,86
1743494702.555656,32,51,82
1743494702.591656,-5,-35,114
1743494702.626656,52,-60,66
1743494702.661656,30,47,108
1743494702.6976562,86,61,104
1743494702.732656,-19,-2,136
1743494702.768656,-7,25,208
1743494702.803656,-19,27,78
1743494702.839656,-79,11,304
1743494702.874656,-39,22,198
1743494702.909656,24,-5,128
1743494702.945656,78,46,147
1743494702.980656,55,-17,171
1743494703.0166562,53,-92,186
1743494703.051656,75,13,208
1743494703.087656,-8,60,48
1743494703.122656,55,-5,140
1743494703.157656,-9,-21,266
1743494703.193656,33,2,174
1743494703.228656,3,-33,90
1743494703.264656,49,4,118
1743494703.2996562,71,-29,203
1743494703.3356562,-78,-13,70
1743494703.370656,19,-87,146
1743494703.405656,-49,98,98
1743494703.441656,-37,-15,226
1743494703.476656,-9,-23,92
1743494703.512656,-35,-56,109
1743494703.547656,-37,24,145
1743494703.583656,10,-3,182
1743494703.6186562,-15,-11,288
1743494703.653656,-41,-31,127
1743494703.689656,-41,-9,87
1743494703.724656,6,30,165
1743494703.760656,50,-33,197
1743494703.795656,-1,-33,67
1743494703.831656,-13,33,69
1743494703.866656,-5,14,125
1743494703.9016562,86,8,171
1743494703.9376562,-27,45,177
1743494703.972656,66,14,195
1743494704.008656,6,-17,189
1743494704.043656,-13,-58,65
1743494704.079656,-11,-8,279
1743494704.115656,-49,53,149
1743494704.1516562,-27,43,155
1743494704.1876562,30,-10,97
1743494704.223656,38,51,157
1743494704.259656,28,-9,193
1743494704.295656,45,-48,19
1743494704.331656,-6,-34,101
1743494704.366656,9,3,83
1743494704.4016562,83,61,189
1743494704.4376562,33,52,275
1743494704.473656,-76,88,135
1743494704.508656,-50,34,25
1743494704.544656,45,-17,109
1743494704.579656,13,41,157
1743494704.614656,49,6,129
1743494704.649656,-6,40,137
1743494704.685656,-20,90,249
1743494704.721656,-8,58,161
1743494704.7566562,39,61,221
1743494704.792656,-68,13,131
1743494704.827656,7,15,151
1743494704.862656,-30,-28,177
1743494704.897656,10,-39,155
1743494704.933656,-29,-31,191
1743494704.969656,93,6,231
1743494705.004656,21,6,135
1743494705.040656,81,-25,199
1743494705.075656,-27,20,219
1743494705.110656,-9,-89,165
1743494705.145656,68,39,39
1743494705.181656,6,15,159
1743494705.217656,29,34,173
1743494705.252656,-10,-93,163
1743494705.288656,-11,-83,49
1743494705.323656,24,-21,55
1743494705.3586562,-55,26,197
1743494705.393656,-77,18,247
1743494705.429656,10,22,121
1743494705.465656,-65,0,107
1743494705.500656,42,-32,163
1743494705.536656,-91,1,115
1743494705.571656,-29,-90,124
1743494705.606656,38,27,100
1743494705.6416562,14,63,66
1743494705.677656,-9,74,212
1743494705.713656,-13,-86,168
1743494705.748656,130,-16,132
1743494705.784656,-35,49,196
1743494705.819656,-3,3,170
1743494705.854656,-20,-34,110
1743494705.889656,33,31,140
1743494705.925656,3,-22,135
1743494705.961656,3,53,3
1743494705.996656,5,-18,185
1743494706.032656,-6,59,13
1743494706.067656,47,-18,95
1743494706.102656,7,-56,112
1743494706.137656,85,-38,157
1743494706.173656,47,47,149
1743494706.209656,-120,25,59
1743494706.244656,7,27,167
1743494706.280656,-36,55,53
1743494706.315656,1,49,82
1743494706.350656,-32,-38,168
1743494706.385656,43,31,143
1743494706.421656,-2,9,131
1743494706.457656,-3,-11,183
1743494706.492656,-37,-13,43
1743494706.528656,30,34,71
1743494706.563656,-15,-3,185
1743494706.598656,-21,-6,173
1743494706.633656,14,-48,57
1743494706.669656,-37,65,35
1743494706.705656,22,31,159
1743494706.740656,74,-2,151
1743494706.7766562,64,78,237
1743494706.811656,-28,14,63
1743494706.846656,-40,-45,129
1743494706.8816562,27,-4,61
1743494706.917656,15,-64,59
1743494706.953656,-34,80,85
1743494706.988656,-50,-18,81
1743494707.024656,45,-24,59
1743494707.059656,0,1,101
1743494707.094656,15,-24,197
1743494707.129656,29,29,113
1743494707.165656,-4,-40,79
1743494707.201656,-10,-68,125
1743494707.236656,61,9,-2
1743494707.272656,35,-14,129
1743494707.307656,55,15,241
1743494707.342656,-22,0,75
1743494707.377656,-30,31,133
1743494707.413656,19,85,39
1743494707.449656,-26,45,47
1743494707.484656,19,-4,61
1743494707.520656,29,-30,127
1743494707.555656,41,47,183
1743494707.590656,29,13,3
1743494707.625656,-30,-34,133
1743494707.661656,-2,9,143
1743494707.6976562,31,19,185
1743494707.732656,-22,-36,117
1743494707.768656,45,-74,167
1743494707.803656,14,2,187
1743494707.838656,-85,36,143
1743494707.873656,-11,-75,57
1743494707.909656,28,-43,125
1743494707.945656,62,102,43
1743494707.980656,-29,72,113
1743494708.0166562,-37,-81,71
1743494708.051656,-5,-37,157
1743494708.086656,50,84,145
1743494708.121656,8,-3,63
1743494708.157656,52,11,7
1743494708.193656,-21,53,173
1743494708.228656,-3,55,101
1743494708.264656,-9,41,61
1743494708.2996562,-1,-11,101
1743494708.334656,70,-7,55
1743494708.369656,-57,22,127
1743494708.405656,86,-13,255
1743494708.441656,-23,14,131
1743494708.476656,4,38,133
1743494708.512656,66,-3,145
1743494708.547656,-1,-67,241
1743494708.582656,98,-53,141
1743494708.617656,62,-26,141
1743494708.653656,-15,5,121
1743494708.689656,59,-32,-42
1743494708.724656,33,-20,53
1743494708.760656,-36,7,41
1743494708.795656,-50,-16,217
1743494708.830656,-17,45,205
1743494708.865656,-45,27,95
1743494708.9016562,46,-58,-14
1743494708.9376562,-27,33,131
1743494708.972656,8,-70,177
1743494709.008656,-29,-72,161
1743494709.043656,10,11,215
1743494709.078656,14,16,167
1743494709.113656,30,-79,-38
1743494709.149656,128,-12,177
1743494709.185656,-15,38,165
1743494709.2206562,76,-63,45
1743494709.2566562,-17,-15,185
1743494709.291656,-77,-73,111
1743494709.326656,-31,-15,135
1743494709.361656,-77,-4,143
1743494709.397656,14,36,91
1743494709.433656,-33,-55,123
1743494709.468656,26,-41,165
1743494709.511656,-49,-22,168
1743494709.547656,63,24,92
1743494709.582656,4,-3,58
1743494709.617656,31,-75,160
1743494709.653656,21,-23,60
1743494709.689656,7,-77,130
1743494709.724656,7,-7,156
1743494709.760656,10,-29,174
1743494709.795656,-79,-17,150
1743494709.830656,10,52,144
1743494709.865656,-71,14,96
1743494709.9016562,46,20,66
1743494709.9376562,-7,14,230
1743494709.972656,-37,74,156
1743494710.008656,0,40,94
1743494710.043656,-59,20,162
1743494710.078656,-35,19,150
1743494710.113656,-23,-50,62
1743494710.149656,90,-16,100
1743494710.185656,34,64,118
1743494710.2206562,-21,-19,84
1743494710.2566562,18,-21,178
1743494710.291656,-15,115,88
1743494710.326656,28,6,156
1743494710.362656,12,-43,-28
1743494710.397656,2,94,111
1743494710.433656,34,-31,29
1743494710.468656,-75,46,145
1743494710.504656,-63,48,291
1743494710.5396562,-77,92,121
1743494710.574656,-27,16,43
1743494710.610656,-19,12,135
1743494710.645656,28,-11,111
1743494710.681656,42,-75,41
1743494710.716656,-35,-31,73
1743494710.752656,-31,-31,9
1743494710.787656,38,12,271
1743494710.8226562,-87,-73,197
1743494710.8586562,88,-45,117
1743494710.893656,52,-7,131
1743494710.929656,0,-19,205
1743494710.964656,18,-75,119
1743494711.000656,26,-45,145
1743494711.035656,120,-37,49
1743494711.070656,-31,82,213
1743494711.106656,-53,40,139
1743494711.1416562,-43,64,259
1743494711.177656,-47,16,203
1743494711.212656,22,20,277
1743494711.249656,-37,-38,225
1743494711.284656,-9,-42,243
1743494711.320656,18,-22,140
1743494711.355656,-13,-33,212
1743494711.390656,-47,47,54
1743494711.426656,-11,-96,130
1743494711.461656,36,-42,106
1743494711.497656,54,32,53
1743494711.532656,14,48,145
1743494711.568656,34,88,127
1743494711.603656,-37,-11,66
1743494711.638656,-7,-55,146
1743494711.6746562,16,-117,100
1743494711.709656,12,-32,194
1743494711.745656,30,-40,112
1743494711.780656,-7,-50,284
1743494711.816656,42,43,150
1743494711.851656,-79,-38,92
1743494711.886656,-83,19,100
1743494711.922656,-25,27,110
1743494711.957656,36,-26,184
1743494711.9936562,108,29,164
1743494712.028656,2,-2,72
1743494712.064656,-21,25,198
1743494712.099656,-57,-34,204
1743494712.134656,-10,43,136
1743494712.170656,-4,-42,148
1743494712.205656,-42,49,206
1743494712.241656,-56,-32,18
1743494712.2766562,85,-44,148
1743494712.3126562,47,-36,90
1743494712.347656,5,5,68
1743494712.382656,67,29,216
1743494712.418656,29,22,226
1743494712.453656,-42,-7,120
1743494712.489656,-4,-35,44
1743494712.524656,-20,-1,58
1743494712.560656,21,-2,34
1743494712.5956562,0,-29,166
1743494712.630656,-3,-61,172
1743494712.666656,6,62,140
1743494712.701656,-54,76,94
1743494712.737656,3,2,228
1743494712.772656,-44,10,170
1743494712.808656,-11,4,166
1743494712.843656,21,-41,246
1743494712.878656,7,52,194
1743494712.9146562,27,75,170
1743494712.949656,15,17,100
1743494712.985656,57,23,26
1743494713.020656,-20,-77,112
1743494713.056656,-8,-43,176
1743494713.091656,31,55,140
1743494713.126656,86,-70,176
1743494713.162656,-13,-19,98
1743494713.1976562,-1,20,24
1743494713.2336562,-30,32,136
1743494713.268656,-6,6,140
1743494713.304656,29,-2,156
1743494713.339656,-46,24,69
1743494713.374656,19,50,87
1743494713.410656,160,-4,207
1743494713.445656,-34,5,155
1743494713.481656,13,-42,125
1743494713.5166562,-12,15,135
1743494713.552656,-60,71,99
1743494713.587656,55,-46,41
1743494713.622656,47,33,57
1743494713.658656,-12,59,97
1743494713.693656,21,17,77
1743494713.729656,55,85,177
1743494713.764656,5,39,151
1743494713.7996562,-46,-52,73
1743494713.834656,1,-2,157
1743494713.870656,15,27,175
1743494713.906656,44,71,149
1743494713.941656,-107,-18,63
1743494713.977656,-1,61,77
1743494714.012656,82,15,67
1743494714.047656,24,-28,137
1743494714.082656,36,67,185
1743494714.1186562,-1,7,245
1743494714.1546562,60,-8,157
1743494714.189656,99,-2,225
1743494714.225656,68,1,157
1743494714.260656,-59,-30,217
1743494714.295656,-42,0,85
1743494714.330656,71,19,109
1743494714.366656,109,-10,241
1743494714.402656,46,-36,65
1743494714.4376562,11,37,167
1743494714.473656,14,27,159
1743494714.508656,-39,21,181
1743494714.543656,-55,-24,115
1743494714.578656,70,69,41
1743494714.614656,28,-38,103
1743494714.650656,-46,-38,171
1743494714.685656,-14,-8,71
1743494714.721656,-28,9,183
1743494714.7566562,61,-18,45
1743494714.791656,16,70,141
1743494714.826656,-36,-8,209
1743494714.862656,24,12,77
1743494714.898656,-8,-2,253
1743494714.933656,-5,-33,109
1743494714.969656,-31,-37,235
1743494715.004656,-27,-39,143
1743494715.0396562,22,-43,163
1743494715.074656,2,8,86
1743494715.110656,-23,-35,159
1743494715.146656,-27,-85,91
1743494715.181656,-3,10,35
1743494715.217656,20,48,34
1743494715.252656,80,72,242
1743494715.287656,-7,4,28
1743494715.3226562,4,-33,262
1743494715.3586562,-45,-17,160
1743494715.394656,2,-39,162
1743494715.429656,-43,42,38
1743494715.465656,-18,-15,196
1743494715.500656,-34,44,296
1743494715.535656,-42,44,234
1743494715.570656,-34,18,88
1743494715.606656,-58,-9,64
1743494715.642656,35,4,132
1743494715.677656,-33,-61,160
1743494715.713656,-35,42,74
1743494715.748656,14,-63,104
1743494715.783656,22,80,18
1743494715.818656,-16,-47,172
1743494715.854656,73,78,66
1743494715.890656,-34,-7,180
1743494715.925656,-80,123,112
1743494715.961656,95,8,60
1743494715.996656,11,-43,102
1743494716.031656,-16,14,120
1743494716.066656,61,-25,206
1743494716.102656,-10,8,146
1743494716.138656,52,6,202
1743494716.173656,-45,-24,126
1743494716.209656,34,-58,108
1743494716.244656,-55,-72,162
1743494716.2796562,30,-28,194
1743494716.314656,32,-80,108
1743494716.350656,0,-78,196
1743494716.386656,-9,-24,72
1743494716.421656,-82,-70,72
1743494716.457656,33,9,134
1743494716.492656,24,-2,223
1743494716.527656,-17,5,103
1743494716.5626562,18,-2,39
1743494716.598656,56,2,41
1743494716.634656,34,-69,189
1743494716.669656,16,-9,161
1743494716.705656,20,-75,137
1743494716.740656,-29,8,202
1743494716.775656,54,10,184
1743494716.810656,-15,-9,99
1743494716.846656,28,15,177
1743494716.882656,-17,-16,157
1743494716.917656,-41,25,165
1743494716.953656,-19,41,63
1743494716.988656,-15,39,65
1743494717.023656,6,39,23
1743494717.058656,-22,-24,93
1743494717.094656,-1,-32,223
1743494717.130656,24,-72,193
1743494717.165656,60,-46,33
1743494717.201656,28,32,205
1743494717.236656,5,2,155
1743494717.271656,-30,8,53
1743494717.306656,-51,10,133
1743494717.342656,-39,9,93
1743494717.378656,97,51,133
1743494717.413656,-44,7,199
1743494717.449656,37,1,53
1743494717.484656,62,18,75
1743494717.519656,4,66,91
1743494717.554656,88,76,37
1743494717.590656,-14,-29,51
1743494717.626656,-6,98,197
1743494717.661656,-18,50,79
1743494717.6976562,104,30,193
1743494717.732656,-54,-23,173
1743494717.767656,-79,1,237
1743494717.802656,26,-53,113
1743494717.838656,-8,-17,43
1743494717.874656,-16,-43,167
1743494717.909656,35,42,197
1743494717.945656,-2,11,33
1743494717.980656,54,-52,93
1743494718.015656,31,40,83
1743494718.050656,9,-35,97
1743494718.086656,-42,20,147
1743494718.122656,-18,70,71
1743494718.157656,-64,-35,41
1743494718.193656,-12,-29,245
1743494718.228656,15,-69,68
1743494718.263656,23,-51,225
1743494718.298656,97,24,127
1743494718.334656,-56,8,221
1743494718.370656,-8,-12,151
1743494718.405656,36,-118,94
1743494718.441656,-13,29,200
1743494718.476656,-65,-24,222
1743494718.511656,-55,-91,190
1743494718.546656,-16,6,306
1743494718.582656,21,-23,300
1743494718.6186562,-20,0,222
1743494718.653656,27,-5,158
1743494718.689656,25,-25,108
1743494718.724656,37,22,206
1743494718.759656,-6,24,270
1743494718.794656,11,1,84
1743494718.830656,-26,46,138
1743494718.866656,-31,47,108
1743494718.9016562,48,0,216
1743494718.9376562,-25,27,236
1743494718.972656,26,7,66
1743494719.007656,10,19,106
1743494719.042656,4,-8,30
1743494719.078656,-3,17,134
1743494719.114656,-84,49,182
1743494719.149656,-28,5,114
1743494719.185656,11,19,84
1743494719.2206562,20,4,108
1743494719.255656,-1,45,132
1743494719.290656,-4,1,99
1743494719.326656,7,51,55
1743494719.362656,-32,0,129
1743494719.397656,1,-42,95
1743494719.433656,7,51,149
1743494719.468656,-92,-24,191
1743494719.503656,-80,-52,181
1743494719.546656,43,11,107
1743494719.582656,11,5,66
1743494719.6186562,-4,-16,143
1743494719.653656,13,-62,205
1743494719.689656,-14,51,17
1743494719.724656,9,-20,117
1743494719.759656,17,15,81
1743494719.795656,-24,-16,157
1743494719.830656,-22,5,101
1743494719.866656,-42,-60,131
1743494719.9016562,-32,86,127
1743494719.9376562,25,-16,107
1743494719.972656,-20,17,179
1743494720.007656,-40,-24,187
1743494720.043656,-34,21,105
1743494720.078656,-30,-50,139
1743494720.114656,9,-14,127
1743494720.149656,-44,11,19
1743494720.185656,1,-50,139
1743494720.2206562,-28,-2,89
1743494720.255656,0,-16,85
1743494720.291656,-42,63,147
1743494720.326656,31,17,189
1743494720.363656,67,11,121
1743494720.398656,-10,0,85
1743494720.434656,53,31,251
1743494720.469656,37,5,181
1743494720.505656,15,17,61
1743494720.540656,93,0,67
1743494720.575656,-6,-50,139
1743494720.611656,33,38,173
1743494720.646656,-36,26,125
1743494720.682656,41,-93,-64
1743494720.717656,22,-9,123
1743494720.753656,63,44,223
1743494720.788656,-34,43,105
1743494720.823656,-62,-84,99
1743494720.859656,49,-14,117
1743494720.894656,-66,-34,147
1743494720.930656,37,46,173
1743494720.965656,43,-13,-28
1743494721.001656,-112,-9,209
1743494721.036656,-18,-41,211
1743494721.071656,-58,-35,265
1743494721.107656,1,-98,183
1743494721.142656,-66,10,135
1743494721.178656,-21,86,147
1743494721.213656,-17,22,81
1743494721.249656,-80,-42,167
1743494721.284656,71,13,82
1743494721.319656,-14,7,102
1743494721.355656,-58,23,140
1743494721.390656,73,-12,82
1743494721.426656,-2,1,156
1743494721.461656,-40,-80,44
1743494721.497656,-53,-17,128
1743494721.532656,-24,-42,156
1743494721.567656,-66,31,72
1743494721.603656,-14,-8,188
1743494721.638656,115,-1,138
1743494721.6746562,43,22,28
1743494721.709656,22,-7,122
1743494721.745656,6,-31,100
1743494721.780656,-29,-25,170
1743494721.815656,34,-28,146
1743494721.851656,8,61,208
1743494721.886656,58,-18,138
1743494721.922656,8,-22,112
1743494721.957656,86,15,166
1743494721.9936562,66,38,68
1743494722.028656,36,-6,192
1743494722.063656,26,-16,136
1743494722.099656,26,-22,38
1743494722.134656,2,-18,16
1743494722.170656,40,27,4
1743494722.205656,4,-56,146
1743494722.241656,29,57,138
1743494722.2766562,-62,-66,138
1743494722.311656,13,-104,130
1743494722.347656,-20,-46,90
1743494722.382656,9,-10,148
1743494722.418656,117,39,230
1743494722.453656,-82,7,140
1743494722.489656,30,-8,122
1743494722.524656,0,-10,188
1743494722.559656,-20,15,234
1743494722.5956562,17,79,-41
1743494722.630656,3,27,106
1743494722.666656,0,0,212
1743494722.701656,47,3,104
1743494722.736656,5,73,212
1743494722.771656,91,-66,58
1743494722.807656,5,-12,90
1743494722.843656,-124,17,156
1743494722.878656,17,47,162
1743494722.9146562,-38,21,66
1743494722.949656,-6,5,190
1743494722.985656,11,85,198
1743494723.020656,-62,5,128
1743494723.055656,-52,67,208
1743494723.091656,-24,0,108
1743494723.126656,-24,75,140
1743494723.162656,-40,-38,120
1743494723.1976562,-18,-48,174
1743494723.2336562,-20,-82,28
1743494723.269656,-45,1,122
1743494723.305656,15,-46,166
1743494723.341656,0,-10,78
1743494723.376656,51,67,258
1743494723.411656,-86,-40,150
1743494723.4476562,139,-36,118
1743494723.4836562,35,-14,200
1743494723.518656,-82,-44,148
1743494723.554656,-87,-26,234
1743494723.589656,0,21,120
1743494723.624656,-86,-46,130
1743494723.659656,-21,-22,212
1743494723.695656,59,-36,166
1743494723.731656,-12,-5,86
1743494723.7666562,0,-64,70
1743494723.802656,-16,-8,184
1743494723.837656,65,37,136
1743494723.872656,43,-90,86
1743494723.907656,67,-18,154
1743494723.943656,27,-22,74
1743494723.979656,-108,-4,76
1743494724.014656,55,8,-3
1743494724.050656,-6,58,152
1743494724.0856562,-24,-69,102
1743494724.120656,20,-27,266
1743494724.155656,4,26,114
1743494724.191656,22,-47,72
1743494724.227656,50,-51,118
1743494724.262656,78,30,176
1743494724.298656,14,-26,86
1743494724.333656,-8,-58,104
1743494724.3686562,61,6,92
1743494724.403656,-97,5,154
1743494724.439656,42,30,96
1743494724.475656,20,-59,178
1743494724.510656,-49,0,130
1743494724.546656,-9,30,218
1743494724.581656,-25,20,160
1743494724.616656,14,-11,74
1743494724.6516562,-1,-45,90
1743494724.6876562,-7,-33,126
1743494724.723656,0,46,258
1743494724.758656,22,-21,170
1743494724.794656,42,22,156
1743494724.829656,120,-13,166
1743494724.864656,10,-14,98
1743494724.899656,2,-7,180
1743494724.935656,-12,-16,88
1743494724.971656,71,-29,194
1743494725.0066562,25,-45,112
1743494725.042656,-74,28,176
1743494725.077656,93,30,104
1743494725.112656,-60,-61,96
1743494725.147656,23,12,208
1743494725.183656,-46,-59,182
1743494725.219656,31,20,46
1743494725.254656,43,-59,142
1743494725.290656,-8,50,104
1743494725.325656,75,-29,122
1743494725.360656,-2,-59,158
1743494725.395656,3,60,150
1743494725.431656,-18,-49,134
1743494725.467656,23,4,210
1743494725.502656,38,-37,146
1743494725.538656,-46,-19,156
1743494725.573656,104,-15,66
1743494725.6086562,-28,-59,38
1743494725.643656,-20,50,22
1743494725.679656,-54,-14,140
1743494725.715656,57,15,58
1743494725.750656,-44,1,146
1743494725.786656,53,11,86
1743494725.821656,1,-6,264
1743494725.856656,51,-9,180
1743494725.8916562,49,65,274
1743494725.927656,-8,-96,76
1743494725.963656,-92,25,197
1743494725.998656,-28,-12,43
1743494726.034656,-18,-32,214
1743494726.069656,45,-52,192
1743494726.104656,37,-19,71
1743494726.139656,-76,40,103
1743494726.175656,19,74,137
1743494726.211656,-18,-5,133
1743494726.246656,56,14,101
1743494726.282656,26,-41,117
1743494726.317656,-5,-97,211
1743494726.352656,34,68,123
1743494726.387656,58,76,107
1743494726.423656,-63,45,151
1743494726.459656,-1,3,109
1743494726.494656,-69,-10,209
1743494726.530656,40,-42,11
1743494726.565656,-97,39,113
1743494726.600656,8,-7,191
1743494726.635656,78,1,25
1743494726.671656,-37,-66,241
1743494726.707656,50,74,85
1743494726.742656,-37,26,91
1743494726.778656,-81,8,113
1743494726.813656,-73,-27,163
1743494726.848656,-49,27,73
1743494726.883656,14,52,116
1743494726.919656,34,-4,108
1743494726.955656,-13,-15,132
1743494726.990656,-63,4,96
1743494727.0266562,18,-3,70
1743494727.061656,20,-59,114
1743494727.096656,-19,26,144
1743494727.1316562,-13,76,162
1743494727.167656,50,-23,138
1743494727.203656,-45,-15,120
1743494727.238656,8,-5,180
1743494727.274656,24,42,124
1743494727.309656,16,-11,100
1743494727.344656,-11,4,106
1743494727.379656,-38,2,260
1743494727.415656,-14,16,196
1743494727.451656,-8,-1,128
1743494727.486656,25,11,234
1743494727.522656,-3,4,222
1743494727.557656,60,42,100
1743494727.592656,-65,-15,140
1743494727.627656,-87,-11,172
1743494727.663656,92,-13,62
1743494727.699656,-89,-43,230
1743494727.735656,14,32,182
1743494727.771656,-55,-1,182
1743494727.806656,80,-73,174
1743494727.842656,-49,-25,-15
1743494727.877656,-1,2,78
1743494727.912656,-11,-21,178
1743494727.9476562,-29,-25,128
1743494727.9836562,-4,-27,230
1743494728.019656,14,-39,208
1743494728.054656,79,42,142
1743494728.090656,83,-15,252
1743494728.125656,-38,-16,130
1743494728.160656,-12,35,124
1743494728.195656,74,12,168
1743494728.231656,28,-7,140
1743494728.267656,-41,42,156
1743494728.302656,-26,-45,114
1743494728.338656,-4,-9,112
1743494728.373656,53,-59,38
1743494728.408656,45,21,142
1743494728.443656,17,-3,138
1743494728.479656,-48,-17,260
1743494728.515656,-42,68,-3
1743494728.550656,131,-19,125
1743494728.586656,30,20,95
1743494728.621656,-49,22,195
1743494728.656656,23,46,119
1743494728.691656,20,30,183
1743494728.727656,-26,48,169
1743494728.763656,-2,15,135
1743494728.798656,-56,-46,77
1743494728.834656,-48,37,137
1743494728.869656,-11,-16,47
1743494728.9046562,-33,81,143
1743494728.939656,85,-14,65
1743494728.975656,26,39,263
1743494729.011656,6,-14,149
1743494729.046656,-6,47,51
1743494729.082656,-104,-16,63
1743494729.117656,-58,35,131
1743494729.152656,-70,-12,173
1743494729.1876562,19,43,237
1743494729.223656,-38,-28,23
1743494729.259656,33,23,101
1743494729.294656,-22,13,99
1743494729.330656,-54,25,261
1743494729.365656,-32,39,227
1743494729.400656,9,-4,113
1743494729.436656,10,-60,311
1743494729.471656,74,-4,33
1743494729.507656,-83,-18,107
1743494729.5496562,50,-102,173
1743494729.586656,-33,21,121
1743494729.621656,36,-82,93
1743494729.656656,0,51,21
1743494729.692656,-17,-25,145
1743494729.727656,-23,-27,135
1743494729.763656,-21,-47,153
1743494729.798656,-2,33,63
1743494729.834656,-74,0,97
1743494729.869656,15,-24,293
1743494729.9046562,1,42,47
1743494729.940656,-18,-37,138
1743494729.975656,-18,20,178
1743494730.011656,3,-9,164
1743494730.046656,-60,10,164
1743494730.082656,37,-27,240
1743494730.117656,-62,-91,162
1743494730.152656,-62,-71,84
1743494730.188656,-64,-69,246
1743494730.223656,7,-27,130
1743494730.259656,-58,6,80
1743494730.294656,69,-57,270
1743494730.330656,-34,18,124
1743494730.365656,43,18,98
1743494730.400656,-48,28,50
1743494730.436656,-12,6,102
1743494730.471656,27,-6,152
1743494730.507656,35,-6,212
1743494730.542656,51,47,120
1743494730.578656,44,3,78
1743494730.613656,-83,7,118
1743494730.648656,-53,68,60
1743494730.684656,56,-78,198
1743494730.719656,0,-20,44
1743494730.755656,-55,23,168
1743494730.790656,-11,-24,102
1743494730.826656,100,-7,64
1743494730.861656,-33,26,80
1743494730.896656,-11,22,172
1743494730.932656,42,6,94
1743494730.967656,-71,-3,104
1743494731.003656,-41,40,132
1743494731.038656,-17,-119,210
1743494731.074656,64,-23,39
1743494731.109656,-17,-39,99
1743494731.144656,-65,56,43
1743494731.180656,40,34,117
1743494731.215656,-17,32,31
1743494731.251656,6,-41,227
1743494731.286656,-73,-51,113
1743494731.3226562,-21,14,81
1743494731.357656,10,-1,161
1743494731.392656,86,-53,121
1743494731.428656,-39,60,201
1743494731.463656,-3,-2,143
1743494731.499656,-87,24,189
1743494731.534656,42,-13,183
1743494731.570656,-15,-35,147
1743494731.605656,-21,32,75
1743494731.640656,-73,-17,103
1743494731.676656,-46,8,153
1743494731.711656,69,-67,-48
1743494731.747656,-38,-6,193
1743494731.782656,-44,-24,59
1743494731.818656,-8,52,131
1743494731.853656,-64,-93,217
1743494731.888656,-50,13,120
1743494731.9246562,-4,-48,121
1743494731.959656,-20,-24,142
1743494731.995656,23,41,144
1743494732.030656,21,-17,2
1743494732.066656,-7,2,240
1743494732.101656,17,-86,74
1743494732.136656,27,15,84
1743494732.172656,-47,-13,168
1743494732.207656,92,8,50
1743494732.2436562,-21,44,240
1743494732.278656,12,44,59
1743494732.314656,14,75,219
1743494732.349656,-41,-20,199
1743494732.384656,14,0,195
1743494732.420656,-97,12,143
1743494732.455656,-33,67,153
1743494732.491656,-19,5,15
1743494732.5266562,56,11,63
1743494732.5626562,-33,54,1
1743494732.597656,-36,-76,79
1743494732.632656,-2,45,117
1743494732.668656,-78,-68,95
1743494732.703656,-36,7,-8
1743494732.739656,-10,-40,189
1743494732.774656,23,61,115
1743494732.810656,-42,-14,105
1743494732.846656,-2,-29,185
1743494732.882656,51,-39,165
1743494732.918656,-26,-9,49
1743494732.953656,37,25,167
1743494732.988656,58,-31,61
1743494733.024656,-1,62,9
1743494733.060656,30,-55,159
1743494733.096656,52,-33,153
1743494733.132656,-71,0,91
1743494733.167656,-23,-16,77
1743494733.203656,0,47,163
1743494733.238656,-23,3,175
1743494733.273656,8,-52,187
1743494733.308656,12,-40,127
1743494733.344656,-43,31,217
1743494733.380656,55,-26,101
1743494733.415656,-32,-14,171
1743494733.451656,-8,59,57
1743494733.486656,-67,-16,41
1743494733.521656,33,-40,258
1743494733.556656,-70,-82,170
1743494733.592656,-60,-48,174
1743494733.628656,-48,-19,220
1743494733.663656,11,-21,10
1743494733.699656,-98,-67,112
1743494733.734656,13,64,160
1743494733.769656,33,70,118
1743494733.804656,35,-3,170
1743494733.840656,105,36,222
1743494733.876656,-20,32,132
1743494733.911656,-54,-15,218
1743494733.9476562,27,-4,326
1743494733.982656,57,-58,116
1743494734.017656,-32,-50,94
1743494734.052656,15,-29,76
1743494734.088656,0,36,112
1743494734.124656,31,3,264
1743494734.159656,99,-54,62
1743494734.195656,81,-19,114
1743494734.230656,0,-47,248
1743494734.265656,59,-39,76
1743494734.300656,159,30,138
1743494734.336656,97,19,84
1743494734.372656,-10,47,206
1743494734.407656,35,-26,182
1743494734.443656,-8,73,14
1743494734.478656,21,-80,138
1743494734.513656,11,64,130
1743494734.548656,-4,-1,198
1743494734.584656,73,12,158
1743494734.620656,51,46,108
1743494734.655656,-26,8,100
1743494734.691656,-96,8,146
1743494734.726656,35,7,126
1743494734.761656,59,51,92
1743494734.796656,13,-60,170
1743494734.832656,5,-8,36
1743494734.8686562,-16,45,-67
1743494734.903656,-28,-30,96
1743494734.939656,43,29,40
1743494734.974656,5,13,240
1743494735.009656,35,29,150
1743494735.044656,19,4,108
1743494735.080656,-26,46,184
1743494735.116656,-28,14,278
1743494735.1516562,-10,-11,82
1743494735.1876562,-32,8,134
1743494735.222656,-38,86,246
1743494735.257656,15,-20,110
1743494735.292656,28,20,18
1743494735.328656,-37,44,130
1743494735.364656,-29,-17,154
1743494735.399656,-17,-77,114
1743494735.435656,-7,10,156
1743494735.4706562,-5,38,118
1743494735.505656,16,-31,90
1743494735.540656,47,13,254
1743494735.576656,37,-77,218
1743494735.612656,-34,26,236
1743494735.647656,21,6,236
1743494735.683656,-26,96,120
1743494735.718656,-78,19,198
1743494735.753656,19,54,248
1743494735.788656,25,-19,106
1743494735.824656,-16,1,180
1743494735.860656,73,19,116
1743494735.895656,9,-3,98
1743494735.931656,11,-64,80
1743494735.966656,117,30,122
1743494736.001656,5,-33,58
1743494736.036656,59,-9,246
1743494736.0726562,89,57,192
1743494736.1086562,-22,35,18
1743494736.143656,47,-1,152
1743494736.179656,3,29,84
1743494736.214656,-50,-20,174
1743494736.249656,-30,0,74
1743494736.284656,-70,-28,134
1743494736.320656,31,-108,82
1743494736.356656,-8,-12,236
1743494736.3916562,5,7,156
1743494736.427656,59,5,26
1743494736.462656,-32,-16,138
1743494736.497656,76,-18,188
1743494736.532656,54,27,60
1743494736.568656,12,-10,-13
1743494736.604656,-52,5,179
1743494736.639656,28,-19,100
1743494736.675656,-21,19,212
1743494736.7106562,42,15,96
1743494736.745656,-95,-48,120
1743494736.780656,10,75,124
1743494736.816656,0,-10,186
1743494736.852656,-7,11,138
1743494736.887656,-27,-18,116
1743494736.923656,30,-50,204
1743494736.958656,-19,9,216
1743494736.9936562,35,7,208
1743494737.028656,-12,59,124
1743494737.064656,-52,37,136
1743494737.100656,51,-40,186
1743494737.135656,3,31,114
1743494737.171656,59,-68,176
1743494737.206656,15,29,152
1743494737.241656,-58,25,172
1743494737.2766562,-22,-20,122
1743494737.3126562,81,73,128
1743494737.348656,-48,105,86
1743494737.383656,17,-38,192
1743494737.419656,-38,29,216
1743494737.454656,55,-30,56
1743494737.489656,11,-44,106
1743494737.524656,25,87,206
1743494737.560656,-34,-32,90
1743494737.596656,69,-10,102
1743494737.6316562,-58,-40,158
1743494737.667656,-50,-10,120
1743494737.702656,-37,7,48
1743494737.737656,-75,-24,176
1743494737.772656,50,43,164
1743494737.808656,-19,-34,180
1743494737.844656,0,47,218
1743494737.879656,-36,33,142
1743494737.915656,20,-10,314
1743494737.950656,-63,59,120
1743494737.985656,8,0,164
1743494738.020656,46,44,132
1743494738.056656,34,-27,152
1743494738.092656,-33,-28,87
1743494738.127656,-99,-52,125
1743494738.163656,30,79,195
1743494738.198656,46,12,43
1743494738.2336562,-25,6,198
1743494738.268656,0,-3,158
1743494738.304656,-3,-73,196
1743494738.340656,-23,-23,178
1743494738.375656,-96,22,200
1743494738.411656,-70,-9,164
1743494738.446656,5,-39,118
1743494738.481656,59,28,124
1743494738.5166562,-12,-75,126
1743494738.552656,39,-59,136
1743494738.588656,-62,-45,160
1743494738.623656,27,-5,102
1743494738.659656,47,-93,154
1743494738.694656,-94,52,192
1743494738.729656,41,-23,74
1743494738.764656,-40,-11,93
1743494738.800656,69,52,50
1743494738.836656,-6,24,140
1743494738.871656,-14,-3,156
1743494738.907656,-68,48,102
1743494738.942656,-50,-37,119
1743494738.977656,0,48,84
1743494739.013656,47,-3,212
1743494739.048656,-68,-53,254
1743494739.084656,-86,-9,106
1743494739.119656,-50,26,40
1743494739.155656,-48,2,222
1743494739.190656,-26,-69,126
1743494739.225656,39,28,184
1743494739.261656,69,22,82
1743494739.296656,-2,34,112
1743494739.332656,35,-15,172
1743494739.367656,-18,-19,6
1743494739.403656,-44,48,193
1743494739.438656,-12,18,221
1743494739.473656,57,6,183
1743494739.509656,3,-13,181
1743494739.551656,17,-9,319
1743494739.588656,-52,-37,127
1743494739.623656,-36,-9,259
1743494739.659656,33,-11,53
1743494739.694656,13,-3,119
1743494739.729656,27,6,29
1743494739.765656,69,12,109
1743494739.800656,-50,42,181
1743494739.836656,39,-11,103
1743494739.871656,-32,-29,133
1743494739.907656,27,34,183
1743494739.942656,-55,-64,3
1743494739.977656,5,-19,-6
1743494740.013656,29,22,77
1743494740.048656,55,-1,109
1743494740.084656,-24,52,215
1743494740.119656,-13,3,-18
1743494740.155656,-21,23,57
1743494740.190656,12,11,205
1743494740.225656,14,-36,109
1743494740.261656,-18,-60,1
1743494740.296656,-38,14,189
1743494740.332656,-22,-6,41
1743494740.367656,-16,-4,253
1743494740.403656,-37,1,25
1743494740.438656,51,-18,181
1743494740.473656,34,-32,31
1743494740.509656,52,-59,181
1743494740.544656,-41,-43,183
1743494740.580656,38,15,263
1743494740.615656,-12,-4,145
1743494740.6516562,-6,-53,155
1743494740.686656,-28,-27,207
1743494740.721656,-20,16,139
1743494740.757656,51,6,257
1743494740.792656,-48,-91,33
1743494740.828656,63,-63,73
1743494740.863656,39,-85,99
1743494740.899656,-8,-75,1
1743494740.934656,17,44,231
1743494740.969656,41,-77,145
1743494741.005656,27,-5,165
1743494741.040656,29,-25,205
1743494741.076656,-36,28,219
1743494741.111656,19,41,143
1743494741.147656,-12,27,160
1743494741.182656,-50,-65,42
1743494741.217656,67,-67,82
1743494741.253656,-8,42,144
1743494741.288656,-16,-9,158
1743494741.324656,-10,12,72
1743494741.359656,49,18,144
1743494741.395656,71,34,150
1743494741.430656,24,-125,172
1743494741.465656,70,56,190
1743494741.501656,42,40,-17
1743494741.536656,-49,8,98
1743494741.5726562,8,-7,66
1743494741.607656,46,36,142
1743494741.643656,16,18,64
1743494741.678656,28,14,246
1743494741.713656,-23,4,142
1743494741.749656,12,14,176
1743494741.784656,12,76,64
1743494741.820656,76,56,98
1743494741.855656,-29,56,12
1743494741.8916562,-25,26,40
1743494741.926656,-25,16,216
1743494741.961656,-31,-3,200
1743494741.997656,-21,54,72
1743494742.032656,16,22,190
1743494742.068656,-65,-39,152
1743494742.103656,-36,-111,102
1743494742.139656,-34,14,166
1743494742.1746562,-16,4,-27
1743494742.209656,51,-11,216
1743494742.245656,-14,-36,192
1743494742.280656,-26,-66,112
1743494742.316656,-48,-22,88
1743494742.351656,17,-16,270
1743494742.387656,-14,-43,202
1743494742.423656,3,46,152
1743494742.459656,-2,2,48
1743494742.495656,27,-21,136
1743494742.530656,-53,-47,216
1743494742.565656,87,12,220
1743494742.601656,35,-21,100
1743494742.637656,-12,-61,126
1743494742.672656,-48,-57,54
1743494742.708656,12,-29,66
1743494742.7436562,-36,-13,140
1743494742.778656,61,-61,80
1743494742.813656,89,-13,14
1743494742.849656,-2,-49,148
1743494742.885656,33,-83,140
1743494742.920656,1,2,82
1743494742.956656,33,38,252
1743494742.991656,5,-4,-43
1743494743.0266562,-60,17,156
1743494743.061656,-22,-36,-1
1743494743.097656,-86,-35,194
1743494743.133656,-22,-3,82
1743494743.168656,-40,-17,134
1743494743.204656,69,1,186
1743494743.239656,37,31,156
1743494743.274656,74,25,122
1743494743.309656,22,21,156
1743494743.3456562,8,-34,130
1743494743.3816562,94,55,186
1743494743.416656,-53,-18,174
1743494743.452656,82,-24,143
1743494743.487656,-27,-24,139
1743494743.522656,32,3,97
1743494743.557656,49,37,123
1743494743.593656,-27,-6,183
1743494743.629656,0,-72,151
1743494743.6646562,-3,23,155
1743494743.700656,0,5,101
1743494743.735656,20,-12,155
1743494743.770656,-53,35,179
1743494743.805656,-15,4,68
1743494743.841656,-26,-63,109
1743494743.877656,-57,-40,181
1743494743.912656,-46,-58,171
1743494743.948656,13,-75,-14
1743494743.9836562,1,-37,149
1743494744.018656,-30,-52,207
1743494744.053656,55,-4,155
1743494744.089656,20,-18,124
1743494744.125656,-10,-34,106
1743494744.160656,-37,-40,38
1743494744.196656,-39,17,158
1743494744.231656,-9,23,72
1743494744.2666562,104,3,180
1743494744.301656,-21,-10,130
1743494744.337656,-15,-28,98
1743494744.373656,47,15,154
1743494744.408656,55,11,130
1743494744.444656,63,4,100
1743494744.479656,-8,-13,78
1743494744.514656,-22,-29,130
1743494744.5496562,-74,36,114
1743494744.5856562,26,-42,76
1743494744.621656,-33,26,34
1743494744.656656,45,-31,140
1743494744.692656,-55,-119,286
1743494744.727656,38,36,50
1743494744.762656,62,-5,132
1743494744.797656,-26,-7,250
1743494744.833656,-36,14,194
1743494744.869656,-74,24,246
1743494744.9046562,-71,-32,50
1743494744.940656,16,-26,136
1743494744.975656,34,59,58
1743494745.010656,-69,3,114
1743494745.045656,45,-45,215
1743494745.081656,-41,69,117
1743494745.117656,24,-20,47
1743494745.152656,-67,23,179
1743494745.188656,5,12,153
1743494745.223656,12,5,161
1743494745.258656,-3,83,123
1743494745.293656,-47,35,145
1743494745.329656,-33,0,95
1743494745.365656,-103,7,117
1743494745.400656,-37,-54,65
1743494745.436656,-3,-28,133
1743494745.471656,-7,51,119
1743494745.5066562,-22,5,87
1743494745.541656,11,11,143
1743494745.577656,3,9,-10
1743494745.613656,-63,-8,111
1743494745.648656,50,22,99
1743494745.684656,-91,-35,173
1743494745.719656,-53,-9,19
1743494745.754656,-27,14,87
1743494745.7896562,-65,-19,161
1743494745.825656,-93,-34,127
1743494745.861656,-27,-40,127
1743494745.896656,66,-38,93
1743494745.932656,-13,-38,219
1743494745.967656,-9,17,143
1743494746.002656,42,29,107
1743494746.037656,-47,55,77
1743494746.073656,-25,25,109
1743494746.109656,34,-19,113
1743494746.144656,36,-35,115
1743494746.180656,-39,0,161
1743494746.215656,-11,32,213
1743494746.250656,-9,-55,59
1743494746.285656,6,-3,159
1743494746.321656,-7,35,125
1743494746.357656,-61,-58,123
1743494746.392656,18,-32,171
1743494746.428656,-21,-18,164
1743494746.463656,-44,51,118
1743494746.498656,-3,41,158
1743494746.533656,32,-4,152
1743494746.569656,30,25,2
1743494746.605656,-18,29,64
1743494746.640656,72,-30,210
1743494746.676656,-5,-20,112
1743494746.711656,18,15,180
1743494746.746656,-27,-20,74
1743494746.781656,-17,21,58
1743494746.817656,-36,-76,226
1743494746.853656,45,15,138
1743494746.888656,-52,33,236
1743494746.9246562,45,41,198
1743494746.959656,27,23,148
1743494746.994656,35,-44,-29
1743494747.0296562,-84,43,178
1743494747.065656,-30,-44,28
1743494747.101656,17,8,128
1743494747.136656,75,-97,174
1743494747.172656,27,36,108
1743494747.207656,-32,48,20
1743494747.242656,49,-83,184
1743494747.277656,-20,21,134
1743494747.313656,61,-55,126
1743494747.349656,19,-4,140
1743494747.384656,29,12,104
1743494747.420656,-22,-6,166
1743494747.455656,65,-10,158
1743494747.490656,77,0,46
1743494747.525656,38,17,88
1743494747.561656,-34,-58,202
1743494747.597656,-74,-58,124
1743494747.632656,-68,-86,72
1743494747.668656,-56,29,147
1743494747.703656,7,-10,51
1743494747.738656,-24,48,67
1743494747.773656,67,40,5
1743494747.809656,-88,-39,241
1743494747.8456562,-62,-3,87
1743494747.880656,0,64,97
1743494747.916656,-124,-11,107
1743494747.951656,-102,6,275
1743494747.986656,-15,-79,133
1743494748.021656,2,22,153
1743494748.057656,-7,22,189
1743494748.093656,-47,10,115
1743494748.128656,-19,18,253
1743494748.1646562,50,-39,109
1743494748.199656,-25,89,197
1743494748.234656,-51,-42,39
1743494748.269656,-9,-22,93
1743494748.305656,52,-21,141
1743494748.341656,36,24,41
1743494748.376656,26,101,151
1743494748.412656,-28,-6,101
1743494748.4476562,-65,32,241
1743494748.482656,-39,2,71
1743494748.518656,54,-49,135
1743494748.553656,-45,2,141
1743494748.589656,-67,-7,251
1743494748.624656,52,30,67
1743494748.660656,0,28,231
1743494748.695656,10,8,133
1743494748.730656,-23,0,139
1743494748.7666562,40,21,137
1743494748.801656,10,19,139
1743494748.837656,-13,-24,103
1743494748.872656,-21,-12,97
1743494748.908656,16,-21,229
1743494748.943656,-15,-14,45
1743494748.978656,-1,-12,149
1743494749.014656,70,55,167
1743494749.0496562,30,-20,171
1743494749.0856562,-3,-60,7
1743494749.120656,-43,-2,79
1743494749.156656,32,-10,113
1743494749.191656,48,0,133
1743494749.226656,-61,29,67
1743494749.262656,42,19,225
1743494749.297656,-39,21,187
1743494749.333656,-71,-25,97
1743494749.3686562,-59,-74,133
1743494749.4046562,-81,47,191
1743494749.439656,-5,-20,89
1743494749.474656,-19,7,45
1743494749.510656,46,-58,131
1743494749.552656,31,3,129
1743494749.589656,-22,79,177
1743494749.624656,11,43,141
1743494749.660656,3,45,131
1743494749.695656,-78,-18,71
1743494749.730656,17,-12,115
1743494749.7666562,-106,-38,213
1743494749.801656,14,-16,227
1743494749.837656,-5,-2,59
1743494749.872656,-71,13,127
1743494749.908656,2,35,239
1743494749.943656,10,43,17
1743494749.978656,-99,-54,143
1743494750.014656,-23,-90,125
1743494750.0496562,88,-48,213
1743494750.0856562,-41,35,79
1743494750.120656,-41,-44,121
1743494750.156656,16,-8,231
1743494750.191656,61,0,97
1743494750.226656,-38,-40,57
1743494750.262656,6,61,207
1743494750.297656,38,-50,185
1743494750.333656,-21,-88,73
1743494750.3686562,12,-70,83
1743494750.4046562,8,-74,91
1743494750.439656,-1,-44,133
1743494750.474656,11,21,111
1743494750.510656,28,-26,9
1743494750.545656,13,-76,85
1743494750.581656,4,-36,125
1743494750.616656,-49,31,145
1743494750.652656,-14,-36,141
1743494750.6876562,16,-45,187
1743494750.722656,52,-11,113
1743494750.758656,3,-25,51
1743494750.793656,-142,-21,139
1743494750.829656,-22,-51,101
1743494750.864656,-78,-65,-62
1743494750.900656,-44,-3,177
1743494750.935656,23,-90,93
1743494750.9706562,91,5,223
1743494751.0066562,-14,-28,69
1743494751.041656,-52,28,113
1743494751.077656,0,-45,207
1743494751.112656,-8,-19,111
1743494751.148656,-52,4,191
1743494751.183656,33,-40,109
1743494751.218656,25,-12,79
1743494751.254656,-52,13,71
1743494751.2896562,-26,-26,35
1743494751.325656,-36,18,125
1743494751.360656,67,30,199
1743494751.396656,-16,-67,141
1743494751.431656,127,28,101
1743494751.466656,-8,48,209
1743494751.502656,-22,-13,111
1743494751.537656,-24,-3,83
1743494751.573656,69,-11,135
1743494751.6086562,-58,-33,117
1743494751.644656,-105,24,221
1743494751.679656,31,-43,109
1743494751.714656,-68,82,181
1743494751.750656,25,27,177
1743494751.785656,-35,-34,91
1743494751.821656,40,-32,117
1743494751.856656,-69,-4,155
1743494751.892656,-23,-108,-12
1743494751.928656,36,45,35
1743494751.964656,128,21,-62
1743494752.000656,72,57,127
1743494752.035656,1,40,69
1743494752.070656,-30,13,113
1743494752.106656,21,17,197
1743494752.142656,29,27,165
1743494752.177656,-56,62,105
1743494752.213656,-44,20,177
1743494752.248656,43,-79,197
1743494752.283656,-26,63,125
1743494752.318656,-32,7,27
1743494752.354656,-4,-16,99
1743494752.390656,-16,65,155
1743494752.425656,13,70,159
1743494752.461656,-19,43,193
1743494752.496656,64,-8,215
1743494752.531656,-23,21,71
1743494752.566656,-49,87,156
1743494752.602656,-33,-32,114
1743494752.638656,-21,-26,88
1743494752.673656,22,-32,54
1743494752.709656,2,-42,60
1743494752.744656,48,-42,18
1743494752.7796562,-3,-26,64
1743494752.814656,-5,35,218
1743494752.850656,2,-35,108
1743494752.886656,-75,5,128
1743494752.921656,72,-12,18
1743494752.957656,10,0,208
1743494752.992656,8,-22,152
1743494753.027656,14,-18,54
1743494753.0626562,18,-36,124
1743494753.098656,84,40,130
1743494753.134656,-47,20,178
1743494753.169656,20,48,184
1743494753.205656,-97,36,214
1743494753.240656,-51,46,68
1743494753.275656,30,-29,202
1743494753.310656,42,50,136
1743494753.346656,6,-53,46
1743494753.382656,30,-23,78
1743494753.417656,54,-5,170
1743494753.453656,-59,-31,18
1743494753.488656,-51,-45,112
1743494753.523656,-1,13,326
1743494753.558656,0,-61,188
1743494753.594656,36,2,163
1743494753.630656,82,72,55
1743494753.665656,-17,-19,55
1743494753.701656,16,-3,85
1743494753.736656,-25,26,173
1743494753.771656,6,34,-56
1743494753.806656,88,34,73
1743494753.842656,44,26,99
1743494753.878656,-33,7,129
1743494753.913656,-67,-22,127
1743494753.949656,-28,-16,139
1743494753.984656,0,3,211
1743494754.019656,-51,-34,-24
1743494754.054656,-11,-18,143
1743494754.090656,58,-56,135
1743494754.126656,-35,-53,241
1743494754.161656,-47,95,161
1743494754.1976562,14,29,225
1743494754.232656,4,-2,99
1743494754.267656,5,13,331
1743494754.302656,73,-87,191
1743494754.338656,-58,29,83
1743494754.374656,111,-34,131
1743494754.409656,73,-24,135
1743494754.445656,27,-40,107
1743494754.480656,41,-70,145
1743494754.515656,19,7,-72
1743494754.550656,23,-66,83
1743494754.586656,77,101,55
1743494754.622656,61,47,57
1743494754.657656,-8,-106,131
1743494754.693656,-40,44,-12
1743494754.728656,71,-4,21
1743494754.763656,1,23,269
1743494754.798656,1,-34,163
1743494754.834656,3,-55,225
1743494754.870656,63,10,47
1743494754.905656,1,-3,128
1743494754.941656,-30,14,26
1743494754.976656,41,-57,-20
1743494755.011656,49,-7,193
1743494755.046656,14,-31,165
1743494755.082656,46,17,119
1743494755.1186562,42,68,68
1743494755.153656,24,92,116
1743494755.189656,-59,-3,122
1743494755.224656,42,-1,145
1743494755.259656,20,16,55
1743494755.294656,-33,2,165
1743494755.330656,150,-19,80
1743494755.366656,28,-1,250
1743494755.4016562,-39,-11,122
1743494755.4376562,-115,70,134
1743494755.472656,52,-17,90
1743494755.507656,52,-57,100
1743494755.542656,26,-17,48
1743494755.578656,81,-29,198
1743494755.614656,-76,-22,96
1743494755.649656,13,55,154
1743494755.685656,-64,4,138
1743494755.7206562,-20,0,168
1743494755.755656,-4,19,122
1743494755.790656,-110,35,220
1743494755.826656,55,27,194
1743494755.862656,75,65,164
1743494755.897656,-6,-6,90
1743494755.933656,5,3,74
1743494755.968656,23,3,38
1743494756.003656,-8,-48,158
1743494756.038656,19,39,100
1743494756.074656,115,0,105
1743494756.110656,-4,39,169
1743494756.145656,-34,23,115
1743494756.181656,-40,-36,145
1743494756.216656,79,-18,117
1743494756.251656,65,-28,131
1743494756.286656,-30,-40,147
1743494756.3226562,33,-18,123
1743494756.3586562,-52,-32,37
1743494756.393656,31,9,139
1743494756.429656,67,-24,125
1743494756.464656,7,-36,55
1743494756.499656,-52,37,87
1743494756.534656,5,7,148
1743494756.570656,-62,22,68
1743494756.606656,-11,32,218
1743494756.6416562,-56,4,84
1743494756.677656,49,72,168
1743494756.712656,-60,28,122
1743494756.747656,11,-23,154
1743494756.782656,69,-12,140
1743494756.818656,35,-11,126
1743494756.854656,67,44,182
1743494756.889656,-34,-27,216
1743494756.925656,107,30,164
1743494756.9606562,-16,-95,206
1743494756.995656,-82,-11,106
1743494757.030656,58,-59,110
1743494757.066656,-78,-15,80
1743494757.102656,38,-15,234
1743494757.137656,75,-17,302
1743494757.173656,41,-31,176
1743494757.208656,25,-35,114
1743494757.2436562,-18,38,180
1743494757.278656,57,4,218
1743494757.314656,49,22,144
1743494757.350656,35,-27,156
1743494757.385656,-22,76,124
1743494757.421656,-36,70,88
1743494757.456656,89,-73,130
1743494757.491656,27,-47,106
1743494757.5266562,93,8,186
1743494757.5626562,0,-93,246
1743494757.598656,25,-31,218
1743494757.633656,-28,-53,162
1743494757.669656,-46,31,218
1743494757.704656,47,55,116
1743494757.739656,1,25,134
1743494757.774656,-50,19,124
1743494757.810656,-2,43,8
1743494757.846656,-36,33,110
1743494757.8816562,11,-12,170
1743494757.917656,15,49,-1
1743494757.952656,17,-22,200
1743494757.987656,-76,7,101
1743494758.023656,-46,67,151
1743494758.058656,-88,-50,133
1743494758.094656,-102,67,152
1743494758.129656,-2,11,185
1743494758.165656,-82,56,13
1743494758.200656,13,28,70
1743494758.235656,-22,-55,56
1743494758.271656,47,18,146
1743494758.306656,9,44,98
1743494758.342656,-20,20,40
1743494758.377656,45,14,182
1743494758.413656,45,-65,144
1743494758.448656,45,16,206
1743494758.4836562,-82,29,124
1743494758.519656,21,71,160
1743494758.554656,0,-37,-9
1743494758.590656,-112,40,96
1743494758.625656,-52,32,184
1743494758.662656,-28,-35,-33
1743494758.6976562,-45,-19,110
1743494758.7336562,20,-25,163
1743494758.768656,-44,0,179
1743494758.803656,-44,68,117
1743494758.839656,66,4,145
1743494758.874656,61,47,99
1743494758.910656,7,-8,179
1743494758.945656,-37,-40,155
1743494758.981656,0,-4,49
1743494759.0166562,0,17,83
1743494759.051656,-15,39,185
1743494759.087656,-11,-34,131
1743494759.122656,-3,-4,35
1743494759.158656,-33,-80,95
1743494759.193656,-12,7,65
1743494759.229656,-58,35,145
1743494759.264656,49,67,67
1743494759.2996562,23,85,195
1743494759.3356562,-18,-14,159
1743494759.370656,-104,-46,83
1743494759.406656,43,59,133
1743494759.441656,-7,27,221
1743494759.477656,-3,-24,115
1743494759.512656,0,13,279
1743494759.554656,-17,5,145
1743494759.591656,54,-10,135
1743494759.626656,60,9,117
1743494759.662656,29,1,57
1743494759.6976562,-6,-10,183
1743494759.7336562,33,-108,236
1743494759.768656,25,-26,-33
1743494759.803656,75,-28,148
1743494759.839656,15,-28,196
1743494759.874656,27,119,8
1743494759.910656,25,37,212
1743494759.945656,25,31,84
1743494759.981656,73,19,70
1743494760.0166562,-54,-6,158
1743494760.051656,1,-40,206
1743494760.087656,1,47,220
1743494760.122656,23,0,144
1743494760.158656,-46,-58,150
1743494760.193656,59,49,122
1743494760.229656,-56,65,202
1743494760.264656,7,-30,160
1743494760.2996562,-2,-30,112
1743494760.3356562,-12,-28,64
1743494760.370656,-22,-24,152
1743494760.406656,7,81,162
1743494760.441656,23,-44,108
1743494760.477656,-118,31,142
1743494760.512656,-12,-20,282
1743494760.547656,13,-40,120
1743494760.583656,39,25,140
1743494760.6186562,-6,5,158
1743494760.6546562,-16,-62,264
1743494760.689656,-26,-32,204
1743494760.725656,33,-12,148
1743494760.760656,-32,13,172
1743494760.795656,15,33,160
1743494760.831656,23,55,184
1743494760.866656,-34,47,138
1743494760.902656,13,-48,158
1743494760.9376562,0,55,244
1743494760.973656,55,-18,64
1743494761.008656,0,35,58
1743494761.043656,-52,0,176
1743494761.079656,-34,47,214
1743494761.114656,15,-18,138
1743494761.150656,39,27,166
1743494761.185656,-74,19,172
1743494761.221656,-42,-28,98
1743494761.2566562,-28,-8,18
1743494761.291656,-106,25,65
1743494761.327656,13,-14,161
1743494761.362656,29,-2,191
1743494761.398656,49,-90,264
1743494761.433656,-20,-54,147
1743494761.469656,45,-14,245
1743494761.505656,-18,-6,45
1743494761.541656,21,-58,235
1743494761.577656,70,45,217
1743494761.612656,49,19,73
1743494761.647656,-44,49,125
1743494761.683656,53,13,167
1743494761.719656,37,-20,-24
1743494761.754656,-58,-20,111
1743494761.790656,65,45,101
1743494761.825656,55,11,99
1743494761.860656,17,1,179
1743494761.895656,-14,-62,85
1743494761.931656,29,13,55
1743494761.967656,31,-38,145
1743494762.002656,29,-62,93
1743494762.038656,-15,27,35
1743494762.073656,-85,40,191
1743494762.1086562,0,-22,13
1743494762.143656,-39,29,207
1743494762.179656,-94,35,97
1743494762.215656,38,-81,145
1743494762.250656,13,-78,55
1743494762.286656,85,1,53
1743494762.321656,19,43,171
1743494762.356656,51,35,218
1743494762.3916562,-29,41,206
1743494762.427656,28,51,160
1743494762.463656,22,-38,148
1743494762.498656,-33,-16,154
1743494762.534656,-39,-7,130
1743494762.569656,10,44,88
1743494762.604656,4,26,170
1743494762.639656,-43,62,170
1743494762.675656,-17,-29,88
1743494762.711656,-27,70,52
1743494762.746656,22,-109,160
1743494762.782656,-7,-15,112
1743494762.817656,54,-47,164
1743494762.852656,24,-9,134
1743494762.887656,36,76,82
1743494762.923656,-6,47,114
1743494762.959656,-31,-23,118
1743494762.994656,-9,8,76
1743494763.030656,-65,-18,94
1743494763.065656,42,-20,124
1743494763.100656,36,-10,128
1743494763.135656,-13,-18,202
1743494763.171656,18,29,200
1743494763.207656,26,17,56
1743494763.242656,-9,-14,144
1743494763.278656,14,-32,166
1743494763.313656,-10,15,150
1743494763.348656,-57,-40,52
1743494763.383656,-29,-49,122
1743494763.419656,28,-6,174
1743494763.455656,-87,-54,126
1743494763.490656,29,-94,146
1743494763.5266562,63,-58,6
1743494763.561656,25,-3,156
1743494763.596656,41,-46,194
1743494763.6316562,23,77,128
1743494763.667656,-50,-34,88
1743494763.703656,53,23,158
1743494763.738656,13,-50,96
1743494763.774656,-16,45,102
1743494763.809656,-24,3,92
1743494763.844656,-8,7,106
1743494763.879656,-45,76,78
1743494763.915656,120,-7,96
1743494763.951656,-51,-18,114
1743494763.986656,48,-14,154
1743494764.022656,25,35,202
1743494764.057656,45,81,142
1743494764.092656,-63,-32,164
1743494764.127656,9,-84,294
1743494764.163656,-5,-6,88
1743494764.199656,-103,-54,72
1743494764.234656,-17,-38,178
1743494764.270656,65,-34,324
1743494764.305656,-51,-12,154
1743494764.340656,-57,-24,166
1743494764.375656,-75,-62,134
1743494764.411656,8,23,102
1743494764.4476562,26,-24,128
1743494764.482656,42,-44,138
1743494764.518656,30,43,10
1743494764.553656,-32,29,116
1743494764.588656,42,0,160
1743494764.623656,-40,-54,62
1743494764.659656,-31,37,116
1743494764.695656,-47,7,90
1743494764.730656,52,27,54
1743494764.7666562,-3,5,229
1743494764.801656,-5,0,215
1743494764.836656,28,17,159
1743494764.871656,-5,-22,106
1743494764.907656,-1,-58,153
1743494764.943656,42,-44,-56
1743494764.978656,-71,19,47
1743494765.014656,14,1,163
1743494765.0496562,34,1,33
1743494765.084656,4,1,117
1743494765.119656,-51,-50,109
1743494765.155656,-89,-93,155
1743494765.191656,60,-3,125
1743494765.226656,24,-13,127
1743494765.262656,-41,-67,-32
1743494765.297656,-7,-11,147
1743494765.332656,-15,-59,15
1743494765.367656,-67,8,125
1743494765.403656,-24,-69,223
1743494765.439656,3,8,103
1743494765.474656,-35,-7,83
1743494765.510656,-77,56,103
1743494765.545656,-9,-17,83
1743494765.580656,-66,52,171
1743494765.615656,13,8,223
1743494765.6516562,-6,-11,171
1743494765.6876562,45,24,225
1743494765.722656,-52,-43,127
1743494765.758656,-74,48,117
1743494765.793656,-4,2,115
1743494765.828656,1,-11,141
1743494765.863656,-48,14,135
1743494765.899656,-40,16,135
1743494765.935656,-50,-23,105
1743494765.9706562,39,-23,99
1743494766.0066562,75,-33,63
1743494766.041656,47,-11,107
1743494766.076656,-46,-69,127
1743494766.111656,65,42,213
1743494766.147656,-66,42,125
1743494766.183656,-34,30,159
1743494766.218656,-38,6,35
1743494766.254656,22,5,93
1743494766.2896562,8,-7,101
1743494766.324656,50,24,169
1743494766.359656,67,34,117
1743494766.395656,-38,-13,101
1743494766.431656,0,-37,135
1743494766.466656,-34,26,175
1743494766.502656,3,-13,113
1743494766.537656,0,48,41
1743494766.5726562,-44,-49,149
1743494766.607656,13,4,43
1743494766.643656,-40,-73,169
1743494766.679656,7,22,81
1743494766.714656,-72,12,77
1743494766.750656,-10,46,31
1743494766.785656,-22,-46,15
1743494766.820656,-4,22,198
1743494766.855656,-2,0,104
1743494766.8916562,114,-3,123
1743494766.927656,18,-23,133
1743494766.962656,32,12,139
1743494766.998656,26,-45,209
1743494767.033656,72,-23,161
1743494767.068656,2,-27,3
1743494767.103656,58,7,155
1743494767.139656,47,45,167
1743494767.175656,-25,105,57
1743494767.2106562,-42,0,195
1743494767.246656,-46,53,143
1743494767.281656,-14,-56,184
1743494767.316656,45,0,156
1743494767.351656,16,-27,104
1743494767.387656,-13,-25,148
1743494767.423656,24,24,90
1743494767.458656,-21,-1,116
1743494767.494656,-31,18,160
1743494767.5296562,20,-23,274
1743494767.564656,-33,-47,216
1743494767.600656,-59,-1,140
1743494767.635656,28,8,104
1743494767.671656,-19,2,164
1743494767.706656,44,-9,166
1743494767.742656,50,-39,76
1743494767.777656,74,-33,42
1743494767.8126562,26,67,-37
1743494767.848656,-63,-4,194
1743494767.883656,24,1,114
1743494767.919656,-63,-10,114
1743494767.954656,54,-114,132
1743494767.990656,18,75,154
1743494768.025656,-35,-25,46
1743494768.060656,-53,-27,166
1743494768.096656,16,19,124
1743494768.1316562,-47,83,294
1743494768.167656,-13,-72,220
1743494768.202656,-30,7,214
1743494768.238656,19,37,223
1743494768.273656,15,-48,161
1743494768.308656,51,19,81
1743494768.344656,77,7,195
1743494768.379656,9,-18,125
1743494768.415656,29,-42,15
1743494768.450656,-10,41,115
1743494768.486656,-20,-68,169
1743494768.521656,-16,63,37
1743494768.556656,-48,-38,199
1743494768.592656,-78,24,187
1743494768.627656,33,48,239
1743494768.663656,-28,-25,215
1743494768.698656,-63,-120,205
1743494768.734656,-59,21,109
1743494768.769656,22,-15,143
1743494768.804656,-1,-1,145
1743494768.840656,18,-61,183
1743494768.875656,-29,48,197
1743494768.911656,-15,-45,31
1743494768.946656,-23,30,53
1743494768.982656,-19,-49,-2
1743494769.017656,-11,-56,251
1743494769.052656,-19,-7,107
1743494769.088656,-45,-10,135
1743494769.123656,12,15,105
1743494769.159656,-37,14,141
1743494769.194656,-15,33,49
1743494769.230656,36,-44,141
1743494769.265656,48,-10,193
1743494769.300656,0,-32,185
1743494769.336656,-53,-87,281
1743494769.371656,28,23,235
1743494769.407656,-31,-51,105
1743494769.442656,12,12,129
1743494769.478656,44,15,215
1743494769.513656,-31,-29,129
1743494769.555656,10,-2,93
1743494769.592656,0,11,43
1743494769.627656,-50,7,159
1743494769.663656,28,15,149
1743494769.698656,2,111,37
1743494769.734656,48,39,89
1743494769.769656,4,19,251
1743494769.804656,-1,33,285
1743494769.840656,2,-42,301
1743494769.875656,4,21,209
1743494769.911656,-7,-20,217
1743494769.946656,25,53,167
1743494769.982656,-18,49,133
1743494770.017656,10,36,153
1743494770.052656,16,-22,229
1743494770.088656,12,18,85
1743494770.123656,52,38,211
1743494770.159656,46,28,165
1743494770.194656,-81,-56,155
1743494770.230656,38,-45,209
1743494770.265656,-63,39,295
1743494770.300656,12,-14,111
1743494770.336656,-16,17,211
1743494770.371656,23,29,43
1743494770.407656,5,11,161
1743494770.442656,-36,-13,53
1743494770.478656,15,30,217
1743494770.513656,15,54,115
1743494770.548656,-24,-87,115
1743494770.584656,4,-13,131
1743494770.619656,55,36,147
1743494770.655656,6,-43,199
1743494770.690656,-35,-69,103
1743494770.726656,70,2,73
1743494770.761656,-19,56,221
1743494770.796656,28,-27,43
1743494770.832656,6,-31,87
1743494770.867656,-39,111,-12
1743494770.903656,48,26,37
1743494770.938656,40,28,223
1743494770.974656,-31,-3,31
1743494771.009656,-19,-31,111
1743494771.044656,32,-38,85
1743494771.080656,8,12,113
1743494771.115656,-53,-91,101
1743494771.1516562,-7,18,183
1743494771.186656,22,-65,129
1743494771.222656,114,24,171
1743494771.258656,32,-67,195
1743494771.293656,128,42,229
1743494771.328656,12,-23,197
1743494771.364656,-27,-54,89
1743494771.400656,-19,20,35
1743494771.435656,-1,28,41
1743494771.471656,32,-32,141
1743494771.5066562,-59,105,115
1743494771.541656,-3,-12,165
1743494771.576656,-11,-24,161
1743494771.612656,68,11,165
1743494771.648656,-27,-22,67
1743494771.683656,72,-24,73
1743494771.719656,38,-6,86
1743494771.754656,38,-24,94
1743494771.7896562,3,53,108
1743494771.824656,103,-36,178
1743494771.860656,-101,-44,200
1743494771.896656,-63,18,216
1743494771.931656,-63,-123,162
1743494771.967656,12,-27,206
1743494772.002656,-69,16,170
1743494772.037656,-30,-31,58
1743494772.0726562,-45,18,226
1743494772.1086562,-23,12,128
1743494772.144656,12,-93,174
1743494772.179656,4,-3,156
1743494772.215656,32,28,98
1743494772.250656,-7,12,62
1743494772.285656,-23,-9,188
1743494772.320656,-3,-29,234
1743494772.356656,38,14,180
1743494772.392656,-25,-11,62
1743494772.427656,44,6,230
1743494772.463656,42,20,208
1743494772.498656,-35,28,43
1743494772.533656,24,124,127
1743494772.568656,-25,-34,43
1743494772.604656,17,-14,89
1743494772.640656,-36,-21,137
1743494772.675656,-82,26,129
1743494772.711656,13,-7,209
1743494772.746656,-12,-31,51
1743494772.781656,29,-25,207
1743494772.816656,43,-35,237
1743494772.852656,-46,-39,153
1743494772.888656,-8,-35,131
1743494772.923656,55,-1,201
1743494772.959656,-6,-3,87
1743494772.994656,17,-89,125
1743494773.0296562,35,-16,193
1743494773.064656,-66,28,139
1743494773.100656,-18,0,139
1743494773.136656,38,68,163
1743494773.171656,4,-63,72
1743494773.207656,48,-13,190
1743494773.242656,-45,-39,136
1743494773.277656,-39,-3,102
1743494773.3126562,28,40,106
1743494773.348656,10,62,116
1743494773.384656,-89,26,292
1743494773.419656,-23,-31,98
1743494773.455656,30,-39,74
1743494773.490656,-29,26,194
1743494773.525656,-35,-21,94
1743494773.560656,12,-15,168
1743494773.596656,-27,12,14
1743494773.632656,-57,-31,20
1743494773.667656,-5,26,94
1743494773.703656,4,16,54
1743494773.738656,-45,-25,132
1743494773.773656,-81,0,136
1743494773.808656,-61,16,218
1743494773.844656,-25,2,86
1743494773.880656,-2,16,224
1743494773.915656,-44,9,84
1743494773.951656,51,-36,184
1743494773.986656,-6,-108,174
1743494774.021656,39,21,190
1743494774.056656,-30,3,192
1743494774.092656,5,-32,152
1743494774.128656,-22,44,172
1743494774.163656,-10,31,176
1743494774.199656,71,-85,30
1743494774.234656,71,-54,232
1743494774.269656,9,80,266
1743494774.304656,73,50,120
1743494774.340656,-33,-35,86
1743494774.376656,-15,8,178
1743494774.411656,41,27,180
1743494774.4476562,0,-34,270
1743494774.482656,-2,19,94
1743494774.517656,-86,85,164
1743494774.552656,-44,65,182
1743494774.588656,-90,-2,38
1743494774.624656,85,51,118
1743494774.659656,47,57,76
1743494774.695656,-38,-5,150
1743494774.730656,-38,27,178
1743494774.765656,13,33,178
1743494774.800656,35,-67,78
1743494774.836656,130,-59,234
1743494774.872656,2,-26,48
1743494774.907656,32,2,-51
1743494774.943656,-46,18,128
1743494774.978656,-46,-27,130
1743494775.013656,-37,-97,146
1743494775.048656,-5,56,182
1743494775.084656,53,22,84
1743494775.120656,-18,66,60
1743494775.155656,-66,-25,92
1743494775.191656,-18,-21,-39
1743494775.226656,67,-48,188
1743494775.261656,-83,-31,164
1743494775.296656,-38,11,156
1743494775.332656,39,-48,150
1743494775.3686562,-47,43,64
1743494775.403656,-31,-38,92
1743494775.439656,-43,-58,64
1743494775.474656,18,-8,30
1743494775.509656,56,-106,208
1743494775.544656,-41,25,70
1743494775.580656,26,43,204
1743494775.616656,12,-8,124
1743494775.6516562,8,23,165
1743494775.6876562,42,-10,160
1743494775.722656,-17,1,137
1743494775.757656,40,-62,131
1743494775.792656,-59,17,173
1743494775.828656,-69,-68,113
1743494775.864656,-33,-8,131
1743494775.899656,-1,-44,149
1743494775.935656,4,59,65
1743494775.9706562,-25,8,221
1743494776.005656,38,-17,91
1743494776.040656,-70,-75,101
1743494776.076656,-36,0,0
1743494776.112656,53,-21,263
1743494776.147656,23,-12,139
1743494776.183656,-46,27,203
1743494776.218656,15,-10,111
1743494776.253656,-78,-34,19
1743494776.288656,33,66,131
1743494776.324656,-1,6,111
1743494776.360656,-16,62,203
1743494776.395656,75,-3,81
1743494776.431656,-57,-13,183
1743494776.466656,22,42,221
1743494776.501656,-43,52,-14
1743494776.536656,28,-15,71
1743494776.5726562,-11,-1,95
1743494776.6086562,2,-37,223
1743494776.643656,-21,-25,89
1743494776.679656,11,-43,91
1743494776.714656,-30,-8,191
1743494776.749656,-8,-50,157
1743494776.784656,8,5,203
1743494776.820656,-1,67,73
1743494776.856656,70,-21,191
1743494776.8916562,-65,50,157
1743494776.927656,0,-39,109
1743494776.962656,7,0,245
1743494776.997656,2,-33,155
1743494777.032656,-85,62,157
1743494777.068656,84,-3,105
1743494777.104656,-23,-22,209
1743494777.139656,-5,-79,119
1743494777.175656,14,0,263
1743494777.2106562,-27,-54,-6
1743494777.245656,-23,-34,143
1743494777.281656,12,-8,37
1743494777.316656,-9,-28,183
1743494777.352656,42,-17,199
1743494777.387656,8,44,55
1743494777.423656,-119,-25,177
1743494777.458656,80,-27,51
1743494777.4936562,-22,-47,127
1743494777.5296562,3,-55,127
1743494777.564656,-59,54,151
1743494777.600656,-10,-11,213
1743494777.635656,95,-49,141
1743494777.671656,27,3,0
1743494777.706656,-44,-53,119
1743494777.741656,-26,71,175
1743494777.777656,2,-70,225
1743494777.8126562,69,37,117
1743494777.848656,-23,-60,127
1743494777.883656,-21,-16,219
1743494777.919656,-36,63,35
1743494777.954656,-43,-24,57
1743494777.989656,-17,-2,183
1743494778.025656,-39,-36,155
1743494778.060656,-42,37,227
1743494778.096656,4,-54,161
1743494778.1316562,55,-28,235
1743494778.167656,-12,-62,3
1743494778.202656,-52,-4,93
1743494778.237656,29,-32,155
1743494778.273656,49,15,137
1743494778.308656,0,-2,87
1743494778.344656,-64,43,67
1743494778.379656,-4,-14,147
1743494778.415656,47,-44,189
1743494778.450656,-42,59,208
1743494778.485656,-4,49,180
1743494778.521656,-27,75,38
1743494778.556656,-48,11,111
1743494778.592656,-56,55,215
1743494778.627656,-53,73,198
1743494778.663656,10,-29,154
1743494778.698656,-8,4,116
1743494778.7336562,-62,24,192
1743494778.769656,-38,24,218
1743494778.804656,35,44,56
1743494778.840656,24,-91,142
1743494778.875656,-44,-21,110
1743494778.911656,-36,18,42
1743494778.946656,-24,-35,140
1743494778.981656,27,-13,74
1743494779.017656,-52,-39,170
1743494779.052656,-23,-45,110
1743494779.088656,-55,40,204
1743494779.123656,-15,2,66
1743494779.159656,-13,62,86
1743494779.194656,-5,-9,218
1743494779.229656,0,-37,96
1743494779.265656,-1,-15,282
1743494779.300656,-30,12,104
1743494779.336656,85,-7,130
1743494779.371656,37,-37,158
1743494779.407656,31,8,108
1743494779.442656,3,112,178
1743494779.477656,-32,11,210
1743494779.513656,53,3,146
1743494779.548656,-18,51,195
1743494779.591656,23,-30,165
1743494779.627656,-44,-6,220
1743494779.663656,81,-14,179
1743494779.698656,-28,-32,105
1743494779.7336562,-20,-60,215
1743494779.769656,-40,-22,118
1743494779.804656,17,-36,112
1743494779.840656,-75,-25,94
1743494779.875656,-17,-69,176
1743494779.911656,-19,-31,196
1743494779.946656,-43,35,138
1743494779.981656,16,87,304
1743494780.017656,23,-16,142
1743494780.052656,-79,-28,26
1743494780.088656,24,-30,30
1743494780.123656,45,0,58
1743494780.159656,5,-82,278
1743494780.194656,7,-84,182
1743494780.229656,77,23,218
1743494780.265656,1,-8,112
1743494780.300656,-34,-6,88
1743494780.336656,-19,25,72
1743494780.371656,2,13,216
1743494780.407656,-74,23,197
1743494780.442656,-16,-24,175
1743494780.477656,-24,-6,203
1743494780.513656,-40,19,43
1743494780.548656,37,-30,181
1743494780.584656,-98,59,191
1743494780.619656,5,23,125
1743494780.6546562,-7,-12,143
1743494780.689656,-38,-20,239
1743494780.725656,5,-16,-12
1743494780.761656,33,10,65
1743494780.796656,-66,22,117
1743494780.832656,41,-40,-4
1743494780.867656,53,16,179
1743494780.902656,9,1,169
1743494780.9376562,55,-6,215
1743494780.973656,-18,1,103
1743494781.009656,-39,63,1
1743494781.044656,-49,25,75
1743494781.080656,32,-6,127
1743494781.115656,26,101,129
1743494781.150656,2,11,139
1743494781.185656,11,13,71
1743494781.221656,22,9,111
1743494781.257656,20,39,235
1743494781.292656,14,41,69
1743494781.328656,-109,63,115
1743494781.363656,20,-32,179
1743494781.398656,32,-6,61
1743494781.433656,-43,-46,73
1743494781.469656,-1,-12,143
1743494781.505656,-6,-10,65
1743494781.540656,-6,0,195
1743494781.576656,-60,4,23
1743494781.611656,65,-77,199
1743494781.646656,-20,37,145
1743494781.681656,111,-42,135
1743494781.717656,-50,-16,145
1743494781.753656,-56,-78,79
1743494781.788656,-40,-6,253
1743494781.824656,-10,-92,129
1743494781.859656,-2,-22,207
1743494781.894656,13,-24,137
1743494781.929656,-16,0,213
1743494781.965656,17,10,99
1743494782.001656,11,-52,149
1743494782.036656,45,-93,109
1743494782.0726562,-22,53,169
1743494782.107656,-6,41,103
1743494782.142656,-26,12,71
1743494782.177656,-20,-21,229
1743494782.214656,-4,40,257
1743494782.249656,39,-51,197
1743494782.285656,-47,24,113
1743494782.321656,48,-79,247
1743494782.356656,46,94,139
1743494782.392656,-3,32,159
1743494782.427656,68,-45,135
1743494782.462656,-41,66,187
1743494782.497656,26,-51,141
1743494782.533656,26,10,33
1743494782.569656,90,8,85
1743494782.604656,4,-34,239
1743494782.640656,-17,20,39
1743494782.675656,58,-48,149
1743494782.7106562,-35,54,97
1743494782.745656,-15,-47,209
1743494782.781656,-69,-11,103
1743494782.817656,34,43,125
1743494782.852656,38,-16,181
1743494782.888656,50,-20,125
1743494782.923656,46,29,95
1743494782.958656,-43,-19,137
1743494782.9936562,26,-11,125
1743494783.0296562,-1,16,113
1743494783.065656,26,24,41
1743494783.100656,8,8,223
1743494783.136656,18,28,176
1743494783.171656,0,-29,199
1743494783.206656,-17,-3,31
1743494783.241656,20,29,72
1743494783.277656,102,-2,101
1743494783.313656,-19,57,83
1743494783.348656,-9,47,119
1743494783.384656,-75,-129,201
1743494783.419656,0,-23,211
1743494783.454656,-21,64,100
1743494783.489656,22,74,220
1743494783.525656,36,2,5
1743494783.561656,8,-59,186
1743494783.596656,32,-27,184
1743494783.632656,-37,-3,320
1743494783.667656,62,82,194
1743494783.702656,-55,-3,136
1743494783.737656,3,-32,40
1743494783.773656,11,-6,54
1743494783.809656,-10,19,198
1743494783.844656,-26,-28,90
1743494783.880656,-28,-8,68
1743494783.915656,16,-16,180
1743494783.950656,-21,47,126
1743494783.985656,0,-18,142
1743494784.021656,20,25,76
1743494784.057656,64,11,192
1743494784.092656,-9,31,32
1743494784.128656,-24,33,204
1743494784.163656,35,9,172
1743494784.198656,-36,1,190
1743494784.2336562,-70,-7,120
1743494784.269656,-115,88,68
1743494784.305656,-45,-29,174
1743494784.340656,9,-67,88
1743494784.376656,48,12,134
1743494784.411656,-74,74,138
1743494784.446656,0,-7,106
1743494784.481656,-59,30,134
1743494784.517656,105,24,132
1743494784.553656,1,81,248
1743494784.588656,9,-2,110
1743494784.624656,33,-46,102
1743494784.659656,21,11,174
1743494784.694656,-32,1,178
1743494784.729656,-50,59,112
1743494784.765656,0,-4,160
1743494784.801656,13,-76,80
1743494784.836656,3,15,130
1743494784.872656,65,83,50
1743494784.907656,0,-13,176
1743494784.942656,-5,68,76
1743494784.977656,48,37,128
1743494785.013656,46,-14,16
1743494785.0496562,10,1,30
1743494785.084656,-51,67,60
1743494785.120656,-17,-4,48
1743494785.155656,-1,29,162
1743494785.190656,-2,29,58
1743494785.225656,14,-25,146
1743494785.261656,8,-13,116
1743494785.297656,-39,18,126
1743494785.332656,76,34,212
1743494785.3686562,12,72,128
1743494785.403656,36,18,36
1743494785.438656,-11,6,176
1743494785.473656,-25,-45,114
1743494785.509656,-7,16,128
1743494785.545656,-15,18,158
1743494785.580656,20,42,150
1743494785.616656,2,-9,62
1743494785.6516562,11,-7,54
1743494785.686656,-2,-13,70
1743494785.721656,-39,34,174
1743494785.757656,18,-67,94
1743494785.793656,-17,-33,76
1743494785.828656,38,-41,220
1743494785.864656,-7,46,140
1743494785.899656,0,36,210
1743494785.934656,-71,44,130
1743494785.969656,34,25,146
1743494786.005656,8,0,116
1743494786.041656,-59,17,78
1743494786.076656,-75,45,92
1743494786.112656,-23,-21,162
1743494786.147656,4,44,200
1743494786.182656,-43,-9,108
1743494786.217656,132,12,192
1743494786.253656,-37,-71,240
1743494786.2896562,42,-31,116
1743494786.324656,60,-27,90
1743494786.360656,30,-47,132
1743494786.395656,61,-1,142
1743494786.430656,13,70,146
1743494786.465656,0,-49,190
1743494786.501656,23,46,172
1743494786.537656,33,-35,18
1743494786.5726562,29,90,106
1743494786.6086562,-46,46,138
1743494786.643656,13,-59,240
1743494786.678656,-41,-21,204
1743494786.714656,39,-9,-35
1743494786.749656,-56,6,300
1743494786.785656,-7,32,142
1743494786.820656,24,6,14
1743494786.856656,-83,8,212
1743494786.8916562,64,-41,-5
1743494786.926656,46,-87,58
1743494786.962656,-33,-4,110
1743494786.997656,-37,15,151
1743494787.033656,8,-45,109
1743494787.068656,6,-23,7
1743494787.104656,64,-59,159
1743494787.139656,76,-75,75
1743494787.1746562,20,-11,95
1743494787.2106562,-43,-31,13
1743494787.245656,4,-3,161
1743494787.281656,75,-12,167
1743494787.316656,8,68,99
1743494787.352656,13,-16,177
1743494787.387656,-12,57,221
1743494787.422656,-70,-73,155
1743494787.458656,-22,-27,119
1743494787.4936562,-33,-15,151
1743494787.5296562,-73,8,108
1743494787.564656,-53,88,124
1743494787.600656,18,42,88
1743494787.635656,-1,20,90
1743494787.670656,-55,-59,128
1743494787.706656,-13,20,48
1743494787.741656,40,12,120
1743494787.777656,13,46,94
1743494787.8126562,-35,-25,-11
1743494787.848656,-29,28,108
1743494787.883656,-17,-37,36
1743494787.918656,4,30,104
1743494787.954656,22,-87,150
1743494787.989656,53,-76,106
1743494788.025656,88,32,174
1743494788.060656,-31,-21,78
1743494788.096656,-48,-82,112
1743494788.1316562,72,-49,250
1743494788.166656,-31,-29,124
1743494788.202656,39,-1,68
1743494788.237656,-69,-25,104
1743494788.273656,9,-3,102
1743494788.308656,24,14,140
1743494788.344656,-1,-27,128
1743494788.379656,40,72,254
1743494788.4146562,66,-57,70
1743494788.450656,-49,-53,64
1743494788.485656,-9,5,176
1743494788.521656,-73,27,156
1743494788.556656,-41,21,28
1743494788.592656,-3,63,236
1743494788.627656,6,50,154
1743494788.662656,20,49,38
1743494788.698656,0,26,218
1743494788.7336562,-18,-11,122
1743494788.769656,55,14,144
1743494788.804656,-46,-55,104
1743494788.840656,47,30,98
1743494788.875656,-14,10,190
1743494788.910656,-1,16,180
1743494788.946656,-21,-9,174
1743494788.981656,112,-13,150
1743494789.017656,-29,41,200
1743494789.052656,60,52,90
1743494789.088656,-5,-22,192
1743494789.123656,-77,-30,174
1743494789.158656,40,-14,262
1743494789.194656,34,9,148
1743494789.229656,42,11,194
1743494789.265656,-13,37,254
1743494789.300656,-13,-46,50
1743494789.336656,-35,9,186
1743494789.371656,88,55,54
1743494789.406656,2,-22,168
1743494789.442656,-42,-108,148
1743494789.477656,-24,15,172
1743494789.513656,1,27,188
1743494789.548656,1,-36,146
1743494789.584656,21,-2,86
1743494789.626656,23,13,156
1743494789.662656,7,7,358
1743494789.698656,12,33,32
1743494789.7336562,-16,43,136
1743494789.769656,-12,-36,96
1743494789.804656,-86,-50,90
1743494789.840656,39,-31,186
1743494789.875656,27,-41,206
1743494789.910656,-54,64,158
1743494789.946656,-20,20,218
1743494789.981656,9,10,236
1743494790.017656,-52,59,162
1743494790.052656,29,19,140
1743494790.087656,9,74,156
1743494790.122656,-46,-5,118
1743494790.158656,43,-27,92
1743494790.194656,45,-21,136
1743494790.229656,-22,74,82
1743494790.265656,97,-71,132
1743494790.300656,27,-7,208
1743494790.3356562,91,18,210
1743494790.370656,41,7,172
1743494790.406656,11,-10,70
1743494790.442656,-50,-16,182
1743494790.477656,-24,-2,180
1743494790.513656,9,45,130
1743494790.548656,-6,-68,178
1743494790.583656,17,0,250
1743494790.6186562,-2,11,144
1743494790.6546562,37,61,218
1743494790.690656,1,3,134
1743494790.725656,-54,29,196
1743494790.761656,-80,67,-3
1743494790.796656,35,79,188
1743494790.831656,-56,-8,82
1743494790.866656,-136,-2,75
1743494790.902656,-80,-30,127
1743494790.938656,85,5,231
1743494790.973656,33,27,71
1743494791.009656,37,-10,211
1743494791.044656,21,31,151
1743494791.079656,-52,-60,89
1743494791.114656,51,-10,173
1743494791.150656,-28,7,263
1743494791.186656,5,17,225
1743494791.221656,-74,43,1
1743494791.257656,23,30,101
1743494791.292656,-102,26,35
1743494791.327656,-62,0,253
1743494791.362656,61,-57,101
1743494791.398656,23,44,245
1743494791.434656,37,42,79
1743494791.469656,47,22,133
1743494791.505656,17,2,57
1743494791.540656,-36,-25,227
1743494791.575656,-42,-25,241
1743494791.610656,-46,-20,31
1743494791.646656,-68,-24,25
1743494791.682656,73,34,75
1743494791.717656,7,4,191
1743494791.753656,-14,40,275
1743494791.788656,53,-45,185
1743494791.823656,-36,135,102
1743494791.8586562,-22,11,178
1743494791.894656,35,-4,44
1743494791.930656,35,-75,270
1743494791.965656,-66,10,114
1743494792.001656,65,30,308
1743494792.036656,-80,-21,-15
1743494792.071656,57,40,80
1743494792.106656,35,64,172
1743494792.142656,-48,15,134
1743494792.178656,-50,26,272
1743494792.213656,-70,-25,196
1743494792.249656,-38,-63,144
1743494792.284656,-4,-72,110
1743494792.319656,-40,-78,116
1743494792.354656,57,-13,142
1743494792.390656,75,72,70
1743494792.426656,-54,-59,96
1743494792.461656,1,-83,138
1743494792.497656,15,-21,32
1743494792.532656,15,20,90
1743494792.567656,-51,-13,-33
1743494792.602656,-8,-23,18
1743494792.638656,-19,-32,200
1743494792.6746562,-6,73,30
1743494792.709656,-4,37,32
1743494792.745656,-34,3,184
1743494792.780656,-60,34,28
1743494792.815656,9,34,176
1743494792.850656,-61,-57,76
1743494792.886656,58,60,150
1743494792.922656,-19,34,172
1743494792.957656,72,-57,176
1743494792.9936562,-6,26,114
1743494793.028656,6,0,160
1743494793.063656,21,33,150
1743494793.098656,-20,25,230
1743494793.134656,-18,3,134
1743494793.170656,-64,-6,32
1743494793.205656,19,0,174
1743494793.241656,64,-52,46
1743494793.2766562,-1,9,20
1743494793.311656,22,-30,96
1743494793.346656,15,-26,216
1743494793.382656,-62,61,24
1743494793.418656,43,-28,66
1743494793.453656,-16,-68,44
1743494793.489656,-68,38,104
1743494793.524656,-8,-50,156
1743494793.559656,-20,-22,180
1743494793.594656,1,36,158
1743494793.630656,73,50,50
1743494793.666656,25,4,54
1743494793.701656,-42,12,40
1743494793.737656,31,-70,22
1743494793.772656,-62,4,110
1743494793.807656,43,12,98
1743494793.842656,-4,56,122
1743494793.878656,81,-37,192
1743494793.9146562,29,-59,52
1743494793.949656,-104,-5,148
1743494793.985656,-9,53,86
1743494794.020656,68,44,112
1743494794.055656,-17,3,200
1743494794.090656,-9,-16,122
1743494794.126656,-3,5,124
1743494794.162656,-79,0,24
1743494794.1976562,-37,-11,74
1743494794.2336562,56,22,72
1743494794.268656,-55,-35,145
1743494794.303656,-37,-26,113
1743494794.338656,-11,36,105
1743494794.374656,12,54,115
1743494794.410656,-13,47,133
1743494794.445656,14,19,103
1743494794.481656,4,21,47
1743494794.5166562,-15,13,225
1743494794.551656,-55,-42,41
1743494794.586656,-9,13,129
1743494794.622656,-5,21,103
1743494794.658656,-35,-42,171
1743494794.693656,-37,59,101
1743494794.729656,-81,-2,113
1743494794.764656,10,-68,101
1743494794.7996562,34,49,159
1743494794.834656,-19,-8,219
1743494794.870656,-7,-34,41
1743494794.906656,70,-14,107
1743494794.941656,16,-46,91
1743494794.977656,74,26,113
1743494795.012656,-47,-31,51
1743494795.047656,-19,52,77
1743494795.082656,-33,-45,35
1743494795.1186562,46,61,115
1743494795.1546562,-83,-28,173
1743494795.189656,92,81,133
1743494795.225656,-43,33,109
1743494795.260656,14,-44,83
1743494795.295656,12,-12,-8
1743494795.330656,68,39,135
1743494795.366656,-47,-30,69
1743494795.402656,10,35,167
1743494795.4376562,-19,-58,173
1743494795.473656,-17,51,61
1743494795.508656,-31,-60,229
1743494795.543656,34,-8,137
1743494795.578656,-25,-18,141
1743494795.614656,-7,45,167
1743494795.650656,-29,-36,15
1743494795.685656,0,3,149
1743494795.721656,-51,87,183
1743494795.7566562,54,15,279
1743494795.791656,-9,-8,45
1743494795.826656,44,-40,115
1743494795.862656,94,21,125
1743494795.898656,26,33,157
1743494795.933656,20,-40,111
1743494795.969656,-53,-39,191
1743494796.004656,-47,-12,157
1743494796.0396562,4,-21,83
1743494796.075656,68,-11,73
1743494796.110656,-73,65,108
1743494796.146656,-93,33,174
1743494796.181656,-93,-56,200
1743494796.217656,16,-2,122
1743494796.252656,-20,-10,130
1743494796.287656,-53,23,163
1743494796.323656,68,57,103
1743494796.3586562,-131,-37,226
1743494796.394656,-18,-28,172
1743494796.429656,-90,-90,209
1743494796.465656,13,-16,131
1743494796.500656,-34,-8,29
1743494796.535656,31,-60,202
1743494796.571656,23,9,-21
1743494796.606656,113,45,150
1743494796.642656,-2,41,203
1743494796.677656,-70,-41,97
1743494796.713656,-24,22,167
1743494796.748656,-11,-30,93
1743494796.783656,12,-68,154
1743494796.819656,-9,-6,160
1743494796.854656,42,-35,94
1743494796.890656,-45,-29,164
1743494796.925656,-45,-2,62
1743494796.961656,10,-27,100
1743494796.996656,-21,104,146
1743494797.031656,-37,-25,82
1743494797.067656,-53,-4,134
1743494797.102656,2,8,126
1743494797.138656,-5,-23,92
1743494797.173656,10,-1,96
1743494797.209656,-85,30,196
1743494797.244656,-7,36,178
1743494797.2796562,34,-17,172
1743494797.315656,-8,32,122
1743494797.350656,33,58,152
1743494797.386656,-16,16,100
1743494797.421656,-2,50,142
1743494797.457656,-16,-16,60
1743494797.492656,9,-26,196
1743494797.527656,17,22,-21
1743494797.563656,51,-7,88
1743494797.598656,-48,14,132
1743494797.634656,14,-19,168
1743494797.669656,25,-45,98
1743494797.705656,7,-58,34
1743494797.740656,23,4,34
1743494797.775656,-14,4,92
1743494797.811656,-40,10,70
1743494797.846656,103,58,222
1743494797.882656,-30,34,216
1743494797.917656,-78,0,124
1743494797.953656,-32,57,126
1743494797.988656,-94,11,-39
1743494798.023656,31,65,120
1743494798.059656,65,19,140
1743494798.094656,-42,-18,164
1743494798.130656,-64,-62,54
1743494798.165656,63,-72,224
1743494798.201656,59,-72,36
1743494798.236656,43,-38,130
1743494798.271656,29,-30,152
1743494798.307656,21,11,84
1743494798.342656,-86,47,168
1743494798.378656,-20,83,110
1743494798.413656,73,11,220
1743494798.449656,16,61,154
1743494798.484656,19,3,132
1743494798.519656,18,23,28
1743494798.555656,-86,-4,210
1743494798.590656,72,11,234
1743494798.626656,-27,36,-35
1743494798.661656,7,-11,188
1743494798.6976562,-14,48,120
1743494798.732656,44,-21,134
1743494798.767656,-108,7,134
1743494798.803656,27,31,212
1743494798.838656,15,84,102
1743494798.874656,-48,19,204
1743494798.909656,15,63,108
1743494798.945656,7,25,99
1743494798.980656,-32,-16,149
1743494799.015656,-6,53,151
1743494799.051656,-2,22,121
1743494799.086656,-38,-8,116
1743494799.122656,-82,19,209
1743494799.157656,15,-30,117
1743494799.193656,27,-76,207
1743494799.228656,3,-40,209
1743494799.263656,11,49,111
1743494799.2996562,5,-22,103
1743494799.334656,-4,-26,75
1743494799.370656,-32,13,151
1743494799.405656,-116,5,131
1743494799.441656,3,-22,101
1743494799.476656,-18,-28,97
1743494799.511656,-18,27,101
1743494799.547656,49,-28,43
1743494799.582656,-10,-50,191
1743494799.6186562,-2,21,151
1743494799.660656,-6,21,167
1743494799.6976562,19,19,179
1743494799.7336562,-36,3,185
1743494799.769656,-22,13,151
1743494799.805656,-20,53,121
1743494799.840656,21,-12,69
1743494799.875656,-18,-56,93
1743494799.911656,-82,55,90
1743494799.9476562,-42,-66,48
1743494799.982656,59,-2,12
1743494800.018656,3,-10,153
1743494800.053656,51,91,235
1743494800.088656,55,57,59
1743494800.123656,0,22,93
1743494800.159656,39,-16,43
1743494800.195656,15,15,283
1743494800.230656,-90,47,75
1743494800.2666562,-10,-44,75
1743494800.301656,-8,35,173
1743494800.336656,-100,-30,243
1743494800.371656,-20,-16,123
1743494800.407656,125,-16,127
1743494800.443656,-58,33,81
1743494800.478656,-78,71,131
1743494800.514656,17,13,93
1743494800.5496562,-78,7,197
1743494800.584656,3,23,185
1743494800.619656,-12,9,33
1743494800.655656,-42,-6,3
1743494800.691656,-30,73,177
1743494800.726656,17,-26,115
1743494800.762656,11,-120,193
1743494800.797656,-18,-26,7
1743494800.832656,7,58,121
1743494800.867656,11,7,148
1743494800.903656,-4,38,92
1743494800.939656,45,-36,118
1743494800.974656,5,55,102
1743494801.010656,-50,48,74
1743494801.045656,107,27,164
1743494801.080656,-12,20,18
1743494801.115656,0,-17,124
1743494801.1516562,-16,-33,152
1743494801.1876562,-44,26,190
1743494801.222656,-28,0,212
1743494801.258656,18,-117,54
1743494801.293656,12,14,167
1743494801.328656,-73,-21,187
1743494801.363656,-31,-6,79
1743494801.399656,94,-8,140
1743494801.435656,-47,57,95
1743494801.4706562,64,-72,23
1743494801.5066562,-95,-44,62
1743494801.541656,-29,3,241
1743494801.576656,128,-20,86
1743494801.611656,-9,-51,190
1743494801.647656,48,60,166
1743494801.683656,-21,15,82
1743494801.718656,20,-26,152
1743494801.754656,114,40,202
1743494801.7896562,-3,36,92
1743494801.824656,-13,52,134
1743494801.859656,22,17,192
1743494801.895656,96,-14,156
1743494801.931656,40,35,112
1743494801.966656,60,-18,168
1743494802.002656,70,27,26
1743494802.037656,60,55,-3
1743494802.0726562,24,85,130
1743494802.107656,-57,-33,62
1743494802.143656,50,2,168
1743494802.179656,-15,12,188
1743494802.214656,50,78,74
1743494802.250656,42,-7,184
1743494802.285656,12,42,92
1743494802.320656,86,38,80
1743494802.355656,28,12,152
1743494802.3916562,4,10,238
1743494802.427656,-47,-37,190
1743494802.462656,16,60,84
1743494802.498656,20,20,140
1743494802.533656,28,-22,162
1743494802.568656,-31,45,36
1743494802.603656,-24,-2,66
1743494802.639656,-26,33,108
1743494802.675656,-94,55,174
1743494802.7106562,29,-24,170
1743494802.746656,67,-10,204
1743494802.781656,-6,0,202
1743494802.816656,0,-40,141
1743494802.851656,-12,13,117
1743494802.887656,-6,-4,29
1743494802.923656,29,5,-30
1743494802.958656,38,10,135
1743494802.994656,-59,-101,266
1743494803.0296562,-28,11,187
1743494803.064656,-31,-55,101
1743494803.099656,23,49,249
1743494803.135656,-13,68,155
1743494803.171656,26,-11,156
1743494803.206656,40,16,40
1743494803.242656,-67,26,160
1743494803.277656,-44,-33,191
1743494803.3126562,-90,8,220
1743494803.347656,-74,-23,103
1743494803.383656,-42,-15,153
1743494803.419656,29,-43,35
1743494803.454656,-44,54,99
1743494803.490656,11,-45,161
1743494803.525656,-24,-5,285
1743494803.560656,-19,18,81
1743494803.5956562,-27,-47,111
1743494803.6316562,48,-23,77
1743494803.667656,29,10,205
1743494803.702656,41,20,167
1743494803.738656,63,-15,145
1743494803.773656,-12,26,199
1743494803.808656,-50,22,27
1743494803.843656,11,-27,65
1743494803.879656,67,4,61
1743494803.915656,115,-55,45
1743494803.950656,-53,-51,145
1743494803.986656,-9,54,62
1743494804.021656,-39,-47,35
1743494804.056656,12,8,109
1743494804.091656,72,8,135
1743494804.127656,-59,-23,183
1743494804.163656,-30,27,103
1743494804.198656,-6,-12,159
1743494804.234656,27,-16,107
1743494804.269656,67,18,7
1743494804.304656,15,-25,165
1743494804.339656,5,-95,113
1743494804.375656,1,28,91
1743494804.411656,29,-7,-12
1743494804.446656,5,-3,47
1743494804.482656,-5,-21,239
1743494804.517656,32,10,65
1743494804.552656,10,6,153
1743494804.587656,60,-7,105
1743494804.623656,93,78,127
1743494804.659656,61,30,7
1743494804.694656,4,-11,31
1743494804.730656,-33,-11,281
1743494804.765656,24,-23,105
1743494804.800656,22,-3,211
1743494804.8356562,-53,43,227
1743494804.871656,-48,37,109
1743494804.907656,-11,-67,209
1743494804.942656,70,29,149
1743494804.978656,74,-100,59
1743494805.013656,-65,36,163
1743494805.048656,-27,-6,127
1743494805.083656,-51,61,119
1743494805.119656,18,15,192
1743494805.155656,66,1,172
1743494805.190656,-93,-27,143
1743494805.226656,78,-72,23
1743494805.261656,4,32,179
1743494805.296656,14,-30,175
1743494805.331656,16,39,101
1743494805.367656,-37,-30,151
1743494805.403656,34,29,121
1743494805.438656,16,-41,157
1743494805.474656,54,15,189
1743494805.509656,-5,96,105
1743494805.544656,-71,32,81
1743494805.579656,52,-121,101
1743494805.615656,16,4,167
1743494805.6516562,38,31,147
1743494805.686656,-55,37,186
1743494805.722656,-25,-94,176
1743494805.757656,126,-29,27
1743494805.792656,38,35,137
1743494805.828656,4,-25,37
1743494805.863656,12,-7,11
1743494805.899656,22,-7,65
1743494805.934656,58,30,115
1743494805.9706562,-41,18,238
1743494806.005656,44,-38,113
1743494806.040656,-3,45,118
1743494806.076656,-65,-58,210
1743494806.111656,114,43,130
1743494806.147656,37,0,220
1743494806.182656,73,2,260
1743494806.218656,-15,-9,110
1743494806.253656,-41,-80,198
1743494806.288656,56,47,164
1743494806.324656,-35,-73,98
1743494806.359656,2,-5,226
1743494806.395656,10,34,184
1743494806.430656,52,-13,48
1743494806.466656,-25,-9,130
1743494806.501656,-1,-15,170
1743494806.536656,45,-33,64
1743494806.5726562,106,10,124
1743494806.607656,51,20,46
1743494806.643656,26,51,200
1743494806.678656,-55,21,170
1743494806.714656,13,19,78
1743494806.749656,85,-64,144
1743494806.784656,19,73,154
1743494806.820656,-48,-26,180
1743494806.855656,51,52,100
1743494806.8916562,-22,66,26
1743494806.926656,-80,-107,38
1743494806.962656,113,-25,122
1743494806.997656,-32,5,154
1743494807.032656,-24,53,112
1743494807.068656,-20,-14,186
1743494807.103656,22,51,41
1743494807.139656,-11,-52,176
1743494807.1746562,-25,-82,136
1743494807.2106562,2,-12,198
1743494807.245656,4,-72,64
1743494807.280656,61,47,88
1743494807.316656,-3,-47,128
1743494807.351656,-32,-62,114
1743494807.387656,-24,1,138
1743494807.422656,35,5,122
1743494807.458656,61,19,32
1743494807.4936562,1,0,48
1743494807.528656,0,-24,210
1743494807.564656,5,-4,104
1743494807.599656,1,-28,90
1743494807.635656,1,-29,60
1743494807.670656,35,-71,188
1743494807.706656,71,-43,60
1743494807.741656,43,-39,106
1743494807.7766562,11,-77,248
1743494807.8126562,-48,-48,118
1743494807.847656,51,-9,254
1743494807.883656,-26,26,34
1743494807.918656,49,40,190
1743494807.954656,1,8,48
1743494807.989656,-8,40,50
1743494808.024656,-42,-26,166
1743494808.060656,7,-20,132
1743494808.0956562,21,11,56
1743494808.1316562,1,-16,132
1743494808.166656,15,-12,184
1743494808.202656,-50,89,156
1743494808.237656,-14,11,226
1743494808.272656,-16,58,138
1743494808.308656,-6,46,256
1743494808.343656,-97,-25,84
1743494808.379656,61,-19,62
1743494808.4146562,51,24,100
1743494808.450656,-4,32,190
1743494808.485656,-38,-37,166
1743494808.520656,17,6,96
1743494808.556656,53,30,162
1743494808.591656,-46,-17,196
1743494808.627656,-5,26,48
1743494808.662656,0,-33,157
1743494808.698656,-19,19,137
1743494808.7336562,-19,-12,138
1743494808.768656,1,15,96
1743494808.804656,22,67,158
1743494808.839656,20,36,126
1743494808.875656,2,35,86
1743494808.910656,8,-16,224
1743494808.946656,-67,-42,138
1743494808.981656,60,-22,196
1743494809.0166562,48,-12,190
1743494809.052656,4,13,210
1743494809.087656,-43,-30,86
1743494809.123656,86,-28,152
1743494809.158656,-41,-34,107
1743494809.194656,-16,73,146
1743494809.230656,-1,55,130
1743494809.2666562,-35,69,186
1743494809.302656,-62,-2,71
1743494809.338656,46,-16,161
1743494809.374656,-29,-26,89
1743494809.410656,-25,67,55
1743494809.446656,-53,-48,63
1743494809.481656,-45,-18,81
1743494809.5166562,-23,-54,42
1743494809.552656,60,-42,49
1743494809.588656,12,5,113
1743494809.623656,24,9,107
1743494809.666656,100,-5,165
1743494809.702656,62,-4,133
1743494809.737656,-75,9,265
1743494809.772656,52,19,149
1743494809.808656,-35,31,241
1743494809.844656,-23,34,163
1743494809.879656,16,10,111
1743494809.915656,84,-35,167
1743494809.950656,16,64,221
1743494809.985656,-29,24,137
1743494810.020656,40,-55,151
1743494810.056656,-3,-37,19
1743494810.092656,-43,20,103
1743494810.127656,32,68,113
1743494810.163656,-43,-33,237
1743494810.198656,12,-69,115
1743494810.2336562,42,42,167
1743494810.268656,116,-51,293
1743494810.304656,16,2,77
1743494810.340656,-1,12,45
1743494810.375656,-33,-59,113
1743494810.411656,-65,-25,75
1743494810.446656,50,28,253
1743494810.481656,-41,32,201
1743494810.5166562,44,-31,163
1743494810.552656,56,36,69
1743494810.588656,22,10,43
1743494810.623656,46,18,201
1743494810.659656,98,2,235
1743494810.694656,20,34,119
1743494810.729656,-19,10,89
1743494810.764656,-3,-73,41
1743494810.800656,24,-18,101
1743494810.836656,-21,33,277
1743494810.871656,-47,31,179
1743494810.907656,64,25,129
1743494810.942656,42,15,129
1743494810.977656,-47,47,163
1743494811.012656,34,-18,108
1743494811.048656,-45,-10,122
1743494811.084656,-13,48,164
1743494811.119656,-3,-3,164
1743494811.155656,50,-27,156
1743494811.190656,-5,-85,230
1743494811.225656,30,-23,212
1743494811.260656,-5,-71,98
1743494811.296656,62,61,162
1743494811.332656,-29,83,200
1743494811.367656,62,-4,84
1743494811.403656,2,53,160
1743494811.438656,37,-38,92
1743494811.473656,65,-66,314
1743494811.508656,78,-22,88
1743494811.544656,-77,1,172
1743494811.580656,76,34,198
1743494811.615656,10,2,210
1743494811.6516562,12,-31,242
1743494811.686656,12,6,126
1743494811.721656,26,-19,116
1743494811.7566562,-17,-1,220
1743494811.792656,-5,10,180
1743494811.828656,20,-13,114
1743494811.863656,28,-67,180
1743494811.899656,-1,38,102
1743494811.934656,7,122,46
1743494811.969656,-57,26,96
1743494812.004656,32,-33,96
1743494812.040656,-53,16,-69
1743494812.076656,-98,2,123
1743494812.111656,38,40,85
1743494812.147656,-61,-33,207
1743494812.182656,50,62,163
1743494812.217656,21,-7,183
1743494812.252656,47,40,155
1743494812.288656,19,-19,147
1743494812.324656,-6,-51,187
1743494812.359656,-8,-39,213
1743494812.395656,1,-29,47
1743494812.430656,17,6,143
1743494812.465656,41,-31,9
1743494812.500656,69,-3,161
1743494812.536656,75,18,11
1743494812.5726562,-6,20,229
1743494812.607656,-14,0,141
1743494812.643656,-46,52,33
1743494812.678656,42,40,125
1743494812.713656,-13,16,145
1743494812.748656,41,0,119
1743494812.784656,-30,28,265
1743494812.820656,54,-87,85
1743494812.855656,5,20,41
1743494812.8916562,-34,-29,223
1743494812.926656,-8,52,147
1743494812.961656,-62,1,209
1743494812.996656,9,-44,39
1743494813.032656,-5,-40,103
1743494813.068656,47,-5,125
1743494813.103656,30,-41,89
1743494813.139656,39,-27,73
1743494813.1746562,138,98,81
1743494813.209656,-78,24,143
1743494813.244656,12,-21,211
1743494813.280656,-11,-31,1
1743494813.316656,70,42,169
1743494813.351656,-75,-27,171
1743494813.387656,-55,-37,121
1743494813.422656,-25,2,219
1743494813.457656,30,12,157
1743494813.492656,24,12,89
1743494813.528656,20,-5,95
1743494813.564656,-7,4,111
1743494813.599656,-61,60,231
1743494813.635656,26,34,191
1743494813.670656,-29,56,183
1743494813.705656,-49,92,155
1743494813.740656,28,46,137
1743494813.7766562,-35,-45,79
1743494813.8126562,2,-97,99
1743494813.847656,0,-19,105
1743494813.883656,50,-43,89
1743494813.918656,82,4,87
1743494813.953656,7,-41,11
1743494813.988656,10,30,32
1743494814.024656,39,12,226
1743494814.060656,-49,14,232
1743494814.0956562,64,34,98
1743494814.1316562,18,30,166
1743494814.166656,6,24,174
1743494814.201656,-31,36,184
1743494814.236656,-23,-9,198
1743494814.272656,-39,42,220
1743494814.308656,80,-65,142
1743494814.343656,50,42,158
1743494814.379656,20,12,130
1743494814.4146562,-5,2,86
1743494814.449656,-15,21,220
1743494814.484656,-57,-15,94
1743494814.520656,50,31,162
1743494814.556656,-25,6,46
1743494814.591656,-1,-28,140
1743494814.627656,48,-28,86
1743494814.662656,14,-108,124
1743494814.6976562,68,-9,198
1743494814.7336562,76,13,84
1743494814.768656,32,-29,134
1743494814.804656,20,-43,106
1743494814.839656,-33,11,158
1743494814.875656,78,-67,112
1743494814.910656,-5,-5,156
1743494814.945656,-23,18,134
1743494814.981656,16,0,270
1743494815.0166562,22,-40,14
1743494815.052656,-41,27,128
1743494815.087656,78,11,204
1743494815.123656,-59,-40,86
1743494815.158656,-31,1,168
1743494815.193656,-16,-79,18
1743494815.228656,-60,39,132
1743494815.264656,8,31,76
1743494815.300656,62,-2,202
1743494815.3356562,-51,-64,58
1743494815.371656,36,-14,112
1743494815.406656,26,-8,92
1743494815.441656,-74,9,102
1743494815.477656,67,63,92
1743494815.512656,-10,9,278
1743494815.548656,1,-36,64
1743494815.583656,10,-58,108
1743494815.619656,20,21,76
1743494815.6546562,91,-39,208
1743494815.689656,-3,90,80
1743494815.725656,41,67,222
1743494815.760656,-65,-86,46
1743494815.796656,6,-42,42
1743494815.831656,104,-12,224
1743494815.867656,-7,5,82
1743494815.902656,22,-24,90
1743494815.9376562,116,-22,136
1743494815.973656,84,-57,238
1743494816.008656,-17,-4,202
1743494816.044656,42,-36,210
1743494816.079656,23,55,94
1743494816.115656,-19,-28,62
1743494816.150656,58,-31,82
1743494816.185656,-11,37,176
1743494816.221656,46,19,94
1743494816.2566562,-3,-10,76
1743494816.292656,4,82,204
1743494816.327656,54,20,108
1743494816.363656,-31,44,108
1743494816.398656,25,5,164
1743494816.433656,9,-64,189
1743494816.469656,49,-70,132
1743494816.504656,-19,-55,150
1743494816.540656,-26,7,122
1743494816.575656,-43,49,168
1743494816.611656,-37,-12,238
1743494816.646656,-119,63,93
1743494816.681656,96,33,109
1743494816.717656,-49,-58,11
1743494816.752656,2,-43,123
1743494816.788656,-1,-19,143
1743494816.823656,90,-47,51
1743494816.859656,-7,-20,153
1743494816.894656,84,-67,87
1743494816.929656,0,26,93
1743494816.965656,42,-89,49
1743494817.000656,26,-39,35
1743494817.036656,28,-33,57
1743494817.071656,-27,42,183
1743494817.107656,23,-70,129
1743494817.142656,-53,57,95
1743494817.177656,34,-22,161
1743494817.213656,-27,13,241
1743494817.248656,14,13,181
1743494817.284656,26,-28,39
1743494817.319656,29,-36,156
1743494817.355656,-38,-30,68
1743494817.390656,3,17,56
1743494817.425656,16,-29,96
1743494817.461656,90,10,226
1743494817.496656,-19,42,18
1743494817.532656,26,-85,119
1743494817.567656,-49,20,55
1743494817.603656,0,10,127
1743494817.638656,-17,12,165
1743494817.673656,-15,18,-10
1743494817.709656,46,58,41
1743494817.744656,30,-57,93
1743494817.780656,-11,-19,210
1743494817.815656,-59,56,92
1743494817.851656,12,28,128
1743494817.886656,-22,20,132
1743494817.921656,-4,88,180
1743494817.957656,-16,16,208
1743494817.992656,-8,66,168
1743494818.028656,-19,20,22
1743494818.063656,20,4,100
1743494818.099656,52,4,136
1743494818.134656,-43,60,-37
1743494818.169656,26,16,244
1743494818.205656,22,32,104
1743494818.240656,-73,-35,166
1743494818.2766562,7,-2,152
1743494818.311656,-52,9,274
1743494818.347656,23,-28,102
1743494818.382656,-40,-52,150
1743494818.417656,-35,-28,70
1743494818.453656,150,-11,136
1743494818.488656,-121,100,206
1743494818.524656,50,12,138
1743494818.559656,10,-35,152
1743494818.5956562,74,-65,0
1743494818.630656,56,2,112
1743494818.665656,20,0,150
1743494818.701656,-21,-47,102
1743494818.736656,18,38,114
1743494818.772656,30,10,42
1743494818.807656,-27,-29,194
1743494818.843656,64,-21,84
1743494818.879656,60,20,72
1743494818.9146562,64,-1,152
1743494818.949656,24,-139,168
1743494818.985656,44,8,122
1743494819.021656,-51,-51,64
1743494819.056656,-13,-69,88
1743494819.092656,-41,12,178
1743494819.127656,-41,2,142
1743494819.162656,12,-37,48
1743494819.1976562,11,54,118
1743494819.2336562,-26,-3,114
1743494819.269656,-4,32,208
1743494819.304656,23,4,206
1743494819.340656,9,-17,154
1743494819.375656,39,-3,112
1743494819.410656,67,-21,66
1743494819.445656,27,-41,196
1743494819.481656,51,-35,84
1743494819.517656,-6,-7,166
1743494819.552656,1,-55,72
1743494819.588656,15,56,166
1743494819.623656,-4,-53,160
1743494819.658656,81,-85,178
1743494819.701656,59,88,138
1743494819.737656,-48,-37,170
1743494819.773656,-66,8,172
1743494819.808656,17,16,108
1743494819.844656,-10,-25,94
1743494819.879656,-12,-11,188
1743494819.9146562,71,-65,126
1743494819.949656,-18,-29,156
1743494819.985656,27,16,160
1743494820.021656,33,16,74
1743494820.056656,-38,-47,128
1743494820.092656,75,-84,46
1743494820.127656,25,-8,88
1743494820.162656,93,-12,164
1743494820.1976562,-6,53,56
1743494820.2336562,3,61,178
1743494820.269656,94,-9,126
1743494820.304656,-19,-61,100
1743494820.340656,9,31,82
1743494820.375656,-2,-36,124
1743494820.410656,3,83,212
1743494820.445656,-74,-24,198
1743494820.481656,-92,35,160
1743494820.517656,75,-11,300
1743494820.552656,9,30,19
1743494820.588656,-8,36,241
1743494820.623656,-60,20,224
1743494820.658656,-24,43,100
1743494820.693656,-20,9,98
1743494820.729656,3,-28,58
1743494820.765656,-70,88,208
1743494820.800656,29,-17,132
1743494820.836656,-40,-67,118
1743494820.871656,-78,29,98
1743494820.906656,27,-31,76
1743494820.941656,29,-28,161
1743494820.977656,49,75,51
1743494821.013656,-36,-3,165
1743494821.048656,-22,-25,37
1743494821.084656,69,20,89
1743494821.119656,-50,-9,63
1743494821.1546562,5,-59,165
1743494821.189656,65,-25,179
1743494821.225656,-26,22,167
1743494821.261656,0,30,97
1743494821.296656,-20,-33,157
1743494821.332656,-62,94,77
1743494821.367656,-6,-61,313
1743494821.402656,-38,32,175
1743494821.4376562,19,-7,205
1743494821.473656,20,-11,197
1743494821.509656,66,-67,201
1743494821.544656,-54,30,133
1743494821.580656,-68,32,49
1743494821.615656,35,-73,207
1743494821.650656,79,-5,145
1743494821.685656,-10,26,259
1743494821.721656,29,-33,111
1743494821.757656,12,59,117
1743494821.792656,-5,-3,147
1743494821.828656,25,86,75
1743494821.863656,-1,-19,53
1743494821.898656,8,-45,115
1743494821.933656,106,95,263
1743494821.969656,-33,29,145
1743494822.005656,54,-6,53
1743494822.040656,-45,53,165
1743494822.076656,16,-19,89
1743494822.111656,6,-13,103
1743494822.146656,2,-15,153
1743494822.181656,-21,-15,221
1743494822.217656,-53,30,51
1743494822.253656,17,34,245
1743494822.288656,107,-19,101
1743494822.324656,1,-47,7
1743494822.359656,29,-7,113
1743494822.394656,-73,-81,93
1743494822.429656,-34,-37,149
1743494822.465656,-62,-50,121
1743494822.501656,51,-37,167
1743494822.536656,-29,9,133
1743494822.5726562,38,-25,59
1743494822.607656,-5,38,51
1743494822.642656,29,6,49
1743494822.677656,-54,-9,-26
1743494822.713656,-60,30,101
1743494822.749656,-2,85,117
1743494822.784656,-22,48,113
1743494822.820656,-20,42,103
1743494822.855656,-56,-7,101
1743494822.890656,51,10,115
1743494822.925656,30,-12,147
1743494822.961656,-9,-28,85
1743494822.997656,22,1,145
1743494823.032656,-39,37,131
1743494823.068656,29,-56,181
1743494823.103656,38,-46,229
1743494823.138656,14,13,181
1743494823.173656,32,-28,67
1743494823.209656,2,0,59
1743494823.245656,0,51,15
1743494823.280656,50,39,161
1743494823.316656,-23,27,141
1743494823.351656,-21,30,189
1743494823.386656,19,-10,59
1743494823.421656,29,-4,137
1743494823.457656,-67,-44,57
1743494823.4936562,-49,-78,109
1743494823.528656,-15,-28,193
1743494823.564656,28,-50,305
1743494823.599656,40,5,249
1743494823.634656,-27,-60,146
1743494823.669656,-67,-70,94
1743494823.705656,72,-2,170
1743494823.741656,4,53,210
1743494823.7766562,36,9,76
1743494823.8126562,8,-14,40
1743494823.847656,-27,21,78
1743494823.882656,-12,26,164
1743494823.917656,15,54,158
1743494823.953656,-56,-2,96
1743494823.989656,-33,-10,112
1743494824.024656,36,-19,144
1743494824.060656,17,-6,110
1743494824.0956562,0,51,174
1743494824.130656,-51,-38,170
1743494824.165656,-41,19,26
1743494824.201656,113,121,142
1743494824.237656,62,19,154
1743494824.272656,-2,-24,122
1743494824.308656,-20,23,-55
1743494824.343656,-99,7,140
1743494824.378656,15,1,222
1743494824.413656,0,-33,108
1743494824.449656,33,72,226
1743494824.485656,-9,-33,46
1743494824.520656,-92,-15,224
1743494824.556656,-68,-67,66
1743494824.591656,21,-11,64
1743494824.626656,27,6,78
1743494824.661656,25,74,192
1743494824.6976562,97,92,0
1743494824.7336562,-82,-105,100
1743494824.768656,-2,46,222
1743494824.804656,-44,-29,188
1743494824.839656,43,-39,106
1743494824.874656,117,-33,160
1743494824.910656,31,54,58
1743494824.945656,19,28,116
1743494824.981656,-49,54,93
1743494825.0166562,-17,-55,83
1743494825.052656,8,-31,11
1743494825.087656,20,-13,60
1743494825.122656,-17,50,151
1743494825.158656,-61,2,105
1743494825.193656,25,32,199
1743494825.229656,-50,-39,289
1743494825.264656,-9,4,103
1743494825.300656,-17,-7,-10
1743494825.3356562,-46,-11,141
1743494825.370656,-46,84,29
1743494825.406656,-2,-7,35
1743494825.441656,-28,10,17
1743494825.477656,-122,-17,43
1743494825.512656,-54,-43,163
1743494825.548656,-64,-45,239
1743494825.583656,-66,0,291
1743494825.6186562,43,-45,117
1743494825.6546562,55,-33,171
1743494825.689656,-74,0,119
1743494825.725656,-64,-49,-18
1743494825.760656,109,-21,193
1743494825.796656,-84,37,163
1743494825.831656,5,39,71
1743494825.866656,17,-62,159
1743494825.902656,-14,-4,111
1743494825.9376562,-24,0,97
1743494825.973656,-82,-16,167
1743494826.008656,-12,35,147
1743494826.044656,15,-29,121
1743494826.079656,-28,16,71
1743494826.114656,-4,8,129
1743494826.150656,-50,24,113
1743494826.185656,-54,112,147
1743494826.221656,-24,-45,211
1743494826.2566562,81,21,95
1743494826.292656,-74,63,123
1743494826.327656,-48,27,175
1743494826.362656,-18,-60,51
1743494826.398656,-68,-122,41
1743494826.433656,-10,-36,175
1743494826.469656,-30,-14,49
1743494826.504656,-48,15,167
1743494826.540656,45,71,57
1743494826.575656,19,27,161
1743494826.610656,-76,-28,41
1743494826.646656,-16,-17,191
1743494826.681656,-30,38,73
1743494826.717656,21,12,73
1743494826.752656,-6,4,219
1743494826.788656,57,17,229
1743494826.823656,-48,66,209
1743494826.8586562,-18,30,87
1743494826.894656,-32,-33,5
1743494826.929656,13,58,209
1743494826.965656,31,2,169
1743494827.000656,0,38,54
1743494827.036656,-126,18,112
1743494827.071656,-47,-9,182
1743494827.106656,33,6,190
1743494827.142656,69,-3,182
1743494827.177656,-16,-23,128
1743494827.213656,0,-60,92
1743494827.248656,37,39,156
1743494827.284656,-30,32,144
1743494827.319656,-22,65,196
1743494827.354656,-63,-30,132
1743494827.390656,-110,-5,100
1743494827.425656,49,-47,112
1743494827.461656,1,12,46
1743494827.496656,63,-39,132
1743494827.532656,25,-51,190
1743494827.567656,-4,36,160
1743494827.602656,-50,-13,86
1743494827.638656,-14,2,144
1743494827.673656,9,-6,60
1743494827.709656,-16,-29,236
1743494827.744656,-22,55,230
1743494827.780656,40,39,174
1743494827.815656,90,-38,184
1743494827.850656,-55,1,118
1743494827.886656,32,-22,60
1743494827.921656,-118,-18,178
1743494827.957656,-48,43,112
1743494827.992656,3,-2,138
1743494828.028656,0,79,160
1743494828.063656,-37,-30,184
1743494828.098656,18,-50,60
1743494828.134656,-7,75,34
1743494828.169656,-41,2,138
1743494828.205656,2,-27,66
1743494828.240656,26,-45,142
1743494828.2766562,22,3,199
1743494828.311656,-13,16,137
1743494828.346656,12,18,113
1743494828.382656,-15,-37,189
1743494828.417656,6,-39,99
1743494828.453656,2,-97,281
1743494828.488656,12,-7,155
1743494828.524656,4,-17,90
1743494828.560656,8,-47,88
1743494828.5956562,-19,-37,4
1743494828.630656,-33,14,127
1743494828.666656,2,-17,83
1743494828.702656,-43,-69,95
1743494828.737656,-13,68,157
1743494828.773656,22,-33,197
1743494828.808656,-59,40,177
1743494828.843656,54,-15,111
1743494828.878656,24,50,15
1743494828.9146562,38,24,163
1743494828.950656,50,-11,159
1743494828.985656,-105,-37,105
1743494829.021656,44,-19,3
1743494829.056656,-16,-30,221
1743494829.091656,-44,35,79
1743494829.126656,69,-22,81
1743494829.162656,27,35,111
1743494829.198656,-18,49,167
1743494829.2336562,-16,79,94
1743494829.269656,-15,-64,128
1743494829.304656,4,-39,57
1743494829.339656,128,79,148
1743494829.374656,-19,-5,45
1743494829.410656,26,28,50
1743494829.446656,34,-52,228
1743494829.481656,-9,57,54
1743494829.517656,-43,-18,116
1743494829.552656,40,-4,114
1743494829.587656,62,-5,30
1743494829.622656,74,-24,134
1743494829.658656,60,32,124
1743494829.694656,-29,-13,270
1743494829.736656,8,-8,126
1743494829.773656,-7,-6,108
1743494829.808656,19,-94,136
1743494829.843656,-41,-12,20
1743494829.878656,108,59,66
1743494829.9146562,-65,-26,172
1743494829.950656,-31,-32,154
1743494829.985656,18,22,96
1743494830.021656,76,-23,114
1743494830.056656,-27,3,50
1743494830.091656,-7,-72,108
1743494830.126656,-61,-30,230
1743494830.162656,37,5,296
1743494830.198656,42,10,238
1743494830.2336562,-9,36,206
1743494830.269656,-59,30,136
1743494830.304656,-13,88,114
1743494830.339656,18,7,146
1743494830.374656,46,45,94
1743494830.410656,-1,29,154
1743494830.446656,-41,-50,70
1743494830.481656,133,-6,98
1743494830.517656,58,31,110
1743494830.552656,-39,47,114
1743494830.587656,-29,27,110
1743494830.622656,-1,55,96
1743494830.658656,-3,-20,178
1743494830.694656,46,-34,52
1743494830.729656,-22,9,58
1743494830.765656,-32,-70,162
1743494830.800656,-21,-84,114
1743494830.8356562,-8,-86,210
1743494830.870656,-56,-78,132
1743494830.906656,-18,-28,122
1743494830.942656,-28,47,34
1743494830.977656,-28,21,96
1743494831.013656,113,67,56
1743494831.048656,19,-34,110
1743494831.083656,31,-14,52
1743494831.1186562,19,25,167
1743494831.1546562,8,35,-22
1743494831.190656,52,9,162
1743494831.225656,26,-12,144
1743494831.261656,22,35,164
1743494831.296656,-111,-69,94
1743494831.331656,-39,27,137
1743494831.366656,60,-38,7
1743494831.402656,-39,111,135
1743494831.438656,40,-25,55
1743494831.473656,68,-12,175
1743494831.509656,26,29,181
1743494831.544656,24,-16,57
1743494831.579656,-19,-50,113
1743494831.614656,3,3,157
1743494831.650656,-38,46,121
1743494831.686656,9,-48,185
1743494831.721656,27,33,155
1743494831.757656,8,-12,175
1743494831.792656,32,-8,159
1743494831.827656,36,37,157
1743494831.862656,88,5,133
1743494831.898656,-29,-91,49
1743494831.934656,-7,-61,105
1743494831.969656,52,32,19
1743494832.005656,-95,-81,171
1743494832.040656,12,52,59
1743494832.075656,18,6,139
1743494832.110656,-35,-9,251
1743494832.146656,28,-5,67
1743494832.182656,-59,28,41
1743494832.217656,58,42,69
1743494832.253656,12,-13,177
1743494832.288656,48,32,87
1743494832.323656,26,28,213
1743494832.3586562,-89,34,113
1743494832.394656,-59,64,177
1743494832.430656,-56,56,59
1743494832.465656,-55,70,231
1743494832.501656,17,30,175
1743494832.536656,96,-17,55
1743494832.571656,-25,38,183
1743494832.606656,68,36,127
1743494832.642656,80,32,133
1743494832.678656,-20,3,-28
1743494832.713656,11,47,13
1743494832.749656,50,-70,51
1743494832.784656,60,29,57
1743494832.819656,134,43,103
1743494832.854656,48,-10,109
1743494832.890656,-41,15,35
1743494832.926656,-43,1,67
1743494832.961656,-41,-16,161
1743494832.997656,6,-8,73
1743494833.032656,-5,31,209
1743494833.067656,0,-6,93
1743494833.102656,14,-62,133
1743494833.138656,28,18,181
1743494833.1746562,25,34,113
1743494833.209656,34,-58,175
1743494833.245656,-14,-82,49
1743494833.280656,11,17,155
1743494833.315656,-40,7,85
1743494833.350656,-85,5,109
1743494833.386656,64,23,139
1743494833.422656,6,1,143
1743494833.457656,-49,-16,125
1743494833.4936562,26,-18,287
1743494833.528656,-25,-2,93
1743494833.563656,24,-38,141
1743494833.598656,82,0,33
1743494833.634656,10,15,161
1743494833.670656,-61,49,199
1743494833.705656,60,-36,-74
1743494833.741656,14,25,81
1743494833.7766562,-19,-90,89
1743494833.811656,-67,-14,161
1743494833.846656,-36,50,209
1743494833.882656,-14,27,130
1743494833.918656,-14,-4,156
1743494833.953656,23,-4,122
1743494833.989656,-28,-41,90
1743494834.024656,11,-27,94
1743494834.059656,31,36,244
1743494834.094656,-34,26,32
1743494834.130656,-6,18,194
1743494834.166656,-54,-4,88
1743494834.201656,11,-98,90
1743494834.237656,59,-20,166
1743494834.272656,-12,-109,157
1743494834.307656,-44,27,189
1743494834.342656,-57,25,107
1743494834.378656,-6,1,151
1743494834.4146562,50,-5,13
1743494834.449656,-23,71,213
1743494834.485656,-7,-28,161
1743494834.520656,-56,-60,183
1743494834.555656,-28,-68,157
1743494834.591656,33,5,181
1743494834.626656,-9,-27,79
1743494834.662656,18,60,149
1743494834.6976562,36,6,87
1743494834.7336562,-7,-69,123
1743494834.768656,78,22,223
1743494834.803656,-53,-17,-20
1743494834.839656,140,-21,173
1743494834.874656,-46,-50,93
1743494834.910656,-5,60,193
1743494834.945656,42,74,205
1743494834.981656,-57,52,105
1743494835.0166562,-55,22,113
1743494835.051656,8,-57,145
1743494835.087656,93,-50,79
1743494835.122656,-50,-28,49
1743494835.158656,-22,-25,157
1743494835.193656,-28,54,85
1743494835.229656,-86,-59,249
1743494835.264656,31,30,-28
1743494835.2996562,-5,58,19
1743494835.3356562,-59,-111,67
1743494835.370656,18,-39,115
1743494835.406656,43,-44,91
1743494835.441656,-44,-14,95
1743494835.477656,29,10,197
1743494835.512656,13,-46,123
1743494835.547656,-10,-33,29
1743494835.583656,6,-27,211
1743494835.6186562,-32,-32,173
1743494835.6546562,-76,63,85
1743494835.689656,-13,6,235
1743494835.725656,-133,-3,97
1743494835.760656,4,-31,49
1743494835.795656,28,-21,57
1743494835.831656,-43,-27,159
1743494835.866656,0,12,137
1743494835.902656,12,-68,179
1743494835.9376562,40,6,83
1743494835.973656,78,0,43
1743494836.008656,-29,-14,219
1743494836.043656,56,21,141
1743494836.079656,-50,9,63
1743494836.114656,27,-22,161
1743494836.150656,11,-14,163
1743494836.185656,52,69,145
1743494836.221656,-29,7,101
1743494836.2566562,-19,17,119
1743494836.291656,-65,3,107
1743494836.327656,-79,-18,213
1743494836.362656,-113,80,135
1743494836.398656,100,-55,139
1743494836.433656,-25,-3,185
1743494836.469656,66,16,189
1743494836.504656,23,-69,144
1743494836.5396562,103,6,150
1743494836.575656,-15,-5,139
1743494836.610656,-71,50,113
1743494836.646656,-45,54,159
1743494836.681656,-33,-11,81
1743494836.717656,-45,-24,167
1743494836.752656,20,44,89
1743494836.787656,56,-41,41
1743494836.823656,124,-41,-6
1743494836.8586562,-5,-19,134
1743494836.894656,62,37,60
1743494836.929656,74,36,100
1743494836.965656,21,-15,222
1743494837.000656,-24,-53,202
1743494837.035656,-19,-15,132
1743494837.071656,-43,58,215
1743494837.106656,-19,52,113
1743494837.142656,27,16,118
1743494837.177656,-14,6,178
1743494837.213656,-18,12,84
1743494837.248656,3,-21,152
1743494837.283656,23,-41,42
1743494837.319656,-2,-38,76
1743494837.354656,65,55,139
1743494837.390656,69,25,170
1743494837.425656,47,31,274
1743494837.461656,3,9,122
1743494837.496656,11,-12,270
1743494837.531656,-64,85,268
1743494837.567656,-26,41,144
1743494837.602656,3,51,168
1743494837.638656,33,-4,134
1743494837.673656,39,27,70
1743494837.709656,15,-46,38
1743494837.744656,47,0,193
1743494837.7796562,37,35,78
1743494837.815656,47,-24,214
1743494837.850656,-34,15,274
1743494837.886656,-78,-14,160
1743494837.921656,-46,27,92
1743494837.957656,-2,-60,114
1743494837.9936562,-30,-55,262
1743494838.028656,123,-42,78
1743494838.063656,-6,2,254
1743494838.099656,0,6,144
1743494838.135656,-37,-33,16
1743494838.170656,24,-7,78
1743494838.206656,-22,20,172
1743494838.241656,-24,-89,140
1743494838.2766562,-133,10,98
1743494838.311656,38,-3,138
1743494838.347656,-21,4,216
1743494838.383656,0,39,54
1743494838.418656,4,21,236
1743494838.454656,-67,-82,-17
1743494838.489656,52,42,72
1743494838.524656,-63,32,175
1743494838.559656,-15,-9,32
1743494838.5956562,-29,3,112
1743494838.6316562,12,-12,138
1743494838.666656,72,17,-3
1743494838.702656,-70,47,90
1743494838.737656,5,-26,114
1743494838.772656,-41,-32,104
1743494838.807656,29,85,116
1743494838.843656,16,-12,230
1743494838.879656,30,1,308
1743494838.9146562,7,-50,258
1743494838.950656,-9,-16,122
1743494838.985656,-27,17,92
1743494839.020656,52,13,18
1743494839.055656,26,73,52
1743494839.091656,20,-16,104
1743494839.127656,-7,5,156
1743494839.162656,-23,35,76
1743494839.198656,-33,-40,152
1743494839.2336562,-9,19,116
1743494839.268656,6,35,148
1743494839.303656,16,51,136
1743494839.339656,24,-92,126
1743494839.375656,78,-36,140
1743494839.410656,18,31,140
1743494839.446656,14,9,34
1743494839.481656,111,9,118
1743494839.5166562,0,-36,70
1743494839.551656,60,69,56
1743494839.587656,2,-62,42
1743494839.623656,26,-56,50
1743494839.658656,2,-6,244
1743494839.694656,4,-4,184
1743494839.729656,-3,-22,164
1743494839.771656,-54,-38,194
1743494839.807656,-1,-18,80
1743494839.843656,82,-30,106
1743494839.879656,-103,-10,134
1743494839.9146562,36,15,44
1743494839.950656,-37,27,54
1743494839.985656,43,15,184
1743494840.020656,-26,-16,90
1743494840.055656,51,35,90
1743494840.091656,17,-26,110
1743494840.127656,11,-20,178
1743494840.162656,-46,-11,128
1743494840.198656,11,-3,50
1743494840.2336562,-10,-35,204
1743494840.268656,45,-19,132
1743494840.303656,53,-35,152
1743494840.339656,-58,-11,-29
1743494840.375656,13,-5,36
1743494840.410656,43,-73,40
1743494840.446656,23,-43,104
1743494840.481656,-28,16,-15
1743494840.5166562,-2,-45,40
1743494840.551656,-26,22,280
1743494840.587656,19,30,174
1743494840.623656,49,-83,180
1743494840.658656,0,-29,12
1743494840.694656,19,61,144
1743494840.729656,11,7,170
1743494840.764656,7,-2,86
1743494840.7996562,-44,-63,118
1743494840.8356562,75,-41,170
1743494840.871656,11,33,198
1743494840.906656,-78,27,18
1743494840.942656,-24,51,86
1743494840.977656,-60,27,182
1743494841.012656,-18,31,246
1743494841.047656,45,-6,136
1743494841.083656,-2,37,127
1743494841.119656,35,-132,271
1743494841.1546562,-2,51,69
1743494841.190656,-74,-46,141
1743494841.225656,0,32,33
1743494841.260656,89,14,277
1743494841.295656,-80,-25,137
1743494841.331656,-74,40,121
1743494841.367656,19,6,121
1743494841.402656,-6,46,137
1743494841.438656,-42,24,153
1743494841.473656,26,-27,123
1743494841.508656,59,56,179
1743494841.543656,-78,-20,277
1743494841.579656,73,5,151
1743494841.615656,-4,42,227
1743494841.650656,-76,0,108
1743494841.686656,25,2,222
1743494841.721656,-76,2,216
1743494841.7566562,33,-19,14
1743494841.791656,-8,-57,91
1743494841.827656,31,-27,263
1743494841.863656,-4,-1,65
1743494841.898656,9,94,85
1743494841.934656,-6,-47,283
1743494841.969656,-16,-26,235
1743494842.004656,-54,25,233
1743494842.0396562,9,-42,211
1743494842.075656,-10,43,69
1743494842.111656,-13,-44,159
1743494842.146656,20,-2,157
1743494842.182656,-31,61,157
1743494842.217656,13,5,139
1743494842.252656,-97,-46,145
1743494842.287656,-35,45,139
1743494842.323656,38,49,93
1743494842.359656,40,-79,153
1743494842.394656,-38,5,123
1743494842.430656,-12,67,135
1743494842.465656,1,25,109
1743494842.500656,25,15,139
1743494842.535656,-8,65,209
1743494842.571656,-24,0,213
1743494842.607656,19,-54,141
1743494842.642656,-70,-2,109
1743494842.678656,23,-46,65
1743494842.713656,-34,23,119
1743494842.748656,-16,8,127
1743494842.783656,75,72,105
1743494842.819656,-64,-39,81
1743494842.855656,47,-7,105
1743494842.890656,-22,4,57
1743494842.926656,-12,-77,119
1743494842.961656,1,31,157
1743494842.996656,-58,34,51
1743494843.031656,45,5,205
1743494843.067656,-22,-2,175
1743494843.103656,-30,-32,133
1743494843.138656,-12,-38,91
1743494843.1746562,-38,-24,123
1743494843.209656,0,13,173
1743494843.244656,-19,-22,223
1743494843.2796562,-28,31,27
1743494843.315656,13,-36,209
1743494843.351656,-10,81,69
1743494843.386656,-28,3,161
1743494843.422656,59,87,175
1743494843.457656,-2,-53,44
1743494843.492656,-6,-79,171
1743494843.527656,-14,-53,59
1743494843.563656,75,-15,161
1743494843.599656,71,44,249
1743494843.634656,-18,-33,223
1743494843.670656,11,46,141
1743494843.705656,57,-51,137
1743494843.740656,6,-9,147
1743494843.7766562,40,77,273
1743494843.811656,53,53,119
1743494843.847656,-28,50,117
1743494843.882656,27,-6,47
1743494843.918656,89,17,147
1743494843.953656,29,3,63
1743494843.988656,23,89,155
1743494844.024656,7,7,155
1743494844.059656,-78,65,99
1743494844.0956562,-30,-17,-10
1743494844.130656,59,8,129
1743494844.166656,55,-78,-6
1743494844.201656,-4,-1,137
1743494844.236656,-68,27,141
1743494844.272656,-12,9,211
1743494844.307656,55,-29,73
1743494844.343656,-48,15,83
1743494844.378656,-84,-40,109
1743494844.4146562,79,7,205
1743494844.449656,-8,47,115
1743494844.484656,-18,-6,39
1743494844.520656,-46,0,157
1743494844.555656,15,-16,175
1743494844.591656,-34,45,128
1743494844.626656,-56,26,246
1743494844.662656,3,-60,132
1743494844.6976562,1,-22,104
1743494844.732656,-50,-24,97
1743494844.768656,51,12,151
1743494844.803656,11,9,175
1743494844.839656,44,8,143
1743494844.874656,-21,-31,171
1743494844.910656,36,-9,176
1743494844.945656,-31,-17,220
1743494844.980656,60,-1,37
1743494845.0166562,30,-29,17
1743494845.051656,26,-37,125
1743494845.087656,4,-42,85
1743494845.122656,20,-2,217
1743494845.158656,-47,-28,159
1743494845.193656,-7,-39,178
1743494845.228656,8,-35,147
1743494845.264656,-31,25,48
1743494845.2996562,-31,-68,72
1743494845.3356562,36,-18,190
1743494845.370656,6,-38,120
1743494845.406656,-33,-4,173
1743494845.441656,58,21,124
1743494845.476656,-33,77,276
1743494845.512656,-76,27,234
1743494845.547656,-12,33,180
1743494845.583656,27,-40,138
1743494845.6186562,-5,-24,115
1743494845.6546562,32,-28,83
1743494845.689656,-11,-12,143
1743494845.724656,-49,5,-42
1743494845.760656,64,-26,71
1743494845.795656,22,69,115
1743494845.831656,9,-32,235
1743494845.866656,-9,30,241
1743494845.902656,22,-71,89
1743494845.9376562,84,-19,177
1743494845.972656,12,44,-26
1743494846.008656,2,-1,57
1743494846.043656,32,38,255
1743494846.079656,28,24,147
1743494846.114656,-3,-91,69
1743494846.150656,8,-11,163
1743494846.185656,-13,32,185
1743494846.2206562,-9,-57,179
1743494846.2566562,-73,10,149
1743494846.291656,-79,64,99
1743494846.327656,-3,-1,153
1743494846.362656,0,28,71
1743494846.398656,-73,-11,-44
1743494846.433656,-10,-55,147
1743494846.468656,95,4,219
1743494846.504656,31,30,37
1743494846.5396562,8,-7,135
1743494846.575656,24,-77,87
1743494846.610656,-19,18,87
1743494846.646656,2,10,59
1743494846.681656,-7,-17,129
1743494846.716656,-23,-19,227
1743494846.752656,-10,-30,165
1743494846.787656,-6,13,53
1743494846.823656,-30,-38,187
1743494846.8586562,9,39,139
1743494846.894656,14,-11,185
1743494846.929656,-27,-51,79
1743494846.964656,-9,47,138
1743494847.000656,-23,-60,80
1743494847.035656,24,-31,104
1743494847.071656,26,-39,88
1743494847.106656,-36,21,166
1743494847.142656,11,85,217
1743494847.177656,-38,31,131
1743494847.212656,13,-20,118
1743494847.248656,-108,-26,223
1743494847.283656,-56,0,37
1743494847.319656,43,-16,139
1743494847.354656,-26,77,57
1743494847.390656,-67,18,148
1743494847.425656,26,30,186
1743494847.4606562,-21,30,160
1743494847.496656,30,-13,103
1743494847.531656,-43,-23,82
1743494847.567656,-11,25,226
1743494847.602656,2,9,40
1743494847.637656,4,-4,124
1743494847.672656,88,0,56
1743494847.708656,56,-38,148
1743494847.744656,-19,-24,111
1743494847.7796562,4,-30,147
1743494847.815656,-15,11,125
1743494847.850656,-25,55,101
1743494847.885656,54,25,179
1743494847.920656,-69,-22,125
1743494847.956656,37,37,235
1743494847.992656,-89,15,113
1743494848.027656,-33,0,137
1743494848.063656,62,-52,143
1743494848.098656,18,-36,181
1743494848.133656,-51,-14,127
1743494848.168656,58,-18,50
1743494848.204656,16,43,267
1743494848.240656,36,5,180
1743494848.275656,-55,-12,194
1743494848.311656,-9,76,166
1743494848.346656,50,9,225
1743494848.3816562,34,-72,57
1743494848.416656,29,21,28
1743494848.452656,38,-100,176
1743494848.488656,-3,-60,174
1743494848.523656,-25,-30,20
1743494848.559656,20,37,176
1743494848.594656,-45,0,82
1743494848.629656,-41,-49,228
1743494848.6646562,4,-9,190
1743494848.700656,-3,69,100
1743494848.736656,-31,-78,236
1743494848.771656,-77,79,78
1743494848.807656,-41,29,124
1743494848.842656,-81,-124,94
1743494848.877656,50,65,234
1743494848.912656,62,17,46
1743494848.948656,-7,0,240
1743494848.984656,-25,-41,160
1743494849.019656,-19,-54,142
1743494849.055656,-7,-92,136
1743494849.090656,31,35,100
1743494849.125656,7,-20,86
1743494849.160656,-43,53,168
1743494849.196656,-3,79,126
1743494849.232656,-25,-36,118
1743494849.267656,2,45,220
1743494849.303656,6,17,168
1743494849.338656,35,-72,76
1743494849.373656,-34,49,218
1743494849.408656,0,-32,24
1743494849.444656,26,17,34
1743494849.480656,163,-14,164
1743494849.515656,-8,5,158
1743494849.551656,10,-60,156
1743494849.586656,39,-6,118
1743494849.621656,-54,35,198
1743494849.656656,-3,-29,244
1743494849.692656,-30,44,122
1743494849.728656,-62,-54,200
1743494849.763656,-32,-64,124
1743494849.806656,73,45,156
1743494849.842656,-4,13,262
1743494849.877656,-30,-25,168
1743494849.912656,15,8,-9
1743494849.948656,-8,39,246
1743494849.984656,103,-14,80
1743494850.019656,57,24,178
1743494850.055656,-88,14,184
1743494850.090656,17,15,44
1743494850.125656,69,-53,70
1743494850.160656,57,18,48
1743494850.196656,7,48,280
1743494850.232656,-4,34,94
1743494850.267656,-20,3,216
1743494850.303656,109,85,150
1743494850.338656,-46,47,2
1743494850.373656,11,27,140
1743494850.408656,-16,9,50
1743494850.444656,0,28,202
1743494850.480656,-15,48,202
1743494850.515656,-38,40,52
1743494850.551656,-43,6,94
1743494850.586656,-11,29,176
1743494850.621656,-7,-36,270
1743494850.656656,78,39,198
1743494850.692656,58,-99,138
1743494850.728656,-31,-45,34
1743494850.763656,-67,-7,96
1743494850.7996562,-12,64,194
1743494850.834656,89,-78,198
1743494850.869656,55,-38,106
1743494850.9046562,-30,-46,98
1743494850.940656,-42,-28,234
1743494850.976656,-52,7,150
1743494851.011656,-10,13,138
1743494851.047656,-13,-54,172
1743494851.082656,-17,-22,74
1743494851.117656,54,29,184
1743494851.152656,-11,-74,136
1743494851.188656,10,-36,106
1743494851.224656,48,-11,226
1743494851.259656,-1,24,154
1743494851.295656,-17,-3,150
1743494851.330656,-23,-59,150
1743494851.365656,-21,-17,92
1743494851.400656,-45,30,140
1743494851.436656,29,1,158
1743494851.472656,-64,-32,92
1743494851.507656,-12,-26,320
1743494851.543656,-9,-7,-5
1743494851.578656,-55,34,192
1743494851.613656,-31,-57,86
1743494851.648656,-13,-19,84
1743494851.684656,24,-37,0
1743494851.7206562,40,-45,120
1743494851.755656,-49,-13,174
1743494851.791656,-67,38,128
1743494851.826656,43,-28,112
1743494851.861656,-56,-34,192
1743494851.896656,-10,45,0
1743494851.932656,30,-23,160
1743494851.968656,-9,42,112
1743494852.003656,22,18,230
1743494852.0396562,50,-41,152
1743494852.074656,26,-107,28
1743494852.109656,48,19,92
1743494852.144656,74,34,96
1743494852.180656,16,28,132
1743494852.216656,-75,-61,182
1743494852.251656,-28,-8,198
1743494852.287656,0,11,100
1743494852.3226562,-16,-16,154
1743494852.357656,13,9,108
1743494852.392656,-12,7,71
1743494852.428656,-56,61,137
1743494852.464656,-10,-16,149
1743494852.499656,9,37,35
1743494852.535656,-34,49,99
1743494852.570656,-11,36,121
1743494852.605656,83,-79,165
1743494852.640656,-5,6,131
1743494852.676656,32,64,219
1743494852.712656,20,-33,145
1743494852.747656,-87,-105,205
1743494852.783656,-147,4,162
1743494852.818656,-65,-25,152
1743494852.853656,20,70,156
1743494852.888656,40,30,91
1743494852.9246562,-9,-35,149
1743494852.9606562,-35,-47,173
1743494852.995656,-5,22,227
1743494853.031656,-15,58,143
1743494853.066656,-47,-1,161
1743494853.101656,-65,-47,159
1743494853.136656,14,-37,-4
1743494853.172656,28,-45,229
1743494853.208656,118,-41,173
1743494853.2436562,26,8,167
1743494853.2796562,-49,43,109
1743494853.314656,19,9,55
1743494853.349656,-114,-24,249
1743494853.384656,17,15,29
1743494853.420656,65,-6,161
1743494853.456656,-42,45,179
1743494853.491656,-119,44,265
1743494853.527656,-50,-62,139
1743494853.5626562,35,45,87
1743494853.597656,-40,-36,45
1743494853.633656,55,29,89
1743494853.668656,73,-56,169
1743494853.704656,-16,-22,195
1743494853.739656,-20,31,75
1743494853.775656,-33,-50,129
1743494853.810656,28,-3,34
1743494853.8456562,54,-48,68
1743494853.8816562,41,55,133
1743494853.916656,-17,32,180
1743494853.952656,-44,49,188
1743494853.987656,-38,-14,172
1743494854.023656,-6,75,130
1743494854.058656,1,29,100
1743494854.093656,-1,-19,176
1743494854.129656,48,44,30
1743494854.1646562,-5,-52,152
1743494854.200656,2,-102,188
1743494854.235656,54,4,188
1743494854.271656,-38,3,108
1743494854.306656,-38,33,89
1743494854.341656,95,9,121
1743494854.377656,47,-32,257
1743494854.412656,9,13,121
1743494854.448656,-4,-30,127
1743494854.4836562,45,-10,55
1743494854.519656,-32,-103,213
1743494854.554656,9,-38,204
1743494854.589656,5,49,74
1743494854.625656,-32,-16,94
1743494854.660656,-44,-72,202
1743494854.696656,9,9,118
1743494854.731656,13,-14,160
1743494854.767656,-20,33,171
1743494854.802656,41,-2,119
1743494854.837656,35,-70,183
1743494854.873656,36,28,59
1743494854.908656,40,1,235
1743494854.944656,-31,-3,101
1743494854.979656,84,-14,211
1743494855.015656,-93,-21,189
1743494855.050656,-19,28,179
1743494855.0856562,-87,-36,99
1743494855.121656,36,27,165
1743494855.156656,35,-46,105
1743494855.192656,-20,-24,245
1743494855.228656,-8,-24,191
1743494855.264656,0,-20,-16
1743494855.2996562,-16,-46,269
1743494855.3356562,-22,-26,169
1743494855.370656,-36,-16,161
1743494855.405656,-36,17,85
1743494855.441656,-8,-18,177
1743494855.476656,-16,65,185
1743494855.512656,-42,53,271
1743494855.547656,63,-16,29
1743494855.583656,33,-56,109
1743494855.6186562,-40,5,155
1743494855.653656,27,43,237
1743494855.689656,57,71,93
1743494855.724656,29,4,169
1743494855.760656,-44,-21,105
1743494855.795656,53,-85,167
1743494855.831656,-32,86,103
1743494855.866656,-12,28,117
1743494855.9016562,-22,52,165
1743494855.9376562,-2,16,126
1743494855.972656,31,-42,62
1743494856.008656,-6,-5,164
1743494856.043656,-28,-12,164
1743494856.079656,13,-53,248
1743494856.114656,-44,31,192
1743494856.149656,27,4,156
1743494856.185656,37,30,146
1743494856.2206562,-9,-11,148
1743494856.2566562,-36,-35,92
1743494856.291656,32,-59,98
1743494856.327656,0,-43,72
1743494856.362656,-63,-6,136
1743494856.397656,-37,-22,112
1743494856.433656,20,61,134
1743494856.468656,25,-30,208
1743494856.504656,11,-14,70
1743494856.5396562,1,-34,136
1743494856.575656,-50,-32,98
1743494856.610656,-126,-46,120
1743494856.645656,-60,31,54
1743494856.681656,-2,-52,116
1743494856.716656,29,9,100
1743494856.752656,-66,-22,190
1743494856.787656,0,42,128
1743494856.823656,23,21,162
1743494856.8586562,-22,15,40
1743494856.893656,-38,36,218
1743494856.929656,-44,53,140
1743494856.964656,-47,-71,94
1743494857.000656,-81,6,140
1743494857.035656,54,16,38
1743494857.071656,-36,-30,126
1743494857.106656,63,-40,248
1743494857.1416562,-2,43,34
1743494857.177656,-8,25,142
1743494857.212656,-44,-10,204
1743494857.248656,-32,27,204
1743494857.283656,67,1,144
1743494857.318656,45,-34,81
1743494857.353656,29,19,271
1743494857.389656,7,-44,151
1743494857.425656,0,23,153
1743494857.4606562,23,5,211
1743494857.496656,75,19,113
1743494857.531656,1,17,17
1743494857.566656,-44,63,181
1743494857.601656,55,3,83
1743494857.637656,55,21,179
1743494857.673656,-75,-8,130
1743494857.708656,-37,-12,137
1743494857.744656,2,-22,54
1743494857.7796562,64,-32,219
1743494857.814656,54,57,79
1743494857.849656,-39,-34,157
1743494857.885656,-11,55,117
1743494857.921656,22,-14,188
1743494857.956656,-15,-13,83
1743494857.992656,4,34,89
1743494858.027656,68,50,227
1743494858.0626562,-29,4,-24
1743494858.097656,2,0,117
1743494858.133656,20,16,163
1743494858.169656,70,-3,190
1743494858.204656,44,-71,124
1743494858.240656,-37,24,138
1743494858.275656,48,16,172
1743494858.310656,0,62,150
1743494858.3456562,-33,-21,252
1743494858.3816562,-33,-97,224
1743494858.417656,12,-23,190
1743494858.452656,62,58,68
1743494858.488656,-43,-39,11
1743494858.523656,20,-43,140
1743494858.558656,-45,-29,154
1743494858.593656,0,26,172
1743494858.629656,-47,-63,128
1743494858.665656,92,78,160
1743494858.700656,-17,-3,150
1743494858.736656,16,8,174
1743494858.771656,-15,-25,128
1743494858.806656,-49,52,136
1743494858.841656,10,26,164
1743494858.877656,32,-29,162
1743494858.913656,54,-125,144
1743494858.948656,58,66,146
1743494858.984656,24,-9,200
1743494859.019656,-37,64,194
1743494859.054656,76,-57,144
1743494859.089656,-17,30,110
1743494859.125656,-13,-7,118
1743494859.161656,-25,-67,90
1743494859.196656,-3,-21,71
1743494859.232656,30,24,184
1743494859.267656,-7,-63,106
1743494859.302656,-41,14,154
1743494859.337656,2,0,310
1743494859.373656,-9,-5,12
1743494859.409656,6,22,84
1743494859.444656,28,50,94
1743494859.480656,32,26,136
1743494859.515656,-19,30,164
1743494859.550656,-23,-21,156
1743494859.5856562,24,-5,128
1743494859.621656,-17,-39,164
1743494859.657656,34,30,134
1743494859.692656,-5,-55,212
1743494859.728656,-69,-7,128
1743494859.763656,2,-77,118
1743494859.798656,120,-3,128
1743494859.841656,-14,16,118
1743494859.877656,-1,12,182
1743494859.913656,28,-53,198
1743494859.948656,1,15,86
1743494859.984656,-56,3,126
1743494860.019656,31,-2,152
1743494860.054656,-40,35,92
1743494860.089656,-35,86,180
1743494860.125656,-4,3,86
1743494860.161656,17,-66,120
1743494860.196656,-40,21,182
1743494860.232656,-36,42,166
1743494860.267656,-56,-5,38
1743494860.302656,-22,1,192
1743494860.337656,-26,46,26
1743494860.373656,-34,0,217
1743494860.409656,-30,23,151
1743494860.444656,37,-8,93
1743494860.480656,0,-12,157
1743494860.515656,15,19,95
1743494860.550656,-46,-34,145
1743494860.5856562,47,33,217
1743494860.621656,7,-4,195
1743494860.657656,-64,-5,234
1743494860.692656,15,-81,74
1743494860.728656,17,9,100
1743494860.763656,23,-120,122
1743494860.798656,-56,11,104
1743494860.833656,5,-18,246
1743494860.869656,-20,-66,130
1743494860.905656,-20,0,97
1743494860.940656,-60,43,116
1743494860.976656,-8,-20,86
1743494861.011656,-30,25,-24
1743494861.046656,51,50,119
1743494861.081656,9,-16,107
1743494861.117656,-28,-68,206
1743494861.153656,29,0,156
1743494861.188656,-46,3,126
1743494861.224656,41,31,158
1743494861.259656,49,15,148
1743494861.294656,3,33,178
1743494861.329656,-32,23,206
1743494861.365656,7,0,82
1743494861.4016562,14,30,112
1743494861.436656,-41,52,70
1743494861.472656,-77,34,116
1743494861.507656,4,-38,82
1743494861.542656,0,5,148
1743494861.577656,24,-23,234
1743494861.613656,99,35,108
1743494861.649656,-13,-2,98
1743494861.684656,-57,7,150
1743494861.7206562,54,-58,76
1743494861.755656,50,-24,208
1743494861.790656,-114,17,188
1743494861.825656,-91,34,74
1743494861.861656,-49,-41,226
1743494861.897656,-86,7,222
1743494861.932656,-65,-45,180
1743494861.968656,2,-5,248
1743494862.003656,41,23,48
1743494862.038656,53,-30,142
1743494862.073656,13,59,86
1743494862.109656,12,6,214
1743494862.145656,-55,24,286
1743494862.180656,-97,-63,-97
1743494862.216656,13,-76,140
1743494862.251656,-38,41,294
1743494862.286656,-51,-29,150
1743494862.3226562,-49,64,180
1743494862.357656,28,-15,110
1743494862.393656,132,-23,228
1743494862.428656,-15,50,158
1743494862.464656,42,60,114
1743494862.499656,46,-15,98
1743494862.534656,12,62,206
1743494862.569656,4,-33,50
1743494862.605656,-45,18,146
1743494862.6416562,31,-12,124
1743494862.676656,-24,27,180
1743494862.712656,-38,-56,50
1743494862.747656,15,3,210
1743494862.782656,-42,-64,174
1743494862.817656,-54,-10,150
1743494862.853656,5,49,116
1743494862.889656,21,41,172
1743494862.9246562,-20,33,122
1743494862.9606562,5,83,-9
1743494862.995656,-90,17,120
1743494863.030656,21,21,162
1743494863.065656,-36,-46,110
1743494863.101656,99,17,222
1743494863.137656,47,-42,10
1743494863.172656,-54,5,110
1743494863.208656,101,-12,76
1743494863.2436562,65,13,78
1743494863.278656,-38,29,262
1743494863.314656,-72,-36,182
1743494863.349656,-45,-78,6
1743494863.385656,65,-8,104
1743494863.420656,27,-28,118
1743494863.456656,-52,3,66
1743494863.491656,-42,-22,108
1743494863.5266562,17,61,112
1743494863.5626562,27,37,132
1743494863.597656,5,-20,98
1743494863.633656,43,-44,38
1743494863.668656,-2,95,64
1743494863.704656,-26,33,78
1743494863.739656,-26,47,128
1743494863.774656,-26,-60,174
1743494863.810656,-40,-29,58
1743494863.8456562,-6,25,72
1743494863.8816562,57,-10,180
1743494863.916656,13,23,46
1743494863.952656,-124,55,214
1743494863.987656,17,39,172
1743494864.022656,-32,-10,160
1743494864.058656,37,-32,180
1743494864.093656,95,31,240
1743494864.129656,0,-8,34
1743494864.1646562,-18,25,104
1743494864.200656,35,-38,134
1743494864.235656,99,-10,192
1743494864.270656,0,6,72
1743494864.306656,31,-61,210
1743494864.341656,53,28,94
1743494864.377656,-54,46,182
1743494864.412656,61,-5,256
1743494864.448656,3,-7,100
1743494864.4836562,29,-47,114
1743494864.518656,-28,18,60
1743494864.554656,-76,56,263
1743494864.589656,-68,-7,89
1743494864.625656,43,-5,123
1743494864.660656,-24,32,141
1743494864.696656,-6,32,0
1743494864.731656,-62,-21,179
1743494864.7666562,-1,18,229
1743494864.802656,-9,31,197
1743494864.837656,46,-3,81
1743494864.873656,84,-24,159
1743494864.908656,55,30,189
1743494864.944656,-8,-14,135
1743494864.979656,-5,22,137
1743494865.014656,-18,6,143
1743494865.050656,-58,7,107
1743494865.0856562,-14,-36,169
1743494865.121656,-50,33,179
1743494865.156656,-64,-26,165
1743494865.192656,105,-44,139
1743494865.227656,17,-22,85
1743494865.262656,27,90,65
1743494865.298656,33,-75,171
1743494865.333656,-42,22,149
1743494865.369656,49,2,75
1743494865.4046562,-32,4,177
1743494865.440656,5,-20,35
1743494865.475656,53,-1,165
1743494865.510656,31,-38,183
1743494865.546656,43,41,213
1743494865.581656,47,-56,203
1743494865.617656,-4,25,215
1743494865.652656,-12,-16,203
1743494865.688656,35,-8,143
1743494865.723656,113,7,93
1743494865.758656,-20,7,49
1743494865.794656,39,3,205
1743494865.829656,-40,9,155
1743494865.865656,-26,21,215
1743494865.900656,-22,-34,99
1743494865.936656,5,-14,-12
1743494865.971656,-8,-6,111
1743494866.0066562,81,17,123
1743494866.042656,77,19,107
1743494866.077656,-26,33,169
1743494866.113656,77,-16,23
1743494866.148656,1,35,181
1743494866.184656,-104,35,91
1743494866.219656,15,-32,53
1743494866.254656,-84,-60,165
1743494866.290656,22,-47,93
1743494866.325656,-23,-27,161
1743494866.361656,38,-19,243
1743494866.396656,98,-4,95
1743494866.432656,-9,67,61
1743494866.467656,92,-10,169
1743494866.502656,-59,-64,154
1743494866.538656,-33,-44,9
1743494866.573656,-85,-48,101
1743494866.609656,63,-14,140
1743494866.644656,17,-16,82
1743494866.680656,-20,-14,164
1743494866.716656,-63,-14,98
1743494866.752656,36,-4,118
1743494866.788656,-3,-25,178
1743494866.823656,-29,-31,142
1743494866.8586562,50,-31,102
1743494866.894656,-57,-23,312
1743494866.930656,76,0,110
1743494866.965656,34,68,106
1743494867.001656,26,-35,232
1743494867.036656,66,70,112
1743494867.071656,22,-25,92
1743494867.106656,20,-31,84
1743494867.142656,2,94,34
1743494867.178656,-40,21,124
1743494867.213656,32,-19,148
1743494867.249656,-26,41,76
1743494867.284656,5,1,44
1743494867.319656,62,72,82
1743494867.354656,30,30,52
1743494867.390656,83,63,174
1743494867.426656,-9,68,96
1743494867.461656,58,45,90
1743494867.497656,6,64,34
1743494867.532656,-19,32,164
1743494867.567656,-5,6,98
1743494867.602656,68,30,110
1743494867.638656,2,74,144
1743494867.6746562,-11,-21,134
1743494867.709656,-45,48,-1
1743494867.745656,-35,-7,34
1743494867.780656,-19,-30,126
1743494867.815656,-5,-37,164
1743494867.850656,72,62,288
1743494867.886656,4,28,156
1743494867.922656,30,-45,64
1743494867.957656,-5,32,104
1743494867.9936562,42,-37,102
1743494868.028656,-3,26,122
1743494868.063656,-63,-27,166
1743494868.098656,26,14,34
1743494868.134656,-33,-83,142
1743494868.170656,28,24,182
1743494868.205656,-2,48,160
1743494868.241656,-7,19,-3
1743494868.2766562,42,-60,126
1743494868.311656,-1,-39,140
1743494868.346656,-11,-106,54
1743494868.382656,1,-16,140
1743494868.418656,9,-45,104
1743494868.453656,27,-20,112
1743494868.489656,-44,30,126
1743494868.524656,-28,14,182
1743494868.559656,81,-39,130
1743494868.594656,105,36,192
1743494868.630656,15,-6,100
1743494868.666656,-40,47,182
1743494868.701656,77,19,234
1743494868.737656,39,-23,222
1743494868.772656,43,-16,130
1743494868.807656,40,-10,166
1743494868.842656,7,-10,128
1743494868.878656,-63,7,88
1743494868.9146562,32,1,206
1743494868.949656,74,29,132
1743494868.985656,-13,65,28
1743494869.020656,8,33,182
1743494869.055656,76,-38,156
1743494869.090656,-43,57,150
1743494869.126656,62,53,269
1743494869.162656,-25,-29,189
1743494869.1976562,-95,35,229
1743494869.2336562,30,-30,129
1743494869.268656,102,42,249
1743494869.303656,-95,60,71
1743494869.338656,24,-23,197
1743494869.374656,42,-7,197
1743494869.410656,-8,-10,173
1743494869.445656,-34,35,171
1743494869.481656,-132,7,251
1743494869.5166562,13,71,205
1743494869.551656,0,15,139
1743494869.586656,19,-10,111
1743494869.622656,18,-85,121
1743494869.658656,48,36,131
1743494869.693656,-4,49,163
1743494869.729656,-22,85,219
1743494869.764656,5,-20,69
1743494869.7996562,33,-78,113
1743494869.842656,-10,15,93
1743494869.878656,-29,53,211
1743494869.9146562,7,5,21
1743494869.949656,9,-28,121
1743494869.985656,-10,13,231
1743494870.020656,1,-2,273
1743494870.055656,-18,5,164
1743494870.090656,-20,67,110
1743494870.126656,23,-8,54
1743494870.162656,21,-26,6
1743494870.1976562,33,13,72
1743494870.2336562,-8,-14,74
1743494870.268656,37,-6,116
1743494870.303656,17,79,26
1743494870.338656,29,43,210
1743494870.374656,-86,-6,28
1743494870.410656,-56,17,72
1743494870.445656,-8,29,206
1743494870.481656,55,-18,188
1743494870.5166562,-74,11,74
1743494870.551656,35,23,38
1743494870.586656,-28,-44,98
1743494870.622656,-22,-34,174
1743494870.658656,39,-4,90
1743494870.693656,-4,43,182
1743494870.729656,37,63,230
1743494870.764656,-16,11,132
1743494870.7996562,45,27,104
1743494870.834656,-50,45,22
1743494870.870656,41,-4,78
1743494870.906656,51,-38,48
1743494870.941656,3,-2,76
1743494870.977656,-23,-71,106
1743494871.012656,-30,8,108
1743494871.047656,-45,-31,232
1743494871.082656,-13,-33,128
1743494871.1186562,46,-21,68
1743494871.1546562,-54,49,216
1743494871.189656,87,-14,70
1743494871.225656,-32,-101,40
1743494871.260656,-34,-69,260
1743494871.295656,-44,8,40
1743494871.330656,-22,33,144
1743494871.366656,31,13,96
1743494871.402656,1,9,194
1743494871.4376562,59,27,256
1743494871.473656,-6,-8,98
1743494871.508656,-4,-24,52
1743494871.543656,31,29,132
1743494871.578656,-36,51,68
1743494871.614656,13,-4,144
1743494871.650656,-56,-56,110
1743494871.685656,-8,5,96
1743494871.721656,51,17,226
1743494871.7566562,9,-36,78
1743494871.791656,-2,19,150
1743494871.826656,53,19,-9
1743494871.862656,13,5,94
1743494871.898656,3,29,-19
1743494871.933656,-48,39,164
1743494871.969656,1,-24,38
1743494872.004656,11,-26,148
1743494872.0396562,21,-8,258
1743494872.074656,0,-40,164
1743494872.110656,-72,9,254
1743494872.146656,-30,39,174
1743494872.181656,47,-41,42
1743494872.217656,-62,-6,254
1743494872.252656,17,-14,142
1743494872.287656,49,-88,176
1743494872.3226562,-86,15,108
1743494872.3586562,37,64,202
1743494872.394656,19,-115,66
1743494872.429656,87,-36,168
1743494872.465656,37,35,218
1743494872.500656,63,-93,114
1743494872.535656,-34,-34,218
1743494872.571656,5,-75,262
1743494872.606656,-6,2,118
1743494872.642656,47,10,10
1743494872.677656,68,4,-43
1743494872.713656,80,-23,98
1743494872.748656,-5,-29,152
1743494872.783656,-1,-5,200
1743494872.819656,-21,6,208
1743494872.854656,-51,-43,88
1743494872.890656,-19,76,92
1743494872.925656,49,7,168
1743494872.961656,-49,-97,60
1743494872.996656,4,-53,182
1743494873.031656,-95,60,163
1743494873.067656,-23,-11,122
1743494873.102656,12,-67,114
1743494873.138656,-17,18,108
1743494873.173656,-11,-9,126
1743494873.209656,10,8,50
1743494873.244656,64,-27,44
1743494873.2796562,6,12,232
1743494873.315656,16,24,98
1743494873.350656,-29,-25,112
1743494873.386656,6,91,218
1743494873.421656,-11,21,70
1743494873.457656,-45,3,226
1743494873.492656,-31,47,154
1743494873.527656,94,-40,130
1743494873.563656,44,-2,224
1743494873.598656,-53,-56,186
1743494873.634656,-27,49,100
1743494873.669656,4,-62,206
1743494873.705656,24,-8,212
1743494873.740656,2,-18,222
1743494873.775656,6,-8,116
1743494873.811656,44,-52,190
1743494873.846656,9,-18,112
1743494873.882656,5,51,156
1743494873.917656,65,-22,164
1743494873.953656,35,41,52
1743494873.988656,-8,-82,166
1743494874.023656,99,-6,50
1743494874.059656,-85,23,218
1743494874.094656,44,25,234
1743494874.130656,-20,3,190
1743494874.165656,-37,5,158
1743494874.201656,-73,-49,98
1743494874.236656,92,-70,204
1743494874.271656,-50,47,74
1743494874.307656,82,-2,60
1743494874.342656,-1,20,152
1743494874.378656,-53,2,75
1743494874.413656,-13,-18,181
1743494874.449656,2,-34,114
1743494874.484656,38,-4,86
1743494874.519656,-48,-10,85
1743494874.555656,12,-48,17
1743494874.590656,-22,-18,143
1743494874.626656,31,-10,93
1743494874.661656,5,-4,257
1743494874.6976562,58,-4,267
1743494874.732656,-3,43,-14
1743494874.767656,-5,29,147
1743494874.803656,20,-12,79
1743494874.838656,66,31,105
1743494874.874656,-51,9,107
1743494874.909656,-23,-18,231
1743494874.945656,-9,-2,119
1743494874.980656,-11,-32,43
1743494875.015656,-47,101,45
1743494875.051656,4,-32,65
1743494875.086656,-29,-32,89
1743494875.122656,20,-48,125
1743494875.157656,-135,16,139
1743494875.193656,18,22,251
1743494875.228656,-82,56,69
1743494875.263656,-12,-61,143
1743494875.2996562,-14,-21,217
1743494875.334656,13,-45,175
1743494875.370656,13,-5,217
1743494875.405656,69,18,171
1743494875.441656,33,19,259
1743494875.476656,-6,-48,17
1743494875.511656,11,5,143
1743494875.547656,-98,49,149
1743494875.582656,21,25,135
1743494875.6186562,-16,-21,141
1743494875.653656,-24,28,29
1743494875.689656,-50,60,167
1743494875.724656,-20,0,141
1743494875.759656,-96,-49,221
1743494875.795656,-17,-47,145
1743494875.830656,-31,0,143
1743494875.866656,90,2,151
1743494875.9016562,-15,-55,147
1743494875.9376562,-1,-30,124
1743494875.972656,-73,90,32
1743494876.007656,70,27,82
1743494876.043656,-67,-39,252
1743494876.078656,-19,-16,96
1743494876.114656,40,-24,68
1743494876.149656,-27,18,110
1743494876.185656,-93,75,180
1743494876.221656,53,-9,164
1743494876.257656,-34,72,72
1743494876.293656,-46,-2,104
1743494876.328656,31,59,69
1743494876.363656,85,15,127
1743494876.399656,31,-10,45
1743494876.435656,-7,25,137
1743494876.4706562,4,12,153
1743494876.5066562,-15,-37,103
1743494876.541656,-9,10,171
1743494876.576656,12,63,77
1743494876.611656,10,-85,95
1743494876.647656,10,28,139
1743494876.683656,1,-57,121
1743494876.718656,41,37,85
1743494876.754656,-59,-8,129
1743494876.7896562,-23,19,109
1743494876.824656,12,13,129
1743494876.859656,83,6,231
1743494876.895656,46,12,175
1743494876.931656,-88,-13,133
1743494876.966656,25,-7,117
1743494877.002656,17,-22,127
1743494877.037656,-50,43,173
1743494877.0726562,-68,3,185
1743494877.107656,33,-68,111
1743494877.143656,-36,-32,105
1743494877.179656,41,-28,87
1743494877.214656,-50,45,181
1743494877.250656,-60,-8,73
1743494877.285656,9,19,175
1743494877.320656,-46,-8,197
1743494877.355656,-42,85,215
1743494877.3916562,77,-26,235
1743494877.427656,-56,11,197
1743494877.462656,-36,1,71
1743494877.498656,21,39,83
1743494877.533656,13,55,167
1743494877.568656,-18,3,115
1743494877.603656,33,7,147
1743494877.639656,-40,53,199
1743494877.675656,91,39,167
1743494877.7106562,-76,27,287
1743494877.746656,17,71,79
1743494877.781656,99,-4,79
1743494877.816656,39,-38,115
1743494877.851656,-54,11,133
1743494877.887656,87,-54,157
1743494877.923656,-48,0,27
1743494877.958656,19,11,63
1743494877.994656,48,-41,141
1743494878.0296562,-21,-46,39
1743494878.064656,18,3,164
1743494878.099656,26,-20,150
1743494878.135656,20,-16,52
1743494878.171656,-15,11,124
1743494878.206656,8,-52,118
1743494878.242656,-10,-102,-71
1743494878.277656,-24,15,126
1743494878.3126562,51,7,76
1743494878.347656,-64,-38,98
1743494878.383656,55,43,28
1743494878.419656,9,-26,177
1743494878.454656,-94,-6,162
1743494878.490656,13,-68,-28
1743494878.525656,-24,-54,174
1743494878.560656,-32,-88,71
1743494878.5956562,43,43,247
1743494878.6316562,-21,18,36
1743494878.667656,-51,0,85
1743494878.702656,2,-31,24
1743494878.738656,-55,-27,170
1743494878.773656,8,-31,167
1743494878.808656,28,42,105
1743494878.843656,38,16,125
1743494878.879656,-17,-51,39
1743494878.915656,-7,-73,117
1743494878.950656,14,4,37
1743494878.986656,-11,-19,21
1743494879.021656,-43,14,163
1743494879.056656,102,76,138
1743494879.091656,-19,22,80
1743494879.127656,35,-35,218
1743494879.163656,-46,-47,114
1743494879.198656,11,26,192
1743494879.234656,-17,48,236
1743494879.269656,-4,14,144
1743494879.304656,-16,-67,72
1743494879.339656,11,13,228
1743494879.375656,7,-28,216
1743494879.411656,27,74,190
1743494879.446656,5,-27,6
1743494879.482656,80,30,38
1743494879.517656,17,10,128
1743494879.552656,38,-19,164
1743494879.587656,-50,8,142
1743494879.623656,-38,-17,224
1743494879.659656,-54,-17,248
1743494879.694656,53,-39,140
1743494879.730656,5,-13,206
1743494879.765656,51,-59,176
1743494879.800656,-28,-14,262
1743494879.843656,-4,-63,192
1743494879.879656,45,-21,148
1743494879.915656,35,-61,68
1743494879.950656,7,-48,140
1743494879.986656,-30,60,96
1743494880.021656,1,-23,166
1743494880.056656,29,24,224
1743494880.091656,39,-56,216
1743494880.127656,-22,3,64
1743494880.163656,131,-40,138
1743494880.198656,-22,-48,88
1743494880.234656,25,31,164
1743494880.269656,-32,-42,156
1743494880.304656,19,-56,220
1743494880.339656,19,-48,54
1743494880.375656,-14,9,122
1743494880.411656,37,-42,88
1743494880.446656,11,1,150
1743494880.482656,7,-44,122
1743494880.517656,-6,5,174
1743494880.552656,-4,91,122
1743494880.587656,21,13,114
1743494880.623656,-54,-56,38
1743494880.659656,-104,-64,18
1743494880.694656,57,7,160
1743494880.730656,-14,-18,134
1743494880.765656,-16,-48,38
1743494880.800656,0,-4,230
1743494880.8356562,45,-2,116
1743494880.871656,29,-71,98
1743494880.907656,0,-62,190
1743494880.942656,21,11,124
1743494880.978656,61,-52,126
1743494881.013656,133,-22,146
1743494881.048656,-4,73,174
1743494881.083656,23,35,174
1743494881.119656,-2,-50,118
1743494881.155656,27,26,84
1743494881.190656,3,-14,126
1743494881.226656,35,43,194
1743494881.261656,-4,35,178
1743494881.296656,-52,-22,104
1743494881.331656,47,-4,134
1743494881.367656,103,-12,206
1743494881.403656,63,-70,112
1743494881.438656,-52,-66,196
1743494881.474656,-20,-1,62
1743494881.509656,19,12,108
1743494881.544656,-8,-27,138
1743494881.579656,-5,-1,146
1743494881.615656,1,30,234
1743494881.6516562,-25,-5,112
1743494881.686656,32,24,122
1743494881.722656,23,-35,170
1743494881.757656,31,2,28
1743494881.792656,11,-23,104
1743494881.827656,-72,22,74
1743494881.863656,24,-9,-9
1743494881.899656,30,-59,90
1743494881.934656,-57,-65,238
1743494881.9706562,10,-19,184
1743494882.005656,2,22,78
1743494882.040656,46,-41,74
1743494882.075656,16,34,168
1743494882.111656,-53,36,250
1743494882.147656,-8,35,74
1743494882.182656,63,-28,140
1743494882.218656,65,27,232
1743494882.253656,0,-6,152
1743494882.288656,13,-30,146
1743494882.324656,11,-70,154
1743494882.359656,-48,-74,106
1743494882.395656,-18,-14,188
1743494882.430656,-98,-2,156
1743494882.466656,-6,-56,76
1743494882.501656,47,32,54
1743494882.536656,1,57,164
1743494882.5726562,-72,25,234
1743494882.607656,-16,-18,260
1743494882.643656,35,29,28
1743494882.678656,7,-22,168
1743494882.714656,55,15,170
1743494882.749656,-26,34,62
1743494882.784656,-54,27,164
1743494882.820656,151,33,120
1743494882.855656,-42,-54,227
1743494882.8916562,-56,-9,307
1743494882.926656,-16,60,319
1743494882.962656,87,14,151
1743494882.997656,-12,-23,185
1743494883.032656,37,49,149
1743494883.068656,-20,-17,15
1743494883.103656,17,46,117
1743494883.139656,31,14,205
1743494883.1746562,-18,46,1
1743494883.2106562,64,-11,66
1743494883.245656,60,39,197
1743494883.280656,108,53,28
1743494883.316656,-19,-21,248
1743494883.351656,6,8,150
1743494883.387656,20,66,140
1743494883.422656,-9,18,104
1743494883.458656,-35,-13,144
1743494883.4936562,-96,-75,152
1743494883.528656,-57,-53,120
1743494883.564656,22,-45,210
1743494883.599656,-1,16,84
1743494883.635656,-73,18,168
1743494883.670656,-26,66,68
1743494883.706656,14,32,-21
1743494883.741656,16,-5,148
1743494883.7766562,11,60,106
1743494883.8126562,10,10,-17
1743494883.847656,83,38,116
1743494883.883656,-29,14,90
1743494883.918656,2,-61,94
1743494883.954656,22,-61,130
1743494883.989656,-18,6,196
1743494884.024656,-4,28,48
1743494884.060656,73,48,54
1743494884.0956562,-4,-99,23
1743494884.1316562,-32,80,87
1743494884.166656,9,-79,109
1743494884.202656,7,12,45
1743494884.237656,-42,-51,177
1743494884.272656,31,-35,119
1743494884.308656,-46,-33,119
1743494884.343656,47,-35,149
1743494884.379656,-1,-41,87
1743494884.4146562,8,41,153
1743494884.450656,67,47,139
1743494884.485656,-38,-18,103
1743494884.520656,-36,-22,133
1743494884.556656,37,-25,225
1743494884.591656,-58,106,153
1743494884.627656,25,6,207
1743494884.662656,-16,16,221
1743494884.698656,-36,-25,63
1743494884.7336562,0,-21,81
1743494884.768656,25,22,61
1743494884.804656,-73,38,85
1743494884.839656,-19,84,155
1743494884.875656,-5,20,185
1743494884.910656,0,60,93
1743494884.946656,28,52,255
1743494884.981656,2,110,33
1743494885.0166562,28,94,209
1743494885.052656,2,46,151
1743494885.087656,-41,-59,35
1743494885.123656,-13,-25,129
1743494885.158656,22,-11,252
1743494885.194656,56,8,174
1743494885.229656,20,-9,158
1743494885.264656,-103,-95,132
1743494885.300656,-43,86,112
1743494885.3356562,-13,122,194
1743494885.371656,26,-7,93
1743494885.406656,-85,23,251
1743494885.442656,-65,57,222
1743494885.477656,102,-18,170
1743494885.512656,28,59,78
1743494885.548656,-47,-51,176
1743494885.583656,10,-12,40
1743494885.619656,-25,-7,240
1743494885.6546562,55,84,86
1743494885.690656,33,4,132
1743494885.726656,85,-25,102
1743494885.762656,31,-43,178
1743494885.798656,5,-7,230
1743494885.834656,-10,-13,78
1743494885.870656,-16,4,136
1743494885.906656,-42,60,242
1743494885.942656,7,-13,138
1743494885.977656,-18,32,142
1743494886.012656,11,48,222
1743494886.048656,5,26,158
1743494886.084656,-14,26,139
1743494886.119656,-42,-7,93
1743494886.155656,7,10,117
1743494886.190656,15,48,-4
1743494886.225656,139,20,117
1743494886.260656,-20,38,137
1743494886.296656,-78,2,319
1743494886.332656,23,28,127
1743494886.367656,63,82,71
1743494886.403656,-4,-7,129
1743494886.438656,-90,-17,219
1743494886.473656,17,-59,145
1743494886.508656,-12,-34,224
1743494886.544656,-8,7,122
1743494886.580656,-102,10,260
1743494886.615656,33,-67,-9
1743494886.6516562,-106,24,96
1743494886.686656,17,38,154
1743494886.721656,-16,40,-33
1743494886.7566562,15,54,100
1743494886.792656,-22,54,166
1743494886.828656,25,20,122
1743494886.863656,11,-75,0
1743494886.899656,25,-39,188
1743494886.934656,-100,50,108
1743494886.969656,-82,-5,174
1743494887.004656,21,-23,84
1743494887.040656,-28,-25,45
1743494887.076656,35,-19,0
1743494887.111656,-32,-30,81
1743494887.147656,-94,9,153
1743494887.182656,93,25,101
1743494887.217656,27,53,141
1743494887.252656,13,11,77
1743494887.288656,-43,-38,157
1743494887.324656,-7,29,221
1743494887.359656,26,-88,91
1743494887.395656,72,4,151
1743494887.430656,26,-27,211
1743494887.465656,-41,16,173
1743494887.500656,48,84,159
1743494887.536656,-5,-54,167
1743494887.5726562,10,10,75
1743494887.607656,-19,23,37
1743494887.643656,-13,-4,107
1743494887.678656,-31,7,61
1743494887.713656,28,-46,89
1743494887.748656,-29,77,25
1743494887.784656,-3,5,129
1743494887.820656,-17,-37,103
1743494887.855656,18,0,31
1743494887.8916562,-5,-23,63
1743494887.926656,-5,46,169
1743494887.961656,0,-43,147
1743494887.996656,81,-7,57
1743494888.032656,-48,38,161
1743494888.068656,19,-23,31
1743494888.103656,-10,8,167
1743494888.139656,-32,-47,99
1743494888.1746562,-46,14,257
1743494888.209656,-22,22,145
1743494888.244656,137,8,83
1743494888.280656,19,-39,119
1743494888.316656,-48,-3,143
1743494888.351656,-110,-20,107
1743494888.387656,25,-72,99
1743494888.422656,-34,74,153
1743494888.457656,-14,-69,123
1743494888.492656,-10,74,165
1743494888.528656,15,16,93
1743494888.564656,-22,-1,199
1743494888.599656,-6,42,227
1743494888.635656,-88,-57,129
1743494888.670656,-4,59,109
1743494888.705656,-40,27,293
1743494888.740656,65,-49,91
1743494888.7766562,-42,-33,71
1743494888.8126562,-26,14,139
1743494888.847656,29,-20,269
1743494888.883656,123,-25,111
1743494888.918656,-16,52,115
1743494888.953656,27,-35,101
1743494888.988656,74,-53,83
1743494889.024656,92,-23,113
1743494889.060656,14,-37,79
1743494889.0956562,-11,116,123
1743494889.1316562,-51,4,127
1743494889.166656,96,-47,145
1743494889.201656,34,-15,167
1743494889.236656,18,-57,-16
1743494889.272656,-72,-31,-10
1743494889.308656,28,2,33
1743494889.343656,-41,18,227
1743494889.379656,-58,38,195
1743494889.4146562,-51,-17,265
1743494889.449656,20,-54,116
1743494889.484656,-25,-9,252
1743494889.520656,-63,54,23
1743494889.556656,40,-77,140
1743494889.591656,-44,40,74
1743494889.627656,55,-13,108
1743494889.662656,-6,0,34
1743494889.6976562,22,66,168
1743494889.732656,69,32,170
1743494889.768656,89,-11,174
1743494889.804656,3,22,104
1743494889.846656,43,-7,172
1743494889.883656,7,28,160
1743494889.918656,-32,-13,74
1743494889.953656,26,8,88
1743494889.988656,-95,60,80
1743494890.024656,-21,24,122
1743494890.060656,-9,32,82
1743494890.0956562,-35,42,72
1743494890.1316562,28,-31,218
1743494890.166656,-59,32,114
1743494890.201656,-55,-19,38
1743494890.236656,-41,-13,92
1743494890.272656,40,48,90
1743494890.308656,12,-7,118
1743494890.343656,76,56,88
1743494890.379656,-33,-49,32
1743494890.4146562,-1,-11,178
1743494890.449656,-61,8,62
1743494890.484656,22,-21,42
1743494890.520656,27,54,204
1743494890.556656,-58,22,214
1743494890.591656,21,0,156
1743494890.627656,-5,0,176
1743494890.662656,27,-45,30
1743494890.6976562,-57,-101,96
1743494890.732656,29,-25,90
1743494890.768656,12,-51,176
1743494890.804656,-33,108,202
1743494890.839656,-17,-59,16
1743494890.875656,32,18,6
1743494890.910656,36,68,98
1743494890.945656,-31,24,186
1743494890.980656,-21,26,40
1743494891.0166562,24,12,142
1743494891.052656,-47,100,58
1743494891.087656,-22,17,134
1743494891.123656,-109,-36,224
1743494891.158656,24,-56,160
1743494891.193656,58,-23,168
1743494891.228656,122,-17,176
1743494891.264656,48,-42,157
1743494891.300656,8,-24,-32
1743494891.3356562,14,-10,203
1743494891.371656,23,-20,227
1743494891.406656,-12,9,165
1743494891.441656,-88,50,33
1743494891.476656,21,76,59
1743494891.512656,38,79,239
1743494891.548656,57,-10,117
1743494891.583656,-2,2,53
1743494891.619656,-42,-57,131
1743494891.6546562,-26,37,119
1743494891.689656,-14,-53,165
1743494891.724656,53,-33,117
1743494891.760656,-40,59,122
1743494891.796656,9,-59,78
1743494891.831656,-15,14,46
1743494891.867656,12,50,248
1743494891.902656,4,10,152
1743494891.9376562,34,80,84
1743494891.973656,-23,-53,77
1743494892.008656,84,30,176
1743494892.044656,-13,4,159
1743494892.079656,32,6,177
1743494892.115656,-61,-17,155
1743494892.150656,-47,4,152
1743494892.185656,-23,28,178
1743494892.221656,38,-3,124
1743494892.2566562,18,-61,162
1743494892.292656,-27,70,128
1743494892.327656,14,34,176
1743494892.363656,24,-25,26
1743494892.398656,18,18,126
1743494892.433656,-5,-21,174
1743494892.469656,-7,-41,210
1743494892.504656,-23,-23,152
1743494892.540656,-21,12,108
1743494892.575656,-51,-79,122
1743494892.611656,-21,-27,84
1743494892.646656,22,-21,90
1743494892.681656,33,66,170
1743494892.717656,40,-95,124
1743494892.752656,-14,-3,136
1743494892.788656,7,40,64
1743494892.823656,-30,78,126
1743494892.859656,26,24,86
1743494892.894656,11,-9,158
1743494892.929656,35,-5,74
1743494892.965656,-24,20,108
1743494893.000656,55,58,-5
1743494893.036656,13,48,166
1743494893.071656,-26,-27,98
1743494893.107656,15,76,46
1743494893.142656,61,4,100
1743494893.177656,-72,46,174
1743494893.213656,59,32,124
1743494893.248656,-2,24,170
1743494893.284656,0,-7,212
1743494893.319656,-13,24,170
1743494893.355656,-59,-17,176
1743494893.390656,-65,12,138
1743494893.425656,40,-75,24
1743494893.461656,42,16,30
1743494893.496656,-95,14,108
1743494893.532656,-9,2,124
1743494893.567656,50,10,122
1743494893.603656,40,4,140
1743494893.638656,12,88,184
1743494893.673656,110,-3,56
1743494893.709656,-47,6,122
1743494893.744656,72,46,84
1743494893.780656,10,72,168
1743494893.815656,-7,-47,90
1743494893.851656,18,16,182
1743494893.886656,-31,-5,200
1743494893.921656,50,4,102
1743494893.957656,-77,-11,132
1743494893.992656,0,22,154
1743494894.028656,40,42,162
1743494894.063656,64,33,130
1743494894.099656,34,27,192
1743494894.134656,-27,-11,130
1743494894.169656,32,-1,38
1743494894.205656,-97,-5,186
1743494894.240656,10,-50,114
1743494894.2766562,146,-35,88
1743494894.311656,-22,14,192
1743494894.347656,-34,-14,132
1743494894.382656,15,39,196
1743494894.417656,-18,-16,46
1743494894.453656,12,74,188
1743494894.488656,3,-54,240
1743494894.524656,5,-2,86
1743494894.559656,-7,-54,150
1743494894.5956562,21,39,130
1743494894.630656,97,-34,18
1743494894.665656,-64,-12,162
1743494894.701656,-30,47,156
1743494894.736656,35,72,122
1743494894.772656,75,44,136
1743494894.807656,-22,13,22
1743494894.843656,-46,26,-19
1743494894.878656,65,50,134
1743494894.913656,25,-39,98
1743494894.949656,-10,32,28
1743494894.984656,-52,-21,112
1743494895.020656,125,7,188
1743494895.055656,-92,5,12
1743494895.091656,21,17,174
1743494895.126656,-42,33,102
1743494895.161656,0,3,212
1743494895.1976562,-84,3,-21
1743494895.232656,19,7,108
1743494895.268656,-90,-8,169
1743494895.303656,-44,-26,145
1743494895.339656,17,-2,181
1743494895.375656,23,-14,149
1743494895.411656,-18,-12,97
1743494895.4476562,71,-38,243
1743494895.482656,55,23,93
1743494895.517656,27,21,75
1743494895.553656,-10,-30,171
1743494895.589656,53,-4,85
1743494895.624656,-46,-6,113
1743494895.660656,-38,-32,127
1743494895.695656,63,-28,193
1743494895.730656,1,-24,105
1743494895.765656,-14,3,147
1743494895.801656,-66,5,205
1743494895.837656,51,-44,129
1743494895.872656,-20,0,99
1743494895.908656,0,33,47
1743494895.943656,-116,17,243
1743494895.978656,-8,45,191
1743494896.013656,13,33,85
1743494896.0496562,11,-22,61
1743494896.0856562,21,-24,247
1743494896.120656,-22,5,83
1743494896.156656,5,-24,9
1743494896.191656,-30,83,101
1743494896.226656,77,37,139
1743494896.261656,-14,-26,127
1743494896.297656,-10,25,173
1743494896.333656,39,-10,117
1743494896.3686562,41,-10,167
1743494896.4046562,13,15,67
1743494896.439656,-2,7,65
1743494896.474656,-22,17,155
1743494896.509656,13,-10,279
1743494896.545656,25,-86,153
1743494896.581656,-2,-2,154
1743494896.616656,28,-27,184
1743494896.652656,-44,-39,200
1743494896.6876562,17,-33,82
1743494896.722656,0,8,82
1743494896.757656,115,74,154
1743494896.793656,-68,-47,144
1743494896.829656,49,14,86
1743494896.864656,-38,18,58
1743494896.900656,3,8,198
1743494896.935656,59,-34,132
1743494896.9706562,-8,-54,74
1743494897.005656,-10,-9,138
1743494897.041656,-31,38,130
1743494897.077656,43,-76,154
1743494897.112656,49,-9,88
1743494897.148656,-12,-6,126
1743494897.183656,31,64,120
1743494897.218656,9,32,196
1743494897.253656,-40,-5,116
1743494897.2896562,15,-27,158
1743494897.325656,-30,-10,132
1743494897.360656,11,-13,170
1743494897.396656,37,31,176
1743494897.431656,59,66,196
1743494897.466656,-46,-15,134
1743494897.501656,5,18,150
1743494897.537656,93,-3,212
1743494897.573656,3,36,146
1743494897.6086562,-42,46,94
1743494897.644656,-38,6,146
1743494897.679656,27,36,100
1743494897.714656,-10,-18,274
1743494897.749656,-26,-38,130
1743494897.785656,5,-50,130
1743494897.821656,13,27,162
1743494897.856656,31,-8,174
1743494897.892656,49,-66,76
1743494897.927656,1,17,34
1743494897.962656,77,-8,-13
1743494897.997656,11,-16,182
1743494898.033656,59,43,130
1743494898.069656,51,-46,112
1743494898.104656,-4,79,140
1743494898.140656,0,-34,60
1743494898.175656,-44,-80,206
1743494898.2106562,49,30,170
1743494898.245656,13,2,139
1743494898.281656,101,0,194
1743494898.317656,-4,56,118
1743494898.352656,-102,16,172
1743494898.388656,7,1,290
1743494898.423656,11,-24,16
1743494898.458656,13,47,212
1743494898.4936562,67,25,132
1743494898.5296562,-32,-20,162
1743494898.565656,-52,23,60
1743494898.600656,10,-9,116
1743494898.636656,-75,-49,186
1743494898.671656,-66,73,192
1743494898.706656,33,-6,165
1743494898.741656,-50,17,72
1743494898.777656,89,-74,-63
1743494898.813656,49,-32,258
1743494898.848656,32,-8,230
1743494898.884656,8,11,130
1743494898.919656,-7,45,141
1743494898.954656,-43,-14,75
1743494898.989656,53,-4,67
1743494899.025656,17,19,185
1743494899.061656,-1,32,125
1743494899.096656,67,16,197
1743494899.132656,-64,-18,207
1743494899.167656,13,81,77
1743494899.202656,16,8,77
1743494899.237656,89,19,129
1743494899.273656,68,3,7
1743494899.309656,-3,-26,107
1743494899.344656,2,-26,123
1743494899.380656,-21,43,159
1743494899.415656,-9,-12,149
1743494899.450656,24,-16,149
1743494899.485656,-23,-50,111
1743494899.521656,100,51,205
1743494899.557656,-15,-6,19
1743494899.592656,0,51,117
1743494899.628656,-50,79,121
1743494899.663656,-48,-28,-8
1743494899.698656,-36,19,91
1743494899.7336562,43,-28,105
1743494899.769656,-20,-6,153
1743494899.805656,19,-16,141
1743494899.847656,1,-32,73
1743494899.884656,95,21,103
1743494899.919656,-32,21,131
1743494899.954656,5,0,191
1743494899.989656,95,21,273
1743494900.025656,-13,-38,193
1743494900.061656,73,-36,133
1743494900.096656,-6,-58,101
1743494900.132656,7,36,185
1743494900.167656,-36,-23,183
1743494900.202656,15,4,81
1743494900.237656,30,-55,193
1743494900.273656,-17,24,179
1743494900.309656,49,2,145
1743494900.344656,11,-43,115
1743494900.380656,0,64,148
1743494900.415656,74,12,180
1743494900.450656,-33,-23,170
1743494900.485656,24,-15,146
1743494900.521656,74,12,39
1743494900.557656,26,4,108
1743494900.593656,20,-27,92
1743494900.629656,61,-55,134
1743494900.6646562,43,-29,262
1743494900.700656,51,-13,194
1743494900.735656,69,10,258
1743494900.770656,59,21,18
1743494900.805656,91,-28,210
1743494900.841656,22,-73,110
1743494900.877656,-13,-105,260
1743494900.912656,2,28,164
1743494900.948656,-49,76,186
1743494900.9836562,-3,-43,37
1743494901.018656,35,-65,121
1743494901.053656,-16,-36,34
1743494901.089656,-40,12,240
1743494901.125656,3,50,113
1743494901.160656,86,-15,108
1743494901.196656,-121,-1,122
1743494901.231656,-61,-5,114
1743494901.2666562,24,-41,58
1743494901.301656,-21,16,124
1743494901.337656,-27,-13,104
1743494901.373656,-73,-5,122
1743494901.408656,12,4,162
1743494901.444656,-41,-13,154
1743494901.479656,8,4,228
1743494901.514656,-65,89,106
1743494901.550656,42,81,74
1743494901.5856562,48,-24,182
1743494901.621656,64,45,100
1743494901.656656,-23,-25,40
1743494901.692656,56,6,270
1743494901.727656,56,-9,180
1743494901.762656,8,72,82
1743494901.798656,-29,-25,190
1743494901.833656,-38,10,202
1743494901.869656,61,-23,134
1743494901.9046562,-83,-33,86
1743494901.940656,31,44,94
1743494901.975656,9,-33,72
1743494902.010656,6,-65,218
1743494902.046656,83,-11,122
1743494902.081656,39,-49,124
1743494902.117656,-23,-17,2
1743494902.152656,6,-23,172
1743494902.188656,20,6,102
1743494902.223656,50,-19,106
1743494902.258656,10,-71,92
1743494902.294656,36,26,90
1743494902.329656,16,46,58
1743494902.365656,19,-15,114
1743494902.400656,-52,-101,108
1743494902.436656,45,-125,192
1743494902.471656,56,46,28
1743494902.5066562,-15,-11,152
1743494902.542656,33,18,176
1743494902.577656,-40,22,204
1743494902.613656,-7,28,2
1743494902.648656,-33,10,152
1743494902.684656,-54,86,133
1743494902.719656,-43,-55,117
1743494902.754656,92,8,75
1743494902.790656,-59,-17,91
1743494902.825656,42,-57,213
1743494902.861656,-53,70,40
1743494902.896656,-45,-9,26
1743494902.932656,-67,26,7
1743494902.967656,67,25,49
1743494903.002656,-52,-50,119
1743494903.038656,-8,-1,128
1743494903.073656,-42,-85,155
1743494903.109656,103,31,135
1743494903.144656,-6,-33,122
1743494903.180656,-2,18,109
1743494903.215656,39,14,283
1743494903.250656,55,-49,166
1743494903.286656,63,30,92
1743494903.321656,9,12,66
1743494903.357656,-18,-87,106
1743494903.392656,73,27,134
1743494903.428656,-54,-27,50
1743494903.463656,13,127,130
1743494903.498656,-54,-20,144
1743494903.534656,-22,28,-71
1743494903.569656,-8,2,110
1743494903.605656,-6,-21,98
1743494903.640656,39,-19,168
1743494903.676656,31,18,98
1743494903.711656,-88,4,96
1743494903.746656,35,29,164
1743494903.782656,1,4,116
1743494903.817656,-24,78,222
1743494903.853656,-16,114,78
1743494903.888656,25,88,2
1743494903.9246562,-64,82,150
1743494903.959656,0,-39,124
1743494903.994656,47,-7,150
1743494904.030656,-48,26,164
1743494904.065656,21,-66,40
1743494904.101656,51,-32,132
1743494904.136656,-32,53,138
1743494904.172656,-10,-6,78
1743494904.207656,-14,9,132
1743494904.242656,-64,-22,136
1743494904.278656,11,73,146
1743494904.313656,76,-40,158
1743494904.349656,7,15,216
1743494904.384656,37,-36,204
1743494904.420656,-20,-20,116
1743494904.455656,-2,-5,152
1743494904.490656,-46,39,82
1743494904.5266562,-2,1,184
1743494904.561656,-18,21,154
1743494904.597656,11,-46,59
1743494904.632656,11,29,137
1743494904.668656,-14,65,205
1743494904.703656,65,-20,177
1743494904.738656,-54,1,89
1743494904.774656,-26,39,115
1743494904.809656,50,91,105
1743494904.8456562,36,3,203
1743494904.880656,-1,21,79
1743494904.916656,-25,64,115
1743494904.952656,32,-35,187
1743494904.988656,62,109,89
1743494905.024656,-43,49,85
1743494905.059656,-75,61,73
1743494905.094656,40,-20,303
1743494905.130656,18,-56,77
1743494905.166656,46,121,129
1743494905.201656,-31,35,97
1743494905.237656,-3,-42,67
1743494905.272656,-47,19,109
1743494905.307656,18,7,125
1743494905.342656,-93,-4,35
1743494905.378656,-59,-31,147
1743494905.4146562,-41,-73,217
1743494905.449656,18,18,159
1743494905.485656,-9,-24,65
1743494905.520656,-66,81,111
1743494905.555656,25,3,121
1743494905.590656,-34,57,119
1743494905.626656,-2,-48,-14
1743494905.662656,9,7,239
1743494905.6976562,45,-42,73
1743494905.7336562,19,45,117
1743494905.768656,-18,-26,43
1743494905.803656,19,-6,189
1743494905.838656,15,0,93
1743494905.874656,-10,0,47
1743494905.910656,-6,67,67
1743494905.945656,-10,35,147
1743494905.981656,-2,27,-2
1743494906.0166562,13,31,133
1743494906.051656,10,28,167
1743494906.086656,-111,-29,131
1743494906.122656,7,-87,103
1743494906.158656,5,-17,273
1743494906.193656,19,58,115
1743494906.229656,-30,-73,155
1743494906.264656,27,-19,93
1743494906.2996562,17,6,133
1743494906.334656,21,96,79
1743494906.370656,47,26,107
1743494906.406656,-40,20,75
1743494906.441656,-38,-3,87
1743494906.477656,3,16,-46
1743494906.512656,-12,16,133
1743494906.547656,-20,92,193
1743494906.582656,-18,50,223
1743494906.6186562,71,24,207
1743494906.6546562,-27,16,211
1743494906.689656,-43,-11,147
1743494906.725656,58,-63,166
1743494906.760656,-79,-19,170
1743494906.795656,-45,80,110
1743494906.830656,-19,16,150
1743494906.866656,-23,-45,216
1743494906.902656,-19,2,301
1743494906.9376562,104,-21,233
1743494906.973656,-27,-83,99
1743494907.008656,-31,-29,129
1743494907.043656,38,-93,41
1743494907.078656,-67,-71,205
1743494907.114656,6,-7,25
1743494907.150656,-31,0,237
1743494907.185656,-79,-1,141
1743494907.221656,-59,-45,175
1743494907.2566562,-119,-29,125
1743494907.291656,-11,-43,71
1743494907.326656,10,-29,163
1743494907.362656,-11,-15,217
1743494907.398656,-50,-47,101
1743494907.433656,22,26,95
1743494907.469656,66,-141,175
1743494907.504656,-27,-42,105
1743494907.5396562,80,-16,79
1743494907.574656,-79,-24,219
1743494907.610656,-57,-84,275
1743494907.646656,20,23,46
1743494907.681656,14,-24,124
1743494907.717656,-66,19,183
1743494907.752656,-112,-42,244
1743494907.787656,109,-40,38
1743494907.8226562,-4,7,12
1743494907.8586562,-38,87,138
1743494907.894656,25,-30,26
1743494907.929656,-24,-10,172
1743494907.965656,59,-87,78
1743494908.000656,-104,-26,162
1743494908.035656,-30,-28,138
1743494908.070656,55,19,48
1743494908.106656,-22,-46,122
1743494908.142656,83,69,164
1743494908.177656,57,-78,88
1743494908.213656,-62,-40,126
1743494908.248656,39,9,156
1743494908.283656,-40,-2,254
1743494908.318656,-40,36,115
1743494908.354656,19,-29,133
1743494908.390656,-72,-35,33
1743494908.425656,29,-20,197
1743494908.461656,-40,-22,83
1743494908.496656,9,0,183
1743494908.531656,-40,-38,91
1743494908.566656,-44,34,147
1743494908.602656,25,2,115
1743494908.638656,-37,49,105
1743494908.673656,52,35,151
1743494908.709656,-77,-44,39
1743494908.744656,-52,-68,95
1743494908.7796562,-17,56,93
1743494908.814656,10,0,97
1743494908.850656,8,38,199
1743494908.886656,-66,14,57
1743494908.921656,71,7,151
1743494908.957656,-142,19,29
1743494908.992656,-46,68,155
1743494909.027656,51,44,213
1743494909.0626562,-20,-17,215
1743494909.098656,-60,-31,57
1743494909.134656,26,0,73
1743494909.169656,20,45,61
1743494909.205656,68,25,161
1743494909.240656,-35,-14,39
1743494909.275656,4,-30,103
1743494909.310656,-74,-20,223
1743494909.346656,27,-2,89
1743494909.382656,-19,7,93
1743494909.417656,20,-4,53
1743494909.453656,13,-28,131
1743494909.488656,-56,-33,69
1743494909.523656,23,-15,159
1743494909.558656,0,-27,271
1743494909.594656,-70,-17,49
1743494909.630656,-17,-7,133
1743494909.665656,-25,16,97
1743494909.701656,10,18,127
1743494909.736656,-37,-41,39
1743494909.771656,32,32,115
1743494909.806656,4,34,75
1743494909.849656,40,38,183
1743494909.886656,72,-64,109
1743494909.921656,-21,19,75
1743494909.957656,0,0,165
1743494909.992656,62,29,69
1743494910.027656,-61,-14,83
1743494910.0626562,67,1,69
1743494910.098656,-10,67,139
1743494910.134656,43,3,132
1743494910.169656,15,7,112
1743494910.205656,-28,33,118
1743494910.240656,-101,37,130
1743494910.275656,26,-36,108
1743494910.310656,-43,-10,22
1743494910.346656,52,17,174
1743494910.382656,-9,-52,256
1743494910.417656,42,-36,85
1743494910.453656,0,21,99
1743494910.488656,36,-23,35
1743494910.523656,0,-31,205
1743494910.558656,18,20,-20
1743494910.594656,-65,42,140
1743494910.630656,-12,-11,123
1743494910.665656,15,-1,266
1743494910.701656,-48,-65,90
1743494910.736656,0,-13,104
1743494910.771656,27,58,106
1743494910.806656,-41,32,56
1743494910.842656,23,82,154
1743494910.878656,40,-5,104
1743494910.913656,8,22,96
1743494910.949656,16,-55,226
1743494910.984656,-61,26,102
1743494911.019656,10,-47,262
1743494911.055656,55,-21,52
1743494911.090656,-16,-45,60
1743494911.126656,4,62,108
1743494911.161656,37,-17,94
1743494911.1976562,-56,-3,24
1743494911.232656,37,56,16
1743494911.267656,-64,-45,120
1743494911.303656,13,-15,188
1743494911.338656,-12,-63,198
1743494911.374656,3,4,16
1743494911.409656,57,30,70
1743494911.445656,-36,-19,46
1743494911.480656,23,34,184
1743494911.515656,21,14,88
1743494911.551656,7,2,76
1743494911.586656,-58,-83,96
1743494911.622656,-26,38,264
1743494911.657656,49,38,158
1743494911.693656,-46,-27,162
1743494911.728656,-39,-33,174
1743494911.763656,8,14,228
1743494911.7996562,44,10,74
1743494911.834656,38,-33,90
1743494911.870656,12,-3,92
1743494911.905656,16,20,98
1743494911.941656,34,-33,234
1743494911.976656,6,-47,208
1743494912.011656,-5,2,68
1743494912.047656,59,52,138
1743494912.082656,-37,-15,168
1743494912.1186562,20,12,174
1743494912.153656,36,-5,134
1743494912.189656,33,-95,248
1743494912.224656,-55,-37,78
1743494912.259656,-33,-7,220
1743494912.295656,-71,-1,162
1743494912.330656,12,38,192
1743494912.366656,-16,60,212
1743494912.4016562,15,-33,102
1743494912.4376562,-1,10,82
1743494912.472656,2,-37,74
1743494912.507656,72,34,156
1743494912.543656,53,-3,138
1743494912.578656,-38,-1,152
1743494912.614656,75,-29,106
1743494912.649656,29,42,50
1743494912.685656,-59,54,72
1743494912.7206562,-28,28,168
1743494912.755656,-46,-7,100
1743494912.791656,-4,-53,86
1743494912.826656,-77,-47,196
1743494912.862656,48,-53,36
1743494912.897656,34,-1,76
1743494912.933656,24,40,192
1743494912.968656,-65,-7,112
1743494913.003656,-27,46,142
1743494913.0396562,23,16,188
1743494913.074656,35,-77,152
1743494913.110656,29,-43,213
1743494913.145656,-52,14,31
1743494913.181656,12,80,167
1743494913.216656,34,36,175
1743494913.251656,22,-41,195
1743494913.287656,51,-53,109
1743494913.3226562,72,-7,121
1743494913.3586562,44,-45,31
1743494913.393656,10,-3,163
1743494913.429656,-11,20,43
1743494913.464656,16,-101,113
1743494913.499656,29,-87,155
1743494913.535656,-18,18,163
1743494913.570656,-20,-14,243
1743494913.606656,15,-4,211
1743494913.6416562,-18,37,77
1743494913.677656,13,75,207
1743494913.712656,-25,0,85
1743494913.747656,-23,9,139
1743494913.783656,-41,-38,47
1743494913.818656,-33,-64,31
1743494913.854656,25,-8,139
1743494913.889656,70,-6,198
1743494913.925656,-31,1,135
1743494913.9606562,9,17,236
1743494913.995656,-43,69,34
1743494914.031656,-87,37,122
1743494914.066656,19,23,206
1743494914.102656,33,9,153
1743494914.137656,-67,-8,78
1743494914.173656,6,-3,132
1743494914.208656,-39,-36,134
1743494914.2436562,-27,-28,144
1743494914.2796562,4,-20,90
1743494914.314656,-69,-4,58
1743494914.350656,-23,67,4
1743494914.385656,-37,129,130
1743494914.421656,14,9,156
1743494914.457656,-8,23,52
1743494914.4936562,21,29,262
1743494914.5296562,28,-34,108
1743494914.565656,-15,-18,164
1743494914.601656,-17,33,138
1743494914.636656,18,-36,174
1743494914.671656,8,11,176
1743494914.707656,52,15,166
1743494914.7436562,51,-19,188
1743494914.778656,-73,-16,100
1743494914.814656,58,61,122
1743494914.849656,-70,12,110
1743494914.884656,-1,-20,129
1743494914.919656,39,-9,102
1743494914.955656,-53,2,195
1743494914.991656,-91,74,237
1743494915.0266562,-19,-39,179
1743494915.0626562,-3,29,129
1743494915.097656,-7,10,157
1743494915.132656,-3,42,84
1743494915.167656,-91,8,96
1743494915.203656,46,-11,98
1743494915.239656,16,44,274
1743494915.274656,124,0,142
1743494915.310656,-1,8,224
1743494915.3456562,36,12,177
1743494915.380656,54,20,164
1743494915.415656,50,70,224
1743494915.451656,94,-41,43
1743494915.487656,12,-19,101
1743494915.522656,50,-11,115
1743494915.558656,-59,-3,141
1743494915.593656,0,8,104
1743494915.628656,0,10,-15
1743494915.663656,-18,22,198
1743494915.699656,-72,-51,190
1743494915.735656,19,22,84
1743494915.770656,72,-9,180
1743494915.806656,-9,-21,188
1743494915.841656,-29,60,46
1743494915.876656,-83,22,112
1743494915.911656,-89,2,58
1743494915.9476562,-31,-33,80
1743494915.9836562,6,-27,152
1743494916.018656,-17,-31,134
1743494916.054656,114,-31,96
1743494916.089656,16,40,182
1743494916.124656,-75,-41,160
1743494916.159656,26,2,-33
1743494916.195656,-81,-21,42
1743494916.231656,-71,-43,112
1743494916.2666562,-35,6,68
1743494916.302656,-15,-11,146
1743494916.337656,-11,18,164
1743494916.372656,90,6,164
1743494916.407656,39,-15,172
1743494916.443656,33,-56,242
1743494916.479656,-71,-33,-11
1743494916.514656,-113,-3,152
1743494916.550656,58,-81,156
1743494916.5856562,28,16,142
1743494916.620656,34,36,76
1743494916.655656,44,-63,102
1743494916.691656,46,-15,178
1743494916.727656,-49,15,50
1743494916.762656,-39,29,106
1743494916.798656,27,-27,170
1743494916.833656,96,-31,40
1743494916.8686562,14,-37,130
1743494916.903656,88,-7,98
1743494916.939656,-57,2,110
1743494916.975656,6,-39,104
1743494917.010656,44,-49,184
1743494917.046656,12,-71,180
1743494917.081656,130,20,242
1743494917.116656,0,36,4
1743494917.1516562,4,14,120
1743494917.1876562,42,-105,100
1743494917.223656,-29,76,218
1743494917.258656,2,-47,90
1743494917.294656,-92,-11,150
1743494917.329656,5,-17,182
1743494917.364656,19,-21,86
1743494917.399656,-56,-41,154
1743494917.435656,13,-1,174
1743494917.471656,-34,40,106
1743494917.5066562,23,46,130
1743494917.542656,23,20,166
1743494917.577656,-38,-35,118
1743494917.612656,31,14,62
1743494917.647656,-70,66,128
1743494917.683656,-40,-21,104
1743494917.719656,-6,-51,8
1743494917.754656,-2,20,82
1743494917.790656,-36,86,84
1743494917.825656,0,32,132
1743494917.860656,0,-19,248
1743494917.895656,22,6,136
1743494917.931656,-16,-1,96
1743494917.967656,-35,16,154
1743494918.002656,-27,112,120
1743494918.038656,-26,12,254
1743494918.073656,-62,-5,48
1743494918.1086562,-41,-51,214
1743494918.143656,-36,-9,208
1743494918.179656,52,4,118
1743494918.215656,2,-35,142
1743494918.250656,56,-25,130
1743494918.286656,-24,-13,178
1743494918.321656,45,23,106
1743494918.356656,12,11,148
1743494918.3916562,44,45,42
1743494918.427656,2,11,116
1743494918.463656,-17,1,128
1743494918.498656,-25,-22,162
1743494918.534656,4,61,193
1743494918.569656,44,70,223
1743494918.604656,-73,17,137
1743494918.639656,26,-12,133
1743494918.675656,28,75,66
1743494918.711656,-22,41,202
1743494918.746656,19,33,67
1743494918.782656,-106,95,34
1743494918.817656,17,-77,73
1743494918.852656,25,-9,94
1743494918.887656,11,-19,123
1743494918.923656,-36,-22,119
1743494918.959656,9,-2,140
1743494918.994656,-28,33,54
1743494919.030656,-18,17,56
1743494919.065656,-44,31,220
1743494919.100656,-22,5,46
1743494919.135656,41,-30,162
1743494919.171656,38,9,112
1743494919.207656,-39,63,68
1743494919.242656,6,24,50
1743494919.278656,-13,6,162
1743494919.313656,26,7,32
1743494919.348656,12,24,186
1743494919.383656,17,50,246
1743494919.419656,-2,-19,102
1743494919.455656,71,2,240
1743494919.490656,61,8,110
1743494919.5266562,39,-16,152
1743494919.561656,-34,67,170
1743494919.596656,-26,35,208
1743494919.6316562,-98,41,178
1743494919.667656,-20,4,150
1743494919.703656,21,30,132
1743494919.738656,-20,-41,16
1743494919.774656,-30,26,120
1743494919.809656,35,-59,214
1743494919.851656,-52,20,96
1743494919.887656,-32,-21,102
1743494919.923656,16,-13,186
1743494919.959656,-5,82,286
1743494919.994656,7,-95,210
1743494920.030656,-42,-9,38
1743494920.065656,47,22,216
1743494920.100656,-62,10,48
1743494920.135656,-92,-35,186
1743494920.171656,-30,-3,232
1743494920.207656,15,-24,40
1743494920.242656,11,52,120
1743494920.278656,63,64,128
1743494920.313656,87,-7,88
1743494920.348656,-10,2,142
1743494920.383656,57,26,202
1743494920.419656,-37,-33,214
1743494920.455656,-3,-28,106
1743494920.490656,4,94,92
1743494920.5266562,20,-27,136
1743494920.561656,-53,-55,56
1743494920.596656,38,12,106
1743494920.632656,72,46,108
1743494920.667656,-11,-9,172
1743494920.703656,-17,116,126
1743494920.738656,-13,-31,116
1743494920.774656,26,-11,198
1743494920.809656,-83,102,194
1743494920.844656,38,-10,118
1743494920.880656,18,101,-19
1743494920.915656,-36,-39,152
1743494920.951656,35,-29,219
1743494920.986656,-29,-31,108
1743494921.022656,-26,0,206
1743494921.057656,43,-25,191
1743494921.092656,64,-47,143
1743494921.128656,21,-27,121
1743494921.163656,63,18,177
1743494921.199656,25,-81,71
1743494921.234656,-50,-77,135
1743494921.270656,-24,-21,113
1743494921.305656,49,28,107
1743494921.340656,21,8,79
1743494921.376656,16,-47,153
1743494921.411656,54,-41,203
1743494921.4476562,48,-15,151
1743494921.482656,44,-29,239
1743494921.518656,45,-31,191
1743494921.553656,-93,58,85
1743494921.588656,103,52,141
1743494921.624656,-78,8,155
1743494921.659656,19,-3,257
1743494921.695656,-50,-5,113
1743494921.730656,-82,16,17
1743494921.7666562,43,36,185
1743494921.801656,37,-15,181
1743494921.836656,9,-21,81
1743494921.872656,0,-5,147
1743494921.907656,-34,52,111
1743494921.943656,19,12,213
1743494921.978656,-26,4,177
1743494922.014656,83,-10,167
1743494922.0496562,-36,-20,155
1743494922.084656,3,-4,183
1743494922.120656,-38,31,173
1743494922.155656,39,33,73
1743494922.191656,13,-62,69
1743494922.226656,-74,-28,17
1743494922.262656,9,-3,77
1743494922.297656,105,-48,73
1743494922.332656,-74,0,167
1743494922.3686562,61,-16,3
1743494922.403656,0,-6,251
1743494922.439656,6,-2,125
1743494922.474656,-1,-22,107
1743494922.510656,-15,2,71
1743494922.545656,66,5,217
1743494922.580656,33,-64,119
1743494922.616656,27,-8,269
1743494922.6516562,19,5,289
1743494922.6876562,29,13,85
1743494922.722656,29,41,121
1743494922.758656,-40,-8,105
1743494922.793656,-4,-32,137
1743494922.828656,-82,27,251
1743494922.864656,21,-46,159
1743494922.899656,9,-6,202
1743494922.935656,-6,-20,192
1743494922.9706562,-42,-6,184
1743494923.0066562,11,-64,155
1743494923.041656,85,25,178
1743494923.076656,-30,-56,159
1743494923.112656,53,-57,125
1743494923.147656,-16,54,67
1743494923.183656,-62,-57,105
1743494923.218656,-30,-41,186
1743494923.254656,-14,-31,116
1743494923.2896562,-21,-33,109
1743494923.324656,20,-3,205
1743494923.360656,-9,42,43
1743494923.395656,-5,24,143
1743494923.431656,46,81,233
1743494923.466656,-17,-9,87
1743494923.502656,0,-3,238
1743494923.537656,34,42,182
1743494923.5726562,44,38,200
1743494923.6086562,100,-23,14
1743494923.643656,72,30,98
1743494923.679656,-55,-15,206
1743494923.714656,-6,-11,66
1743494923.750656,-68,-19,88
1743494923.785656,19,26,76
1743494923.820656,29,-33,126
1743494923.856656,11,-25,202
1743494923.8916562,-80,36,16
1743494923.927656,5,43,54
1743494923.962656,51,47,194
1743494923.998656,-50,11,80
1743494924.034656,39,7,26
1743494924.070656,-66,-53,170
1743494924.106656,-58,-16,79
1743494924.1416562,25,53,147
1743494924.176656,42,-22,155
1743494924.212656,-31,5,77
1743494924.248656,-4,65,103
1743494924.283656,-15,25,261
1743494924.319656,-21,-28,55
1743494924.354656,-13,37,150
1743494924.389656,-13,5,159
1743494924.4246562,62,-38,245
1743494924.4606562,-9,33,91
1743494924.496656,-25,-34,71
1743494924.531656,88,61,111
1743494924.567656,-5,-2,115
1743494924.602656,18,-32,165
1743494924.637656,-23,-36,173
1743494924.672656,-19,-26,243
1743494924.708656,-1,-14,255
1743494924.744656,-5,-34,143
1743494924.7796562,-67,33,173
1743494924.815656,-15,-3,249
1743494924.850656,-29,-16,183
1743494924.885656,46,46,127
1743494924.920656,-37,-3,143
1743494924.956656,12,22,237
1743494924.992656,-9,-55,49
1743494925.027656,-75,14,133
1743494925.063656,-7,-24,15
1743494925.098656,-13,-32,151
1743494925.133656,22,39,175
1743494925.168656,2,29,19
1743494925.204656,86,-74,145
1743494925.240656,-3,23,113
1743494925.275656,46,68,135
1743494925.311656,86,54,167
1743494925.346656,60,-8,147
1743494925.3816562,-29,-48,121
1743494925.416656,-49,11,87
1743494925.452656,-40,0,197
1743494925.488656,73,-2,173
1743494925.523656,-46,-4,155
1743494925.559656,-21,-24,173
1743494925.594656,36,-13,123
1743494925.629656,-77,58,129
1743494925.6646562,14,-25,177
1743494925.700656,-11,-42,87
1743494925.736656,-47,-22,192
1743494925.771656,-43,-42,83
1743494925.807656,-17,0,-77
1743494925.842656,-7,30,231
1743494925.877656,4,-34,129
1743494925.912656,-21,-37,154
1743494925.948656,20,19,224
1743494925.984656,94,18,24
1743494926.019656,22,-10,154
1743494926.055656,20,-70,186
1743494926.090656,80,0,46
1743494926.125656,-18,-39,134
1743494926.160656,-54,-9,140
1743494926.196656,21,-21,146
1743494926.232656,14,-73,176
1743494926.267656,-11,-9,100
1743494926.303656,22,-81,78
1743494926.338656,-53,26,74
1743494926.373656,-43,34,208
1743494926.408656,-39,-23,182
1743494926.444656,-1,36,28
1743494926.480656,91,-33,106
1743494926.515656,-25,14,140
1743494926.551656,-13,50,136
1743494926.586656,12,38,100
1743494926.621656,58,0,84
1743494926.656656,-21,0,106
1743494926.692656,20,36,94
1743494926.728656,-1,-25,116
1743494926.763656,16,-35,118
1743494926.7996562,-2,-72,230
1743494926.834656,-26,0,26
1743494926.869656,39,44,130
1743494926.9046562,-17,-33,162
1743494926.940656,108,-5,82
1743494926.976656,12,-39,188
1743494927.011656,-5,16,182
1743494927.047656,72,30,174
1743494927.082656,-73,-27,154
1743494927.117656,30,2,232
1743494927.152656,-31,-83,124
1743494927.188656,-89,78,136
1743494927.224656,-29,-17,70
1743494927.259656,36,-41,106
1743494927.295656,-7,26,72
1743494927.330656,-11,-49,172
1743494927.365656,4,26,170
1743494927.400656,-33,18,124
1743494927.436656,-27,88,290
1743494927.472656,44,38,128
1743494927.507656,-61,-51,92
1743494927.543656,16,-59,20
1743494927.578656,-63,126,60
1743494927.613656,10,48,152
1743494927.648656,22,-11,202
1743494927.684656,-13,-23,116
1743494927.7206562,44,-47,186
1743494927.755656,39,54,114
1743494927.791656,0,-13,98
1743494927.826656,5,-107,100
1743494927.861656,-23,-1,198
1743494927.896656,-47,4,190
1743494927.932656,24,-9,194
1743494927.968656,-27,-1,150
1743494928.003656,-55,-9,138
1743494928.0396562,28,13,206
1743494928.074656,139,61,76
1743494928.109656,-32,13,50
1743494928.144656,45,-32,210
1743494928.180656,-6,-54,164
1743494928.216656,-66,23,60
1743494928.251656,-48,13,152
1743494928.287656,-54,-38,96
1743494928.3226562,22,22,80
1743494928.357656,-11,8,90
1743494928.392656,53,6,152
1743494928.428656,-40,-38,196
1743494928.464656,-22,42,136
1743494928.499656,-58,-71,122
1743494928.535656,0,-19,157
1743494928.570656,7,-33,174
1743494928.605656,41,-65,247
1743494928.640656,-38,-64,185
1743494928.676656,-26,-24,229
1743494928.712656,59,-32,147
1743494928.747656,-58,-52,29
1743494928.783656,3,-18,41
1743494928.818656,29,57,-18
1743494928.853656,0,15,53
1743494928.888656,-112,-8,139
1743494928.9246562,43,19,188
1743494928.9606562,-58,-6,65
1743494928.995656,-36,-44,35
1743494929.031656,-10,55,152
1743494929.066656,35,-6,36
1743494929.101656,-4,-94,130
1743494929.136656,-46,-12,150
1743494929.172656,-12,-24,138
1743494929.208656,9,15,134
1743494929.2436562,23,-118,18
1743494929.2796562,42,-44,92
1743494929.314656,-47,-82,218
1743494929.349656,-33,39,262
1743494929.384656,10,-32,12
1743494929.420656,-75,65,242
1743494929.456656,6,-4,118
1743494929.491656,-113,-73,104
1743494929.527656,-35,16,134
1743494929.5626562,59,67,12
1743494929.597656,-74,-50,42
1743494929.632656,77,-4,116
1743494929.668656,53,-37,190
1743494929.704656,11,-23,80
1743494929.739656,0,-7,168
1743494929.775656,-4,-93,250
1743494929.810656,49,-97,34
1743494929.852656,-46,-20,140
1743494929.888656,-11,-11,210
1743494929.9246562,3,-27,122
1743494929.9606562,-24,16,202
1743494929.995656,55,52,230
1743494930.031656,-34,4,194
1743494930.066656,3,-1,120
1743494930.101656,41,-49,192
1743494930.136656,16,76,-5
1743494930.172656,-5,-15,198
1743494930.208656,104,-43,116
1743494930.2436562,103,52,204
1743494930.2796562,6,-59,226
1743494930.314656,26,-17,212
1743494930.349656,46,-69,142
1743494930.385656,-82,-55,184
1743494930.420656,16,-25,34
1743494930.456656,18,18,76
1743494930.491656,-63,-73,166
1743494930.527656,-49,-27,76
1743494930.5626562,-35,18,120
1743494930.597656,82,-37,136
1743494930.633656,-57,-13,142
1743494930.668656,32,-7,118
1743494930.704656,-19,-29,112
1743494930.739656,-33,6,136
1743494930.775656,4,-22,142
1743494930.810656,-63,79,168
1743494930.8456562,82,19,104
1743494930.8816562,72,87,54
1743494930.916656,-71,-95,154
1743494930.952656,8,18,96
1743494930.987656,50,10,126
1743494931.023656,2,-67,234
1743494931.058656,-39,24,266
1743494931.093656,-5,20,192
1743494931.129656,12,-45,248
1743494931.1646562,-35,37,80
1743494931.200656,-1,28,138
1743494931.235656,-5,-39,190
1743494931.271656,22,-55,114
1743494931.306656,-75,-51,160
1743494931.341656,56,-25,100
1743494931.377656,-89,0,86
1743494931.412656,6,28,156
1743494931.448656,36,-1,152
1743494931.4836562,-59,16,166
1743494931.520656,-53,-95,244
1743494931.555656,118,46,102
1743494931.591656,4,86,14
1743494931.626656,42,-49,136
1743494931.661656,4,-7,214
1743494931.6976562,-29,-37,138
1743494931.732656,104,3,112
1743494931.768656,8,48,140
1743494931.803656,-25,-27,164
1743494931.839656,-97,-33,158
1743494931.874656,-22,0,142
1743494931.909656,-38,31,118
1743494931.945656,-17,-65,73
1743494931.980656,46,-13,139
1743494932.0166562,-141,40,131
1743494932.051656,2,28,107
1743494932.087656,3,20,203
1743494932.122656,-34,-23,165
1743494932.157656,-12,0,67
1743494932.193656,-12,30,169
1743494932.228656,39,-35,143
1743494932.264656,-54,12,65
1743494932.2996562,19,-5,65
1743494932.3356562,1,-21,179
1743494932.370656,87,32,145
1743494932.405656,0,-17,21
1743494932.441656,51,-18,67
1743494932.476656,-20,-67,77
1743494932.512656,21,-14,31
1743494932.547656,29,18,47
1743494932.583656,65,28,297
1743494932.6186562,-28,-36,235
1743494932.653656,27,-22,167
1743494932.689656,-30,-6,169
1743494932.724656,-54,5,127
1743494932.760656,-48,19,25
1743494932.795656,-18,5,111
1743494932.831656,27,21,211
1743494932.866656,15,-36,129
1743494932.9016562,23,-48,261
1743494932.9376562,-6,101,171
1743494932.972656,17,-18,179
1743494933.008656,39,31,113
1743494933.043656,-10,25,111
1743494933.079656,19,-30,225
1743494933.114656,-74,-11,224
1743494933.149656,45,-71,207
1743494933.185656,-30,14,177
1743494933.2206562,63,49,219
1743494933.2566562,-38,-8,113
1743494933.291656,-24,-34,29
1743494933.327656,79,118,91
1743494933.362656,-64,-7,191
1743494933.397656,7,8,99
1743494933.433656,-48,-79,59
1743494933.468656,-40,12,199
1743494933.504656,55,-95,203
1743494933.5396562,0,-39,131
1743494933.574656,55,16,101
1743494933.609656,49,-46,129
1743494933.645656,-14,-14,155
1743494933.681656,73,-43,73
1743494933.716656,-10,34,63
1743494933.752656,43,26,87
1743494933.787656,-26,32,117
1743494933.8226562,23,-99,247
1743494933.857656,-10,-49,201
1743494933.893656,-2,-57,125
1743494933.929656,-17,-35,158
1743494933.964656,-3,46,156
1743494934.000656,-115,-55,152
1743494934.035656,21,21,136
1743494934.070656,48,46,176
1743494934.105656,0,-33,106
1743494934.1416562,70,0,60
1743494934.177656,-37,-23,134
1743494934.212656,-35,-33,196
1743494934.248656,6,44,60
1743494934.283656,-17,8,124
1743494934.318656,0,36,54
1743494934.353656,-33,-1,-1
1743494934.389656,-29,-11,166
1743494934.425656,-29,4,104
1743494934.4606562,30,12,132
1743494934.496656,-40,27,148
1743494934.531656,-14,-48,238
1743494934.566656,-20,-38,190
1743494934.601656,-58,-26,80
1743494934.637656,23,15,94
1743494934.673656,43,65,138
1743494934.708656,-21,-30,98
1743494934.744656,26,-63,140
1743494934.7796562,82,-19,142
1743494934.814656,-18,-8,118
1743494934.849656,37,-92,42
1743494934.885656,-86,-78,118
1743494934.921656,47,-10,172
1743494934.956656,11,-74,84
1743494934.992656,0,-52,208
1743494935.027656,9,-56,84
1743494935.0626562,-66,-8,90
1743494935.097656,-64,-18,214
1743494935.133656,75,-16,230
1743494935.169656,87,27,172
1743494935.204656,-18,-20,166
1743494935.240656,9,1,42
1743494935.275656,0,23,96
1743494935.310656,75,-56,-7
1743494935.3456562,-28,55,106
1743494935.3816562,28,-23,86
1743494935.417656,-106,-28,110
1743494935.452656,38,12,150
1743494935.488656,9,-46,160
1743494935.523656,59,-16,146
1743494935.558656,-68,3,136
1743494935.593656,-28,-74,26
1743494935.629656,-36,31,136
1743494935.665656,-46,-2,118
1743494935.700656,-46,-8,116
1743494935.736656,3,-36,122
1743494935.771656,0,3,86
1743494935.806656,-28,45,78
1743494935.841656,-2,3,34
1743494935.877656,-60,13,164
1743494935.913656,73,23,116
1743494935.948656,7,3,246
1743494935.984656,-4,-28,230
1743494936.019656,75,-24,150
1743494936.054656,103,-48,-3
1743494936.089656,19,-34,90
1743494936.125656,11,5,120
1743494936.161656,-30,-28,154
1743494936.196656,19,17,180
1743494936.232656,-32,-1,240
1743494936.267656,33,34,204
1743494936.302656,21,30,240
1743494936.337656,9,6,64
1743494936.373656,47,13,68
1743494936.409656,-28,29,138
1743494936.444656,45,-30,157
1743494936.480656,-10,63,125
1743494936.515656,-52,7,63
1743494936.550656,25,1,15
1743494936.5856562,0,38,195
1743494936.621656,-3,10,143
1743494936.657656,-37,48,139
1743494936.692656,-9,-51,89
1743494936.728656,-5,20,197
1743494936.763656,-11,-13,33
1743494936.798656,58,-51,135
1743494936.833656,7,-37,87
1743494936.869656,-48,56,183
1743494936.905656,-62,-47,103
1743494936.940656,52,62,115
1743494936.976656,31,-27,121
1743494937.011656,0,-57,129
1743494937.046656,2,-27,115
1743494937.081656,-31,-15,137
1743494937.117656,4,18,214
1743494937.153656,4,46,141
1743494937.188656,-31,-13,145
1743494937.224656,-9,-7,163
1743494937.259656,50,-67,125
1743494937.294656,-49,-13,211
1743494937.329656,6,118,285
1743494937.365656,-3,-11,76
1743494937.4016562,40,42,152
1743494937.436656,47,42,82
1743494937.472656,9,-1,122
1743494937.507656,13,-1,153
1743494937.542656,59,-10,146
1743494937.577656,-74,0,4
1743494937.613656,-12,37,171
1743494937.649656,-30,-16,49
1743494937.684656,51,5,114
1743494937.7206562,-28,-88,204
1743494937.755656,-20,43,114
1743494937.790656,-43,-24,212
1743494937.825656,-47,-8,-31
1743494937.861656,38,-14,92
1743494937.897656,-24,9,234
1743494937.932656,-104,-10,198
1743494937.968656,-22,-58,144
1743494938.003656,-6,61,76
1743494938.038656,-8,61,62
1743494938.073656,63,48,107
1743494938.109656,-64,15,135
1743494938.145656,69,-90,33
1743494938.180656,-26,-42,197
1743494938.216656,-59,-33,305
1743494938.251656,-28,16,55
1743494938.286656,49,-57,149
1743494938.321656,-2,32,285
1743494938.357656,0,-1,177
1743494938.393656,5,0,236
1743494938.428656,-18,-57,85
1743494938.464656,19,32,56
1743494938.499656,-28,24,118
1743494938.534656,29,-12,150
1743494938.569656,-11,-52,200
1743494938.605656,28,-45,134
1743494938.6416562,-9,-1,76
1743494938.676656,0,34,160
1743494938.712656,34,-49,174
1743494938.747656,-1,-9,-11
1743494938.782656,-41,12,162
1743494938.817656,-9,28,-29
1743494938.853656,-23,60,104
1743494938.889656,20,-25,152
1743494938.9246562,47,-25,122
1743494938.9606562,53,-23,96
1743494938.995656,-69,12,148
1743494939.030656,-79,14,174
1743494939.065656,-15,-5,174
1743494939.101656,-69,-7,154
1743494939.137656,68,89,158
1743494939.172656,12,-37,110
1743494939.208656,-3,76,132
1743494939.2436562,-51,-15,152
1743494939.278656,60,42,194
1743494939.313656,-23,-13,98
1743494939.349656,-41,-23,62
1743494939.385656,0,-64,80
1743494939.420656,70,-57,162
1743494939.456656,-7,24,102
1743494939.491656,4,-43,158
1743494939.5266562,-53,16,106
1743494939.561656,-1,22,250
1743494939.597656,-83,-45,187
1743494939.633656,94,-59,107
1743494939.668656,22,-19,174
1743494939.704656,-49,-37,136
1743494939.739656,-23,-43,30
1743494939.774656,-15,44,106
1743494939.810656,6,18,44
1743494939.8456562,-3,35,182
1743494939.888656,30,-36,102
1743494939.9246562,52,-1,76
1743494939.9606562,-21,46,104
1743494939.995656,18,36,122
1743494940.030656,-37,8,182
1743494940.066656,52,-40,76
1743494940.101656,-27,13,166
1743494940.137656,86,-62,106
1743494940.172656,-9,16,102
1743494940.208656,20,77,124
1743494940.2436562,-1,47,118
1743494940.278656,8,68,90
1743494940.314656,-45,-88,136
1743494940.349656,-9,-59,130
1743494940.385656,-8,28,124
1743494940.420656,47,59,134
1743494940.456656,65,-34,146
1743494940.491656,57,-64,74
1743494940.5266562,-30,90,148
1743494940.5626562,-62,18,86
1743494940.597656,25,150,74
1743494940.633656,13,63,134
1743494940.668656,-4,-28,172
1743494940.704656,-40,-24,106
1743494940.739656,-32,-10,136
1743494940.774656,-16,-79,132
1743494940.810656,76,-29,56
1743494940.8456562,92,-78,154
1743494940.8816562,100,-24,202
1743494940.916656,-61,6,109
1743494940.952656,34,2,176
1743494940.987656,-19,-22,123
1743494941.022656,46,-1,115
1743494941.058656,94,-67,77
1743494941.093656,66,-73,121
1743494941.129656,-93,-24,269
1743494941.1646562,-11,-80,147
1743494941.200656,-25,-36,191
1743494941.235656,85,-4,95
1743494941.270656,51,33,107
1743494941.306656,-31,-4,143
1743494941.341656,27,3,137
1743494941.377656,1,-55,57
1743494941.412656,64,2,95
1743494941.448656,-28,-26,133
1743494941.4836562,51,-44,153
1743494941.518656,29,53,141
1743494941.554656,11,-59,125
1743494941.589656,-39,11,159
1743494941.625656,19,27,207
1743494941.660656,19,-28,135
1743494941.696656,-10,33,115
1743494941.731656,-56,21,81
1743494941.7666562,17,17,105
1743494941.802656,-44,18,197
1743494941.837656,47,0,33
1743494941.873656,-118,28,123
1743494941.908656,1,-51,67
1743494941.944656,-128,-11,75
1743494941.979656,7,78,111
1743494942.014656,0,-73,245
1743494942.050656,99,-12,5
1743494942.0856562,37,37,99
1743494942.121656,-40,-16,101
1743494942.156656,-42,1,83
1743494942.192656,-37,-74,149
1743494942.227656,-109,19,155
1743494942.262656,5,-14,65
1743494942.298656,24,-12,162
1743494942.333656,-53,-80,60
1743494942.369656,40,57,76
1743494942.4046562,16,-30,76
1743494942.440656,-26,0,222
1743494942.475656,-60,33,164
1743494942.510656,63,-26,108
1743494942.546656,65,9,102
1743494942.581656,27,-27,298
1743494942.617656,-36,-24,140
1743494942.652656,-28,10,124
1743494942.688656,49,30,109
1743494942.723656,13,40,58
1743494942.758656,-52,16,168
1743494942.794656,-22,28,134
1743494942.829656,27,-36,230
1743494942.865656,81,65,77
1743494942.900656,-46,-37,-6
1743494942.936656,81,59,141
1743494942.971656,1,-38,298
1743494943.0066562,-12,29,126
1743494943.042656,-38,45,53
1743494943.077656,57,-44,297
1743494943.113656,7,16,89
1743494943.148656,7,-33,139
1743494943.184656,-38,-43,77
1743494943.219656,-20,86,166
1743494943.254656,-38,20,18
1743494943.290656,1,-17,140
1743494943.325656,-40,12,173
1743494943.361656,-88,40,314
1743494943.396656,-36,-3,75
1743494943.431656,-28,-55,165
1743494943.466656,57,-41,177
1743494943.502656,-36,-33,185
1743494943.538656,53,-13,103
1743494943.573656,5,28,31
1743494943.609656,-116,-59,55
1743494943.644656,21,-15,105
1743494943.679656,56,-39,125
1743494943.714656,-11,42,63
1743494943.750656,-17,-7,151
1743494943.786656,-11,-47,245
1743494943.821656,-3,-7,127
1743494943.857656,45,-21,175
1743494943.892656,-66,0,-20
1743494943.927656,-39,24,127
1743494943.962656,4,22,149
1743494943.998656,42,-47,281
1743494944.034656,17,-27,69
1743494944.069656,-3,-131,39
1743494944.105656,-28,-25,169
1743494944.140656,51,-1,167
1743494944.175656,103,10,69
1743494944.2106562,21,-17,105
1743494944.246656,67,-3,-26
1743494944.282656,-36,16,119
1743494944.317656,-16,-15,171
1743494944.353656,-31,0,241
1743494944.388656,-9,-11,229
1743494944.423656,10,-17,89
1743494944.458656,26,-13,117
1743494944.494656,34,-27,203
1743494944.530656,-13,52,207
1743494944.565656,42,52,111
1743494944.601656,-65,-77,175
1743494944.636656,24,40,145
1743494944.671656,-77,54,77
1743494944.706656,36,76,155
1743494944.742656,-25,-25,75
1743494944.778656,-44,45,65
1743494944.813656,8,-17,161
1743494944.849656,16,-21,181
1743494944.884656,78,-37,249
1743494944.919656,32,4,-12
1743494944.954656,22,-29,177
1743494944.990656,45,-13,213
1743494945.0266562,-20,-5,49
1743494945.061656,13,18,177
1743494945.097656,19,4,77
1743494945.132656,49,-45,145
1743494945.167656,-10,44,143
1743494945.202656,51,42,273
1743494945.238656,77,-18,155
1743494945.274656,7,47,159
1743494945.309656,-22,-22,51
1743494945.3456562,9,11,145
1743494945.380656,48,-28,73
1743494945.415656,-57,-4,83
1743494945.450656,71,-28,69
1743494945.486656,-18,3,135
1743494945.522656,-5,-47,273
1743494945.557656,65,-56,79
1743494945.593656,3,61,43
1743494945.628656,-44,65,89
1743494945.663656,51,41,157
1743494945.698656,63,77,51
1743494945.734656,95,73,167
1743494945.770656,9,57,67
1743494945.805656,-72,-12,169
1743494945.841656,101,-18,137
1743494945.876656,21,-13,193
1743494945.911656,15,37,187
1743494945.946656,29,-60,149
1743494945.982656,4,-6,171
1743494946.018656,58,-62,147
1743494946.053656,-100,0,45
1743494946.089656,-42,-22,147
1743494946.124656,-40,-26,145
1743494946.159656,-44,37,105
1743494946.194656,-6,-44,159
1743494946.230656,58,-16,141
1743494946.2666562,51,-6,177
1743494946.301656,-25,-56,129
1743494946.337656,-6,-74,137
1743494946.372656,-56,63,237
1743494946.407656,-14,-39,289
1743494946.442656,-14,32,269
1743494946.478656,2,17,111
1743494946.514656,44,81,169
1743494946.5496562,0,8,263
1743494946.5856562,-69,0,153
1743494946.620656,-63,0,161
1743494946.655656,-1,-39,47
1743494946.690656,-43,-17,157
1743494946.726656,8,-37,199
1743494946.762656,-49,34,113
1743494946.797656,-27,38,111
1743494946.833656,44,-6,-2
1743494946.8686562,34,-18,139
1743494946.903656,14,-29,163
1743494946.938656,0,68,123
1743494946.974656,20,-1,187
1743494947.010656,36,-35,55
1743494947.045656,-27,68,31
1743494947.081656,-29,40,133
1743494947.116656,21,14,137
1743494947.1516562,57,-9,157
1743494947.186656,-49,26,127
1743494947.222656,80,12,157
1743494947.258656,46,20,89
1743494947.293656,89,13,123
1743494947.329656,19,-44,41
1743494947.364656,33,3,219
1743494947.399656,12,31,171
1743494947.434656,-32,19,241
1743494947.4706562,-28,-54,175
1743494947.5066562,-118,33,159
1743494947.541656,87,21,163
1743494947.577656,4,-32,153
1743494947.612656,-43,-48,61
1743494947.647656,-25,-16,169
1743494947.682656,-11,-83,59
1743494947.718656,-5,8,79
1743494947.754656,-67,-16,131
1743494947.7896562,-27,7,69
1743494947.825656,-43,3,223
1743494947.860656,-23,1,171
1743494947.895656,32,25,125
1743494947.930656,-83,91,139
1743494947.966656,15,69,181
1743494948.002656,38,-12,183
1743494948.037656,-6,-60,137
1743494948.073656,-19,-40,199
1743494948.1086562,-95,51,77
1743494948.143656,36,3,9
1743494948.178656,74,13,116
1743494948.214656,34,25,68
1743494948.250656,14,37,160
1743494948.285656,50,-40,108
1743494948.321656,-41,-9,142
1743494948.356656,38,-15,62
1743494948.3916562,90,-67,28
1743494948.426656,45,-18,108
1743494948.462656,26,-58,108
1743494948.498656,6,0,146
1743494948.533656,82,-22,78
1743494948.569656,34,33,116
1743494948.604656,40,-66,150
1743494948.639656,-1,-20,164
1743494948.6746562,18,-4,304
1743494948.7106562,-4,3,128
1743494948.746656,-42,-44,198
1743494948.781656,29,-82,226
1743494948.817656,-36,-4,210
1743494948.852656,-8,-2,52
1743494948.887656,3,-24,224
1743494948.922656,30,-16,140
1743494948.958656,40,63,92
1743494948.994656,-33,25,146
1743494949.030656,96,-12,178
1743494949.066656,-3,-32,-23
1743494949.101656,86,0,178
1743494949.137656,-29,-25,74
1743494949.172656,-1,-1,140
1743494949.207656,-19,30,184
1743494949.242656,17,-15,146
1743494949.278656,7,-49,64
1743494949.314656,-73,-10,132
1743494949.349656,32,8,66
1743494949.385656,12,24,70
1743494949.420656,10,90,106
1743494949.455656,78,-81,204
1743494949.491656,0,-27,126
1743494949.5266562,-69,-33,66
1743494949.5626562,25,42,126
1743494949.597656,45,-45,160
1743494949.633656,-55,4,88
1743494949.668656,-3,10,134
1743494949.703656,-79,-3,232
1743494949.739656,-19,17,208
1743494949.774656,10,1,152
1743494949.810656,18,-6,196
1743494949.8456562,18,3,236
1743494949.8816562,58,-100,30
1743494949.923656,-43,85,130
1743494949.959656,-25,-42,60
1743494949.995656,-19,31,226
1743494950.030656,-5,-12,210
1743494950.066656,-90,57,200
1743494950.101656,24,-24,172
1743494950.137656,-43,-66,74
1743494950.172656,58,-55,58
1743494950.207656,18,-55,194
1743494950.2436562,50,36,216
1743494950.278656,20,-45,238
1743494950.314656,58,-5,110
1743494950.349656,22,-14,54
1743494950.385656,4,21,212
1743494950.420656,-35,-8,134
1743494950.455656,-35,21,42
1743494950.491656,-22,12,80
1743494950.5266562,-1,-15,178
1743494950.5626562,-32,-4,120
1743494950.597656,-81,61,108
1743494950.633656,46,-42,165
1743494950.668656,78,-34,109
1743494950.703656,-13,-10,143
1743494950.739656,-19,55,139
1743494950.774656,16,15,0
1743494950.810656,-31,1,93
1743494950.8456562,26,-46,203
1743494950.8816562,48,88,209
1743494950.916656,-6,-33,176
1743494950.951656,-69,32,107
1743494950.987656,10,20,187
1743494951.022656,-37,-7,187
1743494951.058656,45,-67,89
1743494951.093656,-26,58,91
1743494951.129656,23,-17,123
1743494951.1646562,-50,68,137
1743494951.199656,-49,-65,237
1743494951.235656,-13,12,131
1743494951.270656,-19,-25,83
1743494951.306656,-79,12,107
1743494951.341656,-7,-1,221
1743494951.377656,45,-11,169
1743494951.412656,-88,-6,85
1743494951.4476562,59,7,177
1743494951.4836562,-25,14,170
1743494951.518656,41,-35,64
1743494951.554656,83,72,99
1743494951.589656,45,84,104
1743494951.625656,36,16,181
1743494951.660656,-11,16,149
1743494951.695656,-65,44,121
1743494951.731656,-7,2,67
1743494951.7666562,-9,-45,115
1743494951.802656,-8,1,135
1743494951.837656,-13,76,105
1743494951.873656,8,16,41
1743494951.908656,-43,70,183
1743494951.943656,-5,-43,133
1743494951.979656,14,-47,127
1743494952.014656,-24,-67,197
1743494952.050656,49,16,71
1743494952.0856562,-4,29,25
1743494952.120656,-28,-6,178
1743494952.155656,-21,-78,116
1743494952.191656,71,-32,144
1743494952.227656,-42,-81,-7
1743494952.262656,-18,-33,127
1743494952.298656,23,-9,144
1743494952.333656,-58,14,144
1743494952.369656,7,-9,128
1743494952.4046562,21,2,160
1743494952.439656,51,-69,70
1743494952.475656,83,-45,212
1743494952.510656,-24,-111,228
1743494952.546656,-47,10,213
1743494952.581656,84,38,165
1743494952.617656,53,18,130
1743494952.652656,41,46,186
1743494952.6876562,65,12,188
1743494952.723656,35,38,172
1743494952.758656,1,-49,194
1743494952.794656,-56,-19,204
1743494952.829656,-12,-18,120
1743494952.865656,-38,-45,200
1743494952.9016562,15,-71,118
1743494952.936656,7,38,200
1743494952.971656,19,40,58
1743494953.007656,-44,64,20
1743494953.043656,5,-53,120
1743494953.078656,-58,-14,50
1743494953.114656,-36,61,90
1743494953.149656,-64,7,68
1743494953.184656,154,29,200
1743494953.219656,26,-15,118
1743494953.255656,-13,76,194
1743494953.291656,-43,-63,96
1743494953.326656,16,-35,178
1743494953.362656,16,32,246
1743494953.397656,-91,-21,42
1743494953.432656,-27,-33,198
1743494953.467656,16,-89,60
1743494953.503656,-27,-3,202
1743494953.5396562,-7,-5,136
1743494953.574656,40,56,158
1743494953.610656,-17,-7,114
1743494953.645656,-33,-37,250
1743494953.680656,12,-17,231
1743494953.715656,-7,9,9
1743494953.751656,30,15,195
1743494953.787656,16,-44,47
1743494953.8226562,24,-102,25
1743494953.8586562,-27,82,13
1743494953.893656,-43,-53,49
1743494953.928656,-77,0,55
1743494953.963656,64,32,383
1743494953.999656,40,30,131
1743494954.035656,40,6,107
1743494954.070656,6,40,103
1743494954.106656,-25,74,175
1743494954.1416562,-63,18,97
1743494954.176656,36,28,97
1743494954.211656,-60,-57,23
1743494954.247656,-112,-7,85
1743494954.283656,27,-32,113
1743494954.318656,-58,-56,141
1743494954.354656,-49,-16,125
1743494954.389656,104,15,-4
1743494954.4246562,40,37,203
1743494954.459656,82,5,171
1743494954.495656,-65,-42,147
1743494954.531656,50,-48,101
1743494954.566656,4,-28,209
1743494954.602656,-23,14,205
1743494954.637656,58,22,147
1743494954.672656,26,-66,249
1743494954.707656,-11,27,59
1743494954.7436562,-55,49,159
1743494954.7796562,80,31,155
1743494954.814656,-17,-46,193
1743494954.850656,22,-100,213
1743494954.885656,-1,-20,275
1743494954.920656,-67,9,127
1743494954.955656,14,25,157
1743494954.991656,4,-12,73
1743494955.027656,8,31,147
1743494955.0626562,-37,46,217
1743494955.098656,-37,40,-66
1743494955.133656,-23,66,83
1743494955.168656,12,-9,99
1743494955.203656,27,16,229
1743494955.239656,27,-13,101
1743494955.275656,-62,64,151
1743494955.310656,16,-61,107
1743494955.346656,-42,-65,215
1743494955.3816562,59,10,227
1743494955.416656,86,-5,144
1743494955.451656,38,6,106
1743494955.487656,-9,12,92
1743494955.523656,38,71,160
1743494955.558656,-13,23,114
1743494955.594656,88,101,96
1743494955.629656,22,-95,150
1743494955.6646562,-17,8,204
1743494955.699656,6,-9,38
1743494955.735656,58,-75,110
1743494955.771656,4,-23,216
1743494955.806656,44,5,30
1743494955.842656,-27,-3,94
1743494955.877656,58,32,116
1743494955.912656,40,-60,86
1743494955.9476562,60,26,114
1743494955.9836562,-1,6,153
1743494956.019656,-23,-19,121
1743494956.054656,-19,-17,75
1743494956.090656,-39,2,58
1743494956.125656,18,-27,78
1743494956.160656,64,36,116
1743494956.195656,-27,2,224
1743494956.231656,-101,-69,182
1743494956.267656,-65,-46,139
1743494956.302656,-51,-54,119
1743494956.338656,18,-89,55
1743494956.373656,26,-68,123
1743494956.408656,42,-56,248
1743494956.443656,56,63,84
1743494956.479656,34,-4,112
1743494956.515656,40,3,164
1743494956.550656,22,-39,206
1743494956.586656,26,38,70
1743494956.621656,86,-21,138
1743494956.656656,-29,-49,292
1743494956.691656,10,-95,144
1743494956.727656,6,-25,142
1743494956.763656,-111,18,116
1743494956.798656,6,22,108
1743494956.834656,-49,-9,105
1743494956.869656,19,-69,65
1743494956.9046562,-8,-1,211
1743494956.939656,35,40,137
1743494956.975656,-10,-71,87
1743494957.011656,27,-7,99
1743494957.046656,51,44,191
1743494957.082656,-35,-87,253
1743494957.117656,-29,-33,39
1743494957.152656,18,110,47
1743494957.1876562,-61,-13,139
1743494957.223656,68,4,39
1743494957.259656,14,36,165
1743494957.294656,64,2,223
1743494957.330656,10,-5,123
1743494957.365656,-18,-17,277
1743494957.400656,3,28,79
1743494957.435656,-14,-47,167
1743494957.471656,-34,-7,177
1743494957.507656,50,-63,49
1743494957.542656,27,-13,219
1743494957.578656,-6,-5,59
1743494957.613656,27,-37,95
1743494957.648656,11,-3,121
1743494957.683656,85,-34,101
1743494957.719656,55,-56,213
1743494957.755656,-60,-32,133
1743494957.790656,29,76,179
1743494957.826656,45,49,179
1743494957.861656,16,-58,91
1743494957.896656,10,49,217
1743494957.931656,-53,-22,13
1743494957.967656,-5,7,213
1743494958.003656,30,65,229
1743494958.038656,-25,-32,277
1743494958.074656,-7,-10,145
1743494958.109656,-49,-84,205
1743494958.144656,-51,-16,157
1743494958.179656,-19,-34,235
1743494958.215656,28,-14,203
1743494958.251656,-73,-8,43
1743494958.286656,28,37,147
1743494958.3226562,-30,-24,101
1743494958.357656,53,3,197
1743494958.392656,-37,0,227
1743494958.427656,26,-62,177
1743494958.463656,68,25,235
1743494958.499656,12,-52,223
1743494958.534656,-45,-40,127
1743494958.570656,30,-30,205
1743494958.605656,22,-56,171
1743494958.640656,-15,-21,33
1743494958.675656,-5,58,1
1743494958.711656,76,13,77
1743494958.747656,13,5,107
1743494958.782656,-32,11,-84
1743494958.818656,-12,-16,41
1743494958.853656,3,-72,111
1743494958.888656,89,-4,211
1743494958.9246562,4,-36,125
1743494958.959656,-46,-42,105
1743494958.995656,-56,12,87
1743494959.030656,56,-23,43
1743494959.066656,118,-32,85
1743494959.101656,-17,-7,103
1743494959.136656,-9,2,201
1743494959.172656,62,12,201
1743494959.207656,62,2,121
1743494959.2436562,8,-39,83
1743494959.278656,-55,46,145
1743494959.314656,-13,34,181
1743494959.349656,-5,-3,71
1743494959.384656,-15,54,163
1743494959.420656,-17,-27,193
1743494959.455656,-5,86,123
1743494959.491656,42,40,141
1743494959.5266562,70,52,49
1743494959.5626562,-3,41,91
1743494959.597656,32,19,243
1743494959.632656,-21,-4,125
1743494959.668656,-11,0,67
1743494959.703656,-19,-10,167
1743494959.739656,-15,-2,155
1743494959.774656,6,13,195
1743494959.810656,-85,19,91
1743494959.8456562,40,13,11
1743494959.880656,14,27,139
1743494959.916656,22,-14,209
1743494959.958656,-17,30,271
1743494959.995656,68,108,131
1743494960.030656,-33,-11,109
1743494960.066656,-31,16,59
1743494960.101656,-81,-13,133
1743494960.136656,-29,52,111
1743494960.172656,-17,-39,215
1743494960.207656,-45,-11,187
1743494960.2436562,58,30,235
1743494960.278656,-67,-5,157
1743494960.314656,-89,12,209
1743494960.349656,34,77,135
1743494960.384656,-31,86,171
1743494960.420656,2,-9,153
1743494960.455656,-87,-29,365
1743494960.491656,-67,4,189
1743494960.5266562,0,2,198
1743494960.5626562,43,40,210
1743494960.597656,-38,-11,164
1743494960.632656,-27,-35,98
1743494960.668656,17,4,146
1743494960.703656,36,-5,126
1743494960.739656,18,-33,20
1743494960.774656,-5,-3,12
1743494960.810656,-17,-89,188
1743494960.8456562,37,57,74
1743494960.880656,-13,-13,132
1743494960.916656,-17,-11,208
1743494960.951656,26,56,208
1743494960.987656,-26,72,158
1743494961.022656,-50,-47,198
1743494961.058656,-3,-3,112
1743494961.093656,-15,-69,-13
1743494961.128656,-23,-13,46
1743494961.1646562,46,24,216
1743494961.199656,74,-79,106
1743494961.235656,-23,114,48
1743494961.270656,38,-31,176
1743494961.306656,22,-59,84
1743494961.341656,54,-57,184
1743494961.376656,-11,-1,190
1743494961.412656,55,4,200
1743494961.4476562,9,18,82
1743494961.4836562,-18,23,152
1743494961.518656,-26,-33,212
1743494961.554656,23,33,90
1743494961.589656,-60,-12,202
1743494961.624656,18,-37,102
1743494961.660656,-55,-13,224
1743494961.695656,-21,10,256
1743494961.731656,0,3,220
1743494961.7666562,10,-4,204
1743494961.802656,29,47,112
1743494961.837656,51,-29,86
1743494961.872656,15,-7,222
1743494961.908656,-64,-33,112
1743494961.943656,19,4,72
1743494961.979656,17,-57,112
1743494962.014656,69,50,146
1743494962.050656,-36,42,172
1743494962.0856562,23,36,286
1743494962.120656,29,-25,222
1743494962.156656,-46,4,84
1743494962.191656,-24,-47,-5
1743494962.227656,5,6,66
1743494962.262656,-8,-15,80
1743494962.298656,7,-57,160
1743494962.334656,-12,33,222
1743494962.369656,-62,19,56
1743494962.4046562,47,-76,120
1743494962.440656,-28,-56,128
1743494962.476656,-4,3,30
1743494962.511656,-6,-15,156
1743494962.547656,-52,-45,-11
1743494962.582656,-6,-43,60
1743494962.617656,-12,-19,54
1743494962.652656,-4,-19,220
1743494962.688656,4,-11,174
1743494962.724656,-25,-5,124
1743494962.759656,4,-37,222
1743494962.795656,-42,-37,38
1743494962.830656,83,44,244
1743494962.865656,-44,-23,242
1743494962.900656,-47,-11,82
1743494962.936656,-31,50,54
1743494962.972656,17,48,184
1743494963.007656,45,-20,133
1743494963.043656,-26,-18,98
1743494963.078656,33,0,145
1743494963.113656,19,37,45
1743494963.148656,15,-3,101
1743494963.184656,109,2,171
1743494963.2206562,59,-10,93
1743494963.255656,-64,3,173
1743494963.291656,5,-36,149
1743494963.326656,51,-51,77
1743494963.361656,-28,-2,31
1743494963.396656,-8,-84,160
1743494963.432656,51,-24,108
1743494963.468656,37,19,116
1743494963.503656,5,47,104
1743494963.5396562,37,41,160
1743494963.574656,0,96,28
1743494963.609656,92,0,162
1743494963.644656,10,-37,244
1743494963.680656,-103,-15,130
1743494963.716656,-67,2,114
1743494963.751656,44,-19,180
1743494963.787656,-30,20,138
1743494963.8226562,-10,14,60
1743494963.857656,-2,-49,150
1743494963.892656,81,-33,55
1743494963.928656,-66,20,191
1743494963.964656,27,-47,155
1743494963.999656,56,14,83
1743494964.035656,-52,-9,119
1743494964.070656,7,-87,131
1743494964.105656,-44,26,79
1743494964.140656,-129,-9,179
1743494964.176656,-71,38,51
1743494964.212656,26,8,89
1743494964.247656,-3,52,121
1743494964.283656,-3,4,68
1743494964.318656,28,96,78
1743494964.353656,-14,37,212
1743494964.388656,-23,26,54
1743494964.4246562,26,-7,102
1743494964.4606562,44,45,80
1743494964.495656,44,-4,74
1743494964.531656,6,-22,96
1743494964.566656,26,-8,210
1743494964.601656,10,-9,96
1743494964.636656,-129,38,206
1743494964.672656,-25,68,100
1743494964.708656,-61,-3,216
1743494964.7436562,33,0,134
1743494964.7796562,34,84,280
1743494964.814656,-5,-45,222
1743494964.849656,14,-83,110
1743494964.884656,30,-29,106
1743494964.920656,-17,-5,316
1743494964.956656,-61,15,138
1743494964.991656,-5,-32,120
1743494965.027656,-25,-10,228
1743494965.0626562,-17,-35,70
1743494965.097656,58,-1,116
1743494965.132656,-11,-7,21
1743494965.168656,51,-24,213
1743494965.204656,21,-12,3
1743494965.239656,33,-22,123
1743494965.275656,-32,21,43
1743494965.310656,-66,5,179
1743494965.3456562,0,141,77
1743494965.380656,-4,37,91
1743494965.416656,-14,21,45
1743494965.452656,31,1,149
1743494965.487656,47,-16,77
1743494965.523656,59,51,167
1743494965.558656,-12,5,9
1743494965.593656,-87,-18,159
1743494965.628656,-33,-2,105
1743494965.6646562,19,13,151
1743494965.700656,-13,28,177
1743494965.735656,-33,14,143
1743494965.771656,-37,-47,151
1743494965.806656,27,17,46
1743494965.841656,-31,-51,135
1743494965.876656,10,10,70
1743494965.912656,-9,-41,120
1743494965.948656,56,-1,210
1743494965.9836562,0,-59,172
1743494966.019656,46,-31,110
1743494966.054656,-71,-17,148
1743494966.089656,-35,10,252
1743494966.124656,-15,-39,80
1743494966.160656,32,-47,238
1743494966.196656,-31,0,276
1743494966.231656,0,-71,160
1743494966.267656,-21,-16,106
1743494966.302656,0,69,108
1743494966.337656,-13,-82,164
1743494966.372656,32,13,40
1743494966.408656,102,31,158
1743494966.444656,-29,51,120
1743494966.479656,62,19,54
1743494966.515656,-65,33,107
1743494966.550656,14,-34,79
1743494966.5856562,40,-52,77
1743494966.620656,10,43,126
1743494966.656656,27,-45,178
1743494966.692656,-40,-8,129
1743494966.727656,-4,-41,261
1743494966.763656,-40,-5,47
1743494966.798656,-27,54,83
1743494966.833656,-27,-29,155
1743494966.8686562,-19,4,149
1743494966.9046562,-5,-7,109
1743494966.940656,-31,-1,-22
1743494966.975656,62,30,7
1743494967.011656,-27,-43,165
1743494967.046656,72,3,186
1743494967.081656,9,-33,109
1743494967.116656,-97,-46,171
1743494967.152656,-55,33,99
1743494967.188656,10,23,109
1743494967.223656,-31,-16,43
1743494967.259656,-10,-5,101
1743494967.294656,27,-7,87
1743494967.329656,5,36,175
1743494967.364656,-78,28,97
1743494967.400656,-12,-59,-4
1743494967.436656,15,4,114
1743494967.471656,-18,-23,188
1743494967.507656,-11,-53,246
1743494967.542656,-6,58,154
1743494967.577656,36,-57,108
1743494967.612656,-31,68,86
1743494967.648656,-49,-25,56
1743494967.684656,50,-65,50
1743494967.719656,33,17,180
1743494967.755656,85,-8,180
1743494967.790656,-22,-34,260
1743494967.825656,-14,-34,105
1743494967.860656,-22,-120,190
1743494967.896656,7,-46,142
1743494967.932656,114,-39,224
1743494967.967656,-62,63,64
1743494968.003656,-5,-25,54
1743494968.038656,3,7,184
1743494968.073656,29,77,230
1743494968.1086562,22,8,116
1743494968.144656,4,-13,154
1743494968.180656,-29,-10,190
1743494968.215656,70,3,152
1743494968.251656,30,47,76
1743494968.286656,-37,85,176
1743494968.321656,-39,73,78
1743494968.357656,-1,-20,166
1743494968.392656,20,49,136
1743494968.428656,-59,-9,150
1743494968.463656,-39,-37,156
1743494968.499656,-41,16,72
1743494968.534656,-47,32,136
1743494968.569656,80,3,84
1743494968.605656,-66,21,142
1743494968.640656,-3,-72,180
1743494968.676656,-21,47,-43
1743494968.711656,-33,-61,276
1743494968.747656,58,67,24
1743494968.782656,-77,-5,178
1743494968.817656,-35,56,102
1743494968.853656,18,-51,256
1743494968.888656,-11,30,126
1743494968.9246562,-37,-1,252
1743494968.959656,-25,-15,188
1743494968.995656,6,-45,140
1743494969.030656,34,-29,80
1743494969.065656,18,-30,98
1743494969.101656,-33,7,70
1743494969.136656,10,-62,126
1743494969.172656,52,1,86
1743494969.207656,44,-8,76
1743494969.2436562,-39,-81,276
1743494969.278656,10,-29,76
1743494969.313656,-28,-44,84
1743494969.349656,-10,31,204
1743494969.384656,115,107,138
1743494969.420656,-14,25,222
1743494969.455656,-14,17,210
1743494969.491656,11,-10,206
1743494969.5266562,-44,9,146
1743494969.561656,-58,7,126
1743494969.597656,39,-24,160
1743494969.632656,-16,-4,152
1743494969.668656,-96,1,10
1743494969.703656,16,35,90
1743494969.739656,-33,-56,106
1743494969.774656,32,-12,192
1743494969.809656,61,-80,104
1743494969.8456562,-36,-22,43
1743494969.880656,31,-22,153
1743494969.916656,47,-2,105
1743494969.951656,-2,36,109
1743494969.9936562,45,-5,195
1743494970.0296562,-46,38,143
1743494970.065656,-37,-57,123
1743494970.101656,-49,4,201
1743494970.136656,58,-52,123
1743494970.172656,40,15,165
1743494970.207656,16,-30,131
1743494970.2436562,-62,-43,53
1743494970.278656,-52,-33,71
1743494970.313656,63,-5,83
1743494970.349656,-13,10,53
1743494970.384656,-15,-1,197
1743494970.420656,52,-25,207
1743494970.455656,68,26,259
1743494970.491656,36,31,53
1743494970.5266562,39,-24,163
1743494970.561656,-36,75,103
1743494970.597656,21,-41,165
1743494970.632656,1,68,131
1743494970.668656,61,-43,105
1743494970.703656,45,-3,117
1743494970.739656,21,64,115
1743494970.774656,-17,36,137
1743494970.809656,-13,-107,67
1743494970.8456562,22,32,129
1743494970.880656,42,28,111
1743494970.916656,-81,28,209
1743494970.951656,-13,-39,161
1743494970.987656,73,34,87
1743494971.022656,5,92,119
1743494971.057656,25,-29,117
1743494971.093656,-34,32,207
1743494971.128656,-72,-11,173
1743494971.1646562,-44,-53,111
1743494971.199656,-16,-31,231
1743494971.235656,107,1,47
1743494971.270656,-89,0,115
1743494971.305656,68,-12,159
1743494971.341656,-4,26,163
1743494971.376656,27,-19,207
1743494971.412656,2,-9,159
1743494971.4476562,74,37,105
1743494971.4836562,-43,-8,161
1743494971.518656,-3,-20,173
1743494971.553656,16,17,161
1743494971.589656,18,-53,159
1743494971.624656,-81,62,119
1743494971.660656,-19,-41,119
1743494971.695656,66,-33,83
1743494971.731656,-2,49,165
1743494971.767656,-62,-20,147
1743494971.803656,-6,15,221
1743494971.839656,-44,5,155
1743494971.875656,-1,-22,129
1743494971.911656,-53,-44,89
1743494971.9476562,-42,-28,95
1743494971.9836562,-7,-30,157
1743494972.019656,-69,-2,51
1743494972.055656,52,-79,91
1743494972.090656,-69,-25,243
1743494972.125656,46,-15,51
1743494972.161656,-42,61,289
1743494972.1976562,105,-8,145
1743494972.232656,-74,55,175
1743494972.268656,66,-75,149
1743494972.303656,15,-66,113
1743494972.338656,62,-11,159
1743494972.373656,-77,-7,61
1743494972.409656,-39,-23,89
1743494972.445656,-20,-25,87
1743494972.480656,-6,-15,203
1743494972.5166562,90,-3,183
1743494972.551656,-13,-77,63
1743494972.586656,63,-93,227
1743494972.621656,103,14,145
1743494972.657656,73,-4,139
1743494972.693656,-7,44,250
1743494972.728656,-43,28,9
1743494972.764656,-87,-23,71
1743494972.7996562,42,26,152
1743494972.834656,-2,12,124
1743494972.869656,37,22,108
1743494972.905656,42,-15,136
1743494972.941656,0,46,88
1743494972.976656,16,62,32
1743494973.012656,-39,8,102
1743494973.047656,116,-27,52
1743494973.082656,-49,-48,182
1743494973.117656,56,-32,118
1743494973.153656,42,-13,66
1743494973.189656,84,-96,30
1743494973.224656,-35,49,82
1743494973.260656,-17,-6,258
1743494973.295656,-43,7,166
1743494973.330656,6,103,270
1743494973.365656,56,33,72
1743494973.4016562,-17,23,218
1743494973.4376562,136,49,152
1743494973.472656,-43,-26,48
1743494973.508656,-41,-80,96
1743494973.543656,-19,-26,116
1743494973.578656,-31,65,176
1743494973.613656,44,27,40
1743494973.649656,44,-68,204
1743494973.685656,-65,-26,208
1743494973.7206562,-103,-34,78
1743494973.7566562,44,48,132
1743494973.791656,-21,-47,128
1743494973.826656,20,115,168
1743494973.861656,-53,35,148
1743494973.897656,-26,33,54
1743494973.933656,59,-18,168
1743494973.968656,32,5,102
1743494974.004656,10,7,122
1743494974.0396562,41,1,168
1743494974.074656,-17,15,268
1743494974.109656,75,35,174
1743494974.145656,-34,-42,156
1743494974.181656,13,-30,266
1743494974.216656,-62,-20,56
1743494974.252656,-35,45,96
1743494974.287656,-25,-24,90
1743494974.3226562,44,15,202
1743494974.357656,66,-20,132
1743494974.393656,22,17,64
1743494974.429656,-21,17,342
1743494974.464656,-33,34,220
1743494974.500656,-31,74,141
1743494974.535656,-17,10,107
1743494974.570656,10,-39,81
1743494974.605656,-37,-51,117
1743494974.6416562,-46,-9,145
1743494974.677656,67,-47,177
1743494974.712656,7,-35,225
1743494974.748656,55,45,197
1743494974.783656,13,-4,31
1743494974.818656,97,33,191
1743494974.853656,15,3,145
1743494974.889656,-10,-28,215
1743494974.925656,23,40,-8
1743494974.9606562,-6,79,173
1743494974.996656,-24,-42,81
1743494975.031656,-32,17,82
1743494975.066656,83,-37,87
1743494975.101656,49,-54,99
1743494975.137656,-2,17,75
1743494975.173656,-4,33,85
1743494975.208656,83,51,45
1743494975.244656,-34,-2,161
1743494975.2796562,51,21,209
1743494975.314656,-10,15,97
1743494975.349656,-62,-98,135
1743494975.385656,11,9,23
1743494975.421656,-40,17,183
1743494975.456656,-50,-14,83
1743494975.492656,9,-27,53
1743494975.527656,1,28,211
1743494975.5626562,-12,52,105
1743494975.597656,-46,-89,135
1743494975.633656,-36,-27,-64
1743494975.669656,-16,-39,165
1743494975.704656,-14,6,31
1743494975.740656,0,-65,179
1743494975.775656,-85,-29,57
1743494975.810656,48,-41,29
1743494975.8456562,3,4,141
1743494975.8816562,-70,-21,207
1743494975.917656,30,-53,187
1743494975.952656,-34,62,36
1743494975.988656,-82,-9,152
1743494976.023656,47,-25,74
1743494976.058656,-74,56,85
1743494976.093656,54,-29,205
1743494976.129656,0,21,228
1743494976.165656,-4,39,202
1743494976.200656,-71,-6,-3
1743494976.236656,-14,-24,110
1743494976.271656,-82,7,188
1743494976.306656,-40,0,254
1743494976.341656,19,-27,162
1743494976.377656,-6,20,154
1743494976.413656,17,20,118
1743494976.448656,-32,20,222
1743494976.484656,0,-19,120
1743494976.519656,-26,48,120
1743494976.554656,67,72,140
1743494976.589656,-46,-27,130
1743494976.625656,20,-49,196
1743494976.661656,122,10,190
1743494976.696656,16,-51,160
1743494976.732656,-5,19,172
1743494976.767656,76,-3,138
1743494976.802656,38,-21,230
1743494976.837656,-61,-37,208
1743494976.873656,-11,0,248
1743494976.909656,62,40,234
1743494976.944656,6,2,48
1743494976.980656,42,6,146
1743494977.015656,72,6,132
1743494977.050656,-25,-63,208
1743494977.0856562,76,-39,118
1743494977.121656,-65,-11,194
1743494977.157656,7,95,-7
1743494977.192656,50,-12,130
1743494977.228656,42,23,177
1743494977.263656,-10,-48,95
1743494977.298656,31,67,89
1743494977.333656,13,19,112
1743494977.369656,0,-62,212
1743494977.405656,-38,-6,127
1743494977.440656,-30,43,115
1743494977.476656,-29,41,258
1743494977.511656,-61,-20,192
1743494977.546656,12,-42,50
1743494977.581656,-13,-35,186
1743494977.617656,15,-6,90
1743494977.653656,-54,-6,34
1743494977.688656,-4,-20,110
1743494977.724656,15,-48,158
1743494977.759656,-43,39,129
1743494977.794656,68,-4,125
1743494977.829656,44,87,55
1743494977.865656,-19,-42,67
1743494977.9016562,-9,-16,209
1743494977.936656,8,-46,81
1743494977.972656,-35,29,25
1743494978.007656,4,25,57
1743494978.042656,36,-84,51
1743494978.078656,24,-1,137
1743494978.113656,-17,-23,35
1743494978.149656,24,-47,171
1743494978.184656,28,-49,107
1743494978.2206562,-99,20,67
1743494978.255656,54,-24,337
1743494978.290656,52,66,35
1743494978.326656,-1,90,165
1743494978.361656,8,56,65
1743494978.397656,-41,-39,131
1743494978.432656,-55,-22,97
1743494978.468656,12,87,37
1743494978.503656,96,23,113
1743494978.538656,-3,-10,135
1743494978.574656,-55,33,111
1743494978.609656,-84,-90,123
1743494978.645656,-2,3,113
1743494978.680656,27,-38,307
1743494978.716656,-50,-27,33
1743494978.751656,27,54,153
1743494978.786656,-11,-21,179
1743494978.8226562,84,-79,155
1743494978.857656,-45,-33,135
1743494978.893656,4,-67,109
1743494978.928656,-78,13,265
1743494978.964656,66,31,195
1743494978.999656,20,17,99
1743494979.034656,50,23,249
1743494979.070656,94,25,17
1743494979.105656,64,-34,77
1743494979.1416562,28,-58,169
1743494979.176656,-39,41,69
1743494979.212656,17,39,157
1743494979.247656,-28,91,39
1743494979.282656,3,33,125
1743494979.318656,60,1,295
1743494979.353656,40,-8,127
1743494979.389656,-49,3,89
1743494979.4246562,36,-21,87
1743494979.4606562,19,-27,145
1743494979.495656,20,-7,219
1743494979.530656,-28,-5,65
1743494979.566656,36,-49,101
1743494979.601656,32,44,97
1743494979.637656,18,14,201
1743494979.672656,-81,26,215
1743494979.708656,-29,-69,207
1743494979.7436562,-39,-3,147
1743494979.778656,12,-7,71
1743494979.814656,-85,54,187
1743494979.849656,-143,-27,113
1743494979.885656,-41,-81,53
1743494979.920656,10,2,175
1743494979.957656,26,-67,43
1743494979.999656,92,-29,53
1743494980.036656,40,42,103
1743494980.071656,11,50,159
1743494980.106656,-18,-13,137
1743494980.142656,-39,32,233
1743494980.177656,-65,-9,199
1743494980.213656,-13,26,167
1743494980.248656,-33,-37,147
1743494980.284656,-35,-57,127
1743494980.319656,20,-23,289
1743494980.354656,92,12,187
1743494980.390656,-7,-10,157
1743494980.425656,10,-42,223
1743494980.461656,-27,-88,151
1743494980.496656,-15,-85,75
1743494980.532656,44,-49,191
1743494980.567656,60,-65,131
1743494980.602656,44,-67,31
1743494980.638656,-37,-59,216
1743494980.673656,18,-3,141
1743494980.709656,44,-19,133
1743494980.744656,64,52,195
1743494980.780656,-53,-15,143
1743494980.815656,24,10,139
1743494980.850656,-49,-57,91
1743494980.886656,-58,10,165
1743494980.921656,-1,-37,29
1743494980.957656,-43,-29,241
1743494980.992656,-27,-29,259
1743494981.028656,57,12,159
1743494981.063656,-8,-37,125
1743494981.098656,28,21,155
1743494981.134656,38,67,131
1743494981.169656,-7,-4,27
1743494981.205656,0,-53,167
1743494981.240656,17,4,50
1743494981.2766562,14,-8,160
1743494981.311656,8,-81,80
1743494981.346656,80,-3,132
1743494981.382656,124,5,126
1743494981.417656,50,31,126
1743494981.453656,52,13,118
1743494981.488656,4,-58,118
1743494981.524656,104,35,154
1743494981.560656,-15,19,142
1743494981.5956562,-57,45,172
1743494981.630656,80,-22,140
1743494981.666656,-21,-62,109
1743494981.702656,36,-38,133
1743494981.737656,6,-68,115
1743494981.773656,26,128,169
1743494981.808656,-97,60,147
1743494981.843656,28,38,169
1743494981.878656,46,30,121
1743494981.9146562,54,28,167
1743494981.950656,28,16,209
1743494981.985656,46,-5,123
1743494982.021656,16,-53,89
1743494982.056656,50,-13,177
1743494982.091656,-13,-9,53
1743494982.126656,17,8,121
1743494982.162656,-30,20,105
1743494982.198656,21,30,163
1743494982.2336562,-18,-12,129
1743494982.269656,-68,17,151
1743494982.304656,-48,-30,133
1743494982.339656,-70,-25,135
1743494982.374656,-100,-39,147
1743494982.410656,101,60,31
1743494982.446656,29,36,93
1743494982.481656,-38,58,85
1743494982.517656,15,-71,135
1743494982.552656,63,52,73
1743494982.587656,11,-25,215
1743494982.622656,43,-31,27
1743494982.658656,41,-43,-46
1743494982.694656,-20,16,123
1743494982.729656,-40,48,-34
1743494982.765656,-52,-77,203
1743494982.800656,49,-67,137
1743494982.8356562,47,-29,27
1743494982.870656,81,16,177
1743494982.906656,37,30,29
1743494982.942656,-122,-24,166
1743494982.977656,13,-16,132
1743494983.013656,45,-31,86
1743494983.048656,52,30,56
1743494983.083656,11,41,226
1743494983.1186562,37,-2,150
1743494983.1546562,-46,-36,124
1743494983.190656,-80,3,200
1743494983.225656,57,-52,148
1743494983.261656,29,71,46
1743494983.296656,-22,25,117
1743494983.331656,19,-52,227
1743494983.366656,-4,1,15
1743494983.402656,51,25,191
1743494983.438656,-68,43,263
1743494983.473656,-9,41,241
1743494983.509656,-30,71,165
1743494983.544656,-66,-26,259
1743494983.579656,-77,-12,133
1743494983.614656,-15,21,137
1743494983.650656,33,17,123
1743494983.686656,-44,31,117
1743494983.721656,-14,41,43
1743494983.757656,-37,-20,235
1743494983.792656,12,-29,187
1743494983.827656,-13,58,79
1743494983.862656,-23,44,70
1743494983.898656,28,-19,167
1743494983.934656,-59,22,203
1743494983.969656,18,-17,183
1743494984.005656,38,0,139
1743494984.040656,-5,32,270
1743494984.075656,-37,-17,124
1743494984.110656,12,14,230
1743494984.146656,-18,-52,100
1743494984.182656,43,-14,148
1743494984.217656,-2,-16,188
1743494984.253656,60,56,122
1743494984.288656,-114,69,72
1743494984.323656,13,-16,114
1743494984.3586562,0,49,168
1743494984.394656,59,-22,104
1743494984.430656,-12,15,212
1743494984.465656,-38,17,146
1743494984.501656,89,33,200
1743494984.536656,17,-108,62
1743494984.571656,28,-4,120
1743494984.606656,-51,-58,108
1743494984.642656,35,31,114
1743494984.678656,14,-30,114
1743494984.713656,-68,-98,144
1743494984.749656,-6,-34,18
1743494984.784656,-92,3,210
1743494984.819656,51,39,94
1743494984.854656,11,-26,-33
1743494984.890656,13,35,-9
1743494984.926656,-82,49,142
1743494984.961656,9,-32,58
1743494984.997656,-54,-65,124
1743494985.032656,-6,78,62
1743494985.067656,-7,-35,102
1743494985.102656,-17,-19,252
1743494985.138656,52,-17,74
1743494985.1746562,-13,18,68
1743494985.209656,-58,-53,148
1743494985.245656,-3,-61,172
1743494985.281656,86,-13,150
1743494985.317656,10,91,122
1743494985.352656,42,8,258
1743494985.387656,-10,0,140
1743494985.422656,114,78,256
1743494985.458656,-95,8,116
1743494985.494656,60,-39,104
1743494985.5296562,4,44,180
1743494985.565656,34,-29,106
1743494985.600656,-25,-60,78
1743494985.635656,57,30,72
1743494985.670656,63,22,112
1743494985.706656,-88,-63,134
1743494985.742656,27,-37,104
1743494985.777656,42,-36,96
1743494985.813656,4,0,216
1743494985.848656,8,0,50
1743494985.883656,-25,44,190
1743494985.918656,-53,-97,146
1743494985.954656,47,77,162
1743494985.990656,-39,6,278
1743494986.025656,62,-111,86
1743494986.061656,-83,-29,160
1743494986.096656,40,-11,174
1743494986.1316562,100,34,116
1743494986.166656,2,43,102
1743494986.202656,58,0,184
1743494986.238656,28,65,122
1743494986.273656,-50,-14,136
1743494986.309656,10,-16,194
1743494986.344656,18,-31,152
1743494986.379656,0,-30,166
1743494986.4146562,12,-12,118
1743494986.450656,-17,-12,196
1743494986.486656,-2,115,174
1743494986.521656,65,-20,86
1743494986.557656,11,11,84
1743494986.592656,-6,-74,60
1743494986.627656,5,-24,68
1743494986.662656,-18,-90,52
1743494986.698656,3,-58,42
1743494986.734656,-97,11,234
1743494986.769656,-46,61,96
1743494986.805656,-74,-24,86
1743494986.840656,33,-80,240
1743494986.875656,95,15,242
1743494986.910656,-26,-18,159
1743494986.946656,-78,19,160
1743494986.982656,-20,61,113
1743494987.017656,-28,7,167
1743494987.053656,39,-2,223
1743494987.088656,-14,25,189
1743494987.123656,-79,60,136
1743494987.158656,30,2,202
1743494987.194656,-9,16,172
1743494987.230656,-3,-57,172
1743494987.265656,-17,44,60
1743494987.301656,56,10,82
1743494987.336656,64,-21,70
1743494987.371656,0,-13,204
1743494987.406656,25,-43,146
1743494987.442656,27,20,214
1743494987.478656,11,-35,208
1743494987.513656,-28,8,150
1743494987.5496562,58,16,158
1743494987.584656,10,0,126
1743494987.619656,-55,65,134
1743494987.655656,8,21,186
1743494987.690656,-40,-79,114
1743494987.726656,-24,72,109
1743494987.761656,-8,-31,13
1743494987.797656,56,-65,61
1743494987.832656,29,-11,261
1743494987.867656,34,56,200
1743494987.903656,24,-3,2
1743494987.938656,-9,32,132
1743494987.974656,50,60,138
1743494988.009656,50,40,94
1743494988.045656,92,-11,244
1743494988.080656,24,4,88
1743494988.115656,-11,0,42
1743494988.1516562,36,6,184
1743494988.186656,94,20,110
1743494988.222656,-3,14,104
1743494988.257656,34,44,81
1743494988.293656,-79,32,106
1743494988.328656,-5,-13,198
1743494988.363656,-31,14,66
1743494988.399656,30,18,132
1743494988.434656,-32,30,154
1743494988.4706562,-64,-77,94
1743494988.505656,55,2,106
1743494988.541656,151,0,116
1743494988.576656,39,82,290
1743494988.611656,5,-31,218
1743494988.647656,-70,18,274
1743494988.682656,9,0,166
1743494988.718656,-46,10,166
1743494988.753656,-62,-21,66
1743494988.7896562,-52,-51,154
1743494988.824656,-30,22,222
1743494988.859656,25,20,172
1743494988.895656,91,-7,118
1743494988.930656,-50,-7,128
1743494988.966656,17,-1,87
1743494989.001656,-6,-29,210
1743494989.037656,-12,-23,144
1743494989.0726562,51,-17,85
1743494989.107656,-26,-65,39
1743494989.143656,19,-55,143
1743494989.178656,65,-69,157
1743494989.214656,75,-15,55
1743494989.249656,23,-5,113
1743494989.285656,31,-1,181
1743494989.320656,-16,-49,79
1743494989.355656,-54,18,75
1743494989.3916562,-44,52,107
1743494989.426656,43,-29,43
1743494989.462656,11,78,75
1743494989.497656,29,-51,128
1743494989.533656,-20,46,160
1743494989.568656,84,12,124
1743494989.603656,40,-7,116
1743494989.639656,52,-1,34
1743494989.6746562,-69,-1,198
1743494989.7106562,8,40,224
1743494989.745656,38,-19,110
1743494989.781656,28,-21,176
1743494989.816656,10,-3,144
1743494989.851656,84,-41,166
1743494989.887656,-83,-45,166
1743494989.922656,30,-4,154
1743494989.958656,0,54,170
1743494990.000656,16,86,78
1743494990.037656,-83,-53,146
1743494990.0726562,58,-37,204
1743494990.107656,64,-107,70
1743494990.143656,46,66,176
1743494990.178656,26,74,88
1743494990.214656,16,-11,264
1743494990.249656,14,-47,28
1743494990.285656,34,-1,128
1743494990.320656,-31,-51,118
1743494990.355656,-26,-11,76
1743494990.3916562,-36,-35,44
1743494990.426656,69,10,134
1743494990.462656,-42,10,214
1743494990.497656,-2,34,162
1743494990.533656,5,44,78
1743494990.568656,19,26,182
1743494990.603656,-34,66,44
1743494990.639656,-62,-53,276
1743494990.6746562,3,-3,158
1743494990.7106562,89,42,100
1743494990.745656,75,26,140
1743494990.781656,11,-67,276
1743494990.816656,-26,110,34
1743494990.851656,-28,-11,140
1743494990.887656,120,-58,102
1743494990.922656,-16,-27,156
1743494990.958656,100,55,146
1743494990.9936562,31,-63,168
1743494991.0296562,-12,-65,88
1743494991.065656,-8,-21,94
1743494991.101656,69,-63,160
1743494991.137656,-36,6,80
1743494991.172656,-33,-5,104
1743494991.207656,51,-39,146
1743494991.2436562,24,-29,249
1743494991.2796562,54,-5,245
1743494991.314656,18,54,145
1743494991.350656,-47,18,71
1743494991.385656,-37,10,139
1743494991.420656,2,22,101
1743494991.455656,-77,-31,0
1743494991.491656,-4,20,83
1743494991.527656,45,28,129
1743494991.5626562,34,-33,139
1743494991.598656,0,-79,133
1743494991.633656,10,-21,81
1743494991.668656,8,-59,139
1743494991.703656,-34,-17,247
1743494991.739656,1,-30,247
1743494991.775656,-20,-45,195
1743494991.810656,-18,-45,63
1743494991.846656,-50,-45,71
1743494991.8816562,0,-1,201
1743494991.916656,-32,30,103
1743494991.951656,-14,20,39
1743494991.987656,9,-77,125
1743494992.023656,-28,-79,197
1743494992.058656,-9,-20,65
1743494992.094656,0,31,105
1743494992.129656,-69,100,107
1743494992.1646562,8,14,153
1743494992.199656,-52,-31,123
1743494992.235656,2,-21,83
1743494992.271656,-33,-71,147
1743494992.306656,16,-25,135
1743494992.342656,-79,-1,113
1743494992.377656,-123,-43,113
1743494992.412656,8,-45,139
1743494992.4476562,-51,-5,181
1743494992.4836562,-19,8,185
1743494992.519656,18,13,23
1743494992.554656,-71,-8,-4
1743494992.590656,10,-80,75
1743494992.625656,42,41,25
1743494992.660656,-3,-48,133
1743494992.695656,-45,-8,73
1743494992.731656,18,-30,81
1743494992.767656,-25,23,244
1743494992.802656,26,-8,164
1743494992.838656,-5,65,80
1743494992.873656,82,17,208
1743494992.908656,32,19,234
1743494992.943656,-54,-10,2
1743494992.979656,-74,-26,170
1743494993.015656,-20,-32,114
1743494993.050656,18,-92,186
1743494993.086656,54,-18,160
1743494993.121656,36,6,148
1743494993.156656,-19,-30,68
1743494993.191656,-49,17,70
1743494993.227656,70,30,154
1743494993.263656,8,0,84
1743494993.298656,132,-58,234
1743494993.334656,-53,-1,176
1743494993.369656,6,-15,132
1743494993.4046562,32,8,104
1743494993.439656,20,-17,146
1743494993.475656,48,-23,178
1743494993.511656,64,-21,102
1743494993.546656,-63,8,242
1743494993.582656,-86,39,128
1743494993.617656,-7,-29,88
1743494993.652656,48,0,84
1743494993.6876562,52,-5,166
1743494993.723656,-11,36,6
1743494993.759656,-1,-5,154
1743494993.794656,47,-4,108
1743494993.830656,-32,61,184
1743494993.865656,12,-64,210
1743494993.900656,43,-12,128
1743494993.935656,-1,0,56
1743494993.971656,50,13,88
1743494994.007656,-83,-8,104
1743494994.042656,-6,-2,132
1743494994.078656,-42,-24,187
1743494994.113656,25,-116,74
1743494994.148656,-4,-14,127
1743494994.183656,-25,-50,193
1743494994.219656,41,43,135
1743494994.255656,16,34,125
1743494994.290656,-81,-11,63
1743494994.326656,26,6,103
1743494994.361656,72,64,157
1743494994.396656,-43,40,65
1743494994.431656,26,10,39
1743494994.467656,34,-45,189
1743494994.503656,-29,50,129
1743494994.538656,-47,-5,179
1743494994.574656,-1,-27,195
1743494994.609656,46,12,111
1743494994.644656,48,14,241
1743494994.679656,21,92,205
1743494994.715656,-26,2,129
1743494994.751656,-12,182,99
1743494994.786656,-10,22,-54
1743494994.8226562,29,-9,71
1743494994.857656,-81,30,105
1743494994.892656,-42,-13,97
1743494994.927656,-40,-77,237
1743494994.963656,121,-43,163
1743494994.999656,31,44,25
1743494995.034656,8,-56,79
1743494995.070656,58,-54,93
1743494995.105656,-50,0,139
1743494995.140656,-50,-107,73
1743494995.175656,45,2,143
1743494995.211656,-34,20,174
1743494995.247656,11,-35,187
1743494995.282656,-42,-51,68
1743494995.318656,41,124,244
1743494995.353656,-20,44,60
1743494995.388656,-78,-7,108
1743494995.423656,47,42,186
1743494995.459656,-46,-7,260
1743494995.495656,-18,-50,114
1743494995.530656,-4,-71,80
1743494995.566656,87,-27,70
1743494995.601656,45,92,168
1743494995.636656,27,-27,60
1743494995.671656,43,-3,174
1743494995.707656,-6,8,204
1743494995.7436562,-64,58,54
1743494995.778656,61,4,228
1743494995.814656,23,-45,130
1743494995.849656,-111,-3,140
1743494995.884656,-17,-3,130
1743494995.919656,20,52,48
1743494995.955656,-29,4,228
1743494995.991656,-67,-83,254
1743494996.0266562,48,40,144
1743494996.0626562,26,-45,114
1743494996.097656,75,0,152
1743494996.132656,67,-69,116
1743494996.167656,10,30,144
1743494996.203656,66,2,84
1743494996.239656,12,-5,192
1743494996.274656,-9,12,240
1743494996.310656,-15,-29,52
1743494996.3456562,54,10,122
1743494996.380656,4,38,4
1743494996.415656,-32,-31,52
1743494996.451656,-18,16,94
1743494996.487656,17,-15,248
1743494996.522656,-60,70,62
1743494996.558656,-12,91,80
1743494996.593656,-14,-70,94
1743494996.628656,61,-51,128
1743494996.663656,47,-13,116
1743494996.699656,13,-61,146
1743494996.735656,-86,-33,230
1743494996.770656,53,24,136
1743494996.806656,-14,-17,64
1743494996.841656,7,-31,158
1743494996.876656,51,-15,202
1743494996.911656,-36,54,210
1743494996.9476562,-22,10,248
1743494996.9836562,-16,-77,134
1743494997.018656,-13,16,92
1743494997.054656,-43,-17,64
1743494997.089656,-9,41,72
1743494997.124656,-5,18,132
1743494997.160656,14,14,168
1743494997.195656,26,-11,262
1743494997.231656,-27,74,92
1743494997.2666562,176,110,-63
1743494997.302656,70,-89,218
1743494997.337656,-20,98,162
1743494997.372656,-96,-19,-19
1743494997.408656,1,-69,-5
1743494997.443656,32,5,52
1743494997.479656,21,10,78
1743494997.514656,41,14,68
1743494997.550656,6,-23,54
1743494997.5856562,18,38,228
1743494997.620656,-25,4,18
1743494997.656656,25,-17,118
1743494997.691656,105,-45,-5
1743494997.727656,93,-35,16
1743494997.762656,-4,-21,168
1743494997.798656,-4,38,68
1743494997.833656,-18,24,130
1743494997.8686562,-20,72,74
1743494997.9046562,-60,-27,138
1743494997.939656,35,-45,108
1743494997.975656,-27,-11,86
1743494998.010656,66,54,228
1743494998.046656,-14,56,62
1743494998.081656,-32,-51,224
1743494998.116656,89,0,234
1743494998.152656,-27,6,192
1743494998.1876562,-13,6,164
1743494998.223656,-7,-95,132
1743494998.258656,42,-11,176
1743494998.294656,-43,34,30
1743494998.329656,-51,-41,138
1743494998.364656,34,-29,184
1743494998.400656,32,20,212
1743494998.435656,-29,-31,132
1743494998.471656,4,8,114
1743494998.5066562,62,28,50
1743494998.542656,6,42,100
1743494998.577656,-9,-27,144
1743494998.612656,-2,23,156
1743494998.648656,-3,-19,182
1743494998.683656,-83,0,136
1743494998.719656,-31,-9,90
1743494998.754656,-9,-39,162
1743494998.790656,-21,14,228
1743494998.825656,66,-29,74
1743494998.860656,6,52,140
1743494998.896656,12,2,82
1743494998.931656,-26,-41,150
1743494998.967656,-6,58,262
1743494999.002656,6,44,136
1743494999.038656,4,22,90
1743494999.073656,34,-33,168
1743494999.1086562,16,-81,88
1743494999.144656,32,62,144
1743494999.179656,54,30,196
1743494999.215656,-65,92,4
1743494999.250656,-77,30,106
1743494999.286656,-37,-49,46
1743494999.321656,-87,-45,116
1743494999.356656,-13,-73,66
1743494999.392656,-29,-103,42
1743494999.427656,38,46,142
1743494999.463656,30,-51,174
1743494999.498656,23,60,94
1743494999.534656,22,-9,72
1743494999.569656,-15,-5,12
1743494999.604656,74,34,26
1743494999.640656,-3,10,170
1743494999.675656,4,14,207
1743494999.711656,-51,36,55
1743494999.746656,54,-13,143
1743494999.782656,14,18,-8
1743494999.817656,39,22,169
1743494999.852656,-78,-17,61
1743494999.888656,61,-3,69
1743494999.923656,-63,-16,141
1743494999.959656,32,-24,39
1743495000.001656,6,19,125
1743495000.038656,-63,57,107
1743495000.073656,18,9,83
1743495000.1086562,-47,7,57
1743495000.144656,72,13,153
1743495000.179656,-69,-10,245
1743495000.215656,-43,113,101
1743495000.250656,-7,-14,61
1743495000.286656,-3,39,145
1743495000.321656,-39,-20,227
1743495000.356656,-35,-88,95
1743495000.392656,12,-32,173
1743495000.427656,92,-14,187
1743495000.463656,4,23,149
1743495000.498656,-13,0,201
1743495000.534656,-15,11,113
1743495000.570656,-83,-76,149
1743495000.606656,-18,73,279
1743495000.642656,10,7,63
1743495000.677656,-36,-2,159
1743495000.712656,-41,13,173
1743495000.748656,-25,3,123
1743495000.784656,-11,1,73
1743495000.819656,76,51,171
1743495000.855656,76,45,121
1743495000.890656,-28,44,107
1743495000.925656,49,-21,115
1743495000.9606562,-26,-15,143
1743495000.996656,47,0,183
1743495001.032656,43,36,-16
1743495001.067656,15,-47,83
1743495001.103656,33,-29,133
1743495001.138656,95,-23,167
1743495001.173656,-102,-89,151
1743495001.208656,103,-8,115
1743495001.244656,-6,11,145
1743495001.280656,19,-4,237
1743495001.315656,5,35,135
1743495001.351656,95,2,189
1743495001.386656,-4,17,63
1743495001.421656,25,22,109
1743495001.456656,3,18,199
1743495001.492656,1,86,95
1743495001.528656,-100,46,180
1743495001.563656,35,63,-13
1743495001.599656,21,-53,134
1743495001.634656,-40,6,10
1743495001.669656,73,3,150
1743495001.704656,11,9,148
1743495001.740656,-36,19,106
1743495001.7766562,-50,-25,132
1743495001.811656,15,5,188
1743495001.847656,7,-31,316
1743495001.882656,53,-11,64
1743495001.917656,-26,19,80
1743495001.952656,-52,-12,198
1743495001.988656,149,-49,194
1743495002.024656,43,-51,202
1743495002.059656,-31,1,162
1743495002.0956562,56,-39,176
1743495002.130656,23,-25,124
1743495002.165656,-5,39,140
1743495002.200656,-67,-17,104
1743495002.236656,48,22,64
1743495002.272656,43,22,164
1743495002.307656,-55,0,166
1743495002.343656,-35,38,35
1743495002.378656,-26,20,243
1743495002.413656,52,-34,106
1743495002.448656,-59,69,200
1743495002.484656,-11,27,90
1743495002.520656,-25,-12,202
1743495002.555656,27,3,142
1743495002.591656,-46,-2,100
1743495002.626656,34,-56,102
1743495002.661656,30,63,140
1743495002.696656,-71,21,200
1743495002.732656,58,7,76
1743495002.768656,40,1,124
1743495002.803656,-16,35,64
1743495002.839656,63,-74,196
1743495002.874656,53,-40,122
1743495002.909656,63,-64,204
1743495002.944656,33,-62,169
1743495002.980656,-38,-14,106
1743495003.0166562,33,33,22
1743495003.051656,23,21,248
1743495003.087656,35,-8,104
1743495003.122656,41,15,0
1743495003.157656,17,-36,84
1743495003.192656,31,-7,200
1743495003.228656,55,-65,196
1743495003.264656,-24,52,162
1743495003.2996562,0,14,66
1743495003.3356562,37,3,109
1743495003.370656,149,37,169
1743495003.405656,-36,-70,101
1743495003.440656,-54,-14,47
1743495003.476656,41,-30,193
1743495003.512656,55,-122,273
1743495003.547656,-82,-26,113
1743495003.583656,-30,11,111
1743495003.6186562,-50,31,99
1743495003.653656,21,-12,117
1743495003.688656,79,-8,167
1743495003.724656,23,-44,133
1743495003.760656,-28,6,125
1743495003.795656,-24,-1,155
1743495003.831656,29,-85,139
1743495003.866656,67,-85,79
1743495003.9016562,44,-35,233
1743495003.936656,-41,22,133
1743495003.972656,14,-41,23
1743495004.008656,-35,-7,117
1743495004.043656,34,-21,109
1743495004.079656,-15,48,145
1743495004.114656,28,48,207
1743495004.149656,6,-21,57
1743495004.184656,-19,-55,69
1743495004.2206562,12,6,133
1743495004.2566562,27,-5,209
1743495004.291656,47,-15,145
1743495004.327656,-26,-129,133
1743495004.362656,-134,-37,207
1743495004.397656,-4,50,97
1743495004.432656,21,-53,101
1743495004.468656,-20,-39,175
1743495004.504656,5,38,69
1743495004.5396562,14,10,237
1743495004.575656,44,60,127
1743495004.610656,34,28,173
1743495004.645656,52,-11,2
1743495004.680656,-76,0,189
1743495004.716656,-62,34,143
1743495004.752656,21,-33,115
1743495004.787656,19,-27,61
1743495004.823656,-14,26,137
1743495004.8586562,41,36,143
1743495004.893656,65,-19,235
1743495004.928656,-12,0,157
1743495004.964656,47,-3,161
1743495005.000656,3,10,139
1743495005.035656,7,10,33
1743495005.071656,1,-17,63
1743495005.106656,31,-19,101
1743495005.1416562,-8,54,85
1743495005.176656,1,32,257
1743495005.212656,0,26,181
1743495005.248656,-88,6,159
1743495005.283656,-35,25,187
1743495005.319656,-10,-43,219
1743495005.354656,92,117,93
1743495005.389656,151,-38,131
1743495005.4246562,85,16,271
1743495005.4606562,31,-29,174
1743495005.496656,15,-21,186
1743495005.531656,-10,-21,74
1743495005.567656,-50,-79,210
1743495005.602656,3,-57,104
1743495005.637656,-62,-101,-11
1743495005.672656,-6,-6,106
1743495005.708656,15,-30,148
1743495005.744656,7,54,240
1743495005.7796562,11,-37,256
1743495005.815656,45,12,146
1743495005.850656,-2,-47,128
1743495005.885656,-66,-19,94
1743495005.920656,-18,-27,158
1743495005.956656,-8,-5,152
1743495005.992656,37,-35,6
1743495006.027656,89,-49,172
1743495006.063656,-36,-11,164
1743495006.098656,-8,28,85
1743495006.133656,-40,-65,208
1743495006.168656,14,-8,153
1743495006.204656,14,-60,49
1743495006.240656,46,-10,113
1743495006.275656,76,-2,68
1743495006.311656,100,-86,98
1743495006.346656,-29,-46,83
1743495006.3816562,-33,-42,141
1743495006.416656,24,37,153
1743495006.452656,-43,-72,207
1743495006.488656,34,-12,185
1743495006.523656,2,83,93
1743495006.559656,28,37,99
1743495006.594656,-7,-7,147
1743495006.629656,19,-9,109
1743495006.665656,-12,-7,99
1743495006.700656,-28,-57,131
1743495006.736656,29,-19,187
1743495006.771656,-39,29,111
1743495006.807656,-69,0,217
1743495006.842656,-19,-14,183
1743495006.877656,8,-64,-4
1743495006.913656,66,-21,277
1743495006.948656,62,-15,187
1743495006.984656,34,-31,279
1743495007.019656,-15,26,71
1743495007.055656,3,76,177
1743495007.090656,20,-18,173
1743495007.125656,-19,51,79
1743495007.161656,62,30,5
1743495007.196656,20,44,171
1743495007.232656,2,-15,149
1743495007.267656,-117,4,299
1743495007.303656,-87,-39,131
1743495007.338656,-5,66,89
1743495007.373656,-41,-69,223
1743495007.409656,58,24,91
1743495007.444656,-19,52,133
1743495007.480656,81,-9,125
1743495007.515656,-22,92,183
1743495007.551656,19,9,241
1743495007.586656,-74,-6,119
1743495007.621656,81,-14,89
1743495007.657656,-10,-26,107
1743495007.692656,61,1,271
1743495007.728656,-62,16,103
1743495007.763656,-36,14,193
1743495007.7996562,63,-70,213
1743495007.834656,39,48,83
1743495007.869656,31,2,148
1743495007.905656,-49,-71,166
1743495007.940656,19,6,142
1743495007.976656,0,102,59
1743495008.011656,-4,-23,221
1743495008.047656,-20,-9,209
1743495008.082656,3,7,175
1743495008.117656,-4,80,65
1743495008.153656,-1,48,137
1743495008.188656,-52,11,105
1743495008.224656,51,-15,198
1743495008.259656,-42,16,62
1743495008.295656,57,-40,136
1743495008.330656,39,71,178
1743495008.365656,-52,-46,90
1743495008.4016562,30,-32,56
1743495008.436656,-12,-12,44
1743495008.472656,66,-48,136
1743495008.507656,54,0,156
1743495008.543656,-23,-37,116
1743495008.578656,116,-21,188
1743495008.613656,64,-23,136
1743495008.649656,8,-23,54
1743495008.684656,26,0,86
1743495008.7206562,26,-15,68
1743495008.755656,-25,-33,118
1743495008.791656,16,2,148
1743495008.826656,-104,-18,108
1743495008.861656,-60,31,76
1743495008.897656,43,-66,48
1743495008.932656,-42,45,204
1743495008.968656,-4,15,30
1743495009.003656,14,-2,70
1743495009.0396562,8,63,68
1743495009.074656,-81,-12,74
1743495009.109656,44,9,31
1743495009.145656,-57,45,138
1743495009.180656,-75,26,100
1743495009.216656,32,-67,80
1743495009.251656,46,-21,93
1743495009.287656,70,5,109
1743495009.3226562,14,22,75
1743495009.357656,-21,-9,51
1743495009.393656,-67,-23,173
1743495009.428656,-129,-67,219
1743495009.464656,24,57,131
1743495009.499656,46,-4,-12
1743495009.535656,-9,-107,185
1743495009.570656,-25,10,117
1743495009.605656,56,-56,141
1743495009.6416562,4,-34,75
1743495009.676656,-25,45,75
1743495009.712656,82,86,77
1743495009.747656,-29,28,77
1743495009.783656,-33,54,77
1743495009.818656,-16,30,57
1743495009.853656,6,-67,127
1743495009.889656,-7,-11,231
1743495009.9246562,16,-5,111
1743495009.9606562,14,-1,133
1743495010.002656,-46,-35,53
1743495010.0396562,81,-47,189
1743495010.075656,29,46,89
1743495010.111656,-7,2,27
1743495010.147656,-91,-51,49
1743495010.183656,-17,2,83
1743495010.219656,68,6,79
1743495010.255656,56,-13,151
1743495010.291656,24,22,179
1743495010.327656,-65,50,179
1743495010.363656,-82,68,137
1743495010.398656,41,56,215
1743495010.433656,-2,-23,193
1743495010.469656,-20,41,137
1743495010.505656,-33,51,253
1743495010.540656,-9,61,75
1743495010.576656,16,-18,69
1743495010.611656,-20,19,157
1743495010.646656,15,73,167
1743495010.681656,13,-56,79
1743495010.717656,-34,-44,203
1743495010.753656,41,0,165
1743495010.788656,-56,31,81
1743495010.824656,29,-2,247
1743495010.859656,83,-12,149
1743495010.894656,-108,36,119
1743495010.929656,-50,1,13
1743495010.965656,43,21,165
1743495011.001656,-8,21,81
1743495011.036656,35,-34,171
1743495011.0726562,-64,21,197
1743495011.107656,-22,-2,241
1743495011.142656,15,64,133
1743495011.177656,37,71,185
1743495011.213656,17,-12,115
1743495011.249656,-48,-11,64
1743495011.284656,21,-3,48
1743495011.320656,133,-11,70
1743495011.355656,3,22,192
1743495011.390656,33,24,78
1743495011.425656,-52,-7,176
1743495011.461656,7,36,184
1743495011.497656,21,-17,134
1743495011.532656,41,-13,104
1743495011.568656,55,-27,16
1743495011.603656,-92,34,128
1743495011.638656,23,75,262
1743495011.673656,-33,4,168
1743495011.709656,1,-99,58
1743495011.745656,-40,-61,224
1743495011.780656,-16,-11,150
1743495011.816656,91,-41,110
1743495011.851656,-46,-39,76
1743495011.886656,47,90,164
1743495011.921656,43,-45,-85
1743495011.957656,-69,-6,88
1743495011.9936562,34,35,30
1743495012.028656,-23,60,148
1743495012.064656,68,-5,192
1743495012.099656,-45,44,86
1743495012.134656,-19,17,318
1743495012.169656,-45,-16,192
1743495012.205656,14,71,210
1743495012.241656,-53,54,230
1743495012.2766562,42,31,100
1743495012.3126562,30,-19,97
1743495012.347656,44,47,126
1743495012.382656,-31,23,143
1743495012.417656,18,3,103
1743495012.453656,-71,-6,132
1743495012.489656,4,-38,117
1743495012.524656,-25,41,159
1743495012.560656,62,-24,221
1743495012.5956562,-23,31,195
1743495012.630656,60,-16,67
1743495012.665656,-31,-24,15
1743495012.701656,31,-21,119
1743495012.737656,-3,0,109
1743495012.772656,-38,20,29
1743495012.808656,13,-37,139
1743495012.843656,15,34,161
1743495012.878656,23,-21,115
1743495012.913656,5,-11,111
1743495012.949656,59,-13,121
1743495012.985656,41,-17,183
1743495013.020656,-100,-1,63
1743495013.056656,-10,36,169
1743495013.091656,75,-36,71
1743495013.126656,9,10,151
1743495013.161656,-8,34,167
1743495013.1976562,-80,-3,57
1743495013.2336562,-52,-4,171
1743495013.268656,-44,0,-4
1743495013.304656,-84,8,143
1743495013.339656,21,-23,201
1743495013.374656,67,-47,187
1743495013.409656,23,34,45
1743495013.445656,53,34,159
1743495013.481656,29,-39,83
1743495013.5166562,19,-93,175
1743495013.552656,-54,-107,257
1743495013.587656,-54,-13,41
1743495013.622656,11,20,207
1743495013.657656,-48,30,131
1743495013.693656,1,-7,151
1743495013.729656,-30,12,65
1743495013.764656,-42,-13,142
1743495013.800656,0,52,98
1743495013.8356562,59,-26,125
1743495013.870656,-62,13,57
1743495013.905656,63,34,147
1743495013.941656,109,-7,205
1743495013.977656,-26,22,61
1743495014.012656,-32,25,259
1743495014.048656,-50,-27,229
1743495014.083656,51,-57,95
1743495014.1186562,-16,36,177
1743495014.153656,25,6,127
1743495014.189656,-56,-43,167
1743495014.225656,15,4,93
1743495014.260656,-41,-5,89
1743495014.296656,-4,56,141
1743495014.331656,3,-3,135
1743495014.366656,5,-79,85
1743495014.4016562,11,-74,57
1743495014.4376562,31,-70,135
1743495014.473656,-88,-114,95
1743495014.508656,-44,-16,193
1743495014.544656,-58,15,185
1743495014.579656,99,-12,131
1743495014.614656,-38,-20,145
1743495014.649656,-50,35,177
1743495014.685656,77,33,91
1743495014.721656,-16,-54,151
1743495014.7566562,79,25,191
1743495014.792656,-28,97,19
1743495014.827656,-88,33,175
1743495014.862656,-32,-44,215
1743495014.897656,-28,-69,267
1743495014.933656,-66,-11,185
1743495014.969656,-16,-69,79
1743495015.004656,15,-43,35
1743495015.040656,44,6,149
1743495015.075656,-2,26,143
1743495015.110656,74,-27,97
1743495015.145656,29,14,95
1743495015.181656,73,48,29
1743495015.217656,43,-71,169
1743495015.252656,43,-17,68
1743495015.288656,54,-25,208
1743495015.323656,17,-1,132
1743495015.3586562,14,-27,168
1743495015.393656,-32,52,52
1743495015.429656,7,46,128
1743495015.465656,-8,-13,178
1743495015.500656,41,16,154
1743495015.536656,63,30,190
1743495015.571656,-58,-39,174
1743495015.606656,-26,-47,230
1743495015.6416562,106,21,66
1743495015.677656,-29,-33,112
1743495015.713656,65,-3,122
1743495015.748656,-74,-6,230
1743495015.784656,0,-12,102
1743495015.819656,-47,7,116
1743495015.854656,-13,52,112
1743495015.889656,18,23,2
1743495015.925656,52,24,14
1743495015.961656,-75,12,92
1743495015.996656,66,60,106
1743495016.032656,28,16,80
1743495016.067656,-30,21,130
1743495016.102656,15,33,156
1743495016.137656,-82,-18,116
1743495016.173656,-98,-72,170
1743495016.209656,15,3,72
1743495016.244656,-80,-12,102
1743495016.280656,41,-52,248
1743495016.315656,-2,-52,88
1743495016.350656,57,0,186
1743495016.386656,13,3,84
1743495016.421656,31,15,16
1743495016.457656,-36,-4,102
1743495016.492656,-32,45,76
1743495016.528656,-36,-60,100
1743495016.563656,-6,-6,22
1743495016.598656,-78,13,222
1743495016.634656,-30,-18,154
1743495016.669656,39,61,66
1743495016.705656,-6,-2,106
1743495016.740656,-18,-36,164
1743495016.7766562,1,21,80
1743495016.811656,73,41,160
1743495016.846656,-35,32,184
1743495016.882656,-18,-16,76
1743495016.917656,57,-8,118
1743495016.953656,53,-4,184
1743495016.988656,-30,-8,83
1743495017.024656,-56,33,115
1743495017.059656,63,23,193
1743495017.094656,47,-56,177
1743495017.130656,9,34,71
1743495017.165656,42,-39,155
1743495017.201656,11,0,107
1743495017.236656,-113,-79,69
1743495017.272656,-87,-11,-12
1743495017.307656,-21,-1,61
1743495017.342656,12,50,253
1743495017.378656,-30,36,107
1743495017.413656,-8,10,133
1743495017.449656,2,18,77
1743495017.484656,50,6,211
1743495017.520656,52,46,155
1743495017.555656,16,24,49
1743495017.590656,0,-1,175
1743495017.626656,-31,-25,183
1743495017.661656,36,19,125
1743495017.6976562,4,-6,147
1743495017.732656,-27,83,115
1743495017.768656,62,55,280
1743495017.803656,32,-16,-9
1743495017.838656,32,73,268
1743495017.874656,-45,11,128
1743495017.909656,-9,27,64
1743495017.945656,-18,33,130
1743495017.980656,64,5,162
1743495018.0166562,1,-14,-69
1743495018.051656,7,1,178
1743495018.086656,12,-2,200
1743495018.122656,-21,-4,92
1743495018.157656,-97,-12,72
1743495018.193656,0,51,132
1743495018.228656,76,-64,174
1743495018.264656,6,39,104
1743495018.2996562,44,53,130
1743495018.334656,-37,55,120
1743495018.370656,4,23,92
1743495018.405656,8,7,136
1743495018.441656,-21,-44,186
1743495018.476656,4,-30,60
1743495018.512656,-9,13,164
1743495018.547656,-19,-42,194
1743495018.582656,18,11,96
1743495018.6186562,-45,39,294
1743495018.653656,121,-24,162
1743495018.689656,71,85,176
1743495018.724656,59,33,84
1743495018.760656,-4,-8,122
1743495018.795656,57,-46,292
1743495018.830656,-67,25,120
1743495018.866656,-63,-42,56
1743495018.9016562,74,-38,136
1743495018.9376562,106,-20,138
1743495018.972656,-49,33,74
1743495019.008656,102,47,76
1743495019.043656,44,-54,98
1743495019.078656,-73,47,156
1743495019.114656,62,19,202
1743495019.149656,110,-16,136
1743495019.185656,20,7,92
1743495019.2206562,-1,-32,248
1743495019.2566562,60,39,188
1743495019.291656,-67,-38,162
1743495019.326656,21,-12,112
1743495019.362656,23,21,128
1743495019.397656,1,46,66
1743495019.433656,60,-20,112
1743495019.468656,98,40,76
1743495019.504656,44,-7,232
1743495019.5396562,108,-9,44
1743495019.574656,40,12,52
1743495019.610656,-75,32,156
1743495019.645656,24,40,108
1743495019.681656,-59,2,224
1743495019.716656,104,-67,100
1743495019.752656,-56,24,-31
1743495019.788656,-34,-23,112
1743495019.823656,-68,38,28
1743495019.8586562,25,-19,178
1743495019.894656,5,108,186
1743495019.930656,-86,24,60
1743495019.965656,0,24,40
1743495020.008656,-66,2,138
1743495020.044656,-64,40,-53
1743495020.079656,-24,44,46
1743495020.114656,-8,54,110
1743495020.150656,-6,-31,178
1743495020.186656,13,26,158
1743495020.221656,-2,-31,36
1743495020.257656,83,8,246
1743495020.292656,50,12,94
1743495020.327656,36,50,126
1743495020.362656,38,90,66
1743495020.398656,28,22,184
1743495020.434656,-39,-61,158
1743495020.469656,4,-35,92
1743495020.505656,-105,-23,156
1743495020.540656,8,2,192
1743495020.575656,12,-35,140
1743495020.610656,-2,-4,144
1743495020.646656,23,-39,106
1743495020.682656,0,20,160
1743495020.717656,3,-43,182
1743495020.753656,16,16,150
1743495020.788656,-13,-33,158
1743495020.823656,144,8,126
1743495020.8586562,-27,-15,172
1743495020.894656,86,62,134
1743495020.930656,10,42,88
1743495020.965656,-51,10,78
1743495021.001656,-29,34,300
1743495021.036656,-62,-51,150
1743495021.071656,-56,23,96
1743495021.106656,21,71,147
1743495021.142656,87,21,263
1743495021.178656,13,85,177
1743495021.213656,5,9,-12
1743495021.249656,47,37,99
1743495021.284656,-6,-28,109
1743495021.319656,3,-68,245
1743495021.354656,-72,51,193
1743495021.390656,61,-11,73
1743495021.426656,49,-54,247
1743495021.461656,-56,30,149
1743495021.497656,47,-32,285
1743495021.532656,21,5,109
1743495021.567656,-58,-18,79
1743495021.602656,-46,-14,99
1743495021.638656,-60,-14,-8
1743495021.6746562,99,15,97
1743495021.709656,-50,19,101
1743495021.745656,3,57,99
1743495021.780656,17,11,285
1743495021.815656,1,-8,107
1743495021.850656,-54,-32,225
1743495021.886656,9,49,211
1743495021.922656,-40,21,107
1743495021.957656,-86,15,83
1743495021.9936562,0,-76,115
1743495022.028656,69,-68,233
1743495022.063656,-86,-34,217
1743495022.098656,-36,-22,71
1743495022.134656,-32,-28,217
1743495022.170656,49,35,143
1743495022.205656,-26,-40,123
1743495022.241656,12,75,11
1743495022.2766562,84,-12,171
1743495022.311656,-57,21,167
1743495022.346656,8,13,143
1743495022.382656,-54,-16,207
1743495022.418656,-25,31,133
1743495022.453656,-36,7,137
1743495022.489656,17,-56,71
1743495022.524656,-40,61,43
1743495022.559656,-40,-20,63
1743495022.594656,47,57,157
1743495022.630656,-70,75,117
1743495022.666656,77,-44,175
1743495022.701656,67,41,123
1743495022.737656,53,-18,159
1743495022.772656,5,-2,133
1743495022.807656,-42,59,177
1743495022.842656,-24,-74,131
1743495022.878656,45,-34,163
1743495022.9146562,-16,-18,39
1743495022.949656,3,51,173
1743495022.985656,-14,-24,213
1743495023.020656,-28,-44,-62
1743495023.055656,-54,52,5
1743495023.090656,11,-21,245
1743495023.126656,51,-67,181
1743495023.162656,0,-51,75
1743495023.1976562,13,48,55
1743495023.2336562,37,-17,85
1743495023.268656,65,36,59
1743495023.303656,33,-11,195
1743495023.338656,23,-57,243
1743495023.374656,-40,-13,139
1743495023.410656,34,-45,121
1743495023.445656,20,-11,215
1743495023.481656,24,-24,161
1743495023.5166562,-59,9,191
1743495023.551656,36,21,195
1743495023.586656,-17,17,151
1743495023.622656,68,-10,123
1743495023.658656,-17,45,186
1743495023.693656,54,13,120
1743495023.729656,-83,-16,146
1743495023.764656,-43,21,246
1743495023.7996562,62,-44,296
1743495023.834656,-21,11,132
1743495023.870656,-27,0,174
1743495023.906656,50,-38,178
1743495023.941656,-53,13,68
1743495023.977656,18,-30,164
1743495024.012656,-10,-28,200
1743495024.047656,-8,14,106
1743495024.082656,-4,3,82
1743495024.1186562,-74,-73,198
1743495024.1546562,-29,-1,178
1743495024.189656,40,30,202
1743495024.225656,36,-15,132
1743495024.260656,-1,8,176
1743495024.295656,-35,-43,78
1743495024.330656,-122,31,164
1743495024.366656,-11,-29,82
1743495024.402656,116,0,104
1743495024.4376562,18,-26,76
1743495024.473656,54,13,68
1743495024.508656,-43,-34,112
1743495024.543656,69,13,176
1743495024.578656,11,-17,130
1743495024.614656,1,52,194
1743495024.650656,-18,-21,124
1743495024.685656,-12,36,190
1743495024.721656,-44,-63,172
1743495024.7566562,10,32,136
1743495024.791656,-13,-80,62
1743495024.826656,-31,25,-3
1743495024.862656,54,-14,84
1743495024.898656,-35,-9,185
1743495024.933656,46,79,155
1743495024.969656,32,65,112
1743495025.004656,10,0,181
1743495025.0396562,-1,-17,171
1743495025.074656,-43,8,64
1743495025.110656,-19,-17,193
1743495025.146656,22,-49,95
1743495025.181656,20,-11,235
1743495025.217656,-115,-27,139
1743495025.252656,4,18,75
1743495025.287656,85,-73,131
1743495025.3226562,-42,-3,121
1743495025.3586562,-17,8,83
1743495025.394656,-17,70,101
1743495025.429656,-77,-5,89
1743495025.465656,-25,36,99
1743495025.500656,-57,-21,214
1743495025.535656,29,21,112
1743495025.570656,-59,-8,106
1743495025.606656,10,-8,35
1743495025.642656,4,-4,55
1743495025.677656,-77,23,163
1743495025.713656,-45,107,181
1743495025.748656,-41,-4,103
1743495025.783656,-23,-12,163
1743495025.819656,-29,-14,43
1743495025.854656,0,-16,233
1743495025.890656,20,21,137
1743495025.925656,42,63,73
1743495025.961656,18,-8,91
1743495025.996656,36,36,43
1743495026.031656,100,-51,237
1743495026.067656,-29,-37,115
1743495026.102656,8,18,80
1743495026.138656,12,-81,167
1743495026.173656,-67,26,164
1743495026.209656,-47,-26,72
1743495026.244656,44,-28,34
1743495026.2796562,16,-12,72
1743495026.315656,34,10,91
1743495026.350656,-3,9,46
1743495026.386656,-9,-86,122
1743495026.421656,-33,39,150
1743495026.457656,32,-9,22
1743495026.492656,6,-68,50
1743495026.527656,-23,22,72
1743495026.563656,67,-55,124
1743495026.598656,62,-23,122
1743495026.634656,14,-5,128
1743495026.669656,20,-7,150
1743495026.705656,40,56,58
1743495026.740656,-27,55,224
1743495026.775656,-13,1,150
1743495026.811656,-5,91,12
1743495026.846656,-95,-10,80
1743495026.882656,-15,-24,269
1743495026.917656,-39,-34,165
1743495026.953656,7,-31,56
1743495026.988656,-90,7,87
1743495027.023656,-50,14,165
1743495027.059656,43,-7,119
1743495027.094656,-64,66,-24
1743495027.130656,1,-25,235
1743495027.165656,27,-39,78
1743495027.201656,0,-39,106
1743495027.236656,31,-31,42
1743495027.271656,23,24,172
1743495027.307656,17,42,169
1743495027.342656,49,-39,113
1743495027.378656,43,-41,69
1743495027.413656,7,10,-1
1743495027.449656,44,54,84
1743495027.484656,10,0,70
1743495027.519656,-11,-1,150
1743495027.555656,10,-7,198
1743495027.590656,-1,-17,206
1743495027.626656,-47,2,88
1743495027.661656,2,-17,-3
1743495027.6976562,-21,-29,204
1743495027.732656,2,22,148
1743495027.767656,4,-7,96
1743495027.803656,-51,54,88
1743495027.838656,4,6,78
1743495027.874656,-39,-37,158
1743495027.909656,42,-19,116
1743495027.945656,8,26,206
1743495027.980656,46,-9,230
1743495028.015656,-37,-29,194
1743495028.051656,-49,-57,142
1743495028.086656,-37,-45,126
1743495028.122656,-1,56,194
1743495028.157656,-21,-9,170
1743495028.193656,0,-17,200
1743495028.228656,4,-31,188
1743495028.263656,48,32,100
1743495028.2996562,-39,-17,28
1743495028.334656,2,-22,126
1743495028.370656,-87,51,212
1743495028.405656,-21,-52,160
1743495028.441656,-1,-14,66
1743495028.476656,-9,11,74
1743495028.511656,-11,35,104
1743495028.547656,0,35,158
1743495028.582656,-25,-44,126
1743495028.6186562,12,-80,156
1743495028.653656,-27,-68,126
1743495028.689656,-21,19,56
1743495028.724656,-1,31,34
1743495028.759656,100,-6,94
1743495028.795656,16,-16,86
1743495028.830656,40,-74,88
1743495028.866656,34,59,92
1743495028.9016562,24,-54,142
1743495028.9376562,34,-42,222
1743495028.972656,-33,-114,136
1743495029.007656,62,0,234
1743495029.043656,-7,-110,140
1743495029.078656,-31,-10,102
1743495029.114656,18,-24,-11
1743495029.149656,-1,39,86
1743495029.185656,-17,-14,140
1743495029.221656,11,11,164
1743495029.257656,57,53,250
1743495029.292656,79,63,45
1743495029.327656,61,-26,155
1743495029.363656,31,-10,171
1743495029.398656,149,-2,255
1743495029.434656,-50,-54,95
1743495029.469656,5,-60,77
1743495029.504656,-27,-6,95
1743495029.5396562,10,-58,169
1743495029.575656,-23,-22,185
1743495029.611656,10,-60,155
1743495029.646656,8,-6,169
1743495029.682656,26,21,115
1743495029.717656,38,-24,13
1743495029.752656,-13,-40,185
1743495029.787656,26,35,109
1743495029.823656,40,35,143
1743495029.859656,20,-59,115
1743495029.894656,-13,-16,97
1743495029.930656,-34,-17,159
1743495029.965656,22,2,193
1743495030.000656,102,-60,125
1743495030.043656,8,-20,91
1743495030.079656,-77,-31,187
1743495030.115656,18,2,113
1743495030.150656,-22,-5,159
1743495030.186656,0,-59,105
1743495030.221656,46,3,135
1743495030.2566562,-83,49,111
1743495030.291656,22,61,125
1743495030.327656,23,14,137
1743495030.363656,-47,39,63
1743495030.398656,42,-8,5
1743495030.434656,86,35,127
1743495030.469656,22,-77,129
1743495030.504656,-9,-73,129
1743495030.5396562,-25,-61,119
1743495030.575656,-13,-37,197
1743495030.611656,-28,86,127
1743495030.646656,93,10,101
1743495030.682656,65,70,161
1743495030.717656,-11,-83,215
1743495030.752656,63,18,107
1743495030.787656,-8,-51,69
1743495030.823656,-18,0,83
1743495030.859656,69,-17,169
1743495030.894656,11,-15,129
1743495030.930656,45,-9,127
1743495030.965656,43,-65,115
1743495031.000656,37,-11,153
1743495031.035656,-96,6,125
1743495031.071656,25,56,125
1743495031.107656,-50,-47,141
1743495031.142656,-38,16,203
1743495031.178656,23,21,45
1743495031.213656,23,-45,192
1743495031.248656,-22,16,94
1743495031.283656,3,-13,156
1743495031.319656,-10,32,196
1743495031.355656,-84,-21,136
1743495031.390656,31,-49,104
1743495031.426656,33,12,102
1743495031.461656,-26,-33,132
1743495031.496656,-100,-25,88
1743495031.531656,19,18,192
1743495031.567656,29,-51,100
1743495031.603656,-40,-1,96
1743495031.638656,93,-9,110
1743495031.6746562,43,17,108
1743495031.709656,-2,-33,112
1743495031.744656,-6,-44,182
1743495031.7796562,77,-4,154
1743495031.815656,55,9,134
1743495031.851656,21,5,101
1743495031.886656,29,17,259
1743495031.922656,23,27,109
1743495031.957656,-36,1,249
1743495031.992656,-22,-4,273
1743495032.027656,65,33,117
1743495032.063656,-32,-18,291
1743495032.099656,-52,-58,147
1743495032.134656,41,1,141
1743495032.170656,55,-30,93
1743495032.205656,-24,-6,143
1743495032.240656,-74,17,127
1743495032.275656,-46,-32,107
1743495032.311656,31,-100,129
1743495032.347656,19,71,29
1743495032.382656,0,-84,189
1743495032.418656,-28,-32,129
1743495032.453656,-34,-15,83
1743495032.488656,90,50,89
1743495032.523656,24,0,131
1743495032.559656,-21,-9,49
1743495032.5956562,22,-67,125
1743495032.630656,-13,16,123
1743495032.666656,88,-97,141
1743495032.701656,-91,18,63
1743495032.736656,42,-25,109
1743495032.771656,-119,-59,207
1743495032.807656,16,-11,55
1743495032.843656,21,-47,51
1743495032.878656,19,42,89
1743495032.9146562,-51,6,63
1743495032.949656,-17,-8,35
1743495032.984656,2,-12,85
1743495033.019656,22,23,115
1743495033.055656,98,17,99
1743495033.091656,-51,-42,159
1743495033.126656,56,11,121
1743495033.162656,32,-26,103
1743495033.1976562,-21,31,83
1743495033.232656,-45,-20,221
1743495033.267656,-3,-6,133
1743495033.303656,10,-8,215
1743495033.339656,-49,24,181
1743495033.374656,-19,12,189
1743495033.410656,4,11,101
1743495033.445656,62,-1,147
1743495033.480656,-39,-33,215
1743495033.515656,-22,-29,125
1743495033.551656,-31,44,93
1743495033.587656,31,-47,157
1743495033.622656,49,32,215
1743495033.658656,35,0,101
1743495033.693656,-4,58,255
1743495033.728656,-46,-31,117
1743495033.763656,-20,36,15
1743495033.7996562,-36,18,183
1743495033.8356562,51,44,181
1743495033.870656,37,-13,259
1743495033.906656,29,78,183
1743495033.941656,13,42,223
1743495033.976656,-24,-1,113
1743495034.011656,-38,-47,73
1743495034.047656,5,44,211
1743495034.083656,-28,0,186
1743495034.1186562,-40,-63,138
1743495034.1546562,-22,-35,182
1743495034.189656,-40,-53,138
1743495034.224656,47,-15,140
1743495034.259656,53,28,116
1743495034.295656,61,34,80
1743495034.331656,35,10,218
1743495034.366656,5,14,86
1743495034.402656,51,50,164
1743495034.4376562,7,-13,146
1743495034.472656,-48,-25,138
1743495034.507656,-27,82,224
1743495034.543656,32,52,152
1743495034.579656,6,-53,156
1743495034.614656,-46,-81,222
1743495034.650656,13,-65,4
1743495034.685656,109,-67,120
1743495034.7206562,7,13,276
1743495034.755656,17,1,90
1743495034.791656,61,-52,190
1743495034.827656,63,54,88
1743495034.862656,31,14,116
1743495034.898656,7,2,92
1743495034.933656,9,-65,92
1743495034.968656,-38,2,218
1743495035.003656,-8,-37,114
1743495035.0396562,-56,-33,144
1743495035.075656,-6,64,232
1743495035.110656,35,30,220
1743495035.146656,17,-39,-11
1743495035.181656,-8,32,96
1743495035.216656,25,-31,94
1743495035.252656,-38,56,136
1743495035.287656,1,-11,170
1743495035.323656,-10,18,268
1743495035.3586562,79,-31,94
1743495035.394656,-4,-3,38
1743495035.429656,7,-71,150
1743495035.464656,59,-83,118
1743495035.500656,-22,0,106
1743495035.535656,101,22,82
1743495035.571656,51,-13,86
1743495035.606656,39,44,118
1743495035.642656,-64,14,216
1743495035.677656,127,-45,180
1743495035.712656,1,-67,174
1743495035.748656,-34,30,-5
1743495035.783656,-50,-1,214
1743495035.819656,-13,74,130
1743495035.854656,20,6,138
1743495035.890656,-37,52,196
1743495035.925656,-23,-29,152
1743495035.9606562,48,-69,180
1743495035.996656,-57,50,100
1743495036.031656,24,-29,24
1743495036.067656,68,22,124
1743495036.102656,28,52,118
1743495036.138656,-109,-88,116
1743495036.173656,-21,-12,168
1743495036.208656,-37,23,120
1743495036.244656,-3,-66,174
1743495036.2796562,34,-88,166
1743495036.315656,-17,13,108
1743495036.350656,6,17,182
1743495036.386656,-37,61,74
1743495036.421656,42,-30,74
1743495036.456656,-49,-36,138
1743495036.492656,-25,-2,72
1743495036.527656,108,67,60
1743495036.563656,30,-44,100
1743495036.598656,-45,-8,78
1743495036.634656,10,19,160
1743495036.669656,-33,-18,58
1743495036.704656,-63,59,82
1743495036.740656,32,57,100
1743495036.775656,34,33,132
1743495036.811656,24,19,206
1743495036.846656,-54,27,190
1743495036.882656,44,-68,202
1743495036.917656,36,-44,134
1743495036.952656,-41,75,84
1743495036.988656,97,27,203
1743495037.023656,0,36,155
1743495037.059656,19,14,123
1743495037.094656,-4,-19,-8
1743495037.130656,-22,-31,87
1743495037.165656,7,48,247
1743495037.200656,-4,8,73
1743495037.236656,41,-25,27
1743495037.271656,-18,-41,235
1743495037.307656,-34,50,85
1743495037.342656,-26,16,189
1743495037.378656,-10,-53,119
1743495037.413656,55,-15,93
1743495037.448656,-116,10,189
1743495037.484656,41,-73,73
1743495037.519656,-4,-39,79
1743495037.555656,11,56,113
1743495037.590656,75,20,107
1743495037.626656,3,2,57
1743495037.661656,-54,-9,139
1743495037.696656,37,-15,165
1743495037.732656,-20,-33,181
1743495037.767656,-60,-17,-14
1743495037.803656,19,20,113
1743495037.838656,-22,34,0
1743495037.874656,9,0,119
1743495037.909656,-57,-47,153
1743495037.944656,-23,-53,177
1743495037.980656,108,-73,3
1743495038.015656,-33,34,129
1743495038.051656,8,-97,101
1743495038.086656,-57,-43,127
1743495038.122656,-11,-33,171
1743495038.157656,6,-71,145
1743495038.192656,-19,-65,241
1743495038.228656,-83,13,0
1743495038.263656,-97,49,193
1743495038.2996562,57,-29,145
1743495038.334656,15,-55,135
1743495038.370656,-13,-5,219
1743495038.405656,-40,24,169
1743495038.440656,40,-61,187
1743495038.476656,14,48,91
1743495038.511656,0,-61,165
1743495038.547656,19,-23,155
1743495038.582656,-11,7,169
1743495038.6186562,-33,-27,197
1743495038.653656,59,28,125
1743495038.688656,-8,92,237
1743495038.724656,12,-8,145
1743495038.759656,16,65,127
1743495038.795656,-92,-39,231
1743495038.830656,7,56,-4
1743495038.866656,-74,28,103
1743495038.902656,51,22,13
1743495038.938656,-44,-57,101
1743495038.974656,77,-69,105
1743495039.009656,-60,-29,191
1743495039.044656,-9,68,85
1743495039.080656,-89,50,103
1743495039.116656,44,4,69
1743495039.1516562,-61,-65,101
1743495039.1876562,90,18,171
1743495039.222656,-25,-12,109
1743495039.257656,82,-68,47
1743495039.292656,-5,-4,105
1743495039.328656,-29,-46,193
1743495039.364656,-37,5,175
1743495039.399656,-17,31,165
1743495039.435656,86,17,167
1743495039.4706562,-64,-43,201
1743495039.505656,24,-72,281
1743495039.540656,-15,-16,87
1743495039.576656,22,-42,67
1743495039.612656,-45,7,127
1743495039.647656,12,25,255
1743495039.683656,-39,53,127
1743495039.718656,22,-6,201
1743495039.753656,12,15,105
1743495039.788656,26,-50,227
1743495039.824656,22,0,165
1743495039.860656,-40,13,141
1743495039.895656,42,-30,205
1743495039.931656,-32,-41,125
1743495039.966656,37,-9,147
1743495040.001656,-34,14,73
1743495040.044656,1,-13,163
1743495040.080656,-8,-63,83
1743495040.116656,41,-13,75
1743495040.1516562,7,76,203
1743495040.1876562,9,-3,35
1743495040.222656,33,54,121
1743495040.257656,44,27,59
1743495040.292656,14,16,102
1743495040.328656,14,-41,96
1743495040.364656,-9,-23,172
1743495040.399656,20,48,127
1743495040.435656,-3,-33,125
1743495040.4706562,-31,-5,221
1743495040.505656,71,94,101
1743495040.540656,-52,-37,227
1743495040.576656,55,24,29
1743495040.612656,-10,-83,167
1743495040.647656,47,-65,19
1743495040.683656,-48,22,197
1743495040.718656,34,66,171
1743495040.753656,36,-33,213
1743495040.788656,58,8,107
1743495040.824656,-137,-29,-14
1743495040.860656,-21,52,150
1743495040.895656,0,58,146
1743495040.931656,6,62,138
1743495040.966656,-7,26,132
1743495041.001656,60,-75,116
1743495041.036656,-37,-29,111
1743495041.0726562,28,26,125
1743495041.1086562,26,-20,131
1743495041.143656,8,20,175
1743495041.179656,-43,-23,101
1743495041.214656,16,36,29
1743495041.249656,14,4,105
1743495041.284656,-53,-43,163
1743495041.320656,14,27,224
1743495041.356656,6,-66,181
1743495041.3916562,-51,6,189
1743495041.427656,-14,7,119
1743495041.462656,-80,81,79
1743495041.497656,1,-42,217
1743495041.532656,-19,-43,-110
1743495041.568656,54,56,61
1743495041.604656,58,50,167
1743495041.639656,68,22,33
1743495041.675656,-69,28,243
1743495041.7106562,20,-33,162
1743495041.745656,22,-45,128
1743495041.780656,34,-33,200
1743495041.816656,-19,-49,112
1743495041.852656,42,70,128
1743495041.887656,93,-34,110
1743495041.923656,33,-112,118
1743495041.958656,-10,-28,136
1743495041.9936562,33,-52,-17
1743495042.028656,-34,1,230
1743495042.064656,-54,-46,100
1743495042.100656,47,19,214
1743495042.135656,29,-4,92
1743495042.171656,-31,4,126
1743495042.206656,-23,-36,62
1743495042.241656,-1,24,256
1743495042.2766562,70,11,150
1743495042.3126562,-49,43,56
1743495042.348656,-25,20,196
1743495042.383656,-53,-5,140
1743495042.419656,-3,-55,178
1743495042.454656,50,36,182
1743495042.489656,20,12,232
1743495042.524656,0,32,92
1743495042.560656,52,-27,78
1743495042.596656,64,62,176
1743495042.6316562,-53,-9,174
1743495042.667656,56,-55,202
1743495042.702656,20,-53,248
1743495042.737656,60,-9,56
1743495042.772656,-39,14,38
1743495042.808656,-123,16,168
1743495042.844656,-9,-57,52
1743495042.879656,-70,-17,78
1743495042.915656,-12,6,168
1743495042.950656,-42,10,94
1743495042.985656,-4,-25,54
1743495043.020656,53,-3,160
1743495043.056656,-6,-87,198
1743495043.092656,-72,50,138
1743495043.127656,43,-3,154
1743495043.163656,47,-26,174
1743495043.198656,-40,5,106
1743495043.2336562,-89,-69,132
1743495043.268656,-45,20,14
1743495043.304656,56,-23,60
1743495043.340656,-27,-8,90
1743495043.375656,50,15,196
1743495043.411656,64,-28,130
1743495043.446656,-49,63,42
1743495043.481656,4,-70,154
1743495043.5166562,26,59,42
1743495043.552656,-53,33,228
1743495043.588656,24,-3,66
1743495043.623656,15,-23,166
1743495043.659656,-31,-43,112
1743495043.694656,-49,40,212
1743495043.729656,68,-39,72
1743495043.764656,-23,14,90
1743495043.800656,62,-22,154
1743495043.836656,-85,27,156
1743495043.871656,-29,-55,92
1743495043.907656,122,-47,172
1743495043.942656,32,-37,148
1743495043.977656,-38,56,120
1743495044.012656,-46,-105,180
1743495044.048656,42,-21,166
1743495044.084656,7,56,224
1743495044.119656,-34,-1,160
1743495044.155656,-8,88,192
1743495044.190656,-2,-39,232
1743495044.225656,-20,16,20
1743495044.260656,69,16,244
1743495044.296656,23,-53,-85
1743495044.332656,17,-29,158
1743495044.367656,-27,54,186
1743495044.403656,-33,-17,128
1743495044.438656,-47,-1,-29
1743495044.473656,36,-1,172
1743495044.508656,77,-11,208
1743495044.544656,74,-37,186
1743495044.580656,40,10,156
1743495044.615656,-29,19,150
1743495044.6516562,-9,20,210
1743495044.686656,30,-139,108
1743495044.721656,42,22,128
1743495044.7566562,-15,14,64
1743495044.792656,60,24,94
1743495044.828656,46,-43,139
1743495044.863656,48,54,37
1743495044.899656,-31,-1,203
1743495044.934656,-41,-85,99
1743495044.969656,16,-3,189
1743495045.005656,-29,50,99
1743495045.040656,48,36,135
1743495045.076656,60,-51,261
1743495045.111656,-34,30,79
1743495045.147656,1,64,153
1743495045.182656,-8,54,41
1743495045.217656,48,-15,111
1743495045.253656,50,-72,19
1743495045.288656,-23,-44,217
1743495045.324656,-65,-55,157
1743495045.359656,-3,8,175
1743495045.395656,44,-5,293
1743495045.430656,18,22,149
1743495045.465656,-61,-37,93
1743495045.501656,0,-28,53
1743495045.536656,72,-24,35
1743495045.5726562,46,-76,251
1743495045.607656,-27,-3,135
1743495045.643656,-3,-45,211
1743495045.678656,16,-50,115
1743495045.713656,4,35,203
1743495045.749656,50,29,194
1743495045.784656,-11,-30,190
1743495045.820656,62,-30,175
1743495045.855656,-69,53,91
1743495045.8916562,-37,-65,159
1743495045.926656,-21,-40,-18
1743495045.961656,44,-29,107
1743495045.997656,126,20,195
1743495046.032656,66,14,51
1743495046.068656,14,26,147
1743495046.103656,75,66,47
1743495046.139656,55,22,137
1743495046.1746562,-28,-19,233
1743495046.209656,31,-21,170
1743495046.245656,0,2,175
1743495046.280656,-35,50,147
1743495046.316656,-15,22,161
1743495046.351656,-43,10,47
1743495046.387656,-5,-69,145
1743495046.422656,70,-25,101
1743495046.457656,19,23,195
1743495046.4936562,-3,9,117
1743495046.528656,-11,1,91
1743495046.564656,6,-25,225
1743495046.599656,8,44,49
1743495046.635656,8,7,22
1743495046.670656,26,29,151
1743495046.705656,-11,17,129
1743495046.741656,-5,11,159
1743495046.7766562,-19,19,143
1743495046.8126562,2,5,91
1743495046.847656,13,-94,127
1743495046.883656,39,5,79
1743495046.918656,-6,13,297
1743495046.953656,13,-60,119
1743495046.989656,35,-16,165
1743495047.024656,-22,9,119
1743495047.060656,-4,9,153
1743495047.0956562,51,31,109
1743495047.1316562,69,45,145
1743495047.166656,10,-2,87
1743495047.201656,32,11,127
1743495047.237656,42,0,193
1743495047.272656,-39,-52,139
1743495047.308656,15,-6,209
1743495047.343656,83,37,71
1743495047.379656,7,21,197
1743495047.4146562,27,43,107
1743495047.449656,-14,-70,167
1743495047.485656,5,-14,155
1743495047.520656,-21,-10,43
1743495047.556656,-29,51,231
1743495047.591656,-15,-14,107
1743495047.627656,-29,-21,175
1743495047.662656,12,-63,143
1743495047.6976562,-35,6,91
1743495047.7336562,66,-67,129
1743495047.768656,120,16,173
1743495047.804656,22,-75,67
1743495047.839656,4,42,195
1743495047.875656,84,44,139
1743495047.910656,-52,-1,157
1743495047.945656,35,18,203
1743495047.981656,12,28,125
1743495048.0166562,13,77,123
1743495048.052656,38,2,123
1743495048.087656,16,-19,203
1743495048.123656,96,12,73
1743495048.158656,-7,-39,103
1743495048.193656,80,49,31
1743495048.229656,0,-5,159
1743495048.264656,0,8,75
1743495048.300656,-53,-55,181
1743495048.3356562,32,20,181
1743495048.370656,50,16,-46
1743495048.405656,26,-11,131
1743495048.441656,-19,14,23
1743495048.477656,112,16,173
1743495048.512656,-59,-33,127
1743495048.548656,58,-113,193
1743495048.583656,38,-21,57
1743495048.6186562,24,-1,61
1743495048.653656,52,-85,75
1743495048.689656,66,-45,239
1743495048.725656,26,56,157
1743495048.760656,24,60,115
1743495048.796656,-16,-1,105
1743495048.831656,-8,-35,208
1743495048.866656,13,-28,72
1743495048.9016562,-95,44,130
1743495048.9376562,-19,36,138
1743495048.973656,-7,32,158
1743495049.008656,82,-29,186
1743495049.044656,49,26,164
1743495049.079656,63,-35,88
1743495049.114656,-28,-57,140
1743495049.149656,-14,0,152
1743495049.185656,-16,-37,60
1743495049.221656,42,102,196
1743495049.2566562,-46,-39,124
1743495049.292656,-63,0,132
1743495049.327656,46,-15,118
1743495049.362656,20,16,162
1743495049.397656,18,-13,18
1743495049.433656,62,42,50
1743495049.469656,-21,12,104
1743495049.504656,-25,-13,118
1743495049.540656,-37,4,122
1743495049.575656,-15,-57,66
1743495049.610656,18,-105,338
1743495049.645656,14,2,234
1743495049.681656,-23,-53,126
1743495049.717656,14,-13,96
1743495049.752656,-75,40,140
1743495049.788656,-25,46,102
1743495049.823656,-11,26,170
1743495049.8586562,53,-23,128
1743495049.893656,-8,60,200
1743495049.929656,47,-23,140
1743495049.965656,-48,-23,70
1743495050.000656,41,4,152
1743495050.036656,27,-9,150
1743495050.078656,9,42,164
1743495050.114656,61,-23,100
1743495050.149656,-1,-37,138
1743495050.185656,-21,2,58
1743495050.221656,32,-3,188
1743495050.2566562,16,71,168
1743495050.292656,-61,-40,194
1743495050.327656,37,-4,38
1743495050.362656,5,-56,32
1743495050.397656,17,-6,184
1743495050.433656,33,-20,186
1743495050.469656,-32,-18,160
1743495050.504656,37,83,80
1743495050.540656,46,5,84
1743495050.575656,12,-12,76
1743495050.610656,42,-24,118
1743495050.645656,-32,-2,218
1743495050.681656,55,57,96
1743495050.717656,5,3,176
1743495050.752656,-10,-85,78
1743495050.788656,23,42,50
1743495050.823656,-22,-67,122
1743495050.8586562,55,-27,146
1743495050.893656,-88,-37,-21
1743495050.929656,49,2,106
1743495050.965656,17,24,86
1743495051.000656,0,18,76
1743495051.036656,35,-19,32
1743495051.071656,-14,94,102
1743495051.106656,2,-11,26
1743495051.1416562,17,30,120
1743495051.177656,-25,-49,94
1743495051.213656,-2,-17,62
1743495051.248656,31,-18,48
1743495051.284656,-22,-28,206
1743495051.319656,59,1,88
1743495051.354656,-46,0,270
1743495051.389656,17,-28,122
1743495051.425656,-18,25,130
1743495051.461656,51,53,166
1743495051.496656,-58,15,110
1743495051.532656,-22,103,114
1743495051.567656,-74,-48,208
1743495051.602656,25,-16,128
1743495051.637656,-4,11,134
1743495051.673656,-26,3,54
1743495051.709656,9,-6,160
1743495051.744656,37,-24,148
1743495051.780656,-43,7,58
1743495051.815656,79,7,132
1743495051.850656,10,-22,108
1743495051.885656,-121,-7,162
1743495051.921656,30,24,124
1743495051.957656,56,-11,72
1743495051.992656,8,-3,202
1743495052.028656,72,-49,108
1743495052.063656,-17,8,100
1743495052.098656,10,-37,44
1743495052.133656,32,14,164
1743495052.169656,-69,-5,136
1743495052.205656,22,-2,230
1743495052.240656,50,61,76
1743495052.2766562,-93,-9,296
1743495052.311656,66,-8,102
1743495052.346656,-21,-3,94
1743495052.3816562,14,14,76
1743495052.417656,-65,-77,204
1743495052.453656,-49,-9,142
1743495052.488656,26,-29,68
1743495052.524656,-55,-13,164
1743495052.559656,4,56,120
1743495052.594656,18,18,148
1743495052.629656,16,2,180
1743495052.665656,58,16,142
1743495052.701656,18,38,118
1743495052.736656,-38,-7,134
1743495052.772656,7,-3,94
1743495052.807656,9,-1,108
1743495052.842656,-18,-33,170
1743495052.877656,115,-27,52
1743495052.913656,81,19,90
1743495052.949656,-66,-45,262
1743495052.984656,5,-23,152
1743495053.020656,-18,12,48
1743495053.055656,-22,38,142
1743495053.090656,-26,20,264
1743495053.125656,31,0,98
1743495053.161656,89,0,168
1743495053.1976562,-32,2,178
1743495053.232656,49,14,22
1743495053.268656,-12,-35,142
1743495053.303656,17,-35,162
1743495053.338656,11,-3,80
1743495053.373656,61,20,242
1743495053.409656,-128,-83,112
1743495053.445656,7,-3,120
1743495053.480656,23,-17,132
1743495053.5166562,15,10,30
1743495053.551656,3,-9,48
1743495053.586656,-52,-45,128
1743495053.621656,27,20,158
1743495053.657656,113,10,224
1743495053.693656,-2,-3,30
1743495053.728656,-25,-37,232
1743495053.764656,-3,-47,44
1743495053.7996562,0,42,182
1743495053.834656,40,-29,-45
1743495053.869656,-53,-21,40
1743495053.905656,-33,44,146
1743495053.941656,34,-55,122
1743495053.976656,4,22,94
1743495054.012656,38,-33,148
1743495054.047656,110,6,202
1743495054.082656,8,20,100
1743495054.117656,67,12,120
1743495054.153656,-24,36,202
1743495054.189656,-27,-65,244
1743495054.224656,-23,22,74
1743495054.260656,-45,-71,76
1743495054.295656,-23,-5,36
1743495054.330656,2,-9,80
1743495054.365656,-22,3,240
1743495054.4016562,13,52,185
1743495054.4376562,-18,32,125
1743495054.472656,0,-27,173
1743495054.508656,-1,52,45
1743495054.543656,17,-45,51
1743495054.578656,18,-47,75
1743495054.614656,-2,-27,159
1743495054.649656,-58,26,47
1743495054.685656,13,-15,161
1743495054.7206562,-68,54,85
1743495054.7566562,17,-71,239
1743495054.791656,17,-1,127
1743495054.826656,51,-59,177
1743495054.862656,-42,58,56
1743495054.897656,-16,0,172
1743495054.933656,-8,-31,95
1743495054.968656,17,14,122
1743495055.004656,13,40,142
1743495055.0396562,0,54,174
1743495055.074656,-44,-103,-47
1743495055.110656,23,-9,250
1743495055.145656,43,-21,120
1743495055.181656,67,-18,204
1743495055.216656,-50,7,242
1743495055.252656,15,49,90
1743495055.287656,69,-64,300
1743495055.3226562,-52,-52,104
1743495055.3586562,-32,-15,162
1743495055.393656,-34,-7,224
1743495055.429656,32,6,174
1743495055.464656,32,-17,88
1743495055.500656,30,22,44
1743495055.535656,-41,-9,200
1743495055.570656,0,-11,80
1743495055.606656,43,68,118
1743495055.6416562,75,-11,204
1743495055.677656,12,0,160
1743495055.712656,34,-38,216
1743495055.748656,28,-64,122
1743495055.783656,-2,-44,114
1743495055.818656,41,31,192
1743495055.854656,28,-30,132
1743495055.889656,-28,-45,126
1743495055.925656,0,36,162
1743495055.9606562,-72,94,104
1743495055.996656,19,30,152
1743495056.031656,3,52,72
1743495056.066656,-56,16,132
1743495056.102656,3,-27,142
1743495056.137656,38,12,190
1743495056.173656,-9,-35,116
1743495056.208656,30,-63,168
1743495056.244656,-1,30,170
1743495056.2796562,12,-11,44
1743495056.314656,78,-37,128
1743495056.350656,-11,0,116
1743495056.385656,-7,16,136
1743495056.421656,-17,-6,179
1743495056.456656,48,0,81
1743495056.492656,112,-53,78
1743495056.527656,16,38,168
1743495056.5626562,-23,-15,157
1743495056.598656,52,2,235
1743495056.633656,-15,28,101
1743495056.669656,8,12,191
1743495056.704656,10,68,239
1743495056.740656,-13,-47,207
1743495056.775656,40,-1,97
1743495056.810656,100,12,37
1743495056.846656,-75,3,33
1743495056.8816562,60,58,181
1743495056.917656,62,-42,152
1743495056.952656,48,-11,235
1743495056.988656,-29,1,122
1743495057.023656,56,0,130
1743495057.058656,-27,-74,161
1743495057.094656,-5,-22,115
1743495057.129656,-3,25,215
1743495057.165656,-61,39,173
1743495057.200656,-9,-6,155
1743495057.236656,0,-23,175
1743495057.271656,64,74,97
1743495057.306656,38,6,109
1743495057.342656,0,14,57
1743495057.377656,35,-1,59
1743495057.413656,-91,28,145
1743495057.448656,54,-11,137
1743495057.484656,38,-60,71
1743495057.519656,8,29,83
1743495057.554656,-35,17,61
1743495057.590656,-77,-3,117
1743495057.625656,42,50,45
1743495057.661656,-65,44,125
1743495057.696656,66,-7,139
1743495057.732656,-3,84,121
1743495057.767656,-91,-11,249
1743495057.802656,-25,56,211
1743495057.838656,-57,-29,175
1743495057.873656,20,-19,255
1743495057.909656,-107,60,97
1743495057.944656,12,-24,-4
1743495057.980656,68,54,285
1743495058.0166562,32,81,27
1743495058.051656,-21,1,121
1743495058.086656,6,-86,147
1743495058.122656,-23,19,147
1743495058.158656,0,16,123
1743495058.193656,-9,6,51
1743495058.229656,4,66,103
1743495058.264656,40,-41,37
1743495058.2996562,-43,22,171
1743495058.334656,-5,-21,11
1743495058.370656,-86,-24,215
1743495058.406656,7,-8,63
1743495058.441656,-34,19,297
1743495058.477656,-96,25,265
1743495058.512656,77,-5,115
1743495058.547656,25,-67,187
1743495058.582656,43,-21,99
1743495058.6186562,13,42,187
1743495058.6546562,-10,41,177
1743495058.689656,33,33,151
1743495058.725656,67,13,169
1743495058.760656,33,-37,173
1743495058.795656,-32,11,115
1743495058.830656,-14,-70,105
1743495058.866656,22,-65,61
1743495058.902656,-22,-30,145
1743495058.9376562,17,-36,153
1743495058.973656,58,-33,-8
1743495059.008656,-73,-1,127
1743495059.043656,-112,-96,171
1743495059.078656,-6,-86,171
1743495059.114656,-3,17,83
1743495059.150656,11,55,149
1743495059.185656,-30,-16,69
1743495059.221656,23,-62,43
1743495059.2566562,32,-65,61
1743495059.291656,-31,-18,149
1743495059.326656,-15,13,137
1743495059.362656,-29,-42,191
1743495059.398656,-67,-14,129
1743495059.433656,76,43,66
1743495059.469656,-29,15,248
1743495059.504656,-115,18,194
1743495059.5396562,-25,12,208
1743495059.574656,-45,4,86
1743495059.610656,40,-29,144
1743495059.646656,10,-7,264
1743495059.681656,26,-59,138
1743495059.717656,-103,32,174
1743495059.752656,-43,30,236
1743495059.787656,5,-95,208
1743495059.8226562,3,-7,56
1743495059.8586562,37,-51,66
1743495059.894656,25,-26,250
1743495059.929656,103,21,176
1743495059.965656,43,51,106
1743495060.000656,-36,45,158
1743495060.035656,61,-36,68
1743495060.070656,-6,43,116
1743495060.113656,0,-46,152
1743495060.150656,-86,-60,150
1743495060.185656,21,-32,220
1743495060.221656,69,-16,160
1743495060.2566562,39,43,148
1743495060.291656,3,53,90
1743495060.326656,-56,-14,138
1743495060.362656,1,49,114
1743495060.398656,-4,-14,198
1743495060.433656,-32,13,134
1743495060.469656,9,-39,102
1743495060.504656,-43,-29,210
1743495060.5396562,24,54,82
1743495060.574656,42,-7,132
1743495060.610656,-11,-50,224
1743495060.646656,34,2,162
1743495060.681656,-31,-19,58
1743495060.717656,20,-25,164
1743495060.752656,10,16,76
1743495060.787656,3,-25,172
1743495060.8226562,24,-61,98
1743495060.8586562,59,14,98
1743495060.894656,115,80,200
1743495060.929656,41,-33,258
1743495060.965656,11,-31,130
1743495061.000656,-84,14,42
1743495061.035656,-30,36,182
1743495061.070656,105,-25,84
1743495061.106656,-18,-3,119
1743495061.142656,39,38,-10
1743495061.177656,47,-11,131
1743495061.213656,-14,-39,129
1743495061.248656,13,42,147
1743495061.283656,-36,40,73
1743495061.318656,37,36,40
1743495061.354656,21,-5,160
1743495061.390656,51,30,196
1743495061.425656,1,32,67
1743495061.461656,-16,12,173
1743495061.496656,43,-11,229
1743495061.531656,-46,26,71
1743495061.566656,-18,-7,67
1743495061.602656,45,54,79
1743495061.638656,-14,9,167
1743495061.673656,15,-14,79
1743495061.709656,31,15,79
1743495061.744656,21,-50,95
1743495061.7796562,-32,-22,44
1743495061.814656,-6,8,109
1743495061.850656,-12,8,108
1743495061.886656,7,18,230
1743495061.921656,-70,40,280
1743495061.957656,-22,18,168
1743495061.992656,-32,-47,150
1743495062.027656,-40,-31,106
1743495062.0626562,-50,-49,238
1743495062.098656,17,16,130
1743495062.134656,86,29,217
1743495062.169656,38,-22,-17
1743495062.205656,91,8,188
1743495062.240656,-23,3,168
1743495062.275656,-65,-2,210
1743495062.310656,-19,-64,110
1743495062.346656,-15,89,166
1743495062.382656,60,35,108
1743495062.417656,56,29,50
1743495062.453656,51,-22,182
1743495062.488656,13,59,146
1743495062.523656,16,61,144
1743495062.558656,-59,-14,232
1743495062.594656,30,-42,72
1743495062.630656,-63,-18,46
1743495062.665656,12,29,130
1743495062.701656,-78,51,50
1743495062.736656,-50,20,156
1743495062.771656,36,15,44
1743495062.806656,33,50,242
1743495062.842656,11,6,14
1743495062.878656,51,0,102
1743495062.913656,5,6,108
1743495062.949656,69,-27,192
1743495062.984656,-12,26,128
1743495063.019656,19,30,190
1743495063.054656,47,26,136
1743495063.090656,-36,18,232
1743495063.126656,43,15,216
1743495063.161656,11,55,124
1743495063.1976562,5,6,78
1743495063.232656,-58,56,218
1743495063.267656,5,-39,172
1743495063.302656,-28,14,54
1743495063.338656,-33,-7,82
1743495063.374656,56,-23,270
1743495063.409656,2,-33,90
1743495063.445656,24,70,116
1743495063.480656,9,16,134
1743495063.515656,7,-1,108
1743495063.550656,-2,8,152
1743495063.586656,11,-77,238
1743495063.622656,7,-11,50
1743495063.657656,9,-55,86
1743495063.693656,-16,10,60
1743495063.728656,-16,-23,242
1743495063.763656,19,20,108
1743495063.798656,-62,21,156
1743495063.834656,33,-38,198
1743495063.870656,9,-36,266
1743495063.905656,11,13,180
1743495063.941656,37,-8,142
1743495063.976656,99,-40,182
1743495064.011656,3,-52,84
1743495064.047656,55,73,277
1743495064.082656,9,-61,127
1743495064.1186562,-40,-28,229
1743495064.153656,-68,77,199
1743495064.189656,-4,13,188
1743495064.224656,17,-6,133
1743495064.259656,29,-38,140
1743495064.295656,-6,-14,-1
1743495064.330656,7,-58,198
1743495064.366656,-14,17,276
1743495064.4016562,-36,19,128
1743495064.4376562,-6,-6,116
1743495064.472656,-84,-77,118
1743495064.507656,35,-59,108
1743495064.543656,31,-7,132
1743495064.578656,85,-21,180
1743495064.614656,-36,30,114
1743495064.649656,-14,4,102
1743495064.685656,29,19,126
1743495064.7206562,25,33,52
1743495064.755656,21,43,146
1743495064.791656,47,-47,-29
1743495064.826656,19,-56,164
1743495064.862656,33,-14,256
1743495064.897656,-92,-6,102
1743495064.933656,-28,-20,196
1743495064.968656,-32,64,146
1743495065.003656,-10,32,160
1743495065.0396562,27,14,46
1743495065.074656,-33,-3,210
1743495065.110656,45,-43,176
1743495065.145656,21,-15,128
1743495065.181656,27,36,240
1743495065.216656,-4,30,70
1743495065.251656,33,18,124
1743495065.287656,-40,-101,114
1743495065.3226562,-42,20,84
1743495065.3586562,-75,8,117
1743495065.393656,34,10,120
1743495065.429656,26,-54,57
1743495065.464656,-39,7,127
1743495065.499656,-55,25,129
1743495065.535656,-37,-12,159
1743495065.570656,12,-20,193
1743495065.606656,-9,65,163
1743495065.6416562,-95,11,74
1743495065.677656,-72,21,193
1743495065.712656,107,-8,147
1743495065.747656,0,3,223
1743495065.783656,4,-74,235
1743495065.818656,-5,-46,231
1743495065.854656,70,-9,31
1743495065.889656,31,-9,139
1743495065.925656,-56,13,29
1743495065.9606562,49,-40,149
1743495065.995656,-36,-24,171
1743495066.031656,77,-8,165
1743495066.066656,-24,31,45
1743495066.102656,-50,35,139
1743495066.137656,-32,-70,157
1743495066.173656,-6,-8,205
1743495066.208656,17,-50,65
1743495066.2436562,14,1,251
1743495066.2796562,-5,25,243
1743495066.314656,0,-12,203
1743495066.350656,-33,-22,205
1743495066.385656,-7,13,165
1743495066.421656,76,59,187
1743495066.456656,58,13,19
1743495066.491656,62,13,133
1743495066.527656,84,-20,127
1743495066.5626562,56,99,149
1743495066.598656,-73,-76,173
1743495066.633656,-29,39,168
1743495066.669656,43,17,150
1743495066.704656,-14,-4,168
1743495066.739656,-47,40,260
1743495066.775656,24,-3,186
1743495066.810656,18,18,142
1743495066.846656,-8,-12,100
1743495066.8816562,37,-36,42
1743495066.917656,25,91,112
1743495066.952656,-52,-20,90
1743495066.987656,-126,-8,78
1743495067.023656,-14,17,72
1743495067.058656,-24,33,60
1743495067.094656,-28,-30,136
1743495067.129656,73,-46,86
1743495067.165656,27,-28,176
1743495067.200656,13,-40,98
1743495067.235656,3,-36,78
1743495067.271656,-36,-10,126
1743495067.306656,-38,-6,204
1743495067.342656,9,11,86
1743495067.377656,43,23,168
1743495067.413656,89,-16,24
1743495067.448656,3,-42,34
1743495067.4836562,-24,39,128
1743495067.519656,0,-16,168
1743495067.554656,-81,-1,90
1743495067.590656,-39,28,142
1743495067.625656,-39,0,98
1743495067.660656,26,55,82
1743495067.695656,60,-12,210
1743495067.731656,-9,-30,120
1743495067.767656,92,11,108
1743495067.802656,-5,-36,184
1743495067.838656,-11,-44,108
1743495067.873656,-21,-15,136
1743495067.908656,-49,30,188
1743495067.943656,72,-31,164
1743495067.979656,60,-15,110
1743495068.015656,-11,-71,194
1743495068.050656,68,-7,94
1743495068.086656,-9,34,114
1743495068.121656,65,-47,84
1743495068.156656,-44,12,170
1743495068.191656,77,-74,74
1743495068.227656,43,5,204
1743495068.263656,-36,-45,122
1743495068.298656,-16,40,66
1743495068.334656,17,10,155
1743495068.369656,93,10,161
1743495068.4046562,102,0,143
1743495068.439656,-69,30,101
1743495068.475656,-17,-53,129
1743495068.511656,89,-7,197
1743495068.546656,-83,20,183
1743495068.582656,4,-46,135
1743495068.617656,68,45,151
1743495068.652656,2,5,59
1743495068.6876562,-13,63,165
1743495068.723656,36,-72,143
1743495068.759656,15,35,161
1743495068.794656,15,-42,37
1743495068.830656,55,-6,213
1743495068.865656,-6,1,183
1743495068.900656,-24,77,151
1743495068.935656,37,-24,99
1743495068.971656,37,-32,143
1743495069.007656,33,19,153
1743495069.042656,65,-58,271
1743495069.078656,49,17,83
1743495069.113656,7,13,83
1743495069.148656,3,-30,121
1743495069.183656,37,-74,147
1743495069.219656,-12,-46,185
1743495069.255656,-30,-22,253
1743495069.290656,-2,-70,91
1743495069.326656,13,35,171
1743495069.361656,-60,-16,115
1743495069.396656,-38,-87,67
1743495069.431656,-24,6,169
1743495069.467656,-62,14,199
1743495069.503656,0,30,49
1743495069.538656,-20,-61,27
1743495069.574656,-52,-1,83
1743495069.609656,5,-7,161
1743495069.644656,17,-51,61
1743495069.679656,7,4,155
1743495069.715656,-44,2,61
1743495069.751656,-28,-15,211
1743495069.786656,15,-31,171
1743495069.8226562,9,-22,71
1743495069.857656,-30,67,105
1743495069.892656,-16,43,109
1743495069.927656,69,-26,155
1743495069.963656,-62,-40,127
1743495069.999656,-20,59,147
1743495070.034656,41,-38,215
1743495070.070656,-69,-28,205
1743495070.105656,-55,77,209
1743495070.147656,52,-70,191
1743495070.183656,21,5,225
1743495070.219656,79,34,45
1743495070.255656,-11,-23,247
1743495070.290656,-31,-20,131
1743495070.326656,-41,3,159
1743495070.361656,-39,-36,137
1743495070.396656,-45,9,125
1743495070.431656,-3,11,151
1743495070.467656,-45,-94,191
1743495070.503656,16,0,99
1743495070.538656,-31,68,113
1743495070.574656,8,12,143
1743495070.609656,-41,8,73
1743495070.644656,-51,-9,185
1743495070.679656,38,-55,149
1743495070.715656,-5,84,103
1743495070.751656,14,-67,137
1743495070.786656,26,0,265
1743495070.8226562,-5,8,215
1743495070.857656,72,-25,161
1743495070.892656,48,-17,127
1743495070.927656,-59,-2,163
1743495070.963656,10,-30,211
1743495070.999656,-71,-6,143
1743495071.034656,6,43,61
1743495071.070656,24,21,153
1743495071.105656,-7,109,131
1743495071.140656,2,-7,121
1743495071.175656,-66,0,253
1743495071.211656,-47,-71,171
1743495071.247656,-34,18,233
1743495071.282656,-32,4,171
1743495071.318656,40,10,9
1743495071.353656,15,-31,187
1743495071.388656,-76,-54,53
1743495071.423656,7,-30,273
1743495071.459656,5,-42,33
1743495071.495656,-62,-22,155
1743495071.530656,-16,1,145
1743495071.566656,-74,9,61
1743495071.601656,-1,49,83
1743495071.636656,-21,39,79
1743495071.671656,-43,35,87
1743495071.707656,5,55,185
1743495071.7436562,25,31,113
1743495071.778656,0,17,199
1743495071.814656,26,37,103
1743495071.849656,48,61,221
1743495071.884656,-51,-4,21
1743495071.919656,-89,17,275
1743495071.955656,-17,-24,171
1743495071.991656,-49,14,107
1743495072.0266562,-75,23,117
1743495072.0626562,-49,100,-4
1743495072.097656,52,0,147
1743495072.132656,-45,2,125
1743495072.167656,-69,-9,69
1743495072.203656,68,28,97
1743495072.239656,-31,-31,107
1743495072.274656,-55,32,187
1743495072.310656,-47,-34,91
1743495072.3456562,-3,11,191
1743495072.380656,-27,-62,185
1743495072.415656,-49,-32,115
1743495072.451656,2,37,103
1743495072.487656,62,-28,141
1743495072.522656,-3,-6,141
1743495072.558656,-89,5,81
1743495072.593656,60,53,121
1743495072.628656,16,7,193
1743495072.663656,-11,3,97
1743495072.699656,44,-38,123
1743495072.735656,26,-38,125
1743495072.770656,-39,-88,213
1743495072.806656,-33,-8,103
1743495072.841656,-21,13,139
1743495072.876656,-49,33,133
1743495072.911656,-21,35,211
1743495072.9476562,-7,9,149
1743495072.9836562,-5,9,255
1743495073.018656,-15,-4,153
1743495073.054656,54,11,29
1743495073.089656,-37,19,133
1743495073.124656,14,23,245
1743495073.160656,-73,64,21
1743495073.195656,-103,14,247
1743495073.231656,-13,-19,187
1743495073.2666562,38,-27,215
1743495073.302656,66,-105,211
1743495073.337656,-75,20,90
1743495073.372656,52,-71,44
1743495073.407656,-55,46,140
1743495073.443656,72,-47,52
1743495073.479656,18,-51,68
1743495073.514656,20,0,136
1743495073.550656,-97,30,214
1743495073.5856562,-53,-13,266
1743495073.620656,60,4,16
1743495073.656656,-21,-52,202
1743495073.691656,52,-84,112
1743495073.727656,13,10,172
1743495073.762656,44,-19,142
1743495073.798656,5,0,64
1743495073.833656,57,-33,164
1743495073.8686562,16,59,168
1743495073.9046562,-50,-2,138
1743495073.939656,-15,33,106
1743495073.975656,-29,-66,178
1743495074.010656,50,5,88
1743495074.046656,70,-20,-5
1743495074.081656,36,13,208
1743495074.116656,-23,0,155
1743495074.152656,24,-46,172
1743495074.1876562,-15,91,233
1743495074.223656,-46,23,109
1743495074.258656,-114,-32,11
1743495074.294656,11,7,117
1743495074.329656,-20,17,185
1743495074.364656,1,-12,151
1743495074.400656,19,-44,93
1743495074.435656,18,-58,81
1743495074.471656,54,-10,89
1743495074.5066562,24,14,47
1743495074.542656,61,-44,161
1743495074.577656,0,23,157
1743495074.612656,21,17,75
1743495074.648656,-32,-88,287
1743495074.683656,-20,1,57
1743495074.719656,17,26,149
1743495074.754656,-28,8,213
1743495074.790656,17,-4,117
1743495074.825656,-8,65,181
1743495074.860656,21,41,109
1743495074.896656,-26,-38,159
1743495074.931656,-32,-20,97
1743495074.967656,69,94,301
1743495075.002656,63,28,41
1743495075.038656,3,-27,93
1743495075.073656,71,43,131
1743495075.1086562,50,-51,11
1743495075.144656,-9,26,77
1743495075.179656,-1,86,123
1743495075.215656,58,34,145
1743495075.250656,-51,-5,100
1743495075.286656,-5,32,80
1743495075.321656,-61,24,184
1743495075.356656,-81,18,190
1743495075.392656,48,52,98
1743495075.427656,-26,46,214
1743495075.463656,37,58,144
1743495075.499656,0,-18,100
1743495075.535656,43,-16,128
1743495075.570656,-64,-98,194
1743495075.606656,-66,-4,126
1743495075.6416562,7,1,94
1743495075.676656,-8,27,18
1743495075.712656,-35,-9,110
1743495075.747656,-51,38,150
1743495075.783656,49,94,76
1743495075.818656,-14,-3,98
1743495075.854656,-38,32,138
1743495075.889656,-14,50,88
1743495075.9246562,25,-53,138
1743495075.9606562,23,-17,42
1743495075.995656,147,-53,182
1743495076.031656,-7,38,170
1743495076.066656,-9,83,62
1743495076.102656,-59,-23,170
1743495076.137656,-9,-48,276
1743495076.172656,10,7,138
1743495076.208656,50,23,94
1743495076.2436562,-25,-4,80
1743495076.2796562,-87,13,42
1743495076.314656,-10,51,184
1743495076.350656,33,-56,128
1743495076.385656,-6,23,120
1743495076.420656,83,33,170
1743495076.456656,-5,-4,90
1743495076.491656,23,-32,160
1743495076.527656,17,-66,126
1743495076.5626562,9,45,72
1743495076.598656,35,19,156
1743495076.633656,-29,41,80
1743495076.668656,-105,11,120
1743495076.704656,40,-4,204
1743495076.739656,26,117,86
1743495076.775656,-71,25,176
1743495076.810656,-35,-58,102
1743495076.846656,6,-2,144
1743495076.8816562,-39,15,48
1743495076.916656,6,-44,43
1743495076.952656,58,39,164
1743495076.987656,0,39,100
1743495077.023656,-89,0,220
1743495077.058656,2,57,122
1743495077.094656,-1,35,56
1743495077.130656,-11,37,76
1743495077.165656,10,36,196
1743495077.200656,-9,19,123
1743495077.236656,-33,51,193
1743495077.272656,-31,12,87
1743495077.307656,48,-51,131
1743495077.343656,-35,-30,107
1743495077.378656,4,-59,183
1743495077.413656,56,31,143
1743495077.448656,-35,-6,-16
1743495077.484656,14,-76,111
1743495077.520656,-27,-34,145
1743495077.555656,-31,-2,67
1743495077.591656,-29,13,20
1743495077.626656,-65,25,124
1743495077.661656,0,-34,56
1743495077.696656,90,-62,141
1743495077.732656,-24,-6,20
1743495077.768656,-21,-26,122
1743495077.803656,-76,17,270
1743495077.839656,57,-22,250
1743495077.874656,36,-4,78
1743495077.909656,23,11,166
1743495077.944656,-68,25,82
1743495077.980656,-28,39,124
1743495078.0166562,-22,39,140
1743495078.051656,35,-30,186
1743495078.087656,-68,-6,143
1743495078.122656,19,27,169
1743495078.157656,-12,-48,133
1743495078.192656,-52,-24,119
1743495078.228656,13,15,63
1743495078.264656,3,-4,139
1743495078.2996562,-6,-32,105
1743495078.3356562,-28,0,23
1743495078.370656,29,25,203
1743495078.405656,13,-36,101
1743495078.440656,-20,-28,239
1743495078.476656,-18,55,161
1743495078.512656,110,-52,77
1743495078.547656,-14,-32,55
1743495078.583656,65,15,115
1743495078.6186562,2,89,165
1743495078.653656,-11,5,159
1743495078.688656,-96,25,47
1743495078.724656,-56,15,135
1743495078.760656,9,7,177
1743495078.795656,-28,-8,195
1743495078.831656,18,-26,117
1743495078.866656,-3,-94,91
1743495078.9016562,2,-32,203
1743495078.936656,46,-70,111
1743495078.972656,2,33,139
1743495079.008656,-41,-36,57
1743495079.043656,50,25,95
1743495079.079656,0,-12,83
1743495079.114656,20,49,279
1743495079.149656,-39,7,233
1743495079.184656,16,-56,55
1743495079.2206562,-35,-18,141
1743495079.2566562,18,32,133
1743495079.291656,-7,47,107
1743495079.327656,-1,37,107
1743495079.362656,-7,59,213
1743495079.397656,-33,23,167
1743495079.432656,38,45,97
1743495079.468656,-9,32,171
1743495079.504656,-71,-17,174
1743495079.5396562,-35,-51,108
1743495079.575656,12,45,112
1743495079.610656,-24,-24,140
1743495079.645656,-32,95,96
1743495079.680656,-43,13,90
1743495079.716656,38,15,188
1743495079.752656,28,34,190
1743495079.787656,14,-29,140
1743495079.823656,-13,4,202
1743495079.8586562,90,70,62
1743495079.893656,60,-13,190
1743495079.928656,-99,53,18
1743495079.964656,-69,-4,112
1743495080.000656,-32,-24,104
1743495080.035656,7,-2,214
1743495080.071656,29,0,151
1743495080.106656,-30,75,144
1743495080.148656,-94,51,173
1743495080.184656,-48,15,75
1743495080.2206562,15,61,107
1743495080.2566562,-37,10,163
1743495080.291656,-64,-29,-34
1743495080.327656,1,14,229
1743495080.362656,-14,-9,105
1743495080.397656,13,-51,153
1743495080.432656,87,41,89
1743495080.468656,-30,-28,185
1743495080.504656,91,33,215
1743495080.5396562,21,-5,227
1743495080.575656,7,-27,179
1743495080.610656,-30,27,231
1743495080.645656,-62,-33,49
1743495080.680656,-10,-65,-4
1743495080.716656,77,12,47
1743495080.752656,31,83,253
1743495080.787656,-10,-21,147
1743495080.823656,7,10,225
1743495080.8586562,-16,20,231
1743495080.893656,17,11,167
1743495080.928656,53,-36,169
1743495080.964656,63,-30,211
1743495081.000656,49,-34,129
1743495081.035656,-58,-5,129
1743495081.071656,-6,64,171
1743495081.106656,-56,59,193
1743495081.1416562,35,-6,103
1743495081.176656,25,25,95
1743495081.212656,83,-5,215
1743495081.248656,15,-24,185
1743495081.283656,57,10,97
1743495081.319656,0,-37,247
1743495081.354656,21,12,107
1743495081.389656,46,-77,123
1743495081.4246562,-39,-15,115
1743495081.4606562,34,-55,213
1743495081.496656,-72,43,169
1743495081.531656,-22,33,137
1743495081.567656,9,-37,105
1743495081.602656,17,94,99
1743495081.637656,87,10,118
1743495081.672656,39,2,220
1743495081.708656,53,52,145
1743495081.744656,-42,62,170
1743495081.7796562,21,-21,210
1743495081.815656,37,-13,202
1743495081.850656,-18,-35,80
1743495081.885656,25,20,108
1743495081.920656,-28,34,180
1743495081.956656,-47,-41,228
1743495081.992656,9,89,312
1743495082.027656,-28,39,192
1743495082.063656,27,-12,156
1743495082.098656,-6,-32,108
1743495082.133656,27,-24,168
1743495082.168656,-56,35,0
1743495082.204656,24,-57,132
1743495082.240656,-15,-33,118
1743495082.275656,21,-13,178
1743495082.311656,-2,-11,190
1743495082.346656,-22,52,114
1743495082.3816562,-16,15,154
1743495082.416656,41,67,162
1743495082.452656,76,10,204
1743495082.488656,-51,9,66
1743495082.523656,50,4,130
1743495082.559656,-29,-28,246
1743495082.594656,26,-17,100
1743495082.629656,24,19,20
1743495082.6646562,-46,29,134
1743495082.700656,-24,-46,110
1743495082.736656,19,9,88
1743495082.771656,13,-14,254
1743495082.807656,-24,-32,200
1743495082.842656,13,17,128
1743495082.877656,5,-56,69
1743495082.912656,-24,29,163
1743495082.948656,-14,-18,101
1743495082.984656,-1,17,91
1743495083.019656,44,-38,201
1743495083.055656,-39,5,139
1743495083.090656,96,54,169
1743495083.125656,-69,80,251
1743495083.161656,-32,3,251
1743495083.196656,-3,2,175
1743495083.232656,17,-68,37
1743495083.267656,-21,12,185
1743495083.303656,2,-6,33
1743495083.338656,-33,15,29
1743495083.373656,-21,9,81
1743495083.409656,-37,13,73
1743495083.444656,48,-28,85
1743495083.480656,-3,-88,167
1743495083.515656,58,-14,91
1743495083.551656,0,8,161
1743495083.586656,60,-77,247
1743495083.621656,-61,3,101
1743495083.657656,4,-82,103
1743495083.692656,18,4,233
1743495083.728656,-15,56,197
1743495083.763656,28,-35,255
1743495083.7996562,-37,24,183
1743495083.834656,-27,-53,257
1743495083.869656,60,16,205
1743495083.905656,78,-15,33
1743495083.940656,-31,-5,72
1743495083.976656,-93,42,130
1743495084.011656,22,-17,196
1743495084.047656,20,-17,134
1743495084.082656,-29,20,132
1743495084.117656,21,18,94
1743495084.153656,-55,16,46
1743495084.188656,-81,-27,32
1743495084.224656,16,25,146
1743495084.259656,-41,-51,136
1743495084.295656,0,-23,73
1743495084.330656,-15,11,147
1743495084.365656,-14,-40,167
1743495084.4016562,40,-44,259
1743495084.436656,-19,-6,27
1743495084.472656,-31,1,87
1743495084.507656,-9,-42,73
1743495084.543656,36,3,215
1743495084.578656,-73,-29,167
1743495084.613656,-43,-13,173
1743495084.649656,18,-21,207
1743495084.684656,22,64,103
1743495084.7206562,46,-4,161
1743495084.755656,6,-60,99
1743495084.791656,-45,-10,185
1743495084.826656,8,-36,253
1743495084.861656,62,-18,131
1743495084.897656,70,67,87
1743495084.932656,62,5,149
1743495084.968656,-3,6,69
1743495085.003656,28,17,121
1743495085.0396562,81,-35,133
1743495085.074656,4,13,121
1743495085.109656,57,-20,25
1743495085.145656,-46,-98,195
1743495085.180656,37,-4,139
1743495085.216656,45,-44,-2
1743495085.251656,31,-42,115
1743495085.287656,-27,-59,65
1743495085.3226562,74,24,151
1743495085.357656,77,-77,181
1743495085.393656,50,-35,107
1743495085.428656,6,38,209
1743495085.464656,-47,0,137
1743495085.499656,46,-43,205
1743495085.535656,-59,59,143
1743495085.570656,88,-9,143
1743495085.605656,56,-10,127
1743495085.6416562,44,-46,67
1743495085.676656,-49,26,117
1743495085.712656,-74,20,123
1743495085.747656,-56,62,-44
1743495085.783656,-16,22,133
1743495085.818656,79,-3,81
1743495085.853656,-6,-44,177
1743495085.889656,91,-89,179
1743495085.9246562,-8,12,49
1743495085.9606562,-36,36,189
1743495085.995656,39,52,181
1743495086.031656,-1,48,103
1743495086.066656,-39,-87,169
1743495086.101656,-79,-51,143
1743495086.137656,-64,36,189
1743495086.172656,0,64,105
1743495086.208656,5,30,233
1743495086.2436562,15,74,113
1743495086.2796562,45,19,209
1743495086.314656,38,-39,231
1743495086.349656,-66,18,77
1743495086.385656,47,70,249
1743495086.420656,91,26,87
1743495086.456656,-8,0,149
1743495086.491656,-44,10,97
1743495086.527656,47,6,247
1743495086.5626562,123,-19,123
1743495086.597656,-8,16,177
1743495086.633656,53,46,65
1743495086.668656,11,23,103
1743495086.704656,21,-30,13
1743495086.739656,-12,9,107
1743495086.774656,29,-42,117
1743495086.809656,3,-82,19
1743495086.8456562,0,5,129
1743495086.8816562,27,-41,67
1743495086.916656,-58,-29,141
1743495086.952656,21,80,129
1743495086.987656,73,-95,227
1743495087.022656,-2,40,155
1743495087.057656,-18,12,119
1743495087.093656,25,-5,120
1743495087.129656,-10,-8,116
1743495087.1646562,5,13,120
1743495087.200656,-12,31,158
1743495087.235656,5,105,123
1743495087.270656,-60,78,256
1743495087.305656,27,-8,82
1743495087.341656,81,-15,206
1743495087.377656,17,8,100
1743495087.412656,15,-75,112
1743495087.448656,31,-3,178
1743495087.4836562,21,56,22
1743495087.518656,-100,46,124
1743495087.553656,15,36,26
1743495087.589656,105,-15,176
1743495087.625656,67,-3,130
1743495087.660656,-24,25,82
1743495087.696656,-72,-48,146
1743495087.731656,33,13,172
1743495087.7666562,-38,15,192
1743495087.801656,-54,9,-13
1743495087.837656,59,-22,22
1743495087.873656,15,23,88
1743495087.908656,135,-54,124
1743495087.944656,1,-10,178
1743495087.979656,15,37,98
1743495088.014656,-76,-50,-33
1743495088.0496562,-22,-52,-61
1743495088.0856562,0,31,140
1743495088.121656,-52,-62,134
1743495088.156656,-68,-50,118
1743495088.192656,-28,-6,71
1743495088.227656,-72,-43,134
1743495088.262656,79,-5,106
1743495088.297656,49,6,95
1743495088.333656,19,-37,41
1743495088.369656,77,-13,164
1743495088.4046562,-30,28,126
1743495088.440656,55,6,102
1743495088.475656,-46,34,222
1743495088.510656,36,-14,175
1743495088.545656,28,-29,203
1743495088.581656,12,52,225
1743495088.617656,-5,133,225
1743495088.652656,52,17,57
1743495088.688656,28,-28,207
1743495088.723656,-39,-6,59
1743495088.758656,40,9,191
1743495088.793656,-7,9,135
1743495088.829656,32,45,215
1743495088.865656,-43,-18,131
1743495088.900656,8,21,39
1743495088.936656,-43,-30,135
1743495088.971656,40,17,65
1743495089.0066562,44,17,71
1743495089.041656,36,24,151
1743495089.077656,-41,-55,79
1743495089.113656,-27,-34,73
1743495089.148656,-1,-24,161
1743495089.184656,15,33,95
1743495089.219656,19,-31,115
1743495089.254656,1,-58,73
1743495089.2896562,76,-27,109
1743495089.325656,-97,23,157
1743495089.361656,112,19,187
1743495089.396656,24,1,113
1743495089.432656,64,52,127
1743495089.467656,12,24,183
1743495089.502656,-43,60,241
1743495089.537656,-55,8,89
1743495089.573656,50,-49,101
1743495089.609656,24,-27,211
1743495089.644656,12,4,251
1743495089.680656,16,58,115
1743495089.715656,-43,32,39
1743495089.750656,-73,22,165
1743495089.785656,44,23,113
1743495089.821656,-27,-2,159
1743495089.857656,34,-4,150
1743495089.892656,-17,0,102
1743495089.928656,-13,-56,134
1743495089.963656,17,13,80
1743495089.998656,6,33,94
1743495090.033656,-51,-36,140
1743495090.069656,60,25,110
1743495090.105656,-7,-6,164
1743495090.140656,-11,49,68
1743495090.183656,16,-18,134
1743495090.219656,88,-34,86
1743495090.254656,-17,31,220
1743495090.2896562,16,0,306
1743495090.325656,73,-2,258
1743495090.361656,21,11,118
1743495090.396656,127,33,146
1743495090.432656,24,-13,154
1743495090.467656,-33,60,-11
1743495090.502656,-7,6,68
1743495090.537656,26,59,76
1743495090.573656,-11,39,162
1743495090.609656,-39,28,146
1743495090.644656,8,-13,186
1743495090.680656,-13,21,18
1743495090.715656,-7,0,156
1743495090.750656,-23,9,236
1743495090.785656,34,-34,90
1743495090.821656,-31,75,158
1743495090.857656,-51,46,96
1743495090.892656,-61,11,84
1743495090.928656,-9,73,68
1743495090.963656,23,-46,126
1743495090.998656,-29,15,164
1743495091.033656,-25,-7,178
1743495091.069656,-17,-63,-23
1743495091.105656,6,-37,170
1743495091.140656,-109,-23,52
1743495091.176656,-14,-10,252
1743495091.211656,-24,-15,70
1743495091.246656,-50,12,32
1743495091.281656,-50,36,152
1743495091.317656,-46,97,241
1743495091.353656,10,-10,55
1743495091.388656,-8,45,161
1743495091.4246562,-57,-30,303
1743495091.459656,52,-22,127
1743495091.494656,-33,57,145
1743495091.5296562,-3,9,163
1743495091.565656,7,5,51
1743495091.601656,39,-46,113
1743495091.636656,-30,1,51
1743495091.672656,-32,-26,105
1743495091.707656,23,-20,129
1743495091.742656,-33,-13,237
1743495091.777656,2,-15,211
1743495091.813656,-25,11,127
1743495091.849656,-3,-4,125
1743495091.884656,-63,29,43
1743495091.920656,6,-24,73
1743495091.955656,-63,-70,171
1743495091.990656,20,-2,17
1743495092.025656,-15,-24,143
1743495092.061656,26,9,141
1743495092.097656,-105,-66,209
1743495092.132656,42,-10,97
1743495092.168656,77,13,87
1743495092.203656,-46,-16,47
1743495092.238656,-78,17,93
1743495092.273656,66,9,125
1743495092.309656,8,5,185
1743495092.3456562,-65,13,169
1743495092.380656,-19,-56,-68
1743495092.416656,-21,14,169
1743495092.451656,-97,-75,177
1743495092.486656,8,-13,217
1743495092.521656,54,26,167
1743495092.557656,44,103,120
1743495092.593656,-55,0,92
1743495092.628656,54,-24,124
1743495092.6646562,-45,17,201
1743495092.699656,-25,-29,259
1743495092.734656,42,21,127
1743495092.770656,-23,-33,89
1743495092.805656,-31,-62,115
1743495092.841656,-113,37,139
1743495092.876656,-55,-6,117
1743495092.912656,4,-47,103
1743495092.9476562,10,-71,235
1743495092.982656,-15,60,85
1743495093.018656,-13,-25,145
1743495093.053656,78,-105,-8
1743495093.089656,20,-7,177
1743495093.124656,72,74,127
1743495093.160656,78,-7,287
1743495093.195656,-15,22,179
1743495093.230656,-5,-45,173
1743495093.2666562,-67,13,107
1743495093.301656,-46,-32,177
1743495093.337656,5,-78,97
1743495093.372656,41,-18,203
1743495093.408656,-20,-14,175
1743495093.443656,-48,3,127
1743495093.478656,-48,3,165
1743495093.514656,57,-60,105
1743495093.5496562,23,-14,67
1743495093.5856562,47,-60,69
1743495093.620656,43,-52,111
1743495093.656656,35,-58,237
1743495093.691656,49,-66,111
1743495093.726656,-46,23,143
1743495093.762656,83,-38,125
1743495093.797656,-46,63,142
1743495093.833656,9,0,136
1743495093.8686562,-26,13,117
1743495093.9046562,-24,25,116
1743495093.939656,0,7,196
1743495093.974656,21,-46,96
1743495094.010656,45,-8,255
1743495094.045656,-18,3,163
1743495094.081656,-10,-50,175
1743495094.116656,0,37,135
1743495094.152656,-58,-136,145
1743495094.1876562,-50,-46,155
1743495094.222656,-10,41,151
1743495094.258656,-6,-6,127
1743495094.293656,37,1,163
1743495094.329656,-24,-30,115
1743495094.364656,90,43,180
1743495094.400656,-17,19,140
1743495094.435656,8,-54,208
1743495094.4706562,18,-15,144
1743495094.5066562,-16,63,158
1743495094.541656,-38,-30,138
1743495094.577656,3,13,195
1743495094.612656,-22,43,188
1743495094.648656,9,-58,170
1743495094.683656,25,-13,159
1743495094.718656,33,50,193
1743495094.754656,5,-21,152
1743495094.7896562,-88,11,-35
1743495094.825656,-18,-16,101
1743495094.860656,-18,-58,119
1743495094.896656,-6,-77,147
1743495094.931656,23,0,131
1743495094.966656,25,10,115
1743495095.002656,-22,17,145
1743495095.037656,-84,52,93
1743495095.073656,13,-63,67
1743495095.1086562,-8,14,183
1743495095.144656,-61,6,325
1743495095.179656,-25,54,49
1743495095.214656,-10,46,189
1743495095.250656,33,-37,169
1743495095.285656,15,-17,197
1743495095.321656,21,-51,127
1743495095.356656,1,20,182
1743495095.392656,39,79,162
1743495095.427656,-56,42,156
1743495095.462656,25,-24,234
1743495095.498656,95,63,42
1743495095.533656,43,7,116
1743495095.569656,-16,-84,164
1743495095.604656,21,-60,106
1743495095.640656,15,-18,154
1743495095.675656,-36,-6,116
1743495095.7106562,-22,21,96
1743495095.746656,-60,-7,162
1743495095.781656,-54,-15,92
1743495095.817656,35,-26,216
1743495095.852656,-26,86,98
1743495095.888656,51,-55,108
1743495095.923656,55,-45,90
1743495095.958656,-8,-5,94
1743495095.994656,25,-13,78
1743495096.0296562,-42,-11,122
1743495096.065656,15,-61,130
1743495096.100656,9,8,132
1743495096.136656,13,-13,224
1743495096.172656,-8,-74,112
1743495096.208656,-12,-18,54
1743495096.244656,-14,-11,132
1743495096.2796562,29,-57,226
1743495096.314656,31,-32,224
1743495096.350656,-60,-25,176
1743495096.386656,-20,0,144
1743495096.421656,85,-1,138
1743495096.457656,-52,65,164
1743495096.492656,-18,-3,196
1743495096.527656,31,-73,144
1743495096.5626562,23,31,146
1743495096.598656,-44,3,102
1743495096.634656,25,-60,156
1743495096.669656,8,-21,76
1743495096.705656,21,-16,132
1743495096.740656,-66,8,182
1743495096.775656,-36,-6,8
1743495096.810656,59,-5,84
1743495096.846656,-72,-48,126
1743495096.882656,69,-6,74
1743495096.917656,29,-43,104
1743495096.953656,-20,-101,144
1743495096.988656,-81,26,276
1743495097.023656,-99,40,116
1743495097.058656,-37,-45,248
1743495097.094656,102,64,86
1743495097.130656,50,22,189
1743495097.165656,-44,32,87
1743495097.201656,9,-19,186
1743495097.236656,43,-9,51
1743495097.271656,-34,-35,81
1743495097.306656,-52,-49,199
1743495097.342656,19,14,31
1743495097.378656,-22,64,173
1743495097.413656,-18,-86,133
1743495097.449656,-60,-73,77
1743495097.484656,19,8,183
1743495097.519656,-16,32,107
1743495097.554656,-56,47,71
1743495097.590656,-26,-113,211
1743495097.626656,9,-10,135
1743495097.661656,-6,45,79
1743495097.6976562,-62,14,99
1743495097.732656,69,32,157
1743495097.767656,-8,89,85
1743495097.802656,-59,-9,149
1743495097.838656,28,-31,193
1743495097.874656,12,-63,143
1743495097.909656,-18,2,183
1743495097.945656,-18,46,253
1743495097.980656,45,-43,61
1743495098.015656,5,0,213
1743495098.050656,-32,-19,121
1743495098.086656,7,-33,157
1743495098.122656,36,22,161
1743495098.157656,40,26,241
1743495098.193656,-1,68,191
1743495098.228656,-52,6,85
1743495098.263656,-10,-27,189
1743495098.298656,-75,-11,105
1743495098.3356562,-103,-29,89
1743495098.370656,-82,0,95
1743495098.406656,-71,40,159
1743495098.442656,47,26,43
1743495098.477656,-43,38,71
1743495098.513656,40,7,163
1743495098.548656,-25,52,119
1743495098.583656,30,37,193
1743495098.6186562,-17,-46,127
1743495098.6546562,26,-12,165
1743495098.690656,0,43,165
1743495098.725656,32,1,99
1743495098.761656,64,-30,69
1743495098.796656,24,69,189
1743495098.831656,-55,-56,79
1743495098.866656,-23,-26,179
1743495098.902656,12,61,47
1743495098.938656,-31,65,201
1743495098.973656,5,-40,181
1743495099.009656,64,11,175
1743495099.044656,9,-92,129
1743495099.079656,19,51,151
1743495099.114656,28,-10,67
1743495099.150656,117,9,171
1743495099.186656,29,-18,299
1743495099.221656,9,68,209
1743495099.257656,51,52,169
1743495099.292656,13,-31,149
1743495099.327656,91,18,131
1743495099.362656,-42,-41,113
1743495099.398656,43,42,147
1743495099.434656,7,48,129
1743495099.469656,27,60,131
1743495099.505656,25,-47,165
1743495099.540656,-30,-79,131
1743495099.575656,-46,-11,103
1743495099.610656,-56,-13,147
1743495099.646656,25,-43,177
1743495099.682656,43,-14,59
1743495099.717656,79,64,297
1743495099.753656,13,-2,77
1743495099.788656,-42,-74,109
1743495099.823656,-6,0,29
1743495099.8586562,-34,-10,151
1743495099.894656,1,5,5
1743495099.930656,71,-32,77
1743495099.965656,-20,65,101
1743495100.001656,-14,-16,153
1743495100.036656,37,3,123
1743495100.071656,-20,95,75
1743495100.106656,61,107,191
1743495100.142656,7,-32,29
1743495100.185656,75,-82,191
1743495100.221656,11,-32,-6
1743495100.257656,-65,-28,43
1743495100.292656,33,63,131
1743495100.327656,-25,15,227
1743495100.362656,-4,-28,59
1743495100.398656,-32,77,109
1743495100.434656,-2,0,41
1743495100.469656,31,1,205
1743495100.505656,43,-46,161
1743495100.540656,-22,-20,259
1743495100.575656,19,3,119
1743495100.610656,13,-30,193
1743495100.646656,-54,63,187
1743495100.682656,-57,-54,113
1743495100.717656,-19,15,123
1743495100.753656,84,5,103
1743495100.788656,96,-16,123
1743495100.823656,-3,59,205
1743495100.8586562,24,20,181
1743495100.894656,86,22,91
1743495100.930656,6,47,205
1743495100.965656,-5,-66,299
1743495101.001656,82,-30,239
1743495101.036656,-73,25,189
1743495101.071656,-41,-16,167
1743495101.106656,48,23,-34
1743495101.142656,10,-46,39
1743495101.178656,-14,5,151
1743495101.213656,2,-58,143
1743495101.249656,-91,-16,145
1743495101.284656,70,70,157
1743495101.319656,-5,-25,153
1743495101.354656,30,24,227
1743495101.390656,34,24,229
1743495101.426656,65,-27,137
1743495101.461656,-74,78,11
1743495101.497656,-53,-13,143
1743495101.532656,92,-1,101
1743495101.567656,100,-23,95
1743495101.602656,-21,68,73
1743495101.638656,-65,34,141
1743495101.6746562,70,-77,75
1743495101.709656,43,-29,105
1743495101.745656,8,-29,81
1743495101.780656,0,14,237
1743495101.815656,49,-23,85
1743495101.850656,71,76,97
1743495101.886656,25,-5,-17
1743495101.922656,15,72,130
1743495101.957656,45,-29,44
1743495101.9936562,-18,84,212
1743495102.028656,-22,14,78
1743495102.063656,-16,-9,70
1743495102.098656,-8,-49,104
1743495102.134656,17,98,160
1743495102.170656,-54,-45,242
1743495102.205656,-2,-35,206
1743495102.241656,-18,-59,128
1743495102.2766562,41,-91,130
1743495102.311656,25,-53,108
1743495102.347656,-26,-17,232
1743495102.382656,29,107,120
1743495102.418656,29,13,132
1743495102.453656,41,-13,158
1743495102.489656,3,22,100
1743495102.524656,15,-17,114
1743495102.559656,-22,-45,118
1743495102.5956562,-36,2,214
1743495102.630656,143,14,160
1743495102.666656,-28,-43,78
1743495102.701656,-10,-10,140
1743495102.737656,-4,41,200
1743495102.772656,32,11,188
1743495102.807656,22,23,-27
1743495102.843656,-21,53,120
1743495102.878656,-37,-56,136
1743495102.9146562,-19,-7,190
1743495102.949656,45,72,114
1743495102.985656,-10,-55,110
1743495103.020656,-46,37,98
1743495103.055656,-68,0,236
1743495103.091656,8,14,142
1743495103.126656,16,54,260
1743495103.162656,23,-57,22
1743495103.1976562,33,20,202
1743495103.2336562,-34,16,132
1743495103.268656,109,-53,96
1743495103.303656,27,8,106
1743495103.339656,-25,-1,88
1743495103.374656,18,-5,128
1743495103.410656,-74,2,200
1743495103.445656,-5,8,130
1743495103.481656,12,-19,86
1743495103.5166562,28,-31,178
1743495103.551656,18,-51,154
1743495103.587656,-24,-5,120
1743495103.622656,37,-57,104
1743495103.658656,41,-23,128
1743495103.693656,-44,-26,200
1743495103.729656,-24,0,74
1743495103.764656,-26,-20,220
1743495103.7996562,31,-25,82
1743495103.8356562,-70,32,42
1743495103.870656,-2,-87,274
1743495103.906656,-12,11,182
1743495103.941656,41,17,196
1743495103.977656,-3,-30,142
1743495104.012656,-95,-54,174
1743495104.047656,-5,-11,130
1743495104.083656,32,73,168
1743495104.1186562,4,45,122
1743495104.1546562,-9,55,244
1743495104.189656,-4,10,164
1743495104.225656,-28,6,130
1743495104.260656,-31,-7,214
1743495104.295656,-53,-9,74
1743495104.331656,12,46,98
1743495104.366656,-13,-11,28
1743495104.402656,10,-7,224
1743495104.4376562,30,-1,168
1743495104.473656,-37,-21,48
1743495104.508656,-19,-23,158
1743495104.543656,24,18,2
1743495104.579656,24,-7,106
1743495104.614656,-53,22,52
1743495104.650656,-31,-21,156
1743495104.685656,-11,-31,98
1743495104.721656,-125,35,178
1743495104.7566562,-33,21,122
1743495104.791656,2,-16,153
1743495104.827656,60,-38,217
1743495104.862656,-33,-44,101
1743495104.898656,97,-26,206
1743495104.933656,145,-4,185
1743495104.969656,25,7,295
1743495105.004656,-22,-90,155
1743495105.0396562,-32,47,143
1743495105.075656,-2,-6,204
1743495105.110656,10,5,122
1743495105.146656,-41,35,129
1743495105.181656,98,-5,109
1743495105.217656,38,79,100
1743495105.252656,-59,-26,62
1743495105.287656,22,19,133
1743495105.323656,-73,-16,145
1743495105.3586562,32,9,169
1743495105.394656,-78,21,163
1743495105.429656,3,-64,174
1743495105.465656,-36,19,72
1743495105.500656,-56,-28,-17
1743495105.535656,-27,19,-17
1743495105.571656,92,-5,158
1743495105.606656,4,5,218
1743495105.642656,-3,-18,68
1743495105.677656,30,17,82
1743495105.713656,-21,29,152
1743495105.749656,26,-84,96
1743495105.784656,38,33,74
1743495105.819656,-41,-10,18
1743495105.855656,-15,-26,162
1743495105.8916562,-37,31,196
1743495105.926656,0,30,230
1743495105.962656,0,18,260
1743495105.997656,-29,98,154
1743495106.032656,-25,-3,328
1743495106.067656,127,100,78
1743495106.103656,-7,-19,198
1743495106.139656,-5,-23,166
1743495106.1746562,8,-29,126
1743495106.2106562,-17,16,168
1743495106.245656,21,-28,76
1743495106.280656,0,5,78
1743495106.315656,-58,27,180
1743495106.351656,3,54,228
1743495106.387656,11,6,132
1743495106.422656,-16,6,138
1743495106.458656,17,-37,208
1743495106.4936562,13,-30,122
1743495106.528656,-4,-21,150
1743495106.563656,63,11,72
1743495106.599656,15,41,54
1743495106.635656,35,49,156
1743495106.670656,-26,-2,128
1743495106.706656,79,-4,106
1743495106.741656,-24,27,118
1743495106.7766562,47,-38,150
1743495106.811656,-30,79,183
1743495106.847656,-10,37,92
1743495106.883656,17,11,252
1743495106.918656,25,-31,86
1743495106.954656,1,22,212
1743495106.989656,-60,-12,168
1743495107.024656,-8,1,250
1743495107.059656,-51,26,149
1743495107.0956562,-38,14,23
1743495107.1316562,-47,18,213
1743495107.166656,-21,-64,115
1743495107.202656,22,-26,45
1743495107.237656,-49,15,161
1743495107.272656,22,-74,77
1743495107.307656,-81,-62,201
1743495107.343656,-113,7,197
1743495107.379656,-38,53,31
1743495107.4146562,-31,1,111
1743495107.450656,1,-2,125
1743495107.485656,-14,9,47
1743495107.520656,85,-14,117
1743495107.555656,19,51,113
1743495107.591656,-8,-72,121
1743495107.627656,23,-4,295
1743495107.662656,99,43,99
1743495107.698656,3,43,183
1743495107.7336562,-114,-11,51
1743495107.768656,-2,0,191
1743495107.803656,-48,3,81
1743495107.839656,49,-73,135
1743495107.875656,7,32,113
1743495107.910656,87,-19,195
1743495107.946656,5,-2,39
1743495107.981656,-20,27,113
1743495108.0166562,21,23,139
1743495108.051656,41,-69,105
1743495108.087656,-38,0,135
1743495108.123656,-98,42,75
1743495108.158656,45,24,237
1743495108.194656,31,-59,193
1743495108.229656,15,-90,9
1743495108.264656,-112,25,182
1743495108.2996562,-90,-22,-59
1743495108.3356562,11,-20,34
1743495108.371656,125,-8,116
1743495108.406656,-33,-100,142
1743495108.442656,-10,17,146
1743495108.477656,-24,1,108
1743495108.512656,28,-16,190
1743495108.547656,-79,-80,162
1743495108.583656,40,37,102
1743495108.619656,-33,-42,98
1743495108.6546562,18,-70,78
1743495108.690656,-15,-16,154
1743495108.725656,-47,31,190
1743495108.760656,-33,-22,266
1743495108.795656,130,46,204
1743495108.831656,-29,17,56
1743495108.867656,33,87,90
1743495108.902656,-6,-10,168
1743495108.938656,-84,63,214
1743495108.973656,-6,-36,154
1743495109.008656,-22,1,196
1743495109.043656,-38,-34,74
1743495109.079656,-66,-62,78
1743495109.115656,39,-104,74
1743495109.150656,23,67,78
1743495109.186656,-86,-16,160
1743495109.221656,17,-22,162
1743495109.2566562,25,23,54
1743495109.291656,37,17,114
1743495109.327656,-2,19,238
1743495109.363656,-19,77,124
1743495109.398656,47,67,198
1743495109.434656,65,-18,146
1743495109.469656,4,7,154
1743495109.504656,-37,47,166
1743495109.5396562,0,67,18
1743495109.575656,-81,17,26
1743495109.611656,-13,33,142
1743495109.646656,2,-22,90
1743495109.682656,-12,-36,142
1743495109.717656,0,-44,84
1743495109.752656,-37,27,90
1743495109.787656,72,-42,195
1743495109.823656,16,-18,53
1743495109.859656,41,-18,59
1743495109.894656,29,-14,111
1743495109.930656,-36,-50,199
1743495109.965656,0,3,99
1743495110.000656,27,81,181
1743495110.035656,-60,29,167
1743495110.071656,-32,-14,150
1743495110.107656,65,0,39
1743495110.142656,43,-12,109
1743495110.178656,5,-16,155
1743495110.2206562,-58,6,171
1743495110.2566562,-8,32,169
1743495110.291656,21,30,169
1743495110.327656,69,-35,45
1743495110.363656,-9,20,115
1743495110.398656,-5,10,177
1743495110.434656,-9,39,137
1743495110.469656,-43,43,41
1743495110.504656,-55,-2,161
1743495110.5396562,-45,11,237
1743495110.575656,41,-2,79
1743495110.611656,-79,68,155
1743495110.646656,-33,-11,155
1743495110.682656,40,10,173
1743495110.717656,26,-19,195
1743495110.752656,-17,68,185
1743495110.787656,54,-5,55
1743495110.823656,46,16,135
1743495110.859656,-44,-41,3
1743495110.894656,10,-15,169
1743495110.930656,-25,16,231
1743495110.965656,95,-39,163
1743495111.000656,45,-61,179
1743495111.035656,-1,-45,235
1743495111.071656,14,-11,203
1743495111.107656,-23,-1,147
1743495111.142656,-83,66,33
1743495111.178656,77,0,119
1743495111.213656,3,-46,109
1743495111.248656,-46,-72,171
1743495111.283656,-28,-18,123
1743495111.319656,25,-24,147
1743495111.355656,58,-9,117
1743495111.390656,32,2,123
1743495111.426656,58,-35,281
1743495111.461656,14,-7,193
1743495111.496656,18,-39,95
1743495111.531656,-25,38,103
1743495111.567656,-17,-43,67
1743495111.603656,-59,-11,227
1743495111.638656,-51,-43,175
1743495111.6746562,-17,-43,213
1743495111.709656,44,90,209
1743495111.744656,52,8,181
1743495111.7796562,-23,0,141
1743495111.815656,72,-1,129
1743495111.851656,-31,8,49
1743495111.886656,-55,-39,177
1743495111.922656,-3,28,39
1743495111.957656,34,58,131
1743495111.992656,33,6,209
1743495112.028656,16,50,75
1743495112.063656,29,26,93
1743495112.099656,-66,22,97
1743495112.134656,-60,42,189
1743495112.170656,21,-17,223
1743495112.205656,-26,-63,155
1743495112.240656,-104,78,157
1743495112.2766562,-90,6,157
1743495112.311656,-20,76,183
1743495112.347656,33,-60,135
1743495112.382656,54,-7,115
1743495112.418656,-8,33,211
1743495112.453656,39,-22,-12
1743495112.488656,-64,-10,175
1743495112.524656,37,-22,125
1743495112.559656,-10,-74,111
1743495112.5956562,-8,-46,159
1743495112.630656,-28,7,233
1743495112.666656,-7,42,143
1743495112.701656,-83,-2,137
1743495112.736656,12,-53,49
1743495112.772656,44,22,85
1743495112.807656,-49,-7,69
1743495112.843656,126,52,145
1743495112.878656,54,-13,117
1743495112.9146562,18,74,167
1743495112.949656,-16,8,171
1743495112.984656,22,60,199
1743495113.020656,-35,32,135
1743495113.055656,-5,-53,183
1743495113.091656,-19,-17,77
1743495113.126656,12,-59,101
1743495113.162656,-72,48,83
1743495113.1976562,-8,2,117
1743495113.232656,-70,34,175
1743495113.268656,-70,2,77
1743495113.303656,-42,-17,113
1743495113.339656,35,12,121
1743495113.374656,-12,66,-40
1743495113.410656,-7,-13,249
1743495113.445656,12,98,125
1743495113.480656,14,-5,141
1743495113.5166562,-67,-5,241
1743495113.551656,-51,-11,35
1743495113.587656,16,14,109
1743495113.622656,17,32,155
1743495113.658656,-42,16,117
1743495113.693656,-30,16,128
1743495113.728656,-54,-9,190
1743495113.764656,-61,-19,96
1743495113.7996562,-8,84,200
1743495113.8356562,15,40,112
1743495113.870656,96,2,302
1743495113.906656,-27,34,136
1743495113.941656,-7,0,28
1743495113.976656,6,-21,298
1743495114.012656,80,-15,106
1743495114.047656,-50,-2,226
1743495114.083656,-4,-2,180
1743495114.1186562,62,-7,60
1743495114.153656,58,-70,94
1743495114.188656,-27,11,86
1743495114.224656,-61,12,126
1743495114.260656,62,24,156
1743495114.295656,-27,-63,12
1743495114.331656,68,-29,8
1743495114.366656,-41,-3,162
1743495114.402656,6,-10,142
1743495114.4376562,8,0,146
1743495114.472656,-33,-8,180
1743495114.508656,-37,-35,212
1743495114.543656,-17,-23,204
1743495114.579656,-53,-11,154
1743495114.614656,-1,-5,84
1743495114.650656,31,34,270
1743495114.685656,28,76,186
1743495114.7206562,88,-57,70
1743495114.7566562,-13,10,18
1743495114.791656,78,14,64
1743495114.827656,-43,-1,150
1743495114.862656,34,-13,164
1743495114.898656,34,82,16
1743495114.933656,33,44,186
1743495114.968656,-65,26,98
1743495115.004656,27,44,212
1743495115.0396562,11,-18,136
1743495115.075656,-14,27,130
1743495115.110656,5,47,42
1743495115.146656,-20,23,82
1743495115.181656,-8,23,116
1743495115.216656,73,5,132
1743495115.252656,49,49,148
1743495115.287656,13,-44,42
1743495115.323656,-14,-8,142
1743495115.3586562,-18,41,106
1743495115.394656,27,17,130
1743495115.430656,-48,5,88
1743495115.466656,91,-28,62
1743495115.502656,29,30,232
1743495115.537656,63,30,104
1743495115.5726562,23,-38,252
1743495115.6086562,35,-90,102
1743495115.644656,-18,27,144
1743495115.679656,45,28,212
1743495115.715656,11,27,90
1743495115.750656,-36,-18,130
1743495115.785656,17,-29,88
1743495115.820656,-6,-33,282
1743495115.856656,9,28,-5
1743495115.892656,-49,-41,20
1743495115.927656,-34,3,116
1743495115.963656,19,-17,162
1743495115.998656,-4,-5,280
1743495116.033656,0,-69,76
1743495116.068656,75,54,138
1743495116.104656,-50,-15,-69
1743495116.140656,-36,-17,218
1743495116.175656,0,-29,220
1743495116.211656,-80,30,92
1743495116.246656,37,8,174
1743495116.281656,-20,-13,192
1743495116.316656,-28,-27,118
1743495116.352656,13,14,18
1743495116.388656,-9,-43,90
1743495116.423656,5,-59,4
1743495116.459656,-40,0,52
1743495116.494656,-16,-33,232
1743495116.5296562,93,-37,138
1743495116.564656,-8,-41,-1
1743495116.600656,-46,24,76
1743495116.636656,-34,-53,210
1743495116.671656,43,16,230
1743495116.707656,-22,8,90
1743495116.742656,-12,46,146
1743495116.777656,-68,36,146
1743495116.8126562,-40,-7,174
1743495116.848656,19,-47,98
1743495116.884656,-18,16,80
1743495116.919656,-69,-11,160
1743495116.955656,66,40,38
1743495116.990656,11,26,210
1743495117.025656,35,-43,205
1743495117.060656,27,-1,175
1743495117.096656,-14,66,77
1743495117.132656,-110,0,189
1743495117.167656,1,-63,181
1743495117.203656,-44,58,191
1743495117.238656,35,58,157
1743495117.273656,29,-89,179
1743495117.308656,3,-7,75
1743495117.344656,-62,-39,89
1743495117.380656,61,14,49
1743495117.415656,3,20,159
1743495117.451656,-10,-33,142
1743495117.486656,27,-15,120
1743495117.521656,31,-20,218
1743495117.556656,23,72,126
1743495117.592656,41,6,216
1743495117.628656,49,30,136
1743495117.663656,45,40,98
1743495117.699656,-40,-35,186
1743495117.734656,2,2,168
1743495117.769656,67,22,150
1743495117.804656,-23,44,174
1743495117.840656,-20,-77,64
1743495117.876656,0,-22,154
1743495117.911656,2,26,92
1743495117.9476562,6,-23,100
1743495117.982656,38,-3,160
1743495118.017656,2,10,60
1743495118.052656,-1,-47,222
1743495118.088656,-77,-37,134
1743495118.124656,-23,-28,170
1743495118.159656,48,90,160
1743495118.195656,7,-23,166
1743495118.230656,-8,-47,266
1743495118.265656,67,12,102
1743495118.300656,-140,58,148
1743495118.336656,35,44,84
1743495118.372656,28,38,128
1743495118.407656,-4,-7,210
1743495118.443656,-53,20,114
1743495118.478656,8,34,128
1743495118.513656,28,-88,64
1743495118.548656,8,-23,196
1743495118.584656,-105,-53,212
1743495118.620656,-1,1,2
1743495118.655656,-81,-46,168
1743495118.691656,-19,5,90
1743495118.726656,54,43,114
1743495118.761656,32,49,234
1743495118.796656,46,-28,72
1743495118.832656,2,36,246
1743495118.8686562,10,-46,114
1743495118.903656,4,79,172
1743495118.939656,-27,28,88
1743495118.974656,-24,-23,106
1743495119.009656,4,10,152
1743495119.044656,6,10,128
1743495119.080656,23,-21,86
1743495119.116656,-12,0,194
1743495119.1516562,14,-35,110
1743495119.1876562,-31,-63,96
1743495119.222656,-81,-15,104
1743495119.257656,52,-51,84
1743495119.292656,16,-37,46
1743495119.328656,-64,24,78
1743495119.364656,-70,-25,172
1743495119.399656,47,-43,86
1743495119.435656,-4,12,118
1743495119.4706562,-4,-17,182
1743495119.505656,77,2,172
1743495119.540656,-36,30,112
1743495119.576656,23,82,172
1743495119.612656,57,-65,50
1743495119.647656,59,-25,130
1743495119.683656,-16,-3,124
1743495119.718656,-32,50,68
1743495119.753656,-2,-35,96
1743495119.788656,-18,-7,-15
1743495119.824656,15,-21,141
1743495119.860656,77,62,115
1743495119.895656,-56,-15,34
1743495119.931656,19,52,168
1743495119.966656,-22,-39,52
1743495120.001656,57,8,4
1743495120.036656,-12,-81,148
1743495120.0726562,25,-61,108
1743495120.1086562,41,0,92
1743495120.143656,-4,-63,168
1743495120.179656,-132,-39,152
1743495120.221656,-2,-37,134
1743495120.257656,61,-37,92
1743495120.292656,17,8,206
1743495120.328656,23,-61,182
1743495120.364656,-6,-18,228
1743495120.399656,67,2,200
1743495120.435656,-47,-9,68
1743495120.4706562,-36,24,128
1743495120.505656,-72,12,154
1743495120.540656,42,10,60
1743495120.576656,91,-67,188
1743495120.612656,-67,2,36
1743495120.647656,-80,-103,162
1743495120.683656,17,-47,32
1743495120.718656,23,42,14
1743495120.753656,41,-47,152
1743495120.788656,47,-23,85
1743495120.824656,29,6,142
1743495120.860656,-16,50,166
1743495120.895656,-39,-69,86
1743495120.931656,-57,20,142
1743495120.966656,-35,-7,170
1743495121.001656,-48,0,188
1743495121.036656,-4,-1,108
1743495121.0726562,1,-1,86
1743495121.1086562,5,12,206
1743495121.143656,-36,-15,48
1743495121.179656,0,18,130
1743495121.214656,17,-5,110
1743495121.249656,43,-35,210
1743495121.284656,7,-17,50
1743495121.320656,35,12,168
1743495121.356656,-62,-25,44
1743495121.3916562,-74,-66,104
1743495121.427656,-40,-18,136
1743495121.462656,-16,37,108
1743495121.497656,37,-30,198
1743495121.533656,79,-34,228
1743495121.568656,-21,29,280
1743495121.604656,-19,1,60
1743495121.639656,-1,97,218
1743495121.675656,0,51,169
1743495121.7106562,18,48,199
1743495121.745656,-84,19,67
1743495121.781656,-31,0,37
1743495121.816656,68,12,131
1743495121.852656,-23,-21,127
1743495121.888656,-70,29,147
1743495121.9246562,111,-62,75
1743495121.959656,-33,8,87
1743495121.995656,80,2,13
1743495122.030656,-9,-37,143
1743495122.065656,-39,0,71
1743495122.101656,-47,38,47
1743495122.136656,-7,34,55
1743495122.172656,10,-37,247
1743495122.207656,-17,30,-14
1743495122.2436562,-49,50,159
1743495122.278656,140,12,237
1743495122.313656,-82,42,161
1743495122.349656,-65,118,47
1743495122.384656,-68,-34,151
1743495122.420656,-10,-44,169
1743495122.455656,-42,33,111
1743495122.491656,3,-14,117
1743495122.5266562,5,33,-20
1743495122.561656,-5,40,139
1743495122.597656,63,29,121
1743495122.632656,-13,6,195
1743495122.668656,-39,-3,119
1743495122.703656,-13,32,195
1743495122.739656,-99,-5,221
1743495122.774656,-17,24,-34
1743495122.809656,4,42,139
1743495122.8456562,-7,52,57
1743495122.880656,2,22,145
1743495122.916656,-116,7,299
1743495122.951656,1,-20,61
1743495122.987656,19,-18,65
1743495123.022656,0,-26,147
1743495123.057656,-4,-28,173
1743495123.093656,23,-30,181
1743495123.128656,-70,-20,194
1743495123.1646562,37,21,152
1743495123.199656,27,35,148
1743495123.235656,23,-18,94
1743495123.270656,-5,22,104
1743495123.305656,72,-59,134
1743495123.341656,-29,34,188
1743495123.376656,0,-9,96
1743495123.412656,-35,98,210
1743495123.4476562,-43,-23,156
1743495123.4836562,-5,-43,106
1743495123.518656,-35,-39,114
1743495123.553656,2,-45,94
1743495123.589656,34,-61,182
1743495123.624656,54,-35,144
1743495123.660656,16,-11,50
1743495123.695656,-17,-51,102
1743495123.731656,-7,-47,288
1743495123.7666562,-47,98,50
1743495123.801656,70,-9,42
1743495123.837656,21,-31,94
1743495123.872656,57,48,214
1743495123.908656,-38,-11,110
1743495123.943656,-66,40,102
1743495123.979656,13,38,172
1743495124.014656,19,6,156
1743495124.0496562,-22,-7,222
1743495124.0856562,45,0,214
1743495124.120656,-88,-15,84
1743495124.156656,-25,24,152
1743495124.191656,-58,-52,184
1743495124.227656,25,44,154
1743495124.262656,51,23,192
1743495124.297656,22,52,92
1743495124.333656,14,-2,208
1743495124.3686562,-13,-34,214
1743495124.4046562,-39,1,92
1743495124.439656,107,-22,178
1743495124.475656,-4,-14,80
1743495124.510656,57,-20,166
1743495124.545656,17,25,80
1743495124.581656,9,13,34
1743495124.616656,-110,-44,116
1743495124.652656,-20,-4,158
1743495124.6876562,50,72,80
1743495124.723656,1,-40,113
1743495124.759656,-34,-45,83
1743495124.795656,1,46,169
1743495124.831656,107,73,159
1743495124.866656,23,-34,101
1743495124.9016562,1,34,103
1743495124.9376562,-26,-76,285
1743495124.973656,-36,-34,187
1743495125.008656,-28,13,199
1743495125.044656,-28,43,45
1743495125.079656,-18,17,109
1743495125.114656,9,-42,115
1743495125.149656,-42,89,97
1743495125.185656,16,-20,101
1743495125.221656,-22,-30,53
1743495125.2566562,1,-8,283
1743495125.292656,-1,13,133
1743495125.327656,-50,-4,79
1743495125.362656,24,33,179
1743495125.397656,-53,9,3
1743495125.433656,-1,-92,103
1743495125.469656,48,1,119
1743495125.504656,-53,-78,221
1743495125.540656,-19,3,27
1743495125.575656,84,-20,100
1743495125.610656,-41,75,110
1743495125.645656,-71,13,219
1743495125.681656,-29,0,262
1743495125.717656,-47,77,164
1743495125.752656,-57,-56,266
1743495125.788656,14,1,149
1743495125.823656,-25,-89,192
1743495125.8586562,90,45,184
1743495125.893656,28,-8,106
1743495125.929656,-18,-46,120
1743495125.965656,59,-22,102
1743495126.000656,41,-12,102
1743495126.036656,-14,13,20
1743495126.071656,-59,22,209
1743495126.106656,55,-48,236
1743495126.1416562,9,5,164
1743495126.177656,-4,5,154
1743495126.213656,-66,31,80
1743495126.248656,87,-10,174
1743495126.284656,33,-70,140
1743495126.319656,89,-4,64
1743495126.354656,-76,65,166
1743495126.389656,23,13,76
1743495126.425656,45,27,226
1743495126.461656,94,-16,52
1743495126.496656,-79,-2,74
1743495126.532656,-71,37,298
1743495126.567656,-144,11,120
1743495126.602656,-58,-88,26
1743495126.637656,12,-3,238
1743495126.673656,14,4,78
1743495126.709656,93,33,194
1743495126.744656,-5,34,110
1743495126.780656,0,0,72
1743495126.815656,-28,23,142
1743495126.850656,21,27,220
1743495126.885656,-46,-28,110
1743495126.921656,17,0,122
1743495126.957656,7,-28,266
1743495126.992656,-116,-26,130
1743495127.028656,-52,-12,66
1743495127.063656,15,19,160
1743495127.098656,-54,83,98
1743495127.133656,35,28,144
1743495127.169656,75,-65,148
1743495127.205656,-7,-31,52
1743495127.240656,-23,90,198
1743495127.2766562,28,-21,192
1743495127.311656,-11,52,122
1743495127.346656,-61,-61,84
1743495127.3816562,-64,-2,98
1743495127.417656,-10,-114,178
1743495127.453656,-24,-76,146
1743495127.488656,-42,-90,146
1743495127.524656,-68,-26,100
1743495127.559656,-36,-12,210
1743495127.594656,-66,-40,174
1743495127.629656,-32,21,106
1743495127.665656,-122,27,28
1743495127.701656,27,-2,82
1743495127.736656,-26,99,162
1743495127.772656,76,61,152
1743495127.807656,37,97,192
1743495127.842656,33,11,138
1743495127.877656,2,-32,82
1743495127.913656,-8,19,56
1743495127.949656,-24,33,164
1743495127.984656,-8,-22,98
1743495128.020656,-48,47,146
1743495128.055656,26,-51,126
1743495128.090656,-27,-48,122
1743495128.125656,-52,-4,138
1743495128.161656,14,-24,44
1743495128.1976562,89,-8,126
1743495128.232656,25,-4,126
1743495128.268656,-14,-6,200
1743495128.303656,-22,17,160
1743495128.338656,-18,-18,66
1743495128.373656,-52,-40,48
1743495128.409656,23,-40,144
1743495128.445656,-54,3,168
1743495128.480656,-12,55,254
1743495128.5166562,22,34,174
1743495128.551656,9,52,106
1743495128.586656,69,16,206
1743495128.621656,-12,10,170
1743495128.657656,-52,-27,138
1743495128.693656,59,48,80
1743495128.728656,-17,49,192
1743495128.764656,-95,-4,12
1743495128.7996562,26,-17,170
1743495128.834656,-1,-67,112
1743495128.869656,-17,49,244
1743495128.905656,-9,1,136
1743495128.941656,-1,13,139
1743495128.976656,-3,-18,125
1743495129.012656,-57,-24,197
1743495129.047656,22,-8,87
1743495129.082656,16,-3,123
1743495129.117656,-7,50,253
1743495129.153656,10,33,177
1743495129.189656,36,-11,71
1743495129.224656,28,-41,77
1743495129.260656,-63,-25,37
1743495129.295656,-21,102,189
1743495129.330656,-111,34,147
1743495129.365656,4,-3,219
1743495129.4016562,-17,70,185
1743495129.4376562,-53,-15,243
1743495129.472656,-65,2,59
1743495129.508656,20,-56,9
1743495129.543656,36,-9,47
1743495129.578656,-9,-43,179
1743495129.613656,68,20,153
1743495129.649656,4,13,199
1743495129.685656,-45,-8,99
1743495129.7206562,-3,-50,79
1743495129.7566562,20,20,243
1743495129.791656,-11,-24,147
1743495129.826656,-51,-7,-4
1743495129.861656,52,-31,135
1743495129.897656,54,34,107
1743495129.933656,30,31,151
1743495129.968656,74,37,71
1743495130.004656,2,25,175
1743495130.0396562,2,62,205
1743495130.074656,26,24,117
1743495130.109656,-43,47,85
1743495130.145656,2,69,97
1743495130.181656,-69,-40,253
1743495130.223656,-11,-42,109
1743495130.260656,-45,-6,139
1743495130.295656,-101,-42,161
1743495130.330656,0,-14,25
1743495130.365656,-7,-58,187
1743495130.4016562,20,-54,63
1743495130.4376562,-21,7,201
1743495130.472656,16,43,67
1743495130.508656,66,66,95
1743495130.543656,51,-41,95
1743495130.578656,-36,-4,45
1743495130.613656,61,-42,145
1743495130.649656,-4,53,-48
1743495130.685656,61,11,155
1743495130.7206562,-20,-28,75
1743495130.7566562,49,14,87
1743495130.791656,-60,-27,229
1743495130.826656,-50,1,147
1743495130.862656,3,26,49
1743495130.897656,-6,0,59
1743495130.933656,-20,-2,60
1743495130.968656,13,7,22
1743495131.004656,9,1,154
1743495131.0396562,30,3,28
1743495131.074656,-21,1,146
1743495131.110656,-19,5,4
1743495131.145656,0,9,162
1743495131.181656,62,49,142
1743495131.216656,22,23,110
1743495131.252656,-17,19,90
1743495131.287656,25,-60,328
1743495131.3226562,-39,77,68
1743495131.3586562,56,7,112
1743495131.393656,74,-22,94
1743495131.429656,-31,23,100
1743495131.464656,-21,-50,108
1743495131.500656,2,-47,140
1743495131.535656,26,8,146
1743495131.570656,48,-62,152
1743495131.606656,-19,-44,38
1743495131.6416562,58,-12,92
1743495131.677656,46,60,74
1743495131.712656,80,-13,38
1743495131.748656,58,-13,126
1743495131.783656,-53,26,236
1743495131.818656,-15,38,188
1743495131.854656,60,-65,214
1743495131.889656,70,0,172
1743495131.925656,-1,110,8
1743495131.9606562,36,3,208
1743495131.996656,68,-74,138
1743495132.031656,-17,-7,101
1743495132.066656,-7,80,209
1743495132.102656,-45,-39,209
1743495132.137656,-11,0,147
1743495132.173656,-1,-3,25
1743495132.208656,58,-1,141
1743495132.244656,16,-19,81
1743495132.2796562,-85,-89,185
1743495132.314656,-175,52,75
1743495132.350656,-13,-12,209
1743495132.385656,24,57,153
1743495132.421656,26,-77,171
1743495132.456656,-13,92,125
1743495132.492656,-67,-44,129
1743495132.527656,-1,1,163
1743495132.5626562,12,-14,5
1743495132.598656,30,-38,57
1743495132.633656,58,73,231
1743495132.669656,-51,26,37
1743495132.704656,-43,50,127
1743495132.740656,-77,-7,193
1743495132.775656,-101,8,-4
1743495132.810656,86,46,132
1743495132.846656,12,-13,259
1743495132.8816562,28,64,151
1743495132.917656,-21,8,235
1743495132.952656,36,18,119
1743495132.988656,-27,65,120
1743495133.023656,-43,-26,82
1743495133.058656,22,-2,235
1743495133.094656,-44,-57,193
1743495133.129656,-50,26,167
1743495133.165656,-42,-21,62
1743495133.200656,7,-33,182
1743495133.236656,-32,10,66
1743495133.271656,19,-59,244
1743495133.306656,-30,-65,112
1743495133.342656,-26,92,98
1743495133.377656,21,-5,136
1743495133.413656,23,4,276
1743495133.448656,51,-39,164
1743495133.484656,35,-77,80
1743495133.519656,56,-55,98
1743495133.554656,-37,-37,24
1743495133.590656,-59,16,68
1743495133.625656,18,46,194
1743495133.661656,26,10,186
1743495133.696656,-51,-23,20
1743495133.732656,-1,-29,184
1743495133.767656,-71,36,40
1743495133.802656,4,16,126
1743495133.838656,2,68,202
1743495133.873656,10,22,178
1743495133.909656,-5,58,152
1743495133.944656,-41,40,128
1743495133.980656,-13,16,152
1743495134.015656,-41,-46,122
1743495134.050656,16,-14,110
1743495134.086656,86,54,128
1743495134.121656,-1,-15,104
1743495134.157656,-17,-69,166
1743495134.192656,16,-13,18
1743495134.228656,-109,96,98
1743495134.263656,44,42,116
1743495134.298656,53,22,-5
1743495134.334656,18,-11,124
1743495134.369656,0,-11,64
1743495134.405656,-10,-39,152
1743495134.440656,52,16,180
1743495134.476656,-30,74,228
1743495134.512656,-20,-17,182
1743495134.547656,13,22,132
1743495134.582656,-17,-11,122
1743495134.6186562,-57,57,198
1743495134.6546562,-34,-86,60
1743495134.689656,104,29,82
1743495134.725656,7,-12,282
1743495134.760656,50,-14,158
1743495134.795656,-10,-52,96
1743495134.830656,0,-2,48
1743495134.866656,27,-12,44
1743495134.902656,-28,1,144
1743495134.9376562,-32,23,42
1743495134.973656,25,-40,66
1743495135.008656,55,-68,226
1743495135.043656,-10,1,220
1743495135.078656,1,-20,124
1743495135.114656,2,38,52
1743495135.150656,15,47,108
1743495135.185656,-73,5,70
1743495135.221656,-59,-16,222
1743495135.2566562,-31,47,140
1743495135.291656,24,-50,168
1743495135.326656,-30,27,158
1743495135.362656,-28,19,130
1743495135.398656,-26,-54,198
1743495135.433656,6,0,44
1743495135.469656,-34,-12,84
1743495135.504656,37,45,122
1743495135.5396562,-4,0,98
1743495135.574656,-77,-52,100
1743495135.610656,16,-16,166
1743495135.646656,-25,49,152
1743495135.681656,6,-44,298
1743495135.717656,-79,-10,174
1743495135.752656,-73,47,124
1743495135.787656,-91,-78,86
1743495135.8226562,10,-56,54
1743495135.8586562,88,37,108
1743495135.894656,-1,5,150
1743495135.929656,64,55,188
1743495135.965656,30,41,234
1743495136.000656,64,45,88
1743495136.035656,-37,17,60
1743495136.070656,8,-14,62
1743495136.106656,0,32,120
1743495136.142656,-9,44,-17
1743495136.177656,8,-83,16
1743495136.213656,16,-31,94
1743495136.248656,-15,26,96
1743495136.283656,100,-5,22
1743495136.318656,-79,86,80
1743495136.354656,36,-53,182
1743495136.390656,-3,-25,170
1743495136.425656,-5,-3,180
1743495136.461656,-35,-3,88
1743495136.496656,-49,2,96
1743495136.531656,-43,-9,160
1743495136.566656,44,14,190
1743495136.602656,-25,-31,98
1743495136.638656,-47,-1,232
1743495136.673656,-85,-13,129
1743495136.709656,55,18,121
1743495136.744656,-9,-21,189
1743495136.7796562,2,78,85
1743495136.814656,-55,-3,187
1743495136.850656,-15,64,43
1743495136.886656,94,32,163
1743495136.921656,0,-31,101
1743495136.957656,38,79,93
1743495136.992656,-71,3,197
1743495137.027656,-59,31,71
1743495137.0626562,-41,-8,175
1743495137.098656,-43,-82,143
1743495137.134656,6,-26,119
1743495137.169656,-49,51,133
1743495137.205656,16,15,19
1743495137.240656,52,-12,79
1743495137.275656,82,-14,-14
1743495137.310656,40,-44,117
1743495137.346656,-33,29,205
1743495137.382656,-45,20,7
1743495137.417656,46,2,24
1743495137.453656,28,-13,180
1743495137.488656,-17,14,44
1743495137.523656,-63,-19,184
1743495137.558656,6,-81,90
1743495137.594656,52,-9,258
1743495137.630656,-85,2,32
1743495137.665656,-41,18,94
1743495137.701656,90,82,88
1743495137.736656,-107,4,83
1743495137.771656,-17,-21,96
1743495137.806656,-15,-5,88
1743495137.842656,-69,-49,172
1743495137.878656,-3,-31,132
1743495137.913656,34,-31,62
1743495137.949656,4,55,106
1743495137.984656,-12,64,68
1743495138.019656,-20,-77,178
1743495138.054656,66,24,196
1743495138.090656,21,-5,176
1743495138.126656,-8,20,270
1743495138.161656,-2,-43,108
1743495138.1976562,31,-5,146
1743495138.232656,-58,-43,146
1743495138.267656,-18,26,166
1743495138.302656,35,48,78
1743495138.338656,37,-29,216
1743495138.374656,23,10,162
1743495138.409656,-20,-31,204
1743495138.445656,43,-41,156
1743495138.480656,-54,31,172
1743495138.515656,96,52,122
1743495138.550656,-71,21,36
1743495138.586656,14,0,150
1743495138.622656,-35,-35,126
1743495138.657656,-11,-77,150
1743495138.693656,12,13,188
1743495138.728656,-29,24,148
1743495138.763656,20,32,190
1743495138.798656,-25,-23,102
1743495138.834656,2,-33,150
1743495138.870656,0,-9,104
1743495138.905656,23,16,140
1743495138.941656,69,64,152
1743495138.976656,-6,-67,132
1743495139.011656,-54,26,138
1743495139.047656,5,-5,124
1743495139.082656,41,-42,-31
1743495139.1186562,-18,-28,206
1743495139.153656,67,-6,212
1743495139.189656,-102,-53,216
1743495139.224656,-30,19,158
1743495139.259656,-24,-73,182
1743495139.294656,-36,-21,60
1743495139.330656,81,4,132
1743495139.366656,-4,34,188
1743495139.4016562,99,42,190
1743495139.4376562,-12,-20,2
1743495139.472656,-12,-69,62
1743495139.507656,-24,-30,172
1743495139.542656,31,-26,196
1743495139.578656,85,-2,84
1743495139.614656,1,-32,192
1743495139.649656,11,85,14
1743495139.685656,-40,-10,257
1743495139.7206562,-44,23,113
1743495139.755656,-16,21,153
1743495139.790656,33,75,137
1743495139.826656,95,-54,173
1743495139.862656,49,-36,165
1743495139.897656,0,-50,59
1743495139.933656,-12,-26,33
1743495139.968656,-46,7,179
1743495140.003656,-120,75,105
1743495140.038656,-28,0,173
1743495140.074656,91,95,71
1743495140.110656,-24,11,119
1743495140.145656,-12,41,65
1743495140.181656,31,17,149
1743495140.216656,13,-39,41
1743495140.258656,12,-16,75
1743495140.294656,-10,-15,107
1743495140.330656,-5,-69,121
1743495140.366656,-33,20,109
1743495140.4016562,-60,-29,145
1743495140.4376562,-16,-5,115
1743495140.472656,10,-77,118
1743495140.507656,42,70,149
1743495140.543656,68,-25,59
1743495140.578656,-9,-17,174
1743495140.614656,-21,-32,142
1743495140.649656,48,41,216
1743495140.685656,-21,8,158
1743495140.7206562,-1,-66,-27
1743495140.755656,10,14,148
1743495140.791656,-33,-9,114
1743495140.826656,48,0,154
1743495140.862656,-87,50,218
1743495140.897656,48,34,130
1743495140.933656,-65,-16,150
1743495140.968656,-83,-78,250
1743495141.003656,76,-26,196
1743495141.0396562,38,-42,78
1743495141.074656,1,0,158
1743495141.110656,23,-44,148
1743495141.145656,-34,-32,156
1743495141.181656,-32,99,128
1743495141.216656,-64,7,136
1743495141.251656,-46,51,184
1743495141.287656,1,15,132
1743495141.3226562,25,-58,90
1743495141.3586562,69,51,164
1743495141.393656,43,-20,120
1743495141.429656,-51,-66,140
1743495141.464656,-4,0,-7
1743495141.499656,47,-44,78
1743495141.535656,-6,9,138
1743495141.570656,95,25,130
1743495141.606656,19,3,98
1743495141.6416562,-86,-14,112
1743495141.677656,-48,-76,98
1743495141.712656,-34,-58,192
1743495141.747656,-6,39,192
1743495141.783656,-50,-34,90
1743495141.818656,-34,31,192
1743495141.854656,-16,43,160
1743495141.889656,-8,-30,150
1743495141.925656,-6,-24,88
1743495141.9606562,7,33,84
1743495141.995656,-50,29,102
1743495142.031656,17,109,228
1743495142.066656,118,217,96
1743495142.102656,23,39,206
1743495142.137656,-54,53,104
1743495142.173656,-2,16,130
1743495142.208656,11,62,98
1743495142.2436562,-96,-59,290
1743495142.2796562,35,46,102
1743495142.314656,11,-30,252
1743495142.350656,-24,-54,58
1743495142.385656,69,39,36
1743495142.421656,-2,-8,8
1743495142.456656,33,-40,150
1743495142.491656,53,-82,102
1743495142.527656,-76,-40,110
1743495142.5626562,123,-34,100
1743495142.598656,49,17,202
1743495142.633656,99,-32,148
1743495142.669656,-18,-24,270
1743495142.704656,-28,5,130
1743495142.739656,-40,-8,122
1743495142.775656,-32,-68,120
1743495142.810656,-80,23,134
1743495142.846656,21,-6,162
1743495142.8816562,-46,-26,176
1743495142.917656,-49,5,64
1743495142.952656,23,-28,96
1743495142.987656,-6,-42,158
1743495143.023656,55,45,184
1743495143.058656,79,-26,-13
1743495143.094656,-4,17,210
1743495143.129656,33,-32,24
1743495143.165656,5,-32,152
1743495143.200656,35,30,200
1743495143.235656,1,-53,74
1743495143.271656,11,-78,172
1743495143.306656,65,-101,184
1743495143.342656,-70,-48,58
1743495143.377656,-46,21,182
1743495143.413656,-60,-108,252
1743495143.448656,-90,-42,136
1743495143.4836562,39,53,100
1743495143.519656,27,-16,152
1743495143.554656,15,-61,108
1743495143.590656,-8,-1,88
1743495143.625656,-40,76,-1
1743495143.661656,-16,24,156
1743495143.696656,-46,-53,188
1743495143.731656,11,14,106
1743495143.767656,-22,-21,124
1743495143.802656,101,-35,132
1743495143.838656,43,0,70
1743495143.873656,13,34,214
1743495143.909656,-28,-25,88
1743495143.944656,27,42,262
1743495143.979656,31,34,72
1743495144.015656,-22,-43,168
1743495144.050656,-28,22,206
1743495144.086656,-15,24,130
1743495144.121656,-35,-49,164
1743495144.156656,51,4,104
1743495144.191656,50,5,182
1743495144.227656,-21,-14,6
1743495144.263656,-38,-6,60
1743495144.298656,-2,-38,224
1743495144.334656,73,-70,146
1743495144.369656,-50,0,134
1743495144.4046562,27,-46,178
1743495144.439656,-44,-14,158
1743495144.475656,33,-54,64
1743495144.511656,73,-4,110
1743495144.546656,29,43,94
1743495144.582656,-28,-104,112
1743495144.617656,61,-44,96
1743495144.652656,63,-14,118
1743495144.6876562,3,-24,82
1743495144.724656,-40,11,208
1743495144.759656,-20,-104,140
1743495144.795656,33,7,108
1743495144.831656,-44,17,138
1743495144.866656,27,-36,92
1743495144.902656,15,5,192
1743495144.9376562,-74,-6,84
1743495144.972656,10,-34,155
1743495145.007656,-105,9,103
1743495145.043656,8,-66,149
1743495145.079656,8,-40,222
1743495145.114656,-55,-8,6
1743495145.150656,-101,25,90
1743495145.185656,-49,22,108
1743495145.2206562,28,-27,54
1743495145.255656,-14,-75,108
1743495145.291656,-34,-105,116
1743495145.327656,5,22,186
1743495145.362656,0,-29,156
1743495145.398656,-40,38,157
1743495145.433656,21,14,119
1743495145.468656,-82,-67,178
1743495145.503656,45,58,111
1743495145.5396562,97,88,135
1743495145.575656,-80,56,81
1743495145.610656,-16,22,133
1743495145.646656,37,-94,83
1743495145.681656,-40,-24,201
1743495145.716656,-10,32,180
1743495145.751656,-16,81,179
1743495145.787656,-52,-35,234
1743495145.823656,47,30,184
1743495145.8586562,-38,46,6
1743495145.894656,-31,-35,84
1743495145.929656,-40,-48,-23
1743495145.964656,44,-24,138
1743495145.999656,42,-76,120
1743495146.035656,9,41,112
1743495146.071656,-3,44,80
1743495146.106656,28,-7,100
1743495146.142656,26,44,64
1743495146.177656,-71,16,192
1743495146.212656,-51,-69,190
1743495146.247656,30,18,40
1743495146.283656,-1,-41,122
1743495146.319656,-53,-61,198
1743495146.354656,-21,-85,130
1743495146.390656,10,-19,120
1743495146.425656,-9,22,134
1743495146.4606562,-33,-17,156
1743495146.495656,-11,12,248
1743495146.531656,-25,46,100
1743495146.567656,56,8,116
1743495146.602656,68,64,18
1743495146.638656,-5,-25,172
1743495146.673656,22,-11,187
1743495146.708656,-57,-13,181
1743495146.7436562,58,34,127
1743495146.7796562,-21,41,115
1743495146.815656,0,4,143
1743495146.850656,32,-23,31
1743495146.886656,56,66,187
1743495146.921656,-77,-3,81
1743495146.956656,-53,24,193
1743495146.991656,12,13,81
1743495147.027656,-21,-26,143
1743495147.063656,48,-36,163
1743495147.098656,10,10,129
1743495147.134656,14,-75,163
1743495147.169656,-63,-15,95
1743495147.204656,-13,-55,65
1743495147.239656,22,70,53
1743495147.275656,-43,28,31
1743495147.311656,38,10,133
1743495147.346656,-53,10,333
1743495147.382656,12,-13,103
1743495147.417656,-92,40,243
1743495147.452656,74,26,101
1743495147.487656,12,28,185
1743495147.523656,-37,-1,151
1743495147.559656,-3,-19,187
1743495147.594656,-51,-32,121
1743495147.630656,40,-41,23
1743495147.665656,-43,27,171
1743495147.700656,-103,-53,149
1743495147.735656,6,-7,62
1743495147.771656,-65,-93,100
1743495147.807656,32,-23,106
1743495147.842656,-2,-8,70
1743495147.878656,-58,25,168
1743495147.913656,-51,-46,120
1743495147.948656,40,15,74
1743495147.9836562,62,37,174
1743495148.019656,39,33,214
1743495148.055656,24,1,186
1743495148.090656,-23,-66,132
1743495148.126656,-31,-18,162
1743495148.161656,-22,-16,72
1743495148.196656,12,2,146
1743495148.231656,-37,-62,80
1743495148.267656,-55,31,266
1743495148.303656,-33,93,118
1743495148.338656,20,-34,232
1743495148.374656,34,-28,98
1743495148.409656,24,43,192
1743495148.444656,18,-17,138
1743495148.479656,60,-60,196
1743495148.515656,-19,-14,162
1743495148.551656,-55,-5,138
1743495148.586656,88,17,70
1743495148.622656,-5,-46,190
1743495148.657656,32,-10,126
1743495148.692656,-73,-75,176
1743495148.727656,-5,-119,176
1743495148.763656,36,-21,148
1743495148.7996562,124,20,188
1743495148.834656,-41,60,94
1743495148.870656,67,-105,192
1743495148.905656,-6,4,78
1743495148.940656,43,-1,134
1743495148.975656,31,-37,140
1743495149.011656,1,-7,82
1743495149.047656,1,-17,80
1743495149.082656,7,26,178
1743495149.1186562,43,-39,174
1743495149.153656,63,6,228
1743495149.188656,53,6,180
1743495149.223656,53,-27,118
1743495149.259656,13,4,182
1743495149.295656,95,-17,170
1743495149.330656,-29,-31,126
1743495149.366656,7,100,80
1743495149.4016562,-2,8,138
1743495149.436656,-33,-12,80
1743495149.471656,-27,12,4
1743495149.507656,66,10,194
1743495149.543656,-48,-43,286
1743495149.578656,-20,9,192
1743495149.614656,41,-22,174
1743495149.649656,3,7,92
1743495149.684656,25,-2,98
1743495149.719656,-40,9,127
1743495149.755656,-10,3,163
1743495149.791656,-60,47,231
1743495149.826656,-6,15,267
1743495149.862656,87,35,129
1743495149.897656,59,5,107
1743495149.932656,1,-52,47
1743495149.967656,-99,-12,169
1743495150.003656,6,-50,241
1743495150.0396562,-1,65,127
1743495150.074656,-33,-14,145
1743495150.110656,-37,38,239
1743495150.145656,-75,-87,95
1743495150.180656,-3,4,201
1743495150.216656,12,110,169
1743495150.251656,-17,-67,97
1743495150.294656,100,-1,129
1743495150.330656,2,54,-64
1743495150.366656,4,-44,79
1743495150.4016562,36,25,153
1743495150.436656,52,-16,-8
1743495150.472656,-33,14,303
1743495150.507656,58,22,153
1743495150.543656,44,-1,197
1743495150.578656,-37,-49,151
1743495150.614656,34,24,103
1743495150.649656,44,-7,147
1743495150.684656,-7,-51,109
1743495150.7206562,53,40,225
1743495150.755656,-66,26,109
1743495150.791656,17,-21,143
1743495150.826656,-23,-11,59
1743495150.862656,16,15,221
1743495150.897656,50,58,175
1743495150.932656,-7,-2,145
1743495150.968656,20,-32,151
1743495151.003656,70,20,107
1743495151.0396562,2,19,126
1743495151.074656,-25,29,123
1743495151.110656,27,-16,118
1743495151.145656,-54,58,134
1743495151.180656,-59,-9,40
1743495151.216656,-11,-7,119
1743495151.251656,62,-43,170
1743495151.287656,-65,54,237
1743495151.3226562,-71,-9,228
1743495151.3586562,-25,18,40
1743495151.393656,-35,10,144
1743495151.428656,62,78,-21
1743495151.464656,0,-31,174
1743495151.499656,22,34,32
1743495151.535656,18,30,142
1743495151.570656,28,-82,134
1743495151.606656,18,18,-1
1743495151.6416562,-45,71,96
1743495151.676656,-43,51,142
1743495151.712656,-19,-16,138
1743495151.747656,-87,13,98
1743495151.783656,26,17,188
1743495151.818656,-7,-24,184
1743495151.854656,-15,-34,132
1743495151.889656,80,15,112
1743495151.9246562,4,13,214
1743495151.9606562,-97,70,-11
1743495151.995656,-5,18,150
1743495152.031656,10,-26,132
1743495152.066656,-43,1,-21
1743495152.102656,42,-92,180
1743495152.137656,90,-28,314
1743495152.172656,-87,7,24
1743495152.208656,-37,-16,142
1743495152.2436562,26,35,102
1743495152.2796562,108,31,178
1743495152.314656,-45,-5,140
1743495152.350656,4,-26,56
1743495152.385656,24,3,64
1743495152.420656,-23,-18,226
1743495152.456656,8,0,98
1743495152.491656,-39,-17,140
1743495152.527656,48,80,100
1743495152.5626562,-1,56,154
1743495152.598656,-45,66,166
1743495152.633656,-49,-29,92
1743495152.668656,-23,-3,96
1743495152.704656,-23,56,34
1743495152.739656,40,8,278
1743495152.775656,46,-27,56
1743495152.810656,56,10,144
1743495152.846656,-41,40,106
1743495152.8816562,-19,-1,200
1743495152.916656,26,-57,40
1743495152.952656,40,-13,48
1743495152.987656,25,-21,138
1743495153.023656,-22,42,146
1743495153.058656,42,-15,82
1743495153.094656,-29,16,152
1743495153.129656,14,-5,144
1743495153.1646562,-23,-19,96
1743495153.200656,-13,12,284
1743495153.235656,-27,6,200
1743495153.271656,64,48,220
1743495153.306656,-13,-25,96
1743495153.342656,-55,-45,90
1743495153.377656,-9,0,198
1743495153.412656,50,13,108
1743495153.448656,-5,0,92
1743495153.4836562,-17,-51,158
1743495153.519656,-37,18,100
1743495153.554656,-7,82,182
1743495153.590656,-79,-65,96
1743495153.626656,16,-1,100
1743495153.661656,-13,-45,162
1743495153.696656,-1,36,156
1743495153.732656,8,-47,88
1743495153.768656,4,14,100
1743495153.803656,58,36,66
1743495153.839656,-21,-30,240
1743495153.874656,-33,-27,200
1743495153.909656,-5,60,32
1743495153.944656,-21,4,84
1743495153.980656,-37,-17,46
1743495154.0166562,-27,-53,228
1743495154.051656,52,-3,188
1743495154.087656,-31,50,100
1743495154.122656,-33,-25,120
1743495154.157656,-93,-3,50
1743495154.192656,74,-25,124
1743495154.228656,56,10,164
1743495154.264656,50,22,72
1743495154.2996562,-23,-81,102
1743495154.3356562,0,40,124
1743495154.370656,-47,12,144
1743495154.405656,-29,38,188
1743495154.440656,-71,-5,206
1743495154.476656,68,-71,134
1743495154.512656,58,10,112
1743495154.547656,0,-27,58
1743495154.583656,-39,-37,116
1743495154.6186562,34,-7,132
1743495154.653656,40,66,156
1743495154.688656,28,32,164
1743495154.724656,-5,48,146
1743495154.760656,23,-10,80
1743495154.795656,44,-16,96
1743495154.831656,0,43,164
1743495154.866656,-14,-70,158
1743495154.9016562,21,-36,110
1743495154.936656,17,-26,156
1743495154.972656,-54,51,252
1743495155.008656,45,7,54
1743495155.043656,29,-74,192
1743495155.079656,28,-15,176
1743495155.114656,16,-13,206
1743495155.149656,4,58,116
1743495155.184656,-3,40,28
1743495155.2206562,-14,-22,212
1743495155.2566562,50,0,208
1743495155.291656,-9,-59,60
1743495155.327656,15,-52,104
1743495155.362656,62,74,186
1743495155.397656,-117,20,124
1743495155.432656,-13,62,68
1743495155.468656,-63,34,74
1743495155.504656,-38,-16,146
1743495155.5396562,-28,-8,72
1743495155.575656,-20,25,96
1743495155.610656,-11,-29,160
1743495155.645656,61,55,54
1743495155.680656,52,-51,134
1743495155.716656,45,5,72
1743495155.752656,40,-31,50
1743495155.787656,-56,17,252
1743495155.823656,5,37,34
1743495155.8586562,-15,-3,258
1743495155.893656,-63,10,242
1743495155.928656,-3,-53,136
1743495155.964656,-17,-43,132
1743495156.000656,5,79,322
1743495156.035656,47,29,28
1743495156.071656,64,11,220
1743495156.106656,-53,-42,142
1743495156.1416562,-5,13,274
1743495156.176656,35,35,46
1743495156.212656,17,-34,90
1743495156.248656,46,-5,210
1743495156.283656,12,48,56
1743495156.319656,-13,32,120
1743495156.354656,99,-65,102
1743495156.389656,-32,8,88
1743495156.4246562,11,58,144
1743495156.4606562,-6,0,258
1743495156.496656,-2,-13,74
1743495156.531656,-30,14,302
1743495156.567656,13,-51,138
1743495156.602656,33,56,134
1743495156.637656,47,32,82
1743495156.672656,-20,-7,34
1743495156.708656,-8,2,118
1743495156.744656,-48,-35,274
1743495156.7796562,-12,-75,166
1743495156.815656,-50,74,60
1743495156.850656,-22,-23,256
1743495156.885656,7,-71,176
1743495156.920656,41,20,176
1743495156.956656,-2,48,214
1743495156.992656,29,-17,22
1743495157.027656,-90,-3,164
1743495157.063656,1,2,122
1743495157.098656,45,28,132
1743495157.133656,1,-1,178
1743495157.168656,-2,2,134
1743495157.204656,-10,-45,17
1743495157.240656,13,2,231
1743495157.275656,29,-29,208
1743495157.311656,0,-47,235
1743495157.346656,-22,-19,225
1743495157.3816562,18,-87,193
1743495157.416656,-13,-87,83
1743495157.452656,-12,-82,85
1743495157.488656,-56,67,83
1743495157.523656,7,-32,77
1743495157.559656,55,43,109
1743495157.594656,37,-72,155
1743495157.629656,51,-68,-32
1743495157.6646562,7,35,135
1743495157.700656,37,1,217
1743495157.736656,5,-70,81
1743495157.771656,-28,-26,153
1743495157.807656,-68,75,123
1743495157.842656,21,19,153
1743495157.877656,-56,1,211
1743495157.912656,61,-80,233
1743495157.948656,-70,-18,163
1743495157.984656,85,15,163
1743495158.019656,-46,-21,133
1743495158.055656,32,10,35
1743495158.090656,102,-3,139
1743495158.125656,-15,26,67
1743495158.160656,44,-91,105
1743495158.196656,14,30,137
1743495158.232656,16,-19,115
1743495158.267656,-33,-85,95
1743495158.303656,-1,88,65
1743495158.338656,32,74,25
1743495158.373656,-15,52,101
1743495158.408656,22,-47,231
1743495158.444656,-37,-57,153
1743495158.480656,13,5,229
1743495158.515656,-10,0,211
1743495158.551656,-18,11,149
1743495158.586656,-20,3,241
1743495158.621656,25,57,125
1743495158.656656,-50,23,113
1743495158.692656,-12,-4,115
1743495158.728656,-2,-68,39
1743495158.763656,-94,37,259
1743495158.7996562,19,69,183
1743495158.834656,-10,-32,89
1743495158.869656,1,-30,143
1743495158.9046562,3,19,169
1743495158.940656,128,-28,155
1743495158.976656,-2,-2,35
1743495159.011656,6,52,0
1743495159.047656,40,-11,249
1743495159.082656,26,-37,137
1743495159.117656,52,-37,151
1743495159.152656,-87,82,113
1743495159.188656,-25,-23,101
1743495159.224656,-37,2,83
1743495159.259656,-7,22,175
1743495159.295656,24,14,31
1743495159.330656,-31,14,93
1743495159.365656,0,-3,135
1743495159.400656,-91,94,63
1743495159.436656,-37,-11,270
1743495159.472656,80,2,184
1743495159.507656,-47,26,200
1743495159.543656,-45,6,256
1743495159.578656,-49,40,196
1743495159.613656,-15,14,88
1743495159.649656,-71,-16,186
1743495159.684656,88,-6,32
1743495159.7206562,70,-25,160
1743495159.755656,-73,-62,42
1743495159.791656,-59,34,166
1743495159.826656,-43,18,90
1743495159.861656,18,-13,72
1743495159.896656,-3,37,64
1743495159.932656,40,11,126
1743495159.968656,62,9,150
1743495160.003656,-19,-26,114
1743495160.0396562,44,-12,178
1743495160.074656,34,19,122
1743495160.109656,20,85,154
1743495160.145656,46,0,216
1743495160.180656,74,17,176
1743495160.216656,22,72,78
1743495160.251656,22,43,218
1743495160.287656,40,83,180
1743495160.329656,-58,-56,190
1743495160.365656,22,9,54
1743495160.4016562,54,24,230
1743495160.436656,71,-78,166
1743495160.472656,-22,-22,34
1743495160.507656,-50,33,136
1743495160.543656,30,26,203
1743495160.578656,26,-6,110
1743495160.613656,10,58,59
1743495160.649656,48,10,191
1743495160.684656,-9,32,145
1743495160.7206562,4,0,141
1743495160.755656,-25,38,105
1743495160.791656,-2,34,139
1743495160.826656,-9,34,162
1743495160.861656,1,14,109
1743495160.897656,-66,-23,124
1743495160.932656,73,46,136
1743495160.968656,-31,-63,22
1743495161.003656,-27,-37,208
1743495161.0396562,50,-37,148
1743495161.074656,-37,-15,252
1743495161.109656,-7,-44,118
1743495161.145656,46,-33,154
1743495161.180656,-7,40,126
1743495161.216656,-13,38,124
1743495161.251656,-29,12,128
1743495161.287656,-11,-52,266
1743495161.3226562,14,20,96
1743495161.357656,-13,25,87
1743495161.393656,66,3,29
1743495161.428656,6,25,167
1743495161.464656,22,-50,207
1743495161.499656,20,3,129
1743495161.535656,10,99,243
1743495161.570656,-63,-49,63
1743495161.605656,22,-61,147
1743495161.6416562,-31,-28,159
1743495161.676656,-89,29,135
1743495161.712656,-51,-14,93
1743495161.747656,-93,-2,-38
1743495161.783656,-13,47,173
1743495161.818656,-7,-48,121
1743495161.853656,-11,11,-52
1743495161.889656,74,-78,121
1743495161.9246562,-37,11,61
1743495161.9606562,26,-56,125
1743495161.995656,-83,-26,191
1743495162.031656,-41,-12,41
1743495162.066656,12,-28,111
1743495162.101656,-43,89,213
1743495162.137656,66,24,130
1743495162.172656,32,-37,77
1743495162.208656,16,74,150
1743495162.2436562,0,88,226
1743495162.2796562,-91,-9,80
1743495162.314656,42,8,88
1743495162.349656,-27,26,178
1743495162.385656,22,22,2
1743495162.420656,6,36,30
1743495162.456656,-33,-43,110
1743495162.491656,-9,48,138
1743495162.527656,-26,-57,142
1743495162.5626562,-40,-1,210
1743495162.597656,-38,24,110
1743495162.633656,12,36,148
1743495162.668656,-21,-43,212
1743495162.704656,57,52,96
1743495162.739656,-41,-53,304
1743495162.775656,-18,78,128
1743495162.811656,20,70,104
1743495162.847656,34,5,240
1743495162.882656,-23,-50,104
1743495162.917656,-35,-55,160
1743495162.953656,-93,-50,86
1743495162.988656,28,5,148
1743495163.024656,-5,0,64
1743495163.059656,70,-53,132
1743495163.0956562,14,45,16
1743495163.1316562,0,-54,164
1743495163.167656,14,9,132
1743495163.203656,-25,-14,108
1743495163.238656,-103,-25,120
1743495163.273656,24,-1,158
1743495163.309656,8,-35,68
1743495163.3456562,14,-76,162
1743495163.380656,114,98,2
1743495163.416656,36,14,8
1743495163.451656,40,-49,190
1743495163.486656,-3,26,178
1743495163.521656,-19,11,168
1743495163.557656,2,5,108
1743495163.593656,77,33,70
1743495163.628656,-12,-18,164
1743495163.6646562,43,-24,130
1743495163.699656,-52,-30,124
1743495163.734656,9,3,152
1743495163.769656,-58,27,246
1743495163.805656,27,5,60
1743495163.841656,54,47,162
1743495163.876656,-23,19,204
1743495163.912656,-65,55,156
1743495163.9476562,-27,13,110
1743495163.982656,-49,6,298
1743495164.017656,-89,-36,104
1743495164.053656,-11,-4,178
1743495164.089656,48,4,116
1743495164.124656,18,-31,72
1743495164.160656,-55,-47,240
1743495164.195656,30,-85,150
1743495164.230656,-7,-31,180
1743495164.265656,42,-35,-97
1743495164.301656,-39,58,189
1743495164.337656,-53,-16,99
1743495164.372656,42,24,115
1743495164.408656,-17,-15,59
1743495164.443656,-51,-69,25
1743495164.478656,-5,30,149
1743495164.513656,14,-22,203
1743495164.5496562,86,40,63
1743495164.5856562,12,70,105
1743495164.620656,-85,32,127
1743495164.656656,-43,3,189
1743495164.691656,-37,68,115
1743495164.726656,28,-11,119
1743495164.761656,24,-28,119
1743495164.797656,-45,9,247
1743495164.833656,-23,35,173
1743495164.8686562,-71,0,219
1743495164.9046562,6,-23,63
1743495164.939656,28,-23,173
1743495164.974656,16,18,151
1743495165.009656,54,-12,51
1743495165.045656,24,-42,141
1743495165.081656,-25,11,245
1743495165.116656,72,-32,143
1743495165.152656,-2,-18,107
1743495165.1876562,-8,-10,93
1743495165.222656,77,-9,103
1743495165.257656,-56,-29,181
1743495165.293656,-36,6,101
1743495165.329656,-70,-1,173
1743495165.364656,77,35,93
1743495165.400656,51,27,145
1743495165.435656,1,-18,-22
1743495165.4706562,-40,-42,211
1743495165.505656,15,15,85
1743495165.541656,-22,25,145
1743495165.577656,-24,17,197
1743495165.612656,109,-36,131
1743495165.648656,7,77,153
1743495165.683656,59,27,61
1743495165.718656,-26,-14,121
1743495165.753656,-73,7,23
1743495165.7896562,112,-4,147
1743495165.825656,14,57,163
1743495165.860656,14,-62,61
1743495165.896656,-22,-26,95
1743495165.931656,19,23,119
1743495165.966656,0,0,247
1743495166.001656,-24,-58,71
1743495166.037656,-80,27,125
1743495166.073656,45,1,234
1743495166.1086562,-38,63,62
1743495166.144656,-2,-18,192
1743495166.179656,24,38,66
1743495166.214656,57,19,76
1743495166.249656,83,-20,188
1743495166.285656,81,5,108
1743495166.321656,-28,113,220
1743495166.356656,-8,-36,30
1743495166.392656,1,-54,204
1743495166.427656,-14,25,76
1743495166.462656,57,29,218
1743495166.497656,-62,117,186
1743495166.533656,-8,-24,160
1743495166.569656,81,7,130
1743495166.604656,11,-12,188
1743495166.640656,-8,-62,122
1743495166.675656,-46,15,248
1743495166.7106562,-10,1,76
1743495166.745656,13,-18,182
1743495166.781656,-14,43,206
1743495166.817656,17,45,122
1743495166.852656,-10,-44,134
1743495166.888656,31,5,252
1743495166.923656,25,-28,102
1743495166.958656,49,33,136
1743495166.9936562,-33,37,90
1743495167.0296562,-3,-2,114
1743495167.065656,36,51,114
1743495167.100656,14,-12,120
1743495167.136656,-7,95,62
1743495167.171656,2,27,164
1743495167.206656,-1,61,168
1743495167.241656,-66,-30,108
1743495167.277656,-15,-32,62
1743495167.313656,-45,35,86
1743495167.348656,-83,33,194
1743495167.384656,-35,27,178
1743495167.419656,-53,-86,116
1743495167.454656,-57,6,54
1743495167.489656,122,-36,138
1743495167.525656,-41,0,92
1743495167.561656,-25,46,118
1743495167.596656,16,-25,124
1743495167.632656,52,106,106
1743495167.667656,-23,122,48
1743495167.702656,56,-53,152
1743495167.737656,44,-49,234
1743495167.773656,-41,60,142
1743495167.809656,-55,32,250
1743495167.844656,-19,44,40
1743495167.880656,-3,34,194
1743495167.915656,-73,-33,350
1743495167.950656,-3,-17,74
1743495167.985656,-41,-65,226
1743495168.021656,-11,6,120
1743495168.057656,8,-45,82
1743495168.092656,34,10,98
1743495168.128656,-103,66,2
1743495168.163656,-81,10,204
1743495168.198656,-45,96,118
1743495168.2336562,-125,-25,216
1743495168.269656,42,26,22
1743495168.305656,-113,-35,172
1743495168.340656,-61,-13,168
1743495168.376656,-45,-11,178
1743495168.411656,14,-87,160
1743495168.446656,-83,40,158
1743495168.481656,-39,-29,40
1743495168.517656,46,38,110
1743495168.553656,62,19,-33
1743495168.588656,-9,58,146
1743495168.624656,62,23,118
1743495168.659656,-117,35,84
1743495168.694656,-23,7,73
1743495168.729656,-51,-30,262
1743495168.765656,74,57,168
1743495168.801656,-61,19,182
1743495168.836656,-55,-116,116
1743495168.872656,8,-20,163
1743495168.907656,-51,1,145
1743495168.942656,20,25,185
1743495168.977656,11,24,89
1743495169.013656,-76,39,223
1743495169.0496562,-64,-33,197
1743495169.084656,69,-31,61
1743495169.120656,-23,14,171
1743495169.155656,48,14,137
1743495169.190656,29,22,99
1743495169.226656,39,-35,199
1743495169.261656,26,-63,217
1743495169.297656,4,65,161
1743495169.332656,-29,-42,129
1743495169.3686562,4,-46,135
1743495169.403656,-5,37,171
1743495169.438656,0,-6,111
1743495169.474656,-3,-16,199
1743495169.509656,54,-34,257
1743495169.545656,12,23,47
1743495169.580656,81,-80,35
1743495169.616656,-25,-54,67
1743495169.6516562,46,-16,143
1743495169.686656,22,11,111
1743495169.722656,38,59,65
1743495169.757656,-23,-16,133
1743495169.793656,-47,23,131
1743495169.828656,50,-22,99
1743495169.864656,74,0,183
1743495169.899656,-41,-70,195
1743495169.934656,-43,17,117
1743495169.9706562,23,-6,165
1743495170.005656,-34,53,145
1743495170.041656,1,-1,87
1743495170.076656,12,-24,47
1743495170.112656,65,-8,249
1743495170.147656,55,13,153
1743495170.182656,-20,-64,163
1743495170.218656,11,-40,111
1743495170.253656,11,75,119
1743495170.2896562,6,9,131
1743495170.331656,40,-26,101
1743495170.3686562,-26,25,273
1743495170.403656,14,11,218
1743495170.438656,-9,-40,52
1743495170.474656,74,0,162
1743495170.509656,-18,71,174
1743495170.545656,-50,65,98
1743495170.580656,81,91,156
1743495170.616656,-18,3,98
1743495170.6516562,87,-40,182
1743495170.686656,-10,17,160
1743495170.722656,-14,5,150
1743495170.757656,-3,-61,118
1743495170.793656,-45,32,106
1743495170.828656,-9,4,116
1743495170.864656,-57,10,78
1743495170.899656,-35,64,128
1743495170.934656,-97,100,273
1743495170.9706562,-55,-3,18
1743495171.005656,26,6,59
1743495171.041656,4,29,124
1743495171.076656,-5,-46,188
1743495171.112656,64,-64,162
1743495171.147656,-11,-21,252
1743495171.182656,64,-19,208
1743495171.218656,-79,26,124
1743495171.253656,-15,16,146
1743495171.2896562,-74,46,232
1743495171.324656,-22,58,-29
1743495171.360656,59,-25,194
1743495171.395656,-2,-43,54
1743495171.430656,33,-11,56
1743495171.466656,-12,48,132
1743495171.501656,44,-8,154
1743495171.537656,-39,45,162
1743495171.5726562,-89,-28,104
1743495171.6086562,-15,-12,20
1743495171.643656,72,19,181
1743495171.678656,-39,3,116
1743495171.714656,-67,-5,108
1743495171.749656,32,-25,165
1743495171.785656,-67,-77,214
1743495171.820656,-135,-73,181
1743495171.856656,32,-73,82
1743495171.8916562,-61,8,124
1743495171.926656,39,12,147
1743495171.962656,32,-45,71
1743495171.997656,101,-17,163
1743495172.033656,-92,-41,123
1743495172.068656,-16,14,99
1743495172.104656,56,78,85
1743495172.139656,24,6,209
1743495172.1746562,72,22,251
1743495172.2106562,-65,6,191
1743495172.245656,-5,-27,94
1743495172.281656,-3,-55,114
1743495172.316656,-45,-33,88
1743495172.352656,118,-39,116
1743495172.387656,38,18,182
1743495172.422656,-15,10,118
1743495172.458656,-89,54,58
1743495172.4936562,-53,29,138
1743495172.5296562,-15,22,164
1743495172.564656,70,-69,292
1743495172.600656,64,-21,146
1743495172.636656,2,86,138
1743495172.672656,-67,4,134
1743495172.708656,51,38,190
1743495172.744656,-14,-11,206
1743495172.780656,-2,-45,74
1743495172.815656,39,-13,216
1743495172.850656,-54,14,208
1743495172.886656,43,44,144
1743495172.922656,-38,-7,24
1743495172.957656,-2,-55,192
1743495172.9936562,-10,28,176
1743495173.028656,-74,64,74
1743495173.063656,13,44,170
1743495173.098656,19,-19,94
1743495173.134656,1,20,152
1743495173.170656,-58,-39,40
1743495173.205656,65,-61,208
1743495173.241656,-58,-19,198
1743495173.2766562,-27,-55,130
1743495173.311656,-26,-51,170
1743495173.346656,33,1,228
1743495173.382656,25,-26,290
1743495173.418656,73,3,146
1743495173.453656,-18,-70,99
1743495173.489656,35,-16,221
1743495173.524656,55,39,129
1743495173.559656,31,0,93
1743495173.594656,-98,-14,221
1743495173.630656,-10,-60,159
1743495173.666656,31,87,119
1743495173.701656,-23,-38,167
1743495173.737656,36,27,189
1743495173.772656,0,37,137
1743495173.807656,-13,-22,327
1743495173.842656,0,25,1
1743495173.878656,36,3,93
1743495173.9146562,-15,23,137
1743495173.949656,22,-16,107
1743495173.985656,-9,20,207
1743495174.020656,-54,18,259
1743495174.055656,-68,42,159
1743495174.090656,40,-10,105
1743495174.126656,-3,15,237
1743495174.162656,0,23,209
1743495174.1976562,-11,-122,183
1743495174.2336562,-35,83,95
1743495174.268656,4,-54,7
1743495174.303656,54,-42,115
1743495174.338656,-48,3,37
1743495174.374656,-8,55,135
1743495174.410656,23,-82,185
1743495174.445656,43,25,115
1743495174.481656,49,-28,97
1743495174.5166562,-66,-28,163
1743495174.551656,-39,-2,185
1743495174.586656,52,23,131
1743495174.622656,-4,83,215
1743495174.658656,-2,23,155
1743495174.693656,-44,-48,73
1743495174.729656,-1,21,177
1743495174.764656,-51,-46,159
1743495174.7996562,20,-50,179
1743495174.834656,-39,-32,37
1743495174.870656,-15,-10,123
1743495174.906656,-59,55,169
1743495174.941656,0,-23,51
1743495174.977656,34,-13,173
1743495175.012656,-69,-5,171
1743495175.047656,42,-81,187
1743495175.082656,-7,-72,111
1743495175.1186562,-55,-24,99
1743495175.1546562,-73,42,139
1743495175.189656,-47,-49,135
1743495175.225656,16,-9,51
1743495175.260656,0,10,207
1743495175.295656,-47,56,121
1743495175.330656,68,-15,226
1743495175.366656,-9,-67,89
1743495175.402656,-21,-45,69
1743495175.4376562,-39,84,179
1743495175.473656,14,-14,201
1743495175.508656,-25,-25,195
1743495175.543656,42,-18,187
1743495175.578656,-31,0,149
1743495175.614656,-21,-25,46
1743495175.650656,46,38,107
1743495175.686656,-23,78,159
1743495175.722656,44,0,35
1743495175.757656,15,-83,211
1743495175.793656,-6,4,87
1743495175.828656,-5,36,81
1743495175.863656,-23,-17,133
1743495175.898656,52,-3,91
1743495175.934656,-33,26,153
1743495175.9706562,40,32,73
1743495176.005656,12,-3,-12
1743495176.041656,2,-45,187
1743495176.076656,-47,-21,73
1743495176.111656,36,10,157
1743495176.146656,6,55,183
1743495176.182656,70,-2,137
1743495176.218656,-51,19,159
1743495176.253656,14,-32,-28
1743495176.2896562,30,-58,189
1743495176.324656,-35,35,163
1743495176.359656,6,19,67
1743495176.394656,40,-8,37
1743495176.430656,30,23,163
1743495176.466656,-5,69,171
1743495176.501656,26,-38,131
1743495176.537656,32,-20,145
1743495176.5726562,-43,-56,209
1743495176.607656,-11,49,111
1743495176.642656,34,44,113
1743495176.678656,64,-85,231
1743495176.714656,-35,-23,107
1743495176.749656,2,-27,165
1743495176.785656,-7,31,257
1743495176.820656,41,16,29
1743495176.855656,29,-3,119
1743495176.890656,-75,-65,229
1743495176.926656,-21,6,133
1743495176.962656,-79,-35,99
1743495176.997656,-67,-9,261
1743495177.033656,-25,-5,201
1743495177.068656,-1,24,157
1743495177.103656,100,-7,251
1743495177.138656,78,8,109
1743495177.1746562,2,2,239
1743495177.2106562,12,-7,103
1743495177.245656,88,18,83
1743495177.281656,-27,42,115
1743495177.316656,6,-5,249
1743495177.351656,-41,16,225
1743495177.386656,-31,-71,91
1743495177.422656,74,80,71
1743495177.458656,-93,-59,68
1743495177.4936562,157,-54,72
1743495177.5296562,-52,-32,84
1743495177.564656,-78,3,62
1743495177.599656,-2,53,66
1743495177.634656,-130,59,172
1743495177.670656,17,5,152
1743495177.706656,12,-38,144
1743495177.741656,19,-16,206
1743495177.777656,28,-38,216
1743495177.8126562,-59,24,138
1743495177.847656,52,-34,156
1743495177.882656,-25,81,58
1743495177.918656,-22,-20,34
1743495177.954656,16,-38,150
1743495177.989656,-25,5,100
1743495178.025656,4,65,114
1743495178.060656,-29,29,228
1743495178.0956562,36,81,224
1743495178.130656,20,61,148
1743495178.166656,-5,-36,184
1743495178.202656,-3,-16,188
1743495178.237656,-99,0,-13
1743495178.273656,54,28,174
1743495178.308656,-55,-52,296
1743495178.343656,-13,1,252
1743495178.378656,36,-31,134
1743495178.4146562,56,-24,140
1743495178.450656,-1,-2,234
1743495178.485656,-81,-38,108
1743495178.521656,-18,-8,132
1743495178.556656,-33,43,92
1743495178.591656,-1,-49,198
1743495178.626656,26,-5,20
1743495178.662656,4,50,146
1743495178.698656,48,62,138
1743495178.7336562,18,16,62
1743495178.769656,-103,-41,250
1743495178.804656,-49,-17,64
1743495178.839656,-27,-3,122
1743495178.875656,-55,-3,88
1743495178.910656,18,-49,168
1743495178.946656,44,12,98
1743495178.981656,22,0,103
1743495179.017656,-19,-49,63
1743495179.052656,20,58,101
1743495179.087656,28,-13,7
1743495179.123656,56,-49,9
1743495179.158656,80,-38,121
1743495179.194656,28,74,191
1743495179.229656,-1,28,161
1743495179.265656,-9,-21,191
1743495179.300656,40,-5,157
1743495179.3356562,98,-5,227
1743495179.371656,-5,-11,69
1743495179.406656,20,36,155
1743495179.442656,3,-66,61
1743495179.477656,12,-43,151
1743495179.513656,23,59,211
1743495179.548656,23,59,241
1743495179.583656,-50,13,103
1743495179.619656,-40,-36,74
1743495179.6546562,-68,121,106
1743495179.690656,-10,15,116
1743495179.725656,43,33,176
1743495179.761656,-28,-16,138
1743495179.796656,25,23,44
1743495179.831656,-32,17,-47
1743495179.867656,-8,47,168
1743495179.902656,-5,10,32
1743495179.938656,-88,-2,54
1743495179.973656,31,-19,116
1743495180.009656,-84,28,4
1743495180.044656,-6,26,190
1743495180.079656,1,28,136
1743495180.115656,-24,2,58
1743495180.150656,114,0,98
1743495180.186656,26,64,124
1743495180.221656,-45,-25,180
1743495180.257656,60,-31,154
1743495180.292656,48,-23,150
1743495180.334656,-49,22,250
1743495180.371656,-7,-12,56
1743495180.406656,78,-4,6
1743495180.442656,64,25,80
1743495180.477656,-139,3,244
1743495180.513656,72,49,120
1743495180.548656,-53,-98,210
1743495180.583656,-31,13,122
1743495180.619656,-9,83,138
1743495180.6546562,18,57,90
1743495180.690656,-31,-5,82
1743495180.725656,34,-57,116
1743495180.761656,-3,8,152
1743495180.796656,-75,31,122
1743495180.831656,-5,32,32
1743495180.867656,42,6,108
1743495180.902656,2,-21,114
1743495180.938656,64,78,180
1743495180.973656,90,14,84
1743495181.009656,-39,-63,108
1743495181.044656,86,-1,90
1743495181.079656,-17,-1,126
1743495181.115656,24,63,48
1743495181.150656,50,9,70
1743495181.186656,8,49,82
1743495181.221656,20,17,92
1743495181.257656,50,12,106
1743495181.292656,40,38,70
1743495181.327656,4,-11,40
1743495181.363656,54,6,68
1743495181.398656,-7,-47,94
1743495181.434656,62,69,156
1743495181.469656,-21,14,140
1743495181.504656,70,-49,94
1743495181.5396562,-79,-43,156
1743495181.575656,-59,18,64
1743495181.611656,11,-19,168
1743495181.646656,27,26,156
1743495181.682656,45,-49,144
1743495181.717656,-26,-21,44
1743495181.753656,-82,28,332
1743495181.788656,-52,-23,126
1743495181.823656,79,16,60
1743495181.859656,-10,8,156
1743495181.894656,41,20,168
1743495181.930656,65,74,154
1743495181.965656,-4,-43,178
1743495182.001656,65,46,176
1743495182.036656,-32,-71,42
1743495182.071656,-56,-73,168
1743495182.107656,-26,70,60
1743495182.142656,19,52,206
1743495182.178656,10,-15,138
1743495182.213656,56,64,278
1743495182.249656,20,58,130
1743495182.285656,24,-35,48
1743495182.321656,-5,-37,52
1743495182.357656,-7,-45,48
1743495182.392656,-21,-23,194
1743495182.427656,34,-29,217
1743495182.463656,-21,28,195
1743495182.499656,-15,30,93
1743495182.534656,-29,-22,130
1743495182.570656,14,-79,54
1743495182.605656,54,11,84
1743495182.640656,81,71,84
1743495182.675656,29,15,115
1743495182.711656,67,-10,115
1743495182.747656,-10,57,103
1743495182.782656,-16,27,241
1743495182.818656,-76,-12,99
1743495182.853656,-96,33,53
1743495182.888656,-34,33,117
1743495182.923656,-7,-46,79
1743495182.959656,32,0,157
1743495182.995656,-46,-53,155
1743495183.030656,12,-46,119
1743495183.066656,-29,-24,149
1743495183.101656,-21,-2,153
1743495183.136656,-7,-24,253
1743495183.171656,62,11,67
1743495183.207656,68,47,125
1743495183.2436562,-31,-42,11
1743495183.278656,32,-10,235
1743495183.314656,-9,35,55
1743495183.349656,-12,0,87
1743495183.384656,-12,33,49
1743495183.419656,51,-42,193
1743495183.455656,30,-4,147
1743495183.491656,128,27,249
1743495183.5266562,34,29,105
1743495183.5626562,-19,53,97
1743495183.597656,-31,-2,121
1743495183.632656,42,-4,131
1743495183.667656,-37,-4,183
1743495183.703656,24,-56,35
1743495183.739656,-56,-14,181
1743495183.774656,36,13,43
1743495183.810656,45,21,221
1743495183.8456562,47,-11,105
1743495183.880656,0,-9,87
1743495183.915656,-2,-2,205
1743495183.951656,83,5,13
1743495183.987656,-26,-44,29
1743495184.022656,-18,-30,77
1743495184.058656,5,-2,31
1743495184.093656,35,-2,121
1743495184.128656,31,-26,17
1743495184.163656,29,21,41
1743495184.199656,17,-24,213
1743495184.235656,59,33,131
1743495184.270656,37,-12,39
1743495184.306656,47,51,189
1743495184.341656,-24,-86,63
1743495184.376656,-51,41,229
1743495184.411656,-39,-34,129
1743495184.4476562,24,-48,169
1743495184.4836562,114,-64,255
1743495184.518656,42,-8,99
1743495184.554656,-25,15,189
1743495184.589656,14,-32,47
1743495184.624656,-49,-32,69
1743495184.659656,0,45,75
1743495184.695656,18,13,127
1743495184.731656,-13,-48,227
1743495184.7666562,74,-4,25
1743495184.802656,34,-16,131
1743495184.837656,-1,-114,174
1743495184.872656,-3,-70,114
1743495184.907656,28,57,128
1743495184.943656,-11,-10,100
1743495184.979656,66,20,214
1743495185.014656,20,-4,42
1743495185.050656,-7,10,152
1743495185.0856562,0,24,240
1743495185.120656,-9,32,156
1743495185.155656,-9,4,118
1743495185.191656,-9,0,56
1743495185.227656,4,5,138
1743495185.262656,0,-60,290
1743495185.298656,-45,29,162
1743495185.333656,90,35,156
1743495185.3686562,-17,-20,92
1743495185.403656,2,67,132
1743495185.439656,28,-14,21
1743495185.475656,-5,-14,182
1743495185.510656,-7,-8,187
1743495185.546656,-3,-35,193
1743495185.581656,62,34,143
1743495185.616656,-5,76,37
1743495185.6516562,12,14,197
1743495185.6876562,-85,28,155
1743495185.723656,-47,62,159
1743495185.758656,-47,-27,53
1743495185.794656,-45,96,95
1743495185.829656,62,-34,73
1743495185.864656,64,-3,117
1743495185.899656,-78,48,139
1743495185.935656,5,40,207
1743495185.971656,19,-55,171
1743495186.0066562,-79,51,159
1743495186.042656,90,-8,195
1743495186.077656,66,51,11
1743495186.112656,18,61,231
1743495186.147656,-41,31,167
1743495186.183656,21,-28,207
1743495186.219656,-38,0,224
1743495186.254656,-78,55,310
1743495186.290656,-64,-90,138
1743495186.325656,-24,19,152
1743495186.360656,-61,-16,170
1743495186.395656,-5,-28,172
1743495186.431656,4,-14,136
1743495186.467656,22,-136,76
1743495186.502656,-86,11,-5
1743495186.538656,45,-20,130
1743495186.573656,-36,37,113
1743495186.6086562,-40,-86,174
1743495186.643656,33,-18,108
1743495186.679656,75,5,204
1743495186.715656,-95,55,208
1743495186.750656,-57,3,180
1743495186.786656,-27,-76,64
1743495186.821656,72,0,166
1743495186.856656,-51,-32,60
1743495186.8916562,32,-22,138
1743495186.927656,6,-11,178
1743495186.963656,-33,-1,196
1743495186.998656,18,5,166
1743495187.034656,-31,9,248
1743495187.069656,50,-32,43
1743495187.104656,-68,-16,120
1743495187.139656,63,31,116
1743495187.175656,24,-56,94
1743495187.211656,32,-40,134
1743495187.246656,-21,11,207
1743495187.282656,3,62,128
1743495187.317656,-4,-13,154
1743495187.352656,-32,-19,198
1743495187.387656,67,48,195
1743495187.423656,-28,39,235
1743495187.459656,9,39,55
1743495187.494656,-2,-32,161
1743495187.530656,-16,-48,160
1743495187.565656,-29,3,168
1743495187.600656,1,9,92
1743495187.635656,-17,-48,82
1743495187.671656,-27,5,104
1743495187.707656,-7,-20,40
1743495187.742656,-23,31,146
1743495187.778656,-15,-36,136
1743495187.813656,-63,43,134
1743495187.848656,-3,-8,202
1743495187.883656,16,-24,162
1743495187.919656,-49,10,204
1743495187.955656,50,-26,116
1743495187.990656,-43,1,152
1743495188.0266562,-27,1,214
1743495188.061656,18,1,156
1743495188.096656,32,-12,90
1743495188.1316562,-23,25,62
1743495188.167656,-3,-68,190
1743495188.203656,22,-80,88
1743495188.238656,-51,-4,198
1743495188.274656,-37,-27,112
1743495188.309656,20,60,196
1743495188.344656,-45,-42,-25
1743495188.380656,-9,-11,128
1743495188.415656,-67,-4,106
1743495188.451656,34,26,30
1743495188.486656,40,-13,186
1743495188.522656,10,-31,68
1743495188.557656,-15,16,124
1743495188.592656,-3,-103,204
1743495188.628656,52,-27,56
1743495188.663656,-51,72,108
1743495188.699656,-1,-11,-29
1743495188.734656,60,-15,110
1743495188.770656,55,-25,-7
1743495188.805656,5,-45,132
1743495188.840656,-16,14,126
1743495188.876656,49,42,100
1743495188.911656,-38,18,172
1743495188.9476562,-66,-63,78
1743495188.982656,21,-19,68
1743495189.018656,21,86,182
1743495189.053656,-26,2,72
1743495189.088656,-40,-15,46
1743495189.124656,33,10,120
1743495189.159656,-20,60,4
1743495189.195656,23,-57,210
1743495189.230656,-34,18,104
1743495189.2666562,93,-67,164
1743495189.301656,111,-16,99
1743495189.336656,-14,37,177
1743495189.372656,55,-4,152
1743495189.407656,87,-42,126
1743495189.443656,-70,-26,211
1743495189.478656,53,71,89
1743495189.514656,-90,69,35
1743495189.5496562,-16,3,137
1743495189.584656,13,-8,175
1743495189.620656,-66,-30,193
1743495189.655656,-38,0,135
1743495189.691656,9,-48,141
1743495189.726656,-18,-20,197
1743495189.762656,-4,-70,127
1743495189.797656,1,63,179
1743495189.832656,-40,7,175
1743495189.8686562,11,-30,101
1743495189.903656,-22,-22,119
1743495189.939656,9,15,207
1743495189.974656,-18,-12,83
1743495190.010656,32,64,99
1743495190.045656,-99,66,199
1743495190.080656,-113,16,151
1743495190.116656,76,-35,103
1743495190.1516562,38,46,257
1743495190.1876562,40,-83,81
1743495190.222656,-33,-29,141
1743495190.258656,-63,11,175
1743495190.293656,-3,-76,169
1743495190.3356562,22,41,121
1743495190.372656,-25,-2,213
1743495190.407656,-21,43,113
1743495190.443656,-47,-62,233
1743495190.478656,-39,29,127
1743495190.514656,-64,3,184
1743495190.5496562,5,88,102
1743495190.584656,50,-25,92
1743495190.620656,-43,-11,116
1743495190.655656,50,20,188
1743495190.691656,4,49,70
1743495190.726656,10,-51,48
1743495190.762656,14,9,249
1743495190.797656,42,47,168
1743495190.832656,-63,5,212
1743495190.8686562,-3,71,238
1743495190.903656,-113,-13,38
1743495190.939656,16,-49,18
1743495190.974656,-23,71,132
1743495191.010656,-45,-66,114
1743495191.045656,56,5,120
1743495191.080656,32,23,130
1743495191.116656,48,-25,159
1743495191.1516562,-15,-31,159
1743495191.1876562,62,72,23
1743495191.222656,80,-19,99
1743495191.258656,26,-65,42
1743495191.293656,30,56,130
1743495191.328656,-61,23,184
1743495191.364656,24,-1,208
1743495191.399656,74,-15,148
1743495191.435656,-7,34,192
1743495191.4706562,-17,-27,102
1743495191.5066562,-15,14,90
1743495191.541656,59,55,120
1743495191.576656,14,-15,162
1743495191.612656,30,12,184
1743495191.647656,-5,-55,84
1743495191.683656,-41,36,122
1743495191.718656,-7,-2,18
1743495191.753656,54,16,260
1743495191.788656,38,-21,232
1743495191.824656,-49,-19,140
1743495191.860656,30,32,190
1743495191.895656,-29,-13,120
1743495191.931656,24,58,124
1743495191.966656,78,58,216
1743495192.001656,16,60,90
1743495192.036656,40,-94,116
1743495192.0726562,-29,21,102
1743495192.1086562,80,67,138
1743495192.143656,-23,21,140
1743495192.179656,10,7,64
1743495192.214656,32,-10,142
1743495192.249656,58,27,180
1743495192.284656,-47,-40,72
1743495192.320656,-39,-52,32
1743495192.356656,-5,3,90
1743495192.3916562,22,41,112
1743495192.427656,68,19,26
1743495192.462656,62,-48,106
1743495192.497656,6,-26,219
1743495192.532656,2,18,83
1743495192.568656,-33,28,207
1743495192.604656,-1,-2,123
1743495192.639656,18,11,77
1743495192.675656,26,-16,183
1743495192.7106562,2,-32,241
1743495192.745656,-15,45,187
1743495192.780656,-19,-20,165
1743495192.816656,62,-62,77
1743495192.852656,-19,-52,147
1743495192.887656,-31,8,131
1743495192.923656,-3,44,77
1743495192.958656,24,78,95
1743495192.9936562,-25,8,97
1743495193.028656,-4,4,195
1743495193.064656,-54,18,73
1743495193.100656,2,-35,157
1743495193.135656,22,24,15
1743495193.171656,-29,20,141
1743495193.206656,18,16,153
1743495193.241656,-3,69,141
1743495193.2766562,-76,11,277
1743495193.3126562,60,79,95
1743495193.348656,16,39,151
1743495193.383656,96,53,129
1743495193.419656,42,31,199
1743495193.454656,-57,5,167
1743495193.489656,-25,17,145
1743495193.524656,-53,55,217
1743495193.560656,72,5,97
1743495193.596656,-37,45,109
1743495193.6316562,54,-28,119
1743495193.667656,24,-16,105
1743495193.702656,-9,4,155
1743495193.737656,12,36,169
1743495193.772656,32,-3,129
1743495193.808656,24,50,81
1743495193.844656,56,-34,63
1743495193.879656,38,-59,191
1743495193.915656,-27,8,91
1743495193.950656,28,58,111
1743495193.985656,-53,-43,109
1743495194.020656,-27,-1,155
1743495194.056656,26,20,176
1743495194.092656,-31,-9,118
1743495194.127656,52,10,174
1743495194.163656,44,16,84
1743495194.198656,86,-19,106
1743495194.2336562,140,-9,170
1743495194.268656,-45,64,292
1743495194.304656,-103,-67,58
1743495194.340656,-29,-34,206
1743495194.375656,14,-3,100
1743495194.411656,76,47,218
1743495194.446656,-31,-37,80
1743495194.481656,68,62,122
1743495194.5166562,-31,-5,20
1743495194.552656,-73,-20,78
1743495194.588656,-33,-2,126
1743495194.623656,-5,7,94
1743495194.659656,10,-56,126
1743495194.694656,-67,-8,88
1743495194.729656,40,53,64
1743495194.764656,-13,15,120
1743495194.800656,32,-26,188
1743495194.836656,42,-34,82
1743495194.871656,-17,-8,44
1743495194.907656,38,1,118
1743495194.942656,52,-44,242
1743495194.977656,-57,17,128
1743495195.012656,14,27,184
1743495195.048656,31,43,88
1743495195.084656,33,7,110
1743495195.119656,-100,15,20
1743495195.155656,23,39,256
1743495195.190656,-46,-74,200
1743495195.225656,59,-36,114
1743495195.260656,-4,25,178
1743495195.296656,63,-52,70
1743495195.332656,41,-78,220
1743495195.367656,-24,-82,202
1743495195.403656,-10,-48,122
1743495195.438656,-38,-10,298
1743495195.473656,117,-78,190
1743495195.508656,53,-18,150
1743495195.544656,-16,-4,54
1743495195.580656,-20,35,110
1743495195.615656,-32,29,198
1743495195.6516562,-14,41,220
1743495195.686656,-8,-64,102
1743495195.721656,-61,-30,222
1743495195.7566562,-52,-28,184
1743495195.792656,-24,-22,-6
1743495195.828656,7,-8,76
1743495195.863656,33,13,128
1743495195.899656,-57,89,128
1743495195.934656,-15,35,119
1743495195.969656,0,-6,187
1743495196.004656,-111,37,153
1743495196.040656,26,-4,121
1743495196.076656,44,27,155
1743495196.111656,130,-68,93
1743495196.147656,110,35,-8
1743495196.182656,-7,37,213
1743495196.217656,36,31,51
1743495196.252656,-59,25,107
1743495196.288656,-51,5,39
1743495196.324656,54,5,177
1743495196.359656,-45,-62,87
1743495196.395656,32,11,79
1743495196.430656,-43,15,63
1743495196.465656,30,-26,47
1743495196.500656,-40,-40,113
1743495196.536656,19,-68,185
1743495196.5726562,-50,-14,169
1743495196.607656,-64,19,93
1743495196.643656,15,61,169
1743495196.678656,0,63,213
1743495196.713656,29,-40,-6
1743495196.748656,-28,-18,33
1743495196.784656,-36,9,185
1743495196.820656,15,-16,191
1743495196.855656,9,3,177
1743495196.8916562,55,-10,3
1743495196.926656,-4,-98,185
1743495196.961656,-68,3,249
1743495196.996656,39,-26,89
1743495197.032656,-28,-46,79
1743495197.068656,-37,-66,240
1743495197.103656,-41,-12,144
1743495197.139656,26,-42,72
1743495197.1746562,-33,-58,212
1743495197.209656,-61,31,112
1743495197.244656,10,-21,138
1743495197.280656,-67,-40,169
1743495197.316656,14,-36,191
1743495197.351656,-19,-29,233
1743495197.387656,52,64,131
1743495197.422656,52,78,55
1743495197.457656,14,-13,-28
1743495197.492656,54,-23,149
1743495197.528656,-11,22,181
1743495197.564656,-5,54,63
1743495197.599656,-3,-41,157
1743495197.635656,52,52,73
1743495197.670656,-49,4,30
1743495197.705656,56,9,112
1743495197.740656,-17,-44,134
1743495197.7766562,-25,-64,212
1743495197.8126562,94,-20,114
1743495197.847656,36,-8,134
1743495197.883656,84,-3,50
1743495197.918656,44,42,131
1743495197.953656,-17,-6,115
1743495197.989656,-21,43,35
1743495198.024656,-11,67,36
1743495198.060656,2,-34,148
1743495198.0956562,32,-8,101
1743495198.1316562,56,-37,71
1743495198.166656,8,-19,177
1743495198.201656,-21,-64,163
1743495198.237656,26,-23,235
1743495198.272656,79,-19,67
1743495198.308656,48,-5,171
1743495198.343656,-39,-15,113
1743495198.379656,14,-11,118
1743495198.4146562,-12,22,129
1743495198.449656,-70,2,141
1743495198.485656,15,38,60
1743495198.520656,123,16,41
1743495198.556656,-52,12,277
1743495198.591656,-24,18,170
1743495198.627656,77,-21,142
1743495198.662656,-14,-65,182
1743495198.6976562,-58,-1,76
1743495198.7336562,10,38,116
1743495198.768656,-15,4,170
1743495198.804656,56,-77,78
1743495198.839656,52,6,216
1743495198.875656,-45,92,56
1743495198.910656,10,-23,152
1743495198.945656,-29,-21,72
1743495198.981656,52,-43,98
1743495199.0166562,-11,6,154
1743495199.052656,-13,8,214
1743495199.087656,-51,38,44
1743495199.123656,20,6,90
1743495199.158656,28,40,92
1743495199.193656,24,-13,146
1743495199.229656,12,80,44
1743495199.264656,62,4,128
1743495199.300656,16,-51,10
1743495199.3356562,16,35,170
1743495199.371656,10,16,230
1743495199.406656,-13,-7,64
1743495199.441656,2,26,100
1743495199.477656,36,-12,142
1743495199.512656,10,75,144
1743495199.548656,-33,43,154
1743495199.583656,-79,13,148
1743495199.619656,-13,5,138
1743495199.6546562,-11,-60,174
1743495199.689656,-13,9,196
1743495199.725656,-27,-40,168
1743495199.760656,-39,35,-43
1743495199.796656,1,33,70
1743495199.831656,9,-22,62
1743495199.867656,21,-46,88
1743495199.902656,-42,-52,142
1743495199.9376562,-58,37,130
1743495199.973656,17,-109,148
1743495200.008656,3,-1,216
1743495200.044656,-34,-38,102
1743495200.079656,-4,33,94
1743495200.115656,21,-8,82
1743495200.150656,29,-7,162
1743495200.185656,59,26,98
1743495200.221656,85,-1,162
1743495200.2566562,-52,-37,102
1743495200.292656,-51,20,178
1743495200.327656,-54,20,186
1743495200.369656,-52,-31,68
1743495200.405656,77,24,76
1743495200.441656,65,-12,78
1743495200.477656,22,-80,176
1743495200.512656,8,3,126
1743495200.548656,-49,99,156
1743495200.583656,-16,7,244
1743495200.619656,35,11,21
1743495200.6546562,97,41,86
1743495200.689656,49,67,106
1743495200.725656,-24,-17,104
1743495200.760656,106,-27,232
1743495200.796656,-42,41,178
1743495200.831656,28,-31,36
1743495200.867656,44,-59,186
1743495200.902656,22,13,160
1743495200.9376562,69,34,138
1743495200.973656,-22,-55,127
1743495201.008656,-57,-110,77
1743495201.044656,39,-33,31
1743495201.079656,20,-61,113
1743495201.115656,12,-29,203
1743495201.150656,-81,55,179
1743495201.185656,16,117,57
1743495201.221656,-17,-4,-18
1743495201.2566562,28,25,167
1743495201.292656,12,25,207
1743495201.327656,26,81,141
1743495201.363656,82,1,151
1743495201.399656,24,-4,91
1743495201.435656,24,37,141
1743495201.471656,-113,-26,73
1743495201.5066562,22,69,339
1743495201.541656,-37,-14,127
1743495201.577656,16,45,69
1743495201.613656,-13,31,195
1743495201.648656,10,40,131
1743495201.684656,0,25,103
1743495201.719656,20,-20,101
1743495201.754656,22,23,155
1743495201.7896562,-49,22,163
1743495201.825656,51,56,199
1743495201.861656,37,-21,97
1743495201.896656,13,-31,163
1743495201.932656,22,-75,-28
1743495201.967656,-63,49,165
1743495202.002656,38,20,150
1743495202.037656,5,-64,126
1743495202.073656,-14,14,184
1743495202.109656,38,-63,216
1743495202.144656,-19,-7,212
1743495202.180656,-85,2,12
1743495202.215656,50,-9,152
1743495202.250656,88,30,102
1743495202.285656,68,-18,160
1743495202.321656,0,-7,164
1743495202.357656,-31,18,136
1743495202.392656,-19,50,130
1743495202.428656,-71,-7,136
1743495202.463656,76,-67,122
1743495202.498656,46,44,250
1743495202.533656,-37,-65,136
1743495202.569656,14,24,228
1743495202.605656,-1,33,171
1743495202.640656,-49,-16,223
1743495202.676656,6,13,293
1743495202.711656,66,115,133
1743495202.746656,30,-14,87
1743495202.781656,-8,7,141
1743495202.817656,45,0,53
1743495202.853656,-52,-42,117
1743495202.888656,-26,-86,113
1743495202.9246562,53,-16,159
1743495202.959656,-22,-20,123
1743495202.994656,-14,-21,195
1743495203.0296562,69,-52,179
1743495203.065656,101,-90,141
1743495203.101656,-67,-42,69
1743495203.136656,-3,-32,207
1743495203.172656,12,-16,87
1743495203.207656,14,39,123
1743495203.242656,2,-60,201
1743495203.277656,-29,7,117
1743495203.313656,13,0,23
1743495203.349656,-50,-43,55
1743495203.384656,-86,41,217
1743495203.420656,-5,-37,123
1743495203.455656,8,-41,9
1743495203.490656,-5,-59,169
1743495203.525656,82,-13,27
1743495203.561656,8,6,117
1743495203.597656,52,-81,193
1743495203.632656,0,-51,137
1743495203.668656,32,-7,119
1743495203.703656,40,-67,129
1743495203.738656,36,35,187
1743495203.773656,-39,15,177
1743495203.809656,-1,-16,193
1743495203.8456562,-15,15,105
1743495203.880656,8,3,95
1743495203.916656,58,-8,131
1743495203.951656,-61,-10,106
1743495203.986656,9,-24,208
1743495204.021656,-32,69,102
1743495204.057656,-10,-66,146
1743495204.093656,23,-12,120
1743495204.128656,-14,-50,152
1743495204.1646562,-22,47,165
1743495204.199656,-2,-18,0
1743495204.234656,73,-58,100
1743495204.269656,11,-12,50
1743495204.305656,-28,-50,218
1743495204.341656,23,-28,222
1743495204.376656,71,-34,104
1743495204.412656,-12,-6,74
1743495204.4476562,45,0,54
1743495204.482656,-38,-44,52
1743495204.517656,4,21,82
1743495204.553656,-65,93,152
1743495204.589656,15,-40,144
1743495204.624656,21,-54,116
1743495204.660656,-88,-40,202
1743495204.695656,7,-93,46
1743495204.730656,9,52,214
1743495204.765656,-52,24,236
1743495204.801656,-26,-1,36
1743495204.837656,-46,-16,104
1743495204.872656,31,-20,234
1743495204.908656,-82,-42,173
1743495204.943656,-2,-60,128
1743495204.978656,-12,-48,172
1743495205.013656,21,15,217
1743495205.0496562,65,-40,177
1743495205.0856562,-6,27,195
1743495205.120656,-38,9,113
1743495205.156656,-56,47,191
1743495205.191656,33,-32,197
1743495205.226656,-60,-50,229
1743495205.261656,49,-8,85
1743495205.297656,23,15,149
1743495205.333656,105,20,189
1743495205.3686562,61,54,271
1743495205.4046562,10,-2,85
1743495205.439656,-27,-24,233
1743495205.474656,50,-37,197
1743495205.509656,-1,-2,145
1743495205.545656,32,37,115
1743495205.581656,40,93,61
1743495205.616656,56,-48,193
1743495205.652656,-1,-42,215
1743495205.6876562,46,-3,107
1743495205.722656,-43,46,65
1743495205.757656,-13,45,217
1743495205.793656,-11,-96,85
1743495205.829656,24,17,129
1743495205.864656,-23,-32,67
1743495205.900656,24,55,151
1743495205.935656,52,-14,199
1743495205.9706562,32,19,153
1743495206.005656,-7,-38,121
1743495206.041656,-21,-96,119
1743495206.077656,68,-48,95
1743495206.112656,-42,-19,67
1743495206.148656,-26,0,155
1743495206.183656,59,1,55
1743495206.218656,0,26,81
1743495206.253656,27,-110,81
1743495206.2896562,85,85,209
1743495206.325656,5,-4,69
1743495206.360656,15,-96,41
1743495206.396656,31,-37,175
1743495206.431656,21,29,147
1743495206.466656,17,63,103
1743495206.501656,-6,47,227
1743495206.537656,13,41,107
1743495206.573656,-62,-4,131
1743495206.6086562,41,41,233
1743495206.644656,31,11,135
1743495206.679656,-18,14,119
1743495206.714656,0,-9,63
1743495206.749656,19,12,85
1743495206.785656,81,-5,143
1743495206.821656,37,32,167
1743495206.856656,19,20,89
1743495206.892656,-48,-11,-4
1743495206.927656,44,54,153
1743495206.962656,-112,82,309
1743495206.997656,19,0,129
1743495207.033656,-26,10,93
1743495207.069656,27,12,-2
1743495207.104656,59,-69,203
1743495207.140656,25,28,127
1743495207.175656,11,-33,183
1743495207.2106562,-46,-47,237
1743495207.245656,9,-73,139
1743495207.281656,-42,-85,211
1743495207.317656,17,32,129
1743495207.352656,-16,-27,35
1743495207.388656,45,56,201
1743495207.423656,-6,88,137
1743495207.458656,-12,-19,165
1743495207.494656,15,-15,195
1743495207.5296562,57,24,167
1743495207.565656,13,8,117
1743495207.600656,66,-85,194
1743495207.636656,-75,8,196
1743495207.671656,-33,12,60
1743495207.706656,-7,-15,116
1743495207.742656,-51,40,152
1743495207.777656,-13,22,136
1743495207.813656,30,38,124
1743495207.848656,-23,-21,18
1743495207.884656,-17,-9,164
1743495207.919656,-39,6,96
1743495207.954656,-73,-7,62
1743495207.990656,28,47,36
1743495208.025656,-43,-35,242
1743495208.061656,-67,-73,92
1743495208.096656,31,-85,72
1743495208.132656,-32,10,128
1743495208.167656,-82,50,42
1743495208.202656,-22,0,66
1743495208.238656,-10,-75,300
1743495208.273656,-28,-7,58
1743495208.309656,22,2,118
1743495208.344656,-13,30,146
1743495208.380656,36,88,16
1743495208.415656,-7,-15,194
1743495208.450656,14,30,188
1743495208.486656,16,49,130
1743495208.521656,-35,3,124
1743495208.557656,-59,27,188
1743495208.592656,-75,-30,204
1743495208.628656,88,77,64
1743495208.663656,-1,-10,184
1743495208.698656,-35,-34,64
1743495208.734656,-43,39,272
1743495208.769656,44,-8,82
1743495208.805656,-51,-17,175
1743495208.840656,-29,71,128
1743495208.876656,34,73,122
1743495208.911656,30,29,138
1743495208.946656,2,23,30
1743495208.982656,-39,28,72
1743495209.017656,-19,18,94
1743495209.053656,58,30,101
1743495209.088656,-77,66,49
1743495209.124656,14,-62,159
1743495209.159656,36,-8,103
1743495209.194656,-3,32,237
1743495209.230656,58,-41,175
1743495209.265656,18,36,187
1743495209.301656,-73,30,120
1743495209.336656,26,40,148
1743495209.372656,-7,58,176
1743495209.407656,-11,18,192
1743495209.442656,2,-2,166
1743495209.478656,-51,-64,172
1743495209.513656,-15,-21,260
1743495209.5496562,-35,-17,166
1743495209.584656,4,-13,230
1743495209.620656,35,-31,192
1743495209.655656,-58,-69,68
1743495209.690656,-66,-15,130
1743495209.726656,22,-67,106
1743495209.761656,-4,10,198
1743495209.797656,-38,-3,138
1743495209.832656,-45,26,138
1743495209.8686562,0,4,210
1743495209.903656,6,-35,214
1743495209.938656,-5,52,128
1743495209.974656,20,-5,174
1743495210.009656,4,-47,158
1743495210.045656,34,-3,232
1743495210.080656,30,-35,140
1743495210.116656,-1,14,38
1743495210.1516562,30,-33,170
1743495210.186656,34,-27,214
1743495210.222656,35,-43,90
1743495210.257656,79,-25,184
1743495210.293656,0,32,132
1743495210.328656,1,-5,166
1743495210.370656,40,-51,216
1743495210.406656,22,38,142
1743495210.442656,-44,-1,216
1743495210.478656,-96,34,200
1743495210.513656,9,8,134
1743495210.5496562,45,22,156
1743495210.584656,11,26,180
1743495210.620656,9,-49,48
1743495210.655656,3,-2,164
1743495210.690656,-50,22,138
1743495210.726656,-40,47,54
1743495210.761656,53,-10,178
1743495210.797656,-66,22,233
1743495210.832656,-30,-90,202
1743495210.8686562,-66,3,57
1743495210.9046562,-30,-24,72
1743495210.940656,-10,38,34
1743495210.976656,-88,18,81
1743495211.011656,-36,-7,143
1743495211.046656,33,46,93
1743495211.082656,9,26,91
1743495211.1186562,49,-17,183
1743495211.153656,75,2,27
1743495211.189656,-14,-29,-10
1743495211.224656,-12,-27,169
1743495211.259656,-12,44,207
1743495211.294656,-24,-13,109
1743495211.330656,-10,6,143
1743495211.366656,35,-31,247
1743495211.4016562,-54,-25,199
1743495211.4376562,-40,-29,149
1743495211.472656,19,42,173
1743495211.507656,-88,-13,191
1743495211.542656,-8,38,173
1743495211.578656,43,24,63
1743495211.614656,-54,94,125
1743495211.649656,-30,-25,171
1743495211.685656,-32,-95,109
1743495211.7206562,89,-51,147
1743495211.755656,-54,20,145
1743495211.790656,-20,-29,-18
1743495211.826656,-52,44,121
1743495211.862656,-40,42,201
1743495211.897656,-54,34,75
1743495211.933656,47,-9,181
1743495211.968656,37,24,257
1743495212.003656,-4,-51,109
1743495212.038656,7,-25,169
1743495212.074656,-68,-15,81
1743495212.110656,-54,-39,83
1743495212.145656,-6,-3,91
1743495212.181656,-4,4,245
1743495212.216656,-32,18,205
1743495212.251656,0,31,97
1743495212.286656,1,5,201
1743495212.3226562,111,-51,95
1743495212.3586562,-6,103,147
1743495212.393656,93,1,355
1743495212.429656,-20,53,113
1743495212.464656,-18,37,87
1743495212.499656,-78,-2,101
1743495212.534656,8,39,117
1743495212.570656,-67,29,135
1743495212.606656,18,41,119
1743495212.6416562,-17,-26,201
1743495212.677656,40,-12,181
1743495212.712656,72,-30,87
1743495212.747656,52,-20,185
1743495212.782656,14,-30,89
1743495212.818656,-1,-81,153
1743495212.854656,-37,-48,91
1743495212.889656,0,67,107
1743495212.925656,0,13,171
1743495212.9606562,2,16,157
1743495212.995656,-59,64,135
1743495213.030656,12,13,117
1743495213.066656,-12,19,143
1743495213.102656,40,47,229
1743495213.137656,75,-15,135
1743495213.173656,10,-129,81
1743495213.208656,36,26,159
1743495213.2436562,-33,14,59
1743495213.278656,-19,36,171
1743495213.314656,18,-45,121
1743495213.350656,-65,40,237
1743495213.385656,18,38,205
1743495213.421656,14,20,243
1743495213.456656,22,-41,123
1743495213.491656,36,-34,165
1743495213.5266562,-5,34,137
1743495213.5626562,28,-15,103
1743495213.598656,-57,-15,13
1743495213.633656,0,64,77
1743495213.669656,-23,-38,135
1743495213.704656,-10,44,181
1743495213.739656,-14,-51,99
1743495213.774656,-6,11,153
1743495213.810656,-40,-34,59
1743495213.846656,-8,29,311
1743495213.8816562,34,68,199
1743495213.917656,2,48,198
1743495213.952656,40,16,238
1743495213.987656,33,44,118
1743495214.022656,89,36,118
1743495214.058656,-96,38,234
1743495214.094656,-18,-5,88
1743495214.129656,21,-17,308
1743495214.165656,-95,16,200
1743495214.200656,16,6,164
1743495214.235656,-39,-61,266
1743495214.270656,-14,8,56
1743495214.306656,35,-17,28
1743495214.342656,-121,26,108
1743495214.377656,-11,-39,222
1743495214.413656,40,-79,44
1743495214.448656,26,-27,222
1743495214.4836562,90,20,146
1743495214.518656,70,16,178
1743495214.554656,-89,-45,112
1743495214.590656,-3,-13,-25
1743495214.625656,34,0,178
1743495214.661656,-63,52,134
1743495214.696656,-15,14,212
1743495214.731656,134,12,238
1743495214.7666562,-33,-59,148
1743495214.802656,-7,-2,180
1743495214.838656,50,19,104
1743495214.873656,-2,-4,90
1743495214.909656,3,-30,184
1743495214.944656,-16,59,98
1743495214.979656,13,-22,120
1743495215.014656,-4,41,162
1743495215.050656,-11,13,220
1743495215.086656,-29,65,126
1743495215.121656,-18,5,102
1743495215.157656,41,-4,112
1743495215.192656,-31,21,258
1743495215.227656,-65,49,208
1743495215.262656,58,5,236
1743495215.298656,12,-64,80
1743495215.334656,-45,15,200
1743495215.369656,54,1,40
1743495215.405656,6,35,-5
1743495215.440656,-13,93,152
1743495215.475656,-11,-40,158
1743495215.510656,-20,45,202
1743495215.546656,19,45,100
1743495215.582656,7,-102,126
1743495215.617656,5,53,162
1743495215.653656,-62,-8,147
1743495215.688656,-34,-2,60
1743495215.723656,-36,-114,168
1743495215.758656,33,-4,142
1743495215.794656,35,-42,132
1743495215.830656,-82,-32,240
1743495215.865656,-8,15,30
1743495215.9016562,-16,-102,80
1743495215.936656,-52,17,182
1743495215.971656,35,-9,54
1743495216.0066562,-20,-9,135
1743495216.042656,-4,58,125
1743495216.078656,-54,-35,141
1743495216.113656,-11,-19,95
1743495216.149656,-11,32,199
1743495216.184656,2,-69,159
1743495216.219656,6,-1,205
1743495216.254656,-33,40,167
1743495216.290656,39,-1,143
1743495216.326656,-58,-13,83
1743495216.361656,-37,-23,141
1743495216.397656,28,14,143
1743495216.432656,14,20,157
1743495216.467656,12,5,11
1743495216.502656,-61,-38,141
1743495216.538656,-31,-34,115
1743495216.574656,-3,-16,89
1743495216.609656,-53,5,53
1743495216.645656,74,-1,85
1743495216.680656,16,46,78
1743495216.715656,82,-53,136
1743495216.750656,-37,-27,169
1743495216.786656,26,16,93
1743495216.8226562,48,42,97
1743495216.857656,-75,-63,208
1743495216.893656,54,36,200
1743495216.928656,-3,-57,78
1743495216.963656,46,-29,185
1743495216.999656,-35,-19,129
1743495217.034656,-39,24,79
1743495217.070656,-22,22,37
1743495217.105656,-56,68,245
1743495217.1416562,-86,-33,155
1743495217.176656,-20,-89,137
1743495217.211656,-86,64,91
1743495217.247656,-58,44,143
1743495217.282656,43,-21,82
1743495217.318656,37,-41,212
1743495217.353656,77,4,191
1743495217.389656,19,0,277
1743495217.4246562,9,64,59
1743495217.459656,7,40,137
1743495217.495656,75,-19,115
1743495217.530656,89,-21,301
1743495217.566656,-18,17,123
1743495217.601656,7,0,31
1743495217.637656,-32,-24,112
1743495217.672656,-46,47,68
1743495217.707656,-32,-11,84
1743495217.7436562,-2,12,124
1743495217.778656,17,-43,208
1743495217.814656,29,4,174
1743495217.849656,33,-65,98
1743495217.885656,-74,-5,286
1743495217.920656,15,-41,52
1743495217.955656,-45,-19,152
1743495217.991656,17,86,120
1743495218.0266562,63,42,238
1743495218.0626562,3,6,78
1743495218.097656,-72,-1,166
1743495218.133656,-38,-23,130
1743495218.168656,-48,-77,126
1743495218.203656,-78,-36,100
1743495218.239656,51,-32,58
1743495218.274656,9,31,144
1743495218.310656,2,-45,94
1743495218.3456562,12,39,214
1743495218.3816562,19,15,144
1743495218.416656,17,-12,166
1743495218.451656,-44,-14,196
1743495218.487656,-6,-36,114
1743495218.522656,17,-2,24
1743495218.558656,45,35,70
1743495218.593656,19,-50,194
1743495218.629656,-2,-17,250
1743495218.6646562,-20,-61,206
1743495218.699656,0,22,182
1743495218.735656,57,-55,168
1743495218.770656,-32,23,68
1743495218.806656,-22,5,148
1743495218.841656,-40,-36,26
1743495218.877656,71,21,88
1743495218.912656,-6,-17,140
1743495218.9476562,5,-42,186
1743495218.9836562,93,27,118
1743495219.018656,80,-17,166
1743495219.054656,-65,40,78
1743495219.089656,-91,74,150
1743495219.125656,-71,2,316
1743495219.160656,-57,-107,178
1743495219.195656,-77,-33,208
1743495219.231656,-34,82,198
1743495219.2666562,-76,32,60
1743495219.302656,43,-49,192
1743495219.337656,-16,6,176
1743495219.373656,-106,48,214
1743495219.408656,-24,66,162
1743495219.443656,29,-38,228
1743495219.479656,-80,-37,206
1743495219.515656,51,31,232
1743495219.551656,-42,43,32
1743495219.586656,1,-22,128
1743495219.622656,67,19,168
1743495219.657656,-24,35,92
1743495219.693656,-4,21,166
1743495219.728656,9,-40,86
1743495219.763656,19,40,146
1743495219.7996562,-32,20,80
1743495219.834656,-6,18,124
1743495219.870656,-30,-45,198
1743495219.905656,-56,-83,152
1743495219.941656,51,80,48
1743495219.976656,-18,-55,172
1743495220.011656,-22,-23,116
1743495220.047656,-40,-45,168
1743495220.082656,63,32,68
1743495220.1186562,-32,-55,34
1743495220.153656,-70,28,88
1743495220.189656,81,14,174
1743495220.224656,-102,-37,250
1743495220.259656,-32,2,118
1743495220.295656,32,-30,225
1743495220.330656,-32,7,121
1743495220.373656,2,-19,107
1743495220.409656,-65,18,83
1743495220.445656,-5,-61,21
1743495220.481656,25,-8,53
1743495220.517656,0,-84,209
1743495220.553656,25,-10,35
1743495220.589656,-16,31,223
1743495220.625656,-48,-4,131
1743495220.660656,27,-14,183
1743495220.695656,-20,5,151
1743495220.731656,-6,0,181
1743495220.767656,-4,-22,143
1743495220.802656,-34,-32,155
1743495220.838656,0,-3,-32
1743495220.873656,3,-3,195
1743495220.908656,7,8,87
1743495220.943656,-4,15,107
1743495220.979656,-44,-26,161
1743495221.015656,-7,-24,117
1743495221.051656,60,-44,63
1743495221.087656,18,-40,189
1743495221.122656,-18,-18,105
1743495221.158656,-90,49,167
1743495221.193656,13,-34,95
1743495221.228656,-72,0,107
1743495221.263656,51,-2,135
1743495221.2996562,69,-6,11
1743495221.3356562,7,-66,161
1743495221.370656,11,17,3
1743495221.406656,23,-16,115
1743495221.441656,47,-26,169
1743495221.476656,11,-76,173
1743495221.511656,-62,29,243
1743495221.547656,41,-30,91
1743495221.583656,-50,-8,117
1743495221.6186562,21,18,139
1743495221.6546562,51,-4,87
1743495221.689656,-56,-40,99
1743495221.724656,15,19,167
1743495221.759656,-66,-84,57
1743495221.795656,55,-30,221
1743495221.831656,-14,-38,159
1743495221.866656,35,-34,97
1743495221.902656,-46,17,205
1743495221.9376562,-68,-94,179
1743495221.972656,-53,-86,81
1743495222.007656,58,17,25
1743495222.043656,-63,-28,97
1743495222.079656,-33,-28,99
1743495222.114656,92,-5,1
1743495222.150656,12,24,63
1743495222.185656,56,25,179
1743495222.2206562,12,19,131
1743495222.255656,-39,83,157
1743495222.291656,-63,59,253
1743495222.327656,-27,37,179
1743495222.362656,62,19,133
1743495222.398656,49,5,195
1743495222.433656,-58,5,199
1743495222.468656,61,0,211
1743495222.503656,-50,37,245
1743495222.5396562,43,0,19
1743495222.575656,-28,-52,29
1743495222.610656,31,29,213
1743495222.646656,-16,-36,199
1743495222.681656,-126,-82,221
1743495222.716656,-64,1,101
1743495222.751656,-38,-62,105
1743495222.787656,-59,33,174
1743495222.823656,-34,-30,75
1743495222.8586562,51,25,119
1743495222.894656,-66,-30,133
1743495222.929656,-9,9,113
1743495222.964656,-21,-28,231
1743495222.999656,-5,-64,55
1743495223.035656,-9,-94,125
1743495223.071656,-53,-12,111
1743495223.106656,-47,-34,169
1743495223.142656,2,23,43
1743495223.177656,80,-36,107
1743495223.212656,27,21,131
1743495223.247656,36,0,217
1743495223.283656,-39,0,57
1743495223.319656,-45,-5,57
1743495223.354656,-45,42,129
1743495223.390656,76,-23,145
1743495223.425656,-59,76,219
1743495223.4606562,144,48,181
1743495223.495656,-19,-7,225
1743495223.531656,4,28,77
1743495223.567656,-38,-43,79
1743495223.602656,-26,12,165
1743495223.638656,3,12,243
1743495223.673656,3,4,55
1743495223.708656,67,52,55
1743495223.7436562,2,-29,15
1743495223.7796562,13,10,127
1743495223.815656,-52,16,241
1743495223.850656,-6,-12,56
1743495223.886656,-44,63,168
1743495223.921656,43,-20,-13
1743495223.956656,-14,1,88
1743495223.991656,-22,-16,16
1743495224.027656,36,51,88
1743495224.063656,-58,11,132
1743495224.098656,31,-74,180
1743495224.134656,-20,-62,286
1743495224.169656,5,-54,158
1743495224.204656,19,45,114
1743495224.239656,29,-8,36
1743495224.275656,-34,-7,150
1743495224.311656,35,33,64
1743495224.346656,-4,69,200
1743495224.382656,-74,-20,154
1743495224.417656,-5,25,12
1743495224.452656,-12,13,100
1743495224.487656,50,39,186
1743495224.523656,-45,27,72
1743495224.559656,-24,63,-17
1743495224.594656,33,79,124
1743495224.630656,-11,29,26
1743495224.665656,-49,3,126
1743495224.700656,46,-60,112
1743495224.735656,54,-46,204
1743495224.771656,-11,31,108
1743495224.807656,-26,15,164
1743495224.842656,37,9,60
1743495224.878656,14,-26,128
1743495224.913656,-2,41,100
1743495224.948656,-21,-20,-21
1743495224.9836562,65,-90,104
1743495225.019656,-61,3,118
1743495225.055656,0,-44,14
1743495225.090656,50,99,174
1743495225.126656,-75,29,126
1743495225.161656,32,89,62
1743495225.196656,-105,-6,136
1743495225.231656,20,-34,136
1743495225.267656,34,-36,196
1743495225.303656,16,7,126
1743495225.338656,-1,11,174
1743495225.374656,54,13,124
1743495225.409656,40,9,114
1743495225.444656,8,59,192
1743495225.479656,-52,-2,160
1743495225.515656,-44,23,128
1743495225.551656,21,29,232
1743495225.586656,-38,9,114
1743495225.622656,-25,-17,164
1743495225.657656,38,-7,190
1743495225.692656,38,-46,176
1743495225.727656,16,23,136
1743495225.763656,14,-6,40
1743495225.7996562,-13,15,122
1743495225.834656,-39,-35,272
1743495225.870656,-36,17,74
1743495225.905656,7,-44,150
1743495225.940656,-62,41,170
1743495225.975656,-13,-106,118
1743495226.011656,47,61,144
1743495226.047656,-18,-14,203
1743495226.082656,-2,-18,149
1743495226.1186562,-38,67,153
1743495226.153656,9,101,167
1743495226.188656,-8,-26,101
1743495226.223656,17,21,60
1743495226.259656,17,53,86
1743495226.295656,59,-26,18
1743495226.330656,-16,5,210
1743495226.366656,-22,10,112
1743495226.4016562,51,36,166
1743495226.436656,20,9,119
1743495226.471656,-1,11,135
1743495226.507656,-90,-11,183
1743495226.543656,37,25,83
1743495226.578656,-66,11,31
1743495226.614656,15,-7,107
1743495226.649656,33,14,167
1743495226.684656,-92,-37,161
1743495226.7206562,-12,-51,181
1743495226.755656,3,44,97
1743495226.791656,-70,19,133
1743495226.826656,-14,-53,81
1743495226.862656,-42,46,81
1743495226.897656,77,-3,45
1743495226.932656,83,-67,123
1743495226.968656,-11,-49,61
1743495227.003656,32,62,111
1743495227.0396562,54,16,119
1743495227.074656,-9,36,191
1743495227.110656,38,34,303
1743495227.145656,22,12,145
1743495227.180656,-159,24,137
1743495227.216656,6,-25,269
1743495227.251656,-25,-21,103
1743495227.287656,-55,47,205
1743495227.3226562,-55,-26,161
1743495227.3586562,24,-18,145
1743495227.393656,-15,-86,101
1743495227.428656,38,11,109
1743495227.464656,22,-57,139
1743495227.499656,66,39,141
1743495227.535656,68,0,187
1743495227.570656,-93,-28,245
1743495227.606656,-13,15,165
1743495227.6416562,62,-61,81
1743495227.676656,74,-37,59
1743495227.712656,-11,23,63
1743495227.747656,-49,73,175
1743495227.783656,-1,-32,75
1743495227.818656,52,-34,133
1743495227.854656,-101,23,127
1743495227.889656,14,-46,143
1743495227.9246562,46,11,51
1743495227.9606562,68,36,155
1743495227.995656,-43,-39,145
1743495228.031656,-27,-3,-4
1743495228.066656,52,10,135
1743495228.102656,4,-35,135
1743495228.137656,-23,-49,-2
1743495228.172656,8,4,101
1743495228.208656,-25,48,231
1743495228.2436562,-42,38,115
1743495228.2796562,-18,-55,209
1743495228.314656,-8,0,201
1743495228.350656,9,82,81
1743495228.385656,-62,-23,224
1743495228.420656,57,12,91
1743495228.456656,-12,4,186
1743495228.491656,31,44,90
1743495228.527656,21,-37,151
1743495228.5626562,51,45,97
1743495228.598656,21,-66,147
1743495228.633656,-4,69,35
1743495228.668656,36,-57,227
1743495228.704656,-81,-17,77
1743495228.739656,33,-33,167
1743495228.775656,40,-41,37
1743495228.810656,-11,34,124
1743495228.8456562,46,40,128
1743495228.880656,0,8,224
1743495228.916656,8,40,174
1743495228.952656,16,40,132
1743495228.987656,-15,-33,98
1743495229.023656,-13,90,82
1743495229.058656,30,6,176
1743495229.094656,-19,-44,66
1743495229.129656,70,28,10
1743495229.1646562,8,-12,284
1743495229.200656,82,11,70
1743495229.235656,-3,31,172
1743495229.271656,48,5,122
1743495229.306656,16,-10,208
1743495229.342656,-35,17,17
1743495229.377656,-21,51,122
1743495229.412656,-47,-34,178
1743495229.448656,-47,-6,112
1743495229.4836562,26,41,124
1743495229.519656,-63,24,214
1743495229.554656,-15,54,78
1743495229.590656,-31,-7,50
1743495229.625656,18,26,180
1743495229.660656,-19,-9,66
1743495229.696656,16,-24,186
1743495229.731656,-33,18,176
1743495229.767656,-3,-46,26
1743495229.802656,0,14,218
1743495229.838656,38,36,224
1743495229.873656,-35,20,36
1743495229.908656,-9,-7,90
1743495229.944656,26,56,132
1743495229.979656,18,-41,84
1743495230.015656,32,20,36
1743495230.050656,64,48,68
1743495230.086656,-13,-59,212
1743495230.122656,52,-32,98
1743495230.157656,-7,-16,64
1743495230.192656,-13,7,96
1743495230.228656,-65,15,178
1743495230.264656,-25,-6,180
1743495230.2996562,-119,-20,48
1743495230.3356562,32,58,92
1743495230.377656,-47,38,152
1743495230.413656,-27,-53,184
1743495230.448656,30,-27,84
1743495230.484656,-1,12,182
1743495230.520656,8,-34,112
1743495230.555656,10,-48,112
1743495230.591656,-7,-36,110
1743495230.626656,-53,-20,152
1743495230.661656,64,33,190
1743495230.696656,-25,-12,136
1743495230.732656,12,-44,182
1743495230.768656,20,-62,184
1743495230.803656,-35,33,80
1743495230.839656,2,-34,52
1743495230.874656,2,-6,90
1743495230.909656,-7,-20,6
1743495230.944656,-32,4,218
1743495230.980656,29,-51,130
1743495231.0166562,-50,-75,118
1743495231.051656,33,-61,260
1743495231.087656,21,28,228
1743495231.122656,-32,-41,148
1743495231.157656,91,73,214
1743495231.192656,7,-58,114
1743495231.228656,-15,37,140
1743495231.264656,-44,-6,110
1743495231.2996562,-86,-6,150
1743495231.3356562,53,-29,56
1743495231.370656,-70,42,22
1743495231.405656,11,18,216
1743495231.440656,55,26,114
1743495231.476656,45,6,28
1743495231.512656,51,-5,160
1743495231.547656,-32,36,140
1743495231.583656,-11,124,164
1743495231.6186562,112,-3,144
1743495231.653656,-41,-21,80
1743495231.688656,-17,34,52
1743495231.724656,98,20,114
1743495231.760656,-70,-21,112
1743495231.795656,29,-59,148
1743495231.831656,13,-2,114
1743495231.866656,-50,-104,96
1743495231.9016562,-54,-60,104
1743495231.936656,41,91,34
1743495231.972656,0,17,190
1743495232.008656,26,-34,176
1743495232.043656,20,15,93
1743495232.079656,-24,11,63
1743495232.114656,77,-92,153
1743495232.149656,-38,89,55
1743495232.184656,47,27,43
1743495232.2206562,-34,41,85
1743495232.2566562,-6,-72,103
1743495232.291656,15,43,169
1743495232.327656,20,-62,69
1743495232.362656,11,-20,71
1743495232.397656,-10,11,59
1743495232.432656,11,-14,131
1743495232.468656,-96,35,79
1743495232.504656,57,-24,235
1743495232.5396562,11,-70,143
1743495232.575656,-20,-2,101
1743495232.610656,-6,-7,187
1743495232.645656,-56,-27,31
1743495232.680656,-73,-55,173
1743495232.716656,-9,-65,139
1743495232.752656,10,-9,33
1743495232.787656,-69,-67,19
1743495232.823656,-34,-19,79
1743495232.8586562,-40,38,17
1743495232.893656,-20,-69,129
1743495232.928656,-14,-13,281
1743495232.964656,21,-97,273
1743495233.000656,33,16,173
1743495233.035656,-56,-50,87
1743495233.071656,-24,33,123
1743495233.106656,-20,-34,147
1743495233.1416562,-6,17,79
1743495233.176656,15,-34,177
1743495233.212656,7,-5,163
1743495233.248656,-8,-7,249
1743495233.283656,45,-96,90
1743495233.319656,19,-61,120
1743495233.354656,99,-35,114
1743495233.389656,49,-9,80
1743495233.4246562,21,-21,102
1743495233.4606562,25,42,128
1743495233.496656,15,122,110
1743495233.531656,13,12,144
1743495233.567656,-27,6,86
1743495233.602656,-6,53,164
1743495233.637656,1,18,132
1743495233.672656,-84,22,-29
1743495233.708656,-14,68,82
1743495233.744656,27,-37,160
1743495233.7796562,-6,-15,174
1743495233.815656,7,72,44
1743495233.850656,-30,0,168
1743495233.885656,-76,-47,170
1743495233.920656,-4,-33,200
1743495233.956656,15,-59,72
1743495233.992656,0,-33,102
1743495234.027656,51,-23,-39
1743495234.063656,4,-58,28
1743495234.098656,13,-33,112
1743495234.133656,55,-40,160
1743495234.168656,15,31,132
1743495234.204656,-34,0,262
1743495234.240656,-78,27,210
1743495234.275656,-70,21,186
1743495234.311656,-40,-66,68
1743495234.346656,-12,-10,168
1743495234.3816562,-48,-29,144
1743495234.416656,53,-31,82
1743495234.452656,15,-21,150
1743495234.488656,9,22,220
1743495234.523656,15,-37,86
1743495234.559656,-78,-13,66
1743495234.594656,167,6,83
1743495234.629656,13,6,177
1743495234.6646562,5,-3,129
1743495234.700656,83,32,121
1743495234.736656,-12,-21,157
1743495234.771656,15,124,167
1743495234.807656,-100,6,-6
1743495234.842656,-22,18,163
1743495234.877656,19,-119,234
1743495234.912656,87,-15,147
1743495234.948656,-50,-19,66
1743495234.984656,23,-3,125
1743495235.019656,-28,-23,189
1743495235.055656,-82,29,114
1743495235.090656,31,21,158
1743495235.125656,7,19,142
1743495235.160656,-38,-39,108
1743495235.196656,15,59,52
1743495235.232656,83,3,-1
1743495235.267656,-16,-68,226
1743495235.303656,11,18,170
1743495235.338656,-20,-17,134
1743495235.373656,-28,-22,140
1743495235.408656,25,4,70
1743495235.444656,-50,-30,230
1743495235.480656,47,0,218
1743495235.515656,-52,-45,128
1743495235.551656,21,-4,118
1743495235.586656,9,10,42
1743495235.621656,0,-86,92
1743495235.656656,35,-4,62
1743495235.692656,9,-80,180
1743495235.728656,-30,17,190
1743495235.763656,-22,-89,44
1743495235.7996562,7,-79,162
1743495235.834656,-70,10,24
1743495235.869656,13,64,180
1743495235.905656,-20,50,126
1743495235.940656,65,-67,100
1743495235.976656,17,-13,144
1743495236.011656,9,-1,132
1743495236.047656,73,-20,76
1743495236.082656,129,-98,166
1743495236.117656,57,-68,182
1743495236.153656,17,-45,108
1743495236.188656,-78,18,186
1743495236.224656,115,-11,150
1743495236.259656,-32,43,124
1743495236.295656,-14,-56,158
1743495236.330656,17,53,142
1743495236.365656,-38,-2,146
1743495236.4016562,-46,-54,142
1743495236.436656,12,-54,138
1743495236.472656,55,-10,240
1743495236.507656,19,-30,162
1743495236.543656,-42,-12,196
1743495236.578656,-15,-22,124
1743495236.613656,-47,-42,24
1743495236.649656,-4,21,232
1743495236.684656,-54,19,124
1743495236.7206562,60,-2,152
1743495236.755656,39,1,-3
1743495236.791656,9,9,146
1743495236.826656,81,65,154
1743495236.861656,-20,17,-5
1743495236.897656,-34,-14,60
1743495236.932656,11,-57,184
1743495236.968656,53,29,-17
1743495237.003656,-76,61,156
1743495237.0396562,17,-18,142
1743495237.074656,89,-8,216
1743495237.109656,-50,29,36
1743495237.145656,-23,37,174
1743495237.180656,57,25,116
1743495237.216656,-7,15,14
1743495237.251656,-39,-30,156
1743495237.287656,6,6,68
1743495237.3226562,-65,58,228
1743495237.357656,-29,-33,182
1743495237.393656,38,-11,118
1743495237.428656,40,-39,150
1743495237.464656,-43,-7,56
1743495237.499656,56,68,106
1743495237.535656,-27,-97,222
1743495237.570656,-35,40,218
1743495237.605656,-43,-15,82
1743495237.6416562,27,60,120
1743495237.676656,-42,-59,140
1743495237.712656,-24,-1,92
1743495237.747656,11,-98,142
1743495237.783656,45,-6,220
1743495237.818656,91,-22,86
1743495237.853656,20,-73,12
1743495237.889656,-7,-43,60
1743495237.9246562,52,2,200
1743495237.9606562,-47,38,128
1743495237.995656,52,26,38
1743495238.031656,0,-43,70
1743495238.066656,-45,-27,122
1743495238.101656,28,0,124
1743495238.137656,-55,42,180
1743495238.172656,-37,-34,114
1743495238.208656,-65,59,2
1743495238.2436562,-9,-5,84
1743495238.2796562,98,-51,128
1743495238.314656,44,0,144
1743495238.349656,21,10,172
1743495238.385656,0,7,178
1743495238.420656,52,-15,192
1743495238.456656,26,28,224
1743495238.491656,-103,-77,150
1743495238.527656,82,0,112
1743495238.5626562,-5,66,113
1743495238.597656,26,70,156
1743495238.633656,-49,24,157
1743495238.668656,-11,65,65
1743495238.704656,-87,7,206
1743495238.739656,0,49,145
1743495238.775656,-7,-42,67
1743495238.810656,40,37,-34
1743495238.8456562,-31,-16,67
1743495238.8816562,12,-42,147
1743495238.916656,10,-30,183
1743495238.952656,14,3,149
1743495238.987656,2,-53,215
1743495239.023656,53,-15,87
1743495239.058656,-26,-21,185
1743495239.093656,-4,-5,27
1743495239.129656,-25,-23,245
1743495239.1646562,-14,22,173
1743495239.200656,30,-44,259
1743495239.235656,30,52,137
1743495239.271656,-36,16,257
1743495239.306656,-53,-19,55
1743495239.341656,-9,-3,197
1743495239.377656,44,28,93
1743495239.412656,-18,-17,67
1743495239.448656,93,32,143
1743495239.4836562,-91,26,99
1743495239.519656,-28,-1,115
1743495239.555656,-22,-39,131
1743495239.591656,-10,-33,125
1743495239.627656,-30,-19,65
1743495239.663656,10,16,101
1743495239.699656,-36,-41,157
1743495239.734656,20,-47,107
1743495239.769656,54,0,233
1743495239.805656,-83,-13,161
1743495239.841656,-31,52,23
1743495239.876656,4,2,101
1743495239.912656,36,-5,209
1743495239.9476562,44,6,33
1743495239.982656,38,-3,99
1743495240.017656,2,-25,155
1743495240.053656,38,-5,211
1743495240.089656,-33,-35,99
1743495240.124656,-5,-23,115
1743495240.160656,-43,-1,85
1743495240.195656,74,40,115
1743495240.230656,-97,20,143
1743495240.265656,19,-9,213
1743495240.301656,19,-3,95
1743495240.337656,-2,-13,-2
1743495240.379656,-28,-15,21
1743495240.416656,9,38,167
1743495240.451656,45,48,186
1743495240.486656,-18,38,27
1743495240.521656,21,-17,36
1743495240.557656,77,-19,85
1743495240.593656,0,0,163
1743495240.628656,25,18,70
1743495240.6646562,-16,-25,140
1743495240.699656,-2,-13,98
1743495240.734656,15,32,-51
1743495240.769656,69,50,134
1743495240.805656,7,-43,38
1743495240.841656,39,4,246
1743495240.876656,-2,20,52
1743495240.912656,-12,64,166
1743495240.9476562,49,-15,128
1743495240.982656,109,-29,150
1743495241.017656,53,-5,80
1743495241.053656,-45,-43,68
1743495241.089656,23,44,84
1743495241.124656,14,2,-11
1743495241.160656,76,18,162
1743495241.195656,90,-35,82
1743495241.230656,8,53,170
1743495241.265656,8,-12,120
1743495241.301656,-5,-24,122
1743495241.337656,-85,-71,98
1743495241.372656,56,-35,162
1743495241.408656,-7,48,48
1743495241.443656,24,36,96
1743495241.478656,-43,66,124
1743495241.513656,74,24,148
1743495241.5496562,-4,16,168
1743495241.5856562,19,-77,188
1743495241.620656,-56,-51,238
1743495241.656656,-40,-67,126
1743495241.691656,31,24,2
1743495241.726656,5,-14,204
1743495241.761656,-24,-14,254
1743495241.797656,-59,17,132
1743495241.833656,-1,29,164
1743495241.8686562,13,-80,144
1743495241.9046562,47,-12,134
1743495241.939656,19,11,272
1743495241.974656,53,-40,32
1743495242.009656,-34,47,177
1743495242.045656,-86,25,187
1743495242.081656,-44,5,82
1743495242.116656,51,-42,229
1743495242.152656,45,1,-4
1743495242.1876562,-20,0,153
1743495242.222656,37,71,113
1743495242.257656,15,1,115
1743495242.293656,15,7,153
1743495242.329656,11,-24,121
1743495242.364656,-38,67,123
1743495242.400656,3,57,209
1743495242.435656,47,25,155
1743495242.4706562,39,-31,139
1743495242.505656,-48,-11,163
1743495242.541656,37,0,117
1743495242.577656,47,-7,177
1743495242.612656,15,-59,153
1743495242.648656,65,-45,177
1743495242.683656,-26,-17,155
1743495242.718656,33,-19,163
1743495242.753656,71,-33,63
1743495242.7896562,-8,-13,237
1743495242.825656,23,-21,41
1743495242.860656,-14,48,99
1743495242.896656,21,-3,89
1743495242.931656,27,-9,113
1743495242.966656,15,60,223
1743495243.001656,-28,-3,179
1743495243.037656,55,34,81
1743495243.073656,-4,-53,163
1743495243.1086562,-52,20,143
1743495243.144656,-106,30,240
1743495243.179656,25,23,145
1743495243.214656,-10,-50,43
1743495243.249656,-34,11,69
1743495243.285656,13,7,167
1743495243.321656,-61,9,232
1743495243.356656,4,89,234
1743495243.392656,-19,23,102
1743495243.427656,52,11,138
1743495243.462656,64,23,170
1743495243.497656,30,113,126
1743495243.533656,-53,-51,52
1743495243.569656,32,56,186
1743495243.604656,42,8,234
1743495243.640656,-23,-101,120
1743495243.675656,27,16,94
1743495243.7106562,-49,102,252
1743495243.745656,-4,-57,224
1743495243.781656,37,-23,70
1743495243.817656,-101,-29,144
1743495243.852656,18,-37,148
1743495243.888656,59,-5,170
1743495243.923656,53,46,182
1743495243.958656,-18,14,118
1743495243.9936562,-10,-13,226
1743495244.0296562,-34,-3,70
1743495244.065656,75,12,110
1743495244.100656,-50,-15,134
1743495244.136656,37,-15,104
1743495244.171656,-12,-29,178
1743495244.206656,15,79,110
1743495244.241656,33,-79,94
1743495244.277656,87,60,242
1743495244.313656,-110,8,172
1743495244.348656,-70,50,120
1743495244.384656,101,71,109
1743495244.419656,4,-36,51
1743495244.454656,-7,21,29
1743495244.489656,-17,17,107
1743495244.525656,-49,33,123
1743495244.561656,50,17,193
1743495244.596656,16,-76,91
1743495244.632656,48,-10,205
1743495244.667656,-17,-16,185
1743495244.702656,-25,-25,167
1743495244.737656,-15,-56,89
1743495244.773656,-49,-10,121
1743495244.809656,-73,-20,19
1743495244.844656,-17,-18,81
1743495244.880656,46,-37,113
1743495244.915656,67,-28,47
1743495244.950656,-22,53,175
1743495244.985656,-130,-28,81
1743495245.021656,29,-36,153
1743495245.057656,-10,7,95
1743495245.092656,-34,-2,325
1743495245.128656,6,-1,3
1743495245.163656,92,6,187
1743495245.198656,-57,-42,111
1743495245.2336562,84,24,111
1743495245.269656,30,-21,129
1743495245.305656,2,-21,99
1743495245.340656,26,13,115
1743495245.376656,-21,95,-100
1743495245.411656,-31,-27,63
1743495245.446656,15,-61,127
1743495245.481656,-37,14,11
1743495245.517656,29,17,91
1743495245.553656,4,13,77
1743495245.588656,4,-8,117
1743495245.624656,-11,-6,206
1743495245.659656,37,-90,192
1743495245.694656,80,-12,16
1743495245.730656,-40,-2,194
1743495245.765656,-30,49,124
1743495245.801656,60,1,20
1743495245.836656,24,0,298
1743495245.872656,143,-36,102
1743495245.907656,-34,-80,254
1743495245.942656,129,25,112
1743495245.978656,21,45,140
1743495246.013656,21,-4,64
1743495246.0496562,-6,-7,218
1743495246.084656,49,31,12
1743495246.120656,-8,-15,104
1743495246.155656,-10,-43,230
1743495246.190656,-46,6,88
1743495246.226656,-14,-43,60
1743495246.261656,37,6,164
1743495246.297656,-18,-17,104
1743495246.332656,-94,14,186
1743495246.3686562,-16,-31,100
1743495246.403656,-26,32,145
1743495246.438656,37,-9,79
1743495246.474656,-32,-79,125
1743495246.509656,-36,24,155
1743495246.545656,-32,2,143
1743495246.580656,23,20,158
1743495246.617656,13,8,190
1743495246.652656,-46,12,142
1743495246.688656,-40,-8,128
1743495246.723656,-64,14,148
1743495246.758656,30,78,139
1743495246.794656,0,17,65
1743495246.829656,-36,-38,47
1743495246.865656,-12,-36,129
1743495246.900656,-24,42,107
1743495246.936656,51,-5,39
1743495246.971656,81,-31,117
1743495247.0066562,-20,-70,51
1743495247.042656,-2,27,197
1743495247.077656,5,66,157
1743495247.113656,-56,14,78
1743495247.148656,61,-4,116
1743495247.184656,39,13,64
1743495247.219656,0,-34,136
1743495247.254656,-72,-22,194
1743495247.290656,41,-26,40
1743495247.325656,89,-28,104
1743495247.361656,5,35,150
1743495247.396656,-6,25,102
1743495247.432656,15,-22,166
1743495247.467656,35,33,132
1743495247.502656,-102,63,230
1743495247.538656,1,-18,302
1743495247.573656,37,-14,174
1743495247.609656,23,31,198
1743495247.644656,-46,25,88
1743495247.680656,13,29,166
1743495247.715656,19,-14,92
1743495247.750656,-14,-40,224
1743495247.786656,19,33,180
1743495247.821656,-1,56,28
1743495247.857656,-23,-29,74
1743495247.892656,25,56,212
1743495247.928656,25,-17,160
1743495247.963656,-10,18,150
1743495247.998656,-6,-29,64
1743495248.034656,-76,-71,72
1743495248.069656,-36,8,120
1743495248.105656,1,-43,44
1743495248.140656,-8,-49,162
1743495248.176656,99,81,144
1743495248.211656,-34,18,18
1743495248.246656,25,34,66
1743495248.282656,29,32,102
1743495248.317656,69,-15,132
1743495248.353656,53,-7,170
1743495248.388656,15,56,206
1743495248.4246562,-12,-51,172
1743495248.459656,-18,-47,90
1743495248.494656,-34,-29,284
1743495248.530656,-14,-19,56
1743495248.565656,-46,-47,144
1743495248.601656,49,8,46
1743495248.636656,-68,92,84
1743495248.672656,13,14,150
1743495248.707656,-10,-1,196
1743495248.742656,27,96,98
1743495248.778656,1,32,240
1743495248.813656,-86,-59,168
1743495248.849656,21,-43,148
1743495248.884656,31,26,228
1743495248.919656,13,36,104
1743495248.954656,39,-7,184
1743495248.990656,-7,-37,196
1743495249.0266562,-75,13,184
1743495249.061656,78,-12,216
1743495249.097656,38,-8,128
1743495249.132656,22,-58,118
1743495249.168656,84,89,152
1743495249.204656,-13,9,124
1743495249.239656,52,1,202
1743495249.274656,-87,-34,90
1743495249.310656,10,-10,144
1743495249.346656,-33,17,132
1743495249.3816562,44,-36,128
1743495249.417656,0,7,98
1743495249.452656,8,31,134
1743495249.487656,-19,33,102
1743495249.522656,-16,-28,55
1743495249.558656,-32,17,166
1743495249.594656,-2,-52,133
1743495249.629656,81,-14,269
1743495249.665656,-36,21,183
1743495249.700656,-8,37,137
1743495249.735656,65,0,87
1743495249.770656,31,-15,179
1743495249.806656,13,37,151
1743495249.842656,-8,-8,195
1743495249.877656,79,-24,71
1743495249.913656,-23,-72,187
1743495249.948656,33,35,223
1743495249.9836562,-18,-20,99
1743495250.018656,21,-4,189
1743495250.054656,17,-58,195
1743495250.090656,-50,-102,217
1743495250.125656,-30,-54,133
1743495250.161656,-50,12,81
1743495250.196656,-78,-21,177
1743495250.231656,75,38,125
1743495250.2666562,-8,2,169
1743495250.302656,-64,-17,130
1743495250.338656,35,4,100
1743495250.380656,-52,-67,16
1743495250.417656,-12,-45,200
1743495250.452656,-78,-63,190
1743495250.487656,67,-23,148
1743495250.522656,-2,-17,154
1743495250.558656,19,26,94
1743495250.594656,17,-43,218
1743495250.629656,-30,-35,154
1743495250.665656,-72,-33,142
1743495250.700656,0,-29,144
1743495250.735656,-78,60,198
1743495250.770656,-50,16,112
1743495250.806656,33,56,276
1743495250.842656,-30,-13,126
1743495250.877656,-24,26,78
1743495250.913656,26,36,122
1743495250.948656,21,-3,38
1743495250.9836562,11,-31,44
1743495251.018656,143,-43,160
1743495251.054656,-14,8,32
1743495251.090656,59,-29,104
1743495251.125656,-16,8,110
1743495251.161656,-24,66,182
1743495251.196656,69,-19,140
1743495251.231656,45,-33,204
1743495251.2666562,3,-35,92
1743495251.302656,113,28,135
1743495251.338656,-8,46,247
1743495251.373656,57,44,145
1743495251.409656,45,70,205
1743495251.444656,-54,-41,253
1743495251.479656,67,-29,185
1743495251.514656,51,-45,29
1743495251.550656,5,-74,147
1743495251.586656,17,39,105
1743495251.621656,13,26,133
1743495251.657656,-20,4,77
1743495251.692656,-18,54,132
1743495251.727656,-68,-51,191
1743495251.762656,25,32,213
1743495251.798656,31,4,213
1743495251.834656,-4,22,259
1743495251.869656,21,36,181
1743495251.905656,47,-7,29
1743495251.941656,-24,-27,143
1743495251.977656,-4,-19,113
1743495252.012656,-90,-5,133
1743495252.047656,-16,16,97
1743495252.082656,5,-33,173
1743495252.1186562,51,12,195
1743495252.1546562,101,-19,189
1743495252.189656,-6,-3,65
1743495252.225656,43,32,143
1743495252.260656,25,74,127
1743495252.295656,45,-13,63
1743495252.330656,33,-23,71
1743495252.366656,19,-9,161
1743495252.402656,-8,-27,123
1743495252.4376562,33,-37,32
1743495252.473656,15,-7,219
1743495252.508656,73,18,91
1743495252.543656,112,43,229
1743495252.578656,-10,10,161
1743495252.614656,-22,-29,55
1743495252.650656,-28,40,289
1743495252.685656,-28,62,100
1743495252.721656,-12,58,64
1743495252.7566562,-22,46,126
1743495252.791656,29,-15,130
1743495252.826656,33,-59,216
1743495252.862656,23,30,88
1743495252.898656,-124,-13,65
1743495252.933656,63,-56,305
1743495252.969656,-10,-2,212
1743495253.004656,-82,-28,178
1743495253.0396562,-34,-6,90
1743495253.074656,23,21,166
1743495253.110656,-2,-38,202
1743495253.146656,-54,-28,274
1743495253.181656,-88,-26,204
1743495253.217656,69,-68,102
1743495253.252656,-2,-8,170
1743495253.287656,-10,-6,52
1743495253.3226562,-24,-20,60
1743495253.3586562,-92,19,158
1743495253.394656,25,79,90
1743495253.429656,-30,75,156
1743495253.465656,57,23,210
1743495253.500656,-16,-16,178
1743495253.535656,3,49,100
1743495253.570656,23,45,-13
1743495253.606656,-16,33,270
1743495253.642656,19,-4,250
1743495253.677656,-72,0,60
1743495253.713656,-14,-34,138
1743495253.748656,-52,-15,174
1743495253.783656,-18,-3,74
1743495253.818656,-26,122,64
1743495253.854656,-24,-33,174
1743495253.890656,-62,64,124
1743495253.925656,-52,-9,224
1743495253.961656,11,32,164
1743495253.996656,-36,34,74
1743495254.031656,11,2,62
1743495254.066656,5,-5,190
1743495254.102656,21,-83,166
1743495254.138656,-32,6,115
1743495254.173656,-24,4,159
1743495254.209656,0,-33,46
1743495254.244656,-32,80,125
1743495254.2796562,-18,20,213
1743495254.314656,25,-39,51
1743495254.350656,3,70,135
1743495254.386656,-40,4,126
1743495254.421656,-44,30,202
1743495254.457656,15,-27,130
1743495254.492656,1,-7,162
1743495254.527656,17,-35,123
1743495254.5626562,45,32,74
1743495254.598656,0,72,168
1743495254.634656,9,44,184
1743495254.669656,57,26,104
1743495254.705656,31,92,145
1743495254.740656,19,8,169
1743495254.775656,-68,4,161
1743495254.810656,-72,-83,223
1743495254.846656,-48,-17,171
1743495254.882656,-2,56,85
1743495254.917656,61,-35,83
1743495254.953656,27,16,111
1743495254.988656,-28,20,121
1743495255.023656,-58,-23,-16
1743495255.058656,-48,22,197
1743495255.094656,-48,-9,207
1743495255.130656,-22,-23,72
1743495255.165656,9,26,92
1743495255.201656,0,20,20
1743495255.236656,49,-26,352
1743495255.271656,71,-9,79
1743495255.307656,61,-77,123
1743495255.342656,-104,16,153
1743495255.378656,-16,-21,49
1743495255.413656,-32,64,190
1743495255.449656,57,-67,263
1743495255.484656,43,-41,231
1743495255.519656,13,-18,87
1743495255.555656,-6,67,136
1743495255.590656,-114,-16,144
1743495255.626656,-12,-8,138
1743495255.661656,73,-73,226
1743495255.6976562,35,-15,88
1743495255.732656,-22,-19,208
1743495255.767656,71,-8,146
1743495255.803656,15,-14,122
1743495255.838656,-40,-28,249
1743495255.874656,-8,-20,111
1743495255.909656,11,-14,26
1743495255.945656,-76,14,194
1743495255.980656,57,72,52
1743495256.015656,57,58,290
1743495256.051656,112,-41,60
1743495256.086656,-29,-45,194
1743495256.122656,-69,58,-4
1743495256.157656,-47,-17,47
1743495256.193656,22,16,129
1743495256.228656,10,14,57
1743495256.263656,14,-65,165
1743495256.2996562,24,-35,125
1743495256.334656,-31,-23,105
1743495256.370656,-67,60,127
1743495256.405656,6,40,113
1743495256.441656,26,-67,171
1743495256.476656,-3,-15,57
1743495256.511656,-19,-13,142
1743495256.547656,36,-29,51
1743495256.582656,8,40,178
1743495256.6186562,-9,-57,142
1743495256.653656,14,114,185
1743495256.689656,16,2,203
1743495256.724656,12,92,174
1743495256.759656,12,72,192
1743495256.795656,-103,-45,116
1743495256.830656,-7,16,146
1743495256.866656,-37,63,174
1743495256.9016562,-33,16,118
1743495256.9376562,-33,-57,140
1743495256.972656,92,20,26
1743495257.007656,-29,32,194
1743495257.043656,34,-15,218
1743495257.078656,-13,56,62
1743495257.114656,40,132,202
1743495257.149656,76,-31,104
1743495257.185656,-25,-1,30
1743495257.2206562,76,-41,170
1743495257.255656,3,-9,216
1743495257.291656,74,-41,218
1743495257.326656,-75,18,188
1743495257.362656,10,-13,148
1743495257.397656,36,-31,238
1743495257.433656,-59,-71,198
1743495257.468656,-75,16,194
1743495257.503656,-81,-15,102
1743495257.5396562,-5,-41,10
1743495257.574656,32,-69,146
1743495257.610656,-85,22,82
1743495257.645656,10,-59,104
1743495257.681656,80,-13,158
1743495257.716656,36,62,120
1743495257.751656,84,-49,212
1743495257.787656,108,-57,128
1743495257.8226562,-27,50,20
1743495257.8586562,-1,58,72
1743495257.893656,-1,34,132
1743495257.929656,16,-41,130
1743495257.964656,148,-27,122
1743495257.999656,66,-71,198
1743495258.035656,30,-63,180
1743495258.070656,16,18,64
1743495258.106656,-17,-57,188
1743495258.1416562,23,-97,140
1743495258.177656,-53,-37,96
1743495258.212656,-23,-19,64
1743495258.247656,-81,102,2
1743495258.283656,58,-49,154
1743495258.318656,2,-45,116
1743495258.354656,-5,-5,138
1743495258.389656,-1,26,150
1743495258.425656,40,49,250
1743495258.4606562,-75,-3,152
1743495258.495656,46,4,141
1743495258.531656,18,-9,8
1743495258.566656,-67,-11,42
1743495258.602656,10,-43,180
1743495258.637656,90,-35,122
1743495258.673656,26,-33,130
1743495258.709656,28,-47,34
1743495258.745656,14,-35,168
1743495258.781656,82,-43,96
1743495258.816656,14,16,60
1743495258.851656,-71,8,118
1743495258.887656,44,3,116
1743495258.923656,50,109,67
1743495258.958656,-41,-55,115
1743495258.994656,38,-42,191
1743495259.0296562,94,-24,143
1743495259.064656,88,29,93
1743495259.099656,30,-54,225
1743495259.135656,74,-16,71
1743495259.171656,-43,-27,135
1743495259.206656,42,12,17
1743495259.242656,-21,38,261
1743495259.277656,46,-21,113
1743495259.3126562,70,40,63
1743495259.347656,-37,-19,133
1743495259.383656,20,-1,49
1743495259.419656,28,-61,137
1743495259.454656,26,6,77
1743495259.490656,-11,-9,71
1743495259.525656,-3,0,61
1743495259.560656,-15,30,145
1743495259.5956562,-35,19,235
1743495259.6316562,89,95,85
1743495259.667656,-2,-20,71
1743495259.702656,-74,-74,155
1743495259.738656,-35,-18,169
1743495259.773656,-43,-16,131
1743495259.808656,110,-16,39
1743495259.843656,-25,-35,61
1743495259.879656,-49,-9,127
1743495259.915656,8,-27,127
1743495259.950656,-49,-5,161
1743495259.986656,-7,-83,115
1743495260.021656,-3,14,63
1743495260.056656,-51,36,81
1743495260.091656,-35,66,66
1743495260.127656,-19,-14,42
1743495260.163656,-13,6,150
1743495260.198656,-33,40,70
1743495260.234656,46,-41,184
1743495260.269656,56,6,136
1743495260.304656,-39,-35,136
1743495260.339656,-5,26,124
1743495260.382656,18,9,116
1743495260.419656,-31,17,148
1743495260.454656,-9,19,-29
1743495260.490656,-107,-22,166
1743495260.525656,-51,37,184
1743495260.560656,62,77,158
1743495260.5956562,-41,0,82
1743495260.6316562,-9,77,212
1743495260.667656,-61,0,116
1743495260.702656,-3,13,238
1743495260.738656,36,17,116
1743495260.773656,-71,35,14
1743495260.808656,8,15,52
1743495260.843656,4,3,108
1743495260.879656,-55,55,84
1743495260.915656,18,0,64
1743495260.950656,-41,11,44
1743495260.986656,18,29,204
1743495261.021656,33,-33,64
1743495261.056656,-70,16,154
1743495261.091656,-87,21,34
1743495261.127656,-11,-11,36
1743495261.163656,-5,-24,56
1743495261.198656,-22,26,116
1743495261.234656,-2,-19,252
1743495261.269656,9,14,130
1743495261.304656,61,-65,140
1743495261.339656,-46,12,115
1743495261.375656,-64,12,99
1743495261.411656,56,56,105
1743495261.446656,-47,36,75
1743495261.482656,14,-5,43
1743495261.517656,-9,14,119
1743495261.552656,20,42,59
1743495261.587656,-31,8,283
1743495261.623656,-9,12,149
1743495261.659656,30,30,195
1743495261.694656,-45,-3,39
1743495261.730656,-13,39,237
1743495261.765656,-37,-10,149
1743495261.800656,-15,61,73
1743495261.8356562,-5,47,169
1743495261.871656,34,-100,205
1743495261.907656,16,21,41
1743495261.942656,-63,-18,131
1743495261.978656,32,21,49
1743495262.013656,112,3,153
1743495262.048656,62,-8,270
1743495262.083656,-11,13,-5
1743495262.119656,-11,9,188
1743495262.155656,-9,-6,218
1743495262.190656,-19,-52,174
1743495262.226656,-69,-12,124
1743495262.261656,-31,15,120
1743495262.296656,-47,-24,96
1743495262.331656,-51,0,130
1743495262.367656,-21,47,168
1743495262.403656,-1,-18,122
1743495262.438656,22,18,142
1743495262.474656,-19,-39,164
1743495262.509656,-5,56,164
1743495262.544656,36,-24,4
1743495262.579656,62,49,250
1743495262.615656,-33,35,112
1743495262.6516562,84,41,232
1743495262.686656,-33,-60,124
1743495262.722656,-61,71,170
1743495262.757656,-17,43,158
1743495262.792656,34,33,202
1743495262.827656,16,-40,102
1743495262.863656,12,75,194
1743495262.899656,34,-18,152
1743495262.934656,11,37,196
1743495262.9706562,-26,21,102
1743495263.005656,-46,-44,174
1743495263.040656,-6,0,192
1743495263.075656,23,51,220
1743495263.111656,-36,57,80
1743495263.147656,-30,27,168
1743495263.182656,27,-46,136
1743495263.218656,5,-15,192
1743495263.253656,-72,-88,82
1743495263.288656,10,-24,144
1743495263.323656,24,-92,38
1743495263.359656,-27,7,204
1743495263.395656,-27,25,112
1743495263.430656,-28,19,126
1743495263.466656,54,29,74
1743495263.501656,54,11,98
1743495263.536656,48,0,150
1743495263.571656,-89,-12,168
1743495263.607656,-38,-24,148
1743495263.643656,-29,17,126
1743495263.678656,-19,27,46
1743495263.714656,4,-42,250
1743495263.749656,60,1,150
1743495263.784656,28,-36,100
1743495263.819656,-65,-32,116
1743495263.855656,8,27,62
1743495263.8916562,72,9,118
1743495263.926656,-109,1,20
1743495263.962656,-41,7,114
1743495263.997656,2,-2,260
1743495264.032656,-81,3,42
1743495264.067656,52,-43,160
1743495264.103656,12,-34,132
1743495264.139656,-41,-30,112
1743495264.1746562,-5,37,180
1743495264.2106562,-19,91,34
1743495264.245656,6,-40,160
1743495264.280656,14,49,90
1743495264.315656,18,-48,62
1743495264.351656,66,-72,276
1743495264.387656,54,-60,172
1743495264.422656,-25,41,230
1743495264.458656,-117,-18,132
1743495264.4936562,58,-63,248
1743495264.528656,46,-62,144
1743495264.563656,-21,91,160
1743495264.599656,58,-8,146
1743495264.635656,-53,98,96
1743495264.670656,-17,26,272
1743495264.706656,-5,-89,18
1743495264.741656,-41,64,234
1743495264.7766562,-89,-15,28
1743495264.8126562,30,-15,90
1743495264.847656,50,12,82
1743495264.883656,28,26,28
1743495264.918656,-9,20,162
1743495264.954656,44,-35,234
1743495264.989656,30,6,200
1743495265.024656,34,20,38
1743495265.060656,42,10,122
1743495265.0956562,-21,61,138
1743495265.1316562,-39,15,118
1743495265.166656,-13,61,86
1743495265.202656,-7,-28,182
1743495265.237656,2,-38,136
1743495265.272656,-19,-114,164
1743495265.308656,48,-26,94
1743495265.343656,32,-26,120
1743495265.379656,28,-18,152
1743495265.4146562,44,61,64
1743495265.450656,-55,1,50
1743495265.485656,-109,20,26
1743495265.520656,-6,-46,56
1743495265.556656,19,31,158
1743495265.591656,-30,57,132
1743495265.627656,23,-24,230
1743495265.662656,-12,-12,214
1743495265.698656,33,45,116
1743495265.7336562,17,35,140
1743495265.768656,133,-32,146
1743495265.804656,31,-34,104
1743495265.839656,15,0,144
1743495265.875656,-2,-46,94
1743495265.910656,-42,37,207
1743495265.946656,-82,33,185
1743495265.981656,21,-32,101
1743495266.0166562,27,-48,264
1743495266.052656,-52,-22,40
1743495266.087656,83,-76,71
1743495266.123656,-54,-62,63
1743495266.158656,31,-30,71
1743495266.194656,41,-96,213
1743495266.229656,-36,-34,201
1743495266.264656,29,63,203
1743495266.300656,-84,34,129
1743495266.3356562,35,-1,69
1743495266.371656,67,32,113
1743495266.406656,41,54,203
1743495266.442656,-54,10,97
1743495266.477656,-32,-8,129
1743495266.512656,11,-39,137
1743495266.548656,-8,-53,185
1743495266.583656,31,-3,11
1743495266.619656,-30,-35,99
1743495266.6546562,-62,92,129
1743495266.690656,-32,-15,133
1743495266.725656,45,4,205
1743495266.760656,-28,-3,161
1743495266.796656,-82,-11,135
1743495266.831656,-65,20,101
1743495266.867656,-40,-72,91
1743495266.902656,-82,25,161
1743495266.938656,8,-60,175
1743495266.973656,-21,-15,117
1743495267.008656,46,-31,175
1743495267.044656,-37,-5,169
1743495267.079656,68,6,239
1743495267.115656,-59,24,113
1743495267.150656,-15,32,183
1743495267.186656,28,-5,147
1743495267.221656,-31,50,157
1743495267.2566562,0,-24,183
1743495267.292656,-29,33,119
1743495267.327656,-23,-28,-10
1743495267.363656,38,-36,199
1743495267.398656,-43,-10,159
1743495267.434656,18,-24,247
1743495267.469656,8,-36,113
1743495267.504656,12,-10,125
1743495267.540656,-13,-59,49
1743495267.575656,59,17,77
1743495267.611656,63,20,143
1743495267.646656,47,42,11
1743495267.682656,-4,-65,177
1743495267.717656,63,-13,47
1743495267.752656,45,4,105
1743495267.788656,45,14,193
1743495267.823656,53,-9,151
1743495267.859656,37,-41,97
1743495267.894656,-10,57,101
1743495267.930656,13,-33,191
1743495267.965656,13,-47,111
1743495268.000656,-20,-41,101
1743495268.036656,37,18,7
1743495268.071656,-64,-5,153
1743495268.107656,-26,-31,129
1743495268.142656,13,-5,185
1743495268.178656,-53,38,219
1743495268.214656,6,2,139
1743495268.250656,77,68,209
1743495268.286656,41,12,87
1743495268.3226562,47,2,45
1743495268.3586562,-10,4,167
1743495268.393656,47,100,153
1743495268.428656,1,-37,113
1743495268.464656,69,22,195
1743495268.500656,85,54,129
1743495268.535656,-9,-39,143
1743495268.571656,4,-73,115
1743495268.606656,79,84,207
1743495268.6416562,-66,-71,161
1743495268.676656,43,46,21
1743495268.712656,-8,-9,125
1743495268.748656,-20,-25,137
1743495268.783656,-28,-3,145
1743495268.819656,25,50,223
1743495268.854656,-14,-61,43
1743495268.889656,-56,34,87
1743495268.9246562,-28,22,115
1743495268.9606562,51,-47,43
1743495268.996656,1,-29,261
1743495269.031656,65,-67,5
1743495269.067656,13,0,131
1743495269.102656,-110,54,9
1743495269.137656,-52,2,155
1743495269.172656,33,-7,232
1743495269.208656,71,32,139
1743495269.244656,-38,-29,87
1743495269.2796562,-18,4,115
1743495269.315656,151,58,182
1743495269.350656,-44,4,102
1743495269.385656,-64,-25,104
1743495269.420656,55,-15,128
1743495269.456656,-4,18,36
1743495269.492656,0,30,102
1743495269.527656,33,24,270
1743495269.563656,-98,-51,238
1743495269.598656,-20,18,96
1743495269.633656,51,-33,216
1743495269.668656,-14,48,254
1743495269.704656,55,94,96
1743495269.740656,63,-23,130
1743495269.775656,63,-49,130
1743495269.811656,-54,-11,86
1743495269.846656,73,112,150
1743495269.8816562,105,22,78
1743495269.916656,29,30,146
1743495269.952656,-4,-21,98
1743495269.988656,0,16,238
1743495270.023656,33,-41,162
1743495270.059656,-20,56,120
1743495270.094656,27,-79,88
1743495270.129656,-14,32,108
1743495270.1646562,47,-76,256
1743495270.200656,21,-28,110
1743495270.236656,43,18,116
1743495270.271656,-30,-89,146
1743495270.307656,37,-41,196
1743495270.342656,-33,70,134
1743495270.384656,24,50,142
1743495270.420656,-34,30,42
1743495270.456656,91,-17,200
1743495270.492656,-6,14,218
1743495270.527656,0,-17,198
1743495270.563656,-57,90,100
1743495270.598656,-31,20,144
1743495270.633656,-77,36,94
1743495270.668656,82,82,94
1743495270.704656,-58,38,150
1743495270.740656,-78,44,140
1743495270.775656,77,0,120
1743495270.811656,5,-9,126
1743495270.846656,61,-57,68
1743495270.8816562,41,4,132
1743495270.916656,57,-11,156
1743495270.952656,-36,34,54
1743495270.988656,-64,-31,92
1743495271.023656,23,58,170
1743495271.059656,-42,-85,212
1743495271.094656,33,26,146
1743495271.129656,39,-71,112
1743495271.1646562,-62,-5,190
1743495271.200656,21,82,222
1743495271.236656,9,14,248
1743495271.271656,-6,-61,100
1743495271.307656,-8,4,216
1743495271.342656,-64,-13,68
1743495271.377656,41,-11,78
1743495271.412656,47,2,92
1743495271.448656,49,-35,38
1743495271.484656,-34,-33,82
1743495271.519656,-38,-65,220
1743495271.555656,5,-15,100
1743495271.590656,49,8,104
1743495271.625656,-50,-15,106
1743495271.660656,7,12,206
1743495271.696656,-4,50,208
1743495271.732656,-34,-13,118
1743495271.767656,53,-7,50
1743495271.803656,-28,-19,202
1743495271.838656,31,83,168
1743495271.873656,23,-54,218
1743495271.908656,27,-12,86
1743495271.944656,-27,0,116
1743495271.980656,42,7,140
1743495272.015656,-2,-6,150
1743495272.051656,-6,-74,94
1743495272.086656,-16,0,52
1743495272.121656,-42,23,144
1743495272.156656,65,7,102
1743495272.192656,-16,59,220
1743495272.228656,21,-60,202
1743495272.263656,-62,-28,154
1743495272.2996562,13,20,34
1743495272.334656,-26,-24,82
1743495272.369656,33,50,98
1743495272.4046562,23,-25,104
1743495272.440656,-42,-31,160
1743495272.476656,16,3,118
1743495272.511656,-39,36,114
1743495272.547656,-3,30,186
1743495272.582656,12,1,124
1743495272.617656,-5,26,158
1743495272.652656,-10,36,68
1743495272.688656,-20,-35,97
1743495272.724656,-49,-31,195
1743495272.759656,-29,98,127
1743495272.795656,4,19,221
1743495272.830656,-13,3,165
1743495272.865656,-11,35,77
1743495272.900656,-45,-72,133
1743495272.936656,12,41,153
1743495272.972656,4,57,177
1743495273.007656,26,20,123
1743495273.043656,24,18,107
1743495273.078656,-25,-43,285
1743495273.113656,76,34,59
1743495273.148656,-85,-15,-62
1743495273.184656,47,-25,224
1743495273.2206562,-16,14,80
1743495273.255656,19,-45,86
1743495273.291656,-12,-1,146
1743495273.326656,-16,40,144
1743495273.361656,93,-95,-4
1743495273.396656,3,-87,101
1743495273.432656,25,30,147
1743495273.468656,-56,24,121
1743495273.503656,43,16,91
1743495273.5396562,-18,-21,253
1743495273.574656,37,-1,175
1743495273.609656,-22,-9,209
1743495273.644656,-22,10,73
1743495273.680656,-58,-63,93
1743495273.716656,-14,12,185
1743495273.751656,-26,24,169
1743495273.787656,-26,18,51
1743495273.8226562,91,-79,67
1743495273.857656,-36,-65,175
1743495273.892656,35,16,71
1743495273.928656,-50,48,85
1743495273.964656,85,-15,-4
1743495273.999656,-10,-3,174
1743495274.035656,-18,-1,160
1743495274.070656,29,-31,144
1743495274.105656,11,12,108
1743495274.140656,-4,-61,112
1743495274.176656,31,8,118
1743495274.212656,9,-9,274
1743495274.247656,13,-11,160
1743495274.283656,-36,-3,70
1743495274.318656,17,-51,218
1743495274.353656,11,-37,250
1743495274.389656,53,42,68
1743495274.4246562,-10,55,80
1743495274.4606562,41,-19,91
1743495274.495656,0,12,113
1743495274.531656,-22,-64,195
1743495274.566656,5,-3,145
1743495274.601656,-26,8,165
1743495274.637656,0,36,123
1743495274.672656,-52,-7,77
1743495274.708656,-52,-57,71
1743495274.7436562,-12,-71,191
1743495274.7796562,83,2,217
1743495274.814656,31,10,135
1743495274.849656,38,64,71
1743495274.885656,-31,-16,173
1743495274.920656,-56,17,103
1743495274.956656,60,-4,173
1743495274.991656,52,-70,111
1743495275.027656,30,71,101
1743495275.0626562,-7,-29,-22
1743495275.097656,-7,-19,39
1743495275.133656,40,42,131
1743495275.168656,-59,14,187
1743495275.204656,100,38,139
1743495275.239656,4,-17,173
1743495275.275656,50,78,111
1743495275.310656,-45,-65,181
1743495275.3456562,-45,11,199
1743495275.3816562,-43,52,59
1743495275.416656,0,52,17
1743495275.452656,18,-59,153
1743495275.487656,50,-69,77
1743495275.523656,-65,-37,49
1743495275.558656,36,76,75
1743495275.593656,72,16,209
1743495275.629656,-57,48,189
1743495275.6646562,-73,-25,169
1743495275.700656,-29,-14,159
1743495275.735656,-49,30,161
1743495275.771656,-5,50,129
1743495275.806656,40,-7,49
1743495275.841656,4,28,209
1743495275.877656,-15,-3,111
1743495275.912656,-15,-39,87
1743495275.948656,-35,-35,103
1743495275.9836562,-27,-47,109
1743495276.019656,42,26,191
1743495276.054656,-18,-26,24
1743495276.089656,-53,45,116
1743495276.125656,87,14,333
1743495276.160656,50,4,99
1743495276.196656,27,-21,135
1743495276.231656,-18,-31,85
1743495276.267656,-2,28,41
1743495276.302656,141,-15,139
1743495276.337656,63,52,159
1743495276.373656,69,10,53
1743495276.408656,-14,-47,171
1743495276.444656,-10,54,175
1743495276.479656,41,50,38
1743495276.515656,63,57,28
1743495276.550656,-49,34,94
1743495276.5856562,-47,12,146
1743495276.621656,-36,-83,120
1743495276.656656,-77,20,112
1743495276.692656,18,-19,154
1743495276.727656,-6,18,202
1743495276.763656,55,34,102
1743495276.798656,-12,-21,184
1743495276.833656,-75,38,104
1743495276.869656,62,-27,153
1743495276.9046562,-71,4,147
1743495276.940656,60,92,97
1743495276.975656,-34,-61,169
1743495277.011656,56,4,220
1743495277.046656,-72,28,64
1743495277.081656,-12,-33,288
1743495277.117656,-43,22,20
1743495277.152656,-65,6,122
1743495277.188656,-65,32,114
1743495277.223656,-43,15,162
1743495277.259656,70,51,154
1743495277.294656,48,-46,172
1743495277.329656,30,-42,142
1743495277.365656,-39,0,122
1743495277.400656,-53,57,124
1743495277.436656,16,47,192
1743495277.471656,106,-10,320
1743495277.507656,38,-88,218
1743495277.542656,-15,-70,120
1743495277.577656,-68,15,132
1743495277.613656,-6,-34,230
1743495277.648656,-42,-34,40
1743495277.684656,27,57,70
1743495277.719656,6,-48,198
1743495277.755656,28,-2,216
1743495277.791656,-11,33,162
1743495277.826656,-6,7,48
1743495277.861656,36,-26,186
1743495277.897656,14,21,126
1743495277.933656,16,5,84
1743495277.968656,-17,-76,236
1743495278.004656,40,0,110
1743495278.0396562,82,18,16
1743495278.074656,-15,-24,96
1743495278.109656,22,-53,79
1743495278.145656,-43,-91,51
1743495278.181656,12,34,251
1743495278.216656,61,3,95
1743495278.252656,20,0,93
1743495278.287656,19,21,209
1743495278.3226562,33,44,63
1743495278.357656,-116,18,19
1743495278.393656,47,-67,85
1743495278.429656,25,-43,111
1743495278.464656,23,18,47
1743495278.500656,40,76,151
1743495278.535656,7,13,169
1743495278.570656,7,-44,191
1743495278.605656,19,62,161
1743495278.6416562,-82,-16,187
1743495278.677656,33,-26,125
1743495278.712656,-2,-50,121
1743495278.748656,-20,9,143
1743495278.783656,-11,-24,107
1743495278.818656,0,-8,157
1743495278.853656,-63,8,191
1743495278.889656,-19,-21,49
1743495278.925656,-1,4,219
1743495278.9606562,-57,-47,153
1743495278.996656,-21,2,57
1743495279.031656,-27,0,141
1743495279.066656,-85,14,237
1743495279.101656,48,30,33
1743495279.137656,64,12,97
1743495279.173656,8,8,159
1743495279.208656,50,8,199
1743495279.244656,62,-39,217
1743495279.2796562,30,68,245
1743495279.314656,-37,-39,9
1743495279.349656,54,38,177
1743495279.385656,-41,-15,231
1743495279.421656,12,-3,191
1743495279.456656,32,-31,263
1743495279.492656,78,-27,245
1743495279.527656,26,-11,221
1743495279.5626562,100,34,291
1743495279.597656,72,32,171
1743495279.633656,-21,36,97
1743495279.669656,54,36,221
1743495279.704656,-39,4,117
1743495279.740656,-37,-19,93
1743495279.775656,50,-28,29
1743495279.810656,-37,0,-16
1743495279.8456562,20,-24,175
1743495279.8816562,6,-43,167
1743495279.917656,-33,0,109
1743495279.952656,40,-6,109
1743495279.988656,-57,20,65
1743495280.023656,-3,68,99
1743495280.058656,8,-25,91
1743495280.093656,-13,20,13
1743495280.129656,20,-37,75
1743495280.165656,32,-35,150
1743495280.200656,-17,-15,112
1743495280.236656,4,-11,168
1743495280.271656,92,0,134
1743495280.306656,-59,-19,216
1743495280.341656,34,-3,152
1743495280.377656,-40,10,84
1743495280.420656,5,40,145
1743495280.456656,17,-23,75
1743495280.492656,-22,-5,111
1743495280.527656,23,38,133
1743495280.5626562,0,-7,3
1743495280.597656,-10,8,174
1743495280.633656,-14,21,112
1743495280.669656,25,-3,156
1743495280.704656,67,30,210
1743495280.740656,-30,0,168
1743495280.775656,-6,-29,192
1743495280.810656,-112,-27,132
1743495280.8456562,1,76,202
1743495280.8816562,43,67,138
1743495280.917656,2,67,40
1743495280.952656,33,40,82
1743495280.988656,11,30,40
1743495281.023656,87,78,126
1743495281.058656,3,-19,86
1743495281.093656,-74,-13,128
1743495281.129656,9,-43,268
1743495281.165656,-18,-75,164
1743495281.200656,0,-79,228
1743495281.236656,5,-15,192
1743495281.271656,27,-45,170
1743495281.306656,-2,4,153
1743495281.341656,-34,47,69
1743495281.377656,-26,13,175
1743495281.413656,-2,89,187
1743495281.448656,-32,19,131
1743495281.484656,-64,-28,233
1743495281.519656,61,13,135
1743495281.554656,-68,3,199
1743495281.589656,53,20,129
1743495281.625656,31,-19,175
1743495281.661656,26,-3,171
1743495281.696656,68,-26,117
1743495281.732656,10,-106,217
1743495281.767656,-69,75,160
1743495281.802656,-23,43,167
1743495281.837656,16,-10,284
1743495281.873656,-7,-40,120
1743495281.909656,10,-44,204
1743495281.944656,-59,-12,180
1743495281.980656,-29,33,225
1743495282.015656,-9,-36,77
1743495282.050656,58,-62,53
1743495282.0856562,56,-24,181
1743495282.121656,-5,-20,184
1743495282.157656,-107,57,194
1743495282.192656,9,-29,238
1743495282.228656,15,16,36
1743495282.263656,-36,-3,118
1743495282.298656,-24,6,208
1743495282.333656,-32,0,48
1743495282.369656,79,41,42
1743495282.405656,55,-8,120
1743495282.440656,-54,19,108
1743495282.476656,-48,-4,154
1743495282.511656,-18,5,158
1743495282.546656,-14,3,-33
1743495282.581656,59,17,128
1743495282.617656,-52,-32,100
1743495282.653656,-64,31,106
1743495282.688656,1,-44,102
1743495282.724656,87,-10,126
1743495282.759656,13,-46,24
1743495282.794656,-18,-8,172
1743495282.829656,19,-10,254
1743495282.865656,39,67,60
1743495282.9016562,-18,79,54
1743495282.936656,53,-16,146
1743495282.972656,0,-24,110
1743495283.007656,61,-74,80
1743495283.042656,-33,105,146
1743495283.077656,72,-34,128
1743495283.113656,-61,51,130
1743495283.149656,-6,9,160
1743495283.184656,-107,41,226
1743495283.2206562,-59,79,16
1743495283.255656,58,3,-15
1743495283.290656,16,23,120
1743495283.325656,-19,-60,86
1743495283.361656,-7,-64,140
1743495283.397656,13,69,20
1743495283.432656,11,-18,192
1743495283.468656,36,39,106
1743495283.503656,-66,3,146
1743495283.538656,39,-24,116
1743495283.573656,-104,31,64
1743495283.609656,11,-38,62
1743495283.645656,9,16,218
1743495283.680656,-8,2,152
1743495283.716656,39,36,92
1743495283.751656,-74,-19,192
1743495283.786656,-68,-9,188
1743495283.8226562,-138,14,178
1743495283.857656,13,-27,158
1743495283.893656,-58,76,150
1743495283.928656,17,-3,34
1743495283.964656,0,-6,106
1743495283.999656,14,-24,156
1743495284.034656,10,67,0
1743495284.070656,-39,33,84
1743495284.105656,72,-60,170
1743495284.1416562,50,23,172
1743495284.176656,-45,-48,97
1743495284.212656,116,-66,59
1743495284.247656,-27,7,135
1743495284.282656,-41,-28,39
1743495284.318656,-55,5,151
1743495284.353656,30,-90,143
1743495284.389656,8,-1,78
1743495284.4246562,44,-65,143
1743495284.4606562,-29,62,147
1743495284.495656,-39,10,257
1743495284.530656,-5,-73,145
1743495284.566656,-23,-28,111
1743495284.601656,28,-43,103
1743495284.637656,37,-7,237
1743495284.672656,-93,-22,103
1743495284.708656,22,69,183
1743495284.7436562,-5,20,169
1743495284.778656,-51,18,267
1743495284.814656,44,12,109
1743495284.849656,18,1,67
1743495284.885656,-33,29,55
1743495284.920656,10,21,95
1743495284.956656,-66,-29,187
1743495284.991656,49,-1,91
1743495285.0266562,-15,55,121
1743495285.0626562,23,16,105
1743495285.097656,25,46,161
1743495285.133656,-40,-35,69
1743495285.168656,7,14,67
1743495285.204656,40,-28,199
1743495285.239656,8,-50,65
1743495285.274656,-58,54,25
1743495285.310656,21,-39,93
1743495285.3456562,-54,-23,103
1743495285.3816562,-17,-26,99
1743495285.416656,-5,-8,247
1743495285.452656,32,57,123
1743495285.487656,-14,19,143
1743495285.522656,-24,37,191
1743495285.558656,4,11,31
1743495285.593656,-37,91,215
1743495285.629656,-31,-26,225
1743495285.6646562,10,-20,111
1743495285.700656,36,-34,157
1743495285.735656,-7,-80,111
1743495285.770656,8,-12,35
1743495285.806656,-23,-60,37
1743495285.841656,36,29,175
1743495285.877656,-19,73,113
1743495285.912656,30,-26,47
1743495285.9476562,-31,-56,130
1743495285.982656,-61,-24,80
1743495286.018656,-77,37,128
1743495286.054656,29,-2,142
1743495286.089656,-10,21,238
1743495286.125656,41,-12,212
1743495286.160656,-4,0,88
1743495286.196656,-13,95,276
1743495286.231656,1,17,120
1743495286.2666562,87,-52,114
1743495286.302656,55,19,266
1743495286.337656,31,27,46
1743495286.373656,-35,-35,32
1743495286.408656,-56,9,154
1743495286.444656,-64,-22,124
1743495286.479656,41,17,34
1743495286.514656,-12,-54,22
1743495286.550656,-1,43,130
1743495286.5856562,-45,-5,244
1743495286.621656,78,6,50
1743495286.656656,-49,-26,64
1743495286.692656,-69,41,112
1743495286.727656,-3,-8,94
1743495286.762656,0,-26,198
1743495286.798656,-67,-46,89
1743495286.833656,-61,4,259
1743495286.869656,-31,26,73
1743495286.9046562,50,88,115
1743495286.940656,2,66,159
1743495286.975656,-9,-79,161
1743495287.010656,-43,34,127
1743495287.046656,18,65,212
1743495287.081656,14,47,159
1743495287.117656,0,-4,143
1743495287.152656,-25,-6,151
1743495287.188656,-29,21,195
1743495287.223656,34,27,313
1743495287.258656,84,101,135
1743495287.294656,52,-67,103
1743495287.329656,16,-4,221
1743495287.365656,-59,-18,253
1743495287.400656,14,89,175
1743495287.436656,-1,-4,47
1743495287.472656,16,3,143
1743495287.507656,16,-88,73
1743495287.542656,-31,-58,129
1743495287.578656,-17,-30,239
1743495287.614656,14,19,177
1743495287.649656,10,-62,25
1743495287.685656,10,-4,115
1743495287.7206562,-99,17,187
1743495287.755656,58,-30,173
1743495287.790656,16,-93,129
1743495287.826656,-81,39,151
1743495287.862656,9,67,107
1743495287.897656,27,5,123
1743495287.933656,25,17,141
1743495287.968656,31,-54,123
1743495288.003656,-78,-10,125
1743495288.038656,23,25,74
1743495288.074656,-24,-2,122
1743495288.110656,83,-82,124
1743495288.145656,-16,14,138
1743495288.181656,-68,-76,156
1743495288.216656,49,5,194
1743495288.251656,-46,-18,192
1743495288.286656,-36,46,72
1743495288.3226562,-48,-39,38
1743495288.3586562,-10,-45,190
1743495288.393656,-4,-43,116
1743495288.429656,10,-41,42
1743495288.464656,-63,-77,-3
1743495288.499656,-31,-67,156
1743495288.534656,-57,24,102
1743495288.570656,-3,8,58
1743495288.606656,48,6,314
1743495288.6416562,-43,-19,38
1743495288.677656,-71,-7,168
1743495288.712656,54,32,98
1743495288.747656,24,-33,122
1743495288.782656,48,-24,136
1743495288.818656,-7,-58,132
1743495288.854656,26,15,260
1743495288.889656,98,12,172
1743495288.925656,58,30,146
1743495288.9606562,-3,-63,52
1743495288.995656,12,-61,258
1743495289.030656,-51,-29,90
1743495289.066656,20,-83,16
1743495289.102656,12,95,66
1743495289.137656,-42,-8,-27
1743495289.173656,-18,-12,182
1743495289.208656,-78,19,18
1743495289.2436562,-8,21,118
1743495289.278656,39,-52,124
1743495289.314656,67,-8,14
1743495289.350656,16,73,156
1743495289.385656,-25,-64,236
1743495289.421656,90,-58,-13
1743495289.456656,59,-78,180
1743495289.491656,-5,33,107
1743495289.5266562,-11,11,131
1743495289.5626562,-73,61,225
1743495289.598656,-5,-40,67
1743495289.633656,-11,-26,185
1743495289.669656,106,-8,59
1743495289.704656,18,-6,203
1743495289.739656,-25,2,113
1743495289.774656,66,28,139
1743495289.810656,-19,4,117
1743495289.846656,6,14,149
1743495289.8816562,4,-85,209
1743495289.917656,32,-7,297
1743495289.952656,-3,-11,153
1743495289.987656,18,30,141
1743495290.022656,60,86,267
1743495290.058656,-23,-45,29
1743495290.094656,22,32,211
1743495290.129656,14,-17,325
1743495290.165656,-51,6,125
1743495290.200656,22,-35,89
1743495290.235656,96,-23,99
1743495290.270656,-22,52,115
1743495290.306656,-92,-2,73
1743495290.342656,-3,3,97
1743495290.377656,-23,0,95
1743495290.413656,2,47,103
1743495290.455656,34,-36,156
1743495290.491656,14,7,152
1743495290.5266562,32,-72,176
1743495290.5626562,-3,39,80
1743495290.598656,-5,-16,146
1743495290.633656,52,57,138
1743495290.669656,-31,37,57
1743495290.704656,-27,-50,279
1743495290.739656,-21,43,163
1743495290.774656,40,-32,57
1743495290.810656,22,-2,184
1743495290.846656,-103,-38,192
1743495290.8816562,-27,-42,130
1743495290.917656,-17,9,256
1743495290.952656,-47,17,54
1743495290.987656,-29,-22,164
1743495291.022656,-9,9,82
1743495291.058656,24,41,50
1743495291.094656,-57,11,146
1743495291.129656,-15,-46,170
1743495291.165656,6,-18,216
1743495291.200656,8,25,138
1743495291.235656,-77,-36,130
1743495291.270656,50,-10,126
1743495291.306656,-73,11,118
1743495291.342656,-13,-22,144
1743495291.377656,4,-20,214
1743495291.413656,75,25,82
1743495291.448656,0,-20,214
1743495291.4836562,52,-16,174
1743495291.518656,-11,-30,174
1743495291.554656,20,-2,34
1743495291.590656,-75,-46,102
1743495291.625656,-27,-50,226
1743495291.661656,-59,-45,148
1743495291.696656,44,56,62
1743495291.731656,-7,30,192
1743495291.7666562,2,-53,196
1743495291.802656,-43,26,246
1743495291.838656,-53,34,40
1743495291.873656,-21,16,166
1743495291.909656,32,-25,168
1743495291.944656,6,50,104
1743495291.979656,-17,52,20
1743495292.014656,36,-37,46
1743495292.050656,-39,40,188
1743495292.086656,-19,10,162
1743495292.121656,-11,60,48
1743495292.157656,24,24,170
1743495292.192656,36,30,198
1743495292.227656,34,8,88
1743495292.262656,4,52,242
1743495292.298656,-26,2,166
1743495292.334656,5,-9,152
1743495292.369656,-14,100,104
1743495292.405656,-90,-3,86
1743495292.440656,31,-41,214
1743495292.475656,-22,-31,176
1743495292.510656,-10,-31,112
1743495292.546656,-44,-27,158
1743495292.582656,-54,14,82
1743495292.617656,-30,64,78
1743495292.653656,-24,-11,146
1743495292.688656,-44,-5,58
1743495292.723656,85,46,114
1743495292.758656,-64,-15,198
1743495292.794656,-54,12,134
1743495292.830656,-9,-27,48
1743495292.865656,10,86,88
1743495292.9016562,-43,34,154
1743495292.936656,50,-27,155
1743495292.971656,-43,50,236
1743495293.0066562,-51,-39,68
1743495293.042656,42,34,200
1743495293.078656,-13,-17,148
1743495293.113656,30,6,264
1743495293.149656,-37,-20,108
1743495293.184656,92,-59,152
1743495293.219656,-27,34,104
1743495293.254656,-29,22,114
1743495293.290656,26,2,146
1743495293.326656,-49,86,94
1743495293.361656,-19,-3,228
1743495293.397656,18,20,42
1743495293.432656,-17,-21,44
1743495293.467656,36,42,208
1743495293.503656,-43,-59,224
1743495293.538656,42,8,96
1743495293.574656,-13,0,118
1743495293.609656,22,44,192
1743495293.645656,-77,-47,72
1743495293.680656,-9,38,202
1743495293.715656,-89,-1,182
1743495293.751656,42,20,50
1743495293.786656,4,64,210
1743495293.8226562,24,-2,174
1743495293.857656,-43,1,186
1743495293.893656,22,-17,182
1743495293.928656,-67,71,152
1743495293.963656,-15,37,92
1743495293.999656,38,-30,166
1743495294.034656,-47,-58,94
1743495294.070656,34,-70,160
1743495294.105656,-5,5,110
1743495294.1416562,-77,-40,168
1743495294.176656,38,-58,152
1743495294.211656,-21,27,94
1743495294.247656,48,-10,146
1743495294.282656,-89,-22,270
1743495294.318656,-15,31,212
1743495294.353656,-35,98,30
1743495294.389656,-17,-23,208
1743495294.4246562,-17,4,110
1743495294.459656,-35,50,226
1743495294.495656,-3,98,80
1743495294.530656,24,-49,158
1743495294.566656,22,-5,70
1743495294.601656,50,26,42
1743495294.637656,4,28,188
1743495294.672656,-31,-65,110
1743495294.707656,68,-51,118
1743495294.7436562,27,-29,182
1743495294.778656,63,-71,134
1743495294.814656,-32,12,108
1743495294.849656,23,-69,110
1743495294.885656,157,52,248
1743495294.920656,-6,-77,80
1743495294.955656,19,-69,186
1743495294.991656,-40,32,118
1743495295.0266562,39,2,202
1743495295.0626562,-30,20,20
1743495295.097656,-10,-7,66
1743495295.133656,-26,-31,204
1743495295.168656,0,50,184
1743495295.203656,-94,-11,132
1743495295.239656,26,48,198
1743495295.274656,92,2,158
1743495295.310656,-49,124,74
1743495295.3456562,-15,-21,94
1743495295.3816562,12,-35,112
1743495295.416656,6,16,200
1743495295.451656,14,-48,145
1743495295.487656,-9,39,46
1743495295.522656,38,57,195
1743495295.558656,10,-26,139
1743495295.593656,24,-10,219
1743495295.629656,52,-68,134
1743495295.6646562,42,35,152
1743495295.699656,-83,0,155
1743495295.735656,50,34,157
1743495295.770656,4,-49,143
1743495295.806656,-31,-19,11
1743495295.841656,22,44,155
1743495295.877656,62,-27,167
1743495295.912656,-57,48,109
1743495295.9476562,-31,-7,145
1743495295.9836562,60,74,115
1743495296.018656,-39,22,113
1743495296.054656,-89,18,99
1743495296.089656,-15,-19,253
1743495296.125656,-85,26,137
1743495296.160656,-67,-3,65
1743495296.195656,-1,30,155
1743495296.231656,-13,18,131
1743495296.2666562,10,-31,105
1743495296.302656,18,-21,21
1743495296.337656,-11,-67,63
1743495296.373656,-35,16,113
1743495296.408656,4,30,183
1743495296.443656,-83,-5,91
1743495296.479656,-107,-3,225
1743495296.514656,-27,-7,97
1743495296.550656,14,-7,155
1743495296.5856562,-47,-49,175
1743495296.621656,10,65,169
1743495296.656656,-71,-18,115
1743495296.691656,28,99,43
1743495296.727656,38,-44,247
1743495296.762656,-41,-16,155
1743495296.798656,32,45,149
1743495296.833656,14,-36,193
1743495296.869656,-51,-72,43
1743495296.905656,-59,-78,77
1743495296.941656,78,41,73
1743495296.977656,-3,-20,155
1743495297.012656,-11,39,99
1743495297.047656,-19,5,211
1743495297.083656,92,-34,281
1743495297.119656,12,-46,141
1743495297.1546562,-29,37,93
1743495297.190656,-33,-14,175
1743495297.225656,46,21,91
1743495297.260656,-23,-88,107
1743495297.295656,44,11,-8
1743495297.331656,-77,-90,89
1743495297.367656,-1,19,119
1743495297.402656,34,-14,63
1743495297.438656,-71,9,213
1743495297.473656,-4,-18,269
1743495297.508656,31,-10,209
1743495297.543656,12,-8,211
1743495297.579656,14,43,177
1743495297.615656,-43,-26,207
1743495297.650656,-38,-14,141
1743495297.686656,45,-6,191
1743495297.721656,23,-52,91
1743495297.7566562,-37,13,247
1743495297.791656,-21,7,-12
1743495297.827656,-127,85,135
1743495297.863656,3,-14,133
1743495297.898656,-54,-30,141
1743495297.934656,59,39,81
1743495297.969656,6,-14,85
1743495298.004656,27,21,143
1743495298.0396562,25,83,189
1743495298.075656,1,67,145
1743495298.111656,-52,11,65
1743495298.146656,47,-112,97
1743495298.182656,-30,18,147
1743495298.217656,-22,4,107
1743495298.252656,-88,50,55
1743495298.287656,23,0,109
1743495298.323656,39,16,203
1743495298.359656,43,40,167
1743495298.394656,113,-25,87
1743495298.430656,-32,16,191
1743495298.465656,-22,-1,141
1743495298.500656,17,-73,161
1743495298.535656,22,-39,193
1743495298.571656,1,54,173
1743495298.607656,75,10,127
1743495298.642656,-18,-9,13
1743495298.678656,1,40,153
1743495298.713656,-70,-47,189
1743495298.748656,11,-69,163
1743495298.783656,-34,28,179
1743495298.819656,37,12,81
1743495298.855656,37,28,85
1743495298.890656,25,24,241
1743495298.926656,-66,36,79
1743495298.961656,83,32,65
1743495298.996656,1,-66,247
1743495299.031656,11,-24,163
1743495299.067656,57,13,135
1743495299.103656,-14,-10,119
1743495299.138656,37,-34,109
1743495299.1746562,-32,25,101
1743495299.209656,-18,21,95
1743495299.244656,15,-1,95
1743495299.2796562,-66,24,99
1743495299.315656,67,-5,145
1743495299.351656,9,4,97
1743495299.386656,31,17,149
1743495299.422656,-58,5,63
1743495299.457656,-80,-2,155
1743495299.492656,9,-18,179
1743495299.527656,17,67,153
1743495299.563656,6,-2,63
1743495299.599656,35,81,155
1743495299.634656,52,-56,143
1743495299.670656,-21,37,111
1743495299.705656,-67,113,147
1743495299.740656,78,37,145
1743495299.775656,42,67,197
1743495299.811656,30,14,189
1743495299.847656,-17,-2,47
1743495299.882656,94,17,209
1743495299.918656,-45,49,251
1743495299.953656,38,-94,165
1743495299.988656,-13,9,79
1743495300.023656,-45,7,141
1743495300.059656,-33,44,147
1743495300.0956562,-47,-12,31
1743495300.130656,-39,-38,213
1743495300.166656,32,8,185
1743495300.201656,8,60,-36
1743495300.236656,62,2,141
1743495300.271656,-33,-57,97
1743495300.307656,85,-37,115
1743495300.343656,52,55,81
1743495300.378656,-47,-6,107
1743495300.4146562,-21,31,151
1743495300.456656,18,-14,173
1743495300.492656,-21,-38,95
1743495300.527656,-3,-52,45
1743495300.563656,36,57,131
1743495300.599656,42,-70,137
1743495300.634656,-31,-24,15
1743495300.670656,20,35,145
1743495300.705656,36,-44,155
1743495300.740656,6,23,217
1743495300.775656,-113,33,241
1743495300.811656,16,-22,119
1743495300.847656,-37,17,163
1743495300.882656,10,5,109
1743495300.918656,-69,17,131
1743495300.953656,-54,23,165
1743495300.988656,13,62,127
1743495301.023656,-66,-50,175
1743495301.059656,37,33,128
1743495301.0956562,-20,-46,104
1743495301.130656,47,21,177
1743495301.166656,47,40,97
1743495301.201656,-52,62,207
1743495301.236656,9,-57,113
1743495301.271656,55,28,50
1743495301.307656,-79,-3,88
1743495301.343656,39,-29,168
1743495301.378656,17,8,76
1743495301.4146562,51,-53,200
1743495301.449656,33,4,116
1743495301.484656,-64,-13,191
1743495301.519656,-94,-49,121
1743495301.555656,-38,-37,68
1743495301.591656,-52,-37,96
1743495301.626656,-60,-61,204
1743495301.662656,-20,-3,90
1743495301.6976562,-28,3,139
1743495301.732656,-54,21,33
1743495301.767656,-2,-23,137
1743495301.803656,-6,30,85
1743495301.839656,11,28,125
1743495301.874656,-16,30,115
1743495301.910656,7,18,97
1743495301.945656,-18,-25,9
1743495301.980656,-1,4,81
1743495302.015656,-7,-7,177
1743495302.051656,-58,-43,155
1743495302.087656,58,-30,193
1743495302.122656,-6,13,109
1743495302.158656,35,49,233
1743495302.193656,-2,-6,137
1743495302.228656,-38,-14,85
1743495302.263656,0,67,159
1743495302.2996562,-44,-34,161
1743495302.3356562,-16,7,193
1743495302.370656,-52,-38,255
1743495302.406656,-24,29,95
1743495302.441656,55,47,111
1743495302.476656,20,-20,117
1743495302.511656,61,-23,7
1743495302.547656,-24,21,113
1743495302.583656,-16,10,39
1743495302.6186562,25,12,97
1743495302.6546562,5,-47,101
1743495302.689656,-2,32,189
1743495302.724656,59,-9,135
1743495302.759656,-26,-35,69
1743495302.795656,-66,-29,89
1743495302.831656,0,-25,105
1743495302.866656,-4,28,151
1743495302.902656,45,14,43
1743495302.9376562,105,32,43
1743495302.972656,17,-67,61
1743495303.008656,1,44,93
1743495303.043656,-90,10,105
1743495303.079656,61,-11,199
1743495303.114656,-10,-7,179
1743495303.150656,-62,14,101
1743495303.185656,5,30,113
1743495303.2206562,-10,52,197
1743495303.2566562,-84,14,123
1743495303.291656,-72,60,149
1743495303.327656,29,-107,109
1743495303.362656,-7,50,113
1743495303.398656,29,10,121
1743495303.433656,20,-13,99
1743495303.468656,-35,-75,145
1743495303.504656,6,32,203
1743495303.5396562,21,-2,147
1743495303.575656,-68,3,77
1743495303.610656,117,0,25
1743495303.646656,67,-21,33
1743495303.681656,-10,50,131
1743495303.716656,43,-57,157
1743495303.752656,-4,-1,151
1743495303.787656,-68,0,25
1743495303.823656,35,-39,151
1743495303.8586562,6,6,179
1743495303.894656,69,100,21
1743495303.929656,38,-21,109
1743495303.964656,24,-31,73
1743495304.000656,59,-7,87
1743495304.035656,87,-7,165
1743495304.071656,31,-13,207
1743495304.106656,63,-53,157
1743495304.142656,-20,-35,145
1743495304.177656,29,-87,219
1743495304.212656,17,-74,181
1743495304.248656,17,27,207
1743495304.283656,-54,19,155
1743495304.319656,-94,-22,105
1743495304.354656,19,31,269
1743495304.390656,-90,27,101
1743495304.425656,13,-34,195
1743495304.4606562,-18,-72,219
1743495304.496656,-18,57,211
1743495304.531656,-25,3,137
1743495304.567656,-43,-28,278
1743495304.602656,-28,-24,154
1743495304.638656,7,-32,90
1743495304.673656,5,-26,176
1743495304.708656,-18,7,46
1743495304.744656,7,17,176
1743495304.7796562,-14,78,102
1743495304.815656,25,24,260
1743495304.850656,49,4,102
1743495304.886656,-2,-13,68
1743495304.921656,1,18,122
1743495304.956656,65,-15,148
1743495304.992656,-44,-77,170
1743495305.027656,15,-47,192
1743495305.063656,39,-23,138
1743495305.098656,-18,64,116
1743495305.134656,-52,2,218
1743495305.169656,39,-47,148
1743495305.204656,51,-19,118
1743495305.240656,9,-56,140
1743495305.275656,-16,9,88
1743495305.311656,57,31,190
1743495305.346656,83,-8,154
1743495305.382656,31,-28,170
1743495305.417656,-6,117,228
1743495305.452656,23,-28,138
1743495305.488656,1,13,40
1743495305.523656,-50,5,180
1743495305.559656,9,-49,102
1743495305.594656,-40,14,134
1743495305.630656,-16,-71,166
1743495305.665656,31,-1,74
1743495305.700656,53,-51,136
1743495305.736656,41,-35,134
1743495305.771656,-26,-23,164
1743495305.807656,39,-33,136
1743495305.842656,-62,16,92
1743495305.878656,-78,-20,186
1743495305.913656,31,93,108
1743495305.948656,53,35,106
1743495305.984656,-4,0,52
1743495306.019656,-98,53,78
1743495306.055656,17,6,70
1743495306.090656,9,-39,106
1743495306.126656,27,-83,52
1743495306.161656,-20,-84,34
1743495306.196656,-46,-72,204
1743495306.232656,1,-30,74
1743495306.267656,-44,-37,112
1743495306.303656,-46,0,80
1743495306.338656,0,-25,148
1743495306.374656,75,-20,70
1743495306.410656,-60,-87,110
1743495306.445656,2,48,104
1743495306.480656,81,-19,132
1743495306.5166562,37,-35,180
1743495306.552656,-8,10,114
1743495306.587656,-28,44,220
1743495306.623656,-74,-29,166
1743495306.658656,-10,6,126
1743495306.693656,49,-49,156
1743495306.728656,-4,-23,78
1743495306.764656,0,-3,87
1743495306.800656,-50,38,169
1743495306.8356562,-51,-9,45
1743495306.871656,-49,-35,165
1743495306.906656,32,-1,137
1743495306.941656,22,38,177
1743495306.976656,-33,24,61
1743495307.012656,-7,-47,117
1743495307.048656,22,-47,65
1743495307.083656,5,26,125
1743495307.119656,18,-9,105
1743495307.1546562,-4,14,201
1743495307.189656,10,74,133
1743495307.224656,-77,-3,259
1743495307.260656,22,-47,57
1743495307.296656,-49,34,141
1743495307.331656,-51,0,107
1743495307.367656,-22,-26,123
1743495307.402656,103,39,113
1743495307.4376562,2,19,127
1743495307.472656,0,-62,85
1743495307.508656,26,-32,277
1743495307.544656,22,-32,-4
1743495307.579656,-61,-26,45
1743495307.615656,-19,-66,107
1743495307.650656,36,53,155
1743495307.685656,26,15,151
1743495307.7206562,72,-58,77
1743495307.7566562,-5,-56,199
1743495307.792656,34,-6,177
1743495307.827656,-53,-26,201
1743495307.863656,-11,69,117
1743495307.898656,20,51,155
1743495307.933656,-33,23,111
1743495307.968656,-125,-140,155
1743495308.004656,-9,9,121
1743495308.040656,-37,-54,125
1743495308.075656,29,-28,167
1743495308.111656,39,-10,143
1743495308.146656,13,-34,95
1743495308.181656,39,-19,61
1743495308.216656,15,-31,187
1743495308.252656,73,12,99
1743495308.288656,17,10,139
1743495308.323656,-56,28,65
1743495308.359656,63,30,231
1743495308.394656,19,-83,108
1743495308.429656,-24,-55,116
1743495308.464656,35,8,186
1743495308.500656,-46,-53,86
1743495308.536656,-42,12,166
1743495308.571656,-2,-40,114
1743495308.607656,-47,-40,226
1743495308.642656,15,-14,110
1743495308.677656,-44,-48,262
1743495308.712656,23,-70,24
1743495308.748656,1,-10,122
1743495308.784656,25,0,94
1743495308.819656,3,53,74
1743495308.855656,-42,15,52
1743495308.890656,-46,49,94
1743495308.925656,13,31,134
1743495308.9606562,-22,23,144
1743495308.996656,-54,65,160
1743495309.032656,35,-10,196
1743495309.067656,-22,-14,130
1743495309.103656,-62,-26,90
1743495309.138656,31,-10,202
1743495309.173656,39,-40,220
1743495309.208656,45,11,132
1743495309.244656,-14,31,-25
1743495309.280656,15,21,178
1743495309.315656,-54,-22,82
1743495309.351656,52,7,138
1743495309.386656,-23,29,144
1743495309.421656,86,-44,92
1743495309.456656,-39,-56,98
1743495309.492656,50,53,212
1743495309.528656,4,71,124
1743495309.563656,12,-8,242
1743495309.599656,-31,-8,52
1743495309.634656,64,-14,6
1743495309.669656,0,121,144
1743495309.704656,38,65,29
1743495309.740656,-21,-84,97
1743495309.7766562,-1,47,197
1743495309.811656,12,-21,125
1743495309.847656,14,6,31
1743495309.882656,-27,40,147
1743495309.917656,-7,-25,105
1743495309.952656,-1,18,189
1743495309.988656,30,-4,65
1743495310.024656,23,-19,171
1743495310.059656,-46,-4,183
1743495310.0956562,37,-4,111
1743495310.130656,-66,-40,145
1743495310.165656,-14,-10,-12
1743495310.200656,5,1,175
1743495310.236656,31,5,37
1743495310.272656,-78,0,111
1743495310.307656,-13,49,185
1743495310.343656,-5,11,161
1743495310.378656,48,-30,67
1743495310.413656,83,29,117
1743495310.448656,-40,-50,138
1743495310.491656,75,57,152
1743495310.528656,7,56,200
1743495310.563656,-54,-27,220
1743495310.599656,-62,-29,158
1743495310.634656,-8,72,158
1743495310.669656,3,56,128
1743495310.704656,-6,-19,110
1743495310.740656,-42,-7,140
1743495310.7766562,94,-113,164
1743495310.811656,-48,-31,152
1743495310.847656,-12,34,108
1743495310.882656,-56,-11,238
1743495310.917656,-86,8,114
1743495310.952656,-2,0,118
1743495310.988656,61,-49,122
1743495311.024656,-40,-53,226
1743495311.059656,-38,54,142
1743495311.0956562,-24,-29,178
1743495311.130656,-118,-51,140
1743495311.165656,33,20,174
1743495311.200656,76,18,136
1743495311.236656,-55,22,134
1743495311.272656,-13,22,182
1743495311.307656,-11,-4,260
1743495311.343656,-97,45,196
1743495311.378656,12,-4,110
1743495311.413656,-79,34,4
1743495311.448656,12,22,138
1743495311.484656,-13,80,206
1743495311.520656,-39,-1,30
1743495311.555656,30,8,214
1743495311.591656,14,6,56
1743495311.626656,68,22,36
1743495311.661656,-3,2,242
1743495311.696656,52,-28,208
1743495311.732656,-127,-5,184
1743495311.768656,74,-5,104
1743495311.803656,-65,30,148
1743495311.839656,-47,58,124
1743495311.874656,-75,-35,232
1743495311.909656,-39,38,22
1743495311.944656,50,-51,90
1743495311.980656,56,2,128
1743495312.0166562,-7,16,146
1743495312.051656,-15,20,102
1743495312.087656,26,12,200
1743495312.122656,24,-23,152
1743495312.157656,-15,8,136
1743495312.192656,-49,-41,155
1743495312.228656,30,-3,93
1743495312.264656,14,44,174
1743495312.2996562,84,30,60
1743495312.3356562,48,-49,222
1743495312.370656,-21,-45,356
1743495312.405656,56,82,128
1743495312.441656,-17,-23,124
1743495312.476656,-31,36,246
1743495312.512656,30,-23,130
1743495312.547656,-73,28,262
1743495312.583656,16,54,182
1743495312.6186562,-5,-49,82
1743495312.653656,-5,-61,144
1743495312.689656,-7,-65,214
1743495312.724656,-31,12,-59
1743495312.760656,-39,-23,202
1743495312.795656,41,-3,160
1743495312.831656,28,0,75
1743495312.866656,-12,-17,203
1743495312.9016562,9,6,69
1743495312.9376562,29,13,105
1743495312.972656,-20,-42,45
1743495313.008656,27,65,57
1743495313.043656,51,-14,97
1743495313.079656,-42,-2,165
1743495313.114656,9,-44,133
1743495313.149656,-76,39,179
1743495313.185656,-28,16,147
1743495313.2206562,-20,-3,101
1743495313.2566562,-46,2,73
1743495313.291656,21,-1,193
1743495313.327656,-28,-67,149
1743495313.362656,29,-71,191
1743495313.397656,3,-11,81
1743495313.433656,-46,2,215
1743495313.468656,9,6,127
1743495313.504656,-28,-13,163
1743495313.5396562,19,-9,101
1743495313.575656,39,-69,119
1743495313.610656,-8,86,161
1743495313.645656,61,2,175
1743495313.681656,9,-81,219
1743495313.716656,25,62,105
1743495313.752656,39,-17,103
1743495313.787656,7,8,169
1743495313.823656,47,-25,39
1743495313.8586562,19,26,103
1743495313.893656,65,4,203
1743495313.929656,-28,-23,9
1743495313.964656,-64,-5,82
1743495314.000656,-22,28,156
1743495314.035656,-54,20,42
1743495314.071656,47,34,92
1743495314.106656,11,-111,196
1743495314.1416562,-8,12,202
1743495314.177656,-30,-42,232
1743495314.212656,51,-20,128
1743495314.248656,1,-30,76
1743495314.283656,65,-33,160
1743495314.319656,64,-6,-81
1743495314.354656,26,38,46
1743495314.389656,-55,-51,92
1743495314.425656,56,-17,104
1743495314.4606562,36,0,42
1743495314.496656,22,2,94
1743495314.531656,20,-21,108
1743495314.567656,-16,-29,50
1743495314.602656,90,-19,114
1743495314.637656,42,-73,126
1743495314.673656,-3,-1,146
1743495314.708656,44,-47,236
1743495314.744656,12,22,146
1743495314.7796562,-141,-37,160
1743495314.815656,-67,-53,134
1743495314.850656,-23,40,182
1743495314.885656,74,-72,140
1743495314.921656,20,80,120
1743495314.956656,46,-52,224
1743495314.992656,64,2,188
1743495315.027656,-87,-5,100
1743495315.063656,-41,-12,34
1743495315.098656,-45,6,116
1743495315.133656,44,-48,190
1743495315.169656,-39,-2,38
1743495315.204656,2,42,190
1743495315.240656,56,-5,83
1743495315.275656,-19,44,192
1743495315.311656,-22,-3,182
1743495315.346656,-16,-17,158
1743495315.3816562,7,-21,74
1743495315.417656,-42,-51,-19
1743495315.452656,13,-5,126
1743495315.488656,-44,-13,94
1743495315.523656,79,52,114
1743495315.559656,-8,-15,18
1743495315.594656,-7,-23,116
1743495315.629656,-11,2,174
1743495315.665656,-19,-55,96
1743495315.700656,-47,-3,160
1743495315.736656,18,46,46
1743495315.771656,66,-7,130
1743495315.807656,32,-39,82
1743495315.842656,-23,60,158
1743495315.877656,9,4,116
1743495315.913656,-29,42,112
1743495315.948656,12,-5,88
1743495315.984656,-37,60,130
1743495316.019656,6,-9,102
1743495316.054656,-25,90,126
1743495316.089656,24,4,72
1743495316.125656,40,35,242
1743495316.161656,-9,-93,230
1743495316.196656,-15,-53,50
1743495316.232656,62,49,110
1743495316.267656,-65,-18,88
1743495316.302656,22,75,96
1743495316.337656,-25,53,116
1743495316.373656,16,13,174
1743495316.409656,72,-38,100
1743495316.444656,14,12,208
1743495316.480656,88,-25,218
1743495316.515656,7,2,222
1743495316.550656,117,4,18
1743495316.5856562,-10,14,16
1743495316.621656,29,36,72
1743495316.657656,15,4,168
1743495316.692656,61,42,36
1743495316.728656,4,-33,184
1743495316.763656,74,28,76
1743495316.798656,30,46,164
1743495316.833656,-49,-33,146
1743495316.869656,-17,72,128
1743495316.905656,-41,-59,204
1743495316.940656,-53,-25,58
1743495316.976656,-5,-27,172
1743495317.011656,-15,-12,150
1743495317.046656,0,-8,68
1743495317.081656,-27,1,184
1743495317.117656,40,17,214
1743495317.153656,10,69,162
1743495317.188656,-49,31,148
1743495317.224656,-25,48,152
1743495317.259656,4,-18,50
1743495317.294656,-25,17,100
1743495317.329656,-22,-29,76
1743495317.365656,13,50,174
1743495317.4016562,-74,37,70
1743495317.436656,1,17,142
1743495317.472656,77,0,28
1743495317.507656,-72,-22,194
1743495317.542656,-36,-31,92
1743495317.577656,17,-27,272
1743495317.613656,-16,6,146
1743495317.649656,37,-4,142
1743495317.684656,-28,13,94
1743495317.7206562,35,0,90
1743495317.755656,23,80,184
1743495317.790656,-44,88,224
1743495317.825656,-44,-14,148
1743495317.861656,-34,96,96
1743495317.897656,7,11,30
1743495317.932656,19,21,174
1743495317.968656,-4,-46,228
1743495318.003656,-116,-12,132
1743495318.038656,3,-38,166
1743495318.073656,135,63,124
1743495318.109656,33,37,178
1743495318.145656,-26,-18,198
1743495318.180656,21,-40,150
1743495318.216656,-44,-8,162
1743495318.251656,-12,25,138
1743495318.286656,7,2,90
1743495318.321656,19,86,181
1743495318.357656,91,44,92
1743495318.393656,-14,46,145
1743495318.428656,-62,71,97
1743495318.464656,-22,57,161
1743495318.499656,-42,0,207
1743495318.534656,33,7,101
1743495318.569656,-54,-26,119
1743495318.606656,-92,15,239
1743495318.6416562,-4,3,85
1743495318.677656,70,-21,87
1743495318.713656,70,34,119
1743495318.748656,-9,-29,125
1743495318.784656,42,16,137
1743495318.819656,-24,-23,-8
1743495318.854656,-23,6,67
1743495318.889656,40,-71,157
1743495318.925656,12,-11,115
1743495318.961656,31,31,59
1743495318.996656,-66,-76,185
1743495319.032656,-18,-50,155
1743495319.067656,11,-46,49
1743495319.102656,44,-33,137
1743495319.137656,82,86,101
1743495319.173656,-77,25,73
1743495319.209656,-87,-13,133
1743495319.244656,-11,-99,145
1743495319.280656,-31,51,141
1743495319.315656,-75,51,243
1743495319.350656,-63,-8,103
1743495319.385656,44,-18,235
1743495319.421656,6,15,85
1743495319.457656,-21,40,167
1743495319.492656,0,46,47
1743495319.528656,0,6,133
1743495319.563656,11,-29,169
1743495319.598656,79,18,91
1743495319.633656,28,-53,163
1743495319.669656,60,-21,55
1743495319.705656,-141,4,89
1743495319.740656,-26,14,93
1743495319.7766562,-65,40,219
1743495319.811656,71,-13,-36
1743495319.846656,-52,20,241
1743495319.8816562,52,-38,139
1743495319.917656,20,-25,11
1743495319.953656,8,2,33
1743495319.988656,-25,-31,167
1743495320.024656,-17,-47,227
1743495320.059656,-5,-61,103
1743495320.094656,-3,-53,-18
1743495320.129656,16,-7,99
1743495320.165656,54,-25,133
1743495320.201656,38,24,251
1743495320.236656,14,-17,65
1743495320.272656,87,136,159
1743495320.307656,-14,-13,109
1743495320.342656,47,62,75
1743495320.377656,45,8,153
1743495320.413656,41,-19,203
1743495320.449656,-18,4,91
1743495320.491656,1,46,279
1743495320.528656,7,36,223
1743495320.563656,33,10,93
1743495320.598656,19,-33,85
1743495320.633656,-34,20,135
1743495320.669656,15,102,205
1743495320.705656,23,-11,27
1743495320.740656,57,-77,187
1743495320.7766562,-8,-17,173
1743495320.811656,33,78,141
1743495320.846656,-14,-27,85
1743495320.8816562,-14,42,149
1743495320.917656,-30,4,191
1743495320.953656,11,-41,115
1743495320.988656,-56,6,39
1743495321.024656,-62,-13,109
1743495321.059656,1,-93,221
1743495321.094656,25,18,121
1743495321.129656,119,70,103
1743495321.165656,-36,22,135
1743495321.201656,15,0,189
1743495321.236656,-7,-21,217
1743495321.272656,-17,68,79
1743495321.307656,-5,-41,163
1743495321.342656,-78,-5,103
1743495321.377656,-19,66,137
1743495321.413656,28,-11,185
1743495321.449656,15,6,81
1743495321.484656,-18,-3,49
1743495321.520656,15,10,303
1743495321.555656,-24,-37,35
1743495321.590656,25,-63,167
1743495321.625656,12,4,183
1743495321.661656,-54,42,147
1743495321.6976562,-13,48,85
1743495321.732656,-89,-23,159
1743495321.768656,-23,-51,263
1743495321.803656,10,8,-10
1743495321.838656,-3,-23,97
1743495321.873656,2,26,111
1743495321.909656,-51,8,213
1743495321.945656,28,32,29
1743495321.980656,-57,66,165
1743495322.0166562,10,16,173
1743495322.051656,-55,-107,251
1743495322.086656,12,44,105
1743495322.122656,70,99,189
1743495322.157656,-75,43,129
1743495322.193656,-47,63,137
1743495322.228656,-75,-18,157
1743495322.264656,-5,-2,165
1743495322.2996562,76,35,63
1743495322.334656,82,-2,189
1743495322.370656,10,18,33
1743495322.405656,14,-55,109
1743495322.441656,-81,52,143
1743495322.476656,-5,-45,115
1743495322.512656,-27,49,9
1743495322.547656,-31,-10,127
1743495322.582656,-11,3,169
1743495322.6186562,-13,-34,229
1743495322.653656,-89,23,161
1743495322.689656,28,39,155
1743495322.724656,-1,-18,93
1743495322.760656,56,0,125
1743495322.795656,-73,-24,205
1743495322.830656,20,-10,73
1743495322.866656,-89,30,141
1743495322.9016562,52,25,85
1743495322.9376562,-47,-30,179
1743495322.972656,-31,-70,182
1743495323.008656,-15,1,118
1743495323.043656,-33,-39,112
1743495323.078656,-55,20,194
1743495323.114656,-5,24,212
1743495323.149656,-39,2,182
1743495323.185656,-37,-55,128
1743495323.2206562,10,-29,146
1743495323.2566562,30,-3,40
1743495323.291656,44,-31,80
1743495323.326656,28,14,30
1743495323.362656,-25,46,106
1743495323.397656,-57,0,126
1743495323.433656,4,8,142
1743495323.468656,-21,30,116
1743495323.504656,-20,-39,156
1743495323.5396562,-26,-7,66
1743495323.574656,11,34,230
1743495323.610656,-70,-53,238
1743495323.645656,67,-5,132
1743495323.681656,-56,26,172
1743495323.716656,-8,-41,94
1743495323.752656,-44,-49,116
1743495323.787656,19,-13,150
1743495323.8226562,73,14,146
1743495323.8586562,29,-31,112
1743495323.893656,21,-51,52
1743495323.929656,25,-63,138
1743495323.964656,15,20,94
1743495324.000656,45,52,100
1743495324.035656,-4,8,122
1743495324.070656,25,16,118
1743495324.106656,-36,-41,36
1743495324.1416562,-4,-53,214
1743495324.177656,-10,-23,126
1743495324.212656,59,3,150
1743495324.248656,27,-44,190
1743495324.283656,47,-21,140
1743495324.318656,-92,36,66
1743495324.354656,-18,-10,28
1743495324.389656,-63,1,100
1743495324.425656,-15,106,120
1743495324.4606562,17,-2,-29
1743495324.496656,77,2,56
1743495324.531656,25,-34,229
1743495324.566656,-22,8,-2
1743495324.602656,3,23,195
1743495324.637656,-38,-30,255
1743495324.673656,-86,-62,235
1743495324.708656,-104,65,149
1743495324.744656,-12,21,199
1743495324.7796562,-58,29,135
1743495324.814656,-10,-12,49
1743495324.850656,-76,19,253
1743495324.885656,15,47,163
1743495324.921656,-60,1,113
1743495324.956656,-42,27,233
1743495324.991656,-46,-38,117
1743495325.0266562,-34,27,117
1743495325.0626562,13,43,213
1743495325.098656,-13,-12,117
1743495325.133656,57,25,27
1743495325.169656,-57,11,179
1743495325.204656,-70,-15,61
1743495325.240656,-44,39,157
1743495325.275656,61,-14,105
1743495325.310656,19,-10,171
1743495325.346656,-43,0,49
1743495325.3816562,31,-4,75
1743495325.417656,19,5,131
1743495325.452656,0,-6,73
1743495325.488656,-40,17,104
1743495325.524656,-34,-32,84
1743495325.560656,-12,-10,156
1743495325.596656,5,-8,169
1743495325.632656,-22,7,195
1743495325.668656,17,-10,217
1743495325.703656,11,-2,139
1743495325.738656,-14,7,71
1743495325.774656,65,21,125
1743495325.810656,-40,-104,25
1743495325.8456562,0,-22,189
1743495325.8816562,95,-82,107
1743495325.916656,-54,29,139
1743495325.951656,-42,-52,191
1743495325.986656,-44,-36,89
1743495326.022656,27,0,153
1743495326.058656,31,-52,75
1743495326.093656,-68,-36,117
1743495326.129656,-6,-55,131
1743495326.1646562,19,-71,81
1743495326.199656,-43,-67,209
1743495326.234656,-23,106,139
1743495326.270656,30,-25,175
1743495326.306656,-51,46,166
1743495326.341656,-37,-23,140
1743495326.377656,-21,40,152
1743495326.412656,-89,42,158
1743495326.4476562,-25,4,148
1743495326.482656,46,-37,58
1743495326.518656,-9,-37,-1
1743495326.554656,32,-5,128
1743495326.589656,56,-31,126
1743495326.625656,68,122,214
1743495326.660656,42,-63,260
1743495326.695656,-17,-57,190
1743495326.730656,10,-7,110
1743495326.7666562,60,-37,-93
1743495326.802656,0,38,58
1743495326.837656,-3,34,100
1743495326.873656,6,43,26
1743495326.908656,20,35,160
1743495326.943656,3,7,116
1743495326.978656,59,-6,-17
1743495327.014656,-12,45,238
1743495327.050656,-40,-4,-29
1743495327.0856562,47,-12,134
1743495327.121656,-2,-28,80
1743495327.156656,-28,21,136
1743495327.191656,-50,-14,124
1743495327.226656,51,-8,182
1743495327.262656,1,-12,108
1743495327.298656,33,39,220
1743495327.333656,3,25,134
1743495327.369656,7,29,64
1743495327.4046562,11,57,74
1743495327.439656,89,-26,72
1743495327.474656,-56,-47,124
1743495327.510656,-36,-11,106
1743495327.546656,-42,-73,58
1743495327.581656,-6,-35,76
1743495327.617656,-20,-17,130
1743495327.652656,-20,-33,-53
1743495327.6876562,-6,-29,138
1743495327.722656,0,-5,96
1743495327.758656,0,-19,142
1743495327.794656,29,-21,126
1743495327.829656,-6,-21,150
1743495327.865656,-36,-73,178
1743495327.900656,23,28,260
1743495327.935656,3,3,162
1743495327.9706562,-38,13,94
1743495328.0066562,-25,31,246
1743495328.042656,15,-32,272
1743495328.077656,-24,-26,42
1743495328.113656,12,71,186
1743495328.148656,23,13,132
1743495328.183656,-46,-5,210
1743495328.218656,23,-17,68
1743495328.254656,31,-5,108
1743495328.290656,31,36,264
1743495328.325656,79,-99,156
1743495328.361656,13,-10,106
1743495328.396656,-37,3,162
1743495328.431656,36,45,202
1743495328.466656,58,26,112
1743495328.502656,-7,48,136
1743495328.538656,-47,-87,-13
1743495328.573656,-1,22,146
1743495328.609656,-51,-13,98
1743495328.644656,0,19,-3
1743495328.679656,-45,-8,144
1743495328.714656,12,41,132
1743495328.750656,-15,73,118
1743495328.786656,16,-24,154
1743495328.821656,6,21,148
1743495328.857656,28,7,198
1743495328.892656,-71,-14,158
1743495328.927656,56,44,88
1743495328.962656,-21,50,162
1743495328.998656,14,24,132
1743495329.034656,18,80,160
1743495329.069656,-85,30,134
1743495329.105656,16,-13,84
1743495329.140656,-17,-75,44
1743495329.175656,44,-57,154
1743495329.2106562,35,-61,146
1743495329.246656,8,8,174
1743495329.282656,30,20,66
1743495329.317656,-55,12,240
1743495329.353656,-5,2,134
1743495329.388656,-25,-1,16
1743495329.423656,42,-13,116
1743495329.458656,-27,-16,54
1743495329.494656,-57,9,218
1743495329.530656,0,-20,94
1743495329.565656,-57,33,138
1743495329.601656,-27,-14,158
1743495329.636656,32,45,214
1743495329.671656,-51,19,228
1743495329.706656,72,65,98
1743495329.742656,-59,-60,54
1743495329.778656,-59,19,90
1743495329.813656,60,-36,158
1743495329.849656,0,-16,32
1743495329.884656,-1,-28,116
1743495329.919656,-29,-22,0
1743495329.954656,0,49,-39
1743495329.990656,-31,-62,144
1743495330.0266562,-51,57,246
1743495330.061656,-32,-59,108
1743495330.097656,27,-69,96
1743495330.132656,-19,-44,166
1743495330.167656,-13,75,244
1743495330.202656,18,-24,160
1743495330.238656,-39,-42,122
1743495330.274656,-43,-14,126
1743495330.309656,54,13,115
1743495330.3456562,-43,-2,101
1743495330.380656,32,61,49
1743495330.415656,64,-22,159
1743495330.450656,-144,-10,152
1743495330.4936562,25,31,143
1743495330.530656,-22,35,149
1743495330.565656,-48,-30,9
1743495330.601656,37,-60,93
1743495330.636656,-14,27,133
1743495330.671656,-50,-54,189
1743495330.706656,23,-24,73
1743495330.742656,-56,-20,209
1743495330.778656,-77,39,59
1743495330.813656,-88,-28,45
1743495330.849656,-39,-56,171
1743495330.884656,-23,5,169
1743495330.919656,-29,-78,131
1743495330.954656,62,0,83
1743495330.990656,64,85,131
1743495331.0266562,-89,13,171
1743495331.061656,-75,35,51
1743495331.097656,-59,41,143
1743495331.132656,-21,-50,171
1743495331.167656,-9,-18,79
1743495331.202656,-75,-52,183
1743495331.238656,60,12,207
1743495331.274656,14,-27,105
1743495331.309656,-1,34,159
1743495331.3456562,-32,72,205
1743495331.380656,36,6,215
1743495331.415656,8,-17,255
1743495331.450656,-23,18,125
1743495331.486656,0,12,113
1743495331.522656,-60,-55,93
1743495331.557656,5,-7,175
1743495331.593656,48,10,227
1743495331.628656,-83,58,103
1743495331.663656,-23,28,-8
1743495331.699656,40,52,185
1743495331.734656,-14,2,93
1743495331.770656,17,-33,193
1743495331.805656,81,42,101
1743495331.841656,-2,29,211
1743495331.876656,43,0,83
1743495331.911656,11,35,127
1743495331.9476562,-12,15,117
1743495331.982656,3,35,107
1743495332.018656,13,69,129
1743495332.053656,-76,-5,181
1743495332.089656,-54,12,117
1743495332.124656,-30,22,79
1743495332.159656,25,115,27
1743495332.195656,-58,-2,189
1743495332.230656,-17,17,103
1743495332.2666562,-39,48,131
1743495332.301656,-3,-25,193
1743495332.337656,10,64,181
1743495332.372656,-25,-3,221
1743495332.407656,6,44,237
1743495332.443656,8,21,171
1743495332.478656,-13,-117,157
1743495332.514656,68,-15,85
1743495332.5496562,34,14,135
1743495332.5856562,38,32,181
1743495332.620656,-33,20,105
1743495332.655656,-15,-43,137
1743495332.691656,-69,-27,89
1743495332.726656,2,-107,55
1743495332.762656,33,-7,85
1743495332.797656,4,12,149
1743495332.833656,24,-1,175
1743495332.8686562,-115,140,131
1743495332.903656,26,2,103
1743495332.939656,-2,-27,147
1743495332.974656,18,30,189
1743495333.010656,-10,22,137
1743495333.045656,2,6,221
1743495333.081656,88,14,183
1743495333.116656,-25,-27,151
1743495333.1516562,-31,-19,271
1743495333.1876562,12,52,15
1743495333.222656,82,-41,185
1743495333.258656,-89,34,33
1743495333.293656,-32,64,173
1743495333.329656,2,-27,93
1743495333.364656,-55,-13,207
1743495333.399656,28,-33,135
1743495333.435656,74,30,197
1743495333.4706562,-27,6,151
1743495333.5066562,66,-1,105
1743495333.541656,90,62,111
1743495333.577656,-37,-71,157
1743495333.612656,54,16,93
1743495333.647656,28,46,127
1743495333.683656,-94,-83,159
1743495333.718656,-47,-25,5
1743495333.754656,-19,18,145
1743495333.7896562,-39,-21,253
1743495333.825656,38,32,183
1743495333.860656,12,-11,111
1743495333.895656,-18,-17,147
1743495333.931656,-17,-25,207
1743495333.966656,-39,18,119
1743495334.002656,-27,-53,73
1743495334.037656,-41,38,205
1743495334.073656,-75,-62,184
1743495334.1086562,90,39,121
1743495334.143656,-15,82,129
1743495334.179656,18,72,91
1743495334.214656,-13,-13,25
1743495334.250656,70,14,153
1743495334.285656,-41,-21,85
1743495334.321656,2,-39,-1
1743495334.356656,48,-31,190
1743495334.3916562,14,44,-1
1743495334.427656,76,-75,166
1743495334.462656,86,-7,10
1743495334.498656,-53,-5,162
1743495334.533656,14,-57,154
1743495334.569656,4,34,67
1743495334.604656,44,-15,162
1743495334.639656,4,-17,-133
1743495334.675656,-13,-4,78
1743495334.7106562,68,-25,102
1743495334.746656,-21,-33,114
1743495334.781656,102,-13,-37
1743495334.817656,-17,30,118
1743495334.852656,-53,58,6
1743495334.887656,7,-77,90
1743495334.923656,74,-13,124
1743495334.958656,60,16,58
1743495334.994656,-85,-45,130
1743495335.0296562,-109,14,140
1743495335.065656,-20,16,184
1743495335.101656,-10,-59,118
1743495335.137656,-1,-46,188
1743495335.173656,16,35,134
1743495335.208656,-51,35,136
1743495335.2436562,66,-42,162
1743495335.2796562,32,-6,142
1743495335.315656,-57,7,132
1743495335.350656,46,-26,164
1743495335.386656,-101,45,122
1743495335.421656,18,34,84
1743495335.456656,-41,30,130
1743495335.491656,-41,37,192
1743495335.527656,-53,10,282
1743495335.563656,12,-9,96
1743495335.598656,37,-35,118
1743495335.634656,-12,-55,26
1743495335.669656,-62,18,134
1743495335.704656,7,36,110
1743495335.739656,-20,-19,122
1743495335.775656,39,-39,276
1743495335.811656,-58,-13,180
1743495335.846656,-30,-69,76
1743495335.882656,-14,30,128
1743495335.917656,-14,4,74
1743495335.952656,-2,38,62
1743495335.987656,-10,106,146
1743495336.023656,-34,27,104
1743495336.059656,39,-18,158
1743495336.094656,-20,55,124
1743495336.130656,19,11,70
1743495336.165656,15,-2,150
1743495336.200656,25,69,29
1743495336.235656,-22,-32,89
1743495336.271656,-8,17,230
1743495336.307656,-42,-16,134
1743495336.342656,-25,9,100
1743495336.378656,-3,60,199
1743495336.413656,-59,22,77
1743495336.448656,38,-35,149
1743495336.4836562,20,-17,189
1743495336.519656,6,4,91
1743495336.555656,-7,90,229
1743495336.590656,44,26,135
1743495336.626656,-65,-25,181
1743495336.661656,0,12,145
1743495336.696656,-23,-27,119
1743495336.731656,-19,-14,133
1743495336.767656,66,13,43
1743495336.803656,72,26,129
1743495336.838656,-11,-63,163
1743495336.874656,-117,22,105
1743495336.909656,62,22,207
1743495336.944656,-1,4,73
1743495336.979656,-39,8,167
1743495337.015656,18,6,9
1743495337.051656,-57,28,11
1743495337.086656,-71,0,239
1743495337.122656,0,4,25
1743495337.157656,-9,104,81
1743495337.192656,-83,-5,209
1743495337.227656,82,34,63
1743495337.263656,8,26,51
1743495337.2996562,110,30,125
1743495337.334656,118,-37,193
1743495337.370656,-19,56,61
1743495337.405656,-125,-71,199
1743495337.440656,71,-13,95
1743495337.475656,-47,58,245
1743495337.511656,-26,32,183
1743495337.547656,29,-33,69
1743495337.582656,26,-29,115
1743495337.6186562,42,-9,211
1743495337.653656,4,-31,21
1743495337.688656,-23,21,145
1743495337.723656,-37,-2,149
1743495337.759656,52,21,171
1743495337.795656,0,-2,45
1743495337.830656,50,7,49
1743495337.866656,-69,83,25
1743495337.9016562,-127,-22,123
1743495337.936656,-53,-42,83
1743495337.971656,76,24,1
1743495338.007656,-13,44,127
1743495338.043656,2,18,159
1743495338.078656,-73,10,13
1743495338.114656,-7,34,157
1743495338.149656,64,-63,-22
1743495338.184656,-7,-43,47
1743495338.219656,-27,-37,145
1743495338.255656,26,50,193
1743495338.291656,-3,-1,131
1743495338.326656,-77,54,101
1743495338.362656,24,-26,-34
1743495338.397656,-53,27,141
1743495338.432656,64,19,231
1743495338.467656,-11,37,45
1743495338.503656,-3,-9,159
1743495338.5396562,48,15,181
1743495338.574656,-79,-100,227
1743495338.610656,-51,37,147
1743495338.645656,68,-27,-50
1743495338.680656,0,-22,149
1743495338.715656,-42,31,93
1743495338.751656,-22,-28,183
1743495338.787656,41,39,63
1743495338.8226562,0,29,57
1743495338.8586562,13,-12,219
1743495338.893656,47,-10,117
1743495338.928656,25,-26,21
1743495338.963656,-40,-6,201
1743495338.999656,-14,17,113
1743495339.035656,9,-18,219
1743495339.070656,65,36,71
1743495339.106656,27,46,133
1743495339.1416562,45,-44,139
1743495339.176656,-42,-4,11
1743495339.211656,49,0,227
1743495339.247656,7,23,147
1743495339.283656,49,53,11
1743495339.318656,-52,-40,179
1743495339.354656,-33,-44,137
1743495339.389656,57,21,55
1743495339.4246562,-8,25,267
1743495339.459656,-36,-44,233
1743495339.495656,33,-22,105
1743495339.531656,-94,9,51
1743495339.566656,27,39,127
1743495339.602656,-20,-28,31
1743495339.637656,-30,-48,113
1743495339.672656,25,25,101
1743495339.707656,-40,33,95
1743495339.7436562,3,-12,111
1743495339.7796562,63,59,171
1743495339.814656,0,-14,59
1743495339.850656,-4,39,81
1743495339.885656,19,25,131
1743495339.920656,-20,-22,129
1743495339.955656,31,49,67
1743495339.991656,-48,153,95
1743495340.027656,9,-92,97
1743495340.0626562,-68,7,293
1743495340.098656,7,13,57
1743495340.133656,43,0,135
1743495340.168656,21,23,65
1743495340.203656,1,64,42
1743495340.239656,-26,-33,112
1743495340.275656,-6,-59,272
1743495340.310656,23,-1,46
1743495340.346656,58,-11,162
1743495340.3816562,-73,32,84
1743495340.416656,50,-29,80
1743495340.451656,-23,-51,214
1743495340.494656,-19,-27,128
1743495340.531656,-9,-45,-11
1743495340.566656,2,-81,30
1743495340.602656,14,14,118
1743495340.637656,14,72,226
1743495340.672656,-3,6,98
1743495340.707656,-58,-79,180
1743495340.7436562,20,122,170
1743495340.7796562,30,42,166
1743495340.814656,0,-35,59
1743495340.850656,66,-11,171
1743495340.885656,64,0,17
1743495340.920656,-5,-7,140
1743495340.955656,-41,-55,108
1743495340.991656,38,40,150
1743495341.027656,-81,26,96
1743495341.0626562,-73,10,198
1743495341.098656,-41,22,170
1743495341.133656,108,40,127
1743495341.168656,-37,56,65
1743495341.204656,-1,3,195
1743495341.239656,14,-21,163
1743495341.275656,56,-11,61
1743495341.310656,12,-71,121
1743495341.346656,10,-29,105
1743495341.3816562,-15,-33,209
1743495341.416656,-31,24,191
1743495341.452656,-19,-41,257
1743495341.487656,-17,-21,223
1743495341.523656,44,-37,169
1743495341.558656,42,-19,125
1743495341.594656,50,-5,127
1743495341.629656,8,72,163
1743495341.6646562,60,-45,61
1743495341.700656,24,-41,163
1743495341.735656,-69,28,73
1743495341.771656,58,28,143
1743495341.806656,-49,-34,195
1743495341.842656,44,-31,203
1743495341.877656,8,-17,295
1743495341.912656,20,8,97
1743495341.948656,-41,-13,215
1743495341.9836562,8,-21,211
1743495342.019656,-13,-9,-18
1743495342.054656,-5,-11,161
1743495342.090656,-37,-9,175
1743495342.125656,18,46,283
1743495342.160656,-11,-5,135
1743495342.196656,-87,-121,43
1743495342.231656,-1,-1,99
1743495342.267656,18,42,131
1743495342.302656,34,-21,123
1743495342.338656,-41,4,9
1743495342.373656,106,-81,179
1743495342.408656,22,-21,179
1743495342.444656,6,12,87
1743495342.479656,-9,34,79
1743495342.515656,4,40,149
1743495342.550656,-25,-1,149
1743495342.586656,-59,30,79
1743495342.621656,-37,-11,111
1743495342.656656,1,74,203
1743495342.692656,93,-3,71
1743495342.727656,-34,-27,45
1743495342.763656,47,38,167
1743495342.798656,59,80,131
1743495342.834656,37,50,151
1743495342.869656,17,-11,141
1743495342.9046562,15,20,35
1743495342.940656,-18,2,125
1743495342.975656,-40,50,307
1743495343.011656,4,-5,67
1743495343.046656,8,8,111
1743495343.082656,-35,30,203
1743495343.117656,-5,-33,77
1743495343.152656,82,30,157
1743495343.188656,-39,2,107
1743495343.223656,-13,30,73
1743495343.259656,-19,-33,197
1743495343.294656,44,-9,159
1743495343.330656,30,-5,139
1743495343.365656,10,-3,103
1743495343.400656,52,48,119
1743495343.436656,28,20,113
1743495343.471656,78,-65,141
1743495343.507656,-23,4,133
1743495343.542656,-5,20,185
1743495343.578656,4,-97,0
1743495343.613656,-39,70,99
1743495343.648656,-3,-31,227
1743495343.684656,50,-51,163
1743495343.719656,16,32,119
1743495343.755656,-85,-65,219
1743495343.790656,-11,-33,145
1743495343.826656,-5,42,103
1743495343.861656,-129,-49,213
1743495343.896656,-33,76,32
1743495343.932656,18,-19,138
1743495343.967656,74,24,200
1743495344.003656,88,-13,26
1743495344.038656,30,22,108
1743495344.074656,116,-67,166
1743495344.109656,-17,14,8
1743495344.144656,-29,96,282
1743495344.180656,120,-41,168
1743495344.215656,2,-3,74
1743495344.251656,0,26,58
1743495344.286656,54,34,112
1743495344.3226562,-61,-128,206
1743495344.357656,40,13,84
1743495344.392656,78,-20,188
1743495344.428656,-13,-54,148
1743495344.463656,52,21,72
1743495344.499656,-1,25,110
1743495344.534656,-87,-30,130
1743495344.570656,-3,-32,162
1743495344.606656,-6,45,110
1743495344.642656,-44,-38,80
1743495344.678656,41,-10,188
1743495344.713656,-38,-2,168
1743495344.748656,-96,-32,188
1743495344.784656,7,73,172
1743495344.820656,-66,-64,52
1743495344.855656,-60,-34,176
1743495344.8916562,-22,17,124
1743495344.926656,53,-34,244
1743495344.961656,-102,27,128
1743495344.996656,-40,-18,162
1743495345.032656,19,-20,122
1743495345.068656,29,0,208
1743495345.103656,12,-13,148
1743495345.139656,2,61,136
1743495345.1746562,-47,58,156
1743495345.209656,-13,-5,252
1743495345.244656,49,-11,168
1743495345.280656,-28,-10,180
1743495345.316656,-3,-46,108
1743495345.351656,-10,8,22
1743495345.387656,35,-15,152
1743495345.422656,-6,-41,132
1743495345.457656,29,16,68
1743495345.492656,51,68,112
1743495345.528656,35,14,114
1743495345.564656,-72,36,188
1743495345.599656,59,0,152
1743495345.635656,33,36,202
1743495345.670656,-4,58,142
1743495345.705656,-24,48,145
1743495345.740656,-46,14,135
1743495345.7766562,-28,-7,189
1743495345.8126562,27,-15,105
1743495345.847656,39,30,173
1743495345.883656,-46,-35,229
1743495345.918656,-46,50,211
1743495345.953656,87,50,127
1743495345.988656,-18,8,9
1743495346.024656,51,-3,189
1743495346.060656,79,30,23
1743495346.0956562,-6,-33,81
1743495346.1316562,5,22,59
1743495346.166656,23,6,1
1743495346.201656,-68,12,117
1743495346.236656,-31,68,179
1743495346.272656,50,-101,229
1743495346.308656,-71,-1,113
1743495346.343656,46,56,105
1743495346.379656,-53,26,71
1743495346.4146562,-11,8,113
1743495346.449656,-29,50,217
1743495346.484656,44,18,117
1743495346.520656,-10,6,85
1743495346.556656,9,-29,121
1743495346.591656,13,-63,147
1743495346.627656,21,-13,181
1743495346.662656,-2,-75,159
1743495346.6976562,5,-77,77
1743495346.732656,13,60,97
1743495346.768656,-119,-5,105
1743495346.804656,68,20,147
1743495346.839656,10,-6,113
1743495346.875656,-9,59,125
1743495346.910656,-61,28,219
1743495346.945656,-59,14,-2
1743495346.980656,0,46,161
1743495347.0166562,54,58,1
1743495347.052656,-37,6,145
1743495347.087656,48,-85,155
1743495347.123656,-57,52,185
1743495347.158656,52,60,159
1743495347.193656,-3,52,35
1743495347.228656,14,-24,165
1743495347.264656,34,20,123
1743495347.300656,34,-45,157
1743495347.3356562,64,53,119
1743495347.371656,20,-22,155
1743495347.406656,52,23,189
1743495347.441656,-33,-8,225
1743495347.476656,-11,11,91
1743495347.512656,-33,-38,43
1743495347.548656,16,46,63
1743495347.583656,40,-46,111
1743495347.619656,-81,-76,73
1743495347.6546562,-15,7,137
1743495347.689656,-29,67,147
1743495347.724656,110,-40,137
1743495347.760656,22,-14,61
1743495347.796656,-43,27,-8
1743495347.831656,-27,31,99
1743495347.867656,2,9,41
1743495347.902656,-67,-28,205
1743495347.9376562,16,25,165
1743495347.972656,-35,-8,163
1743495348.008656,4,-78,131
1743495348.044656,-67,-64,151
1743495348.079656,-61,15,133
1743495348.115656,36,-16,169
1743495348.150656,-1,-72,157
1743495348.185656,-28,-82,37
1743495348.2206562,-4,1,159
1743495348.2566562,-31,13,103
1743495348.292656,18,41,109
1743495348.327656,30,-26,99
1743495348.363656,28,97,185
1743495348.398656,-15,41,166
1743495348.433656,-21,11,113
1743495348.468656,57,-30,159
1743495348.504656,95,32,89
1743495348.540656,25,-40,103
1743495348.575656,-46,49,217
1743495348.611656,11,-64,107
1743495348.646656,39,7,75
1743495348.681656,-22,53,111
1743495348.716656,-30,-40,233
1743495348.752656,-82,-64,-8
1743495348.788656,15,25,231
1743495348.823656,-4,-38,183
1743495348.859656,15,9,107
1743495348.894656,81,61,21
1743495348.929656,-80,-4,159
1743495348.964656,1,45,209
1743495349.000656,-37,0,137
1743495349.036656,46,-10,215
1743495349.071656,-93,13,141
1743495349.107656,-39,49,181
1743495349.142656,24,-20,151
1743495349.177656,-1,69,217
1743495349.212656,-35,11,89
1743495349.248656,-37,-20,235
1743495349.284656,-31,-4,115
1743495349.319656,-45,57,181
1743495349.355656,58,39,143
1743495349.390656,20,43,73
1743495349.425656,38,-6,265
1743495349.4606562,36,-22,161
1743495349.496656,-47,-40,131
1743495349.532656,60,56,63
1743495349.568656,25,0,133
1743495349.604656,25,-77,144
1743495349.639656,17,40,36
1743495349.675656,11,-45,140
1743495349.7106562,-50,79,74
1743495349.745656,0,19,106
1743495349.780656,32,85,194
1743495349.816656,-55,43,172
1743495349.852656,50,-60,168
1743495349.887656,-79,71,94
1743495349.923656,92,-2,158
1743495349.958656,50,-34,138
1743495349.9936562,-21,-36,188
1743495350.028656,-19,19,174
1743495350.064656,56,15,180
1743495350.100656,44,5,76
1743495350.135656,-67,17,260
1743495350.171656,-29,5,34
1743495350.206656,18,-18,110
1743495350.241656,6,27,152
1743495350.2766562,54,-4,64
1743495350.3126562,50,-31,68
1743495350.348656,48,-3,204
1743495350.383656,-37,26,122
1743495350.419656,84,14,140
1743495350.454656,-15,-15,106
1743495350.496656,26,22,166
1743495350.532656,102,18,134
1743495350.568656,42,38,164
1743495350.604656,-29,20,228
1743495350.639656,34,29,160
1743495350.675656,50,-30,202
1743495350.7106562,30,61,108
1743495350.745656,-23,59,210
1743495350.781656,-17,23,102
1743495350.816656,-1,45,62
1743495350.852656,-3,15,-35
1743495350.887656,-109,0,118
1743495350.923656,10,-29,158
1743495350.958656,24,-61,94
1743495350.9936562,60,26,74
1743495351.0296562,-64,-35,78
1743495351.064656,25,40,172
1743495351.100656,-56,10,174
1743495351.135656,-78,6,98
1743495351.171656,-6,66,184
1743495351.206656,-52,-1,116
1743495351.241656,37,12,124
1743495351.277656,-8,-53,116
1743495351.3126562,-52,-37,100
1743495351.348656,31,22,-5
1743495351.383656,15,-37,202
1743495351.419656,-28,-75,202
1743495351.454656,5,64,78
1743495351.489656,-8,-32,132
1743495351.525656,-22,-52,196
1743495351.560656,57,53,128
1743495351.596656,-32,37,34
1743495351.6316562,-50,15,96
1743495351.667656,49,-80,130
1743495351.702656,-2,-2,174
1743495351.737656,11,-12,114
1743495351.773656,-6,-20,162
1743495351.808656,49,13,116
1743495351.844656,27,-59,120
1743495351.879656,43,34,156
1743495351.915656,57,-9,102
1743495351.950656,81,-49,140
1743495351.985656,39,56,108
1743495352.021656,-32,16,218
1743495352.056656,-12,17,-39
1743495352.092656,15,-76,226
1743495352.127656,-66,-56,162
1743495352.163656,139,-38,152
1743495352.198656,53,-30,276
1743495352.2336562,-24,27,106
1743495352.269656,0,-36,150
1743495352.304656,5,-36,154
1743495352.340656,81,25,50
1743495352.375656,-10,3,102
1743495352.411656,-6,51,124
1743495352.446656,-33,15,118
1743495352.481656,13,11,148
1743495352.517656,-50,95,30
1743495352.552656,0,35,266
1743495352.588656,-2,-28,96
1743495352.623656,57,135,72
1743495352.659656,-4,-18,184
1743495352.694656,-10,43,56
1743495352.729656,-10,45,204
1743495352.765656,-6,23,70
1743495352.800656,23,48,234
1743495352.836656,17,35,104
1743495352.871656,21,9,60
1743495352.907656,3,0,104
1743495352.942656,-6,-94,84
1743495352.977656,0,-51,94
1743495353.013656,-20,70,208
1743495353.048656,45,-109,128
1743495353.084656,11,30,184
1743495353.119656,-4,-15,228
1743495353.155656,35,-53,112
1743495353.190656,7,56,76
1743495353.225656,37,-23,28
1743495353.261656,47,-41,148
1743495353.296656,-74,50,228
1743495353.332656,95,10,186
1743495353.367656,-54,12,166
1743495353.403656,-52,-25,84
1743495353.438656,11,-29,124
1743495353.473656,-36,24,74
1743495353.509656,1,-1,134
1743495353.544656,47,-105,142
1743495353.580656,27,6,59
1743495353.615656,2,30,179
1743495353.6516562,26,100,101
1743495353.686656,15,-19,161
1743495353.721656,21,-19,-28
1743495353.757656,30,-27,91
1743495353.792656,-49,-71,81
1743495353.828656,-56,-73,64
1743495353.863656,29,-1,125
1743495353.899656,-72,60,81
1743495353.934656,29,50,149
1743495353.969656,-90,-33,117
1743495354.005656,-64,46,235
1743495354.040656,-8,66,81
1743495354.076656,-38,12,125
1743495354.111656,-6,-33,207
1743495354.147656,-40,0,143
1743495354.183656,1,5,115
1743495354.219656,23,-50,239
1743495354.255656,0,53,179
1743495354.290656,38,31,33
1743495354.325656,-46,17,59
1743495354.361656,35,51,137
1743495354.397656,1,-12,163
1743495354.432656,37,-58,243
1743495354.468656,11,-60,69
1743495354.503656,-6,85,61
1743495354.538656,-28,0,139
1743495354.573656,76,-22,177
1743495354.609656,46,47,49
1743495354.645656,-33,-6,117
1743495354.680656,28,11,273
1743495354.716656,15,-68,149
1743495354.751656,-10,-34,155
1743495354.786656,9,-11,161
1743495354.821656,8,25,203
1743495354.857656,-20,-34,157
1743495354.893656,-80,35,59
1743495354.928656,-46,14,137
1743495354.964656,37,-16,137
1743495354.999656,57,30,155
1743495355.034656,43,-55,135
1743495355.069656,-39,33,99
1743495355.105656,-28,-41,247
1743495355.1416562,48,-94,98
1743495355.176656,8,5,90
1743495355.212656,10,-30,66
1743495355.247656,-17,3,214
1743495355.282656,26,-52,96
1743495355.317656,62,-2,106
1743495355.353656,20,29,10
1743495355.389656,-101,6,62
1743495355.4246562,-51,20,104
1743495355.4606562,22,-13,244
1743495355.495656,-7,32,134
1743495355.530656,4,18,184
1743495355.565656,74,-73,154
1743495355.601656,-3,-85,88
1743495355.637656,8,-11,4
1743495355.672656,40,30,34
1743495355.708656,23,2,96
1743495355.7436562,-22,-1,202
1743495355.778656,21,-45,158
1743495355.813656,11,-9,162
1743495355.849656,-12,-1,166
1743495355.885656,13,-13,22
1743495355.920656,-50,32,154
1743495355.956656,70,-3,228
1743495355.991656,45,-23,240
1743495356.0266562,-68,-51,136
1743495356.061656,-84,17,144
1743495356.097656,-22,55,80
1743495356.133656,-20,-14,214
1743495356.168656,-26,0,158
1743495356.204656,17,-50,110
1743495356.239656,111,7,132
1743495356.274656,8,-1,111
1743495356.309656,-7,-3,111
1743495356.3456562,-65,36,127
1743495356.3816562,50,48,162
1743495356.416656,32,16,137
1743495356.452656,14,-21,83
1743495356.487656,82,-9,217
1743495356.522656,-9,-23,117
1743495356.557656,-8,-1,53
1743495356.593656,-8,26,63
1743495356.629656,-8,38,177
1743495356.6646562,-68,-13,159
1743495356.700656,-54,24,175
1743495356.735656,9,10,137
1743495356.770656,-54,-23,187
1743495356.805656,-32,-21,85
1743495356.841656,-98,-69,101
1743495356.877656,-6,34,67
1743495356.912656,101,-43,161
1743495356.948656,-58,14,97
1743495356.9836562,-10,48,141
1743495357.018656,29,-21,271
1743495357.053656,13,44,89
1743495357.089656,53,-103,187
1743495357.125656,59,38,83
1743495357.160656,19,-37,53
1743495357.196656,69,-45,233
1743495357.231656,7,-107,-14
1743495357.2666562,-113,12,143
1743495357.301656,-52,-19,154
1743495357.337656,-28,-29,146
1743495357.373656,-22,32,160
1743495357.408656,71,80,188
1743495357.444656,-34,-55,108
1743495357.479656,69,34,174
1743495357.514656,-22,-1,132
1743495357.5496562,9,-41,184
1743495357.5856562,13,32,252
1743495357.621656,14,70,74
1743495357.656656,-45,-27,148
1743495357.692656,4,-21,44
1743495357.727656,98,10,240
1743495357.762656,-57,0,178
1743495357.797656,-53,-49,138
1743495357.833656,-39,26,182
1743495357.869656,26,16,148
1743495357.9046562,36,12,110
1743495357.940656,38,102,150
1743495357.975656,40,-5,62
1743495358.010656,44,24,84
1743495358.045656,40,36,128
1743495358.081656,50,-17,42
1743495358.117656,-7,16,163
1743495358.152656,24,46,154
1743495358.188656,20,-3,167
1743495358.223656,24,20,191
1743495358.258656,2,-25,57
1743495358.293656,38,-11,109
1743495358.329656,64,-15,63
1743495358.365656,74,22,133
1743495358.400656,-15,42,91
1743495358.436656,10,14,127
1743495358.471656,20,8,63
1743495358.5066562,52,8,137
1743495358.541656,8,-35,77
1743495358.577656,12,-75,193
1743495358.613656,28,8,123
1743495358.648656,4,6,153
1743495358.684656,-56,-21,255
1743495358.719656,-39,-27,121
1743495358.754656,28,-1,121
1743495358.7896562,24,-44,191
1743495358.825656,-11,101,167
1743495358.861656,-33,17,273
1743495358.896656,55,-66,219
1743495358.932656,85,77,157
1743495358.967656,-159,-72,211
1743495359.002656,-19,-28,109
1743495359.037656,-67,-18,205
1743495359.073656,48,33,213
1743495359.109656,-73,31,101
1743495359.144656,24,9,25
1743495359.180656,16,63,93
1743495359.215656,-51,-18,165
1743495359.250656,2,19,21
1743495359.285656,-19,-32,309
1743495359.321656,-79,-32,230
1743495359.357656,-49,47,108
1743495359.392656,20,-42,178
1743495359.428656,-11,-33,212
1743495359.463656,-47,6,126
1743495359.498656,-7,28,100
1743495359.533656,72,42,32
1743495359.569656,36,84,66
1743495359.605656,42,-5,184
1743495359.640656,-1,-57,176
1743495359.676656,50,-49,106
1743495359.711656,54,34,70
1743495359.746656,-5,56,210
1743495359.781656,-15,-79,130
1743495359.817656,12,15,86
1743495359.853656,54,-64,92
1743495359.888656,0,-54,48
1743495359.9246562,4,-65,78
1743495359.959656,-55,38,240
1743495359.994656,-65,-45,110
1743495360.0296562,42,-1,154
1743495360.065656,-86,-17,20
1743495360.101656,5,14,134
1743495360.136656,0,-27,128
1743495360.172656,0,20,42
1743495360.207656,-24,-51,222
1743495360.242656,-4,-13,110
1743495360.278656,5,-65,280
1743495360.313656,-30,14,150
1743495360.349656,-112,-55,14
1743495360.384656,-28,14,68
1743495360.420656,-64,-23,92
1743495360.455656,14,-5,187
1743495360.497656,-98,-15,86
1743495360.534656,-20,16,174
1743495360.569656,14,-37,210
1743495360.605656,-53,0,186
1743495360.640656,-9,-9,118
1743495360.676656,106,-3,196
1743495360.711656,-77,-39,-35
1743495360.746656,34,-59,150
1743495360.782656,-5,144,96
1743495360.817656,30,-27,192
1743495360.853656,-121,-21,162
1743495360.888656,-65,-7,178
1743495360.9246562,-71,30,76
1743495360.959656,12,62,134
1743495360.994656,-89,-35,137
1743495361.030656,-35,16,65
1743495361.065656,-11,-73,19
1743495361.101656,-51,24,119
1743495361.136656,54,51,103
1743495361.172656,-11,40,139
1743495361.207656,2,-27,119
1743495361.242656,34,46,55
1743495361.278656,38,34,151
1743495361.313656,14,-80,195
1743495361.349656,-31,21,215
1743495361.384656,-29,1,219
1743495361.420656,48,-56,211
1743495361.455656,-15,63,53
1743495361.490656,28,-20,147
1743495361.5266562,30,-18,205
1743495361.561656,-31,28,139
1743495361.597656,-5,-44,81
1743495361.632656,-29,12,65
1743495361.668656,-63,-63,99
1743495361.703656,8,41,169
1743495361.738656,34,3,97
1743495361.774656,-39,-56,159
1743495361.809656,-63,1,125
1743495361.8456562,-57,59,71
1743495361.880656,6,-8,80
1743495361.916656,8,21,104
1743495361.951656,14,19,22
1743495361.986656,-11,27,124
1743495362.022656,-43,-12,90
1743495362.057656,-9,75,150
1743495362.093656,-53,-20,84
1743495362.128656,28,129,-9
1743495362.1646562,-26,15,168
1743495362.199656,42,-36,76
1743495362.234656,66,19,188
1743495362.270656,-3,43,138
1743495362.305656,32,-36,128
1743495362.341656,-3,-40,206
1743495362.376656,-47,11,288
1743495362.412656,12,47,178
1743495362.4476562,-11,25,100
1743495362.482656,16,-44,108
1743495362.518656,-31,-4,118
1743495362.553656,36,24,120
1743495362.589656,66,57,244
1743495362.624656,-21,-36,146
1743495362.660656,-1,35,176
1743495362.695656,12,-62,170
1743495362.730656,54,-46,176
1743495362.7666562,26,0,76
1743495362.801656,38,-16,176
1743495362.837656,-13,77,162
1743495362.872656,6,49,210
1743495362.908656,50,31,118
1743495362.943656,-13,-6,210
1743495362.978656,4,-24,140
1743495363.014656,-25,-14,136
1743495363.0496562,-17,7,168
1743495363.0856562,8,-25,152
1743495363.120656,12,48,142
1743495363.156656,40,14,212
1743495363.191656,22,-37,60
1743495363.226656,38,8,56
1743495363.262656,12,24,86
1743495363.297656,2,33,60
1743495363.333656,-15,53,86
1743495363.3686562,-3,-52,191
1743495363.4046562,64,33,71
1743495363.439656,-16,55,165
1743495363.474656,-54,-34,161
1743495363.510656,-17,-29,135
1743495363.545656,-11,90,105
1743495363.581656,-84,-91,129
1743495363.616656,-39,6,36
1743495363.652656,90,-61,181
1743495363.688656,52,-33,157
1743495363.724656,18,-25,187
1743495363.760656,-13,0,279
1743495363.795656,-67,62,129
1743495363.830656,-79,4,139
1743495363.866656,0,38,283
1743495363.902656,38,-13,-64
1743495363.9376562,80,-67,153
1743495363.973656,124,-100,171
1743495364.008656,-31,-21,87
1743495364.043656,-23,20,217
1743495364.078656,32,-7,49
1743495364.114656,4,60,163
1743495364.150656,-1,40,70
1743495364.185656,2,-17,256
1743495364.221656,68,-45,194
1743495364.2566562,-75,-9,86
1743495364.291656,-15,34,147
1743495364.326656,20,-63,98
1743495364.362656,60,-35,208
1743495364.398656,86,0,158
1743495364.433656,40,-49,84
1743495364.469656,48,-43,186
1743495364.504656,34,-13,128
1743495364.5396562,-41,-35,190
1743495364.574656,-27,22,130
1743495364.610656,94,-39,22
1743495364.646656,26,-35,114
1743495364.681656,52,6,110
1743495364.717656,-45,-55,34
1743495364.752656,92,-75,60
1743495364.787656,-37,36,140
1743495364.8226562,-21,-53,164
1743495364.8586562,-7,-43,94
1743495364.894656,-5,6,252
1743495364.929656,29,-84,220
1743495364.965656,-40,41,144
1743495365.000656,-23,-18,146
1743495365.035656,45,-11,266
1743495365.070656,-82,-50,108
1743495365.106656,-88,-44,128
1743495365.142656,-36,-28,180
1743495365.177656,0,46,154
1743495365.213656,-25,-23,164
1743495365.248656,-3,-3,168
1743495365.283656,-49,32,50
1743495365.318656,-47,-21,176
1743495365.354656,40,35,62
1743495365.390656,-47,-24,-21
1743495365.425656,68,9,156
1743495365.461656,-25,-2,126
1743495365.496656,12,-36,120
1743495365.531656,16,93,132
1743495365.566656,-7,-18,115
1743495365.602656,-54,-82,187
1743495365.638656,13,28,155
1743495365.673656,-14,18,203
1743495365.709656,-26,47,71
1743495365.744656,65,-67,111
1743495365.7796562,45,49,219
1743495365.814656,49,-22,61
1743495365.850656,79,1,101
1743495365.886656,47,-14,285
1743495365.921656,95,-13,123
1743495365.957656,19,27,103
1743495365.992656,45,56,19
1743495366.027656,61,-61,137
1743495366.0626562,57,-25,177
1743495366.098656,-4,-20,11
1743495366.134656,-142,-12,61
1743495366.169656,-32,5,227
1743495366.205656,-58,25,139
1743495366.240656,1,31,133
1743495366.275656,51,-72,15
1743495366.310656,33,7,89
1743495366.346656,3,51,185
1743495366.382656,57,-48,189
1743495366.417656,-28,15,51
1743495366.453656,-30,-8,179
1743495366.488656,-18,21,43
1743495366.523656,-30,9,99
1743495366.558656,15,-68,225
1743495366.594656,-46,35,209
1743495366.630656,-22,-12,147
1743495366.665656,17,-16,123
1743495366.701656,15,-16,149
1743495366.736656,-58,48,117
1743495366.771656,35,-94,211
1743495366.806656,-20,63,115
1743495366.842656,-30,-14,145
1743495366.878656,11,44,71
1743495366.913656,19,-62,105
1743495366.949656,23,19,173
1743495366.984656,19,-46,93
1743495367.019656,30,43,109
1743495367.054656,6,33,102
1743495367.090656,-55,-54,226
1743495367.126656,-3,23,190
1743495367.161656,4,19,60
1743495367.1976562,-7,51,130
1743495367.232656,40,9,80
1743495367.267656,-21,57,140
1743495367.302656,-45,35,118
1743495367.338656,2,0,158
1743495367.374656,24,-54,116
1743495367.409656,-49,1,154
1743495367.445656,22,19,96
1743495367.480656,-25,-82,134
1743495367.515656,70,29,24
1743495367.550656,83,-2,196
1743495367.586656,-70,66,16
1743495367.622656,4,-87,38
1743495367.657656,4,20,190
1743495367.693656,55,14,188
1743495367.728656,21,4,76
1743495367.763656,1,0,256
1743495367.798656,77,14,90
1743495367.834656,-46,42,180
1743495367.870656,33,40,114
1743495367.905656,46,-3,104
1743495367.941656,66,-15,148
1743495367.976656,-71,-91,70
1743495368.011656,-19,-37,104
1743495368.046656,-31,-3,54
1743495368.082656,56,18,170
1743495368.1186562,6,14,6
1743495368.153656,-17,20,172
1743495368.189656,10,-17,112
1743495368.224656,90,30,216
1743495368.259656,-17,44,72
1743495368.294656,-28,76,92
1743495368.330656,-17,12,152
1743495368.366656,-5,50,76
1743495368.4016562,34,-53,104
1743495368.4376562,-29,-5,116
1743495368.472656,-33,24,78
1743495368.507656,54,76,142
1743495368.542656,56,-5,74
1743495368.578656,94,38,148
1743495368.614656,52,24,100
1743495368.649656,64,-5,176
1743495368.685656,-11,-33,100
1743495368.7206562,0,48,58
1743495368.755656,54,60,144
1743495368.790656,-55,128,66
1743495368.826656,64,30,62
1743495368.862656,76,-17,82
1743495368.897656,4,-13,194
1743495368.933656,-3,-23,226
1743495368.968656,-41,-37,206
1743495369.003656,28,14,202
1743495369.038656,24,-85,92
1743495369.074656,-21,14,160
1743495369.110656,-39,-21,136
1743495369.145656,44,-67,218
1743495369.181656,-33,18,114
1743495369.216656,-41,62,132
1743495369.251656,-79,-21,142
1743495369.286656,-27,34,154
1743495369.3226562,-83,-11,226
1743495369.3586562,48,-29,238
1743495369.393656,-35,-19,218
1743495369.429656,-87,26,86
1743495369.464656,-1,-43,90
1743495369.499656,20,58,258
1743495369.534656,2,32,138
1743495369.570656,60,10,156
1743495369.606656,0,-23,128
1743495369.6416562,40,-15,146
1743495369.677656,-17,-71,136
1743495369.712656,-15,-27,84
1743495369.747656,4,0,184
1743495369.783656,54,22,168
1743495369.818656,-15,-2,144
1743495369.854656,-9,41,144
1743495369.889656,44,89,50
1743495369.925656,-37,-41,110
1743495369.9606562,-33,19,152
1743495369.995656,36,30,86
1743495370.031656,0,30,148
1743495370.066656,30,-39,0
1743495370.102656,-21,-29,182
1743495370.137656,-113,-35,118
1743495370.173656,-47,-21,94
1743495370.208656,-20,-21,180
1743495370.2436562,3,34,112
1743495370.2796562,1,10,132
1743495370.314656,63,-5,140
1743495370.350656,-56,32,48
1743495370.385656,57,112,16
1743495370.421656,0,22,200
1743495370.456656,36,68,166
1743495370.498656,0,4,126
1743495370.535656,1,0,184
1743495370.570656,-14,50,216
1743495370.606656,-18,22,198
1743495370.6416562,-42,-23,280
1743495370.677656,21,-25,88
1743495370.712656,37,0,117
1743495370.747656,-6,-21,139
1743495370.783656,24,88,101
1743495370.818656,-85,32,177
1743495370.854656,-77,-75,113
1743495370.889656,60,-33,195
1743495370.925656,-7,-3,103
1743495370.9606562,-23,-57,19
1743495370.995656,22,46,73
1743495371.031656,2,76,163
1743495371.066656,5,-7,153
1743495371.102656,-21,-23,211
1743495371.137656,-60,-33,27
1743495371.173656,-4,-15,211
1743495371.208656,37,-11,119
1743495371.2436562,51,-45,139
1743495371.2796562,-36,-19,49
1743495371.314656,-48,18,183
1743495371.350656,-6,68,95
1743495371.385656,17,-19,91
1743495371.421656,-30,90,111
1743495371.456656,29,48,87
1743495371.491656,-66,2,139
1743495371.527656,13,20,235
1743495371.5626562,61,-65,99
1743495371.598656,39,50,139
1743495371.633656,19,-31,209
1743495371.669656,-28,-45,141
1743495371.704656,-20,-5,81
1743495371.739656,11,-21,187
1743495371.775656,29,24,159
1743495371.810656,-30,32,195
1743495371.846656,-44,47,121
1743495371.8816562,-36,1,185
1743495371.917656,53,25,245
1743495371.952656,-106,-6,137
1743495371.987656,-26,26,109
1743495372.023656,-74,8,115
1743495372.058656,29,7,171
1743495372.094656,7,-12,71
1743495372.129656,-32,-40,187
1743495372.165656,-61,-15,187
1743495372.200656,-19,-5,61
1743495372.235656,-39,-33,179
1743495372.271656,25,-3,83
1743495372.306656,27,56,143
1743495372.342656,48,-101,81
1743495372.377656,56,8,63
1743495372.413656,-45,-35,165
1743495372.448656,-35,14,101
1743495372.4836562,26,-21,109
1743495372.519656,40,84,201
1743495372.554656,-11,38,121
1743495372.590656,20,-5,119
1743495372.625656,64,-93,49
1743495372.661656,85,34,173
1743495372.696656,53,-33,111
1743495372.731656,-24,24,201
1743495372.767656,69,22,169
1743495372.802656,-38,88,169
1743495372.838656,33,39,127
1743495372.873656,-2,-29,171
1743495372.909656,-12,-4,169
1743495372.944656,-26,35,53
1743495372.979656,-4,-62,135
1743495373.015656,-34,-24,137
1743495373.050656,-132,-4,49
1743495373.086656,51,23,181
1743495373.121656,47,27,139
1743495373.157656,-16,-6,119
1743495373.193656,-12,25,189
1743495373.229656,41,37,215
1743495373.265656,-28,5,17
1743495373.301656,-16,23,-4
1743495373.337656,27,-22,125
1743495373.373656,-30,49,205
1743495373.409656,81,29,61
1743495373.444656,-80,-25,95
1743495373.479656,21,22,75
1743495373.515656,11,10,143
1743495373.551656,-48,-39,-16
1743495373.586656,89,-31,161
1743495373.622656,33,7,201
1743495373.657656,-110,21,179
1743495373.692656,-8,-80,177
1743495373.727656,-6,33,175
1743495373.763656,9,-28,197
1743495373.7996562,-52,-9,71
1743495373.834656,-48,-26,103
1743495373.870656,-36,-21,167
1743495373.905656,1,-7,-4
1743495373.940656,-2,-37,59
1743495373.975656,-40,-3,105
1743495374.011656,7,-41,-6
1743495374.047656,-36,-1,175
1743495374.082656,135,-57,261
1743495374.1186562,-76,2,197
1743495374.153656,87,-39,103
1743495374.188656,49,44,29
1743495374.223656,-12,4,163
1743495374.259656,-28,-45,93
1743495374.295656,13,-19,111
1743495374.330656,-4,-61,243
1743495374.366656,-18,-39,149
1743495374.4016562,-16,-1,101
1743495374.436656,-6,-21,109
1743495374.471656,1,-3,139
1743495374.507656,5,8,181
1743495374.543656,40,-61,-2
1743495374.578656,-29,-23,39
1743495374.614656,-45,-27,197
1743495374.649656,-46,-5,59
1743495374.684656,59,0,123
1743495374.719656,50,-72,89
1743495374.755656,52,58,137
1743495374.791656,-20,4,95
1743495374.826656,-29,42,141
1743495374.862656,2,-19,97
1743495374.897656,14,-57,83
1743495374.932656,28,-37,91
1743495374.967656,76,14,21
1743495375.003656,58,-45,99
1743495375.0396562,-41,-15,147
1743495375.074656,80,12,83
1743495375.110656,4,-9,33
1743495375.145656,-13,90,71
1743495375.180656,-51,-65,145
1743495375.215656,-29,-41,147
1743495375.251656,82,-65,235
1743495375.287656,40,10,155
1743495375.3226562,2,-13,115
1743495375.3586562,0,-41,181
1743495375.393656,38,90,163
1743495375.428656,40,40,205
1743495375.463656,-25,-9,117
1743495375.499656,-27,-19,41
1743495375.535656,-21,-19,151
1743495375.570656,-63,24,231
1743495375.606656,2,-31,71
1743495375.6416562,-21,64,73
1743495375.676656,-12,-39,89
1743495375.711656,-69,66,-14
1743495375.747656,-65,4,187
1743495375.783656,36,-11,163
1743495375.818656,10,-43,269
1743495375.854656,-5,36,262
1743495375.889656,4,-3,247
1743495375.9246562,30,-37,87
1743495375.959656,2,30,5
1743495375.995656,40,6,170
1743495376.031656,-81,6,18
1743495376.066656,36,-29,138
1743495376.102656,74,48,42
1743495376.137656,10,-1,112
1743495376.172656,22,-92,100
1743495376.207656,32,10,204
1743495376.2436562,39,-16,140
1743495376.2796562,21,68,250
1743495376.314656,19,16,118
1743495376.350656,-14,28,124
1743495376.385656,-44,24,222
1743495376.420656,-48,-5,140
1743495376.455656,4,-23,202
1743495376.491656,-11,-83,160
1743495376.527656,-87,12,104
1743495376.5626562,-45,-37,168
1743495376.598656,12,58,320
1743495376.633656,55,60,128
1743495376.670656,52,-35,146
1743495376.705656,68,12,118
1743495376.740656,34,-25,268
1743495376.775656,24,-15,150
1743495376.811656,25,-36,50
1743495376.847656,-5,24,154
1743495376.882656,-81,26,72
1743495376.918656,-33,2,-35
1743495376.953656,30,-39,150
1743495376.988656,-35,-59,96
1743495377.023656,-11,-19,170
1743495377.059656,-39,-77,86
1743495377.0956562,4,26,-69
1743495377.130656,74,32,280
1743495377.166656,-69,-9,56
1743495377.201656,98,54,158
1743495377.236656,-31,90,-61
1743495377.271656,60,-19,126
1743495377.307656,32,44,230
1743495377.343656,-91,12,170
1743495377.378656,14,-33,114
1743495377.4146562,38,52,102
1743495377.449656,-43,-45,182
1743495377.484656,-7,34,162
1743495377.519656,34,24,52
1743495377.555656,-39,24,130
1743495377.591656,10,-73,84
1743495377.626656,45,-5,154
1743495377.662656,0,20,150
1743495377.6976562,48,20,128
1743495377.732656,-7,12,174
1743495377.767656,48,-19,138
1743495377.803656,26,-31,64
1743495377.839656,87,-23,218
1743495377.874656,-21,-57,68
1743495377.910656,30,-37,76
1743495377.945656,22,-17,137
1743495377.980656,14,22,176
1743495378.015656,-27,41,141
1743495378.051656,34,6,89
1743495378.087656,-7,-8,174
1743495378.122656,40,17,75
1743495378.158656,-21,3,-66
1743495378.193656,21,0,108
1743495378.228656,10,69,178
1743495378.263656,-28,-8,29
1743495378.2996562,42,51,196
1743495378.3356562,-1,-70,99
1743495378.370656,-17,5,53
1743495378.406656,-70,-12,199
1743495378.441656,15,26,147
1743495378.476656,61,-31,217
1743495378.511656,25,42,145
1743495378.547656,-27,16,183
1743495378.583656,46,-23,41
1743495378.6186562,40,-35,207
1743495378.6546562,16,-7,153
1743495378.689656,34,-11,-34
1743495378.724656,52,4,161
1743495378.759656,-25,32,91
1743495378.795656,-47,58,147
1743495378.831656,14,32,175
1743495378.866656,24,38,149
1743495378.902656,-93,-11,107
1743495378.9376562,-5,-48,139
1743495378.972656,36,-91,105
1743495379.007656,4,-4,119
1743495379.043656,28,23,197
1743495379.079656,-21,7,87
1743495379.114656,-19,-10,70
1743495379.150656,-65,0,90
1743495379.185656,-43,39,248
1743495379.2206562,54,-140,174
1743495379.255656,8,39,152
1743495379.291656,-55,35,176
1743495379.327656,52,35,108
1743495379.362656,44,37,170
1743495379.398656,6,-30,98
1743495379.434656,-3,59,108
1743495379.4706562,6,23,100
1743495379.505656,10,19,182
1743495379.540656,-8,-28,262
1743495379.576656,13,19,96
1743495379.611656,80,-6,142
1743495379.647656,41,-4,168
1743495379.682656,9,33,156
1743495379.718656,-18,-42,110
1743495379.753656,-70,24,178
1743495379.788656,-70,8,102
1743495379.824656,-8,34,30
1743495379.859656,-27,-110,4
1743495379.895656,32,-29,116
1743495379.930656,5,-63,64
1743495379.966656,-74,-28,162
1743495380.001656,21,29,166
1743495380.036656,47,17,200
1743495380.0726562,33,-2,94
1743495380.107656,40,-48,140
1743495380.143656,-13,-52,210
1743495380.178656,27,35,98
1743495380.214656,1,27,80
1743495380.249656,53,-86,132
1743495380.284656,44,-22,164
1743495380.320656,31,23,58
1743495380.355656,-94,-14,130
1743495380.3916562,37,-8,132
1743495380.426656,73,35,182
1743495380.462656,70,-26,92
1743495380.504656,-61,25,204
1743495380.540656,-89,-6,146
1743495380.576656,2,33,144
1743495380.611656,-7,-12,-33
1743495380.647656,-67,59,-13
1743495380.682656,-38,63,22
1743495380.718656,-48,43,126
1743495380.753656,-49,-35,94
1743495380.788656,23,-32,144
1743495380.824656,27,5,156
1743495380.859656,-60,11,260
1743495380.895656,92,21,180
1743495380.930656,14,29,42
1743495380.966656,-71,-46,178
1743495381.001656,-15,-62,160
1743495381.036656,60,0,152
1743495381.0726562,-51,67,178
1743495381.107656,-6,37,150
1743495381.143656,-42,-58,144
1743495381.178656,38,11,214
1743495381.214656,-90,39,82
1743495381.249656,-62,7,174
1743495381.284656,-22,27,196
1743495381.320656,-24,4,72
1743495381.355656,45,26,146
1743495381.3916562,-20,7,246
1743495381.426656,1,-71,136
1743495381.462656,-42,0,12
1743495381.497656,-15,25,136
1743495381.532656,39,7,118
1743495381.568656,21,-82,132
1743495381.603656,-18,-52,92
1743495381.639656,-8,-52,66
1743495381.6746562,19,27,174
1743495381.7106562,19,39,142
1743495381.745656,-32,29,42
1743495381.780656,-144,51,194
1743495381.816656,-2,-81,72
1743495381.851656,-8,6,54
1743495381.887656,-79,48,170
1743495381.922656,0,89,184
1743495381.958656,0,39,90
1743495381.994656,-28,79,122
1743495382.030656,-46,-2,184
1743495382.065656,9,37,58
1743495382.100656,57,-8,36
1743495382.136656,51,123,160
1743495382.171656,53,83,46
1743495382.207656,0,3,34
1743495382.242656,-57,0,110
1743495382.278656,49,11,130
1743495382.313656,-102,-31,174
1743495382.348656,7,10,144
1743495382.384656,-38,26,148
1743495382.419656,-82,-3,158
1743495382.455656,13,50,136
1743495382.490656,-24,-31,-41
1743495382.5266562,27,-7,216
1743495382.561656,-16,22,150
1743495382.596656,44,-41,144
1743495382.632656,6,-53,162
1743495382.667656,60,-59,160
1743495382.703656,35,-1,57
1743495382.738656,-87,-43,195
1743495382.773656,0,-68,71
1743495382.808656,-2,-6,189
1743495382.844656,27,-66,165
1743495382.880656,-40,19,171
1743495382.915656,24,36,137
1743495382.951656,-70,51,109
1743495382.986656,39,-50,179
1743495383.022656,-62,-63,197
1743495383.058656,-2,-35,117
1743495383.093656,15,48,-82
1743495383.128656,-38,4,217
1743495383.1646562,3,1,137
1743495383.200656,-26,6,239
1743495383.235656,-18,63,87
1743495383.271656,27,56,61
1743495383.306656,9,-6,-30
1743495383.341656,-54,-37,141
1743495383.376656,-32,-14,215
1743495383.412656,-56,-25,89
1743495383.448656,81,-9,45
1743495383.4836562,45,-31,175
1743495383.519656,-18,66,179
1743495383.554656,-37,32,57
1743495383.589656,-15,-25,215
1743495383.624656,4,48,173
1743495383.660656,-17,-35,57
1743495383.696656,36,0,55
1743495383.731656,-7,84,217
1743495383.767656,6,62,169
1743495383.802656,-7,6,71
1743495383.837656,-37,-53,177
1743495383.872656,-41,-5,155
1743495383.908656,72,-13,143
1743495383.944656,-35,2,203
1743495383.979656,94,-12,51
1743495384.015656,86,7,187
1743495384.050656,14,43,103
1743495384.0856562,41,-20,175
1743495384.120656,-28,-72,151
1743495384.156656,25,-12,167
1743495384.192656,-30,-34,109
1743495384.227656,-22,15,167
1743495384.263656,-72,35,167
1743495384.298656,-89,19,161
1743495384.333656,-8,-54,193
1743495384.3686562,-80,73,143
1743495384.4046562,-10,47,121
1743495384.440656,36,-4,23
1743495384.475656,12,9,195
1743495384.511656,14,-24,181
1743495384.546656,-1,-8,127
1743495384.581656,22,-6,195
1743495384.616656,-17,65,129
1743495384.652656,-69,5,151
1743495384.688656,-89,-16,241
1743495384.723656,30,5,131
1743495384.760656,-21,71,137
1743495384.795656,-69,71,109
1743495384.831656,-15,90,137
1743495384.866656,-15,9,175
1743495384.9016562,24,-19,97
1743495384.936656,36,36,267
1743495384.972656,24,-5,211
1743495385.008656,-39,25,121
1743495385.043656,38,10,329
1743495385.079656,-55,28,143
1743495385.114656,-27,-21,69
1743495385.149656,0,-23,23
1743495385.184656,-41,-10,21
1743495385.2206562,24,-41,145
1743495385.2566562,2,57,111
1743495385.291656,82,19,227
1743495385.327656,20,23,191
1743495385.362656,42,-8,201
1743495385.397656,-39,48,237
1743495385.432656,-23,-23,207
1743495385.468656,42,8,119
1743495385.504656,92,50,143
1743495385.5396562,86,-21,87
1743495385.575656,2,-17,145
1743495385.610656,-15,68,183
1743495385.645656,-9,-45,231
1743495385.680656,22,-55,171
1743495385.716656,-16,-23,105
1743495385.752656,-92,-50,267
1743495385.787656,50,27,155
1743495385.823656,37,2,117
1743495385.8586562,75,42,47
1743495385.893656,-14,-3,103
1743495385.928656,43,32,211
1743495385.964656,-24,0,245
1743495386.000656,-69,-127,157
1743495386.035656,-15,-1,145
1743495386.071656,28,44,117
1743495386.106656,42,90,75
1743495386.1416562,-25,-99,111
1743495386.176656,28,26,3
1743495386.212656,-31,-7,83
1743495386.248656,-73,-15,135
1743495386.283656,-53,30,167
1743495386.319656,-41,-9,90
1743495386.354656,0,14,202
1743495386.389656,56,62,118
1743495386.4246562,46,-34,84
1743495386.4606562,-37,33,85
1743495386.496656,20,61,82
1743495386.531656,-6,29,154
1743495386.567656,59,107,126
1743495386.602656,65,27,64
1743495386.637656,36,58,228
1743495386.672656,-51,48,90
1743495386.708656,-63,0,150
1743495386.744656,72,-75,36
1743495386.7796562,-74,12,96
1743495386.815656,9,-6,144
1743495386.850656,-18,-14,106
1743495386.885656,39,19,141
1743495386.920656,-16,-12,162
1743495386.956656,39,-6,68
1743495386.992656,42,-42,108
1743495387.027656,25,1,130
1743495387.063656,-10,-28,-5
1743495387.098656,-17,-6,48
1743495387.133656,-10,19,238
1743495387.168656,20,-80,216
1743495387.204656,20,57,110
1743495387.240656,16,-50,194
1743495387.275656,-10,-8,178
1743495387.311656,-71,75,154
1743495387.346656,50,-34,161
1743495387.3816562,90,-80,174
1743495387.416656,-57,-30,132
1743495387.452656,-91,45,102
1743495387.488656,12,29,42
1743495387.523656,12,-8,116
1743495387.559656,68,-10,210
1743495387.594656,18,-22,176
1743495387.629656,31,47,258
1743495387.6646562,-8,-48,98
1743495387.700656,24,-6,74
1743495387.736656,-99,20,158
1743495387.771656,4,-23,148
1743495387.807656,30,-13,126
1743495387.842656,48,36,104
1743495387.877656,42,-23,244
1743495387.912656,22,-67,156
1743495387.948656,-5,-10,34
1743495387.984656,-87,-106,238
1743495388.019656,-50,-22,90
1743495388.055656,7,39,218
1743495388.090656,-44,-18,62
1743495388.125656,41,-12,212
1743495388.160656,-60,-52,104
1743495388.196656,-26,59,130
1743495388.232656,-18,15,178
1743495388.267656,-28,21,238
1743495388.303656,-44,-6,118
1743495388.338656,-2,-10,134
1743495388.373656,-36,-22,106
1743495388.408656,37,86,158
1743495388.444656,7,-50,72
1743495388.480656,1,-54,126
1743495388.515656,0,-54,196
1743495388.551656,-16,62,116
1743495388.586656,41,24,102
1743495388.621656,-54,-39,98
1743495388.656656,23,-1,74
1743495388.692656,-32,6,130
1743495388.728656,15,-53,82
1743495388.763656,21,-25,142
1743495388.7996562,-46,-81,188
1743495388.834656,-2,-27,142
1743495388.869656,-68,56,164
1743495388.905656,-2,32,166
1743495388.940656,-10,-17,160
1743495388.976656,89,34,92
1743495389.011656,69,-9,72
1743495389.047656,73,24,100
1743495389.082656,-18,-17,202
1743495389.117656,0,-9,168
1743495389.153656,-6,-13,86
1743495389.188656,-66,-43,358
1743495389.224656,-8,-1,92
1743495389.259656,-70,-7,166
1743495389.295656,-70,-22,52
1743495389.330656,1,-8,188
1743495389.365656,29,-28,158
1743495389.4016562,7,-10,246
1743495389.436656,-26,-16,98
1743495389.472656,-18,-36,128
1743495389.507656,-14,-65,214
1743495389.543656,-14,-27,28
1743495389.578656,-78,28,196
1743495389.613656,45,16,224
1743495389.649656,-12,6,72
1743495389.684656,-94,-23,150
1743495389.7206562,-10,62,180
1743495389.755656,41,-77,152
1743495389.791656,12,3,124
1743495389.826656,34,-50,128
1743495389.861656,-14,-21,106
1743495389.897656,-4,-7,140
1743495389.932656,23,-35,134
1743495389.968656,-50,-23,358
1743495390.003656,-30,-7,214
1743495390.0396562,-58,-11,181
1743495390.074656,21,14,61
1743495390.109656,35,-11,1
1743495390.145656,-4,-6,85
1743495390.180656,-28,-86,97
1743495390.216656,-10,-58,131
1743495390.251656,34,-24,135
1743495390.287656,60,35,205
1743495390.3226562,-55,-64,129
1743495390.357656,24,0,213
1743495390.393656,78,-8,173
1743495390.428656,32,-36,117
1743495390.464656,37,10,209
1743495390.5066562,-3,11,189
1743495390.543656,-16,-13,21
1743495390.578656,-20,78,37
1743495390.613656,21,-43,311
1743495390.649656,-6,18,129
1743495390.684656,29,-60,93
1743495390.7206562,-17,-22,77
1743495390.755656,-39,-24,99
1743495390.791656,0,52,301
1743495390.826656,59,6,51
1743495390.861656,-13,-20,133
1743495390.897656,-42,71,219
1743495390.932656,-48,3,93
1743495390.968656,7,-4,239
1743495391.003656,-24,7,31
1743495391.0396562,-12,-54,149
1743495391.074656,3,28,101
1743495391.109656,-32,-29,107
1743495391.145656,-16,2,171
1743495391.180656,43,10,109
1743495391.216656,79,15,133
1743495391.251656,-109,28,137
1743495391.287656,-5,96,59
1743495391.3226562,48,-5,167
1743495391.357656,-45,-27,153
1743495391.393656,-5,-59,143
1743495391.428656,-11,-71,147
1743495391.464656,-27,-2,93
1743495391.499656,-9,-19,201
1743495391.535656,76,-51,175
1743495391.570656,-49,-21,217
1743495391.605656,-9,22,111
1743495391.6416562,-67,-53,101
1743495391.676656,10,-49,105
1743495391.712656,77,-15,145
1743495391.747656,45,34,89
1743495391.783656,27,-1,-28
1743495391.818656,-8,38,235
1743495391.853656,23,-41,165
1743495391.889656,25,-7,63
1743495391.9246562,-30,-53,89
1743495391.9606562,-60,-39,11
1743495391.995656,-32,-15,135
1743495392.031656,-50,-27,175
1743495392.066656,37,8,149
1743495392.101656,3,2,99
1743495392.137656,-16,-49,109
1743495392.172656,31,-15,173
1743495392.208656,-18,-53,249
1743495392.2436562,-66,-35,-4
1743495392.2796562,15,-102,169
1743495392.314656,-40,-19,225
1743495392.349656,5,-19,141
1743495392.385656,37,56,203
1743495392.420656,21,22,-2
1743495392.456656,67,-11,69
1743495392.491656,37,-5,179
1743495392.5266562,-54,-39,51
1743495392.561656,1,-11,159
1743495392.597656,111,-3,183
1743495392.633656,-50,38,92
1743495392.668656,29,44,138
1743495392.704656,-12,-21,194
1743495392.739656,-10,-55,257
1743495392.774656,19,-56,129
1743495392.809656,-12,49,219
1743495392.8456562,18,31,-4
1743495392.8816562,101,-12,163
1743495392.916656,-26,-54,62
1743495392.952656,39,-94,128
1743495392.987656,-22,29,180
1743495393.022656,23,3,128
1743495393.057656,-76,-4,118
1743495393.093656,-29,41,121
1743495393.129656,-10,-22,255
1743495393.1646562,-49,25,95
1743495393.200656,16,-36,26
1743495393.235656,2,15,260
1743495393.270656,2,-60,106
1743495393.305656,-19,-52,194
1743495393.341656,-19,17,210
1743495393.377656,20,35,114
1743495393.412656,0,8,174
1743495393.448656,14,-13,92
1743495393.4836562,-23,-9,76
1743495393.518656,-27,36,78
1743495393.553656,-29,42,152
1743495393.589656,-27,-55,160
1743495393.625656,38,-71,172
1743495393.660656,-3,-59,80
1743495393.696656,-29,20,134
1743495393.731656,24,13,160
1743495393.7666562,30,-22,164
1743495393.801656,142,-8,274
1743495393.837656,60,95,84
1743495393.873656,-46,29,134
1743495393.908656,-19,-78,44
1743495393.944656,-65,-46,110
1743495393.979656,82,17,174
1743495394.014656,-51,-10,128
1743495394.0496562,-85,-14,122
1743495394.0856562,26,-66,210
1743495394.121656,62,-92,98
1743495394.156656,50,-20,98
1743495394.192656,-3,-6,230
1743495394.227656,12,-20,78
1743495394.262656,24,119,87
1743495394.297656,4,83,117
1743495394.333656,28,-10,165
1743495394.369656,64,-16,253
1743495394.4046562,-47,23,35
1743495394.440656,62,7,169
1743495394.475656,54,-28,197
1743495394.510656,-113,13,127
1743495394.545656,31,39,33
1743495394.581656,48,-52,45
1743495394.617656,-9,1,147
1743495394.652656,-89,61,183
1743495394.688656,-93,45,155
1743495394.723656,-3,11,137
1743495394.758656,6,53,189
1743495394.793656,-1,37,185
1743495394.829656,31,67,73
1743495394.865656,-9,-10,221
1743495394.900656,-56,29,73
1743495394.936656,-40,-48,95
1743495394.971656,-55,-34,8
1743495395.0066562,30,1,182
1743495395.041656,16,-8,108
1743495395.077656,70,45,230
1743495395.113656,23,27,4
1743495395.148656,11,-116,188
1743495395.184656,48,-11,72
1743495395.219656,33,39,174
1743495395.254656,59,45,144
1743495395.2896562,-57,-42,120
1743495395.325656,-65,-2,86
1743495395.361656,9,85,192
1743495395.396656,1,0,146
1743495395.432656,53,-90,178
1743495395.467656,63,23,164
1743495395.502656,-106,-2,130
1743495395.537656,-16,59,248
1743495395.573656,37,-6,172
1743495395.609656,2,-88,36
1743495395.644656,-9,-44,112
1743495395.680656,23,43,48
1743495395.715656,53,21,68
1743495395.750656,7,-46,190
1743495395.785656,33,23,148
1743495395.821656,15,-22,156
1743495395.857656,59,5,130
1743495395.892656,3,-38,216
1743495395.928656,-44,-2,58
1743495395.963656,44,1,276
1743495395.998656,-20,-56,128
1743495396.033656,7,33,158
1743495396.069656,69,-12,210
1743495396.105656,-8,37,106
1743495396.140656,22,-14,162
1743495396.176656,25,-20,166
1743495396.211656,20,-110,70
1743495396.246656,-99,-38,58
1743495396.281656,38,8,236
1743495396.317656,-41,30,194
1743495396.353656,0,-12,90
1743495396.388656,-33,45,154
1743495396.4246562,44,-72,43
1743495396.459656,-17,-12,81
1743495396.494656,-37,-78,193
1743495396.5296562,-35,-50,185
1743495396.565656,44,-2,87
1743495396.601656,-47,59,137
1743495396.636656,-65,-20,63
1743495396.672656,34,25,183
1743495396.707656,-41,-14,150
1743495396.742656,16,15,62
1743495396.777656,68,29,116
1743495396.813656,0,65,108
1743495396.849656,9,17,32
1743495396.884656,10,47,88
1743495396.920656,0,-30,224
1743495396.955656,-18,-54,54
1743495396.990656,-6,23,102
1743495397.025656,-47,71,14
1743495397.061656,-37,-26,173
1743495397.097656,-54,61,199
1743495397.132656,31,-26,209
1743495397.168656,18,-62,181
1743495397.203656,14,28,147
1743495397.238656,-29,46,223
1743495397.273656,-49,34,219
1743495397.309656,70,26,91
1743495397.3456562,-11,36,221
1743495397.380656,-33,26,209
1743495397.416656,42,-43,187
1743495397.451656,50,-21,107
1743495397.486656,26,26,3
1743495397.521656,-29,-27,235
1743495397.557656,-37,-7,179
1743495397.593656,2,-9,65
1743495397.628656,14,-39,259
1743495397.6646562,32,-49,109
1743495397.699656,42,2,125
1743495397.734656,-1,64,63
1743495397.769656,20,-12,57
1743495397.805656,86,51,19
1743495397.841656,0,19,185
1743495397.876656,-63,-28,167
1743495397.912656,6,-51,35
1743495397.9476562,40,-41,13
1743495397.982656,-1,-37,85
1743495398.017656,45,-19,281
1743495398.053656,-6,-117,135
1743495398.089656,-77,34,161
1743495398.124656,9,32,203
1743495398.160656,-60,6,177
1743495398.195656,-4,-24,97
1743495398.230656,49,-11,113
1743495398.265656,29,30,79
1743495398.301656,-12,4,103
1743495398.337656,19,26,199
1743495398.372656,-28,-3,185
1743495398.408656,-40,-13,117
1743495398.443656,-8,-75,151
1743495398.478656,75,-29,219
1743495398.514656,65,-15,91
1743495398.5496562,17,24,217
1743495398.5856562,55,-47,121
1743495398.620656,-3,6,159
1743495398.656656,-21,42,273
1743495398.691656,-26,-1,109
1743495398.726656,-15,-35,185
1743495398.762656,42,7,113
1743495398.797656,14,19,117
1743495398.833656,30,-29,-40
1743495398.8686562,-41,9,275
1743495398.9046562,79,-50,211
1743495398.939656,0,29,223
1743495398.974656,-14,23,-14
1743495399.010656,25,-42,105
1743495399.045656,-40,3,149
1743495399.081656,-14,29,95
1743495399.116656,53,-4,61
1743495399.152656,21,-12,125
1743495399.1876562,77,-20,55
1743495399.222656,-38,53,109
1743495399.258656,-88,-38,175
1743495399.293656,-75,-14,61
1743495399.329656,-13,13,211
1743495399.364656,-76,13,101
1743495399.400656,-34,30,71
1743495399.435656,-31,41,215
1743495399.4706562,-45,49,103
1743495399.5066562,52,-48,189
1743495399.541656,-85,-5,139
1743495399.577656,-49,-43,115
1743495399.612656,-49,-21,63
1743495399.648656,20,-35,29
1743495399.683656,86,-27,111
1743495399.718656,-47,-4,185
1743495399.754656,-19,15,173
1743495399.7896562,8,1,195
1743495399.825656,-89,11,155
1743495399.860656,-3,-7,105
1743495399.896656,-23,14,237
1743495399.931656,66,13,171
1743495399.966656,-51,-23,125
1743495400.002656,-14,44,131
1743495400.037656,19,-17,105
1743495400.073656,-45,28,281
1743495400.1086562,9,-11,161
1743495400.144656,-15,22,99
1743495400.179656,34,-23,7
1743495400.214656,23,-65,129
1743495400.250656,0,18,53
1743495400.285656,-25,-89,199
1743495400.321656,18,0,149
1743495400.356656,12,2,219
1743495400.392656,-27,46,181
1743495400.427656,-29,-55,121
1743495400.462656,-33,-45,137
1743495400.498656,20,-25,173
1743495400.540656,52,-1,113
1743495400.577656,84,-13,0
1743495400.612656,-51,-7,197
1743495400.648656,-47,-79,158
1743495400.683656,102,0,160
1743495400.718656,36,-19,88
1743495400.754656,38,-71,250
1743495400.7896562,48,-65,16
1743495400.825656,-20,12,84
1743495400.860656,68,-29,134
1743495400.896656,-36,-46,54
1743495400.931656,63,17,194
1743495400.966656,53,25,38
1743495401.002656,40,-30,164
1743495401.037656,40,-4,144
1743495401.073656,-33,69,80
1743495401.1086562,-13,61,166
1743495401.144656,-35,-7,98
1743495401.179656,-55,-27,232
1743495401.214656,20,64,72
1743495401.250656,24,40,152
1743495401.285656,64,54,144
1743495401.321656,-13,25,126
1743495401.356656,64,-5,208
1743495401.392656,-121,30,126
1743495401.427656,26,24,-9
1743495401.462656,-65,-25,92
1743495401.498656,-19,-27,42
1743495401.533656,-69,8,226
1743495401.569656,4,42,64
1743495401.604656,36,-39,98
1743495401.640656,24,-73,306
1743495401.675656,100,-53,248
1743495401.7106562,32,40,146
1743495401.746656,10,6,220
1743495401.781656,-71,30,148
1743495401.817656,-9,-59,112
1743495401.852656,66,-17,128
1743495401.888656,34,-5,132
1743495401.9246562,-25,6,64
1743495401.959656,-71,-33,170
1743495401.994656,-5,42,136
1743495402.030656,-21,-27,124
1743495402.066656,114,-21,103
1743495402.101656,14,-3,249
1743495402.137656,12,-25,83
1743495402.172656,82,14,119
1743495402.207656,-33,52,113
1743495402.242656,-11,-21,215
1743495402.278656,16,34,123
1743495402.314656,48,44,27
1743495402.349656,28,42,75
1743495402.385656,-7,-13,129
1743495402.420656,82,-43,119
1743495402.455656,36,61,251
1743495402.490656,-1,49,215
1743495402.5266562,-57,-30,193
1743495402.5626562,38,-45,199
1743495402.597656,-108,-5,127
1743495402.633656,-33,49,111
1743495402.668656,-11,39,313
1743495402.703656,-45,-44,157
1743495402.738656,7,49,205
1743495402.774656,-4,-41,247
1743495402.810656,-20,-17,139
1743495402.8456562,53,-23,127
1743495402.8816562,33,22,55
1743495402.916656,-14,-91,19
1743495402.951656,0,-75,223
1743495402.986656,30,43,51
1743495403.022656,14,9,101
1743495403.058656,13,13,19
1743495403.093656,-41,-12,245
1743495403.129656,-95,-96,263
1743495403.1646562,-15,37,49
1743495403.199656,51,37,121
1743495403.234656,12,-12,81
1743495403.270656,-50,67,117
1743495403.306656,48,9,217
1743495403.341656,22,17,205
1743495403.377656,-18,-72,223
1743495403.412656,77,53,135
1743495403.4476562,-31,0,85
1743495403.482656,28,-20,95
1743495403.518656,64,-18,49
1743495403.554656,10,11,143
1743495403.589656,38,-10,117
1743495403.625656,-9,3,191
1743495403.660656,-11,-16,153
1743495403.695656,-11,-78,77
1743495403.730656,-91,-6,85
1743495403.7666562,42,-38,25
1743495403.802656,-18,-12,153
1743495403.837656,-19,19,59
1743495403.873656,53,21,123
1743495403.908656,-133,11,227
1743495403.943656,-65,41,179
1743495403.978656,-17,5,81
1743495404.014656,26,0,91
1743495404.050656,-11,15,103
1743495404.0856562,-51,23,191
1743495404.121656,96,-46,147
1743495404.156656,14,27,83
1743495404.191656,-9,-4,179
1743495404.226656,-7,31,47
1743495404.262656,-51,-42,81
1743495404.298656,6,-88,153
1743495404.333656,-41,-32,195
1743495404.369656,31,-36,229
1743495404.4046562,-4,9,185
1743495404.439656,-10,-14,69
1743495404.474656,32,99,125
1743495404.510656,33,-6,273
1743495404.546656,26,-40,81
1743495404.581656,56,5,133
1743495404.617656,8,49,129
1743495404.652656,63,-24,147
1743495404.6876562,3,25,147
1743495404.722656,-20,1,181
1743495404.758656,3,27,77
1743495404.794656,-47,29,111
1743495404.829656,67,17,59
1743495404.865656,5,-8,131
1743495404.900656,-14,-8,147
1743495404.935656,19,16,127
1743495404.9706562,-52,17,89
1743495405.0066562,-20,-75,27
1743495405.042656,59,65,167
1743495405.077656,-62,-8,325
1743495405.113656,28,1,-36
1743495405.148656,-83,-38,93
1743495405.183656,-34,-26,171
1743495405.218656,-58,55,79
1743495405.254656,24,37,197
1743495405.290656,-39,39,143
1743495405.325656,-19,-22,151
1743495405.361656,-34,3,127
1743495405.396656,-46,-32,19
1743495405.431656,-22,29,33
1743495405.466656,-44,-14,17
1743495405.502656,53,69,121
1743495405.538656,-42,27,173
1743495405.573656,-78,-14,17
1743495405.609656,1,5,151
1743495405.644656,-20,-80,137
1743495405.679656,57,11,99
1743495405.714656,97,17,25
1743495405.750656,-4,-8,169
1743495405.786656,-56,-2,247
1743495405.821656,0,-29,219
1743495405.857656,19,-33,183
1743495405.892656,-14,-37,131
1743495405.927656,14,25,297
1743495405.962656,14,-18,85
1743495405.998656,-125,55,191
1743495406.034656,70,11,175
1743495406.069656,-17,-16,61
1743495406.105656,70,-16,135
1743495406.140656,-27,-16,195
1743495406.175656,56,31,97
1743495406.2106562,40,17,131
1743495406.246656,56,-92,233
1743495406.282656,-30,-67,101
1743495406.317656,4,-46,171
1743495406.353656,17,36,193
1743495406.388656,-52,-25,109
1743495406.423656,18,-92,205
1743495406.458656,-51,33,193
1743495406.494656,26,-110,179
1743495406.530656,21,17,139
1743495406.565656,75,-8,213
1743495406.601656,3,5,251
1743495406.636656,21,-80,175
1743495406.671656,3,-28,67
1743495406.706656,-80,-64,192
1743495406.742656,23,-34,50
1743495406.778656,-2,21,102
1743495406.813656,-18,3,180
1743495406.849656,-36,-30,138
1743495406.884656,-20,5,-35
1743495406.919656,77,61,118
1743495406.954656,89,25,86
1743495406.990656,37,-36,22
1743495407.0266562,-16,47,68
1743495407.061656,11,-2,238
1743495407.097656,3,87,126
1743495407.132656,-40,59,214
1743495407.167656,85,1,122
1743495407.202656,23,-4,116
1743495407.238656,-24,-68,246
1743495407.274656,55,-72,32
1743495407.309656,94,7,152
1743495407.3456562,18,3,200
1743495407.380656,-53,-12,186
1743495407.415656,86,-6,18
1743495407.450656,6,45,90
1743495407.486656,24,41,68
1743495407.522656,54,-66,-9
1743495407.557656,-23,-24,92
1743495407.593656,-25,-57,272
1743495407.628656,14,7,238
1743495407.663656,-27,61,184
1743495407.698656,-39,8,206
1743495407.734656,-87,-19,132
1743495407.770656,-63,6,88
1743495407.805656,84,-29,234
1743495407.841656,26,-63,33
1743495407.876656,46,-39,271
1743495407.911656,23,-77,112
1743495407.9476562,-18,26,120
1743495407.982656,19,-15,208
1743495408.018656,75,34,-11
1743495408.053656,31,-13,50
1743495408.089656,-44,-9,204
1743495408.124656,-58,6,232
1743495408.159656,23,2,156
1743495408.195656,61,-37,198
1743495408.230656,16,94,92
1743495408.2666562,48,-21,174
1743495408.301656,-93,39,128
1743495408.337656,72,-34,56
1743495408.372656,40,7,194
1743495408.407656,16,11,68
1743495408.443656,8,-5,78
1743495408.478656,2,-8,188
1743495408.514656,11,1,116
1743495408.5496562,-53,3,114
1743495408.5856562,-27,0,-1
1743495408.620656,106,-8,98
1743495408.655656,-21,66,48
1743495408.691656,0,36,111
1743495408.726656,-3,38,225
1743495408.762656,-83,3,99
1743495408.797656,-3,21,111
1743495408.833656,-1,47,39
1743495408.8686562,14,-94,81
1743495408.903656,12,41,163
1743495408.939656,-23,38,157
1743495408.974656,-51,66,149
1743495409.010656,-47,54,203
1743495409.045656,-29,54,137
1743495409.081656,31,-65,65
1743495409.116656,-70,12,131
1743495409.1516562,-12,-73,185
1743495409.1876562,1,-59,201
1743495409.222656,-14,18,67
1743495409.258656,-34,-53,211
1743495409.293656,-48,50,55
1743495409.329656,-30,-19,113
1743495409.364656,-6,-19,143
1743495409.399656,-50,-85,315
1743495409.435656,-2,-29,215
1743495409.4706562,85,-7,63
1743495409.5066562,19,6,217
1743495409.541656,53,68,107
1743495409.577656,7,34,102
1743495409.612656,-28,-37,22
1743495409.647656,-46,-25,133
1743495409.683656,15,34,120
1743495409.718656,-36,64,178
1743495409.754656,-20,-19,86
1743495409.7896562,-5,-11,112
1743495409.825656,31,116,70
1743495409.860656,-42,-45,68
1743495409.895656,-34,48,44
1743495409.931656,3,-49,84
1743495409.966656,65,-41,284
1743495410.002656,37,2,216
1743495410.037656,-96,-55,174
1743495410.073656,-33,-41,56
1743495410.1086562,68,48,246
1743495410.143656,80,-7,40
1743495410.179656,-15,6,60
1743495410.214656,-21,62,156
1743495410.250656,-5,46,100
1743495410.285656,0,4,26
1743495410.321656,-5,-15,61
1743495410.356656,-3,-37,221
1743495410.3916562,-3,-3,101
1743495410.427656,-23,-55,155
1743495410.462656,16,24,269
1743495410.498656,28,52,51
1743495410.533656,-57,-70,249
1743495410.575656,16,-61,153
1743495410.611656,-1,-10,107
1743495410.647656,74,0,146
1743495410.683656,-29,39,185
1743495410.718656,-85,69,174
1743495410.754656,-27,-14,88
1743495410.7896562,-3,83,179
1743495410.825656,-55,-58,123
1743495410.860656,60,3,100
1743495410.895656,-27,-78,127
1743495410.931656,-3,-32,269
1743495410.966656,14,82,249
1743495411.002656,-19,-33,43
1743495411.037656,-23,-37,167
1743495411.073656,-19,-21,115
1743495411.1086562,-7,-37,-18
1743495411.143656,14,0,17
1743495411.179656,-29,-20,294
1743495411.214656,-21,56,214
1743495411.250656,-17,-16,74
1743495411.285656,54,9,72
1743495411.321656,-15,-6,134
1743495411.357656,90,5,114
1743495411.393656,-13,63,180
1743495411.429656,14,17,196
1743495411.464656,54,-30,182
1743495411.499656,62,-44,48
1743495411.535656,-8,39,150
1743495411.571656,-35,63,102
1743495411.606656,-22,-16,216
1743495411.642656,81,5,68
1743495411.677656,15,-30,114
1743495411.712656,31,41,86
1743495411.747656,-44,23,96
1743495411.783656,13,19,184
1743495411.819656,-28,45,36
1743495411.854656,-44,0,14
1743495411.890656,-83,-94,126
1743495411.925656,-27,-30,164
1743495411.9606562,34,-22,106
1743495411.995656,24,-48,124
1743495412.031656,68,-50,120
1743495412.067656,2,-110,130
1743495412.102656,-59,52,126
1743495412.138656,4,-41,128
1743495412.173656,-27,-74,146
1743495412.208656,42,82,110
1743495412.2436562,-9,-7,120
1743495412.2796562,-31,-35,26
1743495412.315656,46,-11,328
1743495412.350656,-27,-20,168
1743495412.386656,-37,21,126
1743495412.421656,66,33,60
1743495412.456656,-23,21,156
1743495412.491656,-15,-30,12
1743495412.527656,-31,4,106
1743495412.563656,4,-23,74
1743495412.598656,16,-21,70
1743495412.634656,98,-4,128
1743495412.669656,18,-16,52
1743495412.704656,23,7,168
1743495412.739656,-17,0,150
1743495412.775656,9,25,182
1743495412.811656,28,-4,228
1743495412.846656,0,-70,136
1743495412.882656,-31,35,74
1743495412.917656,62,-30,162
1743495412.952656,26,-55,120
1743495412.987656,18,-31,202
1743495413.023656,44,-17,302
1743495413.059656,-21,-63,112
1743495413.094656,70,66,110
1743495413.130656,28,-9,104
1743495413.165656,-7,0,134
1743495413.200656,44,41,96
1743495413.235656,-63,5,88
1743495413.271656,-27,7,190
1743495413.307656,44,-48,140
1743495413.342656,-10,-52,220
1743495413.378656,-36,-96,178
1743495413.413656,23,-20,182
1743495413.448656,35,58,314
1743495413.4836562,-8,37,124
1743495413.519656,-38,-42,-39
1743495413.555656,73,4,226
1743495413.590656,-6,-28,246
1743495413.626656,39,39,242
1743495413.661656,-26,-62,112
1743495413.696656,-58,-4,122
1743495413.731656,15,6,214
1743495413.767656,-10,38,124
1743495413.803656,-14,53,80
1743495413.838656,-104,33,38
1743495413.874656,-89,-6,-37
1743495413.909656,52,57,226
1743495413.944656,-41,1,160
1743495413.979656,-35,-6,124
1743495414.015656,2,-10,170
1743495414.051656,12,41,38
1743495414.086656,-75,-38,138
1743495414.122656,-9,-60,112
1743495414.157656,24,-20,150
1743495414.192656,-19,13,142
1743495414.227656,3,-26,156
1743495414.263656,38,17,70
1743495414.2996562,38,27,274
1743495414.334656,-49,-36,174
1743495414.370656,-2,19,176
1743495414.405656,18,-10,206
1743495414.440656,58,-66,158
1743495414.475656,10,23,72
1743495414.511656,-47,49,116
1743495414.547656,-43,-56,40
1743495414.582656,8,-60,62
1743495414.6186562,16,-42,166
1743495414.653656,8,-14,138
1743495414.688656,-25,-22,222
1743495414.723656,68,-26,176
1743495414.759656,73,7,100
1743495414.795656,-4,0,144
1743495414.830656,27,-2,174
1743495414.866656,9,-24,208
1743495414.9016562,2,-2,120
1743495414.936656,54,77,224
1743495414.971656,-27,5,166
1743495415.007656,-39,133,104
1743495415.043656,86,41,182
1743495415.078656,-21,0,200
1743495415.114656,114,19,-17
1743495415.149656,-35,-42,172
1743495415.184656,-45,19,162
1743495415.219656,34,-72,126
1743495415.255656,-31,-73,126
1743495415.291656,-17,37,98
1743495415.326656,54,8,106
1743495415.362656,35,-38,110
1743495415.397656,17,19,114
1743495415.432656,-15,59,200
1743495415.467656,-17,-2,108
1743495415.503656,78,-12,106
1743495415.5396562,-95,33,172
1743495415.574656,52,11,120
1743495415.610656,16,-46,-87
1743495415.645656,-69,-10,40
1743495415.680656,-51,-40,200
1743495415.715656,18,-44,156
1743495415.751656,46,75,168
1743495415.787656,-72,77,66
1743495415.8226562,28,-52,126
1743495415.8586562,-49,67,92
1743495415.893656,14,-24,42
1743495415.928656,-29,-26,-5
1743495415.963656,36,-4,66
1743495415.999656,9,-16,136
1743495416.035656,-27,-26,152
1743495416.070656,-77,-2,156
1743495416.106656,-58,-50,164
1743495416.1416562,89,-10,132
1743495416.176656,15,7,70
1743495416.211656,-4,9,186
1743495416.247656,-47,-4,162
1743495416.283656,-15,21,66
1743495416.318656,55,-88,242
1743495416.354656,-3,47,122
1743495416.389656,4,71,125
1743495416.4246562,61,-26,77
1743495416.459656,92,31,263
1743495416.495656,36,-34,87
1743495416.531656,28,-28,257
1743495416.566656,22,-40,67
1743495416.602656,62,53,116
1743495416.637656,38,25,230
1743495416.672656,-55,41,199
1743495416.707656,-29,-22,131
1743495416.7436562,68,57,95
1743495416.7796562,2,23,91
1743495416.814656,18,-68,74
1743495416.850656,49,45,205
1743495416.885656,37,23,109
1743495416.920656,-42,43,97
1743495416.955656,77,-32,137
1743495416.991656,63,-54,224
1743495417.027656,13,29,151
1743495417.0626562,-4,7,179
1743495417.098656,-39,-68,146
1743495417.133656,-132,-94,72
1743495417.168656,-46,-62,219
1743495417.203656,-16,0,55
1743495417.239656,25,-26,115
1743495417.275656,3,69,121
1743495417.310656,-4,39,221
1743495417.346656,62,9,175
1743495417.3816562,-27,-8,115
1743495417.416656,-22,11,123
1743495417.452656,27,-58,-28
1743495417.487656,33,11,185
1743495417.523656,-16,11,171
1743495417.558656,-22,3,133
1743495417.594656,78,-86,207
1743495417.629656,11,-2,195
1743495417.6646562,-11,-58,221
1743495417.700656,-127,37,15
1743495417.735656,-33,53,251
1743495417.771656,-15,59,173
1743495417.806656,-9,-22,107
1743495417.842656,-51,73,63
1743495417.877656,62,-32,189
1743495417.912656,-38,-12,5
1743495417.948656,47,13,215
1743495417.9836562,-74,11,81
1743495418.019656,27,29,123
1743495418.054656,3,-18,63
1743495418.090656,-26,53,161
1743495418.125656,-28,-36,183
1743495418.160656,45,-2,141
1743495418.196656,10,31,109
1743495418.231656,-9,-48,111
1743495418.267656,44,-18,211
1743495418.302656,66,25,123
1743495418.338656,4,19,95
1743495418.373656,22,-12,51
1743495418.408656,74,-28,73
1743495418.444656,-7,25,225
1743495418.479656,22,0,88
1743495418.515656,64,-21,78
1743495418.550656,-41,24,94
1743495418.586656,-39,2,112
1743495418.621656,-53,-27,142
1743495418.656656,24,32,132
1743495418.692656,36,-14,112
1743495418.727656,6,113,118
1743495418.763656,-28,-6,168
1743495418.798656,-82,3,112
1743495418.834656,-51,14,198
1743495418.869656,-3,10,72
1743495418.9046562,-75,-7,130
1743495418.940656,-87,26,190
1743495418.975656,-47,0,164
1743495419.011656,-7,-27,118
1743495419.046656,-49,-105,218
1743495419.082656,12,6,70
1743495419.117656,12,-37,68
1743495419.152656,0,26,154
1743495419.188656,-29,-15,118
1743495419.223656,2,-65,0
1743495419.259656,-43,6,56
1743495419.294656,-45,-31,196
1743495419.330656,15,30,190
1743495419.365656,53,4,86
1743495419.400656,-38,0,188
1743495419.436656,79,-53,58
1743495419.471656,-54,30,124
1743495419.507656,-12,-25,192
1743495419.542656,-20,-49,-39
1743495419.578656,-20,77,132
1743495419.613656,-82,-12,242
1743495419.648656,29,46,156
1743495419.684656,-24,-27,106
1743495419.719656,-22,16,162
1743495419.755656,-92,40,182
1743495419.790656,3,-59,70
1743495419.826656,29,22,70
1743495419.861656,19,-1,150
1743495419.896656,1,-37,74
1743495419.932656,37,16,52
1743495419.967656,19,-37,120
1743495420.003656,15,16,110
1743495420.038656,47,27,140
1743495420.074656,25,-39,26
1743495420.109656,-14,-33,84
1743495420.144656,0,28,199
1743495420.180656,-18,-29,138
1743495420.215656,-60,4,169
1743495420.251656,79,28,91
1743495420.286656,25,-1,99
1743495420.3226562,19,68,259
1743495420.357656,17,-39,199
1743495420.392656,-22,42,105
1743495420.428656,5,2,181
1743495420.463656,-26,-85,295
1743495420.499656,3,-3,43
1743495420.534656,81,-19,181
1743495420.576656,23,-23,189
1743495420.612656,-40,36,109
1743495420.648656,41,36,145
1743495420.684656,29,-13,139
1743495420.719656,83,40,131
1743495420.755656,-28,80,179
1743495420.790656,53,80,91
1743495420.826656,27,0,105
1743495420.862656,-42,-1,121
1743495420.898656,-2,-27,117
1743495420.934656,19,10,163
1743495420.9706562,7,30,267
1743495421.0066562,-10,22,140
1743495421.041656,-20,-11,178
1743495421.076656,34,-38,187
1743495421.112656,-24,30,113
1743495421.148656,0,-41,161
1743495421.183656,9,36,189
1743495421.219656,11,52,233
1743495421.254656,-13,65,161
1743495421.2896562,-49,51,168
1743495421.324656,-60,31,220
1743495421.360656,94,-10,102
1743495421.396656,2,-70,82
1743495421.431656,12,79,56
1743495421.467656,12,-8,108
1743495421.502656,20,-8,220
1743495421.537656,-15,-6,204
1743495421.5726562,37,-26,180
1743495421.6086562,0,-34,172
1743495421.644656,139,7,152
1743495421.679656,36,-98,76
1743495421.715656,-18,13,110
1743495421.750656,5,-18,158
1743495421.785656,61,-33,88
1743495421.820656,0,-55,8
1743495421.856656,0,-57,130
1743495421.892656,21,-67,104
1743495421.927656,25,-27,192
1743495421.963656,-32,-5,150
1743495421.998656,27,-59,110
1743495422.035656,-13,-87,158
1743495422.070656,12,-27,140
1743495422.105656,-12,-49,144
1743495422.140656,-11,52,138
1743495422.176656,-21,-23,138
1743495422.212656,-43,68,52
1743495422.247656,-16,-37,12
1743495422.283656,-2,92,142
1743495422.318656,0,2,160
1743495422.353656,101,-1,288
1743495422.388656,-42,16,150
1743495422.4246562,53,76,78
1743495422.4606562,3,42,156
1743495422.495656,23,-73,114
1743495422.531656,-84,33,104
1743495422.566656,-16,-8,58
1743495422.601656,-70,19,106
1743495422.636656,-20,-42,186
1743495422.672656,-20,66,126
1743495422.708656,-56,54,52
1743495422.7436562,75,20,82
1743495422.7796562,-4,-1,122
1743495422.814656,77,6,46
1743495422.849656,37,-13,114
1743495422.884656,-44,68,116
1743495422.920656,-26,-12,92
1743495422.956656,-40,-40,162
1743495422.991656,-12,-2,156
1743495423.027656,0,3,162
1743495423.0626562,7,-38,170
1743495423.097656,37,37,68
1743495423.132656,13,19,176
1743495423.168656,132,57,148
1743495423.204656,-25,-2,118
1743495423.239656,66,11,182
1743495423.275656,18,72,114
1743495423.310656,8,-69,232
1743495423.3456562,-17,-7,220
1743495423.380656,-71,-42,106
1743495423.416656,10,-56,166
1743495423.452656,-39,-12,138
1743495423.487656,4,-44,148
1743495423.523656,-5,-10,218
1743495423.558656,48,-82,16
1743495423.593656,30,59,30
1743495423.628656,-5,-32,242
1743495423.6646562,-77,37,116
1743495423.700656,36,-66,70
1743495423.735656,18,27,168
1743495423.771656,-1,-40,196
1743495423.806656,11,41,120
1743495423.841656,11,-26,164
1743495423.876656,33,-12,62
1743495423.912656,29,-22,174
1743495423.948656,11,13,52
1743495423.9836562,45,-20,198
1743495424.019656,63,21,206
1743495424.054656,77,5,166
1743495424.089656,-20,-44,121
1743495424.124656,-28,19,153
1743495424.160656,19,-13,203
1743495424.196656,-70,0,235
1743495424.231656,21,49,175
1743495424.267656,57,-3,273
1743495424.302656,-34,22,129
1743495424.337656,-46,22,147
1743495424.372656,75,38,184
1743495424.408656,29,50,6
1743495424.444656,-4,-1,186
1743495424.479656,24,31,64
1743495424.515656,-1,-50,201
1743495424.550656,-35,-6,52
1743495424.5856562,-37,-29,180
1743495424.620656,30,31,102
1743495424.656656,-23,77,138
1743495424.692656,-17,-40,190
1743495424.727656,-29,2,152
1743495424.763656,-18,16,152
1743495424.798656,71,-65,74
1743495424.833656,51,-31,17
1743495424.8686562,53,46,77
1743495424.9046562,-10,42,71
1743495424.940656,11,-49,153
1743495424.975656,-2,74,105
1743495425.011656,-48,-15,51
1743495425.046656,-62,-15,75
1743495425.081656,89,-47,91
1743495425.116656,19,30,21
1743495425.152656,-64,-37,43
1743495425.188656,45,26,277
1743495425.223656,-34,-11,133
1743495425.259656,30,-21,-64
1743495425.294656,-42,-31,149
1743495425.329656,9,-61,189
1743495425.364656,39,-5,161
1743495425.400656,31,44,177
1743495425.436656,-14,-11,319
1743495425.471656,-40,-9,195
1743495425.507656,29,50,103
1743495425.542656,33,-71,109
1743495425.577656,31,50,125
1743495425.612656,22,-3,221
1743495425.648656,57,-23,99
1743495425.684656,15,-35,101
1743495425.719656,27,8,199
1743495425.755656,-48,-34,233
1743495425.790656,13,-10,119
1743495425.825656,13,-41,177
1743495425.860656,-4,32,125
1743495425.896656,61,-37,83
1743495425.932656,5,12,113
1743495425.967656,7,42,205
1743495426.003656,-64,15,127
1743495426.038656,-48,19,7
1743495426.073656,105,-37,141
1743495426.1086562,33,4,67
1743495426.144656,63,2,35
1743495426.180656,43,-23,49
1743495426.215656,0,0,87
1743495426.251656,-34,16,45
1743495426.286656,-22,-5,181
1743495426.321656,-46,14,29
1743495426.356656,-36,48,211
1743495426.392656,3,-101,166
1743495426.428656,53,-55,190
1743495426.463656,-28,-5,210
1743495426.499656,-6,-77,128
1743495426.534656,77,14,321
1743495426.569656,-94,0,143
1743495426.604656,-64,-74,44
1743495426.640656,1,-1,25
1743495426.676656,13,-25,167
1743495426.711656,21,-47,129
1743495426.747656,-72,62,219
1743495426.782656,-20,68,75
1743495426.817656,-22,-101,129
1743495426.852656,31,-39,93
1743495426.888656,-74,4,175
1743495426.9246562,33,-3,98
1743495426.959656,21,22,138
1743495426.995656,55,-76,107
1743495427.030656,19,19,65
1743495427.065656,15,23,207
1743495427.101656,41,19,87
1743495427.136656,-28,45,39
1743495427.172656,-14,12,187
1743495427.207656,-4,-17,167
1743495427.2436562,-12,-88,163
1743495427.278656,95,-18,99
1743495427.313656,-16,27,141
1743495427.349656,-50,-17,153
1743495427.384656,57,-57,155
1743495427.420656,-24,32,59
1743495427.455656,5,-36,199
1743495427.491656,-12,26,149
1743495427.5266562,36,8,165
1743495427.561656,12,66,253
1743495427.597656,36,-33,171
1743495427.632656,-45,-18,25
1743495427.668656,38,59,133
1743495427.703656,72,70,113
1743495427.739656,50,36,137
1743495427.774656,16,24,167
1743495427.809656,64,66,191
1743495427.8456562,42,40,143
1743495427.880656,59,-105,17
1743495427.916656,9,8,155
1743495427.951656,-22,-65,145
1743495427.987656,4,-6,195
1743495428.022656,-8,-74,103
1743495428.057656,-12,42,175
1743495428.093656,5,46,93
1743495428.128656,43,-7,223
1743495428.1646562,9,-11,47
1743495428.199656,3,2,51
1743495428.235656,27,2,165
1743495428.270656,79,12,155
1743495428.305656,19,20,101
1743495428.341656,-3,0,331
1743495428.376656,-7,-9,165
1743495428.412656,-66,50,131
1743495428.4476562,16,-30,63
1743495428.4836562,20,-20,187
1743495428.518656,-51,57,207
1743495428.553656,-19,39,123
1743495428.589656,46,2,215
1743495428.624656,46,126,261
1743495428.660656,28,-41,103
1743495428.695656,66,-47,217
1743495428.731656,22,-129,153
1743495428.7666562,-102,-13,171
1743495428.801656,-3,-7,167
1743495428.837656,37,-7,169
1743495428.872656,45,32,97
1743495428.908656,-46,10,78
1743495428.943656,43,-19,107
1743495428.979656,53,70,103
1743495429.014656,1,10,233
1743495429.0496562,67,56,105
1743495429.0856562,21,0,75
1743495429.120656,11,-51,131
1743495429.156656,59,-57,73
1743495429.191656,-14,-23,189
1743495429.227656,-52,-7,99
1743495429.262656,-94,40,55
1743495429.297656,-44,-1,27
1743495429.333656,35,-3,89
1743495429.3686562,-31,-8,149
1743495429.4046562,-59,-28,-20
1743495429.439656,-62,-33,117
1743495429.475656,-56,18,151
1743495429.510656,-24,-39,179
1743495429.545656,1,30,119
1743495429.581656,-8,40,85
1743495429.616656,-10,49,91
1743495429.652656,7,-10,69
1743495429.6876562,51,-22,111
1743495429.723656,-56,-54,159
1743495429.758656,-7,19,205
1743495429.793656,14,-24,-2
1743495429.829656,36,25,149
1743495429.864656,-16,-40,205
1743495429.900656,19,-22,87
1743495429.935656,-41,45,145
1743495429.971656,0,-70,164
1743495430.0066562,6,121,-15
1743495430.041656,-35,11,12
1743495430.077656,-19,-34,104
1743495430.112656,44,31,142
1743495430.148656,-79,75,62
1743495430.183656,20,47,64
1743495430.219656,-21,27,88
1743495430.254656,0,25,206
1743495430.2896562,-55,25,112
1743495430.325656,-39,-62,96
1743495430.360656,24,-50,140
1743495430.396656,-91,-7,-93
1743495430.431656,-49,-18,260
1743495430.467656,116,29,84
1743495430.503656,-31,-20,140
1743495430.5396562,-17,15,72
1743495430.581656,56,-2,152
1743495430.617656,20,-46,58
1743495430.653656,-13,11,-25
1743495430.688656,30,77,150
1743495430.724656,-35,-36,66
1743495430.759656,-99,-87,164
1743495430.794656,18,-60,262
1743495430.829656,-25,-70,40
1743495430.865656,-25,41,126
1743495430.9016562,-6,1,92
1743495430.936656,-12,21,182
1743495430.972656,-12,5,159
1743495431.007656,35,15,-18
1743495431.042656,-12,0,76
1743495431.077656,-56,7,35
1743495431.113656,-6,-10,47
1743495431.149656,29,19,125
1743495431.184656,-94,-52,152
1743495431.2206562,46,-42,233
1743495431.255656,-11,15,191
1743495431.290656,-7,64,161
1743495431.325656,74,32,131
1743495431.361656,5,-2,111
1743495431.397656,39,51,151
1743495431.432656,-54,-14,137
1743495431.468656,-88,55,151
1743495431.503656,-28,37,101
1743495431.538656,25,45,75
1743495431.573656,-22,-54,117
1743495431.609656,-69,-30,121
1743495431.645656,-31,15,289
1743495431.680656,25,-14,161
1743495431.716656,19,57,111
1743495431.751656,77,61,213
1743495431.786656,-18,1,-44
1743495431.821656,38,-34,65
1743495431.857656,50,39,131
1743495431.893656,8,5,-24
1743495431.928656,-15,9,203
1743495431.964656,48,-10,155
1743495431.999656,76,-44,87
1743495432.034656,-16,13,11
1743495432.069656,5,47,202
1743495432.105656,-26,-40,100
1743495432.1416562,7,-58,18
1743495432.176656,15,-64,130
1743495432.212656,25,-32,214
1743495432.247656,19,-14,164
1743495432.282656,105,43,152
1743495432.317656,-36,13,186
1743495432.353656,-8,-60,156
1743495432.389656,-14,-42,218
1743495432.4246562,91,-10,78
1743495432.4606562,13,41,198
1743495432.495656,89,-16,144
1743495432.530656,-10,-8,250
1743495432.565656,29,57,128
1743495432.601656,107,25,192
1743495432.637656,-72,8,216
1743495432.672656,-28,-30,84
1743495432.708656,49,82,60
1743495432.7436562,-22,38,132
1743495432.778656,67,40,108
1743495432.813656,-29,6,218
1743495432.849656,-7,-51,112
1743495432.885656,8,80,164
1743495432.920656,-9,0,130
1743495432.956656,-2,-19,192
1743495432.991656,60,-17,16
1743495433.0266562,17,58,168
1743495433.061656,-2,-37,176
1743495433.097656,1,46,116
1743495433.133656,-22,2,182
1743495433.168656,3,33,172
1743495433.204656,59,-30,88
1743495433.239656,-10,-33,238
1743495433.274656,13,-71,310
1743495433.309656,0,-11,96
1743495433.3456562,23,6,86
1743495433.3816562,3,42,52
1743495433.416656,-33,-27,95
1743495433.452656,62,22,95
1743495433.487656,42,-27,115
1743495433.522656,-31,-25,103
1743495433.557656,-61,-43,251
1743495433.593656,-53,4,91
1743495433.629656,54,-49,85
1743495433.6646562,-1,-48,123
1743495433.700656,-15,43,139
1743495433.735656,-14,-28,175
1743495433.770656,33,-16,81
1743495433.805656,35,23,195
1743495433.841656,43,-62,195
1743495433.877656,-84,-26,127
1743495433.912656,-52,1,181
1743495433.948656,-40,-46,153
1743495433.9836562,-18,9,85
1743495434.018656,26,27,107
1743495434.053656,-29,5,125
1743495434.089656,4,-14,131
1743495434.125656,-15,-32,179
1743495434.160656,-1,29,113
1743495434.196656,-83,-18,183
1743495434.231656,90,-38,109
1743495434.2666562,2,-10,69
1743495434.301656,40,9,191
1743495434.337656,52,-26,171
1743495434.373656,17,-44,173
1743495434.408656,119,-26,145
1743495434.444656,-34,39,73
1743495434.479656,-98,1,141
1743495434.514656,75,-42,205
1743495434.5496562,-10,25,-48
1743495434.5856562,-12,33,17
1743495434.621656,39,-69,213
1743495434.656656,-22,-46,127
1743495434.692656,-18,-43,67
1743495434.727656,37,-31,125
1743495434.762656,-24,52,94
1743495434.797656,45,70,64
1743495434.833656,-54,-5,104
1743495434.869656,53,-41,98
1743495434.9046562,31,38,132
1743495434.940656,-42,-9,176
1743495434.975656,71,48,158
1743495435.010656,-16,2,172
1743495435.045656,39,42,142
1743495435.081656,-40,-17,178
1743495435.117656,-26,-77,116
1743495435.152656,-87,4,192
1743495435.188656,-43,-83,6
1743495435.223656,4,12,108
1743495435.258656,60,-31,74
1743495435.294656,-37,38,120
1743495435.329656,14,32,220
1743495435.365656,30,30,150
1743495435.400656,-41,-79,144
1743495435.436656,59,-5,144
1743495435.471656,73,-23,138
1743495435.5066562,0,-17,132
1743495435.541656,-60,-17,140
1743495435.577656,51,18,192
1743495435.613656,11,5,30
1743495435.648656,-44,51,170
1743495435.684656,-10,-43,130
1743495435.719656,-82,-23,190
1743495435.754656,11,34,80
1743495435.7896562,35,16,134
1743495435.825656,-22,32,84
1743495435.861656,25,8,110
1743495435.896656,-40,34,190
1743495435.932656,-26,36,77
1743495435.967656,19,-91,227
1743495436.002656,-28,-27,31
1743495436.037656,-56,-35,27
1743495436.073656,49,2,201
1743495436.109656,25,-43,-72
1743495436.144656,21,-13,103
1743495436.180656,1,-25,139
1743495436.215656,-42,-93,127
1743495436.250656,3,30,93
1743495436.285656,-18,-43,209
1743495436.321656,-8,-48,289
1743495436.357656,-79,-8,165
1743495436.392656,-11,-40,25
1743495436.428656,-39,-36,199
1743495436.463656,42,31,49
1743495436.498656,-18,20,183
1743495436.534656,57,28,239
1743495436.569656,11,-30,137
1743495436.605656,52,-30,185
1743495436.640656,-27,11,103
1743495436.676656,58,-30,159
1743495436.711656,-68,67,37
1743495436.746656,-68,-42,229
1743495436.782656,-15,15,137
1743495436.817656,-25,-2,67
1743495436.853656,67,-36,217
1743495436.888656,8,3,75
1743495436.9246562,-5,-112,207
1743495436.959656,-63,-66,106
1743495436.994656,-73,8,182
1743495437.030656,-23,52,118
1743495437.065656,10,-41,52
1743495437.101656,-9,-13,188
1743495437.136656,-45,22,22
1743495437.172656,0,132,78
1743495437.207656,-45,-29,134
1743495437.242656,-115,-15,172
1743495437.278656,17,4,126
1743495437.313656,41,30,134
1743495437.349656,15,-1,110
1743495437.384656,-42,-21,192
1743495437.420656,-42,62,206
1743495437.455656,-2,-17,262
1743495437.490656,2,-21,224
1743495437.5266562,76,-59,50
1743495437.561656,66,-7,242
1743495437.597656,-52,-17,206
1743495437.632656,-77,-59,180
1743495437.668656,76,-27,126
1743495437.703656,-69,-49,112
1743495437.738656,-77,40,142
1743495437.774656,-19,44,104
1743495437.809656,2,6,134
1743495437.8456562,50,-5,162
1743495437.880656,44,4,110
1743495437.916656,-13,-11,132
1743495437.951656,-31,-19,222
1743495437.986656,96,-49,8
1743495438.022656,32,-11,116
1743495438.057656,-3,18,186
1743495438.093656,1,46,204
1743495438.128656,70,80,176
1743495438.1646562,12,-11,246
1743495438.199656,-33,6,200
1743495438.234656,46,26,176
1743495438.270656,-26,-56,74
1743495438.305656,-1,-64,192
1743495438.341656,77,31,162
1743495438.376656,16,5,122
1743495438.412656,-33,-12,159
1743495438.4476562,-19,-22,215
1743495438.482656,52,-44,121
1743495438.518656,56,25,249
1743495438.553656,46,48,69
1743495438.589656,28,4,135
1743495438.624656,36,-37,83
1743495438.660656,-19,6,165
1743495438.695656,78,-41,207
1743495438.730656,16,58,85
1743495438.7666562,-5,-13,201
1743495438.801656,2,-34,55
1743495438.837656,-43,51,183
1743495438.872656,-37,-16,143
1743495438.908656,6,19,17
1743495438.943656,18,-48,151
1743495438.978656,-59,-6,29
1743495439.014656,68,45,121
1743495439.0496562,-17,0,163
1743495439.0856562,98,22,127
1743495439.120656,-15,-37,257
1743495439.156656,8,17,101
1743495439.191656,18,-26,105
1743495439.226656,6,-53,207
1743495439.262656,48,-27,67
1743495439.297656,-53,-31,159
1743495439.333656,-27,-61,191
1743495439.3686562,36,50,79
1743495439.4046562,19,-3,81
1743495439.439656,-53,4,147
1743495439.474656,149,-69,115
1743495439.510656,-12,-29,101
1743495439.545656,75,-3,61
1743495439.581656,-40,90,235
1743495439.616656,-40,-77,123
1743495439.652656,-14,-3,127
1743495439.6876562,-18,26,151
1743495439.722656,-48,30,251
1743495439.758656,-56,28,97
1743495439.793656,13,27,109
1743495439.829656,-68,46,117
1743495439.864656,-68,3,183
1743495439.900656,5,-23,185
1743495439.936656,19,-4,207
1743495439.972656,-28,1,259
1743495440.008656,3,-8,165
1743495440.044656,113,3,99
1743495440.080656,21,-10,33
1743495440.115656,59,5,165
1743495440.150656,17,-2,183
1743495440.186656,13,-4,119
1743495440.222656,19,5,77
1743495440.257656,41,17,150
1743495440.293656,71,47,113
1743495440.328656,-2,-100,137
1743495440.364656,45,-40,176
1743495440.400656,-12,-47,182
1743495440.435656,11,-34,222
1743495440.4706562,-30,-38,108
1743495440.5066562,35,-62,154
1743495440.542656,-34,-6,106
1743495440.584656,-28,-18,159
1743495440.621656,-22,-7,221
1743495440.656656,81,60,103
1743495440.691656,39,20,80
1743495440.726656,-62,0,224
1743495440.762656,85,10,149
1743495440.798656,-14,8,143
1743495440.833656,15,-41,143
1743495440.869656,-28,18,165
1743495440.9046562,-22,70,231
1743495440.939656,-70,-71,153
1743495440.974656,-42,-1,221
1743495441.010656,-66,-28,67
1743495441.046656,3,11,109
1743495441.081656,-14,-12,171
1743495441.117656,-102,11,175
1743495441.152656,11,15,177
1743495441.1876562,-60,-42,297
1743495441.222656,27,35,113
1743495441.258656,-30,15,71
1743495441.294656,43,-10,117
1743495441.329656,29,-24,173
1743495441.365656,25,63,87
1743495441.400656,-20,-4,119
1743495441.435656,-16,7,115
1743495441.4706562,0,3,79
1743495441.5066562,73,5,147
1743495441.542656,-8,101,45
1743495441.577656,33,-3,159
1743495441.613656,13,-11,19
1743495441.648656,-31,36,101
1743495441.683656,74,-31,51
1743495441.718656,-73,-23,119
1743495441.754656,70,-19,173
1743495441.790656,14,26,189
1743495441.825656,-11,-31,43
1743495441.861656,60,-19,95
1743495441.896656,16,-19,233
1743495441.931656,-7,18,56
1743495441.966656,2,12,202
1743495442.002656,-25,36,162
1743495442.038656,-25,-1,-57
1743495442.073656,-49,-2,248
1743495442.109656,24,36,72
1743495442.144656,20,-8,108
1743495442.179656,20,-12,138
1743495442.214656,46,-36,138
1743495442.250656,-35,-32,76
1743495442.286656,8,15,138
1743495442.321656,-23,37,176
1743495442.357656,42,47,188
1743495442.392656,92,63,106
1743495442.427656,40,11,218
1743495442.462656,-17,-30,195
1743495442.498656,74,-12,163
1743495442.534656,-17,27,251
1743495442.569656,-41,-6,203
1743495442.605656,14,19,147
1743495442.640656,-87,0,91
1743495442.675656,46,0,165
1743495442.7106562,98,19,65
1743495442.746656,-33,-56,105
1743495442.782656,-31,-26,113
1743495442.817656,-53,9,131
1743495442.853656,10,65,139
1743495442.888656,-57,0,163
1743495442.923656,18,-26,133
1743495442.958656,12,-10,79
1743495442.994656,68,9,137
1743495443.030656,156,-70,87
1743495443.065656,96,5,167
1743495443.101656,10,-12,169
1743495443.136656,32,37,83
1743495443.171656,-7,18,105
1743495443.206656,6,-39,89
1743495443.242656,46,14,109
1743495443.278656,-53,-1,171
1743495443.313656,-79,-9,183
1743495443.349656,4,-24,151
1743495443.384656,-73,8,85
1743495443.419656,18,8,207
1743495443.454656,52,2,133
1743495443.490656,-23,16,135
1743495443.5266562,30,-33,151
1743495443.561656,18,2,121
1743495443.597656,-83,-29,101
1743495443.632656,116,2,179
1743495443.667656,0,-33,137
1743495443.702656,82,34,165
1743495443.738656,-9,-10,91
1743495443.774656,12,36,169
1743495443.809656,20,-5,161
1743495443.8456562,12,0,185
1743495443.880656,12,16,189
1743495443.915656,-25,2,161
1743495443.950656,46,-57,105
1743495443.986656,42,-17,249
1743495444.022656,14,-43,203
1743495444.057656,18,-15,71
1743495444.093656,135,5,105
1743495444.128656,20,21,37
1743495444.163656,-51,47,231
1743495444.198656,-45,-50,99
1743495444.234656,52,3,-8
1743495444.270656,-7,-42,49
1743495444.305656,-28,-76,53
1743495444.341656,-29,19,203
1743495444.376656,72,-98,153
1743495444.411656,12,49,203
1743495444.446656,-69,13,75
1743495444.482656,-29,-20,31
1743495444.518656,-51,27,163
1743495444.553656,44,65,199
1743495444.589656,-21,-10,123
1743495444.624656,20,7,177
1743495444.659656,-65,-18,167
1743495444.694656,-91,-30,67
1743495444.730656,32,41,157
1743495444.7666562,-65,83,187
1743495444.801656,46,27,247
1743495444.837656,-71,7,61
1743495444.872656,-7,-29,43
1743495444.907656,-23,2,219
1743495444.942656,-29,28,75
1743495444.978656,14,-17,141
1743495445.014656,22,6,147
1743495445.0496562,-15,58,131
1743495445.0856562,-29,4,33
1743495445.120656,-17,-39,107
1743495445.155656,36,41,151
1743495445.190656,62,24,87
1743495445.226656,-63,4,93
1743495445.262656,-37,-61,153
1743495445.297656,36,-19,190
1743495445.333656,-2,-58,124
1743495445.3686562,-52,-110,190
1743495445.403656,-63,-22,226
1743495445.438656,60,-63,104
1743495445.474656,-57,-48,144
1743495445.510656,-80,9,192
1743495445.545656,-15,8,108
1743495445.581656,71,-64,155
1743495445.616656,24,59,115
1743495445.6516562,-21,0,109
1743495445.686656,-35,-20,159
1743495445.722656,44,45,124
1743495445.758656,32,-29,162
1743495445.793656,72,-14,192
1743495445.829656,-13,-10,138
1743495445.864656,38,-2,88
1743495445.899656,58,-94,228
1743495445.934656,-29,79,120
1743495445.9706562,18,-38,42
1743495446.0066562,-17,-74,-1
1743495446.041656,10,-4,120
1743495446.077656,0,-18,78
1743495446.112656,24,51,52
1743495446.147656,-57,-70,182
1743495446.183656,10,45,106
1743495446.218656,-13,5,134
1743495446.254656,-41,-2,154
1743495446.2896562,64,-78,146
1743495446.325656,8,-12,22
1743495446.360656,-11,15,28
1743495446.395656,-77,-4,94
1743495446.431656,-71,57,200
1743495446.466656,8,4,124
1743495446.502656,8,-27,260
1743495446.537656,-5,40,36
1743495446.573656,30,50,94
1743495446.6086562,-81,24,86
1743495446.643656,46,40,70
1743495446.679656,-1,-19,104
1743495446.714656,38,-67,86
1743495446.750656,-23,32,122
1743495446.785656,-51,-15,26
1743495446.821656,-35,-30,190
1743495446.856656,-33,-24,140
1743495446.8916562,22,-10,188
1743495446.927656,96,21,280
1743495446.962656,-40,-12,150
1743495446.998656,-32,29,41
1743495447.033656,35,13,24
1743495447.069656,94,-60,126
1743495447.104656,-6,-24,208
1743495447.139656,-11,-12,128
1743495447.175656,34,-38,124
1743495447.2106562,-39,-30,258
1743495447.246656,-49,57,42
1743495447.281656,4,-36,98
1743495447.317656,32,59,147
1743495447.352656,-33,8,107
1743495447.387656,28,12,139
1743495447.423656,24,-26,123
1743495447.458656,-37,-85,129
1743495447.494656,-23,37,107
1743495447.5296562,-5,7,157
1743495447.565656,34,-8,49
1743495447.600656,36,-42,173
1743495447.635656,20,23,145
1743495447.671656,-111,-42,125
1743495447.706656,-27,-4,103
1743495447.742656,-31,33,87
1743495447.777656,-41,27,91
1743495447.813656,-49,-34,49
1743495447.848656,-35,15,181
1743495447.883656,14,81,79
1743495447.919656,-90,-10,209
1743495447.954656,27,27,103
1743495447.990656,23,-12,255
1743495448.025656,-3,3,177
1743495448.061656,20,-14,149
1743495448.096656,36,-46,29
1743495448.1316562,-55,3,183
1743495448.167656,11,13,143
1743495448.202656,-15,-40,173
1743495448.238656,-36,20,125
1743495448.273656,0,11,55
1743495448.309656,-46,38,179
1743495448.344656,-22,-21,143
1743495448.379656,-32,32,143
1743495448.415656,70,-31,127
1743495448.450656,38,22,256
1743495448.486656,18,-101,212
1743495448.521656,-38,26,252
1743495448.557656,41,18,28
1743495448.592656,15,32,62
1743495448.627656,26,4,188
1743495448.663656,-83,-24,150
1743495448.698656,-75,-64,206
1743495448.734656,-8,13,156
1743495448.769656,-28,5,178
1743495448.805656,9,75,212
1743495448.840656,40,-18,156
1743495448.875656,-67,-18,118
1743495448.911656,-29,26,110
1743495448.946656,34,15,-19
1743495448.982656,66,45,134
1743495449.017656,92,-40,126
1743495449.053656,-129,77,268
1743495449.088656,-19,43,12
1743495449.123656,18,-28,250
1743495449.159656,78,-12,214
1743495449.194656,10,-38,162
1743495449.230656,72,-20,92
1743495449.265656,-39,-46,102
1743495449.301656,-9,25,110
1743495449.336656,46,13,168
1743495449.371656,-3,25,194
1743495449.407656,78,-46,148
1743495449.442656,-40,-32,108
1743495449.478656,45,5,94
1743495449.513656,17,7,130
1743495449.548656,-55,63,84
1743495449.583656,68,-16,160
1743495449.619656,29,7,6
1743495449.655656,-9,1,178
1743495449.690656,72,19,174
1743495449.726656,-7,-11,-27
1743495449.761656,-76,10,80
1743495449.796656,25,14,54
1743495449.831656,49,-39,158
1743495449.867656,61,-45,132
1743495449.903656,-75,-19,18
1743495449.938656,-3,10,116
1743495449.974656,15,-9,166
1743495450.009656,38,26,66
1743495450.044656,-33,-3,-1
1743495450.079656,38,-19,136
1743495450.115656,-35,74,124
1743495450.1516562,-61,51,182
1743495450.186656,-43,-34,104
1743495450.222656,-131,-54,128
1743495450.257656,8,1,152
1743495450.292656,30,11,88
1743495450.327656,38,-4,50
1743495450.363656,-79,-22,109
1743495450.399656,-44,-100,119
1743495450.434656,84,17,155
1743495450.4706562,22,-34,175
1743495450.505656,-37,-20,163
1743495450.540656,26,-96,135
1743495450.575656,-39,-66,89
1743495450.6186562,50,29,105
1743495450.655656,-45,-2,175
1743495450.690656,-28,-18,41
1743495450.726656,58,-12,33
1743495450.761656,30,35,103
1743495450.796656,-23,-24,159
1743495450.831656,-27,39,105
1743495450.867656,4,-16,173
1743495450.903656,100,-2,65
1743495450.938656,-71,21,161
1743495450.974656,17,0,71
1743495451.009656,-76,64,145
1743495451.044656,27,56,181
1743495451.079656,39,74,249
1743495451.115656,-48,-27,71
1743495451.1516562,61,-6,143
1743495451.186656,-60,7,175
1743495451.222656,-32,9,194
1743495451.257656,0,-12,62
1743495451.292656,-1,67,102
1743495451.327656,62,25,194
1743495451.363656,34,39,96
1743495451.399656,12,57,200
1743495451.434656,12,19,192
1743495451.4706562,30,23,80
1743495451.505656,16,38,126
1743495451.540656,-33,36,180
1743495451.575656,-75,-50,6
1743495451.611656,-5,25,196
1743495451.647656,78,45,186
1743495451.682656,28,-44,110
1743495451.718656,32,-22,70
1743495451.753656,-19,0,196
1743495451.788656,-27,-34,90
1743495451.823656,0,-12,152
1743495451.859656,-1,-60,160
1743495451.895656,106,-8,100
1743495451.930656,-17,43,174
1743495451.966656,-7,31,212
1743495452.001656,-29,23,176
1743495452.036656,40,-54,82
1743495452.071656,-81,13,150
1743495452.107656,-19,20,40
1743495452.143656,2,-5,160
1743495452.178656,-55,27,198
1743495452.214656,-11,43,92
1743495452.249656,46,113,88
1743495452.284656,0,53,218
1743495452.319656,8,67,138
1743495452.355656,-27,0,110
1743495452.3916562,-31,-38,268
1743495452.426656,30,-4,152
1743495452.462656,-57,37,210
1743495452.497656,-47,-24,104
1743495452.532656,-17,-34,32
1743495452.567656,18,-22,142
1743495452.603656,-39,-16,134
1743495452.639656,12,13,100
1743495452.6746562,-91,9,168
1743495452.7106562,-54,-68,218
1743495452.745656,57,-22,166
1743495452.780656,39,-62,132
1743495452.815656,29,-6,128
1743495452.851656,65,-70,118
1743495452.887656,29,51,112
1743495452.922656,-48,25,122
1743495452.958656,-62,30,264
1743495452.9936562,65,17,148
1743495453.028656,-29,13,60
1743495453.063656,-1,61,124
1743495453.099656,127,77,108
1743495453.135656,-17,5,200
1743495453.170656,47,-16,66
1743495453.206656,-4,-10,146
1743495453.241656,11,-56,136
1743495453.2766562,-81,32,180
1743495453.311656,16,0,138
1743495453.347656,18,-25,222
1743495453.383656,-95,8,168
1743495453.418656,79,-43,198
1743495453.454656,91,-21,96
1743495453.489656,46,10,214
1743495453.524656,-20,-7,62
1743495453.559656,62,42,90
1743495453.5956562,-46,-7,136
1743495453.6316562,-88,35,298
1743495453.666656,-26,64,96
1743495453.702656,43,-58,126
1743495453.737656,39,-82,190
1743495453.772656,-45,-9,110
1743495453.807656,-87,12,178
1743495453.843656,-47,-61,129
1743495453.879656,-20,45,83
1743495453.9146562,39,59,149
1743495453.950656,37,-11,157
1743495453.985656,17,96,143
1743495454.020656,-48,20,171
1743495454.055656,-18,36,57
1743495454.091656,25,0,127
1743495454.127656,-35,152,137
1743495454.162656,-17,-19,135
1743495454.198656,4,-5,187
1743495454.2336562,60,28,85
1743495454.268656,-11,38,99
1743495454.303656,-7,56,233
1743495454.339656,-33,-23,111
1743495454.375656,-1,-5,137
1743495454.410656,-55,-69,139
1743495454.446656,72,20,125
1743495454.481656,20,6,59
1743495454.5166562,0,76,205
1743495454.551656,34,14,215
1743495454.587656,-45,-5,265
1743495454.623656,-77,38,181
1743495454.658656,40,40,93
1743495454.694656,-35,-1,51
1743495454.729656,-17,40,27
1743495454.764656,-23,20,89
1743495454.7996562,38,16,53
1743495454.8356562,24,6,59
1743495454.871656,70,48,127
1743495454.906656,-63,-59,123
1743495454.942656,50,26,201
1743495454.977656,-45,-77,115
1743495455.012656,-61,-17,185
1743495455.047656,42,-39,69
1743495455.083656,70,12,77
1743495455.119656,-7,-19,156
1743495455.1546562,160,-43,237
1743495455.190656,33,-10,62
1743495455.225656,10,-13,102
1743495455.260656,0,17,120
1743495455.295656,-10,-27,67
1743495455.331656,-50,41,105
1743495455.367656,-44,0,189
1743495455.402656,19,19,111
1743495455.438656,47,23,181
1743495455.473656,-24,1,169
1743495455.508656,57,-42,125
1743495455.544656,23,0,186
1743495455.579656,-8,-10,154
1743495455.615656,33,-66,108
1743495455.650656,-86,57,168
1743495455.686656,-34,-64,118
1743495455.721656,21,-30,168
1743495455.7566562,-77,65,74
1743495455.792656,78,3,96
1743495455.827656,16,3,191
1743495455.863656,-65,27,47
1743495455.898656,22,-18,162
1743495455.934656,28,-13,56
1743495455.969656,34,-28,122
1743495456.004656,-1,7,118
1743495456.040656,-7,-16,144
1743495456.075656,44,25,76
1743495456.111656,6,-66,102
1743495456.146656,6,57,130
1743495456.182656,-47,15,134
1743495456.217656,-23,-104,176
1743495456.252656,-23,-34,138
1743495456.288656,44,-10,182
1743495456.323656,92,1,168
1743495456.359656,-21,79,112
1743495456.394656,-7,55,84
1743495456.430656,4,-16,98
1743495456.465656,-67,53,220
1743495456.500656,-25,-98,194
1743495456.536656,45,6,-45
1743495456.571656,-22,-46,126
1743495456.607656,59,26,146
1743495456.642656,-4,-27,140
1743495456.678656,41,-55,162
1743495456.713656,51,-27,62
1743495456.750656,-60,-29,108
1743495456.785656,-12,-43,88
1743495456.820656,55,-79,146
1743495456.856656,-76,41,94
1743495456.8916562,15,47,228
1743495456.927656,91,93,192
1743495456.962656,15,-30,214
1743495456.998656,-68,21,184
1743495457.033656,-66,13,98
1743495457.068656,7,15,244
1743495457.104656,19,-44,196
1743495457.139656,5,-62,138
1743495457.175656,-8,-68,102
1743495457.2106562,-38,5,92
1743495457.246656,45,53,124
1743495457.281656,47,-54,88
1743495457.316656,17,21,110
1743495457.352656,37,-8,126
1743495457.387656,0,-24,116
1743495457.423656,35,-2,166
1743495457.458656,-44,29,46
1743495457.494656,38,49,196
1743495457.5296562,3,-38,24
1743495457.564656,-89,57,89
1743495457.600656,-23,55,197
1743495457.635656,-37,-80,245
1743495457.671656,16,-26,231
1743495457.706656,2,55,147
1743495457.741656,40,15,119
1743495457.7766562,-35,51,233
1743495457.8126562,-53,-52,151
1743495457.848656,98,55,113
1743495457.883656,-41,25,123
1743495457.919656,104,69,71
1743495457.954656,36,-18,193
1743495457.990656,-35,-8,145
1743495458.025656,-39,-42,153
1743495458.060656,4,-48,229
1743495458.096656,110,-10,109
1743495458.1316562,42,35,135
1743495458.167656,4,1,141
1743495458.202656,-9,33,123
1743495458.238656,-17,43,133
1743495458.273656,-50,-64,46
1743495458.308656,-48,-60,178
1743495458.344656,3,3,144
1743495458.379656,-14,-30,144
1743495458.415656,-40,0,72
1743495458.450656,40,-32,142
1743495458.486656,102,9,30
1743495458.521656,-3,-26,232
1743495458.556656,-63,-36,270
1743495458.592656,-116,-98,158
1743495458.627656,60,25,108
1743495458.663656,-1,9,234
1743495458.698656,-117,29,134
1743495458.734656,36,-46,86
1743495458.769656,-23,-30,188
1743495458.804656,-7,-72,182
1743495458.840656,-56,-21,62
1743495458.875656,-8,-53,150
1743495458.911656,-14,18,166
1743495458.946656,-7,82,70
1743495458.982656,88,2,116
1743495459.018656,-1,-57,14
1743495459.054656,-75,-5,138
1743495459.090656,-25,4,60
1743495459.126656,10,-19,6
1743495459.162656,152,8,190
1743495459.1976562,12,-59,140
1743495459.232656,-2,48,158
1743495459.268656,-24,8,100
1743495459.304656,41,33,72
1743495459.339656,-9,77,53
1743495459.375656,-13,-29,197
1743495459.410656,-1,-33,241
1743495459.445656,14,-5,111
1743495459.480656,-37,16,93
1743495459.5166562,78,33,93
1743495459.552656,-33,-9,61
1743495459.587656,-41,54,135
1743495459.623656,-5,46,167
1743495459.658656,-27,-35,145
1743495459.693656,88,28,85
1743495459.728656,-13,20,123
1743495459.764656,-50,78,233
1743495459.800656,-25,-21,149
1743495459.8356562,-23,32,91
1743495459.871656,56,-51,77
1743495459.906656,60,24,139
1743495459.941656,-31,-31,105
1743495459.976656,34,-29,141
1743495460.012656,-3,-79,275
1743495460.048656,74,14,77
1743495460.083656,-22,18,57
1743495460.119656,39,82,199
1743495460.1546562,141,-61,91
1743495460.189656,21,13,139
1743495460.224656,-54,-2,251
1743495460.260656,31,-46,191
1743495460.296656,-78,0,145
1743495460.331656,29,29,253
1743495460.367656,101,-40,153
1743495460.402656,19,0,91
1743495460.4376562,-28,-56,229
1743495460.472656,-10,93,113
1743495460.508656,-48,-46,117
1743495460.544656,-78,35,229
1743495460.579656,-54,35,207
1743495460.622656,-90,11,179
1743495460.658656,19,1,163
1743495460.693656,39,25,91
1743495460.728656,-72,9,131
1743495460.764656,-43,-32,55
1743495460.800656,-76,-56,157
1743495460.8356562,-20,33,123
1743495460.871656,33,-24,65
1743495460.906656,65,11,155
1743495460.941656,-14,63,223
1743495460.976656,-34,-25,143
1743495461.012656,-30,-63,237
1743495461.048656,-84,-29,93
1743495461.083656,21,-5,95
1743495461.119656,-73,-25,177
1743495461.1546562,28,24,241
1743495461.189656,76,-37,81
1743495461.224656,50,18,69
1743495461.260656,-16,13,221
1743495461.296656,86,30,195
1743495461.331656,-18,17,97
1743495461.367656,11,-6,215
1743495461.402656,19,-54,107
1743495461.4376562,-14,-22,267
1743495461.472656,9,17,117
1743495461.508656,-6,-10,89
1743495461.544656,-36,-6,209
1743495461.579656,-44,55,127
1743495461.615656,-12,153,129
1743495461.650656,21,-12,113
1743495461.685656,0,-82,65
1743495461.7206562,-60,-38,143
1743495461.7566562,-12,17,183
1743495461.792656,-14,-78,65
1743495461.827656,117,-12,75
1743495461.863656,-45,-36,153
1743495461.898656,-11,-2,41
1743495461.933656,-72,-48,57
1743495461.968656,139,59,145
1743495462.004656,0,5,77
1743495462.040656,-62,19,21
1743495462.075656,25,17,155
1743495462.111656,-6,31,77
1743495462.146656,55,3,159
1743495462.181656,63,-24,143
1743495462.216656,-4,-6,117
1743495462.252656,-12,-66,189
1743495462.288656,23,43,59
1743495462.323656,13,-52,165
1743495462.359656,47,53,43
1743495462.394656,7,-52,79
1743495462.429656,-14,-16,99
1743495462.464656,75,-85,35
1743495462.500656,103,-63,131
1743495462.536656,-16,-2,151
1743495462.571656,-8,-34,155
1743495462.607656,-22,-70,189
1743495462.642656,-36,-20,69
1743495462.677656,-50,-9,63
1743495462.712656,-38,-33,185
1743495462.748656,-40,-21,65
1743495462.784656,81,34,41
1743495462.819656,-40,19,206
1743495462.855656,69,-52,7
1743495462.890656,47,-34,178
1743495462.925656,-6,79,116
1743495462.9606562,87,37,48
1743495462.996656,53,19,160
1743495463.032656,-18,-20,138
1743495463.067656,31,15,176
1743495463.103656,29,27,114
1743495463.138656,33,-26,61
1743495463.173656,-84,-62,47
1743495463.208656,-8,12,135
1743495463.244656,27,-29,47
1743495463.280656,50,38,-6
1743495463.315656,18,54,101
1743495463.351656,-89,-39,133
1743495463.386656,-76,3,135
1743495463.421656,4,42,105
1743495463.456656,1,-16,141
1743495463.492656,19,95,199
1743495463.528656,59,1,149
1743495463.563656,27,-20,119
1743495463.599656,87,38,47
1743495463.634656,7,-16,133
1743495463.669656,-40,15,255
1743495463.704656,-6,-46,159
1743495463.740656,13,51,107
1743495463.7766562,-100,55,123
1743495463.811656,17,31,239
1743495463.847656,7,-80,43
1743495463.882656,59,-18,147
1743495463.917656,-58,-24,179
1743495463.952656,49,23,7
1743495463.988656,-26,-58,207
1743495464.024656,65,27,267
1743495464.059656,-12,3,145
1743495464.0956562,-2,-58,131
1743495464.130656,25,17,109
1743495464.165656,3,21,157
1743495464.200656,47,3,89
1743495464.236656,65,-10,163
1743495464.272656,-32,9,79
1743495464.307656,20,-1,75
1743495464.343656,87,3,183
1743495464.378656,19,-88,159
1743495464.413656,-48,-58,129
1743495464.448656,-41,-15,171
1743495464.484656,-75,-1,259
1743495464.520656,-3,-37,167
1743495464.555656,-5,6,79
1743495464.591656,62,108,203
1743495464.626656,-41,-15,97
1743495464.661656,-7,-39,5
1743495464.696656,15,-54,73
1743495464.732656,4,-77,117
1743495464.768656,28,50,183
1743495464.803656,-58,-30,139
1743495464.839656,-48,-24,103
1743495464.874656,-8,15,29
1743495464.909656,6,48,167
1743495464.944656,67,-50,59
1743495464.980656,10,-46,185
1743495465.0166562,38,23,141
1743495465.051656,58,42,71
1743495465.087656,31,19,179
1743495465.122656,-62,91,203
1743495465.157656,90,77,3
1743495465.193656,48,-26,51
1743495465.228656,-1,-24,71
1743495465.264656,13,-70,275
1743495465.2996562,33,-14,241
1743495465.3356562,22,43,87
1743495465.370656,-82,-40,109
1743495465.405656,-16,-86,145
1743495465.441656,27,-48,43
1743495465.476656,-26,-24,143
1743495465.512656,60,42,169
1743495465.547656,28,46,169
1743495465.583656,-65,50,151
1743495465.6186562,-63,-3,57
1743495465.653656,-7,56,131
1743495465.689656,-49,-27,151
1743495465.724656,28,-93,131
1743495465.760656,-111,12,187
1743495465.795656,42,38,195
1743495465.831656,-67,-63,173
1743495465.866656,-21,-10,175
1743495465.9016562,-45,-28,149
1743495465.9376562,66,-13,141
1743495465.972656,-53,-9,39
1743495466.008656,-31,2,15
1743495466.043656,16,-1,72
1743495466.079656,0,-11,220
1743495466.114656,-12,-19,52
1743495466.149656,-4,30,144
1743495466.185656,13,-1,148
1743495466.2206562,13,24,124
1743495466.2566562,-22,-49,-19
1743495466.291656,43,4,110
1743495466.327656,56,-9,190
1743495466.362656,-16,-17,184
1743495466.397656,40,50,210
1743495466.433656,-10,-7,104
1743495466.468656,-48,-25,226
1743495466.504656,81,-59,104
1743495466.5396562,2,96,120
1743495466.575656,53,-1,216
1743495466.610656,-25,-85,2
1743495466.645656,-36,-76,190
1743495466.681656,93,53,166
1743495466.716656,3,1,172
1743495466.752656,-20,39,6
1743495466.787656,5,-56,166
1743495466.823656,-18,-56,126
1743495466.8586562,59,0,96
1743495466.893656,39,-32,22
1743495466.929656,61,53,112
1743495466.964656,-14,27,154
1743495467.000656,-32,17,192
1743495467.035656,-38,1,128
1743495467.071656,29,47,186
1743495467.106656,29,-22,142
1743495467.1416562,29,-34,144
1743495467.177656,-8,-38,198
1743495467.212656,-126,47,112
1743495467.248656,89,19,248
1743495467.283656,71,51,-33
1743495467.319656,-32,15,168
1743495467.354656,-8,-40,124
1743495467.389656,-5,44,154
1743495467.425656,-8,-34,164
1743495467.4606562,-20,-18,152
1743495467.496656,25,69,120
1743495467.531656,-18,-6,148
1743495467.567656,-38,39,96
1743495467.602656,0,-22,120
1743495467.637656,1,-24,168
1743495467.673656,94,-38,-19
1743495467.708656,50,21,24
1743495467.744656,-7,17,218
1743495467.7796562,-29,-10,164
1743495467.815656,8,-32,164
1743495467.850656,-23,-2,93
1743495467.885656,-17,-22,73
1743495467.921656,-5,-4,311
1743495467.956656,24,-26,177
1743495467.992656,-3,-42,116
1743495468.027656,-29,9,149
1743495468.063656,32,19,198
1743495468.098656,-10,-42,184
1743495468.133656,27,-26,126
1743495468.169656,-32,7,124
1743495468.204656,41,-2,112
1743495468.240656,-28,-38,212
1743495468.275656,29,61,220
1743495468.311656,-86,33,254
1743495468.346656,-34,59,196
1743495468.3816562,-100,43,48
1743495468.417656,53,-28,112
1743495468.452656,-34,-106,80
1743495468.488656,-10,-42,38
1743495468.523656,19,31,118
1743495468.559656,-60,43,182
1743495468.5956562,0,19,118
1743495468.6316562,-58,68,102
1743495468.667656,0,-6,138
1743495468.703656,45,55,98
1743495468.739656,-16,7,88
1743495468.774656,13,41,208
1743495468.809656,-40,45,210
1743495468.8456562,33,-76,116
1743495468.8816562,25,-20,162
1743495468.916656,33,-10,66
1743495468.952656,23,-78,50
1743495468.987656,5,21,54
1743495469.022656,-26,25,160
1743495469.057656,-4,-68,62
1743495469.093656,-28,-6,298
1743495469.129656,-42,23,38
1743495469.1646562,-30,-12,222
1743495469.200656,23,-40,6
1743495469.235656,-24,-44,-1
1743495469.270656,42,-6,128
1743495469.305656,-25,-20,118
1743495469.341656,-11,-3,110
1743495469.377656,-17,16,146
1743495469.412656,16,50,228
1743495469.448656,-13,13,166
1743495469.4836562,-56,36,198
1743495469.518656,79,12,188
1743495469.553656,-77,-13,154
1743495469.589656,-11,56,118
1743495469.625656,54,10,190
1743495469.660656,58,-29,150
1743495469.696656,66,53,114
1743495469.731656,-13,-16,116
1743495469.7666562,46,78,198
1743495469.801656,-15,80,315
1743495469.837656,104,50,37
1743495469.873656,4,-17,90
1743495469.908656,-37,8,238
1743495469.944656,-41,-97,138
1743495469.979656,2,-4,106
1743495470.014656,-81,-26,120
1743495470.0496562,47,-82,90
1743495470.0856562,0,3,136
1743495470.121656,-90,19,252
1743495470.156656,-20,13,172
1743495470.192656,-70,-24,130
1743495470.227656,-42,-38,130
1743495470.262656,-56,13,168
1743495470.297656,-52,43,146
1743495470.333656,45,-60,90
1743495470.369656,-18,65,20
1743495470.4046562,15,25,112
1743495470.440656,1,24,180
1743495470.475656,-50,29,62
1743495470.510656,-2,0,78
1743495470.545656,19,-8,164
1743495470.581656,-74,63,260
1743495470.624656,-66,-98,170
1743495470.660656,-60,9,90
1743495470.696656,53,11,206
1743495470.731656,-6,27,180
1743495470.7666562,-102,-8,192
1743495470.801656,-50,21,96
1743495470.837656,31,-18,42
1743495470.873656,-60,-48,88
1743495470.908656,55,21,194
1743495470.944656,9,15,94
1743495470.979656,-24,11,32
1743495471.014656,-66,-59,102
1743495471.0496562,-46,-17,82
1743495471.0856562,27,17,174
1743495471.121656,23,-22,124
1743495471.156656,37,25,194
1743495471.192656,-2,27,84
1743495471.227656,13,37,132
1743495471.262656,-24,24,216
1743495471.297656,-11,13,142
1743495471.333656,50,21,110
1743495471.369656,-61,19,-49
1743495471.4046562,-14,1,208
1743495471.440656,-52,63,112
1743495471.475656,-19,-48,142
1743495471.510656,39,-48,160
1743495471.545656,-10,-80,80
1743495471.581656,17,-50,150
1743495471.617656,-111,21,88
1743495471.652656,48,-46,144
1743495471.688656,-87,39,114
1743495471.723656,1,-47,38
1743495471.758656,2,15,170
1743495471.793656,87,8,132
1743495471.829656,15,10,42
1743495471.865656,-50,6,28
1743495471.900656,45,60,238
1743495471.936656,39,2,126
1743495471.971656,7,-59,132
1743495472.0066562,115,0,124
1743495472.041656,9,0,158
1743495472.077656,-70,44,228
1743495472.113656,49,-21,258
1743495472.148656,-42,-127,224
1743495472.184656,-12,64,172
1743495472.219656,129,-5,44
1743495472.254656,3,-19,182
1743495472.2896562,-10,82,130
1743495472.325656,35,12,64
1743495472.361656,7,-27,250
1743495472.396656,43,-23,296
1743495472.432656,-52,-3,66
1743495472.467656,-22,28,56
1743495472.502656,-40,-81,58
1743495472.537656,71,20,120
1743495472.573656,14,-5,120
1743495472.609656,32,-27,134
1743495472.644656,77,-21,120
1743495472.680656,5,94,314
1743495472.715656,-16,-19,69
1743495472.750656,-30,-3,93
1743495472.785656,20,-5,34
1743495472.821656,34,34,172
1743495472.857656,-43,18,21
1743495472.892656,-19,16,98
1743495472.928656,-47,-3,123
1743495472.963656,-35,-5,139
1743495472.998656,-33,-31,61
1743495473.033656,-5,-21,117
1743495473.069656,-21,0,49
1743495473.105656,38,-53,159
1743495473.140656,-39,-3,-22
1743495473.176656,-21,66,45
1743495473.211656,48,6,23
1743495473.246656,96,30,215
1743495473.281656,76,5,97
1743495473.317656,100,39,109
1743495473.353656,46,6,181
1743495473.388656,2,51,61
1743495473.4246562,-13,-47,111
1743495473.459656,-27,-13,245
1743495473.494656,14,-34,171
1743495473.5296562,-47,69,139
1743495473.565656,-13,-41,151
1743495473.601656,10,59,147
1743495473.636656,-52,-25,169
1743495473.672656,-53,-57,115
1743495473.707656,-32,-53,141
1743495473.742656,-6,8,269
1743495473.777656,29,-46,73
1743495473.813656,50,21,107
1743495473.849656,39,17,103
1743495473.884656,53,-21,135
1743495473.920656,39,46,51
1743495473.955656,35,-47,155
1743495473.990656,-50,-19,205
1743495474.025656,5,4,89
1743495474.061656,-16,26,163
1743495474.097656,-4,-53,41
1743495474.132656,-21,-12,107
1743495474.168656,-28,62,229
1743495474.203656,79,-18,65
1743495474.238656,-50,0,104
1743495474.273656,-30,7,202
1743495474.309656,17,-2,178
1743495474.3456562,45,-32,174
1743495474.380656,29,-34,230
1743495474.416656,8,49,78
1743495474.451656,23,17,58
1743495474.486656,9,7,214
1743495474.521656,-22,13,228
1743495474.557656,85,-14,70
1743495474.593656,-34,-12,166
1743495474.628656,-134,-44,180
1743495474.6646562,53,-6,90
1743495474.699656,3,25,202
1743495474.734656,-4,43,88
1743495474.770656,43,-62,96
1743495474.805656,-58,29,66
1743495474.841656,115,-48,262
1743495474.876656,15,41,170
1743495474.912656,-50,-30,86
1743495474.9476562,-34,22,48
1743495474.982656,-88,-63,102
1743495475.018656,-38,-18,85
1743495475.053656,-50,-16,185
1743495475.089656,75,-62,363
1743495475.124656,-24,-44,171
1743495475.160656,-110,-24,151
1743495475.195656,11,9,141
1743495475.230656,37,-6,143
1743495475.2666562,21,-58,93
1743495475.301656,15,23,131
1743495475.337656,19,-18,163
1743495475.372656,-24,-60,3
1743495475.408656,13,-10,95
1743495475.443656,-44,-10,171
1743495475.478656,61,43,93
1743495475.514656,-58,1,165
1743495475.5496562,-14,-38,127
1743495475.5856562,-34,-32,163
1743495475.620656,-28,27,137
1743495475.656656,-122,-18,213
1743495475.691656,38,-36,125
1743495475.726656,12,-32,207
1743495475.762656,-5,-36,49
1743495475.797656,42,-75,367
1743495475.833656,10,13,97
1743495475.8686562,-101,-14,21
1743495475.9046562,31,-13,247
1743495475.939656,-43,58,78
1743495475.974656,-59,8,210
1743495476.010656,0,-15,78
1743495476.045656,-49,-33,182
1743495476.081656,-29,36,96
1743495476.116656,-25,-7,8
1743495476.152656,-85,-97,126
1743495476.1876562,18,20,36
1743495476.222656,-1,60,158
1743495476.258656,4,28,164
1743495476.293656,102,-5,196
1743495476.329656,-15,-5,144
1743495476.364656,32,46,132
1743495476.400656,62,10,118
1743495476.435656,-23,-31,110
1743495476.4706562,116,14,154
1743495476.5066562,30,-21,276
1743495476.541656,20,-57,126
1743495476.577656,-43,52,232
1743495476.612656,-157,10,90
1743495476.648656,40,-63,116
1743495476.683656,16,38,28
1743495476.718656,-35,10,92
1743495476.754656,78,91,196
1743495476.7896562,12,39,174
1743495476.825656,42,-80,62
1743495476.860656,-7,53,18
1743495476.896656,22,92,209
1743495476.931656,60,20,155
1743495476.966656,-19,22,239
1743495477.002656,88,-41,79
1743495477.037656,-35,-3,209
1743495477.073656,61,-7,137
1743495477.1086562,3,10,179
1743495477.144656,-9,16,81
1743495477.179656,-15,12,63
1743495477.214656,-31,8,71
1743495477.250656,-27,-15,161
1743495477.285656,-15,-5,201
1743495477.321656,-9,-39,51
1743495477.356656,-72,18,139
1743495477.392656,47,26,91
1743495477.427656,-12,6,205
1743495477.462656,-14,60,129
1743495477.498656,37,-9,159
1743495477.533656,-98,-73,107
1743495477.569656,-9,36,175
1743495477.604656,30,20,243
1743495477.640656,54,36,119
1743495477.675656,-41,16,199
1743495477.7106562,-10,-19,245
1743495477.746656,14,52,217
1743495477.781656,-39,10,117
1743495477.817656,58,32,207
1743495477.852656,20,22,115
1743495477.888656,60,28,41
1743495477.923656,34,-55,95
1743495477.958656,86,12,171
1743495477.994656,-23,-1,45
1743495478.0296562,-24,14,45
1743495478.065656,16,74,253
1743495478.100656,-1,24,87
1743495478.136656,-26,-79,133
1743495478.172656,11,-3,95
1743495478.208656,-65,4,121
1743495478.244656,2,22,31
1743495478.280656,-19,-87,203
1743495478.316656,-5,-31,-26
1743495478.351656,0,86,97
1743495478.386656,-19,-21,113
1743495478.422656,88,-91,109
1743495478.458656,-63,-7,159
1743495478.4936562,-51,50,135
1743495478.5296562,56,-15,85
1743495478.564656,26,90,61
1743495478.599656,-35,-41,55
1743495478.634656,-29,-73,147
1743495478.670656,40,-5,-60
1743495478.706656,-65,82,241
1743495478.741656,-43,2,153
1743495478.777656,24,-45,45
1743495478.8126562,-7,-43,-8
1743495478.847656,-5,28,157
1743495478.882656,86,4,37
1743495478.918656,-9,-35,251
1743495478.954656,-69,-29,201
1743495478.989656,-27,10,159
1743495479.025656,13,16,103
1743495479.060656,-35,62,7
1743495479.0956562,20,-31,89
1743495479.130656,32,38,113
1743495479.166656,110,22,117
1743495479.202656,-25,-8,84
1743495479.237656,-13,-23,128
1743495479.273656,12,20,-35
1743495479.308656,36,36,92
1743495479.343656,37,-26,112
1743495479.378656,19,6,196
1743495479.4146562,-2,-17,58
1743495479.450656,69,30,30
1743495479.485656,61,17,130
1743495479.521656,17,-41,138
1743495479.556656,19,-49,258
1743495479.591656,19,14,84
1743495479.626656,-32,46,118
1743495479.662656,-64,26,154
1743495479.698656,53,16,70
1743495479.7336562,5,9,132
1743495479.769656,-2,-85,90
1743495479.804656,-96,36,138
1743495479.839656,-60,-46,88
1743495479.874656,-22,38,192
1743495479.910656,-20,8,148
1743495479.946656,37,0,64
1743495479.981656,43,41,138
1743495480.017656,-32,47,194
1743495480.052656,-62,-49,166
1743495480.087656,-4,-98,118
1743495480.122656,7,-40,148
1743495480.158656,3,-76,232
1743495480.194656,89,-34,122
1743495480.229656,0,-26,38
1743495480.265656,1,13,202
1743495480.300656,35,12,212
1743495480.3356562,83,-19,117
1743495480.370656,25,8,51
1743495480.406656,-28,-63,185
1743495480.442656,23,14,143
1743495480.477656,44,24,135
1743495480.513656,100,-1,283
1743495480.548656,71,-14,61
1743495480.583656,-10,-30,101
1743495480.626656,62,24,69
1743495480.662656,-23,12,79
1743495480.698656,-9,52,5
1743495480.7336562,6,-9,25
1743495480.769656,-59,-31,67
1743495480.804656,-99,-75,165
1743495480.839656,46,-39,91
1743495480.874656,-39,62,157
1743495480.910656,-37,36,123
1743495480.946656,27,-18,217
1743495480.981656,-18,1,155
1743495481.017656,43,-14,91
1743495481.052656,-16,-14,145
1743495481.087656,-30,-8,73
1743495481.122656,23,-12,167
1743495481.158656,43,-34,255
1743495481.194656,-58,-18,131
1743495481.229656,-17,-75,265
1743495481.265656,107,-35,211
1743495481.300656,134,24,91
1743495481.3356562,19,-12,77
1743495481.370656,-66,-44,69
1743495481.406656,-46,-8,189
1743495481.442656,22,-15,191
1743495481.477656,32,2,59
1743495481.513656,-6,27,203
1743495481.548656,7,-30,77
1743495481.583656,-18,-18,185
1743495481.6186562,21,7,85
1743495481.6546562,-16,51,127
1743495481.690656,-10,5,88
1743495481.725656,19,-8,206
1743495481.761656,-46,-78,176
1743495481.796656,-20,-32,118
1743495481.831656,13,33,166
1743495481.866656,55,-2,266
1743495481.902656,1,13,194
1743495481.938656,51,-36,28
1743495481.973656,5,-66,-33
1743495482.009656,-36,47,182
1743495482.044656,29,-12,204
1743495482.079656,7,5,158
1743495482.114656,3,-112,160
1743495482.150656,53,5,206
1743495482.186656,7,-6,160
1743495482.221656,23,-18,170
1743495482.257656,9,47,200
1743495482.292656,29,-5,206
1743495482.327656,1,45,148
1743495482.362656,-114,11,84
1743495482.398656,-2,5,36
1743495482.434656,49,107,214
1743495482.469656,-108,31,214
1743495482.505656,-32,83,170
1743495482.540656,39,-22,254
1743495482.575656,-12,-88,184
1743495482.610656,-84,-22,148
1743495482.646656,-26,-34,110
1743495482.682656,-12,35,210
1743495482.717656,-36,-36,198
1743495482.753656,-38,-58,182
1743495482.788656,7,-54,56
1743495482.823656,71,-36,156
1743495482.8586562,5,1,186
1743495482.894656,7,-56,122
1743495482.930656,42,2,14
1743495482.965656,-11,24,88
1743495483.001656,-65,60,110
1743495483.036656,-29,4,232
1743495483.071656,97,-19,141
1743495483.106656,-50,54,59
1743495483.142656,-27,18,165
1743495483.178656,34,46,97
1743495483.213656,22,8,153
1743495483.249656,-61,-27,51
1743495483.284656,4,42,107
1743495483.319656,-17,6,249
1743495483.354656,-9,-55,87
1743495483.390656,19,34,49
1743495483.426656,29,4,15
1743495483.461656,13,-29,113
1743495483.497656,-38,-51,131
1743495483.532656,41,-3,161
1743495483.567656,-56,74,279
1743495483.602656,56,36,75
1743495483.638656,-32,-65,73
1743495483.6746562,11,20,57
1743495483.709656,-22,-47,143
1743495483.745656,13,12,128
1743495483.780656,-1,40,82
1743495483.815656,38,-83,-47
1743495483.850656,-59,-45,58
1743495483.886656,4,-67,90
1743495483.922656,12,-11,154
1743495483.957656,-24,56,94
1743495483.9936562,-79,-23,106
1743495484.028656,9,-28,100
1743495484.063656,81,28,38
1743495484.099656,89,3,44
1743495484.134656,-62,-32,132
1743495484.170656,-72,9,136
1743495484.205656,-15,35,160
1743495484.241656,103,-46,74
1743495484.2766562,-32,-38,170
1743495484.311656,-2,-26,204
1743495484.347656,-10,-31,99
1743495484.382656,27,0,193
1743495484.418656,-28,-72,306
1743495484.453656,85,-16,153
1743495484.489656,63,-12,251
1743495484.524656,-20,-60,187
1743495484.559656,55,7,129
1743495484.5956562,-60,48,233
1743495484.630656,67,36,156
1743495484.666656,1,-31,86
1743495484.701656,7,-32,144
1743495484.737656,25,-39,110
1743495484.772656,-56,-22,152
1743495484.807656,-28,-8,246
1743495484.843656,-32,-26,132
1743495484.878656,-28,55,180
1743495484.9146562,23,-23,92
1743495484.949656,5,-29,94
1743495484.985656,7,-55,22
1743495485.020656,-24,49,86
1743495485.055656,-28,31,116
1743495485.091656,11,-92,146
1743495485.126656,7,-24,108
1743495485.162656,81,-46,42
1743495485.1976562,-50,1,136
1743495485.2336562,71,-30,90
1743495485.268656,-12,-12,148
1743495485.303656,-22,79,42
1743495485.339656,43,51,186
1743495485.374656,11,-17,32
1743495485.410656,-98,18,138
1743495485.445656,-12,-39,200
1743495485.481656,-8,-40,226
1743495485.5166562,45,29,122
1743495485.551656,-48,3,162
1743495485.587656,-58,-38,132
1743495485.622656,45,45,122
1743495485.658656,81,5,82
1743495485.693656,11,-26,32
1743495485.729656,-14,15,30
1743495485.764656,-16,113,132
1743495485.7996562,119,-16,138
1743495485.8356562,9,-18,178
1743495485.870656,-26,61,94
1743495485.906656,11,-68,92
1743495485.941656,37,-14,6
1743495485.977656,12,0,174
1743495486.012656,16,52,170
1743495486.047656,-43,-109,94
1743495486.083656,-19,78,190
1743495486.1186562,28,20,260
1743495486.1546562,2,-19,146
1743495486.189656,26,28,154
1743495486.225656,63,49,27
1743495486.260656,20,-68,173
1743495486.295656,32,46,147
1743495486.331656,91,21,91
1743495486.366656,37,31,59
1743495486.402656,-24,1,195
1743495486.4376562,54,-84,267
1743495486.473656,10,-12,61
1743495486.508656,-21,27,101
1743495486.543656,6,-62,83
1743495486.579656,40,45,67
1743495486.614656,37,-24,183
1743495486.650656,-57,-7,205
1743495486.685656,-23,-17,63
1743495486.721656,52,-103,47
1743495486.7566562,-65,50,223
1743495486.791656,-43,24,99
1743495486.827656,-21,-3,130
1743495486.862656,102,-15,6
1743495486.898656,-79,4,-97
1743495486.933656,-15,-19,76
1743495486.969656,52,-45,131
1743495487.004656,50,-61,83
1743495487.0396562,-25,80,111
1743495487.075656,-3,58,107
1743495487.110656,32,-48,193
1743495487.146656,50,36,215
1743495487.181656,-59,-73,163
1743495487.217656,-80,-5,235
1743495487.252656,-6,13,127
1743495487.287656,-74,-4,175
1743495487.323656,91,0,153
1743495487.3586562,7,-38,91
1743495487.394656,-4,47,199
1743495487.429656,-2,93,89
1743495487.465656,31,17,127
1743495487.500656,-4,-22,157
1743495487.535656,-12,-38,183
1743495487.571656,29,91,91
1743495487.606656,-18,-12,103
1743495487.642656,-55,45,99
1743495487.677656,-65,-31,129
1743495487.713656,53,-69,70
1743495487.749656,-19,0,114
1743495487.784656,-8,60,71
1743495487.819656,-19,-20,207
1743495487.855656,-8,11,127
1743495487.8916562,8,33,170
1743495487.926656,74,-24,156
1743495487.962656,-13,-21,186
1743495487.997656,126,-61,166
1743495488.032656,-9,-52,94
1743495488.067656,-5,19,34
1743495488.103656,-25,39,150
1743495488.139656,12,75,228
1743495488.1746562,10,-16,204
1743495488.2106562,-41,-14,115
1743495488.245656,32,15,59
1743495488.280656,-23,17,62
1743495488.315656,74,-20,49
1743495488.351656,54,-2,37
1743495488.387656,-59,-50,117
1743495488.422656,-11,-12,81
1743495488.458656,-1,-40,269
1743495488.4936562,-73,13,137
1743495488.528656,4,-8,241
1743495488.563656,-11,11,111
1743495488.599656,-29,-22,99
1743495488.635656,44,-4,191
1743495488.670656,74,-47,297
1743495488.706656,4,-29,175
1743495488.741656,-21,36,172
1743495488.7766562,28,-13,11
1743495488.811656,82,-45,112
1743495488.847656,-45,4,119
1743495488.883656,-89,22,162
1743495488.918656,10,-9,84
1743495488.954656,24,-9,190
1743495488.989656,12,-5,106
1743495489.024656,-71,14,146
1743495489.059656,22,-39,217
1743495489.0956562,-21,18,181
1743495489.1316562,26,28,143
1743495489.166656,-24,-29,173
1743495489.202656,-74,48,77
1743495489.237656,3,-35,109
1743495489.272656,-84,24,163
1743495489.307656,-22,-17,143
1743495489.343656,-3,52,39
1743495489.379656,37,-47,151
1743495489.4146562,-14,48,231
1743495489.450656,47,-13,229
1743495489.485656,-30,36,51
1743495489.520656,-18,-13,189
1743495489.555656,29,-21,103
1743495489.591656,-30,62,149
1743495489.627656,-24,9,-4
1743495489.662656,-48,13,127
1743495489.698656,-32,35,65
1743495489.7336562,17,29,153
1743495489.768656,-30,9,137
1743495489.803656,29,-34,233
1743495489.839656,-24,-38,179
1743495489.875656,-10,15,84
1743495489.910656,103,47,47
1743495489.946656,0,29,87
1743495489.981656,-38,7,205
1743495490.0166562,-28,-54,166
1743495490.051656,-18,50,124
1743495490.087656,21,3,224
1743495490.123656,-25,-36,42
1743495490.158656,-45,-40,72
1743495490.194656,48,-77,60
1743495490.229656,-87,44,180
1743495490.264656,-43,-26,246
1743495490.2996562,66,15,180
1743495490.3356562,42,-38,82
1743495490.371656,4,39,206
1743495490.406656,-87,31,202
1743495490.442656,26,13,127
1743495490.477656,14,-38,193
1743495490.512656,-21,-50,257
1743495490.547656,-4,11,213
1743495490.583656,-53,-14,157
1743495490.619656,36,53,183
1743495490.661656,12,-59,203
1743495490.698656,36,44,203
1743495490.7336562,34,4,67
1743495490.768656,-79,88,97
1743495490.803656,10,-31,171
1743495490.839656,18,18,241
1743495490.875656,52,32,199
1743495490.910656,31,8,67
1743495490.946656,32,44,141
1743495490.981656,-13,-15,161
1743495491.0166562,-37,-65,50
1743495491.051656,-9,-53,64
1743495491.087656,88,-1,220
1743495491.123656,11,-24,234
1743495491.158656,3,-38,176
1743495491.194656,0,-8,58
1743495491.229656,-9,35,-47
1743495491.264656,90,51,172
1743495491.2996562,40,15,204
1743495491.3356562,39,51,154
1743495491.371656,-20,-6,62
1743495491.406656,39,-28,208
1743495491.442656,-12,49,108
1743495491.477656,51,11,6
1743495491.512656,-36,-10,58
1743495491.547656,37,-30,223
1743495491.583656,33,61,130
1743495491.619656,-19,30,170
1743495491.6546562,18,86,190
1743495491.690656,-23,12,204
1743495491.725656,-60,52,216
1743495491.760656,-22,4,104
1743495491.795656,-70,-15,124
1743495491.831656,-8,-83,98
1743495491.867656,-15,-17,88
1743495491.902656,32,-25,86
1743495491.938656,28,68,194
1743495491.973656,-3,-15,216
1743495492.008656,104,-137,164
1743495492.043656,8,-53,80
1743495492.079656,-45,-17,192
1743495492.115656,-29,-33,26
1743495492.150656,8,8,92
1743495492.186656,46,18,132
1743495492.221656,62,-7,76
1743495492.2566562,41,25,40
1743495492.291656,-11,66,74
1743495492.327656,-37,66,102
1743495492.363656,-22,-2,156
1743495492.398656,-20,63,136
1743495492.434656,-5,-41,90
1743495492.469656,14,-51,50
1743495492.504656,-11,14,80
1743495492.5396562,96,3,114
1743495492.575656,-4,51,154
1743495492.611656,51,-38,72
1743495492.646656,61,19,128
1743495492.682656,21,41,74
1743495492.717656,63,-4,54
1743495492.752656,29,23,166
1743495492.787656,36,-15,198
1743495492.823656,-49,56,138
1743495492.859656,-26,-52,62
1743495492.894656,-24,25,102
1743495492.930656,35,-24,204
1743495492.965656,43,35,150
1743495493.000656,-21,57,260
1743495493.035656,4,-16,120
1743495493.071656,-65,39,138
1743495493.107656,-45,19,104
1743495493.142656,41,85,272
1743495493.178656,42,-50,176
1743495493.213656,38,-36,122
1743495493.248656,14,21,52
1743495493.283656,-47,-6,174
1743495493.319656,-9,83,158
1743495493.355656,-20,-12,142
1743495493.390656,83,33,110
1743495493.426656,-56,53,50
1743495493.461656,26,191,184
1743495493.496656,97,-44,76
1743495493.531656,11,17,120
1743495493.567656,65,-40,194
1743495493.603656,-24,-60,164
1743495493.638656,-82,5,168
1743495493.6746562,-20,63,136
1743495493.709656,1,-4,240
1743495493.744656,-72,45,78
1743495493.780656,-12,19,92
1743495493.815656,-48,-42,170
1743495493.851656,-54,-2,94
1743495493.886656,19,-42,160
1743495493.922656,-56,43,82
1743495493.957656,-62,13,118
1743495493.992656,-33,-98,232
1743495494.028656,62,-28,246
1743495494.063656,12,83,27
1743495494.099656,17,43,130
1743495494.134656,-16,0,103
1743495494.170656,29,17,122
1743495494.205656,11,-23,242
1743495494.240656,7,-31,162
1743495494.2766562,-84,13,154
1743495494.311656,45,37,102
1743495494.347656,35,61,190
1743495494.382656,29,-62,184
1743495494.418656,-48,-4,145
1743495494.453656,-46,-44,89
1743495494.488656,56,-28,157
1743495494.524656,34,71,101
1743495494.559656,36,-68,93
1743495494.5956562,48,59,89
1743495494.630656,40,0,275
1743495494.666656,-13,-30,199
1743495494.701656,-49,-16,155
1743495494.736656,38,47,217
1743495494.772656,-23,21,33
1743495494.807656,-71,3,123
1743495494.843656,30,57,115
1743495494.878656,14,-56,123
1743495494.9146562,-9,25,187
1743495494.949656,-59,19,153
1743495494.984656,-28,45,167
1743495495.020656,-9,-34,87
1743495495.055656,-23,-30,139
1743495495.091656,-51,25,61
1743495495.126656,36,-46,87
1743495495.162656,-31,1,107
1743495495.1976562,58,0,53
1743495495.232656,18,37,101
1743495495.268656,-33,77,-4
1743495495.303656,24,-6,165
1743495495.339656,14,9,11
1743495495.374656,4,37,117
1743495495.410656,-35,-48,135
1743495495.445656,-11,-9,35
1743495495.480656,104,38,151
1743495495.5166562,0,-3,232
1743495495.551656,22,-9,82
1743495495.587656,-29,24,108
1743495495.622656,80,30,84
1743495495.658656,48,-13,38
1743495495.693656,20,-5,76
1743495495.728656,-89,6,108
1743495495.764656,-63,-81,134
1743495495.7996562,16,-3,242
1743495495.8356562,-1,2,126
1743495495.870656,36,36,156
1743495495.906656,-31,-63,132
1743495495.941656,-1,30,106
1743495495.976656,-59,-27,132
1743495496.012656,56,-25,128
1743495496.047656,7,-26,166
1743495496.083656,67,-26,6
1743495496.1186562,-33,-16,142
1743495496.1546562,-21,41,106
1743495496.189656,58,-12,172
1743495496.224656,28,45,90
1743495496.260656,-57,-6,36
1743495496.295656,23,-12,72
1743495496.331656,3,-70,192
1743495496.366656,19,-30,166
1743495496.402656,32,-14,10
1743495496.4376562,-43,-76,134
1743495496.472656,78,29,194
1743495496.508656,24,-52,136
1743495496.543656,-21,19,208
1743495496.579656,40,67,134
1743495496.614656,18,5,238
1743495496.650656,8,0,188
1743495496.685656,58,-14,96
1743495496.7206562,-19,15,270
1743495496.7566562,-51,-82,142
1743495496.791656,60,-9,146
1743495496.827656,4,47,130
1743495496.862656,34,-2,152
1743495496.898656,28,-70,154
1743495496.933656,-79,19,154
1743495496.968656,8,-26,128
1743495497.004656,32,-44,114
1743495497.0396562,-25,25,188
1743495497.075656,-61,-40,226
1743495497.110656,-59,-50,52
1743495497.146656,50,21,184
1743495497.182656,-67,48,182
1743495497.218656,28,5,52
1743495497.254656,-61,-63,75
1743495497.290656,-59,-62,106
1743495497.326656,52,42,128
1743495497.361656,-115,28,80
1743495497.396656,66,19,174
1743495497.432656,-57,-40,20
1743495497.468656,15,-44,176
1743495497.503656,-109,65,172
1743495497.5396562,6,25,96
1743495497.574656,32,17,152
1743495497.609656,-41,23,216
1743495497.644656,22,59,134
1743495497.680656,-49,-10,126
1743495497.716656,10,1,46
1743495497.751656,-15,-36,106
1743495497.787656,-38,-19,100
1743495497.8226562,15,29,172
1743495497.857656,-39,-16,80
1743495497.892656,38,-24,128
1743495497.928656,-83,9,172
1743495497.964656,16,-18,104
1743495497.999656,32,41,92
1743495498.035656,-53,0,60
1743495498.070656,-9,47,136
1743495498.105656,-97,47,152
1743495498.140656,-55,-52,130
1743495498.176656,-27,-18,224
1743495498.212656,54,31,88
1743495498.247656,-41,-34,146
1743495498.283656,12,71,108
1743495498.318656,23,-23,147
1743495498.353656,1,-53,195
1743495498.388656,78,-14,23
1743495498.4246562,35,2,135
1743495498.4606562,7,50,107
1743495498.495656,18,21,113
1743495498.531656,9,-55,137
1743495498.566656,-69,47,165
1743495498.601656,-1,15,53
1743495498.636656,-23,17,19
1743495498.672656,-22,20,17
1743495498.708656,-16,-27,183
1743495498.7436562,20,-16,149
1743495498.7796562,-67,-28,103
1743495498.814656,15,-1,-2
1743495498.849656,-25,-2,131
1743495498.884656,-33,0,235
1743495498.920656,18,-8,213
1743495498.956656,-85,-68,161
1743495498.991656,-3,21,191
1743495499.027656,12,-38,191
1743495499.0626562,44,-50,261
1743495499.097656,68,9,91
1743495499.132656,-7,37,131
1743495499.168656,52,57,151
1743495499.204656,20,-26,223
1743495499.239656,58,-20,163
1743495499.275656,100,-6,101
1743495499.310656,-49,65,187
1743495499.3456562,-13,11,99
1743495499.380656,-6,-78,77
1743495499.416656,0,43,265
1743495499.452656,-34,-64,123
1743495499.487656,23,7,125
1743495499.523656,-96,-4,59
1743495499.558656,-4,-14,167
1743495499.593656,-30,-8,86
1743495499.628656,8,-61,182
1743495499.6646562,-59,-7,118
1743495499.700656,-12,20,177
1743495499.735656,26,-1,49
1743495499.771656,7,24,63
1743495499.806656,43,-61,277
1743495499.841656,4,-57,177
1743495499.876656,29,60,101
1743495499.912656,20,40,105
1743495499.948656,24,-49,145
1743495499.9836562,-30,16,115
1743495500.019656,-64,34,151
1743495500.054656,9,-47,153
1743495500.089656,15,-5,123
1743495500.124656,-28,0,81
1743495500.160656,17,-17,101
1743495500.196656,33,12,107
1743495500.231656,-7,16,85
1743495500.267656,16,22,165
1743495500.302656,44,-37,127
1743495500.337656,14,42,125
1743495500.373656,18,8,49
1743495500.409656,-49,-9,137
1743495500.444656,-33,96,129
1743495500.480656,-57,-23,137
1743495500.5166562,-89,-19,85
1743495500.551656,-101,-51,61
1743495500.587656,50,58,141
1743495500.622656,-33,98,191
1743495500.6646562,-2,-66,131
1743495500.700656,36,-32,125
1743495500.736656,22,25,137
1743495500.772656,-38,47,9
1743495500.807656,34,0,129
1743495500.843656,125,59,183
1743495500.878656,-8,5,227
1743495500.913656,-29,-75,177
1743495500.948656,64,-15,193
1743495500.984656,25,19,63
1743495501.020656,-93,-43,55
1743495501.055656,-3,-45,19
1743495501.091656,-47,-17,139
1743495501.126656,42,-17,97
1743495501.161656,61,-29,49
1743495501.196656,-48,-71,117
1743495501.232656,-5,-59,133
1743495501.268656,18,-27,125
1743495501.303656,-33,16,153
1743495501.339656,32,8,139
1743495501.374656,-18,-42,59
1743495501.409656,-98,45,152
1743495501.444656,-8,-28,246
1743495501.480656,27,15,116
1743495501.5166562,-56,13,108
1743495501.551656,57,23,188
1743495501.587656,-66,51,98
1743495501.622656,-39,41,90
1743495501.657656,25,7,124
1743495501.692656,3,27,132
1743495501.728656,-40,-10,154
1743495501.764656,38,-5,94
1743495501.7996562,60,52,88
1743495501.8356562,27,55,184
1743495501.870656,17,41,106
1743495501.905656,25,-62,96
1743495501.940656,0,31,106
1743495501.976656,1,-42,176
1743495502.012656,-118,-62,148
1743495502.047656,5,-13,94
1743495502.083656,85,-26,242
1743495502.1186562,-70,0,142
1743495502.153656,65,-52,64
1743495502.188656,-44,115,166
1743495502.224656,37,-42,202
1743495502.260656,-70,1,42
1743495502.295656,-42,33,180
1743495502.331656,29,-14,30
1743495502.366656,29,21,130
1743495502.4016562,20,-16,168
1743495502.436656,-71,21,76
1743495502.472656,17,19,84
1743495502.508656,-8,73,152
1743495502.543656,-11,42,190
1743495502.579656,40,-61,102
1743495502.614656,-6,-52,206
1743495502.649656,-68,-64,174
1743495502.684656,63,-78,224
1743495502.7206562,24,-32,158
1743495502.7566562,-18,73,128
1743495502.791656,-14,49,188
1743495502.827656,63,27,204
1743495502.862656,-14,101,168
1743495502.897656,-6,17,192
1743495502.932656,79,1,158
1743495502.968656,-2,21,8
1743495503.004656,-62,-48,96
1743495503.0396562,-50,11,280
1743495503.075656,-42,23,74
1743495503.110656,15,-34,71
1743495503.145656,-14,-2,125
1743495503.180656,-33,87,163
1743495503.216656,-52,-38,107
1743495503.252656,-4,-14,39
1743495503.287656,34,41,135
1743495503.323656,10,9,207
1743495503.3586562,20,-36,151
1743495503.393656,-17,-20,239
1743495503.429656,-91,-4,197
1743495503.464656,6,21,215
1743495503.500656,18,-6,181
1743495503.535656,62,57,97
1743495503.571656,-42,7,-134
1743495503.606656,43,19,129
1743495503.6416562,-60,-10,213
1743495503.677656,45,1,165
1743495503.712656,-14,23,147
1743495503.748656,-78,-18,73
1743495503.783656,-26,-46,145
1743495503.819656,-18,-34,151
1743495503.854656,-38,37,71
1743495503.889656,-24,-44,121
1743495503.925656,-26,3,37
1743495503.9606562,81,9,121
1743495503.996656,-56,-110,19
1743495504.031656,15,-2,153
1743495504.067656,57,15,107
1743495504.102656,75,-2,323
1743495504.137656,35,-56,187
1743495504.173656,49,17,203
1743495504.208656,-16,-16,41
1743495504.244656,-9,-14,31
1743495504.2796562,11,17,97
1743495504.315656,-66,-30,119
1743495504.350656,-90,-44,141
1743495504.385656,-2,-20,163
1743495504.421656,-18,23,263
1743495504.456656,5,-24,-16
1743495504.492656,11,-10,0
1743495504.527656,-28,-27,159
1743495504.563656,-59,-5,219
1743495504.598656,60,48,127
1743495504.633656,-13,-41,109
1743495504.669656,-47,4,57
1743495504.704656,26,30,145
1743495504.740656,40,45,93
1743495504.775656,6,-44,127
1743495504.811656,38,14,91
1743495504.846656,30,73,65
1743495504.8816562,28,-7,225
1743495504.917656,-11,-31,15
1743495504.952656,-5,-35,145
1743495504.988656,16,10,147
1743495505.023656,-39,-55,215
1743495505.059656,-51,-39,123
1743495505.094656,-77,-27,109
1743495505.129656,-21,-23,234
1743495505.165656,-39,2,129
1743495505.200656,110,-33,33
1743495505.236656,-21,4,147
1743495505.271656,-5,34,198
1743495505.307656,-21,-9,196
1743495505.342656,-49,4,120
1743495505.377656,-23,70,50
1743495505.413656,-101,12,188
1743495505.448656,-85,36,166
1743495505.484656,-17,-67,36
1743495505.519656,-35,6,62
1743495505.555656,2,-20,92
1743495505.590656,-45,-38,92
1743495505.625656,-51,41,36
1743495505.661656,-79,-4,152
1743495505.696656,-21,-25,126
1743495505.732656,-61,46,226
1743495505.767656,0,-37,174
1743495505.803656,-44,-47,136
1743495505.838656,-66,-69,160
1743495505.873656,-34,69,221
1743495505.909656,66,5,126
1743495505.944656,20,38,184
1743495505.980656,-85,56,176
1743495506.015656,6,-63,132
1743495506.051656,47,-15,158
1743495506.086656,63,-8,44
1743495506.121656,-6,55,172
1743495506.157656,-42,-34,86
1743495506.192656,17,-6,118
1743495506.228656,81,-52,74
1743495506.263656,3,-76,162
1743495506.2996562,23,9,174
1743495506.334656,7,5,172
1743495506.369656,25,31,100
1743495506.405656,-8,-40,80
1743495506.440656,-16,47,128
1743495506.476656,-21,5,104
1743495506.511656,-17,3,160
1743495506.546656,-3,21,190
1743495506.581656,-81,-47,144
1743495506.617656,28,64,2
1743495506.653656,41,-52,202
1743495506.688656,15,-46,122
1743495506.724656,-83,40,108
1743495506.759656,-67,-10,98
1743495506.795656,30,43,144
1743495506.831656,17,-50,80
1743495506.867656,-29,-12,114
1743495506.903656,52,22,134
1743495506.938656,-27,-54,180
1743495506.973656,62,-80,104
1743495507.009656,-11,-26,78
1743495507.045656,-26,-52,102
1743495507.080656,-41,35,100
1743495507.116656,-50,-10,232
1743495507.1516562,-22,-10,170
1743495507.186656,-2,15,114
1743495507.221656,-42,-46,188
1743495507.257656,-48,31,170
1743495507.293656,-40,-2,184
1743495507.328656,63,-48,140
1743495507.364656,63,-58,108
1743495507.399656,-50,0,124
1743495507.434656,47,-28,97
1743495507.469656,-12,-17,65
1743495507.505656,-32,-56,197
1743495507.541656,19,16,303
1743495507.576656,-4,-53,111
1743495507.612656,-88,-38,89
1743495507.647656,-8,19,107
1743495507.682656,35,-28,129
1743495507.717656,27,-2,41
1743495507.753656,1,-2,225
1743495507.7896562,-38,39,103
1743495507.824656,5,53,219
1743495507.860656,41,31,139
1743495507.895656,5,27,281
1743495507.930656,4,-21,213
1743495507.965656,3,-30,213
1743495508.001656,-12,-64,87
1743495508.037656,-100,-5,225
1743495508.0726562,24,-17,127
1743495508.1086562,-15,-23,145
1743495508.143656,-7,-15,85
1743495508.178656,-63,34,329
1743495508.213656,3,-7,77
1743495508.249656,85,66,169
1743495508.285656,-76,3,65
1743495508.320656,-32,5,167
1743495508.356656,-81,36,73
1743495508.3916562,-57,-25,65
1743495508.426656,104,-3,49
1743495508.461656,-9,-15,185
1743495508.497656,-3,-9,65
1743495508.533656,-53,-24,65
1743495508.568656,50,-20,-34
1743495508.604656,-23,-10,157
1743495508.639656,24,8,175
1743495508.6746562,24,52,155
1743495508.709656,0,74,129
1743495508.745656,10,24,85
1743495508.781656,-11,-21,158
1743495508.816656,12,-1,88
1743495508.852656,96,-11,264
1743495508.887656,35,-35,190
1743495508.922656,-70,-41,92
1743495508.957656,-15,150,234
1743495508.9936562,-41,76,-5
1743495509.0296562,-27,72,164
1743495509.064656,-29,-5,178
1743495509.100656,-119,-67,116
1743495509.135656,-29,2,146
1743495509.170656,-23,8,136
1743495509.205656,6,53,80
1743495509.241656,6,-46,104
1743495509.277656,17,-28,202
1743495509.3126562,19,1,92
1743495509.348656,-42,-34,184
1743495509.383656,4,-73,136
1743495509.418656,54,-42,168
1743495509.453656,40,5,194
1743495509.489656,-39,-3,124
1743495509.525656,-15,34,102
1743495509.560656,24,-27,174
1743495509.596656,2,0,188
1743495509.6316562,36,-35,156
1743495509.666656,-45,-11,92
1743495509.701656,12,-13,152
1743495509.737656,56,-1,150
1743495509.773656,26,72,126
1743495509.808656,-29,6,130
1743495509.844656,-49,-27,196
1743495509.879656,26,-29,62
1743495509.9146562,-17,22,174
1743495509.949656,0,62,52
1743495509.985656,2,-44,106
1743495510.021656,26,27,180
1743495510.056656,84,27,167
1743495510.092656,-19,41,0
1743495510.127656,54,-16,49
1743495510.162656,14,59,133
1743495510.1976562,62,-20,243
1743495510.2336562,-29,0,195
1743495510.269656,62,-4,230
1743495510.304656,42,13,226
1743495510.340656,-29,45,156
1743495510.375656,38,-10,148
1743495510.410656,-25,0,299
1743495510.445656,-13,33,187
1743495510.481656,50,40,109
1743495510.517656,-61,28,41
1743495510.552656,58,-17,159
1743495510.588656,2,29,285
1743495510.623656,-149,-10,255
1743495510.665656,21,-61,243
1743495510.701656,39,-53,179
1743495510.737656,31,0,259
1743495510.773656,24,-49,89
1743495510.808656,55,-1,151
1743495510.844656,101,74,125
1743495510.879656,45,-13,129
1743495510.9146562,29,-31,159
1743495510.949656,-92,50,187
1743495510.985656,-18,6,121
1743495511.021656,-9,-41,157
1743495511.056656,-64,-25,151
1743495511.092656,-51,14,57
1743495511.127656,12,26,137
1743495511.162656,28,-33,147
1743495511.1976562,-51,10,137
1743495511.2336562,12,54,59
1743495511.269656,36,-37,93
1743495511.304656,52,36,105
1743495511.340656,12,-3,203
1743495511.375656,68,-5,209
1743495511.410656,40,-9,129
1743495511.445656,-7,22,91
1743495511.481656,72,-45,87
1743495511.517656,12,58,49
1743495511.552656,28,76,135
1743495511.588656,14,-21,85
1743495511.623656,20,-45,163
1743495511.658656,4,-5,129
1743495511.693656,132,10,125
1743495511.729656,-19,50,181
1743495511.765656,-9,44,41
1743495511.800656,78,56,85
1743495511.836656,12,-53,107
1743495511.871656,-17,-63,85
1743495511.906656,-25,-11,191
1743495511.941656,-23,40,211
1743495511.977656,23,40,145
1743495512.013656,-20,50,179
1743495512.048656,109,14,-10
1743495512.084656,71,2,201
1743495512.119656,-8,-25,37
1743495512.1546562,-54,-29,101
1743495512.189656,67,-17,187
1743495512.225656,-12,-55,35
1743495512.261656,7,18,192
1743495512.296656,31,-35,78
1743495512.332656,-30,-39,252
1743495512.367656,15,-59,30
1743495512.402656,77,-53,188
1743495512.4376562,7,-17,104
1743495512.473656,11,-13,86
1743495512.509656,18,58,154
1743495512.544656,97,8,206
1743495512.580656,30,-14,178
1743495512.615656,-41,-35,88
1743495512.650656,34,12,94
1743495512.685656,-73,16,156
1743495512.721656,-3,-33,134
1743495512.757656,-18,0,56
1743495512.792656,-46,-67,22
1743495512.828656,-67,-121,204
1743495512.863656,26,8,110
1743495512.898656,-63,16,254
1743495512.934656,42,58,100
1743495512.969656,-51,-83,212
1743495513.005656,-35,22,152
1743495513.040656,-13,40,96
1743495513.076656,-19,-23,172
1743495513.111656,84,48,78
1743495513.146656,-107,-1,206
1743495513.182656,17,49,104
1743495513.217656,24,-61,230
1743495513.253656,-2,13,90
1743495513.288656,13,2,60
1743495513.324656,18,-5,98
1743495513.359656,42,10,232
1743495513.394656,-25,-13,236
1743495513.430656,50,28,146
1743495513.465656,24,8,66
1743495513.501656,66,82,146
1743495513.536656,0,-49,188
1743495513.5726562,-73,84,128
1743495513.607656,10,10,60
1743495513.642656,-51,-53,328
1743495513.678656,18,32,27
1743495513.713656,-9,-75,143
1743495513.749656,102,62,177
1743495513.784656,-8,62,5
1743495513.820656,-16,4,209
1743495513.855656,-12,42,165
1743495513.890656,-40,-53,325
1743495513.926656,37,-81,231
1743495513.961656,13,24,230
1743495513.997656,5,14,30
1743495514.032656,-1,40,95
1743495514.068656,60,24,113
1743495514.103656,-38,-95,223
1743495514.138656,0,74,113
1743495514.1746562,22,-17,-62
1743495514.209656,25,-47,143
1743495514.245656,-56,-9,143
1743495514.280656,-14,-19,115
1743495514.316656,-10,-35,183
1743495514.351656,-31,40,117
1743495514.386656,-21,-5,143
1743495514.422656,40,-57,167
1743495514.457656,-17,-33,157
1743495514.4936562,0,15,117
1743495514.528656,18,25,77
1743495514.564656,-30,-8,43
1743495514.599656,-64,7,165
1743495514.634656,-4,-86,143
1743495514.670656,30,59,83
1743495514.705656,-13,-24,183
1743495514.741656,14,-9,131
1743495514.7766562,-37,-39,167
1743495514.813656,7,50,171
1743495514.848656,-56,6,117
1743495514.884656,14,-71,161
1743495514.919656,12,34,301
1743495514.954656,-18,-43,25
1743495514.990656,-28,-65,185
1743495515.025656,-22,-10,113
1743495515.061656,-92,12,157
1743495515.096656,5,4,65
1743495515.132656,23,56,67
1743495515.167656,-103,-55,169
1743495515.202656,7,-34,133
1743495515.238656,-22,13,275
1743495515.273656,-8,-28,171
1743495515.309656,23,49,119
1743495515.344656,-42,11,157
1743495515.380656,-92,-34,303
1743495515.415656,33,15,155
1743495515.450656,-28,-88,33
1743495515.486656,21,0,147
1743495515.521656,3,27,157
1743495515.557656,-137,-19,179
1743495515.592656,16,10,149
1743495515.628656,8,-5,183
1743495515.663656,-1,-27,59
1743495515.698656,-69,68,143
1743495515.734656,70,-49,179
1743495515.769656,44,-19,213
1743495515.805656,-25,84,95
1743495515.840656,58,30,229
1743495515.876656,48,-35,57
1743495515.911656,78,-19,127
1743495515.946656,-93,44,157
1743495515.982656,-35,34,129
1743495516.017656,-3,-79,155
1743495516.053656,-119,0,211
1743495516.088656,28,-19,41
1743495516.124656,-55,18,193
1743495516.159656,70,-15,175
1743495516.194656,40,-49,157
1743495516.230656,-69,12,263
1743495516.265656,-3,-47,95
1743495516.301656,10,-9,111
1743495516.336656,0,-3,117
1743495516.371656,-7,-43,95
1743495516.406656,-17,48,113
1743495516.442656,-49,26,51
1743495516.478656,-15,-15,196
1743495516.513656,-30,102,166
1743495516.5496562,-6,52,100
1743495516.584656,-23,-8,64
1743495516.619656,-21,19,97
1743495516.6546562,34,-28,166
1743495516.690656,24,-82,18
1743495516.726656,-57,25,210
1743495516.761656,50,-30,194
1743495516.797656,36,-66,146
1743495516.832656,122,-62,74
1743495516.867656,-43,-10,112
1743495516.902656,-53,3,106
1743495516.938656,-53,-26,192
1743495516.974656,-89,25,188
1743495517.009656,15,-72,78
1743495517.045656,24,14,228
1743495517.080656,-45,16,110
1743495517.115656,44,-37,302
1743495517.150656,-31,26,62
1743495517.186656,-7,18,4
1743495517.222656,21,86,132
1743495517.257656,31,8,120
1743495517.293656,-26,-7,132
1743495517.328656,-6,14,58
1743495517.363656,33,-5,132
1743495517.398656,-30,20,252
1743495517.434656,-16,20,226
1743495517.4706562,87,10,146
1743495517.505656,45,74,44
1743495517.541656,51,8,84
1743495517.576656,25,-43,144
1743495517.611656,40,-15,290
1743495517.646656,65,-33,132
1743495517.682656,-23,58,204
1743495517.718656,-78,-55,156
1743495517.753656,3,-51,70
1743495517.7896562,78,-25,128
1743495517.824656,15,-27,50
1743495517.859656,-76,4,84
1743495517.894656,-102,-45,16
1743495517.930656,-26,-35,-15
1743495517.966656,-4,-45,128
1743495518.001656,64,-5,176
1743495518.037656,57,62,126
1743495518.0726562,57,26,164
1743495518.107656,17,-65,174
1743495518.142656,61,84,98
1743495518.178656,31,1,72
1743495518.214656,29,77,24
1743495518.249656,35,5,16
1743495518.285656,-42,-2,138
1743495518.320656,-44,-28,173
1743495518.355656,90,18,153
1743495518.390656,-8,0,139
1743495518.426656,-16,23,96
1743495518.462656,-4,1,132
1743495518.497656,5,3,180
1743495518.533656,43,-14,154
1743495518.568656,-66,35,174
1743495518.603656,-48,11,187
1743495518.638656,25,43,103
1743495518.6746562,37,-6,111
1743495518.7106562,-9,-32,189
1743495518.745656,-20,19,145
1743495518.781656,29,1,89
1743495518.816656,-44,-22,55
1743495518.851656,-26,-46,203
1743495518.886656,-8,70,119
1743495518.922656,17,-16,127
1743495518.958656,51,36,161
1743495518.9936562,-76,-35,117
1743495519.0296562,97,54,127
1743495519.064656,-28,-26,39
1743495519.099656,21,-28,253
1743495519.134656,-57,5,243
1743495519.170656,24,7,119
1743495519.206656,-36,17,105
1743495519.241656,46,39,89
1743495519.277656,-14,0,39
1743495519.3126562,63,-16,247
1743495519.347656,-24,51,113
1743495519.382656,56,-26,141
1743495519.418656,51,15,143
1743495519.454656,-22,51,188
1743495519.489656,-45,-28,157
1743495519.525656,-95,13,151
1743495519.560656,-61,-11,129
1743495519.5956562,-11,8,-88
1743495519.630656,48,31,83
1743495519.666656,-44,27,103
1743495519.702656,23,65,99
1743495519.737656,3,-38,111
1743495519.773656,-26,-46,111
1743495519.808656,-76,-24,109
1743495519.843656,5,3,139
1743495519.878656,-24,29,71
1743495519.9146562,34,53,181
1743495519.950656,-24,101,197
1743495519.985656,-32,-60,27
1743495520.021656,33,19,113
1743495520.056656,-14,5,115
1743495520.091656,-42,18,115
1743495520.126656,17,60,167
1743495520.162656,-13,46,161
1743495520.198656,-7,132,113
1743495520.2336562,4,12,103
1743495520.269656,-9,-19,249
1743495520.304656,36,66,69
1743495520.339656,-26,-65,209
1743495520.374656,31,-111,31
1743495520.410656,-22,6,233
1743495520.446656,88,-27,251
1743495520.481656,-4,-55,43
1743495520.517656,4,-9,149
1743495520.552656,-36,0,25
1743495520.587656,1,6,129
1743495520.622656,41,-71,61
1743495520.658656,11,-31,177
1743495520.701656,-64,36,107
1743495520.737656,53,16,181
1743495520.773656,-112,-25,3
1743495520.808656,-24,-31,247
1743495520.843656,-40,-63,167
1743495520.878656,74,32,115
1743495520.9146562,-58,-35,-12
1743495520.950656,15,24,195
1743495520.985656,27,10,97
1743495521.021656,-1,34,77
1743495521.056656,-5,10,43
1743495521.091656,-7,-5,101
1743495521.126656,0,30,159
1743495521.162656,37,-11,255
1743495521.198656,-8,-86,37
1743495521.2336562,-22,41,119
1743495521.269656,-28,0,193
1743495521.304656,25,35,134
1743495521.339656,6,13,86
1743495521.374656,8,26,74
1743495521.410656,-32,70,212
1743495521.446656,13,-69,146
1743495521.481656,-52,26,134
1743495521.517656,-46,38,80
1743495521.552656,-23,-17,132
1743495521.587656,-43,20,-17
1743495521.622656,-33,-117,206
1743495521.658656,14,-32,152
1743495521.694656,-13,45,50
1743495521.729656,23,-17,112
1743495521.765656,-69,93,288
1743495521.800656,60,-73,194
1743495521.8356562,-8,24,126
1743495521.870656,-134,24,136
1743495521.906656,11,-89,78
1743495521.942656,65,34,146
1743495521.977656,6,12,124
1743495522.013656,13,-65,78
1743495522.048656,31,92,30
1743495522.083656,-16,-5,220
1743495522.1186562,6,60,156
1743495522.1546562,-25,18,90
1743495522.190656,-13,-11,130
1743495522.225656,14,22,134
1743495522.261656,-9,24,16
1743495522.296656,56,-9,184
1743495522.331656,66,78,140
1743495522.367656,12,42,30
1743495522.402656,-21,4,154
1743495522.438656,-11,46,169
1743495522.473656,-23,36,57
1743495522.509656,52,20,37
1743495522.544656,-9,10,165
1743495522.579656,-81,36,81
1743495522.615656,38,-7,89
1743495522.650656,-97,4,149
1743495522.686656,-1,-17,49
1743495522.721656,37,-1,181
1743495522.757656,-1,32,113
1743495522.792656,22,-25,58
1743495522.827656,28,-51,85
1743495522.863656,74,-50,135
1743495522.898656,4,-87,99
1743495522.934656,80,33,201
1743495522.969656,10,25,177
1743495523.005656,-19,-2,213
1743495523.040656,46,67,117
1743495523.075656,-3,33,121
1743495523.111656,-75,-38,41
1743495523.146656,-3,21,69
1743495523.182656,42,-10,137
1743495523.217656,6,25,51
1743495523.253656,-15,-34,93
1743495523.288656,-65,39,113
1743495523.323656,-21,31,219
1743495523.359656,-41,-26,69
1743495523.394656,30,-78,83
1743495523.430656,-57,-22,125
1743495523.465656,30,-70,141
1743495523.501656,30,-38,123
1743495523.536656,53,-17,97
1743495523.571656,6,4,73
1743495523.607656,38,-94,125
1743495523.642656,14,-7,219
1743495523.678656,-49,-119,243
1743495523.713656,-15,-55,151
1743495523.749656,38,46,249
1743495523.784656,-21,-29,137
1743495523.819656,44,-21,271
1743495523.855656,24,-23,179
1743495523.890656,-57,16,33
1743495523.927656,-24,-17,97
1743495523.962656,-31,-7,161
1743495523.998656,33,68,199
1743495524.033656,31,26,73
1743495524.069656,-71,-27,103
1743495524.104656,-49,-59,101
1743495524.139656,-37,16,163
1743495524.175656,-36,-23,149
1743495524.2106562,-63,16,124
1743495524.246656,100,1,83
1743495524.281656,-13,-29,59
1743495524.317656,-19,-74,206
1743495524.352656,40,-3,-15
1743495524.387656,16,-19,176
1743495524.423656,78,38,72
1743495524.458656,-9,-51,116
1743495524.494656,32,-93,106
1743495524.5296562,12,-23,222
1743495524.565656,-1,6,102
1743495524.600656,12,-77,146
1743495524.635656,56,10,74
1743495524.671656,50,104,108
1743495524.706656,48,40,132
1743495524.742656,6,32,112
1743495524.777656,8,-47,148
1743495524.813656,16,-8,124
1743495524.848656,-15,46,162
1743495524.883656,-45,-17,234
1743495524.919656,-9,-35,104
1743495524.954656,66,30,40
1743495524.990656,-67,-76,206
1743495525.025656,-69,15,176
1743495525.061656,88,-16,154
1743495525.096656,-6,17,135
1743495525.1316562,-31,43,123
1743495525.167656,27,-41,211
1743495525.202656,-58,-81,87
1743495525.238656,-76,38,123
1743495525.273656,-34,-4,157
1743495525.309656,-22,-6,173
1743495525.344656,8,-112,137
1743495525.379656,-41,10,217
1743495525.415656,52,22,231
1743495525.450656,-41,-11,111
1743495525.486656,50,-7,129
1743495525.521656,38,8,101
1743495525.557656,9,6,177
1743495525.592656,-8,70,185
1743495525.627656,-44,-39,83
1743495525.663656,-2,34,101
1743495525.698656,16,16,87
1743495525.734656,37,46,41
1743495525.769656,-32,36,61
1743495525.805656,83,36,37
1743495525.841656,-8,50,69
1743495525.877656,74,13,187
1743495525.913656,-19,-26,120
1743495525.948656,16,37,78
1743495525.9836562,12,24,122
1743495526.019656,-5,-5,78
1743495526.055656,-47,52,146
1743495526.090656,10,-35,92
1743495526.126656,68,-19,160
1743495526.161656,-47,-65,140
1743495526.196656,-1,22,204
1743495526.231656,12,-49,218
1743495526.267656,16,15,76
1743495526.303656,-51,-58,170
1743495526.338656,24,-80,46
1743495526.374656,74,-17,168
1743495526.409656,4,-73,272
1743495526.444656,-25,-9,280
1743495526.479656,46,-65,196
1743495526.515656,-31,14,72
1743495526.551656,-24,-25,58
1743495526.586656,5,-17,114
1743495526.622656,41,70,112
1743495526.657656,85,-19,58
1743495526.692656,-42,-9,46
1743495526.727656,51,42,64
1743495526.763656,39,-71,244
1743495526.7996562,-22,0,48
1743495526.834656,-30,0,260
1743495526.870656,-26,42,81
1743495526.905656,-30,-13,175
1743495526.940656,-82,-29,147
1743495526.975656,-48,60,176
1743495527.011656,-50,12,82
1743495527.047656,-16,40,87
1743495527.082656,-46,-13,99
1743495527.1186562,-16,-27,175
1743495527.153656,-20,-21,71
1743495527.188656,-32,40,143
1743495527.223656,-4,-79,157
1743495527.259656,34,0,75
1743495527.295656,13,-63,133
1743495527.330656,-50,-69,103
1743495527.366656,58,-37,191
1743495527.4016562,24,-43,171
1743495527.436656,44,-24,43
1743495527.471656,30,-24,105
1743495527.507656,30,29,83
1743495527.543656,-2,-100,83
1743495527.578656,-39,21,109
1743495527.614656,-15,-8,177
1743495527.649656,64,19,117
1743495527.684656,58,-43,121
1743495527.719656,37,-39,181
1743495527.755656,-4,24,97
1743495527.791656,28,41,149
1743495527.826656,40,7,171
1743495527.862656,-27,-20,213
1743495527.897656,-54,-5,79
1743495527.932656,-25,27,9
1743495527.967656,-35,-30,237
1743495528.003656,-21,-14,131
1743495528.0396562,40,-26,213
1743495528.074656,48,69,93
1743495528.110656,-15,-74,135
1743495528.145656,4,-46,205
1743495528.180656,18,29,81
1743495528.215656,0,-42,199
1743495528.251656,-9,9,121
1743495528.287656,-89,19,147
1743495528.3226562,-61,27,123
1743495528.3586562,-11,-52,119
1743495528.393656,-43,15,75
1743495528.428656,-11,11,177
1743495528.463656,6,-18,173
1743495528.499656,-31,3,115
1743495528.535656,-5,57,151
1743495528.570656,6,13,103
1743495528.606656,-3,-32,153
1743495528.6416562,-21,-12,201
1743495528.676656,22,65,107
1743495528.711656,34,-22,97
1743495528.747656,-45,-32,35
1743495528.783656,-11,-28,245
1743495528.818656,-34,-9,53
1743495528.854656,-27,38,109
1743495528.889656,66,-1,107
1743495528.9246562,-21,55,99
1743495528.959656,-49,59,157
1743495528.995656,-5,-62,59
1743495529.031656,18,-66,60
1743495529.066656,-45,-36,220
1743495529.102656,6,-8,208
1743495529.137656,-27,71,78
1743495529.172656,96,73,156
1743495529.207656,102,-40,78
1743495529.2436562,10,-8,102
1743495529.2796562,-33,-48,110
1743495529.314656,22,-8,92
1743495529.350656,48,-10,172
1743495529.385656,-17,9,96
1743495529.420656,64,-150,176
1743495529.455656,-59,-20,162
1743495529.491656,32,13,20
1743495529.527656,48,19,174
1743495529.5626562,-27,23,188
1743495529.598656,54,-20,234
1743495529.633656,40,59,186
1743495529.668656,-75,23,86
1743495529.703656,-23,21,104
1743495529.739656,30,-34,76
1743495529.775656,0,9,256
1743495529.810656,-3,33,184
1743495529.846656,-21,13,120
1743495529.8816562,-49,25,136
1743495529.916656,2,-50,160
1743495529.951656,36,5,108
1743495529.987656,-35,-44,140
1743495530.023656,72,-4,230
1743495530.058656,-41,-36,214
1743495530.094656,-39,-93,44
1743495530.129656,45,12,136
1743495530.1646562,18,4,210
1743495530.199656,-45,-13,74
1743495530.235656,-25,40,10
1743495530.271656,-99,6,30
1743495530.306656,25,-19,234
1743495530.342656,56,-65,78
1743495530.377656,0,52,228
1743495530.412656,50,-19,200
1743495530.4476562,50,8,132
1743495530.4836562,33,-69,164
1743495530.519656,77,78,120
1743495530.554656,-11,74,184
1743495530.590656,32,35,28
1743495530.625656,2,5,94
1743495530.660656,48,-13,200
1743495530.703656,30,62,132
1743495530.739656,-13,10,160
1743495530.775656,12,34,98
1743495530.810656,6,44,176
1743495530.846656,-43,6,192
1743495530.8816562,0,-33,158
1743495530.916656,13,42,190
1743495530.952656,-17,28,140
1743495530.987656,-77,16,272
1743495531.023656,16,-41,46
1743495531.058656,68,0,98
1743495531.094656,-53,-25,150
1743495531.129656,46,-5,184
1743495531.1646562,28,-3,66
1743495531.199656,47,24,70
1743495531.235656,51,8,42
1743495531.271656,3,8,66
1743495531.306656,-2,70,188
1743495531.342656,17,-67,90
1743495531.377656,-122,76,160
1743495531.412656,-25,-63,246
1743495531.4476562,-43,0,140
1743495531.4836562,-92,2,94
1743495531.519656,34,10,172
1743495531.554656,76,-61,74
1743495531.590656,82,102,124
1743495531.625656,74,6,110
1743495531.660656,-2,-5,276
1743495531.695656,19,50,210
1743495531.731656,35,-1,148
1743495531.767656,-22,40,170
1743495531.802656,-26,84,206
1743495531.838656,-46,-23,80
1743495531.873656,3,60,26
1743495531.908656,34,-47,2
1743495531.944656,28,10,28
1743495531.979656,26,-59,174
1743495532.015656,22,-51,96
1743495532.050656,-119,6,178
1743495532.086656,-31,-45,168
1743495532.121656,10,68,228
1743495532.156656,-19,38,208
1743495532.192656,29,24,128
1743495532.227656,3,28,-5
1743495532.263656,-13,-15,18
1743495532.298656,50,30,62
1743495532.334656,37,10,130
1743495532.369656,1,-27,140
1743495532.4046562,71,68,22
1743495532.440656,-22,54,147
1743495532.475656,-30,-25,181
1743495532.511656,-50,-97,123
1743495532.546656,5,-33,137
1743495532.582656,-64,-29,147
1743495532.617656,-66,40,47
1743495532.652656,69,-33,71
1743495532.688656,63,22,129
1743495532.723656,13,-41,99
1743495532.759656,-24,-8,191
1743495532.794656,9,0,31
1743495532.830656,125,-42,175
1743495532.865656,-46,-66,131
1743495532.900656,-32,-2,49
1743495532.936656,28,-34,221
1743495532.971656,58,-4,103
1743495533.007656,-7,41,67
1743495533.042656,40,17,177
1743495533.078656,-73,3,261
1743495533.113656,-19,-6,65
1743495533.148656,-11,5,79
1743495533.184656,-81,41,115
1743495533.219656,48,-38,233
1743495533.255656,-9,-4,101
1743495533.290656,28,-26,223
1743495533.326656,-23,3,147
1743495533.361656,16,13,55
1743495533.396656,-39,27,211
1743495533.432656,-53,-29,89
1743495533.467656,-101,-47,199
1743495533.503656,26,-15,83
1743495533.538656,58,-43,155
1743495533.574656,28,20,35
1743495533.609656,-27,-41,111
1743495533.644656,-105,58,113
1743495533.680656,62,-9,165
1743495533.715656,100,-21,195
1743495533.751656,-55,-27,199
1743495533.786656,5,40,67
1743495533.8226562,1,24,219
1743495533.857656,25,68,115
1743495533.892656,-28,0,141
1743495533.928656,93,-25,157
1743495533.963656,53,-33,63
1743495533.999656,7,-61,199
1743495534.034656,-28,-75,79
1743495534.070656,-52,-11,159
1743495534.105656,161,-23,101
1743495534.140656,29,-13,61
1743495534.176656,55,-34,-6
1743495534.211656,-10,45,133
1743495534.247656,-72,12,110
1743495534.282656,-8,-37,38
1743495534.318656,-34,-15,164
1743495534.353656,-120,0,60
1743495534.388656,-32,2,276
1743495534.4246562,35,46,172
1743495534.459656,-48,76,196
1743495534.495656,13,-53,164
1743495534.530656,-25,-31,66
1743495534.566656,-12,-1,60
1743495534.601656,35,12,118
1743495534.636656,11,-9,18
1743495534.672656,15,-51,82
1743495534.707656,88,36,88
1743495534.7436562,-42,-35,150
1743495534.778656,-58,-27,106
1743495534.814656,51,-77,218
1743495534.849656,-66,6,184
1743495534.884656,-50,20,130
1743495534.920656,-22,80,218
1743495534.955656,-36,-15,78
1743495534.991656,47,-41,210
1743495535.0266562,-9,-5,114
1743495535.0626562,55,62,178
1743495535.097656,59,48,60
1743495535.132656,23,26,240
1743495535.168656,-60,-45,106
1743495535.203656,-76,12,116
1743495535.239656,13,8,142
1743495535.274656,-32,32,114
1743495535.310656,127,-113,158
1743495535.346656,35,-41,212
1743495535.382656,-34,0,96
1743495535.418656,63,38,122
1743495535.453656,15,0,73
1743495535.488656,25,48,167
1743495535.524656,9,-62,154
1743495535.560656,-78,2,112
1743495535.5956562,-24,41,182
1743495535.6316562,14,-22,64
1743495535.666656,-143,-38,204
1743495535.701656,-3,-12,50
1743495535.736656,-2,39,118
1743495535.772656,-14,25,116
1743495535.808656,33,-58,136
1743495535.843656,25,-50,137
1743495535.879656,-14,29,121
1743495535.9146562,-30,33,141
1743495535.949656,-28,19,259
1743495535.984656,-32,25,205
1743495536.020656,-20,45,194
1743495536.056656,-58,-22,118
1743495536.091656,71,27,64
1743495536.127656,-36,-57,62
1743495536.162656,6,-69,220
1743495536.1976562,-54,-19,120
1743495536.232656,-46,34,252
1743495536.268656,51,76,249
1743495536.304656,-2,-3,109
1743495536.339656,23,44,157
1743495536.375656,-40,35,199
1743495536.410656,-20,32,262
1743495536.445656,-52,-1,202
1743495536.480656,-26,-49,118
1743495536.5166562,-18,-31,116
1743495536.552656,9,-23,126
1743495536.587656,-60,30,124
1743495536.623656,-13,-51,190
1743495536.658656,28,-57,100
1743495536.693656,-5,-43,78
1743495536.728656,0,8,118
1743495536.764656,25,-17,46
1743495536.800656,-4,10,134
1743495536.8356562,-57,-11,240
1743495536.871656,49,38,246
1743495536.906656,-2,-21,114
1743495536.941656,40,-39,86
1743495536.976656,-19,-39,108
1743495537.012656,-17,0,200
1743495537.048656,72,122,30
1743495537.083656,38,64,98
1743495537.119656,-13,28,190
1743495537.1546562,8,38,182
1743495537.189656,-103,2,112
1743495537.224656,66,-39,172
1743495537.260656,-13,-1,88
1743495537.296656,-31,30,88
1743495537.331656,-26,-63,76
1743495537.367656,71,-23,202
1743495537.402656,-21,-53,-15
1743495537.4376562,11,2,58
1743495537.472656,-41,-1,162
1743495537.508656,-5,42,112
1743495537.544656,-16,-41,138
1743495537.579656,-8,-13,148
1743495537.615656,-1,-3,206
1743495537.650656,53,44,4
1743495537.685656,-68,-29,174
1743495537.7206562,17,17,126
1743495537.7566562,135,35,126
1743495537.792656,15,-54,126
1743495537.827656,3,15,92
1743495537.863656,59,-4,82
1743495537.898656,-62,-62,42
1743495537.933656,-18,1,52
1743495537.968656,1,-28,14
1743495538.004656,-38,19,-9
1743495538.040656,-26,43,196
1743495538.075656,39,5,190
1743495538.111656,-66,17,102
1743495538.146656,85,-4,92
1743495538.181656,9,37,222
1743495538.216656,13,-42,76
1743495538.252656,47,21,16
1743495538.288656,-22,49,172
1743495538.323656,-78,-22,194
1743495538.359656,17,7,158
1743495538.394656,7,-40,-39
1743495538.429656,29,15,88
1743495538.464656,16,-24,98
1743495538.500656,-26,33,140
1743495538.536656,-30,41,224
1743495538.571656,-38,0,144
1743495538.607656,-100,-32,120
1743495538.642656,-50,11,190
1743495538.677656,-84,30,80
1743495538.712656,-84,-25,202
1743495538.748656,15,2,150
1743495538.784656,55,10,176
1743495538.819656,-37,-11,134
1743495538.855656,13,18,174
1743495538.890656,8,9,48
1743495538.925656,39,68,210
1743495538.9606562,-40,-30,156
1743495538.996656,41,-20,72
1743495539.032656,29,-70,214
1743495539.067656,-36,7,170
1743495539.103656,49,89,210
1743495539.138656,-48,27,4
1743495539.173656,29,61,180
1743495539.208656,-26,-90,104
1743495539.244656,-52,39,190
1743495539.280656,34,-28,172
1743495539.315656,-30,-8,192
1743495539.351656,13,-42,104
1743495539.386656,-77,-2,-19
1743495539.421656,32,17,76
1743495539.456656,-46,-48,90
1743495539.492656,-36,-6,146
1743495539.528656,-10,-5,-17
1743495539.563656,25,-1,70
1743495539.599656,-20,-36,128
1743495539.634656,0,9,82
1743495539.669656,-8,-21,104
1743495539.704656,-84,34,130
1743495539.740656,15,120,192
1743495539.7766562,-30,34,218
1743495539.811656,57,-15,279
1743495539.847656,-30,-60,31
1743495539.882656,29,-32,158
1743495539.917656,-2,-6,124
1743495539.952656,23,21,136
1743495539.988656,37,-22,60
1743495540.024656,51,-18,138
1743495540.059656,-8,0,124
1743495540.0956562,87,19,74
1743495540.130656,1,9,188
1743495540.165656,-68,51,188
1743495540.200656,-62,19,116
1743495540.236656,37,79,88
1743495540.272656,-22,-54,132
1743495540.307656,-46,42,128
1743495540.343656,69,-20,120
1743495540.378656,0,-93,142
1743495540.413656,49,-73,159
1743495540.448656,-29,2,89
1743495540.484656,-36,-23,191
1743495540.520656,45,24,79
1743495540.555656,87,-15,85
1743495540.591656,37,10,129
1743495540.626656,-38,28,123
1743495540.661656,53,-13,151
1743495540.704656,-23,-59,41
1743495540.740656,-31,-27,197
1743495540.7766562,18,-13,189
1743495540.811656,-81,32,123
1743495540.847656,-42,-5,155
1743495540.882656,-8,2,139
1743495540.917656,-19,14,203
1743495540.952656,-5,0,37
1743495540.988656,13,22,187
1743495541.024656,-62,35,269
1743495541.059656,3,-10,91
1743495541.0956562,-72,-68,169
1743495541.130656,3,-32,144
1743495541.165656,47,67,214
1743495541.201656,5,-40,168
1743495541.236656,77,-48,253
1743495541.272656,-26,27,93
1743495541.307656,-24,-62,136
1743495541.343656,23,-44,100
1743495541.378656,0,-44,130
1743495541.413656,11,17,202
1743495541.449656,-108,-4,174
1743495541.484656,21,-6,106
1743495541.520656,9,13,96
1743495541.555656,33,5,112
1743495541.591656,29,47,162
1743495541.626656,41,34,232
1743495541.661656,65,-14,176
1743495541.6976562,73,-18,100
1743495541.732656,-20,-4,160
1743495541.768656,69,0,152
1743495541.803656,59,-32,108
1743495541.839656,29,15,236
1743495541.874656,13,-40,56
1743495541.909656,59,39,152
1743495541.945656,-14,1,92
1743495541.980656,0,-26,164
1743495542.0166562,1,-26,4
1743495542.051656,25,-16,240
1743495542.087656,3,-40,102
1743495542.122656,-104,-26,62
1743495542.157656,-24,-76,142
1743495542.193656,11,9,140
1743495542.228656,-10,-16,28
1743495542.264656,29,-12,126
1743495542.2996562,0,7,178
1743495542.3356562,-52,21,197
1743495542.370656,0,9,89
1743495542.405656,-42,-20,-58
1743495542.441656,19,-24,99
1743495542.476656,3,13,91
1743495542.512656,59,-80,105
1743495542.547656,5,39,67
1743495542.583656,47,1,81
1743495542.6186562,8,-40,167
1743495542.653656,-39,65,120
1743495542.689656,82,23,96
1743495542.724656,2,7,104
1743495542.760656,-34,-50,-5
1743495542.795656,-27,43,170
1743495542.831656,17,-6,266
1743495542.866656,97,-30,56
1743495542.9016562,-48,1,112
1743495542.9376562,35,43,66
1743495542.972656,0,11,210
1743495543.008656,-38,1,134
1743495543.043656,-14,5,86
1743495543.079656,9,13,90
1743495543.114656,71,12,238
1743495543.149656,59,40,169
1743495543.185656,-4,-9,126
1743495543.2206562,-20,-63,216
1743495543.2566562,91,14,84
1743495543.291656,5,-17,88
1743495543.327656,17,0,184
1743495543.362656,-16,41,120
1743495543.397656,-24,-39,210
1743495543.433656,-44,18,44
1743495543.468656,111,-21,120
1743495543.504656,21,4,230
1743495543.5396562,-32,42,158
1743495543.575656,-14,-17,116
1743495543.610656,-56,38,108
1743495543.645656,11,14,138
1743495543.681656,-70,44,156
1743495543.716656,27,44,56
1743495543.752656,-34,6,166
1743495543.787656,20,-61,130
1743495543.823656,0,-31,244
1743495543.8586562,46,-39,64
1743495543.893656,10,40,42
1743495543.929656,-65,20,220
1743495543.964656,-31,-39,88
1743495544.000656,-37,-15,46
1743495544.035656,49,14,194
1743495544.071656,-59,22,96
1743495544.107656,28,82,198
1743495544.143656,30,52,143
1743495544.178656,8,-53,165
1743495544.213656,-8,38,33
1743495544.249656,-23,78,203
1743495544.284656,-19,-85,171
1743495544.320656,-42,20,237
1743495544.355656,5,-11,182
1743495544.3916562,-13,-63,188
1743495544.426656,8,42,259
1743495544.461656,-27,32,201
1743495544.497656,14,14,1
1743495544.532656,-27,36,95
1743495544.568656,-65,-3,155
1743495544.603656,-19,6,125
1743495544.639656,60,4,137
1743495544.6746562,22,-13,273
1743495544.709656,30,60,159
1743495544.745656,-23,34,239
1743495544.780656,50,-24,155
1743495544.816656,20,-13,167
1743495544.851656,-69,60,99
1743495544.887656,-35,66,75
1743495544.923656,-109,8,41
1743495544.959656,12,-35,301
1743495544.995656,-93,28,153
1743495545.030656,33,4,77
1743495545.065656,-40,-27,243
1743495545.101656,3,-37,253
1743495545.137656,9,-27,131
1743495545.172656,5,-69,71
1743495545.208656,32,-83,169
1743495545.2436562,-1,-67,173
1743495545.278656,64,62,77
1743495545.313656,38,-17,197
1743495545.349656,-47,-59,125
1743495545.385656,-15,92,-66
1743495545.420656,-5,-45,151
1743495545.456656,52,-11,95
1743495545.491656,82,-21,33
1743495545.5266562,52,76,177
1743495545.561656,2,34,145
1743495545.597656,-103,-81,213
1743495545.633656,1,-13,195
1743495545.668656,-29,36,207
1743495545.704656,-11,16,239
1743495545.739656,44,48,143
1743495545.774656,-51,8,43
1743495545.809656,-23,-83,23
1743495545.8456562,38,4,221
1743495545.8816562,40,-47,229
1743495545.916656,4,96,145
1743495545.952656,48,50,23
1743495545.987656,18,-51,157
1743495546.022656,-3,64,141
1743495546.057656,42,-27,31
1743495546.093656,34,26,167
1743495546.129656,40,-91,67
1743495546.1646562,56,40,65
1743495546.200656,-33,42,-14
1743495546.235656,-27,-33,201
1743495546.270656,-5,-35,7
1743495546.305656,22,20,95
1743495546.341656,114,4,139
1743495546.377656,-17,28,65
1743495546.412656,-57,16,189
1743495546.448656,-45,10,97
1743495546.4836562,34,-117,215
1743495546.518656,38,-3,151
1743495546.553656,-85,2,75
1743495546.589656,56,-9,121
1743495546.625656,6,-21,153
1743495546.660656,-34,30,141
1743495546.696656,-27,-21,7
1743495546.731656,25,-11,207
1743495546.7666562,-64,-31,93
1743495546.801656,-44,-11,23
1743495546.837656,31,-9,191
1743495546.873656,61,0,239
1743495546.908656,34,16,177
1743495546.944656,57,-53,195
1743495546.979656,-35,28,79
1743495547.014656,-18,-18,195
1743495547.0496562,23,65,65
1743495547.0856562,35,-24,129
1743495547.121656,-10,33,71
1743495547.156656,-78,43,107
1743495547.192656,-34,23,177
1743495547.227656,53,29,203
1743495547.262656,-14,-28,161
1743495547.297656,55,25,205
1743495547.333656,21,-76,65
1743495547.369656,-64,-4,299
1743495547.4046562,75,22,139
1743495547.440656,47,-66,57
1743495547.475656,-34,3,51
1743495547.510656,29,29,69
1743495547.545656,-10,-32,63
1743495547.581656,27,-70,29
1743495547.617656,45,-70,115
1743495547.652656,7,-18,71
1743495547.688656,75,3,153
1743495547.723656,17,-22,63
1743495547.758656,59,-22,75
1743495547.793656,0,-23,177
1743495547.829656,-36,15,67
1743495547.865656,-26,-4,47
1743495547.900656,89,-26,117
1743495547.936656,11,69,97
1743495547.971656,31,-32,111
1743495548.0066562,29,19,235
1743495548.041656,71,21,137
1743495548.077656,63,-38,85
1743495548.113656,-18,-22,81
1743495548.148656,97,13,72
1743495548.184656,-20,-36,169
1743495548.219656,-2,45,106
1743495548.254656,-56,-32,210
1743495548.2896562,-36,-56,114
1743495548.325656,77,9,136
1743495548.361656,45,-8,66
1743495548.396656,-30,41,12
1743495548.432656,7,1,206
1743495548.467656,-7,-80,130
1743495548.502656,54,15,32
1743495548.537656,-1,-7,84
1743495548.573656,-9,33,182
1743495548.609656,24,-39,174
1743495548.644656,6,28,142
1743495548.680656,36,6,46
1743495548.715656,6,-21,114
1743495548.750656,0,-61,158
1743495548.785656,24,20,100
1743495548.821656,-65,-41,138
1743495548.857656,-7,84,86
1743495548.892656,-29,0,92
1743495548.928656,-41,-84,192
1743495548.963656,106,7,194
1743495548.998656,-65,-35,154
1743495549.033656,54,25,150
1743495549.069656,8,-100,138
1743495549.105656,34,100,94
1743495549.140656,-93,-16,208
1743495549.176656,-63,-41,68
1743495549.211656,6,8,40
1743495549.246656,-13,-33,152
1743495549.281656,-11,-5,134
1743495549.317656,4,-9,218
1743495549.353656,-19,-99,130
1743495549.388656,54,-87,22
1743495549.4246562,30,-29,214
1743495549.459656,-53,66,140
1743495549.494656,46,20,278
1743495549.5296562,10,26,22
1743495549.565656,66,-41,196
1743495549.601656,-13,-36,174
1743495549.636656,-61,50,274
1743495549.672656,42,20,120
1743495549.707656,-61,66,160
1743495549.742656,0,-1,12
1743495549.777656,-77,30,208
1743495549.813656,-91,-61,206
1743495549.849656,-35,-15,66
1743495549.884656,52,-45,220
1743495549.920656,-5,34,64
1743495549.955656,-79,138,28
1743495549.990656,21,78,112
1743495550.025656,-18,12,102
1743495550.061656,-1,-41,0
1743495550.097656,38,56,144
1743495550.132656,28,42,118
1743495550.168656,68,34,138
1743495550.203656,44,120,200
1743495550.238656,-23,14,26
1743495550.273656,30,-59,100
1743495550.309656,70,36,104
1743495550.3456562,20,0,132
1743495550.380656,64,50,206
1743495550.416656,-81,4,280
1743495550.451656,-53,40,166
1743495550.486656,-19,-37,70
1743495550.521656,34,6,92
1743495550.557656,18,20,120
1743495550.593656,28,-55,88
1743495550.628656,54,14,248
1743495550.6646562,12,29,76
1743495550.706656,-35,-84,190
1743495550.742656,-71,-2,82
1743495550.777656,108,-92,262
1743495550.813656,-85,-13,30
1743495550.849656,-83,6,202
1743495550.884656,22,-21,36
1743495550.920656,-23,29,84
1743495550.955656,15,-88,144
1743495550.990656,-19,-18,136
1743495551.0266562,14,1,188
1743495551.061656,-45,3,104
1743495551.097656,-20,-14,106
1743495551.132656,-44,-44,234
1743495551.168656,17,30,164
1743495551.203656,-14,-37,70
1743495551.238656,23,-35,236
1743495551.274656,17,-29,128
1743495551.309656,-16,-17,198
1743495551.3456562,-20,21,222
1743495551.380656,-60,77,48
1743495551.416656,-50,7,96
1743495551.451656,13,-68,164
1743495551.486656,37,0,84
1743495551.522656,-35,-16,198
1743495551.557656,-47,49,104
1743495551.593656,-3,-46,188
1743495551.628656,-85,9,248
1743495551.6646562,-23,80,114
1743495551.699656,-23,-73,-19
1743495551.734656,-73,-11,122
1743495551.770656,4,21,130
1743495551.805656,68,65,158
1743495551.841656,-15,39,180
1743495551.876656,96,-32,230
1743495551.912656,62,89,216
1743495551.9476562,30,11,114
1743495551.982656,82,-66,222
1743495552.018656,68,31,44
1743495552.053656,0,37,172
1743495552.089656,-13,33,192
1743495552.124656,28,11,62
1743495552.160656,-37,-14,136
1743495552.195656,12,-34,146
1743495552.230656,-11,21,108
1743495552.2666562,-23,9,162
1743495552.301656,-53,21,70
1743495552.337656,-98,21,192
1743495552.372656,-52,0,12
1743495552.408656,-98,3,164
1743495552.443656,55,38,162
1743495552.478656,-34,-8,60
1743495552.514656,25,-12,98
1743495552.5496562,-24,43,140
1743495552.5856562,-88,-52,182
1743495552.620656,-12,-40,42
1743495552.656656,85,61,26
1743495552.691656,-6,-144,140
1743495552.726656,-26,33,166
1743495552.762656,7,45,314
1743495552.797656,45,35,112
1743495552.833656,-74,-39,110
1743495552.8686562,5,-40,154
1743495552.9046562,3,49,132
1743495552.939656,-12,31,76
1743495552.974656,43,-32,114
1743495553.010656,81,45,244
1743495553.045656,-4,-67,190
1743495553.081656,-98,56,100
1743495553.116656,-22,14,134
1743495553.152656,-10,-41,126
1743495553.1876562,49,22,130
1743495553.222656,0,29,88
1743495553.258656,7,46,96
1743495553.293656,-24,-27,144
1743495553.329656,13,42,156
1743495553.364656,51,-55,-7
1743495553.399656,24,-11,200
1743495553.434656,-78,89,36
1743495553.4706562,-47,19,56
1743495553.5066562,28,-14,80
1743495553.541656,-57,-30,162
1743495553.577656,66,33,221
1743495553.612656,-17,-104,189
1743495553.648656,-3,27,70
1743495553.683656,-83,37,54
1743495553.718656,93,-52,174
1743495553.754656,-10,-60,165
1743495553.7896562,67,14,123
1743495553.825656,29,-24,127
1743495553.860656,-22,-76,41
1743495553.896656,-55,-12,181
1743495553.931656,-69,21,105
1743495553.966656,65,-38,35
1743495554.002656,35,21,185
1743495554.037656,74,13,185
1743495554.073656,11,25,159
1743495554.1086562,16,7,205
1743495554.144656,-34,31,135
1743495554.179656,-9,13,187
1743495554.214656,-65,21,33
1743495554.250656,-47,51,243
1743495554.285656,-77,-10,197
1743495554.321656,8,-4,73
1743495554.356656,67,-16,109
1743495554.392656,4,15,-10
1743495554.428656,-35,49,137
1743495554.464656,-13,-75,233
1743495554.500656,44,-69,151
1743495554.536656,2,36,173
1743495554.5726562,-36,1,101
1743495554.607656,5,-2,89
1743495554.642656,24,-66,145
1743495554.678656,10,4,117
1743495554.714656,-25,23,107
1743495554.749656,-17,-14,123
1743495554.785656,16,35,215
1743495554.820656,10,32,143
1743495554.855656,-53,-93,45
1743495554.890656,0,-39,101
1743495554.926656,-70,8,157
1743495554.962656,17,-17,149
1743495554.997656,-11,-27,87
1743495555.033656,-22,-13,181
1743495555.068656,23,34,105
1743495555.103656,9,52,41
1743495555.138656,13,34,195
1743495555.1746562,93,-27,221
1743495555.2106562,-14,-65,152
1743495555.245656,14,49,60
1743495555.281656,-69,34,126
1743495555.316656,-8,11,89
1743495555.351656,63,2,111
1743495555.386656,-20,-15,67
1743495555.422656,4,51,235
1743495555.458656,-31,-17,159
1743495555.4936562,-41,9,56
1743495555.5296562,37,7,143
1743495555.564656,49,75,221
1743495555.599656,13,-34,145
1743495555.634656,-4,-28,69
1743495555.670656,-84,-74,139
1743495555.706656,1,-13,149
1743495555.741656,27,22,97
1743495555.777656,21,-1,139
1743495555.8126562,-86,66,120
1743495555.847656,11,44,154
1743495555.882656,-45,34,68
1743495555.918656,-38,-26,258
1743495555.954656,-46,-12,70
1743495555.989656,-68,0,132
1743495556.025656,35,-26,72
1743495556.060656,-59,-72,68
1743495556.0956562,-31,5,-11
1743495556.130656,-11,-16,126
1743495556.166656,-2,-34,72
1743495556.202656,-1,69,174
1743495556.237656,-25,45,86
1743495556.273656,-44,-90,306
1743495556.308656,-12,27,-1
1743495556.343656,-30,-42,198
1743495556.378656,10,45,96
1743495556.4146562,68,-22,66
1743495556.450656,57,-24,118
1743495556.485656,8,-10,36
1743495556.521656,50,-28,260
1743495556.556656,-25,-44,118
1743495556.591656,-9,5,100
1743495556.626656,-33,-24,58
1743495556.662656,-15,11,102
1743495556.698656,0,-46,108
1743495556.7336562,22,27,140
1743495556.769656,-9,57,176
1743495556.804656,7,-35,78
1743495556.839656,45,27,58
1743495556.874656,-58,-26,100
1743495556.910656,39,-18,228
1743495556.946656,39,73,72
1743495556.981656,-48,39,84
1743495557.017656,51,-20,142
1743495557.052656,3,-40,208
1743495557.087656,-35,33,148
1743495557.122656,-38,51,52
1743495557.158656,30,59,126
1743495557.194656,26,-18,54
1743495557.229656,44,11,74
1743495557.265656,86,-20,102
1743495557.300656,-21,-65,120
1743495557.3356562,62,-13,174
1743495557.370656,10,0,28
1743495557.406656,-47,-66,152
1743495557.442656,40,-30,117
1743495557.477656,-83,-9,105
1743495557.513656,-67,-59,179
1743495557.548656,-15,-9,110
1743495557.583656,44,-55,176
1743495557.6186562,-25,28,171
1743495557.6546562,-81,-11,101
1743495557.690656,-33,4,153
1743495557.725656,-41,0,165
1743495557.761656,-85,-13,91
1743495557.796656,58,82,237
1743495557.831656,2,-31,106
1743495557.866656,40,-71,20
1743495557.902656,3,-23,206
1743495557.938656,-78,14,24
1743495557.973656,67,-9,123
1743495558.009656,-6,-129,137
1743495558.044656,81,-31,183
1743495558.079656,-2,8,141
1743495558.114656,11,40,195
1743495558.150656,30,126,189
1743495558.186656,54,-102,45
1743495558.221656,22,-30,79
1743495558.257656,66,20,183
1743495558.292656,67,70,101
1743495558.327656,-52,-3,171
1743495558.362656,-100,-69,65
1743495558.398656,71,-35,105
1743495558.434656,-16,-5,197
1743495558.469656,14,-25,143
1743495558.505656,40,-15,161
1743495558.540656,74,-7,101
1743495558.575656,-23,32,130
1743495558.610656,4,28,202
1743495558.646656,-1,14,133
1743495558.682656,42,-21,60
1743495558.717656,-43,72,44
1743495558.753656,-24,-7,142
1743495558.788656,22,-7,48
1743495558.823656,34,-59,172
1743495558.8586562,-13,-33,166
1743495558.894656,32,-25,76
1743495558.930656,-79,60,144
1743495558.965656,-1,-4,8
1743495559.001656,0,97,14
1743495559.036656,38,-36,92
1743495559.071656,57,7,86
1743495559.106656,39,-10,140
1743495559.142656,103,39,178
1743495559.178656,41,0,182
1743495559.213656,85,-34,88
1743495559.249656,17,35,114
1743495559.284656,-22,-60,102
1743495559.319656,-3,-62,210
1743495559.354656,-39,-20,146
1743495559.390656,-35,29,162
1743495559.426656,-5,-52,164
1743495559.461656,98,-58,254
1743495559.497656,-7,-4,92
1743495559.532656,-23,0,106
1743495559.567656,14,75,152
1743495559.602656,-35,-36,86
1743495559.638656,30,25,110
1743495559.6746562,50,45,90
1743495559.709656,-29,53,292
1743495559.745656,56,-20,190
1743495559.780656,-83,22,114
1743495559.815656,-13,-1,112
1743495559.850656,100,-49,122
1743495559.886656,-23,15,160
1743495559.922656,-31,-24,111
1743495559.957656,10,-18,199
1743495559.9936562,34,31,180
1743495560.028656,-19,-50,212
1743495560.063656,-11,16,252
1743495560.098656,-39,23,113
1743495560.134656,16,25,143
1743495560.170656,-65,-7,171
1743495560.205656,-35,-27,71
1743495560.241656,98,-25,123
1743495560.2766562,28,36,57
1743495560.311656,46,38,173
1743495560.346656,-7,40,203
1743495560.382656,12,52,147
1743495560.418656,27,-47,193
1743495560.453656,5,-19,85
1743495560.489656,-4,40,157
1743495560.524656,67,14,43
1743495560.559656,-4,40,99
1743495560.5956562,-38,22,165
1743495560.630656,49,8,59
1743495560.666656,63,88,277
1743495560.708656,40,-33,205
1743495560.745656,-5,-27,141
1743495560.780656,67,54,205
1743495560.815656,-76,-29,137
1743495560.851656,19,42,219
1743495560.886656,65,-81,109
1743495560.922656,93,24,247
1743495560.957656,0,-53,149
1743495560.9936562,35,-75,97
1743495561.028656,-120,-13,31
1743495561.063656,-10,-43,100
1743495561.099656,60,-47,92
1743495561.134656,-13,-7,150
1743495561.170656,0,20,100
1743495561.205656,47,-3,206
1743495561.241656,-30,18,124
1743495561.2766562,-48,-39,-20
1743495561.311656,-56,-35,321
1743495561.347656,-184,-3,85
1743495561.382656,-41,4,196
1743495561.418656,79,20,192
1743495561.453656,7,-35,74
1743495561.489656,-18,-17,26
1743495561.524656,77,-15,194
1743495561.559656,-78,98,200
1743495561.5956562,-16,-33,118
1743495561.630656,-20,14,80
1743495561.666656,37,-27,86
1743495561.701656,25,-5,126
1743495561.737656,-38,14,232
1743495561.772656,-88,44,174
1743495561.807656,-42,18,230
1743495561.843656,15,-3,234
1743495561.878656,0,10,194
1743495561.9146562,95,-85,98
1743495561.949656,107,22,136
1743495561.985656,-59,-17,184
1743495562.020656,4,24,38
1743495562.055656,34,16,250
1743495562.091656,22,-83,66
1743495562.126656,-23,-29,306
1743495562.162656,10,38,64
1743495562.1976562,-7,58,128
1743495562.2336562,0,-61,80
1743495562.268656,-35,22,117
1743495562.303656,-8,20,-28
1743495562.339656,21,0,219
1743495562.374656,39,-25,19
1743495562.410656,-26,28,57
1743495562.445656,-1,26,115
1743495562.481656,-6,-17,183
1743495562.5166562,-41,-19,237
1743495562.551656,-36,66,125
1743495562.587656,30,-37,89
1743495562.622656,46,14,65
1743495562.658656,19,40,131
1743495562.693656,-34,-67,145
1743495562.729656,34,-63,179
1743495562.764656,36,-21,77
1743495562.7996562,-15,56,117
1743495562.8356562,82,-35,167
1743495562.870656,38,26,123
1743495562.906656,-17,-6,71
1743495562.941656,16,-38,199
1743495562.977656,-33,17,121
1743495563.012656,2,-66,187
1743495563.047656,-11,7,219
1743495563.083656,-13,55,105
1743495563.1186562,-15,37,189
1743495563.1546562,-109,1,115
1743495563.189656,68,-10,211
1743495563.225656,8,-63,265
1743495563.260656,-117,6,79
1743495563.295656,78,28,111
1743495563.331656,-57,-1,67
1743495563.366656,-17,10,175
1743495563.402656,-33,-1,113
1743495563.4376562,38,32,133
1743495563.473656,44,-13,109
1743495563.508656,57,36,113
1743495563.543656,27,-17,163
1743495563.579656,7,-27,61
1743495563.614656,73,-7,55
1743495563.650656,-23,48,83
1743495563.685656,15,56,213
1743495563.721656,-65,70,255
1743495563.7566562,20,126,45
1743495563.791656,-80,-29,139
1743495563.827656,-14,-9,56
1743495563.862656,53,12,147
1743495563.898656,16,-21,98
1743495563.933656,0,-45,96
1743495563.969656,-38,-93,82
1743495564.005656,-40,50,98
1743495564.041656,75,-47,28
1743495564.077656,-34,-7,145
1743495564.113656,13,20,179
1743495564.149656,-128,-39,93
1743495564.184656,35,50,147
1743495564.219656,-6,-35,-60
1743495564.255656,-12,-65,81
1743495564.291656,-2,25,135
1743495564.326656,-38,-6,129
1743495564.362656,-4,-70,107
1743495564.397656,5,25,266
1743495564.432656,41,17,120
1743495564.467656,15,-56,72
1743495564.503656,19,31,75
1743495564.5396562,-26,-66,263
1743495564.574656,-28,-32,175
1743495564.610656,35,-14,211
1743495564.645656,-6,31,63
1743495564.680656,-34,19,97
1743495564.715656,-2,-60,213
1743495564.751656,-32,37,61
1743495564.787656,23,-6,103
1743495564.8226562,7,-62,169
1743495564.8586562,25,9,148
1743495564.893656,-54,3,170
1743495564.928656,-36,-29,106
1743495564.963656,54,10,158
1743495564.999656,10,-9,244
1743495565.035656,-65,-33,120
1743495565.070656,26,-97,130
1743495565.106656,29,-11,152
1743495565.1416562,-28,24,216
1743495565.176656,27,-13,226
1743495565.211656,-36,70,118
1743495565.247656,7,-33,142
1743495565.283656,3,-85,168
1743495565.318656,31,-31,180
1743495565.354656,0,34,94
1743495565.389656,3,-53,70
1743495565.4246562,45,-17,154
1743495565.459656,-28,-19,88
1743495565.495656,5,-37,54
1743495565.531656,23,72,180
1743495565.566656,95,-19,34
1743495565.602656,-2,14,159
1743495565.637656,-16,-9,139
1743495565.672656,33,-31,227
1743495565.707656,3,42,207
1743495565.7436562,-30,8,117
1743495565.7796562,21,60,136
1743495565.814656,35,-45,128
1743495565.850656,35,-11,90
1743495565.885656,-52,52,134
1743495565.920656,-52,16,2
1743495565.955656,-68,22,66
1743495565.991656,31,0,10
1743495566.027656,9,-59,198
1743495566.0626562,-33,-65,146
1743495566.098656,-1,46,72
1743495566.133656,-16,-67,216
1743495566.168656,28,-7,22
1743495566.203656,-13,28,300
1743495566.239656,78,40,18
1743495566.275656,8,2,78
1743495566.310656,-65,34,86
1743495566.346656,44,-27,158
1743495566.3816562,56,14,128
1743495566.416656,-9,-105,-15
1743495566.451656,32,6,130
1743495566.487656,-7,-43,196
1743495566.523656,-17,-72,68
1743495566.558656,106,-40,158
1743495566.594656,-37,-34,112
1743495566.629656,58,55,84
1743495566.6646562,-46,31,212
1743495566.699656,-121,-22,116
1743495566.735656,36,-66,104
1743495566.771656,40,49,224
1743495566.806656,12,-60,190
1743495566.842656,104,69,66
1743495566.877656,-7,53,60
1743495566.912656,-41,-42,134
1743495566.9476562,-55,17,63
1743495566.9836562,-57,-80,159
1743495567.019656,20,33,149
1743495567.054656,-33,-4,177
1743495567.090656,-22,28,135
1743495567.125656,5,22,211
1743495567.160656,20,-61,91
1743495567.195656,50,92,217
1743495567.231656,-33,-17,102
1743495567.267656,8,40,68
1743495567.302656,20,-1,168
1743495567.338656,-47,-13,186
1743495567.373656,58,-11,118
1743495567.408656,64,62,122
1743495567.443656,-53,-28,132
1743495567.479656,-35,45,88
1743495567.515656,98,69,124
1743495567.550656,-117,35,84
1743495567.586656,-17,-26,166
1743495567.621656,16,-46,228
1743495567.656656,12,1,111
1743495567.691656,-9,24,105
1743495567.727656,56,60,95
1743495567.763656,-11,50,81
1743495567.798656,72,-49,87
1743495567.834656,0,-4,135
1743495567.869656,12,-72,97
1743495567.9046562,-39,19,107
1743495567.939656,-4,9,175
1743495567.975656,34,39,189
1743495568.011656,62,-55,71
1743495568.046656,-35,18,53
1743495568.082656,18,28,65
1743495568.117656,4,118,169
1743495568.152656,2,64,167
1743495568.1876562,-17,-25,43
1743495568.223656,-4,-37,187
1743495568.259656,-4,-11,43
1743495568.294656,-22,2,101
1743495568.330656,0,36,209
1743495568.365656,-46,-25,133
1743495568.400656,13,68,149
1743495568.435656,-42,-1,111
1743495568.471656,97,-49,189
1743495568.507656,-16,-30,45
1743495568.542656,-8,-36,41
1743495568.578656,51,-10,101
1743495568.613656,45,-10,75
1743495568.648656,57,77,98
1743495568.683656,-11,-64,136
1743495568.719656,96,-76,258
1743495568.755656,-21,-60,84
1743495568.790656,-7,-52,182
1743495568.826656,46,-30,126
1743495568.861656,26,33,114
1743495568.896656,12,-40,132
1743495568.931656,-33,-46,282
1743495568.967656,-25,9,76
1743495569.003656,-29,-20,182
1743495569.038656,-5,39,118
1743495569.074656,0,-17,126
1743495569.109656,-75,-33,106
1743495569.144656,128,30,220
1743495569.179656,-3,38,162
1743495569.215656,14,74,84
1743495569.251656,-63,63,160
1743495569.286656,84,-17,100
1743495569.3226562,20,-30,132
1743495569.357656,54,-28,39
1743495569.392656,-9,-70,195
1743495569.427656,-49,45,114
1743495569.463656,0,11,-44
1743495569.499656,-21,-42,191
1743495569.534656,0,4,185
1743495569.570656,-55,-101,187
1743495569.605656,-23,54,135
1743495569.640656,6,-25,71
1743495569.675656,-89,-9,187
1743495569.711656,-27,52,225
1743495569.747656,100,-43,119
1743495569.782656,-35,-25,95
1743495569.818656,54,-11,129
1743495569.853656,124,0,117
1743495569.888656,5,-25,137
1743495569.923656,-8,58,23
1743495569.959656,62,28,217
1743495569.995656,-44,90,35
1743495570.030656,33,-26,165
1743495570.066656,-40,5,157
1743495570.101656,7,-78,119
1743495570.136656,5,0,127
1743495570.172656,15,29,123
1743495570.207656,12,-2,169
1743495570.2436562,20,-54,97
1743495570.278656,0,-39,161
1743495570.314656,67,-60,65
1743495570.349656,-20,9,201
1743495570.384656,-22,-22,127
1743495570.420656,-2,-26,241
1743495570.455656,0,-30,59
1743495570.491656,-18,1,-54
1743495570.5266562,-58,-36,41
1743495570.5626562,-64,-40,89
1743495570.597656,27,43,103
1743495570.632656,-10,-18,131
1743495570.668656,39,13,257
1743495570.7106562,3,21,43
1743495570.747656,-36,-40,177
1743495570.782656,33,53,185
1743495570.818656,41,-30,175
1743495570.853656,37,-2,115
1743495570.888656,-44,11,199
1743495570.9246562,13,17,173
1743495570.959656,-48,-42,143
1743495570.995656,-72,31,57
1743495571.030656,-8,-26,107
1743495571.066656,43,69,247
1743495571.101656,-56,77,139
1743495571.136656,53,23,107
1743495571.172656,1,-28,201
1743495571.207656,-56,9,219
1743495571.2436562,21,23,109
1743495571.278656,1,-82,135
1743495571.314656,-16,57,175
1743495571.349656,-42,7,27
1743495571.384656,-78,11,167
1743495571.420656,39,-46,117
1743495571.455656,-97,17,185
1743495571.491656,-9,-14,77
1743495571.5266562,-7,23,3
1743495571.5626562,-61,-14,151
1743495571.597656,14,39,77
1743495571.632656,63,-36,73
1743495571.668656,74,0,117
1743495571.703656,-91,2,215
1743495571.739656,-61,-17,49
1743495571.774656,-25,4,93
1743495571.810656,-92,46,127
1743495571.8456562,21,-9,83
1743495571.880656,-64,44,155
1743495571.916656,27,-7,193
1743495571.951656,-29,12,187
1743495571.987656,8,34,69
1743495572.022656,14,-27,-10
1743495572.058656,-53,-17,89
1743495572.093656,28,19,111
1743495572.128656,48,-4,81
1743495572.1646562,-59,3,261
1743495572.199656,-88,23,193
1743495572.235656,101,13,223
1743495572.270656,33,7,211
1743495572.306656,-2,-52,153
1743495572.341656,-9,-44,217
1743495572.376656,17,-2,191
1743495572.412656,-17,-56,201
1743495572.4476562,23,-78,127
1743495572.4836562,-58,7,147
1743495572.518656,-11,-28,95
1743495572.554656,43,59,145
1743495572.589656,0,-22,123
1743495572.624656,47,-28,103
1743495572.660656,-36,-2,121
1743495572.695656,1,55,217
1743495572.731656,-74,31,133
1743495572.7666562,31,51,241
1743495572.802656,19,-48,219
1743495572.837656,-20,19,219
1743495572.872656,43,7,111
1743495572.908656,-46,-120,151
1743495572.943656,53,-9,45
1743495572.979656,83,-35,203
1743495573.014656,-7,-55,193
1743495573.050656,-9,67,73
1743495573.0856562,-21,-2,93
1743495573.120656,18,31,141
1743495573.156656,81,-40,123
1743495573.191656,21,-24,188
1743495573.227656,8,-36,142
1743495573.262656,-5,-8,1
1743495573.298656,-11,-58,156
1743495573.333656,-51,47,94
1743495573.3686562,-51,-3,114
1743495573.4046562,-5,14,134
1743495573.439656,38,-43,126
1743495573.475656,-97,-11,86
1743495573.510656,-71,-51,130
1743495573.546656,-57,-33,194
1743495573.582656,41,-21,92
1743495573.617656,-32,-39,284
1743495573.652656,-40,-43,124
1743495573.688656,17,24,256
1743495573.724656,23,-31,130
1743495573.759656,-26,-25,128
1743495573.795656,-66,0,304
1743495573.830656,53,26,70
1743495573.865656,3,8,96
1743495573.900656,49,50,124
1743495573.936656,35,32,120
1743495573.972656,13,-37,204
1743495574.007656,-12,52,92
1743495574.043656,51,-9,60
1743495574.078656,69,-19,218
1743495574.113656,55,14,156
1743495574.148656,43,58,174
1743495574.184656,-96,-24,14
1743495574.2206562,-56,-14,136
1743495574.255656,-82,-37,242
1743495574.291656,-24,1,92
1743495574.326656,9,-8,200
1743495574.361656,75,-38,182
1743495574.396656,1,38,48
1743495574.432656,71,22,122
1743495574.468656,-8,24,158
1743495574.503656,-74,18,-27
1743495574.5396562,-20,40,178
1743495574.574656,-2,-41,24
1743495574.609656,9,48,112
1743495574.644656,71,-1,44
1743495574.680656,-12,-39,136
1743495574.716656,63,-21,162
1743495574.751656,-10,-37,218
1743495574.787656,-18,-43,128
1743495574.8226562,-46,-31,128
1743495574.857656,95,70,122
1743495574.892656,-52,-11,208
1743495574.928656,23,-67,140
1743495574.964656,-26,-11,86
1743495574.999656,-16,-27,152
1743495575.035656,42,51,70
1743495575.070656,10,21,150
1743495575.105656,-43,-14,74
1743495575.140656,-21,39,156
1743495575.176656,-79,-14,124
1743495575.212656,-33,-9,190
1743495575.247656,-51,-52,112
1743495575.283656,42,-34,250
1743495575.318656,-7,-23,142
1743495575.353656,-95,0,78
1743495575.388656,-3,-5,128
1743495575.4246562,24,25,152
1743495575.4606562,-37,-41,150
1743495575.495656,18,-33,138
1743495575.531656,-7,0,104
1743495575.566656,0,13,106
1743495575.601656,42,-30,90
1743495575.636656,20,5,26
1743495575.672656,20,27,80
1743495575.708656,-47,-60,146
1743495575.7436562,20,67,97
1743495575.7796562,-33,-4,133
1743495575.814656,36,-12,193
1743495575.849656,-31,-6,22
1743495575.884656,52,-20,80
1743495575.920656,54,7,176
1743495575.956656,8,69,74
1743495575.991656,-7,53,148
1743495576.027656,-38,3,129
1743495576.0626562,-64,21,83
1743495576.097656,34,-16,137
1743495576.132656,48,31,174
1743495576.168656,-9,65,194
1743495576.204656,-63,8,124
1743495576.239656,54,22,202
1743495576.275656,-81,79,309
1743495576.310656,14,-28,95
1743495576.3456562,-15,-5,-20
1743495576.380656,-42,-13,183
1743495576.416656,-44,-11,183
1743495576.452656,-15,-81,193
1743495576.487656,2,12,0
1743495576.523656,-19,-27,85
1743495576.558656,-35,4,161
1743495576.593656,58,-39,69
1743495576.628656,14,58,81
1743495576.6646562,74,14,59
1743495576.700656,12,14,25
1743495576.735656,-107,-45,203
1743495576.771656,26,36,97
1743495576.806656,-61,-31,237
1743495576.841656,-58,-3,217
1743495576.876656,37,-27,153
1743495576.912656,-30,-59,75
1743495576.948656,11,-42,186
1743495576.9836562,0,26,202
1743495577.019656,-54,4,133
1743495577.054656,0,-43,99
1743495577.089656,32,10,93
1743495577.124656,-111,0,21
1743495577.160656,-17,-35,87
1743495577.196656,-31,30,249
1743495577.231656,43,-49,125
1743495577.267656,51,12,123
1743495577.302656,-42,-25,119
1743495577.337656,-34,-21,33
1743495577.372656,-12,-35,165
1743495577.408656,-18,-21,68
1743495577.444656,18,20,92
1743495577.479656,-35,28,176
1743495577.515656,47,-9,136
1743495577.550656,-16,-5,136
1743495577.5856562,0,78,104
1743495577.620656,-40,40,174
1743495577.656656,-45,-31,18
1743495577.692656,34,84,22
1743495577.727656,-55,4,124
1743495577.763656,22,-35,168
1743495577.798656,-47,4,130
1743495577.833656,52,-79,156
1743495577.8686562,-21,-23,-3
1743495577.9046562,-63,-1,182
1743495577.940656,-22,80,214
1743495577.975656,-19,-35,86
1743495578.011656,-26,-49,80
1743495578.046656,-44,24,82
1743495578.081656,-75,24,200
1743495578.116656,102,8,178
1743495578.152656,10,38,126
1743495578.188656,164,-35,198
1743495578.223656,43,91,219
1743495578.259656,-34,19,211
1743495578.294656,19,31,111
1743495578.329656,52,-63,219
1743495578.364656,-43,-19,31
1743495578.400656,0,-19,123
1743495578.436656,12,-81,179
1743495578.471656,31,5,163
1743495578.507656,32,26,157
1743495578.542656,0,-9,53
1743495578.577656,32,-93,115
1743495578.612656,114,-31,107
1743495578.648656,26,-11,161
1743495578.684656,40,14,161
1743495578.719656,-15,-21,131
1743495578.755656,-33,0,143
1743495578.790656,14,-45,199
1743495578.825656,64,56,229
1743495578.860656,-31,-19,327
1743495578.896656,-25,-27,119
1743495578.932656,-23,-27,141
1743495578.967656,16,28,163
1743495579.003656,-27,28,289
1743495579.038656,46,-7,89
1743495579.073656,-45,-11,126
1743495579.1086562,6,-19,195
1743495579.144656,16,20,80
1743495579.180656,48,-19,244
1743495579.215656,-57,-23,160
1743495579.251656,-61,46,192
1743495579.286656,86,-11,150
1743495579.321656,-45,-5,186
1743495579.356656,42,-23,120
1743495579.392656,-7,60,172
1743495579.428656,-20,-15,22
1743495579.463656,3,12,193
1743495579.499656,31,-7,126
1743495579.534656,-19,-47,102
1743495579.569656,-31,-35,118
1743495579.605656,-36,0,22
1743495579.640656,26,74,232
1743495579.676656,76,-25,174
1743495579.711656,-27,0,198
1743495579.747656,64,-11,194
1743495579.782656,-21,-37,166
1743495579.817656,24,-31,68
1743495579.853656,24,62,94
1743495579.888656,80,-59,28
1743495579.9246562,22,-19,105
1743495579.959656,30,-15,146
1743495579.995656,-11,2,78
1743495580.030656,-31,25,141
1743495580.065656,-1,-133,207
1743495580.101656,24,26,197
1743495580.136656,-7,-47,145
1743495580.172656,35,25,113
1743495580.207656,35,-84,173
1743495580.2436562,-14,-56,112
1743495580.278656,7,-16,145
1743495580.313656,-79,-69,95
1743495580.349656,28,-13,194
1743495580.384656,-9,-7,90
1743495580.420656,52,-29,-3
1743495580.455656,16,-7,138
1743495580.491656,10,-41,152
1743495580.5266562,-43,38,66
1743495580.561656,-20,72,168
1743495580.597656,52,-9,0
1743495580.632656,-17,-1,98
1743495580.668656,12,-29,46
1743495580.703656,116,-23,156
1743495580.745656,-1,34,268
1743495580.781656,102,-59,164
1743495580.817656,22,-89,168
1743495580.853656,-57,-57,138
1743495580.888656,-27,28,26
1743495580.9246562,50,10,28
1743495580.959656,1,-43,44
1743495580.995656,15,66,64
1743495581.030656,28,28,94
1743495581.065656,-12,2,96
1743495581.101656,-71,6,82
1743495581.136656,121,-27,120
1743495581.172656,9,-25,42
1743495581.207656,59,32,144
1743495581.2436562,-44,-44,114
1743495581.278656,35,-64,158
1743495581.313656,-56,-6,136
1743495581.349656,38,-44,128
1743495581.384656,-50,-40,172
1743495581.420656,49,-83,150
1743495581.455656,61,-5,200
1743495581.491656,3,0,162
1743495581.5266562,-4,24,146
1743495581.561656,56,26,230
1743495581.597656,-25,50,70
1743495581.632656,14,14,124
1743495581.668656,4,-9,132
1743495581.703656,43,84,195
1743495581.739656,5,-17,153
1743495581.774656,29,-45,219
1743495581.809656,-30,26,243
1743495581.8456562,23,-37,139
1743495581.880656,-14,62,119
1743495581.916656,-11,-31,67
1743495581.951656,-11,23,201
1743495581.987656,38,-26,77
1743495582.022656,66,-43,49
1743495582.057656,0,-27,139
1743495582.093656,14,-71,183
1743495582.128656,8,26,51
1743495582.1646562,50,-51,215
1743495582.199656,-87,-37,33
1743495582.235656,-43,-71,169
1743495582.270656,-1,-41,233
1743495582.305656,-27,-1,107
1743495582.341656,-8,38,39
1743495582.376656,-64,-41,193
1743495582.412656,-40,-7,17
1743495582.4476562,-64,-47,253
1743495582.4836562,-38,-27,125
1743495582.518656,-30,54,73
1743495582.553656,9,-33,65
1743495582.589656,37,0,143
1743495582.624656,31,14,7
1743495582.660656,-8,22,59
1743495582.695656,55,-57,271
1743495582.731656,27,-51,151
1743495582.7666562,31,-19,135
1743495582.801656,-38,18,107
1743495582.837656,5,54,67
1743495582.872656,17,-45,105
1743495582.908656,55,100,11
1743495582.943656,-64,-47,9
1743495582.979656,59,-29,65
1743495583.015656,-48,-3,109
1743495583.051656,-86,72,117
1743495583.087656,-36,-1,125
1743495583.122656,-8,-5,139
1743495583.157656,-8,8,165
1743495583.193656,23,2,101
1743495583.229656,7,16,217
1743495583.264656,3,28,87
1743495583.300656,71,-39,47
1743495583.3356562,-94,-25,63
1743495583.370656,5,-31,53
1743495583.405656,-54,4,89
1743495583.441656,29,-69,131
1743495583.477656,-54,-51,147
1743495583.512656,57,-31,57
1743495583.548656,-7,34,243
1743495583.583656,4,10,223
1743495583.6186562,82,1,119
1743495583.653656,-39,5,169
1743495583.689656,-3,3,55
1743495583.725656,-6,-20,191
1743495583.760656,50,-8,107
1743495583.796656,16,-20,3
1743495583.831656,-41,47,165
1743495583.866656,70,-12,133
1743495583.9016562,30,37,47
1743495583.9376562,152,-10,171
1743495583.973656,-69,-18,103
1743495584.008656,8,-34,191
1743495584.044656,-51,-28,139
1743495584.079656,-69,45,71
1743495584.114656,44,25,101
1743495584.149656,48,73,257
1743495584.185656,-15,21,107
1743495584.221656,6,-20,171
1743495584.2566562,-47,-18,149
1743495584.292656,32,-15,237
1743495584.327656,-41,70,67
1743495584.362656,50,-41,91
1743495584.397656,-81,2,79
1743495584.433656,22,26,73
1743495584.469656,40,14,159
1743495584.504656,-75,0,140
1743495584.540656,-87,-36,178
1743495584.575656,-69,71,204
1743495584.610656,-25,-31,-93
1743495584.645656,30,18,150
1743495584.681656,-53,-37,88
1743495584.717656,32,60,94
1743495584.752656,10,-71,126
1743495584.788656,44,-35,160
1743495584.823656,-21,-25,134
1743495584.8586562,0,-73,96
1743495584.893656,64,-87,76
1743495584.929656,-7,-4,52
1743495584.965656,-21,-22,134
1743495585.000656,12,52,94
1743495585.036656,12,-60,118
1743495585.071656,64,-83,-13
1743495585.106656,0,-12,188
1743495585.1416562,56,-34,66
1743495585.177656,-9,-54,134
1743495585.213656,38,-32,58
1743495585.248656,84,31,136
1743495585.284656,34,1,176
1743495585.319656,60,-4,82
1743495585.354656,96,-40,102
1743495585.389656,125,-56,172
1743495585.425656,15,3,46
1743495585.461656,27,19,230
1743495585.496656,1,-6,126
1743495585.532656,-20,-14,184
1743495585.567656,1,63,108
1743495585.602656,99,-60,154
1743495585.637656,-24,-40,130
1743495585.673656,-46,33,194
1743495585.709656,41,11,54
1743495585.744656,-2,25,214
1743495585.780656,25,-46,122
1743495585.815656,29,1,164
1743495585.850656,-44,-12,132
1743495585.885656,-14,-16,42
1743495585.921656,-34,0,70
1743495585.957656,-44,73,150
1743495585.992656,29,-4,94
1743495586.028656,57,-16,80
1743495586.063656,-8,-12,230
1743495586.098656,-14,7,172
1743495586.133656,-28,27,260
1743495586.169656,15,-8,172
1743495586.205656,9,-30,82
1743495586.240656,-16,-34,196
1743495586.2766562,45,14,124
1743495586.311656,-67,8,-3
1743495586.346656,-17,-4,122
1743495586.3816562,-61,-53,110
1743495586.417656,42,-26,62
1743495586.453656,38,-22,222
1743495586.488656,-25,-36,116
1743495586.524656,-11,-52,72
1743495586.559656,80,-50,46
1743495586.594656,14,55,91
1743495586.629656,56,-18,83
1743495586.665656,-57,-30,155
1743495586.701656,-29,60,51
1743495586.736656,-39,38,235
1743495586.772656,-7,46,79
1743495586.807656,14,28,45
1743495586.842656,-33,-11,67
1743495586.877656,-81,-57,93
1743495586.913656,-45,2,239
1743495586.949656,20,44,207
1743495586.984656,58,32,81
1743495587.020656,26,-13,75
1743495587.055656,-47,28,71
1743495587.090656,18,-84,111
1743495587.125656,26,27,227
1743495587.161656,16,-26,133
1743495587.1976562,-7,-18,213
1743495587.232656,16,41,201
1743495587.268656,24,-18,143
1743495587.303656,-75,-16,101
1743495587.338656,68,17,165
1743495587.373656,20,-32,123
1743495587.409656,-33,-34,79
1743495587.445656,-47,-30,113
1743495587.480656,36,25,39
1743495587.5166562,0,-28,163
1743495587.551656,-9,13,143
1743495587.586656,0,41,137
1743495587.621656,-45,-2,125
1743495587.657656,36,-40,63
1743495587.693656,34,41,217
1743495587.728656,-3,-28,217
1743495587.764656,6,1,135
1743495587.7996562,-83,-14,189
1743495587.834656,-92,53,133
1743495587.869656,29,-54,171
1743495587.905656,-64,-4,63
1743495587.941656,51,-44,153
1743495587.976656,3,-2,181
1743495588.012656,-36,-30,77
1743495588.047656,13,-14,179
1743495588.082656,-42,-68,181
1743495588.117656,19,-4,57
1743495588.153656,-90,3,91
1743495588.189656,-36,-12,-4
1743495588.224656,-46,29,107
1743495588.260656,7,-30,63
1743495588.295656,-2,95,163
1743495588.330656,-136,33,197
1743495588.365656,79,5,151
1743495588.4016562,-12,43,201
1743495588.4376562,5,27,31
1743495588.472656,-130,-28,93
1743495588.508656,-32,47,35
1743495588.543656,61,21,133
1743495588.578656,-32,-22,237
1743495588.613656,0,-26,255
1743495588.649656,-12,0,159
1743495588.685656,-36,-28,109
1743495588.7206562,-36,-76,161
1743495588.7566562,3,67,173
1743495588.791656,-10,-52,317
1743495588.826656,29,-38,343
1743495588.861656,-86,-30,145
1743495588.897656,47,-60,245
1743495588.933656,-22,103,201
1743495588.968656,-26,107,49
1743495589.004656,-34,-38,193
1743495589.0396562,21,-66,81
1743495589.074656,-54,39,307
1743495589.110656,-50,41,149
1743495589.145656,-32,-34,131
1743495589.181656,-22,0,191
1743495589.216656,-52,-30,71
1743495589.252656,-48,69,205
1743495589.287656,-46,-6,85
1743495589.3226562,7,15,77
1743495589.3586562,19,15,141
1743495589.393656,19,21,163
1743495589.429656,39,35,173
1743495589.464656,-78,-24,65
1743495589.500656,-24,-60,104
1743495589.535656,-6,17,113
1743495589.570656,-60,11,91
1743495589.606656,19,-68,31
1743495589.6416562,15,11,215
1743495589.677656,19,-26,163
1743495589.712656,-22,-6,129
1743495589.748656,-76,-2,148
1743495589.783656,-20,-44,20
1743495589.818656,-22,-60,132
1743495589.854656,57,31,258
1743495589.889656,-66,-14,216
1743495589.925656,5,-2,64
1743495589.9606562,-72,25,182
1743495589.996656,-46,-6,156
1743495590.031656,-20,-14,258
1743495590.066656,15,31,144
1743495590.102656,-36,19,118
1743495590.137656,23,-48,44
1743495590.173656,25,-8,344
1743495590.208656,97,-49,244
1743495590.244656,-10,-1,180
1743495590.2796562,5,28,196
1743495590.314656,27,26,92
1743495590.350656,-22,50,90
1743495590.385656,51,-1,118
1743495590.421656,19,12,166
1743495590.456656,0,-49,192
1743495590.492656,-82,-98,94
1743495590.527656,57,-18,170
1743495590.5626562,-20,-16,174
1743495590.598656,45,27,-7
1743495590.633656,-2,5,62
1743495590.669656,-68,-48,102
1743495590.704656,0,-41,186
1743495590.746656,-50,56,72
1743495590.782656,75,-14,66
1743495590.818656,-2,-34,116
1743495590.854656,-16,21,52
1743495590.889656,-2,-20,76
1743495590.925656,-38,1,58
1743495590.9606562,7,-14,70
1743495590.996656,84,-21,138
1743495591.031656,-35,-9,204
1743495591.066656,4,18,162
1743495591.102656,-32,12,182
1743495591.137656,47,-19,72
1743495591.173656,-92,4,14
1743495591.208656,49,-19,336
1743495591.244656,-12,-57,130
1743495591.2796562,-18,-11,198
1743495591.314656,29,-21,112
1743495591.350656,-8,-11,60
1743495591.385656,-105,-51,192
1743495591.421656,54,74,104
1743495591.456656,-37,-73,66
1743495591.492656,66,44,138
1743495591.527656,24,-17,139
1743495591.5626562,64,10,99
1743495591.598656,-27,-5,71
1743495591.633656,-19,-17,119
1743495591.669656,-51,54,135
1743495591.704656,-5,-33,91
1743495591.740656,16,-13,215
1743495591.775656,-85,24,75
1743495591.810656,-97,8,211
1743495591.846656,60,-25,184
1743495591.8816562,2,8,108
1743495591.917656,-9,-9,138
1743495591.952656,38,30,16
1743495591.988656,18,94,140
1743495592.023656,-23,-57,172
1743495592.058656,-31,22,34
1743495592.094656,48,28,178
1743495592.129656,14,32,154
1743495592.165656,-61,-5,74
1743495592.200656,-15,14,256
1743495592.236656,4,-17,94
1743495592.271656,-3,-24,62
1743495592.306656,5,25,164
1743495592.342656,41,-10,148
1743495592.377656,-42,11,128
1743495592.413656,-126,-2,190
1743495592.448656,89,39,210
1743495592.484656,9,-18,176
1743495592.520656,-12,-10,116
1743495592.556656,0,-34,160
1743495592.592656,76,5,180
1743495592.628656,33,21,60
1743495592.6646562,-48,-32,162
1743495592.699656,32,19,148
1743495592.734656,-5,-2,142
1743495592.770656,-35,91,110
1743495592.806656,40,37,84
1743495592.841656,-39,-12,50
1743495592.877656,-5,-80,164
1743495592.912656,-35,-68,124
1743495592.9476562,-15,75,86
1743495592.982656,-111,9,74
1743495593.018656,-25,15,178
1743495593.054656,48,-22,-17
1743495593.089656,38,27,2
1743495593.125656,28,9,56
1743495593.160656,4,11,66
1743495593.195656,88,-30,108
1743495593.230656,-61,-44,76
1743495593.2666562,28,69,138
1743495593.302656,-57,43,136
1743495593.337656,32,1,54
1743495593.373656,19,-40,54
1743495593.408656,-2,-6,74
1743495593.443656,-84,-20,138
1743495593.478656,5,7,192
1743495593.514656,0,-14,98
1743495593.550656,3,-14,158
1743495593.5856562,25,-50,52
1743495593.621656,-76,-64,144
1743495593.656656,29,-2,292
1743495593.691656,33,41,56
1743495593.726656,-26,43,186
1743495593.762656,-54,-100,118
1743495593.798656,45,-74,152
1743495593.833656,-88,63,54
1743495593.869656,81,-30,120
1743495593.9046562,75,-22,190
1743495593.939656,63,-76,92
1743495593.974656,-14,21,92
1743495594.010656,13,-68,164
1743495594.046656,-5,-6,48
1743495594.081656,72,25,72
1743495594.117656,-31,0,152
1743495594.152656,32,35,126
1743495594.1876562,-27,27,82
1743495594.222656,-99,-24,46
1743495594.258656,-10,15,240
1743495594.294656,-32,-20,102
1743495594.329656,-33,-18,252
1743495594.365656,-22,51,108
1743495594.400656,-52,17,86
1743495594.435656,29,-54,280
1743495594.4706562,-78,-24,212
1743495594.5066562,19,-4,202
1743495594.542656,-94,65,172
1743495594.577656,65,45,182
1743495594.613656,-34,-5,6
1743495594.648656,-26,-63,128
1743495594.683656,23,-27,164
1743495594.718656,97,58,158
1743495594.754656,-34,-59,182
1743495594.790656,67,-11,151
1743495594.825656,65,-8,173
1743495594.861656,21,-42,127
1743495594.896656,-35,13,117
1743495594.931656,-11,41,185
1743495594.966656,-16,36,29
1743495595.002656,7,6,51
1743495595.038656,11,12,78
1743495595.073656,35,-27,0
1743495595.109656,-38,-9,218
1743495595.144656,-2,88,184
1743495595.179656,-14,-47,64
1743495595.214656,21,7,226
1743495595.250656,13,-14,194
1743495595.286656,0,-68,82
1743495595.321656,-34,93,86
1743495595.357656,-6,-50,102
1743495595.392656,-134,-56,58
1743495595.427656,-56,-42,130
1743495595.462656,73,-14,124
1743495595.498656,-64,31,51
1743495595.534656,37,1,155
1743495595.569656,35,-34,141
1743495595.605656,9,47,181
1743495595.640656,16,5,187
1743495595.675656,24,-52,169
1743495595.7106562,2,33,97
1743495595.746656,-37,27,111
1743495595.782656,62,-10,175
1743495595.817656,18,-26,231
1743495595.853656,-110,17,205
1743495595.888656,-24,-36,183
1743495595.923656,-20,-66,0
1743495595.958656,-26,9,155
1743495595.994656,23,-16,91
1743495596.030656,-2,37,189
1743495596.065656,-68,-4,45
1743495596.101656,33,-92,173
1743495596.136656,53,-78,191
1743495596.171656,79,-2,137
1743495596.206656,-70,-4,99
1743495596.242656,35,-36,193
1743495596.278656,43,48,137
1743495596.313656,11,-19,101
1743495596.349656,41,11,137
1743495596.384656,31,-62,203
1743495596.419656,-64,45,107
1743495596.454656,91,-65,129
1743495596.490656,-74,-75,175
1743495596.5266562,11,-53,51
1743495596.561656,-22,-4,117
1743495596.597656,71,18,101
1743495596.632656,-6,-30,117
1743495596.667656,-42,19,235
1743495596.702656,5,-22,167
1743495596.738656,23,13,111
1743495596.774656,25,-8,21
1743495596.809656,45,49,83
1743495596.8456562,13,1,129
1743495596.880656,-24,1,75
1743495596.915656,21,37,243
1743495596.950656,41,-24,123
1743495596.986656,-76,-58,163
1743495597.022656,21,7,131
1743495597.057656,7,0,191
1743495597.093656,-50,29,161
1743495597.128656,-38,-8,305
1743495597.163656,-44,-16,115
1743495597.198656,-12,23,225
1743495597.234656,-12,57,139
1743495597.270656,85,-68,227
1743495597.305656,-16,45,105
1743495597.341656,53,-14,117
1743495597.376656,1,-122,33
1743495597.411656,47,-16,237
1743495597.446656,5,69,143
1743495597.482656,25,-40,179
1743495597.518656,-20,23,161
1743495597.553656,21,23,97
1743495597.589656,-68,-32,61
1743495597.624656,-78,1,161
1743495597.659656,21,-12,119
1743495597.694656,-12,-22,199
1743495597.730656,-22,-82,187
1743495597.7666562,-16,23,177
1743495597.801656,0,-16,109
1743495597.837656,54,41,94
1743495597.872656,-6,3,108
1743495597.907656,5,-34,94
1743495597.942656,-97,7,98
1743495597.978656,-34,7,-7
1743495598.014656,-54,3,178
1743495598.0496562,-5,19,112
1743495598.0856562,87,-6,118
1743495598.120656,-12,-44,52
1743495598.155656,6,-20,126
1743495598.190656,-83,-2,82
1743495598.226656,-49,39,-5
1743495598.262656,27,-68,200
1743495598.297656,77,1,64
1743495598.333656,-16,-36,104
1743495598.3686562,11,45,136
1743495598.403656,-62,-20,174
1743495598.438656,-68,1,124
1743495598.474656,9,-22,178
1743495598.510656,27,11,100
1743495598.545656,75,-12,158
1743495598.581656,35,-32,242
1743495598.616656,-12,-58,88
1743495598.6516562,-90,23,110
1743495598.6876562,7,-14,138
1743495598.722656,47,23,-53
1743495598.758656,35,91,254
1743495598.793656,8,-16,148
1743495598.829656,-46,-22,60
1743495598.864656,-31,23,128
1743495598.899656,1,43,83
1743495598.935656,-2,-46,210
1743495598.9706562,7,31,124
1743495599.0066562,59,-76,76
1743495599.041656,35,-16,155
1743495599.077656,65,23,77
1743495599.112656,-42,-14,91
1743495599.147656,29,55,149
1743495599.183656,-1,-42,139
1743495599.218656,10,-56,183
1743495599.254656,-17,-28,145
1743495599.2896562,-96,25,115
1743495599.325656,-2,29,237
1743495599.360656,-38,17,73
1743495599.395656,-54,-12,105
1743495599.431656,11,43,163
1743495599.466656,7,-28,267
1743495599.502656,-6,45,153
1743495599.537656,79,-46,135
1743495599.573656,9,-52,98
1743495599.6086562,43,-3,163
1743495599.643656,-58,-13,99
1743495599.679656,55,-37,163
1743495599.714656,51,20,153
1743495599.750656,36,32,173
1743495599.785656,18,-29,127
1743495599.821656,-2,44,147
1743495599.856656,2,-90,80
1743495599.8916562,-22,-12,174
1743495599.927656,12,61,150
1743495599.962656,46,29,108
1743495599.998656,-7,-32,13
1743495600.033656,2,33,36
1743495600.069656,54,-40,144
1743495600.104656,15,-35,102
1743495600.139656,-50,-12,120
1743495600.175656,63,3,138
1743495600.2106562,-30,34,170
1743495600.246656,23,0,82
1743495600.281656,7,-51,96
1743495600.317656,-4,30,62
1743495600.352656,107,-43,230
1743495600.387656,-34,-5,80
1743495600.423656,73,-41,125
1743495600.458656,21,-53,146
1743495600.494656,-37,12,120
1743495600.5296562,17,30,110
1743495600.565656,30,38,200
1743495600.600656,34,-11,-14
1743495600.635656,-71,0,249
1743495600.671656,-29,22,140
1743495600.706656,46,-14,135
1743495600.749656,0,64,132
1743495600.785656,-62,-3,122
1743495600.821656,-48,69,84
1743495600.856656,9,68,-1
1743495600.8916562,0,3,18
1743495600.927656,25,-15,61
1743495600.962656,69,-11,188
1743495600.998656,0,-11,114
1743495601.033656,43,-21,88
1743495601.069656,-53,-13,132
1743495601.104656,40,2,246
1743495601.139656,-38,0,152
1743495601.175656,23,-25,222
1743495601.2106562,29,-21,88
1743495601.246656,1,7,110
1743495601.281656,51,7,73
1743495601.317656,-16,29,185
1743495601.352656,-18,41,143
1743495601.387656,-12,-13,95
1743495601.423656,-17,29,217
1743495601.458656,-59,-70,235
1743495601.494656,25,-2,99
1743495601.5296562,9,-26,99
1743495601.565656,-12,-8,157
1743495601.600656,52,-30,199
1743495601.635656,6,27,179
1743495601.671656,98,45,189
1743495601.706656,16,-44,25
1743495601.742656,46,7,117
1743495601.777656,-87,1,107
1743495601.813656,-43,-16,113
1743495601.848656,-4,-22,19
1743495601.883656,-4,-104,65
1743495601.919656,9,19,71
1743495601.954656,23,0,145
1743495601.990656,3,5,131
1743495602.025656,-4,-66,125
1743495602.061656,-24,37,197
1743495602.097656,11,-56,189
1743495602.132656,-57,43,181
1743495602.167656,-25,33,21
1743495602.203656,6,-42,95
1743495602.239656,71,-62,283
1743495602.274656,16,2,217
1743495602.310656,8,15,145
1743495602.3456562,45,22,211
1743495602.380656,-41,-43,89
1743495602.415656,60,-69,95
1743495602.451656,64,14,119
1743495602.487656,88,76,37
1743495602.522656,-71,-35,111
1743495602.558656,26,-21,269
1743495602.593656,-101,6,179
1743495602.628656,-37,-56,-8
1743495602.663656,-35,-14,131
1743495602.699656,-59,-4,201
1743495602.735656,-11,-34,115
1743495602.770656,-48,-72,151
1743495602.806656,-46,11,213
1743495602.841656,-55,3,101
1743495602.876656,20,-14,87
1743495602.911656,14,52,77
1743495602.9476562,-3,-34,145
1743495602.9836562,8,59,121
1743495603.018656,52,11,101
1743495603.054656,-9,1,249
1743495603.089656,-19,-18,163
1743495603.124656,-49,-32,183
1743495603.159656,-49,7,111
1743495603.195656,34,-18,141
1743495603.231656,-9,39,55
1743495603.2666562,103,21,213
1743495603.302656,46,-10,253
1743495603.337656,56,39,243
1743495603.372656,-3,-6,141
1743495603.407656,48,41,119
1743495603.443656,-13,8,169
1743495603.479656,-37,-59,39
1743495603.514656,-39,-28,69
1743495603.550656,-99,-70,173
1743495603.5856562,-21,-6,15
1743495603.620656,44,19,163
1743495603.655656,21,-19,67
1743495603.691656,1,2,49
1743495603.727656,4,-56,179
1743495603.762656,-63,41,63
1743495603.798656,-20,0,47
1743495603.833656,-8,-2,75
1743495603.8686562,17,28,53
1743495603.903656,-40,36,153
1743495603.939656,49,83,157
1743495603.975656,19,-4,185
1743495604.010656,74,53,185
1743495604.046656,-31,41,99
1743495604.081656,12,25,81
1743495604.116656,12,-28,181
1743495604.1516562,-10,13,57
1743495604.1876562,-4,25,107
1743495604.223656,3,63,139
1743495604.258656,7,5,233
1743495604.294656,-66,65,131
1743495604.329656,139,57,223
1743495604.364656,23,13,95
1743495604.399656,17,-40,219
1743495604.435656,-26,23,-38
1743495604.471656,-23,17,283
1743495604.5066562,28,25,37
1743495604.542656,-1,-40,163
1743495604.577656,-1,-38,199
1743495604.612656,-59,-14,71
1743495604.647656,118,29,77
1743495604.683656,88,-10,95
1743495604.719656,-58,-2,61
1743495604.754656,86,-86,72
1743495604.790656,-59,-6,160
1743495604.825656,-97,11,202
1743495604.860656,52,41,42
1743495604.895656,42,13,160
1743495604.931656,12,-74,120
1743495604.967656,43,17,28
1743495605.002656,35,55,196
1743495605.038656,-20,-60,106
1743495605.073656,26,5,68
1743495605.1086562,-28,-76,-11
1743495605.143656,-61,-14,234
1743495605.179656,-3,-32,148
1743495605.215656,7,33,102
1743495605.250656,-8,-60,122
1743495605.286656,32,-2,182
1743495605.321656,26,33,242
1743495605.356656,4,17,162
1743495605.3916562,-62,21,132
1743495605.427656,13,25,232
1743495605.463656,19,-22,74
1743495605.498656,-24,38,170
1743495605.534656,-60,45,286
1743495605.569656,27,-17,22
1743495605.604656,3,-104,238
1743495605.639656,-54,-4,74
1743495605.675656,-4,7,58
1743495605.711656,-20,-56,138
1743495605.746656,-26,-68,194
1743495605.782656,-48,-18,112
1743495605.817656,1,7,176
1743495605.852656,39,-8,198
1743495605.887656,41,21,30
1743495605.923656,53,29,212
1743495605.959656,75,-49,232
1743495605.994656,-88,53,234
1743495606.030656,-42,47,154
1743495606.065656,-56,35,96
1743495606.100656,0,-94,42
1743495606.135656,-3,-44,200
1743495606.171656,12,-56,154
1743495606.207656,-17,63,98
1743495606.242656,20,7,126
1743495606.278656,-47,11,80
1743495606.313656,-45,-6,22
1743495606.348656,-59,-16,130
1743495606.383656,15,39,118
1743495606.419656,121,13,26
1743495606.455656,-64,-8,88
1743495606.490656,95,-30,160
1743495606.5266562,-32,-15,178
1743495606.561656,-4,-32,-7
1743495606.596656,63,16,120
1743495606.6316562,-8,-23,232
1743495606.667656,29,-7,138
1743495606.703656,39,24,152
1743495606.738656,27,0,246
1743495606.774656,31,-69,238
1743495606.809656,15,-23,190
1743495606.844656,63,10,260
1743495606.879656,-4,54,2
1743495606.915656,57,-23,112
1743495606.951656,-6,-15,50
1743495606.986656,29,68,208
1743495607.022656,-24,46,58
1743495607.057656,-78,-27,122
1743495607.092656,-42,-7,160
1743495607.127656,-24,4,240
1743495607.163656,-44,-1,214
1743495607.199656,49,-25,254
1743495607.234656,25,-151,232
1743495607.270656,44,12,80
1743495607.305656,81,-63,212
1743495607.340656,15,-1,30
1743495607.375656,-10,-35,224
1743495607.411656,51,46,44
1743495607.4476562,-16,16,132
1743495607.482656,-26,-49,70
1743495607.518656,-92,-101,92
1743495607.553656,-26,-1,222
1743495607.588656,-80,26,106
1743495607.623656,-16,-10,142
1743495607.659656,17,-66,126
1743495607.695656,19,-22,180
1743495607.730656,-76,-62,142
1743495607.7666562,45,-8,76
1743495607.801656,61,51,-14
1743495607.836656,36,13,0
1743495607.871656,6,-12,134
1743495607.907656,28,-56,114
1743495607.943656,-3,67,215
1743495607.978656,46,-40,61
1743495608.014656,25,-4,64
1743495608.0496562,-12,7,237
1743495608.084656,-21,-12,183
1743495608.120656,47,-12,119
1743495608.155656,-19,11,105
1743495608.191656,56,12,193
1743495608.226656,-101,48,161
1743495608.262656,-33,32,167
1743495608.297656,-34,-45,175
1743495608.332656,-58,0,101
1743495608.3686562,-60,72,59
1743495608.403656,-8,35,119
1743495608.439656,-32,35,117
1743495608.474656,-25,7,45
1743495608.510656,46,-42,109
1743495608.545656,-39,-46,3
1743495608.580656,-61,21,103
1743495608.616656,36,7,96
1743495608.6516562,-35,-40,198
1743495608.6876562,-25,-42,72
1743495608.722656,14,-18,84
1743495608.758656,16,58,160
1743495608.793656,6,-12,30
1743495608.828656,-25,19,331
1743495608.864656,-17,60,197
1743495608.899656,-64,-32,128
1743495608.935656,-42,-38,64
1743495608.9706562,-6,99,200
1743495609.0066562,-12,-20,136
1743495609.041656,23,-50,128
1743495609.076656,-16,33,192
1743495609.112656,11,57,152
1743495609.147656,-26,55,14
1743495609.183656,0,-28,112
1743495609.218656,-50,-22,78
1743495609.254656,-21,-26,124
1743495609.2896562,-3,-16,94
1743495609.324656,6,-36,238
1743495609.360656,-1,-38,90
1743495609.395656,44,1,100
1743495609.431656,8,-26,158
1743495609.466656,-53,65,110
1743495609.502656,-45,1,110
1743495609.537656,-61,-46,174
1743495609.5726562,-59,51,50
1743495609.6086562,-57,23,172
1743495609.643656,-1,-22,84
1743495609.679656,-50,29,148
1743495609.714656,7,0,56
1743495609.750656,103,33,206
1743495609.785656,-30,39,198
1743495609.820656,119,-20,156
1743495609.856656,-52,7,86
1743495609.8916562,-22,30,140
1743495609.927656,73,-50,186
1743495609.962656,-14,41,138
1743495609.998656,-4,21,-19
1743495610.033656,17,-8,40
1743495610.068656,-21,-18,50
1743495610.104656,-15,27,62
1743495610.139656,24,-28,170
1743495610.175656,-1,5,132
1743495610.2106562,-107,-7,42
1743495610.246656,52,2,112
1743495610.281656,4,-69,130
1743495610.316656,78,-61,160
1743495610.352656,36,70,140
1743495610.387656,3,-55,134
1743495610.423656,45,22,120
1743495610.458656,84,-5,142
1743495610.494656,50,-33,58
1743495610.5296562,66,2,90
1743495610.564656,-59,-5,134
1743495610.600656,-45,18,196
1743495610.635656,-7,-5,14
1743495610.671656,20,-23,230
1743495610.706656,18,14,170
1743495610.742656,-19,54,68
1743495610.784656,-1,30,148
1743495610.820656,-7,-49,142
1743495610.856656,10,-31,86
1743495610.8916562,6,-12,52
1743495610.927656,38,24,128
1743495610.962656,-3,-11,68
1743495610.998656,28,74,166
1743495611.033656,0,-3,66
1743495611.068656,2,6,100
1743495611.104656,104,73,200
1743495611.139656,14,-62,160
1743495611.175656,2,-56,162
1743495611.2106562,-35,-14,70
1743495611.246656,2,-21,88
1743495611.281656,-5,36,184
1743495611.316656,-13,6,118
1743495611.352656,20,14,128
1743495611.387656,-3,-1,130
1743495611.423656,14,-35,178
1743495611.458656,-33,15,180
1743495611.494656,0,14,146
1743495611.530656,-11,10,146
1743495611.566656,18,-31,113
1743495611.602656,-50,22,79
1743495611.638656,67,-33,161
1743495611.6746562,9,-51,169
1743495611.709656,-12,148,149
1743495611.744656,-46,-53,153
1743495611.780656,-34,-41,157
1743495611.816656,31,64,197
1743495611.851656,-42,24,-50
1743495611.887656,65,102,151
1743495611.922656,11,13,125
1743495611.957656,1,57,203
1743495611.992656,-60,-30,127
1743495612.028656,-18,-40,187
1743495612.064656,-52,33,75
1743495612.099656,-38,-78,179
1743495612.135656,51,-25,27
1743495612.170656,19,-13,247
1743495612.205656,57,-31,217
1743495612.240656,-8,-64,161
1743495612.2766562,-12,-71,19
1743495612.3126562,-50,54,207
1743495612.347656,-28,-55,89
1743495612.383656,-20,58,111
1743495612.418656,15,5,275
1743495612.453656,-60,-28,169
1743495612.488656,-30,67,105
1743495612.524656,-32,67,81
1743495612.560656,18,-8,179
1743495612.5956562,-43,33,197
1743495612.6316562,-11,-86,59
1743495612.666656,-9,3,139
1743495612.701656,-17,-27,53
1743495612.736656,-1,-10,163
1743495612.772656,-101,-36,99
1743495612.808656,36,-2,105
1743495612.843656,-46,-42,189
1743495612.879656,113,25,215
1743495612.915656,-74,25,199
1743495612.951656,1,-2,293
1743495612.986656,-22,15,153
1743495613.021656,69,79,215
1743495613.056656,9,41,177
1743495613.092656,-71,81,95
1743495613.128656,15,9,29
1743495613.163656,11,-12,61
1743495613.199656,-30,-32,133
1743495613.234656,-2,29,167
1743495613.269656,19,0,136
1743495613.304656,-15,-52,221
1743495613.340656,48,81,173
1743495613.376656,13,27,65
1743495613.411656,-37,11,156
1743495613.4476562,24,-24,152
1743495613.482656,-33,21,162
1743495613.517656,22,-27,130
1743495613.552656,25,-24,38
1743495613.588656,9,-40,58
1743495613.624656,14,-24,316
1743495613.659656,-82,25,150
1743495613.695656,-22,1,170
1743495613.730656,7,19,138
1743495613.765656,30,-4,200
1743495613.800656,-1,-32,56
1743495613.836656,-75,71,218
1743495613.872656,-17,29,170
1743495613.907656,10,-6,150
1743495613.943656,-13,-16,2
1743495613.978656,40,-26,186
1743495614.013656,58,-72,118
1743495614.048656,-14,-30,310
1743495614.084656,11,-66,122
1743495614.120656,-4,-22,232
1743495614.155656,-4,-10,148
1743495614.191656,13,76,260
1743495614.226656,23,-7,62
1743495614.261656,11,-19,32
1743495614.296656,9,1,218
1743495614.332656,-24,-16,172
1743495614.3686562,-20,-34,134
1743495614.403656,52,-62,166
1743495614.439656,-13,1,202
1743495614.474656,-35,3,214
1743495614.509656,107,1,12
1743495614.544656,-33,-34,90
1743495614.580656,-5,37,160
1743495614.616656,-67,-40,17
1743495614.6516562,2,35,153
1743495614.6876562,15,89,149
1743495614.722656,39,83,45
1743495614.757656,-67,-20,209
1743495614.792656,14,-74,229
1743495614.828656,70,-20,173
1743495614.864656,22,-88,73
1743495614.899656,20,-10,149
1743495614.935656,25,-114,179
1743495614.9706562,67,-40,169
1743495615.005656,-54,1,127
1743495615.040656,57,-44,193
1743495615.076656,-20,-29,137
1743495615.112656,-10,-9,95
1743495615.147656,-8,48,11
1743495615.183656,39,-37,187
1743495615.218656,45,-79,141
1743495615.253656,17,40,229
1743495615.288656,-32,30,115
1743495615.324656,-54,-43,109
1743495615.360656,29,64,79
1743495615.395656,-26,-105,143
1743495615.431656,33,-47,73
1743495615.466656,-4,1,93
1743495615.501656,-38,-22,77
1743495615.536656,-30,-52,85
1743495615.5726562,45,35,95
1743495615.6086562,25,-2,165
1743495615.643656,11,-26,103
1743495615.679656,27,17,145
1743495615.714656,97,83,170
1743495615.749656,-24,39,94
1743495615.784656,-20,-5,39
1743495615.820656,9,-20,132
1743495615.856656,-2,25,232
1743495615.8916562,71,-28,144
1743495615.927656,-10,17,124
1743495615.962656,-22,-4,138
1743495615.997656,-40,-14,200
1743495616.032656,11,17,74
1743495616.068656,23,5,92
1743495616.104656,-38,-18,72
1743495616.139656,33,36,6
1743495616.175656,-64,21,106
1743495616.2106562,-60,-60,94
1743495616.245656,5,-14,254
1743495616.280656,13,37,242
1743495616.316656,3,-26,100
1743495616.352656,-56,-36,108
1743495616.387656,37,4,28
1743495616.423656,-60,0,72
1743495616.458656,-46,-26,124
1743495616.4936562,-44,93,156
1743495616.528656,-54,27,128
1743495616.564656,-10,27,32
1743495616.600656,-6,-76,166
1743495616.635656,-8,42,140
1743495616.671656,-78,-13,64
1743495616.706656,17,-39,138
1743495616.741656,-90,26,102
1743495616.7766562,-34,-15,96
1743495616.8126562,-6,52,212
1743495616.848656,15,-61,254
1743495616.883656,47,-14,14
1743495616.919656,-48,5,190
1743495616.954656,10,5,98
1743495616.989656,0,77,187
1743495617.024656,-21,-56,177
1743495617.060656,-41,-12,-4
1743495617.096656,10,-40,64
1743495617.1316562,-29,-28,43
1743495617.167656,-80,-34,214
1743495617.202656,-27,-26,145
1743495617.237656,29,27,59
1743495617.272656,-2,55,29
1743495617.308656,43,11,175
1743495617.344656,29,75,123
1743495617.379656,-98,-42,235
1743495617.415656,-28,3,51
1743495617.450656,-32,-116,109
1743495617.485656,-14,-4,201
1743495617.520656,-26,17,163
1743495617.556656,-36,33,137
1743495617.592656,23,5,149
1743495617.627656,-22,-28,99
1743495617.663656,-44,35,177
1743495617.698656,53,-68,229
1743495617.7336562,20,-63,141
1743495617.769656,35,25,137
1743495617.804656,-88,57,129
1743495617.840656,-88,57,215
1743495617.875656,-10,68,41
1743495617.911656,-20,2,155
1743495617.946656,-32,53,95
1743495617.981656,75,-2,-22
1743495618.017656,61,-2,53
1743495618.052656,-72,-32,3
1743495618.088656,7,-6,167
1743495618.123656,11,59,105
1743495618.159656,99,-18,249
1743495618.194656,65,46,41
1743495618.229656,25,4,69
1743495618.265656,89,-31,169
1743495618.300656,-44,60,189
1743495618.336656,-24,-1,167
1743495618.371656,-80,10,79
1743495618.407656,0,-3,117
1743495618.442656,-4,30,235
1743495618.477656,9,-40,159
1743495618.513656,1,-51,141
1743495618.548656,-48,22,55
1743495618.584656,27,43,51
1743495618.619656,-12,3,149
1743495618.655656,-12,57,135
1743495618.690656,34,9,127
1743495618.725656,61,41,-2
1743495618.761656,-18,19,93
1743495618.796656,-78,9,6
1743495618.832656,49,-2,112
1743495618.867656,101,57,148
1743495618.903656,1,73,178
1743495618.938656,31,3,142
1743495618.973656,-26,-84,132
1743495619.009656,7,1,164
1743495619.044656,13,7,132
1743495619.080656,53,3,92
1743495619.115656,0,39,-11
1743495619.1516562,5,13,126
1743495619.186656,-24,45,104
1743495619.221656,-52,21,68
1743495619.257656,-16,-6,182
1743495619.292656,11,13,102
1743495619.328656,-72,27,126
1743495619.363656,85,-70,154
1743495619.399656,41,-18,26
1743495619.434656,45,-34,88
1743495619.469656,47,43,186
1743495619.505656,-28,-65,66
1743495619.540656,-50,-24,224
1743495619.576656,63,21,102
1743495619.611656,11,-48,260
1743495619.647656,-24,-32,134
1743495619.682656,3,1,44
1743495619.717656,33,-56,152
1743495619.753656,-4,19,160
1743495619.788656,47,1,252
1743495619.824656,51,51,250
1743495619.859656,19,-12,166
1743495619.895656,-8,13,62
1743495619.930656,-70,-14,90
1743495619.965656,31,-32,164
1743495620.001656,-62,9,44
1743495620.036656,0,14,150
1743495620.0726562,-20,-47,192
1743495620.107656,11,52,202
1743495620.143656,77,-17,109
1743495620.178656,-56,70,50
1743495620.213656,-46,-25,120
1743495620.249656,0,-95,142
1743495620.284656,9,76,204
1743495620.320656,1,-21,164
1743495620.355656,35,-33,124
1743495620.3916562,-8,-29,154
1743495620.426656,27,-3,68
1743495620.461656,43,52,62
1743495620.497656,-44,-29,154
1743495620.532656,-39,106,130
1743495620.568656,42,-47,60
1743495620.603656,8,78,260
1743495620.639656,16,-41,202
1743495620.6746562,4,10,126
1743495620.709656,30,56,102
1743495620.745656,-19,-61,24
1743495620.787656,38,-17,184
1743495620.824656,84,40,201
1743495620.859656,14,-65,79
1743495620.895656,-53,-13,207
1743495620.930656,56,54,109
1743495620.965656,10,-5,70
1743495621.001656,-25,16,134
1743495621.036656,-22,-41,128
1743495621.0726562,-21,56,184
1743495621.107656,10,30,72
1743495621.143656,9,44,68
1743495621.179656,28,-17,158
1743495621.215656,-27,-25,96
1743495621.251656,14,-57,92
1743495621.286656,-55,-76,106
1743495621.321656,26,16,122
1743495621.357656,50,34,222
1743495621.393656,-17,37,150
1743495621.428656,70,27,212
1743495621.464656,2,-42,148
1743495621.499656,16,24,20
1743495621.534656,-83,-21,70
1743495621.569656,-53,-7,118
1743495621.605656,-65,-101,150
1743495621.6416562,-12,-19,222
1743495621.676656,17,-15,114
1743495621.712656,43,-9,190
1743495621.747656,-54,44,156
1743495621.782656,32,-9,100
1743495621.817656,-46,68,156
1743495621.853656,-52,18,152
1743495621.889656,33,162,186
1743495621.9246562,1,0,100
1743495621.9606562,55,-82,220
1743495621.995656,-84,-39,178
1743495622.030656,0,26,38
1743495622.065656,49,76,194
1743495622.101656,-6,12,126
1743495622.137656,-58,-87,126
1743495622.172656,61,24,16
1743495622.208656,55,78,96
1743495622.2436562,41,-3,150
1743495622.278656,-46,6,93
1743495622.313656,-1,-75,3
1743495622.349656,-85,-73,-6
1743495622.385656,-23,50,55
1743495622.420656,46,10,61
1743495622.456656,-59,-15,93
1743495622.491656,-23,2,99
1743495622.5266562,74,-81,107
1743495622.561656,-65,-11,97
1743495622.597656,-35,-53,233
1743495622.633656,18,-57,215
1743495622.668656,-5,-11,113
1743495622.704656,0,36,73
1743495622.739656,-35,76,300
1743495622.774656,-65,-61,61
1743495622.809656,-33,18,127
1743495622.8456562,-57,0,163
1743495622.8816562,-1,-31,117
1743495622.916656,28,46,143
1743495622.952656,-33,8,155
1743495622.987656,0,92,221
1743495623.022656,-35,-43,137
1743495623.057656,50,-19,193
1743495623.093656,-45,44,59
1743495623.129656,-44,-99,273
1743495623.1646562,42,52,173
1743495623.200656,-27,6,199
1743495623.235656,10,-23,-2
1743495623.270656,8,9,113
1743495623.305656,84,-34,113
1743495623.341656,62,47,137
1743495623.377656,-25,-24,131
1743495623.412656,-27,-7,115
1743495623.448656,-39,14,-10
1743495623.4836562,-91,1,139
1743495623.518656,88,7,49
1743495623.553656,-15,31,1
1743495623.589656,-27,23,167
1743495623.625656,-35,-30,55
1743495623.660656,32,-3,103
1743495623.696656,-25,-17,147
1743495623.731656,-19,-36,81
1743495623.7666562,-31,25,129
1743495623.801656,-37,26,195
1743495623.837656,-83,-47,157
1743495623.873656,10,54,63
1743495623.908656,45,18,163
1743495623.944656,-12,-29,57
1743495623.979656,7,40,133
1743495624.014656,-28,56,157
1743495624.0496562,13,-37,123
1743495624.0856562,-16,-9,259
1743495624.121656,35,52,155
1743495624.156656,54,2,193
1743495624.192656,16,-17,137
1743495624.227656,10,16,51
1743495624.262656,-63,-47,107
1743495624.297656,10,10,109
1743495624.333656,-19,22,203
1743495624.369656,18,26,123
1743495624.4046562,-88,26,203
1743495624.440656,-51,16,107
1743495624.475656,34,83,39
1743495624.510656,16,45,159
1743495624.545656,76,-20,237
1743495624.581656,35,-89,129
1743495624.617656,2,60,149
1743495624.652656,0,40,95
1743495624.688656,38,-29,131
1743495624.723656,-13,46,233
1743495624.758656,22,62,109
1743495624.793656,-47,-42,145
1743495624.829656,40,7,41
1743495624.865656,-3,13,245
1743495624.900656,-27,-4,93
1743495624.936656,77,-39,185
1743495624.971656,-24,60,179
1743495625.0066562,45,6,111
1743495625.041656,15,56,205
1743495625.077656,21,-27,89
1743495625.113656,-28,-89,95
1743495625.148656,-26,56,141
1743495625.184656,23,61,93
1743495625.219656,135,49,55
1743495625.254656,71,11,245
1743495625.2896562,45,-76,159
1743495625.325656,37,93,113
1743495625.361656,-51,-35,81
1743495625.396656,37,28,153
1743495625.432656,49,-5,147
1743495625.467656,-54,-11,135
1743495625.502656,121,-43,211
1743495625.537656,-64,-3,177
1743495625.573656,51,-17,85
1743495625.609656,-14,-19,55
1743495625.644656,13,-41,69
1743495625.680656,-10,38,137
1743495625.715656,12,-95,207
1743495625.750656,48,32,181
1743495625.785656,-42,-5,209
1743495625.821656,-59,76,165
1743495625.857656,28,47,91
1743495625.892656,55,18,99
1743495625.928656,-40,49,143
1743495625.963656,-18,37,137
1743495625.998656,-26,11,131
1743495626.033656,71,15,113
1743495626.069656,-90,-30,99
1743495626.105656,71,51,163
1743495626.140656,21,-39,69
1743495626.176656,47,14,131
1743495626.211656,-106,-1,152
1743495626.246656,-20,12,116
1743495626.281656,75,-50,196
1743495626.317656,57,0,98
1743495626.353656,-72,68,94
1743495626.388656,-18,-54,88
1743495626.4246562,-114,32,126
1743495626.459656,55,52,122
1743495626.494656,-42,18,188
1743495626.5296562,-40,0,120
1743495626.565656,59,-1,90
1743495626.601656,-100,-61,102
1743495626.636656,-60,96,46
1743495626.672656,43,16,160
1743495626.707656,-75,2,202
1743495626.742656,8,-77,108
1743495626.777656,-19,44,104
1743495626.813656,-1,-43,126
1743495626.849656,-73,34,120
1743495626.884656,4,-19,216
1743495626.920656,-55,-87,38
1743495626.955656,-67,-49,152
1743495626.990656,-25,6,92
1743495627.025656,52,8,148
1743495627.061656,-49,54,112
1743495627.097656,-31,-11,92
1743495627.132656,28,-51,150
1743495627.168656,-25,24,80
1743495627.203656,16,-11,116
1743495627.238656,-36,-16,160
1743495627.274656,-9,29,166
1743495627.309656,-4,-5,136
1743495627.3456562,-42,-12,146
1743495627.380656,65,5,90
1743495627.416656,-56,67,108
1743495627.451656,23,-16,190
1743495627.486656,-4,-52,218
1743495627.522656,33,35,158
1743495627.557656,-30,-48,86
1743495627.593656,-82,-24,132
1743495627.628656,59,-17,125
1743495627.6646562,-18,17,143
1743495627.699656,-12,-28,141
1743495627.734656,-88,-16,132
1743495627.770656,-55,-26,79
1743495627.805656,47,57,175
1743495627.841656,-52,43,70
1743495627.876656,11,1,78
1743495627.912656,-24,-32,81
1743495627.9476562,-52,-42,-6
1743495627.982656,-12,5,219
1743495628.018656,21,1,137
1743495628.053656,59,-32,161
1743495628.089656,135,-8,139
1743495628.124656,-90,-26,3
1743495628.160656,113,-6,153
1743495628.195656,11,3,137
1743495628.230656,-35,31,103
1743495628.2666562,38,-36,211
1743495628.301656,-40,-10,123
1743495628.337656,27,9,107
1743495628.372656,104,17,179
1743495628.408656,-13,-8,133
1743495628.443656,7,-80,49
1743495628.478656,-67,61,127
1743495628.514656,-61,-82,151
1743495628.5496562,-33,-39,151
1743495628.5856562,49,64,99
1743495628.620656,-44,42,97
1743495628.656656,-40,106,137
1743495628.691656,-14,36,217
1743495628.726656,20,-65,217
1743495628.762656,53,0,101
1743495628.797656,7,-23,109
1743495628.833656,17,36,21
1743495628.8686562,1,10,149
1743495628.9046562,-10,14,123
1743495628.939656,-58,14,73
1743495628.974656,51,-61,129
1743495629.010656,-88,56,193
1743495629.045656,53,-25,117
1743495629.081656,-78,34,173
1743495629.116656,-58,-69,123
1743495629.152656,69,-53,194
1743495629.1876562,-42,-45,186
1743495629.222656,69,-14,127
1743495629.258656,77,-15,107
1743495629.293656,-4,25,39
1743495629.329656,-32,20,219
1743495629.364656,0,6,95
1743495629.400656,-2,28,127
1743495629.435656,-26,-7,65
1743495629.4706562,1,-27,149
1743495629.5066562,27,32,127
1743495629.541656,-36,-121,243
1743495629.577656,19,20,103
1743495629.612656,31,-93,93
1743495629.648656,-26,-46,201
1743495629.683656,-36,40,129
1743495629.718656,53,8,223
1743495629.754656,-92,-44,89
1743495629.7896562,-56,2,185
1743495629.825656,-93,-38,65
1743495629.860656,47,-53,137
1743495629.896656,23,47,194
1743495629.931656,60,-32,194
1743495629.966656,16,21,94
1743495630.002656,-7,-66,74
1743495630.037656,63,9,24
1743495630.073656,32,8,80
1743495630.1086562,-25,-49,168
1743495630.144656,8,-31,70
1743495630.179656,6,12,132
1743495630.214656,-13,-5,166
1743495630.250656,18,-51,184
1743495630.285656,17,23,34
1743495630.321656,7,-14,88
1743495630.356656,27,2,164
1743495630.3916562,-18,22,14
1743495630.426656,27,18,92
1743495630.462656,-46,-53,58
1743495630.498656,41,65,160
1743495630.533656,-48,3,190
1743495630.569656,19,-88,62
1743495630.604656,71,-40,58
1743495630.640656,13,-86,144
1743495630.676656,39,-72,164
1743495630.712656,51,51,98
1743495630.748656,-8,-48,112
1743495630.790656,23,-44,70
1743495630.826656,15,-24,226
1743495630.862656,11,5,116
1743495630.898656,-68,5,214
1743495630.933656,9,-8,38
1743495630.969656,-14,57,164
1743495631.004656,0,39,190
1743495631.0396562,-30,-4,78
1743495631.074656,-28,-22,186
1743495631.110656,59,-28,53
1743495631.146656,-20,-10,157
1743495631.181656,83,7,61
1743495631.217656,-38,-96,81
1743495631.252656,55,19,227
1743495631.287656,-34,51,179
1743495631.3226562,45,-58,159
1743495631.3586562,43,-46,147
1743495631.394656,-72,-54,71
1743495631.429656,-6,-18,70
1743495631.465656,32,9,64
1743495631.500656,40,-40,-41
1743495631.535656,34,99,72
1743495631.570656,22,9,104
1743495631.606656,-35,-50,172
1743495631.642656,-69,59,32
1743495631.677656,-52,-13,232
1743495631.713656,-36,-10,176
1743495631.748656,-29,14,64
1743495631.783656,84,24,120
1743495631.818656,-31,-21,77
1743495631.854656,30,-65,149
1743495631.890656,18,-53,227
1743495631.925656,-19,-43,147
1743495631.961656,8,28,173
1743495631.996656,22,-21,73
1743495632.031656,56,4,133
1743495632.066656,-29,-7,43
1743495632.102656,-3,18,185
1743495632.138656,14,36,237
1743495632.173656,46,12,53
1743495632.209656,50,4,89
1743495632.244656,38,-19,101
1743495632.2796562,4,4,91
1743495632.314656,-79,48,163
1743495632.350656,32,-33,13
1743495632.386656,18,-19,59
1743495632.421656,-99,-55,279
1743495632.457656,-61,-87,167
1743495632.492656,38,-13,151
1743495632.527656,12,34,125
1743495632.5626562,-23,60,151
1743495632.598656,30,-37,255
1743495632.634656,42,-51,209
1743495632.669656,-33,-11,117
1743495632.705656,11,-75,197
1743495632.740656,13,-35,115
1743495632.775656,5,-26,143
1743495632.810656,-22,13,221
1743495632.846656,-16,19,141
1743495632.882656,-18,-73,159
1743495632.917656,-134,1,-10
1743495632.953656,93,25,111
1743495632.988656,23,-50,149
1743495633.023656,-32,-36,75
1743495633.058656,-22,29,1
1743495633.094656,-12,100,161
1743495633.130656,-130,-26,193
1743495633.165656,-40,-66,317
1743495633.201656,55,-6,173
1743495633.236656,1,56,131
1743495633.271656,-32,12,137
1743495633.306656,-104,5,243
1743495633.342656,-42,9,207
1743495633.378656,1,-15,171
1743495633.413656,17,-47,3
1743495633.449656,-46,86,132
1743495633.484656,17,68,87
1743495633.519656,-34,14,118
1743495633.554656,5,-23,166
1743495633.590656,-67,10,-45
1743495633.626656,2,16,146
1743495633.661656,-81,-13,-9
1743495633.6976562,-37,-27,134
1743495633.732656,84,-51,180
1743495633.767656,-10,-25,130
1743495633.802656,99,-33,156
1743495633.838656,-70,-1,202
1743495633.874656,14,14,44
1743495633.909656,60,-85,240
1743495633.945656,-15,-35,130
1743495633.980656,62,0,82
1743495634.015656,-61,-27,26
1743495634.050656,-27,25,66
1743495634.086656,-9,-30,90
1743495634.122656,18,-62,226
1743495634.157656,-57,-48,260
1743495634.193656,16,13,68
1743495634.228656,28,-42,148
1743495634.263656,44,17,36
1743495634.298656,20,54,124
1743495634.334656,18,4,238
1743495634.370656,12,36,164
1743495634.405656,42,50,94
1743495634.441656,-5,40,50
1743495634.476656,-27,-73,78
1743495634.511656,20,-83,-41
1743495634.546656,-35,-11,186
1743495634.582656,30,-34,168
1743495634.6186562,8,-7,138
1743495634.653656,42,-95,180
1743495634.689656,108,-9,34
1743495634.724656,32,140,118
1743495634.759656,46,112,40
1743495634.794656,17,-23,88
1743495634.830656,-120,64,184
1743495634.866656,53,-21,176
1743495634.9016562,-2,-41,194
1743495634.9376562,33,-39,200
1743495634.972656,51,15,154
1743495635.007656,61,46,46
1743495635.042656,5,-28,148
1743495635.078656,7,-18,82
1743495635.114656,-58,57,112
1743495635.149656,11,-6,232
1743495635.185656,-56,9,182
1743495635.2206562,44,-12,20
1743495635.255656,-15,3,116
1743495635.290656,-5,-40,114
1743495635.326656,14,71,58
1743495635.362656,-65,19,165
1743495635.397656,-29,-4,127
1743495635.433656,76,0,185
1743495635.468656,-8,0,163
1743495635.503656,-10,-44,139
1743495635.538656,15,-26,139
1743495635.574656,0,-40,181
1743495635.610656,-96,-11,79
1743495635.645656,-7,-92,233
1743495635.681656,16,5,127
1743495635.716656,-23,5,189
1743495635.751656,2,-38,93
1743495635.786656,42,-10,141
1743495635.8226562,-53,-66,111
1743495635.8586562,-15,35,101
1743495635.893656,50,-64,69
1743495635.929656,12,61,91
1743495635.964656,30,37,171
1743495635.999656,-35,29,251
1743495636.034656,90,-74,231
1743495636.070656,-19,117,37
1743495636.106656,12,37,133
1743495636.1416562,86,-45,235
1743495636.177656,16,0,111
1743495636.212656,58,-11,183
1743495636.247656,76,44,173
1743495636.282656,-117,-19,111
1743495636.318656,36,14,177
1743495636.354656,-47,66,144
1743495636.389656,-26,59,224
1743495636.425656,87,-21,100
1743495636.4606562,53,-19,126
1743495636.495656,27,54,146
1743495636.530656,71,59,188
1743495636.566656,29,5,98
1743495636.602656,71,-60,178
1743495636.637656,-24,-6,90
1743495636.673656,21,-18,86
1743495636.708656,33,7,18
1743495636.7436562,1,-8,72
1743495636.7796562,105,-4,210
1743495636.814656,29,-18,108
1743495636.850656,-62,-64,86
1743495636.885656,-42,7,68
1743495636.921656,9,1,134
1743495636.956656,1,-2,264
1743495636.991656,43,-38,168
1743495637.027656,-12,-9,152
1743495637.0626562,-66,47,218
1743495637.098656,9,-32,32
1743495637.133656,117,-16,166
1743495637.169656,-12,-16,56
1743495637.204656,34,-10,272
1743495637.239656,72,-22,116
1743495637.275656,-61,-12,94
1743495637.310656,6,29,146
1743495637.346656,-57,3,102
1743495637.3816562,-14,21,218
1743495637.417656,40,-94,76
1743495637.452656,-22,29,111
1743495637.487656,-35,22,157
1743495637.523656,-1,63,141
1743495637.558656,-13,5,75
1743495637.594656,36,9,159
1743495637.629656,68,14,135
1743495637.665656,52,8,167
1743495637.700656,-37,31,135
1743495637.735656,0,5,101
1743495637.771656,42,-15,231
1743495637.806656,-35,-112,171
1743495637.842656,-75,-5,49
1743495637.877656,-27,-93,157
1743495637.913656,1,-9,201
1743495637.948656,-56,0,127
1743495637.9836562,17,39,71
1743495638.019656,-42,111,87
1743495638.054656,23,-58,325
1743495638.090656,-18,-34,175
1743495638.125656,-6,1,115
1743495638.161656,-58,-20,89
1743495638.196656,40,-34,157
1743495638.231656,26,31,163
1743495638.267656,27,45,189
1743495638.302656,33,69,133
1743495638.338656,-34,78,149
1743495638.373656,3,-29,45
1743495638.409656,-20,-8,17
1743495638.444656,19,29,103
1743495638.479656,-18,35,173
1743495638.515656,25,-54,87
1743495638.550656,-47,-20,117
1743495638.586656,99,-6,207
1743495638.621656,-77,45,198
1743495638.657656,44,27,62
1743495638.692656,72,9,286
1743495638.727656,-27,-8,282
1743495638.763656,-50,3,184
1743495638.798656,21,-2,180
1743495638.834656,3,29,124
1743495638.869656,21,-18,274
1743495638.905656,-52,-23,20
1743495638.940656,19,41,66
1743495638.975656,-16,8,200
1743495639.011656,21,19,230
1743495639.046656,17,-8,96
1743495639.082656,-94,75,52
1743495639.117656,-42,-44,104
1743495639.153656,49,-85,188
1743495639.188656,-6,9,130
1743495639.223656,5,85,96
1743495639.259656,-90,-44,132
1743495639.294656,15,17,170
1743495639.330656,15,0,124
1743495639.365656,41,-2,214
1743495639.4016562,-42,-22,268
1743495639.436656,-42,-28,284
1743495639.471656,-14,21,80
1743495639.507656,-16,15,213
1743495639.542656,1,21,101
1743495639.578656,-46,-4,47
1743495639.613656,15,15,153
1743495639.649656,-48,73,151
1743495639.684656,-2,11,141
1743495639.719656,77,37,165
1743495639.755656,31,59,219
1743495639.790656,-46,27,133
1743495639.826656,-50,-8,109
1743495639.861656,17,19,149
1743495639.897656,51,51,161
1743495639.932656,-38,17,189
1743495639.967656,17,17,129
1743495640.003656,49,-126,131
1743495640.038656,-30,-24,67
1743495640.074656,25,-49,179
1743495640.109656,-68,-24,97
1743495640.144656,83,6,55
1743495640.179656,-18,-2,95
1743495640.215656,53,63,135
1743495640.251656,43,-10,181
1743495640.286656,18,-36,139
1743495640.3226562,-21,13,159
1743495640.357656,31,69,-42
1743495640.392656,25,31,103
1743495640.427656,-8,-78,157
1743495640.463656,-44,13,137
1743495640.499656,110,11,33
1743495640.534656,-14,-17,217
1743495640.570656,70,-9,105
1743495640.605656,-15,-7,135
1743495640.640656,-3,-23,171
1743495640.675656,-55,16,143
1743495640.711656,18,-39,79
1743495640.747656,40,2,107
1743495640.782656,40,-55,119
1743495640.825656,-47,0,117
1743495640.861656,38,-19,157
1743495640.896656,-15,-43,119
1743495640.931656,38,-37,21
1743495640.967656,-31,-57,119
1743495641.003656,52,-37,93
1743495641.038656,-69,-27,129
1743495641.074656,-27,50,163
1743495641.109656,44,16,97
1743495641.144656,42,-15,123
1743495641.179656,-2,-13,121
1743495641.215656,45,28,115
1743495641.251656,-18,-71,149
1743495641.286656,53,46,179
1743495641.3226562,13,-79,193
1743495641.357656,-58,-47,121
1743495641.392656,0,-33,127
1743495641.427656,47,26,122
1743495641.463656,43,-49,190
1743495641.499656,-74,94,133
1743495641.534656,-44,-9,24
1743495641.570656,-92,-23,35
1743495641.605656,17,30,178
1743495641.640656,45,-11,185
1743495641.675656,-72,26,58
1743495641.711656,-20,50,52
1743495641.747656,25,-33,72
1743495641.782656,-38,-19,148
1743495641.818656,15,-27,110
1743495641.853656,-52,24,50
1743495641.888656,-38,12,58
1743495641.923656,29,-33,126
1743495641.959656,65,-26,184
1743495641.995656,-26,63,88
1743495642.030656,39,-18,86
1743495642.066656,45,-46,106
1743495642.101656,75,-70,62
1743495642.136656,-50,39,182
1743495642.171656,35,-38,140
1743495642.207656,9,-72,38
1743495642.2436562,5,-42,0
1743495642.278656,27,-14,178
1743495642.314656,-8,41,30
1743495642.349656,11,-58,158
1743495642.384656,23,29,144
1743495642.419656,-20,-30,94
1743495642.455656,-22,-14,204
1743495642.491656,33,-8,202
1743495642.5266562,67,-72,82
1743495642.5626562,-18,-28,144
1743495642.597656,-24,-58,232
1743495642.632656,59,47,52
1743495642.667656,-6,0,36
1743495642.703656,7,9,186
1743495642.739656,53,31,168
1743495642.774656,3,-16,174
1743495642.810656,-58,31,168
1743495642.8456562,-32,25,72
1743495642.880656,11,-22,36
1743495642.915656,-10,-6,214
1743495642.951656,-10,-58,220
1743495642.987656,7,37,160
1743495643.022656,-8,55,146
1743495643.058656,-48,19,88
1743495643.093656,0,87,186
1743495643.128656,83,-66,168
1743495643.163656,-60,37,106
1743495643.199656,11,11,80
1743495643.235656,48,-46,38
1743495643.270656,18,46,182
1743495643.306656,-13,11,168
1743495643.341656,-17,-2,226
1743495643.376656,-32,-4,236
1743495643.411656,-31,0,174
1743495643.4476562,-43,-32,218
1743495643.4836562,18,11,112
1743495643.518656,44,-30,14
1743495643.554656,63,-6,194
1743495643.589656,0,-14,60
1743495643.624656,-62,7,98
1743495643.659656,27,49,180
1743495643.695656,-6,39,188
1743495643.731656,43,43,160
1743495643.7666562,31,-20,152
1743495643.802656,7,-32,194
1743495643.837656,39,-94,90
1743495643.872656,29,-116,56
1743495643.907656,-98,-2,64
1743495643.943656,43,35,236
1743495643.979656,7,3,72
1743495644.014656,57,3,224
1743495644.050656,13,97,66
1743495644.0856562,95,43,72
1743495644.120656,83,51,154
1743495644.155656,39,75,70
1743495644.191656,-8,3,218
1743495644.227656,-24,61,90
1743495644.262656,-4,37,257
1743495644.298656,-43,26,129
1743495644.333656,30,-7,127
1743495644.3686562,87,-9,157
1743495644.403656,41,-31,233
1743495644.439656,-42,-15,89
1743495644.475656,9,-9,203
1743495644.510656,33,-5,173
1743495644.546656,53,32,75
1743495644.581656,-10,-15,133
1743495644.616656,37,-67,119
1743495644.6516562,-22,26,107
1743495644.6876562,-30,14,111
1743495644.723656,47,-18,113
1743495644.758656,-46,11,141
1743495644.794656,21,-28,55
1743495644.829656,-58,-48,231
1743495644.866656,55,33,193
1743495644.9016562,15,-77,78
1743495644.936656,11,26,156
1743495644.971656,-66,-39,110
1743495645.007656,37,26,150
1743495645.043656,39,-13,100
1743495645.078656,-2,42,142
1743495645.114656,23,66,68
1743495645.149656,-6,-23,200
1743495645.184656,-18,6,190
1743495645.219656,-24,-65,136
1743495645.255656,17,65,248
1743495645.291656,41,-14,54
1743495645.326656,1,-80,102
1743495645.362656,-56,53,156
1743495645.397656,-30,49,190
1743495645.432656,31,37,140
1743495645.467656,-29,-6,106
1743495645.503656,65,21,110
1743495645.5396562,-22,7,80
1743495645.574656,12,-16,142
1743495645.610656,-29,-68,134
1743495645.645656,-52,39,44
1743495645.680656,-18,89,98
1743495645.715656,-5,17,130
1743495645.751656,44,29,220
1743495645.787656,0,1,158
1743495645.8226562,-36,53,138
1743495645.8586562,57,3,76
1743495645.893656,39,-58,-47
1743495645.928656,7,57,200
1743495645.963656,-41,-49,5
1743495645.999656,-27,-33,179
1743495646.035656,-108,-101,130
1743495646.070656,-62,66,48
1743495646.106656,-2,-37,156
1743495646.1416562,-2,-27,27
1743495646.176656,-20,48,233
1743495646.212656,-56,13,65
1743495646.247656,5,22,99
1743495646.283656,-54,3,149
1743495646.318656,19,75,165
1743495646.354656,-42,20,171
1743495646.389656,33,74,125
1743495646.4246562,49,-57,221
1743495646.4606562,37,4,167
1743495646.495656,39,20,125
1743495646.531656,0,22,205
1743495646.566656,-22,56,81
1743495646.602656,13,-13,87
1743495646.637656,-2,30,71
1743495646.672656,-24,20,191
1743495646.708656,27,70,267
1743495646.7436562,48,8,-62
1743495646.7796562,-16,-1,7
1743495646.814656,-50,-11,133
1743495646.850656,-48,36,65
1743495646.885656,-48,-19,197
1743495646.920656,-12,26,137
1743495646.956656,64,26,97
1743495646.991656,-49,42,199
1743495647.027656,-14,-45,199
1743495647.0626562,-10,20,139
1743495647.098656,43,-25,119
1743495647.133656,1,98,101
1743495647.168656,7,10,79
1743495647.204656,-2,-2,181
1743495647.239656,-52,29,209
1743495647.275656,53,30,203
1743495647.310656,0,-16,175
1743495647.346656,42,-77,99
1743495647.3816562,-73,46,91
1743495647.416656,50,53,65
1743495647.452656,-29,19,123
1743495647.487656,32,-26,217
1743495647.523656,-29,43,59
1743495647.558656,-33,37,67
1743495647.594656,-71,-14,93
1743495647.630656,-15,32,225
1743495647.666656,-67,-7,73
1743495647.701656,22,-17,17
1743495647.736656,32,69,93
1743495647.772656,22,16,123
1743495647.807656,-69,-23,131
1743495647.843656,36,-3,101
1743495647.878656,12,-29,115
1743495647.9146562,-27,26,191
1743495647.949656,16,-9,257
1743495647.984656,7,-67,187
1743495648.020656,66,-60,124
1743495648.055656,40,59,142
1743495648.091656,88,41,115
1743495648.126656,32,22,60
1743495648.162656,-3,27,-1
1743495648.1976562,56,27,58
1743495648.232656,34,17,102
1743495648.268656,-21,75,160
1743495648.303656,-71,51,94
1743495648.339656,25,33,8
1743495648.374656,-2,29,8
1743495648.410656,-6,66,86
1743495648.445656,29,-15,0
1743495648.480656,34,23,98
1743495648.5166562,72,-14,144
1743495648.551656,51,-56,208
1743495648.587656,25,0,200
1743495648.622656,25,13,186
1743495648.658656,55,-8,122
1743495648.693656,19,17,222
1743495648.728656,13,1,90
1743495648.764656,23,17,84
1743495648.7996562,-8,21,168
1743495648.8356562,7,3,46
1743495648.870656,-18,-112,184
1743495648.906656,25,52,186
1743495648.941656,35,-47,125
1743495648.976656,11,-20,149
1743495649.012656,1,17,87
1743495649.047656,-22,17,29
1743495649.083656,0,0,203
1743495649.1186562,-4,51,127
1743495649.1546562,-28,1,83
1743495649.189656,73,-60,141
1743495649.224656,-64,13,105
1743495649.260656,-40,-16,29
1743495649.295656,-20,-32,79
1743495649.331656,53,-8,41
1743495649.366656,15,69,161
1743495649.402656,-2,-46,75
1743495649.4376562,-44,-8,55
1743495649.472656,47,-4,161
1743495649.508656,23,25,125
1743495649.543656,0,-48,191
1743495649.579656,87,21,155
1743495649.614656,15,-54,183
1743495649.650656,-108,-36,197
1743495649.686656,23,-12,145
1743495649.722656,43,61,117
1743495649.758656,41,31,25
1743495649.794656,-12,-20,115
1743495649.830656,75,-68,103
1743495649.865656,-30,53,153
1743495649.900656,30,-18,173
1743495649.936656,-18,43,123
1743495649.972656,53,4,273
1743495650.007656,23,56,161
1743495650.043656,7,-59,175
1743495650.078656,15,40,141
1743495650.113656,-34,-17,94
1743495650.148656,-60,-14,90
1743495650.184656,15,31,2
1743495650.2206562,23,-24,60
1743495650.255656,45,-18,110
1743495650.291656,-4,-45,239
1743495650.326656,-28,-7,101
1743495650.361656,-6,-44,263
1743495650.396656,-36,-16,119
1743495650.432656,26,-36,193
1743495650.468656,-49,-20,27
1743495650.503656,-13,79,119
1743495650.5396562,44,-50,71
1743495650.574656,79,47,165
1743495650.609656,-36,-30,167
1743495650.644656,-20,-18,99
1743495650.680656,-22,35,183
1743495650.716656,-4,39,-26
1743495650.751656,37,-14,148
1743495650.787656,21,23,13
1743495650.829656,-16,43,203
1743495650.865656,77,9,167
1743495650.900656,-92,67,264
1743495650.936656,-60,-10,80
1743495650.972656,45,41,126
1743495651.007656,-20,-56,78
1743495651.043656,49,-30,68
1743495651.078656,39,-14,148
1743495651.113656,73,-14,106
1743495651.148656,1,-8,100
1743495651.184656,-36,-18,144
1743495651.2206562,5,-32,152
1743495651.255656,17,-50,163
1743495651.291656,57,-22,-10
1743495651.326656,-10,-36,39
1743495651.361656,-62,-50,263
1743495651.396656,-6,53,191
1743495651.432656,-12,-28,165
1743495651.468656,-52,-2,201
1743495651.503656,65,29,177
1743495651.5396562,39,-80,231
1743495651.574656,-10,33,61
1743495651.609656,-4,18,81
1743495651.644656,12,-8,125
1743495651.680656,-68,65,103
1743495651.716656,-4,-36,185
1743495651.751656,-49,-74,183
1743495651.787656,-37,5,-8
1743495651.8226562,54,-66,129
1743495651.857656,-11,-16,49
1743495651.892656,-79,23,219
1743495651.928656,8,25,63
1743495651.964656,-23,-21,226
1743495651.999656,32,-48,192
1743495652.035656,50,-20,154
1743495652.070656,-37,-10,152
1743495652.105656,-71,-2,148
1743495652.140656,-40,-30,96
1743495652.176656,25,3,150
1743495652.212656,25,1,230
1743495652.247656,-18,9,188
1743495652.283656,-45,27,120
1743495652.318656,34,-2,142
1743495652.353656,78,-26,192
1743495652.388656,22,29,182
1743495652.4246562,-71,15,196
1743495652.4606562,-23,54,102
1743495652.495656,-2,8,205
1743495652.531656,17,26,181
1743495652.566656,33,36,118
1743495652.601656,-56,30,44
1743495652.636656,-8,-67,75
1743495652.672656,-53,12,181
1743495652.708656,30,-59,113
1743495652.7436562,-75,30,137
1743495652.7796562,-59,-21,177
1743495652.814656,30,-3,39
1743495652.849656,-7,-57,148
1743495652.884656,16,32,152
1743495652.920656,72,-33,218
1743495652.956656,24,-87,152
1743495652.991656,12,21,162
1743495653.027656,36,-30,234
1743495653.0626562,28,36,160
1743495653.097656,-50,54,228
1743495653.132656,60,-74,172
1743495653.168656,-7,-30,168
1743495653.204656,-9,-13,173
1743495653.239656,50,62,205
1743495653.275656,30,14,175
1743495653.310656,12,0,159
1743495653.3456562,84,-81,206
1743495653.380656,-51,-37,326
1743495653.416656,-57,-17,100
1743495653.452656,78,-37,176
1743495653.487656,-31,-29,79
1743495653.523656,-23,-7,219
1743495653.558656,-26,-49,161
1743495653.593656,-44,10,193
1743495653.628656,35,-37,135
1743495653.6646562,23,70,45
1743495653.700656,-8,64,178
1743495653.735656,-10,-75,64
1743495653.771656,-34,-1,70
1743495653.806656,-42,26,64
1743495653.841656,-44,44,-37
1743495653.876656,17,-1,161
1743495653.912656,53,-3,135
1743495653.948656,73,14,215
1743495653.9836562,55,38,9
1743495654.019656,-22,2,107
1743495654.054656,-11,34,147
1743495654.089656,-16,-39,79
1743495654.124656,27,-33,99
1743495654.160656,-14,-15,115
1743495654.196656,-90,-65,191
1743495654.231656,-60,-45,115
1743495654.267656,3,-21,71
1743495654.302656,-16,-27,39
1743495654.337656,51,-27,113
1743495654.372656,-28,-11,145
1743495654.408656,37,50,68
1743495654.444656,-6,-11,208
1743495654.479656,15,4,150
1743495654.515656,16,-91,154
1743495654.550656,-18,90,116
1743495654.5856562,35,32,348
1743495654.620656,79,-35,175
1743495654.656656,23,-51,33
1743495654.692656,-8,-45,138
1743495654.727656,-10,-54,64
1743495654.763656,107,-101,69
1743495654.798656,-52,-32,119
1743495654.833656,-20,11,189
1743495654.8686562,-18,-23,165
1743495654.9046562,38,28,97
1743495654.940656,-8,-9,101
1743495654.975656,-28,-17,106
1743495655.011656,75,44,114
1743495655.046656,-48,12,52
1743495655.081656,-6,-37,246
1743495655.116656,81,-23,88
1743495655.152656,-62,-9,112
1743495655.188656,3,-25,144
1743495655.223656,-42,6,190
1743495655.259656,31,-76,-9
1743495655.294656,55,-10,188
1743495655.329656,-6,11,174
1743495655.364656,-40,29,142
1743495655.400656,-40,23,82
1743495655.436656,3,13,224
1743495655.471656,9,-46,100
1743495655.507656,11,31,124
1743495655.542656,-16,-24,196
1743495655.577656,65,-14,172
1743495655.612656,11,-13,116
1743495655.648656,-22,12,242
1743495655.684656,67,15,134
1743495655.719656,91,-13,78
1743495655.755656,-36,-21,172
1743495655.790656,41,4,126
1743495655.825656,15,-113,108
1743495655.861656,3,-21,100
1743495655.896656,-20,44,170
1743495655.932656,-14,12,182
1743495655.967656,-74,-7,140
1743495656.003656,1,-33,116
1743495656.038656,-50,38,126
1743495656.073656,-7,-27,200
1743495656.109656,-15,16,146
1743495656.144656,-72,10,142
1743495656.180656,-28,-54,18
1743495656.215656,9,-14,254
1743495656.251656,29,-56,137
1743495656.286656,11,-18,129
1743495656.321656,-25,-68,199
1743495656.357656,44,-4,119
1743495656.392656,-41,-34,85
1743495656.428656,26,17,133
1743495656.463656,20,-66,125
1743495656.499656,-73,44,117
1743495656.534656,48,-17,245
1743495656.569656,-23,-19,137
1743495656.605656,-45,4,133
1743495656.640656,36,-33,187
1743495656.676656,-25,-13,119
1743495656.711656,14,-54,167
1743495656.747656,50,-28,109
1743495656.782656,-21,33,167
1743495656.817656,58,27,119
1743495656.853656,-19,-52,261
1743495656.888656,-87,35,161
1743495656.9246562,26,47,127
1743495656.959656,28,-10,137
1743495656.995656,50,-46,239
1743495657.030656,-15,0,91
1743495657.065656,-55,0,167
1743495657.101656,24,11,127
1743495657.136656,-3,-57,157
1743495657.172656,16,-48,111
1743495657.207656,-21,66,21
1743495657.2436562,22,86,191
1743495657.278656,-17,0,187
1743495657.313656,-85,-33,137
1743495657.349656,-33,-11,137
1743495657.384656,-19,-87,133
1743495657.420656,-3,-1,115
1743495657.455656,10,-5,91
1743495657.491656,-111,-21,127
1743495657.5266562,72,-49,95
1743495657.561656,-3,-3,95
1743495657.597656,-63,26,181
1743495657.632656,106,22,125
1743495657.668656,-45,-25,205
1743495657.703656,52,-13,129
1743495657.739656,30,-43,259
1743495657.774656,-31,-9,239
1743495657.809656,-5,-63,165
1743495657.8456562,0,-91,131
1743495657.880656,-63,-15,163
1743495657.916656,49,-87,121
1743495657.951656,-40,-31,209
1743495657.987656,117,-23,-36
1743495658.022656,21,-23,123
1743495658.057656,-10,-47,131
1743495658.093656,53,-15,195
1743495658.128656,21,-41,77
1743495658.1646562,43,-43,153
1743495658.199656,47,22,175
1743495658.235656,-1,-7,171
1743495658.270656,-84,-7,91
1743495658.305656,37,92,199
1743495658.341656,-64,-41,105
1743495658.376656,-40,-59,143
1743495658.412656,-10,31,279
1743495658.4476562,31,-44,1
1743495658.4836562,39,17,115
1743495658.518656,-8,-41,159
1743495658.553656,35,-1,219
1743495658.589656,33,-13,93
1743495658.624656,13,-3,259
1743495658.660656,-92,34,97
1743495658.695656,5,0,195
1743495658.731656,-46,0,79
1743495658.7666562,-62,-45,225
1743495658.801656,11,-85,161
1743495658.837656,-59,72,137
1743495658.872656,52,56,153
1743495658.908656,105,-41,173
1743495658.943656,15,-3,141
1743495658.979656,-86,12,93
1743495659.014656,15,24,157
1743495659.0496562,23,-57,89
1743495659.0856562,-24,-103,103
1743495659.120656,3,-67,81
1743495659.156656,63,20,263
1743495659.191656,27,0,145
1743495659.227656,-84,-27,173
1743495659.263656,-58,-45,167
1743495659.298656,69,10,97
1743495659.333656,-4,14,165
1743495659.369656,39,22,63
1743495659.405656,-24,-65,263
1743495659.440656,31,-35,13
1743495659.476656,31,10,197
1743495659.511656,43,12,235
1743495659.546656,24,8,39
1743495659.581656,12,29,92
1743495659.617656,-35,-26,86
1743495659.653656,10,-20,118
1743495659.688656,-31,-48,88
1743495659.724656,-15,6,254
1743495659.759656,4,49,112
1743495659.794656,-55,17,88
1743495659.829656,33,-2,326
1743495659.865656,-14,-11,62
1743495659.9016562,11,48,-13
1743495659.936656,0,-39,252
1743495659.972656,75,32,150
1743495660.007656,-18,-67,224
1743495660.042656,-46,-27,22
1743495660.077656,83,20,48
1743495660.113656,-30,8,98
1743495660.149656,25,-27,156
1743495660.184656,-60,-53,100
1743495660.2206562,3,-19,102
1743495660.255656,27,4,-7
1743495660.290656,-28,4,118
1743495660.325656,-40,22,238
1743495660.361656,-78,-47,114
1743495660.397656,57,10,212
1743495660.432656,11,-17,206
1743495660.468656,-34,-7,186
1743495660.503656,1,42,218
1743495660.538656,-62,74,166
1743495660.573656,71,-3,178
1743495660.609656,41,10,140
1743495660.645656,-66,48,136
1743495660.680656,39,-89,82
1743495660.716656,-12,-21,128
1743495660.751656,-97,70,108
1743495660.786656,-41,-17,96
1743495660.821656,58,62,256
1743495660.864656,32,102,132
1743495660.9016562,-54,-43,122
1743495660.936656,-49,-13,176
1743495660.972656,-48,66,56
1743495661.007656,-56,16,166
1743495661.042656,9,-55,156
1743495661.077656,31,50,70
1743495661.113656,-14,-43,42
1743495661.149656,-15,4,92
1743495661.184656,22,-73,134
1743495661.2206562,-7,-45,68
1743495661.255656,12,46,102
1743495661.290656,14,-39,90
1743495661.325656,86,-65,226
1743495661.361656,60,-29,190
1743495661.397656,-97,48,136
1743495661.432656,-5,30,234
1743495661.468656,56,28,136
1743495661.503656,6,-65,238
1743495661.538656,-33,62,118
1743495661.573656,44,12,278
1743495661.609656,2,6,178
1743495661.645656,-29,-1,118
1743495661.680656,49,-47,212
1743495661.716656,35,-35,38
1743495661.751656,-74,-51,214
1743495661.786656,5,24,96
1743495661.821656,41,14,120
1743495661.857656,-30,86,236
1743495661.893656,23,10,140
1743495661.928656,37,70,114
1743495661.964656,-12,62,30
1743495661.999656,55,34,20
1743495662.034656,-96,18,86
1743495662.069656,59,96,88
1743495662.105656,-32,8,70
1743495662.1416562,57,2,164
1743495662.176656,5,-7,172
1743495662.212656,-46,-13,166
1743495662.247656,-22,8,104
1743495662.282656,-40,-3,80
1743495662.317656,-58,-91,220
1743495662.353656,10,-65,84
1743495662.389656,-57,4,118
1743495662.4246562,26,58,196
1743495662.4606562,-33,-7,116
1743495662.495656,52,24,78
1743495662.530656,52,20,94
1743495662.565656,32,26,218
1743495662.601656,-17,24,32
1743495662.637656,-25,38,60
1743495662.672656,86,-41,118
1743495662.708656,10,-13,110
1743495662.7436562,-5,-81,156
1743495662.778656,-19,50,70
1743495662.813656,-49,26,56
1743495662.849656,-33,-24,96
1743495662.885656,-129,-24,276
1743495662.920656,12,11,84
1743495662.956656,-87,45,282
1743495662.991656,12,41,46
1743495663.0266562,73,39,150
1743495663.061656,-32,-60,100
1743495663.097656,23,-16,84
1743495663.133656,-4,0,28
1743495663.168656,15,9,36
1743495663.204656,4,55,142
1743495663.239656,26,11,136
1743495663.274656,26,-18,251
1743495663.309656,25,27,231
1743495663.3456562,7,5,63
1743495663.3816562,41,-20,74
1743495663.416656,-42,3,85
1743495663.452656,31,-14,103
1743495663.487656,-22,-42,230
1743495663.522656,-18,-22,164
1743495663.557656,49,11,134
1743495663.593656,21,7,159
1743495663.629656,-62,-26,119
1743495663.6646562,13,0,189
1743495663.700656,41,67,73
1743495663.735656,-20,-62,81
1743495663.770656,7,101,87
1743495663.805656,-4,39,195
1743495663.841656,-16,-16,87
1743495663.877656,27,-34,77
1743495663.912656,13,-20,131
1743495663.948656,11,45,183
1743495663.9836562,35,35,105
1743495664.018656,-48,-2,107
1743495664.053656,43,-54,41
1743495664.089656,19,9,79
1743495664.125656,29,-30,103
1743495664.160656,-16,40,39
1743495664.196656,5,-38,187
1743495664.231656,13,-43,219
1743495664.2666562,-20,6,167
1743495664.301656,17,41,177
1743495664.337656,3,-59,73
1743495664.373656,-26,2,215
1743495664.408656,-16,-58,133
1743495664.444656,-5,43,161
1743495664.479656,0,25,201
1743495664.514656,0,39,193
1743495664.5496562,-17,11,169
1743495664.5856562,30,-92,139
1743495664.621656,-19,-8,67
1743495664.656656,-16,-46,89
1743495664.692656,39,-12,175
1743495664.727656,-6,7,243
1743495664.762656,-34,23,150
1743495664.797656,-11,4,122
1743495664.833656,-27,-10,153
1743495664.869656,38,21,154
1743495664.9046562,34,-53,26
1743495664.940656,-123,-7,-1
1743495664.975656,-55,-10,180
1743495665.010656,-85,21,160
1743495665.045656,38,-62,172
1743495665.081656,-3,25,88
1743495665.117656,54,61,100
1743495665.152656,4,67,116
1743495665.188656,-9,-62,98
1743495665.223656,-43,-16,96
1743495665.258656,16,-80,130
1743495665.294656,28,-12,94
1743495665.329656,-35,82,90
1743495665.365656,-5,9,96
1743495665.400656,6,-17,112
1743495665.436656,-3,-59,40
1743495665.471656,24,43,246
1743495665.5066562,86,77,148
1743495665.542656,30,27,87
1743495665.577656,52,-19,125
1743495665.613656,-103,3,97
1743495665.648656,-10,13,13
1743495665.684656,-2,-9,203
1743495665.719656,-40,-103,191
1743495665.754656,-14,4,179
1743495665.790656,29,-7,97
1743495665.825656,20,8,105
1743495665.861656,28,32,35
1743495665.896656,28,14,103
1743495665.932656,-49,38,201
1743495665.967656,-57,30,121
1743495666.002656,-65,-33,3
1743495666.038656,-11,-19,153
1743495666.073656,-115,6,111
1743495666.109656,4,-7,205
1743495666.144656,80,-45,183
1743495666.180656,-169,-33,97
1743495666.215656,22,-1,241
1743495666.250656,-31,-3,179
1743495666.286656,9,-53,121
1743495666.321656,20,-9,137
1743495666.357656,-15,-64,90
1743495666.392656,-50,-8,154
1743495666.428656,41,27,55
1743495666.463656,-20,65,43
1743495666.498656,0,7,206
1743495666.534656,-58,-74,205
1743495666.569656,-52,7,124
1743495666.605656,33,39,198
1743495666.640656,5,-48,72
1743495666.676656,-42,-10,148
1743495666.711656,-75,-14,226
1743495666.746656,-48,-40,118
1743495666.782656,-38,51,64
1743495666.817656,19,-18,68
1743495666.853656,65,-46,264
1743495666.888656,23,0,76
1743495666.9246562,83,5,106
1743495666.959656,1,-16,-21
1743495666.994656,-50,113,126
1743495667.030656,-70,9,146
1743495667.065656,1,13,160
1743495667.101656,11,-48,172
1743495667.136656,51,-4,104
1743495667.172656,43,39,214
1743495667.207656,51,17,-1
1743495667.242656,-40,-28,120
1743495667.278656,-24,15,184
1743495667.313656,-32,51,90
1743495667.349656,-50,-3,138
1743495667.384656,33,-31,74
1743495667.420656,46,-64,72
1743495667.455656,-32,19,96
1743495667.490656,-42,17,156
1743495667.5266562,-6,-9,146
1743495667.561656,73,-40,57
1743495667.597656,9,-40,191
1743495667.632656,45,17,165
1743495667.668656,-17,45,43
1743495667.703656,15,-50,179
1743495667.738656,67,25,217
1743495667.774656,-26,23,143
1743495667.809656,5,29,95
1743495667.8456562,27,-78,173
1743495667.880656,-96,-10,181
1743495667.916656,19,53,-38
1743495667.951656,-34,-40,167
1743495667.986656,-4,35,85
1743495668.022656,5,-56,143
1743495668.057656,-60,7,89
1743495668.093656,27,-66,163
1743495668.128656,37,-6,197
1743495668.1646562,-4,17,149
1743495668.199656,77,-24,97
1743495668.234656,-30,-24,117
1743495668.270656,25,0,109
1743495668.305656,-8,45,197
1743495668.341656,-40,-61,47
1743495668.376656,25,14,183
1743495668.412656,7,-5,51
1743495668.4476562,-26,46,221
1743495668.482656,15,42,133
1743495668.518656,9,-23,251
1743495668.553656,9,-37,157
1743495668.589656,-82,-33,-2
1743495668.624656,-70,78,101
1743495668.660656,-70,11,113
1743495668.696656,59,-54,91
1743495668.732656,-16,3,87
1743495668.768656,7,-4,173
1743495668.804656,17,13,55
1743495668.840656,95,-70,101
1743495668.876656,-32,15,291
1743495668.912656,-30,43,59
1743495668.9476562,71,-2,283
1743495668.982656,47,-116,123
1743495669.018656,-30,-111,233
1743495669.054656,17,34,171
1743495669.089656,1,26,253
1743495669.125656,-28,-13,225
1743495669.160656,39,-53,187
1743495669.195656,15,-11,133
1743495669.230656,-8,-13,155
1743495669.2666562,-18,44,255
1743495669.302656,7,18,139
1743495669.337656,17,5,119
1743495669.373656,-37,9,117
1743495669.408656,42,-46,63
1743495669.443656,0,-30,71
1743495669.478656,-15,-106,217
1743495669.514656,26,-15,217
1743495669.550656,-83,-5,105
1743495669.5856562,28,-4,181
1743495669.621656,44,11,149
1743495669.656656,-13,67,217
1743495669.691656,52,-50,131
1743495669.726656,18,17,131
1743495669.762656,2,39,155
1743495669.798656,-73,13,171
1743495669.833656,-9,-14,115
1743495669.869656,-3,-74,135
1743495669.9046562,-37,-28,167
1743495669.939656,-5,21,83
1743495669.974656,-21,-17,159
1743495670.010656,-11,-33,187
1743495670.046656,44,-1,253
1743495670.081656,-33,-49,29
1743495670.117656,90,25,105
1743495670.152656,-25,37,247
1743495670.1876562,-1,-54,163
1743495670.222656,-27,31,185
1743495670.258656,63,-16,159
1743495670.294656,90,27,107
1743495670.329656,64,45,75
1743495670.365656,-7,33,233
1743495670.400656,-51,25,93
1743495670.435656,4,-7,75
1743495670.4706562,48,37,125
1743495670.5066562,-21,-54,209
1743495670.542656,14,69,99
1743495670.577656,78,13,39
1743495670.613656,54,-48,11
1743495670.648656,12,-10,137
1743495670.683656,14,-94,107
1743495670.718656,-27,-24,175
1743495670.754656,30,62,185
1743495670.790656,30,8,53
1743495670.825656,-19,-61,131
1743495670.8686562,-21,48,33
1743495670.9046562,-68,-25,205
1743495670.939656,33,-17,117
1743495670.974656,-66,114,111
1743495671.010656,13,3,183
1743495671.046656,-44,-18,163
1743495671.081656,-42,5,83
1743495671.117656,21,-58,127
1743495671.152656,-42,-26,89
1743495671.1876562,-34,-6,195
1743495671.222656,37,-20,37
1743495671.258656,23,-58,104
1743495671.294656,57,35,120
1743495671.329656,1,11,72
1743495671.365656,-44,-36,152
1743495671.400656,17,2,154
1743495671.435656,-6,36,122
1743495671.4706562,91,2,86
1743495671.5066562,67,-13,178
1743495671.542656,59,-5,152
1743495671.577656,-64,-45,12
1743495671.613656,7,-14,162
1743495671.648656,85,-11,94
1743495671.683656,41,-21,100
1743495671.718656,-18,-47,200
1743495671.754656,13,54,40
1743495671.790656,55,33,49
1743495671.825656,57,-24,117
1743495671.861656,89,-28,82
1743495671.896656,57,49,17
1743495671.931656,-8,-50,171
1743495671.966656,47,71,253
1743495672.002656,-48,-22,85
1743495672.038656,5,-22,143
1743495672.073656,19,-24,173
1743495672.109656,13,49,149
1743495672.144656,22,-22,126
1743495672.179656,-29,-16,-8
1743495672.214656,-51,3,123
1743495672.250656,-45,21,124
1743495672.286656,-8,21,170
1743495672.321656,-76,63,78
1743495672.357656,-72,-16,158
1743495672.392656,5,3,180
1743495672.427656,41,29,154
1743495672.462656,20,-64,40
1743495672.498656,0,27,82
1743495672.534656,77,-22,188
1743495672.569656,13,-20,264
1743495672.605656,-52,17,84
1743495672.640656,-4,5,156
1743495672.675656,33,-18,158
1743495672.7106562,-90,-20,54
1743495672.746656,-16,87,72
1743495672.782656,39,-62,184
1743495672.817656,0,-75,74
1743495672.853656,1,70,266
1743495672.888656,39,-63,26
1743495672.923656,-14,8,250
1743495672.958656,-48,28,166
1743495672.994656,-26,-57,176
1743495673.030656,49,38,186
1743495673.065656,33,-94,74
1743495673.101656,19,2,148
1743495673.136656,-12,-51,264
1743495673.171656,69,7,138
1743495673.206656,-28,21,16
1743495673.242656,-34,-60,186
1743495673.278656,17,11,-11
1743495673.313656,55,-28,92
1743495673.349656,-16,53,164
1743495673.384656,-30,41,238
1743495673.419656,59,-46,234
1743495673.454656,5,19,46
1743495673.490656,23,-26,230
1743495673.5266562,-50,-42,146
1743495673.561656,-12,-24,216
1743495673.597656,-62,-42,196
1743495673.632656,27,-6,58
1743495673.667656,-2,3,134
1743495673.702656,-18,-22,-61
1743495673.738656,-10,47,94
1743495673.774656,71,-17,88
1743495673.809656,-24,-39,54
1743495673.8456562,161,-55,118
1743495673.880656,-72,2,82
1743495673.915656,103,18,52
1743495673.951656,-6,26,144
1743495673.986656,-26,26,124
1743495674.022656,-20,2,180
1743495674.057656,57,-1,190
1743495674.093656,-32,-15,120
1743495674.128656,-42,6,80
1743495674.163656,0,-25,110
1743495674.198656,-4,4,206
1743495674.234656,-4,2,74
1743495674.270656,-63,-54,224
1743495674.305656,14,-84,152
1743495674.341656,30,-10,166
1743495674.376656,58,15,150
1743495674.411656,-49,-8,142
1743495674.446656,-37,19,134
1743495674.482656,22,39,-13
1743495674.518656,40,-38,86
1743495674.553656,61,35,12
1743495674.589656,77,15,78
1743495674.624656,1,21,246
1743495674.659656,18,25,86
1743495674.695656,13,71,302
1743495674.730656,-6,1,70
1743495674.7666562,25,-28,168
1743495674.801656,-28,29,210
1743495674.837656,0,15,184
1743495674.872656,-28,-41,94
1743495674.907656,-22,46,112
1743495674.943656,93,40,116
1743495674.978656,23,52,4
1743495675.014656,-10,-5,122
1743495675.0496562,-14,-21,208
1743495675.0856562,-70,-1,64
1743495675.120656,0,32,53
1743495675.155656,77,84,23
1743495675.191656,43,-3,206
1743495675.226656,51,-5,133
1743495675.262656,-20,-9,98
1743495675.297656,5,12,55
1743495675.333656,35,-35,175
1743495675.3686562,-2,-26,137
1743495675.403656,-44,26,95
1743495675.439656,49,-11,209
1743495675.474656,57,-16,127
1743495675.510656,-9,-8,109
1743495675.545656,-39,-20,159
1743495675.581656,-21,93,147
1743495675.616656,68,-34,67
1743495675.6516562,18,-4,79
1743495675.6876562,70,-18,105
1743495675.722656,8,-12,193
1743495675.758656,58,-34,257
1743495675.793656,-45,-14,175
1743495675.829656,2,-6,35
1743495675.864656,-33,-58,117
1743495675.899656,-25,27,229
1743495675.935656,-21,-6,75
1743495675.9706562,16,45,157
1743495676.0066562,44,29,55
1743495676.041656,-15,-46,179
1743495676.077656,-15,-18,255
1743495676.112656,12,73,229
1743495676.147656,-37,9,163
1743495676.183656,-69,-34,155
1743495676.218656,-5,-30,83
1743495676.254656,80,9,115
1743495676.2896562,-25,-60,183
1743495676.325656,2,-108,179
1743495676.360656,42,-44,105
1743495676.395656,60,3,115
1743495676.431656,2,55,21
1743495676.466656,102,109,135
1743495676.502656,52,-70,69
1743495676.537656,-15,-60,123
1743495676.573656,38,5,191
1743495676.6086562,84,33,149
1743495676.643656,-65,-66,73
1743495676.679656,0,-4,96
1743495676.714656,-11,17,68
1743495676.750656,54,5,242
1743495676.785656,-19,-2,182
1743495676.821656,20,-26,64
1743495676.856656,-89,-16,196
1743495676.8916562,56,69,186
1743495676.927656,6,-44,198
1743495676.962656,76,47,116
1743495676.998656,20,31,152
1743495677.033656,-31,47,100
1743495677.069656,22,-52,136
1743495677.104656,-15,-38,104
1743495677.139656,-7,-16,150
1743495677.175656,2,19,104
1743495677.2106562,36,-2,210
1743495677.246656,14,-52,114
1743495677.281656,38,-54,82
1743495677.317656,6,23,216
1743495677.352656,22,57,150
1743495677.387656,-45,9,50
1743495677.423656,-17,7,110
1743495677.458656,8,-2,96
1743495677.494656,26,-38,28
1743495677.5296562,64,-20,52
1743495677.565656,48,15,96
1743495677.600656,18,1,72
1743495677.635656,10,-28,48
1743495677.671656,-57,15,52
1743495677.706656,-19,13,120
1743495677.742656,6,41,100
1743495677.777656,38,3,42
1743495677.813656,-24,-27,144
1743495677.848656,13,-9,88
1743495677.883656,-70,-8,220
1743495677.919656,7,19,74
1743495677.954656,33,-10,282
1743495677.990656,14,84,130
1743495678.025656,18,-25,266
1743495678.061656,11,-34,50
1743495678.096656,-86,3,142
1743495678.1316562,-54,-38,176
1743495678.167656,-73,77,132
1743495678.202656,91,1,148
1743495678.238656,-22,-64,34
1743495678.273656,-4,-14,56
1743495678.308656,-2,-124,102
1743495678.343656,46,77,98
1743495678.379656,1,11,8
1743495678.415656,-28,35,100
1743495678.450656,-72,-26,108
1743495678.486656,49,-8,160
1743495678.521656,-8,53,104
1743495678.556656,3,37,32
1743495678.591656,-42,-28,104
1743495678.627656,35,-28,94
1743495678.663656,39,-118,222
1743495678.698656,0,27,142
1743495678.734656,-97,-8,102
1743495678.769656,16,5,128
1743495678.804656,22,27,122
1743495678.839656,-5,-16,140
1743495678.875656,62,-84,88
1743495678.911656,62,45,82
1743495678.946656,-51,95,168
1743495678.982656,-51,21,138
1743495679.017656,-63,21,96
1743495679.052656,-83,29,74
1743495679.087656,102,-36,132
1743495679.123656,92,-16,138
1743495679.159656,62,-22,104
1743495679.194656,40,-46,126
1743495679.230656,54,1,202
1743495679.265656,-59,-14,142
1743495679.300656,98,65,92
1743495679.3356562,-11,45,112
1743495679.371656,38,13,102
1743495679.407656,60,19,72
1743495679.442656,-55,1,178
1743495679.478656,6,7,226
1743495679.513656,-43,-100,190
1743495679.548656,38,-46,114
1743495679.583656,4,49,128
1743495679.619656,-80,-24,98
1743495679.655656,-100,-20,218
1743495679.690656,-46,27,186
1743495679.726656,-53,-2,234
1743495679.761656,-49,25,124
1743495679.796656,24,49,64
1743495679.831656,-21,15,74
1743495679.867656,-39,-75,-5
1743495679.903656,-81,51,10
1743495679.938656,-27,69,68
1743495679.974656,26,3,42
1743495680.009656,-21,-8,92
1743495680.044656,18,-20,90
1743495680.079656,38,-41,150
1743495680.115656,52,-10,124
1743495680.1516562,118,-46,190
1743495680.186656,2,9,172
1743495680.222656,46,-52,160
1743495680.257656,28,-48,68
1743495680.292656,-13,63,170
1743495680.327656,56,-13,54
1743495680.363656,-43,48,102
1743495680.399656,76,24,186
1743495680.434656,4,36,138
1743495680.4706562,-103,40,24
1743495680.505656,14,43,114
1743495680.540656,28,-93,114
1743495680.575656,39,4,143
1743495680.611656,13,-45,213
1743495680.647656,-1,-1,165
1743495680.682656,57,28,7
1743495680.718656,11,2,131
1743495680.753656,-17,80,311
1743495680.788656,-47,32,141
1743495680.823656,-20,102,81
1743495680.859656,13,44,199
1743495680.902656,0,-7,127
1743495680.938656,-30,-25,129
1743495680.974656,-50,5,111
1743495681.009656,-26,-34,111
1743495681.044656,1,-77,139
1743495681.079656,-16,38,149
1743495681.115656,35,8,199
1743495681.1516562,-16,-13,117
1743495681.186656,5,-9,149
1743495681.222656,-50,-21,99
1743495681.257656,-14,-9,115
1743495681.292656,-26,-32,61
1743495681.327656,-38,30,127
1743495681.363656,-42,26,217
1743495681.399656,55,2,129
1743495681.434656,-8,-23,117
1743495681.4706562,-66,-5,113
1743495681.505656,-15,-69,171
1743495681.540656,34,-7,147
1743495681.575656,-54,70,49
1743495681.611656,-102,26,73
1743495681.647656,-46,65,63
1743495681.682656,23,21,163
1743495681.718656,9,-8,75
1743495681.753656,-33,-22,191
1743495681.788656,11,-38,47
1743495681.823656,-53,-16,105
1743495681.859656,-21,33,129
1743495681.895656,-116,-10,123
1743495681.930656,16,5,187
1743495681.966656,-9,-34,155
1743495682.001656,46,29,25
1743495682.036656,4,33,59
1743495682.071656,-9,5,169
1743495682.107656,-88,-22,241
1743495682.143656,-44,-32,107
1743495682.178656,27,-40,101
1743495682.214656,59,17,59
1743495682.249656,-36,51,51
1743495682.284656,65,49,181
1743495682.319656,29,8,221
1743495682.355656,-10,14,181
1743495682.3916562,-80,16,55
1743495682.426656,-7,4,95
1743495682.462656,38,-8,69
1743495682.497656,22,7,137
1743495682.532656,10,33,213
1743495682.567656,-13,-1,173
1743495682.603656,-25,-23,117
1743495682.639656,54,-47,57
1743495682.6746562,-5,-73,49
1743495682.7106562,2,14,31
1743495682.745656,80,2,259
1743495682.780656,-17,0,133
1743495682.815656,-27,57,109
1743495682.851656,-3,41,115
1743495682.887656,102,9,85
1743495682.922656,-53,-10,109
1743495682.958656,20,-112,105
1743495682.9936562,-45,-32,109
1743495683.028656,32,-74,151
1743495683.063656,-47,-28,65
1743495683.099656,-47,63,141
1743495683.135656,8,61,131
1743495683.170656,-5,-56,63
1743495683.206656,80,3,97
1743495683.241656,33,-10,171
1743495683.2766562,59,37,215
1743495683.311656,-24,77,95
1743495683.347656,38,41,127
1743495683.383656,54,23,97
1743495683.418656,42,13,129
1743495683.454656,-61,-88,61
1743495683.489656,-27,-36,109
1743495683.524656,-19,17,177
1743495683.559656,16,97,131
1743495683.5956562,-25,-30,73
1743495683.6316562,-27,57,13
1743495683.666656,42,-36,39
1743495683.702656,-119,-62,243
1743495683.737656,-39,-18,-64
1743495683.772656,60,5,189
1743495683.807656,-67,33,209
1743495683.843656,-73,-6,7
1743495683.879656,42,-68,141
1743495683.9146562,28,-12,155
1743495683.950656,22,15,-4
1743495683.985656,18,-74,201
1743495684.020656,26,-11,131
1743495684.055656,66,-3,175
1743495684.091656,10,55,165
1743495684.127656,-21,-6,187
1743495684.162656,10,91,139
1743495684.198656,-13,45,143
1743495684.2336562,38,35,187
1743495684.268656,94,-14,-54
1743495684.304656,6,33,195
1743495684.339656,18,-20,101
1743495684.375656,-81,7,105
1743495684.410656,4,27,79
1743495684.446656,36,-54,81
1743495684.481656,74,-29,195
1743495684.5166562,-15,-17,183
1743495684.552656,94,-15,19
1743495684.587656,46,52,179
1743495684.623656,-45,16,155
1743495684.658656,-33,-123,85
1743495684.694656,20,46,315
1743495684.729656,26,-21,79
1743495684.764656,48,-5,239
1743495684.800656,72,-27,251
1743495684.8356562,-11,31,143
1743495684.871656,-45,-61,57
1743495684.906656,-3,67,175
1743495684.942656,-37,97,173
1743495684.977656,18,-2,259
1743495685.012656,26,-15,245
1743495685.048656,-27,72,57
1743495685.083656,-65,-47,65
1743495685.119656,74,5,69
1743495685.1546562,8,13,27
1743495685.190656,-61,-60,101
1743495685.225656,2,-76,167
1743495685.260656,16,-62,145
1743495685.296656,-9,13,237
1743495685.331656,-23,45,139
1743495685.367656,-1,61,151
1743495685.402656,-11,-12,93
1743495685.438656,4,-88,32
1743495685.473656,-53,19,126
1743495685.508656,12,-68,87
1743495685.544656,-19,-34,64
1743495685.579656,4,-20,65
1743495685.615656,60,22,209
1743495685.650656,-15,37,115
1743495685.686656,-13,-56,119
1743495685.721656,-19,21,61
1743495685.7566562,-37,-14,224
1743495685.792656,-45,69,75
1743495685.827656,46,-18,172
1743495685.863656,28,99,79
1743495685.898656,30,-70,165
1743495685.934656,82,-16,177
1743495685.969656,-123,69,127
1743495686.004656,-7,1,117
1743495686.040656,2,0,115
1743495686.075656,32,-36,151
1743495686.111656,68,0,177
1743495686.146656,42,5,53
1743495686.182656,82,-42,140
1743495686.217656,-87,-42,143
1743495686.252656,-43,-20,155
1743495686.288656,-11,1,203
1743495686.323656,-11,57,83
1743495686.359656,20,-10,201
1743495686.394656,-3,-44,93
1743495686.430656,-2,47,163
1743495686.465656,-44,50,121
1743495686.500656,-80,72,245
1743495686.536656,29,12,67
1743495686.571656,1,44,157
1743495686.607656,-32,28,185
1743495686.642656,-140,-9,126
1743495686.678656,-8,-21,75
1743495686.713656,-76,22,-11
1743495686.748656,15,-15,80
1743495686.784656,29,8,102
1743495686.819656,65,-57,97
1743495686.855656,7,63,125
1743495686.890656,23,-5,99
1743495686.926656,-20,27,90
1743495686.961656,-28,-33,134
1743495686.996656,-30,-21,188
1743495687.032656,-102,22,162
1743495687.067656,-16,16,146
1743495687.103656,35,-44,63
1743495687.138656,36,-24,82
1743495687.1746562,62,62,80
1743495687.209656,10,-43,60
1743495687.244656,18,57,68
1743495687.280656,53,-60,70
1743495687.315656,-18,31,186
1743495687.351656,38,-30,98
1743495687.386656,-53,1,154
1743495687.422656,-17,-82,96
1743495687.457656,-35,32,200
1743495687.492656,26,4,192
1743495687.528656,16,35,200
1743495687.563656,86,-53,176
1743495687.599656,-13,48,138
1743495687.634656,-13,40,234
1743495687.670656,-51,-25,144
1743495687.705656,22,32,168
1743495687.740656,26,-1,146
1743495687.7766562,-1,6,260
1743495687.811656,36,18,168
1743495687.847656,84,-25,154
1743495687.882656,74,-53,162
1743495687.917656,40,-29,188
1743495687.952656,-67,22,106
1743495687.988656,-45,-25,182
1743495688.024656,38,52,176
1743495688.059656,-13,6,110
1743495688.0956562,32,44,172
1743495688.130656,26,-23,132
1743495688.165656,42,18,136
1743495688.200656,-3,34,168
1743495688.236656,-9,24,252
1743495688.272656,48,60,112
1743495688.307656,52,32,52
1743495688.343656,-13,31,80
1743495688.378656,26,-2,86
1743495688.413656,0,7,224
1743495688.448656,46,62,182
1743495688.484656,-11,8,88
1743495688.520656,-23,-27,68
1743495688.555656,-1,-12,74
1743495688.591656,-41,35,90
1743495688.626656,-53,-10,234
1743495688.661656,32,1,134
1743495688.696656,-33,89,54
1743495688.732656,-15,31,180
1743495688.768656,-71,-9,121
1743495688.803656,0,24,233
1743495688.839656,0,-53,119
1743495688.874656,12,70,103
1743495688.909656,-19,-19,199
1743495688.944656,8,0,63
1743495688.980656,62,106,133
1743495689.0166562,14,-45,107
1743495689.051656,-47,22,97
1743495689.087656,96,-11,105
1743495689.122656,-19,44,91
1743495689.157656,-33,34,89
1743495689.192656,82,38,175
1743495689.228656,-1,-19,107
1743495689.264656,56,-1,269
1743495689.2996562,-55,36,103
1743495689.3356562,-25,22,103
1743495689.370656,-7,-31,121
1743495689.405656,-7,30,187
1743495689.440656,18,-41,187
1743495689.476656,-37,50,121
1743495689.512656,-23,-7,133
1743495689.547656,29,4,203
1743495689.583656,-77,-13,51
1743495689.6186562,16,16,107
1743495689.653656,8,24,67
1743495689.688656,64,26,117
1743495689.724656,6,34,87
1743495689.760656,-48,-23,161
1743495689.795656,15,-13,151
1743495689.831656,70,-27,25
1743495689.866656,-5,-39,75
1743495689.9016562,-29,14,145
1743495689.936656,-59,-2,201
1743495689.972656,-63,-11,201
1743495690.008656,48,-11,143
1743495690.043656,-39,-7,187
1743495690.079656,-71,-3,131
1743495690.114656,-17,40,21
1743495690.149656,28,-23,61
1743495690.184656,28,-51,199
1743495690.2206562,18,16,195
1743495690.2566562,18,4,202
1743495690.291656,52,-5,91
1743495690.327656,-48,-7,124
1743495690.362656,-20,22,246
1743495690.397656,25,72,0
1743495690.432656,-26,-37,114
1743495690.468656,-94,-31,80
1743495690.504656,11,-3,142
1743495690.5396562,11,-17,60
1743495690.575656,21,-35,124
1743495690.610656,-36,50,156
1743495690.645656,-36,-33,54
1743495690.680656,5,-5,130
1743495690.716656,55,-11,100
1743495690.752656,57,30,84
1743495690.787656,11,-35,66
1743495690.823656,131,26,108
1743495690.8586562,-24,18,90
1743495690.893656,11,16,74
1743495690.936656,39,12,88
1743495690.972656,-26,-62,150
1743495691.008656,5,-2,172
1743495691.043656,57,17,208
1743495691.079656,-60,39,7
1743495691.114656,-34,-38,84
1743495691.149656,4,-64,100
1743495691.184656,-9,-8,178
1743495691.2206562,-5,29,185
1743495691.2566562,-24,-18,107
1743495691.291656,0,-42,81
1743495691.327656,45,27,35
1743495691.362656,15,-14,107
1743495691.397656,-74,69,123
1743495691.432656,-6,-56,163
1743495691.468656,-30,3,181
1743495691.504656,-24,37,195
1743495691.5396562,19,-4,65
1743495691.575656,43,29,71
1743495691.610656,0,-14,27
1743495691.645656,3,-48,135
1743495691.680656,1,-2,91
1743495691.716656,-14,-28,103
1743495691.752656,-10,-64,103
1743495691.787656,-74,-8,209
1743495691.823656,61,-40,215
1743495691.8586562,85,-18,207
1743495691.893656,-18,27,221
1743495691.928656,-36,-56,187
1743495691.964656,22,-34,127
1743495692.000656,5,61,205
1743495692.035656,90,-84,89
1743495692.071656,14,-96,151
1743495692.106656,60,17,75
1743495692.1416562,8,-14,97
1743495692.176656,-23,-4,89
1743495692.212656,24,0,115
1743495692.248656,16,16,143
1743495692.283656,-6,0,237
1743495692.319656,1,42,161
1743495692.354656,67,-26,98
1743495692.389656,27,27,77
1743495692.4246562,-4,59,94
1743495692.4606562,-68,-10,180
1743495692.496656,33,-7,22
1743495692.531656,59,50,62
1743495692.567656,19,32,74
1743495692.602656,-40,21,184
1743495692.637656,43,10,32
1743495692.672656,-12,15,94
1743495692.708656,-94,19,138
1743495692.744656,-44,-4,50
1743495692.7796562,-48,59,186
1743495692.815656,-66,59,150
1743495692.850656,79,-60,96
1743495692.885656,23,13,154
1743495692.920656,1,-8,148
1743495692.956656,-66,-12,176
1743495692.992656,17,19,158
1743495693.027656,-8,15,72
1743495693.063656,17,-50,60
1743495693.098656,-6,7,238
1743495693.133656,-38,-24,48
1743495693.168656,99,35,110
1743495693.204656,19,101,184
1743495693.240656,17,45,184
1743495693.275656,-17,-12,200
1743495693.311656,-55,-20,222
1743495693.346656,-15,64,18
1743495693.3816562,2,-32,154
1743495693.416656,-7,39,168
1743495693.452656,9,-36,94
1743495693.488656,-14,-6,110
1743495693.523656,3,17,172
1743495693.559656,31,-75,118
1743495693.594656,-22,-17,204
1743495693.629656,15,28,78
1743495693.6646562,25,31,188
1743495693.700656,17,-10,140
1743495693.736656,-20,-60,265
1743495693.771656,37,-30,201
1743495693.807656,24,31,137
1743495693.842656,-3,-4,39
1743495693.877656,-1,57,191
1743495693.913656,-131,-3,63
1743495693.948656,-27,84,117
1743495693.984656,-9,14,151
1743495694.019656,26,10,99
1743495694.055656,-43,58,3
1743495694.090656,22,-15,139
1743495694.125656,-71,-45,145
1743495694.161656,-35,-5,155
1743495694.196656,-59,-17,61
1743495694.232656,74,24,33
1743495694.267656,-39,-3,153
1743495694.303656,-75,-35,105
1743495694.338656,-43,-11,175
1743495694.373656,-111,56,193
1743495694.409656,18,26,141
1743495694.444656,56,-43,195
1743495694.480656,56,28,119
1743495694.515656,4,-89,121
1743495694.551656,10,140,162
1743495694.586656,-7,72,243
1743495694.621656,34,-11,127
1743495694.657656,-43,-39,197
1743495694.692656,-37,-3,119
1743495694.728656,-37,-39,115
1743495694.763656,-87,14,117
1743495694.7996562,-69,-89,209
1743495694.834656,66,-3,207
1743495694.869656,4,60,165
1743495694.905656,-131,-29,140
1743495694.940656,6,8,178
1743495694.976656,82,48,144
1743495695.011656,-35,-13,52
1743495695.047656,-121,2,182
1743495695.082656,-11,16,102
1743495695.117656,92,-11,86
1743495695.153656,-51,12,101
1743495695.188656,-101,8,99
1743495695.224656,2,-27,177
1743495695.259656,18,60,115
1743495695.295656,18,-61,169
1743495695.330656,-9,-5,211
1743495695.365656,-7,22,63
1743495695.4016562,-1,72,133
1743495695.436656,70,130,115
1743495695.472656,118,-11,189
1743495695.507656,0,6,157
1743495695.543656,8,-1,169
1743495695.578656,76,48,117
1743495695.613656,-15,12,149
1743495695.649656,38,96,203
1743495695.684656,38,-1,91
1743495695.7206562,10,22,39
1743495695.755656,22,42,131
1743495695.791656,-63,-25,99
1743495695.826656,-37,-41,57
1743495695.861656,-35,-7,67
1743495695.897656,4,12,171
1743495695.932656,6,-83,173
1743495695.968656,-65,30,237
1743495696.003656,30,46,103
1743495696.0396562,4,-7,195
1743495696.074656,-19,26,91
1743495696.109656,-85,82,95
1743495696.145656,34,32,75
1743495696.180656,42,40,67
1743495696.216656,-49,-47,161
1743495696.251656,-20,-101,85
1743495696.287656,48,-13,171
1743495696.3226562,-59,-11,151
1743495696.357656,26,48,25
1743495696.393656,-55,8,243
1743495696.428656,-113,16,175
1743495696.464656,70,0,87
1743495696.499656,66,-33,281
1743495696.535656,-5,21,189
1743495696.570656,-1,80,117
1743495696.605656,10,2,77
1743495696.6416562,-77,42,73
1743495696.676656,22,-37,77
1743495696.712656,0,-7,124
1743495696.747656,58,-33,261
1743495696.783656,-52,4,119
1743495696.818656,-22,-57,105
1743495696.853656,23,-61,147
1743495696.889656,-10,98,145
1743495696.9246562,89,-41,213
1743495696.9606562,-41,-13,73
1743495696.995656,-7,-9,203
1743495697.031656,-9,-31,195
1743495697.066656,-61,11,71
1743495697.101656,-13,0,-16
1743495697.137656,-29,-23,0
1743495697.172656,60,-27,133
1743495697.208656,-33,30,173
1743495697.2436562,36,-2,85
1743495697.2796562,-5,-19,187
1743495697.315656,6,0,171
1743495697.351656,-31,27,165
1743495697.387656,-40,31,117
1743495697.422656,49,-24,91
1743495697.457656,-52,-20,123
1743495697.4936562,9,-8,71
1743495697.5296562,25,61,125
1743495697.564656,-36,-9,35
1743495697.600656,-57,-15,141
1743495697.635656,76,54,227
1743495697.670656,-44,-88,221
1743495697.705656,7,33,65
1743495697.741656,65,-64,131
1743495697.777656,15,27,203
1743495697.8126562,-4,-22,147
1743495697.848656,1,51,155
1743495697.883656,49,-20,233
1743495697.918656,51,21,111
1743495697.953656,-32,77,85
1743495697.989656,-28,-28,107
1743495698.025656,55,-66,83
1743495698.060656,49,-30,109
1743495698.096656,75,21,109
1743495698.1316562,-44,-2,51
1743495698.166656,-20,29,163
1743495698.201656,7,-11,191
1743495698.237656,51,37,3
1743495698.273656,-36,40,101
1743495698.308656,15,-11,97
1743495698.344656,65,84,105
1743495698.379656,17,-3,269
1743495698.4146562,-28,-21,281
1743495698.449656,5,20,39
1743495698.485656,-48,36,142
1743495698.521656,-30,-71,82
1743495698.556656,-72,8,96
1743495698.592656,15,42,107
1743495698.627656,-12,-21,65
1743495698.662656,3,-3,108
1743495698.6976562,-100,34,138
1743495698.7336562,-36,16,86
1743495698.769656,7,-43,42
1743495698.804656,37,-11,218
1743495698.840656,-36,-88,82
1743495698.875656,47,57,56
1743495698.910656,47,49,76
1743495698.945656,17,-52,178
1743495698.981656,-51,17,248
1743495699.017656,18,-60,78
1743495699.052656,-25,-8,154
1743495699.088656,-5,57,206
1743495699.123656,50,15,114
1743495699.158656,26,-24,14
1743495699.193656,4,5,88
1743495699.229656,72,-20,48
1743495699.265656,12,23,152
1743495699.300656,8,-26,196
1743495699.336656,10,-72,90
1743495699.371656,54,19,120
1743495699.406656,16,33,132
1743495699.441656,28,17,82
1743495699.477656,-17,-34,214
1743495699.513656,16,73,174
1743495699.548656,14,49,92
1743495699.584656,50,47,104
1743495699.619656,20,-56,90
1743495699.6546562,42,1,150
1743495699.689656,10,-36,66
1743495699.725656,38,1,220
1743495699.761656,-1,3,224
1743495699.796656,-55,5,204
1743495699.832656,-95,34,124
1743495699.867656,-49,22,210
1743495699.902656,19,-17,-45
1743495699.9376562,-10,-25,78
1743495699.973656,5,-21,118
1743495700.009656,19,-47,214
1743495700.044656,-22,-9,94
1743495700.080656,11,10,148
1743495700.115656,37,18,166
1743495700.150656,75,-47,80
1743495700.185656,-18,-29,210
1743495700.221656,91,28,158
1743495700.257656,41,-29,102
1743495700.292656,23,42,218
1743495700.328656,41,-13,168
1743495700.363656,61,-35,116
1743495700.398656,11,10,102
1743495700.433656,57,-31,50
1743495700.469656,-16,66,186
1743495700.505656,0,50,62
1743495700.540656,-34,66,172
1743495700.576656,-17,-43,118
1743495700.611656,22,-103,148
1743495700.646656,18,-41,122
1743495700.681656,2,25,176
1743495700.717656,-63,-24,226
1743495700.753656,36,9,238
1743495700.788656,-7,-74,104
1743495700.824656,68,0,188
1743495700.859656,68,43,178
1743495700.894656,-59,17,206
1743495700.9376562,-17,1,190
1743495700.973656,-117,-73,164
1743495701.009656,-9,-16,145
1743495701.044656,-19,-53,149
1743495701.080656,96,16,148
1743495701.115656,-15,48,119
1743495701.150656,-81,-4,93
1743495701.185656,-41,-36,165
1743495701.221656,44,43,79
1743495701.257656,-19,-24,113
1743495701.292656,67,-3,203
1743495701.328656,46,0,91
1743495701.363656,-25,15,77
1743495701.398656,64,7,145
1743495701.433656,28,-66,105
1743495701.469656,14,15,185
1743495701.505656,42,-22,243
1743495701.540656,40,-10,127
1743495701.576656,-93,67,245
1743495701.611656,38,-4,59
1743495701.646656,20,11,151
1743495701.681656,60,27,201
1743495701.717656,38,-4,243
1743495701.753656,26,0,205
1743495701.788656,-29,-4,207
1743495701.824656,-97,63,9
1743495701.859656,-13,-42,103
1743495701.894656,-11,-80,73
1743495701.929656,-17,11,113
1743495701.965656,90,83,35
1743495702.001656,24,-58,113
1743495702.036656,24,3,1
1743495702.0726562,-9,3,207
1743495702.107656,-23,-16,221
1743495702.142656,32,75,55
1743495702.177656,-25,23,145
1743495702.213656,48,-4,177
1743495702.249656,-38,-42,31
1743495702.284656,-34,-34,85
1743495702.320656,29,-34,233
1743495702.355656,122,-2,157
1743495702.390656,-30,23,55
1743495702.425656,7,70,95
1743495702.461656,-40,-25,153
1743495702.497656,22,-16,219
1743495702.532656,-13,-22,99
1743495702.568656,32,9,233
1743495702.603656,-39,-14,239
1743495702.638656,70,7,227
1743495702.673656,-27,27,181
1743495702.709656,-59,3,137
1743495702.745656,32,1,85
1743495702.780656,-72,19,129
1743495702.816656,-14,-10,39
1743495702.851656,75,1,43
1743495702.886656,-100,-54,111
1743495702.922656,13,-12,223
1743495702.957656,77,7,57
1743495702.9936562,25,-25,181
1743495703.028656,15,-31,-2
1743495703.064656,-78,20,215
1743495703.099656,-24,-66,103
1743495703.134656,33,-33,111
1743495703.169656,-8,16,175
1743495703.205656,-34,-63,101
1743495703.241656,35,70,169
1743495703.2766562,7,16,55
1743495703.3126562,-6,52,27
1743495703.347656,-30,-1,147
1743495703.382656,37,26,179
1743495703.418656,-2,2,177
1743495703.453656,45,-56,107
1743495703.489656,11,28,13
1743495703.524656,-8,10,145
1743495703.560656,73,3,23
1743495703.5956562,65,0,261
1743495703.630656,31,-50,175
1743495703.666656,57,-50,157
1743495703.701656,63,-1,65
1743495703.737656,69,16,157
1743495703.772656,-18,72,116
1743495703.808656,-24,-1,110
1743495703.843656,65,-13,92
1743495703.878656,57,-63,130
1743495703.9146562,43,-65,142
1743495703.949656,-38,-59,102
1743495703.985656,73,20,198
1743495704.020656,41,0,164
1743495704.056656,-64,-48,100
1743495704.091656,-28,-8,122
1743495704.126656,17,-28,82
1743495704.162656,49,41,234
1743495704.1976562,-8,-50,218
1743495704.2336562,-20,73,132
1743495704.268656,-24,31,236
1743495704.304656,-11,11,104
1743495704.339656,-53,-24,150
1743495704.374656,38,-58,122
1743495704.410656,-32,15,136
1743495704.445656,65,-90,72
1743495704.481656,52,35,168
1743495704.5166562,-11,-6,168
1743495704.552656,80,-30,142
1743495704.587656,-57,21,150
1743495704.622656,54,35,78
1743495704.658656,-31,-4,34
1743495704.693656,52,19,-75
1743495704.729656,54,7,92
1743495704.764656,-19,15,164
1743495704.800656,-54,-14,-3
1743495704.8356562,-28,1,91
1743495704.870656,59,45,195
1743495704.906656,-7,-4,179
1743495704.941656,-85,49,249
1743495704.977656,30,-8,147
1743495705.012656,45,-138,107
1743495705.048656,-16,26,257
1743495705.083656,35,-22,203
1743495705.1186562,-28,-30,47
1743495705.1546562,-16,-6,105
1743495705.189656,27,31,135
1743495705.225656,31,-6,87
1743495705.260656,21,-22,163
1743495705.296656,45,-75,103
1743495705.331656,8,-24,215
1743495705.366656,54,45,221
1743495705.402656,-79,-32,-48
1743495705.4376562,-38,-38,193
1743495705.473656,-99,10,67
1743495705.508656,14,-3,209
1743495705.544656,26,-47,119
1743495705.579656,3,-21,221
1743495705.614656,-115,-7,215
1743495705.650656,0,-61,109
1743495705.685656,18,-7,117
1743495705.721656,36,58,75
1743495705.7566562,58,-19,13
1743495705.792656,-49,26,231
1743495705.827656,22,-23,123
1743495705.862656,-27,26,77
1743495705.898656,45,6,193
1743495705.933656,-11,28,203
1743495705.969656,-31,0,53
1743495706.004656,-19,-13,173
1743495706.040656,-37,-43,191
1743495706.075656,3,10,87
1743495706.110656,29,30,207
1743495706.146656,-52,-5,111
1743495706.181656,-22,-5,167
1743495706.217656,-94,22,195
1743495706.252656,-54,-43,185
1743495706.288656,73,6,147
1743495706.323656,-16,14,71
1743495706.3586562,15,-37,133
1743495706.394656,-8,0,149
1743495706.429656,33,-5,101
1743495706.465656,29,-43,-16
1743495706.500656,-134,24,187
1743495706.536656,-14,-9,175
1743495706.571656,53,-53,147
1743495706.606656,28,6,155
1743495706.642656,30,52,193
1743495706.677656,-46,8,167
1743495706.713656,11,-85,241
1743495706.748656,-46,12,89
1743495706.784656,23,44,103
1743495706.820656,-8,-31,109
1743495706.856656,25,-53,103
1743495706.892656,-14,-33,175
1743495706.928656,-30,0,173
1743495706.964656,19,24,223
1743495706.999656,31,-5,139
1743495707.034656,-6,-9,3
1743495707.070656,-14,40,126
1743495707.106656,76,-19,148
1743495707.1416562,32,-50,44
1743495707.177656,-40,60,154
1743495707.212656,117,38,182
1743495707.247656,27,70,-69
1743495707.282656,0,-34,162
1743495707.318656,-28,-32,60
1743495707.354656,42,-67,80
1743495707.389656,-15,14,82
1743495707.425656,29,-57,120
1743495707.4606562,44,-59,124
1743495707.495656,-107,-17,124
1743495707.530656,16,4,196
1743495707.566656,8,-61,90
1743495707.602656,16,-13,100
1743495707.637656,-28,20,20
1743495707.673656,-57,-35,166
1743495707.708656,24,-15,58
1743495707.7436562,62,20,130
1743495707.778656,8,24,70
1743495707.814656,-53,-49,60
1743495707.850656,-39,-53,238
1743495707.885656,-81,40,150
1743495707.921656,-43,60,90
1743495707.956656,-15,22,192
1743495707.991656,-7,42,204
1743495708.0266562,26,-27,42
1743495708.0626562,18,18,92
1743495708.098656,-33,4,28
1743495708.133656,44,30,-59
1743495708.169656,60,26,42
1743495708.204656,-5,-147,202
1743495708.239656,-15,-5,201
1743495708.274656,-33,-41,151
1743495708.310656,112,50,127
1743495708.346656,10,22,75
1743495708.3816562,-35,18,217
1743495708.417656,0,60,83
1743495708.452656,-13,14,85
1743495708.487656,90,-29,131
1743495708.522656,0,44,175
1743495708.558656,-13,-59,139
1743495708.594656,-11,18,163
1743495708.629656,94,-61,103
1743495708.665656,14,-17,99
1743495708.700656,30,-19,49
1743495708.735656,2,30,91
1743495708.770656,10,2,177
1743495708.806656,-9,2,131
1743495708.842656,-59,30,205
1743495708.877656,-17,-11,49
1743495708.913656,0,138,205
1743495708.948656,-73,-32,199
1743495708.9836562,-47,-30,131
1743495709.018656,4,34,185
1743495709.054656,2,16,91
1743495709.090656,40,8,129
1743495709.125656,18,-59,183
1743495709.161656,32,34,171
1743495709.196656,42,-19,91
1743495709.231656,0,6,-16
1743495709.2666562,32,-65,291
1743495709.302656,14,-39,103
1743495709.338656,44,76,149
1743495709.373656,-35,18,183
1743495709.409656,12,-17,257
1743495709.444656,-55,-49,177
1743495709.479656,-5,-37,75
1743495709.514656,66,84,123
1743495709.550656,12,-5,113
1743495709.586656,56,-41,27
1743495709.621656,16,-5,143
1743495709.657656,90,62,228
1743495709.692656,-29,4,90
1743495709.727656,-37,-85,106
1743495709.762656,-57,-51,174
1743495709.798656,26,-79,71
1743495709.834656,12,62,80
1743495709.869656,6,-125,132
1743495709.905656,-5,46,44
1743495709.940656,-13,21,84
1743495709.975656,44,-84,270
1743495710.010656,-33,53,191
1743495710.046656,-15,-30,181
1743495710.082656,-71,-16,74
1743495710.117656,-26,47,115
1743495710.153656,5,6,296
1743495710.188656,3,-27,106
1743495710.223656,-40,-9,62
1743495710.258656,-92,-54,122
1743495710.294656,55,-68,58
1743495710.330656,49,3,252
1743495710.365656,-12,40,116
1743495710.4016562,33,-52,210
1743495710.436656,-52,0,162
1743495710.471656,-72,3,160
1743495710.5066562,21,5,146
1743495710.542656,73,27,198
1743495710.578656,-54,-6,162
1743495710.613656,-26,15,154
1743495710.649656,-36,-2,114
1743495710.684656,119,-42,164
1743495710.719656,53,51,100
1743495710.754656,-44,-36,118
1743495710.790656,50,61,126
1743495710.826656,-9,37,102
1743495710.861656,-13,-33,182
1743495710.897656,-5,27,196
1743495710.939656,36,-23,138
1743495710.975656,62,-31,8
1743495711.010656,24,8,146
1743495711.046656,-3,-9,106
1743495711.082656,16,-5,216
1743495711.117656,-33,48,118
1743495711.153656,-3,30,-7
1743495711.188656,119,-55,124
1743495711.223656,-1,30,82
1743495711.258656,20,-1,40
1743495711.294656,-29,24,106
1743495711.330656,13,-3,150
1743495711.365656,-24,-15,84
1743495711.4016562,-14,4,174
1743495711.436656,5,50,198
1743495711.471656,-84,0,146
1743495711.5066562,21,-3,56
1743495711.542656,27,-11,120
1743495711.578656,109,-63,140
1743495711.613656,49,44,110
1743495711.649656,-18,56,64
1743495711.684656,-26,44,186
1743495711.719656,87,-45,186
1743495711.754656,77,69,110
1743495711.790656,-62,-6,102
1743495711.826656,83,12,110
1743495711.861656,-12,-19,74
1743495711.897656,127,-7,216
1743495711.932656,19,-29,152
1743495711.967656,21,46,166
1743495712.002656,-66,12,78
1743495712.038656,-22,8,96
1743495712.074656,13,-15,148
1743495712.109656,31,-13,36
1743495712.145656,21,16,-11
1743495712.180656,-10,42,116
1743495712.215656,-89,-13,124
1743495712.250656,126,10,160
1743495712.286656,-47,-15,274
1743495712.3226562,60,30,112
1743495712.357656,-119,-21,54
1743495712.393656,128,0,110
1743495712.428656,-7,-27,188
1743495712.463656,74,48,70
1743495712.498656,62,-9,96
1743495712.534656,28,-23,124
1743495712.570656,6,8,146
1743495712.605656,17,-19,130
1743495712.6416562,-40,8,130
1743495712.676656,27,0,160
1743495712.711656,27,-3,188
1743495712.747656,9,-15,86
1743495712.782656,50,12,56
1743495712.818656,-13,73,82
1743495712.853656,37,0,236
1743495712.889656,-6,42,272
1743495712.9246562,11,26,188
1743495712.959656,35,26,64
1743495712.995656,-36,-49,22
1743495713.030656,13,4,202
1743495713.066656,-14,-17,120
1743495713.101656,-22,24,68
1743495713.137656,-48,-1,146
1743495713.172656,11,14,252
1743495713.207656,-26,-69,-43
1743495713.2436562,-58,16,220
1743495713.278656,49,62,166
1743495713.314656,73,56,176
1743495713.349656,27,39,123
1743495713.385656,-42,10,96
1743495713.420656,-10,14,162
1743495713.455656,105,58,168
1743495713.491656,-10,-8,80
1743495713.5266562,15,67,41
1743495713.5626562,75,-16,111
1743495713.597656,37,-86,47
1743495713.633656,9,-104,165
1743495713.668656,89,51,83
1743495713.703656,-70,-32,123
1743495713.739656,9,1,175
1743495713.774656,5,39,157
1743495713.810656,-22,-82,137
1743495713.8456562,17,12,117
1743495713.8816562,31,-11,132
1743495713.916656,-12,32,203
1743495713.951656,-36,-7,127
1743495713.987656,91,-59,120
1743495714.022656,-16,-25,224
1743495714.058656,19,15,156
1743495714.093656,-12,-13,112
1743495714.129656,57,-10,230
1743495714.1646562,-22,17,222
1743495714.199656,-52,-46,216
1743495714.235656,0,6,58
1743495714.270656,17,18,150
1743495714.306656,-50,29,150
1743495714.341656,-43,0,48
1743495714.377656,-2,-24,202
1743495714.412656,-50,-28,102
1743495714.4476562,49,-10,6
1743495714.4836562,-23,19,44
1743495714.518656,-33,-8,82
1743495714.554656,5,53,-3
1743495714.589656,23,-2,122
1743495714.625656,51,41,220
1743495714.660656,5,-52,124
1743495714.695656,9,41,44
1743495714.731656,58,69,210
1743495714.7666562,-25,53,84
1743495714.802656,65,65,178
1743495714.837656,0,35,64
1743495714.873656,-7,-26,74
1743495714.908656,28,3,220
1743495714.943656,62,-26,158
1743495714.979656,20,-56,108
1743495715.014656,-17,-76,96
1743495715.050656,72,43,150
1743495715.0856562,-61,27,114
1743495715.121656,-51,-14,122
1743495715.156656,-63,-40,30
1743495715.191656,84,-44,136
1743495715.227656,-57,-24,98
1743495715.262656,43,-39,200
1743495715.298656,60,-21,16
1743495715.333656,54,-17,46
1743495715.369656,4,-19,-11
1743495715.4046562,-1,-35,140
1743495715.439656,39,-27,166
1743495715.475656,-2,19,138
1743495715.510656,33,87,154
1743495715.546656,35,37,97
1743495715.581656,15,-10,147
1743495715.617656,9,-22,79
1743495715.652656,-46,-88,167
1743495715.6876562,39,-22,145
1743495715.723656,-54,47,197
1743495715.758656,-36,-34,63
1743495715.794656,-12,-6,159
1743495715.829656,-104,-42,79
1743495715.865656,5,9,119
1743495715.900656,14,-18,105
1743495715.935656,0,73,177
1743495715.971656,-9,-18,165
1743495716.0066562,-28,-50,191
1743495716.042656,-9,-8,135
1743495716.077656,39,-24,171
1743495716.113656,24,15,231
1743495716.148656,82,9,189
1743495716.183656,-83,-14,115
1743495716.219656,0,-12,-48
1743495716.254656,2,43,143
1743495716.290656,-64,23,185
1743495716.325656,-38,18,121
1743495716.361656,-33,-74,221
1743495716.397656,6,15,101
1743495716.432656,-75,67,183
1743495716.467656,-65,-40,29
1743495716.503656,26,43,159
1743495716.5396562,48,-30,123
1743495716.574656,-47,19,139
1743495716.610656,-32,-24,117
1743495716.645656,-88,-48,117
1743495716.680656,35,-54,163
1743495716.715656,22,-14,175
1743495716.751656,54,51,85
1743495716.787656,-3,91,103
1743495716.8226562,6,17,147
1743495716.8586562,26,33,91
1743495716.893656,-1,1,99
1743495716.928656,98,13,195
1743495716.963656,8,-34,173
1743495716.999656,10,-42,137
1743495717.035656,44,-67,7
1743495717.070656,60,19,157
1743495717.106656,-23,-12,233
1743495717.1416562,-125,67,221
1743495717.176656,14,-18,245
1743495717.211656,-41,19,113
1743495717.247656,-37,35,20
1743495717.283656,-50,-23,84
1743495717.318656,7,-51,149
1743495717.354656,16,-8,86
1743495717.389656,-31,11,152
1743495717.4246562,46,-34,136
1743495717.459656,-47,85,26
1743495717.495656,-95,7,202
1743495717.531656,30,-98,146
1743495717.566656,-39,1,178
1743495717.602656,20,33,30
1743495717.637656,-53,-26,40
1743495717.672656,28,0,34
1743495717.707656,-49,31,88
1743495717.7436562,10,35,70
1743495717.7796562,-1,-2,44
1743495717.814656,0,-14,62
1743495717.850656,86,-22,92
1743495717.885656,41,-16,168
1743495717.920656,-26,-68,154
1743495717.955656,-30,-30,108
1743495717.991656,-30,-48,112
1743495718.027656,-56,25,114
1743495718.0626562,27,-32,110
1743495718.098656,-42,-22,172
1743495718.133656,-6,-27,184
1743495718.168656,65,-75,98
1743495718.203656,-60,-100,80
1743495718.239656,23,5,104
1743495718.275656,-40,1,196
1743495718.310656,31,-18,124
1743495718.346656,41,71,84
1743495718.3816562,-10,-2,208
1743495718.416656,-14,-80,150
1743495718.451656,15,-2,116
1743495718.487656,27,25,88
1743495718.523656,27,-16,84
1743495718.558656,-142,-28,246
1743495718.594656,21,-71,114
1743495718.629656,51,22,138
1743495718.6646562,21,9,212
1743495718.699656,-36,33,118
1743495718.735656,-26,23,60
1743495718.771656,-42,-50,216
1743495718.806656,-74,-28,72
1743495718.842656,33,-87,-21
1743495718.877656,-8,4,150
1743495718.912656,25,50,50
1743495718.9476562,73,13,160
1743495718.9836562,-20,-2,284
1743495719.019656,39,-10,64
1743495719.054656,-64,0,108
1743495719.090656,59,-42,-17
1743495719.125656,-12,13,62
1743495719.160656,9,-52,20
1743495719.195656,-44,13,38
1743495719.231656,-24,-33,70
1743495719.267656,-34,-18,102
1743495719.302656,-50,72,74
1743495719.338656,61,10,78
1743495719.373656,-2,20,106
1743495719.408656,67,-59,134
1743495719.443656,-28,80,196
1743495719.479656,7,18,34
1743495719.515656,91,-25,90
1743495719.550656,-56,66,124
1743495719.586656,-30,-9,152
1743495719.621656,-4,6,36
1743495719.656656,37,-5,60
1743495719.691656,101,-13,194
1743495719.727656,55,2,82
1743495719.763656,64,36,112
1743495719.798656,6,8,177
1743495719.834656,-5,38,273
1743495719.869656,6,26,146
1743495719.9046562,-27,38,150
1743495719.939656,4,0,102
1743495719.975656,-63,-21,210
1743495720.011656,-15,27,73
1743495720.046656,62,66,77
1743495720.082656,58,-68,237
1743495720.117656,20,0,93
1743495720.152656,42,-43,189
1743495720.1876562,-31,42,111
1743495720.223656,-29,13,117
1743495720.259656,-53,37,116
1743495720.294656,52,11,174
1743495720.330656,6,-30,84
1743495720.365656,-31,-40,96
1743495720.400656,62,-16,134
1743495720.435656,2,53,117
1743495720.471656,24,69,134
1743495720.507656,-23,21,77
1743495720.542656,-27,-6,145
1743495720.578656,-59,5,223
1743495720.613656,-21,-58,264
1743495720.648656,-65,73,99
1743495720.683656,-45,5,187
1743495720.719656,40,37,175
1743495720.755656,40,-18,165
1743495720.790656,20,5,131
1743495720.826656,-59,41,163
1743495720.861656,-21,-84,183
1743495720.896656,-11,39,165
1743495720.931656,52,11,219
1743495720.974656,26,-19,187
1743495721.011656,14,6,173
1743495721.046656,14,-15,209
1743495721.082656,40,-23,141
1743495721.117656,42,54,47
1743495721.152656,10,-11,195
1743495721.1876562,26,-23,161
1743495721.223656,-1,2,133
1743495721.259656,28,30,141
1743495721.294656,56,-27,243
1743495721.330656,34,0,185
1743495721.365656,26,-5,61
1743495721.400656,-15,48,149
1743495721.435656,-51,0,65
1743495721.471656,-53,-85,171
1743495721.507656,4,-1,109
1743495721.542656,-17,-65,221
1743495721.578656,16,-53,95
1743495721.613656,-69,-39,249
1743495721.648656,74,30,83
1743495721.683656,6,-53,153
1743495721.719656,-31,64,131
1743495721.755656,38,22,155
1743495721.790656,22,68,79
1743495721.826656,30,-25,97
1743495721.861656,104,20,159
1743495721.896656,-1,-53,33
1743495721.931656,74,70,91
1743495721.967656,98,-33,201
1743495722.003656,32,-4,151
1743495722.038656,-72,-34,138
1743495722.074656,-6,3,310
1743495722.109656,-28,-22,148
1743495722.144656,-12,27,136
1743495722.179656,-38,-28,46
1743495722.215656,-70,7,122
1743495722.251656,-24,9,158
1743495722.286656,59,35,140
1743495722.3226562,-84,-38,118
1743495722.357656,-20,67,64
1743495722.392656,-34,-2,152
1743495722.428656,9,27,130
1743495722.463656,16,-54,86
1743495722.499656,-41,-48,244
1743495722.534656,-23,71,128
1743495722.570656,-5,1,200
1743495722.605656,-47,23,134
1743495722.640656,4,-80,146
1743495722.676656,-19,-48,136
1743495722.711656,-35,-56,130
1743495722.747656,-3,-68,212
1743495722.782656,108,31,116
1743495722.818656,-55,-32,120
1743495722.853656,-31,7,158
1743495722.888656,54,17,218
1743495722.9246562,10,79,138
1743495722.959656,11,51,120
1743495722.995656,-32,11,60
1743495723.030656,-25,-52,118
1743495723.066656,14,0,208
1743495723.101656,30,0,66
1743495723.136656,-1,-38,96
1743495723.172656,26,-4,120
1743495723.207656,-3,-20,148
1743495723.2436562,48,57,24
1743495723.278656,16,-56,176
1743495723.314656,-44,29,64
1743495723.349656,-72,9,176
1743495723.384656,-6,13,136
1743495723.420656,-48,35,188
1743495723.455656,54,31,84
1743495723.491656,14,15,102
1743495723.5266562,-11,-18,172
1743495723.5626562,-53,-80,60
1743495723.597656,-27,-26,204
1743495723.632656,10,59,108
1743495723.668656,-19,35,28
1743495723.703656,46,87,50
1743495723.739656,-57,9,54
1743495723.774656,-31,-48,246
1743495723.810656,32,105,18
1743495723.8456562,-15,-8,220
1743495723.880656,-41,1,212
1743495723.916656,20,19,10
1743495723.951656,-65,5,164
1743495723.987656,-2,13,148
1743495724.022656,-32,11,248
1743495724.058656,13,75,140
1743495724.093656,5,-4,64
1743495724.128656,-44,-50,168
1743495724.1646562,43,-76,178
1743495724.199656,13,43,131
1743495724.235656,-92,35,76
1743495724.270656,9,57,114
1743495724.306656,0,3,156
1743495724.341656,8,-1,170
1743495724.376656,16,-21,-45
1743495724.412656,43,52,126
1743495724.4476562,39,16,132
1743495724.4836562,49,-16,108
1743495724.518656,29,31,118
1743495724.554656,-48,-17,92
1743495724.589656,43,6,136
1743495724.624656,-10,56,218
1743495724.660656,0,-25,68
1743495724.695656,45,-41,58
1743495724.731656,1,-79,44
1743495724.7666562,116,-108,115
1743495724.802656,27,-14,171
1743495724.837656,7,-24,211
1743495724.872656,61,-43,231
1743495724.908656,27,-37,169
1743495724.943656,-8,-23,131
1743495724.979656,-52,18,132
1743495725.014656,15,-7,87
1743495725.050656,23,70,133
1743495725.0856562,-58,6,89
1743495725.120656,-9,5,151
1743495725.156656,-51,21,63
1743495725.191656,8,1,145
1743495725.227656,-33,37,153
1743495725.262656,-25,-68,5
1743495725.298656,-5,17,127
1743495725.333656,108,37,263
1743495725.3686562,92,43,35
1743495725.4046562,80,7,113
1743495725.439656,30,57,157
1743495725.475656,8,65,121
1743495725.510656,54,25,87
1743495725.546656,-3,-10,145
1743495725.581656,6,11,59
1743495725.616656,60,0,151
1743495725.652656,6,-124,123
1743495725.6876562,54,-26,199
1743495725.723656,-109,-24,73
1743495725.758656,2,-40,97
1743495725.794656,86,-56,83
1743495725.830656,-54,-3,35
1743495725.866656,6,7,165
1743495725.902656,-7,11,197
1743495725.9376562,-23,23,137
1743495725.972656,-61,39,125
1743495726.008656,-67,-56,91
1743495726.044656,-23,-30,207
1743495726.079656,62,18,113
1743495726.115656,-67,13,93
1743495726.150656,-35,21,281
1743495726.185656,74,-16,127
1743495726.2206562,82,-38,169
1743495726.2566562,8,27,153
1743495726.292656,-103,-34,179
1743495726.327656,-5,7,93
1743495726.363656,16,-62,97
1743495726.398656,35,-24,231
1743495726.433656,43,63,195
1743495726.468656,51,123,229
1743495726.504656,10,-104,175
1743495726.540656,-5,15,223
1743495726.575656,-45,-6,39
1743495726.611656,-17,0,207
1743495726.646656,-47,-110,33
1743495726.681656,-39,45,83
1743495726.716656,15,-38,153
1743495726.752656,23,21,121
1743495726.788656,43,-50,35
1743495726.823656,-40,-60,165
1743495726.859656,-14,-10,187
1743495726.894656,-2,13,87
1743495726.929656,11,-38,153
1743495726.964656,44,26,183
1743495727.000656,30,-17,85
1743495727.036656,-129,92,85
1743495727.071656,-43,66,209
1743495727.107656,-1,-49,-22
1743495727.142656,70,0,127
1743495727.177656,103,-29,59
1743495727.212656,31,-15,-12
1743495727.248656,57,-103,91
1743495727.284656,-42,-43,81
1743495727.319656,25,-21,43
1743495727.355656,15,16,251
1743495727.390656,105,-31,159
1743495727.425656,-32,20,161
1743495727.4606562,7,26,101
1743495727.496656,-97,16,75
1743495727.532656,-11,36,97
1743495727.567656,-45,-31,199
1743495727.603656,-23,38,223
1743495727.638656,37,16,101
1743495727.673656,51,42,161
1743495727.708656,31,-25,109
1743495727.744656,51,-63,43
1743495727.780656,-50,70,203
1743495727.815656,5,-11,35
1743495727.851656,66,-15,249
1743495727.886656,110,20,107
1743495727.921656,39,-17,105
1743495727.956656,62,-37,189
1743495727.992656,-51,-53,59
1743495728.028656,0,-67,55
1743495728.063656,22,-47,189
1743495728.099656,4,-17,267
1743495728.134656,12,20,101
1743495728.169656,-33,3,53
1743495728.204656,-37,-88,175
1743495728.240656,12,-38,105
1743495728.2766562,20,37,117
1743495728.311656,20,-34,119
1743495728.347656,-5,-6,137
1743495728.382656,-33,15,121
1743495728.417656,2,-67,249
1743495728.452656,-11,-67,31
1743495728.488656,-57,-55,177
1743495728.524656,-19,-23,105
1743495728.559656,-31,-39,55
1743495728.5956562,-95,72,197
1743495728.630656,-1,-29,139
1743495728.665656,18,40,197
1743495728.700656,-24,-2,93
1743495728.736656,-46,-44,3
1743495728.772656,40,15,133
1743495728.807656,105,-30,163
1743495728.843656,-95,-104,123
1743495728.878656,-38,73,159
1743495728.913656,23,-26,169
1743495728.948656,37,59,-16
1743495728.984656,5,21,183
1743495729.020656,17,0,71
1743495729.055656,-6,23,191
1743495729.091656,-2,-52,37
1743495729.126656,-16,-16,195
1743495729.161656,-20,51,129
1743495729.196656,-36,-41,201
1743495729.232656,-1,-35,203
1743495729.268656,-35,-24,203
1743495729.303656,11,0,215
1743495729.339656,28,-36,189
1743495729.374656,-66,-31,79
1743495729.409656,-56,-37,135
1743495729.444656,108,8,241
1743495729.480656,14,56,145
1743495729.5166562,32,12,132
1743495729.551656,46,-37,110
1743495729.587656,-34,38,134
1743495729.622656,39,28,158
1743495729.657656,-4,40,250
1743495729.692656,49,-39,212
1743495729.728656,25,10,126
1743495729.764656,41,-11,266
1743495729.7996562,39,-19,198
1743495729.8356562,-34,50,100
1743495729.870656,45,0,76
1743495729.905656,-12,0,116
1743495729.940656,17,30,-33
1743495729.976656,-94,-15,205
1743495730.012656,-26,-61,137
1743495730.047656,3,4,143
1743495730.083656,41,-61,127
1743495730.1186562,5,2,161
1743495730.153656,59,-28,101
1743495730.188656,-66,19,101
1743495730.224656,3,5,93
1743495730.260656,23,14,227
1743495730.295656,23,-21,107
1743495730.331656,-2,22,169
1743495730.366656,0,6,251
1743495730.4016562,41,40,157
1743495730.436656,-54,-75,135
1743495730.472656,-24,22,57
1743495730.508656,-42,-13,177
1743495730.543656,9,-40,-10
1743495730.579656,-48,-14,137
1743495730.614656,-12,0,41
1743495730.649656,-50,-55,117
1743495730.684656,17,-76,119
1743495730.7206562,-44,-36,193
1743495730.7566562,25,-54,185
1743495730.791656,31,-6,115
1743495730.827656,35,1,172
1743495730.862656,44,58,229
1743495730.897656,-30,24,77
1743495730.932656,-102,-5,179
1743495730.975656,-24,-9,137
1743495731.012656,6,-23,163
1743495731.047656,13,-11,154
1743495731.083656,-10,-32,62
1743495731.1186562,23,93,62
1743495731.153656,-88,13,120
1743495731.188656,50,-38,120
1743495731.224656,-48,11,62
1743495731.260656,37,-70,148
1743495731.295656,-52,23,92
1743495731.331656,55,-80,104
1743495731.366656,-10,-4,210
1743495731.4016562,37,27,208
1743495731.436656,83,29,144
1743495731.472656,39,43,192
1743495731.508656,-8,-8,170
1743495731.543656,47,97,144
1743495731.579656,13,-10,76
1743495731.614656,39,-34,180
1743495731.649656,-54,23,196
1743495731.684656,25,19,194
1743495731.7206562,15,-34,8
1743495731.7566562,-10,13,160
1743495731.791656,60,35,220
1743495731.827656,-126,0,170
1743495731.862656,9,17,150
1743495731.897656,39,-32,152
1743495731.933656,83,5,151
1743495731.968656,63,7,277
1743495732.004656,1,55,219
1743495732.0396562,83,61,133
1743495732.075656,-34,17,135
1743495732.110656,-26,-38,111
1743495732.145656,23,-10,11
1743495732.181656,125,9,289
1743495732.216656,-6,-14,31
1743495732.252656,-4,95,67
1743495732.287656,31,-36,111
1743495732.323656,-120,5,85
1743495732.3586562,-26,11,151
1743495732.393656,41,-28,131
1743495732.429656,-20,-10,251
1743495732.464656,9,-14,197
1743495732.500656,33,43,179
1743495732.535656,-44,33,193
1743495732.571656,29,17,-26
1743495732.606656,21,97,145
1743495732.6416562,-66,7,81
1743495732.677656,62,29,156
1743495732.712656,14,85,218
1743495732.748656,-55,-18,132
1743495732.783656,32,-76,116
1743495732.819656,-37,61,126
1743495732.854656,-23,-4,154
1743495732.889656,-45,11,152
1743495732.925656,90,39,148
1743495732.9606562,-27,3,160
1743495732.996656,50,58,66
1743495733.031656,48,-47,104
1743495733.067656,-17,49,178
1743495733.102656,14,9,138
1743495733.137656,14,-16,110
1743495733.173656,-57,-28,136
1743495733.208656,-41,7,4
1743495733.244656,2,-4,66
1743495733.2796562,-5,21,172
1743495733.315656,-61,-18,172
1743495733.350656,16,17,81
1743495733.385656,-49,-56,163
1743495733.421656,18,-40,197
1743495733.456656,-45,49,73
1743495733.492656,-45,23,127
1743495733.527656,-5,-18,97
1743495733.563656,22,47,179
1743495733.598656,-53,-62,193
1743495733.633656,-45,1,151
1743495733.669656,-14,-38,199
1743495733.704656,-57,47,119
1743495733.740656,14,13,201
1743495733.775656,78,-38,99
1743495733.811656,-13,57,1
1743495733.846656,-114,-20,11
1743495733.8816562,-86,39,227
1743495733.917656,-16,-34,111
1743495733.952656,22,-2,115
1743495733.988656,-31,7,189
1743495734.023656,-52,79,145
1743495734.059656,-18,-88,91
1743495734.094656,-70,36,153
1743495734.129656,-6,60,131
1743495734.165656,-8,12,43
1743495734.200656,-34,37,71
1743495734.236656,-20,-20,107
1743495734.271656,-44,-68,195
1743495734.307656,-13,14,109
1743495734.342656,-15,-21,206
1743495734.377656,-1,34,140
1743495734.413656,43,-17,260
1743495734.448656,77,-37,88
1743495734.484656,29,2,190
1743495734.519656,29,-35,214
1743495734.555656,26,38,112
1743495734.590656,-70,74,130
1743495734.625656,-26,24,270
1743495734.661656,-12,-27,74
1743495734.696656,13,-5,114
1743495734.732656,-14,0,194
1743495734.767656,-45,44,70
1743495734.803656,17,20,122
1743495734.838656,58,-77,120
1743495734.873656,54,-19,198
1743495734.909656,74,-13,194
1743495734.944656,14,48,46
1743495734.980656,-9,-33,138
1743495735.015656,-23,74,230
1743495735.051656,10,34,48
1743495735.086656,-45,-49,112
1743495735.121656,-118,6,112
1743495735.157656,35,-7,168
1743495735.192656,11,112,98
1743495735.228656,1,-47,178
1743495735.263656,15,7,222
1743495735.2996562,19,-41,168
1743495735.3356562,-58,28,136
1743495735.371656,-10,82,66
1743495735.407656,-100,64,82
1743495735.442656,29,-7,266
1743495735.477656,41,34,142
1743495735.513656,21,4,160
1743495735.5496562,29,36,182
1743495735.584656,29,-23,204
1743495735.620656,9,2,220
1743495735.655656,-30,-17,134
1743495735.690656,-8,36,154
1743495735.725656,33,34,120
1743495735.761656,-28,-95,186
1743495735.797656,31,-5,134
1743495735.832656,55,16,118
1743495735.8686562,0,-11,208
1743495735.903656,3,-13,108
1743495735.938656,-6,40,116
1743495735.973656,3,-31,236
1743495736.009656,-76,32,204
1743495736.045656,7,0,190
1743495736.080656,9,64,56
1743495736.116656,55,25,2
1743495736.1516562,31,-80,102
1743495736.186656,63,27,82
1743495736.221656,-10,53,116
1743495736.257656,-42,31,212
1743495736.293656,0,-38,116
1743495736.328656,3,20,60
1743495736.364656,67,99,82
1743495736.399656,5,-32,162
1743495736.434656,-46,-10,146
1743495736.469656,-60,5,94
1743495736.505656,-20,-2,110
1743495736.541656,-34,41,242
1743495736.576656,-30,52,76
1743495736.612656,-14,-9,94
1743495736.647656,47,-11,164
1743495736.682656,15,10,46
1743495736.717656,33,30,48
1743495736.753656,-48,6,102
1743495736.7896562,35,-61,116
1743495736.824656,-14,-29,208
1743495736.860656,-10,82,-19
1743495736.895656,-44,-107,219
1743495736.930656,3,52,87
1743495736.965656,-46,82,224
1743495737.001656,-24,-43,136
1743495737.037656,-18,-21,86
1743495737.0726562,-69,4,150
1743495737.1086562,5,-35,165
1743495737.143656,19,-3,152
1743495737.178656,31,-53,156
1743495737.213656,14,14,194
1743495737.249656,-84,-45,182
1743495737.285656,-72,32,66
1743495737.320656,25,-3,199
1743495737.356656,-39,26,163
1743495737.3916562,84,-3,22
1743495737.426656,-25,76,65
1743495737.461656,37,-7,167
1743495737.497656,51,-31,225
1743495737.533656,-24,22,77
1743495737.568656,25,-19,245
1743495737.604656,5,-20,153
1743495737.639656,75,58,109
1743495737.6746562,-46,-3,181
1743495737.709656,19,24,47
1743495737.745656,25,-9,129
1743495737.781656,-18,-9,175
1743495737.816656,13,-49,129
1743495737.852656,-96,44,167
1743495737.887656,39,46,111
1743495737.922656,-28,4,81
1743495737.957656,-40,8,219
1743495737.9936562,63,28,227
1743495738.0296562,5,-47,207
1743495738.064656,-20,12,207
1743495738.100656,-44,42,137
1743495738.135656,-8,12,219
1743495738.170656,-26,58,137
1743495738.205656,13,45,159
1743495738.241656,43,27,203
1743495738.277656,-12,-16,95
1743495738.3126562,-6,-44,197
1743495738.348656,37,-76,173
1743495738.383656,-52,105,177
1743495738.418656,-32,-27,13
1743495738.453656,-66,41,187
1743495738.489656,-16,-19,111
1743495738.525656,-56,-43,165
1743495738.560656,7,10,55
1743495738.596656,-8,42,215
1743495738.6316562,-102,90,239
1743495738.666656,-30,8,215
1743495738.701656,49,-63,113
1743495738.737656,-100,8,189
1743495738.773656,3,45,141
1743495738.808656,-36,-11,231
1743495738.844656,47,38,179
1743495738.879656,-16,-36,107
1743495738.9146562,-44,-105,67
1743495738.949656,-16,38,35
1743495738.985656,125,-33,123
1743495739.021656,41,-14,103
1743495739.056656,-40,8,193
1743495739.092656,-32,26,105
1743495739.127656,35,-59,176
1743495739.162656,-40,-19,196
1743495739.1976562,-8,-27,86
1743495739.2336562,5,48,162
1743495739.269656,5,90,152
1743495739.304656,-22,-3,238
1743495739.340656,-18,106,103
1743495739.375656,1,30,29
1743495739.410656,19,-33,252
1743495739.445656,-12,-16,100
1743495739.481656,87,-22,186
1743495739.517656,6,85,164
1743495739.552656,17,27,36
1743495739.588656,-8,27,32
1743495739.623656,87,-12,144
1743495739.658656,1,-8,126
1743495739.693656,11,-68,234
1743495739.729656,11,-26,244
1743495739.765656,-1,17,88
1743495739.800656,52,23,84
1743495739.836656,110,27,244
1743495739.871656,20,-17,16
1743495739.906656,91,15,78
1743495739.941656,-1,-36,76
1743495739.977656,26,50,192
1743495740.013656,-35,28,222
1743495740.048656,16,19,96
1743495740.084656,102,11,170
1743495740.119656,20,29,50
1743495740.1546562,0,-17,60
1743495740.189656,-21,-97,88
1743495740.225656,4,50,114
1743495740.261656,19,0,28
1743495740.296656,40,-43,132
1743495740.332656,-29,4,158
1743495740.367656,12,-9,96
1743495740.402656,-23,28,220
1743495740.4376562,-54,-57,154
1743495740.473656,49,15,144
1743495740.509656,-8,-54,230
1743495740.544656,-2,-20,14
1743495740.580656,-35,-11,162
1743495740.615656,-21,-2,98
1743495740.650656,-30,-2,180
1743495740.685656,3,-68,174
1743495740.721656,11,45,170
1743495740.757656,-8,13,120
1743495740.792656,11,-52,84
1743495740.828656,17,15,136
1743495740.863656,-10,13,50
1743495740.898656,-34,31,62
1743495740.933656,43,-20,50
1743495740.976656,-8,-4,180
1743495741.013656,21,29,74
1743495741.048656,-2,11,152
1743495741.084656,34,-3,12
1743495741.119656,-59,26,120
1743495741.1546562,40,-3,176
1743495741.189656,-23,-9,132
1743495741.225656,-31,-5,244
1743495741.261656,92,86,46
1743495741.296656,40,-67,-23
1743495741.332656,-69,58,150
1743495741.367656,-29,6,62
1743495741.402656,-119,-5,212
1743495741.438656,26,2,96
1743495741.473656,78,85,212
1743495741.509656,42,16,14
1743495741.544656,8,-17,136
1743495741.580656,-3,-53,130
1743495741.615656,69,14,136
1743495741.650656,17,-73,220
1743495741.686656,-12,0,52
1743495741.721656,45,28,52
1743495741.757656,-42,-53,54
1743495741.792656,21,64,168
1743495741.828656,25,72,160
1743495741.863656,31,4,252
1743495741.898656,-54,24,116
1743495741.934656,27,-55,164
1743495741.969656,3,-41,57
1743495742.005656,55,-43,165
1743495742.040656,29,8,117
1743495742.076656,-30,2,95
1743495742.111656,-88,36,145
1743495742.146656,17,52,117
1743495742.182656,-18,-25,193
1743495742.217656,-8,-79,17
1743495742.253656,-6,-35,113
1743495742.288656,-28,-25,157
1743495742.324656,59,-7,205
1743495742.359656,-44,36,157
1743495742.394656,-78,-17,143
1743495742.430656,-58,32,173
1743495742.465656,-22,-51,9
1743495742.501656,-18,44,259
1743495742.536656,63,0,309
1743495742.5726562,-40,-41,151
1743495742.607656,-4,46,103
1743495742.642656,-30,0,217
1743495742.678656,-18,-9,209
1743495742.713656,25,42,125
1743495742.749656,-12,-39,133
1743495742.784656,-16,30,3
1743495742.820656,41,-3,67
1743495742.855656,85,86,147
1743495742.890656,51,0,107
1743495742.926656,-55,-7,111
1743495742.961656,-7,4,108
1743495742.997656,28,-45,105
1743495743.032656,-17,-47,267
1743495743.068656,-25,-51,99
1743495743.103656,-39,-1,22
1743495743.138656,-5,30,6
1743495743.1746562,0,-13,149
1743495743.209656,-19,-47,7
1743495743.245656,-35,-55,35
1743495743.280656,-21,64,143
1743495743.316656,-20,4,83
1743495743.351656,-38,20,207
1743495743.386656,87,56,63
1743495743.422656,5,-7,59
1743495743.457656,-8,4,139
1743495743.4936562,31,-51,74
1743495743.528656,1,-23,49
1743495743.564656,97,-47,51
1743495743.599656,13,-41,-29
1743495743.634656,-52,-49,76
1743495743.670656,11,26,70
1743495743.705656,13,-9,222
1743495743.741656,73,-89,210
1743495743.7766562,91,13,24
1743495743.8126562,-4,-82,170
1743495743.847656,71,0,100
1743495743.882656,25,-23,278
1743495743.918656,51,-4,192
1743495743.953656,13,47,88
1743495743.989656,57,5,78
1743495744.024656,-28,-110,84
1743495744.060656,11,46,100
1743495744.0956562,-6,-43,186
1743495744.130656,-34,28,174
1743495744.166656,-4,-5,108
1743495744.201656,-34,-5,-13
1743495744.237656,25,86,128
1743495744.272656,73,32,64
1743495744.308656,35,-35,70
1743495744.343656,23,42,186
1743495744.378656,-40,24,28
1743495744.4146562,-16,20,202
1743495744.449656,-64,42,130
1743495744.485656,59,-11,106
1743495744.520656,49,12,28
1743495744.556656,-22,-7,190
1743495744.591656,-8,-7,152
1743495744.626656,-14,-3,98
1743495744.662656,-50,64,122
1743495744.6976562,-5,38,48
1743495744.7336562,40,22,252
1743495744.768656,14,1,128
1743495744.804656,-21,-24,164
1743495744.840656,-26,-44,120
1743495744.876656,-84,7,164
1743495744.912656,-20,59,62
1743495744.948656,-56,-24,224
1743495744.984656,-4,-36,88
1743495745.020656,-46,75,124
1743495745.056656,-80,19,104
1743495745.091656,-95,-16,20
1743495745.126656,-95,-4,61
1743495745.162656,-59,-2,139
1743495745.198656,-9,55,177
1743495745.2336562,-37,-2,183
1743495745.269656,-109,5,173
1743495745.304656,54,7,165
1743495745.339656,26,23,111
1743495745.374656,39,5,135
1743495745.410656,93,-8,123
1743495745.446656,-28,51,201
1743495745.481656,83,-16,163
1743495745.517656,17,41,27
1743495745.552656,-38,-24,-6
1743495745.587656,85,25,201
1743495745.622656,21,-28,105
1743495745.658656,99,-18,159
1743495745.694656,23,-2,153
1743495745.729656,-20,-30,113
1743495745.765656,-18,27,205
1743495745.800656,-24,-2,143
1743495745.8356562,-22,0,203
1743495745.870656,-2,-12,239
1743495745.906656,-30,-24,25
1743495745.942656,-42,31,205
1743495745.977656,49,-18,83
1743495746.013656,55,-40,187
1743495746.048656,33,9,207
1743495746.083656,-18,-62,109
1743495746.1186562,-24,-26,89
1743495746.1546562,-102,-36,75
1743495746.190656,73,45,129
1743495746.225656,25,-12,219
1743495746.261656,-70,43,157
1743495746.296656,-76,45,21
1743495746.331656,-105,-33,49
1743495746.366656,-7,8,133
1743495746.402656,-7,-47,255
1743495746.438656,65,-60,117
1743495746.473656,-6,-34,91
1743495746.509656,-52,-18,197
1743495746.544656,77,-36,189
1743495746.579656,-96,11,133
1743495746.614656,3,27,69
1743495746.650656,-26,-8,257
1743495746.686656,7,47,129
1743495746.721656,-12,-24,199
1743495746.758656,35,18,121
1743495746.793656,-22,28,59
1743495746.829656,1,36,265
1743495746.864656,31,-15,227
1743495746.899656,33,-13,61
1743495746.934656,3,40,159
1743495746.9706562,-32,56,63
1743495747.0066562,13,38,37
1743495747.041656,55,-66,199
1743495747.077656,-16,-34,127
1743495747.112656,-26,49,135
1743495747.147656,7,-7,133
1743495747.182656,0,-20,201
1743495747.218656,-6,-66,49
1743495747.254656,15,-36,71
1743495747.2896562,-52,-30,207
1743495747.325656,-16,-38,169
1743495747.360656,-50,-88,177
1743495747.395656,75,-18,109
1743495747.430656,-20,-5,189
1743495747.466656,51,27,-42
1743495747.502656,-26,82,173
1743495747.537656,-48,-13,225
1743495747.573656,61,14,103
1743495747.6086562,27,-65,85
1743495747.643656,-36,98,161
1743495747.678656,61,-81,150
1743495747.714656,2,-39,91
1743495747.750656,2,-9,145
1743495747.785656,46,62,94
1743495747.821656,-1,-61,192
1743495747.856656,-7,16,140
1743495747.8916562,88,30,52
1743495747.926656,32,-13,148
1743495747.962656,-21,21,166
1743495747.998656,-30,7,12
1743495748.033656,-6,-20,60
1743495748.069656,83,-24,250
1743495748.104656,-6,17,190
1743495748.139656,37,5,158
1743495748.1746562,43,41,177
1743495748.2106562,-43,-3,220
1743495748.246656,50,-49,102
1743495748.281656,82,2,44
1743495748.317656,48,21,100
1743495748.352656,52,-10,150
1743495748.387656,-27,67,20
1743495748.422656,56,-54,168
1743495748.458656,-7,-6,6
1743495748.494656,-21,-35,176
1743495748.5296562,-59,-26,46
1743495748.565656,15,29,282
1743495748.600656,-55,27,-77
1743495748.635656,-69,-57,158
1743495748.670656,43,23,120
1743495748.706656,-16,-18,152
1743495748.742656,41,-32,102
1743495748.777656,47,15,206
1743495748.813656,37,41,200
1743495748.848656,-85,16,198
1743495748.883656,28,36,234
1743495748.918656,30,23,136
1743495748.954656,-76,-36,62
1743495748.990656,33,1,202
1743495749.025656,15,-34,40
1743495749.061656,25,-46,122
1743495749.096656,-66,-22,142
1743495749.1316562,-64,-34,94
1743495749.166656,13,-10,174
1743495749.202656,35,29,118
1743495749.238656,-24,21,58
1743495749.273656,7,-38,188
1743495749.309656,21,23,70
1743495749.344656,-14,-4,96
1743495749.379656,27,-18,52
1743495749.4146562,-76,-22,46
1743495749.450656,-24,-4,144
1743495749.486656,53,27,154
1743495749.521656,62,51,172
1743495749.557656,29,-2,262
1743495749.592656,-55,-24,176
1743495749.627656,21,-24,86
1743495749.662656,-40,-8,124
1743495749.698656,-33,42,194
1743495749.734656,29,59,184
1743495749.769656,8,-15,94
1743495749.805656,-64,38,-17
1743495749.840656,-11,-13,152
1743495749.875656,52,11,210
1743495749.910656,32,53,178
1743495749.946656,-41,-7,200
1743495749.982656,-91,50,204
1743495750.017656,18,-7,214
1743495750.053656,14,2,212
1743495750.088656,42,50,196
1743495750.123656,-21,-13,178
1743495750.158656,18,45,94
1743495750.194656,50,-12,74
1743495750.230656,10,-28,154
1743495750.265656,-29,31,116
1743495750.301656,12,4,172
1743495750.336656,-15,-1,150
1743495750.371656,-43,-10,174
1743495750.406656,20,4,94
1743495750.442656,-93,-39,30
1743495750.478656,72,18,184
1743495750.513656,2,50,170
1743495750.5496562,-17,-36,22
1743495750.584656,-35,-88,102
1743495750.619656,-13,-16,82
1743495750.6546562,-97,-64,148
1743495750.690656,-47,47,36
1743495750.726656,-45,47,82
1743495750.761656,36,3,196
1743495750.797656,78,-18,190
1743495750.832656,-43,37,104
1743495750.867656,-45,41,110
1743495750.903656,52,5,88
1743495750.938656,-17,-24,76
1743495750.981656,-9,-36,100
1743495751.017656,50,51,172
1743495751.053656,24,53,94
1743495751.088656,-7,-4,244
1743495751.123656,2,-12,154
1743495751.159656,-41,36,272
1743495751.194656,8,-23,86
1743495751.230656,-15,9,36
1743495751.265656,-79,-44,122
1743495751.301656,-7,-10,74
1743495751.336656,2,-4,134
1743495751.371656,44,45,194
1743495751.407656,-35,-10,102
1743495751.442656,64,35,172
1743495751.478656,-64,11,131
1743495751.513656,-24,-48,147
1743495751.5496562,-4,39,85
1743495751.584656,-52,27,45
1743495751.619656,3,-50,155
1743495751.655656,-104,-66,117
1743495751.690656,33,1,187
1743495751.726656,-14,7,249
1743495751.761656,-6,0,139
1743495751.797656,27,-2,221
1743495751.832656,107,-18,179
1743495751.867656,-4,-22,249
1743495751.903656,-52,-24,169
1743495751.938656,59,37,121
1743495751.974656,33,3,201
1743495752.009656,-128,0,127
1743495752.045656,69,35,133
1743495752.080656,-2,15,113
1743495752.115656,-49,-31,-102
1743495752.1516562,14,8,115
1743495752.186656,-7,-15,-30
1743495752.222656,-45,31,115
1743495752.257656,6,-54,-12
1743495752.293656,100,13,57
1743495752.328656,-43,-28,83
1743495752.363656,0,-28,11
1743495752.399656,32,41,59
1743495752.434656,12,0,43
1743495752.4706562,-27,-34,115
1743495752.505656,46,-13,153
1743495752.541656,60,-41,109
1743495752.576656,-63,30,125
1743495752.611656,-5,16,7
1743495752.647656,-45,26,127
1743495752.682656,56,-25,205
1743495752.718656,-63,28,175
1743495752.753656,-23,47,105
1743495752.7896562,-54,3,225
1743495752.824656,37,39,134
1743495752.859656,62,19,208
1743495752.895656,-1,33,146
1743495752.930656,-33,-22,160
1743495752.966656,-17,-24,158
1743495753.001656,16,-28,70
1743495753.037656,14,21,172
1743495753.0726562,-3,-8,108
1743495753.107656,30,42,184
1743495753.143656,4,6,78
1743495753.178656,6,-25,62
1743495753.214656,60,56,122
1743495753.249656,44,-67,114
1743495753.285656,2,-7,90
1743495753.320656,-43,34,76
1743495753.355656,60,-13,84
1743495753.3916562,-49,-37,56
1743495753.426656,96,14,202
1743495753.462656,78,42,122
1743495753.497656,-39,16,8
1743495753.533656,-27,6,200
1743495753.568656,-65,26,210
1743495753.603656,12,-15,144
1743495753.639656,62,-83,-49
1743495753.6746562,-7,18,194
1743495753.7106562,11,1,142
1743495753.745656,55,19,186
1743495753.781656,42,-70,260
1743495753.816656,-79,25,218
1743495753.851656,38,27,106
1743495753.887656,32,-20,168
1743495753.922656,26,-12,204
1743495753.958656,-5,-18,138
1743495753.9936562,-61,-20,170
1743495754.0296562,-37,21,144
1743495754.064656,20,23,140
1743495754.099656,61,39,164
1743495754.135656,-27,65,136
1743495754.170656,-12,5,54
1743495754.206656,-57,-49,154
1743495754.241656,-64,7,92
1743495754.277656,-121,-17,80
1743495754.313656,-75,-59,126
1743495754.349656,13,119,64
1743495754.385656,19,-8,146
1743495754.421656,-18,29,170
1743495754.457656,-18,52,78
1743495754.492656,9,17,136
1743495754.527656,-40,2,114
1743495754.563656,31,-33,158
1743495754.599656,-32,70,58
1743495754.634656,-34,87,44
1743495754.670656,17,69,132
1743495754.705656,-80,105,116
1743495754.740656,-22,45,220
1743495754.775656,-23,12,118
1743495754.811656,-16,-106,193
1743495754.847656,-80,-18,168
1743495754.882656,69,7,120
1743495754.918656,77,9,210
1743495754.953656,41,-36,100
1743495754.988656,-34,55,94
1743495755.023656,-46,-6,152
1743495755.059656,5,-14,164
1743495755.0956562,21,-20,86
1743495755.130656,39,11,128
1743495755.166656,43,-14,169
1743495755.201656,29,-2,105
1743495755.236656,-18,29,155
1743495755.271656,-12,55,45
1743495755.307656,-16,29,41
1743495755.343656,-54,-29,187
1743495755.378656,-4,-39,101
1743495755.4146562,23,60,31
1743495755.449656,23,38,71
1743495755.484656,-34,12,137
1743495755.519656,23,-22,169
1743495755.555656,97,-74,83
1743495755.591656,55,6,249
1743495755.626656,13,-31,167
1743495755.662656,23,0,79
1743495755.6976562,19,20,99
1743495755.732656,47,18,145
1743495755.767656,-38,26,127
1743495755.803656,37,-65,121
1743495755.839656,25,-3,117
1743495755.874656,63,-73,15
1743495755.910656,-132,-49,99
1743495755.945656,-4,-17,155
1743495755.980656,-12,12,77
1743495756.015656,17,-24,163
1743495756.051656,13,32,257
1743495756.087656,18,20,59
1743495756.122656,-1,-17,198
1743495756.158656,2,-7,146
1743495756.193656,-29,-9,38
1743495756.228656,-39,-17,30
1743495756.263656,52,-13,92
1743495756.2996562,5,14,186
1743495756.3356562,-44,17,228
1743495756.370656,-52,-25,136
1743495756.406656,27,-3,228
1743495756.441656,-8,56,92
1743495756.476656,-34,-83,182
1743495756.511656,-44,82,96
1743495756.547656,39,18,154
1743495756.583656,-38,12,30
1743495756.6186562,69,34,162
1743495756.6546562,-88,-13,114
1743495756.689656,63,19,106
1743495756.724656,117,55,68
1743495756.759656,-6,37,72
1743495756.795656,-14,36,198
1743495756.831656,47,6,120
1743495756.866656,-42,-25,96
1743495756.902656,5,-21,12
1743495756.9376562,-2,-6,236
1743495756.972656,17,23,182
1743495757.007656,15,-34,146
1743495757.043656,11,91,136
1743495757.079656,91,-22,172
1743495757.114656,-28,-78,202
1743495757.150656,-44,-23,50
1743495757.185656,51,-13,164
1743495757.2206562,23,-51,124
1743495757.255656,-82,34,78
1743495757.291656,47,-47,126
1743495757.327656,63,16,118
1743495757.362656,-24,15,114
1743495757.398656,29,3,122
1743495757.433656,-4,-8,10
1743495757.468656,-60,59,94
1743495757.503656,-38,23,124
1743495757.5396562,23,-10,218
1743495757.575656,9,-10,96
1743495757.610656,37,63,238
1743495757.646656,97,25,220
1743495757.681656,-12,3,90
1743495757.716656,65,46,144
1743495757.751656,-72,-42,128
1743495757.787656,-64,-44,180
1743495757.823656,25,43,100
1743495757.8586562,5,13,84
1743495757.894656,13,7,198
1743495757.929656,29,17,142
1743495757.964656,-44,-50,56
1743495757.999656,73,47,104
1743495758.035656,-20,-10,206
1743495758.071656,9,21,96
1743495758.106656,-32,13,196
1743495758.142656,-14,65,146
1743495758.177656,39,85,310
1743495758.212656,15,20,92
1743495758.247656,-20,-3,72
1743495758.283656,13,-40,120
1743495758.319656,-44,7,128
1743495758.354656,83,-8,162
1743495758.390656,-14,11,76
1743495758.425656,-30,33,96
1743495758.4606562,29,9,148
1743495758.495656,83,-12,184
1743495758.531656,26,-29,96
1743495758.567656,34,-37,218
1743495758.602656,4,10,148
1743495758.638656,8,-19,144
1743495758.673656,-23,-27,150
1743495758.708656,21,16,162
1743495758.7436562,-82,42,136
1743495758.7796562,37,-31,124
1743495758.815656,-30,-5,70
1743495758.850656,-18,16,114
1743495758.886656,69,21,110
1743495758.921656,-50,-24,26
1743495758.956656,23,29,86
1743495758.991656,67,15,192
1743495759.027656,9,-20,100
1743495759.063656,131,-2,232
1743495759.098656,19,59,28
1743495759.134656,55,-24,96
1743495759.169656,-40,-28,102
1743495759.204656,-23,45,86
1743495759.239656,8,-29,110
1743495759.275656,10,62,190
1743495759.311656,-13,-13,178
1743495759.346656,-7,-53,34
1743495759.382656,-7,-15,-35
1743495759.417656,-41,16,128
1743495759.452656,4,-23,72
1743495759.487656,52,70,204
1743495759.523656,-31,4,120
1743495759.559656,-58,61,170
1743495759.594656,27,1,263
1743495759.630656,6,-6,79
1743495759.665656,50,14,133
1743495759.700656,-5,6,211
1743495759.735656,42,5,299
1743495759.771656,-61,23,99
1743495759.807656,-23,27,47
1743495759.842656,-1,63,109
1743495759.878656,-73,-34,123
1743495759.913656,-97,-14,179
1743495759.948656,10,-34,169
1743495759.9836562,-21,63,43
1743495760.019656,-53,7,143
1743495760.055656,-31,9,171
1743495760.090656,96,19,61
1743495760.126656,-79,-22,81
1743495760.161656,8,35,89
1743495760.196656,64,-48,121
1743495760.231656,-51,-33,102
1743495760.267656,-17,-17,-37
1743495760.303656,-73,-24,115
1743495760.338656,-24,13,150
1743495760.374656,-68,-18,44
1743495760.409656,-26,-22,78
1743495760.444656,-24,57,96
1743495760.480656,-24,-56,136
1743495760.515656,-28,23,134
1743495760.551656,25,13,36
1743495760.586656,-14,-76,102
1743495760.622656,-6,31,242
1743495760.657656,35,-2,92
1743495760.692656,-72,17,202
1743495760.728656,0,-54,184
1743495760.763656,113,-24,110
1743495760.7996562,-2,49,196
1743495760.834656,45,-20,108
1743495760.870656,27,-22,8
1743495760.905656,-28,-12,86
1743495760.940656,43,41,56
1743495760.9836562,29,-82,82
1743495761.019656,49,-6,164
1743495761.055656,35,-48,76
1743495761.090656,25,7,112
1743495761.126656,29,13,123
1743495761.161656,7,-27,141
1743495761.196656,51,60,139
1743495761.232656,-33,-10,320
1743495761.267656,71,6,106
1743495761.303656,-4,-79,175
1743495761.338656,-54,30,162
1743495761.374656,-82,22,240
1743495761.409656,63,12,330
1743495761.444656,3,36,216
1743495761.480656,-26,32,124
1743495761.515656,61,38,68
1743495761.551656,-40,-33,42
1743495761.586656,-36,-31,132
1743495761.622656,9,-51,256
1743495761.657656,3,56,36
1743495761.692656,-4,-29,184
1743495761.728656,85,-49,182
1743495761.763656,1,-12,226
1743495761.7996562,3,18,174
1743495761.834656,55,9,128
1743495761.870656,-64,-81,142
1743495761.905656,41,-10,92
1743495761.940656,61,13,96
1743495761.976656,45,-1,206
1743495762.011656,-46,-31,270
1743495762.047656,-58,34,158
1743495762.082656,61,78,308
1743495762.1186562,38,-42,126
1743495762.153656,-3,9,112
1743495762.188656,67,8,150
1743495762.224656,33,18,252
1743495762.259656,-34,-29,95
1743495762.295656,-24,-49,69
1743495762.330656,1,66,85
1743495762.366656,66,19,77
1743495762.4016562,8,0,15
1743495762.436656,-23,1,109
1743495762.472656,29,-7,129
1743495762.507656,-62,10,53
1743495762.543656,27,4,75
1743495762.578656,-50,-1,95
1743495762.614656,4,-38,169
1743495762.649656,24,23,131
1743495762.684656,-7,-44,-4
1743495762.7206562,-21,29,215
1743495762.755656,28,7,109
1743495762.791656,-73,1,209
1743495762.826656,2,-46,57
1743495762.862656,-25,-41,181
1743495762.897656,74,29,109
1743495762.932656,-17,-1,99
1743495762.968656,-13,52,131
1743495763.003656,36,12,87
1743495763.0396562,22,-55,85
1743495763.074656,12,22,73
1743495763.110656,78,36,-8
1743495763.145656,60,-5,287
1743495763.180656,52,34,209
1743495763.216656,-15,-39,235
1743495763.251656,-25,-5,121
1743495763.287656,62,-1,257
1743495763.3226562,-63,-47,279
1743495763.3586562,-7,26,127
1743495763.393656,-31,-27,167
1743495763.428656,36,-15,277
1743495763.464656,38,48,199
1743495763.499656,-31,-21,79
1743495763.535656,34,66,129
1743495763.570656,-7,-17,331
1743495763.606656,-53,-25,81
1743495763.6416562,12,-5,135
1743495763.676656,22,14,83
1743495763.712656,-41,-3,47
1743495763.747656,-49,34,161
1743495763.783656,-47,48,-20
1743495763.818656,-81,36,135
1743495763.854656,58,-25,213
1743495763.890656,-4,43,253
1743495763.926656,11,-11,121
1743495763.962656,-6,22,83
1743495763.997656,27,-18,117
1743495764.032656,15,71,151
1743495764.068656,-70,21,17
1743495764.104656,47,43,155
1743495764.139656,41,33,197
1743495764.175656,21,9,101
1743495764.2106562,43,-6,203
1743495764.245656,-34,-56,229
1743495764.280656,-2,-62,125
1743495764.316656,31,-14,51
1743495764.352656,29,9,89
1743495764.387656,-2,-26,119
1743495764.423656,-20,121,82
1743495764.458656,27,-28,123
1743495764.4936562,9,35,165
1743495764.528656,63,75,112
1743495764.564656,-50,-54,154
1743495764.600656,3,13,61
1743495764.635656,-68,0,45
1743495764.671656,35,23,135
1743495764.706656,0,22,109
1743495764.741656,-6,-24,193
1743495764.7766562,-20,5,139
1743495764.8126562,0,-36,167
1743495764.848656,-48,29,121
1743495764.883656,73,-12,164
1743495764.919656,-45,-24,82
1743495764.954656,32,-4,100
1743495764.989656,-119,25,162
1743495765.024656,2,47,60
1743495765.060656,4,-8,102
1743495765.096656,24,0,81
1743495765.1316562,70,23,128
1743495765.167656,50,11,126
1743495765.202656,42,-76,186
1743495765.237656,38,0,178
1743495765.272656,8,-10,166
1743495765.308656,-5,-4,154
1743495765.344656,-37,-8,70
1743495765.379656,-33,-6,-23
1743495765.415656,34,29,242
1743495765.450656,13,25,162
1743495765.485656,67,91,49
1743495765.520656,-46,-60,185
1743495765.556656,-18,0,107
1743495765.592656,-41,-42,221
1743495765.627656,-117,-56,93
1743495765.663656,-19,-14,135
1743495765.698656,26,41,65
1743495765.7336562,46,-30,197
1743495765.768656,20,-62,31
1743495765.804656,4,-24,183
1743495765.840656,-91,17,21
1743495765.875656,16,3,181
1743495765.911656,2,-28,241
1743495765.946656,-59,75,67
1743495765.981656,-35,33,167
1743495766.0166562,98,127,175
1743495766.052656,26,-70,125
1743495766.088656,28,-77,83
1743495766.123656,-5,12,213
1743495766.159656,24,-31,127
1743495766.194656,4,-1,33
1743495766.229656,10,56,113
1743495766.264656,-73,23,79
1743495766.300656,-41,-75,91
1743495766.336656,-7,-3,43
1743495766.371656,-15,-45,-48
1743495766.407656,22,9,77
1743495766.442656,-79,25,111
1743495766.477656,6,-88,223
1743495766.512656,-45,25,115
1743495766.548656,86,99,105
1743495766.584656,-9,-5,265
1743495766.619656,24,-16,73
1743495766.655656,8,-16,53
1743495766.690656,52,91,45
1743495766.725656,60,-58,125
1743495766.760656,-69,-6,47
1743495766.796656,-63,-64,125
1743495766.832656,46,47,161
1743495766.867656,56,-70,13
1743495766.903656,26,1,95
1743495766.938656,-87,9,159
1743495766.973656,34,57,27
1743495767.008656,96,0,85
1743495767.044656,24,-66,73
1743495767.080656,-23,-74,237
1743495767.115656,-3,-32,239
1743495767.1516562,-55,45,59
1743495767.186656,19,-72,159
1743495767.221656,-35,1,187
1743495767.2566562,44,-26,139
1743495767.292656,23,-24,149
1743495767.328656,-1,-34,199
1743495767.363656,-1,-14,171
1743495767.399656,8,65,131
1743495767.434656,-67,-2,205
1743495767.469656,-17,33,159
1743495767.504656,-47,39,241
1743495767.540656,26,47,37
1743495767.576656,-59,-22,103
1743495767.611656,32,19,125
1743495767.647656,71,-8,23
1743495767.682656,0,61,109
1743495767.717656,-20,-40,151
1743495767.752656,-58,23,155
1743495767.788656,-10,59,129
1743495767.824656,-38,-44,213
1743495767.859656,87,18,141
1743495767.895656,7,38,95
1743495767.930656,-42,6,81
1743495767.965656,-62,4,143
1743495768.000656,-4,68,213
1743495768.036656,0,-45,181
1743495768.0726562,79,-37,83
1743495768.107656,-4,12,139
1743495768.143656,97,60,111
1743495768.178656,13,-15,67
1743495768.213656,5,-16,125
1743495768.248656,57,-34,161
1743495768.284656,-28,1,269
1743495768.320656,7,51,145
1743495768.355656,39,-106,117
1743495768.3916562,-68,9,251
1743495768.426656,41,-6,212
1743495768.461656,25,37,274
1743495768.496656,-2,47,228
1743495768.532656,17,20,116
1743495768.568656,-14,0,158
1743495768.603656,-88,30,178
1743495768.639656,-68,30,314
1743495768.6746562,5,-31,158
1743495768.709656,-64,24,182
1743495768.744656,75,10,222
1743495768.780656,34,-42,146
1743495768.816656,-55,-26,168
1743495768.851656,46,-54,18
1743495768.887656,-63,15,188
1743495768.922656,-47,-26,188
1743495768.957656,-10,33,228
1743495768.992656,-4,-38,152
1743495769.028656,-18,-52,198
1743495769.064656,-44,-24,-7
1743495769.099656,33,49,234
1743495769.135656,28,18,182
1743495769.170656,-58,51,88
1743495769.205656,81,-38,116
1743495769.240656,37,37,118
1743495769.2766562,-16,25,156
1743495769.3126562,-8,-34,80
1743495769.347656,33,3,152
1743495769.383656,-68,15,164
1743495769.418656,-14,-28,96
1743495769.453656,-32,-18,104
1743495769.488656,-20,95,16
1743495769.524656,7,-14,174
1743495769.560656,69,7,116
1743495769.5956562,75,15,106
1743495769.6316562,8,-42,84
1743495769.666656,42,-24,34
1743495769.701656,-44,-38,-11
1743495769.736656,40,-26,4
1743495769.772656,12,-16,150
1743495769.808656,-11,35,142
1743495769.843656,6,31,72
1743495769.879656,30,-34,154
1743495769.9146562,-16,-58,46
1743495769.949656,19,15,102
1743495769.985656,0,-28,118
1743495770.020656,0,19,160
1743495770.056656,27,119,160
1743495770.091656,-68,105,28
1743495770.127656,-24,47,56
1743495770.162656,71,75,106
1743495770.1976562,-13,23,54
1743495770.2336562,-5,26,96
1743495770.268656,-71,48,58
1743495770.304656,51,-14,102
1743495770.339656,76,-37,94
1743495770.375656,-56,-12,108
1743495770.410656,30,6,67
1743495770.445656,14,6,315
1743495770.481656,-59,-1,105
1743495770.5166562,-11,8,147
1743495770.552656,-3,8,131
1743495770.587656,10,-59,155
1743495770.623656,25,66,97
1743495770.658656,-101,46,103
1743495770.693656,50,34,207
1743495770.729656,36,-61,77
1743495770.764656,2,-49,99
1743495770.800656,-41,18,139
1743495770.8356562,-49,-1,131
1743495770.871656,33,19,209
1743495770.906656,-46,10,135
1743495770.941656,-22,0,61
1743495770.984656,-50,-49,171
1743495771.020656,-58,-17,171
1743495771.056656,3,-101,139
1743495771.091656,-46,-59,27
1743495771.127656,-10,-9,103
1743495771.162656,1,-39,175
1743495771.1976562,11,2,163
1743495771.2336562,97,8,213
1743495771.268656,-54,-57,207
1743495771.304656,7,8,59
1743495771.339656,11,-73,85
1743495771.375656,-32,18,63
1743495771.410656,5,-3,249
1743495771.445656,-82,4,117
1743495771.481656,-4,8,149
1743495771.5166562,7,-11,227
1743495771.552656,-8,54,57
1743495771.587656,-48,22,51
1743495771.623656,-42,42,105
1743495771.658656,-68,-33,33
1743495771.693656,-19,6,213
1743495771.729656,38,6,-2
1743495771.764656,-3,16,141
1743495771.800656,32,69,193
1743495771.8356562,-122,3,185
1743495771.871656,3,2,225
1743495771.906656,16,46,123
1743495771.941656,-13,73,241
1743495771.977656,91,16,135
1743495772.012656,35,2,211
1743495772.048656,17,26,200
1743495772.083656,56,40,106
1743495772.119656,30,18,96
1743495772.1546562,-21,56,202
1743495772.189656,-45,-67,229
1743495772.225656,20,6,207
1743495772.260656,-32,-15,55
1743495772.296656,55,46,40
1743495772.331656,28,-25,149
1743495772.367656,13,-31,172
1743495772.402656,-30,64,22
1743495772.4376562,-16,-17,112
1743495772.473656,-17,22,308
1743495772.508656,-40,71,116
1743495772.544656,-75,-58,124
1743495772.579656,0,-46,114
1743495772.615656,-5,-42,146
1743495772.650656,58,27,62
1743495772.685656,40,-36,228
1743495772.721656,67,57,94
1743495772.7566562,-36,-48,238
1743495772.792656,-4,25,86
1743495772.827656,49,-14,136
1743495772.863656,47,41,14
1743495772.898656,3,13,118
1743495772.933656,21,71,122
1743495772.969656,-10,-12,194
1743495773.004656,-74,-50,54
1743495773.040656,13,-40,130
1743495773.075656,103,9,46
1743495773.111656,11,-22,86
1743495773.146656,25,25,208
1743495773.181656,-68,53,108
1743495773.217656,22,55,34
1743495773.252656,32,27,214
1743495773.288656,-29,-55,112
1743495773.323656,58,-23,132
1743495773.359656,0,76,192
1743495773.394656,0,-39,246
1743495773.429656,-58,-47,242
1743495773.465656,6,-29,294
1743495773.500656,-64,30,100
1743495773.536656,-40,38,235
1743495773.571656,-4,-53,109
1743495773.606656,15,-21,89
1743495773.6416562,-8,50,121
1743495773.677656,73,46,76
1743495773.713656,-44,32,20
1743495773.748656,11,8,251
1743495773.784656,-46,-27,47
1743495773.819656,-2,-37,77
1743495773.854656,37,-23,139
1743495773.889656,-29,34,121
1743495773.925656,31,-19,245
1743495773.961656,-51,-7,121
1743495773.996656,4,40,76
1743495774.032656,-7,-57,167
1743495774.067656,2,118,227
1743495774.102656,-27,-7,37
1743495774.137656,-105,6,137
1743495774.173656,22,-5,51
1743495774.209656,-5,-63,91
1743495774.244656,-5,-33,29
1743495774.280656,74,-27,49
1743495774.315656,-75,-57,137
1743495774.350656,-93,-49,123
1743495774.385656,25,-15,133
1743495774.421656,0,2,9
1743495774.457656,21,-71,381
1743495774.492656,25,-1,151
1743495774.528656,-6,-25,229
1743495774.563656,-31,-31,41
1743495774.598656,6,4,87
1743495774.633656,57,14,39
1743495774.669656,67,2,135
1743495774.705656,18,-21,115
1743495774.740656,-5,-13,113
1743495774.7766562,-65,30,217
1743495774.811656,-33,14,71
1743495774.846656,30,16,161
1743495774.8816562,-15,14,221
1743495774.917656,112,48,-54
1743495774.953656,35,-59,97
1743495774.988656,13,179,79
1743495775.024656,25,-37,233
1743495775.059656,-20,65,55
1743495775.094656,-52,25,213
1743495775.129656,-88,-25,33
1743495775.165656,-20,-5,199
1743495775.201656,-18,16,23
1743495775.236656,33,24,183
1743495775.272656,3,48,43
1743495775.307656,25,-43,123
1743495775.342656,-30,38,131
1743495775.377656,-40,26,171
1743495775.413656,39,44,151
1743495775.449656,37,30,159
1743495775.484656,17,-27,123
1743495775.520656,65,12,103
1743495775.555656,-58,60,151
1743495775.590656,-16,32,5
1743495775.625656,19,72,23
1743495775.661656,7,-23,57
1743495775.6976562,-2,-37,203
1743495775.732656,-30,22,187
1743495775.768656,-144,14,193
1743495775.803656,11,37,49
1743495775.838656,-10,21,181
1743495775.873656,-56,-28,179
1743495775.909656,57,-4,-6
1743495775.945656,-28,41,143
1743495775.980656,-38,7,103
1743495776.0166562,-30,-14,79
1743495776.051656,21,-6,143
1743495776.086656,-50,-10,135
1743495776.121656,-8,34,87
1743495776.157656,13,-45,67
1743495776.193656,49,18,89
1743495776.228656,-8,22,138
1743495776.264656,-52,40,147
1743495776.2996562,15,-37,115
1743495776.334656,-18,40,56
1743495776.369656,19,-13,42
1743495776.405656,-28,-49,-1
1743495776.441656,45,-13,119
1743495776.476656,11,54,161
1743495776.512656,-6,-13,165
1743495776.547656,-40,30,146
1743495776.582656,-80,-4,80
1743495776.617656,-74,-48,108
1743495776.653656,-22,27,144
1743495776.689656,105,5,134
1743495776.724656,41,-34,62
1743495776.760656,-12,-65,158
1743495776.795656,-16,80,84
1743495776.830656,23,-16,106
1743495776.865656,5,43,132
1743495776.9016562,-50,-38,150
1743495776.9376562,-38,-4,232
1743495776.972656,35,21,64
1743495777.008656,21,9,114
1743495777.043656,0,-6,100
1743495777.078656,-18,29,190
1743495777.113656,3,13,136
1743495777.149656,-40,21,176
1743495777.185656,-56,-17,206
1743495777.2206562,-78,-7,214
1743495777.2566562,-52,8,138
1743495777.291656,49,-37,42
1743495777.326656,-30,27,138
1743495777.361656,21,48,90
1743495777.397656,23,-37,146
1743495777.433656,-8,-7,72
1743495777.468656,73,-1,82
1743495777.504656,49,22,48
1743495777.5396562,-44,-35,124
1743495777.574656,65,28,84
1743495777.609656,75,-25,26
1743495777.645656,3,-1,86
1743495777.681656,-46,-5,204
1743495777.716656,-40,-1,146
1743495777.752656,-66,-3,98
1743495777.787656,19,-37,180
1743495777.8226562,-24,-51,146
1743495777.857656,-38,-15,168
1743495777.893656,-34,-31,60
1743495777.929656,49,12,82
1743495777.964656,-28,22,60
1743495778.000656,79,10,302
1743495778.035656,35,25,176
1743495778.070656,3,-62,208
1743495778.105656,103,-43,183
1743495778.1416562,0,19,74
1743495778.177656,23,45,38
1743495778.212656,55,-32,118
1743495778.248656,15,-36,83
1743495778.283656,109,-10,159
1743495778.318656,13,-10,57
1743495778.353656,-16,34,161
1743495778.389656,-12,-65,138
1743495778.425656,21,-57,18
1743495778.4606562,22,60,108
1743495778.496656,-18,16,158
1743495778.531656,25,-57,205
1743495778.566656,45,52,291
1743495778.601656,53,-3,120
1743495778.637656,-12,18,181
1743495778.673656,0,-35,193
1743495778.708656,-6,30,88
1743495778.744656,-70,-1,90
1743495778.7796562,1,-29,180
1743495778.814656,41,36,169
1743495778.849656,-4,-41,12
1743495778.885656,9,-33,258
1743495778.921656,-8,21,108
1743495778.956656,-30,27,93
1743495778.992656,-85,-83,67
1743495779.027656,-15,-49,97
1743495779.0626562,18,-28,169
1743495779.097656,-7,6,43
1743495779.133656,-27,42,87
1743495779.169656,24,41,119
1743495779.204656,18,-54,115
1743495779.240656,-81,-30,79
1743495779.275656,32,12,95
1743495779.310656,28,-27,213
1743495779.3456562,-5,-22,97
1743495779.3816562,-22,1,59
1743495779.417656,-28,11,77
1743495779.452656,-26,29,105
1743495779.488656,-1,-16,47
1743495779.523656,4,81,137
1743495779.558656,-29,-18,81
1743495779.594656,-41,0,77
1743495779.629656,-37,21,131
1743495779.665656,-49,-58,141
1743495779.700656,-57,15,119
1743495779.736656,16,-34,1
1743495779.771656,-5,41,183
1743495779.806656,3,-72,217
1743495779.842656,-90,-56,163
1743495779.877656,-2,9,207
1743495779.913656,-22,-10,13
1743495779.948656,44,-66,211
1743495779.984656,-37,-60,171
1743495780.019656,102,39,115
1743495780.054656,-47,-44,29
1743495780.090656,82,-30,55
1743495780.125656,-67,32,85
1743495780.161656,12,-25,133
1743495780.196656,0,30,87
1743495780.232656,-34,29,159
1743495780.267656,-18,81,135
1743495780.302656,63,-24,141
1743495780.338656,-48,-68,205
1743495780.373656,14,-22,117
1743495780.409656,-32,17,141
1743495780.444656,65,-14,59
1743495780.480656,-40,-5,131
1743495780.515656,-12,8,239
1743495780.550656,35,-33,247
1743495780.586656,-12,-37,155
1743495780.621656,-40,40,237
1743495780.657656,-14,34,157
1743495780.692656,-10,100,167
1743495780.728656,-42,-13,91
1743495780.763656,21,24,105
1743495780.798656,58,-1,151
1743495780.834656,32,-20,115
1743495780.869656,-23,-12,127
1743495780.905656,0,81,25
1743495780.940656,100,-52,53
1743495780.976656,-20,37,117
1743495781.018656,-24,9,117
1743495781.054656,19,-26,165
1743495781.090656,-18,59,201
1743495781.125656,-6,-10,226
1743495781.161656,-32,103,32
1743495781.196656,-6,-52,170
1743495781.232656,-82,-42,62
1743495781.267656,41,7,128
1743495781.302656,43,37,98
1743495781.338656,-54,7,118
1743495781.373656,-6,9,128
1743495781.409656,59,-28,188
1743495781.444656,5,19,120
1743495781.480656,-42,-30,148
1743495781.515656,-80,-6,34
1743495781.550656,-34,1,208
1743495781.586656,7,-24,120
1743495781.621656,29,-14,288
1743495781.657656,-80,-24,132
1743495781.692656,-54,-34,120
1743495781.728656,17,-8,68
1743495781.763656,-16,-14,190
1743495781.798656,15,-52,144
1743495781.834656,1,95,90
1743495781.869656,-28,27,142
1743495781.905656,1,3,82
1743495781.940656,63,43,82
1743495781.976656,-4,11,54
1743495782.011656,-14,-40,94
1743495782.046656,55,-36,158
1743495782.082656,101,-20,106
1743495782.117656,-22,46,205
1743495782.153656,1,83,123
1743495782.188656,-37,-75,306
1743495782.224656,-35,18,190
1743495782.259656,6,10,197
1743495782.294656,-63,3,203
1743495782.330656,18,-11,83
1743495782.365656,-55,40,177
1743495782.4016562,-1,-59,211
1743495782.436656,24,-51,124
1743495782.472656,-61,-21,46
1743495782.507656,48,-81,115
1743495782.542656,40,83,144
1743495782.578656,86,39,121
1743495782.613656,8,25,147
1743495782.649656,38,37,139
1743495782.684656,8,73,153
1743495782.7206562,-33,27,157
1743495782.755656,72,-86,105
1743495782.790656,-25,-40,126
1743495782.826656,-27,-16,102
1743495782.861656,-19,-16,145
1743495782.897656,-11,3,159
1743495782.932656,38,45,177
1743495782.968656,-35,-28,89
1743495783.004656,-27,97,75
1743495783.040656,-3,21,167
1743495783.076656,78,-71,91
1743495783.111656,-41,38,109
1743495783.146656,10,-39,213
1743495783.182656,38,-35,149
1743495783.218656,0,46,121
1743495783.253656,76,54,127
1743495783.2896562,-8,48,162
1743495783.324656,-74,54,95
1743495783.359656,5,12,179
1743495783.394656,37,-9,165
1743495783.430656,33,34,139
1743495783.466656,-18,38,165
1743495783.501656,-80,-31,231
1743495783.537656,49,4,191
1743495783.5726562,-26,-29,187
1743495783.607656,21,-9,11
1743495783.642656,-78,-1,27
1743495783.678656,23,-29,81
1743495783.714656,53,16,185
1743495783.749656,5,30,179
1743495783.785656,-24,-25,209
1743495783.820656,-16,26,151
1743495783.855656,59,-5,129
1743495783.890656,33,86,81
1743495783.926656,81,-57,13
1743495783.962656,-3,15,145
1743495783.997656,1,-7,93
1743495784.033656,35,-5,73
1743495784.068656,17,-22,203
1743495784.103656,13,18,127
1743495784.138656,-36,-11,167
1743495784.1746562,5,48,187
1743495784.2106562,3,0,61
1743495784.245656,-38,-69,31
1743495784.281656,21,-60,119
1743495784.316656,-2,-54,-6
1743495784.351656,-4,9,139
1743495784.386656,-18,39,221
1743495784.422656,-30,31,131
1743495784.458656,51,0,147
1743495784.4936562,-122,-42,77
1743495784.5296562,71,-2,143
1743495784.564656,19,-8,29
1743495784.599656,-22,-63,125
1743495784.634656,-22,-71,160
1743495784.670656,-20,-14,123
1743495784.706656,-84,19,42
1743495784.741656,-26,-46,116
1743495784.777656,-14,16,130
1743495784.8126562,-10,53,174
1743495784.847656,-56,18,118
1743495784.882656,-2,-91,118
1743495784.918656,0,16,84
1743495784.954656,-24,79,244
1743495784.989656,-30,-24,66
1743495785.025656,60,56,200
1743495785.060656,15,-19,129
1743495785.0956562,83,6,210
1743495785.130656,0,-5,86
1743495785.166656,5,34,30
1743495785.202656,-66,-61,146
1743495785.237656,3,-15,81
1743495785.273656,-34,0,181
1743495785.308656,19,60,203
1743495785.343656,-37,-51,185
1743495785.378656,-29,-71,119
1743495785.4146562,-3,14,101
1743495785.450656,64,-25,98
1743495785.485656,-15,72,148
1743495785.521656,-39,-39,95
1743495785.556656,-3,-17,161
1743495785.591656,9,-17,129
1743495785.626656,17,-1,55
1743495785.662656,5,22,-17
1743495785.698656,-41,-7,8
1743495785.7336562,-26,16,78
1743495785.769656,19,-7,218
1743495785.804656,44,-63,153
1743495785.839656,12,-93,274
1743495785.874656,3,-25,220
1743495785.910656,7,30,176
1743495785.946656,-26,36,96
1743495785.981656,-5,-45,144
1743495786.017656,32,-28,72
1743495786.052656,-26,0,128
1743495786.087656,13,-7,116
1743495786.122656,39,122,154
1743495786.158656,31,20,36
1743495786.194656,59,30,92
1743495786.229656,41,-73,184
1743495786.265656,0,10,274
1743495786.300656,-16,14,122
1743495786.3356562,51,-41,226
1743495786.370656,83,-43,172
1743495786.406656,-74,20,106
1743495786.442656,19,-43,76
1743495786.477656,-16,0,60
1743495786.513656,17,-9,124
1743495786.548656,11,-55,108
1743495786.583656,3,8,196
1743495786.6186562,-16,28,32
1743495786.6546562,59,2,118
1743495786.690656,-56,102,72
1743495786.725656,0,0,54
1743495786.761656,-10,4,140
1743495786.797656,-38,72,146
1743495786.833656,-32,18,66
1743495786.8686562,-10,14,230
1743495786.903656,51,4,172
1743495786.938656,-32,-97,130
1743495786.974656,-90,-51,160
1743495787.010656,-4,-27,206
1743495787.045656,93,-11,116
1743495787.081656,3,-35,24
1743495787.116656,-30,56,156
1743495787.1516562,9,-25,142
1743495787.186656,-27,-30,110
1743495787.222656,-26,8,192
1743495787.258656,-11,67,74
1743495787.293656,-81,-16,48
1743495787.329656,0,47,238
1743495787.364656,38,0,132
1743495787.399656,-3,29,170
1743495787.434656,-3,-26,156
1743495787.4706562,-36,57,95
1743495787.5066562,-64,31,67
1743495787.541656,-38,-64,31
1743495787.577656,-38,1,123
1743495787.612656,17,37,61
1743495787.647656,-50,45,257
1743495787.682656,-8,-6,115
1743495787.718656,-48,-26,173
1743495787.754656,-44,-30,143
1743495787.7896562,31,-48,107
1743495787.825656,-58,26,97
1743495787.860656,-6,28,105
1743495787.895656,-42,40,53
1743495787.930656,-48,-55,141
1743495787.966656,-26,-11,179
1743495788.002656,15,-9,143
1743495788.037656,1,-61,67
1743495788.073656,-16,12,199
1743495788.1086562,-18,50,127
1743495788.143656,109,46,13
1743495788.178656,-42,54,55
1743495788.214656,-20,34,45
1743495788.250656,-6,16,205
1743495788.285656,-50,-23,111
1743495788.321656,-38,-3,67
1743495788.356656,-4,38,191
1743495788.3916562,29,8,111
1743495788.426656,-70,-1,173
1743495788.462656,-26,94,119
1743495788.498656,-22,-33,39
1743495788.533656,13,-14,97
1743495788.569656,-44,-14,169
1743495788.604656,-24,5,217
1743495788.639656,37,26,125
1743495788.6746562,23,-16,65
1743495788.7106562,-62,-72,131
1743495788.746656,-16,21,61
1743495788.781656,-4,-142,174
1743495788.817656,-62,-84,72
1743495788.852656,-40,7,186
1743495788.887656,-4,-108,116
1743495788.923656,57,-16,122
1743495788.958656,-16,3,164
1743495788.994656,59,67,140
1743495789.0296562,85,-56,154
1743495789.065656,19,-16,196
1743495789.100656,-46,43,230
1743495789.135656,5,-48,58
1743495789.171656,-14,47,36
1743495789.206656,-4,-12,106
1743495789.242656,-14,-22,-29
1743495789.277656,-22,37,134
1743495789.313656,-19,-47,154
1743495789.348656,-122,7,274
1743495789.383656,95,-4,124
1743495789.419656,-86,-16,58
1743495789.454656,5,29,224
1743495789.490656,42,11,228
1743495789.525656,-4,-52,214
1743495789.561656,-35,-4,168
1743495789.596656,10,15,50
1743495789.6316562,38,-24,228
1743495789.667656,16,35,120
1743495789.702656,-15,-28,218
1743495789.738656,2,0,86
1743495789.773656,-45,3,200
1743495789.809656,-27,7,216
1743495789.844656,-9,45,130
1743495789.879656,-13,-68,206
1743495789.915656,6,-18,230
1743495789.950656,2,55,142
1743495789.986656,2,-26,158
1743495790.021656,-23,13,110
1743495790.057656,20,93,216
1743495790.092656,-61,37,136
1743495790.127656,0,27,242
1743495790.163656,2,11,-7
1743495790.198656,-23,-51,180
1743495790.234656,12,-3,206
1743495790.269656,-26,3,167
1743495790.305656,16,-83,-26
1743495790.340656,-7,34,213
1743495790.375656,-77,26,81
1743495790.411656,-59,-68,133
1743495790.446656,62,65,109
1743495790.482656,58,75,91
1743495790.517656,-1,-42,119
1743495790.553656,76,11,117
1743495790.588656,66,75,255
1743495790.623656,-45,-38,187
1743495790.659656,56,-25,165
1743495790.694656,32,-39,183
1743495790.730656,6,-40,67
1743495790.765656,-19,9,31
1743495790.801656,-61,9,75
1743495790.836656,0,64,155
1743495790.871656,-37,29,161
1743495790.907656,36,55,169
1743495790.942656,-103,-16,85
1743495790.978656,4,-1,199
1743495791.020656,-57,44,175
1743495791.057656,16,-19,283
1743495791.092656,-19,70,53
1743495791.127656,-9,0,195
1743495791.163656,80,-23,73
1743495791.198656,-33,4,149
1743495791.234656,-83,40,-32
1743495791.269656,76,-63,161
1743495791.305656,-19,-63,163
1743495791.340656,-41,-45,153
1743495791.375656,-17,-129,97
1743495791.411656,56,20,141
1743495791.446656,-17,2,81
1743495791.482656,6,-3,73
1743495791.517656,26,-65,111
1743495791.553656,3,-20,123
1743495791.588656,-66,44,175
1743495791.623656,-22,6,183
1743495791.659656,37,0,111
1743495791.694656,17,22,193
1743495791.730656,47,-25,135
1743495791.765656,-38,12,177
1743495791.801656,23,54,123
1743495791.836656,65,-41,123
1743495791.871656,-66,-11,113
1743495791.907656,17,-5,53
1743495791.942656,3,-61,187
1743495791.978656,-38,-11,65
1743495792.013656,-36,-17,101
1743495792.0496562,0,3,79
1743495792.084656,75,122,123
1743495792.119656,25,-33,75
1743495792.155656,17,-86,141
1743495792.190656,11,9,175
1743495792.226656,-46,-18,139
1743495792.261656,65,-9,197
1743495792.297656,19,-57,31
1743495792.333656,51,-5,213
1743495792.369656,-2,40,143
1743495792.405656,-24,82,119
1743495792.441656,-40,35,135
1743495792.477656,55,-36,167
1743495792.512656,-36,-52,229
1743495792.547656,137,-12,113
1743495792.583656,-18,-11,35
1743495792.619656,7,40,241
1743495792.6546562,37,6,153
1743495792.690656,7,2,169
1743495792.725656,-14,-23,93
1743495792.760656,-112,52,67
1743495792.795656,-74,0,77
1743495792.831656,-40,-24,131
1743495792.867656,-4,17,161
1743495792.902656,61,-38,147
1743495792.938656,59,-26,187
1743495792.973656,-112,-22,191
1743495793.008656,-4,29,257
1743495793.043656,61,27,105
1743495793.079656,-46,-42,187
1743495793.115656,25,9,105
1743495793.150656,-34,23,51
1743495793.186656,23,45,181
1743495793.221656,-134,1,141
1743495793.2566562,-58,-20,119
1743495793.291656,-16,-98,101
1743495793.327656,-6,-72,167
1743495793.363656,-18,0,105
1743495793.398656,25,49,167
1743495793.434656,-34,53,133
1743495793.469656,21,-3,187
1743495793.504656,-14,-10,203
1743495793.5396562,15,-6,99
1743495793.575656,-32,-49,211
1743495793.611656,23,12,101
1743495793.646656,-8,0,216
1743495793.682656,-19,11,158
1743495793.717656,60,35,68
1743495793.752656,-63,-54,158
1743495793.787656,-37,73,190
1743495793.823656,58,-21,184
1743495793.859656,-17,44,100
1743495793.894656,24,26,116
1743495793.930656,54,8,226
1743495793.965656,28,-67,92
1743495794.000656,46,-28,-11
1743495794.035656,32,25,164
1743495794.071656,-9,27,156
1743495794.107656,-19,25,276
1743495794.142656,-3,11,126
1743495794.178656,74,-12,14
1743495794.213656,-7,13,-23
1743495794.248656,-27,-10,130
1743495794.283656,34,1,150
1743495794.319656,-33,-54,70
1743495794.355656,-8,11,204
1743495794.390656,-40,-8,96
1743495794.426656,-120,-14,102
1743495794.461656,45,-36,158
1743495794.496656,43,3,2
1743495794.531656,1,3,66
1743495794.567656,-12,3,194
1743495794.603656,-10,-6,56
1743495794.638656,9,15,154
1743495794.6746562,3,-2,60
1743495794.709656,4,-20,82
1743495794.744656,42,-58,192
1743495794.7796562,-5,-4,60
1743495794.815656,32,47,92
1743495794.851656,38,-70,100
1743495794.886656,-77,41,96
1743495794.922656,-55,67,248
1743495794.957656,-105,-10,132
1743495794.992656,-35,-21,150
1743495795.027656,-6,26,128
1743495795.063656,51,46,169
1743495795.099656,-40,52,119
1743495795.134656,-154,-13,11
1743495795.170656,15,36,-14
1743495795.205656,63,6,143
1743495795.240656,-40,40,119
1743495795.275656,75,24,173
1743495795.311656,-4,-9,115
1743495795.347656,11,76,187
1743495795.382656,-6,-57,-14
1743495795.418656,-2,-7,131
1743495795.453656,-27,-11,87
1743495795.488656,-34,-19,41
1743495795.523656,61,48,197
1743495795.559656,-14,-43,9
1743495795.5956562,-26,-27,99
1743495795.630656,69,8,33
1743495795.666656,-70,54,189
1743495795.701656,-48,-55,185
1743495795.736656,55,58,109
1743495795.771656,-4,-37,157
1743495795.807656,39,12,159
1743495795.843656,-88,-13,101
1743495795.878656,-64,0,71
1743495795.9146562,-64,-33,179
1743495795.949656,97,-95,105
1743495795.984656,-78,-96,59
1743495796.019656,-66,-16,101
1743495796.055656,-45,22,115
1743495796.091656,105,-41,89
1743495796.126656,29,-1,101
1743495796.162656,-2,0,47
1743495796.1976562,-54,-43,285
1743495796.232656,-4,2,125
1743495796.267656,35,-39,0
1743495796.303656,-12,-27,-4
1743495796.339656,0,46,-22
1743495796.374656,-56,-47,171
1743495796.410656,49,-5,195
1743495796.445656,3,-33,177
1743495796.480656,43,6,189
1743495796.515656,31,-61,105
1743495796.551656,0,42,215
1743495796.587656,15,19,127
1743495796.622656,-3,41,95
1743495796.658656,-43,23,179
1743495796.693656,-93,51,139
1743495796.728656,14,-12,223
1743495796.763656,68,17,27
1743495796.7996562,-59,73,310
1743495796.8356562,-58,-39,123
1743495796.870656,-52,50,121
1743495796.906656,-36,-19,217
1743495796.941656,-26,-3,137
1743495796.976656,21,18,127
1743495797.011656,97,18,215
1743495797.047656,-58,42,91
1743495797.083656,57,-18,185
1743495797.1186562,36,-30,149
1743495797.1546562,62,3,281
1743495797.189656,42,49,275
1743495797.224656,-51,-10,87
1743495797.259656,-22,59,113
1743495797.295656,11,1,103
1743495797.331656,1,0,106
1743495797.366656,1,-22,128
1743495797.402656,52,-20,70
1743495797.4376562,63,-76,190
1743495797.472656,-76,-17,166
1743495797.507656,-6,-66,60
1743495797.543656,31,-94,68
1743495797.579656,77,-10,64
1743495797.614656,-92,11,40
1743495797.650656,-16,23,96
1743495797.685656,-20,5,42
1743495797.7206562,43,36,8
1743495797.755656,-32,54,164
1743495797.791656,19,76,126
1743495797.827656,-10,-83,94
1743495797.862656,15,14,12
1743495797.898656,39,-23,100
1743495797.933656,29,30,200
1743495797.968656,65,0,102
1743495798.003656,31,18,124
1743495798.0396562,17,2,76
1743495798.075656,-14,-79,84
1743495798.110656,-14,42,176
1743495798.146656,1,26,84
1743495798.181656,56,32,-37
1743495798.216656,-18,-35,114
1743495798.251656,36,40,148
1743495798.287656,-8,-17,80
1743495798.323656,-34,40,102
1743495798.3586562,-12,-75,168
1743495798.394656,15,-51,176
1743495798.429656,11,10,200
1743495798.464656,-34,40,157
1743495798.500656,-18,-3,165
1743495798.535656,-8,-35,143
1743495798.571656,-4,-17,83
1743495798.606656,-36,-27,215
1743495798.642656,-22,22,227
1743495798.677656,-28,22,93
1743495798.712656,-40,-33,159
1743495798.748656,0,-7,175
1743495798.783656,-7,-13,121
1743495798.819656,-13,-37,95
1743495798.854656,36,-43,43
1743495798.890656,42,-7,221
1743495798.925656,-81,-11,213
1743495798.9606562,16,-31,79
1743495798.996656,67,-7,123
1743495799.031656,-76,14,41
1743495799.067656,-24,-49,205
1743495799.102656,-46,-33,31
1743495799.138656,-58,-7,101
1743495799.173656,43,-27,37
1743495799.208656,-98,1,127
1743495799.244656,-30,-41,109
1743495799.2796562,-10,16,157
1743495799.315656,31,-29,255
1743495799.350656,39,2,77
1743495799.386656,-44,82,-6
1743495799.421656,7,33,221
1743495799.456656,0,-27,169
1743495799.492656,55,-59,173
1743495799.527656,29,29,207
1743495799.563656,11,21,187
1743495799.598656,31,-5,119
1743495799.634656,39,16,113
1743495799.669656,-10,31,209
1743495799.704656,27,36,125
1743495799.740656,9,-5,223
1743495799.775656,-32,38,105
1743495799.811656,17,-43,103
1743495799.846656,101,-45,109
1743495799.882656,7,66,201
1743495799.917656,-48,-23,67
1743495799.952656,-2,48,151
1743495799.988656,-62,-19,58
1743495800.023656,107,52,120
1743495800.059656,-16,6,226
1743495800.094656,-54,-29,156
1743495800.130656,-34,4,112
1743495800.165656,-106,60,72
1743495800.200656,-42,-15,42
1743495800.236656,5,-9,90
1743495800.271656,-28,-29,102
1743495800.307656,19,23,102
1743495800.342656,-70,-36,226
1743495800.378656,7,-27,136
1743495800.413656,-22,-53,152
1743495800.448656,-42,-60,156
1743495800.484656,17,-23,152
1743495800.519656,11,-61,8
1743495800.555656,15,-17,72
1743495800.590656,-16,-85,138
1743495800.626656,7,36,180
1743495800.661656,-46,-44,136
1743495800.696656,3,-8,94
1743495800.732656,-28,-49,-5
1743495800.767656,-74,-4,150
1743495800.803656,19,-74,124
1743495800.838656,71,19,142
1743495800.874656,5,-12,126
1743495800.909656,-88,101,100
1743495800.944656,-42,-4,158
1743495800.980656,5,69,102
1743495801.022656,-18,-6,26
1743495801.059656,-58,41,102
1743495801.094656,29,3,132
1743495801.130656,79,13,170
1743495801.165656,-1,-8,94
1743495801.200656,8,1,149
1743495801.236656,13,-22,16
1743495801.272656,46,11,142
1743495801.308656,-11,43,59
1743495801.343656,28,9,111
1743495801.379656,2,-32,179
1743495801.4146562,-41,-2,173
1743495801.450656,-37,61,185
1743495801.485656,-25,-22,166
1743495801.520656,-23,-83,207
1743495801.556656,4,40,43
1743495801.591656,14,-29,51
1743495801.627656,-73,102,1
1743495801.662656,-91,0,95
1743495801.698656,-25,-11,133
1743495801.7336562,-29,-164,-8
1743495801.768656,98,17,155
1743495801.804656,-27,-52,165
1743495801.839656,17,-44,39
1743495801.875656,45,-4,167
1743495801.910656,-10,-42,149
1743495801.946656,-4,39,123
1743495801.982656,19,31,59
1743495802.017656,63,-26,149
1743495802.052656,-42,-82,119
1743495802.088656,61,-78,193
1743495802.124656,-30,55,81
1743495802.159656,35,-2,83
1743495802.195656,-12,15,135
1743495802.230656,63,-18,207
1743495802.265656,19,45,127
1743495802.300656,-25,-16,155
1743495802.336656,-42,-42,221
1743495802.372656,19,71,125
1743495802.407656,-2,-18,165
1743495802.443656,71,15,213
1743495802.478656,-18,-2,151
1743495802.513656,27,-20,165
1743495802.548656,-40,-1,89
1743495802.584656,11,-9,189
1743495802.620656,9,-50,123
1743495802.655656,-6,13,176
1743495802.691656,-2,-16,86
1743495802.726656,81,21,116
1743495802.761656,-54,-8,16
1743495802.796656,57,-66,92
1743495802.832656,43,-4,212
1743495802.8686562,-18,-56,88
1743495802.903656,0,35,152
1743495802.939656,-68,-3,124
1743495802.974656,9,-13,258
1743495803.009656,-10,26,192
1743495803.044656,5,32,138
1743495803.080656,37,2,38
1743495803.116656,73,24,116
1743495803.1516562,23,-15,76
1743495803.1876562,-12,-33,182
1743495803.222656,-8,-23,84
1743495803.257656,-18,-5,58
1743495803.292656,39,80,96
1743495803.328656,13,2,148
1743495803.364656,-7,28,98
1743495803.399656,86,0,102
1743495803.435656,0,12,226
1743495803.4706562,-11,-5,156
1743495803.505656,-80,0,142
1743495803.540656,-6,-25,-1
1743495803.576656,99,-47,160
1743495803.612656,89,-25,158
1743495803.647656,-52,41,272
1743495803.683656,-30,-72,106
1743495803.718656,-96,-42,138
1743495803.753656,49,7,46
1743495803.788656,43,3,108
1743495803.824656,-22,-24,104
1743495803.860656,47,-58,110
1743495803.895656,61,-78,140
1743495803.931656,39,-41,158
1743495803.966656,25,-52,138
1743495804.001656,-52,-62,112
1743495804.036656,47,49,2
1743495804.0726562,27,-24,160
1743495804.1086562,21,28,248
1743495804.143656,39,-27,150
1743495804.179656,-50,-51,170
1743495804.214656,3,18,44
1743495804.249656,-22,-16,122
1743495804.284656,35,19,190
1743495804.320656,15,37,154
1743495804.356656,-20,1,44
1743495804.3916562,-38,56,144
1743495804.427656,3,-31,69
1743495804.462656,-42,-30,34
1743495804.497656,3,-23,176
1743495804.532656,63,-59,85
1743495804.568656,-19,16,170
1743495804.604656,-7,-19,178
1743495804.639656,-45,-17,107
1743495804.675656,28,-5,203
1743495804.7106562,22,36,95
1743495804.745656,30,-9,51
1743495804.780656,-17,32,65
1743495804.816656,-103,9,172
1743495804.852656,56,36,158
1743495804.887656,-39,59,103
1743495804.923656,-5,-26,108
1743495804.958656,18,19,148
1743495804.9936562,-59,-12,98
1743495805.028656,-91,-4,197
1743495805.064656,-4,-29,111
1743495805.100656,-56,-94,103
1743495805.135656,-58,96,109
1743495805.171656,1,54,275
1743495805.206656,42,-37,191
1743495805.241656,-45,-45,53
1743495805.2766562,-50,-3,43
1743495805.3126562,68,68,119
1743495805.348656,58,10,159
1743495805.383656,-31,38,-8
1743495805.419656,40,-45,146
1743495805.454656,66,66,113
1743495805.489656,-15,12,111
1743495805.524656,20,4,265
1743495805.560656,82,-9,149
1743495805.596656,-61,-19,69
1743495805.6316562,-39,72,1
1743495805.667656,14,10,195
1743495805.702656,16,15,1
1743495805.737656,8,35,148
1743495805.772656,74,-26,182
1743495805.808656,-47,19,164
1743495805.844656,-1,0,95
1743495805.879656,-69,23,112
1743495805.915656,-35,1,84
1743495805.950656,6,29,223
1743495805.985656,50,17,115
1743495806.020656,30,-16,207
1743495806.056656,41,49,80
1743495806.092656,-44,-52,167
1743495806.127656,19,3,119
1743495806.163656,37,-44,133
1743495806.198656,-73,43,175
1743495806.2336562,-5,31,219
1743495806.268656,-69,0,121
1743495806.304656,67,3,105
1743495806.340656,50,3,125
1743495806.375656,-37,28,95
1743495806.411656,-5,66,135
1743495806.446656,46,-9,273
1743495806.481656,50,18,97
1743495806.5166562,24,-77,239
1743495806.552656,-127,-1,157
1743495806.588656,60,38,255
1743495806.623656,-61,6,55
1743495806.659656,10,-81,151
1743495806.694656,6,20,139
1743495806.729656,84,44,103
1743495806.764656,-9,-9,89
1743495806.800656,44,-1,193
1743495806.836656,8,63,159
1743495806.871656,40,-67,121
1743495806.907656,74,-3,209
1743495806.942656,-41,20,173
1743495806.977656,-13,-13,187
1743495807.012656,26,24,205
1743495807.048656,-17,63,79
1743495807.084656,2,58,177
1743495807.119656,26,16,219
1743495807.155656,-33,66,107
1743495807.190656,-27,10,111
1743495807.225656,38,-69,73
1743495807.260656,28,4,143
1743495807.296656,60,28,59
1743495807.332656,-91,-9,65
1743495807.367656,110,8,65
1743495807.403656,-15,64,175
1743495807.438656,-71,-25,171
1743495807.473656,24,20,213
1743495807.508656,-25,-21,21
1743495807.544656,-1,32,39
1743495807.580656,-45,54,143
1743495807.615656,-67,24,173
1743495807.6516562,-83,68,19
1743495807.686656,-125,60,55
1743495807.721656,38,26,95
1743495807.7566562,20,-11,123
1743495807.792656,-17,-47,108
1743495807.828656,-27,-13,118
1743495807.863656,-21,44,150
1743495807.899656,23,8,42
1743495807.934656,-60,32,12
1743495807.969656,7,-63,76
1743495808.005656,37,40,184
1743495808.040656,-8,-19,64
1743495808.076656,21,-1,172
1743495808.111656,9,56,82
1743495808.147656,3,53,144
1743495808.182656,-30,33,138
1743495808.217656,-6,-20,158
1743495808.253656,-74,59,62
1743495808.288656,-16,10,170
1743495808.324656,-56,-54,122
1743495808.359656,71,-46,120
1743495808.395656,63,21,160
1743495808.430656,-60,-3,196
1743495808.465656,17,22,220
1743495808.501656,67,24,184
1743495808.536656,-8,12,114
1743495808.5726562,-2,22,116
1743495808.607656,-154,-133,188
1743495808.643656,-4,16,-27
1743495808.678656,29,6,198
1743495808.713656,-12,34,162
1743495808.749656,83,-29,120
1743495808.784656,29,-25,146
1743495808.820656,41,6,72
1743495808.855656,-24,-13,104
1743495808.8916562,29,-1,164
1743495808.926656,-98,40,188
1743495808.961656,9,-17,-53
1743495808.997656,85,20,116
1743495809.032656,43,-9,156
1743495809.068656,-4,16,164
1743495809.103656,-12,-61,268
1743495809.139656,67,38,32
1743495809.1746562,-24,2,192
1743495809.209656,43,6,146
1743495809.245656,123,-11,86
1743495809.280656,-30,-71,46
1743495809.316656,-54,-47,242
1743495809.351656,17,47,60
1743495809.387656,-16,13,152
1743495809.422656,27,51,170
1743495809.457656,-14,-10,96
1743495809.4936562,61,-28,132
1743495809.528656,-16,-38,148
1743495809.564656,-38,-12,161
1743495809.599656,-70,-10,84
1743495809.635656,63,-46,69
1743495809.670656,27,-26,139
1743495809.705656,-30,37,179
1743495809.741656,19,7,149
1743495809.7766562,-18,29,163
1743495809.8126562,11,25,135
1743495809.847656,65,-22,45
1743495809.883656,65,87,111
1743495809.918656,-32,-85,163
1743495809.953656,-12,6,33
1743495809.989656,-12,-45,131
1743495810.024656,11,26,19
1743495810.060656,77,-45,87
1743495810.0956562,-30,-25,81
1743495810.1316562,37,38,107
1743495810.166656,45,-35,69
1743495810.201656,-22,22,55
1743495810.237656,3,42,127
1743495810.272656,11,8,167
1743495810.308656,15,-17,-12
1743495810.343656,23,82,61
1743495810.379656,5,-43,113
1743495810.4146562,-14,12,137
1743495810.449656,21,-45,245
1743495810.485656,-21,9,221
1743495810.520656,-31,58,259
1743495810.556656,-23,-27,197
1743495810.591656,32,88,105
1743495810.627656,-37,-1,-6
1743495810.662656,-23,88,143
1743495810.6976562,-27,-40,181
1743495810.7336562,1,68,203
1743495810.768656,38,-37,119
1743495810.804656,-22,20,97
1743495810.839656,9,-1,235
1743495810.875656,0,14,193
1743495810.910656,-12,-25,51
1743495810.945656,-2,78,21
1743495810.981656,-30,-13,77
1743495811.023656,37,-31,103
1743495811.060656,-118,6,155
1743495811.0956562,8,-48,133
1743495811.1316562,-44,100,203
1743495811.166656,7,18,147
1743495811.201656,-19,7,117
1743495811.237656,47,-21,159
1743495811.272656,-28,14,119
1743495811.308656,29,-13,127
1743495811.343656,-36,10,69
1743495811.379656,0,42,95
1743495811.415656,41,52,145
1743495811.451656,29,-41,73
1743495811.487656,-16,30,133
1743495811.522656,-18,-86,153
1743495811.557656,-72,-44,87
1743495811.593656,29,7,55
1743495811.629656,3,9,133
1743495811.6646562,1,-8,183
1743495811.700656,23,-14,275
1743495811.735656,43,34,181
1743495811.770656,-22,-22,231
1743495811.805656,22,-21,63
1743495811.841656,87,-23,169
1743495811.877656,105,-31,117
1743495811.912656,5,-16,237
1743495811.948656,9,33,211
1743495811.9836562,1,6,109
1743495812.018656,-28,-11,271
1743495812.053656,17,-63,105
1743495812.089656,-82,-87,119
1743495812.125656,17,27,73
1743495812.160656,73,13,136
1743495812.196656,0,-53,196
1743495812.231656,36,22,138
1743495812.2666562,18,30,52
1743495812.301656,-48,26,177
1743495812.337656,5,-55,261
1743495812.373656,14,36,185
1743495812.408656,72,-55,187
1743495812.444656,-16,24,220
1743495812.479656,-13,12,96
1743495812.514656,-107,42,108
1743495812.5496562,-5,20,158
1743495812.5856562,-67,-17,238
1743495812.621656,0,14,146
1743495812.656656,-6,1,176
1743495812.692656,29,-17,220
1743495812.727656,-48,-7,122
1743495812.762656,59,-25,104
1743495812.797656,27,-35,120
1743495812.833656,-84,-55,62
1743495812.869656,-82,31,94
1743495812.9046562,-26,45,92
1743495812.940656,17,68,152
1743495812.975656,-16,17,180
1743495813.010656,-36,-2,122
1743495813.045656,-40,89,158
1743495813.081656,-40,-56,116
1743495813.117656,-14,81,98
1743495813.152656,49,-14,88
1743495813.188656,-4,63,168
1743495813.223656,5,-40,208
1743495813.258656,37,11,54
1743495813.293656,27,-22,72
1743495813.329656,-106,-60,108
1743495813.365656,-26,31,152
1743495813.400656,-78,17,54
1743495813.436656,69,-38,138
1743495813.471656,15,-4,148
1743495813.5066562,-8,10,40
1743495813.541656,35,6,332
1743495813.577656,-16,14,136
1743495813.613656,-20,-50,114
1743495813.648656,3,-22,98
1743495813.684656,-12,1,170
1743495813.719656,-144,11,208
1743495813.754656,3,-10,172
1743495813.7896562,3,-38,160
1743495813.825656,-38,-18,168
1743495813.861656,-10,45,166
1743495813.896656,9,69,122
1743495813.932656,-28,-34,38
1743495813.967656,27,27,90
1743495814.002656,61,53,222
1743495814.037656,-34,-43,118
1743495814.073656,81,-49,168
1743495814.109656,63,7,8
1743495814.144656,-46,-38,74
1743495814.180656,-8,-40,160
1743495814.215656,-28,-8,148
1743495814.250656,75,67,172
1743495814.285656,-13,1,84
1743495814.321656,53,8,286
1743495814.357656,73,13,133
1743495814.392656,25,-88,118
1743495814.428656,-8,7,245
1743495814.463656,-5,2,272
1743495814.498656,38,22,156
1743495814.533656,-15,-23,235
1743495814.569656,38,18,62
1743495814.605656,-29,-19,118
1743495814.640656,-53,6,172
1743495814.676656,1,-83,26
1743495814.711656,15,-39,120
1743495814.746656,19,-5,246
1743495814.781656,77,30,172
1743495814.817656,-30,-31,262
1743495814.853656,93,-39,108
1743495814.888656,-50,-21,154
1743495814.9246562,-16,-63,138
1743495814.959656,-12,-17,188
1743495814.994656,-2,-51,136
1743495815.0296562,61,-14,158
1743495815.065656,39,21,26
1743495815.101656,-36,15,182
1743495815.136656,69,-26,230
1743495815.172656,68,57,150
1743495815.207656,-112,55,180
1743495815.242656,29,57,-23
1743495815.277656,63,39,150
1743495815.313656,-46,-20,80
1743495815.349656,29,-54,128
1743495815.384656,69,-22,34
1743495815.420656,-21,-40,46
1743495815.455656,12,-40,282
1743495815.490656,68,-54,102
1743495815.525656,14,31,138
1743495815.561656,-27,-8,136
1743495815.597656,-25,-20,182
1743495815.632656,-69,-8,162
1743495815.668656,24,-8,88
1743495815.703656,42,-32,-13
1743495815.738656,36,81,124
1743495815.773656,-39,51,112
1743495815.809656,50,25,106
1743495815.8456562,4,-70,250
1743495815.880656,60,7,158
1743495815.916656,-20,43,106
1743495815.951656,-19,-10,126
1743495815.986656,34,47,190
1743495816.021656,24,41,112
1743495816.057656,-47,-50,120
1743495816.093656,8,-16,154
1743495816.128656,14,25,130
1743495816.1646562,42,65,30
1743495816.199656,44,-54,52
1743495816.234656,84,39,106
1743495816.269656,22,-44,86
1743495816.305656,-41,-18,130
1743495816.341656,-15,45,106
1743495816.376656,-3,15,152
1743495816.412656,12,-30,32
1743495816.4476562,-61,-58,150
1743495816.482656,-5,-52,156
1743495816.517656,38,-42,142
1743495816.553656,-15,27,164
1743495816.589656,-182,-6,74
1743495816.624656,-7,-24,76
1743495816.660656,62,31,242
1743495816.695656,16,-24,50
1743495816.730656,-23,-4,161
1743495816.765656,-29,-20,189
1743495816.801656,-93,-104,53
1743495816.837656,-11,63,29
1743495816.872656,24,13,201
1743495816.908656,-57,57,155
1743495816.943656,-59,-26,197
1743495816.978656,42,41,27
1743495817.013656,-23,23,31
1743495817.0496562,0,-12,75
1743495817.0856562,-5,3,129
1743495817.120656,-2,-56,89
1743495817.156656,-31,31,143
1743495817.191656,-12,65,163
1743495817.226656,-46,47,149
1743495817.262656,63,11,177
1743495817.297656,89,25,63
1743495817.333656,9,9,149
1743495817.3686562,-61,15,169
1743495817.4046562,-113,43,163
1743495817.439656,44,-4,239
1743495817.474656,-65,33,147
1743495817.510656,-53,-29,151
1743495817.545656,-17,0,197
1743495817.581656,60,-51,55
1743495817.616656,-23,-5,123
1743495817.652656,-54,-27,109
1743495817.6876562,-44,-65,59
1743495817.724656,13,-35,163
1743495817.759656,33,6,139
1743495817.794656,9,-7,113
1743495817.830656,-29,26,144
1743495817.865656,42,4,221
1743495817.9016562,37,-33,133
1743495817.936656,-29,-31,207
1743495817.972656,79,40,143
1743495818.007656,-96,12,131
1743495818.042656,43,-23,-52
1743495818.078656,-84,28,57
1743495818.113656,15,-29,65
1743495818.149656,51,-65,-24
1743495818.184656,17,-49,0
1743495818.2206562,56,28,299
1743495818.255656,128,-29,127
1743495818.290656,26,8,17
1743495818.326656,79,-44,9
1743495818.361656,-24,53,159
1743495818.397656,-54,33,135
1743495818.432656,17,-14,-36
1743495818.468656,-75,-14,105
1743495818.503656,-27,-17,209
1743495818.538656,-37,-33,155
1743495818.574656,14,20,183
1743495818.609656,39,-19,113
1743495818.645656,48,-5,233
1743495818.680656,34,43,147
1743495818.716656,44,-5,191
1743495818.751656,24,37,209
1743495818.786656,31,-30,133
1743495818.8226562,53,3,53
1743495818.857656,13,-58,145
1743495818.893656,0,-10,183
1743495818.928656,-4,43,147
1743495818.964656,-82,41,119
1743495818.999656,12,-22,273
1743495819.034656,-35,-8,255
1743495819.070656,-39,-2,99
1743495819.105656,24,-24,11
1743495819.1416562,-59,-58,177
1743495819.176656,-57,-20,245
1743495819.212656,-38,20,135
1743495819.247656,11,116,75
1743495819.282656,3,22,143
1743495819.318656,13,-73,205
1743495819.353656,65,70,161
1743495819.389656,11,-31,169
1743495819.4246562,83,60,91
1743495819.4606562,39,22,143
1743495819.495656,35,-67,157
1743495819.530656,15,14,85
1743495819.566656,9,42,79
1743495819.601656,-40,-57,137
1743495819.637656,21,40,131
1743495819.672656,-8,-39,155
1743495819.708656,3,-53,173
1743495819.7436562,-4,63,145
1743495819.778656,45,-6,101
1743495819.814656,35,-34,233
1743495819.849656,4,36,81
1743495819.885656,-34,-73,139
1743495819.920656,-114,27,147
1743495819.956656,27,-91,93
1743495819.991656,-32,12,153
1743495820.0266562,25,-32,5
1743495820.0626562,-72,23,175
1743495820.097656,13,61,55
1743495820.133656,49,7,117
1743495820.168656,101,-44,79
1743495820.204656,-48,-76,203
1743495820.239656,34,-18,115
1743495820.274656,37,45,211
1743495820.310656,-18,51,81
1743495820.3456562,22,27,296
1743495820.3816562,-13,37,94
1743495820.416656,-31,-44,90
1743495820.452656,-62,-26,78
1743495820.487656,33,44,52
1743495820.522656,-24,-19,146
1743495820.558656,-28,38,148
1743495820.593656,7,58,130
1743495820.629656,69,-35,126
1743495820.6646562,-16,36,66
1743495820.700656,-40,14,2
1743495820.735656,87,-9,160
1743495820.770656,37,-18,178
1743495820.806656,-2,-12,66
1743495820.841656,-76,-19,186
1743495820.877656,37,-17,112
1743495820.912656,-60,26,52
1743495820.948656,3,54,218
1743495820.984656,-74,-37,120
1743495821.0266562,-52,-47,228
1743495821.0626562,81,-9,118
1743495821.098656,83,-33,176
1743495821.134656,31,-9,56
1743495821.169656,61,46,74
1743495821.205656,47,-73,74
1743495821.240656,47,-25,4
1743495821.275656,3,30,82
1743495821.310656,-20,-71,82
1743495821.346656,-14,-21,144
1743495821.382656,49,14,144
1743495821.417656,69,3,88
1743495821.453656,7,-61,76
1743495821.488656,29,-49,132
1743495821.523656,-46,-27,124
1743495821.558656,29,-79,130
1743495821.594656,63,-27,118
1743495821.630656,-48,2,116
1743495821.665656,71,-15,256
1743495821.701656,3,26,118
1743495821.736656,53,8,184
1743495821.771656,-4,-10,90
1743495821.806656,65,39,84
1743495821.842656,-46,41,156
1743495821.878656,-12,90,176
1743495821.913656,86,10,118
1743495821.949656,4,-59,234
1743495821.984656,16,-50,120
1743495822.019656,-1,61,-3
1743495822.054656,4,23,96
1743495822.090656,-31,-4,80
1743495822.126656,-19,49,266
1743495822.161656,-53,7,188
1743495822.1976562,16,-8,-59
1743495822.232656,6,-4,76
1743495822.267656,-33,-22,186
1743495822.302656,12,-31,76
1743495822.338656,44,70,79
1743495822.374656,-51,20,94
1743495822.409656,-93,-46,173
1743495822.445656,-19,-8,246
1743495822.480656,62,-20,146
1743495822.515656,24,5,118
1743495822.550656,18,-3,232
1743495822.586656,28,59,49
1743495822.622656,-75,37,35
1743495822.657656,-9,33,61
1743495822.693656,-71,85,-110
1743495822.728656,-1,13,141
1743495822.763656,16,11,109
1743495822.798656,-36,-6,179
1743495822.834656,8,1,197
1743495822.870656,-14,33,77
1743495822.905656,-2,21,245
1743495822.941656,59,-56,181
1743495822.976656,-10,7,193
1743495823.011656,67,-44,155
1743495823.046656,17,-48,165
1743495823.082656,3,-16,137
1743495823.1186562,-28,25,153
1743495823.153656,0,-18,167
1743495823.189656,3,30,119
1743495823.224656,-52,-93,99
1743495823.259656,-16,-29,121
1743495823.294656,-48,-27,245
1743495823.330656,-2,-11,129
1743495823.366656,-18,6,177
1743495823.4016562,5,56,107
1743495823.4376562,-4,0,129
1743495823.472656,62,-11,113
1743495823.507656,11,26,129
1743495823.542656,-33,-59,255
1743495823.578656,-6,-57,159
1743495823.614656,-71,-15,171
1743495823.649656,-55,-7,69
1743495823.685656,14,-3,195
1743495823.7206562,-3,-43,215
1743495823.755656,4,46,81
1743495823.790656,-25,-49,71
1743495823.826656,-47,-53,255
1743495823.862656,-33,-23,109
1743495823.897656,-41,8,93
1743495823.933656,-63,-63,93
1743495823.968656,50,16,133
1743495824.003656,-7,28,55
1743495824.038656,74,36,107
1743495824.074656,-89,-13,161
1743495824.110656,-25,-19,143
1743495824.145656,-13,-39,41
1743495824.181656,-6,-63,127
1743495824.216656,-8,48,119
1743495824.251656,98,57,41
1743495824.286656,44,-6,71
1743495824.3226562,-23,-56,219
1743495824.3586562,14,-28,109
1743495824.393656,-17,-15,13
1743495824.429656,-27,11,115
1743495824.464656,-27,81,153
1743495824.499656,8,-22,117
1743495824.534656,20,-5,215
1743495824.570656,11,2,212
1743495824.606656,83,-41,200
1743495824.6416562,-20,38,207
1743495824.677656,3,10,88
1743495824.712656,-50,-41,40
1743495824.747656,61,52,136
1743495824.782656,31,-15,34
1743495824.818656,119,4,86
1743495824.854656,-40,67,166
1743495824.889656,83,20,162
1743495824.925656,65,-54,108
1743495824.9606562,39,-44,98
1743495824.995656,59,-36,100
1743495825.030656,61,-26,4
1743495825.066656,-50,-5,90
1743495825.102656,-18,21,234
1743495825.137656,59,-18,174
1743495825.173656,-44,-40,128
1743495825.208656,0,51,80
1743495825.2436562,67,-22,98
1743495825.278656,-34,30,120
1743495825.314656,-42,-19,218
1743495825.350656,7,-47,26
1743495825.385656,27,-53,158
1743495825.421656,21,30,218
1743495825.456656,-18,-66,144
1743495825.491656,70,-7,158
1743495825.5266562,3,-45,108
1743495825.5626562,11,14,32
1743495825.598656,-24,42,154
1743495825.633656,-16,-7,150
1743495825.669656,-34,-73,258
1743495825.704656,31,34,208
1743495825.739656,31,-41,298
1743495825.774656,-54,-61,150
1743495825.810656,-90,40,6
1743495825.846656,-6,-33,184
1743495825.8816562,44,66,168
1743495825.917656,63,-39,110
1743495825.952656,-42,-11,108
1743495825.987656,43,-39,164
1743495826.022656,43,-85,280
1743495826.058656,-8,12,90
1743495826.094656,77,-3,230
1743495826.129656,41,36,8
1743495826.165656,31,-1,136
1743495826.200656,0,46,198
1743495826.235656,-8,34,236
1743495826.270656,-10,-96,133
1743495826.306656,-46,-26,175
1743495826.342656,3,16,180
1743495826.377656,31,20,84
1743495826.413656,1,0,159
1743495826.448656,-42,6,237
1743495826.4836562,7,-27,281
1743495826.518656,-70,14,191
1743495826.554656,21,32,113
1743495826.590656,93,-57,171
1743495826.625656,115,-3,113
1743495826.661656,-8,-53,95
1743495826.696656,-40,-23,133
1743495826.731656,35,-33,-4
1743495826.7666562,-38,10,161
1743495826.802656,19,-27,263
1743495826.838656,11,30,241
1743495826.873656,-74,38,87
1743495826.909656,83,-69,209
1743495826.944656,1,44,15
1743495826.979656,33,10,193
1743495827.015656,-9,-51,149
1743495827.050656,-63,10,85
1743495827.086656,-73,37,133
1743495827.121656,-33,5,161
1743495827.157656,6,-60,136
1743495827.192656,-19,-10,164
1743495827.227656,-31,49,122
1743495827.263656,-73,5,202
1743495827.298656,4,-26,164
1743495827.334656,58,20,288
1743495827.369656,-78,26,268
1743495827.405656,-68,-45,202
1743495827.440656,-54,-22,156
1743495827.475656,-18,-8,132
1743495827.511656,-48,52,66
1743495827.546656,-24,0,88
1743495827.582656,-48,46,98
1743495827.617656,23,-37,108
1743495827.653656,-10,68,130
1743495827.688656,11,-21,80
1743495827.723656,-78,-83,48
1743495827.759656,31,30,128
1743495827.794656,-144,-15,76
1743495827.830656,7,14,114
1743495827.865656,1,-49,218
1743495827.9016562,83,42,28
1743495827.936656,1,-82,162
1743495827.971656,11,71,72
1743495828.007656,-28,-24,181
1743495828.042656,-28,45,203
1743495828.078656,83,8,98
1743495828.113656,-30,-27,191
1743495828.149656,-4,14,167
1743495828.184656,19,-23,145
1743495828.219656,-26,0,181
1743495828.255656,-44,-11,223
1743495828.290656,-8,-19,123
1743495828.326656,0,18,135
1743495828.361656,55,-3,227
1743495828.397656,31,-11,167
1743495828.432656,7,-1,153
1743495828.467656,-10,-53,81
1743495828.503656,-2,0,239
1743495828.538656,29,-3,127
1743495828.574656,7,26,123
1743495828.609656,31,-81,99
1743495828.645656,-42,-15,211
1743495828.680656,9,52,66
1743495828.715656,-2,-29,170
1743495828.751656,47,32,138
1743495828.786656,-136,-2,125
1743495828.8226562,21,1,21
1743495828.857656,25,8,207
1743495828.893656,27,-49,125
1743495828.928656,-28,-61,103
1743495828.963656,1,-44,79
1743495828.999656,19,-59,103
1743495829.034656,-36,36,183
1743495829.070656,-34,38,93
1743495829.105656,15,-47,161
1743495829.1416562,35,-1,135
1743495829.176656,-50,10,153
1743495829.211656,45,-27,63
1743495829.247656,39,-25,283
1743495829.282656,7,-59,113
1743495829.318656,11,6,187
1743495829.353656,22,-11,57
1743495829.389656,9,-25,161
1743495829.4246562,59,-27,195
1743495829.459656,-18,0,43
1743495829.495656,-30,-66,85
1743495829.530656,19,-14,95
1743495829.566656,85,-36,181
1743495829.601656,41,-16,37
1743495829.636656,19,51,243
1743495829.671656,-16,21,147
1743495829.707656,37,59,319
1743495829.7436562,-76,-60,15
1743495829.778656,-1,-30,149
1743495829.814656,-49,-54,103
1743495829.849656,-47,45,183
1743495829.885656,102,-11,49
1743495829.920656,36,-59,67
1743495829.955656,58,60,213
1743495829.991656,44,-65,71
1743495830.0266562,-55,24,253
1743495830.0626562,58,-9,115
1743495830.097656,4,18,123
1743495830.133656,38,-31,111
1743495830.168656,14,52,109
1743495830.203656,-65,32,137
1743495830.239656,-75,10,83
1743495830.274656,-69,60,95
1743495830.310656,46,12,247
1743495830.3456562,0,28,113
1743495830.3816562,-5,-25,181
1743495830.417656,-9,-23,117
1743495830.453656,-71,-79,39
1743495830.489656,106,74,123
1743495830.525656,-21,14,253
1743495830.561656,-15,-35,247
1743495830.596656,-45,34,293
1743495830.6316562,-43,-31,77
1743495830.667656,32,-1,165
1743495830.703656,2,-37,105
1743495830.738656,-31,66,155
1743495830.774656,80,-31,115
1743495830.809656,32,14,141
1743495830.844656,-65,17,15
1743495830.879656,-27,68,183
1743495830.915656,16,24,137
1743495830.951656,56,42,119
1743495830.986656,-45,-35,177
1743495831.0296562,-7,-11,169
1743495831.065656,16,11,211
1743495831.100656,92,-132,79
1743495831.135656,27,57,165
1743495831.171656,21,11,175
1743495831.207656,-40,-22,31
1743495831.242656,-16,-16,181
1743495831.278656,45,55,109
1743495831.313656,-14,-16,173
1743495831.348656,-38,-3,209
1743495831.383656,27,1,257
1743495831.419656,75,-36,-6
1743495831.455656,-32,10,203
1743495831.490656,-6,0,147
1743495831.5266562,89,-37,91
1743495831.561656,-58,0,121
1743495831.596656,-134,-21,99
1743495831.6316562,53,10,109
1743495831.667656,47,10,89
1743495831.703656,-2,22,117
1743495831.738656,-24,-49,223
1743495831.774656,-52,6,75
1743495831.809656,-46,-17,117
1743495831.844656,41,2,25
1743495831.879656,83,-69,0
1743495831.915656,-12,-19,197
1743495831.951656,-96,-61,199
1743495831.986656,11,12,103
1743495832.022656,-6,-35,21
1743495832.057656,3,-44,85
1743495832.092656,-26,-27,255
1743495832.127656,-24,20,201
1743495832.163656,-42,10,147
1743495832.199656,63,-7,83
1743495832.234656,69,86,161
1743495832.270656,-50,-13,119
1743495832.305656,-38,48,149
1743495832.340656,39,38,95
1743495832.375656,13,80,145
1743495832.411656,23,40,123
1743495832.4476562,51,2,199
1743495832.482656,-10,-43,201
1743495832.518656,13,72,114
1743495832.553656,-36,-29,107
1743495832.588656,-12,-77,153
1743495832.623656,9,5,229
1743495832.659656,-68,-35,181
1743495832.695656,13,-7,157
1743495832.730656,12,-19,193
1743495832.7666562,-27,8,73
1743495832.801656,20,-37,151
1743495832.836656,8,60,162
1743495832.871656,-101,-65,180
1743495832.907656,39,-15,187
1743495832.943656,16,24,114
1743495832.978656,-55,-53,-14
1743495833.014656,-37,-55,179
1743495833.0496562,-80,24,11
1743495833.084656,-56,76,174
1743495833.119656,-29,-31,185
1743495833.155656,49,13,88
1743495833.191656,-12,9,46
1743495833.226656,34,-22,72
1743495833.262656,76,87,40
1743495833.297656,12,-52,63
1743495833.332656,26,31,215
1743495833.367656,-37,45,103
1743495833.403656,40,-26,101
1743495833.439656,12,-68,230
1743495833.474656,40,11,153
1743495833.510656,20,49,235
1743495833.545656,62,-54,281
1743495833.580656,-83,-26,151
1743495833.615656,-3,79,224
1743495833.6516562,-49,-40,80
1743495833.6876562,16,-18,198
1743495833.722656,62,-20,102
1743495833.758656,26,41,122
1743495833.793656,-15,28,116
1743495833.828656,-53,53,32
1743495833.863656,-51,88,172
1743495833.899656,8,16,280
1743495833.935656,-15,-17,20
1743495833.9706562,10,50,-1
1743495834.0066562,92,-6,104
1743495834.041656,66,-12,94
1743495834.076656,86,5,164
1743495834.111656,64,73,116
1743495834.147656,32,-68,180
1743495834.183656,84,5,162
1743495834.218656,30,-26,192
1743495834.254656,-7,-50,116
1743495834.2896562,-97,-14,122
1743495834.324656,12,-12,178
1743495834.359656,-113,-52,-21
1743495834.395656,22,1,18
1743495834.431656,-89,21,134
1743495834.466656,38,19,154
1743495834.502656,-41,23,132
1743495834.537656,-13,-48,-39
1743495834.5726562,-7,5,166
1743495834.607656,-22,0,30
1743495834.643656,-8,-54,106
1743495834.679656,28,3,214
1743495834.714656,-67,106,120
1743495834.750656,18,16,134
1743495834.785656,-3,10,160
1743495834.820656,-11,-102,-5
1743495834.855656,-99,82,20
1743495834.8916562,16,-29,160
1743495834.927656,-1,52,134
1743495834.962656,-39,-23,218
1743495834.998656,-5,-49,128
1743495835.033656,48,53,164
1743495835.068656,-37,39,0
1743495835.103656,68,-6,146
1743495835.139656,-5,-56,220
1743495835.175656,16,-2,166
1743495835.2106562,41,19,149
1743495835.246656,88,15,176
1743495835.281656,2,-22,141
1743495835.316656,33,-6,256
1743495835.351656,-3,-94,158
1743495835.387656,-101,-20,128
1743495835.423656,-47,-26,220
1743495835.458656,-31,-10,-3
1743495835.494656,2,-34,120
1743495835.5296562,-17,-67,102
1743495835.564656,64,109,164
1743495835.599656,38,95,214
1743495835.635656,0,17,96
1743495835.671656,-103,-16,146
1743495835.706656,-9,13,218
1743495835.742656,18,-30,190
1743495835.777656,30,7,6
1743495835.8126562,-13,1,90
1743495835.847656,-73,25,186
1743495835.883656,-43,59,170
1743495835.919656,-5,53,232
1743495835.954656,32,2,156
1743495835.990656,24,68,132
1743495836.025656,-23,8,202
1743495836.060656,4,-51,193
1743495836.0956562,-9,-41,35
1743495836.1316562,42,-23,127
1743495836.167656,28,0,169
1743495836.202656,50,102,149
1743495836.238656,32,-55,127
1743495836.273656,4,-31,211
1743495836.308656,64,-13,75
1743495836.343656,28,-1,169
1743495836.379656,-2,-33,65
1743495836.415656,1,-17,67
1743495836.450656,-34,-25,207
1743495836.486656,31,-21,35
1743495836.521656,-52,12,205
1743495836.556656,-50,-27,139
1743495836.592656,-36,14,123
1743495836.627656,-12,28,103
1743495836.663656,3,12,65
1743495836.698656,-46,28,125
1743495836.734656,-10,6,135
1743495836.769656,71,0,143
1743495836.804656,11,16,137
1743495836.840656,31,-25,37
1743495836.875656,1,48,189
1743495836.911656,59,-11,185
1743495836.946656,106,64,199
1743495836.982656,45,-51,197
1743495837.017656,-4,32,131
1743495837.052656,49,16,135
1743495837.088656,49,18,121
1743495837.123656,9,80,173
1743495837.159656,-86,22,105
1743495837.194656,22,-61,65
1743495837.230656,0,50,17
1743495837.265656,-26,18,149
1743495837.300656,31,-35,191
1743495837.336656,-27,16,223
1743495837.371656,-15,-39,141
1743495837.407656,14,-1,139
1743495837.442656,-49,32,169
1743495837.478656,76,-97,181
1743495837.513656,-13,10,137
1743495837.548656,18,14,171
1743495837.584656,-53,-29,-2
1743495837.619656,16,29,95
1743495837.655656,97,-5,93
1743495837.690656,-76,10,15
1743495837.726656,-97,-47,155
1743495837.761656,-41,-49,129
1743495837.796656,25,30,153
1743495837.832656,-24,-25,59
1743495837.867656,-18,-63,209
1743495837.903656,-30,-17,217
1743495837.938656,-9,-9,217
1743495837.974656,-1,-17,157
1743495838.009656,-39,-19,179
1743495838.044656,22,-22,307
1743495838.080656,-27,-32,147
1743495838.115656,-1,47,129
1743495838.1516562,36,39,187
1743495838.186656,40,45,85
1743495838.222656,16,-8,255
1743495838.257656,-19,57,127
1743495838.292656,28,-66,117
1743495838.328656,-73,22,111
1743495838.363656,-59,-9,67
1743495838.399656,18,30,157
1743495838.434656,-17,84,167
1743495838.4706562,72,-51,93
1743495838.505656,42,-33,97
1743495838.540656,-71,-5,199
1743495838.576656,-5,-7,111
1743495838.611656,22,-37,143
1743495838.647656,21,40,71
1743495838.682656,108,12,109
1743495838.718656,-87,34,91
1743495838.753656,4,-25,25
1743495838.788656,-35,-81,65
1743495838.824656,16,26,165
1743495838.859656,-45,2,-14
1743495838.895656,4,-31,73
1743495838.930656,72,64,91
1743495838.966656,38,24,53
1743495839.001656,-33,-29,191
1743495839.036656,10,-41,165
1743495839.0726562,22,0,53
1743495839.107656,-17,64,135
1743495839.143656,44,49,159
1743495839.178656,-25,-4,51
1743495839.214656,10,-12,99
1743495839.249656,14,31,53
1743495839.284656,-17,31,-74
1743495839.320656,34,-18,223
1743495839.355656,-29,49,207
1743495839.3916562,54,-16,247
1743495839.426656,-48,-61,0
1743495839.462656,1,31,63
1743495839.497656,62,65,101
1743495839.532656,-23,-14,135
1743495839.568656,-37,-34,89
1743495839.603656,-77,27,137
1743495839.639656,-47,11,247
1743495839.6746562,-53,-52,229
1743495839.7106562,38,-66,117
1743495839.745656,30,6,245
1743495839.780656,14,-25,255
1743495839.816656,4,-59,31
1743495839.851656,38,-33,131
1743495839.887656,59,-5,225
1743495839.922656,-58,-43,61
1743495839.958656,33,-11,127
1743495839.994656,7,-10,85
1743495840.030656,25,62,85
1743495840.066656,-50,14,77
1743495840.101656,-4,52,107
1743495840.136656,-64,-9,135
1743495840.172656,71,-29,135
1743495840.208656,31,96,117
1743495840.2436562,59,56,141
1743495840.2796562,-18,-27,131
1743495840.314656,1,0,185
1743495840.349656,-40,51,223
1743495840.384656,55,-18,113
1743495840.420656,-60,20,229
1743495840.456656,31,52,115
1743495840.491656,-8,8,127
1743495840.527656,23,2,153
1743495840.5626562,-4,54,143
1743495840.597656,38,-89,147
1743495840.632656,-67,-51,77
1743495840.668656,0,8,113
1743495840.704656,-5,-7,141
1743495840.739656,-13,28,70
1743495840.775656,-49,-43,90
1743495840.810656,-75,-25,30
1743495840.8456562,-47,40,120
1743495840.880656,-21,-47,100
1743495840.916656,-51,-85,149
1743495840.952656,78,-17,164
1743495840.987656,-1,-49,246
1743495841.030656,78,-47,50
1743495841.066656,60,2,138
1743495841.101656,-33,20,200
1743495841.136656,106,8,124
1743495841.172656,-27,74,104
1743495841.208656,-10,28,216
1743495841.2436562,32,52,158
1743495841.2796562,26,28,122
1743495841.314656,-5,-39,104
1743495841.349656,30,-1,124
1743495841.384656,52,10,132
1743495841.420656,66,-77,132
1743495841.456656,38,4,192
1743495841.491656,54,18,192
1743495841.527656,-11,-29,136
1743495841.5626562,-31,1,98
1743495841.597656,88,0,150
1743495841.632656,-37,-1,216
1743495841.668656,35,56,80
1743495841.704656,14,-85,122
1743495841.739656,-29,28,144
1743495841.775656,-8,-17,140
1743495841.810656,18,-5,206
1743495841.8456562,-15,20,262
1743495841.880656,-7,22,210
1743495841.916656,66,-67,138
1743495841.952656,18,10,90
1743495841.987656,26,60,176
1743495842.023656,18,8,303
1743495842.058656,-33,16,105
1743495842.093656,48,24,79
1743495842.128656,18,-17,107
1743495842.1646562,4,-15,207
1743495842.200656,0,-71,149
1743495842.235656,18,4,139
1743495842.271656,24,-85,105
1743495842.306656,-27,-35,171
1743495842.341656,56,34,123
1743495842.376656,68,-79,265
1743495842.412656,76,86,181
1743495842.448656,38,38,59
1743495842.4836562,-63,-21,167
1743495842.519656,-29,42,93
1743495842.554656,88,-29,-6
1743495842.589656,66,-17,233
1743495842.624656,13,2,165
1743495842.660656,-48,46,157
1743495842.696656,39,84,179
1743495842.731656,-78,0,159
1743495842.767656,-28,-71,221
1743495842.802656,-32,-35,101
1743495842.837656,-36,-49,93
1743495842.872656,-4,-27,6
1743495842.908656,35,-36,180
1743495842.944656,57,-56,166
1743495842.979656,-40,-60,204
1743495843.015656,15,-12,112
1743495843.050656,67,40,237
1743495843.0856562,-64,144,142
1743495843.120656,-6,-7,172
1743495843.156656,-56,16,114
1743495843.192656,-14,-13,162
1743495843.227656,-12,4,162
1743495843.263656,11,-29,166
1743495843.298656,31,-5,86
1743495843.333656,-4,-11,193
1743495843.3686562,-76,14,169
1743495843.4046562,61,90,129
1743495843.440656,-2,46,111
1743495843.475656,19,83,57
1743495843.511656,-6,37,71
1743495843.546656,24,-30,151
1743495843.581656,24,-37,135
1743495843.616656,21,18,145
1743495843.652656,8,-101,45
1743495843.688656,-27,-7,203
1743495843.723656,-61,10,181
1743495843.759656,-73,-9,137
1743495843.794656,-29,24,55
1743495843.829656,42,-18,111
1743495843.864656,23,5,29
1743495843.900656,19,-32,65
1743495843.936656,19,35,169
1743495843.971656,-24,-22,125
1743495844.007656,55,18,155
1743495844.042656,-44,69,165
1743495844.077656,6,26,95
1743495844.112656,64,51,143
1743495844.148656,58,-51,81
1743495844.184656,46,0,160
1743495844.219656,28,-20,158
1743495844.255656,-3,47,112
1743495844.290656,28,28,90
1743495844.325656,56,13,172
1743495844.360656,-19,-44,-45
1743495844.396656,-9,-4,144
1743495844.432656,14,83,160
1743495844.467656,-43,103,32
1743495844.503656,-15,19,136
1743495844.538656,0,-20,160
1743495844.573656,42,27,142
1743495844.6086562,4,11,112
1743495844.644656,38,41,172
1743495844.680656,42,7,22
1743495844.715656,42,-12,18
1743495844.751656,-25,-38,148
1743495844.786656,-23,25,226
1743495844.821656,52,53,-17
1743495844.856656,2,81,294
1743495844.892656,41,9,152
1743495844.928656,30,-3,108
1743495844.963656,-40,-18,26
1743495844.999656,13,41,136
1743495845.034656,-38,-54,74
1743495845.069656,-5,3,180
1743495845.104656,23,9,116
1743495845.140656,45,-42,126
1743495845.176656,-83,5,162
1743495845.211656,-27,-32,102
1743495845.247656,36,13,2
1743495845.282656,-33,-12,184
1743495845.317656,9,-36,74
1743495845.352656,-36,-30,130
1743495845.388656,-46,-2,142
1743495845.4246562,16,-18,162
1743495845.459656,-5,-84,154
1743495845.495656,52,-76,116
1743495845.530656,-70,-47,78
1743495845.565656,-126,-19,178
1743495845.600656,-44,21,288
1743495845.636656,55,-44,148
1743495845.672656,15,64,150
1743495845.707656,17,-8,78
1743495845.7436562,25,13,98
1743495845.778656,-6,18,212
1743495845.813656,43,-10,178
1743495845.848656,-6,0,126
1743495845.884656,39,-46,201
1743495845.920656,69,7,183
1743495845.955656,73,0,69
1743495845.991656,113,-37,205
1743495846.0266562,59,-29,141
1743495846.061656,-12,-41,177
1743495846.097656,11,-31,197
1743495846.132656,49,30,233
1743495846.168656,-42,-25,33
1743495846.203656,99,-11,55
1743495846.239656,11,-49,109
1743495846.274656,5,1,201
1743495846.309656,17,42,103
1743495846.3456562,-8,-19,-2
1743495846.380656,45,8,47
1743495846.416656,3,-12,127
1743495846.451656,41,-11,97
1743495846.487656,67,-28,205
1743495846.522656,91,58,231
1743495846.557656,-30,-28,91
1743495846.593656,-50,3,171
1743495846.628656,-106,-30,89
1743495846.6646562,54,37,113
1743495846.699656,-43,-51,119
1743495846.735656,-29,-31,133
1743495846.770656,22,16,215
1743495846.805656,28,-29,155
1743495846.841656,-17,-7,125
1743495846.876656,34,-15,93
1743495846.912656,12,-5,65
1743495846.9476562,32,-39,101
1743495846.9836562,-11,-13,193
1743495847.018656,-5,58,279
1743495847.053656,0,8,253
1743495847.089656,-25,-45,269
1743495847.124656,-9,118,105
1743495847.160656,75,-23,157
1743495847.195656,45,-27,169
1743495847.231656,39,34,191
1743495847.2666562,47,13,65
1743495847.301656,-4,15,139
1743495847.337656,-2,-58,75
1743495847.372656,3,1,175
1743495847.408656,33,-12,105
1743495847.443656,-32,-31,129
1743495847.479656,27,4,194
1743495847.514656,-128,20,78
1743495847.5496562,-90,-43,261
1743495847.5856562,-54,4,67
1743495847.620656,-78,46,23
1743495847.656656,-14,-89,124
1743495847.691656,11,4,156
1743495847.727656,-40,40,166
1743495847.762656,-70,42,144
1743495847.797656,-28,44,138
1743495847.833656,15,-29,10
1743495847.8686562,-10,42,82
1743495847.9046562,55,24,88
1743495847.939656,27,20,116
1743495847.975656,15,-19,116
1743495848.010656,-50,-59,136
1743495848.045656,-54,-43,176
1743495848.081656,1,-55,178
1743495848.116656,11,-35,142
1743495848.152656,37,-87,38
1743495848.1876562,25,-47,68
1743495848.223656,11,-5,121
1743495848.258656,-66,34,85
1743495848.293656,5,-43,221
1743495848.329656,10,-55,45
1743495848.364656,-7,-45,223
1743495848.400656,76,-25,171
1743495848.435656,-7,13,136
1743495848.471656,1,-25,58
1743495848.5066562,56,-60,236
1743495848.541656,16,58,147
1743495848.577656,-61,32,147
1743495848.612656,-103,26,219
1743495848.648656,31,12,250
1743495848.683656,11,4,222
1743495848.719656,-12,-65,104
1743495848.754656,56,28,144
1743495848.7896562,30,-5,112
1743495848.825656,-83,-31,186
1743495848.860656,-33,-69,280
1743495848.896656,-47,56,26
1743495848.931656,32,-53,164
1743495848.967656,6,-63,150
1743495849.002656,-27,-13,208
1743495849.037656,-1,70,-9
1743495849.073656,18,-1,191
1743495849.1086562,90,16,108
1743495849.144656,-59,-65,62
1743495849.179656,-55,-87,133
1743495849.215656,-50,-28,52
1743495849.250656,-46,44,33
1743495849.285656,79,4,37
1743495849.321656,-43,-29,131
1743495849.356656,-37,-23,243
1743495849.392656,111,6,141
1743495849.427656,21,-11,135
1743495849.462656,1,26,73
1743495849.497656,43,-35,185
1743495849.533656,5,-21,105
1743495849.569656,49,38,145
1743495849.604656,13,6,269
1743495849.640656,-8,-29,114
1743495849.675656,-9,44,68
1743495849.7106562,8,-35,140
1743495849.745656,-29,-21,166
1743495849.781656,-7,-11,92
1743495849.817656,26,6,75
1743495849.852656,-3,-19,171
1743495849.888656,-19,-77,184
1743495849.923656,-55,52,160
1743495849.958656,92,-3,172
1743495849.9936562,30,-21,174
1743495850.0296562,60,-25,32
1743495850.065656,10,-33,110
1743495850.100656,28,80,194
1743495850.136656,-11,-39,110
1743495850.171656,20,3,117
1743495850.206656,-31,-22,89
1743495850.241656,8,30,151
1743495850.277656,0,32,63
1743495850.313656,24,24,165
1743495850.348656,-47,36,187
1743495850.384656,38,48,105
1743495850.419656,20,16,145
1743495850.454656,-31,10,55
1743495850.489656,18,29,253
1743495850.525656,-1,-16,79
1743495850.561656,-65,9,153
1743495850.596656,32,-59,109
1743495850.632656,64,-22,139
1743495850.667656,-39,-7,155
1743495850.702656,4,15,13
1743495850.737656,-5,11,23
1743495850.773656,48,-5,99
1743495850.809656,36,-17,47
1743495850.844656,-27,18,205
1743495850.880656,8,-19,-4
1743495850.915656,-53,0,169
1743495850.950656,90,32,97
1743495850.985656,16,-55,53
1743495851.021656,-3,-51,25
1743495851.064656,-75,-65,133
1743495851.100656,-23,-5,147
1743495851.136656,20,-14,81
1743495851.171656,-3,-30,167
1743495851.206656,0,-52,47
1743495851.241656,-27,39,263
1743495851.277656,-3,51,173
1743495851.313656,-85,5,167
1743495851.348656,-35,-14,213
1743495851.384656,24,-14,147
1743495851.419656,46,79,113
1743495851.454656,14,33,161
1743495851.489656,62,-16,229
1743495851.525656,-15,61,117
1743495851.561656,50,-16,135
1743495851.596656,-23,39,103
1743495851.632656,18,19,189
1743495851.667656,-31,3,145
1743495851.702656,-11,-84,71
1743495851.737656,-43,0,281
1743495851.773656,-75,14,147
1743495851.809656,22,-35,187
1743495851.844656,34,-3,7
1743495851.880656,-5,40,131
1743495851.915656,-31,28,157
1743495851.950656,-11,-43,89
1743495851.985656,32,-15,-32
1743495852.021656,-37,-31,51
1743495852.057656,18,-102,0
1743495852.092656,-23,55,301
1743495852.128656,-75,-38,37
1743495852.163656,76,-24,131
1743495852.198656,-51,1,95
1743495852.2336562,-14,-86,145
1743495852.269656,71,-60,97
1743495852.305656,85,5,175
1743495852.340656,85,1,151
1743495852.376656,13,16,129
1743495852.411656,3,-8,221
1743495852.446656,3,-48,147
1743495852.481656,-10,-72,199
1743495852.517656,53,21,153
1743495852.553656,-46,15,195
1743495852.588656,39,17,75
1743495852.624656,-10,-66,67
1743495852.659656,-8,-47,69
1743495852.694656,17,-20,131
1743495852.729656,3,51,146
1743495852.765656,57,-44,32
1743495852.801656,49,21,165
1743495852.836656,51,9,186
1743495852.872656,-40,-50,130
1743495852.907656,5,15,158
1743495852.942656,-26,67,116
1743495852.977656,47,-6,108
1743495853.013656,-28,27,56
1743495853.0496562,35,-6,44
1743495853.084656,-16,19,181
1743495853.120656,-113,-50,152
1743495853.155656,25,16,202
1743495853.190656,5,-23,196
1743495853.225656,39,68,170
1743495853.261656,-46,76,60
1743495853.297656,87,58,194
1743495853.332656,9,-37,152
1743495853.3686562,67,-24,52
1743495853.403656,-34,91,138
1743495853.438656,-36,60,126
1743495853.473656,-58,0,34
1743495853.509656,21,-11,168
1743495853.545656,-52,8,202
1743495853.580656,-20,12,98
1743495853.616656,23,-21,96
1743495853.6516562,-28,-45,186
1743495853.686656,-40,-33,102
1743495853.721656,65,-39,168
1743495853.757656,-19,5,92
1743495853.793656,-20,-25,46
1743495853.828656,33,-19,208
1743495853.864656,-51,-7,100
1743495853.899656,-3,13,70
1743495853.934656,-15,-36,90
1743495853.969656,66,-34,180
1743495854.005656,-14,-37,148
1743495854.041656,65,32,212
1743495854.076656,24,-24,180
1743495854.112656,55,-34,266
1743495854.147656,7,-35,72
1743495854.182656,15,-41,176
1743495854.217656,15,-27,56
1743495854.253656,27,-89,122
1743495854.2896562,15,8,102
1743495854.324656,43,-33,40
1743495854.360656,47,-41,212
1743495854.395656,-58,44,80
1743495854.430656,-27,20,128
1743495854.465656,-17,8,56
1743495854.501656,22,-25,94
1743495854.537656,-8,-85,4
1743495854.5726562,37,16,132
1743495854.6086562,55,44,180
1743495854.643656,77,54,210
1743495854.678656,1,16,113
1743495854.713656,-2,-53,143
1743495854.749656,-44,-5,177
1743495854.785656,1,-35,-40
1743495854.820656,91,64,57
1743495854.856656,7,-11,143
1743495854.8916562,27,72,241
1743495854.926656,-24,-15,111
1743495854.961656,49,-9,103
1743495854.998656,65,14,71
1743495855.033656,11,30,107
1743495855.069656,9,-23,71
1743495855.105656,43,2,99
1743495855.140656,51,76,65
1743495855.176656,21,28,201
1743495855.211656,-16,-105,225
1743495855.246656,-6,60,139
1743495855.281656,21,-19,109
1743495855.317656,93,30,171
1743495855.353656,57,-15,189
1743495855.388656,-14,44,111
1743495855.4246562,-64,20,35
1743495855.459656,65,0,151
1743495855.494656,-32,-37,113
1743495855.530656,13,-55,175
1743495855.565656,93,-13,48
1743495855.601656,33,16,180
1743495855.636656,-18,-33,74
1743495855.672656,41,38,36
1743495855.707656,-14,-5,34
1743495855.742656,47,-57,66
1743495855.778656,-26,16,46
1743495855.813656,-38,-9,96
1743495855.849656,78,40,155
1743495855.884656,6,-11,172
1743495855.920656,-13,6,156
1743495855.955656,-15,32,132
1743495855.990656,-93,-51,92
1743495856.0266562,54,2,94
1743495856.061656,-49,-87,123
1743495856.097656,-41,-53,238
1743495856.132656,-3,-9,103
1743495856.168656,-65,-111,171
1743495856.203656,3,90,159
1743495856.238656,-102,28,162
1743495856.274656,-31,-50,148
1743495856.309656,-62,12,264
1743495856.3456562,10,18,114
1743495856.380656,-14,-53,168
1743495856.416656,-10,-79,190
1743495856.451656,83,-45,124
1743495856.486656,33,-27,116
1743495856.522656,-48,36,150
1743495856.557656,17,12,218
1743495856.593656,-74,60,62
1743495856.628656,-74,92,108
1743495856.6646562,25,32,0
1743495856.699656,27,-13,130
1743495856.734656,-30,-45,248
1743495856.770656,-2,4,232
1743495856.805656,53,-9,184
1743495856.841656,77,36,164
1743495856.876656,49,36,216
1743495856.912656,-66,25,162
1743495856.9476562,13,-86,136
1743495856.982656,-8,-46,194
1743495857.018656,25,-46,141
1743495857.053656,-38,-26,64
1743495857.089656,-34,69,105
1743495857.124656,33,-38,183
1743495857.160656,-98,-22,0
1743495857.195656,67,50,53
1743495857.230656,87,30,200
1743495857.2666562,-16,23,109
1743495857.301656,-38,-88,133
1743495857.337656,21,-30,41
1743495857.372656,-32,-8,205
1743495857.408656,-64,-56,199
1743495857.443656,-78,-44,127
1743495857.478656,-60,-8,51
1743495857.514656,-28,-15,137
1743495857.5496562,39,-35,149
1743495857.5856562,-44,-49,237
1743495857.620656,-4,-13,313
1743495857.656656,59,-3,73
1743495857.691656,101,-11,165
1743495857.726656,31,-57,255
1743495857.762656,15,-81,39
1743495857.797656,-52,4,179
1743495857.833656,-47,-19,160
1743495857.8686562,0,-51,180
1743495857.9046562,-99,-99,205
1743495857.939656,-62,-13,140
1743495857.974656,-34,-9,132
1743495858.010656,29,14,138
1743495858.045656,79,-55,210
1743495858.081656,1,-19,58
1743495858.116656,-104,2,62
1743495858.152656,-56,6,48
1743495858.1876562,47,-71,52
1743495858.222656,6,-5,96
1743495858.258656,-32,-53,206
1743495858.293656,-24,-17,212
1743495858.329656,-4,-33,198
1743495858.364656,7,-56,126
1743495858.400656,31,-87,112
1743495858.435656,21,-57,86
1743495858.4706562,51,26,236
1743495858.5066562,91,-11,136
1743495858.541656,13,-3,178
1743495858.577656,-78,6,32
1743495858.612656,33,-63,214
1743495858.648656,17,69,164
1743495858.683656,-6,7,212
1743495858.718656,0,-52,88
1743495858.754656,-32,-46,166
1743495858.7896562,-80,-6,186
1743495858.825656,3,-56,127
1743495858.860656,-46,-28,21
1743495858.896656,3,-89,179
1743495858.931656,-28,-1,49
1743495858.966656,-6,38,173
1743495859.002656,-32,58,137
1743495859.037656,35,32,59
1743495859.073656,53,-23,121
1743495859.1086562,57,25,161
1743495859.143656,107,-12,61
1743495859.178656,-5,-38,183
1743495859.214656,-19,-44,113
1743495859.250656,126,-34,107
1743495859.285656,-31,-32,123
1743495859.321656,-15,35,105
1743495859.356656,16,-56,95
1743495859.3916562,24,-26,163
1743495859.426656,-25,7,93
1743495859.462656,-89,23,167
1743495859.498656,-39,51,232
1743495859.533656,-35,29,223
1743495859.569656,0,33,126
1743495859.604656,-51,-32,304
1743495859.639656,6,87,54
1743495859.6746562,-7,16,164
1743495859.7106562,-5,1,128
1743495859.746656,0,11,80
1743495859.781656,-7,-22,88
1743495859.817656,2,41,96
1743495859.852656,58,7,124
1743495859.887656,-6,38,122
1743495859.922656,-83,50,182
1743495859.958656,-9,-35,194
1743495859.994656,29,14,242
1743495860.0296562,-2,-97,242
1743495860.065656,-16,36,148
1743495860.100656,39,-9,156
1743495860.135656,27,-33,86
1743495860.170656,-46,8,-43
1743495860.206656,91,-33,84
1743495860.242656,-26,-11,176
1743495860.277656,-30,-49,194
1743495860.313656,-22,-21,222
1743495860.348656,39,-53,124
1743495860.383656,-16,0,110
1743495860.418656,13,-71,300
1743495860.454656,-52,28,64
1743495860.490656,7,-11,56
1743495860.525656,47,-103,90
1743495860.561656,-18,36,16
1743495860.596656,-19,-63,112
1743495860.6316562,30,-37,102
1743495860.666656,4,-27,2
1743495860.702656,-19,-51,-5
1743495860.738656,-2,-11,160
1743495860.773656,21,-39,228
1743495860.809656,1,20,162
1743495860.844656,32,-73,184
1743495860.879656,-25,-45,164
1743495860.9146562,45,14,138
1743495860.950656,-60,-99,90
1743495860.986656,19,16,160
1743495861.021656,-28,-25,230
1743495861.057656,-16,-37,144
1743495861.099656,81,-37,324
1743495861.135656,21,-39,106
1743495861.170656,-43,-33,166
1743495861.206656,-12,-31,128
1743495861.242656,19,-79,120
1743495861.277656,20,58,182
1743495861.313656,52,-29,168
1743495861.348656,8,-11,248
1743495861.383656,50,-49,118
1743495861.418656,15,60,254
1743495861.454656,6,-25,305
1743495861.490656,-21,32,173
1743495861.525656,6,0,101
1743495861.561656,28,-15,55
1743495861.596656,0,34,165
1743495861.6316562,-45,12,75
1743495861.666656,-57,6,103
1743495861.702656,-31,-57,3
1743495861.738656,0,-141,131
1743495861.773656,-22,56,117
1743495861.809656,-34,24,131
1743495861.844656,23,-63,81
1743495861.879656,-58,4,79
1743495861.9146562,-10,-13,75
1743495861.950656,5,-7,157
1743495861.986656,-8,-42,55
1743495862.021656,-66,21,97
1743495862.057656,49,-22,107
1743495862.092656,-42,49,61
1743495862.127656,0,43,109
1743495862.162656,41,5,85
1743495862.198656,0,63,145
1743495862.234656,29,-61,85
1743495862.269656,-12,-20,135
1743495862.305656,37,-22,245
1743495862.340656,11,19,261
1743495862.375656,41,-56,127
1743495862.410656,73,-57,157
1743495862.446656,-36,-35,115
1743495862.482656,53,6,-20
1743495862.517656,11,-59,129
1743495862.553656,-52,-2,93
1743495862.588656,-12,-5,47
1743495862.623656,-40,-23,109
1743495862.658656,-5,66,41
1743495862.694656,-88,-8,21
1743495862.730656,5,-90,43
1743495862.765656,57,-55,87
1743495862.801656,25,-13,205
1743495862.836656,-34,-55,123
1743495862.871656,99,68,61
1743495862.906656,17,12,-16
1743495862.942656,-102,-45,179
1743495862.978656,-10,-13,49
1743495863.013656,27,50,43
1743495863.0496562,47,34,227
1743495863.084656,-22,72,205
1743495863.119656,101,-21,5
1743495863.1546562,-48,-43,160
1743495863.190656,27,-45,88
1743495863.226656,-30,8,15
1743495863.261656,69,-13,123
1743495863.297656,-28,-63,61
1743495863.332656,-70,50,183
1743495863.367656,-38,-13,195
1743495863.402656,-64,-73,232
1743495863.438656,-40,14,130
1743495863.474656,-16,16,110
1743495863.509656,-26,-67,160
1743495863.545656,11,-17,76
1743495863.580656,9,-7,154
1743495863.615656,37,-19,160
1743495863.650656,-2,0,118
1743495863.686656,-2,43,130
1743495863.722656,-26,0,144
1743495863.757656,55,36,-31
1743495863.793656,109,-11,132
1743495863.828656,11,0,54
1743495863.863656,-88,-11,162
1743495863.898656,13,68,46
1743495863.934656,-28,98,52
1743495863.9706562,33,2,84
1743495864.005656,99,2,194
1743495864.041656,23,4,102
1743495864.076656,-28,3,68
1743495864.113656,33,17,176
1743495864.148656,-14,43,84
1743495864.183656,-4,-14,190
1743495864.218656,17,-41,78
1743495864.254656,-54,0,254
1743495864.290656,13,0,128
1743495864.325656,-16,46,194
1743495864.361656,33,-17,102
1743495864.396656,39,-19,132
1743495864.431656,85,-21,256
1743495864.466656,35,-23,38
1743495864.502656,3,-15,194
1743495864.538656,39,-31,232
1743495864.573656,43,-19,128
1743495864.609656,-29,-119,264
1743495864.644656,65,-33,140
1743495864.679656,-37,-61,187
1743495864.714656,61,38,175
1743495864.750656,-61,-7,87
1743495864.786656,22,14,55
1743495864.821656,-19,-13,99
1743495864.857656,-29,24,89
1743495864.892656,70,-21,45
1743495864.927656,-43,-73,153
1743495864.963656,-56,14,163
1743495864.998656,24,38,129
1743495865.034656,-25,-39,53
1743495865.069656,24,-25,121
1743495865.105656,-25,-49,193
1743495865.140656,-13,-48,181
1743495865.175656,68,56,31
1743495865.211656,22,26,181
1743495865.246656,72,-49,147
1743495865.282656,-81,32,167
1743495865.317656,-29,32,199
1743495865.353656,-57,-31,105
1743495865.388656,14,-31,85
1743495865.423656,-23,-43,91
1743495865.459656,-1,-7,169
1743495865.494656,40,-75,65
1743495865.530656,-67,-49,73
1743495865.565656,-37,-43,49
1743495865.601656,64,6,107
1743495865.636656,-21,-3,237
1743495865.671656,-37,-27,123
1743495865.707656,-55,8,163
1743495865.742656,-28,8,113
1743495865.778656,61,-73,114
1743495865.813656,-52,-3,158
1743495865.849656,61,14,78
1743495865.884656,-106,-7,140
1743495865.919656,46,18,271
1743495865.955656,22,-81,108
1743495865.990656,-7,78,140
1743495866.0266562,48,-107,97
1743495866.061656,82,20,147
1743495866.097656,26,-143,175
1743495866.132656,-121,20,61
1743495866.167656,52,0,159
1743495866.203656,12,-8,103
1743495866.238656,-5,1,111
1743495866.274656,16,61,139
1743495866.309656,-1,-62,63
1743495866.3456562,-45,109,227
1743495866.380656,2,5,1
1743495866.415656,-2,12,49
1743495866.451656,71,-13,139
1743495866.486656,-45,26,97
1743495866.522656,26,26,143
1743495866.557656,38,-2,75
1743495866.593656,-3,-23,165
1743495866.628656,-80,28,187
1743495866.663656,-31,-23,159
1743495866.699656,71,-21,325
1743495866.734656,35,110,205
1743495866.770656,-4,-33,169
1743495866.805656,-16,-3,26
1743495866.841656,-60,24,36
1743495866.876656,11,-73,79
1743495866.911656,-42,0,146
1743495866.9476562,-2,32,-23
1743495866.982656,3,-1,89
1743495867.018656,-46,-39,122
1743495867.053656,71,-63,134
1743495867.089656,-38,22,58
1743495867.124656,7,-5,62
1743495867.159656,-38,-9,92
1743495867.195656,37,10,0
1743495867.230656,-30,-31,122
1743495867.2666562,-32,-85,32
1743495867.301656,25,8,214
1743495867.337656,-2,-19,124
1743495867.372656,11,-3,90
1743495867.407656,-25,-41,108
1743495867.443656,7,-19,120
1743495867.478656,-4,24,124
1743495867.514656,62,8,168
1743495867.5496562,-74,-39,174
1743495867.5856562,45,32,240
1743495867.620656,-4,-16,96
1743495867.655656,45,-30,132
1743495867.691656,-14,-45,108
1743495867.726656,-34,17,80
1743495867.762656,-4,-34,148
1743495867.797656,13,-32,122
1743495867.833656,-26,53,171
1743495867.8686562,7,-58,61
1743495867.903656,-7,-14,263
1743495867.939656,43,-24,194
1743495867.974656,-34,35,34
1743495868.010656,19,11,122
1743495868.045656,-2,69,123
1743495868.081656,35,-38,11
1743495868.116656,-34,24,211
1743495868.1516562,-86,-95,131
1743495868.1876562,-8,-5,143
1743495868.222656,13,26,185
1743495868.258656,99,16,123
1743495868.293656,-14,13,132
1743495868.329656,15,0,204
1743495868.365656,23,0,127
1743495868.4016562,9,64,69
1743495868.4376562,13,-11,115
1743495868.472656,33,-6,19
1743495868.507656,66,-13,117
1743495868.543656,20,3,117
1743495868.579656,10,26,193
1743495868.614656,96,48,21
1743495868.650656,22,140,115
1743495868.685656,60,28,1
1743495868.7206562,32,-18,39
1743495868.755656,0,25,189
1743495868.791656,-9,-2,221
1743495868.827656,-31,-58,171
1743495868.862656,22,7,55
1743495868.898656,46,11,133
1743495868.933656,-5,23,105
1743495868.968656,30,-18,263
1743495869.003656,24,45,241
1743495869.0396562,12,-50,167
1743495869.075656,-89,-6,97
1743495869.110656,18,-50,101
1743495869.146656,22,-68,59
1743495869.181656,60,17,141
1743495869.216656,-65,-76,151
1743495869.251656,-49,41,117
1743495869.287656,2,-4,-4
1743495869.323656,-29,-14,251
1743495869.3586562,4,-38,153
1743495869.394656,-41,19,75
1743495869.429656,0,11,99
1743495869.464656,-24,63,125
1743495869.499656,-30,75,207
1743495869.535656,-30,29,137
1743495869.571656,1,89,65
1743495869.606656,27,15,123
1743495869.642656,-50,-46,-22
1743495869.677656,-70,27,177
1743495869.712656,-14,-8,159
1743495869.747656,-90,-30,127
1743495869.783656,-34,23,219
1743495869.819656,-41,30,19
1743495869.854656,-14,41,109
1743495869.890656,43,21,233
1743495869.925656,-12,-62,199
1743495869.9606562,-44,21,141
1743495869.995656,-70,13,179
1743495870.031656,67,5,97
1743495870.067656,-52,-32,151
1743495870.102656,39,-30,171
1743495870.138656,-34,25,175
1743495870.173656,31,29,131
1743495870.208656,-54,-18,77
1743495870.2436562,-60,9,71
1743495870.2796562,-22,-40,151
1743495870.315656,-92,5,81
1743495870.350656,65,-10,57
1743495870.386656,-6,-14,219
1743495870.421656,21,-28,123
1743495870.456656,-2,-4,105
1743495870.491656,81,-10,185
1743495870.527656,-10,-46,173
1743495870.563656,25,13,17
1743495870.598656,75,107,149
1743495870.634656,9,0,89
1743495870.669656,47,3,175
1743495870.704656,-74,-60,203
1743495870.739656,-10,57,103
1743495870.775656,109,26,159
1743495870.811656,-4,23,87
1743495870.846656,1,41,187
1743495870.882656,35,-26,257
1743495870.917656,-66,-78,131
1743495870.952656,12,81,87
1743495870.987656,110,-22,221
1743495871.023656,36,-6,115
1743495871.059656,22,-10,133
1743495871.101656,-91,63,119
1743495871.138656,0,37,53
1743495871.173656,4,-18,149
1743495871.208656,-2,-26,49
1743495871.2436562,-36,-10,135
1743495871.2796562,101,-8,95
1743495871.315656,41,25,25
1743495871.350656,-32,23,179
1743495871.386656,76,-2,193
1743495871.421656,28,5,151
1743495871.456656,-60,-40,17
1743495871.491656,-20,-20,233
1743495871.527656,19,-3,67
1743495871.563656,-42,41,159
1743495871.598656,-68,0,63
1743495871.634656,29,85,195
1743495871.669656,29,40,13
1743495871.704656,23,-25,187
1743495871.739656,29,-35,179
1743495871.775656,69,74,151
1743495871.811656,-2,-17,59
1743495871.846656,-44,-55,247
1743495871.882656,1,-37,187
1743495871.917656,-34,-5,61
1743495871.952656,39,-15,227
1743495871.987656,29,-13,151
1743495872.023656,-30,-15,49
1743495872.059656,61,50,141
1743495872.094656,-62,30,185
1743495872.130656,-42,64,79
1743495872.165656,-44,-84,167
1743495872.200656,37,13,143
1743495872.235656,-14,64,125
1743495872.271656,43,-15,85
1743495872.307656,-8,74,47
1743495872.342656,17,-41,107
1743495872.378656,29,14,143
1743495872.413656,11,-33,61
1743495872.448656,-52,-17,97
1743495872.4836562,25,-11,135
1743495872.519656,37,24,177
1743495872.555656,-78,16,111
1743495872.590656,-12,-49,119
1743495872.626656,31,8,187
1743495872.661656,-34,-23,161
1743495872.696656,39,40,189
1743495872.731656,51,60,111
1743495872.767656,-52,-29,59
1743495872.803656,-4,4,141
1743495872.838656,7,-39,39
1743495872.874656,1,-15,122
1743495872.909656,-10,-19,160
1743495872.944656,33,-21,96
1743495872.979656,0,-7,194
1743495873.015656,31,26,183
1743495873.051656,3,-55,152
1743495873.086656,-16,54,282
1743495873.122656,19,-11,186
1743495873.157656,-12,32,46
1743495873.192656,-20,2,174
1743495873.227656,13,24,83
1743495873.263656,81,30,295
1743495873.2996562,-76,-77,141
1743495873.334656,-26,-35,115
1743495873.370656,-30,62,149
1743495873.405656,105,-43,164
1743495873.440656,5,-7,156
1743495873.475656,57,-19,118
1743495873.511656,-10,-5,188
1743495873.547656,-16,56,66
1743495873.582656,39,-81,120
1743495873.6186562,-12,32,100
1743495873.653656,-8,-29,106
1743495873.688656,-62,4,64
1743495873.723656,29,-5,168
1743495873.759656,31,10,160
1743495873.795656,-36,-25,128
1743495873.830656,59,-53,194
1743495873.866656,3,32,194
1743495873.9016562,-30,32,158
1743495873.936656,49,10,164
1743495873.971656,-72,18,262
1743495874.007656,-14,-19,40
1743495874.043656,-4,-15,110
1743495874.078656,-76,26,94
1743495874.114656,-26,-45,168
1743495874.149656,37,34,157
1743495874.184656,23,36,125
1743495874.219656,13,-3,167
1743495874.255656,-4,-57,177
1743495874.291656,-28,16,145
1743495874.326656,-22,4,157
1743495874.362656,-32,-54,179
1743495874.397656,9,25,247
1743495874.432656,-14,-18,173
1743495874.467656,-64,29,3
1743495874.503656,-66,13,185
1743495874.5396562,19,-35,169
1743495874.574656,23,-33,131
1743495874.610656,-20,-31,135
1743495874.645656,11,-12,3
1743495874.680656,-110,-16,125
1743495874.716656,29,23,163
1743495874.751656,-14,-56,127
1743495874.787656,27,37,1
1743495874.8226562,-50,39,101
1743495874.8586562,-24,37,89
1743495874.893656,-30,23,147
1743495874.928656,17,50,107
1743495874.964656,37,33,105
1743495874.999656,1,42,113
1743495875.035656,41,61,69
1743495875.070656,-42,35,151
1743495875.106656,27,23,195
1743495875.1416562,-42,-62,193
1743495875.176656,9,41,155
1743495875.212656,-64,3,131
1743495875.247656,25,23,147
1743495875.283656,-46,4,57
1743495875.318656,-24,-53,101
1743495875.354656,5,-55,105
1743495875.389656,-74,-45,165
1743495875.4246562,-30,16,77
1743495875.4606562,29,-27,-8
1743495875.495656,31,4,99
1743495875.531656,29,12,115
1743495875.566656,3,35,109
1743495875.602656,-54,-65,75
1743495875.637656,-8,18,115
1743495875.672656,23,-15,115
1743495875.708656,-52,64,109
1743495875.7436562,27,14,195
1743495875.7796562,57,-25,235
1743495875.814656,-36,2,69
1743495875.850656,-4,-27,121
1743495875.885656,37,62,169
1743495875.920656,-12,24,107
1743495875.956656,33,6,106
1743495875.991656,-46,-7,138
1743495876.027656,-52,-27,-35
1743495876.0626562,-56,36,164
1743495876.098656,-64,-5,238
1743495876.133656,-22,16,148
1743495876.168656,-38,62,130
1743495876.204656,-8,-55,166
1743495876.239656,-106,-55,232
1743495876.275656,-11,2,140
1743495876.310656,2,-9,4
1743495876.346656,48,74,260
1743495876.3816562,-19,-35,118
1743495876.416656,-7,-9,64
1743495876.452656,-65,-7,128
1743495876.487656,16,-5,174
1743495876.523656,42,24,120
1743495876.558656,4,-55,196
1743495876.594656,72,-41,174
1743495876.629656,23,-45,186
1743495876.6646562,34,34,252
1743495876.700656,64,-5,180
1743495876.735656,46,4,10
1743495876.771656,-15,30,128
1743495876.806656,-9,34,104
1743495876.842656,66,-5,150
1743495876.877656,0,-51,154
1743495876.912656,54,50,178
1743495876.948656,-35,8,66
1743495876.9836562,-29,-2,82
1743495877.019656,-35,-78,212
1743495877.054656,42,55,116
1743495877.090656,0,1,112
1743495877.125656,68,75,140
1743495877.160656,36,-12,208
1743495877.196656,8,-8,126
1743495877.231656,80,-58,122
1743495877.267656,38,3,116
1743495877.302656,-23,58,54
1743495877.338656,42,17,100
1743495877.373656,110,7,242
1743495877.408656,-69,67,158
1743495877.444656,-7,57,122
1743495877.479656,-105,31,120
1743495877.515656,32,-38,108
1743495877.550656,-9,-32,150
1743495877.586656,56,-36,178
1743495877.621656,32,9,276
1743495877.656656,-57,11,0
1743495877.692656,88,-61,154
1743495877.727656,-39,-19,158
1743495877.763656,-29,-55,128
1743495877.798656,42,-39,226
1743495877.834656,76,26,220
1743495877.869656,90,-47,116
1743495877.9046562,-53,-27,156
1743495877.940656,-43,26,52
1743495877.975656,22,-69,142
1743495878.011656,10,-31,222
1743495878.046656,2,12,89
1743495878.081656,-77,-1,307
1743495878.116656,-45,78,46
1743495878.152656,6,-57,151
1743495878.188656,96,-21,181
1743495878.223656,-7,-45,217
1743495878.259656,-20,-5,-4
1743495878.294656,5,-69,47
1743495878.329656,-42,-9,33
1743495878.364656,-10,-29,29
1743495878.400656,21,60,151
1743495878.436656,-36,56,15
1743495878.471656,119,26,105
1743495878.507656,11,-77,-6
1743495878.542656,13,-55,111
1743495878.577656,13,-28,103
1743495878.612656,0,-37,100
1743495878.648656,11,-58,122
1743495878.684656,33,52,247
1743495878.719656,-26,-36,109
1743495878.755656,1,15,90
1743495878.790656,35,13,225
1743495878.825656,-34,41,117
1743495878.860656,63,43,105
1743495878.896656,-123,23,190
1743495878.932656,-53,-28,188
1743495878.967656,113,1,92
1743495879.003656,-9,-8,177
1743495879.038656,25,15,165
1743495879.073656,-68,-16,121
1743495879.1086562,0,-46,257
1743495879.144656,96,-44,173
1743495879.180656,-3,5,164
1743495879.215656,40,99,176
1743495879.251656,32,-6,174
1743495879.286656,39,-6,106
1743495879.321656,-62,78,54
1743495879.356656,-16,14,130
1743495879.392656,-20,-75,152
1743495879.428656,-74,3,132
1743495879.463656,21,36,110
1743495879.499656,49,16,176
1743495879.534656,9,-16,52
1743495879.569656,-98,-34,138
1743495879.604656,-34,-59,202
1743495879.640656,23,-3,178
1743495879.676656,115,-11,144
1743495879.711656,-66,-21,176
1743495879.747656,-22,15,74
1743495879.782656,37,-35,50
1743495879.817656,-30,-25,196
1743495879.852656,93,16,206
1743495879.888656,-40,16,218
1743495879.9246562,7,-12,22
1743495879.959656,-74,-28,194
1743495879.995656,17,-2,189
1743495880.030656,57,6,90
1743495880.065656,-72,40,154
1743495880.100656,15,-2,110
1743495880.136656,-20,-18,84
1743495880.172656,-12,49,-14
1743495880.207656,0,79,244
1743495880.2436562,-94,-42,214
1743495880.278656,-32,23,264
1743495880.313656,-62,4,112
1743495880.348656,-33,16,116
1743495880.384656,18,-28,109
1743495880.420656,96,-24,123
1743495880.455656,10,23,109
1743495880.491656,-19,37,67
1743495880.5266562,-9,61,87
1743495880.561656,-59,-12,177
1743495880.596656,-5,21,127
1743495880.632656,0,-18,23
1743495880.668656,38,53,157
1743495880.703656,4,41,261
1743495880.739656,-63,61,129
1743495880.774656,14,-6,119
1743495880.809656,46,27,137
1743495880.844656,-13,-34,201
1743495880.880656,-37,-26,233
1743495880.916656,-54,49,225
1743495880.951656,7,0,145
1743495880.987656,-13,19,135
1743495881.022656,42,61,105
1743495881.057656,-31,-64,155
1743495881.092656,72,19,253
1743495881.135656,54,-10,105
1743495881.172656,8,31,65
1743495881.207656,16,19,11
1743495881.2436562,3,19,137
1743495881.278656,-46,28,119
1743495881.313656,27,-35,83
1743495881.348656,41,28,163
1743495881.384656,-64,-17,161
1743495881.420656,49,-29,223
1743495881.455656,5,-49,187
1743495881.491656,-18,-9,221
1743495881.5266562,19,-73,99
1743495881.561656,3,16,141
1743495881.596656,31,-5,185
1743495881.632656,57,40,159
1743495881.668656,-70,88,93
1743495881.703656,19,-57,133
1743495881.739656,4,-17,40
1743495881.774656,-23,46,206
1743495881.809656,-31,12,140
1743495881.844656,-63,-29,134
1743495881.880656,23,-13,58
1743495881.916656,89,43,70
1743495881.951656,-9,-1,206
1743495881.987656,3,6,154
1743495882.022656,29,16,220
1743495882.057656,55,-19,276
1743495882.092656,2,69,199
1743495882.128656,34,85,227
1743495882.1646562,65,-20,278
1743495882.199656,-31,5,101
1743495882.235656,39,-48,178
1743495882.270656,18,-8,88
1743495882.305656,-121,0,92
1743495882.340656,-49,11,112
1743495882.376656,-53,-18,286
1743495882.412656,-42,13,84
1743495882.4476562,-21,-110,58
1743495882.4836562,-89,-2,68
1743495882.518656,12,13,144
1743495882.553656,6,3,256
1743495882.588656,22,27,192
1743495882.624656,-33,-4,218
1743495882.660656,-49,-82,0
1743495882.695656,88,11,212
1743495882.731656,-74,-20,124
1743495882.7666562,-23,28,70
1743495882.801656,-3,0,94
1743495882.837656,-15,-24,174
1743495882.872656,58,-69,72
1743495882.908656,16,4,230
1743495882.943656,-23,-11,132
1743495882.979656,48,-21,131
1743495883.014656,22,4,103
1743495883.0496562,2,-83,159
1743495883.084656,90,22,189
1743495883.120656,2,16,241
1743495883.156656,-9,-37,253
1743495883.191656,76,8,147
1743495883.227656,36,48,59
1743495883.262656,76,36,17
1743495883.297656,-65,-11,7
1743495883.332656,2,-13,251
1743495883.3686562,0,8,163
1743495883.4046562,102,2,171
1743495883.439656,16,16,85
1743495883.475656,-69,14,299
1743495883.510656,24,14,237
1743495883.545656,60,-31,61
1743495883.580656,34,4,227
1743495883.616656,14,106,203
1743495883.652656,-23,-67,199
1743495883.6876562,16,-89,61
1743495883.723656,-31,-17,7
1743495883.758656,66,66,91
1743495883.793656,-2,-77,103
1743495883.828656,-4,-29,103
1743495883.864656,-26,9,167
1743495883.900656,22,24,203
1743495883.935656,-55,15,107
1743495883.971656,36,51,93
1743495884.0066562,-43,-14,125
1743495884.041656,-79,-22,147
1743495884.077656,-5,0,97
1743495884.112656,-51,-40,89
1743495884.148656,56,-20,87
1743495884.183656,-11,-18,245
1743495884.219656,-35,-18,147
1743495884.254656,18,-22,87
1743495884.2896562,0,-42,89
1743495884.325656,10,-90,217
1743495884.360656,-49,13,211
1743495884.396656,-25,53,167
1743495884.431656,-49,41,219
1743495884.467656,-47,5,81
1743495884.502656,-31,9,41
1743495884.537656,70,45,129
1743495884.573656,-31,39,149
1743495884.6086562,10,105,271
1743495884.644656,24,45,141
1743495884.679656,74,-8,109
1743495884.715656,18,43,121
1743495884.750656,-51,9,137
1743495884.785656,-31,-18,127
1743495884.821656,-45,-8,131
1743495884.856656,18,-26,49
1743495884.892656,-27,25,29
1743495884.927656,40,1,175
1743495884.963656,20,-8,213
1743495884.998656,42,-18,97
1743495885.033656,-19,0,145
1743495885.069656,-97,25,93
1743495885.104656,26,69,71
1743495885.140656,-11,-14,209
1743495885.175656,-45,21,207
1743495885.211656,30,-18,157
1743495885.246656,-23,-14,-30
1743495885.281656,12,0,213
1743495885.317656,-19,37,77
1743495885.352656,-6,15,105
1743495885.388656,-31,-26,191
1743495885.423656,-27,5,117
1743495885.459656,-25,-28,183
1743495885.494656,84,37,127
1743495885.5296562,-65,5,219
1743495885.565656,-21,-26,117
1743495885.600656,-35,61,121
1743495885.636656,68,41,151
1743495885.671656,18,-28,109
1743495885.707656,82,-16,105
1743495885.742656,16,-2,117
1743495885.777656,-1,-54,89
1743495885.813656,-81,25,59
1743495885.848656,-57,-48,87
1743495885.884656,72,38,91
1743495885.919656,6,50,161
1743495885.955656,30,28,235
1743495885.990656,22,-115,109
1743495886.025656,0,0,59
1743495886.061656,58,52,95
1743495886.096656,-17,42,135
1743495886.132656,-31,-19,23
1743495886.167656,-3,-49,179
1743495886.203656,38,4,155
1743495886.238656,-11,28,183
1743495886.273656,44,48,171
1743495886.309656,-7,-41,149
1743495886.344656,14,3,149
1743495886.380656,36,-13,295
1743495886.415656,44,-47,23
1743495886.451656,-17,8,137
1743495886.486656,-3,-21,167
1743495886.521656,-13,-13,35
1743495886.557656,24,-3,53
1743495886.592656,-31,-67,283
1743495886.628656,2,78,105
1743495886.663656,-31,-29,157
1743495886.699656,-73,16,135
1743495886.734656,-11,16,49
1743495886.769656,-27,-25,123
1743495886.805656,6,-9,73
1743495886.840656,12,-49,177
1743495886.876656,38,82,73
1743495886.911656,-17,51,107
1743495886.9476562,19,25,69
1743495886.982656,68,17,175
1743495887.017656,11,-24,73
1743495887.053656,13,-54,153
1743495887.088656,1,-50,109
1743495887.124656,-31,-46,75
1743495887.159656,-15,11,239
1743495887.195656,60,-2,95
1743495887.230656,86,-8,149
1743495887.265656,10,33,201
1743495887.301656,22,41,231
1743495887.336656,-35,-66,11
1743495887.372656,-35,-28,165
1743495887.407656,0,17,135
1743495887.443656,-73,13,165
1743495887.479656,-29,0,143
1743495887.515656,-41,32,189
1743495887.551656,-9,-1,73
1743495887.586656,-9,-21,111
1743495887.621656,48,58,219
1743495887.657656,-21,-7,123
1743495887.693656,-23,-47,165
1743495887.728656,-19,15,225
1743495887.764656,68,-26,65
1743495887.7996562,-77,-50,161
1743495887.834656,-7,3,169
1743495887.869656,-3,57,27
1743495887.905656,52,-32,185
1743495887.941656,0,73,49
1743495887.976656,-69,-32,203
1743495888.012656,-15,-10,113
1743495888.047656,24,67,137
1743495888.082656,48,33,85
1743495888.117656,58,15,11
1743495888.153656,34,-12,141
1743495888.189656,-59,-16,243
1743495888.224656,-31,25,125
1743495888.260656,20,69,177
1743495888.295656,-1,-74,133
1743495888.330656,82,-8,69
1743495888.365656,46,-66,123
1743495888.4016562,28,45,243
1743495888.4376562,-11,-20,85
1743495888.472656,-32,-2,77
1743495888.508656,-23,5,7
1743495888.543656,48,0,97
1743495888.578656,-29,43,177
1743495888.613656,-19,21,139
1743495888.649656,-13,5,83
1743495888.685656,28,-15,61
1743495888.7206562,10,-12,95
1743495888.7566562,42,32,161
1743495888.791656,-31,58,151
1743495888.826656,10,-9,31
1743495888.861656,8,8,155
1743495888.897656,-37,28,191
1743495888.933656,11,24,31
1743495888.968656,56,120,127
1743495889.004656,-12,-33,133
1743495889.0396562,-76,14,69
1743495889.074656,-60,-25,195
1743495889.109656,-48,-5,-4
1743495889.145656,-51,32,133
1743495889.181656,62,-23,129
1743495889.216656,18,0,187
1743495889.252656,88,110,71
1743495889.287656,-13,18,59
1743495889.3226562,-23,94,119
1743495889.357656,-31,24,-18
1743495889.393656,-39,-7,131
1743495889.429656,64,-31,197
1743495889.464656,-35,-23,173
1743495889.500656,-29,40,83
1743495889.535656,-11,-17,69
1743495889.570656,-7,26,103
1743495889.605656,-17,60,99
1743495889.6416562,70,-25,103
1743495889.677656,20,60,-30
1743495889.713656,-11,12,207
1743495889.749656,-11,-1,123
1743495889.784656,6,-33,7
1743495889.820656,60,28,121
1743495889.855656,104,44,109
1743495889.890656,84,-47,205
1743495889.925656,58,18,115
1743495889.961656,36,-44,65
1743495889.997656,10,-2,81
1743495890.032656,0,83,189
1743495890.068656,40,-56,225
1743495890.103656,-7,119,205
1743495890.138656,24,5,187
1743495890.173656,-21,71,238
1743495890.209656,26,23,184
1743495890.245656,18,-32,96
1743495890.280656,-47,-34,202
1743495890.316656,-26,-6,160
1743495890.351656,51,0,140
1743495890.386656,92,61,160
1743495890.421656,11,67,122
1743495890.457656,24,-4,76
1743495890.4936562,-62,0,156
1743495890.528656,18,-8,132
1743495890.564656,-21,81,172
1743495890.599656,-23,-8,142
1743495890.634656,-35,41,132
1743495890.669656,-49,-100,228
1743495890.705656,2,-55,76
1743495890.741656,-1,-18,50
1743495890.7766562,-1,37,194
1743495890.8126562,34,29,82
1743495890.847656,22,101,104
1743495890.882656,63,-30,170
1743495890.917656,-17,7,166
1743495890.953656,40,57,200
1743495890.989656,20,3,148
1743495891.024656,57,-48,124
1743495891.060656,51,49,22
1743495891.0956562,-66,1,113
1743495891.137656,45,65,191
1743495891.173656,133,27,73
1743495891.209656,-46,-12,23
1743495891.245656,17,-44,41
1743495891.280656,-46,43,87
1743495891.316656,87,63,207
1743495891.351656,91,-48,153
1743495891.386656,-32,31,163
1743495891.421656,-12,53,157
1743495891.457656,-22,-18,173
1743495891.4936562,-74,47,135
1743495891.528656,25,-3,67
1743495891.564656,-128,40,203
1743495891.599656,-16,-65,81
1743495891.634656,-4,2,153
1743495891.669656,7,-55,93
1743495891.705656,1,-15,179
1743495891.741656,17,-27,151
1743495891.7766562,-58,-9,211
1743495891.8126562,-55,-29,99
1743495891.847656,-55,-57,127
1743495891.882656,-84,-5,73
1743495891.917656,19,-15,151
1743495891.953656,15,28,87
1743495891.989656,43,-9,171
1743495892.024656,83,19,205
1743495892.060656,-2,-17,181
1743495892.0956562,-10,-41,67
1743495892.130656,-54,-17,123
1743495892.165656,67,-41,105
1743495892.201656,-128,-31,162
1743495892.237656,-54,52,168
1743495892.272656,25,46,64
1743495892.308656,-10,88,110
1743495892.343656,-16,-31,230
1743495892.378656,25,-17,66
1743495892.413656,-30,-45,180
1743495892.449656,-58,38,154
1743495892.485656,49,-21,148
1743495892.520656,81,-15,174
1743495892.556656,25,12,160
1743495892.591656,-62,52,222
1743495892.626656,-16,20,62
1743495892.661656,-88,46,142
1743495892.6976562,7,14,112
1743495892.7336562,-24,-35,122
1743495892.768656,69,52,94
1743495892.804656,99,-33,86
1743495892.839656,-55,-6,108
1743495892.874656,-7,-17,106
1743495892.909656,148,30,204
1743495892.945656,12,-9,204
1743495892.981656,-9,-3,170
1743495893.0166562,-32,6,56
1743495893.052656,67,-33,256
1743495893.087656,-81,-1,142
1743495893.122656,5,60,-1
1743495893.157656,-27,-19,104
1743495893.193656,-55,57,142
1743495893.229656,-5,48,22
1743495893.264656,-27,54,166
1743495893.300656,-27,46,152
1743495893.3356562,11,-41,10
1743495893.370656,-50,34,147
1743495893.405656,-26,-27,30
1743495893.441656,21,-33,122
1743495893.477656,0,-19,67
1743495893.512656,87,-51,5
1743495893.548656,101,2,141
1743495893.583656,27,-29,127
1743495893.6186562,-38,-45,65
1743495893.6546562,125,60,123
1743495893.689656,95,-49,197
1743495893.725656,-52,98,171
1743495893.760656,39,6,89
1743495893.796656,25,26,75
1743495893.831656,-30,-27,109
1743495893.866656,-74,72,155
1743495893.902656,17,22,127
1743495893.9376562,-20,-35,121
1743495893.973656,-28,54,177
1743495894.008656,21,-15,95
1743495894.044656,43,6,131
1743495894.079656,-10,26,179
1743495894.114656,-42,-71,99
1743495894.150656,-46,-25,215
1743495894.185656,85,-31,47
1743495894.221656,55,46,61
1743495894.2566562,-4,-27,141
1743495894.292656,-8,20,115
1743495894.327656,-28,32,31
1743495894.362656,57,-17,49
1743495894.398656,-64,-89,109
1743495894.433656,-68,-21,71
1743495894.469656,-91,-35,213
1743495894.504656,12,6,39
1743495894.540656,48,8,217
1743495894.575656,-59,10,129
1743495894.610656,-29,-9,27
1743495894.646656,-45,30,113
1743495894.681656,-9,-7,5
1743495894.717656,-19,-67,81
1743495894.752656,10,23,151
1743495894.788656,11,49,127
1743495894.823656,6,-22,100
1743495894.8586562,-21,47,187
1743495894.894656,-1,-55,124
1743495894.929656,-7,-5,242
1743495894.965656,-35,-40,158
1743495895.000656,-77,59,142
1743495895.036656,110,38,86
1743495895.071656,46,14,216
1743495895.106656,34,-77,142
1743495895.142656,-27,54,266
1743495895.177656,-19,14,108
1743495895.213656,0,-43,112
1743495895.248656,13,-31,154
1743495895.284656,13,-17,126
1743495895.319656,7,4,64
1743495895.354656,21,70,-1
1743495895.390656,57,10,168
1743495895.425656,-6,-38,196
1743495895.461656,-8,-66,104
1743495895.496656,-41,9,100
1743495895.532656,-73,31,110
1743495895.567656,-23,58,134
1743495895.602656,-20,-58,22
1743495895.638656,31,66,48
1743495895.673656,9,14,168
1743495895.709656,-8,60,240
1743495895.744656,47,-19,78
1743495895.780656,-5,4,98
1743495895.815656,106,30,174
1743495895.850656,77,-3,276
1743495895.886656,32,50,184
1743495895.921656,-5,-9,164
1743495895.957656,37,-55,106
1743495895.992656,-26,-39,201
1743495896.028656,-40,36,55
1743495896.063656,3,-7,102
1743495896.098656,5,-3,109
1743495896.134656,57,76,115
1743495896.169656,35,-29,83
1743495896.205656,-42,7,171
1743495896.240656,5,-4,199
1743495896.2766562,59,43,175
1743495896.311656,-46,9,167
1743495896.346656,-38,35,139
1743495896.382656,17,75,189
1743495896.417656,37,1,137
1743495896.453656,37,-90,7
1743495896.488656,47,33,109
1743495896.524656,-48,-28,173
1743495896.559656,-86,36,125
1743495896.594656,31,46,149
1743495896.630656,15,1,225
1743495896.665656,29,52,133
1743495896.701656,70,-39,147
1743495896.736656,113,-67,107
1743495896.772656,-76,7,23
1743495896.807656,-40,3,191
1743495896.842656,5,49,151
1743495896.878656,-12,18,107
1743495896.913656,-44,25,113
1743495896.949656,-40,-41,103
1743495896.984656,-26,-65,169
1743495897.020656,-28,28,96
1743495897.056656,61,-41,220
1743495897.091656,5,-23,139
1743495897.126656,3,14,203
1743495897.162656,-40,-45,58
1743495897.198656,39,-31,186
1743495897.2336562,-20,14,154
1743495897.269656,57,-41,166
1743495897.304656,-2,34,97
1743495897.339656,10,-113,149
1743495897.374656,-42,-35,77
1743495897.410656,-6,6,181
1743495897.446656,-66,-5,59
1743495897.481656,-14,16,89
1743495897.517656,-58,-1,135
1743495897.552656,83,54,183
1743495897.587656,123,84,147
1743495897.622656,51,-11,155
1743495897.658656,43,57,83
1743495897.694656,81,-21,93
1743495897.729656,-30,-1,105
1743495897.765656,55,-23,209
1743495897.800656,37,-40,235
1743495897.8356562,29,54,73
1743495897.870656,-46,52,133
1743495897.906656,43,-1,191
1743495897.942656,-32,-41,79
1743495897.977656,-50,37,105
1743495898.013656,119,-14,115
1743495898.048656,1,-84,65
1743495898.083656,-80,-4,143
1743495898.1186562,11,26,81
1743495898.1546562,-48,-34,99
1743495898.190656,-104,-61,125
1743495898.225656,19,3,179
1743495898.261656,9,-34,163
1743495898.296656,-20,-9,273
1743495898.331656,47,-79,173
1743495898.366656,-10,45,71
1743495898.402656,7,-38,157
1743495898.438656,-36,17,59
1743495898.473656,27,29,77
1743495898.509656,43,13,83
1743495898.544656,47,39,57
1743495898.579656,15,3,241
1743495898.614656,-44,-22,205
1743495898.650656,-17,-48,99
1743495898.686656,-59,67,245
1743495898.721656,-11,3,111
1743495898.757656,-21,-3,225
1743495898.792656,-59,-33,87
1743495898.827656,66,18,121
1743495898.862656,36,18,81
1743495898.898656,3,4,101
1743495898.934656,-45,-45,161
1743495898.969656,24,38,109
1743495899.005656,8,-19,177
1743495899.040656,51,72,195
1743495899.075656,-60,-23,49
1743495899.110656,21,-29,79
1743495899.146656,24,12,161
1743495899.182656,-32,-27,171
1743495899.217656,-30,-41,177
1743495899.253656,-6,18,213
1743495899.288656,29,18,3
1743495899.323656,55,-23,59
1743495899.3586562,63,-13,213
1743495899.394656,5,-3,169
1743495899.430656,-42,16,59
1743495899.465656,-16,18,161
1743495899.501656,0,36,55
1743495899.536656,-40,42,101
1743495899.571656,21,60,101
1743495899.606656,3,-11,181
1743495899.642656,24,-5,129
1743495899.678656,-61,-37,179
1743495899.713656,-45,50,169
1743495899.749656,-19,22,121
1743495899.784656,-47,10,225
1743495899.819656,8,-53,141
1743495899.854656,-37,-3,219
1743495899.890656,-67,50,63
1743495899.926656,14,-9,189
1743495899.961656,16,52,101
1743495899.997656,-21,-49,99
1743495900.032656,46,14,78
1743495900.067656,-7,10,154
1743495900.102656,-41,-9,76
1743495900.138656,42,16,136
1743495900.1746562,22,12,18
1743495900.209656,62,-11,82
1743495900.245656,-27,12,0
1743495900.280656,-51,-45,160
1743495900.315656,0,-17,64
1743495900.350656,66,-13,236
1743495900.386656,24,10,90
1743495900.422656,42,42,158
1743495900.457656,-37,62,148
1743495900.4936562,-21,-47,168
1743495900.528656,-37,-7,174
1743495900.563656,-19,0,152
1743495900.598656,32,-9,104
1743495900.634656,-17,58,222
1743495900.670656,-29,-81,222
1743495900.705656,14,-15,146
1743495900.741656,-33,-25,136
1743495900.7766562,-19,-56,82
1743495900.811656,32,65,80
1743495900.846656,-61,45,-5
1743495900.882656,-3,5,90
1743495900.918656,-15,23,46
1743495900.953656,36,-10,108
1743495900.989656,0,-16,174
1743495901.024656,-17,43,100
1743495901.059656,40,-36,196
1743495901.094656,0,-10,152
1743495901.130656,24,45,148
1743495901.173656,30,-44,118
1743495901.209656,26,-98,124
1743495901.245656,14,-46,94
1743495901.280656,-11,-4,260
1743495901.315656,12,-2,256
1743495901.350656,21,-32,182
1743495901.386656,37,-34,80
1743495901.422656,9,33,178
1743495901.457656,-68,-24,200
1743495901.4936562,-20,49,48
1743495901.528656,11,-6,158
1743495901.563656,-22,-22,82
1743495901.598656,-20,21,106
1743495901.634656,-81,21,156
1743495901.670656,64,-32,114
1743495901.705656,-15,-72,178
1743495901.741656,32,53,148
1743495901.7766562,-70,50,138
1743495901.811656,5,6,114
1743495901.846656,20,-43,40
1743495901.882656,-7,-1,-5
1743495901.918656,74,14,32
1743495901.953656,52,12,132
1743495901.989656,74,78,102
1743495902.024656,-11,-21,196
1743495902.059656,82,-43,124
1743495902.094656,22,28,128
1743495902.130656,-17,10,134
1743495902.166656,40,44,158
1743495902.201656,-55,52,292
1743495902.237656,-41,44,90
1743495902.272656,-77,18,72
1743495902.307656,54,-21,164
1743495902.342656,20,10,179
1743495902.378656,-29,12,243
1743495902.4146562,-38,0,81
1743495902.449656,4,14,131
1743495902.485656,-40,16,65
1743495902.520656,-2,-49,123
1743495902.555656,-62,-7,97
1743495902.590656,51,0,0
1743495902.626656,-56,4,93
1743495902.662656,-81,-43,45
1743495902.6976562,-23,-25,187
1743495902.7336562,-38,-13,161
1743495902.768656,5,68,115
1743495902.803656,9,74,-4
1743495902.838656,9,16,149
1743495902.874656,-29,10,203
1743495902.910656,0,2,-78
1743495902.945656,-53,48,161
1743495902.981656,50,-77,155
1743495903.0166562,-29,48,59
1743495903.051656,-5,21,239
1743495903.087656,-89,-25,235
1743495903.122656,36,-34,99
1743495903.158656,106,11,77
1743495903.193656,48,47,139
1743495903.229656,32,7,151
1743495903.264656,-63,0,55
1743495903.2996562,10,56,109
1743495903.3356562,-12,50,111
1743495903.370656,84,-33,95
1743495903.406656,68,-7,173
1743495903.441656,42,-33,71
1743495903.477656,60,-3,205
1743495903.512656,-17,-27,171
1743495903.547656,-65,36,109
1743495903.583656,-35,59,23
1743495903.6186562,36,80,179
1743495903.6546562,-1,39,133
1743495903.689656,10,-69,47
1743495903.725656,56,0,221
1743495903.760656,16,31,129
1743495903.795656,32,21,161
1743495903.831656,-19,1,251
1743495903.866656,-3,1,148
1743495903.902656,84,44,226
1743495903.9376562,-21,-29,125
1743495903.973656,6,27,73
1743495904.008656,62,-7,207
1743495904.043656,22,-39,139
1743495904.079656,16,28,134
1743495904.114656,-57,-11,179
1743495904.150656,-5,6,56
1743495904.185656,40,5,214
1743495904.221656,-37,0,156
1743495904.2566562,64,28,98
1743495904.291656,8,1,-5
1743495904.327656,-1,1,188
1743495904.362656,52,50,84
1743495904.398656,88,-39,162
1743495904.433656,30,-57,50
1743495904.469656,-49,-50,-29
1743495904.504656,-57,65,114
1743495904.5396562,-9,-40,168
1743495904.575656,76,0,144
1743495904.610656,50,51,216
1743495904.646656,56,67,244
1743495904.681656,-40,-61,168
1743495904.717656,-3,-30,128
1743495904.752656,30,4,156
1743495904.787656,46,-23,170
1743495904.823656,53,-52,200
1743495904.8586562,29,59,20
1743495904.894656,37,19,106
1743495904.929656,1,3,156
1743495904.965656,-18,23,138
1743495905.000656,21,39,146
1743495905.035656,-95,73,108
1743495905.071656,-53,-78,150
1743495905.106656,22,-42,204
1743495905.142656,74,-44,152
1743495905.177656,-103,-36,198
1743495905.213656,-21,-2,229
1743495905.248656,45,-38,105
1743495905.283656,51,27,131
1743495905.319656,29,2,131
1743495905.354656,35,1,119
1743495905.390656,37,-28,139
1743495905.425656,43,21,83
1743495905.461656,109,67,73
1743495905.496656,-24,-14,149
1743495905.531656,61,-54,219
1743495905.567656,-50,-12,177
1743495905.602656,111,-2,201
1743495905.638656,43,19,139
1743495905.673656,1,19,77
1743495905.709656,53,19,25
1743495905.744656,-52,15,179
1743495905.7796562,29,0,61
1743495905.815656,-69,-40,163
1743495905.850656,-69,-66,141
1743495905.886656,2,3,101
1743495905.921656,-74,41,127
1743495905.957656,-46,7,135
1743495905.992656,-60,-40,125
1743495906.027656,9,33,137
1743495906.063656,3,-16,77
1743495906.098656,99,-38,105
1743495906.134656,-20,59,69
1743495906.169656,-8,34,93
1743495906.205656,-18,20,117
1743495906.240656,-58,54,99
1743495906.275656,5,-61,185
1743495906.311656,3,-33,87
1743495906.346656,35,-33,223
1743495906.382656,-36,27,119
1743495906.417656,33,19,239
1743495906.453656,-6,13,225
1743495906.489656,75,24,167
1743495906.524656,-12,18,187
1743495906.559656,-74,19,189
1743495906.5956562,-50,1,189
1743495906.6316562,-54,4,165
1743495906.666656,-48,18,180
1743495906.702656,1,-45,163
1743495906.737656,-54,-11,139
1743495906.772656,15,-29,137
1743495906.807656,13,26,173
1743495906.843656,7,28,181
1743495906.879656,-8,18,142
1743495906.9146562,21,72,131
1743495906.950656,83,104,113
1743495906.985656,41,-11,154
1743495907.020656,-88,-37,152
1743495907.055656,-38,6,226
1743495907.091656,-8,-11,128
1743495907.127656,43,-39,58
1743495907.162656,53,14,206
1743495907.198656,9,18,92
1743495907.2336562,-24,-3,70
1743495907.268656,15,16,148
1743495907.303656,3,26,66
1743495907.339656,-28,20,164
1743495907.375656,37,22,200
1743495907.410656,7,46,212
1743495907.446656,-12,8,148
1743495907.481656,-28,18,98
1743495907.5166562,-84,10,116
1743495907.551656,-44,-27,196
1743495907.587656,1,-7,140
1743495907.623656,-74,34,134
1743495907.658656,13,-29,84
1743495907.694656,95,33,-19
1743495907.729656,-26,-49,216
1743495907.764656,-34,-45,222
1743495907.7996562,43,74,42
1743495907.8356562,25,4,98
1743495907.871656,24,35,154
1743495907.906656,-41,26,36
1743495907.942656,4,-99,184
1743495907.977656,50,-23,26
1743495908.012656,-47,16,238
1743495908.047656,-97,-29,66
1743495908.083656,18,44,24
1743495908.119656,46,74,92
1743495908.1546562,36,-9,164
1743495908.190656,-3,-79,14
1743495908.225656,42,24,248
1743495908.260656,-5,26,126
1743495908.295656,18,2,162
1743495908.331656,-45,-31,209
1743495908.367656,-35,-29,111
1743495908.402656,20,-69,253
1743495908.438656,4,-27,93
1743495908.473656,-19,32,169
1743495908.508656,16,64,95
1743495908.543656,-21,-5,93
1743495908.579656,-13,-9,87
1743495908.615656,-26,24,155
1743495908.650656,27,30,121
1743495908.686656,-5,68,89
1743495908.721656,22,0,61
1743495908.7566562,-77,-29,87
1743495908.791656,-11,42,89
1743495908.827656,20,24,111
1743495908.863656,0,70,67
1743495908.898656,-23,38,209
1743495908.934656,-5,16,85
1743495908.969656,-35,58,229
1743495909.004656,26,-37,113
1743495909.0396562,-25,102,123
1743495909.075656,-9,-29,105
1743495909.111656,-39,26,101
1743495909.146656,110,-1,221
1743495909.182656,-87,40,135
1743495909.217656,-47,16,111
1743495909.252656,-49,-33,201
1743495909.287656,40,-59,79
1743495909.323656,-9,13,147
1743495909.359656,-17,-40,123
1743495909.394656,120,55,123
1743495909.430656,-2,-30,93
1743495909.465656,13,13,87
1743495909.500656,-60,7,203
1743495909.535656,11,43,115
1743495909.571656,-8,-26,217
1743495909.607656,25,-32,89
1743495909.642656,20,1,215
1743495909.678656,26,5,219
1743495909.713656,-68,49,115
1743495909.748656,-4,39,127
1743495909.783656,43,-96,115
1743495909.819656,-24,1,201
1743495909.855656,-12,25,117
1743495909.890656,43,21,75
1743495909.926656,-18,25,125
1743495909.961656,7,-66,243
1743495909.996656,-64,-16,189
1743495910.031656,55,-16,91
1743495910.067656,51,-72,170
1743495910.103656,-12,23,188
1743495910.138656,17,-6,286
1743495910.1746562,-53,-38,200
1743495910.209656,98,15,68
1743495910.244656,-72,-140,158
1743495910.2796562,13,9,-8
1743495910.315656,-20,-46,273
1743495910.351656,13,85,185
1743495910.386656,69,53,121
1743495910.422656,-6,-40,149
1743495910.457656,-14,-6,26
1743495910.492656,81,37,40
1743495910.527656,-58,-40,86
1743495910.563656,-76,-40,236
1743495910.599656,73,23,120
1743495910.634656,38,17,122
1743495910.670656,72,-20,58
1743495910.705656,-43,13,136
1743495910.740656,24,7,-19
1743495910.775656,-83,-34,176
1743495910.811656,-17,43,120
1743495910.847656,27,-36,158
1743495910.882656,17,-22,42
1743495910.918656,5,25,172
1743495910.953656,-44,-22,120
1743495910.988656,19,-18,208
1743495911.023656,-6,-52,142
1743495911.059656,-24,-21,88
1743495911.0956562,11,-17,26
1743495911.130656,-53,-3,168
1743495911.166656,59,10,78
1743495911.208656,-81,18,46
1743495911.244656,26,40,56
1743495911.2796562,-41,26,92
1743495911.315656,24,6,90
1743495911.351656,-56,-41,-75
1743495911.386656,-12,38,24
1743495911.422656,18,34,102
1743495911.457656,32,28,178
1743495911.492656,-7,16,34
1743495911.527656,-73,8,56
1743495911.563656,-49,-8,136
1743495911.599656,30,73,129
1743495911.634656,-7,0,113
1743495911.670656,-63,12,133
1743495911.705656,-73,42,159
1743495911.740656,-87,38,84
1743495911.775656,-19,48,186
1743495911.811656,112,-23,159
1743495911.847656,-85,-107,183
1743495911.882656,-35,42,101
1743495911.918656,48,12,21
1743495911.953656,-43,-45,113
1743495911.988656,-23,44,187
1743495912.023656,-7,80,133
1743495912.059656,-25,2,111
1743495912.0956562,38,-95,117
1743495912.130656,-31,-41,89
1743495912.166656,50,-39,179
1743495912.201656,-91,-1,97
1743495912.236656,0,-97,27
1743495912.271656,20,-21,91
1743495912.307656,72,-37,105
1743495912.343656,-103,32,159
1743495912.378656,0,18,219
1743495912.4146562,104,-17,235
1743495912.449656,-5,40,121
1743495912.484656,86,-19,93
1743495912.520656,-45,-37,101
1743495912.555656,-9,52,59
1743495912.591656,18,-31,121
1743495912.626656,-95,-13,99
1743495912.662656,54,64,93
1743495912.6976562,2,36,113
1743495912.732656,38,26,73
1743495912.768656,-21,-63,57
1743495912.803656,-42,-31,7
1743495912.839656,23,-25,99
1743495912.874656,41,-35,221
1743495912.910656,55,-45,79
1743495912.945656,27,-5,125
1743495912.980656,71,76,-10
1743495913.0166562,19,16,81
1743495913.051656,-48,-33,147
1743495913.087656,-22,56,133
1743495913.122656,-74,-95,135
1743495913.158656,11,-7,45
1743495913.193656,67,-41,193
1743495913.228656,-26,70,143
1743495913.264656,-28,4,91
1743495913.2996562,-72,46,165
1743495913.3356562,25,-33,191
1743495913.370656,-16,-3,37
1743495913.406656,-34,10,179
1743495913.441656,-22,70,199
1743495913.476656,-10,2,107
1743495913.512656,-7,-29,191
1743495913.547656,56,14,187
1743495913.583656,-13,0,197
1743495913.6186562,-3,-35,125
1743495913.6546562,14,-3,175
1743495913.689656,-45,-69,129
1743495913.724656,36,-51,39
1743495913.760656,-37,22,103
1743495913.795656,78,-47,55
1743495913.831656,-5,-25,245
1743495913.866656,-5,20,79
1743495913.902656,4,52,185
1743495913.9376562,-69,-33,83
1743495913.972656,-51,-7,133
1743495914.008656,-47,28,21
1743495914.043656,62,76,59
1743495914.079656,30,-45,167
1743495914.114656,-49,-35,167
1743495914.150656,26,-51,64
1743495914.185656,-37,-9,128
1743495914.2206562,17,20,198
1743495914.2566562,-39,-32,118
1743495914.291656,-53,21,146
1743495914.327656,16,19,60
1743495914.362656,48,-34,222
1743495914.398656,4,13,110
1743495914.433656,48,5,94
1743495914.468656,-59,-8,126
1743495914.504656,-65,-14,146
1743495914.5396562,32,-24,48
1743495914.575656,-23,-46,78
1743495914.610656,32,-36,116
1743495914.646656,16,95,166
1743495914.681656,8,-2,96
1743495914.716656,76,65,74
1743495914.752656,-15,35,98
1743495914.787656,-13,-66,172
1743495914.823656,-21,5,190
1743495914.8586562,-63,25,128
1743495914.894656,-61,39,64
1743495914.929656,-3,-62,110
1743495914.964656,-11,-36,150
1743495915.000656,-63,-10,128
1743495915.035656,-61,-30,330
1743495915.071656,98,0,148
1743495915.106656,62,-50,146
1743495915.142656,-35,-36,2
1743495915.177656,-17,34,204
1743495915.212656,32,1,82
1743495915.248656,24,-24,164
1743495915.283656,36,-29,326
1743495915.319656,16,-9,36
1743495915.354656,-13,24,142
1743495915.390656,48,-39,190
1743495915.425656,8,6,62
1743495915.4606562,-77,20,122
1743495915.496656,6,-27,110
1743495915.531656,-31,-13,212
1743495915.567656,-89,44,182
1743495915.602656,-19,15,163
1743495915.638656,-31,52,110
1743495915.673656,-11,34,164
1743495915.708656,6,-70,157
1743495915.744656,-47,-31,211
1743495915.7796562,24,-9,133
1743495915.815656,-79,-25,139
1743495915.850656,-57,-65,97
1743495915.886656,2,-19,166
1743495915.922656,42,12,41
1743495915.958656,-13,-23,111
1743495915.994656,64,28,23
1743495916.0296562,6,-57,117
1743495916.064656,-17,-59,95
1743495916.100656,56,6,142
1743495916.136656,-31,-11,256
1743495916.171656,20,6,118
1743495916.207656,36,-31,88
1743495916.242656,-37,-23,222
1743495916.277656,68,-29,102
1743495916.3126562,-31,8,154
1743495916.348656,-25,24,164
1743495916.384656,40,14,96
1743495916.419656,54,41,210
1743495916.455656,27,67,100
1743495916.490656,-18,-14,84
1743495916.525656,49,1,76
1743495916.560656,19,-4,8
1743495916.596656,-20,-21,76
1743495916.632656,-14,-71,24
1743495916.667656,61,70,70
1743495916.703656,-76,23,64
1743495916.738656,-34,6,112
1743495916.773656,-4,-7,130
1743495916.808656,47,24,156
1743495916.844656,35,28,72
1743495916.880656,-47,-21,162
1743495916.915656,11,-45,166
1743495916.951656,17,-43,216
1743495916.986656,-52,-27,50
1743495917.021656,36,22,58
1743495917.056656,56,12,182
1743495917.092656,66,3,230
1743495917.128656,-43,-63,104
1743495917.163656,-51,52,142
1743495917.199656,-7,-21,64
1743495917.234656,-71,-23,134
1743495917.269656,28,-51,194
1743495917.304656,-1,-11,130
1743495917.340656,-5,-62,142
1743495917.376656,-11,-10,216
1743495917.411656,36,100,100
1743495917.4476562,68,7,64
1743495917.482656,-77,3,188
1743495917.517656,50,-82,142
1743495917.552656,-13,-45,22
1743495917.588656,70,5,50
1743495917.624656,2,47,156
1743495917.659656,16,-40,166
1743495917.695656,62,-26,272
1743495917.730656,-19,-22,46
1743495917.765656,6,-64,62
1743495917.800656,-3,45,94
1743495917.836656,10,-4,196
1743495917.872656,-99,-6,22
1743495917.907656,75,7,80
1743495917.943656,18,47,28
1743495917.978656,66,7,190
1743495918.013656,-43,-4,272
1743495918.048656,29,-42,150
1743495918.084656,-37,5,-3
1743495918.120656,46,-18,82
1743495918.155656,22,34,88
1743495918.191656,20,30,162
1743495918.226656,-8,-53,148
1743495918.261656,-24,58,238
1743495918.296656,-8,-7,122
1743495918.332656,59,-67,100
1743495918.3686562,37,-43,96
1743495918.403656,85,30,138
1743495918.439656,-55,-34,124
1743495918.474656,8,-46,164
1743495918.509656,28,-21,54
1743495918.544656,23,-53,162
1743495918.580656,-9,-59,148
1743495918.616656,-83,-79,168
1743495918.6516562,1,-45,40
1743495918.6876562,-28,-43,108
1743495918.722656,-4,40,92
1743495918.757656,13,-1,138
1743495918.792656,-80,-53,192
1743495918.828656,-2,6,180
1743495918.864656,71,29,64
1743495918.899656,42,21,84
1743495918.935656,64,-52,110
1743495918.9706562,-35,19,148
1743495919.005656,15,-16,120
1743495919.040656,63,-57,130
1743495919.076656,9,60,134
1743495919.112656,-12,-34,192
1743495919.147656,83,43,110
1743495919.183656,63,-3,66
1743495919.218656,17,-60,90
1743495919.253656,71,-24,148
1743495919.288656,-30,59,90
1743495919.324656,9,47,142
1743495919.360656,-22,-10,168
1743495919.395656,13,45,54
1743495919.431656,-6,-10,84
1743495919.466656,3,39,166
1743495919.501656,45,-24,54
1743495919.536656,13,-16,142
1743495919.5726562,-8,-6,128
1743495919.6086562,-30,-2,112
1743495919.643656,-10,-28,66
1743495919.679656,59,-78,32
1743495919.714656,65,121,320
1743495919.749656,-42,2,224
1743495919.784656,33,62,218
1743495919.820656,-42,-53,42
1743495919.856656,47,4,98
1743495919.8916562,-2,-29,18
1743495919.927656,-36,-29,38
1743495919.962656,17,64,210
1743495919.997656,55,90,146
1743495920.032656,31,-23,174
1743495920.068656,83,-27,132
1743495920.104656,63,28,238
1743495920.139656,51,44,72
1743495920.175656,-44,77,106
1743495920.2106562,-10,-30,100
1743495920.245656,-96,-8,114
1743495920.280656,59,17,50
1743495920.316656,0,33,206
1743495920.352656,29,-24,258
1743495920.387656,29,-8,182
1743495920.423656,-16,-54,146
1743495920.458656,-6,-28,253
1743495920.4936562,0,-12,221
1743495920.528656,121,27,93
1743495920.564656,-54,37,139
1743495920.600656,-8,5,51
1743495920.635656,21,-38,85
1743495920.671656,-60,34,57
1743495920.706656,17,17,151
1743495920.741656,-116,57,194
1743495920.7766562,-18,27,88
1743495920.8126562,-22,-22,112
1743495920.848656,9,15,198
1743495920.883656,13,67,80
1743495920.919656,49,-42,92
1743495920.954656,13,-12,146
1743495920.989656,13,17,76
1743495921.024656,-24,-4,46
1743495921.060656,1,-22,120
1743495921.096656,-58,47,270
1743495921.1316562,5,-40,66
1743495921.167656,-36,-28,90
1743495921.209656,-28,-44,84
1743495921.245656,79,45,246
1743495921.280656,-66,19,180
1743495921.316656,61,13,140
1743495921.352656,-42,-37,224
1743495921.387656,-36,-55,80
1743495921.423656,-26,-19,164
1743495921.458656,-58,-15,212
1743495921.4936562,-34,30,31
1743495921.528656,57,22,289
1743495921.564656,-12,18,139
1743495921.600656,55,36,91
1743495921.635656,-80,-45,147
1743495921.671656,80,-17,99
1743495921.706656,-11,10,51
1743495921.741656,34,11,121
1743495921.7766562,12,-9,219
1743495921.8126562,-35,43,151
1743495921.848656,34,-17,143
1743495921.883656,-15,-44,49
1743495921.919656,-49,93,219
1743495921.954656,-51,-61,81
1743495921.989656,-1,-26,141
1743495922.025656,84,-3,49
1743495922.060656,28,12,45
1743495922.096656,40,-23,77
1743495922.1316562,10,-25,27
1743495922.167656,-85,-43,225
1743495922.202656,58,-49,225
1743495922.237656,6,-31,-10
1743495922.273656,-55,37,95
1743495922.308656,-5,-74,79
1743495922.344656,18,-30,31
1743495922.379656,-15,-22,151
1743495922.415656,52,10,173
1743495922.450656,2,-2,123
1743495922.485656,44,49,233
1743495922.521656,4,11,125
1743495922.556656,28,30,-24
1743495922.592656,56,52,125
1743495922.627656,64,-45,147
1743495922.663656,-83,-17,23
1743495922.698656,-31,8,123
1743495922.7336562,-31,68,85
1743495922.769656,-1,8,31
1743495922.804656,-25,0,27
1743495922.840656,14,108,133
1743495922.875656,44,-1,123
1743495922.911656,8,-53,135
1743495922.946656,14,-1,65
1743495922.981656,86,-11,155
1743495923.017656,6,16,146
1743495923.052656,58,-43,216
1743495923.088656,34,-13,204
1743495923.123656,-15,-41,104
1743495923.159656,46,-51,118
1743495923.194656,148,12,270
1743495923.229656,-1,2,228
1743495923.265656,52,-21,180
1743495923.300656,-25,-27,78
1743495923.336656,-89,8,144
1743495923.371656,88,40,190
1743495923.407656,-9,10,228
1743495923.442656,52,-65,238
1743495923.477656,-65,78,138
1743495923.513656,-7,-11,182
1743495923.548656,50,4,30
1743495923.584656,58,30,124
1743495923.619656,-45,18,86
1743495923.655656,-9,-5,88
1743495923.690656,-19,-21,-79
1743495923.725656,-55,30,24
1743495923.761656,-13,-89,112
1743495923.796656,-15,-43,112
1743495923.832656,-41,-13,212
1743495923.867656,-63,48,156
1743495923.903656,-5,72,150
1743495923.938656,44,-49,74
1743495923.973656,46,12,166
1743495924.009656,30,0,60
1743495924.044656,12,48,52
1743495924.080656,-3,-5,196
1743495924.115656,-17,-49,94
1743495924.1516562,6,-39,114
1743495924.186656,-51,-95,12
1743495924.221656,-11,21,64
1743495924.257656,-21,70,60
1743495924.292656,34,-41,120
1743495924.328656,-19,84,140
1743495924.363656,23,-19,133
1743495924.399656,21,44,83
1743495924.434656,43,-50,139
1743495924.469656,99,-12,103
1743495924.505656,3,10,129
1743495924.540656,-78,-13,167
1743495924.576656,-10,-53,205
1743495924.611656,-6,12,153
1743495924.647656,-20,13,61
1743495924.682656,23,-13,87
1743495924.717656,33,-35,89
1743495924.753656,31,21,119
1743495924.788656,0,-20,93
1743495924.824656,-50,23,175
1743495924.859656,23,-42,161
1743495924.895656,79,-40,171
1743495924.930656,9,23,159
1743495924.965656,3,38,45
1743495925.001656,57,-49,233
1743495925.036656,-64,32,89
1743495925.0726562,19,28,125
1743495925.107656,-14,42,167
1743495925.143656,-2,119,75
1743495925.178656,0,22,239
1743495925.213656,-58,-48,99
1743495925.249656,-60,-32,139
1743495925.284656,15,-62,93
1743495925.320656,-34,-24,89
1743495925.355656,-18,15,115
1743495925.3916562,-16,-4,165
1743495925.427656,-100,-36,107
1743495925.463656,-10,25,188
1743495925.499656,80,-34,64
1743495925.535656,18,1,100
1743495925.571656,5,-32,242
1743495925.607656,3,1,184
1743495925.643656,11,-68,180
1743495925.678656,-40,31,124
1743495925.713656,-6,41,194
1743495925.749656,15,-76,172
1743495925.785656,5,19,152
1743495925.820656,-66,-70,144
1743495925.856656,3,-42,-23
1743495925.8916562,-63,-46,170
1743495925.926656,-11,-24,168
1743495925.961656,-9,67,100
1743495925.997656,53,19,184
1743495926.033656,1,-2,150
1743495926.068656,-4,-54,220
1743495926.104656,37,22,34
1743495926.139656,31,-11,112
1743495926.1746562,7,-37,176
1743495926.209656,-21,9,48
1743495926.245656,8,32,78
1743495926.281656,9,-57,154
1743495926.316656,-28,30,154
1743495926.352656,5,32,246
1743495926.387656,27,8,182
1743495926.422656,-28,38,84
1743495926.457656,25,-31,148
1743495926.4936562,-42,-55,74
1743495926.5296562,-35,111,104
1743495926.564656,-12,-35,206
1743495926.600656,-20,44,138
1743495926.635656,27,16,140
1743495926.670656,-39,-54,81
1743495926.705656,-21,-18,165
1743495926.741656,32,0,167
1743495926.777656,-1,21,35
1743495926.8126562,-35,-32,105
1743495926.848656,32,-65,69
1743495926.883656,38,-79,41
1743495926.918656,12,-13,131
1743495926.953656,-63,2,247
1743495926.989656,-7,18,166
1743495927.025656,38,56,187
1743495927.060656,2,-43,148
1743495927.096656,48,-5,53
1743495927.1316562,-37,-61,137
1743495927.166656,-23,32,195
1743495927.201656,49,-75,177
1743495927.237656,55,38,155
1743495927.273656,-10,-37,185
1743495927.308656,-44,-53,163
1743495927.344656,22,17,65
1743495927.379656,15,-13,205
1743495927.4146562,-76,34,11
1743495927.449656,-104,-75,129
1743495927.485656,-44,-29,13
1743495927.521656,101,20,71
1743495927.556656,-60,46,-24
1743495927.592656,-16,26,285
1743495927.627656,57,0,263
1743495927.662656,37,-47,-26
1743495927.6976562,25,-27,97
1743495927.7336562,-10,-51,69
1743495927.769656,5,92,123
1743495927.804656,21,-17,11
1743495927.840656,7,-7,217
1743495927.875656,27,-17,189
1743495927.910656,-54,-35,102
1743495927.945656,23,10,170
1743495927.981656,-30,52,180
1743495928.017656,-60,56,262
1743495928.052656,1,-39,46
1743495928.088656,45,38,84
1743495928.123656,-8,-37,168
1743495928.158656,57,36,152
1743495928.193656,43,-53,156
1743495928.229656,51,6,80
1743495928.265656,7,-3,202
1743495928.300656,-14,-1,150
1743495928.336656,-84,38,78
1743495928.371656,15,0,-55
1743495928.406656,19,42,136
1743495928.441656,-68,16,62
1743495928.477656,-116,42,126
1743495928.513656,-1,14,112
1743495928.548656,-89,-65,28
1743495928.584656,75,12,134
1743495928.619656,3,-93,172
1743495928.6546562,-24,-11,102
1743495928.689656,-90,57,222
1743495928.725656,-60,14,10
1743495928.761656,-10,-14,54
1743495928.796656,-10,45,50
1743495928.832656,-4,-52,144
1743495928.867656,-17,-46,94
1743495928.902656,19,0,174
1743495928.9376562,-70,-16,46
1743495928.973656,-2,-18,164
1743495929.009656,0,53,208
1743495929.044656,41,-20,110
1743495929.080656,75,31,96
1743495929.115656,13,23,32
1743495929.150656,-60,51,88
1743495929.185656,-8,-48,128
1743495929.221656,-6,29,2
1743495929.257656,99,39,272
1743495929.292656,3,39,196
1743495929.328656,61,17,92
1743495929.363656,67,4,84
1743495929.398656,85,84,116
1743495929.433656,1,-26,184
1743495929.469656,-2,-49,84
1743495929.505656,-28,-91,184
1743495929.540656,39,-50,132
1743495929.576656,87,-5,96
1743495929.611656,-16,6,46
1743495929.646656,27,-65,202
1743495929.681656,-4,-24,192
1743495929.717656,41,4,130
1743495929.753656,34,-31,22
1743495929.788656,-74,14,94
1743495929.824656,15,46,194
1743495929.859656,-34,10,244
1743495929.894656,18,16,86
1743495929.929656,15,36,210
1743495929.965656,15,-1,40
1743495930.001656,-20,-5,160
1743495930.036656,53,-41,118
1743495930.0726562,67,-1,258
1743495930.107656,59,14,108
1743495930.142656,19,0,120
1743495930.178656,0,60,46
1743495930.213656,-51,24,-37
1743495930.249656,-5,-9,42
1743495930.284656,10,-7,108
1743495930.320656,-38,-51,118
1743495930.355656,15,40,164
1743495930.390656,65,-59,128
1743495930.425656,-36,46,184
1743495930.461656,-4,46,184
1743495930.497656,-32,66,142
1743495930.532656,-12,-9,110
1743495930.568656,21,18,150
1743495930.603656,65,120,154
1743495930.638656,-90,-37,90
1743495930.673656,-14,-31,110
1743495930.709656,-32,-11,164
1743495930.745656,-20,46,178
1743495930.780656,31,20,202
1743495930.816656,39,30,100
1743495930.851656,67,68,163
1743495930.886656,45,0,193
1743495930.921656,19,12,139
1743495930.957656,65,-59,99
1743495930.9936562,23,-61,79
1743495931.028656,-60,26,151
1743495931.064656,-30,26,224
1743495931.099656,31,58,248
1743495931.134656,-64,56,183
1743495931.169656,45,-11,240
1743495931.212656,-38,68,161
1743495931.249656,-26,18,175
1743495931.284656,1,7,163
1743495931.320656,23,-31,48
1743495931.355656,-39,14,140
1743495931.390656,2,-51,156
1743495931.425656,114,50,136
1743495931.461656,18,0,182
1743495931.497656,63,-58,202
1743495931.532656,31,15,126
1743495931.568656,77,11,32
1743495931.603656,67,24,234
1743495931.638656,3,-21,106
1743495931.6746562,43,16,178
1743495931.709656,99,34,50
1743495931.745656,-8,-35,168
1743495931.780656,45,-78,232
1743495931.816656,33,73,186
1743495931.851656,-8,33,168
1743495931.886656,-34,145,88
1743495931.922656,5,5,171
1743495931.957656,-8,37,64
1743495931.9936562,-2,-18,196
1743495932.028656,-56,31,92
1743495932.064656,-16,-18,161
1743495932.099656,-34,-34,145
1743495932.134656,7,3,102
1743495932.170656,-16,-52,220
1743495932.205656,50,11,47
1743495932.241656,-33,-50,258
1743495932.2766562,95,-6,81
1743495932.3126562,-45,37,109
1743495932.347656,-3,-33,127
1743495932.382656,10,-3,129
1743495932.418656,-57,70,211
1743495932.453656,64,-37,175
1743495932.489656,4,-49,85
1743495932.524656,52,-53,117
1743495932.560656,-21,-11,121
1743495932.5956562,26,24,131
1743495932.630656,9,6,113
1743495932.666656,-12,-21,-18
1743495932.701656,59,-15,179
1743495932.737656,0,36,191
1743495932.772656,-74,36,209
1743495932.808656,9,-39,129
1743495932.843656,0,58,-4
1743495932.878656,-28,-41,39
1743495932.9146562,7,8,171
1743495932.949656,-6,-87,139
1743495932.985656,45,-1,129
1743495933.020656,-4,-51,137
1743495933.056656,-64,-47,159
1743495933.091656,-12,-17,127
1743495933.126656,3,-5,89
1743495933.162656,13,-19,187
1743495933.1976562,-92,4,117
1743495933.2336562,69,8,223
1743495933.268656,149,-17,221
1743495933.304656,-34,-45,33
1743495933.339656,0,10,267
1743495933.374656,39,-3,85
1743495933.410656,41,-37,87
1743495933.445656,26,-32,135
1743495933.481656,35,-47,73
1743495933.5166562,25,32,113
1743495933.552656,-37,13,191
1743495933.587656,-7,53,167
1743495933.622656,48,-8,57
1743495933.658656,-25,35,129
1743495933.693656,-77,7,91
1743495933.729656,54,7,127
1743495933.764656,-37,17,133
1743495933.800656,112,7,267
1743495933.8356562,-53,-4,135
1743495933.870656,38,27,141
1743495933.906656,-3,7,31
1743495933.941656,-19,47,111
1743495933.977656,28,49,209
1743495934.012656,-23,-17,169
1743495934.048656,64,-13,119
1743495934.083656,-3,24,127
1743495934.1186562,-13,-27,155
1743495934.1546562,38,8,103
1743495934.189656,-61,-25,143
1743495934.225656,26,16,153
1743495934.260656,28,-49,105
1743495934.296656,52,-31,161
1743495934.331656,-19,2,167
1743495934.366656,-39,16,91
1743495934.402656,-41,28,103
1743495934.4376562,20,-17,205
1743495934.473656,2,64,107
1743495934.508656,-33,-19,79
1743495934.544656,-5,16,141
1743495934.579656,4,-39,151
1743495934.614656,-43,-55,169
1743495934.650656,-49,16,155
1743495934.685656,-27,2,21
1743495934.721656,28,-18,185
1743495934.7566562,-93,-10,157
1743495934.792656,46,-14,93
1743495934.827656,-154,26,111
1743495934.862656,-36,12,109
1743495934.898656,-22,20,157
1743495934.933656,19,64,39
1743495934.969656,21,-13,337
1743495935.004656,-20,-79,179
1743495935.040656,19,-17,129
1743495935.076656,-75,17,75
1743495935.111656,-105,25,55
1743495935.146656,8,43,231
1743495935.182656,30,44,131
1743495935.218656,-91,43,167
1743495935.253656,42,-60,115
1743495935.2896562,-29,114,73
1743495935.324656,80,-35,29
1743495935.359656,40,-47,141
1743495935.394656,12,56,225
1743495935.430656,-55,-5,115
1743495935.466656,52,-35,79
1743495935.501656,-31,16,155
1743495935.537656,-97,22,133
1743495935.5726562,-13,24,213
1743495935.607656,-14,80,175
1743495935.642656,-44,22,167
1743495935.678656,-30,82,149
1743495935.714656,-2,-17,63
1743495935.749656,-47,-9,207
1743495935.785656,54,48,33
1743495935.820656,13,-83,249
1743495935.855656,57,-55,185
1743495935.890656,18,-3,99
1743495935.926656,58,-1,79
1743495935.962656,5,4,95
1743495935.997656,-54,22,221
1743495936.033656,-2,-21,111
1743495936.068656,-50,22,115
1743495936.103656,15,62,135
1743495936.138656,-34,-69,133
1743495936.1746562,-4,42,169
1743495936.2106562,37,-37,111
1743495936.245656,5,-9,95
1743495936.281656,65,-5,175
1743495936.316656,53,22,51
1743495936.351656,1,-21,81
1743495936.386656,65,-83,77
1743495936.422656,27,-5,93
1743495936.458656,25,-77,167
1743495936.4936562,52,-53,-48
1743495936.5296562,-25,-7,75
1743495936.564656,48,-25,155
1743495936.599656,26,-57,163
1743495936.634656,-23,0,117
1743495936.670656,-1,-5,157
1743495936.706656,16,-33,117
1743495936.741656,16,-61,69
1743495936.777656,28,-27,257
1743495936.8126562,122,44,103
1743495936.847656,46,-44,127
1743495936.882656,-31,35,29
1743495936.918656,-13,-32,137
1743495936.954656,4,-32,39
1743495936.989656,-33,69,167
1743495937.025656,10,-32,139
1743495937.060656,90,-14,163
1743495937.0956562,-21,-110,165
1743495937.130656,28,45,149
1743495937.166656,-17,13,75
1743495937.202656,-3,-34,53
1743495937.237656,86,-50,83
1743495937.273656,-15,-12,245
1743495937.308656,-37,-26,167
1743495937.343656,-13,-56,203
1743495937.378656,22,1,67
1743495937.4146562,-31,11,43
1743495937.450656,-61,51,141
1743495937.485656,22,-22,139
1743495937.521656,119,37,237
1743495937.556656,-16,49,105
1743495937.591656,59,-2,131
1743495937.626656,-39,23,129
1743495937.662656,44,43,71
1743495937.698656,-39,-76,25
1743495937.7336562,-36,50,137
1743495937.769656,51,-16,201
1743495937.804656,3,49,57
1743495937.839656,-85,13,83
1743495937.874656,-10,-8,75
1743495937.910656,-68,-4,223
1743495937.946656,6,1,87
1743495937.981656,7,13,215
1743495938.017656,-1,11,93
1743495938.052656,52,-24,111
1743495938.087656,6,19,161
1743495938.122656,46,-56,173
1743495938.158656,-27,-34,67
1743495938.194656,-56,-18,77
1743495938.229656,26,13,21
1743495938.265656,-39,-64,109
1743495938.300656,-4,-24,79
1743495938.3356562,15,74,29
1743495938.370656,44,24,51
1743495938.406656,84,26,123
1743495938.442656,-77,6,61
1743495938.477656,-41,-15,113
1743495938.513656,9,-14,17
1743495938.548656,-10,-2,23
1743495938.583656,-12,11,187
1743495938.6186562,-27,0,123
1743495938.6546562,40,-59,133
1743495938.690656,43,-29,51
1743495938.725656,19,-25,73
1743495938.761656,37,26,187
1743495938.796656,3,-30,169
1743495938.831656,-54,42,225
1743495938.866656,119,-45,157
1743495938.902656,91,32,225
1743495938.938656,-4,-28,177
1743495938.973656,49,27,109
1743495939.009656,23,-38,171
1743495939.044656,25,7,49
1743495939.079656,-18,69,87
1743495939.114656,-50,-24,209
1743495939.150656,15,93,185
1743495939.186656,-40,-44,95
1743495939.221656,-6,53,217
1743495939.257656,39,-48,97
1743495939.292656,31,-8,119
1743495939.327656,-68,2,73
1743495939.362656,17,-62,219
1743495939.398656,-66,1,187
1743495939.434656,41,-8,171
1743495939.469656,41,-25,173
1743495939.505656,-36,41,49
1743495939.540656,25,21,149
1743495939.575656,-80,121,99
1743495939.610656,11,7,79
1743495939.646656,-30,33,165
1743495939.682656,45,-32,163
1743495939.717656,-6,50,147
1743495939.753656,-20,-9,87
1743495939.788656,90,2,53
1743495939.823656,-3,-54,203
1743495939.8586562,52,-30,147
1743495939.894656,-15,16,223
1743495939.930656,-13,-19,197
1743495939.965656,18,-16,139
1743495940.001656,-25,59,97
1743495940.036656,-3,-56,175
1743495940.071656,-25,1,161
1743495940.106656,34,-66,119
1743495940.142656,48,-32,135
1743495940.178656,22,-30,90
1743495940.213656,-29,-2,148
1743495940.249656,-57,35,205
1743495940.284656,-50,-53,-44
1743495940.319656,-38,-1,93
1743495940.354656,48,48,249
1743495940.390656,-22,62,44
1743495940.426656,-10,-49,64
1743495940.461656,-50,62,181
1743495940.497656,-36,28,78
1743495940.532656,71,-71,126
1743495940.567656,3,-37,58
1743495940.602656,43,84,216
1743495940.638656,0,14,118
1743495940.6746562,41,52,86
1743495940.709656,-58,-53,148
1743495940.745656,-13,-73,54
1743495940.780656,-28,52,108
1743495940.815656,49,-11,120
1743495940.850656,103,-37,-3
1743495940.886656,-26,-1,32
1743495940.922656,-34,-89,248
1743495940.957656,69,78,124
1743495940.9936562,50,6,228
1743495941.028656,-66,6,206
1743495941.063656,-81,-9,144
1743495941.099656,-44,-61,136
1743495941.134656,49,4,120
1743495941.170656,33,26,176
1743495941.212656,-72,-51,82
1743495941.249656,31,30,44
1743495941.284656,-8,48,34
1743495941.319656,-32,42,12
1743495941.355656,31,10,121
1743495941.390656,5,54,173
1743495941.426656,-34,-69,70
1743495941.461656,-80,-43,72
1743495941.497656,24,47,52
1743495941.532656,11,19,118
1743495941.567656,-74,-2,156
1743495941.603656,-44,-54,80
1743495941.638656,-12,-32,198
1743495941.6746562,21,-74,164
1743495941.709656,-42,3,196
1743495941.745656,-8,51,98
1743495941.780656,39,59,64
1743495941.815656,35,-6,166
1743495941.851656,20,-46,98
1743495941.886656,-33,71,234
1743495941.922656,48,1,2
1743495941.957656,12,43,94
1743495941.9936562,-16,32,90
1743495942.028656,-20,16,88
1743495942.063656,20,23,144
1743495942.099656,-11,-68,-7
1743495942.134656,-4,-4,286
1743495942.170656,-4,-68,90
1743495942.205656,-51,-50,74
1743495942.241656,-16,-35,42
1743495942.2766562,-8,-1,162
1743495942.311656,53,18,100
1743495942.347656,81,-29,202
1743495942.382656,-66,18,264
1743495942.418656,25,-13,72
1743495942.453656,-26,-83,208
1743495942.489656,71,0,-13
1743495942.524656,61,62,226
1743495942.559656,-18,-25,64
1743495942.5956562,25,26,88
1743495942.630656,-13,-3,62
1743495942.666656,36,-3,162
1743495942.701656,20,44,98
1743495942.737656,-59,38,138
1743495942.772656,0,6,102
1743495942.807656,-64,6,110
1743495942.843656,-28,-13,94
1743495942.878656,61,-17,122
1743495942.9146562,1,80,260
1743495942.949656,38,26,40
1743495942.985656,-62,24,200
1743495943.020656,21,50,182
1743495943.055656,77,70,222
1743495943.091656,-36,52,38
1743495943.126656,25,-101,78
1743495943.162656,9,-21,154
1743495943.1976562,-8,-33,83
1743495943.2336562,-4,84,133
1743495943.268656,75,-23,7
1743495943.303656,-56,-63,111
1743495943.339656,17,70,153
1743495943.374656,37,-1,127
1743495943.410656,-9,-40,107
1743495943.445656,-25,3,163
1743495943.481656,-7,-22,13
1743495943.5166562,89,48,159
1743495943.551656,58,-6,205
1743495943.587656,-28,-3,161
1743495943.622656,45,-39,89
1743495943.658656,-4,-21,153
1743495943.693656,51,12,91
1743495943.729656,67,-70,55
1743495943.764656,-20,43,139
1743495943.7996562,5,29,155
1743495943.8356562,-32,-34,123
1743495943.870656,-12,-28,9
1743495943.906656,-48,91,179
1743495943.941656,-88,45,111
1743495943.977656,37,16,141
1743495944.012656,5,-2,201
1743495944.047656,-66,39,168
1743495944.083656,-22,-28,-92
1743495944.1186562,46,15,143
1743495944.1546562,-7,-60,297
1743495944.189656,4,25,69
1743495944.225656,18,-42,111
1743495944.260656,-27,83,67
1743495944.295656,-9,-36,155
1743495944.331656,-23,-60,89
1743495944.366656,-40,-42,121
1743495944.402656,-57,-10,133
1743495944.4376562,-22,-30,66
1743495944.473656,-9,-40,148
1743495944.509656,-1,-99,-23
1743495944.544656,-33,20,0
1743495944.579656,90,-47,62
1743495944.615656,-17,55,132
1743495944.6516562,-21,112,152
1743495944.686656,46,12,144
1743495944.722656,50,-11,210
1743495944.757656,-63,-17,79
1743495944.792656,-41,-89,221
1743495944.827656,67,-55,91
1743495944.863656,31,60,103
1743495944.899656,-62,7,-45
1743495944.934656,27,61,136
1743495944.9706562,-48,-42,76
1743495945.005656,11,-60,116
1743495945.040656,79,-58,118
1743495945.075656,7,101,104
1743495945.111656,13,-81,192
1743495945.147656,-6,-23,342
1743495945.182656,5,-17,98
1743495945.218656,-16,10,48
1743495945.253656,-34,36,192
1743495945.288656,25,-31,-37
1743495945.323656,47,28,162
1743495945.359656,-18,-3,212
1743495945.395656,-46,-33,64
1743495945.430656,31,-34,124
1743495945.466656,29,52,128
1743495945.501656,-110,-3,260
1743495945.536656,-62,-19,198
1743495945.571656,15,4,156
1743495945.607656,-86,-63,122
1743495945.643656,121,79,132
1743495945.678656,43,-16,110
1743495945.714656,29,73,104
1743495945.749656,-38,23,114
1743495945.784656,43,-3,106
1743495945.819656,5,14,118
1743495945.855656,0,-37,160
1743495945.8916562,-28,16,92
1743495945.926656,-50,4,160
1743495945.962656,-7,28,166
1743495945.997656,-17,94,12
1743495946.032656,-8,-4,186
1743495946.067656,31,-17,166
1743495946.103656,15,-59,196
1743495946.139656,-27,48,76
1743495946.1746562,44,-17,160
1743495946.2106562,52,24,206
1743495946.245656,-57,44,218
1743495946.280656,-65,9,76
1743495946.315656,78,-76,152
1743495946.351656,-23,25,172
1743495946.387656,34,77,234
1743495946.422656,90,-51,62
1743495946.458656,47,92,169
1743495946.4936562,-38,-57,107
1743495946.528656,-102,80,164
1743495946.563656,19,-45,56
1743495946.599656,15,43,114
1743495946.635656,29,-43,76
1743495946.670656,63,14,220
1743495946.706656,-38,17,164
1743495946.741656,11,-4,214
1743495946.7766562,79,-3,102
1743495946.811656,35,16,82
1743495946.847656,43,11,118
1743495946.883656,13,0,8
1743495946.918656,1,4,126
1743495946.954656,47,-55,174
1743495946.989656,79,18,108
1743495947.024656,-10,28,120
1743495947.059656,-64,51,90
1743495947.0956562,-48,-2,182
1743495947.1316562,-46,16,236
1743495947.166656,-18,-17,116
1743495947.202656,-22,-36,170
1743495947.237656,101,-26,82
1743495947.272656,9,-36,156
1743495947.307656,15,33,172
1743495947.343656,77,-4,182
1743495947.379656,-16,13,178
1743495947.4146562,-12,27,122
1743495947.450656,15,15,234
1743495947.485656,53,-6,122
1743495947.520656,57,-88,298
1743495947.555656,-6,-37,124
1743495947.591656,29,11,90
1743495947.627656,-70,-52,208
1743495947.662656,16,-82,-11
1743495947.698656,42,7,224
1743495947.7336562,-17,39,26
1743495947.768656,-75,17,2
1743495947.803656,39,33,172
1743495947.839656,-32,13,138
1743495947.875656,-21,-18,26
1743495947.910656,-13,-44,65
1743495947.946656,10,-32,125
1743495947.981656,69,57,213
1743495948.0166562,-10,-6,183
1743495948.051656,21,-24,171
1743495948.087656,41,0,41
1743495948.123656,-37,0,155
1743495948.158656,75,29,75
1743495948.194656,25,63,111
1743495948.229656,-4,31,53
1743495948.264656,71,29,97
1743495948.2996562,-20,-52,47
1743495948.3356562,-16,-40,55
1743495948.371656,-62,-42,141
1743495948.406656,73,39,77
1743495948.442656,-10,35,163
1743495948.477656,27,-8,159
1743495948.512656,7,-20,121
1743495948.547656,-20,33,37
1743495948.583656,-8,-24,225
1743495948.619656,-54,37,111
1743495948.6546562,25,-16,133
1743495948.690656,-50,36,81
1743495948.725656,0,-1,107
1743495948.760656,31,-65,127
1743495948.795656,-18,28,39
1743495948.831656,18,-19,175
1743495948.867656,26,10,225
1743495948.902656,-43,4,177
1743495948.938656,24,-87,181
1743495948.973656,12,64,229
1743495949.008656,8,38,141
1743495949.043656,-25,-5,99
1743495949.079656,4,36,57
1743495949.115656,-25,-27,177
1743495949.150656,-6,38,85
1743495949.186656,-10,2,19
1743495949.221656,37,-53,67
1743495949.2566562,-106,-35,201
1743495949.291656,15,62,181
1743495949.327656,49,-49,89
1743495949.363656,53,-3,63
1743495949.398656,3,67,59
1743495949.434656,-2,25,-54
1743495949.469656,47,47,175
1743495949.504656,15,13,141
1743495949.5396562,0,0,117
1743495949.575656,33,-76,121
1743495949.611656,55,43,149
1743495949.646656,15,-62,171
1743495949.682656,103,-10,153
1743495949.717656,-8,-80,83
1743495949.752656,-2,-34,265
1743495949.787656,-48,37,63
1743495949.823656,17,-18,135
1743495949.859656,-58,-40,61
1743495949.894656,-34,7,77
1743495949.930656,47,-24,3
1743495949.965656,-26,31,271
1743495950.000656,29,9,93
1743495950.035656,37,63,95
1743495950.071656,7,-32,45
1743495950.107656,-42,-23,147
1743495950.142656,-12,2,179
1743495950.178656,3,-10,117
1743495950.213656,47,21,99
1743495950.248656,-44,14,275
1743495950.283656,71,-49,65
1743495950.319656,-50,0,165
1743495950.355656,-36,-41,169
1743495950.390656,-104,-29,87
1743495950.426656,-6,-59,129
1743495950.461656,7,-53,160
1743495950.496656,-2,0,280
1743495950.532656,65,-15,58
1743495950.567656,15,-57,140
1743495950.603656,83,44,4
1743495950.638656,-4,-9,78
1743495950.6746562,-50,-39,140
1743495950.709656,0,-29,64
1743495950.744656,33,-25,212
1743495950.780656,-4,32,128
1743495950.815656,-3,46,128
1743495950.851656,101,22,24
1743495950.886656,-34,6,168
1743495950.922656,17,-1,118
1743495950.957656,-4,18,136
1743495950.992656,-146,18,108
1743495951.028656,51,-25,196
1743495951.063656,21,-19,60
1743495951.099656,45,-2,56
1743495951.134656,125,85,166
1743495951.170656,-26,9,162
1743495951.205656,45,87,176
1743495951.247656,47,-14,46
1743495951.284656,73,5,236
1743495951.319656,45,57,30
1743495951.355656,11,-72,166
1743495951.390656,49,-26,154
1743495951.426656,-24,57,164
1743495951.461656,33,3,174
1743495951.496656,23,-74,94
1743495951.532656,27,4,110
1743495951.567656,46,-7,129
1743495951.603656,-51,10,169
1743495951.638656,28,-45,191
1743495951.6746562,2,60,207
1743495951.709656,-45,-11,113
1743495951.744656,2,24,59
1743495951.780656,92,-58,135
1743495951.815656,-81,-33,0
1743495951.851656,-14,-36,93
1743495951.886656,-64,4,223
1743495951.922656,0,-11,111
1743495951.957656,25,42,19
1743495951.992656,-35,34,163
1743495952.028656,-9,-19,131
1743495952.063656,8,22,97
1743495952.099656,40,-15,111
1743495952.134656,-81,48,173
1743495952.170656,42,28,189
1743495952.205656,10,-49,87
1743495952.240656,10,-33,69
1743495952.2766562,30,46,243
1743495952.311656,-7,-25,139
1743495952.347656,-65,-3,141
1743495952.382656,60,-57,111
1743495952.418656,4,38,113
1743495952.453656,8,-43,173
1743495952.488656,-9,60,137
1743495952.524656,16,64,95
1743495952.559656,-9,20,165
1743495952.5956562,-77,-15,105
1743495952.630656,-77,20,303
1743495952.666656,-25,9,227
1743495952.701656,-15,96,79
1743495952.736656,18,66,-35
1743495952.772656,104,74,212
1743495952.807656,16,75,79
1743495952.843656,18,18,117
1743495952.878656,36,33,128
1743495952.9146562,-13,-13,104
1743495952.949656,52,-31,184
1743495952.984656,-41,-43,78
1743495953.020656,40,-11,166
1743495953.055656,10,6,212
1743495953.091656,8,-9,126
1743495953.126656,80,8,164
1743495953.162656,20,-25,128
1743495953.1976562,-61,-39,108
1743495953.232656,66,-35,38
1743495953.268656,35,8,-23
1743495953.303656,-14,54,98
1743495953.339656,-28,-53,254
1743495953.374656,-62,14,108
1743495953.410656,-29,-37,88
1743495953.445656,3,4,124
1743495953.480656,-56,32,24
1743495953.5166562,1,46,98
1743495953.551656,-50,0,172
1743495953.587656,-54,10,68
1743495953.622656,-4,-67,152
1743495953.658656,99,16,114
1743495953.693656,-70,-5,102
1743495953.728656,-10,60,236
1743495953.764656,14,-5,100
1743495953.7996562,57,56,186
1743495953.8356562,82,-27,92
1743495953.870656,54,-31,152
1743495953.906656,-67,-43,120
1743495953.942656,-43,7,118
1743495953.978656,6,-8,32
1743495954.014656,-51,1,-13
1743495954.050656,0,2,106
1743495954.086656,66,-48,128
1743495954.121656,30,-22,56
1743495954.156656,-27,15,20
1743495954.192656,-19,11,224
1743495954.228656,32,27,34
1743495954.263656,6,-2,110
1743495954.2996562,14,-30,82
1743495954.334656,-99,51,140
1743495954.369656,34,25,56
1743495954.4046562,-1,-40,96
1743495954.440656,16,-30,88
1743495954.476656,-39,71,190
1743495954.511656,-7,13,154
1743495954.547656,4,-92,140
1743495954.582656,4,-66,50
1743495954.617656,-101,-6,142
1743495954.652656,26,-74,44
1743495954.688656,16,43,180
1743495954.724656,-19,-43,94
1743495954.759656,-91,27,88
1743495954.795656,-45,45,155
1743495954.830656,44,5,83
1743495954.865656,16,-66,169
1743495954.900656,-23,-34,238
1743495954.936656,-39,47,112
1743495954.972656,68,19,158
1743495955.007656,-5,87,120
1743495955.043656,-41,1,169
1743495955.078656,-21,-16,-44
1743495955.113656,-41,-2,147
1743495955.148656,-91,11,89
1743495955.184656,-95,-10,105
1743495955.2206562,-13,27,31
1743495955.255656,-49,-44,187
1743495955.291656,-1,-30,-48
1743495955.326656,-5,17,147
1743495955.361656,-19,103,57
1743495955.396656,-53,-22,125
1743495955.432656,10,27,79
1743495955.468656,62,30,225
1743495955.503656,50,70,241
1743495955.5396562,-19,-43,253
1743495955.574656,-56,-37,185
1743495955.609656,29,26,147
1743495955.644656,1,20,195
1743495955.680656,45,-13,123
1743495955.716656,-16,-25,125
1743495955.751656,21,-1,103
1743495955.787656,-10,42,259
1743495955.8226562,-40,-61,93
1743495955.857656,-4,-49,171
1743495955.892656,-36,12,179
1743495955.928656,39,-13,177
1743495955.964656,-126,30,179
1743495955.999656,29,-35,111
1743495956.035656,29,-7,29
1743495956.070656,3,12,255
1743495956.105656,-4,-1,253
1743495956.140656,5,22,79
1743495956.176656,-62,50,143
1743495956.212656,-22,-21,147
1743495956.247656,13,4,125
1743495956.283656,-96,-15,35
1743495956.318656,5,6,29
1743495956.353656,35,50,147
1743495956.388656,-8,24,207
1743495956.4246562,81,-29,115
1743495956.4606562,-38,-15,267
1743495956.495656,69,4,57
1743495956.531656,-104,-41,57
1743495956.566656,-10,68,209
1743495956.601656,-35,-75,199
1743495956.636656,-43,-31,173
1743495956.672656,-9,30,153
1743495956.708656,80,-91,215
1743495956.7436562,58,6,161
1743495956.7796562,-46,-15,191
1743495956.814656,-40,54,119
1743495956.849656,5,-3,193
1743495956.884656,43,-25,59
1743495956.920656,-58,-11,57
1743495956.956656,117,-27,59
1743495956.991656,-76,-35,101
1743495957.027656,3,-49,75
1743495957.0626562,27,-1,123
1743495957.097656,30,19,85
1743495957.132656,29,-39,173
1743495957.168656,1,-43,9
1743495957.204656,-30,-7,49
1743495957.239656,-30,-33,79
1743495957.275656,1,24,235
1743495957.310656,-36,34,83
1743495957.3456562,57,-19,154
1743495957.380656,53,4,187
1743495957.416656,29,-1,83
1743495957.452656,-42,-35,233
1743495957.487656,-28,-75,203
1743495957.523656,-68,-27,240
1743495957.558656,1,22,124
1743495957.593656,-26,-17,170
1743495957.628656,-60,-23,98
1743495957.6646562,13,-58,176
1743495957.700656,-44,9,58
1743495957.735656,-2,-52,154
1743495957.771656,53,-34,162
1743495957.806656,89,-16,50
1743495957.841656,13,18,52
1743495957.876656,-26,-2,94
1743495957.912656,-68,-4,176
1743495957.948656,21,7,108
1743495957.9836562,-4,-18,106
1743495958.019656,81,18,148
1743495958.054656,-42,-45,60
1743495958.089656,23,-27,122
1743495958.124656,7,36,156
1743495958.160656,-24,18,134
1743495958.196656,-20,-61,144
1743495958.231656,-30,12,110
1743495958.267656,-52,-1,70
1743495958.302656,-66,70,140
1743495958.337656,25,-11,74
1743495958.372656,75,-23,222
1743495958.408656,35,-9,136
1743495958.444656,-40,110,76
1743495958.479656,41,16,186
1743495958.515656,65,32,216
1743495958.550656,27,18,250
1743495958.5856562,-10,-17,194
1743495958.620656,-2,44,104
1743495958.656656,-29,10,208
1743495958.692656,-82,-27,200
1743495958.727656,67,-37,118
1743495958.763656,2,18,260
1743495958.798656,18,-65,70
1743495958.833656,10,10,44
1743495958.8686562,22,-18,186
1743495958.9046562,89,39,240
1743495958.940656,-13,59,128
1743495958.975656,20,-18,34
1743495959.011656,-51,-20,240
1743495959.046656,-19,-36,110
1743495959.081656,28,17,88
1743495959.116656,-75,-14,102
1743495959.152656,-57,59,108
1743495959.188656,-7,-10,110
1743495959.223656,72,-2,142
1743495959.259656,56,-12,115
1743495959.294656,60,11,145
1743495959.329656,-19,-8,139
1743495959.364656,2,-14,189
1743495959.400656,6,21,155
1743495959.436656,26,-44,191
1743495959.471656,50,83,133
1743495959.507656,18,25,71
1743495959.542656,-33,17,175
1743495959.577656,6,51,153
1743495959.612656,-82,-14,173
1743495959.648656,-91,33,257
1743495959.684656,78,-38,129
1743495959.719656,29,58,209
1743495959.755656,-97,7,151
1743495959.790656,-88,46,21
1743495959.825656,7,2,211
1743495959.860656,-42,-27,185
1743495959.896656,17,13,99
1743495959.932656,-66,-14,141
1743495959.967656,-34,57,141
1743495960.003656,-14,-38,-39
1743495960.038656,29,0,64
1743495960.073656,7,-14,68
1743495960.109656,-12,-52,382
1743495960.144656,23,-50,72
1743495960.180656,65,-12,156
1743495960.215656,-14,9,118
1743495960.251656,-40,0,92
1743495960.286656,-48,7,60
1743495960.321656,-26,17,272
1743495960.357656,-42,-10,230
1743495960.392656,-84,-14,46
1743495960.428656,-34,9,82
1743495960.463656,-36,-4,208
1743495960.499656,-24,61,188
1743495960.534656,25,45,102
1743495960.569656,115,0,152
1743495960.605656,0,15,80
1743495960.640656,-18,45,142
1743495960.676656,34,-72,186
1743495960.711656,54,-22,108
1743495960.747656,-23,35,160
1743495960.782656,-7,-2,244
1743495960.817656,95,49,202
1743495960.853656,-72,-22,118
1743495960.888656,-5,55,90
1743495960.9246562,-7,27,106
1743495960.959656,-80,-8,178
1743495960.995656,-30,19,124
1743495961.030656,18,-9,98
1743495961.065656,2,4,42
1743495961.101656,-30,-16,90
1743495961.136656,-48,-26,-17
1743495961.172656,51,-60,258
1743495961.207656,-41,16,142
1743495961.249656,-92,51,103
1743495961.285656,69,-18,197
1743495961.321656,37,45,65
1743495961.357656,-28,-26,139
1743495961.392656,-30,0,213
1743495961.428656,5,29,145
1743495961.463656,-80,95,79
1743495961.499656,-30,21,105
1743495961.534656,-56,33,151
1743495961.569656,-32,7,67
1743495961.605656,43,-24,67
1743495961.640656,59,-50,179
1743495961.676656,23,31,99
1743495961.711656,39,31,87
1743495961.747656,51,0,81
1743495961.782656,43,21,125
1743495961.817656,12,-36,137
1743495961.853656,4,-4,223
1743495961.888656,-30,-18,191
1743495961.9246562,-4,-12,43
1743495961.959656,-55,7,-24
1743495961.995656,-68,-18,165
1743495962.030656,23,1,99
1743495962.065656,31,-4,109
1743495962.101656,-46,-36,197
1743495962.136656,-11,3,87
1743495962.172656,-9,31,239
1743495962.207656,16,37,237
1743495962.2436562,-38,-1,311
1743495962.278656,-2,-37,231
1743495962.313656,30,17,167
1743495962.349656,-48,-43,171
1743495962.384656,39,26,97
1743495962.420656,-6,-15,145
1743495962.455656,13,4,133
1743495962.491656,-76,10,215
1743495962.5266562,-110,8,15
1743495962.561656,-12,30,13
1743495962.597656,17,-61,53
1743495962.632656,-34,66,87
1743495962.668656,-23,8,127
1743495962.703656,-3,58,199
1743495962.739656,21,-9,-4
1743495962.774656,87,-31,67
1743495962.809656,-2,80,117
1743495962.8456562,51,30,149
1743495962.880656,-31,-1,151
1743495962.916656,-21,-67,75
1743495962.951656,104,-43,65
1743495962.987656,36,2,207
1743495963.022656,6,-7,123
1743495963.057656,-24,-21,-44
1743495963.093656,18,-15,65
1743495963.128656,-25,0,17
1743495963.1646562,34,18,131
1743495963.199656,-61,32,114
1743495963.235656,-7,12,210
1743495963.270656,-23,-5,126
1743495963.305656,37,2,136
1743495963.341656,-107,4,242
1743495963.376656,-51,-57,116
1743495963.412656,32,10,116
1743495963.4476562,-43,16,106
1743495963.4836562,-15,14,94
1743495963.519656,-65,76,166
1743495963.555656,-109,-45,186
1743495963.591656,64,-31,236
1743495963.626656,-9,8,220
1743495963.661656,36,-9,92
1743495963.6976562,-29,28,208
1743495963.7336562,22,-15,294
1743495963.768656,68,-101,54
1743495963.804656,44,63,110
1743495963.839656,42,14,200
1743495963.874656,72,26,108
1743495963.909656,28,-1,132
1743495963.945656,7,-29,10
1743495963.981656,39,-19,76
1743495964.0166562,-86,-57,62
1743495964.052656,45,34,156
1743495964.087656,25,-11,188
1743495964.122656,23,24,-53
1743495964.157656,15,-31,122
1743495964.193656,-18,30,176
1743495964.229656,51,-45,80
1743495964.264656,35,26,210
1743495964.300656,23,-4,-11
1743495964.3356562,43,-72,112
1743495964.370656,-42,5,24
1743495964.405656,-24,-22,66
1743495964.441656,37,-44,92
1743495964.477656,57,-46,56
1743495964.512656,9,35,164
1743495964.548656,-88,-9,216
1743495964.583656,-22,60,50
1743495964.6186562,-26,6,128
1743495964.653656,-10,42,194
1743495964.689656,18,2,192
1743495964.725656,-83,-57,154
1743495964.760656,18,0,124
1743495964.796656,-71,-7,198
1743495964.831656,-15,-75,94
1743495964.866656,-15,40,188
1743495964.9016562,76,35,98
1743495964.9376562,-11,33,32
1743495964.973656,12,5,58
1743495965.008656,14,-56,192
1743495965.044656,-19,37,120
1743495965.079656,-25,-21,158
1743495965.114656,40,-3,132
1743495965.149656,-1,12,90
1743495965.185656,24,-17,228
1743495965.221656,24,-39,168
1743495965.2566562,-61,50,110
1743495965.292656,-79,2,142
1743495965.327656,-33,-53,82
1743495965.362656,6,-45,36
1743495965.397656,-17,92,-11
1743495965.433656,-23,-19,138
1743495965.469656,110,-33,196
1743495965.504656,33,0,168
1743495965.540656,-41,40,96
1743495965.575656,-9,-35,176
1743495965.610656,-72,-53,70
1743495965.645656,-28,46,26
1743495965.681656,-60,-7,184
1743495965.717656,-48,14,30
1743495965.752656,7,-9,164
1743495965.788656,-30,4,90
1743495965.823656,5,-5,126
1743495965.8586562,51,-17,-9
1743495965.893656,63,-35,76
1743495965.929656,-17,-9,166
1743495965.965656,25,-3,166
1743495966.000656,-24,-8,82
1743495966.036656,-24,-36,166
1743495966.071656,-18,-38,66
1743495966.106656,-14,43,144
1743495966.1416562,29,45,94
1743495966.177656,13,17,118
1743495966.213656,-70,-48,172
1743495966.248656,13,-36,184
1743495966.284656,19,89,52
1743495966.319656,73,33,160
1743495966.354656,-2,6,210
1743495966.389656,-54,-21,50
1743495966.425656,-58,-25,162
1743495966.461656,-42,60,68
1743495966.496656,-24,42,158
1743495966.532656,29,-53,170
1743495966.567656,101,-21,40
1743495966.602656,3,-49,190
1743495966.637656,-40,30,112
1743495966.673656,-2,46,144
1743495966.709656,-98,-79,218
1743495966.744656,63,24,250
1743495966.780656,-10,-107,48
1743495966.815656,78,-4,250
1743495966.850656,-27,51,106
1743495966.885656,-13,-112,116
1743495966.921656,-57,33,62
1743495966.957656,-47,48,144
1743495966.992656,-49,-6,246
1743495967.0296562,24,37,156
1743495967.064656,12,23,144
1743495967.100656,4,79,48
1743495967.135656,0,29,70
1743495967.170656,56,73,136
1743495967.205656,-21,-8,36
1743495967.241656,-101,3,240
1743495967.277656,16,-4,72
1743495967.3126562,-57,-42,168
1743495967.348656,1,-66,170
1743495967.383656,-2,-26,66
1743495967.418656,-46,-45,44
1743495967.453656,37,-47,80
1743495967.489656,49,-39,152
1743495967.525656,-8,-3,60
1743495967.560656,21,10,184
1743495967.596656,-36,2,212
1743495967.6316562,3,32,152
1743495967.666656,15,-41,122
1743495967.701656,22,-46,68
1743495967.737656,31,77,64
1743495967.773656,-22,-18,118
1743495967.808656,-40,-30,136
1743495967.844656,41,107,58
1743495967.879656,35,0,28
1743495967.9146562,-64,-50,92
1743495967.949656,-10,-70,62
1743495967.985656,-16,-40,112
1743495968.021656,75,1,164
1743495968.056656,5,61,90
1743495968.092656,-96,-48,78
1743495968.127656,-94,39,128
1743495968.162656,9,1,150
1743495968.1976562,-40,39,162
1743495968.2336562,-12,69,140
1743495968.269656,51,77,136
1743495968.304656,-12,-17,-17
1743495968.340656,-62,109,190
1743495968.375656,41,-10,134
1743495968.410656,53,11,198
1743495968.445656,35,61,82
1743495968.481656,-72,-54,118
1743495968.517656,-58,-4,-27
1743495968.552656,-36,-32,158
1743495968.588656,0,-18,150
1743495968.623656,57,-2,8
1743495968.658656,-6,-72,172
1743495968.693656,-74,-60,192
1743495968.729656,1,-25,140
1743495968.765656,-6,24,184
1743495968.800656,23,-27,-29
1743495968.836656,34,13,174
1743495968.871656,-41,-10,90
1743495968.906656,106,61,86
1743495968.941656,17,-47,28
1743495968.977656,51,24,128
1743495969.013656,-110,-3,158
1743495969.048656,37,-11,154
1743495969.084656,15,-89,94
1743495969.119656,106,9,158
1743495969.1546562,-7,-1,58
1743495969.189656,18,37,118
1743495969.225656,-59,-24,40
1743495969.261656,-71,27,256
1743495969.296656,-49,-16,164
1743495969.332656,-18,46,64
1743495969.367656,-29,23,100
1743495969.402656,-55,3,190
1743495969.4376562,36,23,182
1743495969.473656,46,-46,154
1743495969.509656,28,-32,26
1743495969.544656,-77,-2,86
1743495969.580656,16,1,178
1743495969.615656,-11,33,166
1743495969.650656,4,19,188
1743495969.686656,-60,46,106
1743495969.721656,21,0,102
1743495969.757656,5,18,10
1743495969.792656,47,-3,214
1743495969.828656,31,27,120
1743495969.863656,1,4,196
1743495969.898656,15,10,190
1743495969.934656,17,-29,180
1743495969.969656,0,-41,92
1743495970.005656,29,-51,-13
1743495970.040656,123,62,314
1743495970.076656,-24,-37,128
1743495970.111656,21,64,80
1743495970.146656,59,-19,42
1743495970.182656,-18,-14,116
1743495970.217656,-14,-55,44
1743495970.253656,-62,28,206
1743495970.288656,77,-25,170
1743495970.324656,71,-25,142
1743495970.359656,73,-83,62
1743495970.394656,-42,60,166
1743495970.430656,59,-24,226
1743495970.465656,113,-5,22
1743495970.501656,25,-3,130
1743495970.536656,-2,30,124
1743495970.5726562,47,24,-63
1743495970.607656,67,-35,66
1743495970.642656,-30,-43,160
1743495970.678656,-18,52,204
1743495970.713656,-138,-15,112
1743495970.749656,23,-57,164
1743495970.784656,11,-75,98
1743495970.820656,-44,0,104
1743495970.855656,85,2,222
1743495970.890656,-8,-57,-1
1743495970.926656,51,-73,244
1743495970.961656,-12,-63,78
1743495970.997656,21,66,156
1743495971.032656,-2,98,122
1743495971.068656,-50,12,160
1743495971.103656,101,62,48
1743495971.138656,-20,32,126
1743495971.1746562,17,-23,136
1743495971.209656,77,0,52
1743495971.252656,41,-1,212
1743495971.288656,25,-19,154
1743495971.324656,3,-7,118
1743495971.359656,-50,-3,108
1743495971.394656,-42,30,218
1743495971.430656,59,-13,219
1743495971.465656,-40,2,335
1743495971.501656,63,-63,137
1743495971.536656,25,56,35
1743495971.5726562,7,18,93
1743495971.607656,-14,74,123
1743495971.642656,-6,-7,135
1743495971.678656,-68,39,123
1743495971.713656,-108,-49,85
1743495971.749656,-4,-19,135
1743495971.784656,-28,-97,99
1743495971.820656,9,-19,259
1743495971.855656,-90,-119,127
1743495971.890656,19,-25,135
1743495971.926656,-20,-3,143
1743495971.961656,75,-3,-2
1743495971.997656,-18,28,103
1743495972.032656,47,-17,179
1743495972.068656,-46,10,183
1743495972.103656,-28,-7,171
1743495972.138656,29,-21,27
1743495972.1746562,-50,-25,181
1743495972.209656,-44,-31,117
1743495972.245656,75,2,201
1743495972.280656,41,-103,191
1743495972.316656,69,-57,121
1743495972.351656,-32,-29,157
1743495972.386656,27,46,153
1743495972.422656,19,2,73
1743495972.457656,21,30,91
1743495972.4936562,1,-47,187
1743495972.528656,17,-61,175
1743495972.564656,-34,-49,167
1743495972.599656,-10,16,111
1743495972.634656,69,-21,117
1743495972.670656,-80,-11,127
1743495972.705656,45,-28,183
1743495972.741656,73,20,189
1743495972.7766562,-34,21,155
1743495972.8126562,125,-92,141
1743495972.847656,-52,12,169
1743495972.882656,-10,-13,65
1743495972.918656,27,38,239
1743495972.953656,21,-11,36
1743495972.989656,-68,18,-14
1743495973.024656,-36,-19,56
1743495973.060656,93,24,82
1743495973.096656,43,32,130
1743495973.1316562,7,-1,118
1743495973.166656,-2,-17,36
1743495973.202656,0,18,92
1743495973.238656,33,14,94
1743495973.273656,-28,-51,152
1743495973.309656,17,-13,140
1743495973.344656,-42,-33,152
1743495973.379656,38,6,118
1743495973.4146562,28,0,156
1743495973.450656,-11,22,210
1743495973.486656,-73,-13,150
1743495973.521656,-29,-22,138
1743495973.557656,72,4,130
1743495973.592656,40,-39,132
1743495973.627656,20,46,66
1743495973.662656,6,-70,104
1743495973.698656,-17,3,44
1743495973.734656,-65,-68,174
1743495973.769656,-69,-36,110
1743495973.805656,-10,-12,122
1743495973.840656,-47,5,142
1743495973.875656,28,-20,162
1743495973.910656,-46,-9,104
1743495973.946656,-20,16,40
1743495973.982656,61,-53,116
1743495974.017656,-10,-41,78
1743495974.053656,3,16,76
1743495974.088656,30,-80,140
1743495974.123656,22,21,234
1743495974.158656,26,43,116
1743495974.194656,78,67,226
1743495974.230656,13,44,162
1743495974.265656,-24,-25,224
1743495974.301656,47,0,214
1743495974.336656,59,-53,142
1743495974.371656,103,148,98
1743495974.406656,-24,-29,212
1743495974.442656,43,-63,92
1743495974.478656,67,44,168
1743495974.513656,21,62,48
1743495974.5496562,39,-11,12
1743495974.584656,25,60,98
1743495974.619656,84,0,126
1743495974.6546562,28,26,144
1743495974.690656,28,-71,134
1743495974.726656,-1,-13,128
1743495974.761656,-61,-36,110
1743495974.797656,20,-40,126
1743495974.832656,-53,17,90
1743495974.867656,24,1,148
1743495974.902656,41,-23,198
1743495974.938656,-24,40,150
1743495974.974656,45,18,62
1743495975.009656,-10,26,28
1743495975.045656,-10,-75,127
1743495975.080656,21,-1,111
1743495975.115656,-30,36,165
1743495975.150656,-20,34,224
1743495975.186656,15,14,70
1743495975.222656,31,0,34
1743495975.257656,51,-99,48
1743495975.293656,0,86,158
1743495975.328656,-80,-55,184
1743495975.363656,45,36,170
1743495975.398656,-24,18,172
1743495975.434656,-6,-21,8
1743495975.4706562,15,-33,260
1743495975.505656,-68,12,138
1743495975.541656,15,-57,142
1743495975.576656,-20,-5,216
1743495975.611656,57,72,114
1743495975.646656,0,42,132
1743495975.682656,39,-60,204
1743495975.718656,17,-1,102
1743495975.753656,25,-6,21
1743495975.7896562,17,-23,15
1743495975.824656,31,-39,107
1743495975.859656,35,-31,53
1743495975.894656,10,46,169
1743495975.930656,0,-13,71
1743495975.966656,61,4,151
1743495976.001656,-28,2,89
1743495976.037656,-40,36,137
1743495976.0726562,13,54,67
1743495976.107656,-20,38,135
1743495976.142656,-38,47,65
1743495976.178656,-25,60,109
1743495976.214656,18,-3,151
1743495976.249656,68,46,29
1743495976.285656,34,41,161
1743495976.320656,12,0,203
1743495976.355656,20,34,195
1743495976.390656,34,-37,263
1743495976.426656,-37,32,139
1743495976.462656,64,-9,127
1743495976.497656,8,67,223
1743495976.533656,26,-14,97
1743495976.568656,48,11,163
1743495976.603656,53,11,29
1743495976.638656,-86,33,127
1743495976.6746562,-12,11,63
1743495976.7106562,-86,63,157
1743495976.745656,-62,-8,121
1743495976.781656,23,-104,61
1743495976.816656,-44,-50,175
1743495976.851656,-46,35,119
1743495976.886656,51,-39,115
1743495976.922656,-103,2,141
1743495976.958656,-40,-37,119
1743495976.9936562,-18,44,247
1743495977.0296562,-58,22,71
1743495977.064656,-8,-23,93
1743495977.099656,11,-21,201
1743495977.134656,1,20,87
1743495977.170656,11,46,249
1743495977.206656,95,-17,175
1743495977.241656,-62,28,149
1743495977.277656,-6,-15,79
1743495977.3126562,9,28,169
1743495977.347656,15,-29,143
1743495977.382656,-14,24,273
1743495977.418656,31,68,98
1743495977.454656,29,-31,90
1743495977.489656,-32,-47,162
1743495977.525656,25,28,120
1743495977.560656,13,-41,100
1743495977.5956562,37,-21,188
1743495977.630656,1,-53,104
1743495977.666656,-20,44,84
1743495977.702656,-72,-57,170
1743495977.737656,7,16,164
1743495977.773656,-72,-5,160
1743495977.808656,-56,-27,158
1743495977.843656,-2,-55,140
1743495977.878656,-4,-9,128
1743495977.9146562,-42,-1,50
1743495977.950656,9,0,44
1743495977.985656,-46,-42,158
1743495978.021656,0,-3,166
1743495978.056656,-56,-67,208
1743495978.091656,27,12,94
1743495978.126656,-46,-31,172
1743495978.162656,69,-71,180
1743495978.198656,-18,42,210
1743495978.2336562,83,0,136
1743495978.269656,27,-29,128
1743495978.304656,93,18,130
1743495978.339656,41,28,176
1743495978.374656,-56,-31,116
1743495978.410656,-70,14,154
1743495978.446656,45,-5,14
1743495978.481656,-26,4,140
1743495978.517656,-52,20,316
1743495978.552656,-20,-7,236
1743495978.587656,71,-11,60
1743495978.622656,5,14,72
1743495978.658656,-85,32,116
1743495978.694656,33,70,254
1743495978.729656,-11,-53,88
1743495978.765656,18,-3,74
1743495978.800656,16,42,-3
1743495978.8356562,-46,-3,52
1743495978.870656,21,74,46
1743495978.906656,32,-41,116
1743495978.942656,67,-19,248
1743495978.977656,9,-3,228
1743495979.013656,-104,-107,130
1743495979.048656,-26,-47,132
1743495979.083656,-78,-25,70
1743495979.119656,-34,60,114
1743495979.1546562,15,2,-5
1743495979.190656,-14,-47,136
1743495979.225656,29,-37,82
1743495979.261656,-11,70,120
1743495979.296656,23,60,134
1743495979.331656,11,12,124
1743495979.367656,-16,48,94
1743495979.402656,55,-7,162
1743495979.438656,50,-3,266
1743495979.473656,-61,-11,42
1743495979.509656,79,82,96
1743495979.544656,41,16,254
1743495979.579656,-21,54,222
1743495979.615656,-15,34,144
1743495979.650656,14,0,176
1743495979.686656,-3,-47,86
1743495979.721656,-33,-43,28
1743495979.757656,38,42,176
1743495979.792656,0,-3,64
1743495979.827656,42,-1,196
1743495979.863656,100,30,122
1743495979.898656,-45,14,110
1743495979.934656,-3,-3,210
1743495979.969656,-25,-33,154
1743495980.005656,14,-15,72
1743495980.040656,-43,33,36
1743495980.075656,-1,-22,126
1743495980.111656,-60,-45,174
1743495980.146656,-62,-55,100
1743495980.182656,31,96,90
1743495980.217656,-58,-15,136
1743495980.253656,-38,-45,144
1743495980.288656,-56,90,6
1743495980.323656,-24,-7,86
1743495980.359656,-38,-61,112
1743495980.394656,-6,-17,106
1743495980.430656,-28,24,180
1743495980.465656,-18,26,-4
1743495980.501656,-18,-35,161
1743495980.536656,-48,68,230
1743495980.571656,45,66,197
1743495980.607656,37,42,185
1743495980.642656,31,-49,93
1743495980.678656,-28,7,225
1743495980.713656,23,-47,65
1743495980.749656,39,-13,139
1743495980.784656,-50,53,74
1743495980.819656,27,-69,165
1743495980.855656,-5,-101,155
1743495980.890656,71,40,191
1743495980.926656,-38,-13,123
1743495980.961656,-96,-13,43
1743495980.997656,-18,-14,175
1743495981.032656,19,-34,-4
1743495981.067656,-28,-26,169
1743495981.103656,47,-18,39
1743495981.138656,5,-22,109
1743495981.1746562,-56,-32,77
1743495981.209656,-22,21,151
1743495981.245656,41,-62,109
1743495981.287656,-2,27,163
1743495981.323656,-82,-4,205
1743495981.359656,44,-18,107
1743495981.394656,21,27,137
1743495981.430656,12,7,97
1743495981.465656,40,5,131
1743495981.501656,1,0,61
1743495981.536656,67,29,113
1743495981.571656,33,-14,95
1743495981.607656,13,26,71
1743495981.642656,27,4,201
1743495981.678656,45,6,99
1743495981.713656,-58,-7,141
1743495981.749656,3,-45,217
1743495981.784656,7,24,179
1743495981.819656,-40,40,175
1743495981.855656,3,-21,33
1743495981.890656,41,-51,115
1743495981.926656,-10,-55,237
1743495981.961656,-22,-33,173
1743495981.997656,25,14,181
1743495982.032656,29,36,201
1743495982.067656,1,62,97
1743495982.103656,45,10,125
1743495982.138656,-22,-53,175
1743495982.1746562,41,-59,117
1743495982.209656,107,-3,143
1743495982.245656,-4,-43,125
1743495982.280656,19,30,121
1743495982.315656,-30,20,83
1743495982.351656,-40,-48,205
1743495982.386656,0,130,159
1743495982.422656,29,-25,175
1743495982.457656,-64,8,109
1743495982.4936562,-90,30,121
1743495982.5296562,42,-24,125
1743495982.565656,-33,-2,67
1743495982.601656,30,-37,182
1743495982.637656,12,44,228
1743495982.673656,98,-29,184
1743495982.708656,20,-9,122
1743495982.7436562,-103,-23,74
1743495982.7796562,52,-21,164
1743495982.815656,62,-35,210
1743495982.850656,30,12,0
1743495982.886656,-9,-67,76
1743495982.921656,72,-33,134
1743495982.956656,-59,10,132
1743495982.991656,-31,-63,70
1743495983.027656,14,-49,118
1743495983.063656,-47,-55,72
1743495983.098656,6,-25,272
1743495983.134656,-43,-3,130
1743495983.169656,-19,12,10
1743495983.204656,-1,-11,-5
1743495983.239656,10,-20,58
1743495983.275656,-11,-79,54
1743495983.311656,36,-37,120
1743495983.346656,4,-59,60
1743495983.382656,18,4,196
1743495983.417656,-47,-15,42
1743495983.452656,22,-45,88
1743495983.487656,-1,18,2
1743495983.523656,72,-11,128
1743495983.559656,128,28,162
1743495983.594656,4,28,118
1743495983.630656,-49,-17,144
1743495983.665656,-31,-37,78
1743495983.700656,34,-65,84
1743495983.735656,50,-7,126
1743495983.771656,-60,-5,188
1743495983.807656,-36,-15,202
1743495983.842656,-36,22,176
1743495983.878656,-70,54,180
1743495983.913656,-96,45,4
1743495983.948656,11,24,212
1743495983.9836562,-60,-4,186
1743495984.019656,63,-10,176
1743495984.055656,39,-42,148
1743495984.090656,71,27,120
1743495984.126656,83,-21,70
1743495984.161656,-26,-1,198
1743495984.196656,69,-15,104
1743495984.231656,-52,8,94
1743495984.267656,49,-5,110
1743495984.303656,-14,-69,166
1743495984.338656,13,-41,58
1743495984.374656,-52,-23,140
1743495984.409656,-30,6,213
1743495984.444656,-24,-89,-20
1743495984.479656,-10,32,173
1743495984.515656,19,-17,47
1743495984.551656,35,-69,155
1743495984.586656,-32,-39,259
1743495984.622656,-24,-11,191
1743495984.657656,-32,18,111
1743495984.692656,-72,-19,61
1743495984.727656,-20,-23,75
1743495984.763656,47,-37,121
1743495984.7996562,-20,20,97
1743495984.834656,3,16,235
1743495984.870656,-6,-53,39
1743495984.905656,51,-3,99
1743495984.940656,-50,34,95
1743495984.975656,-50,-5,177
1743495985.011656,15,-15,181
1743495985.047656,-28,-63,169
1743495985.082656,59,-40,179
1743495985.1186562,47,-56,235
1743495985.153656,17,51,31
1743495985.188656,37,-36,157
1743495985.223656,-40,9,63
1743495985.259656,-16,41,139
1743495985.295656,83,-22,159
1743495985.330656,-34,-6,105
1743495985.366656,5,-44,207
1743495985.4016562,-28,69,193
1743495985.436656,-26,-18,105
1743495985.471656,-40,27,223
1743495985.507656,-24,63,69
1743495985.543656,67,-28,163
1743495985.578656,-16,-56,107
1743495985.614656,3,61,7
1743495985.649656,-50,35,87
1743495985.684656,7,5,122
1743495985.719656,-50,-64,119
1743495985.755656,77,13,61
1743495985.791656,45,29,217
1743495985.826656,-54,-20,127
1743495985.862656,7,0,151
1743495985.897656,49,-42,89
1743495985.932656,27,-30,191
1743495985.967656,53,-4,155
1743495986.003656,101,31,111
1743495986.0396562,19,31,167
1743495986.074656,11,47,141
1743495986.110656,-72,-14,125
1743495986.145656,-46,45,253
1743495986.180656,53,13,103
1743495986.215656,11,21,241
1743495986.251656,51,37,217
1743495986.287656,25,-6,215
1743495986.3226562,-40,-34,-14
1743495986.3586562,-96,-29,67
1743495986.393656,13,-26,71
1743495986.428656,91,51,13
1743495986.463656,-42,14,79
1743495986.499656,-52,-23,103
1743495986.535656,-46,-1,149
1743495986.570656,-70,-83,179
1743495986.606656,23,-13,151
1743495986.6416562,-10,8,201
1743495986.676656,-36,32,131
1743495986.711656,-40,4,159
1743495986.747656,-54,12,79
1743495986.783656,3,-11,111
1743495986.818656,17,18,149
1743495986.854656,-14,18,139
1743495986.889656,-54,-59,103
1743495986.9246562,-8,40,227
1743495986.959656,-20,38,183
1743495986.995656,1,-29,153
1743495987.031656,-30,68,29
1743495987.066656,-67,-75,106
1743495987.102656,-109,-63,166
1743495987.137656,-11,-3,140
1743495987.172656,29,-54,93
1743495987.207656,-6,11,154
1743495987.2436562,35,105,78
1743495987.2796562,-5,12,166
1743495987.314656,13,-58,92
1743495987.350656,50,46,132
1743495987.385656,-17,-33,178
1743495987.420656,-55,30,144
1743495987.455656,21,-13,216
1743495987.491656,-19,34,140
1743495987.527656,15,-7,92
1743495987.5626562,3,20,40
1743495987.598656,22,60,116
1743495987.633656,28,-49,52
1743495987.668656,14,66,100
1743495987.703656,-45,-37,156
1743495987.739656,-27,-9,38
1743495987.775656,-61,54,190
1743495987.810656,22,34,206
1743495987.846656,46,-51,174
1743495987.8816562,28,12,72
1743495987.916656,-57,18,126
1743495987.951656,-37,-25,124
1743495987.987656,-33,44,260
1743495988.023656,-63,36,182
1743495988.058656,-53,14,128
1743495988.094656,69,-55,120
1743495988.129656,-4,-3,94
1743495988.1646562,-40,-1,261
1743495988.200656,25,-43,149
1743495988.235656,3,36,153
1743495988.271656,73,4,233
1743495988.306656,-46,-9,167
1743495988.342656,65,-29,45
1743495988.377656,5,-17,77
1743495988.412656,23,38,71
1743495988.4476562,35,-21,-18
1743495988.4836562,1,-67,135
1743495988.519656,-47,-65,161
1743495988.554656,1,-63,143
1743495988.590656,-52,61,207
1743495988.625656,-40,19,97
1743495988.660656,11,-60,217
1743495988.696656,-58,7,215
1743495988.731656,9,61,23
1743495988.767656,-2,31,-56
1743495988.802656,-66,1,209
1743495988.838656,121,51,211
1743495988.873656,-14,24,167
1743495988.908656,63,-3,237
1743495988.944656,-2,-23,143
1743495988.979656,-6,-7,15
1743495989.015656,9,-29,105
1743495989.050656,27,28,175
1743495989.086656,7,40,51
1743495989.121656,17,20,211
1743495989.156656,53,-35,125
1743495989.192656,-94,-21,53
1743495989.227656,63,-11,93
1743495989.263656,20,-39,151
1743495989.298656,94,32,199
1743495989.334656,-1,10,69
1743495989.369656,4,-5,165
1743495989.4046562,-77,-67,107
1743495989.440656,10,2,71
1743495989.475656,24,0,77
1743495989.511656,-47,-11,169
1743495989.546656,16,36,197
1743495989.582656,-15,-9,73
1743495989.617656,-9,18,173
1743495989.652656,-45,-23,211
1743495989.688656,-61,78,187
1743495989.723656,-44,38,137
1743495989.759656,-36,-17,81
1743495989.794656,-38,-7,109
1743495989.830656,71,6,135
1743495989.865656,-43,-33,177
1743495989.900656,-27,-27,119
1743495989.936656,36,38,129
1743495989.971656,-13,34,136
1743495990.007656,50,14,26
1743495990.042656,14,54,194
1743495990.078656,6,22,160
1743495990.113656,28,52,168
1743495990.148656,2,-33,94
1743495990.184656,18,20,222
1743495990.219656,34,-1,66
1743495990.255656,-18,-17,188
1743495990.290656,1,-39,100
1743495990.326656,21,-39,280
1743495990.361656,-10,44,129
1743495990.396656,-124,20,130
1743495990.432656,-48,-29,169
1743495990.467656,75,36,65
1743495990.503656,-14,34,127
1743495990.538656,39,-13,137
1743495990.574656,61,-41,211
1743495990.609656,46,24,113
1743495990.644656,6,56,159
1743495990.680656,-49,-3,283
1743495990.715656,20,22,101
1743495990.751656,-55,42,141
1743495990.786656,2,64,149
1743495990.8226562,-1,-1,37
1743495990.857656,-33,14,101
1743495990.892656,33,32,261
1743495990.928656,8,0,31
1743495990.963656,25,0,161
1743495990.999656,47,8,219
1743495991.034656,0,-21,157
1743495991.070656,1,-20,25
1743495991.105656,23,-38,101
1743495991.140656,39,-6,27
1743495991.176656,23,-22,173
1743495991.211656,3,-50,47
1743495991.247656,107,2,177
1743495991.2896562,-63,88,101
1743495991.326656,108,46,163
1743495991.361656,70,-5,109
1743495991.396656,-49,48,191
1743495991.432656,14,72,193
1743495991.467656,30,86,179
1743495991.503656,-19,44,133
1743495991.538656,38,2,163
1743495991.574656,-53,-31,61
1743495991.609656,46,70,83
1743495991.644656,34,50,225
1743495991.680656,54,-31,234
1743495991.715656,48,8,130
1743495991.751656,88,-19,264
1743495991.786656,6,26,98
1743495991.821656,-79,-5,152
1743495991.856656,30,0,146
1743495991.892656,7,-6,222
1743495991.928656,-24,29,50
1743495991.963656,-63,-100,148
1743495991.999656,41,-40,106
1743495992.034656,21,39,192
1743495992.070656,28,-16,234
1743495992.106656,10,57,112
1743495992.1416562,-3,-8,148
1743495992.176656,34,21,82
1743495992.212656,14,89,18
1743495992.248656,-45,-44,140
1743495992.283656,-21,5,160
1743495992.319656,-85,15,78
1743495992.354656,82,-74,278
1743495992.389656,-9,1,168
1743495992.4246562,-54,-58,46
1743495992.4606562,49,-66,50
1743495992.496656,107,-30,76
1743495992.531656,7,-10,74
1743495992.567656,-10,57,148
1743495992.602656,53,77,146
1743495992.637656,7,47,10
1743495992.672656,-60,5,142
1743495992.708656,-118,5,112
1743495992.744656,-14,49,56
1743495992.7796562,-69,33,136
1743495992.815656,55,-42,150
1743495992.850656,18,23,54
1743495992.885656,28,0,196
1743495992.920656,-6,31,168
1743495992.956656,27,3,216
1743495992.992656,-6,-44,126
1743495993.027656,-24,1,148
1743495993.063656,13,-42,212
1743495993.098656,-12,-78,108
1743495993.133656,0,-66,150
1743495993.168656,-36,-32,206
1743495993.204656,0,-16,192
1743495993.240656,-44,9,104
1743495993.275656,33,-116,148
1743495993.311656,-4,-10,54
1743495993.346656,-40,-18,154
1743495993.3816562,23,15,166
1743495993.416656,5,-36,112
1743495993.452656,-5,3,86
1743495993.488656,36,-42,142
1743495993.523656,20,-6,134
1743495993.559656,-35,13,150
1743495993.594656,-21,13,150
1743495993.629656,64,-8,100
1743495993.6646562,-60,-16,256
1743495993.700656,0,57,170
1743495993.736656,-94,-10,162
1743495993.771656,26,121,208
1743495993.807656,18,71,172
1743495993.842656,-11,-62,134
1743495993.877656,-17,-86,-17
1743495993.912656,-13,-8,62
1743495993.948656,-40,-24,184
1743495993.984656,43,-28,186
1743495994.019656,-22,-20,134
1743495994.055656,-18,11,112
1743495994.090656,17,35,140
1743495994.125656,-38,51,118
1743495994.160656,-69,-43,108
1743495994.196656,-100,46,108
1743495994.232656,47,-57,154
1743495994.267656,-30,20,172
1743495994.303656,-35,-35,135
1743495994.338656,-39,0,275
1743495994.373656,27,6,43
1743495994.408656,25,-1,185
1743495994.444656,59,-29,199
1743495994.480656,70,8,81
1743495994.515656,35,-10,145
1743495994.551656,24,-1,279
1743495994.586656,29,-29,107
1743495994.621656,-9,32,59
1743495994.656656,126,18,181
1743495994.692656,26,2,197
1743495994.728656,32,-37,197
1743495994.763656,80,-3,165
1743495994.7996562,16,102,141
1743495994.834656,-25,-15,119
1743495994.869656,-41,-5,215
1743495994.9046562,-49,-29,105
1743495994.940656,-71,8,169
1743495994.976656,-45,50,85
1743495995.011656,5,18,207
1743495995.047656,23,-9,121
1743495995.082656,-8,144,113
1743495995.117656,9,62,91
1743495995.152656,-74,-25,85
1743495995.188656,-28,80,155
1743495995.224656,-36,-22,115
1743495995.259656,-32,22,121
1743495995.295656,-30,-31,65
1743495995.330656,51,0,135
1743495995.365656,-6,-41,149
1743495995.400656,-30,-31,145
1743495995.436656,-42,-97,203
1743495995.472656,-44,-97,91
1743495995.507656,5,42,185
1743495995.543656,-42,-21,61
1743495995.578656,33,-13,49
1743495995.613656,11,16,135
1743495995.648656,-40,4,177
1743495995.684656,45,68,137
1743495995.7206562,-4,0,43
1743495995.755656,-36,57,77
1743495995.791656,0,11,117
1743495995.826656,-26,19,153
1743495995.861656,-2,1,-62
1743495995.896656,-44,3,149
1743495995.932656,-76,-2,175
1743495995.968656,-18,3,185
1743495996.003656,-130,-10,223
1743495996.0396562,10,-20,91
1743495996.074656,58,-50,209
1743495996.109656,18,25,107
1743495996.144656,-50,31,103
1743495996.180656,29,59,61
1743495996.216656,13,-36,141
1743495996.251656,37,45,55
1743495996.287656,-26,21,113
1743495996.3226562,-90,31,69
1743495996.357656,-28,1,283
1743495996.392656,50,57,165
1743495996.428656,-74,-22,77
1743495996.464656,43,-4,71
1743495996.499656,70,-44,153
1743495996.535656,58,59,207
1743495996.570656,16,11,119
1743495996.605656,-63,31,121
1743495996.640656,-11,-6,143
1743495996.676656,76,3,107
1743495996.712656,46,0,61
1743495996.747656,48,26,125
1743495996.783656,-23,10,137
1743495996.818656,-23,-73,117
1743495996.853656,-73,-7,63
1743495996.888656,38,6,201
1743495996.9246562,-21,48,69
1743495996.9606562,-21,42,183
1743495996.995656,24,-27,171
1743495997.031656,18,-19,213
1743495997.066656,2,24,209
1743495997.101656,26,26,209
1743495997.136656,-29,4,71
1743495997.172656,-53,-41,171
1743495997.208656,46,74,143
1743495997.2436562,44,34,43
1743495997.2796562,20,-41,117
1743495997.314656,-29,-11,217
1743495997.349656,-71,-41,93
1743495997.384656,-25,44,195
1743495997.420656,-5,17,49
1743495997.456656,24,97,139
1743495997.491656,-15,8,43
1743495997.527656,50,21,75
1743495997.5626562,-35,8,184
1743495997.597656,16,-21,261
1743495997.632656,36,-11,81
1743495997.668656,32,72,81
1743495997.704656,-73,4,1
1743495997.739656,40,-15,177
1743495997.775656,54,0,211
1743495997.810656,98,-91,160
1743495997.8456562,74,36,103
1743495997.8816562,36,18,170
1743495997.916656,-55,-33,116
1743495997.952656,22,10,116
1743495997.987656,-55,-35,70
1743495998.023656,-23,56,77
1743495998.058656,-23,-65,88
1743495998.093656,16,-29,96
1743495998.129656,32,-7,65
1743495998.1646562,48,-1,107
1743495998.200656,-19,-51,87
1743495998.235656,-33,-47,163
1743495998.271656,16,-19,-50
1743495998.306656,-11,-105,161
1743495998.341656,-36,-13,75
1743495998.377656,-57,12,161
1743495998.412656,-58,0,155
1743495998.448656,-10,-22,1
1743495998.4836562,-29,-6,135
1743495998.519656,44,-134,-68
1743495998.554656,-78,47,251
1743495998.589656,9,-4,81
1743495998.625656,3,21,197
1743495998.660656,91,-48,125
1743495998.696656,51,65,135
1743495998.731656,-14,7,237
1743495998.767656,-8,19,73
1743495998.802656,-18,17,135
1743495998.837656,23,21,59
1743495998.873656,-36,-26,139
1743495998.908656,-32,43,191
1743495998.944656,-16,-41,87
1743495998.979656,-18,-25,109
1743495999.015656,-38,-34,167
1743495999.050656,-6,3,125
1743495999.0856562,-12,49,121
1743495999.121656,3,21,107
1743495999.156656,45,27,151
1743495999.192656,17,-2,225
1743495999.227656,-6,-18,213
1743495999.263656,25,0,65
1743495999.298656,-74,-44,169
1743495999.333656,-4,-38,97
1743495999.369656,-52,-9,177
1743495999.4046562,35,28,115
1743495999.440656,89,2,155
1743495999.475656,73,-43,42
1743495999.511656,93,62,134
1743495999.546656,-16,0,56
1743495999.581656,35,16,118
1743495999.617656,1,58,190
1743495999.652656,-62,46,236
1743495999.688656,69,0,136
1743495999.723656,115,36,136
1743495999.759656,-34,-67,210
1743495999.794656,59,5,42
1743495999.829656,49,5,174
1743495999.865656,-22,-28,212
1743495999.900656,-52,-10,142
1743495999.936656,115,48,66
1743495999.971656,43,4,-17
1743496000.007656,-22,-9,112
1743496000.042656,-94,16,190
1743496000.077656,31,74,178
1743496000.113656,-12,-39,134
1743496000.148656,29,-15,60
1743496000.184656,1,4,84
1743496000.219656,11,24,118
1743496000.255656,35,34,76
1743496000.290656,-58,-5,190
1743496000.325656,59,6,182
1743496000.361656,-4,-17,60
1743496000.396656,-10,-44,186
1743496000.432656,63,55,154
1743496000.467656,17,12,176
1743496000.503656,-22,-17,132
1743496000.538656,-40,6,134
1743496000.573656,69,26,162
1743496000.609656,-14,28,154
1743496000.644656,-56,-51,140
1743496000.680656,-10,-63,124
1743496000.715656,60,-1,154
1743496000.751656,-73,24,178
1743496000.786656,-43,58,120
1743496000.821656,9,45,138
1743496000.857656,9,31,204
1743496000.892656,115,23,146
1743496000.928656,-34,105,126
1743496000.963656,-16,5,282
1743496000.999656,-81,42,170
1743496001.034656,0,-31,58
1743496001.069656,-4,12,186
1743496001.105656,11,16,138
1743496001.140656,79,18,180
1743496001.176656,0,80,130
1743496001.211656,9,-17,176
1743496001.247656,47,102,94
1743496001.282656,-30,20,144
1743496001.324656,35,-75,176
1743496001.361656,-4,12,274
1743496001.396656,-22,46,114
1743496001.432656,0,16,68
1743496001.467656,59,-23,114
1743496001.502656,-44,-75,158
1743496001.537656,15,-67,154
1743496001.573656,17,-65,62
1743496001.609656,1,-37,58
1743496001.644656,-4,10,104
1743496001.680656,-26,-28,76
1743496001.715656,-80,-12,188
1743496001.750656,22,-4,88
1743496001.785656,-11,-76,98
1743496001.821656,-41,-26,116
1743496001.857656,34,-32,84
1743496001.892656,64,-34,72
1743496001.928656,-41,-2,146
1743496001.963656,8,-32,168
1743496001.998656,48,23,190
1743496002.033656,36,35,118
1743496002.069656,36,-6,258
1743496002.105656,-25,3,138
1743496002.140656,3,-6,158
1743496002.176656,37,5,10
1743496002.211656,-2,-8,198
1743496002.246656,-20,-10,226
1743496002.281656,-6,-18,98
1743496002.317656,57,-10,48
1743496002.353656,-34,23,126
1743496002.388656,19,24,54
1743496002.4246562,33,-7,104
1743496002.459656,15,16,82
1743496002.494656,7,-91,190
1743496002.5296562,-14,-53,162
1743496002.565656,-52,59,216
1743496002.601656,-2,-12,44
1743496002.636656,55,33,98
1743496002.672656,-42,37,178
1743496002.707656,-42,8,52
1743496002.742656,-2,-12,202
1743496002.777656,21,-70,166
1743496002.813656,-90,-72,200
1743496002.849656,-22,63,190
1743496002.884656,-12,54,128
1743496002.920656,-34,-32,160
1743496002.955656,55,39,186
1743496002.990656,31,-32,202
1743496003.025656,5,-13,98
1743496003.061656,-16,30,134
1743496003.097656,69,-25,92
1743496003.132656,-38,58,120
1743496003.168656,49,-17,-13
1743496003.203656,31,-5,198
1743496003.238656,-36,-7,208
1743496003.273656,-110,0,127
1743496003.309656,-16,52,65
1743496003.3456562,-14,50,101
1743496003.380656,-28,-17,175
1743496003.416656,-6,18,139
1743496003.451656,42,6,213
1743496003.486656,60,34,243
1743496003.521656,11,-57,115
1743496003.557656,5,18,159
1743496003.593656,-10,-17,139
1743496003.628656,-40,4,133
1743496003.6646562,-14,12,209
1743496003.699656,65,-41,129
1743496003.734656,-42,62,133
1743496003.769656,70,-34,185
1743496003.805656,18,-19,171
1743496003.841656,-63,39,189
1743496003.876656,48,-46,177
1743496003.912656,-23,44,153
1743496003.9476562,0,-9,206
1743496003.982656,40,78,160
1743496004.017656,36,-29,96
1743496004.053656,-71,-21,110
1743496004.089656,4,-40,122
1743496004.124656,14,74,114
1743496004.160656,-37,29,152
1743496004.195656,-75,10,226
1743496004.230656,-25,-13,96
1743496004.265656,38,-7,102
1743496004.301656,42,20,190
1743496004.337656,-15,-35,264
1743496004.372656,-7,50,104
1743496004.408656,84,-37,94
1743496004.443656,-23,-7,-39
1743496004.478656,16,8,214
1743496004.513656,-40,24,114
1743496004.5496562,0,4,140
1743496004.5856562,3,8,44
1743496004.620656,-22,54,232
1743496004.656656,14,10,128
1743496004.691656,36,36,-3
1743496004.726656,52,80,190
1743496004.761656,-77,16,116
1743496004.797656,18,-25,116
1743496004.833656,-46,62,90
1743496004.8686562,44,-61,106
1743496004.9046562,-23,10,216
1743496004.939656,60,-73,174
1743496004.974656,16,-49,112
1743496005.009656,-19,32,64
1743496005.045656,38,26,36
1743496005.081656,-102,60,110
1743496005.116656,-24,6,88
1743496005.152656,11,52,78
1743496005.1876562,-70,-43,182
1743496005.222656,-6,-13,172
1743496005.257656,63,14,104
1743496005.293656,51,36,102
1743496005.329656,-31,36,136
1743496005.364656,-35,8,221
1743496005.400656,-53,-63,273
1743496005.435656,32,-61,51
1743496005.4706562,62,-25,35
1743496005.505656,32,-41,161
1743496005.541656,28,33,143
1743496005.577656,-65,52,-18
1743496005.612656,-49,46,71
1743496005.648656,-5,-75,99
1743496005.683656,20,-53,167
1743496005.718656,66,-63,131
1743496005.753656,-31,-5,237
1743496005.7896562,-33,-33,13
1743496005.825656,58,14,89
1743496005.860656,76,76,155
1743496005.896656,-1,-1,61
1743496005.931656,66,-7,223
1743496005.966656,-23,-39,121
1743496006.001656,-19,-11,177
1743496006.037656,0,10,99
1743496006.073656,-55,-85,147
1743496006.1086562,20,-57,87
1743496006.144656,-12,56,117
1743496006.179656,-91,-37,169
1743496006.214656,-5,32,81
1743496006.249656,38,28,66
1743496006.285656,47,18,200
1743496006.321656,-2,-75,200
1743496006.356656,-27,-39,52
1743496006.392656,-21,15,13
1743496006.427656,70,-32,54
1743496006.462656,30,-30,128
1743496006.497656,-33,7,234
1743496006.533656,-31,65,48
1743496006.569656,-11,-38,72
1743496006.604656,22,27,214
1743496006.640656,-13,-88,120
1743496006.675656,-87,2,42
1743496006.7106562,56,26,112
1743496006.745656,28,5,70
1743496006.781656,98,18,122
1743496006.817656,59,84,80
1743496006.852656,-79,-25,290
1743496006.888656,61,-61,56
1743496006.923656,42,-10,148
1743496006.958656,35,-13,140
1743496006.9936562,-23,19,158
1743496007.0296562,30,-10,42
1743496007.065656,-32,30,188
1743496007.100656,5,-16,42
1743496007.136656,-6,-91,142
1743496007.171656,-82,-21,176
1743496007.206656,-22,41,96
1743496007.241656,61,33,122
1743496007.277656,-10,-4,160
1743496007.313656,-16,-58,98
1743496007.348656,19,-31,100
1743496007.384656,59,24,80
1743496007.419656,59,30,128
1743496007.454656,7,-38,218
1743496007.490656,-22,-60,46
1743496007.525656,-32,-22,-19
1743496007.561656,41,-12,108
1743496007.596656,-16,-2,124
1743496007.632656,-30,45,208
1743496007.667656,73,-32,102
1743496007.702656,27,29,120
1743496007.738656,-50,25,30
1743496007.773656,-36,9,114
1743496007.809656,-10,-36,140
1743496007.844656,67,-66,312
1743496007.880656,49,-4,144
1743496007.915656,-66,-35,182
1743496007.950656,87,10,112
1743496007.986656,-104,-26,232
1743496008.021656,-24,32,118
1743496008.057656,-72,-50,226
1743496008.092656,69,-1,170
1743496008.128656,9,25,204
1743496008.163656,-52,-27,152
1743496008.198656,-68,13,242
1743496008.234656,57,45,132
1743496008.269656,-22,-64,26
1743496008.305656,1,-10,122
1743496008.340656,41,-14,84
1743496008.376656,-14,17,168
1743496008.411656,-28,43,54
1743496008.446656,-6,-2,78
1743496008.482656,41,3,162
1743496008.517656,9,-47,116
1743496008.553656,-42,14,148
1743496008.588656,13,16,106
1743496008.624656,3,-55,216
1743496008.659656,17,30,98
1743496008.694656,63,0,116
1743496008.730656,1,74,138
1743496008.765656,47,88,186
1743496008.801656,1,44,60
1743496008.836656,33,66,124
1743496008.872656,-22,46,194
1743496008.907656,-74,-43,208
1743496008.942656,-46,-45,74
1743496008.978656,5,-47,88
1743496009.013656,45,-37,242
1743496009.0496562,-22,-23,96
1743496009.084656,-28,-61,124
1743496009.120656,-12,36,66
1743496009.155656,-14,-37,70
1743496009.190656,37,44,34
1743496009.226656,-33,22,74
1743496009.261656,-61,32,170
1743496009.297656,-89,20,56
1743496009.332656,-23,-21,182
1743496009.3686562,-73,58,54
1743496009.403656,8,-1,86
1743496009.438656,-12,22,74
1743496009.474656,-35,-49,78
1743496009.509656,18,46,184
1743496009.545656,30,-19,28
1743496009.580656,70,6,120
1743496009.616656,-16,65,92
1743496009.6516562,-83,-60,174
1743496009.686656,0,-45,144
1743496009.722656,-41,-89,96
1743496009.757656,62,-94,272
1743496009.793656,-23,-44,126
1743496009.828656,6,-22,50
1743496009.864656,6,-10,-15
1743496009.899656,-1,-16,214
1743496009.934656,-9,-58,156
1743496009.9706562,12,-18,208
1743496010.005656,-47,8,226
1743496010.041656,60,24,118
1743496010.076656,82,31,118
1743496010.112656,-1,26,130
1743496010.147656,16,86,164
1743496010.182656,-49,-21,120
1743496010.218656,2,0,126
1743496010.253656,-23,-106,128
1743496010.2896562,-33,-48,76
1743496010.324656,-39,-28,126
1743496010.360656,-23,-7,154
1743496010.395656,12,32,94
1743496010.430656,-23,-25,2
1743496010.466656,6,0,122
1743496010.501656,44,10,206
1743496010.537656,-79,14,154
1743496010.5726562,24,28,74
1743496010.6086562,-74,2,110
1743496010.643656,7,-6,145
1743496010.678656,33,4,119
1743496010.714656,-8,10,130
1743496010.749656,3,17,178
1743496010.785656,91,59,160
1743496010.820656,-29,-8,129
1743496010.856656,87,-6,-14
1743496010.892656,53,95,256
1743496010.928656,-6,-78,146
1743496010.964656,-2,5,88
1743496010.999656,23,-2,246
1743496011.034656,-76,-6,18
1743496011.070656,-2,27,210
1743496011.106656,-36,41,116
1743496011.1416562,-22,-14,74
1743496011.177656,-14,21,116
1743496011.212656,47,-6,210
1743496011.247656,45,77,96
1743496011.282656,13,-30,128
1743496011.318656,-56,-66,236
1743496011.361656,-30,-26,250
1743496011.397656,53,-40,42
1743496011.433656,5,181,124
1743496011.468656,-79,9,192
1743496011.503656,64,-12,104
1743496011.538656,-48,25,156
1743496011.574656,65,-34,188
1743496011.610656,-5,0,100
1743496011.645656,-25,-59,80
1743496011.681656,73,7,141
1743496011.716656,-11,-88,217
1743496011.751656,76,11,113
1743496011.786656,78,-4,197
1743496011.8226562,20,-144,125
1743496011.8586562,-39,-24,167
1743496011.893656,66,-52,121
1743496011.929656,30,31,119
1743496011.964656,28,87,61
1743496011.999656,-29,44,75
1743496012.034656,-75,-33,59
1743496012.070656,-3,18,153
1743496012.106656,-5,0,83
1743496012.1416562,44,30,273
1743496012.177656,-9,-21,81
1743496012.212656,-49,-59,89
1743496012.247656,62,-11,183
1743496012.282656,52,-5,99
1743496012.318656,-101,4,219
1743496012.354656,-31,-15,201
1743496012.389656,-31,-37,193
1743496012.425656,22,58,67
1743496012.4606562,-13,-19,241
1743496012.495656,2,10,69
1743496012.530656,40,12,163
1743496012.566656,8,16,95
1743496012.602656,12,-13,215
1743496012.637656,36,10,171
1743496012.673656,27,44,25
1743496012.708656,-12,-11,95
1743496012.7436562,116,-83,125
1743496012.778656,42,-41,65
1743496012.814656,-59,20,115
1743496012.850656,-63,14,319
1743496012.885656,-13,26,127
1743496012.921656,-109,26,39
1743496012.956656,-25,48,59
1743496012.991656,58,-1,119
1743496013.0266562,-25,58,137
1743496013.0626562,-5,2,55
1743496013.098656,-13,-19,161
1743496013.133656,34,54,129
1743496013.169656,-73,-43,243
1743496013.204656,28,-35,171
1743496013.239656,-3,38,149
1743496013.274656,-35,-19,161
1743496013.310656,92,2,123
1743496013.346656,38,-1,243
1743496013.3816562,10,-9,203
1743496013.418656,-31,-67,197
1743496013.453656,-15,-27,257
1743496013.489656,58,10,235
1743496013.524656,-1,38,46
1743496013.559656,28,2,172
1743496013.594656,51,14,68
1743496013.630656,41,-9,224
1743496013.666656,107,-33,86
1743496013.701656,19,-117,132
1743496013.737656,3,20,78
1743496013.772656,19,-13,174
1743496013.807656,31,38,206
1743496013.842656,-36,38,180
1743496013.878656,51,52,224
1743496013.9146562,-32,20,122
1743496013.949656,29,10,196
1743496013.985656,-34,-56,184
1743496014.020656,73,-99,198
1743496014.055656,-156,6,42
1743496014.090656,57,-39,146
1743496014.126656,101,-109,34
1743496014.162656,23,32,0
1743496014.1976562,-6,-19,98
1743496014.2336562,-10,-17,108
1743496014.268656,77,28,200
1743496014.303656,-106,-76,104
1743496014.338656,57,-24,154
1743496014.374656,-62,5,92
1743496014.410656,67,45,86
1743496014.445656,-8,-4,82
1743496014.481656,47,-32,130
1743496014.5166562,107,57,122
1743496014.551656,81,-48,154
1743496014.586656,-40,-41,90
1743496014.622656,5,21,142
1743496014.658656,-32,17,222
1743496014.693656,79,5,126
1743496014.729656,24,-14,54
1743496014.764656,34,-36,52
1743496014.7996562,-19,11,66
1743496014.834656,-16,-9,102
1743496014.870656,63,50,94
1743496014.906656,-14,-47,262
1743496014.941656,-52,-11,180
1743496014.977656,-24,38,76
1743496015.012656,-10,-54,124
1743496015.047656,-20,-66,104
1743496015.082656,-28,40,18
1743496015.1186562,-4,2,110
1743496015.1546562,-32,14,205
1743496015.189656,0,20,146
1743496015.225656,-94,-30,134
1743496015.260656,11,12,254
1743496015.295656,5,-12,100
1743496015.330656,27,-25,234
1743496015.366656,-42,16,88
1743496015.402656,-30,-37,102
1743496015.4376562,63,26,112
1743496015.473656,-82,-58,160
1743496015.508656,-26,-19,46
1743496015.543656,-44,-8,106
1743496015.578656,17,63,280
1743496015.614656,13,15,145
1743496015.650656,83,-36,158
1743496015.685656,35,13,230
1743496015.721656,-109,-14,5
1743496015.7566562,-121,-28,-8
1743496015.791656,1,-9,129
1743496015.826656,61,60,175
1743496015.862656,-18,-7,135
1743496015.898656,77,28,133
1743496015.933656,23,62,143
1743496015.969656,47,1,205
1743496016.004656,45,0,163
1743496016.0396562,13,-39,201
1743496016.075656,-4,-10,225
1743496016.110656,-6,90,71
1743496016.146656,31,-49,115
1743496016.181656,-64,32,123
1743496016.217656,27,-53,73
1743496016.252656,-36,6,227
1743496016.287656,27,2,157
1743496016.3226562,59,-25,133
1743496016.3586562,19,-71,85
1743496016.394656,99,68,113
1743496016.429656,59,-43,140
1743496016.465656,3,12,112
1743496016.500656,23,32,86
1743496016.535656,64,-19,86
1743496016.570656,17,-27,132
1743496016.606656,-2,20,188
1743496016.642656,81,-65,87
1743496016.677656,-54,8,107
1743496016.713656,-52,-37,117
1743496016.748656,-26,-11,287
1743496016.783656,-28,-31,83
1743496016.818656,71,-35,115
1743496016.854656,45,26,207
1743496016.890656,-12,6,175
1743496016.925656,17,42,153
1743496016.961656,-18,-14,137
1743496016.996656,37,52,67
1743496017.031656,89,-46,125
1743496017.067656,-32,-4,191
1743496017.102656,21,23,119
1743496017.138656,-20,-24,227
1743496017.173656,-66,-34,83
1743496017.209656,39,-14,83
1743496017.244656,13,13,105
1743496017.2796562,83,-18,93
1743496017.315656,35,8,121
1743496017.350656,81,46,129
1743496017.386656,99,16,253
1743496017.421656,-10,6,107
1743496017.457656,-58,-97,119
1743496017.492656,47,106,221
1743496017.527656,9,-55,129
1743496017.563656,-30,-9,131
1743496017.598656,-16,-19,119
1743496017.634656,-36,38,127
1743496017.669656,35,6,107
1743496017.705656,-38,-7,149
1743496017.740656,-56,32,105
1743496017.775656,-78,-51,123
1743496017.811656,37,-23,265
1743496017.846656,8,62,151
1743496017.882656,14,-25,29
1743496017.917656,36,94,131
1743496017.953656,13,24,149
1743496017.988656,20,34,185
1743496018.023656,-21,32,125
1743496018.059656,10,29,179
1743496018.094656,46,33,97
1743496018.130656,12,-31,213
1743496018.165656,-11,79,189
1743496018.201656,-27,23,181
1743496018.236656,4,-20,95
1743496018.271656,56,-38,7
1743496018.307656,-7,-8,9
1743496018.342656,-19,-31,119
1743496018.378656,64,-9,153
1743496018.413656,12,10,27
1743496018.449656,80,-39,61
1743496018.484656,-5,-29,35
1743496018.519656,28,0,3
1743496018.555656,-33,-87,225
1743496018.590656,14,18,223
1743496018.626656,-33,110,160
1743496018.661656,28,-13,216
1743496018.6976562,17,-4,106
1743496018.732656,21,-16,34
1743496018.767656,56,-32,79
1743496018.803656,54,-28,112
1743496018.838656,-39,-120,118
1743496018.874656,82,-48,152
1743496018.909656,75,59,-10
1743496018.945656,1,3,75
1743496018.980656,34,51,87
1743496019.015656,33,-48,113
1743496019.051656,23,-10,89
1743496019.086656,37,-40,157
1743496019.122656,-20,29,149
1743496019.157656,55,-14,199
1743496019.193656,-12,-50,107
1743496019.228656,-13,75,123
1743496019.263656,1,23,195
1743496019.2996562,71,7,223
1743496019.334656,55,-36,85
1743496019.370656,-38,-14,149
1743496019.405656,-105,-22,163
1743496019.441656,-51,-8,69
1743496019.476656,-7,-16,125
1743496019.511656,26,31,77
1743496019.547656,-50,-16,165
1743496019.582656,-42,-18,155
1743496019.6186562,-1,-4,157
1743496019.653656,24,-66,125
1743496019.689656,-27,15,117
1743496019.724656,-10,37,97
1743496019.759656,-66,35,105
1743496019.795656,-30,-12,115
1743496019.830656,-18,-60,133
1743496019.866656,1,-10,201
1743496019.9016562,-64,-32,189
1743496019.9376562,-20,17,163
1743496019.972656,-62,23,129
1743496020.007656,35,-58,75
1743496020.043656,29,59,71
1743496020.078656,17,31,143
1743496020.114656,99,11,89
1743496020.149656,62,39,151
1743496020.185656,17,-44,176
1743496020.2206562,-66,-60,236
1743496020.255656,-48,44,174
1743496020.291656,21,-83,160
1743496020.326656,23,20,-11
1743496020.362656,55,-3,76
1743496020.397656,-10,67,174
1743496020.433656,-4,-2,158
1743496020.469656,31,5,72
1743496020.505656,7,-35,116
1743496020.541656,-68,69,8
1743496020.576656,49,-22,-3
1743496020.611656,63,36,136
1743496020.647656,-22,14,194
1743496020.683656,-30,4,170
1743496020.718656,83,46,148
1743496020.754656,-16,42,134
1743496020.7896562,99,-61,48
1743496020.824656,15,36,170
1743496020.859656,-20,20,220
1743496020.895656,-2,-23,34
1743496020.931656,-62,6,94
1743496020.966656,9,-19,25
1743496021.002656,27,80,75
1743496021.037656,-58,6,119
1743496021.0726562,-22,8,51
1743496021.107656,-84,48,131
1743496021.143656,41,10,105
1743496021.179656,49,-40,149
1743496021.214656,-6,-82,85
1743496021.250656,25,-68,183
1743496021.285656,87,23,231
1743496021.320656,3,-30,107
1743496021.363656,-12,21,69
1743496021.399656,-14,-16,37
1743496021.435656,3,-8,109
1743496021.4706562,-58,2,185
1743496021.5066562,-12,4,104
1743496021.541656,-32,5,276
1743496021.576656,-2,21,110
1743496021.611656,61,-66,180
1743496021.647656,47,-50,194
1743496021.683656,52,-46,140
1743496021.718656,-62,29,186
1743496021.754656,-32,-70,160
1743496021.7896562,-43,12,156
1743496021.824656,-11,4,2
1743496021.859656,-9,22,26
1743496021.895656,-23,-7,152
1743496021.931656,2,8,98
1743496021.966656,36,58,296
1743496022.002656,-41,4,148
1743496022.037656,46,-11,128
1743496022.0726562,-12,18,152
1743496022.107656,-46,20,120
1743496022.143656,23,64,124
1743496022.179656,11,8,146
1743496022.214656,11,-35,258
1743496022.250656,-17,38,146
1743496022.285656,-60,-29,36
1743496022.320656,29,-37,246
1743496022.355656,-40,54,122
1743496022.3916562,19,-65,54
1743496022.427656,-42,-15,258
1743496022.462656,-34,-9,139
1743496022.498656,7,-83,209
1743496022.533656,-26,-19,69
1743496022.568656,47,-69,165
1743496022.603656,85,42,15
1743496022.639656,3,8,151
1743496022.675656,-48,62,101
1743496022.7106562,1,-19,21
1743496022.746656,1,-17,275
1743496022.781656,-84,16,91
1743496022.816656,-14,36,141
1743496022.851656,37,24,27
1743496022.887656,-22,-49,169
1743496022.923656,-42,-23,155
1743496022.958656,39,10,197
1743496022.994656,-2,0,223
1743496023.0296562,113,-11,315
1743496023.064656,-4,1,111
1743496023.099656,-66,21,237
1743496023.135656,-10,-22,193
1743496023.171656,49,25,137
1743496023.206656,27,20,41
1743496023.242656,-34,-5,105
1743496023.277656,5,78,151
1743496023.3126562,-26,2,25
1743496023.347656,-24,-79,69
1743496023.383656,0,-45,91
1743496023.419656,49,-11,167
1743496023.454656,-44,-19,205
1743496023.490656,-48,-1,149
1743496023.525656,79,-13,133
1743496023.560656,-12,-3,135
1743496023.5956562,-10,14,253
1743496023.6316562,-56,6,107
1743496023.667656,-60,-11,157
1743496023.702656,-18,60,103
1743496023.738656,-2,-49,51
1743496023.773656,5,-38,213
1743496023.808656,43,-21,271
1743496023.843656,1,17,93
1743496023.879656,-20,28,173
1743496023.915656,-4,47,193
1743496023.950656,-72,9,251
1743496023.986656,61,-7,89
1743496024.021656,23,-23,167
1743496024.056656,21,14,187
1743496024.091656,55,46,227
1743496024.127656,-50,-76,187
1743496024.163656,-50,-1,243
1743496024.198656,41,-22,161
1743496024.234656,-16,0,127
1743496024.269656,-18,6,239
1743496024.304656,15,-15,27
1743496024.339656,31,57,71
1743496024.375656,-42,-35,-18
1743496024.411656,37,15,51
1743496024.446656,59,10,111
1743496024.482656,-26,47,87
1743496024.517656,29,22,169
1743496024.552656,-36,0,139
1743496024.587656,-82,-35,133
1743496024.623656,-68,-9,179
1743496024.659656,-10,-29,115
1743496024.694656,51,36,77
1743496024.730656,9,56,63
1743496024.765656,-14,64,101
1743496024.800656,9,-9,33
1743496024.8356562,19,-27,259
1743496024.871656,-30,28,85
1743496024.907656,35,-59,87
1743496024.942656,0,-39,179
1743496024.978656,-54,-39,21
1743496025.013656,21,18,181
1743496025.048656,7,-11,261
1743496025.083656,-2,32,153
1743496025.119656,11,-1,199
1743496025.155656,26,74,133
1743496025.190656,38,8,73
1743496025.226656,-7,-31,153
1743496025.261656,32,6,101
1743496025.296656,-31,20,15
1743496025.331656,-31,2,97
1743496025.367656,30,-23,93
1743496025.403656,38,2,157
1743496025.438656,-41,34,59
1743496025.474656,22,38,101
1743496025.509656,-87,-23,133
1743496025.544656,38,30,165
1743496025.579656,24,-5,171
1743496025.615656,2,6,133
1743496025.6516562,-50,26,179
1743496025.686656,55,0,101
1743496025.722656,43,105,63
1743496025.757656,-20,-68,183
1743496025.792656,-90,5,183
1743496025.827656,65,11,27
1743496025.863656,-112,-82,41
1743496025.899656,-98,49,93
1743496025.934656,-32,8,77
1743496025.9706562,65,28,121
1743496026.005656,11,28,159
1743496026.040656,35,90,213
1743496026.075656,-36,9,99
1743496026.111656,21,-48,81
1743496026.147656,-34,10,223
1743496026.182656,-42,-29,145
1743496026.218656,51,-33,167
1743496026.253656,-2,-15,203
1743496026.288656,-140,20,37
1743496026.324656,41,76,111
1743496026.359656,7,-27,180
1743496026.395656,-112,30,226
1743496026.430656,-3,-2,150
1743496026.466656,-31,41,102
1743496026.501656,-42,-3,50
1743496026.536656,117,4,100
1743496026.5726562,12,-46,136
1743496026.607656,-82,5,154
1743496026.643656,23,7,202
1743496026.678656,-39,5,130
1743496026.714656,-49,-78,80
1743496026.749656,-54,9,144
1743496026.784656,-90,-5,-17
1743496026.820656,-30,32,54
1743496026.855656,-34,-15,194
1743496026.8916562,21,8,128
1743496026.926656,29,-23,150
1743496026.962656,29,6,84
1743496026.997656,-60,-75,102
1743496027.032656,39,-5,132
1743496027.068656,-14,20,26
1743496027.103656,-36,34,156
1743496027.139656,-70,-35,160
1743496027.1746562,-64,0,124
1743496027.2106562,-38,-11,28
1743496027.245656,-26,52,116
1743496027.280656,-78,-15,148
1743496027.316656,-6,42,216
1743496027.351656,63,28,52
1743496027.387656,5,-1,266
1743496027.422656,-54,2,124
1743496027.458656,-6,96,182
1743496027.4936562,-150,-15,186
1743496027.528656,3,8,58
1743496027.564656,-30,-33,116
1743496027.599656,45,46,122
1743496027.635656,-66,100,208
1743496027.670656,61,14,152
1743496027.706656,35,1,210
1743496027.741656,-12,8,182
1743496027.7766562,113,28,46
1743496027.8126562,-36,-48,170
1743496027.847656,-20,28,122
1743496027.883656,85,-1,102
1743496027.918656,21,-5,82
1743496027.954656,11,-27,162
1743496027.989656,-50,-28,166
1743496028.024656,-10,-74,134
1743496028.060656,7,57,114
1743496028.0956562,-34,-38,138
1743496028.1316562,-42,-16,110
1743496028.166656,-48,33,104
1743496028.202656,-8,-30,186
1743496028.237656,-32,3,84
1743496028.272656,-40,71,170
1743496028.308656,4,-14,112
1743496028.343656,20,0,96
1743496028.379656,-4,23,236
1743496028.4146562,23,-44,150
1743496028.450656,-18,55,178
1743496028.485656,-12,21,156
1743496028.520656,41,11,186
1743496028.556656,53,-12,104
1743496028.591656,-72,23,134
1743496028.627656,-16,-30,210
1743496028.662656,-12,-11,40
1743496028.698656,40,-36,54
1743496028.7336562,-20,20,126
1743496028.768656,-20,66,126
1743496028.804656,15,2,152
1743496028.839656,-22,49,16
1743496028.875656,19,58,146
1743496028.910656,-98,42,102
1743496028.946656,-80,46,165
1743496028.981656,101,-78,122
1743496029.0166562,63,21,83
1743496029.052656,47,24,121
1743496029.087656,9,-51,85
1743496029.123656,49,48,77
1743496029.158656,-26,8,135
1743496029.194656,-24,44,145
1743496029.229656,19,-19,93
1743496029.264656,-14,0,85
1743496029.300656,81,-30,65
1743496029.3356562,103,59,121
1743496029.371656,7,-28,39
1743496029.406656,-72,-67,99
1743496029.442656,-2,0,163
1743496029.477656,-90,32,113
1743496029.512656,-56,26,91
1743496029.548656,63,-73,79
1743496029.583656,11,-11,147
1743496029.619656,73,14,231
1743496029.6546562,-24,-27,159
1743496029.690656,-86,28,155
1743496029.725656,49,-9,147
1743496029.760656,-33,-19,145
1743496029.796656,-42,26,97
1743496029.831656,97,46,149
1743496029.867656,-6,48,147
1743496029.902656,-42,-33,151
1743496029.938656,9,-131,189
1743496029.974656,-8,66,131
1743496030.010656,-62,38,87
1743496030.046656,-22,-13,85
1743496030.081656,0,10,195
1743496030.116656,-80,17,-4
1743496030.152656,23,-68,159
1743496030.188656,-20,-35,103
1743496030.223656,43,-39,153
1743496030.259656,-14,54,143
1743496030.294656,49,22,157
1743496030.329656,0,-1,115
1743496030.364656,16,-16,183
1743496030.400656,-5,-16,209
1743496030.436656,118,5,147
1743496030.471656,4,31,157
1743496030.507656,42,-28,123
1743496030.542656,2,-42,137
1743496030.577656,42,-40,87
1743496030.612656,-75,13,183
1743496030.648656,6,11,81
1743496030.684656,-17,-18,197
1743496030.719656,28,25,175
1743496030.755656,46,43,113
1743496030.790656,24,1,111
1743496030.825656,-67,65,98
1743496030.860656,19,81,186
1743496030.896656,45,41,114
1743496030.932656,-76,5,54
1743496030.967656,79,77,266
1743496031.003656,-90,19,156
1743496031.038656,21,-66,209
1743496031.073656,-46,39,164
1743496031.1086562,63,41,216
1743496031.144656,-34,-72,100
1743496031.180656,45,33,174
1743496031.215656,25,65,156
1743496031.251656,-86,-78,174
1743496031.286656,-26,19,202
1743496031.321656,54,-22,276
1743496031.364656,47,-4,120
1743496031.400656,47,-4,122
1743496031.436656,29,-27,54
1743496031.471656,-2,-15,112
1743496031.507656,-20,-7,78
1743496031.542656,-14,-31,74
1743496031.577656,-34,-11,140
1743496031.612656,43,-44,192
1743496031.648656,15,77,210
1743496031.684656,62,5,144
1743496031.719656,22,17,122
1743496031.755656,-48,-39,8
1743496031.790656,-62,-9,162
1743496031.825656,-20,46,108
1743496031.860656,0,-71,84
1743496031.896656,51,10,116
1743496031.932656,-62,-43,195
1743496031.967656,-8,6,46
1743496032.003656,-64,30,43
1743496032.038656,61,34,85
1743496032.073656,-34,48,187
1743496032.1086562,-22,-9,135
1743496032.144656,-14,-15,21
1743496032.180656,63,0,161
1743496032.215656,19,14,151
1743496032.251656,0,56,101
1743496032.286656,34,-17,159
1743496032.321656,26,-107,277
1743496032.356656,20,-69,143
1743496032.392656,6,42,65
1743496032.428656,-3,0,159
1743496032.463656,-109,35,159
1743496032.499656,97,-13,151
1743496032.534656,-18,20,139
1743496032.569656,7,18,259
1743496032.604656,-35,75,111
1743496032.640656,22,19,113
1743496032.676656,-65,5,89
1743496032.711656,30,-30,63
1743496032.747656,-61,21,167
1743496032.782656,33,23,141
1743496032.817656,-102,5,193
1743496032.852656,-29,57,31
1743496032.888656,-41,57,71
1743496032.9246562,-77,-36,65
1743496032.959656,34,-22,183
1743496032.995656,-10,53,81
1743496033.030656,-76,83,55
1743496033.065656,-18,77,79
1743496033.100656,-12,0,123
1743496033.136656,3,-28,89
1743496033.172656,-8,59,161
1743496033.207656,45,-36,65
1743496033.2436562,-66,-22,109
1743496033.278656,71,-26,217
1743496033.313656,31,1,191
1743496033.348656,19,-62,173
1743496033.384656,-54,-2,155
1743496033.420656,9,23,95
1743496033.455656,-28,49,257
1743496033.491656,23,-28,133
1743496033.5266562,-31,-28,85
1743496033.561656,63,49,67
1743496033.596656,21,47,197
1743496033.632656,-40,21,232
1743496033.668656,23,-28,180
1743496033.703656,27,7,140
1743496033.739656,-84,-15,228
1743496033.774656,-56,-9,72
1743496033.809656,61,-9,206
1743496033.844656,-96,-3,58
1743496033.880656,55,-1,142
1743496033.916656,125,-25,204
1743496033.951656,53,-1,200
1743496033.987656,-40,72,130
1743496034.022656,23,-84,94
1743496034.057656,-14,-113,144
1743496034.092656,23,24,196
1743496034.128656,47,-1,105
1743496034.1646562,81,-25,185
1743496034.199656,1,34,220
1743496034.235656,-16,42,135
1743496034.270656,-36,-47,77
1743496034.305656,-10,4,189
1743496034.340656,-24,46,41
1743496034.376656,-34,88,101
1743496034.412656,-48,26,53
1743496034.4476562,-12,44,89
1743496034.4836562,-37,-43,15
1743496034.518656,43,60,147
1743496034.553656,9,2,205
1743496034.588656,8,-16,208
1743496034.624656,38,-84,18
1743496034.660656,78,31,190
1743496034.695656,-23,23,161
1743496034.731656,-15,15,185
1743496034.7666562,-41,-6,143
1743496034.801656,8,39,127
1743496034.836656,-27,37,67
1743496034.872656,-5,29,121
1743496034.908656,-11,31,69
1743496034.943656,-21,13,159
1743496034.979656,-43,-18,139
1743496035.014656,60,49,83
1743496035.0496562,30,-40,155
1743496035.084656,34,-30,169
1743496035.120656,-1,-28,83
1743496035.156656,8,-42,205
1743496035.191656,16,-8,101
1743496035.227656,16,-56,115
1743496035.262656,-57,-10,115
1743496035.297656,-49,17,155
1743496035.332656,-31,61,129
1743496035.3686562,32,-4,166
1743496035.4046562,-35,33,-18
1743496035.439656,4,-46,136
1743496035.475656,-21,-32,-2
1743496035.510656,71,27,164
1743496035.545656,-38,35,78
1743496035.580656,-16,25,64
1743496035.616656,35,-30,150
1743496035.652656,7,4,46
1743496035.6876562,27,24,8
1743496035.723656,61,-23,46
1743496035.758656,37,28,129
1743496035.793656,-18,8,18
1743496035.828656,-32,-63,134
1743496035.864656,-2,-13,147
1743496035.900656,3,18,105
1743496035.935656,100,-81,61
1743496035.971656,24,-51,107
1743496036.0066562,-9,52,65
1743496036.041656,60,10,177
1743496036.077656,64,-41,277
1743496036.112656,-49,14,211
1743496036.148656,94,-3,177
1743496036.183656,-29,-19,59
1743496036.219656,-11,24,115
1743496036.254656,4,-7,257
1743496036.2896562,-55,4,245
1743496036.325656,66,-19,75
1743496036.360656,14,-9,157
1743496036.396656,10,-39,189
1743496036.431656,56,-27,200
1743496036.467656,-3,-65,100
1743496036.502656,14,-59,194
1743496036.537656,-33,56,169
1743496036.573656,2,58,84
1743496036.6086562,12,4,72
1743496036.644656,86,-1,180
1743496036.679656,18,50,128
1743496036.715656,-25,14,134
1743496036.750656,-89,-7,120
1743496036.785656,28,18,102
1743496036.821656,38,23,70
1743496036.856656,56,-8,84
1743496036.892656,2,11,122
1743496036.927656,23,65,52
1743496036.963656,-24,-56,228
1743496036.998656,65,49,166
1743496037.033656,36,-57,110
1743496037.069656,-45,40,184
1743496037.104656,88,-37,78
1743496037.140656,-27,0,198
1743496037.175656,-23,-91,174
1743496037.211656,58,7,126
1743496037.246656,-5,30,120
1743496037.281656,-21,-11,102
1743496037.317656,-65,-17,188
1743496037.352656,28,-11,146
1743496037.388656,-37,-7,128
1743496037.423656,52,43,148
1743496037.459656,-33,-19,56
1743496037.494656,-11,90,160
1743496037.5296562,-15,-61,84
1743496037.565656,-41,-8,180
1743496037.600656,-10,21,188
1743496037.636656,45,31,102
1743496037.671656,37,38,166
1743496037.707656,48,-29,174
1743496037.742656,20,-13,96
1743496037.777656,18,18,150
1743496037.813656,-33,-9,168
1743496037.848656,38,-10,142
1743496037.884656,50,-28,212
1743496037.919656,-7,-11,154
1743496037.955656,-15,94,150
1743496037.990656,22,10,162
1743496038.025656,44,28,106
1743496038.061656,-51,12,146
1743496038.096656,-43,4,-15
1743496038.132656,-6,-39,194
1743496038.167656,7,68,194
1743496038.203656,36,-17,186
1743496038.238656,-14,-19,156
1743496038.273656,-22,72,288
1743496038.309656,-46,68,204
1743496038.344656,-50,94,36
1743496038.380656,-44,-19,218
1743496038.415656,121,22,78
1743496038.451656,-28,-1,36
1743496038.486656,-7,2,130
1743496038.521656,48,14,208
1743496038.557656,2,-29,246
1743496038.592656,-99,0,89
1743496038.628656,28,22,101
1743496038.663656,-17,36,120
1743496038.699656,76,10,110
1743496038.734656,-68,-87,200
1743496038.769656,-30,-9,119
1743496038.805656,8,-11,196
1743496038.840656,16,-31,122
1743496038.876656,-101,4,83
1743496038.911656,79,92,121
1743496038.9476562,71,-35,129
1743496038.982656,-16,-7,51
1743496039.019656,47,-7,77
1743496039.054656,75,-31,195
1743496039.089656,86,-21,-16
1743496039.125656,-26,24,157
1743496039.160656,-5,-33,79
1743496039.196656,-34,28,79
1743496039.231656,-6,26,135
1743496039.267656,71,20,129
1743496039.302656,-30,28,253
1743496039.337656,69,14,167
1743496039.373656,-44,22,177
1743496039.408656,17,-3,141
1743496039.444656,39,14,211
1743496039.479656,-18,-53,83
1743496039.514656,-26,-33,33
1743496039.5496562,43,-77,89
1743496039.5856562,23,50,141
1743496039.621656,-24,8,105
1743496039.656656,37,-29,147
1743496039.692656,55,-31,55
1743496039.727656,47,6,147
1743496039.762656,7,28,187
1743496039.797656,-40,29,51
1743496039.833656,23,-16,189
1743496039.869656,3,-96,87
1743496039.9046562,69,-10,93
1743496039.940656,41,-14,335
1743496039.975656,37,7,159
1743496040.010656,-54,21,227
1743496040.045656,-37,15,35
1743496040.081656,-13,21,137
1743496040.117656,6,11,195
1743496040.152656,10,-70,91
1743496040.188656,-23,-54,133
1743496040.223656,-56,-73,49
1743496040.258656,-8,24,269
1743496040.293656,-29,-1,115
1743496040.329656,30,-82,127
1743496040.365656,16,5,157
1743496040.400656,46,39,171
1743496040.436656,50,-6,31
1743496040.471656,8,19,89
1743496040.5066562,-21,-20,65
1743496040.541656,18,-38,157
1743496040.577656,-5,0,155
1743496040.613656,50,35,143
1743496040.648656,20,-8,207
1743496040.684656,-25,-33,27
1743496040.719656,-19,-57,183
1743496040.754656,36,-42,175
1743496040.7896562,-7,22,103
1743496040.825656,30,24,131
1743496040.861656,-47,2,123
1743496040.896656,4,12,191
1743496040.932656,-5,-36,135
1743496040.967656,-25,-10,229
1743496041.002656,-31,78,145
1743496041.037656,16,38,145
1743496041.073656,-19,-33,175
1743496041.109656,-9,5,251
1743496041.144656,56,45,107
1743496041.180656,2,15,77
1743496041.215656,29,55,205
1743496041.250656,-18,-2,211
1743496041.285656,27,7,53
1743496041.321656,-10,-22,-17
1743496041.357656,-50,5,220
1743496041.399656,-14,-56,139
1743496041.436656,33,66,16
1743496041.471656,17,110,246
1743496041.5066562,-6,-11,160
1743496041.541656,-26,56,206
1743496041.577656,67,-17,128
1743496041.613656,73,-3,168
1743496041.648656,-28,2,198
1743496041.684656,-20,10,126
1743496041.719656,1,-97,16
1743496041.754656,-108,34,84
1743496041.7896562,91,88,56
1743496041.825656,0,32,188
1743496041.861656,107,79,96
1743496041.896656,-70,56,170
1743496041.932656,-24,-14,182
1743496041.967656,-36,-37,80
1743496042.002656,-30,-45,158
1743496042.037656,-30,-19,166
1743496042.073656,65,-59,12
1743496042.109656,11,-13,32
1743496042.144656,5,-7,116
1743496042.180656,57,76,140
1743496042.215656,-10,-5,78
1743496042.250656,53,74,114
1743496042.285656,87,-31,228
1743496042.321656,-18,-69,100
1743496042.357656,17,52,96
1743496042.392656,31,-21,114
1743496042.428656,-2,-39,78
1743496042.463656,-52,30,120
1743496042.498656,19,36,136
1743496042.533656,61,-51,50
1743496042.569656,-22,-41,120
1743496042.605656,23,20,92
1743496042.640656,79,30,18
1743496042.676656,-8,10,136
1743496042.711656,67,-17,88
1743496042.746656,-80,30,136
1743496042.781656,-36,-41,67
1743496042.817656,-18,-23,245
1743496042.853656,39,-1,181
1743496042.888656,-56,-23,103
1743496042.9246562,53,72,120
1743496042.959656,-140,6,172
1743496042.994656,59,76,196
1743496043.0296562,-38,-67,189
1743496043.065656,-6,-39,197
1743496043.101656,61,0,71
1743496043.136656,-100,-30,23
1743496043.172656,-56,-58,39
1743496043.207656,31,7,73
1743496043.242656,-34,5,89
1743496043.277656,12,52,221
1743496043.313656,-1,34,97
1743496043.349656,-32,-23,139
1743496043.384656,37,-17,33
1743496043.420656,9,-89,179
1743496043.455656,25,6,97
1743496043.490656,27,32,147
1743496043.525656,23,14,195
1743496043.561656,-86,-41,43
1743496043.597656,29,4,125
1743496043.632656,54,48,183
1743496043.668656,-23,-55,237
1743496043.703656,-44,6,117
1743496043.738656,5,26,101
1743496043.773656,-24,-35,11
1743496043.809656,13,-109,175
1743496043.8456562,-16,-43,39
1743496043.880656,1,-8,73
1743496043.916656,-52,-10,200
1743496043.951656,-8,7,194
1743496043.986656,-90,-27,152
1743496044.021656,18,45,231
1743496044.057656,-41,13,65
1743496044.093656,-23,19,74
1743496044.128656,-10,-10,182
1743496044.1646562,3,47,148
1743496044.199656,-58,-26,178
1743496044.234656,-48,-26,98
1743496044.269656,73,14,196
1743496044.305656,65,71,254
1743496044.341656,17,-69,166
1743496044.376656,-10,18,24
1743496044.412656,37,51,162
1743496044.4476562,-4,29,50
1743496044.482656,65,25,170
1743496044.517656,23,-20,184
1743496044.553656,48,15,114
1743496044.589656,-1,13,154
1743496044.624656,-23,-34,154
1743496044.660656,-61,-33,82
1743496044.695656,69,24,56
1743496044.730656,12,-67,76
1743496044.765656,-55,-27,230
1743496044.801656,11,14,166
1743496044.837656,69,-41,162
1743496044.872656,59,-15,202
1743496044.908656,-16,15,62
1743496044.943656,11,25,170
1743496044.978656,19,-34,-27
1743496045.013656,5,11,174
1743496045.0496562,-16,-10,50
1743496045.0856562,-82,36,210
1743496045.120656,-28,-15,172
1743496045.156656,-36,-39,40
1743496045.191656,35,-67,6
1743496045.226656,-24,-21,176
1743496045.261656,5,-27,100
1743496045.297656,5,-7,330
1743496045.333656,63,-53,160
1743496045.3686562,-24,-29,180
1743496045.4046562,25,56,120
1743496045.439656,51,34,94
1743496045.474656,-74,90,262
1743496045.510656,-54,54,44
1743496045.545656,-36,-13,218
1743496045.581656,21,-19,176
1743496045.616656,51,30,194
1743496045.652656,-30,-7,62
1743496045.6876562,-4,-21,300
1743496045.722656,49,44,120
1743496045.758656,-22,72,164
1743496045.793656,-54,32,208
1743496045.829656,-18,10,146
1743496045.864656,-4,-43,92
1743496045.900656,65,20,42
1743496045.935656,69,19,176
1743496045.9706562,59,-18,24
1743496046.0066562,-32,-14,176
1743496046.041656,38,-44,70
1743496046.077656,-108,15,232
1743496046.112656,-27,-66,206
1743496046.148656,93,42,132
1743496046.183656,-28,30,210
1743496046.218656,1,-101,108
1743496046.254656,17,8,92
1743496046.2896562,-10,60,76
1743496046.325656,0,-41,100
1743496046.360656,-24,48,76
1743496046.396656,7,13,132
1743496046.431656,5,-32,170
1743496046.466656,-6,31,186
1743496046.502656,59,-15,156
1743496046.537656,8,-50,44
1743496046.573656,30,-14,-11
1743496046.6086562,-17,51,102
1743496046.644656,-5,-24,40
1743496046.679656,-15,11,50
1743496046.714656,-41,51,130
1743496046.750656,-11,23,140
1743496046.785656,-15,-46,192
1743496046.821656,-1,-30,74
1743496046.856656,2,-16,176
1743496046.892656,-15,-42,190
1743496046.927656,-5,17,230
1743496046.962656,-47,-8,2
1743496046.998656,42,-14,152
1743496047.033656,-11,37,140
1743496047.069656,-5,-28,66
1743496047.104656,-9,-18,190
1743496047.140656,2,33,70
1743496047.175656,-71,15,276
1743496047.2106562,-45,-40,138
1743496047.246656,-5,-6,140
1743496047.281656,76,11,230
1743496047.317656,21,-82,48
1743496047.352656,113,-8,82
1743496047.388656,27,58,64
1743496047.423656,18,30,62
1743496047.458656,-23,-7,228
1743496047.494656,-45,6,148
1743496047.5296562,32,-89,254
1743496047.565656,-25,-22,116
1743496047.600656,60,1,152
1743496047.636656,42,-10,128
1743496047.671656,44,-32,76
1743496047.706656,48,-40,182
1743496047.742656,24,-8,92
1743496047.777656,70,11,124
1743496047.813656,-3,13,164
1743496047.848656,26,-48,116
1743496047.884656,-1,37,150
1743496047.919656,-9,-10,80
1743496047.954656,4,73,140
1743496047.990656,20,13,64
1743496048.025656,38,-31,251
1743496048.061656,14,10,133
1743496048.096656,30,-29,61
1743496048.132656,70,-42,325
1743496048.167656,-15,3,133
1743496048.202656,30,-6,95
1743496048.238656,2,-12,151
1743496048.273656,-21,-22,165
1743496048.309656,38,-34,31
1743496048.344656,-1,59,67
1743496048.380656,-153,11,91
1743496048.415656,-39,41,189
1743496048.450656,88,-38,193
1743496048.486656,22,3,71
1743496048.521656,36,27,147
1743496048.557656,76,13,117
1743496048.592656,3,-55,177
1743496048.628656,-1,-8,85
1743496048.663656,-10,-56,253
1743496048.698656,65,59,143
1743496048.734656,-22,3,55
1743496048.769656,5,-10,141
1743496048.805656,33,-50,175
1743496048.840656,-64,-2,87
1743496048.876656,-18,3,155
1743496048.912656,-50,28,157
1743496048.948656,-90,-113,307
1743496048.984656,-18,22,243
1743496049.020656,43,-9,133
1743496049.056656,91,-5,69
1743496049.091656,-20,18,95
1743496049.126656,31,8,141
1743496049.162656,-18,4,111
1743496049.198656,21,-11,181
1743496049.2336562,39,16,139
1743496049.269656,3,3,101
1743496049.304656,25,-8,113
1743496049.339656,-10,0,79
1743496049.374656,-6,-30,11
1743496049.410656,53,33,131
1743496049.446656,-6,-14,93
1743496049.481656,53,-32,147
1743496049.517656,-90,19,211
1743496049.552656,30,33,101
1743496049.587656,-13,75,125
1743496049.622656,45,11,117
1743496049.658656,43,37,169
1743496049.694656,-50,0,149
1743496049.729656,30,9,103
1743496049.765656,66,1,167
1743496049.800656,-9,63,175
1743496049.8356562,76,7,109
1743496049.870656,-7,11,-10
1743496049.906656,-55,23,75
1743496049.942656,-47,-10,115
1743496049.977656,2,-21,127
1743496050.013656,-19,-19,153
1743496050.048656,-103,-18,141
1743496050.083656,24,-75,123
1743496050.1186562,18,-77,81
1743496050.1546562,-21,15,247
1743496050.190656,3,-2,81
1743496050.225656,82,17,25
1743496050.261656,4,58,169
1743496050.296656,120,43,109
1743496050.331656,42,-86,151
1743496050.366656,-37,-2,137
1743496050.402656,-63,21,159
1743496050.438656,32,18,245
1743496050.473656,-55,-62,71
1743496050.509656,-19,72,115
1743496050.544656,-51,22,5
1743496050.579656,10,68,111
1743496050.614656,78,-51,19
1743496050.650656,-90,28,43
1743496050.686656,79,-5,125
1743496050.721656,-57,-22,163
1743496050.757656,-63,-16,217
1743496050.792656,-20,-28,92
1743496050.827656,-24,-36,158
1743496050.862656,29,-28,212
1743496050.898656,9,97,176
1743496050.934656,13,-60,238
1743496050.969656,37,-14,64
1743496051.005656,3,5,136
1743496051.040656,45,53,134
1743496051.075656,-14,51,148
1743496051.110656,42,5,94
1743496051.146656,-65,23,112
1743496051.182656,8,79,210
1743496051.217656,13,-30,0
1743496051.253656,-34,65,152
1743496051.288656,1,-68,214
1743496051.323656,39,-30,173
1743496051.3586562,3,-24,89
1743496051.4016562,9,17,133
1743496051.438656,-16,31,209
1743496051.473656,-64,-42,64
1743496051.509656,41,1,122
1743496051.544656,-84,-40,126
1743496051.579656,55,9,98
1743496051.614656,29,-46,110
1743496051.650656,-62,11,96
1743496051.686656,35,7,152
1743496051.721656,-16,-12,214
1743496051.757656,-84,29,152
1743496051.792656,13,-10,156
1743496051.827656,-38,-26,170
1743496051.862656,9,53,184
1743496051.898656,25,-34,196
1743496051.934656,56,-10,216
1743496051.969656,11,-10,334
1743496052.005656,44,-50,192
1743496052.040656,73,-6,6
1743496052.075656,13,-34,142
1743496052.110656,-8,49,100
1743496052.146656,-38,-23,184
1743496052.182656,-16,30,228
1743496052.217656,-26,-75,88
1743496052.253656,-54,-57,32
1743496052.288656,27,-29,156
1743496052.323656,-36,12,146
1743496052.3586562,-6,-33,136
1743496052.394656,15,-5,170
1743496052.430656,53,12,234
1743496052.465656,11,24,176
1743496052.501656,0,-1,270
1743496052.536656,-40,-67,144
1743496052.571656,-24,-79,218
1743496052.606656,19,8,118
1743496052.642656,1,38,138
1743496052.678656,-22,4,170
1743496052.713656,-62,-7,109
1743496052.749656,-32,18,94
1743496052.784656,15,-5,104
1743496052.819656,-40,-9,142
1743496052.854656,-34,22,184
1743496052.890656,-55,10,40
1743496052.926656,-7,12,83
1743496052.961656,-19,-7,79
1743496052.997656,-19,-53,121
1743496053.032656,56,-3,11
1743496053.067656,37,54,101
1743496053.102656,17,-79,121
1743496053.138656,-5,-27,81
1743496053.1746562,-6,4,113
1743496053.209656,-28,-3,141
1743496053.245656,-30,18,131
1743496053.280656,29,4,65
1743496053.315656,-62,-57,149
1743496053.350656,-23,-1,69
1743496053.386656,18,28,105
1743496053.422656,16,-7,117
1743496053.457656,-7,-25,-44
1743496053.4936562,10,44,66
1743496053.528656,-24,-21,-10
1743496053.563656,-20,-27,139
1743496053.598656,151,-9,331
1743496053.634656,11,-37,235
1743496053.670656,-22,58,-44
1743496053.705656,39,76,79
1743496053.741656,7,16,-16
1743496053.7766562,-58,-7,109
1743496053.811656,29,-55,165
1743496053.846656,-82,44,55
1743496053.882656,23,-25,159
1743496053.918656,3,28,173
1743496053.953656,13,-11,167
1743496053.989656,1,60,209
1743496054.024656,51,40,157
1743496054.059656,-12,70,191
1743496054.094656,-6,-39,111
1743496054.130656,-36,-43,173
1743496054.166656,-56,10,175
1743496054.201656,-44,34,175
1743496054.237656,-26,-17,69
1743496054.272656,0,12,95
1743496054.307656,11,-15,93
1743496054.342656,-14,-37,33
1743496054.378656,-82,20,117
1743496054.4146562,-14,-97,119
1743496054.449656,-22,-5,237
1743496054.485656,49,80,93
1743496054.520656,35,-31,95
1743496054.555656,-14,-5,123
1743496054.590656,1,-29,73
1743496054.626656,185,16,71
1743496054.662656,-46,18,57
1743496054.6976562,39,-39,51
1743496054.7336562,49,-71,239
1743496054.768656,-84,14,139
1743496054.803656,-44,-5,79
1743496054.838656,-8,28,81
1743496054.874656,-24,32,115
1743496054.910656,-66,0,185
1743496054.945656,-22,48,79
1743496054.981656,-22,36,227
1743496055.0166562,39,-17,69
1743496055.051656,-10,24,133
1743496055.087656,-90,-25,77
1743496055.122656,61,6,81
1743496055.158656,49,6,101
1743496055.193656,15,-51,179
1743496055.229656,77,-53,127
1743496055.264656,45,-55,33
1743496055.2996562,-92,66,117
1743496055.3356562,23,37,207
1743496055.370656,89,42,85
1743496055.406656,3,24,189
1743496055.441656,39,-9,245
1743496055.477656,33,-63,288
1743496055.512656,25,0,24
1743496055.547656,45,-47,196
1743496055.583656,4,0,168
1743496055.6186562,45,12,136
1743496055.6546562,-113,-1,122
1743496055.689656,18,24,54
1743496055.725656,-1,20,42
1743496055.760656,70,-53,160
1743496055.795656,6,12,188
1743496055.831656,32,14,114
1743496055.866656,-21,-53,52
1743496055.902656,10,70,74
1743496055.9376562,32,18,74
1743496055.973656,-83,4,-11
1743496056.008656,80,-47,186
1743496056.043656,112,-7,148
1743496056.079656,56,36,182
1743496056.114656,-59,72,120
1743496056.150656,48,0,102
1743496056.185656,72,22,68
1743496056.221656,29,2,112
1743496056.2566562,-16,-29,156
1743496056.291656,-32,-53,92
1743496056.327656,-52,16,50
1743496056.362656,-18,-33,106
1743496056.398656,51,2,66
1743496056.433656,-38,-75,44
1743496056.469656,51,-77,-5
1743496056.504656,39,46,142
1743496056.5396562,-102,52,256
1743496056.575656,17,48,44
1743496056.610656,-54,-9,90
1743496056.646656,67,18,146
1743496056.681656,35,38,10
1743496056.717656,71,-43,126
1743496056.752656,-38,12,100
1743496056.787656,-20,-69,62
1743496056.823656,31,-37,82
1743496056.8586562,31,8,200
1743496056.894656,15,44,238
1743496056.929656,22,-17,176
1743496056.965656,-8,-41,246
1743496057.000656,74,-51,268
1743496057.035656,25,-59,-23
1743496057.071656,-38,-23,86
1743496057.106656,87,72,108
1743496057.142656,41,36,232
1743496057.177656,-16,0,132
1743496057.213656,-52,-7,124
1743496057.248656,-30,90,154
1743496057.283656,49,60,108
1743496057.319656,-32,48,212
1743496057.354656,103,-37,108
1743496057.390656,49,-11,152
1743496057.425656,-58,-29,120
1743496057.461656,11,-9,18
1743496057.496656,10,8,78
1743496057.531656,-41,30,62
1743496057.567656,24,52,168
1743496057.602656,-51,-59,194
1743496057.638656,40,-5,190
1743496057.673656,-57,-27,74
1743496057.709656,45,-63,96
1743496057.744656,-33,-33,66
1743496057.7796562,-63,-9,208
1743496057.815656,-4,28,174
1743496057.850656,-44,32,58
1743496057.886656,-57,-25,132
1743496057.921656,-13,28,76
1743496057.957656,-65,54,122
1743496057.992656,11,20,148
1743496058.027656,-14,-93,-11
1743496058.063656,33,32,70
1743496058.098656,0,-29,160
1743496058.134656,1,8,42
1743496058.169656,2,-5,62
1743496058.205656,-33,8,72
1743496058.240656,77,-55,202
1743496058.275656,35,-19,50
1743496058.311656,-20,36,160
1743496058.346656,14,7,210
1743496058.382656,60,-8,240
1743496058.417656,30,-17,262
1743496058.453656,12,-29,56
1743496058.489656,-12,-100,140
1743496058.524656,-46,-59,210
1743496058.559656,33,-1,164
1743496058.5956562,-38,-88,136
1743496058.6316562,67,5,64
1743496058.666656,-36,-22,244
1743496058.702656,56,-28,108
1743496058.737656,-5,-28,90
1743496058.772656,12,21,124
1743496058.807656,23,15,152
1743496058.843656,55,3,180
1743496058.879656,43,13,60
1743496058.9146562,-28,23,132
1743496058.950656,-69,47,60
1743496058.985656,31,-32,58
1743496059.020656,-16,35,34
1743496059.055656,83,-16,58
1743496059.091656,-16,-84,22
1743496059.127656,-88,-44,46
1743496059.162656,-8,-20,106
1743496059.198656,7,51,90
1743496059.2336562,-24,-18,170
1743496059.268656,-62,-60,168
1743496059.303656,-78,-18,24
1743496059.339656,21,-74,182
1743496059.375656,-20,-44,126
1743496059.410656,43,-22,190
1743496059.446656,3,-26,114
1743496059.481656,-28,2,150
1743496059.5166562,-38,-61,162
1743496059.551656,9,-21,136
1743496059.587656,-38,-35,122
1743496059.623656,-58,-37,144
1743496059.658656,-2,-83,74
1743496059.694656,-20,38,162
1743496059.729656,11,-39,116
1743496059.764656,5,44,-3
1743496059.7996562,69,-31,250
1743496059.8356562,-88,24,60
1743496059.871656,35,34,70
1743496059.906656,51,0,106
1743496059.942656,-39,0,142
1743496059.977656,16,-12,112
1743496060.012656,7,32,12
1743496060.047656,-2,31,62
1743496060.083656,23,9,138
1743496060.119656,-27,61,206
1743496060.1546562,31,62,236
1743496060.190656,-36,-13,64
1743496060.225656,-37,36,34
1743496060.260656,20,-19,192
1743496060.295656,62,56,140
1743496060.331656,-69,3,142
1743496060.367656,22,85,134
1743496060.402656,-101,-22,222
1743496060.438656,-35,-44,162
1743496060.473656,10,7,232
1743496060.508656,48,-28,232
1743496060.543656,-21,-9,182
1743496060.579656,60,12,74
1743496060.615656,12,-30,62
1743496060.650656,-15,-20,56
1743496060.686656,40,17,76
1743496060.721656,-77,-28,64
1743496060.7566562,-41,-22,212
1743496060.791656,-49,-28,277
1743496060.827656,-55,35,159
1743496060.863656,-69,11,177
1743496060.898656,-53,25,190
1743496060.934656,0,-9,45
1743496060.969656,42,59,172
1743496061.004656,-39,11,119
1743496061.0396562,42,-88,188
1743496061.075656,58,-30,208
1743496061.111656,6,11,116
1743496061.146656,-66,-58,114
1743496061.182656,-54,47,120
1743496061.217656,32,-2,104
1743496061.252656,-53,-94,87
1743496061.287656,-45,-32,42
1743496061.323656,-5,41,62
1743496061.359656,6,-18,58
1743496061.4016562,45,-110,110
1743496061.438656,-28,51,-3
1743496061.473656,-18,-4,132
1743496061.508656,-44,15,192
1743496061.543656,56,-2,128
1743496061.579656,-30,45,206
1743496061.615656,23,59,150
1743496061.650656,19,-46,187
1743496061.686656,-22,-54,173
1743496061.721656,-38,65,63
1743496061.7566562,-110,-30,103
1743496061.791656,34,-6,59
1743496061.827656,-26,-1,29
1743496061.863656,2,-25,131
1743496061.898656,10,-29,59
1743496061.934656,36,-4,109
1743496061.969656,-29,7,59
1743496062.004656,-33,-22,217
1743496062.0396562,50,-14,173
1743496062.075656,46,-10,121
1743496062.111656,6,1,85
1743496062.146656,34,75,91
1743496062.182656,-27,-34,131
1743496062.217656,6,27,63
1743496062.252656,-55,-56,57
1743496062.287656,24,1,133
1743496062.323656,-39,15,23
1743496062.359656,-1,55,117
1743496062.394656,-9,31,35
1743496062.430656,66,33,215
1743496062.465656,-1,3,137
1743496062.500656,16,5,163
1743496062.535656,-49,47,83
1743496062.571656,88,30,65
1743496062.607656,54,-51,171
1743496062.642656,28,-39,151
1743496062.678656,-17,-7,147
1743496062.713656,-58,-51,243
1743496062.748656,-4,0,187
1743496062.783656,-139,-41,161
1743496062.819656,-14,-59,241
1743496062.855656,55,4,53
1743496062.890656,-63,-21,73
1743496062.926656,8,68,143
1743496062.961656,-55,52,123
1743496062.996656,-83,36,267
1743496063.031656,-34,-29,95
1743496063.067656,13,-5,123
1743496063.103656,-32,-53,125
1743496063.138656,29,-15,123
1743496063.1746562,57,-15,137
1743496063.209656,-22,40,149
1743496063.244656,-8,-33,109
1743496063.2796562,5,-75,145
1743496063.315656,5,-55,97
1743496063.351656,135,-15,97
1743496063.386656,-4,-31,193
1743496063.422656,67,42,97
1743496063.457656,11,22,-22
1743496063.492656,47,-9,169
1743496063.527656,47,24,115
1743496063.563656,-30,34,309
1743496063.599656,5,22,107
1743496063.634656,59,48,71
1743496063.670656,9,58,193
1743496063.705656,31,43,121
1743496063.740656,27,71,193
1743496063.775656,97,-4,217
1743496063.811656,47,-19,-42
1743496063.847656,-11,1,71
1743496063.882656,-83,-20,63
1743496063.918656,-21,11,161
1743496063.953656,66,-34,125
1743496063.988656,18,15,167
1743496064.023656,0,-44,129
1743496064.059656,48,55,227
1743496064.0956562,26,-24,221
1743496064.130656,50,-24,95
1743496064.166656,76,-2,123
1743496064.201656,-49,-8,59
1743496064.236656,0,37,153
1743496064.271656,-21,31,169
1743496064.307656,28,1,95
1743496064.343656,-1,-60,77
1743496064.378656,-83,63,91
1743496064.4146562,-86,-30,163
1743496064.449656,-40,-48,55
1743496064.484656,57,-20,135
1743496064.520656,5,41,127
1743496064.555656,77,-18,197
1743496064.591656,2,11,11
1743496064.626656,26,11,33
1743496064.662656,-45,-10,195
1743496064.6976562,10,-34,87
1743496064.732656,-15,-6,177
1743496064.768656,-83,-7,167
1743496064.803656,11,77,123
1743496064.839656,-51,100,27
1743496064.874656,27,14,15
1743496064.910656,37,-43,203
1743496064.945656,-110,2,59
1743496064.980656,39,62,99
1743496065.0166562,0,-61,9
1743496065.051656,-75,66,65
1743496065.087656,-67,-69,133
1743496065.122656,-27,-4,171
1743496065.158656,-39,-32,41
1743496065.193656,-11,45,231
1743496065.228656,60,-25,25
1743496065.264656,22,-58,105
1743496065.2996562,-37,29,103
1743496065.3356562,-18,1,121
1743496065.370656,-75,-55,225
1743496065.406656,-4,60,133
1743496065.441656,14,-9,277
1743496065.476656,0,-25,79
1743496065.512656,47,-43,217
1743496065.547656,-78,-3,171
1743496065.583656,23,66,137
1743496065.6186562,7,-25,103
1743496065.6546562,81,-9,113
1743496065.689656,-6,58,35
1743496065.724656,-40,-57,103
1743496065.760656,81,60,169
1743496065.795656,3,-61,131
1743496065.831656,7,34,117
1743496065.866656,-54,16,61
1743496065.902656,-48,32,47
1743496065.9376562,3,10,167
1743496065.972656,-44,-19,179
1743496066.008656,-62,0,295
1743496066.043656,3,-50,147
1743496066.079656,5,-2,89
1743496066.114656,115,10,97
1743496066.150656,-24,-10,135
1743496066.185656,-24,109,131
1743496066.2206562,43,35,117
1743496066.2566562,-16,11,145
1743496066.291656,7,17,81
1743496066.327656,0,35,139
1743496066.362656,19,-63,163
1743496066.398656,-46,53,33
1743496066.433656,32,16,183
1743496066.468656,56,44,165
1743496066.504656,-51,46,174
1743496066.5396562,-9,-31,96
1743496066.575656,57,32,92
1743496066.610656,35,48,158
1743496066.646656,-1,-3,182
1743496066.681656,-5,4,76
1743496066.716656,-3,68,42
1743496066.752656,-49,0,151
1743496066.787656,-14,-23,201
1743496066.823656,-21,22,79
1743496066.8586562,31,0,125
1743496066.894656,68,2,81
1743496066.929656,-15,-17,171
1743496066.964656,-45,-39,171
1743496067.000656,14,100,112
1743496067.035656,-41,30,36
1743496067.071656,-39,2,68
1743496067.106656,14,20,138
1743496067.142656,22,58,56
1743496067.177656,-15,-39,200
1743496067.212656,36,-17,16
1743496067.248656,44,14,174
1743496067.283656,34,16,258
1743496067.319656,-83,-11,86
1743496067.354656,112,-37,164
1743496067.390656,26,-12,167
1743496067.425656,74,0,102
1743496067.4606562,29,-50,114
1743496067.496656,-2,43,271
1743496067.531656,-40,36,104
1743496067.567656,-66,-47,144
1743496067.602656,-56,-64,252
1743496067.638656,-34,-68,90
1743496067.673656,117,-70,108
1743496067.708656,-15,33,66
1743496067.744656,71,-4,128
1743496067.7796562,-66,19,58
1743496067.815656,33,-32,118
1743496067.850656,-24,-30,120
1743496067.886656,27,-54,244
1743496067.922656,-30,41,102
1743496067.957656,-30,16,144
1743496067.992656,-16,-9,130
1743496068.028656,-134,-71,162
1743496068.064656,31,12,10
1743496068.099656,-12,-69,148
1743496068.135656,35,-19,224
1743496068.170656,-8,9,190
1743496068.205656,-60,-6,30
1743496068.240656,-18,9,230
1743496068.2766562,-34,31,180
1743496068.3126562,27,22,226
1743496068.347656,45,-43,108
1743496068.383656,-25,-9,184
1743496068.418656,-33,56,150
1743496068.453656,-11,44,150
1743496068.488656,-50,38,122
1743496068.524656,-18,-61,-63
1743496068.560656,-47,-63,244
1743496068.5956562,-31,-4,114
1743496068.6316562,-91,35,202
1743496068.666656,-39,-14,258
1743496068.701656,-33,-16,78
1743496068.736656,18,-18,128
1743496068.772656,-6,-20,182
1743496068.808656,-12,31,114
1743496068.843656,-44,-26,276
1743496068.879656,21,25,102
1743496068.9146562,-110,-20,172
1743496068.949656,-35,21,70
1743496068.984656,-50,-62,50
1743496069.020656,70,11,166
1743496069.056656,-11,1,80
1743496069.091656,-51,-26,170
1743496069.127656,-87,-62,158
1743496069.162656,32,-20,74
1743496069.1976562,52,-2,104
1743496069.232656,-13,25,30
1743496069.268656,62,-52,126
1743496069.304656,-35,8,104
1743496069.339656,-53,36,88
1743496069.375656,6,-7,118
1743496069.410656,-28,0,54
1743496069.445656,-93,-27,188
1743496069.480656,12,-37,92
1743496069.5166562,56,10,72
1743496069.552656,34,14,98
1743496069.587656,-37,50,150
1743496069.623656,114,-31,86
1743496069.658656,-15,24,118
1743496069.693656,-39,-23,58
1743496069.728656,21,64,162
1743496069.764656,0,16,152
1743496069.800656,-30,28,156
1743496069.8356562,-6,0,0
1743496069.871656,15,-37,98
1743496069.906656,-31,48,92
1743496069.941656,-60,-41,101
1743496069.976656,81,-83,99
1743496070.012656,-26,70,117
1743496070.048656,-16,54,113
1743496070.083656,-17,-11,191
1743496070.119656,1,58,85
1743496070.1546562,101,40,-10
1743496070.189656,-41,32,9
1743496070.224656,-20,-5,25
1743496070.260656,13,-9,149
1743496070.296656,0,42,151
1743496070.331656,-24,-1,43
1743496070.367656,-38,-37,65
1743496070.402656,-116,-75,214
1743496070.4376562,-9,24,162
1743496070.472656,-5,-15,112
1743496070.508656,-29,24,234
1743496070.544656,16,60,182
1743496070.579656,100,-77,27
1743496070.615656,30,42,253
1743496070.650656,4,2,61
1743496070.685656,-13,6,117
1743496070.7206562,100,19,121
1743496070.7566562,-23,-5,161
1743496070.792656,28,12,63
1743496070.827656,-67,-19,99
1743496070.863656,34,-45,101
1743496070.898656,26,33,254
1743496070.933656,4,43,178
1743496070.968656,7,63,184
1743496071.004656,-6,5,224
1743496071.040656,45,-74,108
1743496071.075656,-30,-32,214
1743496071.111656,21,35,6
1743496071.146656,79,49,94
1743496071.181656,15,-112,106
1743496071.216656,55,13,-19
1743496071.252656,-11,-56,144
1743496071.288656,-62,25,196
1743496071.323656,29,59,176
1743496071.359656,-50,-24,33
1743496071.394656,9,25,67
1743496071.436656,23,25,175
1743496071.472656,-68,-49,41
1743496071.508656,-62,4,61
1743496071.544656,-102,26,115
1743496071.579656,87,74,89
1743496071.615656,7,-5,187
1743496071.650656,19,-11,95
1743496071.685656,17,58,53
1743496071.7206562,21,64,277
1743496071.7566562,49,20,127
1743496071.792656,65,75,97
1743496071.827656,85,-58,145
1743496071.863656,25,-18,207
1743496071.898656,44,66,125
1743496071.933656,-40,27,167
1743496071.968656,-1,31,103
1743496072.004656,6,-31,81
1743496072.040656,-2,1,107
1743496072.075656,-18,7,61
1743496072.111656,25,-4,167
1743496072.146656,57,-22,87
1743496072.181656,23,5,193
1743496072.216656,77,3,53
1743496072.252656,-26,-4,87
1743496072.288656,107,16,129
1743496072.323656,-12,34,85
1743496072.359656,53,49,153
1743496072.394656,-20,-48,127
1743496072.429656,-54,3,25
1743496072.464656,-64,0,221
1743496072.500656,-90,55,137
1743496072.536656,65,73,81
1743496072.571656,13,-58,132
1743496072.607656,-110,69,178
1743496072.642656,57,-18,251
1743496072.677656,65,-14,116
1743496072.712656,-32,21,46
1743496072.748656,57,-58,96
1743496072.784656,15,66,94
1743496072.819656,-20,19,108
1743496072.855656,69,-23,60
1743496072.890656,-10,-33,170
1743496072.925656,-98,-5,100
1743496072.9606562,-30,-13,176
1743496072.996656,6,-35,64
1743496073.032656,-80,74,230
1743496073.067656,-6,34,228
1743496073.103656,15,16,82
1743496073.138656,-38,28,184
1743496073.173656,-26,-5,90
1743496073.208656,18,96,138
1743496073.244656,28,-37,84
1743496073.280656,32,-33,130
1743496073.315656,-75,-31,150
1743496073.351656,39,6,78
1743496073.386656,-49,-13,164
1743496073.421656,28,116,216
1743496073.456656,10,-61,176
1743496073.492656,72,18,158
1743496073.528656,63,-67,150
1743496073.563656,20,-7,224
1743496073.599656,-13,-27,252
1743496073.634656,-65,9,118
1743496073.669656,-19,-16,104
1743496073.704656,-43,-4,196
1743496073.740656,50,35,-25
1743496073.7766562,-27,-54,52
1743496073.811656,-49,-74,108
1743496073.847656,-11,95,122
1743496073.882656,26,-16,96
1743496073.917656,-9,-5,58
1743496073.953656,8,-7,252
1743496073.988656,-37,8,126
1743496074.024656,-81,-93,146
1743496074.059656,-17,45,134
1743496074.0956562,-51,-61,78
1743496074.130656,-53,-16,130
1743496074.165656,68,-96,208
1743496074.201656,-9,33,79
1743496074.236656,18,17,179
1743496074.272656,18,-38,155
1743496074.307656,54,11,107
1743496074.343656,10,-24,161
1743496074.378656,-47,10,37
1743496074.413656,-65,-23,-38
1743496074.449656,14,40,133
1743496074.484656,-9,70,105
1743496074.520656,-21,-43,111
1743496074.555656,-59,71,195
1743496074.591656,72,-24,25
1743496074.626656,12,59,169
1743496074.661656,-9,-8,139
1743496074.6976562,20,33,183
1743496074.732656,-9,53,142
1743496074.768656,46,-12,61
1743496074.803656,24,11,117
1743496074.839656,46,-52,149
1743496074.874656,28,75,59
1743496074.909656,-43,-15,95
1743496074.945656,-42,-37,151
1743496074.980656,-12,16,187
1743496075.0166562,49,-24,169
1743496075.051656,3,11,67
1743496075.087656,17,23,151
1743496075.122656,15,1,233
1743496075.157656,-82,57,227
1743496075.193656,-44,-22,149
1743496075.228656,11,-50,171
1743496075.264656,-18,53,33
1743496075.2996562,27,-8,127
1743496075.3356562,43,44,111
1743496075.370656,-12,-86,149
1743496075.405656,-38,-40,55
1743496075.441656,5,29,75
1743496075.476656,43,29,171
1743496075.512656,-18,18,173
1743496075.547656,-15,-48,139
1743496075.583656,-1,-64,65
1743496075.6186562,0,17,177
1743496075.653656,-63,-36,41
1743496075.689656,14,0,95
1743496075.724656,-45,1,139
1743496075.760656,32,83,223
1743496075.795656,6,-2,200
1743496075.831656,32,-18,146
1743496075.866656,18,-2,76
1743496075.9016562,32,-20,194
1743496075.9376562,-47,-86,180
1743496075.972656,-95,-48,46
1743496076.008656,1,26,232
1743496076.043656,53,-43,192
1743496076.079656,-74,68,170
1743496076.114656,-18,28,236
1743496076.149656,-26,-11,76
1743496076.185656,-20,-19,174
1743496076.2206562,-10,-73,232
1743496076.2566562,65,-5,164
1743496076.291656,-44,-5,142
1743496076.327656,59,-19,88
1743496076.362656,-6,34,194
1743496076.397656,5,16,86
1743496076.433656,-18,38,84
1743496076.468656,29,16,166
1743496076.504656,1,-49,110
1743496076.5396562,-34,-47,38
1743496076.575656,47,6,134
1743496076.610656,-12,-55,146
1743496076.645656,15,30,200
1743496076.681656,31,14,130
1743496076.716656,-34,2,118
1743496076.752656,35,72,224
1743496076.787656,95,88,76
1743496076.823656,-10,-28,196
1743496076.8586562,-12,-86,68
1743496076.893656,81,-2,190
1743496076.929656,18,-42,180
1743496076.964656,-47,-30,128
1743496077.000656,94,49,184
1743496077.035656,34,-42,142
1743496077.071656,-13,-48,151
1743496077.106656,-3,41,173
1743496077.1416562,36,-4,103
1743496077.177656,24,17,201
1743496077.212656,36,-61,-6
1743496077.248656,0,-6,129
1743496077.283656,-17,-22,129
1743496077.319656,-23,39,145
1743496077.355656,38,-42,69
1743496077.3916562,-67,-46,217
1743496077.427656,-43,-64,61
1743496077.462656,54,-76,121
1743496077.497656,10,21,73
1743496077.533656,-21,25,89
1743496077.569656,100,47,87
1743496077.604656,-41,17,43
1743496077.640656,-39,-37,103
1743496077.675656,-49,8,211
1743496077.7106562,40,-13,131
1743496077.745656,-1,-1,127
1743496077.781656,-10,22,73
1743496077.817656,25,-19,135
1743496077.852656,24,-21,143
1743496077.888656,-27,10,95
1743496077.923656,35,14,53
1743496077.958656,15,-5,279
1743496077.9936562,43,-25,77
1743496078.0296562,-46,92,145
1743496078.065656,37,-47,109
1743496078.100656,-36,-19,113
1743496078.136656,1,62,191
1743496078.171656,-44,22,161
1743496078.206656,-14,-65,95
1743496078.241656,-76,-53,133
1743496078.277656,-42,54,153
1743496078.313656,-44,80,161
1743496078.348656,35,-19,57
1743496078.384656,-38,52,1
1743496078.419656,-24,26,173
1743496078.454656,13,-19,68
1743496078.489656,-14,0,40
1743496078.525656,81,-39,216
1743496078.561656,29,-43,66
1743496078.596656,9,-37,184
1743496078.632656,51,-55,142
1743496078.667656,99,-31,204
1743496078.702656,55,40,80
1743496078.737656,-50,-59,132
1743496078.773656,-20,-25,204
1743496078.809656,-42,6,40
1743496078.844656,23,36,106
1743496078.880656,-26,52,168
1743496078.915656,31,28,82
1743496078.950656,3,-17,38
1743496078.985656,37,-19,170
1743496079.021656,-10,-11,162
1743496079.057656,-78,-93,136
1743496079.092656,52,-43,192
1743496079.128656,8,40,196
1743496079.163656,30,-29,102
1743496079.198656,71,-21,194
1743496079.2336562,2,-19,80
1743496079.269656,-79,-27,232
1743496079.305656,56,-69,150
1743496079.340656,-23,14,178
1743496079.376656,-25,-17,108
1743496079.411656,-21,46,92
1743496079.446656,62,42,190
1743496079.481656,-33,104,164
1743496079.517656,-57,-41,160
1743496079.553656,40,-57,68
1743496079.588656,34,68,108
1743496079.624656,-17,-59,140
1743496079.659656,-5,24,86
1743496079.694656,-28,36,100
1743496079.729656,33,4,74
1743496079.765656,-30,-51,182
1743496079.801656,61,34,110
1743496079.836656,-12,50,82
1743496079.872656,-72,36,152
1743496079.907656,-34,8,120
1743496079.942656,27,-51,36
1743496079.977656,0,20,150
1743496080.013656,0,-13,130
1743496080.0496562,-58,-19,136
1743496080.084656,21,37,224
1743496080.120656,0,6,152
1743496080.155656,-18,18,126
1743496080.190656,-76,-59,148
1743496080.225656,17,4,60
1743496080.261656,-32,-15,66
1743496080.297656,79,-67,86
1743496080.332656,-70,-89,64
1743496080.3686562,67,-43,54
1743496080.403656,-20,8,85
1743496080.438656,85,64,120
1743496080.473656,-36,-29,135
1743496080.509656,-20,-47,85
1743496080.545656,33,-19,94
1743496080.580656,31,-25,12
1743496080.616656,9,14,222
1743496080.6516562,0,33,11
1743496080.686656,-78,26,127
1743496080.721656,-10,-23,65
1743496080.757656,11,-45,69
1743496080.793656,-22,-95,167
1743496080.828656,13,-39,217
1743496080.864656,-10,30,81
1743496080.899656,-2,-65,155
1743496080.934656,-52,5,151
1743496080.969656,-6,-44,263
1743496081.005656,-46,0,197
1743496081.041656,-18,64,-18
1743496081.076656,-84,-1,207
1743496081.112656,-68,66,95
1743496081.147656,-26,-5,151
1743496081.182656,57,22,189
1743496081.217656,19,42,25
1743496081.253656,15,-79,45
1743496081.2896562,12,11,157
1743496081.324656,92,24,231
1743496081.360656,-7,-25,125
1743496081.395656,78,140,107
1743496081.4376562,-27,24,215
1743496081.473656,52,-15,99
1743496081.509656,35,58,55
1743496081.545656,-23,-5,-8
1743496081.580656,56,-25,93
1743496081.616656,-55,-51,67
1743496081.6516562,-63,64,213
1743496081.686656,-53,92,97
1743496081.721656,41,-105,97
1743496081.757656,-5,74,179
1743496081.793656,27,12,101
1743496081.828656,7,30,47
1743496081.864656,35,-21,181
1743496081.899656,13,45,51
1743496081.934656,22,30,59
1743496081.969656,-12,14,65
1743496082.005656,-6,-37,159
1743496082.041656,39,-69,123
1743496082.076656,-4,-59,203
1743496082.112656,37,32,41
1743496082.147656,75,6,151
1743496082.182656,93,4,207
1743496082.217656,-8,28,144
1743496082.253656,41,-69,106
1743496082.2896562,31,12,32
1743496082.324656,69,-39,140
1743496082.360656,-74,47,98
1743496082.395656,31,34,72
1743496082.430656,-56,4,94
1743496082.465656,-56,-59,258
1743496082.501656,-54,-1,116
1743496082.537656,25,18,48
1743496082.5726562,27,-3,136
1743496082.6086562,15,53,296
1743496082.643656,-14,-68,96
1743496082.678656,21,9,58
1743496082.713656,41,-6,-11
1743496082.749656,27,25,-13
1743496082.785656,89,-32,88
1743496082.820656,47,-37,128
1743496082.856656,19,-35,134
1743496082.8916562,-84,-55,56
1743496082.926656,81,12,142
1743496082.961656,27,-27,108
1743496082.997656,43,4,84
1743496083.033656,-24,28,158
1743496083.068656,-2,-7,110
1743496083.104656,17,0,132
1743496083.139656,-4,-43,150
1743496083.1746562,28,21,198
1743496083.209656,184,11,118
1743496083.245656,-39,-14,140
1743496083.281656,-61,9,112
1743496083.316656,-7,-32,138
1743496083.352656,26,55,110
1743496083.387656,-15,-20,132
1743496083.422656,34,-2,176
1743496083.458656,-25,5,-13
1743496083.4936562,-41,5,152
1743496083.5296562,-55,-66,124
1743496083.564656,-61,65,100
1743496083.600656,-53,-24,90
1743496083.635656,14,-62,116
1743496083.670656,-5,-36,202
1743496083.706656,16,-122,194
1743496083.741656,-31,-32,104
1743496083.777656,-61,37,246
1743496083.8126562,46,43,-31
1743496083.848656,-51,-4,206
1743496083.883656,32,25,192
1743496083.918656,-11,5,96
1743496083.954656,-23,9,73
1743496083.989656,4,73,177
1743496084.025656,-17,-2,75
1743496084.060656,-23,-16,111
1743496084.096656,4,57,51
1743496084.1316562,58,43,161
1743496084.166656,-37,-28,81
1743496084.202656,53,8,147
1743496084.237656,-75,-5,241
1743496084.273656,-21,22,121
1743496084.308656,-49,64,195
1743496084.344656,-13,54,193
1743496084.379656,-5,16,127
1743496084.4146562,-1,70,161
1743496084.450656,86,-25,135
1743496084.485656,68,-15,157
1743496084.521656,-85,-59,91
1743496084.556656,-15,48,109
1743496084.592656,102,54,217
1743496084.627656,40,38,123
1743496084.662656,108,-43,51
1743496084.698656,-13,66,-22
1743496084.7336562,-11,62,195
1743496084.769656,-67,-23,221
1743496084.804656,-8,2,87
1743496084.840656,61,-13,249
1743496084.875656,17,28,169
1743496084.910656,3,40,119
1743496084.946656,7,14,235
1743496084.981656,-14,-31,107
1743496085.017656,7,-17,73
1743496085.052656,17,-5,27
1743496085.088656,-42,10,185
1743496085.123656,0,14,72
1743496085.158656,63,42,40
1743496085.194656,15,-107,93
1743496085.229656,43,22,137
1743496085.265656,-32,-19,245
1743496085.300656,-92,-27,115
1743496085.336656,-46,36,155
1743496085.371656,-42,2,179
1743496085.408656,59,20,63
1743496085.443656,-10,-5,115
1743496085.478656,-50,62,89
1743496085.514656,-64,-77,185
1743496085.5496562,7,-77,149
1743496085.5856562,45,46,83
1743496085.620656,67,6,209
1743496085.656656,-84,-38,23
1743496085.691656,59,-75,89
1743496085.726656,23,-25,41
1743496085.762656,-62,-45,171
1743496085.797656,5,-11,69
1743496085.833656,-14,22,89
1743496085.8686562,-74,74,153
1743496085.9046562,-42,-29,102
1743496085.939656,-44,14,126
1743496085.974656,85,2,26
1743496086.010656,33,-25,214
1743496086.045656,101,2,112
1743496086.081656,-92,-3,126
1743496086.116656,-12,-65,-41
1743496086.152656,105,48,212
1743496086.1876562,7,2,58
1743496086.222656,-24,-17,46
1743496086.258656,-22,2,130
1743496086.293656,53,-65,162
1743496086.329656,9,30,156
1743496086.364656,37,-69,54
1743496086.400656,-8,46,140
1743496086.435656,33,32,14
1743496086.4706562,43,10,160
1743496086.5066562,14,-49,152
1743496086.541656,31,-23,144
1743496086.577656,28,-16,96
1743496086.612656,48,-35,192
1743496086.648656,33,-11,142
1743496086.683656,0,14,138
1743496086.718656,-21,-57,154
1743496086.754656,28,63,158
1743496086.7896562,-28,-5,90
1743496086.825656,35,-11,228
1743496086.860656,15,-49,30
1743496086.896656,9,6,178
1743496086.932656,13,-13,204
1743496086.968656,-24,0,190
1743496087.004656,5,26,186
1743496087.040656,-4,8,68
1743496087.076656,-22,40,288
1743496087.111656,41,24,130
1743496087.146656,-14,-27,84
1743496087.182656,-48,-39,98
1743496087.218656,9,-44,162
1743496087.253656,11,-49,78
1743496087.2896562,-2,-57,166
1743496087.324656,71,-74,216
1743496087.359656,25,13,148
1743496087.394656,-70,-14,138
1743496087.430656,-26,-36,30
1743496087.466656,61,-22,181
1743496087.501656,-16,-81,23
1743496087.537656,3,-61,77
1743496087.5726562,37,-3,202
1743496087.607656,-42,-57,148
1743496087.642656,-52,12,106
1743496087.678656,-4,52,137
1743496087.714656,-22,-29,57
1743496087.749656,7,-15,-28
1743496087.785656,-56,-47,179
1743496087.820656,-2,-37,119
1743496087.855656,27,-5,129
1743496087.890656,8,-17,19
1743496087.926656,-3,-5,139
1743496087.962656,14,0,177
1743496087.997656,-41,-61,205
1743496088.033656,-103,45,157
1743496088.068656,-17,23,109
1743496088.103656,45,24,185
1743496088.138656,46,-2,165
1743496088.1746562,-13,-4,67
1743496088.2106562,-69,35,53
1743496088.245656,36,-26,57
1743496088.281656,51,28,165
1743496088.316656,-9,1,181
1743496088.351656,12,0,163
1743496088.386656,24,-19,193
1743496088.422656,-24,78,161
1743496088.458656,-14,-41,109
1743496088.4936562,27,14,189
1743496088.5296562,1,-65,211
1743496088.564656,29,-29,123
1743496088.599656,-134,4,233
1743496088.634656,103,44,-6
1743496088.670656,11,-73,157
1743496088.706656,-8,-21,95
1743496088.741656,61,10,189
1743496088.777656,-64,16,43
1743496088.8126562,25,24,83
1743496088.847656,0,-9,281
1743496088.882656,-112,48,141
1743496088.918656,-6,-9,127
1743496088.954656,-19,65,217
1743496088.989656,-26,46,165
1743496089.025656,-16,-11,59
1743496089.060656,41,30,145
1743496089.0956562,63,0,239
1743496089.130656,-16,-65,251
1743496089.166656,-12,-3,85
1743496089.202656,-9,-79,99
1743496089.237656,8,-79,239
1743496089.273656,0,-41,109
1743496089.308656,27,-5,39
1743496089.343656,5,-23,87
1743496089.378656,65,104,167
1743496089.4146562,-26,16,124
1743496089.450656,-38,-29,103
1743496089.485656,57,60,109
1743496089.521656,-22,7,50
1743496089.556656,-24,25,58
1743496089.591656,-28,-4,82
1743496089.626656,33,10,306
1743496089.662656,-56,6,176
1743496089.698656,65,-5,192
1743496089.7336562,49,-1,110
1743496089.769656,-32,4,150
1743496089.804656,-28,-9,72
1743496089.839656,-26,-4,138
1743496089.874656,23,-78,132
1743496089.910656,-4,-8,118
1743496089.946656,-58,5,152
1743496089.981656,-70,17,154
1743496090.017656,-10,27,114
1743496090.052656,31,23,196
1743496090.087656,-6,-64,126
1743496090.122656,-28,21,26
1743496090.158656,-36,-16,232
1743496090.194656,73,-24,188
1743496090.229656,-30,27,252
1743496090.265656,-38,-43,2
1743496090.300656,-36,-17,172
1743496090.3356562,-48,42,108
1743496090.370656,-26,-32,98
1743496090.406656,45,95,226
1743496090.442656,-28,73,120
1743496090.477656,-46,12,60
1743496090.513656,11,-35,228
1743496090.548656,45,-20,90
1743496090.583656,-14,37,166
1743496090.6186562,-10,18,201
1743496090.6546562,-50,32,36
1743496090.690656,-8,-17,195
1743496090.725656,81,80,105
1743496090.761656,-84,-25,187
1743496090.796656,27,-31,13
1743496090.831656,23,40,159
1743496090.866656,-14,48,145
1743496090.902656,3,20,193
1743496090.938656,33,54,149
1743496090.973656,-64,30,165
1743496091.009656,5,-43,-38
1743496091.044656,-54,-5,199
1743496091.079656,7,0,141
1743496091.114656,-32,-2,117
1743496091.150656,-10,36,125
1743496091.186656,-30,-9,133
1743496091.221656,-50,-31,97
1743496091.257656,-56,58,141
1743496091.292656,-76,-33,253
1743496091.327656,33,12,153
1743496091.362656,-42,-35,133
1743496091.398656,-42,-25,39
1743496091.441656,-14,33,3
1743496091.477656,39,-8,159
1743496091.513656,21,-14,45
1743496091.548656,-50,5,93
1743496091.583656,-104,-5,143
1743496091.6186562,17,-15,129
1743496091.6546562,1,-41,127
1743496091.690656,29,56,77
1743496091.725656,-40,-48,157
1743496091.761656,47,48,-22
1743496091.796656,-6,16,27
1743496091.831656,55,16,1
1743496091.866656,0,12,181
1743496091.902656,-66,24,215
1743496091.938656,44,15,103
1743496091.973656,-27,93,75
1743496092.009656,78,-66,177
1743496092.044656,34,-4,71
1743496092.079656,-7,-44,99
1743496092.114656,-73,29,143
1743496092.150656,50,-66,41
1743496092.186656,-79,-20,211
1743496092.221656,-90,-20,69
1743496092.257656,45,61,145
1743496092.292656,69,-60,77
1743496092.327656,-76,3,57
1743496092.362656,-56,99,235
1743496092.398656,-26,-74,177
1743496092.434656,55,-44,173
1743496092.469656,23,75,165
1743496092.505656,-42,37,27
1743496092.540656,-70,15,177
1743496092.575656,-12,11,139
1743496092.610656,65,21,37
1743496092.646656,-70,11,187
1743496092.682656,-52,75,149
1743496092.717656,-6,33,-82
1743496092.753656,15,7,157
1743496092.788656,9,0,53
1743496092.823656,59,49,51
1743496092.8586562,-8,-32,237
1743496092.894656,-10,15,197
1743496092.930656,-16,-66,181
1743496092.965656,0,-26,43
1743496093.001656,-16,-40,9
1743496093.036656,-20,9,167
1743496093.071656,-86,21,91
1743496093.107656,-4,23,217
1743496093.142656,45,-26,117
1743496093.178656,-28,-12,215
1743496093.213656,77,17,51
1743496093.249656,19,11,119
1743496093.284656,1,27,49
1743496093.319656,-62,23,17
1743496093.355656,-28,-72,109
1743496093.390656,-70,-42,11
1743496093.426656,47,34,179
1743496093.461656,-22,-23,128
1743496093.497656,87,20,194
1743496093.532656,19,38,44
1743496093.567656,3,26,126
1743496093.603656,-62,-5,128
1743496093.638656,31,-3,-5
1743496093.6746562,49,-15,150
1743496093.709656,9,-3,16
1743496093.745656,-4,-15,212
1743496093.780656,15,-43,112
1743496093.815656,-38,-1,194
1743496093.851656,-72,8,100
1743496093.886656,37,-17,64
1743496093.922656,41,48,114
1743496093.957656,0,34,226
1743496093.9936562,-84,-27,172
1743496094.028656,5,4,224
1743496094.063656,33,14,164
1743496094.099656,-20,-17,134
1743496094.134656,-14,24,140
1743496094.170656,47,-13,36
1743496094.205656,-10,-85,-39
1743496094.241656,-6,-35,206
1743496094.2766562,-38,14,108
1743496094.311656,-42,26,168
1743496094.347656,-25,-9,250
1743496094.382656,-4,44,150
1743496094.418656,-68,34,138
1743496094.453656,34,-20,144
1743496094.489656,8,-54,168
1743496094.524656,20,27,222
1743496094.559656,16,-2,200
1743496094.5956562,-17,-62,104
1743496094.630656,100,-40,128
1743496094.666656,-1,-46,114
1743496094.701656,-13,32,120
1743496094.737656,12,-17,148
1743496094.772656,-23,94,18
1743496094.807656,-48,44,150
1743496094.843656,-14,-105,158
1743496094.878656,12,-1,192
1743496094.9146562,34,26,108
1743496094.949656,64,-113,146
1743496094.985656,-109,32,106
1743496095.020656,-57,-11,100
1743496095.055656,34,-53,232
1743496095.091656,-73,62,48
1743496095.126656,53,-9,194
1743496095.162656,11,72,200
1743496095.1976562,-4,9,220
1743496095.2336562,-15,-74,64
1743496095.268656,4,-110,104
1743496095.303656,-41,-13,164
1743496095.339656,-11,-77,220
1743496095.374656,12,57,112
1743496095.410656,42,-10,94
1743496095.445656,32,-22,148
1743496095.481656,66,-54,144
1743496095.5166562,-36,-24,66
1743496095.551656,21,-54,120
1743496095.587656,-2,35,134
1743496095.622656,-26,-46,148
1743496095.658656,29,-38,140
1743496095.693656,23,-42,202
1743496095.729656,5,-46,218
1743496095.764656,29,-41,96
1743496095.7996562,84,47,106
1743496095.8356562,66,20,168
1743496095.870656,-19,10,140
1743496095.906656,8,-61,74
1743496095.941656,-49,-9,320
1743496095.977656,-19,-1,62
1743496096.012656,-25,-13,184
1743496096.047656,-1,64,108
1743496096.083656,-7,-54,138
1743496096.1186562,24,-40,60
1743496096.1546562,-7,-49,-25
1743496096.189656,-37,-60,206
1743496096.225656,104,-27,176
1743496096.260656,100,0,8
1743496096.295656,-47,20,140
1743496096.331656,-61,4,114
1743496096.366656,-5,8,114
1743496096.402656,32,10,106
1743496096.4376562,34,36,184
1743496096.473656,-13,10,90
1743496096.508656,81,46,88
1743496096.543656,-2,-3,162
1743496096.579656,53,8,86
1743496096.614656,-6,14,124
1743496096.650656,32,-71,166
1743496096.685656,7,-35,38
1743496096.7206562,46,-37,126
1743496096.755656,10,76,180
1743496096.791656,10,-3,180
1743496096.827656,-9,-37,14
1743496096.862656,-27,32,156
1743496096.898656,38,-4,186
1743496096.933656,68,-53,240
1743496096.968656,-5,17,126
1743496097.003656,-72,20,88
1743496097.0396562,6,17,34
1743496097.075656,35,14,236
1743496097.110656,97,34,166
1743496097.146656,29,104,134
1743496097.181656,33,-29,160
1743496097.216656,-8,22,122
1743496097.251656,85,2,107
1743496097.287656,0,-35,180
1743496097.323656,47,-39,143
1743496097.3586562,-14,2,133
1743496097.394656,23,80,141
1743496097.429656,37,16,96
1743496097.464656,-10,-1,254
1743496097.499656,21,10,190
1743496097.535656,-52,14,167
1743496097.571656,47,-57,114
1743496097.606656,-6,28,176
1743496097.642656,-2,-23,74
1743496097.677656,25,-9,88
1743496097.712656,-20,-3,82
1743496097.747656,43,26,44
1743496097.783656,29,12,120
1743496097.819656,61,-7,138
1743496097.854656,-28,14,96
1743496097.890656,-20,52,182
1743496097.925656,-78,32,73
1743496097.9606562,-36,-27,157
1743496097.995656,27,30,103
1743496098.031656,19,-25,115
1743496098.067656,-28,8,95
1743496098.102656,13,18,71
1743496098.138656,15,48,151
1743496098.173656,-26,-33,265
1743496098.208656,-32,-95,177
1743496098.2436562,49,10,117
1743496098.2796562,81,28,183
1743496098.315656,21,0,135
1743496098.350656,10,-7,201
1743496098.386656,27,-23,63
1743496098.421656,20,14,83
1743496098.456656,62,28,85
1743496098.491656,86,-22,187
1743496098.527656,72,-25,195
1743496098.563656,-15,-28,181
1743496098.598656,-46,-77,129
1743496098.634656,30,9,77
1743496098.669656,-18,-7,257
1743496098.704656,-51,0,45
1743496098.739656,-20,4,191
1743496098.775656,40,25,231
1743496098.811656,-10,14,85
1743496098.846656,-17,27,87
1743496098.882656,-43,-6,31
1743496098.917656,42,67,153
1743496098.952656,14,-20,63
1743496098.987656,-48,24,105
1743496099.023656,-24,-33,91
1743496099.059656,16,9,165
1743496099.094656,-22,1,169
1743496099.130656,-40,33,239
1743496099.165656,-18,-22,23
1743496099.200656,20,13,37
1743496099.235656,20,33,193
1743496099.271656,53,29,105
1743496099.307656,-14,-30,153
1743496099.342656,-38,-12,173
1743496099.378656,43,21,231
1743496099.413656,19,-28,97
1743496099.448656,61,-37,29
1743496099.4836562,-6,-9,215
1743496099.519656,28,9,161
1743496099.555656,5,-130,39
1743496099.590656,38,21,149
1743496099.626656,66,5,109
1743496099.661656,5,0,253
1743496099.696656,33,-10,163
1743496099.731656,9,-10,103
1743496099.767656,5,-34,125
1743496099.803656,-28,23,155
1743496099.838656,-22,-50,107
1743496099.874656,3,45,165
1743496099.909656,89,51,65
1743496099.944656,15,1,161
1743496099.979656,71,-30,73
1743496100.015656,-10,-16,85
1743496100.051656,55,-54,29
1743496100.086656,61,-4,155
1743496100.122656,55,-38,199
1743496100.157656,27,-38,143
1743496100.192656,-2,49,153
1743496100.227656,21,41,85
1743496100.263656,5,-63,227
1743496100.2996562,-13,33,159
1743496100.334656,8,41,115
1743496100.370656,82,-38,87
1743496100.405656,23,67,39
1743496100.440656,9,7,189
1743496100.475656,21,21,79
1743496100.511656,25,-18,285
1743496100.547656,-63,-42,161
1743496100.582656,-68,68,21
1743496100.6186562,2,-50,47
1743496100.653656,-23,25,135
1743496100.688656,-27,71,143
1743496100.723656,-56,37,103
1743496100.759656,-50,81,163
1743496100.795656,49,-54,103
1743496100.830656,-44,49,221
1743496100.866656,105,-32,13
1743496100.9016562,-72,-8,196
1743496100.936656,-14,-4,154
1743496100.971656,53,17,138
1743496101.007656,59,-10,119
1743496101.043656,-74,11,211
1743496101.078656,67,-6,76
1743496101.114656,-26,9,143
1743496101.149656,-18,59,85
1743496101.184656,7,-4,49
1743496101.219656,-2,27,170
1743496101.255656,-60,47,292
1743496101.291656,3,-7,118
1743496101.326656,11,-71,98
1743496101.362656,39,-37,120
1743496101.397656,59,-125,130
1743496101.432656,31,24,256
1743496101.475656,-34,-1,86
1743496101.511656,-6,24,136
1743496101.547656,-40,-11,140
1743496101.582656,23,4,84
1743496101.6186562,51,-21,168
1743496101.653656,-22,-49,122
1743496101.688656,27,-37,194
1743496101.723656,10,37,206
1743496101.759656,-13,32,108
1743496101.795656,2,41,198
1743496101.830656,-37,-4,206
1743496101.866656,-61,-23,202
1743496101.9016562,-35,60,170
1743496101.936656,-41,24,54
1743496101.972656,27,-23,158
1743496102.007656,31,8,84
1743496102.043656,-35,32,202
1743496102.078656,-10,20,284
1743496102.114656,-4,44,124
1743496102.149656,115,18,84
1743496102.184656,27,0,138
1743496102.219656,-28,54,114
1743496102.255656,-24,14,106
1743496102.291656,-50,26,108
1743496102.326656,21,-33,212
1743496102.362656,63,68,104
1743496102.397656,51,-3,124
1743496102.432656,-4,18,120
1743496102.468656,-98,108,26
1743496102.503656,-12,7,86
1743496102.5396562,-28,33,104
1743496102.574656,-2,10,154
1743496102.610656,69,49,180
1743496102.645656,11,11,228
1743496102.680656,-46,0,136
1743496102.716656,-34,46,124
1743496102.751656,-30,26,254
1743496102.787656,35,25,192
1743496102.8226562,36,4,76
1743496102.8586562,-15,21,92
1743496102.893656,86,11,186
1743496102.928656,12,20,172
1743496102.964656,6,20,174
1743496102.999656,36,-16,146
1743496103.035656,-43,11,70
1743496103.070656,10,-52,72
1743496103.106656,-53,-42,138
1743496103.1416562,4,-78,86
1743496103.176656,10,-12,106
1743496103.212656,18,13,26
1743496103.247656,-35,21,200
1743496103.283656,-5,-16,148
1743496103.318656,-25,-22,154
1743496103.354656,-17,-36,106
1743496103.389656,-98,31,100
1743496103.4246562,-7,-2,228
1743496103.4606562,-11,-43,106
1743496103.495656,-14,-10,54
1743496103.531656,36,41,17
1743496103.566656,-11,-2,103
1743496103.602656,51,-32,17
1743496103.637656,-6,-14,143
1743496103.672656,35,77,133
1743496103.708656,17,0,91
1743496103.7436562,59,-18,173
1743496103.7796562,-4,-42,201
1743496103.814656,29,-78,75
1743496103.850656,3,-25,77
1743496103.885656,21,7,151
1743496103.920656,-40,-32,177
1743496103.956656,-24,-66,257
1743496103.991656,-2,-28,133
1743496104.027656,-20,-37,159
1743496104.0626562,5,-26,99
1743496104.098656,12,19,117
1743496104.133656,-1,-30,177
1743496104.168656,-15,61,49
1743496104.204656,44,-13,249
1743496104.239656,-17,-18,115
1743496104.275656,-7,17,53
1743496104.310656,-41,18,71
1743496104.346656,-13,44,55
1743496104.3816562,-23,6,135
1743496104.416656,-93,48,259
1743496104.452656,50,-5,151
1743496104.487656,0,42,101
1743496104.523656,-79,-17,171
1743496104.558656,-1,24,125
1743496104.594656,60,34,175
1743496104.629656,64,6,211
1743496104.6646562,10,-43,7
1743496104.700656,-5,22,115
1743496104.735656,30,12,221
1743496104.771656,8,-22,149
1743496104.806656,28,-25,147
1743496104.842656,-25,-9,157
1743496104.877656,-9,24,145
1743496104.912656,54,-39,29
1743496104.948656,20,-70,281
1743496104.9836562,-23,13,143
1743496105.019656,46,-6,41
1743496105.054656,62,-2,159
1743496105.090656,26,1,61
1743496105.125656,-4,27,133
1743496105.160656,-9,-22,115
1743496105.196656,14,-24,189
1743496105.231656,-7,10,183
1743496105.267656,-16,38,5
1743496105.302656,-70,22,149
1743496105.338656,18,58,85
1743496105.373656,0,16,123
1743496105.408656,-77,-77,105
1743496105.444656,-35,2,199
1743496105.479656,-79,-30,133
1743496105.515656,50,43,77
1743496105.550656,18,55,113
1743496105.586656,-65,-72,67
1743496105.621656,1,15,129
1743496105.656656,62,-36,157
1743496105.692656,5,-20,105
1743496105.727656,43,27,123
1743496105.763656,-41,9,175
1743496105.798656,31,47,161
1743496105.834656,-98,29,189
1743496105.870656,-90,0,131
1743496105.906656,-51,-39,95
1743496105.942656,-20,0,67
1743496105.977656,19,-15,121
1743496106.012656,-26,-83,31
1743496106.048656,63,16,143
1743496106.084656,25,10,131
1743496106.119656,-20,-29,159
1743496106.155656,45,62,-2
1743496106.190656,3,4,61
1743496106.225656,93,-28,87
1743496106.260656,17,-20,49
1743496106.296656,65,-8,59
1743496106.332656,-54,-18,101
1743496106.367656,-54,13,-8
1743496106.403656,-12,35,149
1743496106.438656,-4,46,97
1743496106.473656,16,5,129
1743496106.508656,90,-64,157
1743496106.544656,-28,50,79
1743496106.580656,11,-71,255
1743496106.615656,-48,2,75
1743496106.6516562,-40,12,149
1743496106.686656,-56,-33,79
1743496106.721656,33,20,219
1743496106.7566562,35,18,263
1743496106.792656,-22,-37,9
1743496106.828656,14,-54,121
1743496106.863656,53,58,199
1743496106.899656,-49,-80,193
1743496106.934656,-37,-56,109
1743496106.969656,-3,-20,193
1743496107.004656,14,-56,151
1743496107.040656,-25,15,169
1743496107.076656,-105,-14,219
1743496107.111656,36,-2,101
1743496107.147656,-71,55,127
1743496107.182656,-5,51,99
1743496107.217656,-83,-38,101
1743496107.252656,-75,-8,117
1743496107.288656,-53,45,83
1743496107.324656,0,55,279
1743496107.359656,10,23,199
1743496107.395656,4,17,189
1743496107.430656,-17,-72,139
1743496107.465656,12,1,73
1743496107.500656,-59,21,185
1743496107.536656,9,27,165
1743496107.5726562,-33,-10,99
1743496107.607656,132,-28,95
1743496107.643656,-6,-2,43
1743496107.678656,33,-104,-40
1743496107.713656,1,33,201
1743496107.748656,31,107,155
1743496107.784656,35,43,123
1743496107.820656,-41,-18,195
1743496107.855656,-61,-12,87
1743496107.8916562,88,3,115
1743496107.926656,-47,69,135
1743496107.961656,-15,-52,83
1743496107.996656,-41,-32,153
1743496108.032656,-39,-56,209
1743496108.068656,10,-12,74
1743496108.103656,-19,-38,86
1743496108.139656,50,39,165
1743496108.1746562,12,83,113
1743496108.209656,-45,-50,142
1743496108.244656,-81,28,58
1743496108.280656,-5,66,241
1743496108.316656,-67,-35,199
1743496108.351656,-65,56,157
1743496108.387656,60,26,216
1743496108.422656,26,29,216
1743496108.457656,32,71,182
1743496108.492656,-49,27,164
1743496108.528656,-19,13,134
1743496108.564656,-5,1,90
1743496108.599656,2,-16,16
1743496108.635656,-29,-100,122
1743496108.670656,-21,-10,145
1743496108.705656,52,-58,200
1743496108.740656,8,-8,88
1743496108.7766562,54,-36,198
1743496108.8126562,96,7,116
1743496108.847656,2,-10,206
1743496108.883656,-45,35,88
1743496108.918656,10,45,44
1743496108.953656,46,3,134
1743496108.988656,68,-58,260
1743496109.024656,34,65,88
1743496109.060656,-7,59,52
1743496109.0956562,-47,13,122
1743496109.1316562,-29,-68,23
1743496109.166656,-5,-58,123
1743496109.201656,24,-38,211
1743496109.236656,-19,-12,82
1743496109.272656,-57,64,190
1743496109.308656,88,-45,160
1743496109.343656,-95,14,42
1743496109.379656,60,82,74
1743496109.4146562,9,-93,108
1743496109.449656,51,-37,142
1743496109.484656,49,-63,84
1743496109.520656,-14,6,84
1743496109.556656,4,40,68
1743496109.591656,-13,6,134
1743496109.627656,-2,60,132
1743496109.662656,35,4,122
1743496109.6976562,67,16,196
1743496109.732656,45,-67,71
1743496109.768656,-14,4,231
1743496109.804656,95,58,85
1743496109.839656,-32,-43,177
1743496109.875656,31,-39,197
1743496109.910656,21,28,51
1743496109.945656,-10,-49,247
1743496109.980656,-28,-49,206
1743496110.0166562,-10,-93,80
1743496110.052656,23,-9,166
1743496110.087656,9,74,73
1743496110.123656,63,48,56
1743496110.158656,30,-69,134
1743496110.193656,-39,-23,268
1743496110.228656,-33,16,286
1743496110.264656,64,-17,-13
1743496110.300656,-1,16,274
1743496110.3356562,-43,68,108
1743496110.371656,-67,-23,72
1743496110.406656,-57,-7,144
1743496110.441656,-17,-1,94
1743496110.476656,55,-47,86
1743496110.512656,-9,-7,114
1743496110.548656,27,4,106
1743496110.583656,-44,-5,148
1743496110.619656,-12,-13,86
1743496110.6546562,118,-19,218
1743496110.689656,1,20,94
1743496110.724656,-18,-3,174
1743496110.760656,9,40,92
1743496110.796656,1,94,66
1743496110.831656,49,18,246
1743496110.867656,39,-19,108
1743496110.902656,-38,24,116
1743496110.9376562,3,58,92
1743496110.972656,-84,14,124
1743496111.008656,-20,2,102
1743496111.044656,-32,34,127
1743496111.079656,15,6,87
1743496111.115656,9,32,185
1743496111.150656,-14,38,169
1743496111.185656,-58,-49,131
1743496111.2206562,33,-23,103
1743496111.2566562,19,-39,113
1743496111.292656,30,16,-4
1743496111.327656,22,-51,-10
1743496111.363656,-54,30,167
1743496111.398656,-61,34,93
1743496111.433656,20,63,297
1743496111.476656,-61,-28,185
1743496111.512656,-13,41,97
1743496111.548656,26,35,281
1743496111.583656,34,83,127
1743496111.619656,-83,13,195
1743496111.6546562,54,29,107
1743496111.689656,0,6,23
1743496111.724656,32,-7,155
1743496111.760656,-39,6,57
1743496111.796656,-25,-5,85
1743496111.831656,14,84,89
1743496111.867656,-15,14,151
1743496111.902656,46,24,127
1743496111.9376562,-13,-65,49
1743496111.973656,46,41,147
1743496112.008656,-31,-28,77
1743496112.044656,-7,-15,149
1743496112.079656,-23,18,237
1743496112.115656,-49,36,-2
1743496112.150656,16,-13,91
1743496112.185656,80,30,145
1743496112.221656,34,74,238
1743496112.2566562,-15,42,154
1743496112.292656,26,12,212
1743496112.327656,-13,2,148
1743496112.363656,70,64,124
1743496112.398656,-23,-57,88
1743496112.433656,18,-29,146
1743496112.469656,14,-35,128
1743496112.504656,28,36,138
1743496112.540656,20,-21,76
1743496112.575656,61,52,286
1743496112.611656,-12,4,164
1743496112.646656,-2,-25,188
1743496112.681656,-15,-65,200
1743496112.717656,-93,-69,154
1743496112.752656,30,-47,206
1743496112.788656,0,18,122
1743496112.823656,78,-28,-19
1743496112.859656,44,-30,96
1743496112.894656,18,-26,130
1743496112.929656,-7,39,136
1743496112.965656,84,-70,200
1743496113.000656,6,11,96
1743496113.036656,102,-70,222
1743496113.071656,54,-2,12
1743496113.107656,74,41,224
1743496113.142656,8,39,128
1743496113.177656,42,47,218
1743496113.213656,8,1,206
1743496113.248656,-55,3,66
1743496113.284656,-55,-28,2
1743496113.319656,-17,-70,106
1743496113.355656,4,17,114
1743496113.390656,41,27,162
1743496113.425656,-12,13,152
1743496113.461656,-50,33,196
1743496113.496656,-61,-52,226
1743496113.532656,18,19,162
1743496113.567656,36,30,182
1743496113.603656,-41,3,122
1743496113.638656,56,-52,128
1743496113.673656,-21,23,50
1743496113.709656,68,-26,60
1743496113.744656,0,-2,64
1743496113.780656,-16,-50,166
1743496113.815656,-78,29,-55
1743496113.851656,74,13,192
1743496113.886656,-61,-60,78
1743496113.921656,-37,5,200
1743496113.957656,-21,35,204
1743496113.992656,-45,-6,130
1743496114.028656,72,-2,78
1743496114.063656,-31,41,70
1743496114.099656,-63,-56,136
1743496114.134656,-49,5,138
1743496114.169656,-25,1,130
1743496114.205656,-17,7,216
1743496114.240656,14,-21,174
1743496114.2766562,-36,77,150
1743496114.311656,12,29,118
1743496114.347656,6,-38,166
1743496114.382656,33,-20,166
1743496114.417656,25,-56,162
1743496114.453656,69,31,46
1743496114.488656,-1,0,188
1743496114.524656,68,-34,42
1743496114.559656,48,-22,156
1743496114.5956562,18,-56,168
1743496114.630656,40,-92,82
1743496114.665656,62,15,82
1743496114.701656,-20,17,156
1743496114.736656,-12,29,70
1743496114.772656,-70,43,242
1743496114.807656,-34,73,166
1743496114.843656,21,1,236
1743496114.878656,75,3,90
1743496114.913656,-26,55,128
1743496114.949656,-86,-20,154
1743496114.984656,-36,-30,248
1743496115.020656,-54,79,241
1743496115.055656,-4,-6,133
1743496115.091656,16,29,123
1743496115.126656,-27,7,159
1743496115.161656,26,-62,147
1743496115.1976562,18,-10,197
1743496115.232656,18,-36,129
1743496115.268656,-47,-74,18
1743496115.303656,-5,43,166
1743496115.339656,-27,-16,16
1743496115.375656,-79,35,138
1743496115.411656,-69,-9,114
1743496115.446656,60,20,55
1743496115.481656,-67,-137,197
1743496115.517656,-25,-51,226
1743496115.552656,27,70,-5
1743496115.588656,43,-22,178
1743496115.623656,-56,-20,110
1743496115.658656,-15,18,112
1743496115.693656,21,-1,134
1743496115.729656,-44,32,94
1743496115.765656,-8,58,110
1743496115.800656,0,18,204
1743496115.836656,13,26,154
1743496115.871656,-14,-61,160
1743496115.906656,-12,-7,146
1743496115.941656,-36,-25,26
1743496115.977656,-31,40,58
1743496116.013656,44,0,18
1743496116.048656,80,0,16
1743496116.084656,-2,-43,100
1743496116.119656,-30,-39,74
1743496116.1546562,85,-9,68
1743496116.189656,53,-72,312
1743496116.225656,17,-25,122
1743496116.261656,3,-41,96
1743496116.296656,0,72,206
1743496116.332656,-20,-43,124
1743496116.367656,-28,0,132
1743496116.402656,-32,-3,164
1743496116.4376562,0,42,204
1743496116.473656,29,-23,74
1743496116.509656,63,-37,138
1743496116.544656,-48,-83,96
1743496116.580656,3,-15,178
1743496116.615656,-80,42,60
1743496116.650656,83,-71,192
1743496116.685656,41,18,208
1743496116.721656,59,-7,266
1743496116.757656,19,36,104
1743496116.792656,-31,-33,80
1743496116.828656,64,48,116
1743496116.863656,6,70,106
1743496116.898656,-5,-19,122
1743496116.933656,6,-49,170
1743496116.969656,0,-29,58
1743496117.005656,-95,58,86
1743496117.040656,-71,-7,76
1743496117.076656,4,-63,129
1743496117.111656,-17,52,125
1743496117.146656,-13,22,203
1743496117.181656,22,38,49
1743496117.217656,4,-13,59
1743496117.253656,88,-75,53
1743496117.288656,22,-49,25
1743496117.324656,-17,22,155
1743496117.359656,46,-43,207
1743496117.394656,-13,-1,137
1743496117.429656,-49,-87,99
1743496117.465656,40,40,219
1743496117.501656,-5,45,169
1743496117.536656,-21,14,119
1743496117.5726562,0,-3,57
1743496117.607656,30,-31,101
1743496117.642656,66,-23,175
1743496117.677656,8,-63,178
1743496117.713656,-11,24,90
1743496117.749656,-66,46,166
1743496117.784656,-36,4,198
1743496117.820656,10,58,82
1743496117.855656,41,-101,124
1743496117.890656,4,34,218
1743496117.925656,6,76,34
1743496117.961656,-33,56,98
1743496117.997656,-27,42,64
1743496118.032656,-11,-15,126
1743496118.068656,-1,-19,120
1743496118.103656,-3,-1,138
1743496118.138656,58,-39,46
1743496118.173656,-45,-23,188
1743496118.209656,-10,38,274
1743496118.245656,8,-17,-7
1743496118.280656,112,-39,154
1743496118.316656,-29,36,98
1743496118.351656,44,-41,118
1743496118.386656,50,14,130
1743496118.421656,-23,-43,164
1743496118.457656,-36,-49,120
1743496118.4936562,55,28,184
1743496118.528656,35,-33,78
1743496118.564656,5,61,74
1743496118.599656,34,25,138
1743496118.634656,4,-26,230
1743496118.669656,58,-14,150
1743496118.705656,112,16,146
1743496118.741656,-15,44,196
1743496118.7766562,-15,60,-47
1743496118.8126562,-27,-7,228
1743496118.847656,52,-63,132
1743496118.882656,70,-33,96
1743496118.917656,-71,-35,102
1743496118.953656,-1,38,46
1743496118.989656,-9,-17,112
1743496119.024656,-13,6,126
1743496119.060656,25,34,212
1743496119.0956562,17,8,148
1743496119.130656,15,-28,142
1743496119.165656,-50,7,222
1743496119.201656,-56,-98,146
1743496119.237656,9,-46,155
1743496119.272656,-52,11,153
1743496119.308656,-4,13,167
1743496119.343656,-60,-12,89
1743496119.378656,31,75,237
1743496119.413656,-42,13,185
1743496119.449656,69,-4,133
1743496119.485656,19,21,83
1743496119.520656,-40,1,183
1743496119.556656,-38,29,203
1743496119.591656,11,-18,161
1743496119.626656,-38,-30,181
1743496119.661656,3,-34,59
1743496119.6976562,77,-8,185
1743496119.7336562,-2,11,115
1743496119.768656,-7,93,159
1743496119.804656,24,-98,131
1743496119.839656,65,48,141
1743496119.874656,-38,-55,249
1743496119.909656,-125,53,243
1743496119.945656,-18,-15,181
1743496119.981656,-44,10,73
1743496120.0166562,-16,-13,143
1743496120.052656,-48,-49,169
1743496120.087656,17,-9,229
1743496120.122656,30,-59,201
1743496120.157656,-63,-1,193
1743496120.193656,32,-9,42
1743496120.229656,-35,24,66
1743496120.264656,16,82,94
1743496120.300656,-67,-11,224
1743496120.3356562,-27,-11,160
1743496120.370656,28,-73,100
1743496120.405656,-39,64,92
1743496120.441656,20,-103,110
1743496120.477656,-70,32,146
1743496120.512656,-102,-13,66
1743496120.548656,-50,-33,88
1743496120.583656,-88,-5,72
1743496120.6186562,-18,-73,76
1743496120.653656,-8,-27,-43
1743496120.689656,-32,-37,240
1743496120.725656,-10,62,136
1743496120.760656,43,22,230
1743496120.796656,-16,-3,130
1743496120.831656,-16,-5,130
1743496120.866656,19,58,116
1743496120.9016562,-22,-9,78
1743496120.9376562,-118,-45,156
1743496120.973656,13,-6,152
1743496121.008656,-14,9,120
1743496121.044656,-38,41,160
1743496121.079656,95,3,132
1743496121.114656,5,-62,84
1743496121.149656,22,26,122
1743496121.185656,8,-29,130
1743496121.221656,52,30,134
1743496121.2566562,52,8,264
1743496121.292656,67,-14,166
1743496121.327656,49,-22,148
1743496121.362656,-54,-1,190
1743496121.397656,35,27,104
1743496121.433656,-8,69,222
1743496121.469656,3,-52,20
1743496121.511656,-78,-4,230
1743496121.548656,51,23,108
1743496121.583656,65,-60,126
1743496121.6186562,61,-32,128
1743496121.6546562,11,-22,32
1743496121.689656,-46,75,206
1743496121.725656,33,-20,114
1743496121.760656,17,51,116
1743496121.796656,25,-4,80
1743496121.831656,69,35,78
1743496121.866656,13,-2,102
1743496121.902656,-22,35,268
1743496121.9376562,-34,-14,178
1743496121.973656,21,19,56
1743496122.008656,0,-67,168
1743496122.044656,13,36,132
1743496122.079656,55,-45,48
1743496122.114656,-36,4,258
1743496122.150656,39,14,12
1743496122.185656,-88,42,50
1743496122.221656,47,-41,70
1743496122.2566562,-18,-9,42
1743496122.292656,35,11,164
1743496122.327656,13,13,102
1743496122.362656,13,-12,180
1743496122.398656,29,15,22
1743496122.433656,1,0,166
1743496122.469656,5,-112,170
1743496122.504656,13,-2,100
1743496122.540656,-18,-111,142
1743496122.575656,3,0,104
1743496122.610656,-10,88,52
1743496122.646656,-42,94,82
1743496122.682656,1,20,100
1743496122.718656,-54,30,136
1743496122.753656,-72,-31,180
1743496122.7896562,23,-39,90
1743496122.824656,9,28,-9
1743496122.860656,-14,-35,186
1743496122.895656,-18,116,98
1743496122.930656,-9,0,241
1743496122.966656,43,-7,187
1743496123.001656,27,-5,143
1743496123.037656,-74,93,129
1743496123.0726562,-6,-4,79
1743496123.1086562,73,-48,155
1743496123.143656,-38,-18,205
1743496123.178656,-5,-7,171
1743496123.214656,36,-31,99
1743496123.249656,-35,48,63
1743496123.285656,-47,0,111
1743496123.320656,-63,-21,269
1743496123.356656,-17,16,247
1743496123.3916562,-7,8,185
1743496123.426656,11,-25,159
1743496123.462656,-14,4,217
1743496123.497656,-86,-25,177
1743496123.533656,47,-47,63
1743496123.568656,-42,32,295
1743496123.604656,10,-15,237
1743496123.639656,-27,-21,157
1743496123.6746562,-28,-41,155
1743496123.7106562,-26,12,243
1743496123.745656,-72,76,183
1743496123.781656,29,44,53
1743496123.816656,-8,42,173
1743496123.852656,41,-51,35
1743496123.887656,-40,60,77
1743496123.922656,53,10,93
1743496123.958656,-36,90,125
1743496123.9936562,-58,-7,179
1743496124.0296562,-69,-8,29
1743496124.064656,56,83,110
1743496124.100656,-15,31,165
1743496124.135656,-71,9,94
1743496124.170656,-50,5,54
1743496124.206656,-44,-52,103
1743496124.241656,-16,-48,183
1743496124.277656,-80,15,185
1743496124.3126562,19,-64,149
1743496124.348656,-36,-16,117
1743496124.383656,-2,-28,157
1743496124.418656,87,42,1
1743496124.454656,-9,-1,237
1743496124.489656,42,-29,143
1743496124.525656,-13,-53,77
1743496124.560656,-2,1,181
1743496124.596656,-9,80,85
1743496124.6316562,82,2,171
1743496124.666656,-24,-60,163
1743496124.702656,-5,-1,83
1743496124.737656,52,-27,97
1743496124.773656,-37,-1,155
1743496124.808656,5,8,105
1743496124.844656,30,-49,-52
1743496124.880656,41,52,181
1743496124.916656,-34,48,209
1743496124.952656,9,-43,207
1743496124.988656,41,-3,131
1743496125.024656,1,9,49
1743496125.059656,51,15,97
1743496125.094656,73,-18,213
1743496125.130656,-78,-32,83
1743496125.166656,-62,27,75
1743496125.201656,-32,41,163
1743496125.237656,9,-32,115
1743496125.272656,33,41,61
1743496125.307656,-24,14,7
1743496125.342656,-16,8,5
1743496125.378656,-12,26,209
1743496125.4146562,-40,36,145
1743496125.449656,-22,36,37
1743496125.485656,25,78,161
1743496125.520656,-74,-45,85
1743496125.555656,-22,32,185
1743496125.590656,5,2,-64
1743496125.626656,61,42,151
1743496125.662656,1,-9,77
1743496125.6976562,15,-3,111
1743496125.7336562,-14,32,167
1743496125.768656,-102,-19,49
1743496125.803656,-46,-55,23
1743496125.838656,3,2,95
1743496125.874656,63,0,191
1743496125.910656,19,42,67
1743496125.945656,-40,0,197
1743496125.981656,35,6,97
1743496126.0166562,-4,34,130
1743496126.051656,-46,72,111
1743496126.086656,35,-24,103
1743496126.122656,45,10,76
1743496126.158656,56,11,186
1743496126.193656,9,2,236
1743496126.229656,3,22,248
1743496126.264656,49,68,131
1743496126.2996562,43,-75,42
1743496126.334656,1,78,66
1743496126.370656,5,30,22
1743496126.406656,23,-71,120
1743496126.441656,-131,-1,20
1743496126.477656,-43,-3,130
1743496126.512656,-24,-63,242
1743496126.547656,-14,-35,54
1743496126.582656,13,8,224
1743496126.6186562,5,24,112
1743496126.6546562,5,-21,191
1743496126.689656,-47,73,215
1743496126.725656,24,47,172
1743496126.760656,-32,14,168
1743496126.795656,-24,-37,122
1743496126.830656,-64,-61,114
1743496126.866656,-28,-29,-27
1743496126.902656,-11,3,220
1743496126.9376562,-24,-38,218
1743496126.973656,39,-4,50
1743496127.008656,-14,11,100
1743496127.043656,75,-6,36
1743496127.078656,121,31,282
1743496127.114656,-18,1,114
1743496127.150656,0,-48,146
1743496127.185656,3,7,154
1743496127.221656,-6,-21,256
1743496127.2566562,-76,12,92
1743496127.291656,39,31,142
1743496127.326656,-16,9,110
1743496127.362656,29,34,66
1743496127.398656,57,6,-11
1743496127.433656,63,-25,180
1743496127.469656,0,4,188
1743496127.504656,51,-15,220
1743496127.5396562,-2,-25,86
1743496127.574656,-66,-39,30
1743496127.610656,-52,6,42
1743496127.646656,39,14,108
1743496127.681656,69,-15,40
1743496127.717656,-14,12,74
1743496127.752656,15,-41,-51
1743496127.787656,-2,-5,72
1743496127.8226562,24,-1,232
1743496127.8586562,55,-5,116
1743496127.894656,16,-25,170
1743496127.929656,-55,42,146
1743496127.965656,-71,-35,58
1743496128.000656,38,18,88
1743496128.035656,12,-93,112
1743496128.070656,46,-21,98
1743496128.106656,-21,24,54
1743496128.142656,-75,18,78
1743496128.177656,20,8,58
1743496128.213656,-63,-47,188
1743496128.248656,76,-45,2
1743496128.283656,52,-57,198
1743496128.318656,48,-51,182
1743496128.354656,-30,-11,82
1743496128.390656,21,58,32
1743496128.425656,9,28,122
1743496128.461656,17,-52,54
1743496128.496656,35,-30,94
1743496128.531656,-80,-8,104
1743496128.566656,11,-56,70
1743496128.602656,-16,-3,108
1743496128.638656,-72,-7,184
1743496128.673656,73,14,156
1743496128.709656,11,76,104
1743496128.744656,-48,34,32
1743496128.7796562,-78,10,164
1743496128.814656,-16,40,0
1743496128.850656,-44,2,176
1743496128.886656,85,-49,132
1743496128.921656,23,39,110
1743496128.957656,-74,-45,-45
1743496128.992656,-18,-27,112
1743496129.027656,51,-43,276
1743496129.0626562,-1,44,48
1743496129.098656,14,-39,128
1743496129.134656,2,-51,84
1743496129.169656,-60,-45,108
1743496129.205656,-24,18,56
1743496129.240656,-80,-55,94
1743496129.275656,11,-84,54
1743496129.310656,-34,-87,124
1743496129.346656,90,32,168
1743496129.382656,-3,8,124
1743496129.417656,-1,-1,120
1743496129.453656,30,18,94
1743496129.488656,-35,-23,168
1743496129.523656,52,52,188
1743496129.558656,-43,-17,128
1743496129.594656,-3,-13,70
1743496129.630656,-17,8,158
1743496129.665656,-3,20,98
1743496129.701656,-23,-91,156
1743496129.736656,4,48,188
1743496129.771656,4,92,176
1743496129.806656,-23,22,166
1743496129.842656,44,36,172
1743496129.878656,-91,-5,164
1743496129.913656,-18,-25,140
1743496129.949656,-36,-49,132
1743496129.984656,77,14,160
1743496130.019656,-16,-61,186
1743496130.054656,-2,90,154
1743496130.090656,-54,-11,152
1743496130.126656,49,68,264
1743496130.161656,-20,-23,94
1743496130.1976562,59,27,192
1743496130.232656,11,39,194
1743496130.267656,13,-12,208
1743496130.302656,57,-40,122
1743496130.338656,-78,31,106
1743496130.374656,-42,-72,94
1743496130.409656,-58,75,70
1743496130.445656,68,-69,64
1743496130.480656,-3,-7,196
1743496130.515656,82,-5,22
1743496130.550656,-31,-59,128
1743496130.586656,54,86,124
1743496130.622656,-15,2,118
1743496130.657656,30,19,148
1743496130.693656,-7,-46,126
1743496130.728656,-9,-22,28
1743496130.763656,18,122,178
1743496130.798656,-20,18,178
1743496130.834656,3,-1,208
1743496130.870656,-60,-39,74
1743496130.905656,30,28,145
1743496130.941656,22,34,125
1743496130.976656,-32,34,185
1743496131.011656,12,-39,111
1743496131.047656,-31,0,58
1743496131.082656,8,30,254
1743496131.1186562,28,-1,63
1743496131.153656,122,-47,259
1743496131.189656,-5,40,180
1743496131.224656,22,38,104
1743496131.259656,-12,-71,111
1743496131.295656,-24,-1,42
1743496131.330656,-16,-1,53
1743496131.366656,-54,2,145
1743496131.4016562,-22,0,141
1743496131.4376562,-44,20,235
1743496131.472656,-64,-3,143
1743496131.514656,15,-25,269
1743496131.551656,-79,-3,87
1743496131.586656,-35,28,115
1743496131.622656,-19,-29,151
1743496131.657656,24,-5,107
1743496131.693656,60,-11,153
1743496131.728656,-17,6,43
1743496131.763656,-7,-55,205
1743496131.7996562,24,-4,33
1743496131.834656,-7,73,93
1743496131.870656,74,46,87
1743496131.905656,-57,-30,61
1743496131.941656,-25,15,173
1743496131.976656,18,-6,47
1743496132.011656,70,9,159
1743496132.047656,12,71,149
1743496132.082656,50,29,93
1743496132.1186562,-59,31,189
1743496132.153656,-27,13,85
1743496132.189656,36,47,95
1743496132.224656,-71,27,143
1743496132.259656,-69,-7,183
1743496132.295656,-157,27,21
1743496132.330656,68,-3,253
1743496132.366656,-1,-81,141
1743496132.4016562,-107,51,89
1743496132.4376562,16,-14,167
1743496132.472656,10,97,3
1743496132.507656,-51,-8,207
1743496132.543656,-15,-20,243
1743496132.578656,-9,0,181
1743496132.614656,-87,-34,175
1743496132.649656,24,11,107
1743496132.685656,-51,33,147
1743496132.7206562,-37,59,195
1743496132.755656,-47,0,141
1743496132.791656,4,-38,151
1743496132.826656,-31,25,171
1743496132.862656,20,59,165
1743496132.897656,-59,57,115
1743496132.933656,-23,3,51
1743496132.968656,-19,37,157
1743496133.003656,-9,65,85
1743496133.0396562,2,-16,97
1743496133.074656,-29,-24,147
1743496133.110656,38,-50,85
1743496133.145656,62,0,125
1743496133.181656,-21,35,117
1743496133.216656,40,-32,63
1743496133.251656,112,23,177
1743496133.287656,-85,13,-22
1743496133.3226562,28,-50,199
1743496133.3586562,30,-26,127
1743496133.393656,-9,-70,145
1743496133.429656,-19,-4,151
1743496133.464656,4,-50,113
1743496133.499656,22,21,37
1743496133.535656,48,25,147
1743496133.570656,49,-38,111
1743496133.606656,91,23,187
1743496133.6416562,1,-28,207
1743496133.677656,33,7,205
1743496133.712656,-42,-6,215
1743496133.747656,59,-28,37
1743496133.783656,-50,-100,155
1743496133.818656,34,15,156
1743496133.854656,43,11,100
1743496133.889656,-10,-20,140
1743496133.925656,17,53,162
1743496133.9606562,-22,48,92
1743496133.995656,43,35,108
1743496134.031656,-36,-80,174
1743496134.066656,5,-20,116
1743496134.102656,19,25,224
1743496134.137656,47,-34,122
1743496134.173656,72,-20,196
1743496134.208656,-110,-6,116
1743496134.2436562,9,29,106
1743496134.2796562,99,-32,156
1743496134.314656,-8,-76,34
1743496134.350656,17,-42,32
1743496134.385656,-30,-2,184
1743496134.421656,-9,41,126
1743496134.457656,-31,-8,158
1743496134.492656,-37,-8,80
1743496134.527656,-72,-26,146
1743496134.563656,31,13,46
1743496134.599656,-62,-80,90
1743496134.634656,9,3,118
1743496134.670656,-26,-38,120
1743496134.705656,20,0,88
1743496134.740656,37,59,174
1743496134.775656,-43,-28,258
1743496134.811656,-27,94,108
1743496134.847656,26,34,102
1743496134.882656,-41,-53,188
1743496134.918656,6,0,89
1743496134.953656,34,28,159
1743496134.988656,-3,-5,151
1743496135.023656,-48,-7,151
1743496135.059656,-24,46,77
1743496135.0956562,55,-19,193
1743496135.130656,-2,-13,127
1743496135.166656,51,-57,53
1743496135.201656,9,76,45
1743496135.236656,43,-17,0
1743496135.271656,-36,-53,145
1743496135.307656,-54,26,109
1743496135.343656,1,-35,149
1743496135.378656,-108,44,77
1743496135.4146562,-30,-17,247
1743496135.449656,-16,-67,245
1743496135.484656,9,-47,163
1743496135.519656,-26,-15,147
1743496135.555656,79,-15,83
1743496135.591656,-68,106,205
1743496135.626656,25,-15,237
1743496135.662656,67,-23,167
1743496135.6976562,19,12,65
1743496135.732656,-38,-75,57
1743496135.767656,23,-63,173
1743496135.803656,-32,-45,175
1743496135.839656,11,74,67
1743496135.874656,49,-35,35
1743496135.910656,33,-41,23
1743496135.945656,23,0,111
1743496135.980656,17,102,61
1743496136.015656,-56,33,147
1743496136.051656,45,-23,145
1743496136.087656,47,0,91
1743496136.122656,81,-13,183
1743496136.158656,23,-9,107
1743496136.193656,-48,-27,97
1743496136.228656,49,46,51
1743496136.263656,-56,28,173
1743496136.2996562,-38,24,97
1743496136.3356562,-80,58,87
1743496136.370656,-34,-9,105
1743496136.406656,17,44,103
1743496136.441656,23,30,109
1743496136.476656,-8,-89,89
1743496136.511656,31,66,122
1743496136.547656,95,-3,102
1743496136.583656,-120,-9,94
1743496136.6186562,-14,29,202
1743496136.6546562,3,1,240
1743496136.689656,25,18,56
1743496136.724656,-16,23,160
1743496136.759656,15,-20,40
1743496136.795656,11,-97,186
1743496136.831656,17,-16,130
1743496136.866656,-44,-81,80
1743496136.902656,25,22,136
1743496136.9376562,3,18,84
1743496136.972656,25,32,182
1743496137.007656,-37,24,172
1743496137.043656,-14,-25,198
1743496137.079656,57,-21,128
1743496137.114656,-26,106,78
1743496137.150656,30,-29,156
1743496137.185656,-49,8,86
1743496137.2206562,64,20,174
1743496137.255656,76,-13,204
1743496137.291656,-7,-13,176
1743496137.327656,0,-7,60
1743496137.362656,-29,-25,62
1743496137.398656,-25,-41,66
1743496137.433656,-93,0,12
1743496137.468656,2,-11,116
1743496137.503656,-61,4,148
1743496137.5396562,46,12,112
1743496137.575656,106,16,46
1743496137.610656,-15,12,211
1743496137.646656,14,78,130
1743496137.681656,16,-21,128
1743496137.716656,-63,-35,90
1743496137.751656,-35,36,190
1743496137.787656,12,-1,161
1743496137.823656,-15,-73,155
1743496137.8586562,-47,-47,173
1743496137.894656,-49,14,117
1743496137.929656,38,-1,26
1743496137.964656,16,32,70
1743496137.999656,-7,-29,20
1743496138.035656,-61,-59,42
1743496138.071656,67,-33,110
1743496138.106656,-32,-1,258
1743496138.142656,31,-43,36
1743496138.177656,-86,-83,62
1743496138.212656,12,30,178
1743496138.247656,64,12,62
1743496138.283656,6,70,162
1743496138.319656,-1,4,70
1743496138.354656,24,11,58
1743496138.390656,-1,-6,158
1743496138.425656,-109,-44,92
1743496138.4606562,-53,1,72
1743496138.495656,44,-16,71
1743496138.531656,-29,-37,199
1743496138.567656,-3,-81,209
1743496138.602656,48,0,181
1743496138.638656,-31,-9,181
1743496138.673656,-66,24,159
1743496138.708656,1,-55,115
1743496138.7436562,-7,46,135
1743496138.7796562,80,-1,36
1743496138.815656,66,-47,136
1743496138.850656,36,-7,117
1743496138.886656,90,32,147
1743496138.921656,4,-11,97
1743496138.956656,-5,40,173
1743496138.991656,-9,26,51
1743496139.027656,78,-33,137
1743496139.063656,-15,8,105
1743496139.098656,68,-61,58
1743496139.134656,10,-23,110
1743496139.169656,90,-5,184
1743496139.204656,20,-57,50
1743496139.239656,82,-5,34
1743496139.275656,24,-27,38
1743496139.311656,-18,-27,220
1743496139.346656,44,52,156
1743496139.382656,52,0,302
1743496139.417656,50,-19,306
1743496139.452656,43,-21,150
1743496139.487656,-4,62,90
1743496139.523656,35,0,152
1743496139.559656,-76,-51,166
1743496139.594656,-57,54,120
1743496139.630656,1,38,114
1743496139.665656,5,22,100
1743496139.700656,-72,12,73
1743496139.735656,5,52,111
1743496139.771656,-2,40,303
1743496139.807656,-30,84,139
1743496139.842656,5,-67,89
1743496139.878656,19,6,21
1743496139.913656,-12,28,217
1743496139.948656,-58,20,147
1743496139.9836562,-16,-7,149
1743496140.019656,0,-63,151
1743496140.055656,-62,22,165
1743496140.090656,-58,34,101
1743496140.126656,55,-5,53
1743496140.161656,-36,44,195
1743496140.196656,-72,-8,133
1743496140.231656,91,0,111
1743496140.267656,29,33,131
1743496140.303656,-32,23,325
1743496140.338656,-20,-36,133
1743496140.374656,9,-14,99
1743496140.409656,71,-18,227
1743496140.444656,33,51,189
1743496140.480656,-38,-48,111
1743496140.515656,-60,-10,139
1743496140.551656,29,-17,183
1743496140.586656,21,58,211
1743496140.622656,81,34,229
1743496140.657656,26,-33,-2
1743496140.692656,-69,14,101
1743496140.728656,-7,-47,25
1743496140.763656,-105,-11,147
1743496140.7996562,-107,-73,149
1743496140.834656,30,48,13
1743496140.870656,16,-91,89
1743496140.905656,-1,34,81
1743496140.940656,-45,-84,187
1743496140.976656,-23,-85,225
1743496141.011656,24,-17,105
1743496141.047656,22,-17,131
1743496141.082656,-5,54,69
1743496141.1186562,10,16,147
1743496141.153656,-45,86,-14
1743496141.188656,46,-41,69
1743496141.224656,16,-15,63
1743496141.259656,6,-121,125
1743496141.295656,0,-75,127
1743496141.330656,-17,38,225
1743496141.366656,2,-7,85
1743496141.4016562,45,35,-14
1743496141.436656,-2,-44,231
1743496141.472656,15,23,25
1743496141.507656,13,27,255
1743496141.550656,17,67,105
1743496141.586656,-64,-50,55
1743496141.622656,-104,-50,179
1743496141.657656,27,-28,231
1743496141.692656,65,-32,173
1743496141.728656,-2,18,311
1743496141.763656,7,25,143
1743496141.7996562,41,62,105
1743496141.834656,33,32,99
1743496141.870656,37,40,21
1743496141.905656,87,48,155
1743496141.940656,75,32,97
1743496141.976656,53,26,145
1743496142.011656,-6,28,71
1743496142.047656,25,-3,129
1743496142.082656,-34,22,231
1743496142.1186562,-40,-47,161
1743496142.153656,-54,64,123
1743496142.188656,69,36,111
1743496142.224656,-6,2,129
1743496142.259656,73,-87,127
1743496142.295656,67,-43,187
1743496142.330656,55,-13,129
1743496142.366656,-16,-13,79
1743496142.4016562,-68,66,205
1743496142.436656,-54,-31,111
1743496142.472656,55,-39,179
1743496142.507656,53,-49,93
1743496142.543656,3,36,113
1743496142.578656,23,14,105
1743496142.614656,73,-9,61
1743496142.649656,57,6,239
1743496142.684656,23,60,283
1743496142.7206562,69,-47,101
1743496142.755656,19,-11,103
1743496142.791656,-4,0,197
1743496142.826656,-78,-31,0
1743496142.862656,-42,-27,245
1743496142.897656,-54,78,163
1743496142.932656,-10,6,93
1743496142.968656,-30,8,143
1743496143.003656,-12,42,265
1743496143.0396562,-54,-27,119
1743496143.074656,-104,-5,101
1743496143.110656,41,8,109
1743496143.145656,-40,38,227
1743496143.180656,29,-37,179
1743496143.216656,21,58,37
1743496143.251656,-32,84,17
1743496143.287656,-36,20,133
1743496143.3226562,19,0,63
1743496143.3586562,-66,-41,85
1743496143.393656,-32,-39,155
1743496143.428656,13,-9,161
1743496143.464656,-22,-11,157
1743496143.499656,57,-47,45
1743496143.535656,-86,6,159
1743496143.570656,-6,-17,111
1743496143.606656,-14,54,245
1743496143.6416562,-24,-13,83
1743496143.676656,51,12,73
1743496143.712656,31,46,195
1743496143.747656,-34,2,149
1743496143.783656,33,2,107
1743496143.818656,35,50,181
1743496143.854656,-2,8,145
1743496143.890656,49,8,43
1743496143.926656,-42,8,167
1743496143.962656,15,2,203
1743496143.998656,45,-9,193
1743496144.034656,11,84,101
1743496144.069656,-18,-57,-14
1743496144.104656,-46,-79,95
1743496144.140656,3,26,121
1743496144.176656,-6,8,171
1743496144.211656,-112,-23,175
1743496144.247656,15,42,167
1743496144.282656,31,6,45
1743496144.317656,21,-61,310
1743496144.352656,37,16,-39
1743496144.388656,19,-73,24
1743496144.4246562,0,-93,168
1743496144.459656,-20,2,146
1743496144.495656,28,-3,98
1743496144.530656,0,12,90
1743496144.565656,-19,-17,116
1743496144.600656,90,52,56
1743496144.636656,24,-55,232
1743496144.672656,40,48,112
1743496144.707656,-25,-3,102
1743496144.7436562,-13,-33,26
1743496144.778656,39,-11,62
1743496144.813656,59,-9,154
1743496144.848656,-30,24,196
1743496144.884656,11,-29,-5
1743496144.920656,-6,-19,216
1743496144.955656,25,12,80
1743496144.991656,15,16,90
1743496145.0266562,-28,12,94
1743496145.061656,13,70,136
1743496145.096656,-48,-53,130
1743496145.132656,-38,-75,88
1743496145.168656,45,-1,224
1743496145.203656,-50,-21,120
1743496145.239656,28,64,186
1743496145.274656,-37,16,104
1743496145.309656,-19,-1,58
1743496145.344656,24,-21,90
1743496145.380656,-21,38,196
1743496145.416656,-15,-7,118
1743496145.451656,22,-31,44
1743496145.487656,45,-35,148
1743496145.522656,-8,8,56
1743496145.557656,31,18,98
1743496145.592656,-58,-65,14
1743496145.628656,-26,-64,230
1743496145.6646562,9,-86,286
1743496145.699656,-6,57,192
1743496145.735656,9,53,18
1743496145.770656,35,31,216
1743496145.805656,-44,47,128
1743496145.840656,23,-30,178
1743496145.876656,67,13,132
1743496145.912656,5,-30,258
1743496145.9476562,13,-84,24
1743496145.9836562,0,-72,278
1743496146.018656,30,-17,132
1743496146.053656,-67,20,140
1743496146.088656,10,-39,0
1743496146.124656,37,37,142
1743496146.160656,-34,-34,120
1743496146.195656,0,-12,240
1743496146.231656,53,11,90
1743496146.2666562,41,-26,74
1743496146.301656,-110,37,158
1743496146.336656,73,-74,218
1743496146.372656,5,-32,182
1743496146.408656,79,45,-17
1743496146.443656,-32,-12,80
1743496146.479656,-46,-50,162
1743496146.514656,-14,-16,222
1743496146.5496562,27,-4,128
1743496146.584656,-21,-5,64
1743496146.620656,38,16,160
1743496146.656656,7,8,50
1743496146.691656,24,-19,234
1743496146.727656,7,28,60
1743496146.762656,37,18,34
1743496146.797656,64,54,52
1743496146.832656,-15,-13,38
1743496146.8686562,14,50,94
1743496146.9046562,-38,-73,74
1743496146.939656,34,-17,108
1743496146.975656,58,0,208
1743496147.010656,46,26,120
1743496147.045656,28,4,144
1743496147.080656,92,22,192
1743496147.116656,68,-55,154
1743496147.152656,-25,22,112
1743496147.1876562,-29,-35,182
1743496147.223656,-5,4,56
1743496147.259656,50,2,174
1743496147.295656,48,70,168
1743496147.330656,-13,53,58
1743496147.365656,-81,-9,176
1743496147.400656,51,29,96
1743496147.436656,39,-28,8
1743496147.472656,-110,-86,62
1743496147.507656,3,59,154
1743496147.543656,-8,5,74
1743496147.578656,-6,7,340
1743496147.613656,-4,-72,120
1743496147.648656,23,9,36
1743496147.684656,11,-38,172
1743496147.7206562,15,91,106
1743496147.755656,43,-21,2
1743496147.791656,-20,0,208
1743496147.826656,-34,48,160
1743496147.861656,55,11,96
1743496147.896656,19,-27,73
1743496147.932656,7,65,175
1743496147.968656,0,21,15
1743496148.003656,35,-20,201
1743496148.0396562,-24,-2,149
1743496148.074656,-60,-54,71
1743496148.109656,1,-10,121
1743496148.144656,1,23,201
1743496148.180656,19,5,17
1743496148.216656,9,-22,87
1743496148.251656,11,-18,101
1743496148.287656,17,-48,145
1743496148.3226562,77,-38,143
1743496148.357656,-68,-10,103
1743496148.392656,-56,-62,61
1743496148.428656,99,-58,187
1743496148.464656,-111,-4,163
1743496148.499656,10,53,167
1743496148.535656,-1,31,191
1743496148.570656,124,-6,193
1743496148.605656,-57,-40,93
1743496148.640656,68,62,43
1743496148.676656,-21,68,187
1743496148.712656,-7,-15,121
1743496148.747656,4,7,119
1743496148.783656,-22,-63,109
1743496148.818656,45,48,87
1743496148.853656,-24,-26,261
1743496148.888656,-112,-12,247
1743496148.9246562,-36,23,143
1743496148.9606562,25,-8,153
1743496148.995656,63,15,133
1743496149.031656,-36,-26,221
1743496149.066656,-22,-18,169
1743496149.101656,-88,29,67
1743496149.136656,43,61,117
1743496149.172656,17,17,229
1743496149.208656,83,-28,191
1743496149.2436562,-34,-22,137
1743496149.2796562,-46,53,187
1743496149.314656,47,-80,177
1743496149.349656,77,-102,87
1743496149.384656,4,11,91
1743496149.420656,-23,55,159
1743496149.456656,71,15,125
1743496149.491656,69,-36,275
1743496149.527656,-38,-32,131
1743496149.5626562,-24,-24,265
1743496149.597656,59,-23,191
1743496149.632656,37,-81,203
1743496149.668656,25,6,93
1743496149.704656,25,-24,241
1743496149.739656,12,-6,119
1743496149.775656,-25,36,139
1743496149.810656,6,-36,165
1743496149.8456562,4,-12,167
1743496149.8816562,48,9,129
1743496149.916656,-35,-24,153
1743496149.952656,-31,-19,147
1743496149.987656,38,44,151
1743496150.023656,-19,-57,205
1743496150.058656,15,-53,49
1743496150.093656,33,40,51
1743496150.129656,-4,-18,145
1743496150.1646562,-9,-91,129
1743496150.200656,19,-63,93
1743496150.235656,-8,-54,221
1743496150.271656,-13,-33,193
1743496150.306656,-27,-37,105
1743496150.341656,-8,53,117
1743496150.377656,-33,-41,51
1743496150.412656,-10,-55,73
1743496150.448656,-20,-45,129
1743496150.4836562,29,-7,105
1743496150.519656,11,-49,-8
1743496150.554656,-46,-63,161
1743496150.589656,3,-33,71
1743496150.625656,-42,70,185
1743496150.660656,-2,-9,157
1743496150.696656,-10,36,153
1743496150.731656,-68,-9,79
1743496150.767656,-44,12,199
1743496150.802656,-4,6,133
1743496150.837656,-2,-91,177
1743496150.873656,43,102,159
1743496150.908656,3,-11,111
1743496150.944656,-34,-17,55
1743496150.979656,-10,-15,147
1743496151.015656,19,42,105
1743496151.050656,27,-43,121
1743496151.0856562,-30,6,229
1743496151.121656,-56,-11,103
1743496151.156656,-4,-11,115
1743496151.192656,-62,-3,185
1743496151.227656,45,-39,133
1743496151.263656,-52,-27,237
1743496151.298656,3,-39,153
1743496151.333656,65,-1,49
1743496151.369656,37,36,153
1743496151.4046562,13,30,127
1743496151.440656,33,-11,41
1743496151.475656,109,-13,161
1743496151.511656,37,37,181
1743496151.553656,-64,17,245
1743496151.589656,25,-46,131
1743496151.625656,-108,-10,189
1743496151.660656,7,-48,217
1743496151.696656,17,51,49
1743496151.731656,-60,43,147
1743496151.767656,-74,31,3
1743496151.802656,-28,28,123
1743496151.837656,41,-67,191
1743496151.873656,-72,-32,41
1743496151.908656,11,-11,153
1743496151.944656,-2,8,119
1743496151.979656,-50,-55,173
1743496152.015656,-104,-27,45
1743496152.050656,-8,-35,7
1743496152.0856562,5,-45,163
1743496152.121656,59,60,64
1743496152.156656,-8,50,53
1743496152.192656,0,-1,174
1743496152.227656,-51,14,116
1743496152.263656,33,-45,190
1743496152.298656,8,2,102
1743496152.333656,-35,-53,100
1743496152.369656,34,-37,182
1743496152.4046562,6,50,120
1743496152.440656,38,12,246
1743496152.475656,-61,21,156
1743496152.511656,-27,19,152
1743496152.546656,-41,-30,108
1743496152.581656,26,-66,210
1743496152.617656,-47,-56,132
1743496152.652656,36,-26,154
1743496152.688656,49,-8,178
1743496152.723656,99,-97,138
1743496152.759656,27,60,154
1743496152.794656,21,10,108
1743496152.829656,23,19,44
1743496152.865656,-20,-19,164
1743496152.900656,-22,52,88
1743496152.936656,41,-3,130
1743496152.971656,-58,45,262
1743496153.007656,-34,9,32
1743496153.042656,-124,19,240
1743496153.077656,-52,19,130
1743496153.113656,-6,20,78
1743496153.148656,-88,-24,180
1743496153.184656,-64,15,34
1743496153.219656,59,18,28
1743496153.255656,53,-83,116
1743496153.290656,5,-45,184
1743496153.325656,-38,46,144
1743496153.361656,37,10,218
1743496153.396656,-28,-17,162
1743496153.432656,-12,60,32
1743496153.467656,35,-13,126
1743496153.503656,9,-15,176
1743496153.5396562,133,-61,110
1743496153.574656,45,-77,158
1743496153.609656,-32,87,149
1743496153.645656,-40,7,42
1743496153.681656,-60,-36,25
1743496153.716656,-40,-44,147
1743496153.752656,43,32,187
1743496153.787656,-30,58,93
1743496153.8226562,-60,2,149
1743496153.857656,-46,-27,117
1743496153.893656,-26,24,219
1743496153.929656,17,36,71
1743496153.964656,31,40,91
1743496154.000656,29,-1,199
1743496154.035656,47,-15,129
1743496154.070656,-42,18,71
1743496154.105656,1,-5,207
1743496154.1416562,-10,-69,161
1743496154.177656,-60,-3,113
1743496154.212656,53,-21,125
1743496154.248656,73,-5,193
1743496154.283656,-56,8,-8
1743496154.318656,-4,88,131
1743496154.353656,4,26,87
1743496154.389656,-79,14,131
1743496154.425656,0,-19,97
1743496154.4606562,27,38,149
1743496154.496656,52,-23,135
1743496154.531656,-19,0,38
1743496154.566656,58,-7,163
1743496154.601656,-47,14,78
1743496154.637656,20,-14,192
1743496154.673656,-39,16,193
1743496154.708656,-10,20,283
1743496154.744656,52,32,186
1743496154.7796562,-51,16,200
1743496154.814656,-45,-31,71
1743496154.849656,26,-53,118
1743496154.885656,-19,22,36
1743496154.921656,12,-17,120
1743496154.956656,60,-53,136
1743496154.992656,36,10,172
1743496155.027656,-5,-7,212
1743496155.0626562,4,-27,198
1743496155.097656,22,68,170
1743496155.133656,38,4,278
1743496155.169656,46,5,158
1743496155.204656,70,-62,98
1743496155.240656,-3,-28,84
1743496155.275656,29,57,-31
1743496155.310656,7,-4,60
1743496155.3456562,15,0,150
1743496155.3816562,-70,-50,238
1743496155.417656,61,-8,148
1743496155.452656,2,43,108
1743496155.488656,-27,-66,92
1743496155.523656,59,-14,120
1743496155.558656,6,-54,230
1743496155.593656,-43,31,152
1743496155.629656,6,-18,90
1743496155.665656,-29,-5,100
1743496155.700656,-61,16,120
1743496155.736656,56,42,74
1743496155.771656,-69,0,132
1743496155.806656,-3,52,172
1743496155.841656,62,-3,170
1743496155.877656,0,-11,92
1743496155.913656,-21,-1,146
1743496155.948656,-5,20,150
1743496155.984656,-39,48,132
1743496156.019656,-15,6,174
1743496156.054656,-29,-13,130
1743496156.089656,2,16,68
1743496156.125656,36,-43,120
1743496156.161656,90,38,126
1743496156.196656,6,50,168
1743496156.232656,72,-11,216
1743496156.267656,61,-44,48
1743496156.302656,69,-14,162
1743496156.337656,79,0,100
1743496156.373656,23,-36,136
1743496156.409656,-76,39,122
1743496156.444656,-74,61,114
1743496156.480656,-44,-40,2
1743496156.515656,55,35,152
1743496156.550656,5,13,106
1743496156.5856562,-42,-8,232
1743496156.621656,57,-27,226
1743496156.657656,-24,-63,14
1743496156.692656,-54,38,84
1743496156.728656,5,-33,164
1743496156.763656,59,-16,106
1743496156.798656,-30,9,250
1743496156.833656,-4,29,90
1743496156.869656,21,1,186
1743496156.905656,-16,-76,220
1743496156.940656,-6,53,128
1743496156.976656,-26,43,154
1743496157.011656,65,27,22
1743496157.046656,7,-50,226
1743496157.081656,-76,15,108
1743496157.117656,-34,-44,-11
1743496157.153656,17,-36,104
1743496157.188656,59,-54,180
1743496157.224656,13,-32,234
1743496157.259656,47,45,166
1743496157.294656,59,61,28
1743496157.329656,93,-66,138
1743496157.365656,79,-30,212
1743496157.4016562,-16,73,242
1743496157.436656,-70,-7,10
1743496157.472656,3,64,130
1743496157.507656,33,-31,136
1743496157.542656,-50,40,196
1743496157.577656,-12,-59,74
1743496157.613656,-18,-41,58
1743496157.649656,63,-5,124
1743496157.684656,107,-23,78
1743496157.7206562,9,6,96
1743496157.755656,7,40,229
1743496157.790656,23,-43,79
1743496157.825656,-64,-25,145
1743496157.861656,35,88,71
1743496157.897656,45,-34,77
1743496157.932656,-30,15,35
1743496157.968656,-24,10,45
1743496158.003656,-2,-33,27
1743496158.038656,-20,24,53
1743496158.073656,-17,0,189
1743496158.109656,36,-19,247
1743496158.145656,48,-46,167
1743496158.180656,12,50,59
1743496158.216656,-21,16,135
1743496158.251656,-10,50,199
1743496158.286656,69,-83,123
1743496158.321656,24,-11,209
1743496158.357656,-107,-34,67
1743496158.393656,16,-52,113
1743496158.428656,16,-36,167
1743496158.464656,-100,-26,63
1743496158.499656,27,21,103
1743496158.534656,79,73,97
1743496158.569656,29,4,133
1743496158.605656,-12,18,107
1743496158.6416562,-10,-33,167
1743496158.676656,59,0,177
1743496158.712656,53,14,83
1743496158.747656,15,52,63
1743496158.782656,5,64,141
1743496158.817656,21,24,75
1743496158.853656,-2,21,233
1743496158.889656,-72,9,47
1743496158.9246562,-8,40,87
1743496158.9606562,107,-42,193
1743496158.995656,-20,-4,109
1743496159.030656,-18,-42,1
1743496159.065656,-20,21,139
1743496159.101656,45,-14,105
1743496159.137656,49,-40,233
1743496159.172656,7,19,121
1743496159.208656,5,13,109
1743496159.2436562,-78,25,145
1743496159.278656,1,-54,-36
1743496159.314656,27,-8,71
1743496159.349656,-36,-11,165
1743496159.385656,41,-18,125
1743496159.420656,-76,-28,171
1743496159.456656,-69,-56,63
1743496159.491656,100,-34,121
1743496159.5266562,38,23,193
1743496159.5626562,48,9,59
1743496159.597656,46,19,223
1743496159.633656,0,-64,203
1743496159.668656,-57,29,77
1743496159.704656,64,-12,143
1743496159.739656,52,23,-26
1743496159.774656,66,-20,181
1743496159.810656,-27,-32,161
1743496159.8456562,-27,-36,111
1743496159.8816562,-85,7,99
1743496159.916656,16,47,97
1743496159.952656,6,0,167
1743496159.987656,-45,-46,69
1743496160.022656,-85,37,75
1743496160.058656,22,-18,73
1743496160.093656,-16,49,311
1743496160.129656,-57,6,135
1743496160.1646562,61,17,95
1743496160.200656,21,13,123
1743496160.235656,17,-28,17
1743496160.270656,21,15,81
1743496160.306656,-46,-15,67
1743496160.341656,9,-13,255
1743496160.377656,15,-39,9
1743496160.412656,-38,-15,-22
1743496160.448656,-10,48,139
1743496160.4836562,99,49,119
1743496160.518656,-21,9,97
1743496160.554656,31,7,117
1743496160.589656,5,31,93
1743496160.625656,0,-66,135
1743496160.660656,-96,-6,91
1743496160.696656,23,66,132
1743496160.731656,29,19,87
1743496160.7666562,81,80,204
1743496160.802656,33,2,248
1743496160.837656,-88,-3,136
1743496160.873656,5,-29,164
1743496160.908656,1,-37,210
1743496160.944656,141,18,118
1743496160.979656,-43,-1,232
1743496161.014656,6,-5,244
1743496161.050656,44,-7,124
1743496161.0856562,80,42,138
1743496161.121656,-5,-9,124
1743496161.156656,-97,-25,192
1743496161.192656,-1,42,158
1743496161.227656,-50,7,154
1743496161.262656,-56,-24,114
1743496161.298656,-28,-28,52
1743496161.333656,47,-12,158
1743496161.369656,-108,-74,226
1743496161.4046562,-28,-48,-5
1743496161.440656,97,33,94
1743496161.475656,-62,-100,90
1743496161.510656,51,47,126
1743496161.546656,-20,-2,-3
1743496161.588656,-28,-48,120
1743496161.625656,29,-52,190
1743496161.660656,27,27,156
1743496161.696656,17,21,98
1743496161.731656,31,-8,178
1743496161.7666562,13,17,202
1743496161.802656,-82,-4,262
1743496161.837656,-14,41,182
1743496161.873656,17,51,84
1743496161.908656,101,1,106
1743496161.944656,17,-38,32
1743496161.979656,17,-34,244
1743496162.014656,7,-86,126
1743496162.050656,15,-48,274
1743496162.0856562,-26,-42,207
1743496162.121656,-12,-34,147
1743496162.156656,-40,-56,0
1743496162.192656,85,-42,65
1743496162.227656,67,-26,173
1743496162.262656,-38,-34,117
1743496162.298656,17,-58,73
1743496162.333656,-52,-74,161
1743496162.369656,-52,15,89
1743496162.4046562,19,13,249
1743496162.440656,103,65,181
1743496162.475656,-10,15,219
1743496162.510656,35,55,235
1743496162.546656,-44,35,63
1743496162.581656,-30,-16,45
1743496162.617656,3,-2,131
1743496162.652656,-64,63,223
1743496162.688656,-14,45,101
1743496162.723656,99,39,45
1743496162.758656,-20,-34,93
1743496162.794656,-52,-58,227
1743496162.829656,-44,13,141
1743496162.865656,-28,-60,189
1743496162.900656,35,-4,159
1743496162.936656,-2,-4,163
1743496162.972656,65,41,243
1743496163.007656,-50,63,85
1743496163.042656,37,9,77
1743496163.078656,-46,-34,91
1743496163.114656,-64,-15,151
1743496163.149656,45,68,179
1743496163.185656,-22,-27,181
1743496163.2206562,39,63,115
1743496163.255656,5,-20,127
1743496163.290656,21,97,143
1743496163.326656,33,29,189
1743496163.362656,-66,-60,61
1743496163.397656,25,14,87
1743496163.433656,-112,87,191
1743496163.468656,-10,-4,183
1743496163.503656,51,45,165
1743496163.538656,15,65,133
1743496163.574656,11,-54,189
1743496163.610656,-10,93,249
1743496163.645656,65,31,163
1743496163.681656,9,-112,111
1743496163.716656,51,-4,141
1743496163.751656,-30,-2,73
1743496163.786656,-4,39,100
1743496163.8226562,101,77,170
1743496163.8586562,-11,8,98
1743496163.893656,63,-54,174
1743496163.929656,66,-81,116
1743496163.964656,-12,9,214
1743496163.999656,-66,3,74
1743496164.034656,38,10,60
1743496164.070656,-24,-114,122
1743496164.106656,-14,11,170
1743496164.1416562,13,19,88
1743496164.177656,7,-58,232
1743496164.212656,3,-56,66
1743496164.247656,117,15,86
1743496164.282656,-6,-34,98
1743496164.318656,47,-8,112
1743496164.354656,-54,-93,2
1743496164.389656,65,7,286
1743496164.425656,37,33,32
1743496164.4606562,39,76,214
1743496164.495656,7,-13,244
1743496164.530656,-54,-49,128
1743496164.566656,3,-35,142
1743496164.602656,-54,-50,104
1743496164.637656,53,-39,34
1743496164.673656,25,-64,104
1743496164.708656,-14,-69,204
1743496164.7436562,97,88,86
1743496164.778656,95,28,52
1743496164.814656,51,24,222
1743496164.850656,27,8,158
1743496164.885656,23,-17,208
1743496164.921656,-42,-11,108
1743496164.956656,35,-5,142
1743496164.991656,1,6,106
1743496165.0266562,-36,5,206
1743496165.0626562,-18,-4,264
1743496165.098656,0,29,174
1743496165.133656,-62,61,184
1743496165.169656,21,-22,104
1743496165.204656,3,-8,127
1743496165.239656,-32,35,107
1743496165.274656,-22,-16,17
1743496165.310656,89,29,125
1743496165.346656,-34,-60,123
1743496165.3816562,-12,7,169
1743496165.417656,53,5,221
1743496165.452656,47,-104,75
1743496165.487656,21,9,123
1743496165.522656,-18,-54,129
1743496165.558656,-20,15,127
1743496165.594656,-24,27,167
1743496165.629656,83,-50,75
1743496165.665656,25,-16,201
1743496165.700656,25,89,127
1743496165.735656,1,-10,129
1743496165.770656,-18,19,231
1743496165.806656,9,-36,79
1743496165.842656,45,6,97
1743496165.877656,27,94,141
1743496165.913656,21,-31,81
1743496165.948656,77,90,117
1743496165.9836562,37,58,129
1743496166.018656,2,-2,119
1743496166.054656,35,7,65
1743496166.090656,-18,47,-6
1743496166.125656,41,23,191
1743496166.161656,50,-14,55
1743496166.196656,-60,-84,197
1743496166.231656,-14,-70,159
1743496166.2666562,-54,19,123
1743496166.302656,-3,-62,183
1743496166.338656,1,-4,75
1743496166.373656,36,-12,49
1743496166.409656,-44,-74,165
1743496166.444656,-26,17,127
1743496166.479656,-32,9,55
1743496166.514656,-32,67,281
1743496166.550656,15,5,169
1743496166.586656,33,-16,93
1743496166.621656,-16,-86,267
1743496166.657656,-32,53,29
1743496166.692656,21,-32,123
1743496166.727656,-64,11,85
1743496166.762656,-54,-14,79
1743496166.798656,-54,-100,163
1743496166.834656,-14,3,129
1743496166.869656,13,-14,291
1743496166.905656,-76,41,143
1743496166.940656,-83,48,87
1743496166.975656,44,0,241
1743496167.010656,-15,-33,155
1743496167.046656,-27,-5,231
1743496167.082656,40,10,155
1743496167.117656,-21,10,127
1743496167.153656,42,9,171
1743496167.188656,-1,17,57
1743496167.223656,12,-62,141
1743496167.258656,-7,73,242
1743496167.294656,54,-26,78
1743496167.330656,102,15,122
1743496167.365656,-17,-11,251
1743496167.4016562,38,-39,158
1743496167.436656,32,-11,150
1743496167.471656,3,-4,114
1743496167.5066562,0,-5,86
1743496167.542656,-38,-8,180
1743496167.578656,34,92,84
1743496167.613656,-63,18,84
1743496167.649656,42,-17,84
1743496167.684656,-37,-23,-11
1743496167.719656,96,54,86
1743496167.754656,76,52,42
1743496167.790656,10,-47,166
1743496167.826656,86,34,104
1743496167.861656,46,-17,50
1743496167.897656,34,24,80
1743496167.932656,14,48,220
1743496167.967656,-35,41,144
1743496168.002656,-45,-2,232
1743496168.038656,2,23,118
1743496168.074656,24,51,98
1743496168.109656,-83,-38,144
1743496168.145656,54,17,14
1743496168.180656,-37,59,136
1743496168.215656,0,-34,146
1743496168.250656,-17,-48,68
1743496168.286656,-29,17,84
1743496168.3226562,-37,-42,134
1743496168.357656,-13,-20,110
1743496168.393656,22,-46,184
1743496168.428656,46,-4,56
1743496168.463656,-81,41,154
1743496168.498656,0,19,66
1743496168.534656,-24,-12,148
1743496168.570656,-50,11,62
1743496168.605656,-22,-30,14
1743496168.6416562,25,-54,82
1743496168.676656,-106,5,218
1743496168.711656,39,19,224
1743496168.746656,19,-30,70
1743496168.782656,-6,3,122
1743496168.818656,-66,17,142
1743496168.853656,-6,-48,126
1743496168.889656,-2,45,138
1743496168.9246562,15,13,72
1743496168.959656,9,43,284
1743496168.995656,-30,-32,216
1743496169.030656,13,-30,108
1743496169.066656,-38,-82,10
1743496169.101656,-86,-20,166
1743496169.137656,23,-50,86
1743496169.172656,-16,-16,154
1743496169.207656,29,-74,84
1743496169.2436562,73,-9,174
1743496169.278656,-70,70,26
1743496169.314656,9,-12,122
1743496169.349656,-58,-90,186
1743496169.385656,15,83,-11
1743496169.420656,43,75,238
1743496169.455656,0,-6,276
1743496169.491656,47,21,16
1743496169.5266562,-50,9,188
1743496169.5626562,-24,-22,178
1743496169.597656,-8,-48,28
1743496169.633656,-20,49,44
1743496169.668656,15,17,138
1743496169.703656,71,15,160
1743496169.739656,-108,27,70
1743496169.774656,-17,-42,82
1743496169.810656,-58,-64,256
1743496169.8456562,1,7,184
1743496169.8816562,81,61,92
1743496169.916656,35,13,76
1743496169.951656,-52,-30,226
1743496169.987656,24,-18,142
1743496170.022656,-115,47,138
1743496170.058656,42,10,156
1743496170.093656,-41,4,72
1743496170.129656,80,-27,98
1743496170.1646562,-74,16,164
1743496170.199656,45,38,162
1743496170.235656,13,8,134
1743496170.270656,117,70,32
1743496170.306656,-2,-19,152
1743496170.341656,-8,-39,148
1743496170.377656,-102,42,6
1743496170.412656,31,-25,72
1743496170.4476562,73,4,192
1743496170.4836562,100,-11,2
1743496170.518656,66,-97,28
1743496170.554656,-9,-9,280
1743496170.589656,-77,34,134
1743496170.625656,-93,-9,136
1743496170.660656,26,-17,262
1743496170.695656,-25,-55,194
1743496170.731656,14,16,194
1743496170.7666562,18,16,156
1743496170.802656,-46,34,158
1743496170.837656,-2,-71,124
1743496170.873656,-18,-7,3
1743496170.908656,-55,96,203
1743496170.943656,-90,50,41
1743496170.979656,97,52,128
1743496171.014656,99,-5,200
1743496171.050656,-22,46,4
1743496171.0856562,-16,-11,212
1743496171.121656,29,28,204
1743496171.156656,-58,30,78
1743496171.191656,11,-15,111
1743496171.227656,0,-19,91
1743496171.262656,17,-39,207
1743496171.298656,32,16,81
1743496171.333656,-9,18,210
1743496171.369656,0,-49,117
1743496171.4046562,72,20,75
1743496171.439656,46,-43,155
1743496171.475656,58,8,143
1743496171.510656,78,30,-4
1743496171.546656,-28,-25,123
1743496171.581656,-55,64,215
1743496171.623656,30,30,173
1743496171.659656,-21,36,115
1743496171.695656,22,48,11
1743496171.731656,53,-1,159
1743496171.7666562,-26,-17,99
1743496171.802656,13,-23,147
1743496171.837656,73,-39,227
1743496171.873656,9,-23,101
1743496171.908656,5,78,169
1743496171.943656,-4,-9,101
1743496171.979656,63,-11,139
1743496172.014656,-8,-40,17
1743496172.050656,13,0,97
1743496172.0856562,89,0,71
1743496172.121656,-54,18,105
1743496172.156656,91,66,191
1743496172.191656,-4,-57,149
1743496172.227656,-66,30,101
1743496172.262656,-68,-3,175
1743496172.298656,-52,66,91
1743496172.333656,41,-21,53
1743496172.369656,5,12,105
1743496172.405656,29,16,27
1743496172.441656,-52,100,187
1743496172.477656,-2,4,71
1743496172.513656,23,36,43
1743496172.5496562,23,-19,207
1743496172.584656,14,-51,101
1743496172.619656,-43,14,199
1743496172.655656,8,-37,137
1743496172.691656,86,-1,133
1743496172.726656,38,-19,225
1743496172.762656,0,-3,135
1743496172.797656,-7,32,143
1743496172.832656,56,10,63
1743496172.867656,16,32,71
1743496172.903656,-31,-3,169
1743496172.939656,-11,2,145
1743496172.974656,-13,12,127
1743496173.010656,-27,16,133
1743496173.045656,-43,4,149
1743496173.080656,-81,82,77
1743496173.115656,-41,-53,207
1743496173.1516562,2,-63,129
1743496173.1876562,-5,-24,177
1743496173.222656,26,-56,113
1743496173.258656,-9,-41,161
1743496173.293656,-18,-46,205
1743496173.328656,-44,13,128
1743496173.363656,25,37,154
1743496173.399656,11,31,80
1743496173.435656,21,-22,60
1743496173.4706562,-10,-12,70
1743496173.5066562,0,9,88
1743496173.541656,137,48,24
1743496173.576656,57,-2,106
1743496173.611656,-80,41,-48
1743496173.647656,1,-15,109
1743496173.683656,-4,42,79
1743496173.718656,41,-9,47
1743496173.754656,-6,-91,196
1743496173.7896562,31,30,142
1743496173.824656,-128,46,198
1743496173.859656,-10,-11,190
1743496173.895656,-44,70,220
1743496173.931656,23,12,296
1743496173.966656,-6,-31,84
1743496174.002656,-28,-17,98
1743496174.037656,-116,2,114
1743496174.0726562,-32,0,142
1743496174.107656,28,19,-21
1743496174.143656,-81,-73,182
1743496174.179656,76,22,197
1743496174.214656,-24,-33,77
1743496174.250656,-38,49,167
1743496174.285656,55,33,138
1743496174.320656,0,-20,143
1743496174.355656,7,39,137
1743496174.3916562,-48,19,123
1743496174.427656,-10,-64,86
1743496174.462656,-12,25,115
1743496174.498656,-74,65,15
1743496174.533656,1,-14,28
1743496174.568656,-26,19,200
1743496174.603656,59,-14,179
1743496174.639656,96,-42,130
1743496174.675656,74,15,150
1743496174.7106562,64,53,104
1743496174.746656,-37,23,252
1743496174.781656,-23,0,-52
1743496174.816656,-5,-20,149
1743496174.851656,-59,99,201
1743496174.887656,68,-22,63
1743496174.923656,14,-18,177
1743496174.958656,-37,23,69
1743496174.994656,-55,-18,99
1743496175.0296562,-91,33,85
1743496175.064656,0,39,47
1743496175.099656,2,27,169
1743496175.135656,-1,29,39
1743496175.171656,-51,77,88
1743496175.206656,-13,-87,74
1743496175.242656,-47,-28,106
1743496175.277656,8,46,134
1743496175.3126562,0,6,84
1743496175.347656,20,-35,120
1743496175.383656,-9,-61,176
1743496175.419656,2,52,56
1743496175.454656,-27,32,128
1743496175.490656,-5,-43,160
1743496175.525656,-25,-14,198
1743496175.560656,-11,112,192
1743496175.5956562,25,44,88
1743496175.6316562,-50,14,162
1743496175.667656,-64,-21,156
1743496175.702656,-24,-55,182
1743496175.738656,47,-47,78
1743496175.773656,-24,-89,38
1743496175.808656,72,14,244
1743496175.843656,-47,6,134
1743496175.879656,60,-11,136
1743496175.915656,20,18,194
1743496175.950656,-47,-1,50
1743496175.986656,-73,-65,116
1743496176.021656,-25,1,66
1743496176.056656,-105,15,76
1743496176.091656,8,73,12
1743496176.127656,8,-8,88
1743496176.163656,44,-37,130
1743496176.198656,16,-3,164
1743496176.234656,26,-39,126
1743496176.269656,-8,57,88
1743496176.304656,-4,0,110
1743496176.339656,24,-14,220
1743496176.375656,23,-9,74
1743496176.411656,-43,5,254
1743496176.446656,80,-25,90
1743496176.482656,-35,-61,131
1743496176.517656,40,-5,205
1743496176.552656,46,23,151
1743496176.587656,-39,-76,95
1743496176.623656,12,-26,171
1743496176.659656,-17,-8,33
1743496176.694656,-25,-66,145
1743496176.730656,-21,29,87
1743496176.765656,10,3,231
1743496176.800656,46,-43,173
1743496176.8356562,-31,-11,99
1743496176.871656,26,-17,245
1743496176.907656,-11,-45,101
1743496176.942656,-7,-68,153
1743496176.978656,-1,5,199
1743496177.013656,62,-30,67
1743496177.048656,-84,45,179
1743496177.083656,54,-44,115
1743496177.119656,33,11,119
1743496177.155656,52,-26,217
1743496177.190656,42,109,215
1743496177.226656,12,-56,121
1743496177.261656,62,11,121
1743496177.296656,-87,43,249
1743496177.331656,-1,0,143
1743496177.367656,2,-62,139
1743496177.403656,36,35,179
1743496177.438656,-17,-18,189
1743496177.474656,-113,25,65
1743496177.509656,26,-95,249
1743496177.544656,46,21,41
1743496177.579656,-43,66,21
1743496177.615656,-17,-45,107
1743496177.6516562,9,-39,171
1743496177.686656,-11,58,27
1743496177.722656,-18,-16,113
1743496177.757656,29,-78,67
1743496177.792656,-26,38,159
1743496177.827656,-42,22,201
1743496177.863656,-14,64,117
1743496177.899656,35,-21,181
1743496177.934656,5,66,103
1743496177.9706562,37,46,173
1743496178.005656,23,-33,133
1743496178.040656,29,-29,93
1743496178.075656,-18,-1,123
1743496178.111656,-46,14,105
1743496178.147656,1,34,57
1743496178.182656,-49,50,-94
1743496178.218656,-36,46,137
1743496178.253656,15,34,147
1743496178.288656,21,-65,141
1743496178.324656,-86,-1,69
1743496178.359656,-18,-43,179
1743496178.395656,23,-3,163
1743496178.430656,-24,-1,7
1743496178.466656,5,-53,155
1743496178.501656,21,-53,207
1743496178.536656,55,32,-38
1743496178.5726562,25,-72,91
1743496178.607656,27,-42,157
1743496178.643656,9,-8,145
1743496178.678656,7,13,93
1743496178.714656,87,31,91
1743496178.749656,-4,-26,97
1743496178.784656,5,-2,189
1743496178.820656,19,-56,153
1743496178.855656,-46,9,71
1743496178.8916562,9,0,97
1743496178.926656,-3,-4,259
1743496178.962656,27,-4,143
1743496178.997656,-78,-92,17
1743496179.032656,115,89,113
1743496179.068656,-30,-112,85
1743496179.103656,55,-30,167
1743496179.139656,0,21,57
1743496179.1746562,11,-42,187
1743496179.2106562,73,23,145
1743496179.245656,39,-6,137
1743496179.280656,-38,23,155
1743496179.316656,13,-13,173
1743496179.351656,-32,22,45
1743496179.387656,-64,-11,39
1743496179.422656,25,26,80
1743496179.458656,-66,26,108
1743496179.4936562,-20,-33,118
1743496179.528656,3,-35,54
1743496179.564656,-20,-57,124
1743496179.599656,16,-10,92
1743496179.635656,82,1,-9
1743496179.670656,110,-16,74
1743496179.706656,33,-150,104
1743496179.741656,-6,-43,210
1743496179.7766562,0,-17,36
1743496179.8126562,-2,59,150
1743496179.847656,15,24,240
1743496179.883656,-76,-46,120
1743496179.918656,-18,29,252
1743496179.954656,67,-44,154
1743496179.989656,-15,-22,100
1743496180.024656,-1,5,80
1743496180.060656,75,-76,238
1743496180.0956562,-54,-14,248
1743496180.1316562,25,-18,222
1743496180.166656,51,54,246
1743496180.202656,0,21,122
1743496180.237656,-58,-78,134
1743496180.272656,-24,83,104
1743496180.308656,21,37,120
1743496180.343656,75,-6,152
1743496180.379656,45,-11,120
1743496180.4146562,-12,52,146
1743496180.450656,13,-23,76
1743496180.485656,0,-41,240
1743496180.520656,67,58,206
1743496180.556656,37,60,116
1743496180.591656,-28,-29,180
1743496180.627656,-26,36,112
1743496180.662656,-12,-15,166
1743496180.698656,-16,-11,120
1743496180.7336562,-2,48,123
1743496180.768656,191,78,250
1743496180.804656,1,26,117
1743496180.839656,-24,20,105
1743496180.875656,-22,-31,154
1743496180.910656,7,6,100
1743496180.946656,-68,26,141
1743496180.981656,-54,19,164
1743496181.0166562,-67,-38,140
1743496181.052656,23,9,176
1743496181.087656,12,1,123
1743496181.123656,40,62,-98
1743496181.158656,-13,-65,31
1743496181.194656,157,-8,157
1743496181.229656,55,39,165
1743496181.264656,-8,-101,289
1743496181.300656,41,14,69
1743496181.3356562,51,-13,53
1743496181.371656,15,-41,275
1743496181.406656,-8,40,285
1743496181.442656,-34,-59,219
1743496181.477656,-16,30,113
1743496181.512656,0,-3,-18
1743496181.548656,25,36,64
1743496181.583656,-36,-15,168
1743496181.626656,12,8,66
1743496181.662656,-15,-40,208
1743496181.698656,18,28,64
1743496181.7336562,-9,16,110
1743496181.768656,20,68,71
1743496181.804656,-65,-21,-16
1743496181.839656,25,10,173
1743496181.875656,-6,52,179
1743496181.910656,-16,0,109
1743496181.946656,-8,28,149
1743496181.982656,-23,-13,139
1743496182.017656,-46,-19,193
1743496182.052656,-34,-11,153
1743496182.088656,-28,12,99
1743496182.124656,-10,-3,55
1743496182.159656,-8,116,149
1743496182.195656,-102,68,149
1743496182.230656,-24,4,185
1743496182.265656,-68,88,197
1743496182.300656,9,30,101
1743496182.336656,-12,62,237
1743496182.372656,-70,-81,67
1743496182.407656,32,40,177
1743496182.443656,-71,16,69
1743496182.478656,20,-9,165
1743496182.513656,-57,-33,55
1743496182.548656,-59,-25,151
1743496182.584656,-45,37,25
1743496182.620656,-15,-6,117
1743496182.655656,-59,-24,159
1743496182.691656,-23,13,163
1743496182.726656,36,-70,255
1743496182.761656,2,-16,123
1743496182.796656,-25,-10,91
1743496182.832656,-5,67,225
1743496182.8686562,5,7,87
1743496182.903656,-9,11,193
1743496182.939656,17,33,139
1743496182.974656,16,-6,211
1743496183.009656,-10,-8,179
1743496183.044656,-10,-12,93
1743496183.080656,-38,39,209
1743496183.116656,-50,33,145
1743496183.1516562,9,1,7
1743496183.1876562,-56,31,79
1743496183.222656,21,-16,191
1743496183.257656,-47,-2,0
1743496183.292656,-37,47,55
1743496183.328656,-31,-10,123
1743496183.364656,-52,31,81
1743496183.399656,8,-14,135
1743496183.435656,-19,-16,259
1743496183.4706562,-37,47,135
1743496183.505656,44,19,187
1743496183.540656,37,-28,57
1743496183.576656,-4,-61,201
1743496183.612656,-20,40,87
1743496183.647656,11,72,157
1743496183.683656,-30,16,23
1743496183.718656,-60,-26,137
1743496183.753656,23,21,219
1743496183.788656,47,11,93
1743496183.824656,-12,0,79
1743496183.860656,-96,-12,172
1743496183.895656,11,-86,154
1743496183.931656,57,-7,144
1743496183.966656,-58,38,178
1743496184.001656,93,-1,124
1743496184.036656,38,-19,96
1743496184.0726562,-59,48,111
1743496184.1086562,24,74,313
1743496184.143656,77,-1,204
1743496184.179656,-6,-23,157
1743496184.214656,0,28,167
1743496184.249656,-12,18,74
1743496184.284656,19,-55,24
1743496184.320656,3,20,188
1743496184.356656,53,20,58
1743496184.3916562,-20,10,198
1743496184.427656,-54,19,206
1743496184.462656,-86,-8,210
1743496184.497656,-24,-15,160
1743496184.532656,15,6,56
1743496184.568656,-18,34,162
1743496184.604656,93,64,190
1743496184.639656,67,34,118
1743496184.675656,23,42,204
1743496184.7106562,73,52,200
1743496184.745656,17,24,230
1743496184.780656,-60,-7,152
1743496184.816656,-88,10,168
1743496184.852656,-44,-13,258
1743496184.887656,0,-29,92
1743496184.923656,23,-25,142
1743496184.958656,-24,-53,28
1743496184.9936562,35,18,40
1743496185.028656,47,62,130
1743496185.064656,-58,-3,64
1743496185.100656,44,-35,186
1743496185.135656,64,-33,98
1743496185.171656,-67,14,154
1743496185.206656,7,-35,182
1743496185.241656,5,34,102
1743496185.2766562,-18,-38,94
1743496185.3126562,21,6,116
1743496185.348656,-46,-57,80
1743496185.383656,9,14,146
1743496185.419656,-48,70,120
1743496185.454656,37,-3,170
1743496185.489656,59,-35,74
1743496185.524656,-50,32,104
1743496185.560656,44,12,130
1743496185.596656,-60,8,58
1743496185.6316562,-10,86,250
1743496185.667656,38,50,186
1743496185.702656,18,-63,58
1743496185.737656,98,3,182
1743496185.772656,52,-19,118
1743496185.808656,-17,6,148
1743496185.844656,38,-49,176
1743496185.879656,90,2,20
1743496185.915656,-53,-5,180
1743496185.950656,32,8,72
1743496185.985656,46,57,42
1743496186.020656,-5,-27,206
1743496186.056656,-27,-33,200
1743496186.092656,-17,-93,106
1743496186.127656,-61,20,176
1743496186.163656,-5,22,142
1743496186.198656,10,50,138
1743496186.2336562,8,8,189
1743496186.268656,16,-71,119
1743496186.304656,36,32,149
1743496186.340656,2,68,149
1743496186.375656,-99,46,43
1743496186.411656,6,-31,65
1743496186.446656,28,-85,135
1743496186.481656,-33,-35,161
1743496186.5166562,24,48,123
1743496186.552656,-39,20,139
1743496186.588656,-13,-23,213
1743496186.623656,40,4,261
1743496186.659656,40,16,87
1743496186.694656,58,-15,137
1743496186.729656,-49,-17,41
1743496186.764656,-1,0,99
1743496186.800656,36,-94,97
1743496186.836656,-93,-33,227
1743496186.871656,22,-11,155
1743496186.907656,10,-17,255
1743496186.942656,54,11,183
1743496186.977656,-13,6,237
1743496187.012656,15,-61,79
1743496187.048656,-80,-5,43
1743496187.084656,34,-33,275
1743496187.119656,-19,-69,65
1743496187.155656,-77,-7,37
1743496187.190656,-11,-45,-2
1743496187.225656,-21,-39,73
1743496187.260656,-13,18,87
1743496187.296656,-15,30,183
1743496187.332656,3,18,125
1743496187.367656,87,30,197
1743496187.403656,16,-35,93
1743496187.438656,-60,-79,-26
1743496187.473656,-66,-37,119
1743496187.508656,23,-17,133
1743496187.544656,-66,-29,259
1743496187.580656,-64,-49,141
1743496187.615656,-18,8,137
1743496187.6516562,-24,6,263
1743496187.686656,1,26,115
1743496187.721656,-96,14,23
1743496187.7566562,-28,-41,179
1743496187.792656,-64,-5,201
1743496187.828656,-38,-81,85
1743496187.863656,113,-31,-20
1743496187.899656,25,-45,183
1743496187.934656,-24,-5,229
1743496187.969656,-60,-5,209
1743496188.005656,23,4,147
1743496188.040656,-18,80,66
1743496188.076656,67,-27,76
1743496188.111656,63,-39,104
1743496188.147656,65,68,60
1743496188.182656,-4,-19,72
1743496188.217656,111,-14,120
1743496188.253656,27,26,152
1743496188.288656,47,-11,136
1743496188.324656,7,-71,196
1743496188.359656,-16,-21,176
1743496188.395656,21,-30,252
1743496188.430656,-4,11,272
1743496188.465656,31,11,124
1743496188.501656,-86,5,226
1743496188.536656,52,-56,126
1743496188.5726562,-94,3,178
1743496188.607656,-48,-7,82
1743496188.643656,-44,-2,260
1743496188.678656,43,-44,204
1743496188.713656,57,-26,156
1743496188.749656,45,99,158
1743496188.784656,8,1,112
1743496188.820656,0,-29,262
1743496188.855656,-81,54,130
1743496188.8916562,35,38,-19
1743496188.926656,53,14,110
1743496188.961656,-36,23,222
1743496188.997656,45,55,74
1743496189.032656,-48,5,88
1743496189.068656,56,-10,92
1743496189.103656,78,37,164
1743496189.139656,11,9,130
1743496189.1746562,-44,47,218
1743496189.209656,-84,41,152
1743496189.245656,-18,23,90
1743496189.280656,23,-44,46
1743496189.316656,-91,-52,149
1743496189.351656,2,33,143
1743496189.387656,-6,25,165
1743496189.422656,-38,20,105
1743496189.457656,19,-47,101
1743496189.4936562,-22,44,197
1743496189.528656,9,-11,197
1743496189.564656,43,18,173
1743496189.599656,-4,-31,115
1743496189.635656,47,64,113
1743496189.670656,-84,4,141
1743496189.705656,47,-33,153
1743496189.741656,-54,24,129
1743496189.7766562,-66,-43,239
1743496189.8126562,-44,-9,113
1743496189.847656,65,-15,165
1743496189.883656,3,-59,221
1743496189.918656,-4,38,59
1743496189.953656,43,28,43
1743496189.989656,15,-17,7
1743496190.024656,-30,18,289
1743496190.060656,-98,-55,213
1743496190.0956562,39,6,127
1743496190.1316562,59,2,139
1743496190.166656,31,-23,121
1743496190.201656,-52,14,231
1743496190.237656,-68,4,207
1743496190.272656,-44,40,181
1743496190.308656,8,-5,13
1743496190.343656,-101,66,229
1743496190.379656,28,-41,55
1743496190.4146562,-15,2,183
1743496190.449656,45,-55,211
1743496190.485656,58,54,113
1743496190.520656,-41,-73,147
1743496190.556656,44,6,91
1743496190.591656,122,-67,233
1743496190.627656,52,110,79
1743496190.662656,34,-21,-16
1743496190.6976562,42,-41,83
1743496190.7336562,-45,-21,7
1743496190.768656,-29,-73,197
1743496190.804656,34,-73,203
1743496190.839656,-1,24,133
1743496190.875656,102,44,171
1743496190.910656,-43,-47,67
1743496190.945656,20,68,173
1743496190.981656,124,-71,93
1743496191.0166562,65,-5,143
1743496191.052656,12,-15,97
1743496191.087656,-6,-61,129
1743496191.123656,-19,-7,243
1743496191.158656,7,-22,111
1743496191.193656,-22,-45,199
1743496191.229656,29,-59,169
1743496191.264656,-24,1,187
1743496191.300656,23,-100,139
1743496191.3356562,-28,-10,137
1743496191.371656,5,9,171
1743496191.407656,35,19,165
1743496191.443656,-18,69,137
1743496191.479656,-20,15,97
1743496191.515656,-4,7,127
1743496191.551656,41,-20,169
1743496191.586656,71,-24,249
1743496191.629656,37,13,135
1743496191.665656,19,3,43
1743496191.701656,-42,1,77
1743496191.736656,-28,0,208
1743496191.772656,-48,11,154
1743496191.807656,-14,93,199
1743496191.842656,-14,33,123
1743496191.877656,63,15,166
1743496191.913656,33,27,144
1743496191.949656,-70,79,76
1743496191.984656,57,-60,103
1743496192.020656,7,1,202
1743496192.055656,-37,-72,62
1743496192.090656,-105,-8,94
1743496192.125656,-45,19,104
1743496192.161656,36,-16,178
1743496192.1976562,-57,-22,68
1743496192.232656,10,-41,12
1743496192.268656,50,2,118
1743496192.303656,50,1,138
1743496192.338656,46,-5,126
1743496192.373656,34,-49,6
1743496192.409656,74,-47,102
1743496192.445656,-19,98,106
1743496192.480656,14,-27,94
1743496192.5166562,-17,22,90
1743496192.551656,12,45,162
1743496192.586656,92,39,82
1743496192.621656,8,-40,118
1743496192.657656,-25,-106,167
1743496192.693656,16,38,117
1743496192.728656,64,40,185
1743496192.764656,-23,-43,92
1743496192.7996562,-1,4,247
1743496192.834656,-3,-35,126
1743496192.869656,-9,26,196
1743496192.905656,24,-24,200
1743496192.941656,18,-20,62
1743496192.976656,36,-10,80
1743496193.012656,-21,8,137
1743496193.047656,100,-49,190
1743496193.082656,40,-111,172
1743496193.117656,34,11,122
1743496193.153656,2,55,156
1743496193.189656,28,-84,224
1743496193.224656,54,9,124
1743496193.260656,-17,-31,200
1743496193.295656,66,48,166
1743496193.330656,34,24,232
1743496193.365656,60,20,62
1743496193.4016562,22,-3,130
1743496193.4376562,32,4,66
1743496193.472656,-79,8,54
1743496193.508656,-3,-11,162
1743496193.543656,0,-27,158
1743496193.578656,0,-67,124
1743496193.613656,-11,6,16
1743496193.649656,14,-65,176
1743496193.685656,48,12,104
1743496193.7206562,28,-1,122
1743496193.7566562,64,39,40
1743496193.791656,10,-50,74
1743496193.826656,78,-36,124
1743496193.861656,-87,-6,98
1743496193.897656,6,7,120
1743496193.933656,-15,19,194
1743496193.968656,-61,-64,172
1743496194.004656,9,-60,60
1743496194.0396562,64,55,110
1743496194.074656,2,22,228
1743496194.109656,-4,68,37
1743496194.145656,49,22,101
1743496194.181656,39,2,135
1743496194.216656,27,23,97
1743496194.252656,68,-45,-28
1743496194.287656,-49,15,165
1743496194.3226562,-25,-10,103
1743496194.357656,14,-126,113
1743496194.393656,18,0,167
1743496194.429656,50,-72,213
1743496194.464656,-5,-18,79
1743496194.500656,10,5,181
1743496194.535656,-37,-20,153
1743496194.570656,16,-16,171
1743496194.605656,-17,-6,151
1743496194.6416562,-21,96,133
1743496194.677656,-11,30,235
1743496194.712656,-20,4,115
1743496194.748656,-6,25,81
1743496194.783656,13,-34,145
1743496194.818656,-32,11,77
1743496194.853656,0,-42,202
1743496194.889656,5,-8,88
1743496194.925656,15,-8,54
1743496194.9606562,87,-100,188
1743496194.996656,-38,-64,173
1743496195.031656,13,-19,237
1743496195.066656,7,-57,119
1743496195.101656,21,9,143
1743496195.137656,83,-14,223
1743496195.173656,5,-40,16
1743496195.208656,79,-8,138
1743496195.244656,7,63,162
1743496195.2796562,-22,-12,184
1743496195.314656,-16,37,132
1743496195.349656,0,-40,152
1743496195.385656,-42,-8,210
1743496195.421656,47,57,150
1743496195.456656,57,35,126
1743496195.492656,31,-40,200
1743496195.527656,31,9,48
1743496195.5626562,20,75,114
1743496195.597656,-74,-66,70
1743496195.633656,23,57,178
1743496195.669656,17,19,196
1743496195.704656,7,-14,146
1743496195.740656,-18,-56,116
1743496195.775656,-8,7,76
1743496195.810656,-106,21,110
1743496195.8456562,-28,-2,46
1743496195.8816562,9,-8,80
1743496195.917656,-14,-64,206
1743496195.952656,0,-42,138
1743496195.988656,-80,-28,164
1743496196.023656,83,43,130
1743496196.058656,-78,1,122
1743496196.093656,13,15,125
1743496196.129656,-14,5,103
1743496196.165656,35,-8,209
1743496196.200656,31,11,159
1743496196.236656,23,4,49
1743496196.271656,17,-31,125
1743496196.306656,-52,2,101
1743496196.341656,-14,-47,147
1743496196.377656,3,-67,135
1743496196.413656,17,52,93
1743496196.448656,59,2,59
1743496196.484656,-54,-39,237
1743496196.519656,-58,-75,171
1743496196.554656,-36,60,153
1743496196.589656,59,-13,11
1743496196.625656,-10,-17,109
1743496196.661656,32,-51,1
1743496196.696656,36,24,141
1743496196.732656,-63,-67,149
1743496196.767656,76,-9,139
1743496196.802656,-75,-17,159
1743496196.837656,-5,-13,229
1743496196.873656,2,-19,133
1743496196.909656,-7,-39,71
1743496196.944656,-5,52,121
1743496196.980656,-5,-29,159
1743496197.015656,8,64,95
1743496197.050656,25,-21,113
1743496197.0856562,-97,18,121
1743496197.121656,58,34,113
1743496197.157656,-7,-63,131
1743496197.192656,-47,-5,221
1743496197.228656,28,34,131
1743496197.263656,-11,20,147
1743496197.298656,-28,22,61
1743496197.333656,11,-21,165
1743496197.369656,-78,44,208
1743496197.405656,41,-5,72
1743496197.440656,81,26,164
1743496197.476656,-9,-67,236
1743496197.511656,3,-1,152
1743496197.546656,21,8,178
1743496197.582656,13,-5,174
1743496197.617656,-66,20,164
1743496197.653656,-10,-117,242
1743496197.688656,-18,-25,102
1743496197.724656,-50,62,228
1743496197.759656,-22,2,32
1743496197.794656,51,-3,94
1743496197.830656,25,70,50
1743496197.865656,19,-67,112
1743496197.9016562,-6,-37,160
1743496197.936656,-52,-7,318
1743496197.972656,33,-19,126
1743496198.007656,-12,-35,174
1743496198.042656,45,-95,230
1743496198.078656,10,-67,112
1743496198.113656,-23,36,262
1743496198.149656,-131,-19,194
1743496198.184656,-27,10,46
1743496198.2206562,-4,6,8
1743496198.255656,70,2,116
1743496198.290656,-81,-13,212
1743496198.326656,90,72,244
1743496198.361656,34,22,224
1743496198.397656,-81,66,144
1743496198.432656,40,102,132
1743496198.468656,-26,-35,104
1743496198.503656,25,16,44
1743496198.538656,43,-35,92
1743496198.574656,3,-9,86
1743496198.609656,-28,-39,120
1743496198.645656,-16,-53,148
1743496198.680656,51,16,26
1743496198.716656,-30,24,94
1743496198.751656,21,48,124
1743496198.786656,15,14,136
1743496198.8226562,-28,-57,150
1743496198.857656,-16,62,174
1743496198.893656,-36,-11,166
1743496198.928656,29,-5,128
1743496198.964656,-28,58,190
1743496198.999656,81,50,190
1743496199.034656,-34,-5,260
1743496199.070656,30,-45,112
1743496199.105656,-97,4,144
1743496199.1416562,19,-55,42
1743496199.176656,-30,75,172
1743496199.212656,81,7,122
1743496199.247656,27,45,116
1743496199.282656,51,-14,120
1743496199.318656,3,7,164
1743496199.353656,61,-36,88
1743496199.389656,-6,-10,82
1743496199.4246562,39,-18,82
1743496199.4606562,55,55,158
1743496199.495656,-54,20,220
1743496199.530656,67,47,112
1743496199.566656,37,-10,44
1743496199.601656,-46,34,166
1743496199.637656,-8,46,42
1743496199.672656,75,50,108
1743496199.708656,73,10,68
1743496199.7436562,33,2,174
1743496199.778656,-28,46,110
1743496199.814656,79,14,212
1743496199.849656,103,-45,74
1743496199.885656,41,-25,136
1743496199.920656,-24,-7,50
1743496199.956656,-4,-81,138
1743496199.991656,-4,-53,112
1743496200.0266562,-40,-25,118
1743496200.0626562,51,22,89
1743496200.097656,-66,12,125
1743496200.133656,57,30,145
1743496200.168656,-53,36,127
1743496200.204656,-21,58,125
1743496200.239656,-81,-25,111
1743496200.274656,44,-7,160
1743496200.310656,13,20,61
1743496200.3456562,17,30,199
1743496200.3816562,9,6,119
1743496200.416656,-8,-27,68
1743496200.452656,37,-3,195
1743496200.487656,0,-25,57
1743496200.522656,-6,-63,173
1743496200.558656,91,38,171
1743496200.593656,7,12,221
1743496200.629656,-29,6,107
1743496200.6646562,6,48,205
1743496200.700656,-35,-23,143
1743496200.735656,-41,3,187
1743496200.770656,10,0,149
1743496200.806656,56,90,171
1743496200.841656,-57,88,217
1743496200.877656,-35,15,77
1743496200.912656,-25,106,31
1743496200.9476562,44,24,115
1743496200.982656,-52,-35,69
1743496201.018656,3,-21,107
1743496201.054656,3,64,41
1743496201.089656,-10,100,213
1743496201.125656,15,16,221
1743496201.160656,51,20,125
1743496201.195656,59,-15,39
1743496201.230656,-42,16,187
1743496201.2666562,-48,28,29
1743496201.302656,5,-21,124
1743496201.337656,-44,-77,120
1743496201.373656,73,2,138
1743496201.408656,11,-9,164
1743496201.443656,-54,-13,200
1743496201.478656,7,-23,228
1743496201.514656,-78,-61,240
1743496201.550656,3,14,92
1743496201.5856562,-24,-28,80
1743496201.621656,35,-2,130
1743496201.663656,-64,33,214
1743496201.699656,-62,-8,110
1743496201.734656,25,-30,208
1743496201.770656,-24,5,194
1743496201.806656,15,-32,76
1743496201.841656,-74,-4,140
1743496201.877656,-8,59,88
1743496201.912656,-38,6,196
1743496201.9476562,41,-67,68
1743496201.982656,-10,2,102
1743496202.018656,-22,34,72
1743496202.054656,47,-53,88
1743496202.089656,29,14,108
1743496202.125656,-4,-33,170
1743496202.160656,35,6,48
1743496202.195656,-4,24,14
1743496202.230656,37,-15,138
1743496202.2666562,-22,-42,34
1743496202.302656,-6,12,118
1743496202.337656,71,51,108
1743496202.373656,34,62,128
1743496202.408656,30,-38,61
1743496202.443656,8,15,227
1743496202.478656,26,45,33
1743496202.514656,-7,3,53
1743496202.550656,-43,-6,-63
1743496202.5856562,-41,8,-9
1743496202.621656,6,-17,192
1743496202.656656,90,24,136
1743496202.691656,-46,63,194
1743496202.726656,-124,-34,102
1743496202.762656,47,-4,160
1743496202.798656,39,33,125
1743496202.833656,91,-20,159
1743496202.869656,-57,37,67
1743496202.9046562,-116,-38,149
1743496202.939656,3,-20,215
1743496202.974656,20,9,35
1743496203.010656,-69,-50,105
1743496203.046656,40,17,211
1743496203.081656,-71,-16,177
1743496203.117656,-43,0,165
1743496203.152656,-87,-24,63
1743496203.1876562,-11,-8,107
1743496203.222656,18,-35,109
1743496203.258656,-5,20,59
1743496203.294656,32,4,235
1743496203.329656,-73,-39,157
1743496203.365656,-23,28,97
1743496203.400656,44,-15,159
1743496203.435656,14,-9,155
1743496203.4706562,-39,-5,253
1743496203.5066562,-87,-33,153
1743496203.542656,60,-45,121
1743496203.577656,16,-9,217
1743496203.613656,38,-55,195
1743496203.648656,48,24,181
1743496203.683656,-25,-121,191
1743496203.718656,-31,-52,179
1743496203.754656,52,19,163
1743496203.790656,-47,-28,109
1743496203.825656,34,-19,105
1743496203.861656,-83,72,-12
1743496203.896656,40,-13,153
1743496203.931656,-41,46,179
1743496203.966656,-25,16,163
1743496204.002656,-53,28,215
1743496204.038656,-15,-55,163
1743496204.073656,-31,-27,179
1743496204.109656,36,0,171
1743496204.144656,2,8,205
1743496204.179656,-37,32,299
1743496204.214656,22,4,49
1743496204.250656,85,26,57
1743496204.286656,-11,5,67
1743496204.321656,-3,-56,99
1743496204.357656,-60,12,101
1743496204.392656,-20,33,71
1743496204.427656,7,-1,143
1743496204.462656,-33,4,127
1743496204.498656,-3,38,99
1743496204.534656,-34,12,105
1743496204.569656,-8,-21,109
1743496204.605656,11,18,147
1743496204.640656,29,-21,235
1743496204.675656,15,38,125
1743496204.7106562,-52,-29,85
1743496204.746656,-12,-3,163
1743496204.782656,-42,28,143
1743496204.817656,-16,54,195
1743496204.853656,7,33,141
1743496204.888656,5,-77,121
1743496204.923656,-40,-39,183
1743496204.958656,-52,-13,131
1743496204.994656,31,-63,165
1743496205.030656,-20,7,97
1743496205.065656,-10,-26,202
1743496205.101656,11,51,106
1743496205.136656,54,-26,88
1743496205.171656,-5,-38,187
1743496205.206656,-57,15,-6
1743496205.242656,-15,-64,-6
1743496205.278656,-73,-38,199
1743496205.313656,20,17,123
1743496205.349656,-76,-4,77
1743496205.384656,23,-4,185
1743496205.419656,61,-36,13
1743496205.454656,29,-46,50
1743496205.490656,-14,59,110
1743496205.5266562,-42,79,40
1743496205.561656,-6,3,26
1743496205.597656,-51,-5,78
1743496205.632656,88,-46,146
1743496205.667656,0,41,90
1743496205.702656,-7,21,164
1743496205.738656,-4,-46,124
1743496205.774656,31,7,312
1743496205.809656,49,-10,72
1743496205.8456562,-22,37,62
1743496205.880656,19,-4,188
1743496205.915656,17,-42,256
1743496205.950656,-77,-7,188
1743496205.986656,-53,80,200
1743496206.022656,42,-32,218
1743496206.057656,12,-11,48
1743496206.093656,-61,-69,122
1743496206.128656,-9,-25,226
1743496206.163656,44,19,78
1743496206.198656,0,14,204
1743496206.234656,-119,22,166
1743496206.270656,-17,-39,40
1743496206.305656,13,82,-23
1743496206.341656,-22,-2,68
1743496206.376656,6,-53,254
1743496206.411656,-50,16,180
1743496206.446656,-60,-77,112
1743496206.482656,26,-43,200
1743496206.518656,-68,52,146
1743496206.553656,67,-1,122
1743496206.589656,-24,-35,178
1743496206.624656,47,-37,80
1743496206.659656,-78,22,-47
1743496206.694656,11,-35,64
1743496206.730656,27,6,196
1743496206.7666562,12,14,34
1743496206.801656,4,28,30
1743496206.837656,5,30,162
1743496206.872656,5,39,50
1743496206.907656,15,25,-29
1743496206.943656,103,0,114
1743496206.978656,53,17,170
1743496207.014656,-36,-36,88
1743496207.0496562,39,-18,143
1743496207.0856562,31,-8,163
1743496207.120656,-2,-16,117
1743496207.155656,-25,-34,105
1743496207.191656,20,21,209
1743496207.226656,-22,-36,239
1743496207.262656,0,-46,65
1743496207.297656,35,-88,107
1743496207.333656,-60,70,123
1743496207.3686562,5,56,99
1743496207.403656,11,-35,199
1743496207.439656,103,0,163
1743496207.474656,79,20,65
1743496207.510656,31,32,159
1743496207.545656,9,38,153
1743496207.581656,111,16,297
1743496207.616656,39,-53,121
1743496207.6516562,-19,2,47
1743496207.6876562,-37,-55,123
1743496207.722656,-50,4,123
1743496207.758656,23,-15,153
1743496207.793656,-14,24,105
1743496207.829656,-8,-53,195
1743496207.864656,-32,50,193
1743496207.899656,-48,-17,113
1743496207.935656,20,-11,165
1743496207.9706562,18,46,247
1743496208.0066562,-11,38,91
1743496208.041656,-3,20,207
1743496208.077656,70,40,199
1743496208.112656,-63,50,155
1743496208.147656,22,2,125
1743496208.183656,50,72,119
1743496208.218656,74,-61,159
1743496208.254656,-24,-8,155
1743496208.2896562,1,40,65
1743496208.325656,-82,-10,59
1743496208.360656,-6,-6,31
1743496208.395656,107,46,187
1743496208.431656,103,86,275
1743496208.466656,31,2,35
1743496208.502656,47,18,111
1743496208.537656,39,-13,61
1743496208.573656,-32,16,27
1743496208.6086562,-38,-24,221
1743496208.643656,49,-63,133
1743496208.679656,31,-17,175
1743496208.714656,-8,44,187
1743496208.750656,37,10,41
1743496208.785656,-72,36,47
1743496208.821656,97,-25,259
1743496208.856656,73,0,103
1743496208.8916562,-2,70,79
1743496208.927656,-48,2,215
1743496208.962656,0,24,137
1743496208.998656,17,86,105
1743496209.033656,37,30,235
1743496209.069656,81,-5,75
1743496209.104656,-10,64,183
1743496209.139656,-84,62,167
1743496209.175656,105,4,153
1743496209.2106562,-54,76,117
1743496209.246656,-102,12,45
1743496209.281656,-58,-71,225
1743496209.317656,-26,44,127
1743496209.352656,-60,74,111
1743496209.387656,4,-27,47
1743496209.423656,-14,-12,125
1743496209.458656,-10,21,273
1743496209.494656,17,23,47
1743496209.5296562,59,-51,107
1743496209.565656,39,-11,13
1743496209.600656,23,28,49
1743496209.635656,-6,-5,289
1743496209.671656,-30,-17,147
1743496209.706656,-82,68,37
1743496209.742656,9,18,221
1743496209.777656,-14,30,161
1743496209.813656,-7,2,83
1743496209.848656,18,-16,255
1743496209.883656,3,22,151
1743496209.919656,67,14,157
1743496209.954656,-12,34,181
1743496209.990656,-14,38,13
1743496210.025656,-70,-43,153
1743496210.061656,-10,6,173
1743496210.096656,0,-3,95
1743496210.1316562,11,-47,223
1743496210.167656,-41,26,245
1743496210.202656,26,-49,149
1743496210.238656,-11,-17,171
1743496210.273656,56,-34,15
1743496210.309656,-27,6,92
1743496210.3456562,121,-25,192
1743496210.3816562,-38,-31,56
1743496210.417656,29,-7,221
1743496210.452656,89,18,172
1743496210.487656,-11,50,80
1743496210.523656,-18,-37,40
1743496210.559656,7,-23,198
1743496210.594656,0,64,104
1743496210.630656,57,-1,58
1743496210.665656,25,-65,138
1743496210.700656,-54,60,158
1743496210.735656,-58,82,82
1743496210.771656,31,28,192
1743496210.807656,-33,38,186
1743496210.842656,-42,-11,20
1743496210.878656,88,39,122
1743496210.913656,-46,-34,204
1743496210.948656,17,-20,158
1743496210.9836562,83,23,46
1743496211.019656,7,-20,228
1743496211.055656,19,17,172
1743496211.090656,0,5,106
1743496211.126656,-56,91,146
1743496211.161656,81,53,192
1743496211.196656,-38,41,228
1743496211.231656,-6,45,140
1743496211.267656,-56,39,116
1743496211.303656,-24,31,85
1743496211.338656,13,19,108
1743496211.374656,-84,21,120
1743496211.409656,49,11,4
1743496211.444656,-48,33,12
1743496211.479656,65,-2,206
1743496211.515656,-4,19,184
1743496211.551656,-66,97,80
1743496211.586656,69,-20,32
1743496211.622656,-2,1,162
1743496211.6646562,7,-68,159
1743496211.700656,-50,47,155
1743496211.735656,7,63,145
1743496211.771656,-18,-98,169
1743496211.807656,0,-14,51
1743496211.842656,5,-20,161
1743496211.878656,25,-20,103
1743496211.913656,-38,17,1
1743496211.948656,-32,-2,69
1743496211.9836562,31,45,49
1743496212.019656,-74,19,87
1743496212.055656,-38,-24,83
1743496212.090656,-102,11,113
1743496212.126656,-72,29,217
1743496212.161656,63,43,121
1743496212.196656,-60,33,77
1743496212.231656,51,-24,185
1743496212.267656,-48,15,173
1743496212.303656,23,-64,131
1743496212.338656,47,43,119
1743496212.374656,-24,53,25
1743496212.409656,-2,-41,147
1743496212.444656,-4,-29,166
1743496212.479656,9,-83,83
1743496212.515656,-56,-7,103
1743496212.551656,0,64,117
1743496212.586656,-46,32,149
1743496212.622656,20,-36,161
1743496212.657656,7,31,138
1743496212.692656,43,69,176
1743496212.727656,-24,-6,84
1743496212.763656,41,39,-1
1743496212.7996562,0,-42,142
1743496212.834656,-10,21,188
1743496212.870656,-20,71,172
1743496212.905656,61,61,152
1743496212.940656,107,25,204
1743496212.975656,7,5,126
1743496213.011656,11,47,32
1743496213.047656,39,0,220
1743496213.082656,-4,-10,30
1743496213.1186562,-20,0,120
1743496213.153656,29,23,144
1743496213.188656,-18,45,114
1743496213.223656,0,-18,140
1743496213.259656,9,-90,178
1743496213.295656,7,5,66
1743496213.330656,-20,-16,176
1743496213.366656,73,-94,194
1743496213.4016562,46,23,190
1743496213.436656,-35,15,102
1743496213.471656,48,109,4
1743496213.507656,-43,13,114
1743496213.543656,26,-84,124
1743496213.578656,-97,1,150
1743496213.614656,-119,-10,162
1743496213.649656,52,-4,194
1743496213.684656,-13,43,190
1743496213.719656,-43,-4,106
1743496213.755656,82,-2,164
1743496213.791656,26,-60,160
1743496213.826656,-57,43,162
1743496213.862656,2,-20,94
1743496213.897656,-35,-38,178
1743496213.932656,0,3,132
1743496213.967656,-5,21,208
1743496214.003656,26,19,228
1743496214.0396562,40,23,116
1743496214.074656,-23,0,96
1743496214.110656,50,4,64
1743496214.145656,44,-3,216
1743496214.180656,-3,-89,28
1743496214.215656,58,68,138
1743496214.251656,76,-23,98
1743496214.287656,20,8,162
1743496214.3226562,-41,-89,196
1743496214.3586562,-33,-13,131
1743496214.393656,24,22,33
1743496214.428656,-85,-13,191
1743496214.463656,10,36,158
1743496214.499656,58,-43,101
1743496214.535656,8,32,147
1743496214.570656,18,-9,133
1743496214.606656,6,-23,169
1743496214.6416562,-23,20,85
1743496214.676656,-131,-1,139
1743496214.711656,-31,-33,207
1743496214.747656,-3,-85,73
1743496214.783656,0,-17,41
1743496214.818656,5,76,115
1743496214.854656,50,-7,115
1743496214.889656,-8,8,113
1743496214.9246562,-76,-19,153
1743496214.959656,34,12,147
1743496214.995656,-18,2,143
1743496215.031656,-58,34,291
1743496215.066656,-61,-7,239
1743496215.102656,75,32,249
1743496215.137656,-78,-31,209
1743496215.172656,-33,-9,33
1743496215.207656,-27,-53,27
1743496215.2436562,60,36,183
1743496215.2796562,21,-51,199
1743496215.314656,65,-1,177
1743496215.350656,-14,-29,115
1743496215.385656,55,4,113
1743496215.420656,57,94,27
1743496215.455656,3,-31,151
1743496215.491656,-68,28,109
1743496215.527656,13,-59,81
1743496215.5626562,5,22,181
1743496215.598656,-44,-1,51
1743496215.633656,-14,-81,131
1743496215.668656,-10,16,155
1743496215.703656,-66,-31,89
1743496215.739656,29,-23,179
1743496215.775656,23,-43,67
1743496215.810656,19,12,81
1743496215.846656,-40,104,31
1743496215.8816562,-28,10,93
1743496215.916656,1,-31,99
1743496215.951656,-32,-1,83
1743496215.987656,-12,58,167
1743496216.023656,21,-55,43
1743496216.058656,27,-23,141
1743496216.094656,-76,-1,64
1743496216.129656,15,-59,74
1743496216.1646562,-12,78,54
1743496216.199656,-28,-25,68
1743496216.235656,75,-21,164
1743496216.271656,-8,14,212
1743496216.306656,5,16,128
1743496216.342656,-20,-81,222
1743496216.377656,17,46,194
1743496216.412656,21,28,154
1743496216.448656,37,-19,144
1743496216.4836562,67,-35,132
1743496216.519656,27,-21,150
1743496216.554656,5,4,146
1743496216.590656,-14,-87,36
1743496216.625656,29,-63,264
1743496216.660656,-22,-41,130
1743496216.696656,-56,-64,162
1743496216.731656,13,43,214
1743496216.767656,5,33,114
1743496216.802656,0,-38,126
1743496216.838656,-18,27,96
1743496216.873656,-20,69,146
1743496216.908656,15,21,86
1743496216.944656,39,-96,174
1743496216.979656,-18,57,70
1743496217.015656,-22,-30,222
1743496217.050656,-100,18,72
1743496217.086656,-14,34,80
1743496217.121656,45,76,118
1743496217.156656,11,-2,116
1743496217.192656,85,-5,98
1743496217.227656,-44,40,160
1743496217.263656,65,32,212
1743496217.298656,117,62,220
1743496217.334656,-46,-3,110
1743496217.369656,-42,10,96
1743496217.4046562,0,6,114
1743496217.440656,-8,48,120
1743496217.475656,-56,-52,126
1743496217.511656,-96,-43,208
1743496217.546656,57,-101,256
1743496217.582656,-46,-33,68
1743496217.617656,-10,8,80
1743496217.652656,-2,1,152
1743496217.688656,-4,30,132
1743496217.723656,-6,-41,202
1743496217.759656,69,-43,194
1743496217.794656,-48,-32,132
1743496217.830656,-44,75,186
1743496217.865656,33,-54,12
1743496217.900656,-27,107,88
1743496217.936656,-27,29,124
1743496217.971656,30,-66,118
1743496218.007656,24,21,188
1743496218.042656,19,-6,44
1743496218.078656,87,-10,110
1743496218.113656,7,-28,150
1743496218.148656,65,61,137
1743496218.184656,23,-6,87
1743496218.219656,81,0,33
1743496218.255656,-16,73,133
1743496218.290656,-82,49,113
1743496218.326656,39,-26,61
1743496218.361656,-50,-4,195
1743496218.396656,-5,-24,105
1743496218.432656,72,-36,79
1743496218.467656,-32,-18,57
1743496218.503656,11,67,65
1743496218.538656,17,1,191
1743496218.574656,-64,17,223
1743496218.609656,51,-76,179
1743496218.644656,-6,-76,41
1743496218.680656,-20,41,151
1743496218.715656,-30,-36,59
1743496218.751656,7,63,39
1743496218.786656,-38,-20,125
1743496218.8226562,-42,13,161
1743496218.857656,-42,23,163
1743496218.892656,9,-16,89
1743496218.928656,47,-16,189
1743496218.963656,47,33,135
1743496218.999656,19,-16,115
1743496219.034656,-54,46,213
1743496219.070656,-26,-29,213
1743496219.105656,-60,-35,105
1743496219.140656,59,52,139
1743496219.176656,-50,-19,137
1743496219.211656,-28,22,109
1743496219.247656,-8,-75,185
1743496219.282656,37,14,173
1743496219.318656,19,-15,35
1743496219.354656,1,66,299
1743496219.390656,-52,-39,197
1743496219.425656,-42,-11,101
1743496219.4606562,-8,74,204
1743496219.496656,29,-27,168
1743496219.531656,-42,-53,100
1743496219.567656,33,-1,150
1743496219.602656,23,-17,196
1743496219.638656,17,-31,126
1743496219.673656,45,-61,212
1743496219.708656,3,30,148
1743496219.744656,-22,-23,144
1743496219.7796562,-30,104,66
1743496219.815656,59,20,114
1743496219.850656,-22,18,168
1743496219.886656,-70,-35,64
1743496219.922656,-84,-3,224
1743496219.957656,-70,8,22
1743496219.992656,-36,-20,166
1743496220.028656,53,-56,206
1743496220.064656,89,9,42
1743496220.099656,-12,9,154
1743496220.135656,53,35,30
1743496220.170656,9,-46,170
1743496220.205656,37,-34,132
1743496220.240656,57,-18,146
1743496220.2766562,43,46,28
1743496220.3126562,31,84,114
1743496220.347656,-66,42,106
1743496220.383656,5,-18,124
1743496220.418656,0,37,246
1743496220.453656,-25,-11,174
1743496220.488656,21,-20,188
1743496220.524656,-26,73,38
1743496220.560656,13,45,124
1743496220.5956562,-2,-76,210
1743496220.6316562,48,46,80
1743496220.666656,-17,14,32
1743496220.701656,20,0,64
1743496220.736656,-1,-15,268
1743496220.772656,-27,30,-11
1743496220.808656,-29,4,142
1743496220.843656,60,-121,102
1743496220.879656,-21,-5,200
1743496220.9146562,-55,-29,92
1743496220.949656,-35,-35,96
1743496220.984656,6,-29,160
1743496221.020656,18,-89,130
1743496221.056656,0,-95,44
1743496221.091656,-49,-27,218
1743496221.127656,30,-91,169
1743496221.162656,50,30,95
1743496221.1976562,-5,-43,135
1743496221.232656,34,-93,245
1743496221.268656,-45,-32,-24
1743496221.304656,20,-1,-53
1743496221.339656,28,-51,168
1743496221.375656,6,-87,130
1743496221.410656,-33,50,52
1743496221.445656,82,-9,204
1743496221.480656,-67,78,92
1743496221.5166562,-31,-63,86
1743496221.552656,-39,-39,123
1743496221.587656,34,-117,189
1743496221.623656,4,50,219
1743496221.665656,-23,-11,159
1743496221.701656,-2,-2,157
1743496221.736656,35,35,121
1743496221.772656,-40,31,-50
1743496221.808656,7,-54,79
1743496221.843656,-28,45,159
1743496221.879656,33,-34,69
1743496221.9146562,25,-114,125
1743496221.949656,-28,9,233
1743496221.984656,29,56,251
1743496222.020656,75,70,159
1743496222.056656,51,-3,163
1743496222.091656,15,-25,195
1743496222.127656,66,18,129
1743496222.162656,-55,-35,31
1743496222.1976562,-40,-11,123
1743496222.232656,0,-9,125
1743496222.268656,-53,-7,173
1743496222.304656,5,10,173
1743496222.339656,-28,64,227
1743496222.375656,39,-39,173
1743496222.410656,55,52,101
1743496222.445656,-88,-17,175
1743496222.480656,-2,0,173
1743496222.5166562,25,-19,137
1743496222.552656,-32,20,181
1743496222.587656,-34,-3,129
1743496222.623656,9,-15,117
1743496222.658656,21,-21,101
1743496222.693656,0,-15,179
1743496222.728656,-44,74,165
1743496222.764656,-7,14,117
1743496222.800656,38,-73,117
1743496222.8356562,68,56,57
1743496222.871656,34,-49,127
1743496222.906656,-43,72,175
1743496222.941656,38,-3,129
1743496222.976656,0,16,253
1743496223.012656,18,-7,155
1743496223.048656,66,46,25
1743496223.083656,40,-99,143
1743496223.119656,48,84,199
1743496223.1546562,44,16,57
1743496223.189656,-60,4,117
1743496223.224656,3,-43,25
1743496223.260656,-12,-13,145
1743496223.296656,-12,24,179
1743496223.331656,27,-11,149
1743496223.367656,-52,-27,79
1743496223.402656,35,30,235
1743496223.4376562,-14,-33,119
1743496223.472656,101,54,31
1743496223.508656,21,8,95
1743496223.544656,37,-7,207
1743496223.579656,-74,-3,81
1743496223.615656,21,37,49
1743496223.650656,43,0,99
1743496223.685656,-5,-40,89
1743496223.7206562,0,-22,71
1743496223.7566562,32,111,139
1743496223.792656,46,-34,152
1743496223.827656,4,59,218
1743496223.863656,-5,39,20
1743496223.898656,-7,15,175
1743496223.933656,24,11,137
1743496223.968656,12,-10,244
1743496224.004656,0,31,171
1743496224.040656,-39,-24,104
1743496224.075656,10,27,104
1743496224.111656,-5,34,6
1743496224.146656,2,0,160
1743496224.181656,48,-10,57
1743496224.216656,-33,-58,116
1743496224.252656,-17,-8,50
1743496224.288656,48,56,212
1743496224.323656,-39,18,180
1743496224.359656,13,24,108
1743496224.394656,32,36,136
1743496224.429656,-61,-37,98
1743496224.464656,4,-23,154
1743496224.500656,-15,24,158
1743496224.536656,-11,40,158
1743496224.571656,-51,-5,38
1743496224.607656,-27,30,204
1743496224.642656,64,2,106
1743496224.677656,-5,2,136
1743496224.712656,-9,-21,188
1743496224.748656,42,-29,100
1743496224.784656,48,13,110
1743496224.819656,-46,-3,68
1743496224.855656,-28,42,92
1743496224.890656,15,8,196
1743496224.925656,45,-13,200
1743496224.961656,19,55,176
1743496224.996656,11,3,100
1743496225.032656,-20,-31,184
1743496225.067656,5,15,114
1743496225.103656,-32,-13,96
1743496225.138656,17,13,210
1743496225.173656,-30,29,90
1743496225.208656,-50,-30,204
1743496225.244656,-6,37,166
1743496225.280656,-32,-12,172
1743496225.315656,13,13,104
1743496225.351656,63,-56,246
1743496225.386656,21,-18,176
1743496225.421656,-72,71,138
1743496225.456656,-6,27,132
1743496225.492656,85,-36,26
1743496225.528656,25,15,126
1743496225.563656,33,25,138
1743496225.599656,9,-18,66
1743496225.634656,29,-28,14
1743496225.669656,-38,7,156
1743496225.704656,-36,-54,76
1743496225.740656,-30,14,182
1743496225.7766562,-44,-13,224
1743496225.811656,-2,24,122
1743496225.847656,31,-31,66
1743496225.882656,-2,-35,64
1743496225.917656,59,-19,196
1743496225.953656,31,-11,118
1743496225.988656,-118,-7,202
1743496226.024656,27,-91,50
1743496226.059656,-58,29,50
1743496226.0956562,43,34,10
1743496226.130656,-12,-23,140
1743496226.165656,-68,100,156
1743496226.201656,-74,-19,324
1743496226.236656,53,86,138
1743496226.272656,83,-13,94
1743496226.307656,-8,22,250
1743496226.343656,-60,-39,80
1743496226.378656,103,-42,54
1743496226.413656,59,-28,152
1743496226.449656,23,-14,154
1743496226.484656,-28,-64,66
1743496226.520656,13,-6,46
1743496226.555656,1,-54,100
1743496226.591656,0,55,116
1743496226.626656,-48,25,-13
1743496226.661656,79,63,86
1743496226.6976562,-28,-64,54
1743496226.732656,-18,-10,144
1743496226.768656,17,-6,-21
1743496226.803656,-38,-6,222
1743496226.839656,-32,11,138
1743496226.874656,35,67,52
1743496226.909656,43,11,116
1743496226.945656,-82,51,106
1743496226.980656,9,-12,114
1743496227.0166562,7,39,130
1743496227.051656,-32,-43,152
1743496227.087656,-10,31,168
1743496227.122656,37,13,118
1743496227.157656,-72,-11,42
1743496227.193656,57,-2,36
1743496227.228656,-36,-52,188
1743496227.264656,43,-20,212
1743496227.2996562,-28,-48,106
1743496227.3356562,21,65,110
1743496227.370656,-98,15,134
1743496227.405656,21,49,34
1743496227.441656,33,39,26
1743496227.476656,7,0,184
1743496227.512656,-58,-16,272
1743496227.547656,-52,5,154
1743496227.583656,-44,11,38
1743496227.6186562,-55,3,148
1743496227.653656,14,3,-9
1743496227.689656,-64,51,186
1743496227.724656,19,17,76
1743496227.760656,-8,3,256
1743496227.795656,20,-12,92
1743496227.831656,-6,-26,44
1743496227.866656,9,44,188
1743496227.9016562,37,23,164
1743496227.9376562,-1,-8,20
1743496227.972656,-1,20,28
1743496228.008656,34,-7,78
1743496228.043656,7,39,38
1743496228.079656,-20,-2,148
1743496228.114656,-68,39,26
1743496228.149656,-104,-10,172
1743496228.185656,54,-22,164
1743496228.2206562,62,-16,126
1743496228.2566562,92,22,122
1743496228.291656,10,-31,138
1743496228.327656,58,4,166
1743496228.362656,-31,-33,156
1743496228.397656,-59,18,128
1743496228.433656,4,2,158
1743496228.468656,24,22,100
1743496228.504656,-31,-21,90
1743496228.5396562,-26,-19,112
1743496228.575656,23,33,244
1743496228.610656,-32,14,136
1743496228.645656,-8,38,110
1743496228.681656,-50,-57,109
1743496228.716656,-26,-80,149
1743496228.752656,-30,-96,103
1743496228.787656,-92,3,79
1743496228.823656,-38,51,49
1743496228.8586562,-2,37,51
1743496228.893656,17,21,59
1743496228.929656,-44,-100,109
1743496228.964656,39,-8,165
1743496229.000656,25,-26,133
1743496229.035656,3,41,187
1743496229.071656,19,33,209
1743496229.106656,-12,45,158
1743496229.1416562,-58,11,184
1743496229.177656,21,57,140
1743496229.212656,-24,-18,92
1743496229.248656,0,-26,164
1743496229.283656,-26,57,230
1743496229.319656,29,-50,-51
1743496229.355656,-29,-25,310
1743496229.3916562,-33,52,224
1743496229.427656,-38,27,122
1743496229.462656,-24,85,74
1743496229.497656,-4,23,114
1743496229.533656,62,-16,276
1743496229.569656,26,42,116
1743496229.604656,10,4,264
1743496229.640656,79,-8,104
1743496229.675656,63,51,146
1743496229.7106562,-40,-28,92
1743496229.745656,87,-2,86
1743496229.781656,-84,51,150
1743496229.817656,7,-46,188
1743496229.852656,-44,69,106
1743496229.888656,45,0,171
1743496229.923656,31,25,147
1743496229.958656,49,15,79
1743496229.9936562,23,0,123
1743496230.0296562,37,-8,13
1743496230.065656,39,27,11
1743496230.100656,-18,-20,109
1743496230.136656,-40,27,203
1743496230.171656,-94,-6,225
1743496230.206656,-6,-20,305
1743496230.241656,-18,53,125
1743496230.277656,-8,-28,139
1743496230.313656,119,-44,171
1743496230.348656,45,17,55
1743496230.384656,25,0,85
1743496230.419656,-88,-6,111
1743496230.454656,37,113,179
1743496230.489656,12,35,139
1743496230.525656,0,-34,53
1743496230.561656,85,-34,85
1743496230.596656,11,17,215
1743496230.632656,-22,-34,65
1743496230.667656,-4,-70,107
1743496230.702656,9,-64,105
1743496230.737656,17,-14,29
1743496230.773656,51,27,133
1743496230.809656,35,28,15
1743496230.844656,-32,40,135
1743496230.880656,-64,-43,149
1743496230.915656,45,10,127
1743496230.950656,21,24,91
1743496230.985656,-24,-35,115
1743496231.021656,-38,66,81
1743496231.057656,57,18,47
1743496231.092656,-100,-40,111
1743496231.128656,59,20,119
1743496231.163656,-36,-99,159
1743496231.198656,-46,-16,159
1743496231.2336562,27,-34,153
1743496231.269656,-14,33,33
1743496231.305656,-30,-4,187
1743496231.340656,-120,-56,9
1743496231.376656,7,27,175
1743496231.411656,43,45,187
1743496231.446656,-16,-92,175
1743496231.481656,31,-2,215
1743496231.517656,-34,29,127
1743496231.553656,-38,-44,157
1743496231.588656,3,25,125
1743496231.624656,37,19,55
1743496231.666656,107,-46,220
1743496231.702656,21,-1,38
1743496231.737656,45,21,176
1743496231.773656,29,37,154
1743496231.809656,29,87,36
1743496231.844656,-58,1,142
1743496231.880656,-30,-62,124
1743496231.915656,7,27,146
1743496231.950656,-29,2,120
1743496231.985656,19,-66,28
1743496232.021656,1,-36,168
1743496232.057656,5,11,178
1743496232.092656,67,38,164
1743496232.128656,35,6,160
1743496232.163656,15,-31,242
1743496232.198656,3,80,90
1743496232.2336562,0,2,152
1743496232.269656,-24,-7,74
1743496232.305656,53,12,2
1743496232.340656,25,82,52
1743496232.376656,0,10,162
1743496232.411656,-20,-1,168
1743496232.446656,-14,-9,200
1743496232.481656,31,-5,130
1743496232.517656,5,30,30
1743496232.553656,-4,-45,212
1743496232.588656,85,-25,52
1743496232.624656,-45,26,72
1743496232.659656,-8,0,178
1743496232.694656,63,-6,70
1743496232.729656,-36,51,214
1743496232.765656,41,-4,122
1743496232.801656,-64,-2,194
1743496232.836656,9,-24,141
1743496232.872656,19,15,159
1743496232.907656,-27,23,81
1743496232.942656,-3,19,151
1743496232.977656,-27,-10,149
1743496233.013656,38,-8,177
1743496233.0496562,-26,1,117
1743496233.084656,-60,-38,163
1743496233.120656,-38,47,117
1743496233.155656,25,0,123
1743496233.190656,-12,-40,133
1743496233.225656,49,-20,199
1743496233.261656,-2,-46,129
1743496233.297656,23,17,243
1743496233.332656,49,-14,199
1743496233.3686562,-64,19,87
1743496233.403656,35,-46,113
1743496233.438656,-86,65,143
1743496233.473656,-54,31,207
1743496233.509656,39,-72,155
1743496233.545656,-48,-64,147
1743496233.580656,-118,73,135
1743496233.616656,49,17,167
1743496233.6516562,69,-38,115
1743496233.686656,17,51,175
1743496233.721656,51,-24,33
1743496233.757656,49,-18,91
1743496233.793656,27,-74,161
1743496233.828656,-10,-20,51
1743496233.864656,51,7,137
1743496233.899656,-26,27,235
1743496233.934656,83,13,195
1743496233.969656,41,-28,103
1743496234.005656,-64,-12,103
1743496234.041656,79,25,183
1743496234.076656,25,-44,85
1743496234.112656,-6,27,215
1743496234.147656,25,59,145
1743496234.182656,87,-26,193
1743496234.217656,-46,-60,39
1743496234.253656,15,-16,87
1743496234.2896562,-56,-78,137
1743496234.324656,-78,-38,89
1743496234.360656,52,9,123
1743496234.395656,-52,-14,145
1743496234.430656,67,19,-10
1743496234.465656,-22,31,113
1743496234.501656,19,-52,132
1743496234.537656,15,13,140
1743496234.5726562,103,-32,118
1743496234.6086562,83,-26,102
1743496234.643656,11,-23,-45
1743496234.678656,-24,37,90
1743496234.713656,-30,36,26
1743496234.749656,-12,28,74
1743496234.785656,-41,-39,162
1743496234.820656,-17,50,168
1743496234.856656,-31,90,164
1743496234.8916562,32,-31,44
1743496234.926656,-5,4,136
1743496234.961656,-31,-27,153
1743496234.997656,-17,36,149
1743496235.033656,-57,4,148
1743496235.068656,36,-35,116
1743496235.104656,58,-22,176
1743496235.139656,-27,-8,130
1743496235.1746562,-17,36,172
1743496235.2106562,-33,-1,98
1743496235.245656,18,26,110
1743496235.281656,38,2,288
1743496235.316656,66,-31,124
1743496235.352656,28,-37,170
1743496235.387656,32,16,130
1743496235.422656,0,-49,166
1743496235.458656,8,19,120
1743496235.4936562,68,0,42
1743496235.5296562,90,-20,120
1743496235.564656,-12,-46,140
1743496235.600656,17,31,106
1743496235.635656,87,53,110
1743496235.670656,35,49,84
1743496235.706656,83,0,158
1743496235.741656,-20,45,58
1743496235.777656,-128,81,94
1743496235.8126562,9,-37,98
1743496235.848656,-28,17,134
1743496235.883656,49,-12,66
1743496235.918656,25,13,208
1743496235.954656,3,85,142
1743496235.989656,51,25,262
1743496236.025656,-34,-2,164
1743496236.060656,-42,15,128
1743496236.096656,-24,39,200
1743496236.1316562,-102,13,-1
1743496236.166656,-12,-64,44
1743496236.202656,-34,79,144
1743496236.237656,-6,-2,112
1743496236.273656,-44,-38,8
1743496236.308656,75,-2,102
1743496236.344656,49,57,92
1743496236.379656,-87,49,174
1743496236.4146562,12,-10,166
1743496236.450656,-80,-8,128
1743496236.485656,-38,0,126
1743496236.521656,0,9,240
1743496236.556656,-12,40,130
1743496236.592656,-70,-29,166
1743496236.627656,9,30,138
1743496236.662656,77,-69,106
1743496236.698656,0,1,120
1743496236.7336562,-66,-78,54
1743496236.769656,-16,0,124
1743496236.804656,-18,75,204
1743496236.840656,17,29,210
1743496236.875656,25,-24,254
1743496236.910656,79,11,30
1743496236.946656,-50,123,146
1743496236.981656,-4,5,178
1743496237.017656,27,67,242
1743496237.052656,89,37,64
1743496237.088656,-40,37,316
1743496237.123656,17,19,22
1743496237.158656,-42,-12,-57
1743496237.194656,27,-34,130
1743496237.229656,-2,23,158
1743496237.265656,-46,-12,226
1743496237.300656,-20,-20,144
1743496237.336656,21,-48,154
1743496237.371656,-6,-38,36
1743496237.406656,-32,-26,112
1743496237.442656,11,-14,114
1743496237.477656,15,73,138
1743496237.513656,-22,-2,176
1743496237.548656,65,-18,162
1743496237.584656,-26,-60,-15
1743496237.619656,-54,-63,160
1743496237.6546562,65,-61,186
1743496237.690656,-62,-29,158
1743496237.725656,49,34,92
1743496237.761656,0,-18,38
1743496237.796656,-40,46,138
1743496237.832656,23,8,206
1743496237.867656,-30,4,132
1743496237.902656,-22,2,12
1743496237.938656,-29,-65,152
1743496237.973656,5,84,168
1743496238.009656,11,18,196
1743496238.044656,15,32,24
1743496238.080656,-14,20,8
1743496238.115656,-48,-15,140
1743496238.150656,-2,-1,96
1743496238.186656,-36,6,220
1743496238.221656,39,16,82
1743496238.257656,-18,-7,174
1743496238.292656,-8,-11,190
1743496238.328656,-64,32,162
1743496238.363656,11,-61,156
1743496238.398656,-2,-75,208
1743496238.434656,-2,-45,164
1743496238.469656,-40,0,170
1743496238.505656,-28,2,188
1743496238.540656,97,-41,116
1743496238.576656,103,42,148
1743496238.611656,-64,-25,64
1743496238.646656,-10,16,-9
1743496238.682656,-44,6,158
1743496238.717656,17,16,228
1743496238.753656,-22,-59,154
1743496238.788656,-30,60,274
1743496238.824656,27,10,84
1743496238.860656,23,80,58
1743496238.895656,31,-27,94
1743496238.930656,43,30,150
1743496238.966656,51,-43,30
1743496239.002656,-28,-7,90
1743496239.037656,79,14,70
1743496239.073656,81,52,192
1743496239.1086562,-76,14,152
1743496239.143656,-84,42,100
1743496239.178656,-6,-19,92
1743496239.214656,-6,-27,118
1743496239.250656,-50,-27,113
1743496239.285656,9,-23,113
1743496239.321656,-36,-33,285
1743496239.356656,-44,14,95
1743496239.3916562,21,28,167
1743496239.426656,37,-28,139
1743496239.462656,-4,-26,167
1743496239.498656,-40,11,167
1743496239.533656,-38,-20,263
1743496239.569656,-42,-8,125
1743496239.604656,31,19,99
1743496239.639656,43,-50,193
1743496239.6746562,45,-50,117
1743496239.7106562,-32,-32,163
1743496239.746656,-18,69,159
1743496239.781656,-16,-10,203
1743496239.817656,-8,19,117
1743496239.852656,-46,39,155
1743496239.887656,-24,3,183
1743496239.922656,71,53,145
1743496239.958656,-2,35,69
1743496239.994656,-32,-32,71
1743496240.0296562,-60,-18,81
1743496240.065656,15,45,39
1743496240.100656,-2,-18,51
1743496240.135656,67,85,101
1743496240.170656,11,-22,89
1743496240.206656,-22,19,197
1743496240.242656,-4,-18,175
1743496240.277656,-10,-22,317
1743496240.313656,25,79,201
1743496240.348656,-2,-45,169
1743496240.383656,-14,68,249
1743496240.418656,-32,22,219
1743496240.454656,29,18,109
1743496240.490656,9,67,145
1743496240.525656,7,49,147
1743496240.561656,-47,-18,181
1743496240.596656,70,17,95
1743496240.6316562,40,63,81
1743496240.666656,14,37,121
1743496240.702656,-22,34,103
1743496240.738656,54,-21,195
1743496240.773656,75,-11,157
1743496240.809656,-26,-27,171
1743496240.844656,-4,14,179
1743496240.879656,-48,-45,111
1743496240.9146562,11,-55,167
1743496240.950656,-84,8,151
1743496240.986656,-26,-51,81
1743496241.021656,0,-35,205
1743496241.057656,25,40,83
1743496241.092656,15,-56,85
1743496241.127656,13,19,195
1743496241.162656,50,40,159
1743496241.198656,22,12,155
1743496241.234656,61,-54,58
1743496241.269656,-5,-26,41
1743496241.305656,111,-28,173
1743496241.340656,100,31,75
1743496241.375656,-36,-28,111
1743496241.410656,-62,55,115
1743496241.446656,-62,-48,142
1743496241.482656,23,21,120
1743496241.517656,-44,19,60
1743496241.553656,51,-50,46
1743496241.588656,59,78,126
1743496241.623656,45,-6,116
1743496241.658656,48,-56,82
1743496241.701656,75,-16,116
1743496241.738656,1,-40,170
1743496241.773656,-30,-30,224
1743496241.809656,-56,7,30
1743496241.844656,-58,19,156
1743496241.879656,23,23,136
1743496241.9146562,5,-1,116
1743496241.950656,-26,-62,174
1743496241.986656,15,-54,104
1743496242.021656,39,67,210
1743496242.057656,21,-22,54
1743496242.092656,-2,-46,134
1743496242.127656,-64,-50,150
1743496242.162656,7,-2,88
1743496242.198656,-12,-28,104
1743496242.234656,-80,-16,200
1743496242.269656,-18,34,118
1743496242.305656,-24,48,26
1743496242.340656,-22,-43,136
1743496242.375656,23,-29,52
1743496242.410656,-10,16,150
1743496242.446656,-4,-35,212
1743496242.482656,5,-27,130
1743496242.517656,7,-15,155
1743496242.553656,55,8,169
1743496242.588656,91,-43,161
1743496242.623656,-40,-8,193
1743496242.658656,-42,-21,55
1743496242.694656,33,16,211
1743496242.730656,19,50,125
1743496242.765656,73,31,113
1743496242.801656,-22,3,121
1743496242.836656,41,-6,165
1743496242.871656,23,-56,169
1743496242.906656,14,6,177
1743496242.942656,57,57,145
1743496242.978656,-4,13,149
1743496243.013656,19,81,117
1743496243.0496562,31,29,86
1743496243.084656,3,-16,104
1743496243.119656,-52,51,54
1743496243.1546562,10,-8,60
1743496243.190656,-89,23,106
1743496243.226656,-7,59,76
1743496243.261656,-99,21,200
1743496243.297656,-47,19,244
1743496243.332656,-7,1,60
1743496243.367656,10,-20,88
1743496243.402656,-17,-20,84
1743496243.438656,10,9,162
1743496243.474656,-26,39,130
1743496243.509656,43,-6,192
1743496243.545656,59,29,82
1743496243.580656,-10,49,150
1743496243.615656,-14,-40,62
1743496243.650656,73,11,48
1743496243.686656,-44,-36,142
1743496243.722656,-18,-10,156
1743496243.757656,-70,-34,44
1743496243.793656,17,67,2
1743496243.828656,35,21,106
1743496243.863656,41,25,216
1743496243.898656,17,-28,158
1743496243.934656,65,5,122
1743496243.9706562,-34,-16,118
1743496244.005656,62,-16,16
1743496244.041656,8,71,166
1743496244.076656,62,23,154
1743496244.111656,52,25,106
1743496244.146656,-23,6,130
1743496244.182656,40,-69,94
1743496244.218656,-9,9,289
1743496244.253656,42,-32,173
1743496244.2896562,-37,51,197
1743496244.324656,20,30,147
1743496244.359656,-65,31,85
1743496244.394656,-25,11,129
1743496244.430656,-89,127,177
1743496244.466656,-15,-36,73
1743496244.501656,48,19,177
1743496244.537656,16,17,239
1743496244.5726562,47,-6,87
1743496244.607656,11,-60,123
1743496244.642656,-34,-13,117
1743496244.678656,11,20,97
1743496244.714656,-8,48,115
1743496244.749656,131,-86,123
1743496244.785656,-19,-46,117
1743496244.820656,24,-8,141
1743496244.855656,-3,-42,95
1743496244.8916562,-51,-38,147
1743496244.926656,-23,21,187
1743496244.962656,-32,-34,151
1743496244.997656,-2,105,77
1743496245.033656,39,99,103
1743496245.068656,-64,65,145
1743496245.103656,21,-26,129
1743496245.139656,89,-2,231
1743496245.1746562,-26,-38,119
1743496245.2106562,-40,-1,119
1743496245.245656,1,42,149
1743496245.281656,45,-9,163
1743496245.316656,33,4,103
1743496245.351656,60,36,167
1743496245.387656,-22,-23,129
1743496245.422656,-1,-47,131
1743496245.458656,38,-19,211
1743496245.4936562,8,12,149
1743496245.5296562,56,-67,133
1743496245.564656,8,-55,119
1743496245.599656,30,20,209
1743496245.635656,-53,-47,129
1743496245.670656,-1,22,147
1743496245.706656,52,64,125
1743496245.741656,62,-41,155
1743496245.777656,24,-87,43
1743496245.8126562,26,16,161
1743496245.847656,-39,-29,219
1743496245.883656,-15,22,103
1743496245.918656,30,16,165
1743496245.954656,26,12,139
1743496245.989656,40,-5,139
1743496246.025656,68,-75,155
1743496246.060656,-26,14,55
1743496246.0956562,57,-3,177
1743496246.1316562,-76,24,23
1743496246.166656,-10,10,25
1743496246.202656,-20,50,181
1743496246.237656,61,-5,245
1743496246.273656,37,82,121
1743496246.308656,-32,-5,153
1743496246.343656,45,6,35
1743496246.379656,17,78,163
1743496246.4146562,-36,66,85
1743496246.450656,53,-41,51
1743496246.485656,42,16,221
1743496246.521656,-57,-23,333
1743496246.556656,-47,-5,205
1743496246.591656,-51,-13,196
1743496246.627656,113,10,147
1743496246.662656,30,24,135
1743496246.698656,60,-7,128
1743496246.7336562,0,2,84
1743496246.769656,-15,4,72
1743496246.804656,28,12,84
1743496246.839656,25,91,148
1743496246.875656,0,-26,38
1743496246.910656,-32,73,110
1743496246.946656,0,-40,176
1743496246.981656,55,41,110
1743496247.017656,11,-48,116
1743496247.052656,32,-36,178
1743496247.087656,-35,7,72
1743496247.123656,8,-26,158
1743496247.158656,28,9,42
1743496247.194656,-72,-11,160
1743496247.229656,-50,-55,114
1743496247.265656,-74,-71,204
1743496247.300656,19,-25,90
1743496247.3356562,13,-117,78
1743496247.371656,-52,64,98
1743496247.406656,-6,-3,92
1743496247.442656,9,32,178
1743496247.477656,7,22,124
1743496247.513656,63,-37,136
1743496247.548656,70,44,134
1743496247.583656,-23,-61,130
1743496247.619656,-83,-63,172
1743496247.6546562,-9,-65,232
1743496247.690656,36,22,156
1743496247.725656,-54,2,114
1743496247.761656,50,-59,118
1743496247.796656,-35,36,134
1743496247.831656,34,-1,68
1743496247.867656,-47,-39,126
1743496247.902656,14,-67,90
1743496247.938656,51,10,200
1743496247.973656,-6,-55,144
1743496248.009656,-92,-1,254
1743496248.044656,23,60,84
1743496248.079656,91,10,122
1743496248.115656,-24,28,34
1743496248.150656,75,-51,108
1743496248.186656,24,-15,276
1743496248.221656,-86,8,206
1743496248.257656,-16,0,6
1743496248.293656,-24,-16,176
1743496248.329656,27,-4,100
1743496248.364656,9,-28,48
1743496248.399656,49,11,170
1743496248.435656,-22,23,226
1743496248.4706562,35,7,188
1743496248.5066562,-6,-70,300
1743496248.541656,-31,9,222
1743496248.576656,16,13,152
1743496248.611656,30,0,196
1743496248.647656,-25,19,206
1743496248.683656,40,75,242
1743496248.718656,-48,-34,190
1743496248.754656,29,-56,140
1743496248.7896562,-16,37,82
1743496248.824656,-8,65,132
1743496248.859656,-30,11,168
1743496248.895656,-32,-36,172
1743496248.931656,-56,-74,182
1743496248.966656,-62,-42,96
1743496249.002656,43,-48,166
1743496249.037656,5,-26,50
1743496249.0726562,-18,32,121
1743496249.107656,59,-30,125
1743496249.143656,-10,-6,97
1743496249.179656,-5,-79,159
1743496249.214656,16,-11,177
1743496249.250656,-10,-56,151
1743496249.285656,-14,-21,279
1743496249.320656,-78,70,37
1743496249.355656,11,14,181
1743496249.3916562,-34,-13,49
1743496249.427656,70,-5,-4
1743496249.462656,-21,-9,93
1743496249.498656,23,6,283
1743496249.533656,-43,48,25
1743496249.568656,-48,-7,109
1743496249.603656,-46,66,197
1743496249.639656,-1,58,127
1743496249.675656,70,8,46
1743496249.7106562,36,-57,160
1743496249.746656,55,-29,150
1743496249.781656,4,24,144
1743496249.816656,55,-98,154
1743496249.851656,-51,-36,104
1743496249.887656,30,31,68
1743496249.923656,-31,-34,120
1743496249.958656,-55,66,226
1743496249.994656,24,-27,152
1743496250.0296562,34,-8,-9
1743496250.064656,60,-2,94
1743496250.099656,-9,17,72
1743496250.135656,-69,-4,44
1743496250.171656,68,-56,190
1743496250.206656,56,-20,156
1743496250.242656,-37,27,178
1743496250.277656,-1,-66,262
1743496250.3126562,20,23,116
1743496250.347656,18,-56,-15
1743496250.383656,30,62,62
1743496250.419656,-33,-33,204
1743496250.454656,-41,-29,172
1743496250.490656,18,30,220
1743496250.525656,16,60,12
1743496250.560656,36,-5,133
1743496250.5956562,30,-1,28
1743496250.6316562,146,-9,133
1743496250.667656,29,2,85
1743496250.702656,52,10,173
1743496250.738656,7,56,75
1743496250.773656,65,-43,53
1743496250.808656,-68,-33,167
1743496250.843656,-32,-13,93
1743496250.879656,-66,90,1
1743496250.915656,-36,0,93
1743496250.950656,-24,47,89
1743496250.986656,-62,-34,93
1743496251.021656,-8,-39,57
1743496251.056656,-30,-51,211
1743496251.091656,43,-17,193
1743496251.127656,-126,76,101
1743496251.163656,-32,8,-18
1743496251.199656,63,-47,145
1743496251.235656,-86,-55,177
1743496251.270656,1,38,65
1743496251.306656,15,14,87
1743496251.341656,-16,0,107
1743496251.376656,21,-15,185
1743496251.411656,-4,-15,59
1743496251.4476562,21,-3,77
1743496251.4836562,35,37,81
1743496251.518656,-66,9,207
1743496251.554656,55,-46,95
1743496251.589656,-8,-4,109
1743496251.624656,-56,35,151
1743496251.659656,-28,-56,109
1743496251.702656,15,-16,207
1743496251.739656,7,37,198
1743496251.774656,-38,43,205
1743496251.810656,-14,7,95
1743496251.8456562,11,0,202
1743496251.880656,-86,-52,151
1743496251.915656,-18,-26,144
1743496251.951656,45,-2,218
1743496251.987656,19,-38,36
1743496252.022656,61,-58,144
1743496252.058656,15,-70,171
1743496252.093656,0,5,178
1743496252.128656,-16,25,86
1743496252.163656,-52,-48,206
1743496252.199656,66,-27,168
1743496252.235656,23,-11,135
1743496252.270656,-31,-3,13
1743496252.306656,2,28,65
1743496252.341656,-12,92,174
1743496252.376656,53,62,116
1743496252.411656,45,60,152
1743496252.4476562,-96,-71,150
1743496252.4836562,2,52,98
1743496252.518656,-50,-9,192
1743496252.554656,27,-1,138
1743496252.589656,35,14,166
1743496252.624656,-68,68,100
1743496252.659656,-16,-19,44
1743496252.695656,-2,-51,118
1743496252.731656,21,-29,152
1743496252.7666562,-2,18,166
1743496252.802656,9,-5,212
1743496252.837656,11,-11,168
1743496252.872656,7,-37,196
1743496252.907656,11,44,48
1743496252.943656,-18,-7,116
1743496252.979656,-34,72,196
1743496253.014656,0,14,66
1743496253.050656,-98,-25,212
1743496253.0856562,-16,2,118
1743496253.120656,19,-9,118
1743496253.155656,67,36,228
1743496253.191656,27,-23,82
1743496253.227656,27,26,200
1743496253.262656,-7,-3,118
1743496253.298656,57,-33,194
1743496253.333656,54,-23,144
1743496253.3686562,26,54,136
1743496253.403656,18,-17,142
1743496253.439656,-7,50,124
1743496253.475656,28,22,126
1743496253.510656,14,-19,216
1743496253.546656,-57,-15,142
1743496253.581656,-1,24,128
1743496253.616656,11,-11,170
1743496253.6516562,69,19,166
1743496253.6876562,0,-78,44
1743496253.723656,-4,-22,226
1743496253.758656,13,-4,172
1743496253.794656,-4,-29,138
1743496253.829656,-7,-83,199
1743496253.864656,10,-8,131
1743496253.899656,-23,11,95
1743496253.935656,44,25,13
1743496253.971656,-83,-2,125
1743496254.0066562,-11,3,173
1743496254.042656,10,-67,7
1743496254.077656,20,-59,141
1743496254.112656,2,-49,107
1743496254.147656,80,-14,261
1743496254.183656,14,81,195
1743496254.219656,18,4,89
1743496254.254656,-23,11,75
1743496254.290656,-89,15,45
1743496254.325656,18,-32,169
1743496254.360656,-13,-32,167
1743496254.396656,-23,-22,183
1743496254.431656,4,17,19
1743496254.467656,-51,-16,123
1743496254.502656,16,25,133
1743496254.538656,8,0,201
1743496254.573656,-32,3,101
1743496254.6086562,-11,-2,127
1743496254.644656,52,80,-12
1743496254.679656,61,-17,187
1743496254.715656,-106,50,217
1743496254.750656,63,48,75
1743496254.786656,-40,-67,139
1743496254.821656,-34,-49,-36
1743496254.856656,-50,-5,97
1743496254.892656,73,-27,171
1743496254.927656,-20,16,52
1743496254.963656,57,-61,50
1743496254.998656,35,86,246
1743496255.034656,-8,-11,110
1743496255.069656,-42,-21,266
1743496255.104656,61,-15,180
1743496255.140656,-22,-37,82
1743496255.175656,23,30,178
1743496255.211656,9,-33,164
1743496255.246656,-74,-29,156
1743496255.282656,11,-47,92
1743496255.317656,1,-8,56
1743496255.352656,116,-15,20
1743496255.388656,40,34,120
1743496255.423656,21,-89,154
1743496255.459656,59,0,190
1743496255.494656,-72,4,108
1743496255.530656,33,22,76
1743496255.565656,13,-25,142
1743496255.600656,47,36,186
1743496255.636656,1,11,290
1743496255.671656,-88,-61,86
1743496255.707656,-4,44,66
1743496255.742656,-46,-33,160
1743496255.778656,49,-15,88
1743496255.813656,-16,0,122
1743496255.848656,27,16,162
1743496255.884656,41,-55,126
1743496255.919656,59,14,86
1743496255.955656,-70,-3,46
1743496255.990656,59,10,34
1743496256.0266562,-24,-21,106
1743496256.061656,23,78,126
1743496256.096656,19,118,136
1743496256.132656,-48,-11,74
1743496256.167656,65,6,110
1743496256.203656,-22,-27,116
1743496256.238656,43,-17,200
1743496256.274656,57,10,96
1743496256.309656,-4,4,226
1743496256.344656,21,-107,-9
1743496256.380656,-40,6,60
1743496256.415656,63,20,222
1743496256.451656,41,-50,190
1743496256.486656,-112,18,226
1743496256.522656,55,31,170
1743496256.557656,31,30,72
1743496256.592656,29,38,258
1743496256.628656,-20,22,208
1743496256.663656,-32,-23,198
1743496256.699656,-42,12,108
1743496256.734656,19,-31,70
1743496256.770656,-78,22,16
1743496256.805656,85,-33,184
1743496256.840656,-54,-21,60
1743496256.876656,99,8,162
1743496256.911656,57,-97,208
1743496256.9476562,97,28,82
1743496256.982656,55,6,94
1743496257.018656,27,-53,108
1743496257.053656,-28,42,126
1743496257.088656,-82,-93,68
1743496257.124656,-50,64,278
1743496257.159656,37,36,116
1743496257.195656,-14,-53,154
1743496257.230656,15,-13,122
1743496257.2666562,-54,-49,120
1743496257.301656,-2,8,156
1743496257.336656,-56,31,54
1743496257.372656,-96,-44,152
1743496257.407656,7,-56,32
1743496257.443656,-22,29,134
1743496257.478656,23,13,32
1743496257.514656,81,-30,168
1743496257.5496562,27,1,176
1743496257.584656,55,35,-13
1743496257.620656,-8,42,148
1743496257.655656,-95,-5,204
1743496257.691656,4,-95,92
1743496257.726656,62,20,12
1743496257.762656,62,-13,132
1743496257.798656,-53,-31,94
1743496257.834656,52,-19,194
1743496257.870656,-85,-21,188
1743496257.905656,-125,14,102
1743496257.940656,-77,-55,76
1743496257.976656,42,-11,62
1743496258.012656,-97,22,24
1743496258.047656,16,64,98
1743496258.083656,0,26,56
1743496258.1186562,-41,44,140
1743496258.153656,-1,-71,82
1743496258.188656,76,120,165
1743496258.224656,-7,-61,215
1743496258.260656,40,48,155
1743496258.295656,36,8,-2
1743496258.331656,-9,-7,139
1743496258.366656,24,34,73
1743496258.4016562,20,0,175
1743496258.436656,6,-21,101
1743496258.472656,-25,-61,187
1743496258.508656,34,-115,37
1743496258.543656,40,-51,111
1743496258.579656,-25,-63,117
1743496258.614656,40,-83,15
1743496258.649656,-97,-31,83
1743496258.684656,-5,-53,119
1743496258.7206562,42,30,163
1743496258.7566562,36,10,129
1743496258.791656,-49,-29,231
1743496258.827656,45,19,227
1743496258.862656,-59,-53,109
1743496258.897656,-12,19,27
1743496258.932656,3,-32,51
1743496258.968656,0,63,129
1743496259.004656,-28,9,151
1743496259.0396562,-47,30,123
1743496259.075656,-23,54,107
1743496259.110656,52,-65,137
1743496259.145656,-5,24,233
1743496259.180656,-53,-27,115
1743496259.216656,-17,84,137
1743496259.252656,0,0,159
1743496259.287656,-47,-21,255
1743496259.323656,12,24,35
1743496259.3586562,33,8,169
1743496259.393656,-56,78,209
1743496259.428656,-22,16,49
1743496259.464656,13,-9,163
1743496259.500656,-82,20,153
1743496259.535656,97,38,143
1743496259.571656,-2,-100,127
1743496259.606656,15,22,163
1743496259.6416562,15,49,137
1743496259.676656,9,-5,49
1743496259.712656,-51,-79,217
1743496259.748656,74,40,111
1743496259.783656,-7,12,87
1743496259.819656,-31,-45,201
1743496259.854656,60,-89,213
1743496259.889656,-47,-1,59
1743496259.9246562,16,78,129
1743496259.9606562,134,42,81
1743496259.996656,-35,-3,-7
1743496260.031656,-29,54,116
1743496260.067656,66,-23,158
1743496260.102656,16,-41,124
1743496260.137656,42,-51,210
1743496260.172656,20,8,240
1743496260.208656,-7,-15,124
1743496260.244656,-1,10,90
1743496260.2796562,-23,6,34
1743496260.315656,16,-11,62
1743496260.350656,-2,-13,16
1743496260.385656,0,-19,120
1743496260.420656,41,34,192
1743496260.456656,-18,-27,146
1743496260.492656,33,-13,114
1743496260.527656,35,12,156
1743496260.563656,31,12,146
1743496260.598656,11,2,166
1743496260.633656,39,-17,-41
1743496260.668656,-52,-53,188
1743496260.704656,-16,26,220
1743496260.740656,-24,-75,112
1743496260.775656,47,-45,232
1743496260.811656,55,-14,60
1743496260.846656,27,-8,46
1743496260.8816562,-52,-38,146
1743496260.916656,-18,-2,94
1743496260.952656,23,-32,104
1743496260.988656,-80,-5,-5
1743496261.023656,15,-12,160
1743496261.059656,38,17,230
1743496261.094656,-47,56,170
1743496261.129656,38,43,-9
1743496261.1646562,-1,-36,192
1743496261.200656,-23,-70,278
1743496261.236656,-13,33,148
1743496261.271656,-79,-68,124
1743496261.307656,-41,7,210
1743496261.342656,-13,-36,155
1743496261.377656,-29,1,153
1743496261.412656,-73,-43,199
1743496261.448656,52,-15,45
1743496261.484656,-76,-35,85
1743496261.519656,-22,-41,259
1743496261.555656,23,-39,141
1743496261.590656,-74,-15,171
1743496261.625656,-14,-28,75
1743496261.660656,0,-60,239
1743496261.703656,5,-48,233
1743496261.740656,-71,47,111
1743496261.775656,61,-34,121
1743496261.811656,-48,29,205
1743496261.846656,31,59,315
1743496261.8816562,-67,-6,173
1743496261.916656,-21,-60,15
1743496261.952656,8,-52,79
1743496261.988656,6,-52,173
1743496262.023656,2,37,31
1743496262.059656,24,10,147
1743496262.094656,56,0,219
1743496262.129656,-4,-4,123
1743496262.1646562,-8,39,137
1743496262.200656,-52,-48,195
1743496262.236656,-88,11,185
1743496262.271656,13,-10,163
1743496262.307656,23,-88,39
1743496262.342656,49,-14,217
1743496262.377656,17,57,113
1743496262.412656,49,-20,195
1743496262.448656,-102,-42,57
1743496262.484656,3,-58,345
1743496262.519656,27,9,57
1743496262.555656,-40,-32,189
1743496262.590656,-118,35,263
1743496262.625656,61,-7,105
1743496262.660656,-6,13,105
1743496262.696656,37,-48,209
1743496262.732656,-2,-24,17
1743496262.767656,-16,71,87
1743496262.803656,-53,7,121
1743496262.838656,-61,53,69
1743496262.873656,-19,-44,285
1743496262.908656,-51,7,117
1743496262.944656,-33,3,131
1743496262.980656,92,-4,25
1743496263.015656,-49,11,197
1743496263.051656,-11,1,17
1743496263.086656,-17,-54,77
1743496263.121656,58,57,117
1743496263.156656,98,60,161
1743496263.192656,74,28,149
1743496263.228656,-13,3,139
1743496263.263656,14,-32,173
1743496263.2996562,-24,72,145
1743496263.334656,-39,-17,191
1743496263.369656,37,2,135
1743496263.4046562,33,94,155
1743496263.440656,23,-18,97
1743496263.476656,32,-20,203
1743496263.511656,22,-12,267
1743496263.547656,18,19,133
1743496263.582656,64,-50,135
1743496263.617656,-7,-8,187
1743496263.652656,85,41,83
1743496263.688656,10,-34,66
1743496263.724656,-15,15,142
1743496263.759656,-13,55,184
1743496263.795656,28,57,128
1743496263.830656,4,33,208
1743496263.865656,-13,-40,158
1743496263.9016562,-9,65,62
1743496263.936656,-93,-6,164
1743496263.972656,-41,-28,102
1743496264.007656,24,-46,148
1743496264.043656,-31,3,252
1743496264.078656,18,55,180
1743496264.113656,4,-12,82
1743496264.149656,52,-6,-85
1743496264.184656,30,-44,166
1743496264.2206562,-53,15,134
1743496264.255656,32,-56,56
1743496264.291656,35,-28,96
1743496264.326656,-17,-42,162
1743496264.361656,8,-40,166
1743496264.397656,1,73,146
1743496264.432656,-10,81,118
1743496264.468656,-96,21,76
1743496264.503656,-40,17,100
1743496264.5396562,0,49,114
1743496264.574656,9,26,150
1743496264.609656,29,34,158
1743496264.645656,27,-41,172
1743496264.680656,-6,-11,118
1743496264.716656,-120,42,92
1743496264.751656,-50,-73,16
1743496264.787656,65,28,162
1743496264.8226562,-2,-17,46
1743496264.857656,11,42,-15
1743496264.893656,-20,-37,280
1743496264.928656,9,-37,182
1743496264.964656,-104,-19,82
1743496264.999656,-48,-11,70
1743496265.035656,-46,-39,168
1743496265.070656,-6,-35,62
1743496265.105656,59,20,154
1743496265.1416562,64,-41,132
1743496265.176656,0,8,114
1743496265.212656,-67,18,212
1743496265.247656,-10,22,198
1743496265.283656,60,-47,112
1743496265.318656,-31,-65,132
1743496265.353656,-73,42,164
1743496265.389656,68,58,56
1743496265.4246562,-7,-1,36
1743496265.4606562,-37,-9,48
1743496265.495656,-95,18,256
1743496265.531656,-15,-19,100
1743496265.566656,70,2,144
1743496265.601656,-7,46,112
1743496265.637656,34,18,132
1743496265.672656,0,48,194
1743496265.708656,48,62,92
1743496265.7436562,-11,68,158
1743496265.7796562,-21,74,88
1743496265.814656,-39,56,50
1743496265.849656,60,22,34
1743496265.885656,-29,34,18
1743496265.920656,-5,-69,138
1743496265.956656,34,32,244
1743496265.991656,-107,-25,86
1743496266.027656,28,-25,94
1743496266.0626562,-41,11,108
1743496266.097656,6,10,40
1743496266.133656,24,-51,70
1743496266.168656,-1,53,210
1743496266.204656,63,22,88
1743496266.239656,-17,12,128
1743496266.275656,38,15,158
1743496266.310656,-98,16,106
1743496266.3456562,-12,56,134
1743496266.3816562,-68,-24,84
1743496266.416656,30,-34,356
1743496266.452656,-38,-13,30
1743496266.487656,51,-7,124
1743496266.523656,31,-15,150
1743496266.558656,0,28,101
1743496266.593656,5,36,187
1743496266.629656,-56,-25,206
1743496266.6646562,3,26,96
1743496266.700656,45,26,228
1743496266.735656,11,-63,90
1743496266.771656,-22,18,80
1743496266.806656,-2,20,17
1743496266.841656,25,-59,195
1743496266.877656,-24,-3,145
1743496266.912656,21,50,135
1743496266.948656,11,-5,63
1743496266.9836562,-2,-17,125
1743496267.019656,3,-13,165
1743496267.054656,71,-41,79
1743496267.089656,-70,32,111
1743496267.125656,33,-44,123
1743496267.160656,13,-105,145
1743496267.196656,-66,-1,87
1743496267.231656,-56,-43,177
1743496267.267656,-22,-53,215
1743496267.303656,36,38,267
1743496267.339656,3,-17,157
1743496267.375656,8,0,95
1743496267.410656,38,10,121
1743496267.445656,-31,-1,121
1743496267.481656,-36,-15,133
1743496267.517656,10,16,115
1743496267.552656,-20,14,125
1743496267.588656,23,74,189
1743496267.623656,-24,30,167
1743496267.658656,45,12,211
1743496267.693656,-62,26,153
1743496267.729656,67,-61,139
1743496267.765656,79,-15,127
1743496267.800656,-28,40,175
1743496267.836656,103,30,123
1743496267.871656,-46,6,115
1743496267.906656,67,-10,197
1743496267.941656,19,-7,195
1743496267.977656,5,-51,191
1743496268.013656,-34,-23,241
1743496268.048656,29,4,175
1743496268.084656,35,2,147
1743496268.119656,-62,46,185
1743496268.1546562,-18,16,177
1743496268.189656,-44,-53,119
1743496268.225656,-72,-37,129
1743496268.261656,-30,-3,92
1743496268.296656,81,-43,35
1743496268.332656,-76,-99,160
1743496268.367656,-2,87,50
1743496268.402656,-20,1,210
1743496268.4376562,-10,61,52
1743496268.473656,43,17,74
1743496268.509656,-28,87,204
1743496268.544656,57,-42,270
1743496268.580656,39,84,32
1743496268.615656,53,-60,142
1743496268.650656,9,37,140
1743496268.685656,-78,63,32
1743496268.721656,47,7,238
1743496268.757656,7,-20,47
1743496268.792656,-6,-30,122
1743496268.828656,-2,23,144
1743496268.863656,49,-14,144
1743496268.898656,13,-4,116
1743496268.933656,1,-44,178
1743496268.969656,25,-42,151
1743496269.005656,-10,1,203
1743496269.040656,-12,-30,151
1743496269.076656,-88,-12,143
1743496269.111656,0,-22,125
1743496269.146656,-18,-64,119
1743496269.181656,27,-12,97
1743496269.217656,69,1,97
1743496269.253656,-61,33,125
1743496269.288656,-23,-58,227
1743496269.324656,-26,-58,101
1743496269.359656,-10,15,127
1743496269.394656,5,-78,163
1743496269.429656,53,51,37
1743496269.465656,-4,-20,119
1743496269.501656,75,-40,69
1743496269.536656,0,-82,259
1743496269.5726562,-20,-40,133
1743496269.607656,-46,-86,213
1743496269.642656,10,1,75
1743496269.677656,-20,-24,119
1743496269.713656,29,25,101
1743496269.749656,59,35,117
1743496269.784656,0,3,61
1743496269.820656,-28,35,11
1743496269.855656,24,-16,119
1743496269.890656,-17,99,39
1743496269.925656,-9,61,47
1743496269.961656,60,-28,41
1743496269.997656,-29,91,225
1743496270.032656,10,-12,175
1743496270.068656,-7,-24,95
1743496270.103656,95,9,43
1743496270.138656,49,13,191
1743496270.173656,-17,15,225
1743496270.209656,-7,95,-10
1743496270.245656,7,19,31
1743496270.280656,11,-8,97
1743496270.316656,-17,33,67
1743496270.351656,60,-50,113
1743496270.386656,-59,-22,217
1743496270.421656,-45,19,207
1743496270.457656,-33,0,105
1743496270.4936562,33,11,103
1743496270.528656,-54,-8,55
1743496270.564656,-41,-8,97
1743496270.599656,-9,19,75
1743496270.634656,-45,-34,67
1743496270.669656,58,67,155
1743496270.705656,-137,23,-14
1743496270.741656,-119,-6,137
1743496270.7766562,102,-45,143
1743496270.8126562,16,-5,79
1743496270.847656,-27,1,257
1743496270.882656,-29,-30,161
1743496270.917656,50,35,103
1743496270.953656,18,-12,93
1743496270.989656,84,4,119
1743496271.024656,84,16,253
1743496271.060656,52,-69,211
1743496271.0956562,26,2,67
1743496271.130656,56,6,225
1743496271.165656,68,6,253
1743496271.201656,20,-65,81
1743496271.237656,10,58,119
1743496271.272656,-43,-53,83
1743496271.308656,12,-47,181
1743496271.343656,4,-59,81
1743496271.378656,-5,-11,191
1743496271.413656,0,-39,205
1743496271.449656,-48,36,203
1743496271.485656,-69,-47,33
1743496271.520656,-10,34,194
1743496271.556656,-55,16,165
1743496271.591656,-6,-33,62
1743496271.626656,32,40,172
1743496271.661656,-7,-33,128
1743496271.704656,-17,92,149
1743496271.741656,16,-37,93
1743496271.7766562,92,-81,188
1743496271.8126562,-29,80,50
1743496271.847656,49,40,196
1743496271.882656,89,6,47
1743496271.917656,-6,16,21
1743496271.953656,63,12,129
1743496271.989656,-20,-19,150
1743496272.024656,-110,-93,82
1743496272.060656,-64,-1,148
1743496272.0956562,93,16,180
1743496272.130656,0,-25,98
1743496272.165656,-20,22,214
1743496272.201656,29,-31,134
1743496272.237656,93,32,150
1743496272.272656,-66,-81,210
1743496272.308656,-56,-3,148
1743496272.343656,-18,-62,-53
1743496272.378656,-24,31,62
1743496272.413656,56,-99,180
1743496272.449656,-20,-46,138
1743496272.485656,-36,-26,136
1743496272.520656,-14,-31,52
1743496272.556656,-30,-59,146
1743496272.591656,-46,-11,174
1743496272.626656,-92,28,158
1743496272.661656,-72,-6,228
1743496272.6976562,15,-2,60
1743496272.7336562,-28,-10,188
1743496272.768656,-3,60,170
1743496272.804656,-47,6,58
1743496272.839656,-45,52,54
1743496272.874656,-17,-43,134
1743496272.909656,12,-45,268
1743496272.945656,4,-25,258
1743496272.981656,-19,-41,228
1743496273.0166562,42,-3,188
1743496273.052656,52,2,120
1743496273.087656,42,-37,142
1743496273.122656,-27,24,82
1743496273.157656,-28,-7,-45
1743496273.193656,-28,-49,126
1743496273.229656,10,24,170
1743496273.264656,5,26,240
1743496273.300656,-59,-23,176
1743496273.3356562,12,-47,102
1743496273.370656,-9,-17,28
1743496273.406656,-69,4,98
1743496273.441656,-33,54,168
1743496273.477656,-1,-19,212
1743496273.512656,0,70,112
1743496273.548656,-17,-13,102
1743496273.583656,52,8,206
1743496273.6186562,24,46,106
1743496273.6546562,22,16,112
1743496273.689656,48,-3,188
1743496273.725656,-7,-9,144
1743496273.760656,-84,-35,50
1743496273.796656,18,-17,66
1743496273.831656,-63,18,106
1743496273.866656,-9,44,283
1743496273.902656,22,-11,145
1743496273.9376562,14,32,51
1743496273.973656,24,-13,104
1743496274.008656,-7,-49,161
1743496274.044656,-17,-87,101
1743496274.079656,2,-23,113
1743496274.114656,8,50,169
1743496274.150656,-25,98,31
1743496274.185656,62,36,131
1743496274.221656,8,2,263
1743496274.2566562,58,10,165
1743496274.292656,9,64,183
1743496274.327656,-2,58,159
1743496274.362656,-64,48,33
1743496274.398656,83,30,123
1743496274.433656,-9,56,83
1743496274.469656,44,12,165
1743496274.504656,66,60,189
1743496274.540656,-71,28,165
1743496274.575656,-61,-27,39
1743496274.610656,25,-11,-16
1743496274.646656,35,-54,115
1743496274.681656,-14,71,-18
1743496274.717656,7,-28,185
1743496274.752656,35,39,7
1743496274.788656,-120,-7,151
1743496274.823656,131,-5,207
1743496274.8586562,35,9,83
1743496274.894656,6,76,193
1743496274.929656,2,33,67
1743496274.965656,-62,-6,175
1743496275.000656,50,31,197
1743496275.036656,53,-6,105
1743496275.071656,-125,13,307
1743496275.106656,94,-14,139
1743496275.142656,28,41,203
1743496275.177656,7,-56,103
1743496275.213656,69,23,113
1743496275.248656,53,56,37
1743496275.284656,21,42,215
1743496275.319656,9,32,171
1743496275.354656,41,39,165
1743496275.390656,13,66,205
1743496275.425656,-16,-25,111
1743496275.461656,53,-19,101
1743496275.496656,-74,62,173
1743496275.532656,-58,22,145
1743496275.567656,-28,51,77
1743496275.602656,-57,-18,193
1743496275.638656,16,-54,187
1743496275.673656,-45,27,89
1743496275.709656,-69,-50,131
1743496275.744656,-9,-48,-26
1743496275.780656,30,15,205
1743496275.815656,56,53,103
1743496275.850656,18,-18,187
1743496275.886656,-55,-10,141
1743496275.921656,8,17,31
1743496275.957656,36,33,133
1743496275.992656,58,-8,135
1743496276.028656,-21,-3,55
1743496276.063656,8,-31,225
1743496276.098656,16,-23,167
1743496276.134656,0,72,219
1743496276.169656,-37,38,217
1743496276.205656,-9,-1,93
1743496276.240656,-9,26,136
1743496276.2766562,-75,0,164
1743496276.311656,24,20,92
1743496276.346656,-43,-21,170
1743496276.382656,-29,-13,136
1743496276.417656,-20,46,98
1743496276.453656,29,-17,194
1743496276.488656,-22,12,156
1743496276.524656,-14,38,132
1743496276.559656,-20,-41,142
1743496276.594656,-17,10,282
1743496276.630656,-33,-49,20
1743496276.665656,-15,22,16
1743496276.701656,26,30,196
1743496276.736656,24,-53,196
1743496276.772656,-75,-1,184
1743496276.808656,-19,70,192
1743496276.843656,60,8,156
1743496276.878656,14,-23,110
1743496276.9146562,28,-3,12
1743496276.950656,8,0,106
1743496276.985656,10,76,218
1743496277.021656,12,-15,130
1743496277.056656,-47,-9,44
1743496277.091656,28,16,76
1743496277.126656,-45,-26,36
1743496277.162656,-57,9,98
1743496277.198656,-31,13,46
1743496277.2336562,-7,-16,114
1743496277.269656,-77,40,8
1743496277.304656,-101,-37,58
1743496277.339656,18,20,158
1743496277.374656,16,-7,124
1743496277.410656,4,-41,144
1743496277.446656,36,-71,72
1743496277.481656,-60,-2,166
1743496277.517656,-28,43,152
1743496277.552656,67,-10,74
1743496277.587656,57,-26,78
1743496277.622656,-4,-6,92
1743496277.658656,35,47,88
1743496277.694656,-38,31,78
1743496277.729656,-24,-22,100
1743496277.765656,3,-17,70
1743496277.800656,19,-54,116
1743496277.8356562,15,11,190
1743496277.870656,53,-30,238
1743496277.906656,-38,33,124
1743496277.942656,87,-15,166
1743496277.977656,-66,-27,142
1743496278.013656,34,-3,214
1743496278.048656,8,36,18
1743496278.083656,-69,45,-5
1743496278.1186562,-15,9,68
1743496278.1546562,-31,-22,154
1743496278.190656,54,23,152
1743496278.225656,20,27,160
1743496278.261656,4,51,172
1743496278.296656,26,-2,127
1743496278.331656,72,35,243
1743496278.366656,-11,-20,69
1743496278.402656,16,-36,43
1743496278.438656,-5,-38,119
1743496278.473656,-31,-2,77
1743496278.509656,20,-48,157
1743496278.544656,60,37,155
1743496278.579656,-13,-14,97
1743496278.614656,60,-48,33
1743496278.650656,42,-20,107
1743496278.686656,18,9,67
1743496278.721656,72,7,103
1743496278.757656,40,-120,91
1743496278.792656,-9,-52,75
1743496278.827656,-34,23,163
1743496278.862656,17,-38,121
1743496278.898656,79,-40,127
1743496278.934656,-74,-28,45
1743496278.969656,55,-40,137
1743496279.005656,1,-70,111
1743496279.040656,25,-30,217
1743496279.075656,-18,17,201
1743496279.110656,31,-44,307
1743496279.146656,41,5,155
1743496279.182656,-32,-50,91
1743496279.217656,5,71,57
1743496279.253656,-24,1,181
1743496279.288656,-8,-12,159
1743496279.323656,11,-30,95
1743496279.3586562,5,-16,165
1743496279.394656,-33,28,235
1743496279.430656,-21,-3,79
1743496279.465656,36,-9,77
1743496279.501656,-71,-7,-24
1743496279.536656,-27,-1,73
1743496279.571656,76,8,199
1743496279.606656,-139,41,97
1743496279.642656,-9,-22,123
1743496279.678656,20,-28,237
1743496279.713656,-86,44,233
1743496279.749656,-69,25,107
1743496279.784656,-9,37,161
1743496279.819656,10,-29,115
1743496279.854656,36,-22,101
1743496279.890656,46,-57,153
1743496279.926656,-25,-7,95
1743496279.961656,-63,26,127
1743496279.997656,54,-63,93
1743496280.032656,44,2,117
1743496280.067656,-57,-7,193
1743496280.102656,27,-67,51
1743496280.138656,79,98,147
1743496280.1746562,5,-45,129
1743496280.209656,-51,28,145
1743496280.245656,-34,76,171
1743496280.280656,45,75,209
1743496280.315656,13,0,85
1743496280.350656,-10,52,103
1743496280.386656,11,0,241
1743496280.422656,-46,-25,121
1743496280.457656,-124,-5,129
1743496280.4936562,-46,-3,133
1743496280.528656,-8,-9,33
1743496280.563656,47,-79,217
1743496280.598656,27,22,41
1743496280.634656,21,-23,79
1743496280.670656,45,32,161
1743496280.705656,59,54,107
1743496280.741656,45,16,77
1743496280.7766562,-28,84,113
1743496280.811656,9,-87,223
1743496280.846656,27,52,81
1743496280.882656,31,90,158
1743496280.918656,-126,60,104
1743496280.953656,17,0,110
1743496280.989656,11,-11,194
1743496281.024656,-42,-9,118
1743496281.059656,27,-37,120
1743496281.094656,-36,38,114
1743496281.130656,-6,17,186
1743496281.166656,-46,28,150
1743496281.201656,-80,-25,210
1743496281.237656,29,24,184
1743496281.272656,-36,50,162
1743496281.307656,43,-53,200
1743496281.342656,65,46,98
1743496281.378656,51,86,200
1743496281.4146562,50,-71,120
1743496281.449656,52,18,44
1743496281.485656,68,-45,72
1743496281.520656,-25,-31,34
1743496281.555656,30,26,80
1743496281.590656,-49,-21,194
1743496281.626656,-23,26,132
1743496281.662656,24,50,160
1743496281.704656,-7,46,66
1743496281.741656,58,-61,18
1743496281.7766562,18,-1,-11
1743496281.811656,-1,74,54
1743496281.846656,50,124,124
1743496281.882656,32,-45,28
1743496281.918656,0,-19,38
1743496281.953656,54,-83,142
1743496281.989656,-15,-47,272
1743496282.024656,-61,-71,106
1743496282.059656,18,-65,144
1743496282.094656,54,80,164
1743496282.130656,-43,4,90
1743496282.166656,24,56,128
1743496282.201656,2,28,150
1743496282.237656,-49,32,182
1743496282.272656,40,-51,158
1743496282.307656,62,-61,222
1743496282.342656,40,-69,138
1743496282.378656,-7,52,120
1743496282.4146562,22,-11,242
1743496282.449656,-33,6,98
1743496282.485656,16,0,100
1743496282.520656,4,32,248
1743496282.555656,-13,18,76
1743496282.590656,-21,-41,160
1743496282.626656,-31,-36,108
1743496282.662656,0,13,184
1743496282.6976562,8,-82,214
1743496282.7336562,-41,41,118
1743496282.768656,26,5,44
1743496282.803656,-57,23,92
1743496282.839656,16,29,64
1743496282.874656,30,-12,154
1743496282.910656,0,-6,164
1743496282.945656,-85,-42,38
1743496282.981656,8,33,136
1743496283.0166562,24,-62,124
1743496283.051656,34,-101,38
1743496283.087656,60,38,150
1743496283.122656,-11,-79,118
1743496283.158656,0,14,154
1743496283.193656,-71,46,78
1743496283.229656,30,10,104
1743496283.264656,-105,-27,146
1743496283.2996562,-27,-29,58
1743496283.3356562,78,-33,198
1743496283.370656,34,-37,32
1743496283.406656,-113,3,128
1743496283.441656,-48,8,148
1743496283.477656,-42,-37,85
1743496283.512656,24,16,107
1743496283.547656,50,28,136
1743496283.583656,4,62,90
1743496283.6186562,52,-85,189
1743496283.6546562,21,-23,73
1743496283.689656,-62,-45,91
1743496283.725656,-19,16,170
1743496283.760656,-1,26,143
1743496283.795656,62,0,152
1743496283.831656,-51,-39,182
1743496283.866656,-1,66,102
1743496283.902656,58,6,77
1743496283.9376562,-41,-31,128
1743496283.973656,40,54,141
1743496284.008656,112,52,288
1743496284.043656,32,-25,87
1743496284.079656,-77,-1,153
1743496284.114656,12,6,104
1743496284.150656,0,-57,95
1743496284.185656,63,58,225
1743496284.221656,49,10,85
1743496284.2566562,27,6,108
1743496284.291656,-32,-13,50
1743496284.327656,-58,12,119
1743496284.362656,35,108,120
1743496284.398656,45,-15,78
1743496284.433656,65,10,164
1743496284.469656,-24,-31,134
1743496284.504656,-36,-37,202
1743496284.5396562,-28,52,254
1743496284.575656,36,0,182
1743496284.610656,69,-67,134
1743496284.646656,51,-1,58
1743496284.681656,-63,-93,0
1743496284.717656,2,-9,69
1743496284.752656,-43,-43,183
1743496284.787656,2,10,45
1743496284.823656,-19,0,133
1743496284.8586562,6,-17,182
1743496284.894656,34,-51,150
1743496284.929656,12,-45,206
1743496284.965656,44,14,140
1743496285.000656,-25,28,222
1743496285.035656,-31,46,22
1743496285.071656,114,34,76
1743496285.106656,-25,-7,114
1743496285.142656,-5,-59,282
1743496285.177656,60,44,124
1743496285.213656,24,-13,160
1743496285.248656,6,18,166
1743496285.283656,-87,-9,356
1743496285.319656,22,28,92
1743496285.354656,-19,-5,116
1743496285.390656,-59,-49,100
1743496285.425656,40,-33,102
1743496285.461656,-5,81,66
1743496285.496656,30,56,196
1743496285.531656,-69,-39,206
1743496285.567656,26,-33,212
1743496285.602656,52,20,140
1743496285.638656,-89,12,132
1743496285.673656,-21,34,46
1743496285.709656,-56,10,106
1743496285.744656,-68,6,198
1743496285.7796562,-4,-19,60
1743496285.815656,75,58,106
1743496285.850656,-76,0,32
1743496285.886656,11,4,96
1743496285.921656,19,2,98
1743496285.957656,0,-31,71
1743496285.992656,45,-47,127
1743496286.027656,-18,-49,163
1743496286.063656,61,36,55
1743496286.098656,47,64,85
1743496286.134656,-60,-17,197
1743496286.169656,-30,-57,255
1743496286.205656,-34,94,161
1743496286.241656,7,14,167
1743496286.277656,-30,-31,205
1743496286.313656,-78,26,115
1743496286.348656,27,18,227
1743496286.383656,-28,36,205
1743496286.419656,-62,-41,117
1743496286.455656,17,24,69
1743496286.490656,71,-9,189
1743496286.5266562,-28,-17,41
1743496286.561656,-40,10,11
1743496286.596656,72,18,47
1743496286.6316562,-50,26,227
1743496286.667656,-61,10,121
1743496286.703656,-17,62,109
1743496286.738656,14,-1,39
1743496286.774656,-27,4,95
1743496286.809656,-29,10,83
1743496286.844656,-27,50,27
1743496286.879656,90,-3,29
1743496286.915656,4,6,139
1743496286.951656,-13,-13,99
1743496286.986656,50,-115,197
1743496287.022656,10,-35,114
1743496287.057656,6,26,126
1743496287.092656,-33,-45,26
1743496287.127656,30,22,130
1743496287.163656,-69,-27,28
1743496287.199656,-57,54,140
1743496287.234656,15,-1,100
1743496287.270656,-26,-21,276
1743496287.305656,5,-65,218
1743496287.340656,70,62,110
1743496287.375656,-13,-73,86
1743496287.411656,3,8,226
1743496287.4476562,-8,18,52
1743496287.482656,-20,10,96
1743496287.518656,5,-11,64
1743496287.553656,-13,10,204
1743496287.588656,-15,-23,110
1743496287.623656,10,-67,86
1743496287.659656,-7,-65,158
1743496287.695656,-23,-15,184
1743496287.730656,62,12,130
1743496287.7666562,-39,-102,222
1743496287.801656,-91,-44,70
1743496287.836656,-15,-13,190
1743496287.871656,44,-17,-9
1743496287.907656,22,36,54
1743496287.943656,40,28,150
1743496287.978656,-7,42,66
1743496288.014656,-3,20,22
1743496288.0496562,-115,2,136
1743496288.084656,-13,66,256
1743496288.119656,-9,26,56
1743496288.155656,-45,76,170
1743496288.191656,-63,-49,212
1743496288.226656,52,28,258
1743496288.262656,34,-25,190
1743496288.297656,-27,-63,120
1743496288.332656,60,8,284
1743496288.367656,30,69,154
1743496288.403656,24,-40,214
1743496288.439656,-47,-95,106
1743496288.474656,-53,20,152
1743496288.510656,-41,-31,74
1743496288.545656,56,-41,192
1743496288.580656,-7,6,266
1743496288.615656,-11,-89,158
1743496288.6516562,-39,18,-23
1743496288.6876562,-2,74,238
1743496288.722656,48,-7,18
1743496288.758656,46,30,150
1743496288.793656,22,-51,142
1743496288.828656,4,-7,152
1743496288.863656,-59,86,144
1743496288.899656,6,30,58
1743496288.935656,38,10,122
1743496288.9706562,70,-41,224
1743496289.0066562,92,-75,254
1743496289.041656,-17,-37,202
1743496289.076656,-5,60,142
1743496289.111656,121,42,102
1743496289.147656,-50,14,134
1743496289.183656,-34,38,132
1743496289.218656,52,-15,204
1743496289.254656,-21,-45,16
1743496289.2896562,31,-51,70
1743496289.324656,-30,30,164
1743496289.359656,61,12,124
1743496289.395656,-24,42,174
1743496289.431656,39,62,267
1743496289.466656,12,32,77
1743496289.502656,-49,26,225
1743496289.537656,-25,-47,185
1743496289.5726562,-9,10,127
1743496289.607656,38,26,151
1743496289.643656,-102,-55,165
1743496289.679656,57,-51,95
1743496289.714656,-18,-37,61
1743496289.750656,67,-1,167
1743496289.785656,-36,-65,-34
1743496289.820656,-38,-75,207
1743496289.855656,-14,22,37
1743496289.8916562,-7,34,201
1743496289.927656,2,-33,143
1743496289.962656,90,-33,115
1743496289.998656,2,26,73
1743496290.033656,-18,-24,105
1743496290.068656,-10,-15,137
1743496290.103656,-80,-79,59
1743496290.139656,-26,-7,197
1743496290.175656,11,20,71
1743496290.2106562,69,-37,115
1743496290.246656,-2,5,81
1743496290.281656,-40,-34,123
1743496290.316656,-8,-4,37
1743496290.351656,59,-18,171
1743496290.387656,45,55,147
1743496290.423656,11,-44,45
1743496290.458656,-22,-2,133
1743496290.494656,-12,13,193
1743496290.5296562,-2,70,109
1743496290.564656,53,-95,135
1743496290.599656,3,-30,191
1743496290.635656,27,7,149
1743496290.671656,7,3,145
1743496290.706656,-178,1,135
1743496290.742656,-10,0,165
1743496290.777656,-78,15,131
1743496290.8126562,-38,35,111
1743496290.848656,15,56,209
1743496290.883656,29,18,153
1743496290.919656,-26,-9,103
1743496290.954656,-42,-85,241
1743496290.990656,17,-20,113
1743496291.025656,29,-38,217
1743496291.060656,-56,-6,227
1743496291.0956562,-42,-24,147
1743496291.1316562,73,-38,85
1743496291.167656,7,41,145
1743496291.202656,23,31,245
1743496291.238656,3,-14,101
1743496291.273656,-18,-42,207
1743496291.308656,93,-44,127
1743496291.343656,-40,7,141
1743496291.379656,61,19,144
1743496291.415656,13,67,115
1743496291.450656,-26,11,134
1743496291.486656,53,-4,188
1743496291.521656,-82,21,98
1743496291.556656,-40,18,28
1743496291.591656,-40,-56,56
1743496291.627656,-24,5,168
1743496291.663656,-60,54,238
1743496291.705656,35,32,168
1743496291.742656,3,19,66
1743496291.777656,-90,18,52
1743496291.8126562,135,-43,94
1743496291.847656,-18,4,148
1743496291.883656,47,74,240
1743496291.919656,22,-1,44
1743496291.954656,-20,-54,58
1743496291.990656,33,-27,132
1743496292.025656,14,78,188
1743496292.060656,-90,-48,112
1743496292.0956562,-54,-62,28
1743496292.1316562,35,-47,86
1743496292.167656,43,-29,222
1743496292.202656,75,-49,70
1743496292.238656,17,-25,206
1743496292.273656,23,8,52
1743496292.308656,-66,34,76
1743496292.344656,-18,48,80
1743496292.379656,-132,-21,121
1743496292.415656,-36,-16,153
1743496292.450656,-8,-1,173
1743496292.486656,9,37,155
1743496292.521656,-32,35,120
1743496292.556656,53,15,138
1743496292.592656,3,61,143
1743496292.627656,43,-92,192
1743496292.663656,39,39,47
1743496292.698656,11,39,125
1743496292.734656,0,25,145
1743496292.769656,43,-41,207
1743496292.804656,23,-8,57
1743496292.840656,-56,2,191
1743496292.875656,25,26,269
1743496292.911656,5,62,209
1743496292.946656,-10,38,135
1743496292.982656,-12,-47,153
1743496293.017656,-4,-65,177
1743496293.052656,-44,-3,121
1743496293.088656,63,2,189
1743496293.123656,23,28,87
1743496293.159656,57,10,119
1743496293.194656,55,46,97
1743496293.230656,-20,40,197
1743496293.265656,55,24,73
1743496293.300656,-30,-7,37
1743496293.336656,9,42,117
1743496293.371656,15,-51,203
1743496293.407656,-44,10,133
1743496293.442656,-28,-35,195
1743496293.478656,11,64,155
1743496293.513656,145,-9,89
1743496293.548656,18,-27,221
1743496293.584656,-12,44,119
1743496293.619656,37,6,143
1743496293.655656,-6,43,113
1743496293.690656,77,49,173
1743496293.726656,-18,-37,157
1743496293.761656,77,31,177
1743496293.796656,-6,2,121
1743496293.832656,62,14,161
1743496293.867656,27,-7,75
1743496293.903656,-22,28,39
1743496293.938656,19,10,117
1743496293.974656,-30,-27,179
1743496294.009656,53,-16,169
1743496294.044656,117,-13,169
1743496294.080656,-34,-37,22
1743496294.115656,35,-51,216
1743496294.1516562,-88,5,144
1743496294.186656,-6,12,82
1743496294.222656,-41,6,62
1743496294.257656,91,-39,158
1743496294.292656,-28,41,168
1743496294.328656,-104,61,174
1743496294.363656,29,22,196
1743496294.399656,-46,-3,150
1743496294.434656,-36,2,106
1743496294.4706562,-22,-11,158
1743496294.505656,41,-19,138
1743496294.540656,5,-43,50
1743496294.576656,-84,-50,-44
1743496294.611656,35,39,86
1743496294.647656,-34,14,179
1743496294.682656,67,26,109
1743496294.718656,-84,32,28
1743496294.753656,55,32,114
1743496294.788656,3,-91,148
1743496294.824656,29,6,94
1743496294.859656,-6,16,236
1743496294.895656,71,40,178
1743496294.930656,9,53,140
1743496294.966656,61,61,82
1743496295.001656,-30,32,94
1743496295.036656,53,-25,58
1743496295.0726562,-54,47,246
1743496295.107656,23,-8,72
1743496295.143656,-22,-104,78
1743496295.178656,21,-22,144
1743496295.214656,13,-118,74
1743496295.249656,33,59,58
1743496295.284656,-3,3,226
1743496295.320656,75,44,186
1743496295.355656,16,-75,226
1743496295.3916562,-36,10,286
1743496295.426656,-4,-21,170
1743496295.462656,-36,38,46
1743496295.497656,65,-3,74
1743496295.532656,31,-35,118
1743496295.568656,-16,68,156
1743496295.603656,-82,-23,120
1743496295.639656,27,16,90
1743496295.6746562,11,74,212
1743496295.7106562,17,-5,92
1743496295.746656,69,-53,112
1743496295.782656,-18,2,138
1743496295.818656,-30,32,122
1743496295.854656,-34,-47,176
1743496295.890656,-12,78,110
1743496295.925656,-80,38,172
1743496295.9606562,15,42,172
1743496295.996656,47,-1,126
1743496296.032656,-30,19,208
1743496296.067656,89,-26,208
1743496296.103656,31,-18,60
1743496296.138656,37,-6,138
1743496296.173656,9,17,50
1743496296.208656,81,21,230
1743496296.244656,-23,11,58
1743496296.280656,47,0,44
1743496296.315656,-28,33,250
1743496296.351656,-24,-12,184
1743496296.386656,53,-36,96
1743496296.421656,57,15,148
1743496296.456656,-1,-12,128
1743496296.492656,-89,-86,206
1743496296.528656,-57,-2,136
1743496296.564656,56,39,238
1743496296.600656,-25,-58,35
1743496296.635656,35,17,218
1743496296.671656,1,-46,169
1743496296.706656,7,11,148
1743496296.741656,-12,-8,82
1743496296.7766562,83,31,195
1743496296.8126562,19,-38,65
1743496296.848656,-2,-74,43
1743496296.883656,85,25,123
1743496296.919656,13,-10,133
1743496296.954656,41,39,83
1743496296.989656,89,15,25
1743496297.024656,23,-36,209
1743496297.060656,19,-2,149
1743496297.096656,83,51,237
1743496297.1316562,-37,95,221
1743496297.167656,-40,3,51
1743496297.202656,-120,-20,99
1743496297.237656,-2,29,161
1743496297.272656,-1,5,5
1743496297.308656,-13,57,181
1743496297.344656,-42,67,113
1743496297.379656,-2,-49,19
1743496297.415656,-124,-44,31
1743496297.450656,5,-11,95
1743496297.485656,-20,-23,109
1743496297.520656,0,40,9
1743496297.556656,24,46,85
1743496297.592656,21,-21,143
1743496297.627656,9,-19,131
1743496297.663656,39,-27,289
1743496297.698656,13,-107,131
1743496297.7336562,-30,10,59
1743496297.768656,29,14,35
1743496297.804656,-42,72,197
1743496297.840656,65,-57,93
1743496297.875656,5,0,187
1743496297.911656,-6,-7,171
1743496297.946656,5,-39,131
1743496297.981656,-38,-9,177
1743496298.0166562,-26,-11,123
1743496298.052656,61,-5,73
1743496298.088656,-28,34,187
1743496298.123656,-42,-7,110
1743496298.159656,87,17,124
1743496298.194656,91,-2,156
1743496298.229656,41,35,94
1743496298.264656,-42,7,132
1743496298.300656,-46,3,104
1743496298.336656,54,45,89
1743496298.371656,7,-8,38
1743496298.407656,-46,19,18
1743496298.442656,49,23,104
1743496298.477656,-36,23,62
1743496298.512656,-72,3,208
1743496298.548656,0,-44,136
1743496298.584656,-32,13,106
1743496298.619656,19,3,92
1743496298.655656,-16,38,44
1743496298.690656,-46,-24,112
1743496298.725656,-28,3,190
1743496298.760656,19,5,124
1743496298.796656,39,11,108
1743496298.832656,-6,51,164
1743496298.867656,-24,45,236
1743496298.903656,57,-18,42
1743496298.938656,-16,13,106
1743496298.973656,-28,11,212
1743496299.008656,-92,9,152
1743496299.044656,-18,43,104
1743496299.080656,-55,15,104
1743496299.115656,-57,-14,224
1743496299.1516562,64,45,102
1743496299.186656,-17,-32,240
1743496299.221656,24,-74,234
1743496299.2566562,-39,89,92
1743496299.292656,64,-28,172
1743496299.328656,80,41,30
1743496299.363656,38,57,180
1743496299.399656,4,-24,66
1743496299.434656,14,4,116
1743496299.469656,-33,8,182
1743496299.504656,-51,-15,134
1743496299.540656,48,-11,150
1743496299.576656,22,62,242
1743496299.611656,41,42,134
1743496299.647656,35,-1,118
1743496299.682656,-70,-25,192
1743496299.717656,57,18,124
1743496299.752656,-24,6,122
1743496299.788656,-10,-31,148
1743496299.824656,59,40,80
1743496299.859656,75,44,124
1743496299.895656,-10,26,174
1743496299.930656,3,-15,196
1743496299.965656,71,-49,22
1743496300.000656,61,2,120
1743496300.036656,-44,-47,70
1743496300.0726562,19,-21,144
1743496300.107656,-42,-39,88
1743496300.143656,-106,-17,142
1743496300.178656,29,-7,162
1743496300.213656,-70,-33,88
1743496300.248656,75,4,64
1743496300.284656,37,-11,118
1743496300.320656,-28,2,166
1743496300.355656,-8,-89,102
1743496300.3916562,-16,-33,256
1743496300.426656,-116,-47,236
1743496300.461656,25,-7,48
1743496300.496656,11,-45,84
1743496300.532656,-4,34,176
1743496300.568656,23,12,128
1743496300.603656,-10,84,56
1743496300.639656,-44,4,180
1743496300.6746562,8,14,54
1743496300.709656,43,-21,116
1743496300.744656,40,-29,202
1743496300.780656,-2,-29,104
1743496300.816656,77,74,36
1743496300.851656,-20,-37,248
1743496300.887656,51,10,138
1743496300.922656,37,36,216
1743496300.957656,-36,-9,162
1743496300.992656,-4,14,204
1743496301.028656,-96,10,50
1743496301.064656,39,-7,198
1743496301.099656,43,46,110
1743496301.135656,30,8,124
1743496301.170656,36,6,252
1743496301.205656,-11,64,126
1743496301.240656,59,-60,114
1743496301.2766562,-6,-68,190
1743496301.3126562,58,-11,242
1743496301.347656,-43,-17,0
1743496301.383656,70,-13,152
1743496301.418656,-17,31,198
1743496301.453656,32,27,56
1743496301.488656,-7,-2,20
1743496301.524656,-63,89,84
1743496301.560656,40,40,164
1743496301.5956562,-13,-47,142
1743496301.6316562,96,54,62
1743496301.666656,45,6,58
1743496301.708656,-66,7,22
1743496301.745656,11,-21,236
1743496301.780656,13,68,134
1743496301.816656,41,13,110
1743496301.851656,-64,0,52
1743496301.887656,25,-42,172
1743496301.922656,29,35,154
1743496301.957656,7,25,34
1743496301.9936562,-75,-55,232
1743496302.028656,10,-121,58
1743496302.064656,40,46,78
1743496302.099656,34,-51,172
1743496302.135656,-32,0,130
1743496302.170656,27,-15,104
1743496302.205656,-31,14,136
1743496302.241656,59,58,88
1743496302.2766562,-30,-37,52
1743496302.3126562,-46,16,44
1743496302.347656,-2,102,128
1743496302.383656,61,2,92
1743496302.418656,-56,50,78
1743496302.453656,-46,-53,142
1743496302.489656,-24,46,96
1743496302.524656,3,-31,118
1743496302.560656,-60,8,80
1743496302.5956562,-68,-11,82
1743496302.6316562,15,14,106
1743496302.666656,-20,-69,102
1743496302.701656,-2,-3,146
1743496302.737656,-110,-47,226
1743496302.772656,-44,20,-53
1743496302.808656,1,68,112
1743496302.843656,5,-17,6
1743496302.879656,-10,-2,-21
1743496302.9146562,25,-7,176
1743496302.949656,11,-35,174
1743496302.985656,-5,-25,159
1743496303.020656,24,22,203
1743496303.056656,-59,50,39
1743496303.091656,44,44,159
1743496303.127656,20,-57,125
1743496303.162656,-45,-19,87
1743496303.1976562,-21,62,101
1743496303.2336562,-81,16,231
1743496303.268656,12,-7,201
1743496303.304656,-33,28,71
1743496303.339656,52,-3,87
1743496303.375656,-23,8,47
1743496303.410656,-11,14,67
1743496303.445656,-51,8,213
1743496303.481656,8,-115,113
1743496303.5166562,22,-11,157
1743496303.552656,76,134,79
1743496303.587656,-57,14,85
1743496303.623656,28,-21,111
1743496303.658656,6,-74,125
1743496303.693656,58,-58,117
1743496303.729656,44,73,181
1743496303.764656,-53,-90,180
1743496303.800656,-14,-2,118
1743496303.8356562,58,71,56
1743496303.871656,0,59,192
1743496303.906656,-89,-28,110
1743496303.941656,14,-2,168
1743496303.977656,-21,-16,104
1743496304.012656,-110,-32,94
1743496304.048656,3,36,152
1743496304.083656,90,56,-121
1743496304.119656,-7,10,-13
1743496304.1546562,14,16,32
1743496304.189656,-33,68,188
1743496304.225656,-49,-7,122
1743496304.260656,-9,-79,2
1743496304.296656,39,-73,58
1743496304.331656,3,24,82
1743496304.367656,57,26,106
1743496304.402656,49,60,102
1743496304.4376562,-18,50,160
1743496304.473656,27,6,120
1743496304.508656,71,42,68
1743496304.544656,-14,8,10
1743496304.579656,6,-87,164
1743496304.615656,-37,-93,29
1743496304.650656,42,21,39
1743496304.685656,22,5,151
1743496304.721656,18,-5,157
1743496304.7566562,-126,-10,183
1743496304.792656,61,-26,169
1743496304.827656,71,17,265
1743496304.863656,23,-56,201
1743496304.899656,51,35,33
1743496304.935656,-56,-16,77
1743496304.9706562,-2,-16,149
1743496305.005656,-86,1,135
1743496305.041656,-46,25,171
1743496305.076656,-46,7,13
1743496305.112656,-30,-31,121
1743496305.147656,-35,-7,63
1743496305.183656,-59,94,277
1743496305.219656,-7,36,131
1743496305.255656,1,-49,103
1743496305.291656,-26,-27,169
1743496305.327656,-6,-33,18
1743496305.363656,32,70,154
1743496305.398656,14,-9,56
1743496305.433656,-53,-13,146
1743496305.469656,12,-5,160
1743496305.505656,30,-5,202
1743496305.540656,-21,-1,102
1743496305.576656,-8,20,90
1743496305.611656,-38,20,92
1743496305.646656,29,30,164
1743496305.681656,133,4,114
1743496305.717656,-23,50,170
1743496305.753656,-27,-17,28
1743496305.788656,-9,20,200
1743496305.824656,74,22,64
1743496305.859656,-33,3,118
1743496305.894656,-37,-50,42
1743496305.929656,-65,37,82
1743496305.965656,66,37,78
1743496306.001656,-3,-32,66
1743496306.036656,42,-58,42
1743496306.0726562,6,-26,226
1743496306.107656,-5,43,228
1743496306.142656,-55,3,108
1743496306.177656,-31,59,74
1743496306.213656,-10,21,210
1743496306.249656,-16,7,36
1743496306.284656,13,-104,216
1743496306.320656,-21,-24,114
1743496306.355656,20,1,306
1743496306.390656,4,-54,274
1743496306.425656,-13,-74,86
1743496306.461656,-21,25,190
1743496306.497656,8,-32,168
1743496306.532656,-15,1,8
1743496306.568656,22,-36,118
1743496306.603656,32,-54,76
1743496306.638656,32,11,306
1743496306.673656,18,103,20
1743496306.709656,2,-4,42
1743496306.745656,-67,7,184
1743496306.780656,-55,-18,136
1743496306.816656,-3,1,132
1743496306.851656,74,19,252
1743496306.886656,-19,-122,94
1743496306.921656,-25,-18,198
1743496306.957656,-17,27,208
1743496306.9936562,0,13,164
1743496307.028656,4,18,162
1743496307.064656,-51,-13,122
1743496307.099656,-67,42,196
1743496307.134656,-13,52,114
1743496307.169656,-27,2,14
1743496307.205656,38,50,52
1743496307.241656,44,0,106
1743496307.2766562,0,20,198
1743496307.3126562,80,4,128
1743496307.347656,98,6,86
1743496307.382656,20,14,160
1743496307.417656,-1,72,114
1743496307.453656,72,0,160
1743496307.489656,-11,20,204
1743496307.524656,-63,57,4
1743496307.560656,38,14,158
1743496307.5956562,12,22,148
1743496307.630656,2,-17,182
1743496307.665656,32,23,98
1743496307.701656,6,45,90
1743496307.737656,-59,-54,42
1743496307.772656,-39,-66,178
1743496307.808656,120,7,198
1743496307.843656,-5,-66,66
1743496307.878656,16,-41,92
1743496307.913656,-89,-41,134
1743496307.949656,-20,-25,140
1743496307.985656,-24,110,138
1743496308.020656,-34,-15,72
1743496308.056656,23,58,72
1743496308.091656,-68,66,136
1743496308.126656,27,58,122
1743496308.161656,-38,68,144
1743496308.1976562,-28,-37,80
1743496308.2336562,75,-19,94
1743496308.268656,-1,-67,138
1743496308.304656,42,-17,180
1743496308.339656,-5,-47,138
1743496308.374656,20,-5,194
1743496308.409656,14,6,174
1743496308.445656,-77,38,92
1743496308.481656,22,-57,50
1743496308.5166562,-8,-27,90
1743496308.552656,25,-75,160
1743496308.587656,25,-67,154
1743496308.622656,-30,-85,76
1743496308.657656,-20,20,76
1743496308.693656,113,-7,98
1743496308.729656,43,-41,174
1743496308.764656,69,22,174
1743496308.800656,21,-42,104
1743496308.8356562,37,22,168
1743496308.870656,17,42,132
1743496308.905656,47,-47,124
1743496308.941656,65,-1,154
1743496308.977656,87,18,112
1743496309.012656,-32,-45,206
1743496309.048656,-78,56,98
1743496309.083656,-21,-7,148
1743496309.1186562,14,26,206
1743496309.153656,-81,30,98
1743496309.189656,21,-11,80
1743496309.225656,41,58,166
1743496309.260656,8,-3,-35
1743496309.296656,-5,-49,152
1743496309.331656,-34,-13,198
1743496309.366656,19,-45,36
1743496309.4016562,0,66,136
1743496309.4376562,-8,26,148
1743496309.473656,-24,-47,140
1743496309.508656,-6,-45,70
1743496309.544656,63,-17,178
1743496309.579656,-30,-25,22
1743496309.614656,107,-23,122
1743496309.649656,71,-55,224
1743496309.685656,73,-7,102
1743496309.721656,-2,-45,142
1743496309.7566562,-16,-31,114
1743496309.792656,13,8,64
1743496309.827656,9,66,116
1743496309.862656,73,72,140
1743496309.897656,69,19,134
1743496309.933656,25,25,86
1743496309.969656,-20,-71,242
1743496310.004656,43,21,48
1743496310.040656,-66,65,87
1743496310.075656,25,-23,173
1743496310.110656,77,48,149
1743496310.145656,-60,-27,123
1743496310.181656,1,6,181
1743496310.217656,-18,45,139
1743496310.252656,0,-39,77
1743496310.288656,50,52,87
1743496310.323656,72,17,85
1743496310.3586562,-51,67,71
1743496310.393656,18,-40,261
1743496310.429656,24,43,173
1743496310.465656,-29,59,145
1743496310.500656,-29,37,237
1743496310.536656,72,-29,255
1743496310.571656,40,22,185
1743496310.606656,-20,44,153
1743496310.6416562,46,-5,129
1743496310.677656,-3,42,69
1743496310.713656,-10,22,165
1743496310.748656,-70,-7,141
1743496310.784656,-44,100,51
1743496310.819656,-62,-11,59
1743496310.854656,13,-37,105
1743496310.889656,-56,-45,159
1743496310.925656,-84,4,145
1743496310.961656,-62,24,41
1743496310.996656,-16,-67,243
1743496311.032656,37,6,119
1743496311.067656,5,-19,33
1743496311.102656,5,6,203
1743496311.137656,-98,-27,131
1743496311.173656,-78,-5,169
1743496311.209656,63,86,113
1743496311.244656,-4,84,101
1743496311.280656,15,-29,79
1743496311.315656,37,6,179
1743496311.350656,10,-55,89
1743496311.386656,-35,40,117
1743496311.421656,-17,14,163
1743496311.457656,79,2,157
1743496311.492656,-25,-75,167
1743496311.528656,64,42,125
1743496311.563656,-49,4,245
1743496311.598656,-61,88,157
1743496311.634656,26,-15,123
1743496311.669656,-33,-93,209
1743496311.712656,-1,42,229
1743496311.748656,-19,-37,279
1743496311.784656,92,6,139
1743496311.819656,34,40,155
1743496311.854656,-32,24,179
1743496311.890656,-62,10,163
1743496311.925656,29,24,69
1743496311.961656,11,-33,61
1743496311.996656,-6,60,91
1743496312.032656,-43,-40,69
1743496312.067656,4,-53,97
1743496312.102656,76,-33,91
1743496312.138656,72,-33,191
1743496312.173656,42,44,113
1743496312.209656,14,26,239
1743496312.244656,34,-29,277
1743496312.280656,24,0,87
1743496312.315656,-49,-57,121
1743496312.350656,-3,26,55
1743496312.386656,-19,-101,75
1743496312.421656,0,-5,129
1743496312.457656,8,42,153
1743496312.492656,34,44,299
1743496312.528656,-84,-11,145
1743496312.563656,-9,22,55
1743496312.598656,-27,-32,159
1743496312.634656,-53,-69,59
1743496312.669656,52,49,85
1743496312.705656,15,-24,153
1743496312.740656,16,-60,85
1743496312.7766562,42,-10,91
1743496312.811656,-33,25,137
1743496312.846656,-31,9,161
1743496312.882656,-25,69,127
1743496312.917656,-15,7,67
1743496312.953656,14,85,73
1743496312.988656,-26,-30,171
1743496313.024656,-26,-36,177
1743496313.059656,0,-42,185
1743496313.094656,-9,-58,227
1743496313.130656,34,27,55
1743496313.165656,-39,45,95
1743496313.201656,26,-48,81
1743496313.236656,-41,-28,179
1743496313.272656,-49,-34,69
1743496313.307656,18,-32,133
1743496313.342656,40,1,147
1743496313.378656,50,3,257
1743496313.413656,-13,-52,97
1743496313.449656,-87,-10,183
1743496313.484656,40,42,119
1743496313.520656,6,-5,135
1743496313.555656,-101,7,81
1743496313.590656,-7,-18,205
1743496313.626656,44,31,143
1743496313.661656,46,17,155
1743496313.6976562,-17,17,121
1743496313.732656,60,-14,217
1743496313.768656,-7,-4,159
1743496313.803656,40,-74,175
1743496313.838656,12,-15,-36
1743496313.874656,-45,-21,133
1743496313.909656,56,58,89
1743496313.945656,84,17,145
1743496313.980656,31,-29,133
1743496314.0166562,0,-9,187
1743496314.051656,-30,46,177
1743496314.086656,11,20,187
1743496314.122656,83,16,125
1743496314.157656,19,-26,207
1743496314.193656,-56,-22,31
1743496314.228656,9,-20,89
1743496314.264656,-18,8,295
1743496314.2996562,-94,-3,251
1743496314.334656,-2,-11,99
1743496314.370656,19,-23,89
1743496314.405656,-98,-25,61
1743496314.441656,15,72,137
1743496314.476656,-38,10,83
1743496314.512656,25,31,167
1743496314.547656,79,86,99
1743496314.582656,-10,-30,97
1743496314.6186562,11,-30,53
1743496314.653656,49,22,231
1743496314.689656,63,-13,97
1743496314.724656,11,-35,175
1743496314.759656,25,-55,147
1743496314.794656,63,15,153
1743496314.830656,17,-18,259
1743496314.866656,-22,-72,169
1743496314.9016562,45,-10,129
1743496314.9376562,-104,15,183
1743496314.972656,-20,-18,215
1743496315.007656,-76,-14,129
1743496315.042656,-2,5,71
1743496315.078656,25,29,239
1743496315.114656,-26,43,45
1743496315.149656,31,14,223
1743496315.185656,-62,-8,74
1743496315.2206562,43,33,136
1743496315.255656,41,-50,200
1743496315.290656,27,-6,213
1743496315.326656,85,-4,129
1743496315.362656,-8,-2,109
1743496315.397656,-7,17,201
1743496315.433656,-67,-32,133
1743496315.468656,10,-58,118
1743496315.503656,-39,47,142
1743496315.538656,-21,-48,308
1743496315.574656,19,-38,86
1743496315.610656,32,29,92
1743496315.645656,-57,30,142
1743496315.681656,-81,4,182
1743496315.716656,64,-37,130
1743496315.751656,-21,-32,242
1743496315.786656,-33,57,168
1743496315.8226562,24,66,92
1743496315.8586562,28,-77,124
1743496315.893656,26,48,68
1743496315.929656,84,28,122
1743496315.964656,-51,-19,82
1743496315.999656,52,-56,102
1743496316.034656,-23,-20,124
1743496316.070656,-43,59,80
1743496316.106656,29,-26,144
1743496316.1416562,-46,15,122
1743496316.177656,-43,55,224
1743496316.212656,-41,0,228
1743496316.247656,2,-16,206
1743496316.282656,-55,21,104
1743496316.318656,36,-18,102
1743496316.354656,-37,31,80
1743496316.389656,20,9,170
1743496316.425656,-19,-22,218
1743496316.4606562,-69,-26,184
1743496316.495656,-11,29,162
1743496316.530656,-1,37,147
1743496316.566656,-35,-70,193
1743496316.602656,73,0,247
1743496316.637656,-56,39,215
1743496316.673656,17,23,149
1743496316.708656,49,-102,203
1743496316.7436562,38,-2,147
1743496316.778656,23,35,157
1743496316.814656,-26,69,159
1743496316.850656,3,-4,41
1743496316.885656,25,-22,179
1743496316.921656,-16,-66,317
1743496316.956656,-15,-56,45
1743496316.991656,53,43,227
1743496317.0266562,-17,-10,145
1743496317.0626562,52,-10,109
1743496317.098656,4,-2,89
1743496317.133656,-47,-2,99
1743496317.169656,-55,-44,155
1743496317.204656,8,31,9
1743496317.239656,-31,-10,257
1743496317.274656,44,23,139
1743496317.310656,-45,33,165
1743496317.346656,10,-28,61
1743496317.3816562,-61,-22,197
1743496317.417656,-45,3,-8
1743496317.452656,80,-80,113
1743496317.487656,-13,31,153
1743496317.522656,-42,-4,91
1743496317.558656,106,5,61
1743496317.594656,-85,-89,201
1743496317.629656,81,16,133
1743496317.665656,69,76,143
1743496317.700656,0,4,113
1743496317.735656,24,50,111
1743496317.770656,9,6,107
1743496317.806656,29,-37,103
1743496317.842656,7,-31,195
1743496317.877656,-67,8,51
1743496317.913656,-79,-45,151
1743496317.948656,50,-5,177
1743496317.9836562,-3,-45,237
1743496318.018656,54,-11,115
1743496318.054656,38,2,197
1743496318.090656,-21,-31,141
1743496318.125656,-5,61,101
1743496318.161656,42,3,93
1743496318.196656,-69,-60,237
1743496318.231656,-59,-54,143
1743496318.2666562,-5,-64,209
1743496318.302656,-23,-20,137
1743496318.338656,-39,3,135
1743496318.373656,18,-54,201
1743496318.409656,18,21,175
1743496318.444656,4,25,13
1743496318.479656,24,-22,129
1743496318.514656,-51,-20,125
1743496318.550656,-35,-8,109
1743496318.586656,-3,-60,112
1743496318.621656,0,-2,142
1743496318.657656,-19,31,170
1743496318.692656,32,-44,102
1743496318.727656,32,1,-1
1743496318.762656,-21,5,250
1743496318.798656,52,-12,130
1743496318.834656,30,51,80
1743496318.869656,-15,-52,104
1743496318.905656,-25,-24,28
1743496318.940656,38,-18,128
1743496318.975656,29,39,72
1743496319.010656,-41,25,202
1743496319.046656,22,37,200
1743496319.082656,56,33,148
1743496319.117656,16,39,44
1743496319.153656,-25,27,142
1743496319.188656,-29,67,134
1743496319.223656,64,9,154
1743496319.258656,16,55,134
1743496319.294656,48,9,132
1743496319.330656,-73,-18,180
1743496319.365656,24,-30,-27
1743496319.4016562,16,-10,76
1743496319.436656,30,-24,114
1743496319.471656,0,-10,158
1743496319.5066562,-47,-6,-15
1743496319.542656,-17,67,82
1743496319.578656,-19,-22,200
1743496319.613656,30,37,146
1743496319.649656,38,3,104
1743496319.684656,-111,-44,102
1743496319.719656,-29,-2,76
1743496319.754656,-53,63,44
1743496319.790656,-33,-24,132
1743496319.826656,-29,-62,118
1743496319.861656,32,-52,290
1743496319.897656,58,-20,160
1743496319.932656,-99,-14,128
1743496319.967656,16,-2,126
1743496320.002656,10,19,116
1743496320.038656,-39,39,74
1743496320.074656,42,23,79
1743496320.109656,-20,83,225
1743496320.145656,7,-36,185
1743496320.180656,-16,27,97
1743496320.215656,-10,67,187
1743496320.250656,65,-35,125
1743496320.286656,-4,-25,137
1743496320.3226562,-2,-37,149
1743496320.357656,79,18,173
1743496320.393656,-97,-49,123
1743496320.428656,-28,22,5
1743496320.463656,67,32,189
1743496320.498656,19,-1,119
1743496320.534656,-112,34,147
1743496320.570656,-3,-11,95
1743496320.605656,0,22,179
1743496320.6416562,-43,16,83
1743496320.676656,-24,-1,117
1743496320.711656,-24,52,167
1743496320.746656,97,-43,107
1743496320.782656,-18,106,163
1743496320.818656,-14,9,11
1743496320.853656,-26,12,171
1743496320.889656,-64,-8,73
1743496320.9246562,63,-48,177
1743496320.959656,21,19,175
1743496320.995656,15,41,251
1743496321.030656,-18,-34,191
1743496321.066656,-48,29,93
1743496321.101656,-16,-72,47
1743496321.137656,7,1,119
1743496321.172656,35,37,167
1743496321.207656,-16,-14,89
1743496321.2436562,31,-16,69
1743496321.278656,59,19,113
1743496321.314656,-66,13,95
1743496321.349656,-18,-42,117
1743496321.385656,-16,15,241
1743496321.420656,-54,-36,73
1743496321.455656,-56,0,155
1743496321.491656,-10,-98,25
1743496321.5266562,-26,-96,75
1743496321.5626562,31,31,137
1743496321.597656,-10,-30,93
1743496321.633656,15,-91,134
1743496321.668656,-57,-43,137
1743496321.703656,57,38,76
1743496321.746656,-18,-2,182
1743496321.782656,31,-14,108
1743496321.818656,51,-30,70
1743496321.853656,19,57,262
1743496321.889656,7,39,148
1743496321.9246562,37,41,98
1743496321.959656,15,-40,144
1743496321.995656,62,57,278
1743496322.030656,-11,29,32
1743496322.066656,-60,79,-13
1743496322.101656,-38,-16,136
1743496322.137656,-34,93,124
1743496322.172656,63,-36,162
1743496322.207656,-12,39,212
1743496322.2436562,-4,-28,188
1743496322.278656,-78,-8,42
1743496322.314656,35,-28,110
1743496322.349656,-4,51,24
1743496322.385656,-24,-58,200
1743496322.420656,-4,-52,252
1743496322.455656,-44,-46,78
1743496322.491656,-94,-24,194
1743496322.5266562,-36,41,116
1743496322.5626562,-80,-16,14
1743496322.597656,27,15,120
1743496322.633656,35,117,80
1743496322.668656,3,39,124
1743496322.703656,-104,-40,80
1743496322.739656,73,-144,88
1743496322.774656,13,45,78
1743496322.810656,-6,98,128
1743496322.8456562,-4,72,124
1743496322.8816562,70,8,168
1743496322.916656,47,32,146
1743496322.951656,5,-71,42
1743496322.987656,55,50,153
1743496323.022656,27,-71,147
1743496323.058656,8,28,165
1743496323.093656,-46,-33,165
1743496323.129656,30,-31,269
1743496323.1646562,39,-13,135
1743496323.199656,87,-29,16
1743496323.235656,3,-27,92
1743496323.270656,-11,32,234
1743496323.306656,30,-27,62
1743496323.341656,-11,56,110
1743496323.377656,16,47,-15
1743496323.412656,62,-1,56
1743496323.4476562,6,-5,24
1743496323.4836562,58,38,128
1743496323.518656,-15,-17,114
1743496323.554656,14,42,116
1743496323.589656,-27,-47,109
1743496323.625656,6,2,187
1743496323.660656,65,12,87
1743496323.695656,-34,50,135
1743496323.731656,43,-65,83
1743496323.7666562,-28,-40,193
1743496323.802656,-30,47,39
1743496323.837656,-52,-29,167
1743496323.873656,29,4,89
1743496323.908656,39,32,119
1743496323.943656,2,-45,-34
1743496323.979656,46,12,157
1743496324.014656,-33,14,77
1743496324.050656,-16,-15,111
1743496324.0856562,21,-45,191
1743496324.121656,38,64,125
1743496324.157656,0,-43,131
1743496324.193656,40,52,217
1743496324.229656,-13,-19,177
1743496324.265656,-14,-91,189
1743496324.301656,-14,-55,45
1743496324.336656,9,-15,103
1743496324.371656,-40,-26,93
1743496324.407656,-6,-44,7
1743496324.443656,37,0,115
1743496324.478656,-8,11,27
1743496324.514656,71,15,91
1743496324.5496562,63,0,51
1743496324.584656,3,-8,131
1743496324.619656,-42,-78,157
1743496324.655656,45,10,55
1743496324.691656,-38,-91,235
1743496324.726656,115,-3,117
1743496324.762656,25,-37,115
1743496324.797656,-58,-69,85
1743496324.832656,-6,-3,79
1743496324.867656,-100,-23,145
1743496324.903656,64,87,111
1743496324.939656,28,7,43
1743496324.974656,-60,-49,131
1743496325.010656,-20,35,97
1743496325.045656,55,-20,153
1743496325.080656,77,5,231
1743496325.115656,63,-9,55
1743496325.1516562,29,70,149
1743496325.1876562,-6,38,83
1743496325.222656,81,34,149
1743496325.258656,27,40,113
1743496325.293656,-48,68,87
1743496325.328656,13,24,125
1743496325.363656,-12,-33,129
1743496325.399656,-34,92,67
1743496325.435656,-44,0,59
1743496325.4706562,39,10,171
1743496325.5066562,17,-25,93
1743496325.541656,-82,54,115
1743496325.576656,-12,66,155
1743496325.611656,45,12,121
1743496325.647656,21,46,187
1743496325.683656,29,-5,37
1743496325.718656,-12,-35,55
1743496325.754656,19,-39,173
1743496325.7896562,-44,-27,201
1743496325.824656,3,-21,99
1743496325.859656,15,66,183
1743496325.895656,51,-53,49
1743496325.931656,48,42,261
1743496325.966656,-15,8,171
1743496326.002656,-11,11,153
1743496326.037656,-49,-7,83
1743496326.0726562,-3,-17,115
1743496326.107656,-11,-21,131
1743496326.143656,-39,-43,131
1743496326.179656,-5,-29,133
1743496326.214656,-25,-4,77
1743496326.250656,-31,-13,81
1743496326.285656,22,8,169
1743496326.320656,-27,-43,127
1743496326.355656,16,22,163
1743496326.3916562,-57,58,137
1743496326.427656,-35,-39,119
1743496326.462656,46,-21,135
1743496326.498656,-15,72,97
1743496326.533656,-3,-63,161
1743496326.568656,80,16,93
1743496326.603656,-31,12,137
1743496326.639656,-51,-31,159
1743496326.675656,45,-9,149
1743496326.7106562,-20,12,63
1743496326.746656,14,6,203
1743496326.781656,8,22,163
1743496326.816656,26,62,187
1743496326.851656,30,6,215
1743496326.887656,12,-43,111
1743496326.923656,-95,-5,237
1743496326.958656,-13,-19,131
1743496326.994656,48,-59,225
1743496327.0296562,26,-53,63
1743496327.064656,2,68,255
1743496327.099656,12,-13,23
1743496327.135656,-25,-9,133
1743496327.171656,8,32,243
1743496327.206656,-41,-41,133
1743496327.242656,-35,-39,133
1743496327.277656,-51,74,151
1743496327.3126562,70,5,18
1743496327.347656,16,-23,106
1743496327.383656,-37,16,108
1743496327.419656,-17,-42,68
1743496327.454656,18,-4,176
1743496327.491656,72,-19,142
1743496327.5266562,-47,28,104
1743496327.5626562,28,-23,118
1743496327.597656,8,-45,164
1743496327.632656,0,38,84
1743496327.667656,10,32,144
1743496327.703656,20,20,194
1743496327.739656,38,16,130
1743496327.774656,22,30,130
1743496327.810656,96,8,96
1743496327.8456562,4,38,142
1743496327.880656,-13,-49,164
1743496327.915656,62,-87,154
1743496327.951656,-51,14,52
1743496327.987656,-12,0,154
1743496328.022656,75,46,94
1743496328.058656,58,70,224
1743496328.093656,50,12,194
1743496328.128656,4,24,162
1743496328.163656,92,-87,144
1743496328.199656,10,-47,148
1743496328.235656,14,2,90
1743496328.270656,32,7,174
1743496328.306656,-27,53,204
1743496328.341656,54,33,94
1743496328.376656,8,-66,184
1743496328.411656,-3,-32,162
1743496328.4476562,-47,-50,190
1743496328.4836562,0,-42,112
1743496328.518656,4,71,134
1743496328.554656,23,-88,146
1743496328.589656,-17,-29,74
1743496328.624656,20,10,128
1743496328.659656,98,-7,162
1743496328.695656,48,-67,150
1743496328.731656,52,-51,22
1743496328.7666562,-41,14,80
1743496328.802656,62,18,174
1743496328.837656,-21,8,152
1743496328.872656,44,36,166
1743496328.907656,10,-34,122
1743496328.943656,-79,-24,192
1743496328.979656,28,49,152
1743496329.014656,-43,43,82
1743496329.050656,-43,25,60
1743496329.0856562,-4,37,150
1743496329.120656,28,-100,53
1743496329.155656,12,37,190
1743496329.191656,2,33,159
1743496329.227656,-19,27,99
1743496329.262656,-77,17,47
1743496329.298656,-43,17,128
1743496329.333656,56,43,51
1743496329.3686562,-7,49,195
1743496329.4046562,36,43,167
1743496329.439656,24,-26,89
1743496329.475656,-25,63,55
1743496329.510656,-11,40,13
1743496329.546656,26,-1,47
1743496329.581656,-1,74,77
1743496329.616656,-9,3,263
1743496329.6516562,30,15,163
1743496329.6876562,-69,-29,115
1743496329.723656,10,59,17
1743496329.758656,23,-8,137
1743496329.794656,5,-36,123
1743496329.829656,102,-24,131
1743496329.864656,26,13,39
1743496329.899656,70,25,165
1743496329.935656,40,23,19
1743496329.971656,-53,35,179
1743496330.0066562,2,-10,129
1743496330.042656,22,-18,159
1743496330.077656,-13,37,243
1743496330.112656,4,-42,187
1743496330.148656,56,44,173
1743496330.183656,-43,-14,5
1743496330.219656,-63,-66,21
1743496330.254656,28,21,113
1743496330.290656,30,-47,193
1743496330.325656,14,0,141
1743496330.360656,-25,-105,83
1743496330.396656,46,-25,159
1743496330.431656,-79,-20,105
1743496330.467656,-7,51,147
1743496330.502656,100,-24,159
1743496330.538656,-5,-28,184
1743496330.573656,48,47,90
1743496330.6086562,-100,-24,28
1743496330.644656,83,5,190
1743496330.679656,35,-96,136
1743496330.715656,7,63,58
1743496330.750656,57,-56,132
1743496330.786656,9,-32,168
1743496330.821656,-62,35,-59
1743496330.856656,53,35,148
1743496330.892656,23,-96,132
1743496330.927656,39,45,126
1743496330.963656,7,31,96
1743496330.998656,31,12,121
1743496331.034656,57,-33,51
1743496331.069656,69,-27,155
1743496331.104656,63,22,98
1743496331.140656,-22,-35,111
1743496331.175656,-102,58,161
1743496331.211656,71,38,228
1743496331.246656,61,-17,155
1743496331.282656,-68,46,47
1743496331.317656,23,-27,57
1743496331.352656,9,74,141
1743496331.388656,41,-3,51
1743496331.423656,3,-27,177
1743496331.459656,21,-7,167
1743496331.494656,-18,-13,161
1743496331.530656,45,-89,253
1743496331.565656,-44,14,176
1743496331.600656,57,-4,142
1743496331.636656,6,-62,130
1743496331.671656,-13,39,120
1743496331.707656,-81,-32,172
1743496331.749656,76,-32,207
1743496331.786656,-54,75,161
1743496331.821656,24,-84,156
1743496331.856656,25,-54,126
1743496331.892656,-50,71,36
1743496331.927656,-30,15,96
1743496331.963656,-7,0,156
1743496331.998656,-43,1,66
1743496332.034656,16,-54,6
1743496332.069656,-33,-12,176
1743496332.104656,34,20,70
1743496332.140656,12,36,306
1743496332.175656,-3,-9,68
1743496332.211656,-25,-54,148
1743496332.246656,-31,-11,216
1743496332.282656,-7,-3,76
1743496332.317656,119,-17,108
1743496332.352656,-72,22,202
1743496332.388656,-86,-15,188
1743496332.423656,53,-67,152
1743496332.459656,-10,34,68
1743496332.494656,55,30,30
1743496332.530656,-32,64,152
1743496332.565656,-20,-27,94
1743496332.600656,13,-22,132
1743496332.636656,85,-4,90
1743496332.671656,-11,-6,106
1743496332.707656,64,-36,54
1743496332.742656,-29,21,50
1743496332.778656,-128,-112,144
1743496332.813656,-48,-14,110
1743496332.848656,37,5,80
1743496332.884656,-75,7,110
1743496332.919656,-1,57,68
1743496332.955656,-51,42,110
1743496332.990656,6,-13,142
1743496333.0266562,108,-4,206
1743496333.061656,-35,108,170
1743496333.096656,-13,20,132
1743496333.132656,-47,-19,98
1743496333.167656,22,-41,172
1743496333.203656,50,22,134
1743496333.238656,28,-15,72
1743496333.274656,32,58,146
1743496333.309656,40,30,118
1743496333.344656,-17,-33,130
1743496333.380656,-57,-25,244
1743496333.415656,0,28,158
1743496333.451656,120,-7,30
1743496333.486656,-137,0,112
1743496333.522656,140,-35,34
1743496333.557656,48,41,-63
1743496333.592656,-47,0,168
1743496333.628656,2,32,110
1743496333.663656,40,-21,78
1743496333.699656,-5,29,98
1743496333.734656,26,-30,82
1743496333.770656,6,47,70
1743496333.806656,-15,25,234
1743496333.841656,-4,1,63
1743496333.876656,66,35,101
1743496333.912656,-52,21,53
1743496333.948656,28,-2,205
1743496333.9836562,-5,1,161
1743496334.019656,-64,1,138
1743496334.054656,31,-21,187
1743496334.089656,47,-13,98
1743496334.124656,-66,-20,170
1743496334.160656,31,47,142
1743496334.196656,30,-26,72
1743496334.231656,-3,-24,144
1743496334.267656,47,43,136
1743496334.302656,-11,-42,110
1743496334.337656,-8,15,87
1743496334.372656,61,9,-62
1743496334.408656,27,49,3
1743496334.444656,31,13,107
1743496334.479656,-10,103,145
1743496334.515656,0,29,15
1743496334.550656,12,-24,149
1743496334.5856562,74,29,117
1743496334.620656,-23,-34,52
1743496334.656656,-1,11,49
1743496334.692656,6,-42,127
1743496334.727656,-5,31,151
1743496334.763656,76,23,107
1743496334.798656,-27,35,125
1743496334.833656,-109,7,101
1743496334.8686562,50,0,157
1743496334.9046562,50,-28,69
1743496334.940656,54,-2,180
1743496334.975656,88,13,185
1743496335.011656,-5,9,165
1743496335.046656,88,3,121
1743496335.081656,-7,-55,99
1743496335.116656,4,-19,151
1743496335.152656,-3,-28,242
1743496335.188656,52,-28,207
1743496335.223656,6,-102,173
1743496335.259656,-79,-52,71
1743496335.294656,4,-38,82
1743496335.329656,32,73,51
1743496335.364656,-13,41,119
1743496335.400656,-31,45,172
1743496335.436656,54,39,209
1743496335.471656,62,27,193
1743496335.507656,-59,25,139
1743496335.542656,35,0,183
1743496335.577656,63,-22,237
1743496335.612656,-60,13,216
1743496335.648656,-66,6,-44
1743496335.684656,-6,-87,225
1743496335.719656,0,72,127
1743496335.755656,-24,-57,71
1743496335.790656,-18,12,57
1743496335.825656,-14,24,189
1743496335.860656,-12,32,125
1743496335.896656,85,-23,197
1743496335.932656,-6,34,173
1743496335.967656,15,6,89
1743496336.003656,69,88,59
1743496336.038656,47,68,205
1743496336.073656,23,15,63
1743496336.1086562,-10,110,237
1743496336.144656,21,6,215
1743496336.180656,15,-37,93
1743496336.215656,-68,-19,161
1743496336.251656,61,64,133
1743496336.286656,25,-5,213
1743496336.321656,21,2,153
1743496336.356656,11,12,83
1743496336.392656,-8,64,139
1743496336.428656,-58,68,129
1743496336.463656,0,8,45
1743496336.499656,49,20,115
1743496336.534656,25,-31,289
1743496336.569656,95,2,88
1743496336.604656,27,50,148
1743496336.640656,33,48,149
1743496336.676656,7,-67,165
1743496336.711656,-28,-39,139
1743496336.747656,-16,-57,238
1743496336.782656,7,16,120
1743496336.817656,65,54,108
1743496336.852656,-20,80,48
1743496336.888656,3,-63,-17
1743496336.9246562,-52,28,72
1743496336.959656,43,-11,144
1743496336.995656,-46,66,166
1743496337.030656,-40,-77,106
1743496337.065656,35,-21,122
1743496337.100656,15,-43,194
1743496337.136656,39,-23,38
1743496337.172656,21,6,114
1743496337.207656,43,-25,192
1743496337.2436562,105,30,152
1743496337.278656,5,-4,88
1743496337.313656,7,-18,192
1743496337.348656,37,-8,144
1743496337.384656,-20,3,148
1743496337.420656,13,7,98
1743496337.455656,-22,-18,66
1743496337.491656,73,-14,80
1743496337.5266562,-100,-2,92
1743496337.561656,-22,-88,112
1743496337.596656,-28,-26,16
1743496337.632656,-36,35,208
1743496337.668656,1,0,56
1743496337.703656,-36,-90,36
1743496337.739656,-29,55,112
1743496337.774656,-39,9,86
1743496337.809656,88,-84,336
1743496337.844656,-31,5,138
1743496337.880656,-35,-40,10
1743496337.916656,14,47,122
1743496337.951656,0,27,114
1743496337.987656,19,8,114
1743496338.022656,-54,71,102
1743496338.057656,-32,18,196
1743496338.092656,33,-9,166
1743496338.128656,-48,84,246
1743496338.1646562,-42,-67,178
1743496338.199656,9,0,80
1743496338.235656,-24,38,164
1743496338.270656,-82,-11,154
1743496338.305656,-36,28,150
1743496338.340656,17,30,112
1743496338.376656,27,48,204
1743496338.412656,-2,44,176
1743496338.4476562,79,-9,160
1743496338.4836562,21,44,172
1743496338.518656,-92,51,128
1743496338.553656,-26,17,64
1743496338.588656,-18,-31,50
1743496338.624656,-8,30,132
1743496338.660656,-43,-7,114
1743496338.695656,53,18,164
1743496338.731656,-46,-28,32
1743496338.7666562,-12,-22,100
1743496338.801656,97,38,186
1743496338.836656,-18,-42,228
1743496338.872656,21,39,98
1743496338.908656,9,-4,100
1743496338.943656,-52,21,92
1743496338.979656,29,-4,106
1743496339.014656,33,15,262
1743496339.0496562,-2,-8,40
1743496339.084656,-84,5,214
1743496339.120656,1,51,62
1743496339.156656,-90,-66,170
1743496339.191656,3,23,220
1743496339.227656,9,0,94
1743496339.262656,3,-66,140
1743496339.297656,-4,-14,180
1743496339.332656,-87,32,72
1743496339.3686562,-61,86,134
1743496339.4046562,-9,-105,135
1743496339.439656,26,40,166
1743496339.475656,-27,-33,71
1743496339.510656,-37,30,105
1743496339.545656,-44,-63,75
1743496339.580656,9,84,103
1743496339.616656,11,-19,173
1743496339.652656,33,-21,173
1743496339.6876562,5,-37,193
1743496339.723656,-72,18,203
1743496339.758656,49,34,297
1743496339.793656,-20,-67,99
1743496339.829656,-13,4,233
1743496339.864656,52,-9,157
1743496339.900656,-7,18,41
1743496339.935656,5,-23,203
1743496339.971656,-7,-15,215
1743496340.0066562,34,-63,97
1743496340.041656,34,-43,123
1743496340.077656,0,6,239
1743496340.112656,-77,-37,159
1743496340.148656,-42,2,129
1743496340.183656,45,2,-4
1743496340.219656,-27,64,37
1743496340.254656,82,22,89
1743496340.2896562,32,-25,107
1743496340.325656,58,54,149
1743496340.360656,-31,-69,75
1743496340.396656,-18,16,65
1743496340.431656,45,-28,115
1743496340.467656,-36,-26,71
1743496340.502656,69,-21,97
1743496340.537656,46,17,205
1743496340.573656,32,-64,159
1743496340.6086562,-13,10,225
1743496340.644656,26,-21,195
1743496340.679656,-31,9,163
1743496340.715656,-9,-1,115
1743496340.750656,0,-91,105
1743496340.785656,90,42,161
1743496340.821656,-1,-43,191
1743496340.856656,-25,-19,59
1743496340.892656,-19,8,307
1743496340.927656,54,4,27
1743496340.963656,6,-31,226
1743496340.998656,-113,-55,88
1743496341.033656,-5,-19,140
1743496341.069656,-17,42,278
1743496341.104656,14,20,192
1743496341.140656,24,-21,136
1743496341.175656,-1,-97,78
1743496341.211656,-47,20,44
1743496341.246656,-13,-41,142
1743496341.281656,46,10,78
1743496341.317656,-55,-13,34
1743496341.352656,8,22,-21
1743496341.388656,-25,-5,112
1743496341.423656,-61,-53,162
1743496341.459656,-59,-33,170
1743496341.494656,24,30,232
1743496341.5296562,50,22,102
1743496341.565656,-35,-27,194
1743496341.600656,6,-25,94
1743496341.636656,-59,-1,88
1743496341.671656,32,8,107
1743496341.707656,12,-49,11
1743496341.742656,44,-53,69
1743496341.784656,72,4,237
1743496341.821656,-15,46,51
1743496341.856656,-29,12,77
1743496341.892656,-13,18,143
1743496341.927656,-93,93,229
1743496341.963656,28,-84,81
1743496341.998656,-9,39,129
1743496342.033656,10,-44,161
1743496342.069656,0,29,27
1743496342.104656,20,-58,117
1743496342.140656,4,23,133
1743496342.175656,-9,-96,157
1743496342.211656,16,-74,147
1743496342.246656,80,7,99
1743496342.281656,20,35,103
1743496342.317656,24,-26,123
1743496342.352656,18,-16,207
1743496342.388656,24,-14,85
1743496342.423656,-33,-6,57
1743496342.459656,-5,1,91
1743496342.494656,48,0,287
1743496342.5296562,18,87,81
1743496342.565656,46,-72,93
1743496342.600656,59,-14,177
1743496342.636656,-36,89,105
1743496342.671656,25,-66,147
1743496342.707656,-42,33,89
1743496342.742656,-37,17,179
1743496342.777656,20,51,227
1743496342.813656,14,123,113
1743496342.848656,22,-8,167
1743496342.884656,30,-20,107
1743496342.919656,-19,-14,217
1743496342.955656,50,-12,133
1743496342.990656,-7,-10,97
1743496343.025656,88,-9,45
1743496343.061656,-21,-47,105
1743496343.096656,62,47,99
1743496343.132656,-75,-32,91
1743496343.167656,52,57,225
1743496343.203656,26,97,117
1743496343.239656,-31,-42,179
1743496343.275656,30,-94,105
1743496343.311656,38,-24,99
1743496343.346656,10,47,3
1743496343.3816562,-29,-77,119
1743496343.417656,-9,19,171
1743496343.453656,-1,-24,219
1743496343.488656,48,33,255
1743496343.524656,12,19,161
1743496343.559656,-9,109,97
1743496343.594656,-29,29,179
1743496343.629656,88,47,157
1743496343.665656,-57,65,263
1743496343.701656,-3,-13,119
1743496343.736656,28,34,49
1743496343.772656,6,8,105
1743496343.807656,26,-39,175
1743496343.842656,-27,36,169
1743496343.877656,34,-45,91
1743496343.913656,-7,-35,63
1743496343.949656,20,8,91
1743496343.984656,52,-3,185
1743496344.020656,-5,-9,157
1743496344.055656,12,-11,171
1743496344.090656,58,20,235
1743496344.125656,70,70,89
1743496344.161656,-5,28,77
1743496344.1976562,-59,-23,13
1743496344.232656,-49,-59,231
1743496344.268656,12,22,135
1743496344.303656,88,-7,301
1743496344.338656,18,56,25
1743496344.373656,-79,-27,115
1743496344.409656,-11,-25,169
1743496344.445656,38,-73,151
1743496344.480656,34,42,211
1743496344.5166562,-55,48,87
1743496344.551656,-129,9,128
1743496344.586656,28,-102,60
1743496344.621656,70,-40,114
1743496344.657656,24,-30,54
1743496344.693656,-49,41,98
1743496344.728656,32,-18,110
1743496344.764656,-23,45,120
1743496344.7996562,-25,-32,102
1743496344.834656,-3,-14,112
1743496344.869656,-9,23,134
1743496344.905656,-19,49,128
1743496344.941656,-23,-20,220
1743496344.976656,54,-42,130
1743496345.012656,46,17,140
1743496345.047656,52,-22,198
1743496345.082656,-71,-8,234
1743496345.117656,12,17,26
1743496345.153656,40,-60,294
1743496345.189656,-27,-22,144
1743496345.224656,-62,-8,286
1743496345.260656,-53,-10,202
1743496345.295656,-10,2,160
1743496345.330656,71,44,204
1743496345.365656,3,14,210
1743496345.4016562,39,26,76
1743496345.4376562,41,80,64
1743496345.472656,15,26,38
1743496345.508656,0,-23,68
1743496345.543656,57,24,194
1743496345.578656,-77,34,122
1743496345.613656,8,28,130
1743496345.649656,-41,26,94
1743496345.685656,-11,84,100
1743496345.7206562,31,-23,132
1743496345.7566562,1,88,164
1743496345.791656,-94,-81,202
1743496345.826656,53,-49,268
1743496345.861656,-38,-87,100
1743496345.897656,45,58,94
1743496345.933656,5,0,312
1743496345.968656,53,29,152
1743496346.004656,21,65,134
1743496346.0396562,-14,-26,194
1743496346.074656,-23,-32,108
1743496346.109656,-43,-72,-5
1743496346.145656,16,-44,120
1743496346.181656,10,-6,192
1743496346.216656,-37,-20,104
1743496346.252656,-5,51,164
1743496346.287656,8,-88,98
1743496346.3226562,54,51,82
1743496346.357656,-35,61,122
1743496346.393656,22,-33,130
1743496346.429656,9,20,146
1743496346.464656,-18,-29,128
1743496346.500656,-13,58,124
1743496346.535656,30,-17,92
1743496346.570656,18,-77,80
1743496346.605656,50,16,104
1743496346.6416562,-17,8,188
1743496346.677656,2,6,157
1743496346.712656,-17,82,6
1743496346.748656,-53,64,146
1743496346.783656,-7,32,50
1743496346.818656,12,-11,214
1743496346.853656,-45,50,126
1743496346.889656,32,26,152
1743496346.925656,62,44,160
1743496346.9606562,-5,-45,81
1743496346.996656,18,72,13
1743496347.031656,42,-17,251
1743496347.066656,30,28,133
1743496347.101656,24,-17,115
1743496347.137656,36,26,125
1743496347.173656,42,-13,181
1743496347.208656,-3,26,15
1743496347.244656,1,11,203
1743496347.2796562,-1,-2,133
1743496347.314656,0,-43,89
1743496347.349656,-43,67,35
1743496347.385656,72,52,75
1743496347.421656,-51,107,197
1743496347.456656,12,-30,137
1743496347.492656,30,97,135
1743496347.527656,86,-80,129
1743496347.5626562,110,-30,73
1743496347.597656,68,-26,207
1743496347.633656,8,45,177
1743496347.669656,-17,15,83
1743496347.704656,82,-8,59
1743496347.740656,6,-54,211
1743496347.775656,-14,59,121
1743496347.810656,-52,91,115
1743496347.8456562,1,58,209
1743496347.8816562,6,12,127
1743496347.917656,69,26,103
1743496347.952656,59,-25,153
1743496347.988656,75,10,171
1743496348.023656,0,43,151
1743496348.058656,77,-17,165
1743496348.093656,-28,-51,139
1743496348.129656,-6,18,179
1743496348.165656,-36,92,123
1743496348.200656,-12,-37,99
1743496348.236656,39,36,89
1743496348.271656,-58,-23,87
1743496348.306656,-46,66,111
1743496348.341656,-20,22,132
1743496348.377656,41,12,134
1743496348.413656,-28,-79,96
1743496348.448656,-86,54,-36
1743496348.484656,-55,54,65
1743496348.519656,-55,52,286
1743496348.554656,-111,12,38
1743496348.589656,-11,-43,48
1743496348.625656,-14,-57,74
1743496348.661656,8,16,46
1743496348.696656,35,16,268
1743496348.732656,37,32,14
1743496348.767656,-44,2,188
1743496348.802656,13,-51,232
1743496348.837656,49,14,114
1743496348.873656,21,38,56
1743496348.909656,3,-77,158
1743496348.944656,39,22,142
1743496348.980656,0,-55,108
1743496349.015656,77,-79,-3
1743496349.050656,25,26,228
1743496349.0856562,-12,58,14
1743496349.121656,-60,24,186
1743496349.157656,40,72,110
1743496349.192656,19,24,66
1743496349.228656,73,-18,168
1743496349.263656,-38,-63,76
1743496349.298656,-45,-42,-5
1743496349.334656,-46,2,92
1743496349.369656,51,40,112
1743496349.405656,-64,30,-21
1743496349.440656,33,-41,188
1743496349.476656,21,-69,106
1743496349.511656,-4,-97,92
1743496349.546656,21,28,8
1743496349.582656,19,34,100
1743496349.617656,19,84,214
1743496349.653656,34,46,162
1743496349.688656,100,-29,-15
1743496349.724656,-45,72,168
1743496349.759656,30,-99,112
1743496349.794656,44,-5,106
1743496349.830656,114,28,136
1743496349.865656,34,-31,194
1743496349.9016562,-15,40,20
1743496349.936656,32,-13,193
1743496349.972656,-25,34,41
1743496350.007656,32,-33,159
1743496350.042656,-15,-21,91
1743496350.078656,49,-93,57
1743496350.113656,14,42,163
1743496350.149656,20,-31,61
1743496350.184656,76,18,168
1743496350.2206562,14,-17,177
1743496350.255656,-30,32,178
1743496350.290656,-24,1,50
1743496350.326656,-26,-40,168
1743496350.362656,31,23,8
1743496350.398656,-18,-42,-23
1743496350.433656,103,47,110
1743496350.469656,75,32,162
1743496350.504656,-40,-6,140
1743496350.540656,-16,-27,176
1743496350.575656,-34,16,56
1743496350.610656,-60,50,112
1743496350.646656,47,-35,68
1743496350.681656,23,30,8
1743496350.717656,-30,31,192
1743496350.752656,15,-19,12
1743496350.788656,23,23,62
1743496350.823656,29,5,266
1743496350.8586562,83,23,124
1743496350.894656,-22,83,156
1743496350.929656,-48,-66,78
1743496350.965656,-14,-26,36
1743496351.000656,45,51,235
1743496351.036656,43,-64,183
1743496351.071656,33,-14,149
1743496351.106656,71,27,149
1743496351.142656,5,-68,217
1743496351.177656,-16,-84,105
1743496351.213656,-12,-4,87
1743496351.248656,-112,55,199
1743496351.284656,19,-18,81
1743496351.319656,27,61,93
1743496351.354656,-38,-32,-9
1743496351.390656,3,-20,163
1743496351.425656,23,5,113
1743496351.461656,-72,9,153
1743496351.496656,11,1,225
1743496351.532656,1,81,89
1743496351.567656,5,-42,42
1743496351.602656,-16,-40,171
1743496351.638656,87,-38,113
1743496351.673656,19,35,147
1743496351.709656,-8,-20,83
1743496351.744656,9,-16,121
1743496351.786656,33,-48,219
1743496351.8226562,139,41,141
1743496351.8586562,55,33,245
1743496351.894656,-54,45,151
1743496351.929656,-48,-18,121
1743496351.965656,-40,25,213
1743496352.000656,5,9,117
1743496352.036656,51,16,143
1743496352.071656,-4,16,153
1743496352.106656,121,24,221
1743496352.142656,19,8,163
1743496352.177656,67,14,41
1743496352.213656,-91,-25,169
1743496352.248656,-13,50,143
1743496352.284656,108,-15,169
1743496352.319656,-7,6,111
1743496352.354656,-15,56,63
1743496352.390656,-42,-31,217
1743496352.425656,-30,-23,125
1743496352.461656,75,-1,67
1743496352.496656,-16,-31,167
1743496352.532656,93,-39,121
1743496352.568656,-10,-23,85
1743496352.604656,-70,24,179
1743496352.640656,25,8,117
1743496352.676656,-10,12,141
1743496352.712656,-22,26,77
1743496352.748656,-2,94,171
1743496352.784656,25,-25,103
1743496352.819656,-4,-7,161
1743496352.854656,53,58,247
1743496352.890656,61,4,35
1743496352.926656,37,-7,63
1743496352.961656,-17,-9,99
1743496352.997656,-18,-3,197
1743496353.032656,14,-7,225
1743496353.067656,46,-11,139
1743496353.102656,-35,60,91
1743496353.138656,-28,-81,223
1743496353.1746562,0,42,279
1743496353.209656,-47,-53,83
1743496353.245656,54,-25,47
1743496353.280656,40,24,227
1743496353.315656,-1,-22,117
1743496353.350656,23,18,189
1743496353.386656,-66,54,185
1743496353.422656,79,-7,193
1743496353.457656,-44,4,141
1743496353.4936562,35,-47,203
1743496353.528656,-2,-31,195
1743496353.563656,-6,76,31
1743496353.598656,-2,-33,99
1743496353.634656,-46,18,143
1743496353.670656,3,-13,27
1743496353.705656,15,-49,5
1743496353.741656,10,32,29
1743496353.7766562,16,10,125
1743496353.811656,15,38,163
1743496353.846656,-8,26,229
1743496353.882656,30,-59,49
1743496353.918656,-31,-61,136
1743496353.953656,-1,20,164
1743496353.989656,-42,10,58
1743496354.024656,-50,-19,84
1743496354.059656,65,-23,128
1743496354.094656,49,-23,250
1743496354.130656,-24,87,138
1743496354.166656,67,-28,232
1743496354.201656,61,86,84
1743496354.237656,47,6,214
1743496354.272656,-62,-15,-9
1743496354.307656,-32,12,98
1743496354.342656,103,-41,176
1743496354.378656,-38,84,64
1743496354.4146562,79,-23,70
1743496354.449656,-50,27,54
1743496354.485656,-42,-84,118
1743496354.520656,-22,17,170
1743496354.555656,9,79,108
1743496354.590656,-52,49,132
1743496354.627656,-38,7,134
1743496354.662656,-22,-30,154
1743496354.698656,25,22,54
1743496354.734656,41,-62,22
1743496354.769656,-90,11,56
1743496354.805656,-6,6,138
1743496354.840656,-88,-31,164
1743496354.875656,43,-39,252
1743496354.910656,-36,25,92
1743496354.946656,-18,-37,92
1743496354.982656,23,18,250
1743496355.017656,39,32,248
1743496355.053656,51,-1,156
1743496355.088656,-8,52,94
1743496355.123656,-36,-59,160
1743496355.158656,-46,36,118
1743496355.194656,11,48,100
1743496355.230656,41,-27,114
1743496355.265656,-40,-25,170
1743496355.301656,11,22,160
1743496355.336656,-28,-34,92
1743496355.371656,-46,46,114
1743496355.406656,-20,-33,80
1743496355.442656,98,-61,212
1743496355.478656,69,-23,86
1743496355.513656,-27,-57,82
1743496355.5496562,-43,54,83
1743496355.584656,44,-10,85
1743496355.619656,-55,-33,63
1743496355.6546562,20,-51,123
1743496355.690656,22,-40,229
1743496355.726656,34,-50,215
1743496355.761656,18,-47,133
1743496355.797656,82,-71,105
1743496355.832656,-13,-29,53
1743496355.867656,-57,2,33
1743496355.902656,22,34,63
1743496355.938656,54,20,213
1743496355.974656,-9,-1,217
1743496356.009656,84,-55,145
1743496356.045656,3,6,117
1743496356.080656,32,10,63
1743496356.115656,15,4,93
1743496356.150656,17,-12,135
1743496356.186656,-18,12,179
1743496356.222656,-44,-15,159
1743496356.257656,22,78,47
1743496356.293656,-1,22,181
1743496356.328656,0,-1,91
1743496356.363656,-52,14,173
1743496356.398656,-22,70,195
1743496356.434656,31,14,177
1743496356.4706562,1,-9,169
1743496356.505656,-36,52,109
1743496356.541656,73,-21,107
1743496356.576656,127,26,233
1743496356.611656,65,-15,175
1743496356.646656,-48,24,157
1743496356.682656,-14,-7,175
1743496356.718656,37,-17,183
1743496356.753656,19,19,181
1743496356.7896562,-28,58,185
1743496356.824656,45,-38,71
1743496356.859656,-18,1,115
1743496356.894656,43,-16,183
1743496356.930656,12,-9,91
1743496356.966656,-61,-15,83
1743496357.001656,39,4,187
1743496357.037656,31,-53,27
1743496357.0726562,-46,-13,143
1743496357.107656,33,52,158
1743496357.142656,-6,-11,180
1743496357.178656,-2,-29,68
1743496357.214656,101,-23,64
1743496357.249656,33,-27,92
1743496357.285656,0,22,6
1743496357.320656,-1,-45,158
1743496357.355656,66,-9,82
1743496357.390656,-15,-55,72
1743496357.426656,46,-23,254
1743496357.462656,2,110,94
1743496357.497656,-15,-19,144
1743496357.533656,50,-47,108
1743496357.568656,22,6,154
1743496357.603656,40,-21,90
1743496357.638656,34,42,188
1743496357.6746562,-67,2,160
1743496357.7106562,34,-43,168
1743496357.745656,70,27,158
1743496357.781656,-71,44,36
1743496357.816656,64,-27,196
1743496357.851656,-11,-58,160
1743496357.886656,-13,-67,240
1743496357.922656,-5,5,220
1743496357.958656,12,-9,304
1743496357.9936562,-25,5,136
1743496358.0296562,-27,-11,54
1743496358.064656,-13,-21,50
1743496358.099656,-59,30,140
1743496358.134656,-51,32,70
1743496358.170656,4,52,82
1743496358.206656,20,14,98
1743496358.241656,-37,-1,198
1743496358.277656,56,34,104
1743496358.3126562,0,-30,204
1743496358.347656,20,-74,136
1743496358.382656,14,17,218
1743496358.418656,-25,2,300
1743496358.454656,73,30,82
1743496358.489656,21,-14,150
1743496358.525656,39,-38,154
1743496358.560656,-4,-16,58
1743496358.5956562,-76,25,130
1743496358.630656,45,-20,160
1743496358.666656,-4,35,36
1743496358.702656,-24,-45,154
1743496358.737656,0,-20,140
1743496358.773656,-10,51,66
1743496358.808656,68,35,92
1743496358.843656,-55,-30,206
1743496358.879656,64,-34,112
1743496358.9146562,-35,-4,114
1743496358.950656,-15,-8,210
1743496358.985656,-9,-60,26
1743496359.021656,-127,-62,110
1743496359.056656,36,85,74
1743496359.091656,-13,-30,128
1743496359.127656,-44,58,72
1743496359.162656,-29,103,156
1743496359.198656,48,-12,212
1743496359.2336562,-54,-46,122
1743496359.269656,-64,37,204
1743496359.304656,19,37,66
1743496359.339656,-12,-4,84
1743496359.375656,9,31,208
1743496359.410656,9,33,306
1743496359.446656,-12,29,68
1743496359.481656,-64,57,152
1743496359.517656,133,13,100
1743496359.552656,-18,-34,196
1743496359.587656,51,0,16
1743496359.623656,19,-46,90
1743496359.658656,7,0,100
1743496359.694656,35,25,144
1743496359.729656,-32,-44,130
1743496359.765656,-12,-20,176
1743496359.800656,-60,-16,128
1743496359.8356562,-50,3,139
1743496359.871656,51,41,85
1743496359.906656,53,-2,97
1743496359.942656,49,-34,316
1743496359.977656,-44,-6,90
1743496360.013656,19,-28,4
1743496360.048656,-24,105,130
1743496360.083656,-34,17,142
1743496360.119656,27,43,130
1743496360.1546562,59,39,-13
1743496360.190656,27,17,99
1743496360.225656,-22,-28,71
1743496360.261656,-23,9,121
1743496360.296656,54,13,115
1743496360.331656,8,-50,169
1743496360.367656,72,57,111
1743496360.402656,-30,39,147
1743496360.438656,17,21,113
1743496360.473656,35,49,-2
1743496360.509656,-1,53,72
1743496360.544656,-93,-68,127
1743496360.579656,9,65,167
1743496360.615656,-7,-64,195
1743496360.650656,-2,-60,147
1743496360.686656,37,-9,43
1743496360.721656,3,-53,87
1743496360.757656,-20,-59,109
1743496360.792656,63,-39,89
1743496360.827656,-62,68,187
1743496360.863656,-10,-44,117
1743496360.898656,5,-18,171
1743496360.934656,75,-7,101
1743496360.969656,57,-47,187
1743496361.005656,-32,0,185
1743496361.040656,149,56,-36
1743496361.075656,11,-31,219
1743496361.111656,33,-61,183
1743496361.146656,11,-17,31
1743496361.182656,9,0,205
1743496361.217656,-46,18,51
1743496361.253656,25,-33,137
1743496361.288656,39,-5,75
1743496361.323656,5,-21,143
1743496361.359656,-32,0,121
1743496361.394656,48,-15,95
1743496361.430656,-39,-6,75
1743496361.465656,-31,22,191
1743496361.501656,-25,-25,133
1743496361.536656,-45,-49,219
1743496361.571656,12,30,123
1743496361.607656,36,44,39
1743496361.642656,-5,38,211
1743496361.678656,-43,40,243
1743496361.713656,-18,15,81
1743496361.749656,5,-60,201
1743496361.791656,69,97,83
1743496361.827656,-18,-26,155
1743496361.863656,-8,-78,163
1743496361.898656,-62,-66,84
1743496361.934656,31,63,126
1743496361.969656,-44,-48,136
1743496362.005656,-60,-34,182
1743496362.040656,-12,-26,100
1743496362.075656,47,43,216
1743496362.111656,-60,-30,108
1743496362.146656,-14,21,222
1743496362.182656,-38,-28,184
1743496362.217656,-36,43,126
1743496362.252656,-4,-42,56
1743496362.287656,-102,-28,82
1743496362.323656,35,29,88
1743496362.359656,52,-24,196
1743496362.394656,58,39,104
1743496362.430656,-9,-26,302
1743496362.465656,-11,13,183
1743496362.500656,-101,-34,161
1743496362.535656,12,1,9
1743496362.571656,-85,-66,147
1743496362.607656,26,-12,205
1743496362.642656,46,-10,83
1743496362.678656,54,-34,107
1743496362.713656,0,-18,107
1743496362.748656,12,-10,131
1743496362.783656,60,-40,127
1743496362.819656,8,-74,101
1743496362.855656,-7,35,195
1743496362.890656,22,-11,95
1743496362.926656,-127,59,69
1743496362.961656,2,36,119
1743496362.996656,18,0,5
1743496363.031656,-5,-24,221
1743496363.067656,18,-30,21
1743496363.103656,-25,-88,101
1743496363.138656,-15,-32,65
1743496363.1746562,-16,22,127
1743496363.209656,-43,70,107
1743496363.244656,61,-21,123
1743496363.2796562,-28,-27,225
1743496363.315656,89,34,179
1743496363.351656,-2,12,157
1743496363.386656,71,40,56
1743496363.422656,71,-43,192
1743496363.457656,27,18,182
1743496363.492656,31,82,148
1743496363.527656,-118,2,76
1743496363.563656,29,46,110
1743496363.599656,-40,-39,178
1743496363.634656,55,-7,214
1743496363.670656,39,42,144
1743496363.705656,15,-25,108
1743496363.742656,9,-7,62
1743496363.777656,10,-49,2
1743496363.8126562,-6,-9,118
1743496363.847656,-10,-67,-83
1743496363.883656,-68,-73,114
1743496363.919656,15,46,224
1743496363.954656,-10,-5,68
1743496363.990656,-64,-11,134
1743496364.025656,-12,-27,50
1743496364.060656,51,-43,20
1743496364.0956562,-30,46,42
1743496364.1316562,-76,-25,196
1743496364.167656,-6,-17,200
1743496364.202656,-16,48,96
1743496364.238656,9,-55,246
1743496364.273656,-94,76,166
1743496364.308656,-32,-65,198
1743496364.343656,-44,-57,114
1743496364.379656,-26,-13,106
1743496364.415656,53,-59,186
1743496364.450656,-90,-39,178
1743496364.486656,-24,-59,14
1743496364.521656,-24,26,72
1743496364.556656,-34,-75,82
1743496364.591656,43,42,164
1743496364.627656,-4,84,104
1743496364.663656,27,-17,-31
1743496364.698656,-4,-15,128
1743496364.734656,27,-45,152
1743496364.769656,25,50,182
1743496364.804656,37,30,210
1743496364.839656,-54,-9,58
1743496364.875656,47,2,186
1743496364.911656,-40,12,96
1743496364.946656,52,-19,198
1743496364.982656,-16,-37,160
1743496365.017656,15,-13,100
1743496365.052656,-86,-23,182
1743496365.087656,-46,-40,70
1743496365.123656,-128,73,272
1743496365.159656,-14,-4,190
1743496365.194656,-22,-14,222
1743496365.230656,-123,53,212
1743496365.265656,-22,-2,106
1743496365.300656,19,-18,140
1743496365.3356562,-30,32,138
1743496365.371656,-53,9,172
1743496365.407656,6,-10,96
1743496365.442656,31,43,76
1743496365.478656,-61,-8,208
1743496365.513656,-50,5,154
1743496365.548656,-24,-10,210
1743496365.583656,-65,71,128
1743496365.619656,25,49,122
1743496365.655656,38,35,164
1743496365.690656,9,-26,62
1743496365.726656,-28,31,128
1743496365.761656,-34,-22,146
1743496365.796656,-56,-16,110
1743496365.831656,5,0,188
1743496365.867656,-26,-35,80
1743496365.903656,39,-45,146
1743496365.938656,-60,32,60
1743496365.974656,83,-12,214
1743496366.009656,75,45,120
1743496366.044656,-22,27,38
1743496366.079656,43,28,168
1743496366.115656,65,-25,242
1743496366.1516562,-34,32,142
1743496366.186656,109,-43,160
1743496366.222656,-57,66,232
1743496366.257656,-29,-7,186
1743496366.292656,-9,-31,82
1743496366.327656,-25,-13,128
1743496366.363656,-15,-23,164
1743496366.399656,-33,-31,76
1743496366.434656,-63,-25,138
1743496366.4706562,68,36,82
1743496366.505656,-43,-27,124
1743496366.540656,-51,-55,112
1743496366.575656,16,-67,254
1743496366.611656,64,-107,68
1743496366.647656,-25,-25,222
1743496366.682656,0,4,58
1743496366.718656,-23,-25,158
1743496366.753656,52,10,190
1743496366.788656,68,-11,306
1743496366.823656,-55,54,170
1743496366.859656,-27,12,138
1743496366.895656,-11,16,204
1743496366.930656,42,58,16
1743496366.966656,7,-53,150
1743496367.001656,-14,0,68
1743496367.036656,-98,38,198
1743496367.071656,61,-9,180
1743496367.107656,0,40,122
1743496367.143656,14,4,56
1743496367.178656,-27,-1,196
1743496367.214656,12,14,16
1743496367.249656,92,-33,46
1743496367.284656,75,28,122
1743496367.319656,83,46,218
1743496367.355656,17,46,124
1743496367.3916562,17,4,146
1743496367.426656,65,10,112
1743496367.462656,69,-3,180
1743496367.497656,-36,114,204
1743496367.532656,-110,10,70
1743496367.567656,47,-5,82
1743496367.603656,-30,12,210
1743496367.639656,-52,-23,16
1743496367.6746562,91,38,232
1743496367.7106562,-12,-13,36
1743496367.745656,21,54,184
1743496367.780656,-4,-37,138
1743496367.815656,43,-41,122
1743496367.851656,33,36,2
1743496367.887656,1,-31,160
1743496367.922656,67,8,164
1743496367.958656,27,18,96
1743496367.9936562,9,16,102
1743496368.028656,51,-29,50
1743496368.063656,-52,42,228
1743496368.099656,6,38,146
1743496368.135656,-63,18,238
1743496368.170656,-35,-9,238
1743496368.206656,31,-3,234
1743496368.241656,-50,2,34
1743496368.2766562,19,108,170
1743496368.3126562,-48,86,214
1743496368.347656,-86,32,234
1743496368.383656,-18,60,2
1743496368.418656,19,-19,50
1743496368.454656,-100,-39,126
1743496368.489656,5,-41,142
1743496368.524656,-38,-31,86
1743496368.560656,59,34,180
1743496368.5956562,19,-63,156
1743496368.6316562,45,-17,84
1743496368.666656,-10,-19,110
1743496368.702656,-20,94,140
1743496368.737656,5,40,182
1743496368.772656,-28,46,140
1743496368.808656,0,-29,98
1743496368.843656,-2,120,118
1743496368.879656,27,44,152
1743496368.9146562,-16,82,216
1743496368.950656,24,-3,114
1743496368.985656,46,6,84
1743496369.020656,6,74,172
1743496369.056656,66,-23,84
1743496369.091656,-21,-79,130
1743496369.127656,70,28,142
1743496369.162656,-63,22,156
1743496369.198656,24,39,126
1743496369.2336562,14,-12,148
1743496369.268656,-1,-26,242
1743496369.304656,-15,11,110
1743496369.339656,70,33,208
1743496369.375656,20,46,128
1743496369.410656,27,92,164
1743496369.446656,-85,-33,66
1743496369.481656,-13,-15,222
1743496369.5166562,-13,-11,112
1743496369.552656,52,-18,110
1743496369.587656,-3,-88,194
1743496369.623656,28,36,128
1743496369.658656,-75,-29,152
1743496369.694656,72,-41,120
1743496369.729656,-97,-23,30
1743496369.764656,36,-77,80
1743496369.800656,60,6,200
1743496369.8356562,-25,-39,164
1743496369.871656,4,46,116
1743496369.906656,4,-12,116
1743496369.942656,-13,-18,42
1743496369.977656,-93,45,56
1743496370.012656,-123,-22,64
1743496370.048656,-69,-30,148
1743496370.083656,-83,53,94
1743496370.119656,64,-60,112
1743496370.1546562,-3,-42,108
1743496370.190656,-13,21,148
1743496370.225656,84,28,280
1743496370.260656,-23,-14,102
1743496370.296656,14,-96,196
1743496370.331656,40,43,160
1743496370.367656,26,25,110
1743496370.402656,6,32,122
1743496370.438656,-11,30,152
1743496370.473656,-123,-83,224
1743496370.508656,-23,37,18
1743496370.544656,4,17,130
1743496370.579656,62,-62,232
1743496370.615656,-13,29,178
1743496370.650656,26,33,110
1743496370.686656,-77,25,102
1743496370.721656,64,-84,88
1743496370.7566562,-29,-68,62
1743496370.792656,-7,-80,108
1743496370.827656,-39,3,152
1743496370.863656,-39,-45,106
1743496370.898656,-29,34,-3
1743496370.934656,38,-3,190
1743496370.969656,-21,57,148
1743496371.004656,-33,36,76
1743496371.040656,-42,72,6
1743496371.075656,-14,40,190
1743496371.111656,-40,54,108
1743496371.146656,37,-13,190
1743496371.182656,21,58,80
1743496371.217656,-4,-7,162
1743496371.252656,-6,18,102
1743496371.288656,-36,30,136
1743496371.323656,-8,-47,186
1743496371.359656,1,-17,162
1743496371.394656,59,-35,138
1743496371.430656,109,32,160
1743496371.465656,3,8,100
1743496371.500656,45,5,172
1743496371.536656,-66,0,222
1743496371.571656,12,21,142
1743496371.607656,0,84,154
1743496371.642656,-131,83,208
1743496371.678656,10,-18,94
1743496371.714656,-63,-16,80
1743496371.749656,66,-2,16
1743496371.784656,0,-52,156
1743496371.827656,-49,23,158
1743496371.864656,-28,-44,188
1743496371.899656,35,21,216
1743496371.935656,-16,41,98
1743496371.9706562,-30,37,128
1743496372.005656,-2,-20,140
1743496372.040656,-18,-4,32
1743496372.076656,1,-32,146
1743496372.112656,-26,-12,122
1743496372.147656,33,-78,122
1743496372.183656,-118,-16,108
1743496372.218656,31,5,42
1743496372.253656,-105,-81,206
1743496372.288656,110,11,184
1743496372.324656,-43,13,198
1743496372.360656,20,20,168
1743496372.395656,78,26,134
1743496372.431656,-93,4,202
1743496372.466656,-33,72,188
1743496372.501656,12,58,176
1743496372.536656,-11,4,94
1743496372.5726562,-31,-21,168
1743496372.6086562,-27,-49,114
1743496372.643656,-9,22,260
1743496372.679656,44,-3,106
1743496372.714656,50,-7,216
1743496372.749656,6,48,218
1743496372.784656,-27,-2,154
1743496372.820656,-73,7,134
1743496372.856656,26,-48,176
1743496372.8916562,50,15,140
1743496372.927656,92,-1,160
1743496372.962656,-3,103,90
1743496372.997656,24,13,110
1743496373.032656,100,-11,250
1743496373.068656,-65,-26,82
1743496373.104656,-23,31,174
1743496373.139656,82,31,190
1743496373.175656,-43,-18,152
1743496373.2106562,-53,-48,82
1743496373.245656,38,7,174
1743496373.280656,58,19,144
1743496373.316656,46,16,116
1743496373.352656,58,26,70
1743496373.387656,-13,8,60
1743496373.423656,-55,16,230
1743496373.458656,-29,-31,206
1743496373.4936562,0,-27,118
1743496373.528656,19,-6,114
1743496373.564656,15,-1,42
1743496373.600656,83,-160,144
1743496373.635656,43,27,154
1743496373.671656,-76,41,162
1743496373.706656,-14,-36,244
1743496373.741656,3,-49,264
1743496373.7766562,-24,-5,120
1743496373.8126562,-54,0,50
1743496373.848656,85,-7,152
1743496373.883656,47,32,158
1743496373.919656,41,4,166
1743496373.954656,-2,-21,184
1743496373.989656,-24,-15,134
1743496374.024656,-78,2,210
1743496374.060656,1,-81,234
1743496374.096656,17,32,96
1743496374.1316562,0,8,44
1743496374.167656,17,-57,130
1743496374.202656,0,-35,-21
1743496374.237656,-108,-43,38
1743496374.272656,29,-47,156
1743496374.308656,15,-1,134
1743496374.344656,-22,-69,110
1743496374.379656,-30,8,38
1743496374.415656,23,-25,184
1743496374.450656,-18,14,134
1743496374.485656,-98,10,164
1743496374.520656,0,-53,82
1743496374.556656,27,-11,146
1743496374.592656,19,-69,138
1743496374.627656,-12,27,162
1743496374.663656,-12,-53,116
1743496374.698656,11,13,90
1743496374.7336562,-16,27,190
1743496374.768656,45,-172,218
1743496374.804656,-128,-26,190
1743496374.840656,5,-16,114
1743496374.875656,-10,-36,88
1743496374.911656,-2,43,172
1743496374.946656,-40,37,56
1743496374.981656,-114,41,176
1743496375.0166562,5,-60,70
1743496375.052656,-12,37,178
1743496375.088656,21,-4,126
1743496375.123656,-46,8,86
1743496375.159656,-56,5,140
1743496375.194656,37,-5,140
1743496375.229656,-42,-9,116
1743496375.264656,-18,-30,166
1743496375.300656,13,12,10
1743496375.336656,-2,-58,136
1743496375.371656,-18,-27,156
1743496375.407656,99,-11,142
1743496375.442656,-42,-57,130
1743496375.477656,13,28,78
1743496375.512656,11,48,68
1743496375.548656,5,42,182
1743496375.584656,57,-43,50
1743496375.619656,1,36,190
1743496375.655656,27,-41,182
1743496375.690656,13,-61,68
1743496375.725656,-26,78,196
1743496375.760656,-6,56,180
1743496375.796656,-40,28,112
1743496375.832656,-2,64,34
1743496375.867656,-44,-3,188
1743496375.903656,-24,50,159
1743496375.938656,21,26,73
1743496375.973656,61,-31,81
1743496376.008656,-18,50,207
1743496376.044656,-24,-3,107
1743496376.080656,-46,34,187
1743496376.115656,1,-27,121
1743496376.1516562,80,6,83
1743496376.186656,-9,10,127
1743496376.221656,38,-89,-32
1743496376.257656,6,11,37
1743496376.292656,46,-22,171
1743496376.328656,50,-31,79
1743496376.363656,-19,-13,169
1743496376.399656,4,-123,147
1743496376.434656,6,30,191
1743496376.469656,16,-19,29
1743496376.504656,28,-19,155
1743496376.540656,24,42,97
1743496376.576656,46,-15,77
1743496376.611656,-53,-9,89
1743496376.647656,-15,26,93
1743496376.682656,22,16,113
1743496376.717656,-33,-71,119
1743496376.752656,43,46,99
1743496376.788656,9,22,89
1743496376.824656,-30,-85,87
1743496376.859656,-14,40,107
1743496376.895656,71,68,201
1743496376.930656,1,29,193
1743496376.965656,-54,-51,47
1743496377.000656,77,-19,49
1743496377.036656,-36,-59,191
1743496377.0726562,15,38,75
1743496377.107656,101,6,95
1743496377.143656,-4,-29,47
1743496377.178656,21,-57,75
1743496377.213656,-64,12,105
1743496377.248656,17,-33,149
1743496377.284656,33,-91,139
1743496377.320656,23,34,35
1743496377.355656,-34,-29,151
1743496377.3916562,33,19,119
1743496377.426656,-6,1,149
1743496377.461656,-72,7,89
1743496377.496656,45,-18,143
1743496377.532656,11,33,175
1743496377.568656,29,-22,165
1743496377.603656,-34,59,89
1743496377.639656,47,-10,236
1743496377.6746562,9,45,191
1743496377.709656,1,-8,76
1743496377.745656,-9,68,198
1743496377.780656,-11,4,220
1743496377.816656,-47,20,114
1743496377.851656,-40,26,191
1743496377.887656,51,76,110
1743496377.922656,-7,-31,126
1743496377.957656,1,12,106
1743496377.9936562,-27,38,46
1743496378.028656,50,-41,166
1743496378.064656,-5,10,80
1743496378.099656,-8,-13,124
1743496378.135656,-36,-42,104
1743496378.170656,-18,2,88
1743496378.205656,67,22,156
1743496378.241656,-16,30,162
1743496378.2766562,57,-35,144
1743496378.3126562,43,-3,162
1743496378.347656,27,-19,122
1743496378.383656,41,112,130
1743496378.418656,49,-1,98
1743496378.453656,-54,-16,156
1743496378.489656,15,-40,120
1743496378.524656,27,-20,132
1743496378.560656,-14,69,126
1743496378.5956562,69,-50,202
1743496378.6316562,93,-36,140
1743496378.666656,23,3,18
1743496378.701656,-30,81,136
1743496378.737656,11,5,100
1743496378.772656,-40,-12,58
1743496378.808656,23,-2,228
1743496378.843656,-4,-13,233
1743496378.879656,51,19,179
1743496378.9146562,-4,-25,177
1743496378.949656,7,26,111
1743496378.985656,1,-47,267
1743496379.020656,1,-31,155
1743496379.056656,58,28,181
1743496379.091656,14,-39,159
1743496379.127656,-32,50,85
1743496379.162656,-19,20,279
1743496379.1976562,-26,-19,55
1743496379.2336562,-69,12,179
1743496379.268656,-20,23,117
1743496379.304656,-6,28,131
1743496379.339656,81,54,213
1743496379.375656,-76,84,141
1743496379.410656,-44,24,49
1743496379.445656,-68,-1,-58
1743496379.481656,128,18,187
1743496379.5166562,-7,-5,-2
1743496379.552656,78,3,119
1743496379.587656,26,-18,57
1743496379.623656,9,-8,-40
1743496379.658656,65,-48,89
1743496379.693656,-17,47,135
1743496379.729656,28,-4,159
1743496379.764656,-54,-6,135
1743496379.800656,35,15,97
1743496379.8356562,72,117,193
1743496379.871656,2,-60,79
1743496379.906656,-12,9,163
1743496379.941656,-94,9,143
1743496379.977656,77,-2,139
1743496380.012656,-50,-96,195
1743496380.048656,17,11,137
1743496380.083656,-35,25,255
1743496380.119656,41,-58,217
1743496380.1546562,-26,1,123
1743496380.189656,49,11,117
1743496380.225656,-76,-31,25
1743496380.260656,31,-73,165
1743496380.296656,59,-7,99
1743496380.331656,27,10,173
1743496380.367656,15,-27,103
1743496380.402656,49,-25,103
1743496380.4376562,-8,-31,199
1743496380.473656,17,22,121
1743496380.508656,13,68,109
1743496380.544656,-2,2,179
1743496380.579656,-48,34,129
1743496380.615656,-4,-53,43
1743496380.650656,-22,64,231
1743496380.685656,-8,32,191
1743496380.721656,33,-44,73
1743496380.7566562,-54,81,277
1743496380.792656,19,2,135
1743496380.827656,0,26,185
1743496380.863656,-24,-61,217
1743496380.898656,-4,32,63
1743496380.933656,-36,-9,65
1743496380.969656,-14,2,137
1743496381.004656,4,-49,55
1743496381.040656,52,34,183
1743496381.075656,16,76,147
1743496381.111656,0,38,113
1743496381.147656,-76,14,129
1743496381.182656,51,-56,171
1743496381.217656,-2,-32,9
1743496381.253656,-72,101,41
1743496381.2896562,23,-12,145
1743496381.324656,-4,-52,41
1743496381.360656,-22,-12,243
1743496381.395656,-86,33,191
1743496381.430656,-22,-16,61
1743496381.465656,17,-10,141
1743496381.501656,-62,-6,-24
1743496381.537656,17,-16,195
1743496381.5726562,23,33,123
1743496381.6086562,45,15,106
1743496381.643656,1,-17,54
1743496381.678656,-80,40,164
1743496381.713656,-82,-5,188
1743496381.749656,45,-41,154
1743496381.785656,-12,-1,164
1743496381.827656,-56,-1,52
1743496381.864656,-8,14,112
1743496381.899656,5,-29,50
1743496381.934656,81,44,140
1743496381.969656,-30,-7,144
1743496382.005656,59,-39,284
1743496382.041656,93,20,74
1743496382.076656,-28,36,132
1743496382.112656,-60,10,72
1743496382.147656,0,90,146
1743496382.182656,23,-29,116
1743496382.217656,-98,18,174
1743496382.253656,-44,-3,88
1743496382.2896562,67,-45,116
1743496382.324656,3,-5,164
1743496382.360656,-38,54,114
1743496382.395656,0,-15,200
1743496382.430656,44,-23,148
1743496382.465656,74,34,-45
1743496382.501656,-21,-9,44
1743496382.537656,24,34,142
1743496382.5726562,-42,26,92
1743496382.6086562,-35,40,120
1743496382.643656,-11,-7,28
1743496382.678656,40,-7,72
1743496382.713656,30,80,28
1743496382.749656,66,-1,40
1743496382.785656,72,-5,122
1743496382.820656,-24,82,0
1743496382.856656,-56,38,144
1743496382.8916562,9,-25,100
1743496382.926656,-72,-17,160
1743496382.961656,-2,2,80
1743496382.997656,69,-45,61
1743496383.033656,61,24,93
1743496383.068656,39,68,29
1743496383.104656,15,8,153
1743496383.139656,-68,64,89
1743496383.1746562,-23,-33,41
1743496383.209656,38,10,99
1743496383.245656,-5,-85,67
1743496383.281656,12,18,203
1743496383.316656,66,-31,47
1743496383.352656,-87,-5,105
1743496383.387656,2,-41,25
1743496383.422656,-71,36,147
1743496383.457656,-55,-33,51
1743496383.4936562,0,84,133
1743496383.5296562,-17,-20,63
1743496383.564656,24,13,173
1743496383.600656,34,-28,143
1743496383.635656,-37,-25,187
1743496383.670656,-9,36,207
1743496383.705656,38,31,-32
1743496383.741656,16,-9,177
1743496383.777656,-89,22,85
1743496383.8126562,-79,42,235
1743496383.848656,-1,28,125
1743496383.883656,28,14,171
1743496383.918656,26,12,157
1743496383.953656,-11,-25,77
1743496383.989656,40,34,303
1743496384.025656,2,18,83
1743496384.060656,20,-25,125
1743496384.096656,-23,62,145
1743496384.1316562,0,2,273
1743496384.166656,34,-67,143
1743496384.201656,-65,-69,205
1743496384.237656,6,54,169
1743496384.273656,-49,-13,71
1743496384.308656,72,-11,135
1743496384.344656,38,38,117
1743496384.379656,24,-1,197
1743496384.4146562,-13,10,173
1743496384.449656,-18,68,169
1743496384.485656,29,-93,193
1743496384.521656,-22,-55,119
1743496384.556656,-4,38,151
1743496384.592656,-13,-46,0
1743496384.627656,62,38,88
1743496384.662656,91,13,108
1743496384.6976562,17,-76,194
1743496384.7336562,-15,-2,-15
1743496384.769656,74,35,28
1743496384.804656,-43,63,185
1743496384.840656,-45,5,170
1743496384.875656,-43,-12,179
1743496384.910656,46,9,63
1743496384.945656,74,-6,60
1743496384.981656,22,-4,77
1743496385.017656,0,-10,146
1743496385.052656,22,-38,74
1743496385.088656,0,33,146
1743496385.123656,24,-40,196
1743496385.158656,6,21,82
1743496385.193656,-5,-36,214
1743496385.229656,-75,-10,162
1743496385.265656,-5,0,206
1743496385.300656,20,-16,60
1743496385.336656,4,37,70
1743496385.371656,30,-20,92
1743496385.406656,-23,-24,166
1743496385.441656,12,53,130
1743496385.477656,10,-2,92
1743496385.513656,-15,57,144
1743496385.548656,-35,25,140
1743496385.584656,85,13,94
1743496385.619656,32,17,118
1743496385.6546562,-31,31,253
1743496385.689656,-13,-32,123
1743496385.725656,0,-72,110
1743496385.761656,8,-26,114
1743496385.796656,14,41,92
1743496385.832656,-27,24,151
1743496385.867656,2,3,26
1743496385.902656,6,0,171
1743496385.9376562,-21,-56,133
1743496385.973656,26,-19,79
1743496386.009656,-41,6,191
1743496386.044656,-51,-19,193
1743496386.080656,-111,-1,117
1743496386.115656,-27,26,43
1743496386.150656,-17,84,79
1743496386.185656,22,-47,157
1743496386.221656,46,-9,111
1743496386.257656,-37,16,237
1743496386.292656,7,12,167
1743496386.328656,35,-72,129
1743496386.363656,-6,12,59
1743496386.398656,13,-6,119
1743496386.433656,3,-48,195
1743496386.469656,10,-4,111
1743496386.505656,4,-7,125
1743496386.540656,68,74,140
1743496386.576656,-15,-7,178
1743496386.611656,6,0,26
1743496386.646656,10,34,194
1743496386.681656,36,-51,182
1743496386.717656,2,4,78
1743496386.753656,-29,67,204
1743496386.788656,-61,-11,136
1743496386.824656,-13,30,118
1743496386.859656,59,2,108
1743496386.894656,35,26,120
1743496386.929656,7,-45,138
1743496386.965656,-8,0,186
1743496387.001656,-18,-11,172
1743496387.036656,23,-27,100
1743496387.0726562,-34,-15,180
1743496387.107656,63,8,128
1743496387.142656,7,-19,-17
1743496387.178656,61,-15,158
1743496387.213656,-14,34,-17
1743496387.249656,-32,-25,276
1743496387.284656,55,-33,36
1743496387.320656,75,42,132
1743496387.355656,-20,-19,132
1743496387.390656,-52,-19,170
1743496387.426656,11,4,194
1743496387.461656,-38,16,86
1743496387.497656,-60,-7,98
1743496387.532656,-6,52,106
1743496387.568656,-4,-25,130
1743496387.603656,-12,-65,134
1743496387.638656,49,17,80
1743496387.6746562,1,-29,124
1743496387.709656,59,-37,148
1743496387.745656,19,30,110
1743496387.780656,-4,-9,102
1743496387.816656,29,-52,148
1743496387.851656,29,11,196
1743496387.886656,-72,5,96
1743496387.922656,9,67,150
1743496387.957656,-38,15,78
1743496387.9936562,45,41,210
1743496388.028656,37,55,172
1743496388.064656,43,-32,136
1743496388.099656,-44,43,118
1743496388.134656,21,-84,40
1743496388.170656,-20,-10,264
1743496388.205656,-26,-39,174
1743496388.241656,17,89,140
1743496388.2766562,-84,42,150
1743496388.3126562,-28,8,76
1743496388.347656,47,-81,164
1743496388.382656,57,-43,72
1743496388.418656,-21,-3,92
1743496388.453656,27,-63,62
1743496388.489656,36,-21,192
1743496388.524656,-61,2,150
1743496388.560656,2,-39,206
1743496388.5956562,64,-3,110
1743496388.630656,22,-31,184
1743496388.666656,-11,-81,74
1743496388.701656,-1,-13,110
1743496388.737656,-65,-5,252
1743496388.772656,-21,-3,105
1743496388.808656,40,-39,39
1743496388.843656,-47,-31,107
1743496388.878656,-1,-62,127
1743496388.9146562,95,15,27
1743496388.949656,-56,-42,91
1743496388.985656,3,87,151
1743496389.020656,-12,17,129
1743496389.056656,-64,1,103
1743496389.091656,-16,-34,91
1743496389.126656,-22,-34,195
1743496389.162656,47,17,177
1743496389.1976562,23,-22,173
1743496389.2336562,9,-20,133
1743496389.268656,79,-25,113
1743496389.304656,39,63,215
1743496389.339656,-30,-22,89
1743496389.374656,5,-32,85
1743496389.410656,-34,33,177
1743496389.445656,-14,-66,203
1743496389.481656,-24,25,155
1743496389.5166562,-74,-26,107
1743496389.552656,-60,-40,49
1743496389.587656,105,-68,67
1743496389.622656,-8,-40,265
1743496389.658656,11,13,103
1743496389.693656,-50,-54,83
1743496389.729656,61,45,101
1743496389.764656,21,61,139
1743496389.800656,-50,5,57
1743496389.8356562,-72,-56,109
1743496389.870656,31,86,149
1743496389.906656,-16,-47,63
1743496389.941656,-9,40,131
1743496389.977656,52,-49,167
1743496390.012656,42,-55,49
1743496390.048656,-41,22,5
1743496390.083656,54,-49,47
1743496390.1186562,128,-11,143
1743496390.1546562,35,58,157
1743496390.189656,-25,6,0
1743496390.225656,70,-57,169
1743496390.260656,13,0,95
1743496390.296656,-22,-7,149
1743496390.331656,-20,-85,173
1743496390.366656,25,-63,93
1743496390.402656,-54,2,93
1743496390.4376562,-26,-27,199
1743496390.473656,31,-19,103
1743496390.508656,63,76,91
1743496390.544656,29,10,149
1743496390.579656,7,4,181
1743496390.614656,3,-37,217
1743496390.650656,33,-17,47
1743496390.685656,3,-53,183
1743496390.721656,11,-9,67
1743496390.7566562,-18,38,237
1743496390.791656,13,34,7
1743496390.826656,-18,-51,41
1743496390.862656,-34,10,67
1743496390.898656,11,-7,263
1743496390.933656,35,-1,175
1743496390.969656,-30,6,245
1743496391.004656,37,-7,109
1743496391.0396562,-26,-25,97
1743496391.074656,45,16,123
1743496391.110656,105,42,115
1743496391.146656,15,28,255
1743496391.181656,-76,74,179
1743496391.217656,77,26,147
1743496391.252656,11,24,41
1743496391.287656,-64,62,163
1743496391.3226562,11,-55,125
1743496391.3586562,-10,-1,299
1743496391.394656,17,-41,101
1743496391.429656,59,8,101
1743496391.465656,-48,8,129
1743496391.500656,-80,34,135
1743496391.535656,71,-63,31
1743496391.570656,-26,36,203
1743496391.606656,-42,28,207
1743496391.642656,59,20,161
1743496391.677656,-22,-11,219
1743496391.713656,27,-39,11
1743496391.748656,79,-43,103
1743496391.783656,3,18,141
1743496391.818656,55,50,63
1743496391.861656,-36,34,223
1743496391.898656,7,50,43
1743496391.933656,11,74,139
1743496391.969656,54,22,23
1743496392.004656,-19,78,137
1743496392.0396562,-70,10,85
1743496392.074656,39,-19,107
1743496392.110656,-6,6,115
1743496392.146656,75,-1,161
1743496392.181656,29,-52,131
1743496392.217656,-20,14,191
1743496392.252656,-40,10,94
1743496392.287656,-52,-5,72
1743496392.3226562,-36,76,152
1743496392.3586562,63,-85,148
1743496392.394656,35,4,82
1743496392.429656,-56,-2,92
1743496392.465656,-2,71,122
1743496392.500656,-48,-62,130
1743496392.535656,-12,25,240
1743496392.570656,26,3,224
1743496392.606656,-52,27,64
1743496392.642656,9,-36,60
1743496392.677656,-30,-1,92
1743496392.713656,-73,16,102
1743496392.748656,34,34,160
1743496392.783656,24,-41,216
1743496392.818656,0,26,184
1743496392.854656,20,-5,152
1743496392.890656,-31,33,154
1743496392.925656,-19,-42,148
1743496392.961656,-22,-22,50
1743496392.996656,-57,-12,238
1743496393.031656,30,29,36
1743496393.066656,-83,-6,80
1743496393.102656,-12,-66,0
1743496393.138656,16,11,172
1743496393.173656,-61,19,152
1743496393.209656,36,55,126
1743496393.244656,28,38,106
1743496393.2796562,-31,6,132
1743496393.314656,72,30,162
1743496393.350656,-17,20,164
1743496393.386656,-17,-33,32
1743496393.421656,-71,-59,82
1743496393.457656,2,-29,98
1743496393.492656,50,10,172
1743496393.527656,74,-65,178
1743496393.5626562,44,-27,84
1743496393.598656,-21,60,92
1743496393.634656,-25,64,134
1743496393.669656,28,-5,214
1743496393.705656,17,-7,176
1743496393.740656,21,-25,44
1743496393.775656,7,-75,78
1743496393.810656,19,-9,266
1743496393.846656,71,18,114
1743496393.882656,-4,-1,136
1743496393.917656,-78,4,50
1743496393.953656,-30,-1,136
1743496393.988656,3,-67,132
1743496394.023656,17,-57,98
1743496394.058656,70,-93,209
1743496394.094656,-25,34,99
1743496394.130656,53,46,139
1743496394.165656,-90,-13,145
1743496394.201656,51,-3,2
1743496394.236656,48,20,223
1743496394.271656,70,52,121
1743496394.306656,0,70,161
1743496394.342656,26,-75,27
1743496394.378656,-39,-69,223
1743496394.413656,8,36,89
1743496394.449656,-25,2,43
1743496394.484656,-29,58,-60
1743496394.519656,-59,-31,59
1743496394.554656,100,34,59
1743496394.590656,50,-17,143
1743496394.626656,54,-61,43
1743496394.661656,52,70,155
1743496394.6976562,-5,-23,61
1743496394.732656,-11,10,125
1743496394.767656,69,-75,17
1743496394.802656,11,36,155
1743496394.838656,19,-9,111
1743496394.874656,-66,-11,83
1743496394.909656,-19,74,169
1743496394.945656,-39,50,79
1743496394.980656,-25,13,91
1743496395.015656,-51,-78,199
1743496395.050656,-10,-112,177
1743496395.086656,33,-4,137
1743496395.122656,-56,-4,85
1743496395.157656,-28,-13,53
1743496395.193656,69,-27,75
1743496395.228656,77,17,163
1743496395.263656,65,39,147
1743496395.298656,-12,-90,203
1743496395.334656,7,25,213
1743496395.370656,7,-32,95
1743496395.405656,-72,-22,171
1743496395.441656,71,37,161
1743496395.476656,-24,35,129
1743496395.511656,33,-33,81
1743496395.546656,-2,11,81
1743496395.582656,-94,11,135
1743496395.6186562,0,-56,183
1743496395.653656,3,33,103
1743496395.689656,9,21,63
1743496395.724656,-11,-52,63
1743496395.759656,65,0,27
1743496395.794656,-6,58,195
1743496395.830656,73,-37,83
1743496395.866656,29,-9,111
1743496395.9016562,21,10,201
1743496395.9376562,-108,-73,209
1743496395.972656,-44,-5,200
1743496396.007656,-74,0,132
1743496396.042656,-42,-21,188
1743496396.078656,53,30,208
1743496396.114656,-84,10,74
1743496396.149656,7,8,210
1743496396.185656,15,-35,8
1743496396.2206562,35,10,208
1743496396.255656,33,-3,118
1743496396.290656,37,6,170
1743496396.326656,3,18,90
1743496396.362656,-4,40,118
1743496396.397656,-3,64,126
1743496396.433656,-7,40,144
1743496396.468656,56,6,106
1743496396.503656,-89,16,218
1743496396.538656,-65,28,126
1743496396.574656,-39,-5,28
1743496396.610656,90,-48,219
1743496396.645656,42,11,143
1743496396.681656,-11,31,147
1743496396.716656,40,-17,125
1743496396.751656,-79,36,171
1743496396.787656,-9,40,137
1743496396.8226562,30,30,159
1743496396.8586562,116,-27,185
1743496396.893656,-15,-7,225
1743496396.929656,-1,68,81
1743496396.964656,-31,32,97
1743496396.999656,-37,10,179
1743496397.035656,48,46,119
1743496397.070656,-41,-23,257
1743496397.106656,-28,-13,95
1743496397.1416562,13,-69,121
1743496397.177656,-2,-19,51
1743496397.212656,-10,-53,164
1743496397.247656,11,38,176
1743496397.283656,-26,12,0
1743496397.318656,16,36,162
1743496397.354656,-43,55,132
1743496397.389656,0,-3,40
1743496397.425656,18,-17,132
1743496397.4606562,44,-57,80
1743496397.495656,-31,-49,166
1743496397.531656,2,36,240
1743496397.566656,-9,22,184
1743496397.602656,1,80,148
1743496397.637656,51,66,148
1743496397.673656,7,66,156
1743496397.708656,-72,24,122
1743496397.7436562,-52,-35,48
1743496397.7796562,5,-79,148
1743496397.814656,37,-33,66
1743496397.850656,-4,22,-1
1743496397.885656,33,12,72
1743496397.921656,-4,2,166
1743496397.956656,-58,38,90
1743496397.991656,23,6,60
1743496398.027656,11,-21,142
1743496398.0626562,-12,42,56
1743496398.098656,35,-108,152
1743496398.133656,5,-39,200
1743496398.169656,53,0,144
1743496398.204656,-42,30,128
1743496398.239656,41,10,196
1743496398.275656,5,34,194
1743496398.310656,-76,-73,132
1743496398.346656,83,-37,66
1743496398.3816562,-14,12,284
1743496398.417656,11,46,136
1743496398.452656,39,44,238
1743496398.487656,-44,64,156
1743496398.523656,107,8,108
1743496398.558656,-42,-59,144
1743496398.594656,-80,12,132
1743496398.629656,-34,58,78
1743496398.665656,7,-26,-33
1743496398.700656,5,125,98
1743496398.735656,11,-28,224
1743496398.771656,0,5,144
1743496398.806656,7,-17,144
1743496398.842656,35,-9,46
1743496398.877656,-26,-61,132
1743496398.913656,11,24,138
1743496398.948656,59,-37,196
1743496398.9836562,-50,22,208
1743496399.019656,-54,-45,144
1743496399.054656,43,-19,110
1743496399.090656,29,-21,168
1743496399.125656,-22,-11,104
1743496399.161656,29,-35,226
1743496399.196656,5,-23,86
1743496399.231656,25,20,102
1743496399.267656,69,128,68
1743496399.302656,17,52,54
1743496399.338656,-27,-5,154
1743496399.373656,2,-53,198
1743496399.409656,-3,18,148
1743496399.444656,-17,26,180
1743496399.481656,9,-25,88
1743496399.5166562,-15,10,74
1743496399.551656,-9,24,154
1743496399.587656,-86,-53,168
1743496399.622656,-43,-3,98
1743496399.658656,48,-7,174
1743496399.693656,-6,26,136
1743496399.729656,-21,0,166
1743496399.764656,58,-9,40
1743496399.7996562,-47,-67,194
1743496399.8356562,-29,72,172
1743496399.870656,-11,-5,72
1743496399.906656,32,22,110
1743496399.941656,-51,32,166
1743496399.977656,-21,20,66
1743496400.012656,24,-13,254
1743496400.047656,10,20,83
1743496400.083656,-5,-51,387
1743496400.1186562,-95,-41,210
1743496400.1546562,-25,0,193
1743496400.189656,14,-19,175
1743496400.225656,24,6,65
1743496400.261656,-25,-11,149
1743496400.297656,-17,64,103
1743496400.333656,71,-53,111
1743496400.3686562,22,34,161
1743496400.403656,98,26,15
1743496400.439656,-43,-1,99
1743496400.475656,0,0,-6
1743496400.510656,-19,-13,51
1743496400.546656,-1,-23,131
1743496400.581656,-43,70,129
1743496400.616656,-19,-27,153
1743496400.6516562,10,0,205
1743496400.6876562,-57,-33,205
1743496400.723656,-43,-3,225
1743496400.758656,-29,-53,111
1743496400.794656,2,-81,189
1743496400.829656,-51,56,43
1743496400.864656,14,-21,141
1743496400.899656,42,8,137
1743496400.935656,-3,-25,87
1743496400.971656,-13,32,165
1743496401.0066562,56,-3,155
1743496401.042656,20,-21,173
1743496401.077656,19,44,109
1743496401.112656,16,60,217
1743496401.147656,24,56,187
1743496401.183656,-65,28,121
1743496401.219656,12,82,199
1743496401.254656,18,-1,172
1743496401.290656,-7,-125,220
1743496401.325656,2,-45,104
1743496401.360656,-9,14,139
1743496401.395656,-39,106,144
1743496401.431656,-67,-63,174
1743496401.467656,24,-11,94
1743496401.502656,22,-11,72
1743496401.538656,-25,-35,50
1743496401.573656,26,-33,176
1743496401.6086562,72,54,126
1743496401.643656,28,-7,138
1743496401.679656,26,2,168
1743496401.715656,-67,-13,242
1743496401.750656,-43,28,-1
1743496401.786656,50,-27,-53
1743496401.821656,-23,-43,98
1743496401.863656,-69,-27,100
1743496401.899656,10,-3,108
1743496401.935656,60,32,152
1743496401.971656,-3,-33,188
1743496402.0066562,-13,-72,226
1743496402.042656,-1,-30,142
1743496402.077656,6,5,146
1743496402.112656,56,-70,70
1743496402.147656,10,34,132
1743496402.183656,50,52,100
1743496402.219656,28,6,176
1743496402.254656,50,-3,92
1743496402.290656,-23,-11,160
1743496402.325656,-65,-25,272
1743496402.360656,24,42,134
1743496402.395656,54,-53,138
1743496402.431656,34,-47,186
1743496402.467656,0,-41,148
1743496402.502656,48,-37,-5
1743496402.538656,64,-51,92
1743496402.573656,3,19,66
1743496402.6086562,27,-5,184
1743496402.643656,48,-18,236
1743496402.679656,-75,31,138
1743496402.715656,38,-6,234
1743496402.750656,-3,-26,80
1743496402.786656,71,10,170
1743496402.821656,14,7,110
1743496402.856656,26,-91,102
1743496402.8916562,-12,-5,116
1743496402.927656,-28,-7,78
1743496402.963656,59,-5,142
1743496402.998656,93,38,232
1743496403.034656,53,0,176
1743496403.069656,-40,60,96
1743496403.104656,39,20,188
1743496403.139656,61,82,66
1743496403.175656,87,60,92
1743496403.211656,-24,-49,93
1743496403.246656,-6,-31,87
1743496403.282656,-24,-5,141
1743496403.317656,35,78,63
1743496403.352656,-6,-15,7
1743496403.387656,-12,46,185
1743496403.423656,-56,-5,193
1743496403.459656,-10,-9,-24
1743496403.494656,35,22,57
1743496403.530656,-84,-7,201
1743496403.565656,27,-28,117
1743496403.600656,-70,-60,131
1743496403.635656,24,3,-12
1743496403.671656,15,-22,73
1743496403.707656,23,-36,151
1743496403.742656,-112,15,35
1743496403.778656,51,-35,189
1743496403.813656,49,-5,55
1743496403.848656,41,-39,77
1743496403.883656,-44,69,171
1743496403.919656,-34,67,17
1743496403.955656,-72,-48,139
1743496403.990656,3,25,87
1743496404.0266562,23,-42,97
1743496404.061656,-40,-57,139
1743496404.096656,-46,-1,205
1743496404.1316562,49,42,185
1743496404.167656,-14,26,137
1743496404.203656,15,-6,187
1743496404.238656,-28,11,131
1743496404.274656,-1,-14,159
1743496404.309656,43,-72,185
1743496404.344656,46,-20,111
1743496404.379656,34,3,297
1743496404.415656,-3,-59,27
1743496404.451656,2,-59,95
1743496404.486656,-21,46,103
1743496404.522656,46,-37,95
1743496404.557656,37,-32,31
1743496404.592656,95,45,85
1743496404.627656,67,-3,227
1743496404.663656,37,-27,171
1743496404.699656,-34,0,185
1743496404.734656,73,-1,93
1743496404.770656,55,48,55
1743496404.805656,15,0,117
1743496404.840656,-46,20,-30
1743496404.875656,-18,-7,20
1743496404.911656,37,-9,138
1743496404.9476562,19,-45,150
1743496404.982656,-28,-5,160
1743496405.018656,115,-43,50
1743496405.053656,-36,12,130
1743496405.088656,-4,24,188
1743496405.123656,45,80,230
1743496405.159656,-46,-19,24
1743496405.195656,1,-31,216
1743496405.230656,-30,44,58
1743496405.2666562,0,56,160
1743496405.301656,48,8,188
1743496405.336656,-26,76,18
1743496405.371656,11,-5,84
1743496405.407656,-8,-31,114
1743496405.443656,103,16,60
1743496405.478656,35,40,106
1743496405.514656,-18,36,56
1743496405.5496562,27,-7,156
1743496405.584656,-46,0,32
1743496405.619656,1,40,30
1743496405.655656,-32,-7,-21
1743496405.691656,-9,34,144
1743496405.726656,-48,-39,156
1743496405.762656,20,37,122
1743496405.797656,-3,57,154
1743496405.832656,-43,-40,200
1743496405.867656,0,7,196
1743496405.903656,0,-74,194
1743496405.939656,73,43,172
1743496405.974656,-8,1,108
1743496406.010656,1,-20,78
1743496406.045656,35,7,36
1743496406.080656,65,88,62
1743496406.116656,41,26,234
1743496406.1516562,-10,-57,146
1743496406.1876562,11,1,12
1743496406.222656,-4,-20,56
1743496406.258656,-32,0,204
1743496406.293656,75,-38,84
1743496406.328656,89,-102,44
1743496406.364656,-1,-58,194
1743496406.399656,11,-1,198
1743496406.435656,33,-23,84
1743496406.4706562,-106,70,80
1743496406.5066562,-42,24,40
1743496406.541656,47,6,272
1743496406.576656,13,31,64
1743496406.612656,0,-6,88
1743496406.647656,-14,-10,32
1743496406.683656,-18,34,208
1743496406.718656,21,-7,128
1743496406.754656,-2,-47,70
1743496406.7896562,65,-48,146
1743496406.824656,-14,102,88
1743496406.860656,-18,4,124
1743496406.895656,44,-1,142
1743496406.931656,-37,-29,44
1743496406.966656,-94,1,186
1743496407.002656,36,-16,146
1743496407.037656,-44,5,124
1743496407.0726562,-1,-36,130
1743496407.1086562,-91,-54,64
1743496407.143656,2,15,54
1743496407.179656,42,67,228
1743496407.214656,28,-44,162
1743496407.250656,42,-59,184
1743496407.285656,3,38,-11
1743496407.320656,-27,-41,104
1743496407.356656,56,16,174
1743496407.3916562,7,36,110
1743496407.427656,69,18,180
1743496407.462656,-25,32,214
1743496407.498656,-15,-23,164
1743496407.533656,7,10,42
1743496407.568656,16,140,144
1743496407.604656,34,-58,56
1743496407.639656,-25,-24,140
1743496407.675656,-3,28,134
1743496407.7106562,-49,46,96
1743496407.746656,104,-1,114
1743496407.781656,56,72,28
1743496407.816656,4,30,148
1743496407.852656,14,-19,98
1743496407.887656,-18,-47,262
1743496407.923656,19,-19,46
1743496407.958656,-83,-31,162
1743496407.994656,-19,4,46
1743496408.0296562,45,0,92
1743496408.064656,-32,-49,132
1743496408.100656,-50,-43,10
1743496408.135656,-21,-9,264
1743496408.171656,-11,-19,154
1743496408.206656,60,44,140
1743496408.242656,32,-65,76
1743496408.277656,12,-15,138
1743496408.3126562,-33,-53,104
1743496408.348656,60,-15,22
1743496408.383656,6,26,182
1743496408.419656,37,8,148
1743496408.454656,9,8,208
1743496408.490656,-14,4,94
1743496408.525656,-34,6,208
1743496408.560656,-40,44,126
1743496408.596656,20,40,154
1743496408.6316562,-19,-19,0
1743496408.667656,6,16,68
1743496408.702656,-23,-41,300
1743496408.738656,0,-17,160
1743496408.773656,4,70,184
1743496408.808656,-27,-5,196
1743496408.844656,64,-11,152
1743496408.879656,-3,10,76
1743496408.915656,-3,-59,126
1743496408.950656,-9,-11,242
1743496408.986656,-19,58,204
1743496409.021656,18,-19,110
1743496409.056656,-49,22,86
1743496409.092656,2,-23,4
1743496409.127656,-29,-33,210
1743496409.163656,56,-1,63
1743496409.198656,8,8,71
1743496409.234656,-59,-59,209
1743496409.269656,-35,50,55
1743496409.304656,-89,-67,185
1743496409.340656,84,-9,-44
1743496409.375656,32,32,143
1743496409.411656,0,0,91
1743496409.446656,38,-95,67
1743496409.481656,-49,18,53
1743496409.5166562,-12,-23,292
1743496409.552656,19,-7,328
1743496409.588656,-73,30,75
1743496409.623656,-15,30,128
1743496409.659656,-39,10,101
1743496409.694656,58,40,145
1743496409.730656,14,48,173
1743496409.7666562,142,44,45
1743496409.801656,-41,36,143
1743496409.836656,6,82,133
1743496409.872656,10,-1,157
1743496409.908656,-3,12,127
1743496409.943656,-89,-17,159
1743496409.979656,-25,22,153
1743496410.014656,12,-43,113
1743496410.0496562,-43,-55,87
1743496410.084656,16,8,193
1743496410.120656,30,-57,117
1743496410.156656,-32,20,111
1743496410.191656,88,34,265
1743496410.227656,8,-19,165
1743496410.262656,-27,-31,153
1743496410.297656,-7,14,229
1743496410.332656,-13,8,53
1743496410.3686562,0,74,57
1743496410.4046562,6,-57,183
1743496410.439656,40,22,133
1743496410.475656,26,-25,161
1743496410.510656,16,-47,0
1743496410.545656,16,44,37
1743496410.580656,11,-13,155
1743496410.616656,-25,102,159
1743496410.652656,-57,6,255
1743496410.6876562,-81,24,199
1743496410.723656,-39,18,145
1743496410.758656,8,-67,127
1743496410.793656,60,30,33
1743496410.828656,-1,44,107
1743496410.864656,-63,-27,229
1743496410.900656,-35,-3,151
1743496410.935656,92,2,115
1743496410.971656,28,4,115
1743496411.0066562,106,-61,87
1743496411.041656,28,22,157
1743496411.076656,84,12,73
1743496411.112656,12,94,141
1743496411.148656,-25,17,195
1743496411.183656,-21,30,77
1743496411.219656,46,2,181
1743496411.254656,26,6,147
1743496411.2896562,-25,48,61
1743496411.324656,-11,-19,167
1743496411.360656,-55,16,163
1743496411.396656,-45,20,127
1743496411.431656,20,-35,179
1743496411.467656,-37,-23,135
1743496411.502656,-81,12,137
1743496411.537656,16,-25,233
1743496411.5726562,-15,114,77
1743496411.6086562,16,2,147
1743496411.644656,-41,-23,187
1743496411.679656,-31,-7,245
1743496411.715656,-5,-23,51
1743496411.750656,-13,-61,-10
1743496411.785656,18,36,75
1743496411.820656,-7,-93,101
1743496411.856656,-44,4,-8
1743496411.899656,50,58,149
1743496411.935656,11,-15,105
1743496411.971656,17,-9,65
1743496412.0066562,93,-17,114
1743496412.041656,-6,-45,106
1743496412.076656,-20,58,160
1743496412.112656,-6,52,128
1743496412.148656,-28,-53,184
1743496412.183656,-24,48,194
1743496412.219656,31,-31,206
1743496412.254656,11,-31,118
1743496412.2896562,7,-29,138
1743496412.324656,31,26,204
1743496412.360656,11,-19,162
1743496412.396656,13,-67,106
1743496412.431656,-56,66,94
1743496412.467656,53,-5,182
1743496412.502656,25,77,132
1743496412.537656,-56,39,170
1743496412.5726562,-42,-10,200
1743496412.6086562,35,-48,286
1743496412.644656,37,15,76
1743496412.679656,75,-54,68
1743496412.715656,53,-1,96
1743496412.750656,53,86,156
1743496412.785656,25,73,34
1743496412.820656,-30,-37,136
1743496412.856656,-18,-1,120
1743496412.892656,-66,-9,242
1743496412.927656,-22,-31,52
1743496412.963656,-2,22,176
1743496412.998656,39,-25,186
1743496413.033656,55,-9,134
1743496413.068656,-8,-11,122
1743496413.104656,-20,0,36
1743496413.140656,-8,-45,110
1743496413.175656,41,8,20
1743496413.211656,-36,-98,142
1743496413.246656,-12,-30,194
1743496413.281656,-24,-17,118
1743496413.316656,23,-7,140
1743496413.352656,31,16,122
1743496413.388656,7,-59,196
1743496413.423656,39,-1,238
1743496413.459656,-36,0,168
1743496413.494656,-94,-19,220
1743496413.5296562,9,29,104
1743496413.564656,27,-20,170
1743496413.600656,41,-40,100
1743496413.636656,9,36,274
1743496413.671656,27,-57,142
1743496413.707656,-18,26,118
1743496413.742656,13,4,152
1743496413.777656,59,7,-47
1743496413.8126562,-18,-7,216
1743496413.848656,5,18,242
1743496413.884656,29,-15,126
1743496413.919656,-8,20,168
1743496413.955656,39,-21,76
1743496413.990656,-70,4,130
1743496414.025656,-86,-18,116
1743496414.060656,-22,37,170
1743496414.096656,57,-42,202
1743496414.132656,-20,-56,138
1743496414.167656,-42,-21,-9
1743496414.203656,-60,-36,-29
1743496414.238656,-98,0,222
1743496414.273656,31,-38,220
1743496414.308656,-48,47,164
1743496414.344656,43,0,142
1743496414.380656,-6,-87,152
1743496414.415656,35,0,182
1743496414.451656,9,20,182
1743496414.486656,57,10,52
1743496414.521656,33,36,86
1743496414.556656,-18,70,166
1743496414.592656,-23,23,202
1743496414.628656,-96,95,210
1743496414.663656,67,-74,214
1743496414.699656,41,0,10
1743496414.734656,-65,37,88
1743496414.769656,-45,-58,174
1743496414.804656,15,45,140
1743496414.840656,-10,19,184
1743496414.876656,10,13,90
1743496414.911656,-91,-32,102
1743496414.9476562,-121,-18,170
1743496414.982656,-12,3,120
1743496415.017656,-2,-40,70
1743496415.052656,-8,33,46
1743496415.088656,53,57,112
1743496415.124656,103,47,114
1743496415.159656,-22,9,120
1743496415.195656,89,-70,150
1743496415.230656,17,-2,242
1743496415.265656,-16,-2,158
1743496415.301656,-20,15,172
1743496415.336656,-50,71,78
1743496415.372656,-12,-28,124
1743496415.407656,61,-54,62
1743496415.443656,-24,55,50
1743496415.478656,71,-51,176
1743496415.513656,-38,54,56
1743496415.548656,13,30,168
1743496415.584656,-16,-2,206
1743496415.620656,-6,5,92
1743496415.655656,-20,-38,136
1743496415.691656,81,-7,148
1743496415.726656,63,-116,154
1743496415.761656,-6,51,116
1743496415.797656,-34,5,62
1743496415.832656,35,-46,180
1743496415.8686562,-48,-20,182
1743496415.903656,19,-24,102
1743496415.939656,-22,-18,46
1743496415.974656,3,-24,232
1743496416.009656,-36,33,64
1743496416.045656,19,17,96
1743496416.080656,-52,55,78
1743496416.116656,17,59,118
1743496416.1516562,-52,-22,250
1743496416.1876562,-22,58,138
1743496416.222656,29,-33,212
1743496416.257656,27,12,104
1743496416.293656,63,20,70
1743496416.328656,-2,24,122
1743496416.364656,-28,-89,128
1743496416.399656,35,50,88
1743496416.435656,45,-19,124
1743496416.4706562,66,-53,166
1743496416.505656,20,-3,68
1743496416.541656,22,-7,114
1743496416.576656,-108,-75,89
1743496416.612656,-34,-43,201
1743496416.647656,41,-29,76
1743496416.683656,67,8,106
1743496416.718656,15,52,82
1743496416.753656,83,-21,152
1743496416.7896562,49,58,192
1743496416.824656,57,40,102
1743496416.860656,-64,54,186
1743496416.895656,45,18,146
1743496416.931656,57,44,86
1743496416.966656,-34,44,91
1743496417.001656,31,-11,70
1743496417.037656,-6,25,151
1743496417.0726562,59,47,197
1743496417.1086562,-2,37,143
1743496417.143656,0,19,159
1743496417.179656,-136,-38,109
1743496417.214656,-34,-46,55
1743496417.249656,19,-16,133
1743496417.285656,-8,-84,65
1743496417.320656,61,39,15
1743496417.356656,69,11,149
1743496417.3916562,25,-9,117
1743496417.427656,-44,-12,277
1743496417.462656,-100,-68,131
1743496417.497656,-60,23,181
1743496417.533656,-4,-54,173
1743496417.568656,32,12,139
1743496417.604656,21,27,211
1743496417.639656,-12,22,151
1743496417.675656,-48,-12,167
1743496417.7106562,62,69,97
1743496417.745656,-38,-39,141
1743496417.781656,-8,-19,35
1743496417.816656,-60,-37,113
1743496417.852656,-40,4,127
1743496417.887656,-40,38,101
1743496417.923656,-66,-3,89
1743496417.958656,-23,14,155
1743496417.9936562,-13,-11,41
1743496418.0296562,38,-2,113
1743496418.064656,11,-85,217
1743496418.100656,33,-59,213
1743496418.135656,-68,44,157
1743496418.171656,1,-21,167
1743496418.206656,-26,-21,115
1743496418.241656,-40,25,241
1743496418.277656,47,-51,285
1743496418.3126562,69,-25,115
1743496418.348656,77,-21,133
1743496418.383656,-24,6,177
1743496418.419656,-76,-3,217
1743496418.454656,-26,28,159
1743496418.489656,17,-15,211
1743496418.525656,-32,-44,55
1743496418.560656,-2,-8,261
1743496418.596656,37,-8,135
1743496418.6316562,37,9,191
1743496418.667656,93,5,43
1743496418.702656,15,43,273
1743496418.737656,-60,7,189
1743496418.773656,-38,11,135
1743496418.808656,-4,35,109
1743496418.844656,57,77,135
1743496418.879656,81,15,217
1743496418.915656,-88,33,129
1743496418.950656,49,-18,223
1743496418.985656,-24,27,81
1743496419.021656,33,-2,80
1743496419.056656,77,53,24
1743496419.092656,51,-18,114
1743496419.127656,77,73,56
1743496419.162656,-56,77,52
1743496419.1976562,-24,27,178
1743496419.2336562,-18,23,202
1743496419.269656,31,105,172
1743496419.304656,9,33,-13
1743496419.340656,-38,63,162
1743496419.375656,-16,15,50
1743496419.410656,7,-56,64
1743496419.445656,-2,9,102
1743496419.481656,33,25,21
1743496419.517656,17,-62,159
1743496419.552656,31,-20,161
1743496419.588656,38,15,171
1743496419.623656,-6,-86,169
1743496419.658656,-66,33,41
1743496419.693656,61,37,77
1743496419.729656,25,-22,171
1743496419.765656,-58,-24,219
1743496419.800656,63,-14,133
1743496419.836656,13,-4,117
1743496419.871656,-34,41,85
1743496419.906656,19,1,81
1743496419.941656,-6,41,135
1743496419.977656,-114,-20,101
1743496420.013656,-27,-18,167
1743496420.048656,6,-4,135
1743496420.084656,48,-20,147
1743496420.119656,-53,-14,59
1743496420.1546562,-11,-34,128
1743496420.189656,10,-46,130
1743496420.225656,12,-45,224
1743496420.261656,-112,38,158
1743496420.296656,-87,-39,154
1743496420.332656,-59,-17,172
1743496420.367656,-41,-25,68
1743496420.402656,-70,98,106
1743496420.4376562,23,8,156
1743496420.473656,-9,5,254
1743496420.509656,-107,-47,132
1743496420.544656,-29,32,150
1743496420.580656,-11,-11,100
1743496420.615656,-5,-7,180
1743496420.650656,-9,16,206
1743496420.685656,72,-19,26
1743496420.721656,-49,26,60
1743496420.757656,-63,-41,262
1743496420.792656,14,-1,98
1743496420.828656,-15,-39,134
1743496420.863656,14,6,172
1743496420.898656,-27,-67,120
1743496420.933656,-31,52,178
1743496420.969656,-9,29,76
1743496421.005656,-49,0,196
1743496421.040656,-18,16,134
1743496421.076656,15,9,102
1743496421.111656,-16,-42,72
1743496421.146656,-12,75,134
1743496421.181656,15,101,42
1743496421.217656,71,67,122
1743496421.253656,-106,-32,92
1743496421.288656,11,-62,72
1743496421.324656,19,-51,102
1743496421.359656,-22,51,60
1743496421.394656,-36,-9,34
1743496421.429656,-7,-11,120
1743496421.465656,-23,-23,136
1743496421.501656,27,52,136
1743496421.536656,-51,-15,206
1743496421.5726562,19,-27,82
1743496421.607656,15,-7,128
1743496421.642656,-24,24,80
1743496421.677656,89,42,164
1743496421.713656,45,18,180
1743496421.749656,18,-43,238
1743496421.784656,28,-29,76
1743496421.820656,28,38,220
1743496421.855656,62,12,18
1743496421.890656,-27,-55,144
1743496421.933656,22,-37,86
1743496421.969656,-41,0,10
1743496422.005656,20,-69,92
1743496422.040656,-49,-27,220
1743496422.076656,-49,-7,132
1743496422.111656,-55,-7,128
1743496422.146656,-31,-87,64
1743496422.181656,38,48,86
1743496422.217656,62,66,222
1743496422.253656,-87,30,-5
1743496422.288656,-28,14,128
1743496422.324656,3,7,98
1743496422.359656,-20,-65,146
1743496422.394656,-6,-6,156
1743496422.429656,3,-40,246
1743496422.465656,65,15,70
1743496422.501656,-44,-58,124
1743496422.536656,73,67,230
1743496422.5726562,-14,-16,96
1743496422.607656,-20,23,226
1743496422.642656,71,-130,170
1743496422.677656,65,-88,238
1743496422.713656,19,-6,128
1743496422.749656,-36,29,60
1743496422.784656,67,-22,78
1743496422.820656,-48,15,232
1743496422.855656,13,-26,158
1743496422.890656,57,-48,64
1743496422.925656,0,31,168
1743496422.961656,54,-46,158
1743496422.997656,26,35,92
1743496423.032656,-19,-8,70
1743496423.068656,2,-6,142
1743496423.103656,102,-18,130
1743496423.138656,18,-36,110
1743496423.173656,4,0,124
1743496423.209656,76,37,116
1743496423.245656,18,3,188
1743496423.280656,28,37,136
1743496423.316656,-43,21,112
1743496423.351656,-33,-36,146
1743496423.386656,-31,-48,216
1743496423.421656,-22,-24,144
1743496423.457656,-78,11,88
1743496423.4936562,-17,93,58
1743496423.528656,23,-20,116
1743496423.564656,63,-96,186
1743496423.599656,73,-22,90
1743496423.634656,97,7,172
1743496423.669656,-40,57,240
1743496423.705656,75,-30,96
1743496423.741656,49,-42,86
1743496423.7766562,-4,-2,66
1743496423.8126562,-32,-6,138
1743496423.847656,-70,-16,24
1743496423.882656,-60,-70,78
1743496423.917656,-74,-48,196
1743496423.953656,31,9,168
1743496423.989656,7,-36,88
1743496424.024656,19,39,114
1743496424.060656,-24,-102,184
1743496424.0956562,45,-14,154
1743496424.130656,69,-4,48
1743496424.165656,25,-26,86
1743496424.201656,17,-18,156
1743496424.237656,13,44,170
1743496424.272656,35,88,8
1743496424.308656,-34,-83,188
1743496424.343656,-30,51,92
1743496424.378656,-56,30,146
1743496424.413656,45,-58,118
1743496424.449656,-74,11,95
1743496424.485656,37,73,137
1743496424.520656,17,37,104
1743496424.556656,17,17,152
1743496424.591656,43,-95,300
1743496424.626656,-92,-11,132
1743496424.661656,-20,44,90
1743496424.6976562,65,-117,52
1743496424.7336562,59,-85,276
1743496424.768656,39,24,-15
1743496424.804656,-8,-1,62
1743496424.839656,79,-51,124
1743496424.874656,-12,8,182
1743496424.909656,-32,56,78
1743496424.945656,31,16,164
1743496424.981656,7,42,164
1743496425.0166562,-22,-5,154
1743496425.052656,5,46,222
1743496425.087656,-74,18,145
1743496425.122656,-66,-57,251
1743496425.157656,-26,14,219
1743496425.193656,7,-9,283
1743496425.229656,7,-29,139
1743496425.264656,-16,-19,39
1743496425.300656,49,46,197
1743496425.3356562,-18,48,141
1743496425.370656,-16,24,81
1743496425.406656,13,-23,141
1743496425.441656,71,-11,183
1743496425.477656,-29,30,305
1743496425.512656,-71,4,47
1743496425.548656,-7,62,31
1743496425.583656,-1,32,73
1743496425.6186562,-29,14,169
1743496425.6546562,22,8,51
1743496425.689656,-81,26,125
1743496425.725656,36,-9,135
1743496425.760656,20,0,149
1743496425.796656,38,-35,199
1743496425.831656,-69,32,91
1743496425.866656,28,-13,159
1743496425.902656,-39,-17,111
1743496425.9376562,-31,-47,87
1743496425.973656,-67,24,151
1743496426.008656,-13,-31,109
1743496426.044656,30,-41,227
1743496426.079656,46,70,233
1743496426.114656,-12,6,83
1743496426.150656,-10,-71,63
1743496426.185656,-2,-11,213
1743496426.221656,-20,34,17
1743496426.2566562,0,-21,221
1743496426.292656,-2,-117,89
1743496426.327656,11,-71,47
1743496426.362656,-42,-9,193
1743496426.398656,-14,54,143
1743496426.433656,-24,-39,99
1743496426.469656,-48,66,105
1743496426.504656,-6,80,143
1743496426.540656,-35,-19,211
1743496426.575656,-5,-13,142
1743496426.610656,8,4,159
1743496426.646656,-14,-25,48
1743496426.681656,-54,4,210
1743496426.717656,-17,58,96
1743496426.752656,32,-29,170
1743496426.788656,95,-31,-75
1743496426.823656,35,26,130
1743496426.8586562,-41,-15,138
1743496426.894656,107,-31,134
1743496426.929656,47,-37,76
1743496426.965656,-46,40,52
1743496427.000656,-18,68,92
1743496427.036656,25,-37,120
1743496427.071656,-74,24,186
1743496427.106656,-36,-47,286
1743496427.142656,19,-13,120
1743496427.177656,-40,-67,138
1743496427.213656,17,18,130
1743496427.248656,43,70,174
1743496427.284656,25,72,162
1743496427.319656,-2,32,166
1743496427.354656,31,-19,190
1743496427.390656,25,-19,202
1743496427.425656,45,18,218
1743496427.461656,13,14,110
1743496427.496656,-60,-75,120
1743496427.532656,-54,12,158
1743496427.567656,29,-11,126
1743496427.602656,-10,-49,34
1743496427.638656,19,-21,172
1743496427.673656,-22,78,130
1743496427.709656,-48,18,184
1743496427.744656,33,-38,136
1743496427.780656,75,38,80
1743496427.815656,1,15,196
1743496427.850656,-18,25,144
1743496427.886656,73,7,138
1743496427.921656,-44,25,182
1743496427.957656,17,-20,122
1743496427.992656,83,3,42
1743496428.028656,-4,45,110
1743496428.063656,-80,-6,98
1743496428.098656,59,33,14
1743496428.134656,-20,23,166
1743496428.169656,-18,-38,178
1743496428.205656,-4,79,130
1743496428.240656,-34,-26,136
1743496428.2766562,-50,29,136
1743496428.311656,63,-18,114
1743496428.346656,-42,15,-63
1743496428.382656,-74,71,252
1743496428.417656,-31,39,34
1743496428.453656,-25,17,128
1743496428.488656,-41,47,138
1743496428.524656,76,7,200
1743496428.560656,-25,-30,132
1743496428.596656,16,-14,81
1743496428.632656,-5,-90,122
1743496428.668656,30,15,236
1743496428.704656,16,29,76
1743496428.739656,12,-50,196
1743496428.774656,28,0,64
1743496428.810656,6,-38,4
1743496428.846656,32,-60,196
1743496428.8816562,21,37,100
1743496428.917656,-32,35,203
1743496428.952656,-36,-28,43
1743496428.987656,36,-20,107
1743496429.022656,28,-92,165
1743496429.058656,-78,37,125
1743496429.094656,-4,-66,217
1743496429.129656,-6,19,105
1743496429.165656,40,-38,39
1743496429.200656,23,29,197
1743496429.235656,36,-16,173
1743496429.270656,-28,13,147
1743496429.306656,68,7,163
1743496429.342656,-11,-52,93
1743496429.377656,36,-52,67
1743496429.413656,34,85,97
1743496429.448656,-61,-16,87
1743496429.4836562,-13,-58,225
1743496429.518656,-31,58,197
1743496429.554656,-9,-57,119
1743496429.590656,-9,-55,73
1743496429.625656,28,62,125
1743496429.661656,-30,2,129
1743496429.696656,13,12,194
1743496429.731656,23,-4,193
1743496429.7666562,1,-18,193
1743496429.802656,79,13,214
1743496429.838656,-8,-98,110
1743496429.873656,7,3,168
1743496429.909656,-102,-30,24
1743496429.944656,0,-28,114
1743496429.979656,-24,-59,87
1743496430.014656,-24,48,109
1743496430.050656,85,-53,21
1743496430.086656,-76,-48,157
1743496430.121656,-74,-29,99
1743496430.157656,-68,-29,81
1743496430.192656,39,-5,-49
1743496430.227656,-68,-3,64
1743496430.262656,17,27,110
1743496430.298656,-42,-69,90
1743496430.334656,59,40,184
1743496430.369656,-20,35,58
1743496430.405656,35,-54,190
1743496430.440656,-24,-32,212
1743496430.475656,21,67,138
1743496430.510656,21,6,38
1743496430.546656,25,-29,172
1743496430.582656,-68,-65,116
1743496430.617656,29,-29,182
1743496430.653656,-75,-107,134
1743496430.688656,66,-61,98
1743496430.723656,-55,8,98
1743496430.758656,32,-47,244
1743496430.794656,-71,-61,144
1743496430.830656,-39,-27,108
1743496430.865656,4,-57,28
1743496430.9016562,56,-27,60
1743496430.936656,12,88,2
1743496430.971656,42,-121,140
1743496431.0066562,-49,-15,104
1743496431.042656,-13,72,150
1743496431.078656,66,64,96
1743496431.113656,-23,-73,160
1743496431.149656,-7,16,110
1743496431.184656,-22,6,152
1743496431.219656,-1,-31,164
1743496431.254656,-23,-94,192
1743496431.290656,34,-34,76
1743496431.326656,4,22,168
1743496431.361656,36,22,112
1743496431.397656,12,10,72
1743496431.432656,78,12,116
1743496431.467656,48,36,120
1743496431.502656,-33,-17,144
1743496431.538656,8,28,158
1743496431.574656,-53,8,124
1743496431.609656,68,60,216
1743496431.645656,-95,8,98
1743496431.680656,-33,-51,106
1743496431.715656,-3,-63,162
1743496431.750656,-23,-49,214
1743496431.786656,2,-45,162
1743496431.8226562,16,-11,136
1743496431.857656,-91,-61,86
1743496431.893656,68,62,206
1743496431.935656,-69,26,92
1743496431.971656,-51,-3,220
1743496432.0066562,-45,0,154
1743496432.042656,-1,-67,162
1743496432.078656,40,-67,144
1743496432.113656,34,36,200
1743496432.149656,-47,26,94
1743496432.184656,18,8,188
1743496432.219656,-27,-14,154
1743496432.254656,-13,-52,88
1743496432.290656,42,26,32
1743496432.326656,8,-43,206
1743496432.361656,-23,28,216
1743496432.397656,-23,1,206
1743496432.432656,2,63,78
1743496432.467656,-79,-24,-3
1743496432.502656,-29,-58,52
1743496432.538656,52,-12,200
1743496432.574656,102,35,104
1743496432.609656,-48,24,94
1743496432.645656,19,-1,234
1743496432.680656,8,-21,24
1743496432.715656,2,-65,231
1743496432.750656,48,32,209
1743496432.786656,2,-23,103
1743496432.8226562,38,-87,195
1743496432.857656,0,-9,185
1743496432.893656,-3,-41,147
1743496432.928656,-11,44,83
1743496432.963656,-47,8,53
1743496432.998656,142,64,79
1743496433.034656,-3,-67,107
1743496433.070656,-29,0,193
1743496433.105656,-59,4,125
1743496433.1416562,86,-33,255
1743496433.176656,90,48,71
1743496433.211656,40,-79,105
1743496433.246656,54,-31,149
1743496433.282656,20,-19,131
1743496433.318656,8,22,59
1743496433.353656,46,-41,143
1743496433.389656,36,-39,157
1743496433.4246562,0,4,65
1743496433.459656,-75,-29,167
1743496433.494656,-3,-39,143
1743496433.530656,28,8,143
1743496433.566656,42,10,73
1743496433.601656,-27,-23,205
1743496433.637656,-67,-15,151
1743496433.672656,28,12,107
1743496433.707656,-81,38,147
1743496433.742656,-21,-51,97
1743496433.778656,20,-9,29
1743496433.814656,51,2,49
1743496433.849656,0,0,111
1743496433.885656,-11,18,49
1743496433.920656,-49,22,62
1743496433.955656,24,-11,169
1743496433.990656,19,52,137
1743496434.0266562,15,-36,-3
1743496434.0626562,-36,-6,126
1743496434.097656,49,-66,64
1743496434.133656,-70,44,168
1743496434.168656,26,-1,58
1743496434.203656,23,50,144
1743496434.238656,-10,-33,79
1743496434.274656,23,40,120
1743496434.310656,75,-37,76
1743496434.3456562,125,-11,182
1743496434.3816562,-70,8,138
1743496434.416656,-42,-29,286
1743496434.451656,5,82,64
1743496434.486656,25,21,194
1743496434.522656,-32,17,138
1743496434.558656,57,-17,48
1743496434.593656,-8,-43,92
1743496434.629656,39,14,138
1743496434.6646562,7,6,184
1743496434.699656,33,38,166
1743496434.735656,75,18,50
1743496434.770656,39,14,16
1743496434.806656,-5,43,66
1743496434.841656,4,-73,78
1743496434.877656,-91,54,116
1743496434.912656,4,-44,110
1743496434.9476562,11,-61,118
1743496434.9836562,-44,-1,80
1743496435.018656,12,2,120
1743496435.054656,17,-25,48
1743496435.089656,-10,-63,182
1743496435.125656,-23,6,54
1743496435.160656,-15,-11,44
1743496435.195656,83,-47,150
1743496435.231656,-4,-5,204
1743496435.2666562,19,-51,156
1743496435.302656,17,82,202
1743496435.337656,75,56,40
1743496435.373656,51,-37,170
1743496435.408656,-63,-67,52
1743496435.443656,-37,-33,100
1743496435.479656,-7,-43,142
1743496435.514656,-21,-13,58
1743496435.550656,-7,4,112
1743496435.5856562,22,-69,105
1743496435.621656,36,-62,119
1743496435.656656,12,-20,183
1743496435.691656,26,-1,37
1743496435.727656,6,-85,225
1743496435.762656,48,42,47
1743496435.798656,-51,-21,95
1743496435.833656,24,-55,169
1743496435.869656,25,51,117
1743496435.9046562,-19,1,127
1743496435.939656,11,17,149
1743496435.975656,31,73,147
1743496436.010656,-48,-68,-28
1743496436.046656,68,1,93
1743496436.081656,-5,-40,249
1743496436.117656,-71,29,51
1743496436.152656,-21,-30,187
1743496436.1876562,-25,31,253
1743496436.223656,-93,-6,97
1743496436.258656,12,25,179
1743496436.294656,6,31,129
1743496436.329656,2,7,131
1743496436.365656,30,1,71
1743496436.400656,2,-30,237
1743496436.435656,-25,-45,47
1743496436.471656,-17,26,97
1743496436.5066562,22,-41,127
1743496436.542656,-56,0,87
1743496436.577656,38,-75,59
1743496436.613656,-59,-21,203
1743496436.648656,-29,24,135
1743496436.683656,-21,-34,127
1743496436.719656,-13,-36,99
1743496436.755656,-27,25,187
1743496436.791656,20,-17,175
1743496436.826656,-29,11,209
1743496436.862656,52,30,203
1743496436.897656,96,-67,85
1743496436.933656,28,12,153
1743496436.968656,42,-25,71
1743496437.003656,-33,-3,163
1743496437.0396562,30,-4,109
1743496437.074656,-11,-28,145
1743496437.110656,16,-46,69
1743496437.145656,-121,9,106
1743496437.181656,-56,10,110
1743496437.216656,-64,-42,181
1743496437.251656,19,-12,104
1743496437.287656,24,-20,130
1743496437.3226562,-52,7,130
1743496437.3586562,-21,-38,142
1743496437.393656,23,-32,82
1743496437.429656,-2,21,98
1743496437.464656,39,17,84
1743496437.499656,-45,113,238
1743496437.535656,6,-50,178
1743496437.570656,-37,-38,198
1743496437.606656,-38,1,146
1743496437.6416562,-32,-28,178
1743496437.677656,4,-18,182
1743496437.712656,65,-96,70
1743496437.747656,-17,7,166
1743496437.783656,-23,23,152
1743496437.818656,-69,-24,204
1743496437.854656,-5,19,10
1743496437.889656,-43,-52,102
1743496437.925656,-76,-18,226
1743496437.9606562,-12,5,104
1743496437.995656,11,41,80
1743496438.031656,-46,41,142
1743496438.066656,27,73,144
1743496438.102656,-14,21,90
1743496438.137656,-30,13,152
1743496438.173656,-42,0,130
1743496438.209656,73,1,76
1743496438.245656,-8,9,68
1743496438.281656,49,17,58
1743496438.316656,-4,-20,78
1743496438.351656,5,5,182
1743496438.387656,-40,29,28
1743496438.423656,19,41,44
1743496438.458656,-34,13,152
1743496438.494656,127,-46,52
1743496438.5296562,-104,83,170
1743496438.564656,-26,39,162
1743496438.599656,29,-7,120
1743496438.635656,-42,51,158
1743496438.671656,53,-30,-3
1743496438.706656,-80,-12,20
1743496438.742656,-70,62,116
1743496438.777656,-44,-17,20
1743496438.8126562,15,-33,92
1743496438.847656,0,28,124
1743496438.883656,17,-69,146
1743496438.919656,7,10,126
1743496438.954656,3,-9,128
1743496438.990656,23,-9,200
1743496439.025656,1,-23,60
1743496439.060656,-76,-31,102
1743496439.0956562,117,59,136
1743496439.1316562,125,-1,126
1743496439.167656,-14,36,170
1743496439.202656,13,-25,65
1743496439.238656,-24,-1,113
1743496439.273656,-30,-37,35
1743496439.308656,7,14,177
1743496439.343656,-22,-5,13
1743496439.379656,9,-39,133
1743496439.415656,29,22,159
1743496439.450656,61,42,23
1743496439.486656,35,-55,161
1743496439.521656,9,16,141
1743496439.556656,-4,-5,153
1743496439.591656,19,-41,55
1743496439.627656,-32,18,101
1743496439.663656,-72,-5,11
1743496439.698656,-48,-27,103
1743496439.734656,85,-43,85
1743496439.769656,-88,56,141
1743496439.804656,-34,-59,113
1743496439.839656,29,-25,113
1743496439.875656,-50,18,201
1743496439.911656,-86,-31,93
1743496439.946656,-10,-3,195
1743496439.982656,83,-59,73
1743496440.017656,35,-27,135
1743496440.052656,-6,-9,73
1743496440.087656,0,-9,149
1743496440.123656,-24,-33,63
1743496440.159656,37,-17,183
1743496440.194656,55,-37,187
1743496440.230656,1,37,-12
1743496440.265656,-8,63,245
1743496440.300656,-30,19,123
1743496440.3356562,5,-16,133
1743496440.371656,-42,-24,170
1743496440.407656,-62,25,118
1743496440.442656,73,-16,54
1743496440.478656,-52,24,146
1743496440.513656,-10,-22,88
1743496440.548656,-28,29,176
1743496440.583656,59,-12,153
1743496440.619656,16,21,138
1743496440.655656,19,9,158
1743496440.690656,-60,-4,54
1743496440.726656,0,-10,144
1743496440.761656,79,-68,232
1743496440.796656,-8,49,138
1743496440.831656,15,-51,36
1743496440.867656,-84,45,78
1743496440.903656,1,-3,50
1743496440.938656,-20,28,204
1743496440.974656,7,-21,34
1743496441.009656,37,6,206
1743496441.044656,5,13,70
1743496441.079656,-28,-56,134
1743496441.115656,-14,-53,14
1743496441.1516562,-42,-39,158
1743496441.186656,13,-29,68
1743496441.222656,19,-118,148
1743496441.257656,-10,47,162
1743496441.292656,5,41,214
1743496441.327656,65,55,211
1743496441.363656,20,-46,111
1743496441.399656,-16,59,167
1743496441.434656,-10,-96,71
1743496441.4706562,-6,41,151
1743496441.505656,-32,-62,155
1743496441.540656,-52,18,209
1743496441.575656,119,4,195
1743496441.611656,-8,45,215
1743496441.647656,-8,-22,151
1743496441.682656,67,0,173
1743496441.718656,63,16,219
1743496441.753656,-20,-11,75
1743496441.788656,-18,32,83
1743496441.823656,35,-45,57
1743496441.859656,7,-61,299
1743496441.895656,-24,-55,179
1743496441.9376562,-6,29,61
1743496441.974656,-60,2,273
1743496442.009656,-14,58,187
1743496442.044656,111,50,83
1743496442.079656,-30,12,59
1743496442.115656,-18,-5,155
1743496442.1516562,-26,9,167
1743496442.186656,41,31,215
1743496442.222656,37,-87,177
1743496442.257656,25,-27,211
1743496442.292656,41,70,169
1743496442.327656,-6,0,111
1743496442.363656,45,26,21
1743496442.399656,73,-41,31
1743496442.434656,-22,0,217
1743496442.4706562,-12,36,121
1743496442.505656,-32,20,147
1743496442.540656,-10,-33,155
1743496442.575656,-34,90,89
1743496442.611656,75,-35,19
1743496442.647656,-26,14,111
1743496442.682656,9,-19,62
1743496442.718656,63,52,124
1743496442.753656,-6,0,114
1743496442.788656,45,-17,142
1743496442.823656,-24,26,120
1743496442.859656,57,10,106
1743496442.895656,-14,66,120
1743496442.930656,55,-37,164
1743496442.966656,109,36,182
1743496443.001656,-4,55,70
1743496443.036656,66,-45,-15
1743496443.071656,-33,21,260
1743496443.107656,94,26,258
1743496443.143656,74,-3,144
1743496443.178656,18,-21,204
1743496443.214656,61,16,132
1743496443.249656,-22,8,186
1743496443.284656,3,-35,162
1743496443.319656,-44,-53,164
1743496443.355656,-68,0,230
1743496443.3916562,-72,-9,204
1743496443.426656,69,-41,80
1743496443.462656,-20,16,72
1743496443.497656,53,-11,60
1743496443.532656,-34,48,46
1743496443.567656,35,-21,-41
1743496443.603656,-30,22,168
1743496443.639656,-86,14,198
1743496443.6746562,-20,12,204
1743496443.7106562,-2,-13,228
1743496443.745656,9,36,42
1743496443.780656,9,48,168
1743496443.815656,-48,38,126
1743496443.851656,11,8,150
1743496443.887656,85,6,102
1743496443.922656,-34,36,104
1743496443.958656,-16,64,186
1743496443.9936562,87,-16,96
1743496444.028656,-42,-4,164
1743496444.063656,-42,-18,160
1743496444.099656,-70,-30,240
1743496444.135656,19,-8,76
1743496444.170656,-12,-24,62
1743496444.206656,33,9,54
1743496444.241656,-42,-10,48
1743496444.2766562,61,23,120
1743496444.3126562,-96,51,12
1743496444.347656,-90,-6,52
1743496444.383656,-50,25,260
1743496444.418656,11,71,176
1743496444.454656,43,-20,24
1743496444.489656,-94,-18,224
1743496444.524656,-58,73,122
1743496444.560656,25,9,140
1743496444.5956562,33,0,202
1743496444.6316562,27,-112,140
1743496444.666656,-18,43,98
1743496444.702656,3,-44,46
1743496444.737656,17,29,200
1743496444.772656,0,23,218
1743496444.808656,-18,9,116
1743496444.843656,-84,-6,142
1743496444.879656,65,19,158
1743496444.9146562,-30,33,134
1743496444.950656,-78,-36,126
1743496444.985656,-66,-11,132
1743496445.020656,21,14,168
1743496445.056656,5,49,132
1743496445.091656,35,9,146
1743496445.127656,-26,8,122
1743496445.162656,-54,20,188
1743496445.198656,8,-77,270
1743496445.2336562,42,-41,188
1743496445.268656,-39,-1,68
1743496445.304656,-51,98,46
1743496445.339656,34,-5,110
1743496445.375656,128,-7,96
1743496445.410656,84,18,134
1743496445.446656,24,28,146
1743496445.481656,-27,-53,202
1743496445.5166562,32,37,130
1743496445.552656,8,-32,116
1743496445.587656,-61,-43,51
1743496445.623656,-51,30,242
1743496445.658656,-31,-29,67
1743496445.694656,-21,64,81
1743496445.729656,32,-33,161
1743496445.764656,-25,-21,165
1743496445.800656,6,-6,140
1743496445.8356562,84,-22,140
1743496445.871656,64,20,113
1743496445.906656,12,-17,180
1743496445.942656,-21,-45,216
1743496445.977656,-15,-34,68
1743496446.012656,-21,57,88
1743496446.048656,-1,20,-27
1743496446.083656,28,-74,148
1743496446.119656,2,-44,58
1743496446.1546562,28,-6,142
1743496446.190656,34,25,138
1743496446.225656,46,-16,92
1743496446.260656,-9,97,96
1743496446.296656,8,0,58
1743496446.331656,-3,31,120
1743496446.367656,16,107,182
1743496446.402656,60,7,60
1743496446.438656,0,-26,64
1743496446.473656,22,9,130
1743496446.508656,6,-36,146
1743496446.544656,-53,41,134
1743496446.579656,48,-16,190
1743496446.615656,-21,47,90
1743496446.650656,78,41,213
1743496446.686656,32,-40,159
1743496446.721656,50,-88,60
1743496446.7566562,-57,-8,222
1743496446.792656,-9,-2,194
1743496446.827656,2,-2,110
1743496446.863656,32,33,122
1743496446.898656,-37,-73,210
1743496446.934656,4,81,232
1743496446.969656,0,-4,224
1743496447.004656,-25,27,96
1743496447.040656,-53,-35,208
1743496447.075656,102,-9,177
1743496447.111656,-69,29,246
1743496447.146656,-101,-61,128
1743496447.182656,-61,-26,200
1743496447.217656,-27,-28,97
1743496447.252656,-69,-14,93
1743496447.288656,-13,-30,79
1743496447.323656,-31,61,197
1743496447.359656,-7,-16,67
1743496447.394656,36,3,237
1743496447.430656,-43,30,195
1743496447.465656,-21,-5,199
1743496447.500656,111,72,189
1743496447.536656,-6,-57,78
1743496447.571656,40,5,88
1743496447.607656,62,71,63
1743496447.642656,71,-80,112
1743496447.678656,-74,-76,122
1743496447.714656,-27,-102,99
1743496447.749656,58,-74,115
1743496447.784656,42,-4,95
1743496447.820656,2,15,196
1743496447.856656,-21,-6,203
1743496447.8916562,-39,19,103
1743496447.927656,-19,-52,128
1743496447.962656,56,43,144
1743496447.997656,-61,-13,110
1743496448.032656,56,-13,122
1743496448.068656,-61,-29,82
1743496448.104656,-29,87,108
1743496448.139656,-37,-14,141
1743496448.175656,34,35,155
1743496448.2106562,-5,-14,123
1743496448.245656,-33,-26,153
1743496448.280656,54,35,181
1743496448.316656,-51,19,131
1743496448.352656,-49,5,267
1743496448.387656,-39,3,139
1743496448.423656,-43,-66,125
1743496448.458656,-37,-22,105
1743496448.4936562,18,-38,131
1743496448.528656,-3,-18,73
1743496448.564656,-33,57,97
1743496448.600656,-105,63,197
1743496448.635656,38,-4,69
1743496448.671656,18,13,141
1743496448.706656,-7,45,123
1743496448.741656,-43,21,244
1743496448.7766562,2,0,89
1743496448.8126562,12,19,5
1743496448.848656,-15,57,157
1743496448.883656,38,51,92
1743496448.919656,24,0,160
1743496448.954656,62,63,168
1743496448.989656,-35,3,112
1743496449.024656,-21,-10,90
1743496449.060656,-33,-4,126
1743496449.096656,-19,-26,150
1743496449.1316562,-11,31,34
1743496449.167656,-41,-34,128
1743496449.202656,90,-34,148
1743496449.237656,-39,-50,196
1743496449.272656,26,-48,202
1743496449.308656,18,-10,120
1743496449.344656,-49,-104,72
1743496449.379656,8,11,123
1743496449.415656,44,-36,95
1743496449.450656,-3,-30,95
1743496449.485656,22,-42,158
1743496449.520656,-19,43,174
1743496449.556656,28,17,210
1743496449.592656,-7,45,124
1743496449.627656,0,-50,178
1743496449.663656,-57,33,36
1743496449.698656,24,-38,142
1743496449.7336562,16,5,160
1743496449.768656,-17,19,136
1743496449.804656,-1,-6,10
1743496449.840656,4,1,182
1743496449.875656,-35,-54,36
1743496449.911656,-13,21,254
1743496449.946656,-21,27,126
1743496449.981656,-27,-92,70
1743496450.0166562,-39,-74,104
1743496450.052656,60,-56,78
1743496450.088656,-85,47,34
1743496450.123656,-13,-32,118
1743496450.159656,74,23,78
1743496450.194656,-25,-42,114
1743496450.229656,10,-10,150
1743496450.264656,-41,65,62
1743496450.300656,-51,15,96
1743496450.336656,50,-26,140
1743496450.371656,2,-8,87
1743496450.407656,-171,-34,171
1743496450.442656,2,-83,49
1743496450.477656,-63,-73,201
1743496450.512656,-9,11,179
1743496450.548656,-57,-14,111
1743496450.584656,18,18,141
1743496450.619656,-25,17,143
1743496450.655656,28,-2,129
1743496450.690656,-19,-12,49
1743496450.725656,10,-16,23
1743496450.760656,-91,-42,125
1743496450.796656,-5,-6,93
1743496450.832656,-35,44,197
1743496450.867656,-102,37,131
1743496450.903656,37,-18,73
1743496450.938656,35,1,207
1743496450.973656,-6,58,177
1743496451.008656,-100,52,153
1743496451.044656,-127,-25,77
1743496451.080656,34,-21,39
1743496451.115656,8,-79,91
1743496451.1516562,-41,-15,1
1743496451.186656,-48,-33,257
1743496451.221656,-31,10,73
1743496451.2566562,-31,-19,83
1743496451.292656,-3,106,67
1743496451.328656,-91,-7,9
1743496451.363656,-36,2,177
1743496451.399656,-27,-55,87
1743496451.434656,-2,-21,159
1743496451.469656,-12,-3,-12
1743496451.504656,-64,-45,237
1743496451.540656,61,-27,47
1743496451.576656,17,70,175
1743496451.611656,9,-28,156
1743496451.647656,37,11,74
1743496451.682656,-42,55,136
1743496451.717656,-6,-18,166
1743496451.752656,-48,-40,86
1743496451.788656,-58,35,96
1743496451.824656,20,7,170
1743496451.859656,69,-32,10
1743496451.895656,43,8,144
1743496451.930656,-49,-75,48
1743496451.972656,-15,20,166
1743496452.008656,10,-19,130
1743496452.044656,2,122,168
1743496452.080656,64,41,86
1743496452.115656,84,35,214
1743496452.1516562,98,-2,154
1743496452.186656,-23,-62,96
1743496452.221656,-27,39,128
1743496452.2566562,52,25,128
1743496452.292656,22,8,180
1743496452.328656,-21,30,152
1743496452.363656,32,-21,142
1743496452.399656,-17,-51,24
1743496452.434656,-15,-53,86
1743496452.469656,64,-3,130
1743496452.504656,44,63,258
1743496452.540656,-23,1,112
1743496452.576656,-15,40,62
1743496452.611656,-25,-3,178
1743496452.647656,-25,74,130
1743496452.682656,36,10,212
1743496452.717656,40,36,108
1743496452.752656,124,-71,94
1743496452.788656,-7,100,132
1743496452.824656,-47,-7,50
1743496452.859656,58,6,128
1743496452.895656,-47,2,154
1743496452.930656,94,9,190
1743496452.965656,66,61,146
1743496453.000656,-17,2,120
1743496453.036656,-45,-32,84
1743496453.0726562,6,0,128
1743496453.107656,24,36,100
1743496453.143656,-75,36,84
1743496453.178656,-33,-1,140
1743496453.213656,18,-21,186
1743496453.248656,-113,-5,64
1743496453.284656,-1,-5,184
1743496453.320656,-3,-56,168
1743496453.355656,-41,28,168
1743496453.3916562,-69,-21,198
1743496453.426656,-9,-26,158
1743496453.461656,-42,23,124
1743496453.496656,17,-42,144
1743496453.532656,61,-40,212
1743496453.568656,-54,23,-7
1743496453.603656,77,-44,178
1743496453.639656,15,-6,144
1743496453.6746562,5,-18,124
1743496453.709656,-42,-46,30
1743496453.745656,-12,19,234
1743496453.780656,47,-20,94
1743496453.816656,-20,-16,62
1743496453.851656,41,31,144
1743496453.887656,71,3,148
1743496453.922656,13,11,116
1743496453.957656,-64,-16,68
1743496453.9936562,1,25,132
1743496454.028656,-10,9,85
1743496454.064656,-68,21,119
1743496454.099656,11,-84,121
1743496454.135656,59,-2,151
1743496454.170656,3,59,139
1743496454.205656,-47,-20,167
1743496454.241656,-13,3,189
1743496454.2766562,-7,-34,119
1743496454.3126562,6,15,13
1743496454.347656,-17,-52,83
1743496454.383656,-29,-74,53
1743496454.418656,8,65,149
1743496454.453656,-25,5,73
1743496454.489656,-17,-18,123
1743496454.524656,-75,43,51
1743496454.560656,-29,-84,123
1743496454.5956562,38,-18,87
1743496454.6316562,-1,-66,81
1743496454.666656,-41,-74,55
1743496454.701656,-39,25,167
1743496454.737656,49,25,223
1743496454.772656,23,31,123
1743496454.808656,-28,-40,285
1743496454.843656,-84,-6,171
1743496454.879656,32,-51,173
1743496454.9146562,-11,2,89
1743496454.949656,15,30,215
1743496454.985656,59,100,215
1743496455.020656,-14,6,69
1743496455.056656,-4,-11,137
1743496455.091656,113,-63,37
1743496455.127656,75,-47,197
1743496455.162656,5,2,231
1743496455.1976562,65,36,17
1743496455.2336562,56,37,215
1743496455.268656,0,47,195
1743496455.304656,18,45,175
1743496455.339656,-61,7,105
1743496455.375656,18,47,111
1743496455.410656,66,-12,137
1743496455.445656,62,9,155
1743496455.481656,20,39,49
1743496455.5166562,16,-44,71
1743496455.552656,66,-30,223
1743496455.587656,-1,16,161
1743496455.623656,72,23,59
1743496455.658656,-45,-7,249
1743496455.693656,-5,-15,58
1743496455.729656,38,-3,36
1743496455.764656,40,47,24
1743496455.800656,6,40,214
1743496455.8356562,2,0,106
1743496455.871656,-53,-35,40
1743496455.906656,-97,-36,150
1743496455.941656,-55,29,26
1743496455.977656,-63,0,128
1743496456.012656,-59,-35,156
1743496456.048656,58,-57,206
1743496456.083656,14,23,20
1743496456.119656,-29,-15,102
1743496456.1546562,18,-15,94
1743496456.189656,10,56,78
1743496456.225656,-32,24,76
1743496456.260656,-13,-55,116
1743496456.296656,-61,-51,156
1743496456.331656,12,28,162
1743496456.367656,-7,10,126
1743496456.402656,-7,-39,140
1743496456.4376562,6,-1,104
1743496456.473656,-85,38,66
1743496456.508656,-23,-59,96
1743496456.544656,27,58,88
1743496456.579656,-24,-17,236
1743496456.615656,15,26,130
1743496456.650656,-24,-7,44
1743496456.685656,-14,-41,46
1743496456.721656,0,40,114
1743496456.7566562,-30,-9,96
1743496456.792656,-28,-15,82
1743496456.827656,49,-91,62
1743496456.863656,7,-63,78
1743496456.898656,-26,-7,96
1743496456.933656,-16,-25,120
1743496456.969656,-52,-39,78
1743496457.004656,-57,-30,288
1743496457.040656,-53,-54,50
1743496457.075656,0,-10,214
1743496457.111656,26,-25,2
1743496457.147656,62,50,80
1743496457.183656,64,-7,212
1743496457.219656,-41,-53,222
1743496457.254656,46,34,88
1743496457.2896562,16,-15,100
1743496457.325656,80,23,96
1743496457.361656,46,-48,120
1743496457.396656,58,8,218
1743496457.432656,-15,-51,210
1743496457.467656,62,56,48
1743496457.502656,26,70,130
1743496457.537656,43,2,56
1743496457.573656,1,42,140
1743496457.609656,25,66,180
1743496457.644656,69,50,170
1743496457.680656,74,39,28
1743496457.715656,-51,-28,112
1743496457.750656,-3,33,166
1743496457.785656,-9,1,116
1743496457.821656,38,-16,202
1743496457.857656,-7,0,100
1743496457.892656,34,61,86
1743496457.928656,-77,-30,186
1743496457.963656,18,53,48
1743496457.998656,32,-38,34
1743496458.033656,-9,-61,118
1743496458.069656,-17,-9,126
1743496458.105656,-63,-1,160
1743496458.140656,-27,6,182
1743496458.176656,58,-61,118
1743496458.211656,24,-23,42
1743496458.246656,34,-1,228
1743496458.281656,76,-57,233
1743496458.317656,-89,28,69
1743496458.353656,58,-41,144
1743496458.388656,-45,-83,114
1743496458.4246562,54,83,90
1743496458.459656,-37,-16,194
1743496458.494656,84,33,106
1743496458.5296562,2,52,72
1743496458.565656,6,6,240
1743496458.601656,20,13,5
1743496458.636656,30,61,175
1743496458.672656,10,46,95
1743496458.707656,-5,-27,155
1743496458.742656,44,-23,145
1743496458.777656,-105,-26,115
1743496458.813656,32,13,173
1743496458.849656,0,37,31
1743496458.884656,9,-15,103
1743496458.920656,-6,73,151
1743496458.955656,-46,7,69
1743496458.990656,-64,58,113
1743496459.025656,25,-7,13
1743496459.061656,10,62,79
1743496459.097656,16,62,215
1743496459.132656,8,-37,31
1743496459.168656,60,-48,213
1743496459.203656,-11,-29,159
1743496459.238656,-51,26,141
1743496459.273656,80,-40,281
1743496459.309656,44,-16,147
1743496459.3456562,-13,-5,155
1743496459.380656,-19,-47,201
1743496459.416656,-5,-67,192
1743496459.451656,46,72,95
1743496459.486656,104,-2,37
1743496459.521656,14,2,16
1743496459.557656,-11,-3,194
1743496459.593656,-13,-61,18
1743496459.628656,20,12,246
1743496459.6646562,-11,26,154
1743496459.699656,-49,32,90
1743496459.734656,8,56,222
1743496459.769656,-11,-9,182
1743496459.805656,42,34,54
1743496459.841656,-59,10,80
1743496459.876656,12,8,123
1743496459.912656,46,-25,82
1743496459.9476562,39,100,210
1743496459.982656,-15,24,84
1743496460.017656,-61,-8,94
1743496460.053656,-17,-20,66
1743496460.089656,16,15,112
1743496460.124656,26,70,74
1743496460.160656,-3,8,60
1743496460.195656,108,9,86
1743496460.230656,18,-112,188
1743496460.265656,56,29,172
1743496460.301656,-57,25,60
1743496460.337656,62,-31,188
1743496460.372656,8,7,96
1743496460.408656,6,39,174
1743496460.443656,2,-2,84
1743496460.478656,10,37,202
1743496460.513656,42,-46,162
1743496460.5496562,48,67,36
1743496460.5856562,30,15,148
1743496460.620656,-5,-39,138
1743496460.656656,18,54,244
1743496460.691656,54,10,132
1743496460.726656,-5,-39,174
1743496460.761656,38,28,198
1743496460.797656,30,38,138
1743496460.833656,-8,13,170
1743496460.8686562,35,-48,16
1743496460.9046562,-7,-45,134
1743496460.939656,-31,-31,170
1743496460.974656,-27,-20,2
1743496461.009656,-59,-16,126
1743496461.045656,-27,33,108
1743496461.081656,-24,-30,168
1743496461.116656,54,1,104
1743496461.152656,1,51,142
1743496461.1876562,-10,1,244
1743496461.222656,41,20,64
1743496461.257656,27,2,76
1743496461.293656,81,-35,76
1743496461.329656,29,-23,82
1743496461.364656,21,-19,92
1743496461.400656,-20,-55,-27
1743496461.435656,18,-55,116
1743496461.4706562,-73,-27,14
1743496461.505656,-27,-12,74
1743496461.541656,8,-13,130
1743496461.577656,6,-15,190
1743496461.612656,-23,28,176
1743496461.648656,-51,-37,178
1743496461.683656,2,-7,128
1743496461.718656,62,46,166
1743496461.753656,0,-22,82
1743496461.7896562,24,-43,36
1743496461.825656,-23,12,102
1743496461.860656,-19,-79,178
1743496461.896656,-7,22,178
1743496461.931656,-59,-31,60
1743496461.973656,18,18,48
1743496462.009656,-67,3,186
1743496462.045656,-11,41,78
1743496462.081656,12,-58,199
1743496462.116656,12,4,137
1743496462.152656,22,-27,167
1743496462.1876562,-47,56,177
1743496462.222656,88,-21,189
1743496462.257656,16,15,59
1743496462.293656,22,19,93
1743496462.329656,20,-10,186
1743496462.364656,0,43,88
1743496462.400656,18,-13,223
1743496462.435656,68,3,171
1743496462.4706562,36,-18,139
1743496462.505656,10,41,177
1743496462.541656,-9,27,109
1743496462.577656,70,-56,187
1743496462.612656,92,-40,75
1743496462.648656,-5,31,125
1743496462.683656,-23,-32,209
1743496462.718656,-35,-16,183
1743496462.753656,16,-80,-48
1743496462.7896562,34,29,-2
1743496462.825656,32,21,131
1743496462.860656,-65,1,135
1743496462.896656,12,-48,215
1743496462.931656,-3,-32,177
1743496462.966656,22,-6,201
1743496463.001656,70,-15,19
1743496463.037656,0,20,107
1743496463.073656,2,40,171
1743496463.1086562,46,14,149
1743496463.144656,-7,-49,83
1743496463.179656,-33,66,187
1743496463.214656,67,-25,119
1743496463.250656,-55,76,105
1743496463.285656,-61,-27,181
1743496463.321656,68,-59,169
1743496463.356656,16,-35,125
1743496463.392656,0,48,113
1743496463.427656,49,-41,28
1743496463.462656,-74,-15,185
1743496463.498656,-13,-53,172
1743496463.533656,26,-27,200
1743496463.569656,-100,20,148
1743496463.604656,-50,11,68
1743496463.640656,-26,-94,0
1743496463.675656,-70,9,56
1743496463.7106562,-2,25,200
1743496463.746656,59,30,90
1743496463.781656,19,90,230
1743496463.817656,-8,-37,220
1743496463.852656,61,6,162
1743496463.888656,15,-85,78
1743496463.923656,25,-59,112
1743496463.958656,-6,-95,182
1743496463.994656,63,-76,38
1743496464.0296562,33,21,68
1743496464.065656,-6,1,156
1743496464.100656,-18,-20,132
1743496464.136656,-58,23,112
1743496464.171656,27,-28,128
1743496464.206656,-18,57,126
1743496464.242656,21,-26,234
1743496464.277656,39,71,80
1743496464.313656,65,13,82
1743496464.348656,-32,55,188
1743496464.384656,-2,-66,88
1743496464.419656,37,-16,132
1743496464.454656,7,23,120
1743496464.490656,1,16,22
1743496464.525656,-56,-7,92
1743496464.561656,-26,-33,58
1743496464.596656,9,-1,140
1743496464.632656,-36,54,138
1743496464.667656,-70,44,84
1743496464.702656,63,-8,114
1743496464.738656,3,-10,78
1743496464.773656,-70,5,82
1743496464.809656,33,59,130
1743496464.844656,-54,7,84
1743496464.880656,-2,-32,72
1743496464.915656,69,-69,102
1743496464.950656,-2,-21,0
1743496464.986656,21,42,102
1743496465.021656,-10,-21,54
1743496465.057656,-82,62,84
1743496465.092656,129,64,54
1743496465.128656,-60,-15,210
1743496465.163656,-24,-33,76
1743496465.198656,-46,-85,184
1743496465.234656,-58,4,224
1743496465.269656,-6,20,2
1743496465.305656,15,20,148
1743496465.340656,19,24,34
1743496465.376656,-40,-9,119
1743496465.411656,3,4,165
1743496465.446656,11,58,247
1743496465.482656,13,58,265
1743496465.517656,-58,-81,131
1743496465.553656,75,-51,55
1743496465.588656,-26,30,121
1743496465.624656,45,22,131
1743496465.659656,-68,-15,65
1743496465.694656,-16,-75,117
1743496465.730656,24,4,103
1743496465.765656,-7,-17,183
1743496465.801656,-31,-11,215
1743496465.836656,94,-5,19
1743496465.872656,-57,26,181
1743496465.907656,104,2,179
1743496465.942656,-75,3,75
1743496465.978656,-37,-26,317
1743496466.013656,86,47,143
1743496466.0496562,26,3,195
1743496466.084656,4,53,127
1743496466.119656,-71,15,195
1743496466.1546562,-43,26,161
1743496466.190656,-1,0,133
1743496466.226656,8,4,263
1743496466.261656,-87,48,161
1743496466.297656,32,-1,127
1743496466.332656,-23,76,71
1743496466.3686562,84,28,141
1743496466.403656,-7,-77,27
1743496466.438656,84,20,67
1743496466.474656,68,-39,141
1743496466.509656,-29,-31,143
1743496466.545656,58,-81,145
1743496466.580656,48,-6,13
1743496466.616656,34,33,205
1743496466.652656,14,-31,104
1743496466.688656,-57,15,98
1743496466.724656,8,89,60
1743496466.759656,10,-118,148
1743496466.794656,-11,-46,172
1743496466.830656,-25,-43,68
1743496466.866656,38,86,136
1743496466.9016562,17,22,84
1743496466.9376562,-59,7,72
1743496466.972656,-5,37,162
1743496467.007656,-21,29,108
1743496467.042656,42,-30,110
1743496467.078656,100,-18,124
1743496467.114656,54,-84,120
1743496467.149656,10,-68,126
1743496467.185656,-63,-59,152
1743496467.2206562,-35,-53,196
1743496467.255656,-169,-49,144
1743496467.290656,44,6,102
1743496467.326656,26,24,154
1743496467.362656,42,8,110
1743496467.397656,40,-37,162
1743496467.433656,-19,-7,20
1743496467.468656,10,-17,108
1743496467.503656,-59,-3,242
1743496467.538656,10,46,234
1743496467.574656,-17,-13,116
1743496467.610656,-17,6,160
1743496467.645656,-61,26,160
1743496467.682656,53,12,36
1743496467.717656,38,-31,152
1743496467.753656,-4,-27,144
1743496467.788656,37,28,60
1743496467.823656,29,-49,214
1743496467.8586562,80,-30,200
1743496467.894656,9,36,94
1743496467.930656,-10,1,18
1743496467.965656,69,-32,160
1743496468.001656,15,27,218
1743496468.036656,87,95,166
1743496468.071656,17,3,158
1743496468.106656,-60,59,166
1743496468.142656,19,55,134
1743496468.178656,-6,21,182
1743496468.213656,25,33,100
1743496468.249656,11,-34,112
1743496468.284656,-20,-32,148
1743496468.319656,-18,7,154
1743496468.354656,-76,21,148
1743496468.390656,-88,1,146
1743496468.426656,7,13,-25
1743496468.461656,-70,0,208
1743496468.497656,37,13,114
1743496468.532656,47,-14,64
1743496468.567656,-36,-4,96
1743496468.602656,-18,25,112
1743496468.638656,79,-56,130
1743496468.6746562,33,-42,60
1743496468.709656,45,29,144
1743496468.745656,1,-66,56
1743496468.780656,-56,33,162
1743496468.815656,-10,-43,167
1743496468.850656,-98,52,51
1743496468.886656,15,0,147
1743496468.922656,70,-52,37
1743496468.957656,-11,-31,187
1743496468.9936562,-1,-15,117
1743496469.028656,-3,-7,191
1743496469.063656,-37,-19,205
1743496469.098656,14,-63,99
1743496469.134656,-27,1,177
1743496469.170656,-17,-39,109
1743496469.205656,36,-25,115
1743496469.241656,-49,-9,85
1743496469.2766562,-15,100,103
1743496469.311656,-41,0,119
1743496469.346656,-3,40,83
1743496469.382656,14,-17,137
1743496469.418656,-17,58,161
1743496469.453656,-41,8,121
1743496469.489656,16,12,93
1743496469.524656,-9,-27,119
1743496469.559656,-37,72,129
1743496469.594656,-47,-29,33
1743496469.630656,-5,-33,121
1743496469.666656,22,72,33
1743496469.701656,12,30,217
1743496469.737656,-54,56,87
1743496469.772656,15,34,63
1743496469.807656,-54,24,187
1743496469.842656,-26,26,141
1743496469.878656,-64,-3,203
1743496469.9146562,37,-11,233
1743496469.949656,-4,8,193
1743496469.985656,-20,24,177
1743496470.020656,-4,-3,143
1743496470.055656,7,86,135
1743496470.090656,-4,96,205
1743496470.126656,-85,-49,227
1743496470.162656,24,24,179
1743496470.1976562,6,16,155
1743496470.2336562,110,-1,127
1743496470.268656,22,0,205
1743496470.303656,-55,16,88
1743496470.338656,28,-14,192
1743496470.374656,-15,43,50
1743496470.410656,-9,-30,154
1743496470.445656,-1,-56,172
1743496470.481656,22,-18,22
1743496470.5166562,32,-34,88
1743496470.551656,60,-18,192
1743496470.586656,-69,-59,56
1743496470.622656,-61,-111,152
1743496470.658656,-23,28,-17
1743496470.693656,-35,-87,150
1743496470.729656,-33,-41,196
1743496470.764656,-9,60,72
1743496470.7996562,8,0,94
1743496470.834656,48,-7,134
1743496470.870656,30,-63,86
1743496470.906656,-7,-25,76
1743496470.941656,-19,-41,58
1743496470.977656,-61,-27,136
1743496471.012656,-7,26,74
1743496471.047656,-3,-33,114
1743496471.082656,4,-59,74
1743496471.1186562,-61,30,86
1743496471.1546562,58,42,177
1743496471.189656,2,12,119
1743496471.225656,1,14,125
1743496471.260656,0,14,195
1743496471.295656,-28,10,193
1743496471.330656,20,0,123
1743496471.366656,-89,-53,143
1743496471.402656,22,-16,147
1743496471.4376562,-37,35,97
1743496471.473656,22,-32,59
1743496471.508656,32,-66,237
1743496471.543656,2,-85,173
1743496471.578656,70,-33,95
1743496471.614656,-45,-15,67
1743496471.650656,34,-15,139
1743496471.685656,50,60,129
1743496471.721656,-17,40,141
1743496471.7566562,26,66,175
1743496471.791656,1,-69,159
1743496471.826656,-71,-45,191
1743496471.862656,-9,-23,85
1743496471.898656,3,12,139
1743496471.933656,-43,37,71
1743496471.976656,-55,44,19
1743496472.012656,14,71,179
1743496472.047656,-90,27,49
1743496472.082656,-50,15,171
1743496472.1186562,57,-12,265
1743496472.1546562,-29,-10,155
1743496472.189656,12,39,147
1743496472.225656,6,52,131
1743496472.260656,-5,78,107
1743496472.295656,10,36,209
1743496472.330656,-11,-42,133
1743496472.366656,62,-28,169
1743496472.402656,40,-23,109
1743496472.4376562,-21,-39,229
1743496472.473656,22,-45,185
1743496472.508656,-25,-11,63
1743496472.543656,-23,-1,139
1743496472.578656,16,-7,197
1743496472.614656,-35,8,67
1743496472.650656,36,28,125
1743496472.685656,62,-21,81
1743496472.721656,-27,26,169
1743496472.7566562,-33,-17,171
1743496472.791656,6,-25,99
1743496472.827656,18,102,141
1743496472.862656,16,6,61
1743496472.898656,18,26,-62
1743496472.933656,6,-41,107
1743496472.969656,50,-19,155
1743496473.004656,38,22,233
1743496473.0396562,-31,84,27
1743496473.075656,18,10,121
1743496473.110656,6,-23,123
1743496473.146656,-39,-47,167
1743496473.181656,-37,44,185
1743496473.217656,76,44,130
1743496473.252656,32,2,202
1743496473.287656,30,28,89
1743496473.323656,-19,-33,81
1743496473.3586562,20,-21,77
1743496473.394656,54,106,147
1743496473.429656,-23,-87,125
1743496473.465656,32,-29,32
1743496473.500656,-91,-13,50
1743496473.535656,0,-57,222
1743496473.571656,31,22,222
1743496473.606656,-36,-27,36
1743496473.642656,-58,60,125
1743496473.677656,0,-13,35
1743496473.713656,-27,-9,202
1743496473.748656,62,24,142
1743496473.783656,0,-1,-61
1743496473.819656,16,-5,120
1743496473.854656,-11,46,218
1743496473.890656,-35,8,138
1743496473.925656,52,28,138
1743496473.961656,76,-23,94
1743496473.996656,26,4,226
1743496474.031656,-9,30,150
1743496474.067656,72,46,44
1743496474.102656,44,4,8
1743496474.138656,-15,24,108
1743496474.173656,-39,-9,136
1743496474.209656,22,-55,106
1743496474.244656,-51,-27,200
1743496474.2796562,-57,-53,170
1743496474.315656,-59,-41,126
1743496474.350656,-55,-1,76
1743496474.386656,36,-42,84
1743496474.421656,18,-2,148
1743496474.457656,23,45,138
1743496474.492656,37,94,12
1743496474.527656,1,-37,188
1743496474.563656,5,42,198
1743496474.598656,-4,-33,196
1743496474.634656,67,-51,216
1743496474.669656,7,-49,224
1743496474.705656,16,6,144
1743496474.740656,54,-53,108
1743496474.775656,-51,-5,148
1743496474.811656,-19,-7,-11
1743496474.846656,-43,-51,156
1743496474.882656,-52,6,264
1743496474.917656,14,-79,-5
1743496474.953656,78,4,212
1743496474.988656,-17,22,188
1743496475.023656,-41,-2,66
1743496475.059656,-17,-61,16
1743496475.094656,10,-3,50
1743496475.130656,33,-51,40
1743496475.165656,-56,14,102
1743496475.201656,67,-5,88
1743496475.236656,37,94,178
1743496475.271656,-34,16,22
1743496475.307656,5,36,70
1743496475.342656,-22,-13,106
1743496475.378656,-54,78,58
1743496475.413656,-3,-39,-35
1743496475.449656,-7,-53,83
1743496475.484656,-37,80,255
1743496475.519656,-1,48,47
1743496475.555656,16,-33,117
1743496475.590656,40,32,167
1743496475.626656,32,-61,35
1743496475.661656,6,47,27
1743496475.6976562,-35,47,49
1743496475.732656,-45,-66,0
1743496475.767656,37,-31,161
1743496475.803656,0,22,197
1743496475.838656,-57,50,71
1743496475.874656,42,2,107
1743496475.909656,0,6,53
1743496475.945656,56,38,-30
1743496475.980656,56,26,107
1743496476.015656,-69,14,177
1743496476.051656,42,18,133
1743496476.086656,-29,-33,131
1743496476.122656,-35,26,53
1743496476.157656,-11,-43,235
1743496476.193656,10,20,79
1743496476.229656,-63,10,93
1743496476.264656,-5,-33,83
1743496476.2996562,-30,-67,0
1743496476.3356562,-6,-39,267
1743496476.371656,36,-5,67
1743496476.406656,48,54,139
1743496476.442656,-39,6,171
1743496476.477656,-15,-39,93
1743496476.512656,32,-1,-58
1743496476.547656,4,48,143
1743496476.583656,0,-51,85
1743496476.619656,-55,-25,203
1743496476.6546562,-15,-45,261
1743496476.690656,78,-31,85
1743496476.725656,-55,10,63
1743496476.760656,-5,112,81
1743496476.795656,6,-17,91
1743496476.831656,14,-37,33
1743496476.867656,4,2,103
1743496476.902656,64,-3,62
1743496476.938656,-7,-31,71
1743496476.973656,-25,-23,237
1743496477.008656,4,-67,188
1743496477.043656,26,4,217
1743496477.079656,-55,-59,93
1743496477.115656,-51,60,201
1743496477.150656,20,-61,115
1743496477.186656,34,-59,103
1743496477.221656,-21,28,129
1743496477.2566562,-35,-32,91
1743496477.291656,8,-70,141
1743496477.327656,30,51,243
1743496477.363656,-3,25,161
1743496477.398656,76,1,3
1743496477.434656,-11,-6,183
1743496477.469656,-11,-2,-58
1743496477.504656,2,-80,156
1743496477.5396562,-19,-6,68
1743496477.575656,-35,13,81
1743496477.611656,34,-22,181
1743496477.646656,-11,45,185
1743496477.682656,74,-10,95
1743496477.717656,16,-54,241
1743496477.752656,14,-102,179
1743496477.787656,-7,13,248
1743496477.823656,-39,31,58
1743496477.859656,-11,29,312
1743496477.894656,-118,-79,211
1743496477.930656,-56,-47,175
1743496477.965656,67,-41,214
1743496478.000656,-12,-43,-13
1743496478.035656,-55,-2,42
1743496478.071656,26,1,196
1743496478.107656,4,-32,14
1743496478.142656,8,-30,90
1743496478.178656,-7,-12,140
1743496478.213656,-17,81,148
1743496478.248656,0,-10,98
1743496478.283656,-63,13,160
1743496478.319656,12,89,120
1743496478.355656,45,23,98
1743496478.390656,23,-8,86
1743496478.426656,1,15,170
1743496478.461656,-4,51,114
1743496478.496656,17,-42,228
1743496478.531656,-102,-38,152
1743496478.567656,19,1,36
1743496478.603656,59,-50,126
1743496478.638656,75,53,214
1743496478.6746562,59,58,86
1743496478.709656,9,18,146
1743496478.744656,-30,-65,232
1743496478.7796562,23,-17,108
1743496478.815656,29,-83,120
1743496478.851656,65,14,202
1743496478.886656,43,-5,156
1743496478.922656,-72,-99,110
1743496478.957656,11,10,252
1743496478.992656,59,-63,162
1743496479.027656,-28,-19,212
1743496479.063656,49,-9,78
1743496479.099656,77,-67,78
1743496479.134656,0,-49,130
1743496479.170656,45,-29,170
1743496479.205656,15,-45,132
1743496479.240656,-20,-38,116
1743496479.275656,0,-38,6
1743496479.311656,24,29,202
1743496479.347656,-48,-18,238
1743496479.382656,-8,-4,80
1743496479.418656,26,-30,132
1743496479.453656,-17,15,118
1743496479.488656,80,1,188
1743496479.523656,11,-8,58
1743496479.559656,27,67,158
1743496479.5956562,30,69,146
1743496479.630656,32,11,8
1743496479.666656,68,43,132
1743496479.701656,44,-66,194
1743496479.736656,-43,-10,122
1743496479.771656,12,-1,16
1743496479.807656,10,35,180
1743496479.843656,-79,-79,-41
1743496479.878656,-13,-21,92
1743496479.9146562,-5,39,146
1743496479.949656,-17,-16,166
1743496479.984656,112,-44,102
1743496480.019656,-33,21,202
1743496480.055656,16,5,80
1743496480.091656,14,-10,140
1743496480.126656,2,23,112
1743496480.162656,-37,16,220
1743496480.1976562,4,-43,72
1743496480.232656,34,54,130
1743496480.267656,-31,18,66
1743496480.303656,78,12,76
1743496480.339656,-39,-1,134
1743496480.374656,-63,0,10
1743496480.410656,22,28,120
1743496480.445656,48,0,40
1743496480.480656,-49,-25,100
1743496480.515656,14,24,160
1743496480.551656,-63,40,226
1743496480.587656,-53,-112,134
1743496480.622656,4,-28,142
1743496480.658656,102,-39,172
1743496480.693656,-61,36,36
1743496480.728656,-37,2,164
1743496480.763656,56,20,218
1743496480.7996562,-33,-50,220
1743496480.8356562,58,3,182
1743496480.870656,30,-24,226
1743496480.906656,-11,-47,122
1743496480.941656,-49,29,204
1743496480.976656,18,39,160
1743496481.011656,60,-30,214
1743496481.047656,78,-88,240
1743496481.083656,34,5,118
1743496481.1186562,138,-38,122
1743496481.1546562,32,-26,114
1743496481.189656,-51,0,54
1743496481.224656,24,-12,50
1743496481.259656,-11,71,188
1743496481.295656,-59,-28,190
1743496481.331656,52,33,10
1743496481.366656,-9,1,144
1743496481.402656,44,9,170
1743496481.4376562,54,-64,158
1743496481.472656,-1,-24,176
1743496481.507656,-3,-13,160
1743496481.543656,-13,29,204
1743496481.579656,100,-6,16
1743496481.614656,-89,-9,264
1743496481.650656,4,84,118
1743496481.685656,0,20,192
1743496481.7206562,2,11,34
1743496481.755656,-19,-56,138
1743496481.791656,-3,-105,140
1743496481.827656,2,-111,212
1743496481.862656,64,-31,170
1743496481.898656,58,-23,120
1743496481.933656,-1,-42,94
1743496481.968656,-33,-50,72
1743496482.011656,86,-76,107
1743496482.047656,-17,69,26
1743496482.083656,-83,-22,113
1743496482.1186562,-37,59,22
1743496482.1546562,4,-16,93
1743496482.189656,-96,11,45
1743496482.224656,71,35,159
1743496482.260656,-49,21,197
1743496482.295656,12,-64,97
1743496482.331656,-83,-22,221
1743496482.366656,-32,21,169
1743496482.402656,23,11,253
1743496482.4376562,57,23,161
1743496482.472656,-10,17,119
1743496482.508656,51,-122,261
1743496482.543656,-66,-4,87
1743496482.579656,14,73,193
1743496482.614656,-14,-48,151
1743496482.650656,31,-26,211
1743496482.685656,-5,20,35
1743496482.7206562,30,-31,213
1743496482.7566562,16,32,97
1743496482.791656,28,16,93
1743496482.827656,-51,13,41
1743496482.862656,-64,41,101
1743496482.898656,-28,17,165
1743496482.933656,-10,-2,105
1743496482.968656,-10,-54,169
1743496483.004656,-48,-20,235
1743496483.0396562,55,25,83
1743496483.075656,21,41,151
1743496483.110656,73,-40,147
1743496483.146656,101,23,33
1743496483.181656,-108,-68,73
1743496483.216656,-36,-58,107
1743496483.252656,-12,0,145
1743496483.287656,49,65,195
1743496483.323656,-4,-30,163
1743496483.3586562,-66,-2,71
1743496483.394656,-28,-16,225
1743496483.429656,1,-12,139
1743496483.464656,5,61,129
1743496483.500656,31,-16,85
1743496483.535656,67,59,127
1743496483.571656,-18,-40,201
1743496483.606656,41,-66,71
1743496483.642656,31,-24,115
1743496483.677656,-10,41,223
1743496483.712656,-8,-8,193
1743496483.748656,3,-8,-8
1743496483.783656,3,-10,167
1743496483.819656,23,49,63
1743496483.854656,27,-48,93
1743496483.890656,-18,-42,181
1743496483.925656,-50,-40,185
1743496483.9606562,-34,-66,37
1743496483.996656,27,-36,109
1743496484.031656,9,-98,57
1743496484.067656,19,-48,43
1743496484.102656,3,37,159
1743496484.138656,-42,-58,115
1743496484.173656,11,23,173
1743496484.208656,19,-56,65
1743496484.244656,-108,5,115
1743496484.2796562,17,-11,121
1743496484.315656,-4,48,191
1743496484.350656,7,-7,-4
1743496484.386656,39,18,87
1743496484.421656,11,-5,133
1743496484.456656,-26,-19,95
1743496484.492656,49,-81,43
1743496484.527656,-20,-107,53
1743496484.563656,-32,-55,71
1743496484.598656,12,-36,189
1743496484.634656,-11,-14,161
1743496484.669656,-30,7,95
1743496484.704656,20,-4,83
1743496484.740656,-32,2,147
1743496484.775656,23,-15,133
1743496484.811656,55,0,121
1743496484.846656,-10,-4,85
1743496484.882656,23,13,71
1743496484.917656,-12,-11,117
1743496484.952656,73,-44,109
1743496484.988656,0,49,163
1743496485.023656,19,-8,85
1743496485.059656,-4,-66,185
1743496485.094656,-38,13,-34
1743496485.130656,85,-32,247
1743496485.165656,23,-36,169
1743496485.200656,-6,43,135
1743496485.236656,-8,0,155
1743496485.271656,23,57,99
1743496485.307656,79,39,61
1743496485.342656,-18,-60,181
1743496485.378656,69,49,195
1743496485.413656,-80,77,65
1743496485.448656,13,3,103
1743496485.484656,19,39,67
1743496485.519656,-86,91,159
1743496485.555656,3,7,77
1743496485.590656,27,-46,175
1743496485.626656,-26,-50,245
1743496485.662656,-14,-24,77
1743496485.698656,91,55,147
1743496485.734656,-16,-28,203
1743496485.769656,-22,0,7
1743496485.804656,47,-48,157
1743496485.840656,-44,13,91
1743496485.876656,69,9,105
1743496485.911656,19,45,133
1743496485.9476562,-8,-48,37
1743496485.982656,21,-2,127
1743496486.018656,51,-19,205
1743496486.054656,-2,-8,159
1743496486.089656,-32,-11,181
1743496486.124656,-52,-28,67
1743496486.160656,-21,17,189
1743496486.196656,40,5,115
1743496486.231656,-48,-24,85
1743496486.267656,0,46,143
1743496486.302656,-72,-29,235
1743496486.337656,49,0,-16
1743496486.372656,-56,-15,179
1743496486.408656,-98,-43,189
1743496486.444656,19,10,89
1743496486.479656,-24,-37,167
1743496486.515656,-54,-17,55
1743496486.550656,5,4,77
1743496486.5856562,39,-27,115
1743496486.620656,-38,26,149
1743496486.656656,37,39,127
1743496486.692656,-5,39,51
1743496486.727656,78,-106,47
1743496486.763656,23,-91,169
1743496486.798656,24,-2,83
1743496486.833656,-55,-26,151
1743496486.8686562,16,9,127
1743496486.9046562,-67,-12,57
1743496486.940656,8,-26,141
1743496486.975656,-11,-64,153
1743496487.011656,-43,43,125
1743496487.046656,62,37,189
1743496487.081656,-3,-42,103
1743496487.116656,4,13,161
1743496487.152656,40,-44,135
1743496487.188656,30,19,111
1743496487.223656,-5,-38,185
1743496487.259656,8,33,-16
1743496487.294656,-29,-54,77
1743496487.329656,-33,83,199
1743496487.364656,6,21,143
1743496487.400656,4,-38,147
1743496487.436656,-17,89,53
1743496487.471656,-43,59,119
1743496487.507656,-31,15,15
1743496487.542656,-7,-44,3
1743496487.577656,-1,-48,99
1743496487.612656,-73,1,99
1743496487.648656,6,57,121
1743496487.684656,-69,3,93
1743496487.719656,50,13,65
1743496487.755656,-33,19,135
1743496487.790656,22,-22,179
1743496487.825656,-75,15,15
1743496487.860656,-7,15,217
1743496487.896656,36,5,33
1743496487.932656,-27,-30,141
1743496487.967656,-1,-48,35
1743496488.003656,-3,-24,128
1743496488.038656,-49,-58,82
1743496488.073656,14,-24,118
1743496488.1086562,34,7,264
1743496488.144656,-1,19,98
1743496488.180656,-13,-16,78
1743496488.215656,-21,57,66
1743496488.251656,-59,77,48
1743496488.286656,24,-34,196
1743496488.321656,4,-44,192
1743496488.356656,-35,-36,220
1743496488.392656,-61,39,124
1743496488.428656,-81,-18,192
1743496488.463656,-69,-6,230
1743496488.499656,-63,13,164
1743496488.534656,-89,-10,136
1743496488.569656,-15,-50,194
1743496488.604656,28,33,168
1743496488.640656,-23,-70,54
1743496488.676656,-25,-2,118
1743496488.711656,-5,41,98
1743496488.747656,-85,5,76
1743496488.782656,-69,-88,70
1743496488.817656,34,15,96
1743496488.852656,-7,11,166
1743496488.888656,45,-29,58
1743496488.9246562,-5,9,142
1743496488.959656,48,45,102
1743496488.995656,-3,-52,2
1743496489.030656,33,58,232
1743496489.065656,3,-79,-7
1743496489.100656,-66,34,106
1743496489.136656,-73,-87,130
1743496489.172656,64,-23,18
1743496489.207656,-45,22,12
1743496489.2436562,-83,-31,188
1743496489.278656,-64,10,178
1743496489.313656,-7,4,136
1743496489.348656,82,12,194
1743496489.384656,28,-9,188
1743496489.420656,-5,-1,196
1743496489.455656,64,-13,138
1743496489.491656,92,-11,124
1743496489.5266562,12,-37,194
1743496489.561656,48,-31,202
1743496489.596656,12,-17,206
1743496489.632656,-41,-37,90
1743496489.668656,33,4,71
1743496489.703656,-64,20,161
1743496489.739656,-26,-17,159
1743496489.774656,27,-41,131
1743496489.809656,57,79,268
1743496489.844656,-6,-26,171
1743496489.880656,71,24,209
1743496489.916656,61,-27,167
1743496489.951656,-72,96,187
1743496489.987656,61,-15,171
1743496490.022656,-22,4,119
1743496490.057656,75,26,205
1743496490.092656,17,8,183
1743496490.128656,57,124,221
1743496490.1646562,-14,-75,39
1743496490.199656,65,16,173
1743496490.235656,-42,50,157
1743496490.270656,-24,-3,101
1743496490.305656,-4,-49,1
1743496490.340656,81,30,191
1743496490.376656,41,4,121
1743496490.412656,11,7,47
1743496490.4476562,-38,60,119
1743496490.4836562,33,36,37
1743496490.518656,7,6,177
1743496490.553656,47,7,129
1743496490.588656,-18,0,139
1743496490.624656,-6,-6,109
1743496490.660656,11,3,121
1743496490.695656,-118,37,141
1743496490.731656,79,-18,155
1743496490.7666562,77,-52,161
1743496490.801656,15,-26,225
1743496490.836656,-56,-36,191
1743496490.872656,-52,-22,115
1743496490.908656,47,19,155
1743496490.943656,26,23,89
1743496490.979656,-36,59,255
1743496491.014656,-78,-8,113
1743496491.0496562,-28,-18,157
1743496491.084656,65,-36,123
1743496491.120656,13,65,231
1743496491.156656,1,-31,83
1743496491.191656,-40,-37,119
1743496491.227656,75,-29,201
1743496491.262656,31,-4,57
1743496491.297656,53,30,99
1743496491.332656,-14,58,57
1743496491.3686562,-86,-55,33
1743496491.4046562,25,-51,49
1743496491.439656,-58,-43,31
1743496491.475656,-24,48,174
1743496491.510656,-72,16,122
1743496491.545656,-62,24,12
1743496491.580656,23,-21,274
1743496491.616656,-14,-33,266
1743496491.652656,-12,32,147
1743496491.6876562,-2,-29,137
1743496491.723656,61,-81,60
1743496491.758656,-122,-7,218
1743496491.793656,99,-7,115
1743496491.829656,35,-61,61
1743496491.864656,5,50,186
1743496491.900656,-66,48,110
1743496491.935656,-42,-65,242
1743496491.971656,51,70,147
1743496492.013656,27,4,139
1743496492.0496562,9,-1,125
1743496492.0856562,0,4,172
1743496492.120656,-32,20,170
1743496492.156656,87,-16,108
1743496492.191656,-10,-44,152
1743496492.227656,-12,-17,176
1743496492.262656,-40,-13,160
1743496492.297656,61,-25,242
1743496492.333656,0,38,100
1743496492.3686562,0,28,146
1743496492.4046562,-34,-7,194
1743496492.439656,-60,0,128
1743496492.475656,-80,70,50
1743496492.510656,55,-55,6
1743496492.545656,-19,26,152
1743496492.581656,-50,-39,156
1743496492.616656,45,0,28
1743496492.652656,17,-43,114
1743496492.6876562,-40,-33,318
1743496492.723656,73,-6,144
1743496492.758656,35,-1,162
1743496492.793656,-10,18,130
1743496492.829656,33,-54,166
1743496492.864656,-34,21,108
1743496492.900656,-16,28,180
1743496492.935656,-38,-23,64
1743496492.971656,5,24,90
1743496493.0066562,13,6,104
1743496493.041656,29,42,176
1743496493.077656,27,4,38
1743496493.112656,-6,60,168
1743496493.148656,8,18,58
1743496493.183656,80,-9,108
1743496493.219656,-9,-35,162
1743496493.254656,-31,30,64
1743496493.2896562,-45,-83,184
1743496493.325656,-1,-53,100
1743496493.360656,-15,-17,82
1743496493.396656,-55,6,100
1743496493.431656,0,-15,212
1743496493.467656,18,-47,218
1743496493.502656,0,-15,136
1743496493.537656,-19,-52,62
1743496493.573656,38,33,210
1743496493.6086562,-11,0,76
1743496493.644656,42,-28,65
1743496493.679656,36,-64,208
1743496493.715656,-39,5,72
1743496493.750656,-59,-19,128
1743496493.785656,-11,-44,110
1743496493.821656,-47,-61,159
1743496493.856656,-7,-5,127
1743496493.892656,-43,4,180
1743496493.927656,4,-43,194
1743496493.963656,-3,-47,122
1743496493.998656,10,-1,108
1743496494.033656,-45,-5,288
1743496494.069656,28,36,160
1743496494.104656,-7,24,130
1743496494.140656,-63,-2,144
1743496494.175656,-5,-24,128
1743496494.211656,26,-11,134
1743496494.246656,-49,-13,46
1743496494.281656,-25,-23,210
1743496494.317656,-35,6,162
1743496494.352656,-58,49,234
1743496494.388656,5,-6,18
1743496494.423656,4,57,119
1743496494.459656,-79,27,117
1743496494.494656,-139,-10,163
1743496494.5296562,-25,-88,191
1743496494.565656,-27,9,167
1743496494.600656,-47,-16,199
1743496494.636656,-27,-6,129
1743496494.671656,2,-12,197
1743496494.707656,-25,-44,45
1743496494.742656,-71,1,55
1743496494.777656,8,-30,93
1743496494.813656,-29,-12,101
1743496494.848656,20,99,39
1743496494.884656,-19,-28,131
1743496494.919656,72,45,197
1743496494.955656,-71,13,187
1743496494.990656,16,31,107
1743496495.025656,-9,3,209
1743496495.061656,-17,29,215
1743496495.096656,-51,-102,151
1743496495.132656,34,-4,181
1743496495.167656,-39,7,147
1743496495.202656,-87,67,143
1743496495.237656,18,79,155
1743496495.273656,40,-14,97
1743496495.309656,94,-82,259
1743496495.344656,46,-72,47
1743496495.380656,-14,-52,103
1743496495.415656,-28,57,153
1743496495.450656,29,-32,45
1743496495.485656,-8,29,67
1743496495.521656,45,21,175
1743496495.557656,77,75,183
1743496495.592656,1,25,183
1743496495.628656,15,83,147
1743496495.663656,57,-12,87
1743496495.698656,31,35,105
1743496495.7336562,-46,29,155
1743496495.769656,55,-22,65
1743496495.805656,7,21,93
1743496495.840656,15,-74,109
1743496495.876656,85,33,107
1743496495.911656,39,69,123
1743496495.946656,-8,33,125
1743496495.981656,39,13,79
1743496496.017656,-24,9,169
1743496496.053656,-60,-18,215
1743496496.088656,75,-84,187
1743496496.124656,35,21,61
1743496496.159656,-30,43,241
1743496496.194656,-44,51,73
1743496496.229656,-24,-50,293
1743496496.265656,59,0,137
1743496496.301656,-14,19,25
1743496496.336656,-14,51,139
1743496496.372656,-50,45,77
1743496496.407656,37,9,87
1743496496.442656,-48,-16,135
1743496496.477656,-38,-54,174
1743496496.513656,21,125,190
1743496496.5496562,-10,-62,206
1743496496.584656,-4,7,130
1743496496.620656,37,-2,164
1743496496.655656,23,-23,146
1743496496.690656,9,64,158
1743496496.725656,-56,12,60
1743496496.761656,-70,44,152
1743496496.797656,71,0,44
1743496496.832656,-94,14,86
1743496496.8686562,-23,-59,84
1743496496.903656,60,36,104
1743496496.938656,68,5,106
1743496496.973656,66,15,120
1743496497.009656,16,-16,196
1743496497.045656,-50,77,86
1743496497.080656,40,31,271
1743496497.116656,-80,1,96
1743496497.1516562,-47,11,175
1743496497.186656,-49,-28,117
1743496497.221656,70,111,75
1743496497.257656,36,9,215
1743496497.293656,24,-12,81
1743496497.328656,-1,-7,159
1743496497.364656,0,-42,130
1743496497.399656,-7,8,212
1743496497.434656,10,12,80
1743496497.469656,-107,-63,14
1743496497.505656,-55,-55,228
1743496497.541656,-13,-15,182
1743496497.576656,8,14,8
1743496497.612656,-77,-17,68
1743496497.647656,12,50,180
1743496497.682656,55,44,154
1743496497.717656,-4,48,42
1743496497.753656,86,39,108
1743496497.7896562,4,7,170
1743496497.824656,-33,51,82
1743496497.860656,32,-55,114
1743496497.895656,-19,-1,188
1743496497.930656,-45,12,144
1743496497.965656,22,4,70
1743496498.001656,76,-29,160
1743496498.037656,30,44,174
1743496498.0726562,34,-3,32
1743496498.1086562,14,-37,128
1743496498.143656,-13,-37,46
1743496498.178656,2,-21,176
1743496498.213656,-117,2,206
1743496498.249656,-27,72,222
1743496498.285656,-59,3,128
1743496498.320656,-51,-27,28
1743496498.356656,-1,7,112
1743496498.3916562,-33,-4,176
1743496498.426656,-51,1,88
1743496498.461656,40,59,102
1743496498.497656,90,17,170
1743496498.533656,6,-19,228
1743496498.568656,14,0,122
1743496498.604656,-1,13,160
1743496498.639656,22,51,178
1743496498.6746562,-75,17,44
1743496498.709656,34,-12,154
1743496498.745656,-71,-6,22
1743496498.781656,0,19,198
1743496498.816656,32,1,58
1743496498.852656,26,-40,116
1743496498.887656,14,26,170
1743496498.922656,-105,6,142
1743496498.957656,-18,-47,120
1743496498.9936562,10,54,240
1743496499.0296562,0,-49,300
1743496499.064656,1,28,112
1743496499.100656,-11,-41,110
1743496499.135656,78,-5,84
1743496499.170656,-25,-45,102
1743496499.205656,30,-11,66
1743496499.241656,-15,-47,184
1743496499.277656,-17,2,136
1743496499.3126562,22,36,-7
1743496499.348656,84,58,122
1743496499.383656,-3,18,155
1743496499.418656,33,-11,135
1743496499.453656,-75,-1,235
1743496499.489656,14,-9,115
1743496499.525656,-27,40,181
1743496499.560656,2,-55,43
1743496499.596656,-25,-11,93
1743496499.6316562,-43,-85,209
1743496499.666656,32,-1,115
1743496499.701656,26,42,71
1743496499.737656,-1,-9,49
1743496499.773656,48,5,35
1743496499.808656,20,45,149
1743496499.844656,-97,-60,221
1743496499.879656,8,25,143
1743496499.9146562,-35,27,109
1743496499.949656,-75,-44,37
1743496499.985656,12,-48,9
1743496500.021656,-89,-41,143
1743496500.056656,-45,42,143
1743496500.092656,-41,-9,143
1743496500.127656,16,32,23
1743496500.162656,98,-41,111
1743496500.1976562,32,-5,117
1743496500.2336562,2,8,85
1743496500.269656,-33,-4,125
1743496500.304656,-55,-14,131
1743496500.340656,-13,-33,93
1743496500.375656,-15,36,89
1743496500.410656,-51,-65,143
1743496500.445656,36,-39,233
1743496500.481656,15,-13,129
1743496500.517656,13,-47,127
1743496500.552656,35,-85,145
1743496500.588656,-7,-13,173
1743496500.623656,44,46,65
1743496500.658656,-47,-51,171
1743496500.693656,30,16,77
1743496500.729656,-39,-39,93
1743496500.765656,40,28,203
1743496500.800656,38,50,105
1743496500.836656,-19,-17,147
1743496500.871656,48,22,-22
1743496500.906656,-7,-5,261
1743496500.941656,0,6,117
1743496500.977656,40,-41,-16
1743496501.013656,-21,24,228
1743496501.048656,24,-49,338
1743496501.084656,6,82,178
1743496501.119656,-21,38,56
1743496501.1546562,80,-21,123
1743496501.190656,4,2,58
1743496501.225656,9,-51,181
1743496501.261656,-24,70,70
1743496501.296656,58,46,177
1743496501.332656,26,-51,103
1743496501.367656,-7,-25,183
1743496501.402656,-43,-53,167
1743496501.438656,44,28,241
1743496501.473656,-49,56,115
1743496501.509656,52,2,111
1743496501.544656,-49,-21,175
1743496501.580656,-21,-25,271
1743496501.615656,70,26,173
1743496501.650656,34,-69,229
1743496501.686656,32,18,143
1743496501.721656,10,-33,87
1743496501.757656,34,12,57
1743496501.792656,-25,-99,111
1743496501.828656,22,58,145
1743496501.863656,14,-29,190
1743496501.898656,-25,-97,115
1743496501.934656,-13,4,74
1743496501.969656,-7,18,126
1743496502.005656,28,80,116
1743496502.047656,-17,2,60
1743496502.084656,2,-39,-39
1743496502.119656,-11,-65,114
1743496502.1546562,86,-31,196
1743496502.190656,-70,-31,114
1743496502.225656,33,68,251
1743496502.261656,77,-19,93
1743496502.296656,39,-47,166
1743496502.332656,51,-18,78
1743496502.367656,-11,39,152
1743496502.402656,36,25,60
1743496502.438656,30,5,242
1743496502.473656,-95,3,40
1743496502.509656,28,-42,182
1743496502.544656,36,-106,158
1743496502.580656,45,11,162
1743496502.615656,-1,-26,66
1743496502.650656,29,-89,202
1743496502.686656,17,-22,216
1743496502.721656,13,9,16
1743496502.757656,90,3,148
1743496502.792656,-19,-9,134
1743496502.828656,8,-16,38
1743496502.863656,-85,94,220
1743496502.898656,-95,-15,74
1743496502.934656,46,-6,164
1743496502.969656,18,51,198
1743496503.005656,-28,8,60
1743496503.040656,-64,-49,42
1743496503.076656,21,0,180
1743496503.111656,-34,21,278
1743496503.146656,74,1,226
1743496503.182656,-89,-13,142
1743496503.217656,14,-33,194
1743496503.253656,60,-9,104
1743496503.288656,-1,83,178
1743496503.324656,52,-6,52
1743496503.359656,40,17,78
1743496503.394656,24,47,108
1743496503.430656,-77,31,176
1743496503.465656,44,-2,78
1743496503.501656,-7,-8,176
1743496503.536656,-53,-18,30
1743496503.5726562,-15,27,24
1743496503.607656,14,0,174
1743496503.642656,-5,73,30
1743496503.678656,58,-26,120
1743496503.713656,6,31,216
1743496503.749656,24,-54,164
1743496503.784656,26,-6,144
1743496503.820656,-21,23,94
1743496503.855656,-37,67,122
1743496503.890656,32,-4,64
1743496503.926656,-51,0,116
1743496503.961656,-37,-2,86
1743496503.997656,-109,77,198
1743496504.032656,-9,41,156
1743496504.068656,30,19,100
1743496504.103656,-43,7,222
1743496504.138656,58,-69,118
1743496504.1746562,-13,-25,62
1743496504.209656,38,-15,224
1743496504.245656,-57,-55,144
1743496504.280656,12,10,208
1743496504.316656,-49,-15,-9
1743496504.351656,-19,3,114
1743496504.386656,70,-16,46
1743496504.422656,0,39,68
1743496504.457656,20,-7,236
1743496504.4936562,-5,21,130
1743496504.528656,12,-80,42
1743496504.564656,4,59,90
1743496504.600656,54,-28,146
1743496504.636656,45,-6,164
1743496504.672656,63,67,144
1743496504.707656,23,-14,-21
1743496504.742656,-16,-82,70
1743496504.778656,47,1,22
1743496504.814656,-8,-24,82
1743496504.849656,-2,-26,154
1743496504.885656,47,-66,125
1743496504.920656,-18,45,289
1743496504.956656,-42,69,153
1743496504.992656,0,-64,-60
1743496505.027656,37,11,137
1743496505.0626562,-8,-26,121
1743496505.098656,39,46,201
1743496505.134656,69,-33,135
1743496505.169656,-10,-36,41
1743496505.205656,-10,17,155
1743496505.240656,41,-17,173
1743496505.275656,-40,18,307
1743496505.310656,-82,28,135
1743496505.346656,30,36,99
1743496505.382656,-2,-55,25
1743496505.417656,-24,80,111
1743496505.453656,9,34,159
1743496505.488656,12,4,257
1743496505.523656,-28,42,263
1743496505.558656,31,40,99
1743496505.594656,49,-5,169
1743496505.630656,67,12,141
1743496505.665656,27,28,193
1743496505.701656,-28,-31,165
1743496505.736656,-20,32,249
1743496505.771656,-58,22,217
1743496505.806656,-54,-41,237
1743496505.842656,21,-59,127
1743496505.878656,-38,-51,215
1743496505.913656,-22,-67,47
1743496505.949656,27,-41,47
1743496505.984656,-20,-7,99
1743496506.019656,-22,20,95
1743496506.054656,-51,18,217
1743496506.090656,-7,28,137
1743496506.126656,-57,10,417
1743496506.161656,2,47,203
1743496506.1976562,6,-1,113
1743496506.232656,-15,-23,103
1743496506.267656,10,-17,33
1743496506.302656,44,-41,211
1743496506.338656,-11,-27,183
1743496506.374656,-33,26,149
1743496506.409656,18,-19,171
1743496506.445656,56,34,139
1743496506.480656,0,48,69
1743496506.515656,-13,-29,105
1743496506.550656,58,-35,143
1743496506.586656,-17,20,179
1743496506.622656,-10,-98,217
1743496506.657656,84,-22,281
1743496506.693656,73,-10,171
1743496506.728656,-36,-24,143
1743496506.763656,-72,-56,51
1743496506.798656,-7,73,177
1743496506.834656,-9,1,89
1743496506.870656,-37,45,105
1743496506.905656,24,31,211
1743496506.941656,28,59,13
1743496506.976656,4,-88,213
1743496507.011656,-49,11,137
1743496507.046656,-17,95,54
1743496507.082656,-9,-60,92
1743496507.1186562,-61,-40,16
1743496507.153656,16,-10,82
1743496507.189656,-43,31,92
1743496507.224656,-29,33,148
1743496507.259656,-71,23,142
1743496507.294656,-3,21,118
1743496507.330656,36,69,14
1743496507.366656,-59,49,90
1743496507.4016562,-3,-4,132
1743496507.4376562,44,19,120
1743496507.472656,66,-32,160
1743496507.507656,62,-4,68
1743496507.542656,-7,-2,82
1743496507.578656,6,1,108
1743496507.614656,140,71,38
1743496507.649656,80,23,182
1743496507.685656,-41,-18,188
1743496507.721656,-65,31,96
1743496507.757656,-17,-4,156
1743496507.792656,-37,-92,208
1743496507.827656,80,-6,104
1743496507.862656,-3,59,224
1743496507.898656,50,3,164
1743496507.934656,-69,-32,90
1743496507.969656,-15,-42,48
1743496508.005656,-19,-36,28
1743496508.040656,60,-4,260
1743496508.075656,-105,51,114
1743496508.110656,6,-20,30
1743496508.146656,-47,-18,180
1743496508.182656,-29,-9,20
1743496508.217656,-15,5,262
1743496508.253656,20,-40,155
1743496508.288656,56,83,189
1743496508.323656,-1,65,135
1743496508.3586562,14,41,139
1743496508.394656,-45,49,257
1743496508.430656,32,67,105
1743496508.465656,32,-52,72
1743496508.501656,38,-28,76
1743496508.536656,-55,29,52
1743496508.571656,-43,9,83
1743496508.606656,8,37,125
1743496508.642656,30,-36,129
1743496508.678656,-49,-36,51
1743496508.713656,60,34,103
1743496508.749656,68,72,187
1743496508.784656,4,2,163
1743496508.819656,-27,-49,91
1743496508.854656,-19,12,117
1743496508.890656,-5,-40,111
1743496508.926656,50,33,199
1743496508.961656,-51,25,115
1743496508.997656,-29,-46,191
1743496509.032656,8,-28,157
1743496509.067656,-55,-88,156
1743496509.102656,-67,57,117
1743496509.138656,2,-17,117
1743496509.1746562,46,-24,239
1743496509.209656,56,18,118
1743496509.245656,-15,-16,132
1743496509.280656,-57,0,80
1743496509.315656,-75,100,250
1743496509.350656,-45,-24,90
1743496509.386656,62,-30,-30
1743496509.422656,-11,-8,227
1743496509.457656,18,-2,67
1743496509.4936562,-7,-78,141
1743496509.528656,40,47,157
1743496509.563656,-3,13,17
1743496509.598656,14,9,111
1743496509.634656,-9,18,77
1743496509.670656,-143,12,211
1743496509.705656,-35,24,75
1743496509.741656,2,0,71
1743496509.7766562,-61,4,147
1743496509.811656,-51,42,15
1743496509.846656,-24,16,213
1743496509.882656,19,2,123
1743496509.918656,9,26,217
1743496509.953656,-33,-31,113
1743496509.989656,37,-9,-50
1743496510.024656,39,-103,93
1743496510.059656,83,-1,139
1743496510.094656,53,-31,145
1743496510.130656,-32,-57,183
1743496510.166656,-21,6,173
1743496510.201656,5,-77,111
1743496510.237656,-32,-51,161
1743496510.272656,-50,-7,107
1743496510.307656,147,-23,125
1743496510.342656,21,48,101
1743496510.378656,69,-43,181
1743496510.4146562,-87,-7,223
1743496510.449656,-38,-75,107
1743496510.485656,-34,-3,73
1743496510.520656,-6,14,101
1743496510.555656,70,-73,205
1743496510.591656,-93,22,151
1743496510.626656,-55,-55,285
1743496510.662656,-3,100,173
1743496510.6976562,42,-11,241
1743496510.7336562,58,32,199
1743496510.768656,-23,4,133
1743496510.803656,-53,11,137
1743496510.839656,-81,-57,129
1743496510.874656,-23,2,103
1743496510.910656,-5,10,25
1743496510.945656,50,12,195
1743496510.981656,24,-21,125
1743496511.0166562,30,22,153
1743496511.051656,-25,62,43
1743496511.087656,2,-39,149
1743496511.122656,12,-27,165
1743496511.158656,-1,32,67
1743496511.193656,72,-10,77
1743496511.229656,40,-73,71
1743496511.264656,36,-54,71
1743496511.2996562,36,39,105
1743496511.3356562,60,-11,209
1743496511.370656,32,-65,181
1743496511.406656,-19,-59,145
1743496511.441656,-37,-5,153
1743496511.477656,-1,12,179
1743496511.512656,-3,-5,65
1743496511.547656,-5,-11,191
1743496511.583656,-55,-17,161
1743496511.6186562,-17,2,131
1743496511.6546562,24,72,115
1743496511.689656,62,-5,175
1743496511.725656,8,-93,105
1743496511.760656,36,-5,115
1743496511.795656,-17,34,41
1743496511.831656,-5,-18,221
1743496511.866656,-55,-62,137
1743496511.902656,6,58,73
1743496511.9376562,12,-3,141
1743496511.973656,52,6,97
1743496512.008656,70,-42,67
1743496512.050656,-13,76,149
1743496512.087656,-57,-15,147
1743496512.122656,-33,9,83
1743496512.158656,4,-27,135
1743496512.193656,-91,-3,73
1743496512.229656,8,-35,235
1743496512.264656,24,-41,163
1743496512.2996562,-7,-1,125
1743496512.3356562,36,-71,173
1743496512.370656,44,-65,29
1743496512.406656,20,92,32
1743496512.441656,10,-27,166
1743496512.477656,28,14,102
1743496512.512656,-101,0,129
1743496512.547656,-9,-57,185
1743496512.583656,44,-13,139
1743496512.6186562,52,42,291
1743496512.6546562,2,-43,137
1743496512.689656,20,4,111
1743496512.725656,41,-1,128
1743496512.760656,30,8,86
1743496512.795656,31,50,114
1743496512.831656,-6,-27,196
1743496512.866656,-8,-59,86
1743496512.902656,-48,34,-17
1743496512.9376562,-22,20,148
1743496512.973656,-4,-47,54
1743496513.008656,97,26,160
1743496513.043656,113,-33,178
1743496513.079656,-86,-33,172
1743496513.114656,45,30,110
1743496513.150656,7,-19,212
1743496513.185656,21,38,130
1743496513.221656,-22,-35,204
1743496513.2566562,-52,0,122
1743496513.291656,-10,6,198
1743496513.327656,1,-11,230
1743496513.362656,-56,-41,192
1743496513.398656,77,-3,50
1743496513.433656,3,70,110
1743496513.469656,44,24,146
1743496513.504656,-29,66,50
1743496513.5396562,-13,-25,134
1743496513.575656,-87,20,150
1743496513.610656,78,18,64
1743496513.646656,42,16,112
1743496513.681656,-98,36,22
1743496513.717656,14,26,112
1743496513.752656,32,0,82
1743496513.787656,17,-5,128
1743496513.823656,-88,-43,202
1743496513.8586562,-34,18,174
1743496513.894656,-16,-43,184
1743496513.929656,91,22,280
1743496513.965656,-28,14,68
1743496514.000656,-62,38,38
1743496514.035656,27,-25,94
1743496514.071656,-12,-31,154
1743496514.106656,-44,-43,90
1743496514.142656,-4,-90,165
1743496514.177656,-2,85,307
1743496514.213656,-20,-13,67
1743496514.249656,67,54,161
1743496514.284656,1,48,101
1743496514.319656,-44,-39,137
1743496514.355656,-68,28,149
1743496514.3916562,39,30,35
1743496514.426656,19,-7,131
1743496514.462656,-102,34,91
1743496514.497656,-42,-33,37
1743496514.532656,3,50,133
1743496514.567656,-15,22,129
1743496514.603656,0,6,71
1743496514.639656,-36,44,105
1743496514.6746562,21,-15,181
1743496514.7106562,81,42,179
1743496514.745656,55,-17,141
1743496514.780656,49,2,137
1743496514.815656,81,-3,55
1743496514.851656,13,22,131
1743496514.887656,1,-35,195
1743496514.922656,-30,-19,187
1743496514.958656,27,-67,257
1743496514.9936562,28,10,211
1743496515.028656,-33,30,89
1743496515.063656,20,-11,139
1743496515.099656,28,4,153
1743496515.135656,-29,38,167
1743496515.170656,-1,-13,57
1743496515.206656,-7,-49,179
1743496515.241656,-19,-17,71
1743496515.2766562,-93,46,135
1743496515.311656,20,16,17
1743496515.347656,-68,-51,133
1743496515.383656,-60,-27,253
1743496515.418656,105,-1,197
1743496515.454656,3,-21,173
1743496515.489656,41,-31,35
1743496515.524656,-54,-33,281
1743496515.559656,77,-45,143
1743496515.5956562,33,-47,43
1743496515.6316562,-68,-13,95
1743496515.666656,39,-56,167
1743496515.702656,-10,-32,79
1743496515.737656,-26,45,125
1743496515.772656,-8,-94,21
1743496515.807656,59,7,77
1743496515.843656,45,63,85
1743496515.879656,67,36,123
1743496515.9146562,-14,-79,187
1743496515.950656,51,-20,91
1743496515.985656,-40,-62,171
1743496516.020656,-5,-58,111
1743496516.055656,-79,-25,117
1743496516.091656,-19,-53,239
1743496516.127656,-51,9,133
1743496516.162656,28,18,119
1743496516.198656,-43,30,65
1743496516.2336562,30,8,171
1743496516.268656,-37,-25,180
1743496516.303656,124,8,161
1743496516.339656,-95,4,197
1743496516.375656,8,-29,77
1743496516.410656,126,-59,125
1743496516.446656,-53,-23,151
1743496516.481656,60,-37,173
1743496516.5166562,14,-27,274
1743496516.551656,-29,-21,217
1743496516.587656,-13,32,169
1743496516.623656,-5,-21,173
1743496516.658656,30,-9,217
1743496516.694656,0,-39,11
1743496516.729656,86,-73,235
1743496516.764656,80,-111,160
1743496516.7996562,-55,-5,170
1743496516.8356562,-77,-15,135
1743496516.871656,38,32,37
1743496516.906656,-29,-11,36
1743496516.942656,26,-45,188
1743496516.977656,-47,36,48
1743496517.012656,-69,16,46
1743496517.047656,-31,-35,98
1743496517.083656,-13,-17,72
1743496517.119656,-3,-63,174
1743496517.1546562,-31,22,68
1743496517.190656,44,28,178
1743496517.225656,-21,8,131
1743496517.260656,-33,-21,-34
1743496517.295656,-13,-73,145
1743496517.331656,-11,0,153
1743496517.367656,-17,4,123
1743496517.402656,-59,-11,141
1743496517.438656,2,-45,73
1743496517.473656,0,16,185
1743496517.508656,32,-25,231
1743496517.543656,36,-57,153
1743496517.579656,-29,-3,3
1743496517.615656,-47,-53,109
1743496517.650656,22,-17,103
1743496517.686656,32,42,163
1743496517.721656,-7,-63,141
1743496517.7566562,16,-67,71
1743496517.791656,14,-13,153
1743496517.827656,12,10,135
1743496517.863656,-1,20,133
1743496517.898656,-19,-65,167
1743496517.934656,72,24,113
1743496517.969656,-19,-39,217
1743496518.004656,18,-15,141
1743496518.0396562,-59,14,175
1743496518.075656,-97,-45,121
1743496518.111656,-11,-11,71
1743496518.146656,-51,18,183
1743496518.182656,-92,-51,41
1743496518.217656,6,50,207
1743496518.252656,0,16,71
1743496518.287656,-11,32,7
1743496518.323656,-29,20,109
1743496518.359656,-23,-41,25
1743496518.394656,2,-24,127
1743496518.430656,-67,-4,105
1743496518.465656,-31,31,59
1743496518.500656,102,27,163
1743496518.535656,8,1,179
1743496518.571656,48,-17,135
1743496518.607656,-15,-30,167
1743496518.642656,-73,-40,41
1743496518.678656,8,27,89
1743496518.713656,-5,-22,129
1743496518.748656,-45,-14,167
1743496518.783656,12,76,273
1743496518.819656,80,-72,241
1743496518.855656,-55,19,191
1743496518.890656,-1,21,133
1743496518.926656,-79,15,177
1743496518.961656,30,-16,197
1743496518.996656,-15,-32,107
1743496519.031656,2,45,223
1743496519.067656,32,23,184
1743496519.103656,-5,75,114
1743496519.138656,70,-2,157
1743496519.1746562,-33,14,361
1743496519.209656,24,-4,58
1743496519.244656,22,-36,210
1743496519.2796562,-85,-48,76
1743496519.315656,-37,29,232
1743496519.351656,-11,21,86
1743496519.386656,44,13,108
1743496519.422656,84,5,184
1743496519.457656,22,47,200
1743496519.492656,-33,-30,70
1743496519.527656,28,41,164
1743496519.563656,-133,-54,120
1743496519.599656,-105,-34,168
1743496519.634656,-27,-28,16
1743496519.670656,-49,75,156
1743496519.705656,-21,1,80
1743496519.740656,-57,37,44
1743496519.775656,48,-14,190
1743496519.811656,10,31,116
1743496519.847656,-53,-27,212
1743496519.882656,-15,-41,126
1743496519.918656,4,20,152
1743496519.953656,2,76,142
1743496519.988656,56,-65,64
1743496520.023656,-57,42,92
1743496520.059656,20,-23,88
1743496520.0956562,-4,-9,128
1743496520.130656,7,48,60
1743496520.166656,15,-41,20
1743496520.201656,89,28,18
1743496520.236656,-14,-39,152
1743496520.272656,-16,42,160
1743496520.307656,-14,6,200
1743496520.343656,-23,58,116
1743496520.378656,-21,6,144
1743496520.4146562,-22,26,60
1743496520.449656,-48,76,108
1743496520.484656,-59,34,110
1743496520.520656,24,-63,168
1743496520.555656,-21,6,90
1743496520.591656,-31,20,78
1743496520.626656,42,-17,116
1743496520.662656,-5,-21,136
1743496520.6976562,-55,44,150
1743496520.732656,-9,47,126
1743496520.768656,62,92,168
1743496520.803656,-29,-26,84
1743496520.839656,86,18,192
1743496520.874656,12,18,264
1743496520.910656,-9,-51,142
1743496520.945656,66,-67,140
1743496520.980656,116,-35,201
1743496521.0166562,-59,36,167
1743496521.051656,52,-43,145
1743496521.087656,26,-13,141
1743496521.122656,-35,56,143
1743496521.158656,74,40,183
1743496521.193656,-47,2,187
1743496521.228656,68,-37,233
1743496521.264656,72,60,207
1743496521.2996562,-5,10,77
1743496521.3356562,-43,30,113
1743496521.370656,44,38,177
1743496521.406656,6,-39,161
1743496521.441656,-13,40,119
1743496521.476656,-9,74,75
1743496521.512656,8,4,129
1743496521.547656,24,-24,183
1743496521.583656,12,-20,207
1743496521.6186562,8,-6,143
1743496521.6546562,-67,-20,109
1743496521.689656,-19,-76,97
1743496521.724656,-15,57,85
1743496521.760656,24,-32,137
1743496521.795656,8,30,249
1743496521.831656,42,38,169
1743496521.866656,2,29,178
1743496521.902656,54,29,88
1743496521.9376562,-11,-74,184
1743496521.972656,-7,13,-1
1743496522.008656,86,-14,196
1743496522.043656,-23,-70,116
1743496522.086656,52,-24,168
1743496522.122656,58,-20,100
1743496522.158656,-21,-26,86
1743496522.193656,14,19,186
1743496522.228656,40,81,238
1743496522.264656,40,-16,108
1743496522.2996562,92,-38,118
1743496522.3356562,-19,-86,132
1743496522.370656,-3,25,258
1743496522.406656,-20,-52,148
1743496522.441656,-1,37,20
1743496522.476656,-46,39,110
1743496522.512656,68,-26,168
1743496522.547656,-77,51,166
1743496522.583656,16,-67,22
1743496522.6186562,32,-19,162
1743496522.6546562,14,94,62
1743496522.689656,-125,44,130
1743496522.724656,-61,-29,230
1743496522.760656,-1,-49,298
1743496522.795656,28,-41,182
1743496522.831656,-35,35,168
1743496522.866656,60,24,104
1743496522.902656,-71,-35,76
1743496522.9376562,-33,46,16
1743496522.972656,-91,6,138
1743496523.008656,74,14,74
1743496523.043656,-4,-27,126
1743496523.079656,-32,-35,128
1743496523.114656,62,-5,158
1743496523.150656,0,30,168
1743496523.185656,24,12,140
1743496523.2206562,68,-11,160
1743496523.2566562,-23,22,146
1743496523.291656,-31,40,262
1743496523.327656,46,52,162
1743496523.362656,26,48,374
1743496523.398656,56,-19,168
1743496523.433656,8,-11,64
1743496523.468656,4,-37,138
1743496523.504656,-1,-19,184
1743496523.5396562,-33,12,214
1743496523.575656,82,-13,274
1743496523.610656,-13,12,190
1743496523.645656,-23,18,114
1743496523.680656,46,22,120
1743496523.716656,28,-13,102
1743496523.752656,2,7,192
1743496523.787656,70,-12,216
1743496523.823656,90,-24,0
1743496523.8586562,54,-26,104
1743496523.893656,4,2,172
1743496523.928656,-89,23,152
1743496523.964656,42,9,258
1743496524.000656,30,-50,128
1743496524.035656,54,91,66
1743496524.071656,32,-24,-1
1743496524.106656,70,-42,58
1743496524.1416562,48,-8,148
1743496524.176656,32,-30,114
1743496524.212656,-15,-30,92
1743496524.248656,-71,-138,244
1743496524.283656,31,7,242
1743496524.319656,72,-66,92
1743496524.354656,-13,23,52
1743496524.389656,36,28,134
1743496524.4246562,56,30,118
1743496524.4606562,8,12,60
1743496524.496656,-19,54,146
1743496524.531656,16,-3,8
1743496524.567656,-43,-79,146
1743496524.602656,96,-27,160
1743496524.637656,12,10,-5
1743496524.672656,0,72,124
1743496524.708656,88,50,118
1743496524.744656,68,38,210
1743496524.7796562,-9,46,116
1743496524.815656,-45,52,126
1743496524.850656,0,-5,112
1743496524.885656,40,-33,174
1743496524.920656,108,-15,93
1743496524.956656,-47,4,75
1743496524.992656,-15,56,124
1743496525.027656,-7,18,80
1743496525.063656,46,-17,135
1743496525.098656,50,34,245
1743496525.133656,40,-99,55
1743496525.168656,50,26,220
1743496525.204656,94,-81,185
1743496525.240656,-69,34,142
1743496525.275656,-29,-1,128
1743496525.311656,-25,0,210
1743496525.346656,-81,7,224
1743496525.3816562,40,-9,114
1743496525.416656,4,-25,62
1743496525.452656,40,58,199
1743496525.488656,-131,-30,69
1743496525.523656,-12,35,179
1743496525.559656,13,29,153
1743496525.594656,-96,-68,205
1743496525.629656,27,13,221
1743496525.6646562,-18,-6,59
1743496525.700656,-28,-6,75
1743496525.736656,41,-21,173
1743496525.771656,29,10,155
1743496525.807656,21,16,171
1743496525.842656,-36,-55,153
1743496525.877656,-117,54,177
1743496525.912656,105,20,153
1743496525.948656,-26,62,83
1743496525.984656,17,-13,101
1743496526.019656,-4,8,27
1743496526.055656,-30,-33,111
1743496526.090656,27,62,155
1743496526.125656,-22,-51,255
1743496526.160656,-72,-13,123
1743496526.196656,-48,22,145
1743496526.232656,-30,-39,213
1743496526.267656,-12,-7,39
1743496526.303656,3,-28,69
1743496526.338656,23,93,65
1743496526.373656,-104,3,199
1743496526.408656,-110,6,151
1743496526.444656,79,24,103
1743496526.480656,-98,2,35
1743496526.515656,-76,10,127
1743496526.551656,-4,-35,49
1743496526.586656,-64,-11,95
1743496526.621656,-34,-19,149
1743496526.656656,95,12,209
1743496526.692656,49,-7,17
1743496526.728656,39,1,177
1743496526.763656,51,32,125
1743496526.7996562,91,40,157
1743496526.834656,-12,-67,115
1743496526.869656,-20,-43,35
1743496526.9046562,-16,-45,167
1743496526.940656,-36,-13,117
1743496526.976656,34,-15,77
1743496527.011656,81,-7,137
1743496527.047656,-6,44,171
1743496527.082656,-13,68,47
1743496527.117656,64,70,47
1743496527.152656,-25,-41,21
1743496527.188656,56,46,121
1743496527.224656,50,-39,143
1743496527.259656,-57,0,137
1743496527.295656,16,-63,45
1743496527.330656,-29,40,147
1743496527.365656,-25,-25,105
1743496527.400656,-41,-5,165
1743496527.436656,82,-3,13
1743496527.472656,48,124,47
1743496527.507656,-61,-29,251
1743496527.543656,-35,8,23
1743496527.578656,-9,-8,241
1743496527.613656,66,-30,205
1743496527.648656,104,23,205
1743496527.684656,22,-56,99
1743496527.7206562,18,43,27
1743496527.755656,-20,7,179
1743496527.791656,0,-8,21
1743496527.826656,47,-11,111
1743496527.861656,-11,14,121
1743496527.896656,38,-3,103
1743496527.932656,-1,-31,203
1743496527.968656,14,-35,143
1743496528.003656,-4,4,144
1743496528.0396562,12,58,52
1743496528.074656,-17,-69,184
1743496528.109656,36,-35,296
1743496528.144656,70,-27,48
1743496528.180656,16,-7,62
1743496528.216656,-49,24,155
1743496528.251656,-13,-111,25
1743496528.287656,-68,-23,127
1743496528.3226562,26,-97,144
1743496528.357656,104,30,48
1743496528.392656,-61,8,46
1743496528.428656,-19,-33,-5
1743496528.464656,32,-27,88
1743496528.499656,-33,-5,204
1743496528.535656,-11,-9,124
1743496528.570656,-37,-43,128
1743496528.605656,-55,-9,196
1743496528.640656,0,-5,94
1743496528.676656,-32,4,182
1743496528.712656,39,2,126
1743496528.747656,23,0,130
1743496528.783656,-60,34,80
1743496528.818656,-82,-25,238
1743496528.853656,-22,-20,84
1743496528.888656,-10,31,222
1743496528.9246562,13,71,126
1743496528.9606562,-24,3,10
1743496528.995656,87,22,92
1743496529.031656,-32,7,134
1743496529.066656,-68,-1,164
1743496529.101656,3,-12,176
1743496529.136656,-10,33,72
1743496529.172656,107,13,26
1743496529.208656,-30,-9,134
1743496529.2436562,-50,-24,184
1743496529.2796562,-8,-67,136
1743496529.314656,-30,6,216
1743496529.349656,33,2,148
1743496529.384656,-16,10,34
1743496529.420656,-18,2,38
1743496529.456656,45,76,180
1743496529.491656,11,-23,140
1743496529.527656,-64,-19,36
1743496529.5626562,3,36,160
1743496529.597656,-42,-45,178
1743496529.632656,-60,-29,58
1743496529.668656,-6,8,156
1743496529.704656,43,28,132
1743496529.739656,39,-7,68
1743496529.775656,21,40,266
1743496529.810656,-6,24,24
1743496529.8456562,-22,-7,76
1743496529.8816562,7,70,138
1743496529.916656,39,36,222
1743496529.952656,0,-15,150
1743496529.987656,31,10,100
1743496530.023656,55,-29,14
1743496530.058656,-50,8,194
1743496530.093656,-10,18,62
1743496530.129656,67,-55,104
1743496530.1646562,15,12,212
1743496530.200656,23,-13,72
1743496530.235656,15,55,234
1743496530.271656,71,3,172
1743496530.306656,51,83,110
1743496530.341656,43,47,58
1743496530.377656,11,-24,188
1743496530.412656,-16,5,84
1743496530.448656,-24,-44,114
1743496530.4836562,27,-31,150
1743496530.519656,77,10,36
1743496530.554656,-16,-16,56
1743496530.589656,-42,-20,116
1743496530.625656,-10,-5,266
1743496530.660656,-14,7,194
1743496530.696656,1,61,88
1743496530.731656,-44,29,142
1743496530.767656,-16,-16,210
1743496530.802656,12,42,-45
1743496530.837656,35,6,94
1743496530.873656,-24,14,140
1743496530.908656,8,-19,146
1743496530.944656,-39,10,172
1743496530.979656,-41,38,86
1743496531.015656,28,-54,198
1743496531.050656,-13,5,192
1743496531.0856562,86,25,42
1743496531.121656,24,-118,68
1743496531.156656,-21,-19,60
1743496531.192656,-19,-25,10
1743496531.227656,-83,-3,206
1743496531.263656,-7,46,62
1743496531.298656,36,34,128
1743496531.333656,64,79,95
1743496531.369656,77,-113,135
1743496531.4046562,-70,-17,155
1743496531.440656,1,-55,151
1743496531.475656,-20,12,179
1743496531.511656,33,78,125
1743496531.546656,34,-26,179
1743496531.581656,24,43,153
1743496531.617656,62,-16,125
1743496531.652656,-81,-56,157
1743496531.688656,22,25,89
1743496531.723656,-51,-12,103
1743496531.759656,34,17,125
1743496531.794656,72,-6,13
1743496531.829656,64,24,157
1743496531.865656,-73,-4,37
1743496531.900656,-55,-142,69
1743496531.936656,34,39,217
1743496531.971656,-53,-66,75
1743496532.007656,22,-76,135
1743496532.042656,-65,-12,65
1743496532.077656,-23,39,181
1743496532.120656,-65,51,145
1743496532.156656,104,60,91
1743496532.192656,28,-79,127
1743496532.227656,54,-46,95
1743496532.263656,-55,3,171
1743496532.298656,50,-14,111
1743496532.333656,-33,-14,335
1743496532.369656,28,49,61
1743496532.4046562,-59,13,41
1743496532.440656,20,11,193
1743496532.475656,68,-72,209
1743496532.511656,18,145,65
1743496532.546656,-65,21,217
1743496532.581656,-17,37,177
1743496532.617656,4,-23,111
1743496532.652656,26,-25,229
1743496532.688656,-39,0,215
1743496532.723656,-17,-60,113
1743496532.759656,-21,78,93
1743496532.794656,40,-9,195
1743496532.829656,66,20,119
1743496532.865656,-11,10,93
1743496532.900656,50,54,31
1743496532.936656,52,-33,111
1743496532.971656,44,-59,125
1743496533.007656,-21,-11,179
1743496533.042656,8,0,89
1743496533.077656,34,50,241
1743496533.113656,24,-3,127
1743496533.148656,52,-59,101
1743496533.184656,-11,2,85
1743496533.219656,-1,58,187
1743496533.254656,14,-33,143
1743496533.2896562,34,42,125
1743496533.325656,4,-33,163
1743496533.361656,-23,-43,133
1743496533.396656,16,38,95
1743496533.432656,70,33,43
1743496533.467656,36,-3,149
1743496533.502656,-35,37,131
1743496533.537656,126,-46,175
1743496533.573656,-35,-56,23
1743496533.609656,44,-60,57
1743496533.644656,54,34,199
1743496533.680656,24,20,79
1743496533.715656,8,50,187
1743496533.750656,14,-3,69
1743496533.785656,36,2,183
1743496533.821656,-6,24,151
1743496533.857656,44,-13,131
1743496533.892656,148,56,201
1743496533.928656,30,-29,85
1743496533.963656,12,-23,123
1743496533.998656,-19,-19,129
1743496534.033656,-4,24,215
1743496534.069656,16,12,207
1743496534.105656,-13,-11,131
1743496534.140656,50,32,121
1743496534.176656,-21,-51,71
1743496534.211656,-13,-35,199
1743496534.246656,-29,-3,149
1743496534.281656,-47,-19,191
1743496534.317656,28,-9,177
1743496534.353656,40,-61,123
1743496534.388656,-53,22,121
1743496534.4246562,-39,-31,175
1743496534.459656,36,-1,231
1743496534.494656,-3,52,25
1743496534.5296562,2,-5,75
1743496534.565656,80,2,125
1743496534.601656,46,56,127
1743496534.636656,-11,53,143
1743496534.672656,92,21,9
1743496534.707656,50,-12,91
1743496534.742656,40,-34,125
1743496534.777656,-3,21,105
1743496534.813656,-19,-34,223
1743496534.849656,-1,63,119
1743496534.884656,24,-40,133
1743496534.920656,-97,34,197
1743496534.955656,38,-59,85
1743496534.990656,24,-11,117
1743496535.025656,8,-18,103
1743496535.061656,-13,-22,211
1743496535.097656,6,-62,45
1743496535.132656,6,2,73
1743496535.168656,26,-45,141
1743496535.203656,6,-11,171
1743496535.238656,-17,20,167
1743496535.273656,-19,-35,65
1743496535.309656,-7,-53,141
1743496535.3456562,-23,-57,187
1743496535.380656,-51,60,215
1743496535.416656,-77,-77,141
1743496535.451656,-19,-17,141
1743496535.486656,-13,32,143
1743496535.521656,30,-35,379
1743496535.557656,-31,-53,143
1743496535.593656,-63,-11,41
1743496535.628656,26,94,125
1743496535.6646562,-9,-35,127
1743496535.699656,-73,-15,283
1743496535.734656,9,18,95
1743496535.769656,18,-39,161
1743496535.805656,28,-13,123
1743496535.841656,42,-47,195
1743496535.876656,10,-31,29
1743496535.912656,-59,16,173
1743496535.9476562,8,8,195
1743496535.982656,38,-7,223
1743496536.017656,6,5,209
1743496536.053656,28,-4,99
1743496536.089656,-51,53,119
1743496536.124656,-77,-74,221
1743496536.160656,-61,-16,199
1743496536.195656,-91,-47,107
1743496536.230656,-3,36,117
1743496536.265656,24,54,137
1743496536.301656,-27,10,105
1743496536.337656,-21,-7,191
1743496536.372656,-73,-15,236
1743496536.408656,42,98,181
1743496536.443656,-23,48,93
1743496536.478656,70,-5,151
1743496536.513656,28,14,163
1743496536.5496562,-51,30,65
1743496536.5856562,38,30,179
1743496536.620656,42,56,257
1743496536.656656,-31,40,241
1743496536.691656,-29,22,117
1743496536.726656,-3,-37,159
1743496536.761656,-26,-21,11
1743496536.797656,-28,22,141
1743496536.833656,-73,-11,115
1743496536.8686562,-68,-19,-26
1743496536.9046562,57,6,115
1743496536.939656,-48,18,149
1743496536.974656,85,-19,55
1743496537.009656,27,-1,205
1743496537.045656,55,-20,209
1743496537.081656,21,2,113
1743496537.116656,74,-51,145
1743496537.152656,-28,-11,195
1743496537.1876562,-8,-47,153
1743496537.222656,-14,-35,57
1743496537.257656,-40,39,261
1743496537.293656,13,-34,163
1743496537.329656,17,-37,149
1743496537.364656,37,61,140
1743496537.400656,51,2,166
1743496537.435656,-28,0,142
1743496537.4706562,21,-17,116
1743496537.505656,-68,-19,168
1743496537.541656,119,-3,74
1743496537.577656,27,-35,134
1743496537.612656,-42,-47,160
1743496537.648656,31,52,94
1743496537.683656,117,64,216
1743496537.718656,-6,4,18
1743496537.753656,7,-77,106
1743496537.7896562,21,10,22
1743496537.825656,21,42,90
1743496537.860656,61,18,214
1743496537.896656,-4,-1,142
1743496537.931656,-14,-37,94
1743496537.966656,51,0,175
1743496538.001656,-8,12,99
1743496538.037656,-44,46,213
1743496538.073656,53,-3,157
1743496538.1086562,-38,-31,53
1743496538.144656,33,-61,75
1743496538.179656,-42,-77,174
1743496538.214656,-12,-30,0
1743496538.249656,0,-10,115
1743496538.285656,-2,-52,140
1743496538.321656,25,53,240
1743496538.356656,39,-30,120
1743496538.392656,-60,-91,-39
1743496538.427656,73,32,74
1743496538.462656,-24,-7,136
1743496538.497656,21,-33,186
1743496538.533656,15,-25,116
1743496538.569656,-16,12,132
1743496538.604656,59,-37,134
1743496538.640656,-72,-55,50
1743496538.675656,29,-48,240
1743496538.7106562,-32,65,152
1743496538.745656,29,24,98
1743496538.781656,-6,-5,180
1743496538.817656,-8,-7,116
1743496538.852656,17,24,120
1743496538.888656,-94,64,176
1743496538.923656,65,6,96
1743496538.958656,12,2,124
1743496538.9936562,48,-65,174
1743496539.0296562,-10,-51,110
1743496539.065656,15,12,248
1743496539.100656,-87,-11,204
1743496539.136656,-67,-67,196
1743496539.171656,-44,50,46
1743496539.206656,15,10,216
1743496539.242656,-92,0,70
1743496539.277656,-63,8,84
1743496539.313656,-85,27,106
1743496539.348656,34,-91,306
1743496539.384656,-33,-59,106
1743496539.419656,-27,50,38
1743496539.454656,-9,8,80
1743496539.490656,-1,0,164
1743496539.525656,-65,-13,66
1743496539.561656,-31,-27,136
1743496539.596656,-32,-34,134
1743496539.632656,41,15,44
1743496539.667656,-2,-6,-3
1743496539.702656,43,33,8
1743496539.738656,-12,-26,176
1743496539.773656,77,25,156
1743496539.809656,73,-80,96
1743496539.844656,-11,45,44
1743496539.880656,-87,-16,164
1743496539.915656,-7,-6,230
1743496539.950656,-27,33,176
1743496539.986656,-27,3,250
1743496540.021656,-69,3,178
1743496540.057656,2,47,134
1743496540.092656,8,-16,40
1743496540.128656,22,-10,140
1743496540.163656,-14,-70,112
1743496540.198656,-71,-8,70
1743496540.234656,-24,9,128
1743496540.269656,-20,9,95
1743496540.305656,-18,-48,191
1743496540.340656,17,9,79
1743496540.376656,3,-22,127
1743496540.411656,-4,-60,103
1743496540.446656,-42,35,165
1743496540.482656,-2,-66,95
1743496540.517656,25,21,197
1743496540.553656,39,-44,11
1743496540.588656,-26,25,73
1743496540.624656,53,0,91
1743496540.659656,-58,-6,133
1743496540.696656,49,-46,225
1743496540.731656,43,-73,173
1743496540.7666562,-2,56,231
1743496540.802656,-45,-5,53
1743496540.837656,-73,-107,127
1743496540.873656,26,18,203
1743496540.908656,-17,8,67
1743496540.944656,-42,-59,111
1743496540.979656,-90,16,111
1743496541.014656,81,-31,191
1743496541.050656,21,-47,109
1743496541.0856562,41,-21,121
1743496541.121656,29,16,233
1743496541.156656,-10,-45,143
1743496541.192656,-114,40,197
1743496541.227656,19,-1,161
1743496541.262656,-15,-43,231
1743496541.298656,-9,36,119
1743496541.333656,-67,30,121
1743496541.369656,74,40,161
1743496541.4046562,-1,-5,109
1743496541.440656,-75,2,129
1743496541.475656,-95,-83,85
1743496541.510656,-1,10,183
1743496541.546656,-63,16,163
1743496541.581656,-1,30,207
1743496541.617656,-85,-5,92
1743496541.652656,46,24,245
1743496541.688656,16,94,189
1743496541.723656,-57,20,105
1743496541.758656,48,-43,163
1743496541.794656,2,-19,175
1743496541.829656,100,38,251
1743496541.865656,-43,-7,109
1743496541.900656,44,-51,95
1743496541.936656,-81,34,103
1743496541.972656,36,30,193
1743496542.008656,80,-11,135
1743496542.043656,-9,-15,121
1743496542.078656,6,32,135
1743496542.121656,60,30,167
1743496542.157656,-31,42,109
1743496542.193656,-39,-15,247
1743496542.228656,-35,-17,127
1743496542.264656,18,86,111
1743496542.2996562,4,56,29
1743496542.334656,-3,-19,17
1743496542.370656,-45,-41,233
1743496542.405656,-29,-5,123
1743496542.441656,-39,-43,83
1743496542.476656,110,2,207
1743496542.511656,-21,66,169
1743496542.546656,-1,-23,165
1743496542.582656,86,74,129
1743496542.6186562,64,2,115
1743496542.653656,-17,9,257
1743496542.689656,22,-46,155
1743496542.724656,0,-39,91
1743496542.760656,-25,-35,123
1743496542.796656,-5,-9,75
1743496542.831656,-99,18,157
1743496542.866656,-39,-9,69
1743496542.902656,-7,26,191
1743496542.938656,2,56,59
1743496542.973656,28,18,109
1743496543.009656,116,32,117
1743496543.044656,64,98,247
1743496543.079656,-67,88,143
1743496543.114656,-15,-35,25
1743496543.150656,-45,-67,287
1743496543.186656,30,-37,161
1743496543.221656,36,-19,207
1743496543.257656,-9,-68,87
1743496543.292656,-9,34,57
1743496543.327656,-27,-3,91
1743496543.362656,44,-12,55
1743496543.398656,-49,-7,193
1743496543.434656,-67,-41,59
1743496543.469656,26,-21,117
1743496543.505656,34,-25,149
1743496543.540656,-19,-53,115
1743496543.575656,74,-15,21
1743496543.610656,-39,-47,123
1743496543.646656,-75,-97,73
1743496543.682656,12,2,210
1743496543.717656,4,-43,180
1743496543.753656,-29,10,44
1743496543.788656,-79,-27,99
1743496543.823656,-39,-4,70
1743496543.8586562,8,9,168
1743496543.894656,52,-3,154
1743496543.930656,-47,20,158
1743496543.965656,14,0,210
1743496544.001656,-87,-21,188
1743496544.036656,60,22,204
1743496544.071656,-61,28,140
1743496544.106656,-17,-21,104
1743496544.142656,12,18,160
1743496544.178656,62,-95,150
1743496544.213656,-7,-37,156
1743496544.249656,8,-59,72
1743496544.284656,-1,82,118
1743496544.319656,12,-45,120
1743496544.354656,-12,-62,146
1743496544.390656,85,91,146
1743496544.426656,-86,25,142
1743496544.461656,11,71,136
1743496544.497656,23,-32,174
1743496544.532656,46,-30,70
1743496544.567656,-33,-74,158
1743496544.602656,-23,-45,174
1743496544.638656,58,63,174
1743496544.6746562,28,-26,86
1743496544.709656,2,-60,176
1743496544.745656,-19,-54,114
1743496544.780656,84,-23,74
1743496544.815656,-29,-34,180
1743496544.850656,-21,80,208
1743496544.886656,18,0,4
1743496544.922656,30,-3,122
1743496544.957656,-49,-61,153
1743496544.9936562,-21,30,99
1743496545.028656,-29,-57,197
1743496545.063656,4,-55,135
1743496545.098656,102,-8,273
1743496545.134656,-61,45,189
1743496545.170656,56,73,117
1743496545.205656,78,-50,229
1743496545.241656,-1,7,119
1743496545.2766562,62,-18,171
1743496545.311656,-19,7,77
1743496545.346656,-15,19,146
1743496545.382656,-35,47,161
1743496545.418656,108,-4,155
1743496545.453656,6,0,139
1743496545.489656,22,20,62
1743496545.524656,8,-23,14
1743496545.559656,-17,-23,148
1743496545.594656,82,40,64
1743496545.630656,20,-5,62
1743496545.666656,58,-43,158
1743496545.701656,-59,-35,52
1743496545.737656,18,62,120
1743496545.772656,-21,0,74
1743496545.807656,76,-5,142
1743496545.842656,-5,16,70
1743496545.878656,74,16,72
1743496545.9146562,-1,38,110
1743496545.949656,-117,10,102
1743496545.985656,-35,-23,126
1743496546.020656,-17,22,118
1743496546.055656,-1,20,188
1743496546.090656,-17,-19,184
1743496546.126656,-13,5,186
1743496546.162656,58,-104,54
1743496546.1976562,17,-26,114
1743496546.2336562,27,29,108
1743496546.268656,76,54,86
1743496546.303656,-37,-25,90
1743496546.338656,-73,-27,163
1743496546.374656,-13,52,113
1743496546.410656,-55,76,35
1743496546.445656,-33,110,71
1743496546.481656,42,6,103
1743496546.5166562,-1,48,103
1743496546.551656,10,42,35
1743496546.586656,-15,-55,72
1743496546.622656,12,0,92
1743496546.658656,-31,36,282
1743496546.693656,2,-5,144
1743496546.729656,-15,-15,165
1743496546.764656,-3,-39,119
1743496546.7996562,-75,-15,63
1743496546.834656,14,0,253
1743496546.870656,22,-85,133
1743496546.906656,-79,-55,69
1743496546.941656,-1,42,131
1743496546.977656,4,-65,139
1743496547.012656,96,-27,149
1743496547.047656,32,-26,71
1743496547.082656,28,37,35
1743496547.1186562,-49,-16,191
1743496547.1546562,8,-14,101
1743496547.189656,16,-6,143
1743496547.225656,-61,67,11
1743496547.260656,-55,8,201
1743496547.295656,-15,30,161
1743496547.330656,-25,44,35
1743496547.366656,-93,6,177
1743496547.402656,40,-29,-118
1743496547.4376562,-7,-31,85
1743496547.473656,14,54,159
1743496547.508656,72,-11,117
1743496547.543656,-3,34,75
1743496547.578656,10,21,179
1743496547.614656,16,53,47
1743496547.650656,36,3,119
1743496547.685656,-45,-12,119
1743496547.721656,34,3,141
1743496547.7566562,-55,7,45
1743496547.791656,-41,25,-6
1743496547.826656,-3,-52,147
1743496547.862656,-29,76,215
1743496547.898656,18,-6,107
1743496547.933656,40,3,71
1743496547.969656,62,59,111
1743496548.004656,-43,-50,103
1743496548.0396562,-45,-54,211
1743496548.074656,-41,43,71
1743496548.110656,46,7,203
1743496548.146656,-58,-28,203
1743496548.181656,28,-5,239
1743496548.217656,26,26,83
1743496548.252656,56,-29,81
1743496548.287656,-8,-48,187
1743496548.3226562,-24,11,9
1743496548.3586562,37,-28,45
1743496548.394656,-80,9,209
1743496548.429656,-28,15,93
1743496548.465656,31,-78,155
1743496548.500656,47,-10,179
1743496548.535656,34,-17,249
1743496548.570656,-46,1,199
1743496548.606656,-44,6,95
1743496548.642656,-8,-55,147
1743496548.677656,57,25,63
1743496548.713656,5,103,121
1743496548.748656,25,35,119
1743496548.783656,-14,-24,193
1743496548.819656,21,-30,121
1743496548.854656,65,59,147
1743496548.890656,17,45,-44
1743496548.925656,-28,71,103
1743496548.961656,-24,-50,195
1743496548.996656,5,-16,29
1743496549.031656,143,-56,147
1743496549.067656,30,-73,111
1743496549.102656,41,1,97
1743496549.138656,24,34,169
1743496549.173656,-35,-37,111
1743496549.209656,0,30,-1
1743496549.244656,90,-69,126
1743496549.2796562,26,34,112
1743496549.315656,14,18,234
1743496549.350656,0,50,40
1743496549.386656,45,-23,74
1743496549.421656,7,-65,128
1743496549.457656,62,-19,126
1743496549.492656,-5,-15,123
1743496549.527656,1,-22,131
1743496549.563656,-5,6,109
1743496549.598656,-22,-16,169
1743496549.634656,7,13,7
1743496549.669656,19,-22,131
1743496549.705656,71,27,101
1743496549.740656,46,58,185
1743496549.775656,-51,4,197
1743496549.811656,82,68,-13
1743496549.846656,-12,-23,172
1743496549.882656,-26,28,209
1743496549.917656,34,-57,157
1743496549.953656,5,-37,73
1743496549.988656,-50,0,219
1743496550.023656,91,-23,131
1743496550.059656,-20,8,149
1743496550.094656,11,34,175
1743496550.130656,-34,-30,99
1743496550.165656,-92,-52,69
1743496550.201656,79,29,91
1743496550.236656,-30,25,83
1743496550.271656,-42,41,79
1743496550.307656,101,-58,189
1743496550.342656,-38,-12,37
1743496550.378656,31,-8,77
1743496550.413656,-54,0,133
1743496550.449656,-11,75,215
1743496550.484656,14,17,133
1743496550.519656,-42,-92,213
1743496550.555656,17,-24,63
1743496550.590656,-26,0,129
1743496550.626656,53,-20,51
1743496550.661656,1,-68,115
1743496550.6976562,-14,-19,197
1743496550.732656,-48,-50,135
1743496550.767656,11,-102,123
1743496550.803656,47,-33,201
1743496550.838656,61,-56,171
1743496550.874656,-82,3,213
1743496550.909656,9,-12,47
1743496550.945656,35,-36,165
1743496550.980656,-38,-7,139
1743496551.015656,47,0,79
1743496551.051656,-68,-86,199
1743496551.086656,-106,-24,203
1743496551.122656,3,19,121
1743496551.157656,45,34,111
1743496551.193656,-32,-24,99
1743496551.228656,11,17,221
1743496551.263656,-8,31,171
1743496551.2996562,-14,-26,233
1743496551.334656,5,81,89
1743496551.370656,7,-13,171
1743496551.405656,-6,-11,139
1743496551.441656,39,2,93
1743496551.476656,-40,36,79
1743496551.511656,-26,54,179
1743496551.547656,-24,-15,77
1743496551.582656,1,-53,107
1743496551.6186562,-26,-35,137
1743496551.653656,21,46,125
1743496551.689656,5,-53,183
1743496551.724656,41,-39,121
1743496551.759656,-58,-127,103
1743496551.795656,61,-15,177
1743496551.830656,-24,68,53
1743496551.866656,-68,90,71
1743496551.9016562,-18,-25,191
1743496551.9376562,49,0,65
1743496551.972656,53,-5,109
1743496552.007656,9,0,181
1743496552.043656,-23,2,93
1743496552.078656,8,12,103
1743496552.114656,0,-23,195
1743496552.156656,-48,30,115
1743496552.193656,-31,34,27
1743496552.229656,-28,-21,141
1743496552.264656,-10,-15,157
1743496552.2996562,61,34,203
1743496552.3356562,-46,-11,181
1743496552.371656,-14,-33,123
1743496552.406656,-22,-21,91
1743496552.442656,-36,-3,139
1743496552.477656,-33,6,227
1743496552.512656,22,-49,61
1743496552.547656,-9,30,97
1743496552.583656,84,58,55
1743496552.619656,48,50,119
1743496552.6546562,18,-87,121
1743496552.690656,-25,38,81
1743496552.725656,68,8,187
1743496552.760656,12,20,75
1743496552.795656,-25,29,119
1743496552.831656,-15,-56,59
1743496552.867656,-15,47,73
1743496552.902656,-9,103,111
1743496552.938656,-57,5,105
1743496552.973656,-29,26,153
1743496553.008656,10,51,175
1743496553.043656,-77,-30,61
1743496553.079656,22,1,181
1743496553.115656,16,-24,175
1743496553.150656,34,2,231
1743496553.186656,-17,32,151
1743496553.221656,34,29,193
1743496553.2566562,-21,-4,107
1743496553.291656,-29,17,65
1743496553.327656,-35,-18,59
1743496553.363656,-53,-40,43
1743496553.398656,-31,-6,223
1743496553.434656,-19,-44,105
1743496553.469656,-139,-24,177
1743496553.504656,16,12,145
1743496553.5396562,-55,-32,99
1743496553.575656,-9,-56,215
1743496553.611656,-111,11,35
1743496553.646656,44,21,75
1743496553.682656,38,-74,93
1743496553.717656,80,-46,120
1743496553.752656,26,-60,76
1743496553.787656,38,17,8
1743496553.823656,14,31,68
1743496553.859656,2,61,168
1743496553.894656,4,17,20
1743496553.930656,2,41,102
1743496553.965656,-37,13,198
1743496554.000656,-29,0,280
1743496554.035656,-53,0,86
1743496554.071656,-29,-52,222
1743496554.107656,-87,-58,46
1743496554.142656,142,7,132
1743496554.178656,-31,7,60
1743496554.213656,0,-34,204
1743496554.248656,18,1,124
1743496554.283656,94,6,54
1743496554.319656,10,24,280
1743496554.355656,-47,40,58
1743496554.390656,-21,4,92
1743496554.426656,-13,-59,114
1743496554.461656,-7,28,48
1743496554.496656,-1,50,96
1743496554.531656,-13,-46,238
1743496554.567656,-9,-37,154
1743496554.603656,-11,-87,92
1743496554.638656,0,38,30
1743496554.6746562,108,0,92
1743496554.709656,-9,-7,140
1743496554.744656,-39,88,52
1743496554.7796562,8,-21,236
1743496554.815656,-37,-67,182
1743496554.851656,-51,-25,244
1743496554.886656,-65,40,272
1743496554.922656,46,-15,176
1743496554.957656,0,52,116
1743496554.992656,22,14,126
1743496555.027656,6,-63,220
1743496555.063656,-51,-62,140
1743496555.099656,54,45,96
1743496555.134656,26,-21,38
1743496555.170656,-41,-27,122
1743496555.205656,36,6,192
1743496555.240656,-5,-25,106
1743496555.275656,-33,-13,52
1743496555.311656,-11,6,130
1743496555.347656,-41,52,36
1743496555.382656,-11,8,52
1743496555.418656,54,-79,184
1743496555.453656,64,34,72
1743496555.488656,-57,-17,202
1743496555.523656,2,24,64
1743496555.559656,74,-49,170
1743496555.5956562,-27,-17,54
1743496555.630656,24,46,140
1743496555.666656,-29,50,128
1743496555.701656,-101,-61,168
1743496555.736656,-39,14,114
1743496555.771656,-23,2,26
1743496555.807656,-13,-5,230
1743496555.843656,-31,-19,258
1743496555.878656,-37,-13,162
1743496555.9146562,16,10,108
1743496555.949656,2,44,92
1743496555.984656,32,-10,112
1743496556.019656,60,-69,132
1743496556.055656,122,36,150
1743496556.091656,0,-17,50
1743496556.126656,14,26,110
1743496556.162656,34,8,86
1743496556.1976562,36,14,0
1743496556.232656,18,6,114
1743496556.267656,10,20,182
1743496556.303656,40,32,142
1743496556.339656,-47,-3,100
1743496556.374656,20,68,-25
1743496556.410656,26,-23,78
1743496556.445656,48,-1,86
1743496556.480656,12,7,124
1743496556.515656,30,44,212
1743496556.551656,-31,-13,94
1743496556.587656,8,34,148
1743496556.622656,-59,40,140
1743496556.658656,20,8,134
1743496556.693656,10,0,230
1743496556.728656,-5,24,50
1743496556.763656,30,-7,58
1743496556.7996562,118,0,144
1743496556.8356562,54,-33,210
1743496556.870656,-7,48,178
1743496556.906656,20,-43,166
1743496556.941656,86,-18,194
1743496556.976656,18,19,126
1743496557.011656,-15,-31,162
1743496557.047656,42,-45,62
1743496557.083656,-19,-91,-53
1743496557.1186562,52,-11,206
1743496557.1546562,66,-33,214
1743496557.189656,-15,4,108
1743496557.224656,100,-1,-7
1743496557.259656,-27,-31,78
1743496557.295656,14,18,112
1743496557.331656,0,40,182
1743496557.366656,-95,-7,158
1743496557.402656,-21,50,82
1743496557.4376562,-19,-27,118
1743496557.472656,6,-17,150
1743496557.507656,62,14,122
1743496557.543656,-49,6,82
1743496557.579656,-31,33,248
1743496557.614656,16,-6,166
1743496557.650656,14,-6,118
1743496557.685656,16,-30,94
1743496557.7206562,-55,5,162
1743496557.755656,40,37,80
1743496557.791656,50,17,136
1743496557.827656,70,-36,64
1743496557.862656,22,39,92
1743496557.898656,50,-36,148
1743496557.933656,34,-34,162
1743496557.968656,10,-20,168
1743496558.004656,62,25,64
1743496558.0396562,-7,-20,6
1743496558.075656,-45,19,4
1743496558.110656,50,63,174
1743496558.146656,-5,83,124
1743496558.181656,-33,5,80
1743496558.216656,-5,91,204
1743496558.252656,70,6,106
1743496558.287656,-25,-38,78
1743496558.323656,-29,-71,118
1743496558.3586562,-15,26,68
1743496558.394656,-29,-12,174
1743496558.429656,36,-54,58
1743496558.464656,-35,-10,74
1743496558.500656,-39,-44,208
1743496558.535656,-17,-26,72
1743496558.571656,8,17,134
1743496558.606656,20,-10,120
1743496558.642656,-52,-2,182
1743496558.677656,-76,3,52
1743496558.712656,1,69,88
1743496558.748656,-16,-8,250
1743496558.783656,-70,-24,111
1743496558.819656,-18,65,57
1743496558.854656,-52,17,175
1743496558.890656,-6,51,221
1743496558.925656,-66,53,-48
1743496558.9606562,-42,-2,149
1743496558.996656,-76,-34,151
1743496559.031656,-26,-21,169
1743496559.067656,19,46,211
1743496559.102656,-13,-1,45
1743496559.138656,42,-57,169
1743496559.173656,-5,0,173
1743496559.208656,74,76,187
1743496559.244656,36,-5,165
1743496559.2796562,-35,-5,169
1743496559.315656,6,4,-24
1743496559.350656,-17,-29,29
1743496559.386656,58,44,171
1743496559.421656,18,-3,147
1743496559.456656,82,-53,179
1743496559.492656,98,14,133
1743496559.527656,32,36,191
1743496559.563656,5,-89,277
1743496559.598656,11,42,79
1743496559.634656,-44,6,159
1743496559.669656,0,-7,179
1743496559.704656,-84,6,241
1743496559.740656,36,10,205
1743496559.775656,58,18,177
1743496559.811656,-53,-15,133
1743496559.846656,20,20,81
1743496559.882656,-39,-49,9
1743496559.917656,44,-15,165
1743496559.952656,-14,16,259
1743496559.988656,-14,36,223
1743496560.023656,31,30,169
1743496560.059656,-12,-2,117
1743496560.094656,13,36,77
1743496560.130656,73,72,79
1743496560.165656,35,28,67
1743496560.200656,-4,8,7
1743496560.236656,37,-37,195
1743496560.271656,-92,30,110
1743496560.307656,-22,-19,86
1743496560.342656,23,-19,80
1743496560.378656,-12,-19,122
1743496560.413656,-18,-21,116
1743496560.448656,-56,24,126
1743496560.484656,-74,8,192
1743496560.519656,-10,20,145
1743496560.555656,-20,-59,152
1743496560.590656,-47,2,42
1743496560.626656,-10,-5,84
1743496560.661656,-56,-38,220
1743496560.696656,19,-21,150
1743496560.732656,-4,76,0
1743496560.767656,51,-33,168
1743496560.803656,-50,6,52
1743496560.838656,10,22,98
1743496560.874656,4,18,196
1743496560.909656,-15,22,116
1743496560.944656,23,-33,174
1743496560.980656,6,-45,40
1743496561.015656,-1,0,108
1743496561.051656,1,-16,296
1743496561.086656,-12,-32,168
1743496561.122656,70,-20,190
1743496561.157656,48,25,232
1743496561.192656,20,26,202
1743496561.228656,-5,35,230
1743496561.263656,12,7,130
1743496561.2996562,48,-34,50
1743496561.334656,-67,43,96
1743496561.370656,-33,0,322
1743496561.405656,32,41,68
1743496561.440656,76,19,140
1743496561.476656,38,45,174
1743496561.511656,-81,-6,166
1743496561.547656,-23,29,50
1743496561.582656,-15,-48,106
1743496561.6186562,-5,13,188
1743496561.6546562,-23,91,148
1743496561.690656,-87,-21,52
1743496561.726656,14,-37,118
1743496561.762656,52,-70,126
1743496561.798656,-9,-3,150
1743496561.833656,50,-19,136
1743496561.8686562,26,38,246
1743496561.9046562,14,74,272
1743496561.940656,-49,4,174
1743496561.975656,-34,18,98
1743496562.011656,-36,-31,116
1743496562.046656,29,-1,174
1743496562.081656,39,5,222
1743496562.116656,-10,0,136
1743496562.159656,-76,8,164
1743496562.196656,41,-8,44
1743496562.231656,-26,-16,160
1743496562.267656,-2,-21,106
1743496562.302656,13,-45,128
1743496562.337656,21,-11,162
1743496562.372656,88,34,204
1743496562.408656,-1,44,234
1743496562.444656,-51,-13,40
1743496562.479656,-51,74,140
1743496562.515656,-89,-35,156
1743496562.550656,2,-37,254
1743496562.5856562,56,-27,6
1743496562.620656,32,80,112
1743496562.656656,-11,-103,174
1743496562.692656,-5,50,168
1743496562.727656,-45,-3,78
1743496562.763656,-84,-11,104
1743496562.798656,-5,-9,170
1743496562.833656,-24,39,92
1743496562.8686562,-48,7,210
1743496562.9046562,22,-1,112
1743496562.940656,36,130,66
1743496562.975656,48,44,198
1743496563.011656,38,-39,92
1743496563.046656,21,33,198
1743496563.081656,23,-44,118
1743496563.116656,71,43,96
1743496563.152656,-37,39,162
1743496563.188656,8,-35,42
1743496563.223656,29,-12,148
1743496563.259656,-33,-9,158
1743496563.294656,-6,13,108
1743496563.329656,12,-23,170
1743496563.364656,33,57,228
1743496563.400656,46,12,134
1743496563.436656,15,-54,194
1743496563.471656,-44,-82,120
1743496563.507656,23,-42,66
1743496563.542656,39,33,118
1743496563.577656,51,-58,154
1743496563.612656,19,-34,171
1743496563.648656,-44,21,187
1743496563.684656,-38,-16,115
1743496563.719656,-50,11,135
1743496563.755656,5,-2,173
1743496563.790656,55,61,119
1743496563.825656,73,-20,135
1743496563.860656,-40,-70,227
1743496563.896656,-82,19,51
1743496563.932656,15,-52,175
1743496563.967656,27,0,125
1743496564.003656,23,-60,160
1743496564.038656,3,-114,113
1743496564.073656,0,0,123
1743496564.1086562,-6,19,9
1743496564.144656,53,-28,187
1743496564.180656,37,21,161
1743496564.215656,35,13,81
1743496564.251656,-28,-22,209
1743496564.286656,28,-2,93
1743496564.321656,-19,-36,85
1743496564.356656,-13,11,-12
1743496564.392656,82,9,127
1743496564.428656,32,-9,67
1743496564.463656,0,20,199
1743496564.499656,0,4,75
1743496564.534656,22,66,233
1743496564.569656,58,-19,201
1743496564.604656,6,0,53
1743496564.640656,34,4,63
1743496564.676656,-103,-27,23
1743496564.711656,38,78,221
1743496564.747656,106,6,263
1743496564.782656,-31,56,201
1743496564.817656,44,50,135
1743496564.852656,10,-5,185
1743496564.888656,36,38,125
1743496564.9246562,74,-21,89
1743496564.959656,-11,4,221
1743496564.995656,-1,-63,105
1743496565.030656,-22,-28,4
1743496565.065656,21,-20,150
1743496565.100656,-6,15,58
1743496565.136656,-3,26,112
1743496565.172656,44,18,182
1743496565.207656,-73,38,133
1743496565.2436562,36,-1,197
1743496565.278656,42,-29,165
1743496565.313656,-13,40,103
1743496565.348656,-3,54,105
1743496565.384656,-9,-19,213
1743496565.420656,18,16,157
1743496565.455656,-23,23,7
1743496565.491656,-39,0,107
1743496565.5266562,-15,-50,-14
1743496565.561656,-22,-17,137
1743496565.596656,-1,-35,61
1743496565.632656,-51,30,131
1743496565.668656,34,26,105
1743496565.703656,40,46,21
1743496565.739656,-65,42,95
1743496565.774656,-45,30,89
1743496565.809656,-47,-83,141
1743496565.844656,-41,48,175
1743496565.880656,-9,2,125
1743496565.916656,-69,-43,133
1743496565.951656,16,-23,167
1743496565.987656,70,28,229
1743496566.022656,-23,-53,165
1743496566.057656,22,-29,193
1743496566.092656,-69,14,119
1743496566.128656,14,38,171
1743496566.1646562,-11,-31,203
1743496566.199656,38,-19,141
1743496566.235656,6,-1,139
1743496566.270656,20,16,57
1743496566.305656,-53,-1,157
1743496566.340656,2,-3,155
1743496566.376656,-33,12,113
1743496566.412656,10,22,71
1743496566.4476562,2,40,133
1743496566.4836562,-69,0,85
1743496566.518656,24,58,126
1743496566.553656,50,-31,146
1743496566.588656,52,-63,204
1743496566.624656,40,-31,200
1743496566.660656,-59,-15,220
1743496566.695656,-45,8,102
1743496566.731656,-27,88,-67
1743496566.7666562,4,-13,144
1743496566.801656,84,-3,-33
1743496566.836656,30,-49,122
1743496566.872656,-57,4,114
1743496566.908656,-11,-42,137
1743496566.943656,-63,31,146
1743496566.979656,-35,2,88
1743496567.014656,44,14,206
1743496567.0496562,-23,-13,130
1743496567.0856562,-9,-25,105
1743496567.120656,-41,74,49
1743496567.156656,-45,-35,104
1743496567.191656,-29,-13,163
1743496567.227656,56,-3,74
1743496567.262656,76,-43,122
1743496567.297656,-91,18,114
1743496567.332656,-7,-69,168
1743496567.3686562,16,4,102
1743496567.4046562,8,-11,78
1743496567.439656,28,-9,182
1743496567.475656,-15,46,72
1743496567.510656,72,0,82
1743496567.545656,-69,-20,-5
1743496567.580656,44,-66,208
1743496567.616656,-27,-58,262
1743496567.652656,58,-28,152
1743496567.6876562,64,0,212
1743496567.723656,-29,-12,132
1743496567.758656,-1,49,218
1743496567.793656,-21,-82,144
1743496567.829656,56,27,78
1743496567.864656,-21,15,162
1743496567.900656,-39,25,90
1743496567.935656,-55,11,84
1743496567.971656,52,29,76
1743496568.0066562,58,41,66
1743496568.041656,-15,76,188
1743496568.077656,-65,24,162
1743496568.112656,12,-1,146
1743496568.148656,2,0,98
1743496568.183656,122,-4,190
1743496568.219656,-11,-6,82
1743496568.254656,-41,73,76
1743496568.2896562,4,-24,144
1743496568.325656,-73,7,162
1743496568.360656,-41,-16,106
1743496568.396656,4,-2,180
1743496568.431656,-97,14,194
1743496568.467656,44,0,-5
1743496568.502656,22,68,208
1743496568.537656,10,-53,64
1743496568.573656,-6,63,238
1743496568.6086562,-54,-13,176
1743496568.644656,-12,30,170
1743496568.679656,-26,52,136
1743496568.715656,59,34,36
1743496568.750656,65,-23,110
1743496568.785656,9,6,170
1743496568.821656,-14,-36,244
1743496568.856656,-78,55,62
1743496568.892656,41,-8,140
1743496568.927656,15,29,218
1743496568.963656,84,-28,184
1743496568.998656,-81,-68,104
1743496569.033656,-41,15,232
1743496569.069656,98,-31,12
1743496569.104656,14,-11,82
1743496569.140656,-61,-73,198
1743496569.175656,-33,32,222
1743496569.211656,-17,12,116
1743496569.246656,-65,46,68
1743496569.281656,102,-10,120
1743496569.317656,8,23,98
1743496569.352656,14,47,94
1743496569.388656,-75,-11,30
1743496569.423656,-25,17,70
1743496569.459656,112,91,182
1743496569.494656,4,-122,60
1743496569.5296562,24,37,220
1743496569.565656,76,13,110
1743496569.600656,-131,-50,142
1743496569.636656,-19,16,116
1743496569.671656,-129,-60,212
1743496569.707656,-45,-14,186
1743496569.742656,0,47,204
1743496569.777656,-21,-5,86
1743496569.813656,-113,-50,106
1743496569.848656,-51,-10,74
1743496569.884656,-21,2,158
1743496569.919656,56,85,12
1743496569.955656,52,3,182
1743496569.990656,-39,1,98
1743496570.025656,-33,91,172
1743496570.061656,-35,8,206
1743496570.096656,6,-45,60
1743496570.132656,-87,38,220
1743496570.167656,-59,-39,100
1743496570.203656,44,-45,160
1743496570.238656,6,54,228
1743496570.273656,38,46,174
1743496570.309656,-23,38,38
1743496570.344656,-15,70,126
1743496570.380656,22,-51,140
1743496570.415656,6,-15,120
1743496570.451656,-21,16,8
1743496570.486656,-65,54,112
1743496570.521656,22,32,188
1743496570.557656,94,20,222
1743496570.592656,40,32,178
1743496570.628656,24,-37,82
1743496570.663656,6,16,206
1743496570.699656,14,-60,170
1743496570.734656,-47,-34,104
1743496570.769656,94,19,188
1743496570.805656,56,57,134
1743496570.840656,-15,-10,76
1743496570.876656,-9,-60,68
1743496570.911656,-21,-30,56
1743496570.9476562,-37,17,124
1743496570.982656,42,23,164
1743496571.017656,28,1,166
1743496571.053656,-5,-56,74
1743496571.088656,54,-14,138
1743496571.124656,-55,5,140
1743496571.159656,-1,19,62
1743496571.195656,0,-44,186
1743496571.231656,76,7,172
1743496571.267656,-53,0,66
1743496571.303656,-1,0,114
1743496571.338656,62,13,174
1743496571.373656,24,-66,201
1743496571.409656,50,-12,207
1743496571.445656,112,-18,165
1743496571.480656,38,-20,131
1743496571.5166562,-3,-24,167
1743496571.551656,46,-22,35
1743496571.586656,0,39,163
1743496571.621656,-24,15,101
1743496571.657656,61,47,113
1743496571.693656,141,41,159
1743496571.728656,29,15,115
1743496571.764656,63,-68,143
1743496571.7996562,-64,17,165
1743496571.834656,25,63,91
1743496571.869656,-58,5,161
1743496571.905656,-74,-6,189
1743496571.941656,63,27,99
1743496571.976656,-32,-30,187
1743496572.012656,-82,-22,197
1743496572.047656,-90,-44,49
1743496572.082656,17,63,135
1743496572.117656,-8,33,73
1743496572.159656,25,99,243
1743496572.196656,-88,39,187
1743496572.231656,-20,7,209
1743496572.2666562,-42,111,151
1743496572.301656,43,-24,3
1743496572.337656,-16,-86,199
1743496572.373656,-4,51,65
1743496572.408656,-50,3,35
1743496572.444656,-36,-2,207
1743496572.479656,99,-4,75
1743496572.514656,51,13,173
1743496572.5496562,-68,-82,199
1743496572.5856562,-11,3,73
1743496572.621656,4,73,97
1743496572.656656,-61,39,99
1743496572.692656,-3,-107,111
1743496572.727656,50,-55,291
1743496572.762656,-107,-13,139
1743496572.797656,32,-7,183
1743496572.833656,56,-39,79
1743496572.869656,18,8,85
1743496572.9046562,60,-24,149
1743496572.940656,-11,-23,51
1743496572.975656,-33,-39,155
1743496573.010656,34,-18,-20
1743496573.045656,6,-10,69
1743496573.081656,-20,-18,93
1743496573.117656,-10,-18,157
1743496573.152656,-80,35,133
1743496573.188656,-16,-12,195
1743496573.223656,-74,7,153
1743496573.258656,17,59,229
1743496573.293656,-16,-50,205
1743496573.329656,-86,46,123
1743496573.365656,-27,-38,191
1743496573.400656,-5,-45,104
1743496573.436656,-37,47,150
1743496573.471656,-17,-35,250
1743496573.5066562,-27,-37,212
1743496573.541656,-43,3,66
1743496573.577656,-27,-28,24
1743496573.613656,-67,66,111
1743496573.648656,61,62,81
1743496573.684656,22,117,187
1743496573.719656,76,-10,46
1743496573.754656,42,3,42
1743496573.7896562,-49,35,160
1743496573.825656,54,23,44
1743496573.861656,12,-48,68
1743496573.896656,-29,41,120
1743496573.932656,-29,9,56
1743496573.967656,-55,57,82
1743496574.002656,0,-8,188
1743496574.037656,2,-4,80
1743496574.073656,70,-16,136
1743496574.109656,-75,21,140
1743496574.144656,28,0,150
1743496574.180656,6,27,110
1743496574.215656,-49,-38,124
1743496574.250656,-41,17,174
1743496574.285656,-13,39,258
1743496574.321656,-23,73,142
1743496574.357656,20,-50,134
1743496574.392656,28,-8,132
1743496574.428656,-5,-26,178
1743496574.463656,88,-24,90
1743496574.498656,-3,-24,104
1743496574.533656,-47,-22,110
1743496574.569656,-75,25,140
1743496574.605656,-13,-24,74
1743496574.640656,-11,-34,150
1743496574.676656,8,49,163
1743496574.711656,-19,5,49
1743496574.746656,8,-26,95
1743496574.781656,0,3,237
1743496574.817656,78,41,55
1743496574.853656,-33,11,153
1743496574.888656,2,-30,133
1743496574.9246562,26,-31,53
1743496574.959656,-153,47,189
1743496574.994656,-11,-33,204
1743496575.0296562,-7,62,169
1743496575.065656,44,116,47
1743496575.101656,28,-31,165
1743496575.136656,30,-27,165
1743496575.172656,-9,-52,203
1743496575.207656,10,13,89
1743496575.242656,4,-30,153
1743496575.277656,-21,-13,-12
1743496575.313656,-25,-13,119
1743496575.349656,-39,-3,194
1743496575.384656,0,-33,69
1743496575.420656,76,-5,207
1743496575.455656,-71,26,173
1743496575.490656,-43,-29,243
1743496575.525656,128,10,45
1743496575.561656,-33,-9,173
1743496575.597656,24,-9,61
1743496575.632656,-21,-6,143
1743496575.668656,-31,45,103
1743496575.703656,18,46,149
1743496575.738656,15,-55,217
1743496575.773656,0,44,125
1743496575.809656,66,-29,147
1743496575.8456562,-19,34,75
1743496575.880656,24,2,143
1743496575.916656,32,16,73
1743496575.951656,-3,-8,179
1743496575.986656,-36,-30,261
1743496576.021656,60,-40,189
1743496576.057656,-3,-13,177
1743496576.093656,-5,18,193
1743496576.128656,-47,-81,127
1743496576.1646562,-73,-29,119
1743496576.199656,-89,0,143
1743496576.234656,-23,20,169
1743496576.269656,46,34,123
1743496576.305656,44,-73,83
1743496576.341656,66,44,57
1743496576.376656,-23,-3,11
1743496576.412656,-36,-3,111
1743496576.4476562,-30,-79,35
1743496576.482656,22,22,123
1743496576.517656,-36,-19,195
1743496576.553656,-6,10,205
1743496576.589656,-86,42,181
1743496576.624656,31,38,111
1743496576.660656,27,-40,143
1743496576.695656,-20,37,207
1743496576.730656,17,12,111
1743496576.765656,-45,-7,161
1743496576.801656,-29,-69,45
1743496576.837656,74,-41,233
1743496576.872656,-35,40,77
1743496576.908656,26,66,191
1743496576.943656,-59,-41,77
1743496576.978656,-59,-21,91
1743496577.013656,30,45,179
1743496577.0496562,-39,36,93
1743496577.0856562,20,-67,145
1743496577.120656,-45,28,121
1743496577.156656,26,65,115
1743496577.191656,-19,-34,251
1743496577.226656,36,-61,159
1743496577.262656,40,-79,69
1743496577.297656,-31,-43,-18
1743496577.333656,42,23,225
1743496577.3686562,-49,3,139
1743496577.4046562,-65,-32,95
1743496577.439656,6,21,146
1743496577.474656,42,-80,-22
1743496577.510656,-37,17,75
1743496577.545656,72,-20,169
1743496577.581656,-11,-16,111
1743496577.616656,58,-14,213
1743496577.652656,48,13,49
1743496577.6876562,22,11,135
1743496577.722656,-69,59,273
1743496577.758656,14,13,132
1743496577.793656,46,7,128
1743496577.829656,12,11,74
1743496577.864656,-3,-50,130
1743496577.900656,-41,-6,48
1743496577.935656,-19,23,108
1743496577.9706562,24,-43,170
1743496578.0066562,20,44,92
1743496578.041656,1,-55,52
1743496578.077656,26,-5,88
1743496578.112656,2,-1,184
1743496578.148656,-47,10,184
1743496578.183656,76,-9,66
1743496578.218656,-33,28,-7
1743496578.254656,20,-37,124
1743496578.2896562,4,38,166
1743496578.325656,-9,46,206
1743496578.360656,-5,14,76
1743496578.396656,18,-57,174
1743496578.431656,17,-31,142
1743496578.466656,23,-13,66
1743496578.502656,58,-11,222
1743496578.537656,14,-51,120
1743496578.573656,-23,46,90
1743496578.6086562,-17,-59,58
1743496578.644656,-11,8,116
1743496578.679656,22,-3,190
1743496578.714656,6,34,88
1743496578.750656,56,-59,152
1743496578.785656,26,-13,202
1743496578.821656,68,114,198
1743496578.856656,-27,-49,126
1743496578.892656,92,0,316
1743496578.927656,36,72,102
1743496578.962656,44,42,80
1743496578.998656,-21,-5,82
1743496579.033656,4,-33,130
1743496579.069656,44,-5,138
1743496579.104656,74,-5,170
1743496579.140656,-78,-17,230
1743496579.175656,3,6,178
1743496579.2106562,-46,-19,68
1743496579.246656,-78,-1,136
1743496579.281656,-38,-63,280
1743496579.317656,-62,-61,140
1743496579.352656,52,24,58
1743496579.388656,-22,-5,124
1743496579.423656,64,-5,154
1743496579.458656,-49,-15,238
1743496579.494656,-41,-27,96
1743496579.5296562,-105,10,50
1743496579.565656,-27,-29,106
1743496579.600656,38,-49,138
1743496579.636656,-10,10,172
1743496579.671656,-27,-61,120
1743496579.706656,34,-23,172
1743496579.742656,66,-33,192
1743496579.777656,-129,32,150
1743496579.813656,-25,14,132
1743496579.848656,-35,-61,127
1743496579.884656,-11,-29,173
1743496579.919656,36,-19,220
1743496579.954656,80,44,233
1743496579.990656,10,34,130
1743496580.025656,-61,46,112
1743496580.061656,-37,26,99
1743496580.096656,-21,-57,109
1743496580.132656,-19,-27,201
1743496580.167656,0,34,71
1743496580.202656,-1,-57,35
1743496580.238656,2,8,49
1743496580.273656,-9,4,109
1743496580.309656,32,-25,211
1743496580.344656,62,38,219
1743496580.380656,18,0,101
1743496580.415656,42,0,107
1743496580.450656,-23,28,193
1743496580.486656,50,-71,161
1743496580.521656,-13,-33,159
1743496580.557656,-37,-3,79
1743496580.592656,36,-27,143
1743496580.628656,-13,-37,189
1743496580.6646562,-25,-15,185
1743496580.700656,32,4,333
1743496580.736656,-41,-49,41
1743496580.772656,-77,-86,191
1743496580.808656,-85,21,181
1743496580.844656,0,-33,101
1743496580.880656,-12,-13,174
1743496580.915656,-12,-31,122
1743496580.950656,-25,6,28
1743496580.986656,4,46,45
1743496581.022656,-7,3,308
1743496581.057656,-53,43,225
1743496581.093656,-50,17,160
1743496581.128656,44,-51,203
1743496581.163656,-10,-5,135
1743496581.198656,-29,-25,107
1743496581.234656,-44,51,-42
1743496581.270656,23,14,213
1743496581.305656,4,12,151
1743496581.341656,-17,101,123
1743496581.376656,12,43,145
1743496581.411656,-27,29,59
1743496581.446656,26,61,57
1743496581.482656,-39,-49,91
1743496581.518656,-15,-5,159
1743496581.553656,36,-51,239
1743496581.589656,8,-19,169
1743496581.624656,-35,16,149
1743496581.659656,54,101,153
1743496581.694656,-25,26,109
1743496581.730656,6,-2,49
1743496581.7666562,-47,-2,13
1743496581.801656,-37,13,209
1743496581.837656,36,61,137
1743496581.872656,49,-36,27
1743496581.907656,-52,-56,147
1743496581.942656,-16,61,145
1743496581.978656,-48,-48,231
1743496582.014656,89,-76,271
1743496582.0496562,11,5,61
1743496582.0856562,-27,-22,187
1743496582.120656,119,-36,89
1743496582.162656,-96,55,59
1743496582.198656,-11,13,139
1743496582.234656,2,1,73
1743496582.270656,-73,-10,99
1743496582.305656,28,-60,145
1743496582.341656,-41,-130,97
1743496582.376656,20,11,105
1743496582.411656,-43,27,119
1743496582.446656,0,-20,123
1743496582.482656,-135,-56,85
1743496582.518656,-49,-14,95
1743496582.553656,-35,13,81
1743496582.589656,18,31,93
1743496582.624656,26,33,95
1743496582.659656,-13,19,131
1743496582.694656,-18,-12,111
1743496582.730656,-2,-26,115
1743496582.7666562,-13,27,79
1743496582.801656,38,29,93
1743496582.837656,-101,-26,185
1743496582.872656,42,-25,141
1743496582.907656,-85,-21,99
1743496582.942656,-23,28,215
1743496582.978656,-15,-43,41
1743496583.014656,62,42,71
1743496583.0496562,18,93,129
1743496583.0856562,-35,11,61
1743496583.120656,-7,-38,115
1743496583.155656,30,1,139
1743496583.190656,19,27,75
1743496583.226656,-14,117,219
1743496583.262656,27,-44,87
1743496583.297656,19,27,223
1743496583.333656,-53,41,97
1743496583.3686562,-3,40,117
1743496583.403656,-91,62,121
1743496583.438656,-9,18,161
1743496583.474656,30,-63,145
1743496583.510656,40,-70,164
1743496583.545656,26,9,142
1743496583.581656,-91,79,140
1743496583.616656,-1,75,114
1743496583.6516562,68,20,186
1743496583.686656,-13,44,112
1743496583.722656,-73,-27,106
1743496583.758656,-81,48,173
1743496583.793656,32,18,-12
1743496583.829656,72,-41,107
1743496583.864656,-45,58,54
1743496583.899656,-57,-37,85
1743496583.934656,-25,-5,62
1743496583.9706562,14,-11,158
1743496584.0066562,-9,-37,175
1743496584.041656,-57,-49,166
1743496584.077656,-113,84,181
1743496584.112656,62,10,191
1743496584.147656,-1,60,95
1743496584.182656,30,-21,163
1743496584.218656,-65,-29,103
1743496584.254656,-59,44,127
1743496584.2896562,68,110,149
1743496584.325656,34,-3,57
1743496584.360656,-29,-11,199
1743496584.395656,-49,-21,70
1743496584.430656,20,-29,110
1743496584.466656,-65,-29,142
1743496584.502656,52,-45,148
1743496584.537656,-34,18,68
1743496584.573656,-20,44,80
1743496584.6086562,-27,-35,94
1743496584.643656,-17,-35,62
1743496584.678656,14,29,96
1743496584.714656,42,-52,202
1743496584.750656,4,-32,106
1743496584.785656,-73,-12,-23
1743496584.821656,18,-50,142
1743496584.856656,55,-32,60
1743496584.8916562,-70,31,112
1743496584.926656,25,9,112
1743496584.962656,14,-2,172
1743496584.998656,-83,-82,232
1743496585.033656,10,3,64
1743496585.069656,-39,-44,238
1743496585.104656,72,7,112
1743496585.139656,-55,-33,120
1743496585.1746562,14,-82,74
1743496585.2106562,41,7,228
1743496585.246656,-64,1,78
1743496585.281656,1,23,198
1743496585.317656,1,-2,82
1743496585.352656,-40,14,56
1743496585.387656,-14,6,141
1743496585.422656,12,34,175
1743496585.458656,12,-13,137
1743496585.494656,-20,36,159
1743496585.5296562,26,24,155
1743496585.565656,31,34,114
1743496585.600656,21,30,20
1743496585.635656,-18,92,148
1743496585.670656,-33,40,46
1743496585.706656,-15,31,102
1743496585.742656,-35,-42,268
1743496585.777656,52,62,-25
1743496585.813656,-1,-51,156
1743496585.848656,-29,14,114
1743496585.883656,2,14,104
1743496585.918656,-7,-13,239
1743496585.954656,-9,10,198
1743496585.990656,-33,-35,125
1743496586.025656,24,-65,75
1743496586.061656,16,-35,188
1743496586.096656,-41,36,154
1743496586.1316562,-55,-11,168
1743496586.166656,60,-13,250
1743496586.202656,12,-33,118
1743496586.238656,-83,-31,174
1743496586.273656,-13,60,164
1743496586.309656,-55,-7,162
1743496586.344656,10,-23,266
1743496586.379656,6,34,98
1743496586.4146562,-45,62,108
1743496586.450656,20,2,192
1743496586.486656,8,22,64
1743496586.521656,4,32,92
1743496586.557656,62,-74,153
1743496586.592656,-39,8,181
1743496586.627656,30,-18,86
1743496586.663656,-61,-75,162
1743496586.698656,-9,29,194
1743496586.734656,4,52,156
1743496586.769656,8,31,174
1743496586.805656,-7,0,100
1743496586.840656,-43,-50,72
1743496586.875656,-53,51,84
1743496586.911656,40,-24,258
1743496586.946656,-49,7,102
1743496586.982656,-5,-44,58
1743496587.017656,28,-42,240
1743496587.053656,40,-6,84
1743496587.088656,80,-22,112
1743496587.123656,-85,-38,212
1743496587.159656,-45,-8,4
1743496587.194656,-13,-72,80
1743496587.230656,-17,-18,162
1743496587.265656,52,-2,168
1743496587.301656,-7,-36,106
1743496587.336656,-91,-12,152
1743496587.371656,12,-16,38
1743496587.407656,-13,17,130
1743496587.442656,-75,23,156
1743496587.478656,96,39,80
1743496587.513656,28,-9,146
1743496587.5496562,-29,-7,140
1743496587.584656,-7,6,196
1743496587.619656,10,-29,142
1743496587.655656,22,-19,14
1743496587.690656,-77,-59,28
1743496587.726656,-49,-3,128
1743496587.761656,12,-67,142
1743496587.797656,16,54,88
1743496587.832656,-13,4,100
1743496587.867656,14,-21,170
1743496587.903656,6,-19,34
1743496587.938656,0,37,104
1743496587.974656,4,29,224
1743496588.009656,-87,23,198
1743496588.045656,-87,-5,84
1743496588.080656,-5,-25,56
1743496588.115656,-29,-1,116
1743496588.1516562,-13,-21,60
1743496588.186656,106,-15,266
1743496588.222656,12,-5,184
1743496588.257656,17,56,88
1743496588.293656,27,-67,160
1743496588.328656,-38,-33,266
1743496588.363656,0,6,168
1743496588.399656,60,-11,144
1743496588.434656,0,60,248
1743496588.4706562,98,-47,108
1743496588.505656,74,18,124
1743496588.541656,-73,2,116
1743496588.576656,-37,-47,90
1743496588.611656,-65,-5,76
1743496588.647656,-71,98,96
1743496588.682656,4,-21,120
1743496588.718656,30,26,152
1743496588.753656,47,-25,108
1743496588.7896562,28,-27,40
1743496588.824656,52,40,114
1743496588.859656,16,52,136
1743496588.895656,46,-75,82
1743496588.930656,34,-3,198
1743496588.966656,-35,-27,206
1743496589.001656,-35,2,44
1743496589.037656,10,0,222
1743496589.0726562,-7,-35,176
1743496589.107656,76,-11,60
1743496589.143656,40,72,70
1743496589.178656,20,0,204
1743496589.214656,-5,36,98
1743496589.249656,-53,-15,98
1743496589.285656,6,-75,192
1743496589.320656,50,24,150
1743496589.355656,-65,-13,76
1743496589.3916562,-79,-55,156
1743496589.426656,54,34,22
1743496589.462656,2,14,146
1743496589.497656,-35,-23,224
1743496589.532656,-27,-15,158
1743496589.567656,10,2,208
1743496589.603656,16,-19,220
1743496589.639656,-37,-75,142
1743496589.6746562,126,18,116
1743496589.7106562,-5,68,90
1743496589.745656,20,-5,86
1743496589.781656,-11,6,28
1743496589.816656,50,-35,102
1743496589.851656,12,4,112
1743496589.887656,50,-47,196
1743496589.922656,15,32,94
1743496589.958656,-7,60,120
1743496589.9936562,14,18,58
1743496590.0296562,-12,-3,144
1743496590.064656,-52,6,134
1743496590.099656,31,-55,66
1743496590.135656,-4,2,32
1743496590.170656,-56,-19,130
1743496590.206656,35,-21,114
1743496590.241656,59,-43,202
1743496590.2766562,45,20,256
1743496590.311656,29,10,150
1743496590.347656,-2,8,142
1743496590.383656,5,-37,162
1743496590.418656,17,6,168
1743496590.454656,85,38,80
1743496590.489656,-46,26,-17
1743496590.524656,-10,-35,56
1743496590.559656,-8,32,142
1743496590.5956562,-6,12,212
1743496590.6316562,8,-61,174
1743496590.666656,-41,-61,136
1743496590.702656,12,-123,116
1743496590.737656,-3,-7,78
1743496590.772656,-135,-25,200
1743496590.807656,-21,16,114
1743496590.843656,-27,14,81
1743496590.879656,13,26,29
1743496590.9146562,75,17,133
1743496590.950656,-58,-33,91
1743496590.985656,11,14,109
1743496591.020656,45,48,123
1743496591.055656,63,58,171
1743496591.091656,-82,14,33
1743496591.127656,-22,-38,185
1743496591.162656,23,-10,143
1743496591.198656,-12,-33,145
1743496591.2336562,-34,16,117
1743496591.268656,75,38,207
1743496591.303656,75,-63,103
1743496591.339656,49,0,147
1743496591.375656,-110,12,103
1743496591.410656,-50,26,113
1743496591.446656,-52,32,75
1743496591.481656,-72,-2,225
1743496591.5166562,65,21,151
1743496591.551656,-66,18,187
1743496591.587656,-46,-23,93
1743496591.623656,9,-45,179
1743496591.658656,39,-49,87
1743496591.694656,27,17,23
1743496591.729656,-36,81,101
1743496591.764656,49,-22,157
1743496591.7996562,-82,12,133
1743496591.8356562,-82,46,141
1743496591.871656,-14,-28,167
1743496591.906656,-72,-44,95
1743496591.942656,-24,-74,59
1743496591.977656,77,1,155
1743496592.012656,-36,34,211
1743496592.047656,115,-65,149
1743496592.083656,-18,-45,129
1743496592.119656,0,54,167
1743496592.1546562,-16,-47,157
1743496592.1976562,35,18,105
1743496592.2336562,29,-83,115
1743496592.268656,-2,-19,145
1743496592.303656,-60,-39,145
1743496592.339656,-46,52,67
1743496592.375656,-66,30,133
1743496592.410656,-30,-7,203
1743496592.446656,-28,-10,137
1743496592.481656,-54,23,193
1743496592.5166562,15,-28,99
1743496592.551656,-84,67,187
1743496592.587656,-32,-16,37
1743496592.623656,-12,63,9
1743496592.658656,-23,19,95
1743496592.694656,-21,17,129
1743496592.729656,-53,21,147
1743496592.764656,38,57,189
1743496592.7996562,26,-11,117
1743496592.8356562,44,-30,239
1743496592.871656,-17,56,91
1743496592.906656,12,-7,81
1743496592.942656,14,-43,117
1743496592.977656,4,16,89
1743496593.012656,-21,-7,137
1743496593.047656,100,56,57
1743496593.083656,68,14,221
1743496593.119656,-15,40,1
1743496593.1546562,60,18,53
1743496593.190656,-41,-19,221
1743496593.225656,-55,38,191
1743496593.260656,-9,-13,165
1743496593.295656,-71,-67,61
1743496593.331656,-25,-33,165
1743496593.367656,32,-81,113
1743496593.402656,-7,-63,41
1743496593.438656,24,18,39
1743496593.473656,6,44,117
1743496593.508656,-3,22,131
1743496593.543656,112,-13,45
1743496593.579656,-13,-55,135
1743496593.615656,2,6,91
1743496593.650656,-9,50,41
1743496593.686656,64,24,125
1743496593.721656,30,-67,121
1743496593.7566562,16,42,209
1743496593.791656,-49,-29,44
1743496593.827656,56,-57,220
1743496593.863656,2,-55,154
1743496593.898656,62,-3,130
1743496593.934656,-41,40,136
1743496593.969656,82,46,198
1743496594.004656,20,52,202
1743496594.0396562,-29,-21,110
1743496594.075656,12,24,94
1743496594.111656,20,28,324
1743496594.146656,50,-53,94
1743496594.182656,22,-13,4
1743496594.217656,80,6,180
1743496594.252656,52,14,78
1743496594.287656,70,-9,64
1743496594.323656,6,-51,166
1743496594.359656,-11,-31,196
1743496594.394656,-3,-97,34
1743496594.430656,-109,-27,110
1743496594.465656,-31,66,178
1743496594.500656,26,-5,138
1743496594.535656,22,-65,226
1743496594.571656,-21,80,212
1743496594.607656,26,62,174
1743496594.642656,-61,0,190
1743496594.678656,28,4,76
1743496594.713656,22,40,92
1743496594.748656,68,74,186
1743496594.783656,-15,-31,19
1743496594.819656,-51,-41,245
1743496594.855656,84,-21,105
1743496594.890656,10,-25,33
1743496594.926656,6,-25,67
1743496594.961656,-3,-5,127
1743496594.996656,46,56,149
1743496595.031656,-39,22,119
1743496595.067656,-1,56,35
1743496595.103656,14,84,147
1743496595.138656,10,-39,67
1743496595.175656,6,-9,155
1743496595.2106562,-29,50,71
1743496595.246656,-29,-3,111
1743496595.281656,-15,28,85
1743496595.316656,-25,38,173
1743496595.351656,22,-17,125
1743496595.387656,96,-91,171
1743496595.423656,-19,-45,-58
1743496595.458656,-31,-25,31
1743496595.494656,18,44,117
1743496595.5296562,-43,30,113
1743496595.564656,-65,14,223
1743496595.599656,-51,28,143
1743496595.635656,-25,18,133
1743496595.671656,24,56,121
1743496595.706656,68,-7,89
1743496595.742656,38,56,217
1743496595.777656,-13,-79,165
1743496595.8126562,2,24,123
1743496595.847656,4,-25,-2
1743496595.883656,-23,-23,211
1743496595.919656,52,-3,165
1743496595.954656,20,-35,94
1743496595.990656,16,-79,110
1743496596.025656,66,46,160
1743496596.060656,42,14,118
1743496596.0956562,18,10,222
1743496596.1316562,-17,-53,64
1743496596.167656,18,0,68
1743496596.202656,-57,-23,178
1743496596.238656,26,29,0
1743496596.273656,22,-20,254
1743496596.308656,38,5,74
1743496596.344656,14,-88,144
1743496596.379656,38,-42,122
1743496596.415656,-3,15,124
1743496596.450656,16,-71,164
1743496596.486656,82,75,126
1743496596.521656,-53,48,50
1743496596.556656,0,-5,114
1743496596.592656,-27,83,119
1743496596.627656,2,-16,151
1743496596.663656,59,-23,68
1743496596.698656,9,-33,203
1743496596.734656,-3,0,209
1743496596.769656,-39,-29,215
1743496596.804656,-37,14,141
1743496596.840656,-59,-35,109
1743496596.875656,8,6,179
1743496596.911656,40,-77,75
1743496596.946656,-11,2,13
1743496596.982656,56,36,59
1743496597.017656,-53,0,121
1743496597.052656,-55,-31,177
1743496597.088656,34,74,179
1743496597.123656,0,-9,219
1743496597.159656,-31,-42,227
1743496597.194656,-47,13,87
1743496597.230656,16,-14,129
1743496597.265656,62,18,105
1743496597.300656,-89,-72,81
1743496597.336656,-55,-26,131
1743496597.371656,-81,-26,123
1743496597.407656,-77,7,109
1743496597.442656,-1,-77,227
1743496597.478656,-41,16,99
1743496597.513656,-87,-55,31
1743496597.548656,-63,10,121
1743496597.584656,22,2,109
1743496597.619656,-29,-15,113
1743496597.655656,32,4,219
1743496597.690656,30,-65,107
1743496597.726656,66,-83,-12
1743496597.761656,-57,-57,75
1743496597.796656,34,30,148
1743496597.832656,26,70,148
1743496597.867656,24,-4,36
1743496597.903656,8,32,126
1743496597.938656,44,-15,178
1743496597.974656,54,12,150
1743496598.009656,24,0,36
1743496598.044656,-41,48,120
1743496598.080656,40,-39,94
1743496598.115656,-3,-7,-43
1743496598.1516562,90,-57,144
1743496598.186656,34,8,52
1743496598.222656,14,-11,194
1743496598.257656,64,66,68
1743496598.292656,-33,12,96
1743496598.328656,20,8,178
1743496598.363656,-53,16,176
1743496598.399656,28,-23,48
1743496598.434656,-61,-71,158
1743496598.4706562,32,24,272
1743496598.505656,-11,54,154
1743496598.540656,14,-27,202
1743496598.576656,34,32,198
1743496598.611656,-17,22,176
1743496598.647656,34,-35,166
1743496598.682656,2,30,102
1743496598.718656,-13,19,168
1743496598.753656,62,7,230
1743496598.788656,-21,33,116
1743496598.824656,-27,1,244
1743496598.859656,30,19,122
1743496598.895656,-21,70,46
1743496598.930656,26,-43,-1
1743496598.966656,-33,31,132
1743496599.001656,42,45,116
1743496599.036656,-23,58,64
1743496599.0726562,18,0,194
1743496599.107656,10,44,220
1743496599.143656,76,4,140
1743496599.178656,-47,-9,148
1743496599.214656,-27,-31,114
1743496599.249656,-47,-27,178
1743496599.284656,56,-69,110
1743496599.320656,8,0,112
1743496599.355656,12,-33,24
1743496599.3916562,96,54,200
1743496599.426656,6,26,76
1743496599.461656,40,-11,134
1743496599.496656,-63,-63,222
1743496599.532656,11,-21,202
1743496599.568656,-35,-13,60
1743496599.603656,-3,-19,166
1743496599.639656,2,-19,248
1743496599.6746562,-27,-23,198
1743496599.7106562,54,14,304
1743496599.746656,64,-43,98
1743496599.781656,18,-13,74
1743496599.816656,-5,28,126
1743496599.852656,28,-69,150
1743496599.888656,-7,-61,98
1743496599.923656,-21,24,56
1743496599.959656,52,-33,204
1743496599.994656,-19,-47,54
1743496600.0296562,42,-9,224
1743496600.064656,4,12,74
1743496600.100656,12,-35,28
1743496600.136656,-71,-85,136
1743496600.171656,0,-29,260
1743496600.207656,-25,-11,36
1743496600.242656,42,8,28
1743496600.277656,16,22,86
1743496600.3126562,42,-19,174
1743496600.348656,40,-51,154
1743496600.384656,-53,20,158
1743496600.419656,-41,-55,208
1743496600.455656,36,30,180
1743496600.490656,-11,16,272
1743496600.525656,-20,-25,30
1743496600.560656,-84,46,192
1743496600.596656,-118,-19,188
1743496600.632656,105,6,188
1743496600.667656,-54,-13,272
1743496600.703656,15,38,146
1743496600.738656,-50,-47,156
1743496600.773656,53,16,98
1743496600.808656,33,38,126
1743496600.844656,-96,-31,42
1743496600.880656,21,-10,68
1743496600.915656,21,-21,102
1743496600.951656,7,6,64
1743496600.986656,-40,-39,118
1743496601.021656,37,-40,76
1743496601.056656,63,-2,218
1743496601.092656,-16,33,94
1743496601.128656,17,-20,192
1743496601.163656,-26,-64,204
1743496601.199656,37,37,178
1743496601.234656,-32,-28,310
1743496601.269656,17,-8,4
1743496601.304656,0,9,36
1743496601.340656,-46,-54,24
1743496601.376656,15,-42,78
1743496601.411656,-40,31,2
1743496601.4476562,-41,87,178
1743496601.482656,71,91,-17
1743496601.517656,67,-16,100
1743496601.552656,-40,-32,42
1743496601.588656,-14,21,110
1743496601.624656,3,-44,134
1743496601.659656,41,3,134
1743496601.695656,67,-54,46
1743496601.730656,-2,-23,204
1743496601.765656,43,-18,246
1743496601.800656,57,-13,75
1743496601.836656,-38,-41,159
1743496601.872656,-30,-29,237
1743496601.907656,71,66,89
1743496601.943656,-78,2,253
1743496601.978656,-36,-15,11
1743496602.013656,1,-56,-30
1743496602.048656,-130,5,163
1743496602.084656,-24,1,67
1743496602.120656,-64,-26,193
1743496602.155656,-16,29,141
1743496602.198656,47,-36,67
1743496602.234656,-50,-8,201
1743496602.269656,31,-32,69
1743496602.304656,-7,37,91
1743496602.340656,59,5,161
1743496602.376656,33,33,151
1743496602.411656,-12,4,183
1743496602.4476562,15,-11,139
1743496602.482656,65,0,251
1743496602.517656,-36,-83,185
1743496602.552656,-10,37,135
1743496602.588656,63,0,49
1743496602.624656,67,-39,157
1743496602.659656,131,80,131
1743496602.695656,-62,30,109
1743496602.730656,25,-85,71
1743496602.765656,43,40,151
1743496602.800656,-60,-49,185
1743496602.836656,2,66,175
1743496602.872656,16,-49,227
1743496602.907656,-101,-71,91
1743496602.943656,-21,-3,161
1743496602.978656,-28,-11,63
1743496603.013656,-30,-19,65
1743496603.048656,27,-3,19
1743496603.084656,10,4,211
1743496603.120656,82,-31,67
1743496603.155656,0,-41,91
1743496603.191656,14,-37,91
1743496603.226656,22,14,147
1743496603.261656,-39,-4,141
1743496603.296656,-55,42,123
1743496603.332656,17,-35,77
1743496603.3686562,12,30,137
1743496603.403656,58,-39,151
1743496603.439656,-17,72,141
1743496603.474656,32,22,247
1743496603.509656,-21,34,149
1743496603.544656,-89,10,45
1743496603.580656,66,-43,129
1743496603.616656,-23,42,123
1743496603.6516562,20,-7,113
1743496603.6876562,-13,66,143
1743496603.722656,-101,65,101
1743496603.757656,-91,14,139
1743496603.792656,-3,8,187
1743496603.828656,-95,-6,85
1743496603.864656,12,-53,75
1743496603.899656,42,-72,169
1743496603.935656,-35,-7,135
1743496603.9706562,-15,66,125
1743496604.005656,36,32,119
1743496604.040656,-29,52,103
1743496604.076656,72,14,165
1743496604.112656,64,22,139
1743496604.147656,-111,0,135
1743496604.183656,-9,-21,137
1743496604.218656,-9,64,193
1743496604.253656,0,-89,129
1743496604.288656,68,14,164
1743496604.324656,4,-37,184
1743496604.360656,-59,-57,50
1743496604.395656,52,12,196
1743496604.431656,-23,-19,90
1743496604.466656,68,36,212
1743496604.501656,4,62,154
1743496604.536656,-9,-25,142
1743496604.5726562,78,-119,32
1743496604.6086562,0,-13,112
1743496604.643656,-55,68,180
1743496604.679656,16,-35,72
1743496604.714656,6,8,126
1743496604.749656,-27,-17,258
1743496604.784656,-9,-3,120
1743496604.820656,52,-27,100
1743496604.856656,-13,0,56
1743496604.8916562,4,-19,136
1743496604.927656,22,-43,214
1743496604.962656,38,-23,148
1743496604.997656,42,-5,156
1743496605.032656,2,-61,208
1743496605.068656,-7,-29,110
1743496605.104656,-45,-11,110
1743496605.139656,-65,32,158
1743496605.175656,18,-45,218
1743496605.2106562,-77,-17,116
1743496605.245656,28,32,60
1743496605.280656,0,12,108
1743496605.316656,6,-61,202
1743496605.352656,44,-23,180
1743496605.387656,26,-19,150
1743496605.423656,30,44,126
1743496605.458656,-5,62,152
1743496605.4936562,-23,-3,124
1743496605.528656,-1,10,54
1743496605.564656,24,58,152
1743496605.600656,52,4,78
1743496605.635656,50,-27,122
1743496605.671656,-19,6,86
1743496605.706656,66,32,142
1743496605.741656,40,-15,158
1743496605.777656,46,12,116
1743496605.8126562,6,-41,90
1743496605.848656,30,16,110
1743496605.883656,-55,-95,192
1743496605.919656,32,-65,102
1743496605.954656,6,70,82
1743496605.989656,84,-23,148
1743496606.025656,6,-7,78
1743496606.060656,20,-27,192
1743496606.096656,126,-83,180
1743496606.1316562,68,-49,120
1743496606.167656,26,28,166
1743496606.202656,46,72,238
1743496606.237656,38,128,168
1743496606.273656,-19,-11,242
1743496606.308656,-55,38,136
1743496606.344656,-1,-27,79
1743496606.379656,24,-9,149
1743496606.415656,-33,28,193
1743496606.450656,60,-25,161
1743496606.485656,-27,-23,149
1743496606.521656,-21,-73,161
1743496606.556656,2,4,69
1743496606.592656,-19,-13,147
1743496606.627656,64,-21,99
1743496606.663656,54,14,129
1743496606.698656,-61,-17,217
1743496606.7336562,20,12,3
1743496606.769656,-5,34,107
1743496606.804656,20,64,129
1743496606.840656,-43,26,125
1743496606.875656,48,34,3
1743496606.911656,32,22,129
1743496606.946656,16,99,67
1743496606.981656,-9,-13,71
1743496607.017656,-3,61,115
1743496607.052656,-95,-48,163
1743496607.088656,-79,-57,123
1743496607.123656,122,62,201
1743496607.159656,34,-23,154
1743496607.194656,88,-15,156
1743496607.229656,-25,-29,58
1743496607.265656,-67,30,118
1743496607.300656,-65,6,92
1743496607.336656,14,-45,90
1743496607.371656,-21,-37,226
1743496607.407656,-27,-51,83
1743496607.442656,8,50,81
1743496607.477656,116,-11,124
1743496607.513656,66,-83,148
1743496607.548656,-21,62,-41
1743496607.584656,-59,-59,246
1743496607.619656,12,26,108
1743496607.655656,-47,66,98
1743496607.690656,-33,34,56
1743496607.725656,14,22,172
1743496607.761656,-9,32,144
1743496607.796656,52,-11,178
1743496607.832656,-33,-3,220
1743496607.867656,-25,-35,100
1743496607.903656,-17,30,192
1743496607.938656,-39,8,164
1743496607.973656,-39,-37,182
1743496608.009656,-11,-11,172
1743496608.044656,40,30,120
1743496608.080656,2,8,122
1743496608.115656,48,14,86
1743496608.1516562,-23,-1,178
1743496608.186656,10,-25,136
1743496608.221656,62,54,50
1743496608.257656,92,28,100
1743496608.292656,6,-25,240
1743496608.328656,-23,-15,154
1743496608.363656,-1,92,112
1743496608.399656,-59,-13,232
1743496608.434656,-1,-59,110
1743496608.469656,-37,16,154
1743496608.505656,42,54,116
1743496608.540656,10,-63,24
1743496608.576656,-35,-73,148
1743496608.611656,10,48,-1
1743496608.647656,-51,32,-15
1743496608.682656,-21,-9,212
1743496608.717656,-27,4,296
1743496608.753656,-9,18,130
1743496608.788656,68,-19,60
1743496608.824656,-29,28,104
1743496608.859656,16,-3,254
1743496608.895656,-57,-11,184
1743496608.930656,54,-35,154
1743496608.965656,-3,-27,120
1743496609.001656,-99,12,202
1743496609.036656,-11,-36,158
1743496609.0726562,10,-76,292
1743496609.107656,-11,47,310
1743496609.143656,-101,-2,148
1743496609.179656,22,-4,166
1743496609.215656,-57,-76,152
1743496609.251656,48,17,194
1743496609.287656,54,-6,234
1743496609.323656,20,-34,164
1743496609.359656,-39,23,112
1743496609.395656,-41,9,118
1743496609.430656,-33,-90,142
1743496609.465656,-35,47,120
1743496609.501656,-5,-8,70
1743496609.537656,-69,-46,100
1743496609.5726562,42,-36,54
1743496609.6086562,20,-30,106
1743496609.643656,6,-16,130
1743496609.678656,-31,-8,142
1743496609.713656,-103,3,170
1743496609.749656,2,-58,34
1743496609.785656,-37,61,204
1743496609.820656,-95,29,62
1743496609.856656,-25,45,104
1743496609.8916562,24,40,124
1743496609.926656,-27,-7,132
1743496609.961656,-13,10,72
1743496609.997656,52,-17,164
1743496610.033656,-1,20,106
1743496610.068656,-7,4,182
1743496610.104656,-35,-44,92
1743496610.139656,-11,33,110
1743496610.1746562,-5,18,90
1743496610.209656,-13,48,98
1743496610.245656,34,-43,172
1743496610.281656,-75,40,140
1743496610.316656,8,-59,58
1743496610.352656,20,54,106
1743496610.387656,46,-15,172
1743496610.422656,-7,-17,134
1743496610.457656,58,42,131
1743496610.4936562,-5,10,121
1743496610.5296562,-29,-27,81
1743496610.564656,-17,44,167
1743496610.600656,-39,-17,157
1743496610.635656,-45,16,127
1743496610.670656,22,70,175
1743496610.705656,-15,-31,145
1743496610.741656,38,-33,295
1743496610.777656,-29,26,101
1743496610.8126562,0,-9,257
1743496610.848656,-23,16,71
1743496610.883656,6,-11,177
1743496610.918656,10,8,161
1743496610.953656,40,124,197
1743496610.989656,-43,34,235
1743496611.025656,-3,12,123
1743496611.060656,-37,-57,57
1743496611.096656,24,74,131
1743496611.1316562,-3,-32,245
1743496611.166656,76,9,87
1743496611.201656,-77,-31,107
1743496611.237656,40,64,179
1743496611.273656,-43,-5,103
1743496611.308656,70,-41,205
1743496611.344656,4,-1,45
1743496611.379656,-23,-57,135
1743496611.4146562,40,42,207
1743496611.449656,-7,-17,27
1743496611.485656,8,-101,189
1743496611.521656,-45,38,141
1743496611.556656,4,14,147
1743496611.592656,-25,-53,53
1743496611.627656,-17,-29,151
1743496611.662656,-23,26,97
1743496611.6976562,-7,86,-6
1743496611.7336562,-23,-13,159
1743496611.769656,52,-5,124
1743496611.804656,2,-7,22
1743496611.840656,44,-59,144
1743496611.875656,-49,52,80
1743496611.910656,-51,10,130
1743496611.945656,-71,19,50
1743496611.981656,-11,82,52
1743496612.017656,28,54,164
1743496612.052656,-49,-10,246
1743496612.088656,12,-10,126
1743496612.123656,76,15,212
1743496612.158656,36,4,100
1743496612.201656,-37,-25,198
1743496612.237656,70,-103,-95
1743496612.273656,68,-19,170
1743496612.308656,-37,37,160
1743496612.344656,70,-2,228
1743496612.379656,-39,61,114
1743496612.4146562,8,-27,144
1743496612.449656,42,58,244
1743496612.485656,6,65,152
1743496612.521656,14,-31,132
1743496612.556656,-9,89,0
1743496612.592656,-95,-44,98
1743496612.627656,30,37,192
1743496612.662656,-7,-16,130
1743496612.6976562,-9,-25,146
1743496612.7336562,26,-1,172
1743496612.769656,126,-15,112
1743496612.804656,-25,-25,216
1743496612.840656,-77,-97,202
1743496612.875656,-33,-33,190
1743496612.910656,-35,-1,150
1743496612.945656,88,56,276
1743496612.981656,-17,0,90
1743496613.017656,88,73,176
1743496613.052656,16,-2,222
1743496613.088656,-13,3,100
1743496613.123656,36,9,206
1743496613.158656,80,11,140
1743496613.193656,40,25,254
1743496613.229656,-21,7,140
1743496613.265656,-17,0,224
1743496613.300656,24,-18,90
1743496613.336656,-59,-74,90
1743496613.371656,14,-60,108
1743496613.406656,26,-70,62
1743496613.441656,90,-14,176
1743496613.477656,-19,-18,124
1743496613.513656,8,13,182
1743496613.548656,41,-75,-12
1743496613.584656,-35,-14,115
1743496613.619656,62,-11,105
1743496613.6546562,-18,76,239
1743496613.689656,21,-107,133
1743496613.725656,6,128,93
1743496613.761656,9,-5,207
1743496613.796656,35,-7,209
1743496613.832656,41,33,183
1743496613.867656,-4,-2,43
1743496613.902656,-13,82,51
1743496613.938656,-78,-23,61
1743496613.973656,-101,-21,137
1743496614.009656,-59,66,9
1743496614.044656,12,54,185
1743496614.080656,-87,24,107
1743496614.115656,-29,68,115
1743496614.150656,-43,-21,189
1743496614.185656,34,-7,181
1743496614.221656,44,16,215
1743496614.257656,2,-65,225
1743496614.292656,8,-5,115
1743496614.328656,-139,-67,145
1743496614.363656,-57,18,163
1743496614.398656,-41,4,105
1743496614.433656,28,26,105
1743496614.469656,24,-31,133
1743496614.505656,76,-51,81
1743496614.540656,-11,-43,215
1743496614.576656,-5,-17,121
1743496614.611656,8,32,109
1743496614.646656,30,-35,127
1743496614.681656,46,26,97
1743496614.717656,-57,-1,80
1743496614.753656,2,18,191
1743496614.788656,-45,36,187
1743496614.824656,-27,-3,127
1743496614.859656,38,-61,39
1743496614.894656,-41,-35,57
1743496614.929656,28,-33,39
1743496614.965656,-23,60,157
1743496615.001656,-71,24,174
1743496615.036656,16,2,0
1743496615.0726562,-13,-43,166
1743496615.107656,-47,46,150
1743496615.142656,-7,-47,190
1743496615.177656,18,18,104
1743496615.213656,-45,44,208
1743496615.249656,22,20,42
1743496615.284656,-5,-3,184
1743496615.320656,20,-57,102
1743496615.355656,-99,-5,230
1743496615.390656,-1,94,70
1743496615.426656,62,-41,140
1743496615.461656,-55,-51,156
1743496615.497656,2,-49,168
1743496615.532656,38,-5,180
1743496615.568656,44,76,186
1743496615.603656,34,-59,132
1743496615.638656,-61,16,110
1743496615.6746562,10,32,98
1743496615.709656,18,10,200
1743496615.745656,48,-57,192
1743496615.780656,-75,34,130
1743496615.816656,26,18,88
1743496615.851656,-33,64,68
1743496615.886656,120,-71,64
1743496615.922656,40,-29,184
1743496615.957656,-12,120,60
1743496615.9936562,37,-21,22
1743496616.028656,-58,58,38
1743496616.064656,-17,6,30
1743496616.099656,12,-31,184
1743496616.134656,54,-29,122
1743496616.170656,40,16,126
1743496616.205656,33,-5,190
1743496616.241656,7,-29,200
1743496616.2766562,-6,-19,128
1743496616.3126562,-63,-69,148
1743496616.347656,-53,-23,82
1743496616.382656,12,-59,174
1743496616.418656,7,48,18
1743496616.453656,19,11,158
1743496616.489656,-26,-24,232
1743496616.524656,-18,-40,54
1743496616.560656,-18,-23,134
1743496616.5956562,-78,4,100
1743496616.630656,-26,-5,106
1743496616.666656,-16,9,176
1743496616.701656,39,26,106
1743496616.737656,59,-88,96
1743496616.772656,-16,-16,138
1743496616.808656,-38,-74,234
1743496616.843656,71,59,42
1743496616.878656,-26,-16,66
1743496616.9146562,43,-35,18
1743496616.949656,-22,-39,134
1743496616.985656,-28,24,176
1743496617.020656,9,58,88
1743496617.056656,51,23,182
1743496617.091656,-2,-52,130
1743496617.126656,-56,-35,178
1743496617.162656,19,42,130
1743496617.1976562,0,10,154
1743496617.2336562,69,51,100
1743496617.268656,-46,18,106
1743496617.304656,-2,34,86
1743496617.339656,-74,-76,144
1743496617.374656,-18,-24,240
1743496617.410656,-48,21,68
1743496617.445656,-8,59,50
1743496617.481656,-72,-56,223
1743496617.5166562,-30,33,76
1743496617.552656,-24,-52,189
1743496617.587656,15,7,233
1743496617.622656,-26,9,187
1743496617.658656,5,37,111
1743496617.693656,-42,-41,171
1743496617.729656,-34,53,49
1743496617.764656,-42,47,137
1743496617.800656,59,-72,289
1743496617.8356562,-52,-50,67
1743496617.870656,-26,37,91
1743496617.906656,21,-4,111
1743496617.941656,-2,39,71
1743496617.977656,1,37,169
1743496618.012656,25,-34,159
1743496618.048656,-2,-86,45
1743496618.083656,45,-6,165
1743496618.1186562,25,-40,113
1743496618.1546562,119,9,121
1743496618.189656,0,-14,45
1743496618.225656,35,-2,171
1743496618.260656,-4,79,167
1743496618.296656,0,43,255
1743496618.331656,21,-8,267
1743496618.366656,9,13,157
1743496618.402656,-14,13,131
1743496618.4376562,97,-14,263
1743496618.473656,-22,9,191
1743496618.508656,-42,-31,257
1743496618.544656,-64,-13,217
1743496618.579656,-56,19,185
1743496618.614656,-4,7,91
1743496618.650656,15,-2,231
1743496618.685656,49,102,159
1743496618.721656,87,9,179
1743496618.7566562,17,25,113
1743496618.791656,-58,23,159
1743496618.826656,3,-34,203
1743496618.862656,-20,28,177
1743496618.898656,3,16,143
1743496618.933656,21,-5,129
1743496618.969656,21,82,17
1743496619.004656,-14,22,145
1743496619.0396562,83,44,133
1743496619.074656,-16,26,231
1743496619.110656,3,34,119
1743496619.146656,0,20,115
1743496619.181656,-32,54,305
1743496619.217656,-10,14,143
1743496619.252656,1,-59,323
1743496619.287656,-80,72,271
1743496619.3226562,-44,30,81
1743496619.3586562,11,6,129
1743496619.394656,-2,-3,195
1743496619.429656,1,-1,309
1743496619.465656,-50,64,53
1743496619.500656,9,-27,113
1743496619.535656,-20,-27,177
1743496619.570656,11,20,197
1743496619.606656,37,8,87
1743496619.642656,35,14,93
1743496619.677656,37,56,135
1743496619.713656,-98,54,219
1743496619.748656,25,-37,109
1743496619.783656,-2,-5,241
1743496619.818656,-14,36,7
1743496619.854656,49,22,103
1743496619.890656,-90,66,261
1743496619.925656,59,24,235
1743496619.961656,-26,-43,139
1743496619.996656,-44,30,177
1743496620.031656,-58,0,223
1743496620.066656,5,-42,169
1743496620.102656,27,-42,205
1743496620.138656,21,56,61
1743496620.173656,-24,43,143
1743496620.209656,17,27,127
1743496620.244656,15,23,101
1743496620.2796562,-70,-68,201
1743496620.314656,0,41,127
1743496620.350656,13,52,113
1743496620.386656,3,-35,207
1743496620.421656,71,-25,133
1743496620.457656,-18,-19,65
1743496620.492656,49,14,145
1743496620.527656,-35,18,141
1743496620.5626562,29,10,147
1743496620.598656,27,-33,171
1743496620.634656,-50,-8,163
1743496620.669656,55,-13,249
1743496620.705656,-46,16,73
1743496620.740656,-12,-34,141
1743496620.775656,-2,25,143
1743496620.810656,59,-8,139
1743496620.846656,7,-7,71
1743496620.882656,25,30,223
1743496620.917656,-23,61,143
1743496620.953656,-6,29,135
1743496620.988656,-62,9,195
1743496621.023656,3,9,227
1743496621.058656,-30,11,97
1743496621.094656,-90,-64,99
1743496621.130656,-112,-52,45
1743496621.165656,9,18,93
1743496621.201656,-26,0,193
1743496621.236656,23,84,81
1743496621.271656,23,-17,79
1743496621.306656,39,4,211
1743496621.342656,39,-27,-2
1743496621.378656,-66,-51,173
1743496621.413656,1,10,97
1743496621.449656,23,-45,179
1743496621.484656,-28,10,19
1743496621.519656,-70,30,197
1743496621.554656,-36,14,135
1743496621.590656,21,-55,143
1743496621.626656,-32,-21,49
1743496621.661656,63,24,147
1743496621.6976562,-22,68,105
1743496621.732656,-60,-103,23
1743496621.767656,-34,50,263
1743496621.802656,-24,-45,103
1743496621.838656,17,-33,53
1743496621.874656,-22,4,167
1743496621.909656,-6,28,81
1743496621.945656,15,-39,175
1743496621.980656,19,32,199
1743496622.015656,37,24,121
1743496622.050656,-2,16,81
1743496622.086656,-18,6,265
1743496622.122656,-16,0,141
1743496622.157656,-52,4,139
1743496622.193656,19,14,115
1743496622.235656,15,-5,143
1743496622.271656,37,10,227
1743496622.306656,-6,-9,139
1743496622.342656,-26,38,49
1743496622.378656,43,-35,113
1743496622.413656,-4,36,129
1743496622.449656,-26,-47,121
1743496622.484656,13,-7,143
1743496622.519656,-18,-31,81
1743496622.554656,49,-1,69
1743496622.590656,1,-67,55
1743496622.626656,-14,-1,225
1743496622.661656,9,32,137
1743496622.6976562,-24,12,157
1743496622.732656,-37,15,155
1743496622.767656,72,24,229
1743496622.802656,14,-1,74
1743496622.838656,12,49,222
1743496622.874656,46,25,12
1743496622.909656,-73,-44,140
1743496622.945656,46,43,104
1743496622.980656,52,21,116
1743496623.015656,50,53,84
1743496623.050656,70,29,202
1743496623.086656,36,-22,182
1743496623.122656,4,-30,30
1743496623.157656,8,-28,110
1743496623.193656,42,-16,134
1743496623.228656,-83,23,152
1743496623.263656,-15,19,96
1743496623.298656,-7,23,132
1743496623.334656,17,43,32
1743496623.370656,66,27,-1
1743496623.405656,50,-44,128
1743496623.441656,-14,-34,194
1743496623.476656,24,-96,72
1743496623.511656,-5,-22,-35
1743496623.546656,0,-16,206
1743496623.582656,-41,23,-23
1743496623.6186562,10,-34,122
1743496623.653656,-7,43,200
1743496623.689656,24,-4,162
1743496623.724656,20,-2,130
1743496623.759656,-49,-2,88
1743496623.794656,-47,5,94
1743496623.830656,-43,17,152
1743496623.866656,48,-8,42
1743496623.9016562,-61,0,192
1743496623.9376562,-21,63,172
1743496623.972656,30,11,56
1743496624.007656,14,6,91
1743496624.042656,-25,24,268
1743496624.078656,-19,-47,144
1743496624.114656,-49,50,174
1743496624.149656,44,-51,160
1743496624.185656,26,20,170
1743496624.2206562,-49,-11,122
1743496624.255656,-31,-51,124
1743496624.290656,-7,-49,240
1743496624.326656,28,18,158
1743496624.362656,48,58,12
1743496624.397656,70,-34,140
1743496624.433656,-37,-59,118
1743496624.468656,-15,62,6
1743496624.503656,-79,-22,52
1743496624.538656,-55,33,58
1743496624.574656,-21,-10,70
1743496624.610656,-15,-22,178
1743496624.645656,-59,41,104
1743496624.681656,6,79,46
1743496624.716656,-1,25,108
1743496624.751656,34,-30,182
1743496624.787656,20,-40,75
1743496624.8226562,-33,-73,187
1743496624.8586562,-51,-17,167
1743496624.893656,42,-1,167
1743496624.929656,-65,14,55
1743496624.964656,4,24,151
1743496624.999656,6,-7,265
1743496625.035656,-35,-27,119
1743496625.070656,-41,-7,147
1743496625.106656,-33,28,87
1743496625.1416562,16,-35,95
1743496625.177656,27,36,179
1743496625.212656,-56,58,119
1743496625.247656,-44,-93,91
1743496625.283656,-40,-3,141
1743496625.318656,15,38,183
1743496625.354656,-12,-39,-2
1743496625.389656,-17,-7,79
1743496625.425656,-51,-11,157
1743496625.4606562,96,44,91
1743496625.495656,6,0,231
1743496625.531656,64,-15,77
1743496625.566656,-33,2,123
1743496625.602656,-39,80,87
1743496625.637656,-15,78,63
1743496625.673656,180,-49,187
1743496625.708656,-9,-31,153
1743496625.7436562,-51,-41,-18
1743496625.7796562,42,-109,113
1743496625.814656,48,-3,129
1743496625.850656,-23,60,163
1743496625.885656,-91,-11,275
1743496625.921656,32,-55,167
1743496625.956656,36,-11,259
1743496625.991656,44,6,221
1743496626.027656,4,0,159
1743496626.0626562,-31,-51,99
1743496626.098656,-7,-35,175
1743496626.133656,-43,-75,155
1743496626.169656,-13,-31,247
1743496626.204656,-11,74,95
1743496626.239656,28,-37,77
1743496626.275656,0,22,215
1743496626.310656,42,-15,53
1743496626.346656,-7,-11,159
1743496626.3816562,46,46,191
1743496626.417656,-109,34,103
1743496626.452656,64,-5,81
1743496626.487656,32,-37,183
1743496626.523656,0,-19,141
1743496626.558656,-13,-15,81
1743496626.594656,-47,22,67
1743496626.629656,-31,36,15
1743496626.665656,44,-37,95
1743496626.700656,-17,-1,23
1743496626.735656,-37,-79,187
1743496626.771656,32,-75,233
1743496626.806656,-43,-37,109
1743496626.842656,34,56,225
1743496626.877656,-15,-5,169
1743496626.913656,98,-47,147
1743496626.948656,40,-5,141
1743496626.9836562,30,-37,159
1743496627.019656,4,24,-8
1743496627.054656,-75,56,121
1743496627.090656,-3,-39,191
1743496627.125656,-7,31,173
1743496627.161656,-43,34,221
1743496627.196656,44,-25,87
1743496627.231656,32,80,107
1743496627.267656,30,34,113
1743496627.302656,8,-54,53
1743496627.338656,-15,16,241
1743496627.373656,-9,-15,215
1743496627.409656,-19,-30,179
1743496627.444656,-5,-18,83
1743496627.479656,36,-33,129
1743496627.515656,-9,47,247
1743496627.550656,-15,-23,149
1743496627.586656,27,14,69
1743496627.621656,9,-9,239
1743496627.657656,-23,88,145
1743496627.692656,-7,-1,159
1743496627.727656,38,24,209
1743496627.763656,26,-100,133
1743496627.798656,-31,61,179
1743496627.834656,68,48,110
1743496627.869656,-63,14,178
1743496627.905656,-13,6,198
1743496627.940656,2,62,212
1743496627.975656,-101,10,168
1743496628.011656,-43,6,182
1743496628.046656,-109,16,94
1743496628.082656,0,-1,136
1743496628.117656,32,-25,124
1743496628.153656,24,98,228
1743496628.188656,-37,-49,158
1743496628.223656,-39,-7,218
1743496628.259656,-29,-25,128
1743496628.294656,-21,14,122
1743496628.330656,-87,34,180
1743496628.365656,92,38,26
1743496628.400656,-43,-59,86
1743496628.435656,-69,-33,84
1743496628.471656,2,-37,210
1743496628.507656,-23,16,222
1743496628.542656,46,14,36
1743496628.578656,14,-85,128
1743496628.613656,0,-57,184
1743496628.648656,29,-63,192
1743496628.683656,9,3,290
1743496628.719656,-114,-56,50
1743496628.755656,-20,29,194
1743496628.790656,-4,26,224
1743496628.826656,-10,48,100
1743496628.861656,-4,86,216
1743496628.896656,11,-13,72
1743496628.931656,-64,-25,50
1743496628.967656,0,66,256
1743496629.003656,-16,-9,184
1743496629.038656,39,14,90
1743496629.074656,-36,38,194
1743496629.109656,-40,20,106
1743496629.144656,19,-39,166
1743496629.179656,97,-7,94
1743496629.215656,9,26,224
1743496629.251656,71,20,100
1743496629.286656,-4,32,36
1743496629.3226562,49,20,199
1743496629.357656,-20,36,79
1743496629.392656,59,18,105
1743496629.427656,-10,-37,109
1743496629.463656,35,-43,155
1743496629.499656,65,60,93
1743496629.534656,-34,-15,117
1743496629.570656,15,38,163
1743496629.605656,-100,-65,143
1743496629.640656,-70,22,75
1743496629.675656,-84,22,157
1743496629.711656,-22,26,119
1743496629.747656,1,-62,193
1743496629.782656,-38,-17,153
1743496629.818656,13,78,43
1743496629.853656,45,-16,141
1743496629.888656,9,-60,39
1743496629.923656,-36,30,193
1743496629.959656,5,0,99
1743496629.995656,-22,78,89
1743496630.030656,1,-2,123
1743496630.066656,-48,27,255
1743496630.101656,49,21,195
1743496630.136656,5,-56,17
1743496630.171656,3,-6,207
1743496630.207656,67,-16,161
1743496630.2436562,-78,109,191
1743496630.278656,-24,27,53
1743496630.314656,31,24,115
1743496630.349656,-32,23,141
1743496630.384656,-41,6,79
1743496630.419656,12,-125,205
1743496630.455656,-29,62,83
1743496630.491656,4,28,41
1743496630.5266562,72,14,183
1743496630.5626562,38,50,55
1743496630.597656,42,64,219
1743496630.632656,-7,-45,247
1743496630.667656,-5,26,247
1743496630.703656,44,-57,97
1743496630.739656,42,-29,97
1743496630.774656,50,-9,73
1743496630.810656,-28,44,219
1743496630.8456562,-14,50,83
1743496630.880656,-32,12,109
1743496630.915656,58,48,79
1743496630.951656,-48,14,189
1743496630.987656,8,94,113
1743496631.022656,28,-57,171
1743496631.058656,30,-27,125
1743496631.093656,-3,-1,0
1743496631.128656,-49,-39,203
1743496631.163656,-51,-79,241
1743496631.199656,-37,2,117
1743496631.235656,-3,-39,89
1743496631.270656,68,10,67
1743496631.306656,56,-65,135
1743496631.341656,-63,22,51
1743496631.376656,16,84,187
1743496631.411656,-21,-49,88
1743496631.4476562,30,-29,194
1743496631.4836562,30,56,208
1743496631.518656,86,40,180
1743496631.554656,-23,40,156
1743496631.589656,0,-9,322
1743496631.624656,86,62,208
1743496631.659656,14,-13,140
1743496631.695656,-11,-9,226
1743496631.731656,18,42,176
1743496631.7666562,52,-11,88
1743496631.802656,-1,-19,90
1743496631.837656,80,6,84
1743496631.872656,52,-89,178
1743496631.907656,-31,-41,122
1743496631.943656,2,2,82
1743496631.979656,52,0,250
1743496632.014656,88,18,144
1743496632.050656,98,-1,114
1743496632.0856562,44,80,68
1743496632.120656,16,10,146
1743496632.155656,34,-37,112
1743496632.191656,24,46,68
1743496632.227656,32,84,230
1743496632.269656,-37,-5,150
1743496632.306656,40,-39,236
1743496632.341656,20,20,36
1743496632.376656,-23,-17,178
1743496632.411656,-11,52,118
1743496632.4476562,-17,-59,162
1743496632.4836562,14,-9,80
1743496632.518656,-19,70,80
1743496632.554656,-39,34,242
1743496632.589656,36,-17,16
1743496632.624656,46,-11,56
1743496632.659656,54,-116,188
1743496632.695656,-13,-25,218
1743496632.731656,-47,32,156
1743496632.7666562,82,-15,214
1743496632.802656,62,-91,136
1743496632.837656,-33,-17,136
1743496632.872656,16,23,102
1743496632.907656,-7,12,118
1743496632.943656,-35,24,112
1743496632.979656,-33,-29,66
1743496633.014656,88,14,120
1743496633.050656,26,-31,156
1743496633.0856562,-3,12,140
1743496633.120656,12,-59,350
1743496633.155656,-15,2,76
1743496633.191656,-65,64,144
1743496633.227656,72,-75,104
1743496633.262656,30,0,230
1743496633.298656,20,-19,186
1743496633.333656,34,25,200
1743496633.3686562,42,-38,42
1743496633.403656,-7,-14,166
1743496633.439656,-19,21,154
1743496633.475656,2,45,242
1743496633.510656,-29,-4,144
1743496633.546656,-73,-41,132
1743496633.581656,4,-5,194
1743496633.616656,-63,2,152
1743496633.6516562,-53,-19,184
1743496633.6876562,16,-19,218
1743496633.723656,4,40,-25
1743496633.758656,-23,-13,180
1743496633.794656,28,70,360
1743496633.829656,-33,0,66
1743496633.864656,56,42,120
1743496633.899656,-41,-37,226
1743496633.935656,-121,0,244
1743496633.971656,60,68,260
1743496634.0066562,32,-27,178
1743496634.042656,-27,-11,42
1743496634.077656,68,-75,78
1743496634.112656,-37,22,127
1743496634.147656,4,-33,95
1743496634.183656,-49,-37,255
1743496634.219656,16,6,69
1743496634.254656,-17,-33,111
1743496634.290656,46,16,71
1743496634.325656,-5,6,105
1743496634.360656,-19,-85,155
1743496634.396656,10,12,133
1743496634.431656,56,-59,63
1743496634.467656,-41,-53,155
1743496634.502656,8,-17,125
1743496634.538656,-45,36,83
1743496634.573656,82,-13,237
1743496634.6086562,8,18,177
1743496634.644656,-7,2,95
1743496634.679656,16,-19,-6
1743496634.715656,50,-3,115
1743496634.750656,-25,-29,79
1743496634.786656,8,14,135
1743496634.821656,-79,-7,49
1743496634.856656,-35,50,109
1743496634.892656,30,-47,303
1743496634.927656,-15,28,-24
1743496634.963656,-3,16,57
1743496634.998656,-45,58,169
1743496635.034656,-1,-5,113
1743496635.069656,6,42,139
1743496635.104656,-95,4,239
1743496635.140656,-25,38,137
1743496635.175656,10,20,207
1743496635.211656,-41,26,161
1743496635.246656,-7,-21,135
1743496635.282656,20,12,173
1743496635.317656,38,16,79
1743496635.352656,-43,20,229
1743496635.388656,-59,40,101
1743496635.423656,-19,-25,137
1743496635.459656,96,28,221
1743496635.494656,28,-25,127
1743496635.530656,56,34,197
1743496635.565656,-1,-71,-116
1743496635.600656,26,74,139
1743496635.636656,72,46,165
1743496635.671656,-23,-19,97
1743496635.707656,-97,-29,231
1743496635.742656,-31,10,162
1743496635.778656,0,-19,180
1743496635.813656,-35,-3,246
1743496635.848656,18,10,206
1743496635.884656,-29,80,176
1743496635.919656,-13,10,80
1743496635.955656,30,2,68
1743496635.990656,16,-35,170
1743496636.0266562,60,-25,266
1743496636.061656,-35,-13,78
1743496636.096656,72,22,190
1743496636.132656,26,-33,130
1743496636.167656,54,-38,28
1743496636.203656,62,-43,96
1743496636.238656,34,-53,70
1743496636.274656,39,34,264
1743496636.309656,26,18,225
1743496636.344656,-15,16,243
1743496636.380656,8,6,41
1743496636.415656,48,12,107
1743496636.451656,52,-41,163
1743496636.486656,18,32,95
1743496636.522656,-25,0,81
1743496636.557656,-53,32,3
1743496636.592656,-25,-51,-14
1743496636.628656,2,32,149
1743496636.663656,-33,-39,171
1743496636.699656,-49,-11,157
1743496636.734656,-69,54,83
1743496636.770656,10,-49,237
1743496636.805656,2,-11,41
1743496636.840656,14,-13,151
1743496636.876656,-53,12,103
1743496636.911656,0,-51,95
1743496636.9476562,0,-29,123
1743496636.982656,66,22,191
1743496637.018656,-17,-3,263
1743496637.054656,14,-37,189
1743496637.090656,64,-23,81
1743496637.125656,-21,42,97
1743496637.160656,-17,-25,35
1743496637.196656,-53,-33,151
1743496637.231656,-39,6,207
1743496637.267656,106,-37,91
1743496637.302656,-7,30,99
1743496637.338656,4,-41,239
1743496637.373656,0,-55,187
1743496637.408656,-3,-19,54
1743496637.444656,20,-13,117
1743496637.479656,26,72,123
1743496637.515656,-47,-3,199
1743496637.550656,10,0,219
1743496637.586656,8,66,115
1743496637.621656,38,26,289
1743496637.656656,10,-13,143
1743496637.692656,-23,12,-24
1743496637.727656,-35,-41,86
1743496637.763656,62,-6,149
1743496637.798656,38,-18,137
1743496637.834656,-65,-10,229
1743496637.870656,-23,-51,214
1743496637.905656,-49,-23,128
1743496637.940656,-43,-17,160
1743496637.976656,-11,20,174
1743496638.012656,-49,8,112
1743496638.047656,-15,-1,10
1743496638.083656,46,50,86
1743496638.1186562,4,-5,128
1743496638.153656,-81,-11,148
1743496638.188656,36,-39,48
1743496638.224656,18,8,194
1743496638.260656,27,26,126
1743496638.295656,14,-19,12
1743496638.331656,69,-15,284
1743496638.366656,-14,52,160
1743496638.4016562,-69,-37,194
1743496638.436656,-21,52,72
1743496638.472656,31,-17,178
1743496638.508656,21,-7,68
1743496638.543656,28,44,104
1743496638.579656,6,-39,32
1743496638.614656,16,-21,224
1743496638.649656,-27,-105,144
1743496638.684656,-49,-59,174
1743496638.7206562,-41,-35,108
1743496638.7566562,-21,-64,156
1743496638.791656,42,-38,126
1743496638.827656,82,-50,220
1743496638.862656,8,41,210
1743496638.897656,-45,-37,130
1743496638.932656,-23,-7,158
1743496638.968656,68,-39,278
1743496639.004656,36,3,176
1743496639.0396562,-53,-68,168
1743496639.075656,-41,-8,82
1743496639.110656,-11,-5,72
1743496639.145656,-51,34,82
1743496639.180656,0,38,42
1743496639.216656,-27,-31,270
1743496639.252656,-75,-21,198
1743496639.287656,20,2,-47
1743496639.323656,52,-31,84
1743496639.3586562,32,20,120
1743496639.393656,16,20,94
1743496639.428656,14,-37,12
1743496639.464656,18,-37,180
1743496639.500656,4,68,22
1743496639.535656,6,-25,23
1743496639.571656,0,-27,193
1743496639.606656,-23,-5,201
1743496639.6416562,50,18,129
1743496639.676656,68,-27,141
1743496639.712656,-57,4,95
1743496639.748656,-51,-39,9
1743496639.783656,-51,22,37
1743496639.819656,42,22,181
1743496639.854656,-37,20,-36
1743496639.889656,1,-47,139
1743496639.9246562,23,42,-42
1743496639.9606562,41,32,167
1743496639.996656,-56,32,57
1743496640.031656,-24,12,153
1743496640.067656,13,-61,151
1743496640.102656,27,40,143
1743496640.137656,5,52,143
1743496640.172656,-50,-85,163
1743496640.208656,-16,16,75
1743496640.244656,-28,31,49
1743496640.2796562,45,-109,125
1743496640.315656,-14,20,81
1743496640.350656,0,102,305
1743496640.385656,-112,6,81
1743496640.420656,25,24,195
1743496640.456656,-100,-75,233
1743496640.492656,-10,-93,51
1743496640.527656,-30,-13,169
1743496640.563656,-104,40,65
1743496640.598656,-32,28,121
1743496640.633656,-24,-79,208
1743496640.668656,-12,30,104
1743496640.704656,-12,34,146
1743496640.740656,-29,-1,66
1743496640.775656,-37,-9,68
1743496640.811656,23,-45,102
1743496640.846656,-52,-63,32
1743496640.8816562,-96,34,220
1743496640.916656,85,22,126
1743496640.952656,35,-45,162
1743496640.988656,5,-5,276
1743496641.023656,11,14,130
1743496641.059656,-46,-15,112
1743496641.094656,-22,34,100
1743496641.129656,-22,-9,210
1743496641.1646562,71,-5,142
1743496641.200656,-108,-59,130
1743496641.236656,113,16,40
1743496641.271656,-44,-1,50
1743496641.307656,29,20,110
1743496641.342656,-36,-75,78
1743496641.377656,21,-19,154
1743496641.412656,-16,46,70
1743496641.448656,-54,62,218
1743496641.484656,49,30,106
1743496641.519656,-26,-13,138
1743496641.555656,-16,-41,120
1743496641.590656,13,18,156
1743496641.625656,33,48,82
1743496641.660656,3,-65,244
1743496641.696656,17,30,56
1743496641.732656,-22,28,48
1743496641.767656,23,44,102
1743496641.803656,-6,24,68
1743496641.838656,45,-21,146
1743496641.873656,-14,-35,182
1743496641.908656,-34,10,138
1743496641.944656,25,63,232
1743496641.980656,53,15,158
1743496642.015656,-28,-56,28
1743496642.051656,15,78,94
1743496642.086656,25,19,154
1743496642.121656,-60,28,130
1743496642.156656,-32,0,154
1743496642.192656,-48,15,84
1743496642.228656,-6,-4,136
1743496642.270656,15,-22,44
1743496642.307656,11,32,84
1743496642.342656,-44,10,108
1743496642.377656,9,44,140
1743496642.412656,55,40,104
1743496642.448656,-42,24,132
1743496642.484656,5,130,0
1743496642.519656,-18,-19,110
1743496642.555656,21,-11,256
1743496642.590656,-68,34,96
1743496642.625656,-6,32,170
1743496642.660656,9,-27,72
1743496642.696656,-50,-5,160
1743496642.732656,15,42,54
1743496642.767656,-26,12,114
1743496642.803656,-14,-85,190
1743496642.838656,99,-59,236
1743496642.873656,-44,-15,128
1743496642.908656,33,24,60
1743496642.944656,-36,70,236
1743496642.980656,-33,36,100
1743496643.015656,-12,-29,88
1743496643.051656,31,-41,68
1743496643.086656,-22,31,84
1743496643.121656,-4,-116,174
1743496643.156656,-36,3,178
1743496643.192656,-28,-4,96
1743496643.228656,5,-16,68
1743496643.263656,-12,31,48
1743496643.2996562,7,55,125
1743496643.334656,-14,32,56
1743496643.369656,39,42,114
1743496643.4046562,57,-13,-14
1743496643.440656,44,4,77
1743496643.476656,-4,0,165
1743496643.511656,127,-25,53
1743496643.547656,19,92,171
1743496643.582656,-65,-19,235
1743496643.617656,-12,14,63
1743496643.652656,103,12,91
1743496643.688656,15,0,155
1743496643.724656,37,-15,221
1743496643.759656,29,-9,179
1743496643.795656,-114,-7,157
1743496643.830656,-52,16,69
1743496643.865656,-22,-85,129
1743496643.9016562,-28,-23,261
1743496643.936656,53,46,153
1743496643.972656,99,48,85
1743496644.007656,-12,6,119
1743496644.043656,37,24,219
1743496644.078656,-12,38,107
1743496644.113656,19,72,45
1743496644.149656,77,48,0
1743496644.184656,-48,14,227
1743496644.2206562,1,-23,55
1743496644.255656,-58,4,175
1743496644.291656,-88,0,85
1743496644.326656,33,24,95
1743496644.361656,11,-49,145
1743496644.397656,-40,0,175
1743496644.432656,-70,-89,109
1743496644.468656,61,0,269
1743496644.503656,-20,23,275
1743496644.5396562,-88,-37,275
1743496644.574656,25,20,49
1743496644.609656,73,-57,83
1743496644.645656,-52,43,49
1743496644.680656,25,-1,151
1743496644.716656,37,44,187
1743496644.751656,42,-11,225
1743496644.787656,10,26,23
1743496644.8226562,-21,34,135
1743496644.857656,-9,8,67
1743496644.893656,-69,-25,185
1743496644.928656,4,-37,111
1743496644.964656,-9,10,21
1743496644.999656,61,-31,219
1743496645.035656,-2,-1,1
1743496645.070656,5,22,96
1743496645.105656,15,46,108
1743496645.1416562,-2,-5,90
1743496645.176656,5,-27,120
1743496645.212656,-30,42,190
1743496645.247656,-34,-25,149
1743496645.283656,27,10,154
1743496645.318656,-108,29,196
1743496645.353656,9,-17,108
1743496645.389656,23,-5,156
1743496645.4246562,-8,56,222
1743496645.4606562,-138,-20,120
1743496645.495656,39,21,134
1743496645.531656,95,63,142
1743496645.566656,-22,-50,282
1743496645.601656,17,-34,130
1743496645.637656,-2,-98,128
1743496645.672656,13,0,64
1743496645.708656,81,3,197
1743496645.7436562,-32,3,122
1743496645.7796562,3,-84,111
1743496645.814656,19,-8,103
1743496645.849656,-22,5,-32
1743496645.885656,65,-62,19
1743496645.920656,29,23,135
1743496645.956656,9,74,3
1743496645.991656,-18,1,109
1743496646.027656,11,0,171
1743496646.0626562,53,32,89
1743496646.097656,45,-53,93
1743496646.133656,14,-23,100
1743496646.168656,-55,12,166
1743496646.204656,32,-7,142
1743496646.239656,30,-29,305
1743496646.275656,-9,-29,135
1743496646.310656,30,-31,109
1743496646.3456562,22,32,113
1743496646.3816562,-15,-9,65
1743496646.416656,-61,61,107
1743496646.452656,12,29,83
1743496646.487656,-49,9,103
1743496646.523656,-45,-52,89
1743496646.558656,18,-40,67
1743496646.593656,-3,4,43
1743496646.629656,-19,38,169
1743496646.6646562,12,20,55
1743496646.700656,-13,16,107
1743496646.735656,12,-13,-24
1743496646.771656,-3,-53,111
1743496646.806656,2,22,225
1743496646.841656,20,-21,217
1743496646.877656,50,-1,47
1743496646.912656,46,24,203
1743496646.948656,78,24,71
1743496646.9836562,18,24,145
1743496647.019656,12,20,185
1743496647.054656,58,-5,59
1743496647.089656,-19,-1,181
1743496647.125656,4,-52,209
1743496647.160656,28,-30,183
1743496647.196656,-21,6,-30
1743496647.231656,2,-31,101
1743496647.267656,-31,-1,129
1743496647.303656,-27,16,73
1743496647.339656,58,-23,127
1743496647.375656,46,-35,197
1743496647.410656,-55,-17,151
1743496647.445656,4,8,183
1743496647.481656,-9,14,115
1743496647.517656,-25,14,111
1743496647.552656,2,-3,156
1743496647.588656,50,70,252
1743496647.623656,24,100,100
1743496647.658656,-35,-7,124
1743496647.693656,-15,36,90
1743496647.729656,8,-35,100
1743496647.765656,9,-33,170
1743496647.800656,20,-5,84
1743496647.836656,56,-53,118
1743496647.871656,54,4,124
1743496647.906656,6,-75,178
1743496647.941656,-7,16,72
1743496647.977656,44,-15,112
1743496648.013656,-77,-61,128
1743496648.048656,-70,-25,210
1743496648.084656,8,-9,102
1743496648.119656,-124,-21,90
1743496648.1546562,5,-11,130
1743496648.189656,-26,18,72
1743496648.225656,38,-31,142
1743496648.261656,-10,-3,158
1743496648.296656,-20,74,118
1743496648.332656,-59,-33,182
1743496648.367656,97,-17,138
1743496648.402656,2,-3,278
1743496648.4376562,-15,11,166
1743496648.473656,38,26,142
1743496648.509656,-15,16,126
1743496648.544656,-117,-57,78
1743496648.580656,46,-45,70
1743496648.615656,0,-43,134
1743496648.650656,55,36,198
1743496648.685656,-32,10,32
1743496648.721656,5,34,114
1743496648.757656,73,-21,178
1743496648.792656,-40,40,120
1743496648.828656,27,8,122
1743496648.863656,-28,-37,146
1743496648.898656,41,56,182
1743496648.933656,0,-71,66
1743496648.969656,43,-9,126
1743496649.005656,29,-45,-1
1743496649.040656,20,-61,100
1743496649.076656,20,2,134
1743496649.111656,-28,-9,92
1743496649.146656,-83,52,126
1743496649.181656,-83,22,148
1743496649.217656,-7,16,204
1743496649.253656,-7,34,50
1743496649.288656,18,-31,156
1743496649.324656,-1,-35,110
1743496649.359656,-33,12,134
1743496649.394656,-37,-17,52
1743496649.429656,9,64,164
1743496649.465656,35,36,264
1743496649.501656,15,50,16
1743496649.536656,62,-25,180
1743496649.5726562,82,20,136
1743496649.607656,15,19,50
1743496649.642656,-50,47,140
1743496649.677656,-42,-34,89
1743496649.713656,11,29,192
1743496649.749656,15,-12,40
1743496649.784656,72,6,118
1743496649.820656,30,-37,30
1743496649.855656,-59,37,113
1743496649.890656,24,-25,-16
1743496649.925656,4,-8,63
1743496649.961656,-12,-24,-2
1743496649.997656,-42,0,69
1743496650.032656,-2,-54,111
1743496650.068656,67,9,223
1743496650.103656,41,-43,167
1743496650.138656,77,-3,101
1743496650.173656,-48,-67,81
1743496650.209656,-2,-31,149
1743496650.245656,-22,-27,207
1743496650.280656,29,-17,199
1743496650.316656,75,60,183
1743496650.351656,33,-63,17
1743496650.386656,-11,0,83
1743496650.421656,-39,6,331
1743496650.457656,21,40,171
1743496650.4936562,0,-39,233
1743496650.528656,34,54,177
1743496650.564656,-27,62,87
1743496650.599656,58,-37,81
1743496650.634656,-87,-21,185
1743496650.669656,94,52,293
1743496650.705656,-27,10,139
1743496650.741656,-11,-15,319
1743496650.7766562,40,-73,325
1743496650.8126562,24,-11,101
1743496650.847656,30,-85,77
1743496650.882656,-25,-25,177
1743496650.917656,4,-9,87
1743496650.953656,-27,6,231
1743496650.989656,-43,12,173
1743496651.024656,-31,3,241
1743496651.060656,66,71,225
1743496651.0956562,2,35,197
1743496651.130656,32,11,131
1743496651.165656,-9,12,183
1743496651.201656,36,-58,81
1743496651.237656,38,-96,187
1743496651.272656,44,3,209
1743496651.308656,-13,52,99
1743496651.343656,-21,-78,169
1743496651.378656,-17,-42,213
1743496651.413656,-73,-34,39
1743496651.449656,-67,29,31
1743496651.485656,14,-26,163
1743496651.520656,28,15,201
1743496651.556656,12,-40,129
1743496651.591656,48,23,273
1743496651.626656,-109,17,9
1743496651.661656,38,-4,129
1743496651.6976562,50,11,87
1743496651.7336562,42,-30,59
1743496651.768656,42,-74,40
1743496651.804656,2,16,118
1743496651.839656,-59,50,52
1743496651.874656,-13,-133,120
1743496651.909656,-33,-3,194
1743496651.945656,88,-23,109
1743496651.981656,-75,50,127
1743496652.0166562,24,-27,195
1743496652.052656,6,-11,129
1743496652.087656,76,-9,215
1743496652.122656,-59,-3,173
1743496652.157656,-29,12,268
1743496652.193656,-11,20,194
1743496652.229656,-49,-19,228
1743496652.271656,28,14,106
1743496652.308656,4,-27,184
1743496652.343656,66,-37,192
1743496652.378656,72,34,138
1743496652.413656,-57,48,162
1743496652.449656,10,80,174
1743496652.485656,-71,40,206
1743496652.520656,36,-11,128
1743496652.556656,-37,-27,30
1743496652.591656,10,-29,84
1743496652.626656,68,24,170
1743496652.661656,-25,8,176
1743496652.6976562,24,-21,156
1743496652.7336562,-19,38,82
1743496652.768656,-19,-15,44
1743496652.804656,68,-7,158
1743496652.839656,-67,-19,120
1743496652.874656,70,-21,-73
1743496652.909656,14,-29,186
1743496652.945656,32,62,48
1743496652.981656,-27,8,136
1743496653.0166562,-9,22,150
1743496653.052656,-7,-35,94
1743496653.087656,-17,10,142
1743496653.122656,-11,22,112
1743496653.157656,-1,50,158
1743496653.193656,-7,-21,54
1743496653.229656,2,-5,250
1743496653.264656,46,8,78
1743496653.300656,38,-45,38
1743496653.3356562,12,2,112
1743496653.370656,-51,-3,170
1743496653.406656,-17,-29,132
1743496653.441656,26,68,18
1743496653.477656,-3,68,70
1743496653.512656,6,28,278
1743496653.548656,4,113,56
1743496653.583656,-1,-9,106
1743496653.6186562,98,-58,90
1743496653.6546562,-21,47,150
1743496653.689656,-107,-4,-19
1743496653.725656,26,-12,92
1743496653.760656,40,3,136
1743496653.796656,94,15,64
1743496653.831656,56,55,102
1743496653.866656,-53,15,12
1743496653.902656,-5,-4,204
1743496653.9376562,16,-6,194
1743496653.973656,20,-40,106
1743496654.008656,-26,-9,6
1743496654.044656,65,31,84
1743496654.079656,-16,59,46
1743496654.114656,82,19,4
1743496654.150656,48,59,126
1743496654.185656,80,-24,134
1743496654.221656,-9,62,76
1743496654.2566562,12,34,40
1743496654.292656,32,-17,248
1743496654.327656,-65,8,152
1743496654.362656,-47,2,24
1743496654.398656,-23,-89,158
1743496654.433656,26,18,70
1743496654.469656,28,52,132
1743496654.504656,90,-45,132
1743496654.540656,30,8,54
1743496654.575656,-134,21,96
1743496654.610656,35,47,118
1743496654.646656,-77,-3,82
1743496654.681656,80,20,94
1743496654.717656,46,6,168
1743496654.752656,58,36,282
1743496654.788656,-5,16,104
1743496654.823656,-43,-57,146
1743496654.8586562,12,44,148
1743496654.894656,54,-25,100
1743496654.929656,12,30,154
1743496654.965656,-57,26,86
1743496655.000656,-13,-27,122
1743496655.036656,-57,-131,132
1743496655.071656,34,-11,202
1743496655.106656,8,-34,274
1743496655.142656,104,-23,112
1743496655.177656,-23,18,218
1743496655.213656,22,11,176
1743496655.248656,36,-26,68
1743496655.284656,-7,-38,190
1743496655.319656,48,-34,98
1743496655.354656,-19,11,208
1743496655.390656,-59,-16,120
1743496655.425656,40,-41,118
1743496655.461656,38,38,108
1743496655.496656,-13,-1,217
1743496655.532656,-21,24,257
1743496655.567656,24,30,39
1743496655.602656,30,30,187
1743496655.638656,-5,-49,107
1743496655.673656,-25,-33,103
1743496655.709656,-65,22,115
1743496655.744656,-9,68,125
1743496655.780656,-13,8,123
1743496655.815656,78,-27,87
1743496655.850656,-59,24,199
1743496655.886656,-11,-13,91
1743496655.921656,-77,-25,237
1743496655.957656,6,0,231
1743496655.992656,-43,-17,149
1743496656.028656,-9,-9,105
1743496656.063656,20,-41,139
1743496656.098656,16,-19,181
1743496656.134656,14,26,91
1743496656.169656,4,46,183
1743496656.205656,-7,-3,191
1743496656.240656,-11,16,91
1743496656.2766562,44,22,151
1743496656.311656,24,38,105
1743496656.346656,-15,32,245
1743496656.382656,28,54,-9
1743496656.417656,74,-61,48
1743496656.453656,18,22,78
1743496656.488656,-67,50,10
1743496656.524656,8,14,200
1743496656.559656,10,-15,130
1743496656.594656,15,12,240
1743496656.630656,-10,52,96
1743496656.665656,11,20,174
1743496656.701656,47,-7,68
1743496656.736656,-12,-35,130
1743496656.772656,-68,20,192
1743496656.808656,-52,-13,220
1743496656.843656,-2,-91,142
1743496656.878656,13,6,248
1743496656.9146562,99,-11,114
1743496656.950656,-18,48,178
1743496656.985656,-32,-41,58
1743496657.021656,-16,0,208
1743496657.056656,29,-7,0
1743496657.091656,61,-37,184
1743496657.126656,0,-15,124
1743496657.162656,17,28,194
1743496657.198656,29,-23,70
1743496657.2336562,43,-67,40
1743496657.269656,21,32,110
1743496657.304656,9,-26,200
1743496657.339656,-30,17,126
1743496657.374656,-64,8,120
1743496657.410656,-72,-75,110
1743496657.446656,0,10,78
1743496657.481656,11,-25,126
1743496657.517656,45,22,130
1743496657.552656,-8,34,42
1743496657.587656,38,12,126
1743496657.622656,-45,-107,90
1743496657.658656,-54,-4,140
1743496657.694656,13,-20,216
1743496657.729656,-12,5,156
1743496657.765656,-56,-22,226
1743496657.800656,111,9,134
1743496657.8356562,25,43,188
1743496657.870656,0,-36,186
1743496657.906656,7,-17,20
1743496657.942656,17,-31,108
1743496657.977656,73,18,170
1743496658.013656,-14,-19,64
1743496658.048656,59,42,258
1743496658.083656,-2,14,190
1743496658.1186562,-30,-7,128
1743496658.1546562,37,-21,20
1743496658.190656,5,46,150
1743496658.225656,55,64,78
1743496658.261656,23,24,174
1743496658.296656,7,-47,192
1743496658.331656,99,30,126
1743496658.366656,-34,-3,82
1743496658.402656,13,42,100
1743496658.438656,-18,16,70
1743496658.473656,31,-41,160
1743496658.509656,-20,53,56
1743496658.544656,5,-30,148
1743496658.579656,71,-46,116
1743496658.614656,43,27,114
1743496658.650656,-14,27,134
1743496658.686656,-26,21,244
1743496658.721656,-130,23,232
1743496658.757656,-36,-32,58
1743496658.792656,-8,30,196
1743496658.827656,-36,46,162
1743496658.862656,-14,75,146
1743496658.898656,-44,29,128
1743496658.934656,3,0,142
1743496658.969656,-9,-39,54
1743496659.005656,40,46,10
1743496659.040656,6,26,152
1743496659.075656,0,32,200
1743496659.110656,-19,-31,182
1743496659.146656,-15,-55,142
1743496659.182656,-93,40,144
1743496659.217656,-75,-29,84
1743496659.253656,10,76,164
1743496659.288656,34,58,74
1743496659.323656,80,-3,282
1743496659.3586562,6,-61,150
1743496659.394656,12,20,180
1743496659.430656,-35,-35,114
1743496659.465656,-49,20,45
1743496659.501656,14,24,193
1743496659.536656,-35,-7,119
1743496659.571656,46,58,71
1743496659.606656,-21,-17,93
1743496659.642656,-29,-51,171
1743496659.678656,-11,50,69
1743496659.713656,-47,4,163
1743496659.749656,34,-57,157
1743496659.784656,10,44,67
1743496659.819656,28,-3,63
1743496659.854656,28,-39,243
1743496659.890656,-43,-15,119
1743496659.926656,38,-9,123
1743496659.961656,18,-49,213
1743496659.997656,-13,-7,129
1743496660.032656,-1,-17,247
1743496660.067656,12,-1,111
1743496660.102656,-49,16,131
1743496660.138656,0,78,211
1743496660.1746562,-11,-57,11
1743496660.209656,58,10,147
1743496660.245656,20,-23,215
1743496660.280656,12,0,109
1743496660.315656,16,34,147
1743496660.350656,24,50,61
1743496660.386656,52,-15,191
1743496660.422656,-37,-9,135
1743496660.457656,66,16,153
1743496660.4936562,-41,-49,149
1743496660.528656,60,-31,215
1743496660.563656,64,40,95
1743496660.598656,-63,-37,135
1743496660.634656,24,2,1
1743496660.670656,-63,-15,123
1743496660.705656,40,-41,49
1743496660.741656,8,-63,121
1743496660.7766562,-5,6,35
1743496660.811656,30,-13,21
1743496660.846656,-37,-39,138
1743496660.882656,-13,42,94
1743496660.918656,-37,30,190
1743496660.953656,4,-5,92
1743496660.989656,40,20,124
1743496661.024656,-65,-51,184
1743496661.059656,-1,22,82
1743496661.094656,-99,-141,214
1743496661.130656,90,50,180
1743496661.166656,63,36,94
1743496661.201656,139,74,142
1743496661.237656,3,-23,92
1743496661.272656,-62,-13,142
1743496661.307656,-26,38,34
1743496661.342656,61,-75,190
1743496661.378656,37,2,-9
1743496661.4146562,-2,0,28
1743496661.449656,-22,24,82
1743496661.485656,43,-35,154
1743496661.520656,1,-1,110
1743496661.555656,-30,-101,230
1743496661.590656,17,-29,176
1743496661.626656,29,-23,174
1743496661.662656,34,4,102
1743496661.6976562,70,18,16
1743496661.7336562,-17,-59,2
1743496661.768656,10,42,142
1743496661.803656,2,-43,20
1743496661.838656,52,30,154
1743496661.874656,62,68,134
1743496661.910656,14,-37,198
1743496661.945656,38,-37,58
1743496661.981656,58,8,170
1743496662.0166562,68,32,148
1743496662.051656,-13,51,242
1743496662.086656,-33,-10,252
1743496662.122656,14,11,176
1743496662.158656,-19,-51,188
1743496662.193656,30,-15,226
1743496662.229656,-33,-22,176
1743496662.264656,-25,4,148
1743496662.306656,30,-1,286
1743496662.342656,-55,-11,128
1743496662.378656,120,-43,168
1743496662.4146562,78,-31,118
1743496662.449656,-7,-13,242
1743496662.485656,54,-27,132
1743496662.520656,76,56,158
1743496662.555656,-29,15,188
1743496662.590656,27,-43,184
1743496662.626656,-21,0,164
1743496662.662656,-20,32,118
1743496662.6976562,11,74,28
1743496662.7336562,-23,-29,114
1743496662.768656,-36,-24,22
1743496662.803656,-12,23,168
1743496662.839656,9,-17,140
1743496662.874656,-50,-32,248
1743496662.910656,-18,-90,106
1743496662.945656,-44,-47,76
1743496662.981656,-44,-43,46
1743496663.0166562,-10,60,114
1743496663.051656,-76,-55,64
1743496663.087656,-24,6,170
1743496663.122656,-2,-33,90
1743496663.158656,99,-25,226
1743496663.193656,-72,-7,56
1743496663.229656,0,-35,49
1743496663.264656,33,6,27
1743496663.2996562,19,20,251
1743496663.3356562,15,34,185
1743496663.370656,39,16,201
1743496663.406656,-86,92,153
1743496663.441656,-12,-11,113
1743496663.477656,-24,22,85
1743496663.512656,-18,34,213
1743496663.547656,-10,6,93
1743496663.583656,-22,-27,-18
1743496663.6186562,0,32,127
1743496663.6546562,19,-35,67
1743496663.689656,9,-41,227
1743496663.725656,21,-33,83
1743496663.760656,5,-81,65
1743496663.795656,6,-81,73
1743496663.831656,-26,-83,69
1743496663.866656,16,-17,189
1743496663.902656,-6,-53,157
1743496663.9376562,59,-21,185
1743496663.973656,-19,-59,245
1743496664.008656,-43,24,111
1743496664.043656,-39,-13,73
1743496664.079656,-13,10,191
1743496664.114656,50,38,139
1743496664.150656,16,76,81
1743496664.185656,-9,88,21
1743496664.221656,-27,-35,59
1743496664.2566562,-14,6,71
1743496664.291656,-28,-87,169
1743496664.327656,54,-69,189
1743496664.362656,-1,32,171
1743496664.398656,60,-33,185
1743496664.433656,-42,-3,95
1743496664.469656,-5,-45,59
1743496664.504656,43,18,85
1743496664.5396562,23,26,69
1743496664.575656,-64,12,135
1743496664.610656,-28,48,119
1743496664.646656,9,-69,133
1743496664.681656,95,-33,297
1743496664.717656,43,4,55
1743496664.752656,-7,-21,143
1743496664.787656,32,52,129
1743496664.823656,8,-1,117
1743496664.8586562,39,48,217
1743496664.894656,-20,24,105
1743496664.929656,-78,-21,161
1743496664.965656,-29,4,41
1743496665.000656,-74,-83,195
1743496665.035656,11,-3,169
1743496665.071656,17,-78,93
1743496665.106656,-30,-37,147
1743496665.142656,-18,22,187
1743496665.177656,0,-21,211
1743496665.213656,-28,-69,125
1743496665.248656,13,36,55
1743496665.283656,2,10,65
1743496665.319656,42,-95,157
1743496665.354656,-3,26,131
1743496665.390656,28,12,205
1743496665.425656,66,-29,179
1743496665.461656,6,-37,133
1743496665.496656,-69,-51,61
1743496665.531656,40,8,43
1743496665.567656,-15,-85,25
1743496665.602656,-91,20,153
1743496665.638656,102,-15,163
1743496665.673656,-23,-9,83
1743496665.709656,-39,56,163
1743496665.744656,-1,-37,115
1743496665.7796562,-21,-39,73
1743496665.815656,28,12,169
1743496665.850656,-95,62,113
1743496665.886656,58,-11,49
1743496665.921656,14,18,107
1743496665.957656,68,-43,111
1743496665.992656,16,6,109
1743496666.027656,-23,-17,99
1743496666.063656,-35,-127,265
1743496666.098656,-13,30,17
1743496666.134656,56,-105,23
1743496666.169656,100,84,113
1743496666.205656,-1,-7,107
1743496666.240656,6,38,113
1743496666.275656,-53,-11,221
1743496666.311656,-105,8,122
1743496666.346656,-105,14,165
1743496666.382656,-31,2,82
1743496666.417656,-16,-25,176
1743496666.453656,-7,12,152
1743496666.489656,30,-7,36
1743496666.524656,68,22,138
1743496666.559656,18,46,140
1743496666.5956562,38,-49,142
1743496666.6316562,32,-57,120
1743496666.666656,-35,10,82
1743496666.702656,32,-25,220
1743496666.737656,50,-63,100
1743496666.772656,-25,2,142
1743496666.807656,26,-19,188
1743496666.843656,4,18,178
1743496666.879656,8,-1,244
1743496666.9146562,0,-33,118
1743496666.950656,22,-11,194
1743496666.985656,-13,-77,40
1743496667.020656,-57,4,138
1743496667.055656,-25,26,148
1743496667.091656,-29,60,200
1743496667.127656,56,-27,182
1743496667.162656,-41,-13,96
1743496667.198656,-9,6,178
1743496667.2336562,26,68,170
1743496667.268656,22,86,90
1743496667.303656,-3,62,112
1743496667.339656,112,-65,178
1743496667.375656,32,36,138
1743496667.410656,-27,-99,142
1743496667.446656,-41,-37,-19
1743496667.481656,-23,12,88
1743496667.5166562,-121,-73,142
1743496667.551656,42,62,170
1743496667.587656,-45,-61,44
1743496667.623656,-13,42,202
1743496667.658656,-29,0,150
1743496667.694656,16,-57,112
1743496667.729656,-11,10,124
1743496667.764656,-77,-19,78
1743496667.7996562,30,26,44
1743496667.8356562,36,18,168
1743496667.871656,2,100,78
1743496667.906656,50,70,210
1743496667.942656,74,-73,6
1743496667.977656,74,-33,202
1743496668.012656,-41,28,56
1743496668.047656,12,4,208
1743496668.083656,-11,2,-25
1743496668.119656,12,44,288
1743496668.1546562,-13,-9,110
1743496668.190656,32,-71,150
1743496668.225656,32,70,138
1743496668.260656,-7,54,136
1743496668.295656,28,-25,128
1743496668.331656,-21,28,252
1743496668.367656,12,-23,176
1743496668.402656,54,-11,128
1743496668.438656,98,-21,76
1743496668.473656,-53,38,94
1743496668.508656,32,42,152
1743496668.543656,-65,-3,114
1743496668.579656,-19,60,72
1743496668.615656,26,4,130
1743496668.650656,12,-79,91
1743496668.686656,34,40,19
1743496668.721656,6,62,61
1743496668.7566562,16,4,238
1743496668.791656,-11,52,28
1743496668.827656,-13,16,33
1743496668.863656,76,36,147
1743496668.898656,-35,-69,79
1743496668.934656,8,2,83
1743496668.969656,106,-21,119
1743496669.004656,-19,-7,171
1743496669.0396562,-11,36,135
1743496669.075656,30,0,171
1743496669.111656,-10,4,143
1743496669.146656,-10,58,217
1743496669.182656,-2,-59,87
1743496669.217656,61,-27,183
1743496669.252656,-64,-37,185
1743496669.287656,13,44,277
1743496669.323656,27,4,103
1743496669.359656,61,-9,187
1743496669.394656,23,72,137
1743496669.430656,74,32,177
1743496669.465656,-41,6,75
1743496669.500656,12,2,181
1743496669.535656,10,44,115
1743496669.571656,-9,6,33
1743496669.607656,-11,20,73
1743496669.642656,-9,-61,91
1743496669.678656,-7,32,121
1743496669.713656,59,-37,217
1743496669.748656,-35,-15,125
1743496669.783656,-7,-1,111
1743496669.819656,-25,-9,55
1743496669.855656,-37,-63,179
1743496669.890656,-57,24,121
1743496669.926656,2,10,143
1743496669.961656,-43,27,129
1743496669.996656,27,-42,125
1743496670.031656,-1,-28,321
1743496670.067656,28,9,111
1743496670.103656,-19,25,-38
1743496670.138656,32,37,105
1743496670.1746562,30,1,55
1743496670.209656,-37,-2,227
1743496670.244656,54,47,62
1743496670.2796562,66,1,87
1743496670.315656,-33,21,159
1743496670.351656,-7,-44,26
1743496670.386656,-47,39,-55
1743496670.422656,-7,29,26
1743496670.457656,6,33,60
1743496670.492656,6,15,116
1743496670.527656,-53,-30,98
1743496670.563656,8,-8,158
1743496670.599656,-7,-44,148
1743496670.634656,-15,63,134
1743496670.670656,-4,-67,120
1743496670.705656,-25,-33,-5
1743496670.740656,-18,48,168
1743496670.775656,-53,-47,272
1743496670.811656,22,-69,26
1743496670.847656,94,-29,98
1743496670.882656,-35,44,168
1743496670.918656,-1,46,82
1743496670.953656,-39,20,134
1743496670.988656,-29,20,84
1743496671.023656,-3,14,162
1743496671.059656,19,15,240
1743496671.0956562,17,-74,260
1743496671.130656,-36,19,140
1743496671.166656,-90,-19,138
1743496671.201656,-48,30,94
1743496671.236656,83,-27,210
1743496671.271656,-46,-43,134
1743496671.307656,15,-57,188
1743496671.343656,82,-51,24
1743496671.378656,16,-29,-17
1743496671.4146562,0,4,172
1743496671.449656,104,22,68
1743496671.484656,80,13,-19
1743496671.519656,10,-15,126
1743496671.555656,-7,6,36
1743496671.591656,-41,4,48
1743496671.626656,52,46,166
1743496671.662656,89,16,40
1743496671.6976562,27,4,248
1743496671.732656,-88,-43,92
1743496671.767656,51,-9,206
1743496671.803656,41,26,218
1743496671.839656,21,16,144
1743496671.874656,-34,0,104
1743496671.910656,63,0,116
1743496671.945656,5,14,106
1743496671.980656,-62,16,158
1743496672.0166562,-40,-53,-55
1743496672.051656,-16,-53,136
1743496672.087656,1,76,146
1743496672.122656,59,-7,154
1743496672.158656,-56,-37,72
1743496672.193656,-8,14,118
1743496672.228656,24,60,100
1743496672.263656,25,-11,58
1743496672.2996562,-22,-13,188
1743496672.342656,-18,-49,130
1743496672.378656,-34,-37,144
1743496672.4146562,-6,46,70
1743496672.449656,-8,28,104
1743496672.484656,-5,-47,120
1743496672.520656,-55,30,146
1743496672.555656,48,-19,76
1743496672.591656,44,-21,192
1743496672.626656,16,32,66
1743496672.662656,54,27,102
1743496672.6976562,0,38,160
1743496672.732656,64,-49,190
1743496672.768656,-101,-27,162
1743496672.803656,82,-75,4
1743496672.839656,12,-35,104
1743496672.874656,60,32,30
1743496672.910656,-103,-89,156
1743496672.945656,40,-15,152
1743496672.980656,0,4,186
1743496673.0166562,12,-15,64
1743496673.051656,4,-33,128
1743496673.087656,38,-87,140
1743496673.122656,88,-57,58
1743496673.158656,-3,42,192
1743496673.193656,34,-3,170
1743496673.228656,10,-3,116
1743496673.264656,102,-3,98
1743496673.2996562,44,-37,130
1743496673.3356562,-29,2,146
1743496673.370656,15,-35,134
1743496673.406656,-34,50,164
1743496673.441656,9,77,142
1743496673.476656,9,5,114
1743496673.512656,-43,-13,86
1743496673.547656,36,48,48
1743496673.583656,-9,24,106
1743496673.6186562,26,-7,76
1743496673.6546562,2,-3,160
1743496673.689656,-21,29,136
1743496673.724656,-1,62,246
1743496673.760656,16,66,148
1743496673.795656,-35,-31,134
1743496673.831656,-23,3,164
1743496673.866656,54,-1,98
1743496673.902656,66,48,94
1743496673.9376562,12,-55,114
1743496673.972656,64,-44,238
1743496674.008656,24,63,88
1743496674.043656,12,40,78
1743496674.079656,-15,-34,112
1743496674.114656,-35,-8,204
1743496674.150656,28,8,130
1743496674.185656,-6,135,118
1743496674.2206562,-44,7,226
1743496674.2566562,18,46,151
1743496674.291656,34,-33,158
1743496674.327656,57,26,110
1743496674.362656,-50,-19,192
1743496674.398656,-10,44,167
1743496674.433656,103,-45,132
1743496674.468656,53,22,212
1743496674.504656,55,-7,104
1743496674.5396562,-6,11,122
1743496674.575656,-92,114,280
1743496674.610656,19,-31,58
1743496674.646656,-4,8,144
1743496674.681656,-90,40,258
1743496674.716656,-40,4,164
1743496674.752656,55,-5,152
1743496674.787656,59,-21,46
1743496674.823656,59,54,57
1743496674.8586562,65,-45,71
1743496674.894656,37,8,167
1743496674.929656,17,22,133
1743496674.964656,-4,25,69
1743496675.000656,17,59,79
1743496675.035656,-10,-66,91
1743496675.071656,-30,9,181
1743496675.106656,-12,-47,79
1743496675.142656,-34,69,227
1743496675.177656,-67,-49,141
1743496675.212656,30,-7,155
1743496675.248656,-23,-83,65
1743496675.283656,-73,-11,93
1743496675.319656,-57,-77,177
1743496675.354656,84,8,127
1743496675.390656,82,-71,105
1743496675.425656,-87,32,39
1743496675.4606562,18,48,177
1743496675.496656,-15,48,253
1743496675.531656,2,-11,107
1743496675.567656,50,-15,139
1743496675.602656,4,-39,55
1743496675.637656,-7,-39,43
1743496675.672656,2,10,237
1743496675.708656,-71,44,151
1743496675.744656,34,6,107
1743496675.7796562,16,-17,35
1743496675.815656,6,10,219
1743496675.850656,-41,-33,44
1743496675.886656,-10,16,196
1743496675.921656,-49,14,104
1743496675.956656,-45,10,40
1743496675.992656,0,28,154
1743496676.027656,14,16,154
1743496676.063656,-3,-7,112
1743496676.098656,-23,-89,126
1743496676.133656,-17,-17,98
1743496676.168656,-3,-27,132
1743496676.204656,-47,-1,190
1743496676.240656,74,-31,108
1743496676.275656,18,30,222
1743496676.311656,-3,52,30
1743496676.346656,46,-45,42
1743496676.3816562,-27,-21,142
1743496676.416656,-57,-41,4
1743496676.452656,-35,58,70
1743496676.488656,36,26,118
1743496676.523656,68,17,62
1743496676.559656,-57,-82,154
1743496676.594656,-3,-48,100
1743496676.629656,40,11,62
1743496676.6646562,-11,-33,72
1743496676.700656,34,-15,204
1743496676.736656,6,38,188
1743496676.771656,-7,0,32
1743496676.807656,14,62,148
1743496676.842656,78,50,142
1743496676.877656,18,28,102
1743496676.912656,-57,-15,156
1743496676.948656,-46,48,142
1743496676.984656,89,4,84
1743496677.019656,-49,-13,110
1743496677.055656,0,26,230
1743496677.090656,-28,-53,162
1743496677.125656,-53,-35,202
1743496677.160656,-75,-9,202
1743496677.196656,70,68,44
1743496677.232656,-7,0,152
1743496677.267656,-13,-85,92
1743496677.303656,34,22,94
1743496677.338656,80,24,92
1743496677.373656,4,-5,100
1743496677.408656,14,-23,182
1743496677.444656,-95,-59,164
1743496677.480656,-75,34,118
1743496677.515656,-33,4,104
1743496677.551656,32,58,138
1743496677.586656,4,34,86
1743496677.621656,22,50,298
1743496677.656656,-1,64,186
1743496677.692656,-3,-25,148
1743496677.728656,-37,44,-7
1743496677.763656,20,-9,218
1743496677.7996562,-37,1,8
1743496677.834656,78,-14,206
1743496677.869656,-5,13,102
1743496677.9046562,-15,-4,70
1743496677.940656,-19,11,70
1743496677.976656,26,-4,90
1743496678.011656,20,47,134
1743496678.047656,-3,-58,186
1743496678.082656,6,5,80
1743496678.117656,-13,-56,206
1743496678.152656,-23,-42,156
1743496678.188656,-9,31,136
1743496678.224656,24,21,136
1743496678.259656,-83,-68,224
1743496678.295656,10,-10,72
1743496678.330656,-111,-70,112
1743496678.365656,12,-38,148
1743496678.400656,-75,-50,130
1743496678.436656,4,-26,206
1743496678.472656,50,-2,46
1743496678.507656,-27,35,90
1743496678.543656,-87,17,174
1743496678.578656,0,59,170
1743496678.613656,-19,-4,124
1743496678.648656,-31,5,54
1743496678.684656,0,45,106
1743496678.7206562,6,-62,30
1743496678.755656,-46,-42,164
1743496678.791656,18,1,156
1743496678.826656,-10,-5,22
1743496678.861656,-55,-11,108
1743496678.896656,52,42,214
1743496678.932656,-37,26,174
1743496678.968656,68,14,92
1743496679.003656,-51,46,146
1743496679.0396562,14,-1,60
1743496679.074656,32,-63,134
1743496679.109656,2,-63,128
1743496679.144656,-5,56,104
1743496679.180656,-43,30,130
1743496679.216656,52,-71,288
1743496679.251656,-79,12,198
1743496679.287656,-3,-35,208
1743496679.3226562,12,-45,72
1743496679.357656,6,30,134
1743496679.392656,20,18,118
1743496679.428656,-30,-27,128
1743496679.464656,-24,-29,102
1743496679.499656,-74,48,62
1743496679.535656,-88,74,-15
1743496679.570656,5,0,-11
1743496679.605656,-16,46,288
1743496679.640656,-40,-7,214
1743496679.676656,7,20,204
1743496679.712656,51,-11,102
1743496679.747656,-88,-25,110
1743496679.783656,23,55,-9
1743496679.818656,29,3,204
1743496679.853656,-20,20,160
1743496679.888656,17,-29,70
1743496679.9246562,-38,32,224
1743496679.9606562,-8,10,216
1743496679.995656,-44,-29,202
1743496680.031656,25,10,124
1743496680.066656,23,-25,28
1743496680.101656,87,-15,62
1743496680.136656,73,-93,142
1743496680.172656,49,24,144
1743496680.208656,29,16,86
1743496680.2436562,71,18,-37
1743496680.2796562,-34,-49,92
1743496680.314656,45,96,132
1743496680.349656,3,41,158
1743496680.384656,7,-61,70
1743496680.420656,-16,-47,170
1743496680.456656,39,51,76
1743496680.491656,9,-28,10
1743496680.527656,39,27,166
1743496680.5626562,-42,-48,114
1743496680.597656,55,-70,156
1743496680.632656,17,1,86
1743496680.668656,-26,33,150
1743496680.704656,9,-46,104
1743496680.739656,-10,-26,116
1743496680.775656,67,-21,128
1743496680.810656,27,-78,140
1743496680.8456562,23,100,159
1743496680.880656,-58,-11,21
1743496680.916656,3,80,193
1743496680.952656,8,-33,149
1743496680.987656,99,-17,209
1743496681.023656,11,10,153
1743496681.058656,29,22,51
1743496681.093656,-40,-55,141
1743496681.128656,55,-47,175
1743496681.1646562,23,-16,125
1743496681.200656,75,-39,59
1743496681.235656,35,30,143
1743496681.271656,49,54,93
1743496681.306656,19,-55,79
1743496681.341656,59,-32,153
1743496681.376656,-26,40,215
1743496681.412656,-20,18,97
1743496681.448656,-38,-8,149
1743496681.4836562,-26,17,143
1743496681.519656,-26,-34,289
1743496681.554656,-20,115,55
1743496681.589656,-32,58,157
1743496681.624656,-64,-67,149
1743496681.660656,119,-47,109
1743496681.696656,51,0,217
1743496681.731656,13,22,161
1743496681.767656,-42,28,133
1743496681.802656,15,48,77
1743496681.837656,-12,-75,127
1743496681.873656,-64,-59,183
1743496681.908656,-6,12,183
1743496681.944656,-13,-13,105
1743496681.979656,1,72,136
1743496682.015656,-36,64,236
1743496682.050656,-42,-25,126
1743496682.0856562,-42,62,182
1743496682.121656,48,52,-27
1743496682.156656,86,-67,146
1743496682.192656,-70,42,72
1743496682.227656,-42,40,90
1743496682.263656,46,-13,64
1743496682.298656,18,6,156
1743496682.333656,-1,-19,204
1743496682.376656,82,-3,94
1743496682.412656,-1,24,98
1743496682.448656,17,-37,70
1743496682.4836562,41,-37,208
1743496682.519656,-64,-27,160
1743496682.554656,-34,2,198
1743496682.589656,21,42,50
1743496682.625656,-22,16,118
1743496682.660656,31,-27,214
1743496682.696656,-8,8,166
1743496682.731656,33,-77,106
1743496682.767656,-4,56,144
1743496682.802656,-10,-1,96
1743496682.837656,25,26,114
1743496682.873656,79,-1,20
1743496682.908656,-6,24,126
1743496682.944656,-52,-47,156
1743496682.979656,-26,16,190
1743496683.015656,-20,-29,68
1743496683.050656,-22,4,188
1743496683.0856562,-68,-73,84
1743496683.121656,27,-44,148
1743496683.156656,33,-38,92
1743496683.192656,51,3,168
1743496683.227656,-48,-24,192
1743496683.263656,43,7,156
1743496683.298656,81,0,130
1743496683.333656,-49,20,112
1743496683.369656,-121,36,68
1743496683.4046562,-41,-19,164
1743496683.440656,-111,0,96
1743496683.475656,0,-5,124
1743496683.511656,39,-17,138
1743496683.546656,32,-35,62
1743496683.581656,103,44,-39
1743496683.617656,62,-39,172
1743496683.652656,29,-9,104
1743496683.688656,-78,0,24
1743496683.723656,-45,28,222
1743496683.759656,-23,-95,216
1743496683.794656,-1,-23,222
1743496683.829656,2,-19,164
1743496683.865656,14,44,270
1743496683.900656,36,50,188
1743496683.936656,-27,-37,134
1743496683.971656,20,66,196
1743496684.007656,-25,-41,86
1743496684.042656,12,-47,136
1743496684.077656,-11,68,10
1743496684.113656,28,20,154
1743496684.148656,-57,-39,104
1743496684.184656,-37,14,94
1743496684.219656,-19,-19,194
1743496684.255656,36,20,248
1743496684.290656,-53,20,78
1743496684.325656,14,18,214
1743496684.361656,36,-21,206
1743496684.396656,42,58,34
1743496684.432656,-35,98,156
1743496684.467656,-27,46,64
1743496684.503656,-35,102,84
1743496684.538656,14,-1,182
1743496684.573656,42,24,86
1743496684.609656,-11,48,86
1743496684.644656,34,124,62
1743496684.680656,60,-17,160
1743496684.715656,28,-45,30
1743496684.751656,-19,-27,48
1743496684.786656,38,-79,118
1743496684.821656,64,-9,180
1743496684.857656,13,2,174
1743496684.892656,121,-57,234
1743496684.928656,42,8,112
1743496684.963656,-48,24,124
1743496684.999656,53,26,134
1743496685.034656,-16,36,92
1743496685.069656,25,-21,102
1743496685.105656,-70,50,56
1743496685.140656,-18,34,110
1743496685.176656,-4,-19,154
1743496685.211656,43,-93,240
1743496685.246656,-8,-11,52
1743496685.281656,-60,16,124
1743496685.317656,53,26,194
1743496685.353656,-36,22,28
1743496685.388656,-12,20,240
1743496685.4246562,61,-17,170
1743496685.459656,47,36,176
1743496685.495656,-60,-3,-71
1743496685.531656,75,-11,164
1743496685.566656,15,40,82
1743496685.601656,9,26,56
1743496685.637656,-22,28,4
1743496685.673656,39,-48,-31
1743496685.708656,15,-53,223
1743496685.744656,-49,-40,74
1743496685.7796562,55,0,180
1743496685.814656,110,42,269
1743496685.849656,53,32,156
1743496685.885656,14,-29,224
1743496685.921656,21,-45,48
1743496685.956656,26,-5,216
1743496685.992656,67,66,60
1743496686.027656,36,-37,164
1743496686.0626562,-25,36,40
1743496686.097656,-39,-11,32
1743496686.133656,65,68,116
1743496686.169656,6,6,96
1743496686.204656,-26,-49,156
1743496686.240656,38,-43,138
1743496686.275656,36,72,108
1743496686.310656,-29,-1,98
1743496686.3456562,6,24,75
1743496686.3816562,-79,-65,126
1743496686.417656,20,22,139
1743496686.452656,62,22,127
1743496686.488656,26,14,121
1743496686.523656,-19,52,219
1743496686.558656,-15,22,113
1743496686.593656,-61,34,55
1743496686.629656,-13,51,209
1743496686.665656,18,-89,165
1743496686.700656,-11,22,165
1743496686.736656,-45,-41,103
1743496686.771656,16,36,143
1743496686.806656,-107,-31,227
1743496686.841656,60,-17,177
1743496686.877656,12,-15,151
1743496686.913656,-29,-35,149
1743496686.948656,11,-61,217
1743496686.984656,23,12,79
1743496687.019656,-50,-19,115
1743496687.054656,45,76,95
1743496687.089656,-72,-37,43
1743496687.125656,-66,-1,189
1743496687.161656,-16,20,107
1743496687.196656,-8,-19,137
1743496687.232656,41,-7,47
1743496687.267656,-66,18,121
1743496687.302656,-42,-41,117
1743496687.337656,-52,-1,139
1743496687.373656,-144,24,199
1743496687.409656,-80,-15,81
1743496687.444656,-40,40,157
1743496687.480656,41,38,133
1743496687.515656,-44,20,199
1743496687.550656,3,-11,227
1743496687.5856562,-25,46,171
1743496687.621656,38,66,217
1743496687.657656,-13,-29,81
1743496687.692656,12,45,123
1743496687.728656,20,-66,75
1743496687.763656,50,7,111
1743496687.798656,76,-14,161
1743496687.833656,-13,-56,241
1743496687.869656,-53,-59,75
1743496687.905656,14,102,105
1743496687.940656,-28,-35,31
1743496687.976656,-71,6,143
1743496688.011656,-105,5,139
1743496688.046656,62,31,145
1743496688.081656,57,-90,157
1743496688.117656,15,-28,165
1743496688.153656,1,23,47
1743496688.188656,15,3,103
1743496688.224656,53,15,169
1743496688.259656,-82,-6,79
1743496688.294656,-8,7,95
1743496688.329656,69,49,93
1743496688.365656,-70,81,57
1743496688.4016562,23,0,81
1743496688.436656,11,-32,37
1743496688.472656,75,17,185
1743496688.507656,82,29,157
1743496688.542656,60,-10,193
1743496688.577656,-103,39,39
1743496688.613656,36,-74,135
1743496688.649656,28,-54,167
1743496688.684656,-25,63,141
1743496688.7206562,-39,-60,297
1743496688.755656,-13,-18,131
1743496688.790656,36,-68,127
1743496688.825656,22,10,263
1743496688.861656,23,15,203
1743496688.897656,43,37,153
1743496688.932656,23,21,101
1743496688.968656,-9,11,127
1743496689.003656,4,71,225
1743496689.038656,-53,-24,133
1743496689.073656,45,-44,77
1743496689.109656,9,43,99
1743496689.145656,19,47,253
1743496689.180656,-16,-28,47
1743496689.216656,-6,-32,95
1743496689.251656,41,11,203
1743496689.286656,-42,-16,143
1743496689.321656,-44,-20,159
1743496689.357656,87,-8,133
1743496689.393656,-94,37,168
1743496689.428656,-6,-58,296
1743496689.464656,23,7,124
1743496689.499656,-66,-18,84
1743496689.534656,-10,-36,66
1743496689.569656,5,15,122
1743496689.605656,-94,-4,122
1743496689.6416562,-22,-4,36
1743496689.676656,53,13,114
1743496689.712656,-12,17,132
1743496689.747656,0,-5,24
1743496689.782656,91,-3,86
1743496689.817656,-58,-1,98
1743496689.853656,1,-65,212
1743496689.889656,6,40,164
1743496689.9246562,-53,66,58
1743496689.9606562,-27,-37,178
1743496689.995656,50,64,180
1743496690.030656,-23,20,152
1743496690.065656,-1,-3,68
1743496690.101656,-49,68,132
1743496690.137656,38,-3,88
1743496690.172656,-9,28,6
1743496690.208656,40,-3,208
1743496690.2436562,-91,-11,110
1743496690.278656,28,8,-29
1743496690.313656,128,-89,172
1743496690.349656,-35,-21,152
1743496690.385656,92,94,54
1743496690.420656,0,22,108
1743496690.456656,6,-17,158
1743496690.491656,-53,-11,214
1743496690.5266562,-9,17,250
1743496690.5626562,-31,-24,60
1743496690.597656,98,-64,108
1743496690.633656,-75,-16,162
1743496690.668656,12,45,116
1743496690.704656,6,9,-19
1743496690.739656,30,19,182
1743496690.774656,-31,-6,76
1743496690.809656,-37,33,84
1743496690.8456562,-45,-50,28
1743496690.8816562,0,-26,186
1743496690.916656,-30,15,92
1743496690.952656,-15,9,114
1743496690.987656,89,-22,248
1743496691.022656,-14,-16,122
1743496691.057656,-48,-2,162
1743496691.093656,-70,5,186
1743496691.129656,44,11,184
1743496691.1646562,-25,-56,132
1743496691.200656,10,-14,118
1743496691.235656,10,9,220
1743496691.270656,18,-4,60
1743496691.305656,-11,9,214
1743496691.341656,48,-22,210
1743496691.377656,-9,-26,132
1743496691.412656,22,-4,68
1743496691.448656,-89,19,84
1743496691.4836562,30,29,164
1743496691.518656,22,47,143
1743496691.554656,-3,44,-4
1743496691.589656,-2,12,181
1743496691.625656,67,-79,21
1743496691.660656,-20,-26,108
1743496691.696656,31,42,76
1743496691.731656,-15,-39,122
1743496691.7666562,-39,-27,195
1743496691.802656,-6,-9,87
1743496691.837656,-18,-5,139
1743496691.873656,43,-31,166
1743496691.908656,-44,2,148
1743496691.944656,12,-21,184
1743496691.979656,-8,-86,164
1743496692.014656,-61,-48,191
1743496692.050656,-83,15,195
1743496692.0856562,-53,-64,99
1743496692.121656,-29,-34,90
1743496692.156656,46,27,107
1743496692.192656,-41,-12,89
1743496692.227656,32,39,63
1743496692.262656,2,-40,108
1743496692.298656,-46,19,169
1743496692.333656,-43,42,15
1743496692.369656,-8,-34,215
1743496692.411656,-18,-64,177
1743496692.448656,43,39,233
1743496692.4836562,-24,-30,161
1743496692.518656,-109,-16,79
1743496692.554656,48,87,187
1743496692.589656,-27,21,235
1743496692.625656,-75,47,133
1743496692.660656,3,-2,113
1743496692.696656,-50,7,237
1743496692.731656,3,13,105
1743496692.7666562,0,3,111
1743496692.802656,-48,21,147
1743496692.837656,64,9,107
1743496692.873656,-63,24,199
1743496692.908656,-21,4,31
1743496692.944656,92,18,185
1743496692.979656,18,-10,103
1743496693.014656,-7,0,107
1743496693.050656,-31,31,111
1743496693.0856562,-15,47,119
1743496693.121656,16,-6,181
1743496693.156656,-20,19,-4
1743496693.192656,-43,27,151
1743496693.227656,-3,27,115
1743496693.262656,-23,-4,193
1743496693.298656,30,-31,73
1743496693.333656,2,-99,7
1743496693.369656,-7,29,113
1743496693.4046562,-29,-40,97
1743496693.440656,60,23,95
1743496693.475656,30,51,109
1743496693.510656,22,-88,109
1743496693.546656,-25,33,197
1743496693.581656,62,-90,83
1743496693.617656,10,-28,111
1743496693.652656,-37,-6,170
1743496693.688656,44,-46,78
1743496693.723656,43,21,166
1743496693.758656,-96,-46,228
1743496693.794656,47,62,174
1743496693.829656,45,-124,106
1743496693.865656,-33,-54,58
1743496693.900656,-13,-30,180
1743496693.936656,-27,-66,148
1743496693.971656,-18,19,152
1743496694.0066562,93,51,138
1743496694.042656,-2,-40,144
1743496694.077656,6,49,100
1743496694.113656,-3,6,34
1743496694.148656,1,31,234
1743496694.184656,15,6,40
1743496694.219656,-17,42,142
1743496694.254656,54,-51,168
1743496694.290656,-47,60,54
1743496694.325656,-113,-53,94
1743496694.361656,-49,32,172
1743496694.396656,-27,-61,240
1743496694.432656,52,10,38
1743496694.467656,16,-68,104
1743496694.502656,-53,-1,186
1743496694.538656,44,10,142
1743496694.573656,-21,62,140
1743496694.609656,-31,62,206
1743496694.644656,52,-21,154
1743496694.680656,-31,-23,272
1743496694.715656,-3,-19,290
1743496694.750656,-13,32,30
1743496694.786656,-77,8,286
1743496694.821656,-35,-35,204
1743496694.857656,-23,-43,106
1743496694.892656,-75,20,248
1743496694.928656,-67,6,66
1743496694.964656,-61,-49,48
1743496694.999656,4,46,156
1743496695.034656,36,94,156
1743496695.070656,-19,-13,112
1743496695.106656,32,-41,104
1743496695.1416562,34,16,94
1743496695.177656,22,-55,108
1743496695.212656,25,12,96
1743496695.247656,35,-27,148
1743496695.282656,35,-33,86
1743496695.318656,-10,38,200
1743496695.354656,-42,87,150
1743496695.389656,43,-15,-17
1743496695.425656,7,-25,8
1743496695.4606562,-62,36,94
1743496695.495656,33,54,82
1743496695.530656,3,26,120
1743496695.566656,45,20,102
1743496695.602656,-2,2,130
1743496695.637656,-64,100,144
1743496695.673656,-6,38,138
1743496695.708656,5,-43,146
1743496695.7436562,-50,-13,176
1743496695.778656,-22,-53,160
1743496695.814656,37,-87,114
1743496695.850656,-94,-3,174
1743496695.885656,33,94,240
1743496695.921656,-62,70,82
1743496695.956656,1,24,44
1743496695.991656,1,4,106
1743496696.0266562,-96,-63,126
1743496696.0626562,-37,64,172
1743496696.098656,-31,-7,136
1743496696.133656,-66,62,50
1743496696.169656,48,-31,116
1743496696.204656,8,24,58
1743496696.239656,-61,-3,132
1743496696.274656,-18,-16,164
1743496696.310656,-2,77,132
1743496696.346656,-62,0,78
1743496696.3816562,1,1,110
1743496696.417656,13,9,142
1743496696.452656,-22,-8,196
1743496696.487656,-36,79,98
1743496696.522656,3,43,148
1743496696.558656,-34,-36,124
1743496696.594656,81,23,138
1743496696.629656,-10,13,190
1743496696.665656,33,27,80
1743496696.700656,-44,37,130
1743496696.735656,5,51,242
1743496696.770656,51,-62,172
1743496696.806656,-2,3,276
1743496696.842656,-82,9,26
1743496696.877656,5,31,2
1743496696.913656,37,63,180
1743496696.948656,-38,11,118
1743496696.9836562,-110,-14,126
1743496697.018656,-10,-8,18
1743496697.054656,-46,-36,76
1743496697.090656,23,1,64
1743496697.125656,73,53,96
1743496697.161656,-26,1,90
1743496697.196656,-58,-32,132
1743496697.231656,21,2,156
1743496697.2666562,-70,22,120
1743496697.302656,-52,46,104
1743496697.338656,43,18,68
1743496697.373656,-30,-21,36
1743496697.409656,-38,18,122
1743496697.444656,3,18,172
1743496697.479656,-76,12,84
1743496697.514656,-80,-5,80
1743496697.550656,-34,4,36
1743496697.586656,1,-3,108
1743496697.621656,-28,13,88
1743496697.657656,62,9,68
1743496697.692656,30,46,230
1743496697.727656,-47,-79,244
1743496697.762656,-11,37,114
1743496697.798656,-1,29,168
1743496697.834656,-135,-64,198
1743496697.869656,131,-24,146
1743496697.905656,48,-58,196
1743496697.940656,-33,-48,212
1743496697.975656,69,29,186
1743496698.010656,-8,25,122
1743496698.046656,-80,-18,40
1743496698.082656,23,3,102
1743496698.117656,5,37,276
1743496698.153656,3,-4,208
1743496698.188656,-6,-18,142
1743496698.223656,-22,23,154
1743496698.258656,-21,-2,94
1743496698.294656,-15,7,78
1743496698.330656,8,-8,66
1743496698.365656,49,-10,70
1743496698.4016562,20,7,184
1743496698.436656,-37,11,148
1743496698.471656,38,-20,22
1743496698.5066562,-43,11,138
1743496698.542656,64,27,194
1743496698.578656,14,-41,92
1743496698.613656,4,48,162
1743496698.649656,78,-15,178
1743496698.684656,14,-57,176
1743496698.719656,22,-23,98
1743496698.754656,-15,-13,230
1743496698.790656,66,5,194
1743496698.826656,60,-45,85
1743496698.861656,56,-19,41
1743496698.897656,-11,-11,17
1743496698.932656,-57,-17,117
1743496698.967656,-43,78,69
1743496699.002656,0,-7,71
1743496699.038656,54,-45,307
1743496699.074656,-45,-55,131
1743496699.109656,56,8,189
1743496699.145656,4,44,95
1743496699.180656,-55,-27,115
1743496699.215656,-49,104,173
1743496699.250656,-15,-3,207
1743496699.286656,24,16,201
1743496699.3226562,50,112,161
1743496699.357656,2,-43,67
1743496699.393656,84,28,227
1743496699.428656,24,-23,61
1743496699.463656,19,16,79
1743496699.498656,1,6,85
1743496699.534656,69,20,69
1743496699.570656,3,-27,121
1743496699.605656,55,-7,151
1743496699.6416562,27,12,159
1743496699.676656,11,68,93
1743496699.711656,-92,-85,177
1743496699.746656,63,-31,197
1743496699.782656,47,-40,295
1743496699.818656,-32,-94,247
1743496699.853656,0,-72,229
1743496699.889656,117,35,31
1743496699.9246562,-44,5,129
1743496699.959656,3,1,117
1743496699.994656,-30,-54,123
1743496700.030656,-68,-60,179
1743496700.066656,-40,-8,7
1743496700.101656,-4,-66,136
1743496700.137656,-52,49,206
1743496700.172656,-128,-68,204
1743496700.207656,11,89,286
1743496700.242656,-18,-2,134
1743496700.278656,13,-40,144
1743496700.314656,-48,16,198
1743496700.349656,-58,14,216
1743496700.385656,-52,-31,168
1743496700.420656,1,16,92
1743496700.455656,-28,0,80
1743496700.490656,25,-31,92
1743496700.5266562,-68,20,78
1743496700.5626562,-38,-25,108
1743496700.597656,41,32,46
1743496700.633656,-43,48,120
1743496700.668656,-27,24,168
1743496700.703656,30,-3,142
1743496700.738656,-53,-19,116
1743496700.774656,-32,-19,90
1743496700.810656,31,2,98
1743496700.8456562,81,-49,-5
1743496700.8816562,-18,4,88
1743496700.916656,-18,54,132
1743496700.951656,-36,-31,124
1743496700.987656,29,-101,104
1743496701.022656,71,-21,110
1743496701.058656,-108,-27,-3
1743496701.093656,-50,-39,126
1743496701.129656,35,-25,244
1743496701.1646562,9,36,158
1743496701.199656,33,4,158
1743496701.235656,-98,14,204
1743496701.270656,-17,48,326
1743496701.306656,-23,-31,118
1743496701.341656,-41,64,78
1743496701.377656,10,72,204
1743496701.412656,-79,4,132
1743496701.4476562,6,-75,126
1743496701.4836562,28,-21,278
1743496701.518656,-135,80,200
1743496701.554656,64,0,88
1743496701.589656,-5,12,94
1743496701.625656,14,50,84
1743496701.660656,-97,14,98
1743496701.695656,-11,-49,42
1743496701.731656,-7,0,154
1743496701.7666562,-105,-51,180
1743496701.802656,38,-51,116
1743496701.837656,-49,24,124
1743496701.873656,-79,44,106
1743496701.908656,-7,-15,154
1743496701.943656,-35,-33,152
1743496701.979656,40,72,98
1743496702.014656,6,22,142
1743496702.050656,-67,-31,112
1743496702.0856562,-3,22,130
1743496702.121656,-61,-11,48
1743496702.156656,6,10,220
1743496702.191656,-15,6,210
1743496702.227656,-39,-113,162
1743496702.262656,-19,-51,126
1743496702.298656,20,10,140
1743496702.333656,12,-9,214
1743496702.369656,-19,-31,130
1743496702.4046562,-31,14,204
1743496702.446656,35,-1,112
1743496702.4836562,-62,-31,146
1743496702.518656,15,28,232
1743496702.554656,-26,30,202
1743496702.589656,59,-55,116
1743496702.625656,-30,20,138
1743496702.660656,15,-19,204
1743496702.695656,49,-11,158
1743496702.731656,-14,28,184
1743496702.7666562,-66,40,182
1743496702.802656,-4,-37,22
1743496702.837656,59,-27,280
1743496702.873656,-22,-29,176
1743496702.908656,56,-87,78
1743496702.943656,-14,-23,202
1743496702.979656,107,10,214
1743496703.014656,9,-23,62
1743496703.050656,-54,56,146
1743496703.0856562,-2,-21,108
1743496703.121656,-34,18,120
1743496703.156656,39,46,272
1743496703.191656,-26,70,158
1743496703.227656,-21,16,158
1743496703.262656,4,-17,254
1743496703.298656,52,8,28
1743496703.333656,-17,-19,178
1743496703.369656,-41,-25,158
1743496703.4046562,58,-1,120
1743496703.439656,0,66,0
1743496703.475656,-55,48,150
1743496703.510656,24,-63,190
1743496703.546656,-9,-1,126
1743496703.581656,24,18,198
1743496703.617656,12,92,191
1743496703.652656,-45,-17,82
1743496703.6876562,18,-21,230
1743496703.723656,72,-71,189
1743496703.758656,-71,-7,233
1743496703.794656,18,0,152
1743496703.829656,-11,-21,66
1743496703.865656,-43,-17,124
1743496703.900656,-87,6,260
1743496703.935656,-97,-69,178
1743496703.971656,20,48,112
1743496704.0066562,-91,16,220
1743496704.042656,92,-17,169
1743496704.077656,34,-1,89
1743496704.113656,12,-17,57
1743496704.148656,16,-7,65
1743496704.183656,42,-91,131
1743496704.219656,100,-53,149
1743496704.254656,-43,-73,-4
1743496704.290656,-61,0,171
1743496704.325656,-87,-87,91
1743496704.361656,36,62,97
1743496704.397656,18,16,255
1743496704.433656,-57,32,99
1743496704.469656,-11,10,127
1743496704.504656,-85,44,111
1743496704.5396562,-9,-29,75
1743496704.575656,-57,14,165
1743496704.611656,-93,-37,79
1743496704.646656,42,4,-4
1743496704.682656,12,44,141
1743496704.717656,54,28,125
1743496704.752656,-67,-53,7
1743496704.787656,-37,20,105
1743496704.823656,42,-35,105
1743496704.859656,-15,100,267
1743496704.894656,48,8,49
1743496704.930656,-51,-7,77
1743496704.965656,-1,50,167
1743496705.000656,6,58,187
1743496705.035656,20,40,111
1743496705.071656,10,4,163
1743496705.107656,52,10,-6
1743496705.142656,60,24,183
1743496705.178656,86,-59,187
1743496705.213656,76,-23,131
1743496705.248656,56,12,181
1743496705.283656,114,108,149
1743496705.319656,-5,12,73
1743496705.355656,84,28,141
1743496705.390656,78,-53,109
1743496705.426656,-47,-29,101
1743496705.461656,98,74,199
1743496705.496656,-31,22,179
1743496705.531656,66,-53,43
1743496705.567656,20,-23,127
1743496705.603656,34,-39,167
1743496705.638656,8,-39,135
1743496705.6746562,-27,-27,55
1743496705.709656,58,-1,163
1743496705.744656,54,22,119
1743496705.7796562,10,4,253
1743496705.815656,0,-1,151
1743496705.851656,-71,40,125
1743496705.886656,-41,6,123
1743496705.922656,2,74,96
1743496705.957656,12,-9,202
1743496705.992656,10,-33,180
1743496706.027656,82,10,-17
1743496706.063656,-41,-21,34
1743496706.099656,-31,32,230
1743496706.134656,28,-57,6
1743496706.170656,-49,-67,144
1743496706.205656,72,12,104
1743496706.240656,60,-15,82
1743496706.275656,-59,-3,154
1743496706.311656,-101,6,152
1743496706.347656,-73,6,112
1743496706.382656,-81,14,180
1743496706.418656,-71,50,162
1743496706.453656,62,44,132
1743496706.488656,-21,-63,236
1743496706.523656,-15,2,14
1743496706.559656,-41,14,88
1743496706.5956562,-45,20,86
1743496706.630656,-49,-49,84
1743496706.666656,42,30,152
1743496706.701656,62,-33,90
1743496706.736656,34,2,216
1743496706.771656,-47,40,150
1743496706.807656,-21,12,114
1743496706.843656,62,36,154
1743496706.878656,48,98,196
1743496706.9146562,30,26,118
1743496706.949656,-33,-51,82
1743496706.984656,-55,-7,64
1743496707.019656,-83,-25,116
1743496707.055656,12,42,186
1743496707.091656,92,-11,184
1743496707.126656,16,-1,8
1743496707.162656,-57,-41,216
1743496707.1976562,0,-39,180
1743496707.232656,0,-25,236
1743496707.267656,-47,14,76
1743496707.303656,20,48,42
1743496707.339656,32,6,222
1743496707.374656,-59,24,132
1743496707.410656,-11,8,54
1743496707.445656,-41,-25,102
1743496707.480656,-27,-57,38
1743496707.515656,-57,-3,152
1743496707.551656,60,42,88
1743496707.587656,18,-77,102
1743496707.622656,-27,30,64
1743496707.658656,50,18,154
1743496707.693656,-1,18,176
1743496707.728656,30,-13,162
1743496707.763656,-5,-31,148
1743496707.7996562,30,-47,78
1743496707.8356562,74,38,100
1743496707.870656,6,-27,-1
1743496707.906656,-43,-13,232
1743496707.941656,6,34,80
1743496707.976656,18,20,84
1743496708.011656,-4,-45,170
1743496708.047656,45,26,146
1743496708.083656,35,36,138
1743496708.1186562,-10,-5,0
1743496708.1546562,0,-11,58
1743496708.189656,-16,42,136
1743496708.224656,53,-23,142
1743496708.259656,31,-5,108
1743496708.295656,-24,-17,144
1743496708.331656,6,-11,92
1743496708.366656,26,-15,106
1743496708.402656,-25,-23,118
1743496708.4376562,-105,-29,236
1743496708.472656,-5,36,0
1743496708.507656,30,-27,92
1743496708.543656,36,-93,188
1743496708.579656,-95,-3,76
1743496708.614656,-31,18,242
1743496708.650656,12,-45,152
1743496708.685656,12,36,166
1743496708.7206562,-19,26,136
1743496708.755656,20,30,186
1743496708.791656,-25,48,184
1743496708.827656,-45,26,114
1743496708.862656,-1,10,50
1743496708.898656,28,60,214
1743496708.933656,2,16,64
1743496708.968656,-71,-39,144
1743496709.003656,34,0,150
1743496709.0396562,48,-35,116
1743496709.075656,6,-51,170
1743496709.110656,52,-5,88
1743496709.146656,-89,-47,60
1743496709.181656,-25,60,80
1743496709.216656,20,32,94
1743496709.252656,12,-17,58
1743496709.288656,-33,-51,338
1743496709.323656,-43,42,160
1743496709.359656,24,-17,0
1743496709.395656,6,-39,199
1743496709.430656,-3,14,55
1743496709.466656,46,-15,179
1743496709.501656,-73,52,135
1743496709.536656,-9,42,135
1743496709.571656,42,-33,125
1743496709.607656,-33,-21,195
1743496709.643656,118,-21,123
1743496709.678656,-55,16,209
1743496709.714656,-11,-3,153
1743496709.749656,-7,-45,241
1743496709.784656,26,-25,175
1743496709.819656,46,20,121
1743496709.855656,-79,-9,95
1743496709.8916562,-3,42,237
1743496709.926656,-35,46,145
1743496709.962656,-33,-1,179
1743496709.997656,-23,16,157
1743496710.032656,-23,24,143
1743496710.067656,-7,34,165
1743496710.103656,-55,70,255
1743496710.139656,7,54,193
1743496710.1746562,69,-55,101
1743496710.2106562,-22,-1,25
1743496710.245656,49,-47,39
1743496710.280656,4,18,193
1743496710.315656,-73,28,123
1743496710.351656,38,-21,135
1743496710.387656,70,-5,167
1743496710.422656,-5,64,199
1743496710.458656,38,-75,99
1743496710.4936562,-13,-5,131
1743496710.528656,-29,-17,175
1743496710.564656,62,-53,97
1743496710.599656,-55,-53,105
1743496710.635656,-23,-19,105
1743496710.670656,-25,-21,155
1743496710.706656,26,-107,195
1743496710.741656,68,36,223
1743496710.7766562,56,-45,155
1743496710.8126562,-27,2,111
1743496710.847656,68,-117,153
1743496710.883656,-43,-57,79
1743496710.918656,22,0,175
1743496710.954656,-123,42,165
1743496710.989656,36,-33,249
1743496711.024656,98,-43,121
1743496711.060656,28,46,45
1743496711.0956562,22,-15,153
1743496711.1316562,-3,-17,100
1743496711.166656,6,-29,195
1743496711.202656,4,-37,213
1743496711.237656,64,46,229
1743496711.272656,95,-21,-11
1743496711.308656,5,-27,118
1743496711.343656,5,8,162
1743496711.379656,39,44,144
1743496711.4146562,-10,-25,78
1743496711.450656,-54,48,268
1743496711.485656,67,-41,204
1743496711.520656,43,46,74
1743496711.556656,3,-21,174
1743496711.591656,9,-19,100
1743496711.627656,75,22,164
1743496711.662656,65,-29,234
1743496711.698656,50,-9,286
1743496711.7336562,36,-3,156
1743496711.768656,-35,28,108
1743496711.804656,-35,56,62
1743496711.839656,-35,-21,148
1743496711.875656,57,14,-3
1743496711.910656,33,-31,152
1743496711.946656,47,28,206
1743496711.981656,21,-52,118
1743496712.0166562,-2,0,200
1743496712.052656,-4,-28,170
1743496712.087656,31,-41,92
1743496712.123656,-64,28,126
1743496712.158656,25,-3,170
1743496712.194656,-14,-39,96
1743496712.229656,-48,-5,170
1743496712.264656,27,-36,102
1743496712.300656,13,-53,206
1743496712.3356562,58,54,266
1743496712.371656,10,-57,118
1743496712.406656,-27,-9,32
1743496712.448656,-23,4,128
1743496712.484656,10,24,116
1743496712.520656,58,62,96
1743496712.556656,-35,0,148
1743496712.591656,46,-37,98
1743496712.627656,-1,104,198
1743496712.662656,62,-9,112
1743496712.698656,-7,16,172
1743496712.7336562,28,-19,38
1743496712.768656,-51,-31,124
1743496712.804656,26,-35,84
1743496712.839656,-9,62,118
1743496712.875656,11,-39,64
1743496712.910656,-76,-49,62
1743496712.946656,20,-5,64
1743496712.981656,16,8,152
1743496713.0166562,31,-7,126
1743496713.052656,13,60,152
1743496713.087656,65,-31,-49
1743496713.123656,-36,36,44
1743496713.158656,5,20,20
1743496713.194656,5,48,42
1743496713.229656,-70,14,144
1743496713.264656,-103,48,168
1743496713.300656,16,24,172
1743496713.3356562,-101,-27,116
1743496713.371656,20,32,220
1743496713.406656,-11,-1,106
1743496713.442656,12,-25,114
1743496713.477656,-35,-25,182
1743496713.512656,6,-15,78
1743496713.548656,-6,30,134
1743496713.583656,6,-85,116
1743496713.619656,96,44,-9
1743496713.6546562,14,-3,-21
1743496713.690656,-93,-23,212
1743496713.725656,44,6,214
1743496713.760656,-37,-29,-19
1743496713.796656,-65,-11,182
1743496713.831656,-71,-47,194
1743496713.867656,14,-59,46
1743496713.902656,-61,32,48
1743496713.938656,16,50,158
1743496713.974656,-103,30,134
1743496714.010656,8,0,86
1743496714.046656,54,-73,214
1743496714.081656,-29,-6,176
1743496714.116656,-41,-35,-35
1743496714.152656,16,-27,144
1743496714.188656,-63,-6,182
1743496714.223656,-45,15,208
1743496714.259656,-3,-113,186
1743496714.294656,4,-21,76
1743496714.329656,14,-7,234
1743496714.364656,-9,0,244
1743496714.400656,12,-5,228
1743496714.436656,20,-21,72
1743496714.471656,36,-13,42
1743496714.507656,-51,-15,224
1743496714.542656,-55,6,176
1743496714.577656,-9,-17,164
1743496714.612656,44,-5,10
1743496714.648656,44,0,204
1743496714.684656,-49,10,54
1743496714.719656,26,-97,124
1743496714.755656,-67,-23,252
1743496714.790656,-95,34,124
1743496714.825656,12,6,190
1743496714.860656,-101,-19,64
1743496714.896656,-37,34,56
1743496714.932656,44,46,46
1743496714.967656,59,18,139
1743496715.003656,88,16,-20
1743496715.038656,-47,30,195
1743496715.073656,-31,-13,131
1743496715.1086562,-20,-71,37
1743496715.144656,22,76,125
1743496715.180656,4,-57,101
1743496715.215656,-7,18,133
1743496715.251656,-33,34,137
1743496715.286656,-13,0,243
1743496715.321656,-29,-21,111
1743496715.356656,44,-55,191
1743496715.392656,44,-17,75
1743496715.428656,-21,-31,43
1743496715.463656,-45,-27,149
1743496715.499656,-95,-1,183
1743496715.534656,38,-1,111
1743496715.569656,24,-45,185
1743496715.604656,-1,42,267
1743496715.640656,-23,-107,141
1743496715.676656,-3,-9,131
1743496715.711656,32,10,147
1743496715.747656,44,-47,17
1743496715.782656,-39,-13,-20
1743496715.817656,-29,-37,175
1743496715.852656,14,-15,177
1743496715.888656,-17,-55,247
1743496715.9246562,-3,58,159
1743496715.959656,80,0,11
1743496715.995656,50,-69,145
1743496716.030656,54,-35,33
1743496716.065656,12,-13,143
1743496716.100656,44,8,161
1743496716.136656,-13,60,79
1743496716.172656,30,-39,127
1743496716.207656,16,-71,193
1743496716.2436562,12,71,203
1743496716.278656,-69,21,175
1743496716.313656,12,-12,55
1743496716.348656,-17,25,205
1743496716.384656,-91,3,175
1743496716.420656,2,-10,-6
1743496716.455656,-1,-42,97
1743496716.491656,18,-44,95
1743496716.5266562,18,-10,121
1743496716.561656,18,52,191
1743496716.596656,-59,-67,179
1743496716.632656,12,-27,90
1743496716.668656,43,-13,194
1743496716.703656,28,-33,2
1743496716.739656,-38,28,154
1743496716.774656,-5,4,132
1743496716.809656,-37,-47,104
1743496716.844656,-3,90,220
1743496716.880656,-13,-37,144
1743496716.916656,-15,-48,-7
1743496716.951656,28,-19,102
1743496716.987656,96,-43,96
1743496717.022656,50,-91,152
1743496717.057656,34,-86,100
1743496717.092656,-67,-60,108
1743496717.128656,28,5,138
1743496717.1646562,-27,37,158
1743496717.199656,-45,7,156
1743496717.235656,0,-32,44
1743496717.270656,-21,-50,86
1743496717.305656,-9,31,126
1743496717.340656,12,1,84
1743496717.376656,50,-50,34
1743496717.412656,-93,29,128
1743496717.4476562,52,-48,98
1743496717.4836562,98,5,72
1743496717.518656,2,-3,186
1743496717.553656,12,28,8
1743496717.588656,32,48,138
1743496717.624656,102,18,132
1743496717.660656,44,-23,22
1743496717.695656,-29,-45,72
1743496717.731656,-55,20,198
1743496717.7666562,56,24,70
1743496717.801656,50,-33,248
1743496717.836656,-51,-62,188
1743496717.872656,-15,-16,164
1743496717.908656,-23,21,258
1743496717.943656,-13,0,198
1743496717.979656,-59,39,16
1743496718.014656,-87,23,144
1743496718.0496562,44,27,118
1743496718.084656,-101,-2,220
1743496718.120656,-9,-6,-5
1743496718.156656,46,34,66
1743496718.191656,62,36,212
1743496718.227656,80,-31,202
1743496718.262656,-15,20,83
1743496718.297656,54,-23,199
1743496718.332656,-23,-59,94
1743496718.3686562,-11,-37,152
1743496718.4046562,40,49,151
1743496718.439656,66,-8,229
1743496718.475656,-25,-36,135
1743496718.510656,52,-30,153
1743496718.545656,10,1,159
1743496718.580656,46,31,167
1743496718.616656,26,-12,-4
1743496718.652656,50,-6,155
1743496718.6876562,-21,-96,203
1743496718.723656,12,-34,69
1743496718.758656,12,63,121
1743496718.793656,-55,25,157
1743496718.828656,-95,21,149
1743496718.864656,56,-56,139
1743496718.900656,-45,13,249
1743496718.935656,2,11,159
1743496718.971656,-23,-20,315
1743496719.0066562,-19,0,153
1743496719.041656,32,85,135
1743496719.076656,38,-10,165
1743496719.112656,60,-54,81
1743496719.148656,36,47,217
1743496719.183656,38,0,41
1743496719.219656,0,-10,49
1743496719.254656,36,13,115
1743496719.2896562,-113,-4,145
1743496719.324656,-11,39,65
1743496719.360656,-11,3,89
1743496719.396656,-9,-22,201
1743496719.431656,-37,19,129
1743496719.467656,-81,-54,167
1743496719.502656,-43,-31,179
1743496719.537656,20,12,155
1743496719.5726562,26,-18,217
1743496719.6086562,-3,5,171
1743496719.644656,10,11,75
1743496719.679656,-87,-22,241
1743496719.715656,-1,-8,168
1743496719.750656,-83,45,84
1743496719.785656,-35,49,44
1743496719.820656,26,59,103
1743496719.856656,-53,-62,199
1743496719.892656,-51,-20,245
1743496719.927656,-83,-32,149
1743496719.963656,12,47,246
1743496719.998656,26,-50,66
1743496720.033656,10,26,144
1743496720.069656,42,-60,54
1743496720.104656,-25,45,108
1743496720.140656,-23,13,130
1743496720.175656,-17,-76,114
1743496720.211656,126,25,154
1743496720.246656,38,6,238
1743496720.281656,74,-37,90
1743496720.317656,-25,30,76
1743496720.352656,6,-45,144
1743496720.388656,-19,-11,134
1743496720.423656,22,-23,182
1743496720.459656,18,26,106
1743496720.494656,60,-61,150
1743496720.5296562,-125,-19,172
1743496720.565656,48,-9,170
1743496720.600656,-25,2,151
1743496720.636656,-43,-33,62
1743496720.671656,64,56,78
1743496720.707656,80,88,60
1743496720.742656,22,-11,134
1743496720.777656,12,10,180
1743496720.813656,-21,26,124
1743496720.848656,-27,24,-3
1743496720.884656,-31,40,94
1743496720.919656,36,46,220
1743496720.955656,2,2,8
1743496720.990656,36,26,76
1743496721.025656,16,-29,142
1743496721.061656,-19,18,192
1743496721.096656,20,-63,190
1743496721.132656,-65,-31,98
1743496721.167656,22,-67,150
1743496721.203656,-15,40,60
1743496721.238656,-87,-31,58
1743496721.273656,12,-15,180
1743496721.309656,-35,-27,42
1743496721.344656,-17,-87,50
1743496721.380656,86,32,132
1743496721.415656,72,-29,32
1743496721.451656,64,-51,-3
1743496721.486656,36,-5,244
1743496721.521656,-39,4,158
1743496721.557656,4,36,226
1743496721.592656,-7,-17,178
1743496721.628656,-9,-69,130
1743496721.663656,-13,52,32
1743496721.699656,-15,16,196
1743496721.734656,2,-25,98
1743496721.769656,-29,38,202
1743496721.805656,-45,-61,256
1743496721.840656,-17,-65,104
1743496721.876656,52,6,110
1743496721.911656,2,-3,170
1743496721.9476562,50,14,64
1743496721.982656,46,-23,222
1743496722.017656,62,-51,110
1743496722.053656,22,58,48
1743496722.088656,30,-21,114
1743496722.124656,-5,-7,48
1743496722.159656,-21,42,48
1743496722.195656,0,-29,42
1743496722.230656,-43,74,122
1743496722.265656,38,10,288
1743496722.301656,-25,22,58
1743496722.336656,-3,6,130
1743496722.372656,-25,-7,114
1743496722.407656,60,-53,6
1743496722.449656,3,-71,112
1743496722.485656,-43,42,120
1743496722.521656,-52,36,252
1743496722.557656,53,66,156
1743496722.592656,13,-11,91
1743496722.628656,3,16,105
1743496722.663656,41,28,193
1743496722.699656,-20,76,123
1743496722.734656,-2,-41,115
1743496722.769656,39,-9,71
1743496722.805656,73,-17,133
1743496722.840656,75,30,247
1743496722.876656,-90,60,225
1743496722.911656,22,-61,177
1743496722.9476562,68,2,115
1743496722.982656,-35,52,175
1743496723.017656,26,-21,63
1743496723.053656,-33,-61,89
1743496723.088656,10,-33,151
1743496723.124656,-7,6,163
1743496723.159656,-35,-59,143
1743496723.195656,-49,-15,115
1743496723.230656,-41,-55,99
1743496723.265656,36,-7,3
1743496723.301656,-39,74,81
1743496723.336656,-15,30,163
1743496723.372656,-35,-55,175
1743496723.407656,20,0,-6
1743496723.443656,36,62,191
1743496723.479656,-35,6,201
1743496723.514656,56,54,97
1743496723.5496562,-1,32,73
1743496723.5856562,60,-19,21
1743496723.621656,-29,18,69
1743496723.656656,-25,-5,11
1743496723.692656,32,-73,73
1743496723.727656,-19,52,135
1743496723.762656,-5,-1,131
1743496723.797656,40,7,181
1743496723.833656,10,57,129
1743496723.869656,-13,15,85
1743496723.9046562,42,5,175
1743496723.940656,54,-12,207
1743496723.975656,7,-62,123
1743496724.010656,-28,27,67
1743496724.045656,60,-38,157
1743496724.081656,85,-20,149
1743496724.117656,-28,1,67
1743496724.152656,55,33,139
1743496724.188656,25,35,191
1743496724.223656,-26,-30,17
1743496724.258656,9,15,67
1743496724.293656,55,-64,297
1743496724.329656,-44,-46,129
1743496724.365656,-10,25,61
1743496724.400656,55,-23,125
1743496724.436656,19,-2,151
1743496724.471656,-42,15,79
1743496724.5066562,-42,-3,163
1743496724.541656,-11,-38,-2
1743496724.577656,72,43,48
1743496724.613656,104,-14,224
1743496724.648656,43,-44,186
1743496724.684656,23,33,36
1743496724.719656,-43,-8,190
1743496724.754656,14,-52,58
1743496724.7896562,-11,9,170
1743496724.825656,-1,-30,188
1743496724.861656,-11,-28,184
1743496724.896656,44,23,38
1743496724.932656,52,-2,142
1743496724.967656,-41,61,120
1743496725.002656,35,28,88
1743496725.037656,17,38,96
1743496725.073656,2,12,38
1743496725.109656,3,-55,196
1743496725.144656,-54,8,26
1743496725.180656,-111,-29,48
1743496725.215656,18,-29,166
1743496725.250656,56,-43,64
1743496725.285656,12,-3,128
1743496725.321656,-81,4,146
1743496725.357656,56,40,144
1743496725.392656,-13,-43,62
1743496725.428656,38,-49,144
1743496725.463656,-59,-65,108
1743496725.498656,-24,40,160
1743496725.533656,25,6,38
1743496725.569656,13,-61,268
1743496725.605656,-2,8,58
1743496725.640656,9,6,138
1743496725.676656,79,4,162
1743496725.711656,-50,32,154
1743496725.746656,19,28,156
1743496725.781656,1,-133,118
1743496725.817656,-36,-21,80
1743496725.853656,53,40,198
1743496725.888656,-14,-31,190
1743496725.9246562,-36,36,98
1743496725.959656,47,6,202
1743496725.994656,1,-9,98
1743496726.0296562,-38,-23,102
1743496726.065656,39,-13,180
1743496726.101656,-18,33,66
1743496726.136656,31,33,180
1743496726.172656,41,-56,122
1743496726.207656,71,-53,202
1743496726.242656,-26,18,94
1743496726.277656,23,-13,96
1743496726.313656,43,44,110
1743496726.349656,-42,-35,132
1743496726.384656,-12,-5,78
1743496726.420656,5,30,146
1743496726.455656,-40,38,132
1743496726.490656,-10,8,150
1743496726.525656,67,-40,126
1743496726.561656,33,79,188
1743496726.597656,35,-54,238
1743496726.632656,41,-20,72
1743496726.668656,-30,43,236
1743496726.703656,3,41,148
1743496726.738656,25,-38,140
1743496726.773656,37,118,72
1743496726.809656,103,7,52
1743496726.8456562,5,-8,180
1743496726.880656,49,0,70
1743496726.916656,-18,-10,68
1743496726.951656,3,5,160
1743496726.986656,-40,15,150
1743496727.021656,31,-8,202
1743496727.057656,-40,25,58
1743496727.093656,-76,33,150
1743496727.128656,-20,17,178
1743496727.1646562,27,39,114
1743496727.199656,-44,-38,124
1743496727.234656,-46,-8,128
1743496727.269656,-46,-66,182
1743496727.305656,-78,-6,114
1743496727.341656,71,-46,24
1743496727.376656,49,15,56
1743496727.412656,-4,-24,182
1743496727.4476562,13,17,178
1743496727.482656,-2,0,220
1743496727.517656,-104,25,142
1743496727.553656,-6,9,144
1743496727.589656,-36,5,96
1743496727.624656,-16,53,154
1743496727.660656,-54,87,150
1743496727.695656,39,-3,148
1743496727.730656,17,96,62
1743496727.765656,9,-5,78
1743496727.801656,-22,74,162
1743496727.837656,-2,44,160
1743496727.872656,-10,-3,172
1743496727.908656,-40,4,218
1743496727.943656,25,0,60
1743496727.978656,25,-8,276
1743496728.013656,23,-70,184
1743496728.0496562,-50,7,232
1743496728.0856562,-38,19,106
1743496728.120656,7,11,154
1743496728.156656,-16,46,332
1743496728.191656,-26,20,178
1743496728.226656,45,-9,176
1743496728.261656,-36,120,292
1743496728.297656,51,-9,50
1743496728.333656,-20,-3,202
1743496728.3686562,-32,-27,134
1743496728.4046562,-54,24,206
1743496728.439656,71,68,170
1743496728.474656,44,44,170
1743496728.509656,-87,88,132
1743496728.545656,18,-35,178
1743496728.581656,21,-71,4
1743496728.616656,-30,-27,136
1743496728.652656,-31,-47,156
1743496728.6876562,-37,12,98
1743496728.722656,84,18,126
1743496728.757656,-3,-15,174
1743496728.793656,-65,54,90
1743496728.829656,100,-103,178
1743496728.864656,34,60,90
1743496728.900656,6,20,111
1743496728.935656,-7,38,157
1743496728.9706562,-17,-21,19
1743496729.005656,34,-11,63
1743496729.041656,0,-61,208
1743496729.077656,102,46,16
1743496729.112656,-23,-15,124
1743496729.148656,30,-71,80
1743496729.183656,33,-1,169
1743496729.218656,81,-25,195
1743496729.253656,44,-29,173
1743496729.2896562,53,-23,157
1743496729.325656,-24,-43,171
1743496729.360656,35,36,127
1743496729.396656,-8,-1,77
1743496729.431656,-22,-89,141
1743496729.466656,27,28,185
1743496729.502656,3,50,153
1743496729.537656,-10,-43,221
1743496729.573656,51,-31,143
1743496729.6086562,23,4,111
1743496729.644656,25,9,81
1743496729.679656,-42,-40,115
1743496729.714656,-2,13,15
1743496729.750656,66,26,121
1743496729.785656,26,46,93
1743496729.821656,-94,-5,103
1743496729.856656,-103,-23,125
1743496729.892656,-14,8,85
1743496729.927656,-16,64,59
1743496729.962656,-14,10,205
1743496729.998656,41,-57,63
1743496730.033656,63,-29,83
1743496730.069656,-86,8,113
1743496730.104656,99,2,215
1743496730.140656,-5,-39,85
1743496730.175656,-37,70,27
1743496730.2106562,-7,-43,119
1743496730.246656,36,-21,155
1743496730.281656,28,20,123
1743496730.317656,36,16,171
1743496730.352656,112,-45,247
1743496730.388656,129,-53,77
1743496730.423656,2,52,95
1743496730.458656,-19,-63,205
1743496730.494656,33,-17,205
1743496730.5296562,3,8,81
1743496730.565656,43,-63,69
1743496730.600656,-94,82,111
1743496730.636656,0,-49,167
1743496730.671656,-44,80,177
1743496730.706656,-46,34,211
1743496730.742656,-22,-9,130
1743496730.777656,-56,-25,215
1743496730.813656,10,-1,86
1743496730.848656,-9,-19,146
1743496730.884656,-26,31,80
1743496730.919656,-9,-3,84
1743496730.954656,-14,59,94
1743496730.990656,-22,-28,-65
1743496731.025656,-20,-58,66
1743496731.061656,25,21,46
1743496731.096656,-6,-69,146
1743496731.132656,45,32,190
1743496731.167656,-26,-45,48
1743496731.202656,-30,-75,36
1743496731.238656,-48,-51,34
1743496731.273656,-30,-45,14
1743496731.309656,-10,68,122
1743496731.344656,-54,10,54
1743496731.380656,71,-3,158
1743496731.415656,-10,-7,198
1743496731.450656,5,24,120
1743496731.486656,71,10,36
1743496731.521656,-120,4,180
1743496731.557656,-30,-53,246
1743496731.592656,-92,48,84
1743496731.628656,67,4,84
1743496731.663656,11,-17,102
1743496731.698656,21,46,74
1743496731.734656,43,16,234
1743496731.769656,-34,12,138
1743496731.805656,23,-45,50
1743496731.840656,-22,10,142
1743496731.876656,-36,24,48
1743496731.911656,29,-24,178
1743496731.946656,-34,-20,36
1743496731.982656,-62,19,154
1743496732.017656,-58,-15,184
1743496732.053656,27,8,274
1743496732.088656,-33,108,108
1743496732.124656,-17,-83,94
1743496732.159656,-29,-31,150
1743496732.194656,-9,-7,38
1743496732.230656,56,-19,138
1743496732.265656,60,14,160
1743496732.301656,24,19,224
1743496732.336656,8,-10,64
1743496732.372656,-25,91,82
1743496732.407656,-77,-1,212
1743496732.442656,-45,26,166
1743496732.485656,-19,-11,210
1743496732.521656,-25,50,50
1743496732.557656,100,-61,196
1743496732.592656,-39,-17,228
1743496732.628656,-25,70,110
1743496732.663656,-80,36,130
1743496732.698656,-9,40,182
1743496732.734656,26,-37,238
1743496732.769656,-89,2,182
1743496732.805656,74,-19,18
1743496732.840656,88,18,-7
1743496732.876656,43,8,100
1743496732.912656,-8,-19,64
1743496732.948656,-42,-21,52
1743496732.984656,-80,-21,116
1743496733.019656,19,16,220
1743496733.054656,-22,-57,212
1743496733.090656,27,-11,148
1743496733.126656,-10,-47,152
1743496733.161656,-10,-23,124
1743496733.1976562,0,46,94
1743496733.232656,67,22,180
1743496733.267656,63,40,30
1743496733.302656,-13,10,120
1743496733.338656,96,-17,122
1743496733.374656,-57,-29,242
1743496733.409656,-35,-5,162
1743496733.445656,-15,-8,62
1743496733.480656,10,-3,74
1743496733.515656,52,24,204
1743496733.550656,-34,50,120
1743496733.586656,-44,-19,90
1743496733.622656,-2,54,86
1743496733.657656,-32,-21,168
1743496733.693656,-42,16,38
1743496733.728656,-16,-7,108
1743496733.763656,13,-71,92
1743496733.798656,1,6,120
1743496733.834656,50,-39,76
1743496733.870656,-48,-11,130
1743496733.905656,3,-15,140
1743496733.941656,32,32,44
1743496733.976656,52,10,74
1743496734.011656,4,68,116
1743496734.046656,-26,22,106
1743496734.082656,-37,-27,128
1743496734.1186562,38,-23,70
1743496734.153656,-43,40,40
1743496734.189656,-5,-7,48
1743496734.224656,-45,74,8
1743496734.259656,22,-45,232
1743496734.294656,-5,32,110
1743496734.330656,46,-8,190
1743496734.366656,8,-36,92
1743496734.4016562,16,-28,132
1743496734.4376562,-49,43,-21
1743496734.472656,20,-26,106
1743496734.507656,24,0,86
1743496734.542656,22,25,88
1743496734.578656,62,2,96
1743496734.614656,-101,6,214
1743496734.649656,-65,42,106
1743496734.685656,-30,124,38
1743496734.7206562,4,36,38
1743496734.755656,-109,48,94
1743496734.790656,-7,-61,34
1743496734.826656,-72,-17,68
1743496734.862656,-2,16,104
1743496734.897656,75,-47,70
1743496734.933656,43,-15,162
1743496734.968656,-60,-55,282
1743496735.003656,97,62,102
1743496735.038656,-20,-11,253
1743496735.074656,24,32,75
1743496735.110656,36,-13,99
1743496735.145656,-57,61,81
1743496735.181656,-89,-70,141
1743496735.216656,2,41,139
1743496735.251656,-5,31,153
1743496735.286656,16,-33,125
1743496735.3226562,4,-75,197
1743496735.3586562,48,-61,150
1743496735.393656,54,-69,36
1743496735.429656,-15,20,174
1743496735.464656,26,60,152
1743496735.499656,30,-37,266
1743496735.534656,43,-19,130
1743496735.570656,-16,-21,26
1743496735.606656,-44,12,140
1743496735.6416562,81,50,164
1743496735.677656,-21,56,62
1743496735.712656,48,-5,64
1743496735.747656,42,6,35
1743496735.782656,52,64,71
1743496735.818656,-5,-31,232
1743496735.854656,12,12,89
1743496735.889656,-45,-31,166
1743496735.925656,-75,12,187
1743496735.9606562,-5,-49,137
1743496735.995656,-21,24,151
1743496736.030656,41,18,101
1743496736.066656,7,16,189
1743496736.102656,75,14,75
1743496736.137656,-28,-57,173
1743496736.173656,35,32,151
1743496736.208656,74,36,113
1743496736.2436562,-17,-41,35
1743496736.278656,-31,-19,107
1743496736.314656,-3,-11,157
1743496736.350656,24,14,125
1743496736.385656,28,-31,131
1743496736.421656,-23,-17,97
1743496736.456656,68,-5,79
1743496736.491656,34,0,133
1743496736.5266562,0,36,41
1743496736.5626562,50,34,133
1743496736.598656,-45,-23,55
1743496736.633656,78,-15,99
1743496736.669656,20,-37,241
1743496736.704656,-55,-27,83
1743496736.739656,14,8,171
1743496736.774656,-25,-21,143
1743496736.810656,82,-19,133
1743496736.846656,4,12,135
1743496736.8816562,-63,-21,45
1743496736.917656,-42,-31,67
1743496736.952656,2,0,121
1743496736.987656,-15,10,123
1743496737.022656,-71,16,141
1743496737.058656,-53,-1,253
1743496737.094656,89,25,197
1743496737.129656,39,-8,153
1743496737.165656,47,-59,65
1743496737.200656,27,-8,123
1743496737.235656,-50,-4,181
1743496737.270656,19,-6,99
1743496737.306656,-16,16,175
1743496737.342656,0,72,73
1743496737.377656,74,-47,99
1743496737.413656,-1,16,185
1743496737.448656,-51,-5,95
1743496737.4836562,26,20,213
1743496737.518656,-5,-85,67
1743496737.554656,-73,-21,131
1743496737.590656,-37,82,195
1743496737.625656,-5,32,93
1743496737.661656,-75,-3,101
1743496737.696656,18,44,159
1743496737.731656,-41,-13,193
1743496737.7666562,20,4,131
1743496737.802656,-17,18,111
1743496737.838656,-69,24,137
1743496737.873656,52,-27,243
1743496737.909656,8,26,147
1743496737.944656,4,-53,137
1743496737.979656,-53,8,167
1743496738.014656,-77,8,151
1743496738.050656,-67,-53,76
1743496738.086656,2,-9,168
1743496738.121656,10,-11,70
1743496738.157656,-53,-15,192
1743496738.192656,6,-109,220
1743496738.227656,82,-53,228
1743496738.262656,0,92,100
1743496738.298656,-1,-23,148
1743496738.334656,-43,-21,42
1743496738.369656,62,54,42
1743496738.405656,38,36,104
1743496738.440656,74,32,154
1743496738.475656,25,4,128
1743496738.510656,-14,20,120
1743496738.546656,65,-1,34
1743496738.582656,13,2,202
1743496738.617656,19,12,180
1743496738.653656,-16,-87,140
1743496738.688656,13,-10,74
1743496738.723656,25,66,116
1743496738.758656,7,-75,236
1743496738.794656,-36,46,190
1743496738.830656,-22,-41,-11
1743496738.865656,-22,-15,126
1743496738.9016562,171,-81,34
1743496738.936656,-58,-85,154
1743496738.971656,-2,-43,192
1743496739.007656,43,0,74
1743496739.042656,19,49,60
1743496739.078656,-48,-39,164
1743496739.113656,33,44,210
1743496739.149656,-20,12,88
1743496739.184656,29,46,34
1743496739.219656,5,22,172
1743496739.255656,11,-27,206
1743496739.290656,-30,-37,118
1743496739.326656,19,-57,162
1743496739.361656,31,44,278
1743496739.397656,78,40,180
1743496739.432656,40,-57,100
1743496739.467656,-25,17,152
1743496739.503656,24,-56,188
1743496739.538656,45,-12,140
1743496739.574656,92,-29,146
1743496739.609656,-21,100,82
1743496739.645656,-51,-31,110
1743496739.680656,-5,84,104
1743496739.715656,56,-19,206
1743496739.751656,26,70,112
1743496739.786656,-19,24,98
1743496739.8226562,10,50,-43
1743496739.857656,-5,-33,190
1743496739.893656,30,34,48
1743496739.928656,74,52,122
1743496739.963656,12,-87,136
1743496739.999656,-19,-37,126
1743496740.034656,-37,-81,146
1743496740.070656,-69,-79,112
1743496740.105656,-35,-55,64
1743496740.1416562,70,6,104
1743496740.176656,4,-15,28
1743496740.211656,2,52,36
1743496740.247656,-9,-41,108
1743496740.282656,6,20,108
1743496740.318656,8,98,106
1743496740.353656,14,-7,71
1743496740.389656,84,52,33
1743496740.4246562,30,16,117
1743496740.459656,10,68,179
1743496740.495656,22,-37,43
1743496740.530656,-11,-93,227
1743496740.566656,-9,-49,197
1743496740.601656,20,8,143
1743496740.637656,52,52,55
1743496740.672656,10,-1,155
1743496740.707656,-15,54,115
1743496740.7436562,-37,-69,213
1743496740.778656,41,60,41
1743496740.814656,70,20,91
1743496740.849656,-1,104,162
1743496740.885656,36,-37,164
1743496740.920656,22,42,191
1743496740.955656,42,-129,110
1743496740.991656,38,58,200
1743496741.0266562,18,-45,142
1743496741.0626562,70,52,192
1743496741.097656,10,14,142
1743496741.133656,18,-17,116
1743496741.168656,30,54,95
1743496741.203656,-7,92,-35
1743496741.239656,-25,-35,102
1743496741.274656,-1,-9,144
1743496741.310656,4,-17,184
1743496741.3456562,-79,-41,102
1743496741.3816562,-15,48,110
1743496741.416656,-61,-53,167
1743496741.451656,28,2,160
1743496741.487656,70,2,140
1743496741.522656,6,8,180
1743496741.558656,66,24,128
1743496741.593656,-3,-41,70
1743496741.629656,-7,0,108
1743496741.6646562,32,-7,54
1743496741.699656,-67,16,102
1743496741.735656,-19,54,172
1743496741.770656,-31,-19,139
1743496741.806656,-61,-31,225
1743496741.841656,-17,-7,237
1743496741.877656,4,86,79
1743496741.912656,-77,56,283
1743496741.9476562,16,4,153
1743496741.9836562,-27,44,157
1743496742.018656,40,-31,107
1743496742.054656,-57,4,89
1743496742.089656,-75,-37,95
1743496742.125656,8,-65,165
1743496742.160656,10,-43,71
1743496742.195656,-103,36,41
1743496742.231656,64,30,173
1743496742.2666562,14,-15,115
1743496742.302656,22,-19,115
1743496742.337656,-7,-3,19
1743496742.373656,-59,-7,27
1743496742.409656,-29,-29,193
1743496742.445656,-11,-43,108
1743496742.487656,-43,66,59
1743496742.523656,-43,-53,195
1743496742.559656,12,6,33
1743496742.594656,4,4,85
1743496742.630656,72,24,77
1743496742.665656,36,58,-76
1743496742.700656,24,-55,325
1743496742.735656,-11,28,159
1743496742.771656,38,-41,145
1743496742.807656,79,-17,195
1743496742.842656,123,16,209
1743496742.878656,7,-45,257
1743496742.913656,-22,40,169
1743496742.948656,-34,-3,161
1743496742.9836562,55,-3,131
1743496743.019656,17,6,147
1743496743.055656,39,-27,167
1743496743.090656,37,18,155
1743496743.126656,-60,40,165
1743496743.161656,57,-11,223
1743496743.196656,-16,18,111
1743496743.231656,47,14,101
1743496743.267656,-10,-3,19
1743496743.303656,-38,6,29
1743496743.338656,39,24,183
1743496743.374656,-6,20,109
1743496743.409656,4,-41,101
1743496743.444656,16,-25,5
1743496743.479656,41,-37,281
1743496743.515656,11,16,99
1743496743.551656,29,-47,93
1743496743.586656,-18,46,209
1743496743.622656,-24,-5,159
1743496743.657656,52,-83,-20
1743496743.692656,52,-7,203
1743496743.727656,0,-9,201
1743496743.763656,79,-9,157
1743496743.7996562,-64,-25,143
1743496743.834656,29,44,175
1743496743.870656,-42,-39,15
1743496743.905656,-2,48,39
1743496743.940656,0,18,227
1743496743.975656,22,16,179
1743496744.011656,30,22,139
1743496744.047656,28,6,97
1743496744.082656,-47,-49,135
1743496744.1186562,-67,-19,127
1743496744.153656,2,-17,153
1743496744.188656,54,44,115
1743496744.223656,-33,50,41
1743496744.259656,12,-35,221
1743496744.295656,40,36,117
1743496744.330656,38,54,105
1743496744.366656,26,-43,129
1743496744.4016562,20,16,131
1743496744.436656,-53,-9,147
1743496744.471656,26,4,99
1743496744.507656,36,32,105
1743496744.543656,-47,4,111
1743496744.578656,10,-33,131
1743496744.614656,-25,0,155
1743496744.649656,42,12,79
1743496744.684656,-67,48,43
1743496744.719656,-67,54,125
1743496744.755656,7,-9,169
1743496744.791656,0,26,157
1743496744.826656,39,24,141
1743496744.862656,71,18,167
1743496744.897656,41,14,199
1743496744.932656,11,40,237
1743496744.967656,68,34,189
1743496745.003656,2,-61,209
1743496745.0396562,-15,6,159
1743496745.074656,28,-3,283
1743496745.110656,58,46,69
1743496745.145656,98,-13,37
1743496745.180656,76,-11,155
1743496745.215656,-69,-17,185
1743496745.251656,-9,-71,137
1743496745.287656,-3,26,179
1743496745.3226562,96,40,161
1743496745.3586562,8,-81,29
1743496745.393656,18,4,99
1743496745.428656,-27,-3,133
1743496745.463656,52,-63,145
1743496745.499656,10,-63,158
1743496745.535656,-67,-43,94
1743496745.570656,-3,62,42
1743496745.606656,-5,54,148
1743496745.6416562,-19,-75,170
1743496745.676656,-22,-31,134
1743496745.711656,81,-27,278
1743496745.747656,-66,22,162
1743496745.783656,-47,34,216
1743496745.818656,24,58,94
1743496745.854656,8,12,54
1743496745.889656,-9,-35,66
1743496745.9246562,26,-51,150
1743496745.959656,78,-23,14
1743496745.995656,-35,-29,82
1743496746.031656,24,-1,88
1743496746.066656,-29,72,72
1743496746.102656,-39,46,124
1743496746.137656,-89,-23,-3
1743496746.172656,14,24,98
1743496746.207656,8,-57,106
1743496746.2436562,-65,-5,70
1743496746.2796562,0,6,112
1743496746.314656,-53,80,248
1743496746.350656,54,-41,168
1743496746.385656,16,52,150
1743496746.420656,90,-31,56
1743496746.455656,50,-5,128
1743496746.491656,106,22,236
1743496746.527656,56,38,164
1743496746.563656,-53,-45,36
1743496746.599656,-37,10,90
1743496746.634656,54,28,186
1743496746.670656,64,-51,110
1743496746.705656,-57,4,84
1743496746.740656,-11,-39,130
1743496746.775656,20,-31,196
1743496746.811656,-53,16,144
1743496746.847656,-45,20,130
1743496746.882656,59,-23,164
1743496746.918656,36,-31,114
1743496746.953656,56,16,130
1743496746.988656,-9,22,-7
1743496747.023656,-63,14,156
1743496747.059656,-9,-69,110
1743496747.0956562,-55,6,-57
1743496747.130656,-47,-27,186
1743496747.166656,8,78,148
1743496747.201656,54,-73,178
1743496747.236656,6,-41,134
1743496747.271656,14,72,96
1743496747.307656,-45,44,70
1743496747.343656,-37,-55,190
1743496747.378656,34,-23,236
1743496747.4146562,76,-57,108
1743496747.449656,42,112,102
1743496747.484656,38,-37,142
1743496747.519656,40,24,144
1743496747.555656,60,-49,96
1743496747.591656,-17,-37,184
1743496747.626656,62,10,124
1743496747.662656,66,78,132
1743496747.6976562,0,26,202
1743496747.732656,-17,-17,236
1743496747.767656,44,16,32
1743496747.803656,24,-9,182
1743496747.839656,44,-6,130
1743496747.874656,-5,8,140
1743496747.910656,62,30,-47
1743496747.945656,26,-27,68
1743496747.980656,-13,51,122
1743496748.015656,-25,55,112
1743496748.051656,66,89,18
1743496748.087656,84,11,116
1743496748.122656,0,-28,100
1743496748.158656,36,39,37
1743496748.193656,-7,-34,225
1743496748.228656,2,-10,-6
1743496748.263656,-73,25,153
1743496748.2996562,-19,-33,199
1743496748.3356562,-17,8,19
1743496748.370656,2,-57,115
1743496748.406656,-23,46,157
1743496748.441656,52,84,131
1743496748.476656,-91,-43,223
1743496748.512656,-57,-25,133
1743496748.547656,20,42,159
1743496748.583656,19,-61,95
1743496748.6186562,17,-35,33
1743496748.6546562,55,-11,203
1743496748.689656,-6,-3,193
1743496748.724656,-53,-39,113
1743496748.760656,-74,56,93
1743496748.795656,-1,16,39
1743496748.831656,20,-43,119
1743496748.866656,-33,-13,53
1743496748.902656,-26,20,147
1743496748.9376562,-23,-21,107
1743496748.972656,-7,42,167
1743496749.008656,8,-29,73
1743496749.043656,10,-5,61
1743496749.079656,30,24,67
1743496749.114656,18,-59,113
1743496749.150656,80,18,213
1743496749.185656,-29,28,197
1743496749.2206562,60,-25,97
1743496749.2566562,20,-69,55
1743496749.292656,-11,-21,117
1743496749.328656,-69,17,81
1743496749.363656,30,21,19
1743496749.399656,-20,45,81
1743496749.434656,-14,-14,177
1743496749.4706562,29,-34,119
1743496749.505656,7,3,211
1743496749.540656,33,-62,167
1743496749.576656,-44,-104,41
1743496749.611656,-30,-20,159
1743496749.647656,49,-4,125
1743496749.682656,-42,31,117
1743496749.718656,61,-18,177
1743496749.753656,54,-32,231
1743496749.788656,40,7,235
1743496749.824656,-73,-6,117
1743496749.859656,-21,33,269
1743496749.895656,29,-54,131
1743496749.930656,-58,-36,151
1743496749.966656,23,19,245
1743496750.001656,-17,-52,35
1743496750.036656,-7,-100,71
1743496750.0726562,0,-20,117
1743496750.107656,42,-16,175
1743496750.143656,-18,31,135
1743496750.178656,32,3,77
1743496750.214656,-45,-30,221
1743496750.249656,-1,91,187
1743496750.284656,-29,-6,121
1743496750.320656,-9,1,99
1743496750.355656,-13,-76,75
1743496750.3916562,-66,-62,231
1743496750.426656,-25,13,173
1743496750.462656,4,41,139
1743496750.497656,22,0,29
1743496750.532656,44,39,87
1743496750.568656,-115,19,23
1743496750.603656,6,-10,171
1743496750.639656,-3,-16,141
1743496750.6746562,-71,-76,167
1743496750.7106562,32,29,127
1743496750.745656,8,-20,-22
1743496750.780656,-65,-2,97
1743496750.816656,-47,-48,145
1743496750.851656,-57,-58,203
1743496750.887656,-5,-22,159
1743496750.922656,-3,33,77
1743496750.958656,32,67,179
1743496750.9936562,-1,-23,81
1743496751.028656,4,-47,145
1743496751.064656,36,22,193
1743496751.099656,-1,56,149
1743496751.135656,-69,64,97
1743496751.170656,-29,-61,121
1743496751.206656,48,-23,294
1743496751.241656,2,-51,170
1743496751.2766562,-6,0,78
1743496751.3126562,-18,22,76
1743496751.347656,-2,100,136
1743496751.383656,13,-39,28
1743496751.418656,30,96,146
1743496751.454656,-27,-7,46
1743496751.489656,52,-17,108
1743496751.524656,-39,-37,118
1743496751.560656,-9,26,58
1743496751.5956562,-73,2,10
1743496751.6316562,74,-45,112
1743496751.666656,44,4,132
1743496751.702656,46,32,144
1743496751.737656,-61,38,152
1743496751.772656,-29,-1,154
1743496751.808656,34,-57,180
1743496751.843656,-109,18,98
1743496751.879656,-11,-15,76
1743496751.9146562,48,-11,112
1743496751.950656,-15,-15,148
1743496751.986656,0,-43,174
1743496752.022656,-23,64,238
1743496752.058656,-93,2,173
1743496752.093656,-55,10,97
1743496752.128656,7,6,122
1743496752.1646562,-36,22,134
1743496752.200656,3,-67,110
1743496752.235656,117,16,84
1743496752.271656,-15,-39,122
1743496752.306656,-39,-21,100
1743496752.341656,12,-17,106
1743496752.376656,-24,6,176
1743496752.412656,-10,4,135
1743496752.448656,-3,8,91
1743496752.490656,-3,-13,135
1743496752.527656,2,-45,85
1743496752.5626562,54,88,199
1743496752.597656,74,-19,211
1743496752.632656,60,-37,55
1743496752.668656,3,-37,107
1743496752.704656,-37,44,125
1743496752.739656,-17,38,139
1743496752.775656,56,0,49
1743496752.810656,-33,20,119
1743496752.8456562,-69,-7,109
1743496752.880656,65,-15,153
1743496752.916656,74,4,195
1743496752.952656,37,50,239
1743496752.987656,-42,22,85
1743496753.023656,-10,20,239
1743496753.058656,24,-31,187
1743496753.093656,-1,10,161
1743496753.128656,-81,-35,95
1743496753.1646562,92,16,13
1743496753.200656,12,4,47
1743496753.235656,-39,10,49
1743496753.271656,72,14,99
1743496753.306656,-39,50,155
1743496753.341656,-101,-11,177
1743496753.376656,16,80,131
1743496753.412656,-65,52,185
1743496753.448656,-3,10,157
1743496753.4836562,-5,42,119
1743496753.519656,8,28,155
1743496753.554656,36,36,121
1743496753.589656,28,-31,81
1743496753.624656,-27,-33,133
1743496753.660656,20,-25,161
1743496753.696656,30,62,159
1743496753.731656,8,32,255
1743496753.767656,-5,-19,31
1743496753.802656,2,-17,191
1743496753.837656,-5,-17,85
1743496753.872656,-61,-19,161
1743496753.908656,-3,30,79
1743496753.944656,-1,18,75
1743496753.979656,-51,-45,109
1743496754.015656,-19,-11,105
1743496754.050656,-87,64,111
1743496754.0856562,24,0,259
1743496754.120656,-31,66,91
1743496754.156656,38,64,121
1743496754.192656,-93,10,65
1743496754.227656,-53,-27,87
1743496754.263656,-11,20,111
1743496754.298656,4,-5,135
1743496754.333656,82,-61,181
1743496754.3686562,-95,-89,75
1743496754.4046562,78,-17,151
1743496754.440656,4,-47,107
1743496754.475656,-13,-61,183
1743496754.511656,-61,-15,145
1743496754.546656,20,-77,151
1743496754.581656,-11,-51,53
1743496754.617656,16,-25,205
1743496754.653656,8,24,199
1743496754.688656,134,6,23
1743496754.724656,32,-19,109
1743496754.760656,-69,24,185
1743496754.795656,32,32,89
1743496754.831656,-83,52,101
1743496754.866656,2,-69,131
1743496754.9016562,-39,8,105
1743496754.936656,38,-9,97
1743496754.972656,-45,12,141
1743496755.008656,8,-15,161
1743496755.043656,-9,-3,21
1743496755.079656,46,-31,143
1743496755.114656,-32,38,121
1743496755.149656,35,-43,61
1743496755.184656,19,-83,160
1743496755.2206562,-20,-3,139
1743496755.2566562,31,-19,205
1743496755.291656,-26,-19,191
1743496755.327656,-14,26,39
1743496755.362656,43,44,53
1743496755.397656,25,-47,203
1743496755.432656,-36,-19,73
1743496755.468656,-36,-15,25
1743496755.504656,-44,19,201
1743496755.5396562,-44,40,89
1743496755.575656,-58,50,239
1743496755.610656,-82,-1,209
1743496755.645656,131,20,63
1743496755.680656,-4,-45,147
1743496755.716656,-34,-15,87
1743496755.752656,-54,23,223
1743496755.787656,55,-1,93
1743496755.823656,-44,-68,71
1743496755.8586562,83,24,81
1743496755.893656,-26,48,141
1743496755.928656,-12,-31,178
1743496755.964656,-33,-1,86
1743496756.000656,-3,-3,74
1743496756.035656,34,-3,120
1743496756.071656,-69,14,174
1743496756.106656,-19,56,122
1743496756.1416562,64,-47,118
1743496756.176656,18,54,184
1743496756.212656,12,42,140
1743496756.248656,3,-29,110
1743496756.283656,-34,88,140
1743496756.319656,35,-1,178
1743496756.354656,-50,-11,42
1743496756.389656,1,-23,206
1743496756.4246562,-16,-17,82
1743496756.4606562,-74,-1,114
1743496756.496656,54,-15,4
1743496756.531656,-11,-17,58
1743496756.567656,-13,79,100
1743496756.602656,18,-47,218
1743496756.637656,-3,17,136
1743496756.672656,108,61,142
1743496756.708656,-13,-34,122
1743496756.744656,6,26,48
1743496756.7796562,54,-1,24
1743496756.815656,0,-29,30
1743496756.850656,37,14,150
1743496756.885656,-24,16,60
1743496756.920656,29,-30,172
1743496756.956656,49,-29,8
1743496756.992656,11,-53,170
1743496757.027656,-62,50,92
1743496757.063656,63,-93,28
1743496757.098656,27,14,30
1743496757.133656,7,2,46
1743496757.168656,-39,-23,150
1743496757.204656,-45,-23,92
1743496757.240656,-51,-11,180
1743496757.275656,50,2,198
1743496757.311656,-23,2,136
1743496757.346656,0,10,136
1743496757.3816562,6,-1,138
1743496757.416656,-65,20,176
1743496757.452656,78,-7,168
1743496757.488656,-33,58,132
1743496757.523656,-53,-33,74
1743496757.559656,-19,10,104
1743496757.594656,10,-35,84
1743496757.629656,-63,46,194
1743496757.6646562,-1,-20,198
1743496757.700656,-1,-23,172
1743496757.736656,-11,51,100
1743496757.771656,-21,-25,2
1743496757.807656,-5,63,202
1743496757.842656,-49,7,128
1743496757.877656,-65,-54,201
1743496757.913656,18,3,154
1743496757.948656,-79,-34,144
1743496757.984656,-5,146,154
1743496758.019656,68,0,26
1743496758.055656,-19,-35,0
1743496758.090656,76,-37,100
1743496758.125656,92,-39,166
1743496758.161656,-23,0,200
1743496758.196656,-33,24,162
1743496758.232656,40,20,-13
1743496758.267656,6,48,90
1743496758.303656,16,-35,46
1743496758.338656,-103,76,102
1743496758.373656,52,-49,174
1743496758.409656,42,-29,184
1743496758.444656,32,-69,170
1743496758.480656,34,-17,132
1743496758.515656,6,56,140
1743496758.551656,-25,-13,212
1743496758.586656,46,-37,134
1743496758.621656,12,-65,100
1743496758.657656,26,-15,48
1743496758.692656,-55,-61,148
1743496758.728656,20,12,156
1743496758.763656,0,-13,166
1743496758.7996562,28,4,132
1743496758.834656,-5,-7,178
1743496758.869656,-45,-35,76
1743496758.905656,-13,-29,128
1743496758.940656,-93,32,220
1743496758.976656,23,26,236
1743496759.011656,-62,-23,180
1743496759.047656,-22,26,162
1743496759.082656,-4,-42,154
1743496759.117656,-48,73,194
1743496759.153656,-8,-74,160
1743496759.188656,-2,-10,178
1743496759.224656,29,-58,80
1743496759.259656,-29,-2,44
1743496759.295656,5,35,88
1743496759.330656,-22,19,270
1743496759.365656,-2,7,130
1743496759.4016562,9,-4,82
1743496759.436656,9,71,148
1743496759.472656,-62,97,134
1743496759.507656,7,-14,100
1743496759.543656,3,-5,137
1743496759.578656,74,32,213
1743496759.613656,-81,-49,121
1743496759.649656,44,-48,201
1743496759.684656,-103,8,165
1743496759.7206562,40,60,17
1743496759.755656,20,-56,153
1743496759.791656,-21,-9,61
1743496759.826656,16,27,179
1743496759.861656,-97,59,99
1743496759.897656,86,-44,91
1743496759.932656,56,-46,111
1743496759.968656,-13,7,171
1743496760.003656,24,-4,-22
1743496760.0396562,80,51,99
1743496760.074656,-7,-79,147
1743496760.109656,36,-39,197
1743496760.145656,-17,52,125
1743496760.180656,18,36,103
1743496760.216656,-21,-37,59
1743496760.251656,44,-29,111
1743496760.287656,-1,2,183
1743496760.3226562,-25,-59,37
1743496760.357656,-1,42,181
1743496760.393656,-1,-15,185
1743496760.428656,59,8,93
1743496760.464656,10,-5,109
1743496760.499656,-41,12,105
1743496760.535656,-53,4,15
1743496760.570656,-17,52,-94
1743496760.605656,-5,-45,133
1743496760.6416562,2,16,73
1743496760.676656,-19,30,173
1743496760.712656,-11,12,175
1743496760.747656,-1,-75,49
1743496760.783656,-45,-15,129
1743496760.818656,8,-41,249
1743496760.853656,-15,4,153
1743496760.889656,42,36,207
1743496760.9246562,-65,-27,279
1743496760.9606562,62,-27,119
1743496760.995656,-44,46,51
1743496761.030656,-26,0,-18
1743496761.065656,39,-113,185
1743496761.101656,71,-27,233
1743496761.137656,23,50,89
1743496761.172656,-26,-25,133
1743496761.208656,-2,78,197
1743496761.2436562,-42,20,69
1743496761.2796562,-92,18,115
1743496761.314656,-20,-39,27
1743496761.349656,-40,-19,147
1743496761.385656,-34,-23,111
1743496761.420656,-22,32,185
1743496761.456656,-38,-17,143
1743496761.491656,25,-3,141
1743496761.527656,27,24,201
1743496761.563656,-12,-23,59
1743496761.598656,-30,46,117
1743496761.633656,41,62,67
1743496761.669656,-46,40,207
1743496761.705656,21,6,75
1743496761.740656,-8,82,169
1743496761.7766562,55,15,135
1743496761.811656,11,-79,141
1743496761.846656,-46,24,159
1743496761.8816562,1,-15,205
1743496761.917656,97,-23,215
1743496761.953656,-38,-19,165
1743496761.988656,-16,-47,5
1743496762.024656,37,-7,19
1743496762.059656,-74,46,97
1743496762.094656,-52,28,49
1743496762.129656,-94,-19,69
1743496762.165656,35,30,173
1743496762.201656,-24,40,169
1743496762.236656,7,58,-10
1743496762.272656,45,-19,139
1743496762.307656,21,16,127
1743496762.342656,4,50,191
1743496762.377656,40,56,216
1743496762.413656,26,-67,46
1743496762.449656,52,-17,194
1743496762.491656,18,-35,150
1743496762.528656,-3,-23,162
1743496762.563656,-11,-45,136
1743496762.598656,-37,-25,172
1743496762.633656,-71,60,152
1743496762.669656,-31,50,42
1743496762.705656,26,54,180
1743496762.740656,20,-75,106
1743496762.7766562,-41,16,148
1743496762.811656,42,30,134
1743496762.846656,-31,-21,14
1743496762.8816562,28,10,104
1743496762.917656,-93,26,160
1743496762.953656,-19,-41,238
1743496762.988656,2,-15,2
1743496763.024656,-67,4,168
1743496763.059656,-25,-21,140
1743496763.094656,-13,18,212
1743496763.129656,24,14,128
1743496763.165656,-89,-25,100
1743496763.201656,24,-45,150
1743496763.236656,6,46,112
1743496763.272656,-15,-15,106
1743496763.307656,52,80,122
1743496763.342656,30,39,104
1743496763.377656,8,-2,242
1743496763.413656,-29,9,106
1743496763.449656,-17,-15,58
1743496763.484656,-41,24,166
1743496763.520656,-19,30,40
1743496763.555656,26,-48,186
1743496763.590656,-73,-14,176
1743496763.625656,-19,-86,182
1743496763.661656,-67,7,156
1743496763.6976562,48,37,8
1743496763.732656,20,11,28
1743496763.768656,32,-4,148
1743496763.803656,18,7,258
1743496763.838656,-31,-34,6
1743496763.873656,10,9,104
1743496763.909656,2,-30,58
1743496763.945656,-11,-15,184
1743496763.980656,-59,-41,70
1743496764.0166562,-33,6,182
1743496764.051656,70,52,90
1743496764.086656,100,-66,126
1743496764.121656,-7,11,102
1743496764.157656,-27,-32,206
1743496764.193656,-77,-63,87
1743496764.228656,-25,-29,149
1743496764.264656,44,-15,139
1743496764.2996562,-63,-55,-18
1743496764.334656,18,32,31
1743496764.369656,14,30,47
1743496764.405656,53,14,17
1743496764.441656,-43,20,139
1743496764.476656,2,18,131
1743496764.512656,-53,-17,241
1743496764.547656,8,-59,145
1743496764.582656,-37,-27,145
1743496764.617656,50,-27,131
1743496764.653656,48,34,65
1743496764.689656,30,-1,119
1743496764.724656,-33,-19,179
1743496764.760656,-5,-61,163
1743496764.795656,6,2,113
1743496764.830656,-37,32,69
1743496764.865656,-17,26,69
1743496764.9016562,20,-53,155
1743496764.9376562,6,62,175
1743496764.972656,8,12,169
1743496765.008656,28,-37,223
1743496765.043656,22,58,207
1743496765.078656,38,8,93
1743496765.113656,-9,-9,137
1743496765.149656,24,-33,207
1743496765.185656,32,-5,213
1743496765.2206562,62,-65,125
1743496765.2566562,-15,72,181
1743496765.291656,8,44,145
1743496765.326656,26,-35,231
1743496765.361656,42,44,173
1743496765.397656,66,22,121
1743496765.433656,-77,62,135
1743496765.468656,32,-3,201
1743496765.504656,64,-55,101
1743496765.5396562,-1,16,197
1743496765.574656,24,-43,155
1743496765.609656,-6,-21,215
1743496765.645656,40,16,15
1743496765.681656,-29,-23,223
1743496765.716656,14,0,277
1743496765.752656,34,-1,89
1743496765.787656,4,46,141
1743496765.8226562,-5,24,155
1743496765.857656,-35,52,75
1743496765.893656,-13,-13,151
1743496765.929656,40,-93,183
1743496765.964656,8,-11,203
1743496766.000656,38,12,120
1743496766.035656,-43,-37,202
1743496766.070656,-59,-51,90
1743496766.105656,-105,-25,58
1743496766.1416562,34,2,42
1743496766.177656,-25,-33,210
1743496766.212656,30,46,212
1743496766.248656,-75,-35,100
1743496766.283656,62,20,124
1743496766.318656,16,46,70
1743496766.353656,7,34,102
1743496766.389656,37,98,42
1743496766.425656,83,-21,178
1743496766.4606562,32,12,78
1743496766.496656,-12,2,244
1743496766.531656,34,-1,108
1743496766.566656,0,-67,110
1743496766.601656,18,-33,132
1743496766.637656,26,-47,166
1743496766.673656,14,-57,128
1743496766.708656,-3,14,62
1743496766.744656,32,-7,108
1743496766.7796562,33,-17,46
1743496766.814656,22,-35,186
1743496766.849656,10,9,146
1743496766.885656,-71,-25,150
1743496766.921656,22,-5,232
1743496766.956656,-53,6,60
1743496766.992656,-37,104,182
1743496767.027656,50,-35,86
1743496767.0626562,-69,-17,234
1743496767.097656,-7,-27,196
1743496767.133656,-15,-55,180
1743496767.169656,-78,14,76
1743496767.204656,11,28,112
1743496767.240656,-10,-103,34
1743496767.275656,67,-47,210
1743496767.310656,-34,-11,208
1743496767.3456562,-4,-61,2
1743496767.3816562,-24,38,162
1743496767.417656,0,-5,172
1743496767.452656,-8,62,150
1743496767.488656,37,22,154
1743496767.523656,59,14,196
1743496767.558656,17,-7,250
1743496767.594656,-78,-21,42
1743496767.629656,17,-41,176
1743496767.665656,89,-23,108
1743496767.700656,1,-17,124
1743496767.736656,5,-25,50
1743496767.771656,29,-3,116
1743496767.806656,-80,56,140
1743496767.842656,-8,36,50
1743496767.877656,-100,-15,156
1743496767.913656,3,-5,66
1743496767.948656,15,24,32
1743496767.984656,3,-1,130
1743496768.019656,97,-35,128
1743496768.054656,-26,-11,232
1743496768.090656,-30,38,100
1743496768.125656,67,16,60
1743496768.161656,-46,18,142
1743496768.196656,-22,-6,170
1743496768.232656,51,36,96
1743496768.267656,-58,12,122
1743496768.302656,27,-51,234
1743496768.338656,-50,-7,242
1743496768.373656,5,12,122
1743496768.409656,35,74,70
1743496768.444656,49,40,162
1743496768.480656,11,16,178
1743496768.515656,-24,-57,134
1743496768.550656,-20,-51,150
1743496768.586656,-112,22,52
1743496768.621656,-3,29,102
1743496768.657656,-64,15,122
1743496768.692656,-68,41,130
1743496768.728656,-36,-19,108
1743496768.763656,15,-13,158
1743496768.798656,13,6,116
1743496768.834656,-74,2,40
1743496768.869656,3,-25,96
1743496768.905656,12,35,24
1743496768.940656,55,13,222
1743496768.976656,-62,-30,96
1743496769.011656,28,-24,126
1743496769.046656,-3,69,158
1743496769.082656,14,-128,174
1743496769.117656,-37,-71,194
1743496769.153656,36,24,108
1743496769.188656,90,10,62
1743496769.224656,-37,-15,66
1743496769.259656,-33,-26,186
1743496769.294656,25,-40,146
1743496769.330656,21,-18,58
1743496769.365656,-61,-22,140
1743496769.4016562,-59,-48,280
1743496769.436656,44,33,90
1743496769.472656,54,35,142
1743496769.507656,18,-46,218
1743496769.542656,32,-42,84
1743496769.578656,-5,-64,172
1743496769.613656,-5,81,-1
1743496769.649656,20,-10,92
1743496769.684656,-61,-32,84
1743496769.7206562,77,11,198
1743496769.755656,-35,53,140
1743496769.790656,30,-12,102
1743496769.826656,9,-58,132
1743496769.861656,-36,-12,54
1743496769.897656,-42,33,72
1743496769.932656,27,-30,150
1743496769.968656,-10,-22,104
1743496770.003656,2,-40,74
1743496770.038656,-50,-30,172
1743496770.074656,-74,-76,70
1743496770.109656,-15,13,82
1743496770.145656,22,-44,173
1743496770.180656,-26,15,92
1743496770.216656,18,-2,58
1743496770.251656,18,-12,134
1743496770.286656,-36,29,205
1743496770.3226562,1,69,76
1743496770.357656,23,-74,141
1743496770.393656,79,-72,167
1743496770.428656,3,0,220
1743496770.464656,-52,-6,122
1743496770.499656,78,49,165
1743496770.534656,-45,1,231
1743496770.570656,-42,17,9
1743496770.605656,-39,53,121
1743496770.6416562,54,-14,68
1743496770.676656,2,60,-5
1743496770.712656,-35,73,88
1743496770.747656,-87,-115,51
1743496770.782656,62,22,75
1743496770.818656,-39,-17,89
1743496770.853656,-37,-21,75
1743496770.889656,36,50,299
1743496770.9246562,12,6,141
1743496770.9606562,-36,-44,65
1743496770.996656,-40,-8,121
1743496771.032656,-39,17,137
1743496771.068656,-9,-66,121
1743496771.105656,-27,31,243
1743496771.140656,28,73,165
1743496771.175656,48,-58,197
1743496771.2106562,-33,29,85
1743496771.246656,-11,-52,99
1743496771.282656,-33,-42,81
1743496771.317656,-29,-50,105
1743496771.353656,42,51,101
1743496771.388656,40,-54,103
1743496771.423656,16,-12,183
1743496771.458656,100,-23,154
1743496771.494656,15,-58,207
1743496771.530656,-26,34,15
1743496771.565656,-2,-38,150
1743496771.601656,3,28,86
1743496771.636656,43,-7,182
1743496771.671656,-8,28,158
1743496771.706656,29,18,230
1743496771.742656,27,-15,200
1743496771.778656,-72,-66,132
1743496771.813656,-102,15,146
1743496771.849656,58,-3,70
1743496771.884656,-59,-15,112
1743496771.919656,-6,11,142
1743496771.954656,17,-27,62
1743496771.990656,-1,-3,108
1743496772.0266562,-23,-55,8
1743496772.061656,-1,-43,114
1743496772.097656,36,-25,168
1743496772.132656,28,-25,204
1743496772.167656,16,-39,148
1743496772.202656,42,-13,138
1743496772.238656,54,6,158
1743496772.274656,-3,13,96
1743496772.309656,-13,18,126
1743496772.3456562,-63,22,-37
1743496772.380656,-31,4,174
1743496772.415656,-25,2,152
1743496772.450656,30,74,188
1743496772.4936562,10,26,94
1743496772.530656,16,-33,56
1743496772.565656,56,32,212
1743496772.601656,22,36,46
1743496772.636656,-53,34,116
1743496772.671656,58,58,50
1743496772.706656,24,-25,130
1743496772.742656,-3,-45,182
1743496772.778656,-11,18,210
1743496772.813656,30,-7,-13
1743496772.849656,-41,34,134
1743496772.884656,26,-30,74
1743496772.919656,26,-38,108
1743496772.954656,48,-80,50
1743496772.990656,8,-10,52
1743496773.0266562,-71,-65,26
1743496773.061656,98,-25,-11
1743496773.097656,-15,-33,226
1743496773.132656,72,-57,222
1743496773.167656,-35,48,88
1743496773.202656,0,42,232
1743496773.238656,30,-7,216
1743496773.274656,-17,8,122
1743496773.309656,-33,-39,184
1743496773.3456562,-77,-40,134
1743496773.380656,-71,27,118
1743496773.415656,40,-17,180
1743496773.450656,-51,-1,194
1743496773.486656,26,80,26
1743496773.522656,-51,14,82
1743496773.557656,32,-3,164
1743496773.593656,6,20,86
1743496773.628656,62,-1,192
1743496773.663656,-68,-1,124
1743496773.698656,30,76,131
1743496773.734656,4,-9,149
1743496773.770656,-61,24,121
1743496773.805656,20,-13,83
1743496773.841656,8,6,115
1743496773.876656,12,-81,275
1743496773.911656,20,16,205
1743496773.946656,-3,-3,71
1743496773.982656,54,-39,119
1743496774.018656,66,-19,197
1743496774.053656,-55,20,117
1743496774.089656,72,68,161
1743496774.124656,-29,32,137
1743496774.159656,62,-47,105
1743496774.194656,-39,-47,203
1743496774.230656,-45,36,93
1743496774.2666562,-55,56,153
1743496774.301656,20,10,103
1743496774.337656,-32,-31,65
1743496774.372656,46,10,133
1743496774.407656,-114,14,171
1743496774.442656,43,-53,137
1743496774.478656,101,22,81
1743496774.514656,37,10,199
1743496774.5496562,1,-61,239
1743496774.5856562,33,-5,157
1743496774.620656,-60,-39,215
1743496774.655656,-44,76,207
1743496774.690656,-48,8,169
1743496774.726656,-30,62,209
1743496774.762656,-58,4,101
1743496774.797656,-130,8,137
1743496774.833656,5,-37,83
1743496774.8686562,15,8,161
1743496774.903656,-66,74,187
1743496774.938656,-14,30,187
1743496774.974656,1,24,103
1743496775.010656,55,-1,49
1743496775.045656,23,18,139
1743496775.081656,31,12,153
1743496775.116656,-4,-1,79
1743496775.1516562,9,-33,73
1743496775.186656,-36,-49,35
1743496775.222656,55,-39,97
1743496775.258656,8,-21,219
1743496775.293656,-119,-23,103
1743496775.329656,82,108,133
1743496775.364656,20,-19,179
1743496775.399656,-41,96,159
1743496775.434656,22,92,167
1743496775.4706562,-13,-9,153
1743496775.5066562,51,18,89
1743496775.541656,-29,-21,171
1743496775.577656,-77,50,185
1743496775.612656,38,16,71
1743496775.647656,34,-9,121
1743496775.682656,-31,-27,117
1743496775.718656,-81,-22,73
1743496775.754656,48,2,33
1743496775.7896562,-56,46,191
1743496775.825656,50,48,181
1743496775.860656,21,30,147
1743496775.895656,15,-1,223
1743496775.930656,5,-25,119
1743496775.966656,41,40,147
1743496776.002656,69,22,187
1743496776.037656,1,-41,131
1743496776.073656,1,-36,139
1743496776.1086562,-52,5,141
1743496776.143656,-18,-20,35
1743496776.178656,17,3,179
1743496776.214656,-18,39,85
1743496776.250656,-8,-52,12
1743496776.285656,21,29,184
1743496776.321656,-4,-16,120
1743496776.356656,47,29,52
1743496776.3916562,-10,-14,82
1743496776.426656,-64,15,118
1743496776.462656,27,-14,112
1743496776.498656,27,-20,90
1743496776.533656,19,3,122
1743496776.569656,-50,-46,-9
1743496776.604656,79,-8,258
1743496776.639656,35,19,72
1743496776.6746562,-44,3,288
1743496776.7106562,13,-32,106
1743496776.746656,25,-4,150
1743496776.781656,-59,-79,64
1743496776.817656,40,52,236
1743496776.852656,-19,-11,148
1743496776.887656,12,-33,86
1743496776.922656,-125,-19,212
1743496776.958656,-2,56,138
1743496776.994656,28,-11,98
1743496777.0296562,-31,-19,148
1743496777.065656,-27,10,304
1743496777.100656,30,-10,90
1743496777.135656,-13,-38,224
1743496777.171656,4,-15,84
1743496777.206656,60,66,154
1743496777.242656,-14,22,230
1743496777.277656,-16,-21,108
1743496777.313656,5,20,156
1743496777.348656,5,14,102
1743496777.383656,15,-101,110
1743496777.419656,47,8,130
1743496777.454656,-9,-1,132
1743496777.490656,-19,56,42
1743496777.525656,12,0,250
1743496777.561656,34,-39,76
1743496777.596656,80,44,4
1743496777.6316562,50,-11,94
1743496777.667656,44,22,54
1743496777.702656,114,2,174
1743496777.738656,-2,-51,106
1743496777.773656,1,-1,124
1743496777.809656,7,0,192
1743496777.844656,53,-33,254
1743496777.879656,101,-73,108
1743496777.915656,-38,-11,198
1743496777.950656,-64,16,148
1743496777.986656,74,-32,146
1743496778.021656,-71,-8,114
1743496778.057656,-7,35,222
1743496778.092656,-1,19,170
1743496778.127656,-14,39,110
1743496778.163656,-10,101,128
1743496778.198656,109,3,170
1743496778.234656,-8,-30,-19
1743496778.269656,9,25,94
1743496778.305656,49,39,102
1743496778.340656,7,-12,78
1743496778.375656,-90,-38,208
1743496778.411656,81,-14,165
1743496778.446656,29,81,144
1743496778.482656,37,-24,149
1743496778.517656,47,-36,134
1743496778.553656,21,45,174
1743496778.588656,94,-4,141
1743496778.623656,74,23,181
1743496778.659656,-25,11,141
1743496778.694656,-23,-20,233
1743496778.730656,22,-6,205
1743496778.765656,0,-63,145
1743496778.801656,4,-28,125
1743496778.836656,-22,27,83
1743496778.871656,-12,29,127
1743496778.907656,-86,-28,57
1743496778.942656,-62,15,257
1743496778.978656,11,59,123
1743496779.013656,33,7,145
1743496779.0496562,-10,-86,99
1743496779.084656,-42,31,67
1743496779.119656,23,-12,155
1743496779.155656,-60,-58,241
1743496779.190656,89,-26,73
1743496779.226656,3,27,103
1743496779.261656,97,13,219
1743496779.297656,-22,-26,139
1743496779.332656,13,18,165
1743496779.367656,-10,34,29
1743496779.403656,59,30,211
1743496779.438656,19,-25,75
1743496779.474656,85,8,193
1743496779.509656,127,0,73
1743496779.545656,-22,-45,35
1743496779.580656,79,-43,75
1743496779.615656,29,-65,247
1743496779.6516562,127,36,77
1743496779.686656,23,4,197
1743496779.722656,-44,-41,143
1743496779.757656,-52,-13,221
1743496779.793656,-48,-67,129
1743496779.828656,43,-55,171
1743496779.863656,27,44,223
1743496779.899656,-14,22,87
1743496779.934656,41,-45,151
1743496779.9706562,-18,-39,41
1743496780.005656,-2,-65,55
1743496780.041656,-144,34,193
1743496780.076656,55,6,171
1743496780.111656,32,100,181
1743496780.147656,-3,50,327
1743496780.182656,-1,-39,203
1743496780.219656,44,-11,63
1743496780.254656,-43,4,153
1743496780.290656,-95,20,111
1743496780.325656,-11,32,191
1743496780.360656,78,-3,115
1743496780.395656,-3,34,73
1743496780.431656,18,34,137
1743496780.467656,-21,-6,42
1743496780.502656,6,29,205
1743496780.538656,-31,-23,42
1743496780.573656,62,44,76
1743496780.609656,12,-17,28
1743496780.645656,4,-27,130
1743496780.680656,-47,-11,62
1743496780.715656,-25,-5,258
1743496780.751656,-5,-37,120
1743496780.787656,-1,26,56
1743496780.8226562,-27,8,120
1743496780.8586562,-39,36,96
1743496780.893656,-61,-29,74
1743496780.928656,-39,26,78
1743496780.963656,-43,-31,166
1743496780.999656,-17,-5,238
1743496781.035656,-39,-15,168
1743496781.070656,30,-12,148
1743496781.106656,-25,45,40
1743496781.1416562,6,-24,268
1743496781.176656,-9,-24,74
1743496781.211656,-33,1,158
1743496781.247656,-53,-4,212
1743496781.283656,-13,-12,28
1743496781.318656,-49,-38,58
1743496781.354656,36,-17,116
1743496781.389656,45,69,118
1743496781.4246562,-52,27,156
1743496781.459656,13,-50,96
1743496781.495656,15,-14,36
1743496781.531656,-34,30,256
1743496781.566656,31,20,176
1743496781.602656,-2,-39,94
1743496781.637656,29,-43,108
1743496781.672656,-40,-23,56
1743496781.707656,0,-51,108
1743496781.7436562,-68,6,96
1743496781.7796562,-44,-69,188
1743496781.814656,-32,28,56
1743496781.850656,7,-83,40
1743496781.885656,-16,24,112
1743496781.920656,-12,0,194
1743496781.955656,-8,16,50
1743496781.991656,-88,-21,148
1743496782.027656,-54,-78,188
1743496782.0626562,19,14,170
1743496782.098656,22,14,108
1743496782.133656,17,82,176
1743496782.168656,48,15,180
1743496782.203656,-41,-50,114
1743496782.239656,34,36,158
1743496782.275656,-47,-35,176
1743496782.310656,16,-37,48
1743496782.346656,-23,42,48
1743496782.3816562,36,-21,148
1743496782.416656,-5,42,182
1743496782.451656,0,2,8
1743496782.494656,-63,24,122
1743496782.531656,0,16,56
1743496782.566656,-9,28,56
1743496782.602656,20,44,-32
1743496782.637656,42,10,181
1743496782.672656,-31,42,69
1743496782.707656,58,-65,127
1743496782.7436562,12,16,53
1743496782.7796562,2,2,129
1743496782.814656,50,26,121
1743496782.850656,-77,-3,193
1743496782.885656,6,22,231
1743496782.920656,-27,-7,75
1743496782.955656,-33,8,129
1743496782.991656,52,-3,129
1743496783.027656,44,28,95
1743496783.0626562,-45,40,117
1743496783.098656,-13,-3,129
1743496783.133656,14,-57,89
1743496783.168656,36,-5,117
1743496783.203656,-89,70,123
1743496783.239656,-51,-13,33
1743496783.275656,2,-65,35
1743496783.310656,-1,-101,63
1743496783.346656,0,56,187
1743496783.3816562,46,28,115
1743496783.416656,16,34,207
1743496783.451656,52,-11,125
1743496783.487656,50,-12,75
1743496783.523656,-1,12,245
1743496783.558656,50,62,185
1743496783.594656,76,-29,109
1743496783.629656,86,-19,71
1743496783.6646562,48,-51,103
1743496783.699656,6,-9,101
1743496783.735656,26,21,179
1743496783.771656,32,35,43
1743496783.806656,-5,41,339
1743496783.842656,-15,-35,195
1743496783.877656,-47,-30,219
1743496783.912656,-29,-12,149
1743496783.9476562,12,21,127
1743496783.9836562,57,89,229
1743496784.019656,57,19,185
1743496784.054656,70,1,139
1743496784.090656,94,-16,115
1743496784.125656,32,-66,137
1743496784.160656,32,-48,115
1743496784.195656,-59,-2,53
1743496784.231656,78,-8,149
1743496784.267656,-31,-98,45
1743496784.302656,-31,21,187
1743496784.338656,48,39,67
1743496784.373656,8,-44,51
1743496784.408656,20,37,59
1743496784.443656,44,-55,303
1743496784.479656,12,30,187
1743496784.515656,26,-11,145
1743496784.550656,18,-25,113
1743496784.586656,20,-47,245
1743496784.621656,-13,20,81
1743496784.656656,-43,-3,183
1743496784.691656,-43,-17,113
1743496784.727656,34,-65,129
1743496784.763656,-21,-63,97
1743496784.798656,-13,-45,79
1743496784.834656,-29,8,147
1743496784.869656,-1,-81,111
1743496784.9046562,60,-7,171
1743496784.939656,-35,-47,221
1743496784.975656,0,24,145
1743496785.011656,18,0,119
1743496785.046656,-7,8,99
1743496785.082656,-5,42,191
1743496785.117656,86,0,75
1743496785.152656,-15,-11,131
1743496785.1876562,-57,68,137
1743496785.223656,26,-27,223
1743496785.259656,2,-7,93
1743496785.294656,2,6,-44
1743496785.330656,-33,22,197
1743496785.365656,6,10,235
1743496785.400656,-1,42,80
1743496785.435656,-58,48,138
1743496785.471656,-2,10,201
1743496785.507656,-14,-9,238
1743496785.543656,55,-19,76
1743496785.579656,77,-19,108
1743496785.614656,3,12,158
1743496785.650656,-10,-3,184
1743496785.685656,-48,-105,124
1743496785.7206562,19,70,78
1743496785.755656,-42,-29,142
1743496785.791656,7,-39,232
1743496785.827656,-58,-5,114
1743496785.862656,35,24,128
1743496785.898656,-28,24,42
1743496785.933656,36,-39,28
1743496785.968656,-49,-35,146
1743496786.003656,0,17,136
1743496786.0396562,-33,34,86
1743496786.075656,-61,20,106
1743496786.110656,-93,-87,154
1743496786.146656,-53,26,236
1743496786.181656,10,0,118
1743496786.216656,40,-23,136
1743496786.251656,-7,34,132
1743496786.287656,22,76,210
1743496786.323656,102,-41,186
1743496786.3586562,-73,8,130
1743496786.394656,-19,-39,74
1743496786.429656,-47,20,66
1743496786.464656,34,38,186
1743496786.499656,-33,44,73
1743496786.535656,28,-21,199
1743496786.571656,-17,-45,109
1743496786.606656,22,-37,243
1743496786.642656,94,0,153
1743496786.677656,32,28,195
1743496786.712656,18,-39,75
1743496786.748656,56,-67,61
1743496786.783656,14,30,159
1743496786.819656,28,-23,185
1743496786.854656,-17,-29,185
1743496786.890656,-57,-7,211
1743496786.925656,38,-11,151
1743496786.9606562,98,28,261
1743496786.996656,-51,-37,119
1743496787.031656,-21,20,67
1743496787.067656,-29,8,159
1743496787.102656,-27,-21,199
1743496787.138656,-13,16,273
1743496787.173656,2,14,123
1743496787.208656,32,-61,83
1743496787.244656,30,-45,61
1743496787.2796562,88,10,145
1743496787.315656,-11,10,163
1743496787.350656,-7,60,85
1743496787.386656,12,-93,53
1743496787.421656,-57,40,71
1743496787.456656,-9,-39,141
1743496787.492656,-7,-5,147
1743496787.527656,4,20,137
1743496787.563656,24,26,103
1743496787.598656,80,24,155
1743496787.634656,12,-99,79
1743496787.669656,34,-1,111
1743496787.704656,-33,-15,51
1743496787.740656,-21,34,-26
1743496787.775656,20,-17,57
1743496787.811656,18,-51,195
1743496787.846656,6,-31,73
1743496787.882656,50,36,109
1743496787.917656,50,-9,49
1743496787.952656,-31,0,217
1743496787.988656,50,-3,81
1743496788.023656,20,62,89
1743496788.059656,-25,28,169
1743496788.094656,20,-49,105
1743496788.130656,14,-29,83
1743496788.165656,32,-55,119
1743496788.200656,18,-23,107
1743496788.236656,68,38,161
1743496788.271656,-49,26,179
1743496788.307656,-85,40,153
1743496788.342656,-17,20,105
1743496788.378656,10,14,183
1743496788.413656,52,38,49
1743496788.448656,-35,42,137
1743496788.484656,-75,72,141
1743496788.519656,36,-51,135
1743496788.555656,-1,26,141
1743496788.590656,3,-21,81
1743496788.626656,134,-39,189
1743496788.661656,27,-7,229
1743496788.696656,-24,-17,121
1743496788.732656,77,16,147
1743496788.767656,-18,-7,43
1743496788.803656,69,26,159
1743496788.838656,-12,-39,193
1743496788.874656,-104,-11,213
1743496788.909656,17,-33,125
1743496788.944656,33,8,165
1743496788.980656,71,-27,151
1743496789.015656,-4,-29,175
1743496789.051656,-44,44,205
1743496789.086656,-14,56,-58
1743496789.122656,-20,-27,149
1743496789.157656,-28,-55,83
1743496789.192656,-40,-37,55
1743496789.228656,-38,2,183
1743496789.263656,-38,24,127
1743496789.2996562,43,52,105
1743496789.334656,13,-1,89
1743496789.370656,-46,-5,131
1743496789.405656,39,-7,137
1743496789.440656,19,22,167
1743496789.476656,-12,28,77
1743496789.511656,-78,12,103
1743496789.547656,5,80,185
1743496789.582656,27,-27,73
1743496789.6186562,33,-9,149
1743496789.653656,-40,-35,87
1743496789.688656,5,44,241
1743496789.724656,79,-31,139
1743496789.759656,3,22,288
1743496789.795656,33,28,102
1743496789.830656,-22,-3,192
1743496789.866656,73,24,80
1743496789.9016562,17,100,118
1743496789.936656,-26,56,78
1743496789.972656,-12,65,150
1743496790.007656,9,1,174
1743496790.043656,-10,63,258
1743496790.078656,-50,-51,44
1743496790.114656,-56,-44,76
1743496790.150656,-18,5,52
1743496790.186656,57,8,162
1743496790.222656,-42,-23,4
1743496790.257656,7,-13,206
1743496790.292656,89,-27,150
1743496790.328656,73,34,100
1743496790.364656,47,16,222
1743496790.399656,69,-9,-55
1743496790.435656,33,-49,64
1743496790.4706562,-26,-45,58
1743496790.505656,-34,32,120
1743496790.540656,-60,-113,136
1743496790.576656,-36,-1,242
1743496790.612656,29,-27,254
1743496790.647656,23,-17,156
1743496790.683656,9,36,106
1743496790.718656,-21,12,148
1743496790.753656,34,-17,76
1743496790.788656,16,28,114
1743496790.824656,12,-33,88
1743496790.860656,30,72,269
1743496790.895656,38,0,84
1743496790.931656,37,-23,142
1743496790.966656,-28,-1,137
1743496791.001656,5,16,133
1743496791.036656,-72,10,87
1743496791.0726562,92,-13,231
1743496791.1086562,42,8,181
1743496791.143656,58,-25,105
1743496791.179656,-44,24,115
1743496791.214656,42,18,-44
1743496791.249656,36,12,39
1743496791.284656,53,-51,111
1743496791.320656,17,-31,107
1743496791.356656,20,10,175
1743496791.3916562,-16,-3,57
1743496791.427656,-56,-3,173
1743496791.462656,51,-13,71
1743496791.497656,23,46,105
1743496791.532656,0,16,7
1743496791.568656,-58,-43,147
1743496791.604656,-12,76,191
1743496791.639656,13,-53,61
1743496791.675656,-82,14,95
1743496791.7106562,-36,-11,-24
1743496791.745656,-12,34,153
1743496791.780656,-34,36,61
1743496791.816656,35,48,107
1743496791.852656,73,34,231
1743496791.887656,-47,89,193
1743496791.923656,-11,0,147
1743496791.958656,-62,27,125
1743496791.9936562,-13,45,113
1743496792.028656,-23,-20,179
1743496792.064656,-54,-43,173
1743496792.100656,21,-31,45
1743496792.135656,69,40,165
1743496792.171656,-74,8,47
1743496792.206656,29,18,181
1743496792.241656,-44,-31,123
1743496792.2766562,0,-35,119
1743496792.3126562,5,30,203
1743496792.348656,45,-5,189
1743496792.383656,-33,-5,113
1743496792.419656,14,-13,101
1743496792.454656,18,-71,79
1743496792.496656,-42,4,141
1743496792.532656,-14,-25,227
1743496792.568656,-38,-5,107
1743496792.604656,1,38,199
1743496792.639656,-28,18,121
1743496792.675656,-12,32,237
1743496792.7106562,23,16,147
1743496792.745656,-60,6,147
1743496792.780656,-66,20,27
1743496792.816656,73,32,73
1743496792.852656,-66,22,93
1743496792.887656,-16,-1,125
1743496792.923656,31,-29,171
1743496792.958656,15,52,141
1743496792.9936562,43,-1,171
1743496793.028656,11,8,73
1743496793.064656,9,42,139
1743496793.100656,113,28,125
1743496793.135656,1,-59,173
1743496793.171656,41,2,105
1743496793.206656,-46,-23,219
1743496793.241656,-34,-29,173
1743496793.2766562,57,38,40
1743496793.3126562,3,-5,132
1743496793.348656,37,26,120
1743496793.383656,-18,-21,72
1743496793.419656,17,22,170
1743496793.454656,40,64,82
1743496793.489656,-37,22,194
1743496793.524656,-35,0,118
1743496793.560656,14,-48,134
1743496793.596656,-45,27,128
1743496793.6316562,-82,-7,118
1743496793.667656,-4,-44,90
1743496793.702656,-74,-30,206
1743496793.737656,91,63,88
1743496793.772656,-30,76,36
1743496793.808656,-8,-15,84
1743496793.844656,-40,62,186
1743496793.879656,27,22,136
1743496793.915656,53,38,156
1743496793.950656,45,55,124
1743496793.985656,-26,-43,120
1743496794.020656,87,28,132
1743496794.056656,-54,26,120
1743496794.092656,44,-11,106
1743496794.127656,2,-37,110
1743496794.163656,20,-101,156
1743496794.198656,-5,18,136
1743496794.2336562,5,34,114
1743496794.268656,-90,-11,20
1743496794.304656,-20,14,146
1743496794.340656,58,42,76
1743496794.375656,-17,-27,-31
1743496794.411656,8,-17,106
1743496794.446656,-84,54,56
1743496794.481656,-71,58,46
1743496794.517656,28,-53,224
1743496794.552656,3,14,164
1743496794.588656,53,0,154
1743496794.623656,45,-29,94
1743496794.659656,-22,-33,180
1743496794.694656,19,-75,206
1743496794.729656,-100,10,172
1743496794.764656,7,-23,234
1743496794.800656,-66,-41,64
1743496794.836656,5,20,148
1743496794.871656,-1,62,106
1743496794.907656,-73,-19,162
1743496794.942656,3,-13,160
1743496794.977656,-54,-37,144
1743496795.012656,19,-91,226
1743496795.048656,57,8,322
1743496795.084656,-8,26,188
1743496795.119656,-92,0,118
1743496795.155656,31,4,156
1743496795.190656,-50,-29,154
1743496795.225656,9,-9,136
1743496795.260656,59,-19,164
1743496795.296656,-12,114,176
1743496795.332656,-44,24,164
1743496795.367656,-14,36,132
1743496795.403656,13,12,31
1743496795.438656,81,48,65
1743496795.473656,-4,14,111
1743496795.508656,23,-53,253
1743496795.544656,-8,18,149
1743496795.580656,-56,24,49
1743496795.615656,-38,4,9
1743496795.6516562,-8,-47,151
1743496795.686656,-40,32,123
1743496795.721656,-4,-61,125
1743496795.7566562,-10,24,163
1743496795.792656,66,-15,35
1743496795.828656,53,44,155
1743496795.863656,62,-5,197
1743496795.899656,50,-31,153
1743496795.934656,-23,64,175
1743496795.969656,-23,6,105
1743496796.004656,30,48,97
1743496796.040656,48,76,213
1743496796.076656,-179,-101,109
1743496796.111656,76,-43,99
1743496796.147656,-39,-9,149
1743496796.182656,32,12,115
1743496796.217656,-1,-41,139
1743496796.253656,-61,-21,125
1743496796.288656,16,-71,159
1743496796.324656,-25,68,61
1743496796.359656,-15,66,17
1743496796.395656,-21,-21,117
1743496796.430656,-48,-21,119
1743496796.465656,-6,-31,111
1743496796.501656,79,40,249
1743496796.536656,-38,18,103
1743496796.5726562,0,20,39
1743496796.607656,105,52,-18
1743496796.643656,-22,10,51
1743496796.678656,45,32,77
1743496796.713656,141,12,73
1743496796.749656,47,-43,149
1743496796.784656,-12,-31,271
1743496796.820656,81,-17,267
1743496796.855656,41,-11,61
1743496796.8916562,23,-1,90
1743496796.926656,29,10,40
1743496796.961656,-60,-9,104
1743496796.997656,-10,8,42
1743496797.032656,71,38,14
1743496797.068656,17,-43,120
1743496797.103656,-12,40,232
1743496797.139656,-24,94,232
1743496797.1746562,-35,-11,64
1743496797.209656,29,-69,44
1743496797.245656,69,-3,38
1743496797.280656,-12,37,158
1743496797.316656,13,-83,138
1743496797.351656,-32,56,126
1743496797.387656,-18,-17,56
1743496797.422656,-26,40,70
1743496797.457656,-86,-17,72
1743496797.4936562,47,34,198
1743496797.528656,-6,-47,118
1743496797.564656,46,72,130
1743496797.599656,92,8,24
1743496797.635656,46,-11,228
1743496797.670656,-13,-29,242
1743496797.705656,-5,-25,92
1743496797.741656,-19,48,94
1743496797.7766562,-13,28,140
1743496797.8126562,44,-3,96
1743496797.847656,56,18,154
1743496797.883656,-19,-27,204
1743496797.918656,20,-22,236
1743496797.953656,-19,-16,44
1743496797.989656,30,-24,28
1743496798.024656,-45,5,140
1743496798.060656,74,-66,92
1743496798.0956562,-9,15,188
1743496798.1316562,-35,3,82
1743496798.166656,-51,-36,228
1743496798.201656,66,-62,-33
1743496798.237656,44,-38,150
1743496798.272656,-1,-28,132
1743496798.308656,-31,-22,180
1743496798.343656,6,63,94
1743496798.379656,88,-26,94
1743496798.4146562,44,-8,94
1743496798.449656,24,-12,192
1743496798.485656,-143,15,66
1743496798.520656,-45,-14,188
1743496798.556656,88,-9,144
1743496798.591656,22,2,68
1743496798.627656,58,12,96
1743496798.662656,6,44,52
1743496798.6976562,-41,18,170
1743496798.7336562,-29,34,108
1743496798.768656,48,-45,16
1743496798.804656,-11,-53,244
1743496798.839656,-19,-11,274
1743496798.875656,-81,-25,86
1743496798.910656,-59,40,122
1743496798.945656,18,-81,84
1743496798.981656,-111,-27,170
1743496799.0166562,-11,-53,76
1743496799.052656,-27,-35,160
1743496799.087656,70,-13,34
1743496799.123656,-27,98,142
1743496799.158656,-104,0,126
1743496799.193656,-62,-5,160
1743496799.229656,-22,16,144
1743496799.264656,-44,-5,76
1743496799.300656,-4,-19,80
1743496799.3356562,-18,12,132
1743496799.371656,86,8,284
1743496799.406656,-51,-13,208
1743496799.441656,-21,50,188
1743496799.477656,44,2,142
1743496799.512656,-36,44,216
1743496799.548656,19,-55,60
1743496799.583656,49,-9,202
1743496799.619656,19,52,126
1743496799.655656,-26,30,222
1743496799.691656,91,4,130
1743496799.727656,19,-49,192
1743496799.762656,-34,-85,92
1743496799.797656,23,54,40
1743496799.833656,-12,66,204
1743496799.869656,57,4,102
1743496799.9046562,-2,2,114
1743496799.940656,53,-73,178
1743496799.975656,39,-3,162
1743496800.010656,35,26,214
1743496800.045656,3,44,138
1743496800.081656,-80,-1,142
1743496800.117656,-42,30,38
1743496800.152656,-8,-67,172
1743496800.188656,-24,-3,158
1743496800.223656,51,86,254
1743496800.258656,53,-15,218
1743496800.293656,-2,-35,84
1743496800.329656,-16,-11,6
1743496800.365656,-42,-75,130
1743496800.400656,-72,30,142
1743496800.436656,-70,-21,90
1743496800.471656,53,4,130
1743496800.5066562,25,36,194
1743496800.541656,15,48,190
1743496800.577656,-46,-63,112
1743496800.613656,89,20,124
1743496800.648656,7,-27,131
1743496800.684656,-8,-11,153
1743496800.719656,-28,-59,111
1743496800.754656,-70,-19,125
1743496800.7896562,1,-17,115
1743496800.825656,-16,-11,117
1743496800.861656,31,-11,75
1743496800.896656,23,-3,135
1743496800.932656,49,-11,179
1743496800.967656,-42,-85,75
1743496801.002656,77,14,225
1743496801.037656,-8,20,69
1743496801.073656,-48,18,149
1743496801.109656,-82,66,103
1743496801.144656,-18,-7,191
1743496801.180656,17,16,179
1743496801.215656,-12,-5,95
1743496801.250656,-20,-47,189
1743496801.285656,-26,-53,-32
1743496801.321656,-68,-43,293
1743496801.357656,21,-38,109
1743496801.392656,-6,-24,173
1743496801.428656,-2,75,81
1743496801.463656,39,13,55
1743496801.498656,-64,-10,161
1743496801.533656,93,-40,193
1743496801.569656,-46,9,137
1743496801.605656,61,-28,177
1743496801.640656,-46,-12,205
1743496801.676656,-68,1,175
1743496801.711656,31,-14,181
1743496801.746656,17,-18,167
1743496801.781656,-20,-52,149
1743496801.817656,-24,13,-14
1743496801.853656,23,-14,174
1743496801.888656,-60,11,173
1743496801.9246562,-4,-14,140
1743496801.959656,-2,21,258
1743496801.994656,-30,123,134
1743496802.030656,41,63,162
1743496802.066656,21,-12,100
1743496802.101656,7,35,13
1743496802.137656,-61,37,73
1743496802.173656,36,-30,182
1743496802.208656,-17,87,96
1743496802.244656,70,10,100
1743496802.2796562,28,76,252
1743496802.314656,44,4,-83
1743496802.349656,-47,-35,126
1743496802.385656,16,-55,206
1743496802.421656,18,4,152
1743496802.456656,-23,-23,96
1743496802.499656,-71,70,102
1743496802.535656,-21,90,140
1743496802.570656,52,36,216
1743496802.605656,-41,14,74
1743496802.6416562,-7,-21,102
1743496802.677656,8,-23,96
1743496802.712656,14,74,60
1743496802.748656,-77,-85,184
1743496802.783656,20,-33,120
1743496802.818656,26,134,46
1743496802.853656,-30,14,84
1743496802.889656,14,42,222
1743496802.925656,-21,-51,158
1743496802.9606562,-58,12,186
1743496802.996656,-23,-43,102
1743496803.031656,-90,2,90
1743496803.066656,38,-43,142
1743496803.101656,74,92,148
1743496803.137656,-22,-19,228
1743496803.173656,71,16,138
1743496803.208656,44,58,258
1743496803.244656,-5,-17,194
1743496803.2796562,-55,50,90
1743496803.314656,-7,0,94
1743496803.349656,-75,52,62
1743496803.385656,14,28,148
1743496803.421656,-5,0,154
1743496803.456656,-37,-7,220
1743496803.492656,-22,-35,132
1743496803.527656,-24,24,168
1743496803.5626562,-57,12,70
1743496803.597656,-51,-3,120
1743496803.633656,-31,4,60
1743496803.669656,-13,48,36
1743496803.704656,76,56,86
1743496803.740656,4,64,-11
1743496803.775656,98,-1,98
1743496803.810656,28,18,44
1743496803.8456562,-49,22,156
1743496803.8816562,0,-63,50
1743496803.917656,24,-21,98
1743496803.952656,12,-11,54
1743496803.988656,33,-21,208
1743496804.023656,-35,48,104
1743496804.058656,-45,-29,96
1743496804.093656,10,-67,98
1743496804.129656,-25,18,126
1743496804.165656,38,-37,44
1743496804.200656,-19,-11,180
1743496804.236656,16,14,52
1743496804.271656,-17,-5,176
1743496804.306656,48,-9,188
1743496804.341656,-67,80,66
1743496804.377656,-55,-61,240
1743496804.413656,18,-21,192
1743496804.448656,38,40,200
1743496804.484656,-19,32,208
1743496804.519656,12,-31,100
1743496804.554656,18,-9,-19
1743496804.589656,-81,-1,46
1743496804.625656,-44,0,146
1743496804.661656,16,30,150
1743496804.696656,10,32,148
1743496804.732656,-54,-43,178
1743496804.767656,-10,10,118
1743496804.802656,-37,24,98
1743496804.837656,22,-33,84
1743496804.873656,14,26,112
1743496804.909656,-19,-19,92
1743496804.944656,-9,70,52
1743496804.980656,0,-13,48
1743496805.015656,44,-57,160
1743496805.050656,-1,66,116
1743496805.0856562,8,-43,154
1743496805.121656,56,6,148
1743496805.157656,10,20,184
1743496805.192656,86,-29,142
1743496805.228656,-7,-19,110
1743496805.263656,-39,-1,218
1743496805.298656,-143,-17,134
1743496805.333656,-47,-27,118
1743496805.369656,-73,-5,6
1743496805.405656,-17,12,82
1743496805.440656,-69,-27,104
1743496805.476656,40,-37,153
1743496805.511656,48,18,145
1743496805.546656,-59,16,153
1743496805.581656,-7,-27,239
1743496805.617656,62,32,181
1743496805.653656,10,-39,133
1743496805.688656,-65,-7,165
1743496805.724656,-41,44,229
1743496805.759656,-25,72,249
1743496805.794656,18,-49,19
1743496805.830656,-51,22,193
1743496805.865656,96,-25,11
1743496805.9016562,34,48,173
1743496805.936656,-25,-19,287
1743496805.972656,66,-45,91
1743496806.007656,-37,60,25
1743496806.042656,-20,0,201
1743496806.078656,74,66,203
1743496806.113656,-21,-33,173
1743496806.149656,38,-9,125
1743496806.184656,10,8,173
1743496806.2206562,-7,14,153
1743496806.255656,-59,-21,65
1743496806.290656,20,26,195
1743496806.326656,82,-27,-48
1743496806.361656,-45,-49,-8
1743496806.397656,0,36,145
1743496806.432656,24,16,7
1743496806.468656,-33,-5,193
1743496806.503656,20,22,195
1743496806.538656,8,-31,79
1743496806.574656,-17,-5,107
1743496806.609656,23,90,-16
1743496806.645656,-20,0,269
1743496806.680656,73,-7,105
1743496806.716656,28,-55,57
1743496806.751656,34,26,153
1743496806.786656,-26,-75,189
1743496806.8226562,10,2,89
1743496806.857656,-4,-1,99
1743496806.893656,24,27,49
1743496806.928656,0,25,135
1743496806.964656,18,-29,143
1743496806.999656,14,10,63
1743496807.034656,80,-27,173
1743496807.070656,82,-51,22
1743496807.105656,-41,62,202
1743496807.1416562,-85,-35,158
1743496807.176656,-39,-19,174
1743496807.212656,2,-79,74
1743496807.247656,74,62,114
1743496807.282656,-1,15,30
1743496807.318656,16,-104,142
1743496807.353656,-23,13,156
1743496807.389656,62,17,220
1743496807.4246562,-65,-8,222
1743496807.4606562,-15,59,18
1743496807.495656,-63,39,64
1743496807.530656,16,44,110
1743496807.566656,14,7,180
1743496807.601656,-9,-4,-9
1743496807.637656,-17,45,174
1743496807.672656,-43,-36,240
1743496807.708656,20,15,158
1743496807.7436562,30,-91,114
1743496807.778656,-21,5,130
1743496807.814656,78,47,132
1743496807.849656,70,-106,130
1743496807.885656,-55,59,0
1743496807.920656,13,-6,-29
1743496807.956656,5,-10,164
1743496807.991656,-67,57,112
1743496808.0266562,14,11,88
1743496808.0626562,20,-12,188
1743496808.097656,-19,-62,56
1743496808.133656,-47,13,116
1743496808.168656,-29,44,30
1743496808.204656,24,9,126
1743496808.239656,108,-38,146
1743496808.274656,62,31,106
1743496808.310656,-62,17,196
1743496808.3456562,-66,38,160
1743496808.3816562,-30,52,80
1743496808.416656,75,-19,184
1743496808.452656,58,10,164
1743496808.487656,19,-35,50
1743496808.522656,-7,-7,234
1743496808.558656,34,68,66
1743496808.593656,54,58,166
1743496808.629656,-27,-89,186
1743496808.6646562,52,46,196
1743496808.699656,14,2,58
1743496808.734656,-47,26,116
1743496808.770656,-5,34,169
1743496808.806656,-89,2,163
1743496808.841656,-39,4,219
1743496808.877656,16,0,120
1743496808.912656,27,-69,204
1743496808.948656,-30,-1,76
1743496808.9836562,41,62,231
1743496809.018656,-18,54,269
1743496809.054656,-16,12,139
1743496809.089656,-24,-5,203
1743496809.125656,5,-5,37
1743496809.160656,0,-21,203
1743496809.196656,-52,-53,185
1743496809.232656,-49,-9,137
1743496809.267656,6,-9,97
1743496809.302656,-5,58,175
1743496809.338656,91,-43,171
1743496809.374656,-27,-3,261
1743496809.409656,6,-95,165
1743496809.445656,68,-3,205
1743496809.480656,-11,-41,143
1743496809.515656,-51,-41,149
1743496809.550656,8,-57,129
1743496809.586656,-5,-73,87
1743496809.622656,78,20,183
1743496809.657656,6,32,29
1743496809.693656,-27,18,173
1743496809.728656,19,-57,91
1743496809.763656,-36,32,161
1743496809.798656,-60,-47,235
1743496809.834656,-78,6,83
1743496809.870656,0,-49,99
1743496809.905656,-54,-15,199
1743496809.941656,-11,20,-20
1743496809.976656,48,-33,169
1743496810.011656,-16,12,175
1743496810.046656,63,22,167
1743496810.082656,55,-23,143
1743496810.1186562,4,36,67
1743496810.153656,-44,-73,123
1743496810.189656,-53,-59,163
1743496810.224656,6,6,137
1743496810.259656,-13,-35,85
1743496810.294656,-19,52,105
1743496810.330656,-44,16,103
1743496810.366656,19,54,229
1743496810.4016562,-20,-29,137
1743496810.4376562,47,6,109
1743496810.472656,15,-39,186
1743496810.507656,-26,-53,166
1743496810.542656,5,26,136
1743496810.578656,-2,48,94
1743496810.614656,61,28,210
1743496810.649656,-14,38,126
1743496810.685656,-74,-5,96
1743496810.7206562,-56,40,176
1743496810.755656,-28,10,56
1743496810.790656,-40,48,148
1743496810.826656,65,54,204
1743496810.862656,71,-5,102
1743496810.897656,-42,30,128
1743496810.933656,17,14,70
1743496810.968656,53,26,132
1743496811.003656,31,-31,6
1743496811.038656,-18,-9,-9
1743496811.074656,-74,-9,116
1743496811.110656,-58,38,162
1743496811.145656,1,-37,86
1743496811.181656,9,-35,104
1743496811.216656,-8,90,80
1743496811.251656,-68,4,116
1743496811.286656,47,4,92
1743496811.3226562,1,2,84
1743496811.3586562,-66,-23,138
1743496811.393656,-47,-49,88
1743496811.429656,74,-69,216
1743496811.464656,-25,16,186
1743496811.499656,-39,-33,148
1743496811.534656,50,-1,172
1743496811.570656,64,-13,201
1743496811.606656,58,102,43
1743496811.6416562,52,-47,191
1743496811.677656,-29,-21,109
1743496811.712656,-21,32,33
1743496811.747656,-1,-44,93
1743496811.782656,-39,-16,133
1743496811.818656,34,4,225
1743496811.854656,-35,2,79
1743496811.889656,-31,-7,113
1743496811.925656,-33,-71,117
1743496811.9606562,40,-29,175
1743496811.995656,24,-67,53
1743496812.030656,-19,12,299
1743496812.066656,-3,20,115
1743496812.102656,-65,66,25
1743496812.137656,-93,-7,109
1743496812.173656,3,-17,157
1743496812.208656,2,-13,155
1743496812.2436562,-71,10,139
1743496812.278656,102,4,177
1743496812.314656,-45,40,159
1743496812.350656,154,-7,129
1743496812.385656,-35,-21,117
1743496812.421656,-33,-47,43
1743496812.456656,4,-21,229
1743496812.491656,72,-15,127
1743496812.534656,82,8,151
1743496812.570656,-13,66,145
1743496812.606656,36,-37,47
1743496812.6416562,-19,-23,233
1743496812.677656,22,30,19
1743496812.712656,4,66,133
1743496812.747656,-15,16,185
1743496812.782656,66,-1,151
1743496812.818656,2,-17,143
1743496812.854656,-33,16,251
1743496812.889656,30,32,71
1743496812.925656,-17,20,137
1743496812.9606562,16,-23,161
1743496812.995656,-55,-43,147
1743496813.030656,-21,16,193
1743496813.066656,48,26,145
1743496813.102656,104,56,119
1743496813.137656,62,14,131
1743496813.173656,14,-13,139
1743496813.208656,-97,16,45
1743496813.2436562,16,8,61
1743496813.278656,4,-57,89
1743496813.314656,66,-55,69
1743496813.350656,-93,-9,45
1743496813.385656,-13,2,205
1743496813.421656,-39,80,185
1743496813.456656,-83,92,167
1743496813.491656,12,-39,73
1743496813.5266562,60,-15,-14
1743496813.5626562,-75,32,137
1743496813.598656,-1,-36,169
1743496813.633656,26,-32,169
1743496813.669656,72,-20,129
1743496813.704656,-35,-48,113
1743496813.739656,58,-40,211
1743496813.774656,72,-112,75
1743496813.810656,52,-10,107
1743496813.846656,72,-26,125
1743496813.8816562,-19,-14,121
1743496813.917656,-87,56,171
1743496813.952656,24,6,73
1743496813.987656,-65,-3,71
1743496814.022656,72,46,99
1743496814.058656,-19,-9,133
1743496814.094656,-75,-45,95
1743496814.129656,-73,6,119
1743496814.165656,-7,-7,77
1743496814.200656,54,-3,105
1743496814.235656,-11,24,143
1743496814.270656,-80,-29,53
1743496814.306656,87,-27,99
1743496814.342656,102,24,127
1743496814.377656,42,-3,73
1743496814.413656,12,-15,85
1743496814.448656,8,-21,95
1743496814.4836562,4,-55,95
1743496814.518656,4,-1,157
1743496814.554656,-11,38,147
1743496814.590656,-3,-61,211
1743496814.625656,-43,-137,111
1743496814.661656,-45,24,263
1743496814.696656,-19,0,137
1743496814.731656,-39,-21,221
1743496814.7666562,-93,-2,91
1743496814.802656,8,-14,237
1743496814.838656,48,-2,185
1743496814.873656,40,38,175
1743496814.909656,18,48,187
1743496814.944656,44,54,35
1743496814.979656,72,24,109
1743496815.015656,20,-51,23
1743496815.050656,-7,-23,189
1743496815.086656,100,-1,81
1743496815.121656,136,-43,141
1743496815.157656,-53,4,116
1743496815.192656,64,-15,203
1743496815.227656,56,-1,87
1743496815.263656,42,64,107
1743496815.298656,20,-55,197
1743496815.334656,-37,-17,146
1743496815.369656,-29,22,122
1743496815.405656,46,24,146
1743496815.440656,-17,10,162
1743496815.475656,36,-25,180
1743496815.511656,-59,26,90
1743496815.546656,-69,18,124
1743496815.582656,21,-23,110
1743496815.617656,11,-43,174
1743496815.653656,-112,8,160
1743496815.688656,57,-23,152
1743496815.723656,31,12,120
1743496815.759656,-38,32,144
1743496815.794656,-78,4,210
1743496815.830656,-26,-41,172
1743496815.865656,-94,42,110
1743496815.9016562,9,24,78
1743496815.936656,1,-15,280
1743496815.971656,-82,-39,200
1743496816.007656,11,14,96
1743496816.042656,57,26,124
1743496816.078656,60,18,120
1743496816.113656,-85,6,174
1743496816.149656,-28,-15,40
1743496816.184656,-21,18,164
1743496816.219656,-43,-37,138
1743496816.255656,-32,-23,64
1743496816.290656,5,-57,186
1743496816.326656,9,6,150
1743496816.361656,51,-33,184
1743496816.397656,-31,-45,126
1743496816.432656,10,36,150
1743496816.467656,-7,64,122
1743496816.503656,20,-41,144
1743496816.538656,-37,30,166
1743496816.574656,-11,36,144
1743496816.609656,14,-29,158
1743496816.645656,6,-25,66
1743496816.680656,-13,46,124
1743496816.715656,38,24,154
1743496816.751656,24,-57,196
1743496816.786656,96,2,114
1743496816.8226562,4,-19,20
1743496816.857656,46,16,126
1743496816.893656,-83,-29,60
1743496816.928656,-45,12,104
1743496816.963656,6,-5,134
1743496816.999656,30,16,102
1743496817.034656,8,30,236
1743496817.070656,-11,4,36
1743496817.105656,40,-51,96
1743496817.1416562,50,-65,108
1743496817.176656,-63,-13,138
1743496817.211656,-87,32,286
1743496817.247656,-45,52,176
1743496817.282656,-9,28,148
1743496817.318656,24,-7,142
1743496817.353656,-23,-1,156
1743496817.389656,-31,-25,62
1743496817.4246562,40,38,242
1743496817.459656,-57,15,94
1743496817.495656,-47,-44,84
1743496817.530656,82,39,85
1743496817.566656,-49,27,54
1743496817.601656,-1,-16,128
1743496817.637656,-25,-28,140
1743496817.672656,-55,-22,118
1743496817.707656,4,-38,272
1743496817.7436562,2,21,202
1743496817.778656,20,-66,142
1743496817.814656,22,6,125
1743496817.849656,-49,-25,135
1743496817.885656,68,4,37
1743496817.920656,-33,-27,175
1743496817.955656,54,64,139
1743496817.991656,38,-4,159
1743496818.0266562,34,16,181
1743496818.0626562,-11,-5,161
1743496818.097656,-7,-24,7
1743496818.133656,-13,-62,213
1743496818.168656,-77,-12,143
1743496818.203656,-39,13,59
1743496818.239656,-13,-107,143
1743496818.274656,56,-59,157
1743496818.310656,28,-55,191
1743496818.3456562,-3,-65,199
1743496818.3816562,-35,56,93
1743496818.416656,-11,-27,189
1743496818.451656,-85,92,121
1743496818.487656,-55,-37,81
1743496818.522656,26,12,85
1743496818.558656,58,-31,115
1743496818.593656,10,-35,61
1743496818.629656,108,-17,147
1743496818.665656,44,-55,105
1743496818.701656,18,-59,211
1743496818.737656,41,60,195
1743496818.773656,9,22,123
1743496818.809656,-44,-71,129
1743496818.844656,47,-33,199
1743496818.879656,-22,44,155
1743496818.915656,-24,20,81
1743496818.951656,17,-13,109
1743496818.986656,13,34,135
1743496819.022656,-92,0,157
1743496819.057656,45,-57,263
1743496819.092656,51,44,179
1743496819.127656,51,26,165
1743496819.163656,8,24,115
1743496819.199656,-6,-27,198
1743496819.234656,57,-23,109
1743496819.270656,45,-25,145
1743496819.305656,-50,-9,148
1743496819.340656,21,40,230
1743496819.375656,53,-15,84
1743496819.411656,41,-55,134
1743496819.4476562,-54,32,174
1743496819.482656,-22,-23,118
1743496819.518656,-20,-17,72
1743496819.553656,7,-31,116
1743496819.588656,-18,38,114
1743496819.623656,-19,46,190
1743496819.659656,-89,-15,60
1743496819.695656,24,44,190
1743496819.730656,-21,-47,106
1743496819.7666562,94,-13,104
1743496819.801656,-25,10,36
1743496819.836656,42,-7,198
1743496819.871656,6,-15,152
1743496819.907656,-57,-3,136
1743496819.943656,-43,-13,222
1743496819.978656,2,-47,84
1743496820.014656,-53,-11,88
1743496820.0496562,-45,8,122
1743496820.084656,24,-29,86
1743496820.119656,12,-25,144
1743496820.155656,-19,-71,158
1743496820.191656,42,0,138
1743496820.226656,-19,-3,18
1743496820.262656,108,-35,-11
1743496820.297656,-27,-21,114
1743496820.332656,-68,-5,54
1743496820.367656,0,-37,142
1743496820.403656,-65,12,142
1743496820.439656,-52,-23,120
1743496820.474656,-20,-79,220
1743496820.510656,21,30,92
1743496820.545656,-114,16,-9
1743496820.580656,-36,-35,190
1743496820.615656,35,-15,154
1743496820.6516562,23,-7,172
1743496820.6876562,11,38,138
1743496820.722656,65,18,96
1743496820.758656,-12,2,84
1743496820.793656,-42,34,92
1743496820.828656,-4,42,56
1743496820.863656,-28,14,182
1743496820.899656,39,-17,186
1743496820.935656,15,6,72
1743496820.9706562,1,29,110
1743496821.0066562,15,-68,82
1743496821.041656,61,11,194
1743496821.076656,-8,-50,202
1743496821.111656,13,-2,168
1743496821.147656,39,49,68
1743496821.183656,35,-10,80
1743496821.218656,-8,39,256
1743496821.254656,13,57,186
1743496821.2896562,-82,42,228
1743496821.324656,7,4,202
1743496821.359656,-6,10,161
1743496821.395656,-57,-21,73
1743496821.431656,46,34,66
1743496821.466656,-23,40,180
1743496821.502656,-43,-7,35
1743496821.537656,16,3,121
1743496821.5726562,26,28,187
1743496821.607656,-19,-2,273
1743496821.643656,0,-51,129
1743496821.679656,14,57,89
1743496821.714656,30,-46,175
1743496821.750656,2,71,79
1743496821.785656,-39,41,261
1743496821.820656,-9,13,217
1743496821.855656,-51,2,117
1743496821.8916562,-53,60,151
1743496821.927656,-59,54,-4
1743496821.962656,-79,34,149
1743496821.998656,-123,-65,209
1743496822.033656,20,4,237
1743496822.068656,132,-10,147
1743496822.103656,42,-36,125
1743496822.139656,-33,-22,215
1743496822.175656,-39,59,21
1743496822.2106562,-27,-34,81
1743496822.246656,28,0,107
1743496822.281656,6,-4,163
1743496822.316656,12,-40,207
1743496822.351656,-17,-10,207
1743496822.387656,68,75,-18
1743496822.423656,64,-94,161
1743496822.458656,-79,-36,0
1743496822.494656,72,11,179
1743496822.536656,-55,-50,235
1743496822.5726562,88,-78,161
1743496822.607656,12,-16,197
1743496822.643656,6,3,115
1743496822.679656,-53,-46,17
1743496822.714656,20,-30,225
1743496822.750656,-5,-52,235
1743496822.785656,48,-44,163
1743496822.820656,-1,95,121
1743496822.855656,24,5,153
1743496822.8916562,48,0,215
1743496822.927656,4,-49,177
1743496822.962656,-51,-54,109
1743496822.998656,-17,25,165
1743496823.033656,-18,-33,147
1743496823.068656,0,16,95
1743496823.103656,16,-19,211
1743496823.139656,-97,10,1
1743496823.175656,6,36,67
1743496823.2106562,-39,46,195
1743496823.246656,-39,26,181
1743496823.281656,13,92,77
1743496823.316656,-64,-59,145
1743496823.351656,35,28,149
1743496823.387656,21,2,101
1743496823.423656,53,34,277
1743496823.458656,35,6,107
1743496823.494656,41,-1,223
1743496823.5296562,59,-15,129
1743496823.564656,-16,10,113
1743496823.599656,25,4,161
1743496823.635656,-12,-39,9
1743496823.671656,-82,34,147
1743496823.706656,31,28,159
1743496823.742656,-44,70,75
1743496823.777656,-18,-55,41
1743496823.8126562,-110,-35,109
1743496823.847656,-3,6,121
1743496823.883656,49,-47,115
1743496823.919656,-5,15,155
1743496823.954656,62,57,161
1743496823.990656,-1,-36,165
1743496824.025656,-81,47,237
1743496824.060656,-45,19,55
1743496824.0956562,-17,39,77
1743496824.1316562,-43,27,91
1743496824.167656,6,-40,141
1743496824.202656,0,-10,115
1743496824.238656,58,-16,209
1743496824.273656,6,19,245
1743496824.308656,2,99,133
1743496824.343656,-15,9,155
1743496824.379656,-31,91,79
1743496824.415656,58,-58,85
1743496824.450656,42,11,113
1743496824.486656,20,-14,117
1743496824.521656,84,9,137
1743496824.556656,0,6,183
1743496824.591656,-107,5,96
1743496824.627656,0,24,127
1743496824.663656,-17,44,129
1743496824.698656,-41,-37,73
1743496824.734656,8,-3,231
1743496824.769656,-21,-1,117
1743496824.804656,8,-39,13
1743496824.840656,62,-33,131
1743496824.875656,40,-119,155
1743496824.911656,-71,58,111
1743496824.946656,-67,-31,163
1743496824.982656,0,-7,135
1743496825.017656,-7,36,177
1743496825.052656,-1,-5,261
1743496825.088656,-35,10,193
1743496825.123656,16,-15,117
1743496825.159656,-85,-13,169
1743496825.194656,-11,64,193
1743496825.230656,-5,-23,33
1743496825.265656,66,-1,129
1743496825.300656,-31,6,89
1743496825.336656,52,40,29
1743496825.371656,-41,-97,165
1743496825.407656,-9,60,143
1743496825.442656,0,50,163
1743496825.478656,18,-67,85
1743496825.513656,54,-5,177
1743496825.548656,-1,-25,23
1743496825.584656,-25,-7,103
1743496825.619656,46,-45,107
1743496825.655656,44,-25,159
1743496825.690656,60,72,61
1743496825.726656,-1,-31,131
1743496825.761656,-25,-15,105
1743496825.796656,34,48,121
1743496825.832656,-29,22,113
1743496825.867656,-36,36,98
1743496825.903656,31,6,64
1743496825.938656,2,26,177
1743496825.974656,140,30,155
1743496826.009656,-5,-7,119
1743496826.044656,-33,-11,229
1743496826.080656,-33,-17,187
1743496826.115656,-30,-71,83
1743496826.1516562,11,-51,125
1743496826.186656,95,-15,55
1743496826.222656,73,-9,171
1743496826.257656,25,4,49
1743496826.292656,71,-21,127
1743496826.328656,35,-19,137
1743496826.363656,1,-33,205
1743496826.399656,-58,-59,113
1743496826.434656,7,66,194
1743496826.4706562,19,-11,266
1743496826.505656,51,-79,156
1743496826.540656,7,-45,16
1743496826.576656,1,-17,196
1743496826.611656,-34,-19,80
1743496826.647656,-26,26,192
1743496826.682656,17,26,24
1743496826.718656,-36,-39,174
1743496826.753656,-98,-65,86
1743496826.788656,11,84,198
1743496826.824656,19,-5,18
1743496826.859656,69,0,94
1743496826.895656,-52,-47,28
1743496826.930656,9,-13,170
1743496826.966656,33,52,160
1743496827.001656,-36,-11,170
1743496827.036656,25,-31,78
1743496827.0726562,-40,32,138
1743496827.107656,-6,32,138
1743496827.143656,-56,-73,34
1743496827.178656,9,-17,124
1743496827.213656,18,-1,146
1743496827.248656,82,22,122
1743496827.284656,-20,72,224
1743496827.320656,53,-69,2
1743496827.355656,-14,-13,50
1743496827.3916562,47,28,80
1743496827.426656,-42,40,180
1743496827.462656,55,-77,158
1743496827.497656,20,38,36
1743496827.532656,64,-87,178
1743496827.568656,41,-15,173
1743496827.603656,5,-81,219
1743496827.639656,23,-15,91
1743496827.6746562,-70,-37,183
1743496827.7106562,5,72,36
1743496827.745656,-46,-71,178
1743496827.780656,-40,-59,75
1743496827.816656,21,-65,95
1743496827.851656,-64,18,127
1743496827.887656,53,-43,143
1743496827.922656,-22,12,175
1743496827.958656,67,0,173
1743496827.9936562,-92,-31,61
1743496828.028656,-104,-53,179
1743496828.064656,-10,-33,283
1743496828.099656,27,36,215
1743496828.135656,69,14,91
1743496828.170656,-12,8,173
1743496828.206656,13,76,171
1743496828.242656,21,-3,241
1743496828.278656,-50,-43,175
1743496828.314656,33,-91,149
1743496828.349656,62,44,327
1743496828.384656,37,44,179
1743496828.420656,30,50,137
1743496828.456656,1,-81,39
1743496828.491656,32,-5,105
1743496828.527656,-54,28,87
1743496828.5626562,-41,-61,165
1743496828.597656,-69,24,115
1743496828.632656,36,54,205
1743496828.668656,1,-53,109
1743496828.704656,51,-35,131
1743496828.739656,-32,-61,145
1743496828.775656,-47,-81,41
1743496828.810656,68,-41,123
1743496828.8456562,18,40,147
1743496828.880656,16,118,125
1743496828.916656,-1,-35,185
1743496828.952656,-7,28,95
1743496828.987656,-63,-17,149
1743496829.023656,-9,2,109
1743496829.058656,-3,14,231
1743496829.093656,38,-40,155
1743496829.128656,-49,-26,139
1743496829.1646562,50,-36,99
1743496829.200656,16,21,149
1743496829.235656,-27,5,165
1743496829.271656,60,-12,149
1743496829.306656,116,-6,73
1743496829.341656,-35,-26,105
1743496829.376656,16,33,103
1743496829.412656,122,-58,87
1743496829.448656,54,31,91
1743496829.4836562,-13,0,83
1743496829.519656,-47,-12,159
1743496829.554656,50,13,273
1743496829.589656,6,7,87
1743496829.624656,-21,-120,109
1743496829.660656,-61,-10,185
1743496829.696656,-5,3,3
1743496829.731656,0,-50,79
1743496829.767656,-79,-34,173
1743496829.802656,30,-22,163
1743496829.837656,-20,63,163
1743496829.872656,46,65,17
1743496829.908656,101,47,169
1743496829.944656,52,-14,99
1743496829.979656,0,-9,151
1743496830.015656,-73,52,111
1743496830.050656,64,-27,67
1743496830.0856562,35,-15,53
1743496830.120656,43,-35,185
1743496830.156656,-69,22,223
1743496830.192656,-33,14,223
1743496830.227656,12,-81,175
1743496830.263656,-1,101,73
1743496830.298656,10,20,164
1743496830.333656,48,-25,240
1743496830.3686562,40,6,115
1743496830.4046562,62,14,-15
1743496830.440656,-41,12,118
1743496830.475656,0,-27,96
1743496830.511656,42,-19,162
1743496830.546656,14,24,178
1743496830.581656,-1,22,98
1743496830.616656,-13,-21,182
1743496830.652656,48,62,160
1743496830.688656,38,-59,160
1743496830.723656,2,50,132
1743496830.759656,16,-3,222
1743496830.794656,-35,66,138
1743496830.829656,-45,-11,42
1743496830.864656,8,-1,252
1743496830.900656,86,14,186
1743496830.936656,-1,-39,292
1743496830.971656,12,16,220
1743496831.007656,50,-17,160
1743496831.042656,-17,-37,-105
1743496831.077656,-57,-21,102
1743496831.112656,-11,-35,188
1743496831.148656,-17,-31,104
1743496831.184656,-11,-11,186
1743496831.219656,-87,40,228
1743496831.255656,-39,28,100
1743496831.290656,-51,0,36
1743496831.325656,60,-59,182
1743496831.360656,10,-25,8
1743496831.396656,-7,-18,154
1743496831.432656,-87,-50,198
1743496831.467656,10,-26,78
1743496831.503656,20,-70,120
1743496831.538656,14,-14,132
1743496831.573656,-9,89,162
1743496831.6086562,-47,5,192
1743496831.644656,10,17,156
1743496831.680656,-13,9,66
1743496831.715656,64,-2,154
1743496831.751656,30,-14,169
1743496831.786656,6,21,193
1743496831.821656,156,21,11
1743496831.856656,64,-14,119
1743496831.892656,18,-20,107
1743496831.928656,24,29,141
1743496831.963656,32,1,315
1743496831.999656,-7,7,125
1743496832.034656,-9,31,267
1743496832.069656,-81,-16,71
1743496832.104656,-33,-16,59
1743496832.140656,32,39,225
1743496832.176656,-59,-8,145
1743496832.211656,-53,-22,79
1743496832.247656,-15,59,241
1743496832.282656,-51,29,285
1743496832.317656,-49,-12,63
1743496832.352656,4,37,39
1743496832.388656,-25,29,-12
1743496832.4246562,8,0,89
1743496832.459656,0,29,145
1743496832.495656,-5,51,119
1743496832.537656,42,-16,227
1743496832.573656,0,5,137
1743496832.6086562,74,25,94
1743496832.644656,-43,31,116
1743496832.680656,56,49,132
1743496832.715656,-27,-48,78
1743496832.751656,-13,-30,136
1743496832.786656,-15,43,90
1743496832.821656,-45,7,152
1743496832.856656,28,-60,64
1743496832.892656,8,33,0
1743496832.928656,26,-83,24
1743496832.963656,-15,-16,-11
1743496832.999656,-11,-28,160
1743496833.034656,54,-19,228
1743496833.069656,-23,-2,147
1743496833.104656,-43,-25,123
1743496833.140656,2,49,75
1743496833.176656,88,12,143
1743496833.211656,2,64,197
1743496833.247656,46,4,225
1743496833.282656,37,16,83
1743496833.317656,33,16,181
1743496833.352656,-56,-27,157
1743496833.388656,-9,-43,101
1743496833.4246562,-14,50,179
1743496833.459656,19,-41,153
1743496833.495656,-1,58,11
1743496833.530656,-23,-3,183
1743496833.565656,38,4,59
1743496833.600656,-25,-5,117
1743496833.636656,26,-47,229
1743496833.672656,-45,-7,145
1743496833.707656,-11,-21,63
1743496833.7436562,-69,-21,153
1743496833.778656,-1,-65,123
1743496833.813656,-9,-7,99
1743496833.849656,68,37,207
1743496833.884656,42,10,59
1743496833.920656,14,16,141
1743496833.955656,-41,-5,103
1743496833.991656,10,-11,137
1743496834.0266562,-125,-31,77
1743496834.061656,-67,-99,197
1743496834.096656,0,8,101
1743496834.132656,10,72,213
1743496834.168656,68,0,95
1743496834.203656,30,-8,103
1743496834.239656,82,21,231
1743496834.274656,86,-18,239
1743496834.309656,12,29,97
1743496834.3456562,-55,67,79
1743496834.380656,-21,0,229
1743496834.416656,-9,-46,255
1743496834.451656,16,-5,225
1743496834.487656,46,-104,145
1743496834.522656,4,-90,211
1743496834.557656,-8,-39,49
1743496834.593656,-52,42,245
1743496834.628656,29,30,269
1743496834.6646562,-6,-7,233
1743496834.699656,21,-7,149
1743496834.735656,73,-25,102
1743496834.770656,15,-79,170
1743496834.805656,-6,4,115
1743496834.841656,-18,-41,144
1743496834.876656,-76,-5,224
1743496834.912656,-64,-9,52
1743496834.9476562,-64,8,88
1743496834.9836562,-34,-39,216
1743496835.018656,-24,18,178
1743496835.053656,33,32,124
1743496835.089656,-22,16,144
1743496835.124656,-40,-55,74
1743496835.160656,37,28,106
1743496835.195656,11,70,192
1743496835.231656,43,38,136
1743496835.2666562,23,2,44
1743496835.301656,-4,-15,190
1743496835.337656,49,28,68
1743496835.372656,10,46,242
1743496835.408656,-43,-75,232
1743496835.443656,24,-11,0
1743496835.479656,-15,4,78
1743496835.514656,-63,40,152
1743496835.5496562,12,46,142
1743496835.5856562,-11,-65,28
1743496835.620656,-75,50,130
1743496835.656656,58,-45,188
1743496835.691656,36,-55,114
1743496835.727656,-25,-51,68
1743496835.762656,58,-59,102
1743496835.797656,38,-25,84
1743496835.833656,-7,-77,150
1743496835.8686562,-35,-1,161
1743496835.9046562,0,-23,107
1743496835.939656,12,2,116
1743496835.975656,-29,14,215
1743496836.010656,-1,-27,147
1743496836.045656,-23,-25,99
1743496836.081656,1,24,115
1743496836.116656,47,0,53
1743496836.152656,45,-5,97
1743496836.1876562,-31,-39,183
1743496836.223656,-3,48,211
1743496836.258656,62,-33,161
1743496836.293656,9,54,75
1743496836.329656,50,10,199
1743496836.364656,-5,-51,119
1743496836.400656,-25,40,29
1743496836.435656,-91,28,26
1743496836.471656,76,-17,139
1743496836.5066562,72,-23,91
1743496836.541656,32,-3,159
1743496836.577656,64,0,73
1743496836.612656,64,-21,163
1743496836.648656,-73,-59,227
1743496836.683656,-21,-41,161
1743496836.719656,24,10,57
1743496836.754656,18,-49,129
1743496836.7896562,2,-33,91
1743496836.825656,-43,30,165
1743496836.860656,-38,6,179
1743496836.896656,3,-19,87
1743496836.931656,0,30,63
1743496836.967656,-61,26,233
1743496837.002656,-23,-5,217
1743496837.037656,-3,34,1
1743496837.073656,52,0,199
1743496837.1086562,69,-41,191
1743496837.144656,16,20,103
1743496837.179656,-29,42,61
1743496837.215656,-17,2,51
1743496837.250656,-9,-25,121
1743496837.285656,-15,-65,125
1743496837.321656,-55,-49,121
1743496837.356656,34,50,39
1743496837.392656,-29,-27,211
1743496837.427656,14,26,-38
1743496837.462656,58,-9,197
1743496837.497656,-43,0,17
1743496837.533656,10,-93,105
1743496837.569656,86,-43,235
1743496837.604656,12,-49,145
1743496837.640656,-53,68,1
1743496837.675656,6,-53,211
1743496837.711656,12,-11,125
1743496837.747656,-37,30,177
1743496837.782656,-17,42,83
1743496837.817656,6,-77,87
1743496837.853656,-17,42,199
1743496837.889656,0,-9,77
1743496837.9246562,-23,-51,234
1743496837.9606562,10,-37,66
1743496837.995656,12,18,238
1743496838.030656,-3,-31,226
1743496838.065656,24,28,64
1743496838.101656,-21,6,92
1743496838.137656,50,-46,34
1743496838.172656,-109,-42,146
1743496838.208656,4,-45,242
1743496838.2436562,-31,46,196
1743496838.278656,44,48,162
1743496838.313656,64,20,8
1743496838.349656,-1,-3,230
1743496838.385656,44,28,214
1743496838.420656,4,-17,124
1743496838.456656,-90,4,146
1743496838.491656,-56,-39,110
1743496838.5266562,-10,-43,84
1743496838.561656,-118,-41,118
1743496838.597656,41,-27,92
1743496838.633656,-63,22,42
1743496838.668656,-35,-11,144
1743496838.704656,-55,-15,88
1743496838.739656,-51,-91,102
1743496838.774656,34,58,118
1743496838.809656,2,40,78
1743496838.8456562,32,46,98
1743496838.8816562,-38,18,164
1743496838.916656,35,-17,68
1743496838.952656,22,-25,144
1743496838.987656,-19,-9,106
1743496839.022656,-13,-25,164
1743496839.057656,-71,26,164
1743496839.093656,-33,46,72
1743496839.129656,-61,24,30
1743496839.1646562,-73,-31,172
1743496839.200656,-39,14,20
1743496839.235656,-15,26,240
1743496839.270656,-43,42,148
1743496839.305656,-47,1,106
1743496839.341656,-54,-8,180
1743496839.377656,11,13,208
1743496839.412656,-32,31,106
1743496839.448656,43,-78,182
1743496839.4836562,41,-76,70
1743496839.518656,87,45,54
1743496839.553656,65,39,130
1743496839.589656,-2,-16,40
1743496839.625656,30,-21,148
1743496839.660656,42,-55,278
1743496839.696656,-16,31,134
1743496839.731656,-22,41,72
1743496839.7666562,37,-28,176
1743496839.801656,-12,3,74
1743496839.837656,49,-64,96
1743496839.873656,-98,45,112
1743496839.908656,37,29,218
1743496839.944656,-46,7,144
1743496839.979656,-56,-54,140
1743496840.014656,5,-61,32
1743496840.0496562,17,21,-5
1743496840.0856562,3,-11,122
1743496840.121656,13,28,136
1743496840.156656,-26,-9,160
1743496840.192656,95,-37,190
1743496840.227656,-26,10,224
1743496840.262656,-10,54,16
1743496840.297656,17,16,60
1743496840.333656,17,-15,162
1743496840.369656,5,6,150
1743496840.4046562,23,0,96
1743496840.440656,-8,40,194
1743496840.475656,-76,-17,118
1743496840.510656,-18,12,176
1743496840.545656,0,-11,74
1743496840.581656,50,-15,10
1743496840.617656,-77,-17,26
1743496840.652656,-3,-19,94
1743496840.688656,-17,-31,158
1743496840.723656,-11,-1,38
1743496840.758656,-20,14,88
1743496840.793656,-16,-5,194
1743496840.829656,-6,-3,16
1743496840.865656,-16,-35,40
1743496840.900656,48,-51,66
1743496840.936656,4,28,80
1743496840.971656,-27,22,198
1743496841.0066562,48,-17,174
1743496841.041656,32,-41,86
1743496841.077656,18,2,-7
1743496841.113656,35,-45,66
1743496841.148656,80,36,122
1743496841.184656,14,62,276
1743496841.219656,32,-9,148
1743496841.254656,48,-17,100
1743496841.2896562,28,-1,176
1743496841.325656,-33,-25,114
1743496841.361656,88,12,164
1743496841.396656,4,52,72
1743496841.432656,-25,40,160
1743496841.467656,0,2,180
1743496841.502656,16,60,36
1743496841.537656,10,42,60
1743496841.573656,82,-25,120
1743496841.609656,26,-11,58
1743496841.644656,100,6,148
1743496841.680656,-7,6,106
1743496841.715656,-19,-33,80
1743496841.750656,-31,14,156
1743496841.785656,0,-49,136
1743496841.821656,18,36,46
1743496841.857656,-11,-31,246
1743496841.892656,-22,22,112
1743496841.928656,-23,-7,190
1743496841.963656,-110,-7,190
1743496841.998656,-19,-21,108
1743496842.033656,-7,-23,102
1743496842.070656,10,-101,226
1743496842.105656,-1,-57,110
1743496842.1416562,4,-15,72
1743496842.177656,-57,12,183
1743496842.212656,-95,14,85
1743496842.248656,-92,-25,-22
1743496842.283656,8,-69,305
1743496842.318656,27,0,179
1743496842.353656,-34,-79,-10
1743496842.389656,-40,-17,-24
1743496842.425656,21,-5,151
1743496842.4606562,-44,-23,207
1743496842.496656,55,-9,81
1743496842.538656,7,18,118
1743496842.574656,63,-9,193
1743496842.609656,-6,2,121
1743496842.645656,-6,18,113
1743496842.681656,-2,-91,77
1743496842.716656,-28,32,65
1743496842.752656,77,-3,123
1743496842.787656,27,78,139
1743496842.8226562,21,-21,59
1743496842.857656,-50,45,173
1743496842.893656,35,41,105
1743496842.929656,-60,-11,23
1743496842.964656,-2,8,235
1743496843.000656,1,22,179
1743496843.035656,-14,10,181
1743496843.070656,-16,-19,1
1743496843.105656,61,-19,255
1743496843.1416562,-16,132,157
1743496843.177656,9,60,93
1743496843.212656,-64,-1,137
1743496843.248656,-17,50,95
1743496843.283656,-49,16,187
1743496843.318656,-39,-52,81
1743496843.353656,-60,-28,233
1743496843.389656,15,4,87
1743496843.425656,17,46,63
1743496843.4606562,27,18,37
1743496843.496656,-18,56,107
1743496843.531656,33,70,177
1743496843.566656,-14,66,97
1743496843.601656,46,10,163
1743496843.637656,11,48,121
1743496843.673656,-84,0,145
1743496843.708656,-68,12,89
1743496843.744656,-76,72,229
1743496843.7796562,-30,20,95
1743496843.814656,-25,52,63
1743496843.850656,-15,-3,35
1743496843.885656,-86,-59,151
1743496843.921656,20,-21,187
1743496843.956656,-39,-58,189
1743496843.992656,12,9,69
1743496844.027656,-29,9,65
1743496844.0626562,-11,-10,75
1743496844.098656,20,73,155
1743496844.133656,80,-1,161
1743496844.169656,-3,0,265
1743496844.204656,-27,-34,153
1743496844.240656,-5,9,251
1743496844.275656,60,-43,57
1743496844.310656,-25,-57,179
1743496844.346656,34,-14,59
1743496844.3816562,58,-55,149
1743496844.417656,74,-20,133
1743496844.452656,28,10,133
1743496844.488656,18,53,81
1743496844.523656,78,41,43
1743496844.558656,-47,17,197
1743496844.594656,18,47,163
1743496844.629656,14,-12,211
1743496844.665656,20,-116,0
1743496844.700656,-9,27,93
1743496844.736656,18,-1,70
1743496844.771656,-83,-33,-1
1743496844.806656,-27,-89,212
1743496844.842656,-21,38,304
1743496844.877656,-61,-47,98
1743496844.913656,16,-29,118
1743496844.948656,78,6,136
1743496844.984656,54,54,30
1743496845.019656,-50,-25,240
1743496845.054656,-17,14,92
1743496845.090656,-8,10,98
1743496845.125656,-56,-15,50
1743496845.161656,-19,48,236
1743496845.196656,-17,16,140
1743496845.232656,34,-25,94
1743496845.267656,98,-32,84
1743496845.302656,-39,-6,216
1743496845.338656,-11,21,148
1743496845.373656,44,3,154
1743496845.409656,76,33,156
1743496845.444656,-15,-12,40
1743496845.480656,80,-54,93
1743496845.515656,24,45,146
1743496845.550656,-23,71,183
1743496845.586656,40,-14,167
1743496845.621656,42,61,177
1743496845.657656,20,-16,43
1743496845.692656,36,-22,139
1743496845.728656,-41,5,183
1743496845.763656,45,9,171
1743496845.798656,-50,-78,-20
1743496845.834656,22,-12,189
1743496845.869656,62,-12,161
1743496845.905656,8,-108,103
1743496845.940656,50,19,179
1743496845.976656,34,37,61
1743496846.011656,-49,23,199
1743496846.046656,-15,33,135
1743496846.082656,-73,-34,101
1743496846.117656,-65,-42,133
1743496846.153656,38,45,87
1743496846.188656,-35,-19,123
1743496846.224656,-83,-4,165
1743496846.259656,18,-72,107
1743496846.294656,-115,-26,25
1743496846.330656,22,-61,209
1743496846.365656,-39,-19,95
1743496846.4016562,-43,98,33
1743496846.436656,-41,-21,261
1743496846.472656,20,-33,75
1743496846.507656,-9,-67,113
1743496846.542656,-9,-37,103
1743496846.578656,-7,-37,129
1743496846.613656,32,-55,227
1743496846.649656,-1,-25,151
1743496846.684656,-5,56,115
1743496846.7206562,6,88,55
1743496846.755656,34,22,0
1743496846.790656,-47,2,75
1743496846.826656,130,74,137
1743496846.861656,-53,-9,179
1743496846.897656,56,-11,205
1743496846.932656,50,-63,75
1743496846.968656,8,0,109
1743496847.003656,-25,51,139
1743496847.038656,-31,95,175
1743496847.074656,28,61,39
1743496847.109656,110,-50,65
1743496847.145656,-9,-6,77
1743496847.180656,40,-72,295
1743496847.216656,24,-28,93
1743496847.252656,-13,-14,159
1743496847.287656,-55,55,137
1743496847.3226562,18,-64,87
1743496847.3586562,-87,59,32
1743496847.394656,76,21,124
1743496847.429656,44,17,242
1743496847.465656,26,-38,166
1743496847.500656,-1,-12,80
1743496847.535656,-25,63,138
1743496847.570656,26,-12,76
1743496847.606656,26,51,80
1743496847.642656,-61,-52,186
1743496847.677656,50,7,210
1743496847.713656,36,-12,174
1743496847.748656,36,10,162
1743496847.783656,-25,16,26
1743496847.818656,12,-21,186
1743496847.854656,84,60,122
1743496847.890656,74,64,82
1743496847.925656,44,-2,164
1743496847.961656,-57,7,110
1743496847.996656,62,39,106
1743496848.031656,-17,-26,190
1743496848.066656,12,45,180
1743496848.102656,32,-54,86
1743496848.138656,52,27,72
1743496848.173656,-9,21,92
1743496848.209656,8,-30,202
1743496848.244656,-93,3,168
1743496848.2796562,12,7,142
1743496848.314656,-49,-16,4
1743496848.350656,-7,33,138
1743496848.386656,-115,75,190
1743496848.421656,80,31,140
1743496848.457656,-5,-26,118
1743496848.492656,-59,-60,46
1743496848.527656,28,9,-43
1743496848.5626562,40,65,240
1743496848.598656,-7,45,62
1743496848.634656,-32,0,232
1743496848.669656,-86,-7,90
1743496848.705656,27,-18,244
1743496848.740656,15,11,224
1743496848.775656,-6,-56,220
1743496848.810656,9,27,216
1743496848.846656,83,33,118
1743496848.882656,7,39,108
1743496848.917656,5,7,74
1743496848.953656,-16,39,180
1743496848.988656,7,31,70
1743496849.023656,-36,-52,154
1743496849.058656,-32,21,80
1743496849.094656,-3,-76,66
1743496849.130656,-29,-64,120
1743496849.165656,37,-26,170
1743496849.201656,-37,21,162
1743496849.236656,17,-28,148
1743496849.271656,70,-4,130
1743496849.306656,-44,-6,78
1743496849.342656,-94,-60,142
1743496849.378656,-26,75,170
1743496849.413656,7,-34,136
1743496849.449656,47,-70,122
1743496849.484656,-2,35,100
1743496849.519656,7,-78,178
1743496849.554656,-60,67,94
1743496849.590656,0,23,162
1743496849.626656,8,75,208
1743496849.661656,-25,-72,76
1743496849.6976562,56,13,168
1743496849.732656,74,-86,-33
1743496849.767656,60,59,58
1743496849.802656,6,0,8
1743496849.838656,6,49,166
1743496849.874656,68,41,134
1743496849.909656,-25,17,286
1743496849.945656,-72,27,87
1743496849.980656,-43,-8,79
1743496850.015656,33,-50,7
1743496850.050656,49,-52,255
1743496850.086656,-27,-11,187
1743496850.122656,81,-11,83
1743496850.157656,9,110,199
1743496850.193656,33,-31,187
1743496850.228656,45,36,47
1743496850.263656,-60,-23,257
1743496850.298656,15,-21,101
1743496850.334656,57,48,187
1743496850.370656,-32,88,175
1743496850.405656,-30,12,117
1743496850.441656,-14,-1,69
1743496850.476656,1,8,229
1743496850.511656,29,10,201
1743496850.546656,19,-35,141
1743496850.582656,-38,58,121
1743496850.6186562,27,30,173
1743496850.653656,65,30,231
1743496850.689656,-2,-24,187
1743496850.724656,-2,-101,149
1743496850.759656,55,2,71
1743496850.794656,59,-67,29
1743496850.830656,5,-11,125
1743496850.866656,-60,-19,117
1743496850.9016562,-54,42,147
1743496850.9376562,16,72,165
1743496850.972656,-3,14,233
1743496851.007656,11,-25,145
1743496851.042656,9,0,197
1743496851.078656,27,44,143
1743496851.114656,-56,46,207
1743496851.149656,-11,-11,119
1743496851.185656,52,38,147
1743496851.2206562,74,16,67
1743496851.255656,30,0,67
1743496851.290656,-23,48,46
1743496851.326656,-67,-53,112
1743496851.362656,20,-25,311
1743496851.397656,-3,26,36
1743496851.433656,12,64,74
1743496851.468656,30,-31,94
1743496851.503656,-77,4,198
1743496851.538656,32,16,131
1743496851.574656,42,18,169
1743496851.610656,48,66,192
1743496851.645656,-32,-39,62
1743496851.681656,19,12,113
1743496851.716656,-92,10,115
1743496851.751656,-10,-11,169
1743496851.786656,87,-75,219
1743496851.8226562,-36,-27,75
1743496851.8586562,28,14,61
1743496851.893656,-28,46,75
1743496851.929656,6,58,103
1743496851.964656,-20,-33,97
1743496851.999656,66,16,69
1743496852.034656,70,-1,181
1743496852.070656,24,-5,231
1743496852.106656,-43,-1,133
1743496852.1416562,42,-59,101
1743496852.177656,64,-1,65
1743496852.212656,68,48,65
1743496852.247656,14,32,231
1743496852.282656,30,41,177
1743496852.318656,-35,7,201
1743496852.354656,60,-15,53
1743496852.389656,-55,-27,157
1743496852.425656,-33,-73,201
1743496852.4606562,32,-75,93
1743496852.495656,28,-35,47
1743496852.530656,52,-67,23
1743496852.573656,-29,70,119
1743496852.610656,-1,-11,79
1743496852.645656,-17,-43,193
1743496852.681656,38,-21,131
1743496852.716656,24,-37,267
1743496852.751656,-21,0,77
1743496852.786656,-35,-43,13
1743496852.8226562,32,38,147
1743496852.8586562,8,-19,235
1743496852.893656,18,-7,11
1743496852.929656,-45,-13,97
1743496852.964656,-7,-17,159
1743496852.999656,18,22,89
1743496853.034656,20,-27,221
1743496853.070656,-58,-21,27
1743496853.106656,23,-27,243
1743496853.1416562,-56,-15,157
1743496853.177656,-18,-1,-76
1743496853.212656,-76,4,161
1743496853.247656,-2,-57,135
1743496853.283656,75,48,72
1743496853.318656,73,20,146
1743496853.354656,55,50,42
1743496853.389656,-56,-57,263
1743496853.425656,57,56,89
1743496853.4606562,73,14,142
1743496853.495656,-11,-13,177
1743496853.531656,5,68,245
1743496853.566656,72,26,159
1743496853.602656,-24,-51,155
1743496853.637656,17,2,71
1743496853.673656,-58,4,91
1743496853.708656,-86,28,97
1743496853.745656,7,-15,145
1743496853.780656,-8,16,190
1743496853.815656,-63,-81,228
1743496853.851656,-121,-11,150
1743496853.886656,-13,12,105
1743496853.922656,28,8,135
1743496853.957656,-79,-7,305
1743496853.9936562,0,20,165
1743496854.028656,0,8,191
1743496854.063656,-71,-11,179
1743496854.099656,-73,18,57
1743496854.134656,8,10,167
1743496854.170656,-63,-5,27
1743496854.205656,2,-33,68
1743496854.241656,34,-29,74
1743496854.2766562,-11,-59,138
1743496854.311656,-33,-5,132
1743496854.347656,-109,36,108
1743496854.382656,-11,-63,270
1743496854.418656,-49,12,197
1743496854.453656,64,54,123
1743496854.489656,-11,0,179
1743496854.524656,44,-33,25
1743496854.559656,36,-15,107
1743496854.5956562,-79,-83,235
1743496854.630656,-83,38,75
1743496854.666656,28,40,160
1743496854.701656,-85,4,68
1743496854.737656,-7,66,146
1743496854.772656,-3,2,60
1743496854.807656,-83,98,44
1743496854.843656,-37,28,92
1743496854.878656,0,34,198
1743496854.9146562,-13,32,100
1743496854.949656,6,-9,188
1743496854.985656,-1,26,156
1743496855.020656,-11,32,162
1743496855.055656,-43,46,162
1743496855.091656,18,44,56
1743496855.126656,78,6,218
1743496855.162656,-65,-45,164
1743496855.1976562,12,-25,158
1743496855.2336562,12,14,236
1743496855.268656,-63,38,66
1743496855.303656,8,-61,122
1743496855.339656,-15,-13,112
1743496855.374656,-17,-63,230
1743496855.410656,58,-67,84
1743496855.445656,-19,14,102
1743496855.481656,6,-37,128
1743496855.5166562,-23,-23,150
1743496855.551656,0,50,16
1743496855.587656,-13,34,146
1743496855.622656,72,10,38
1743496855.658656,-63,-95,132
1743496855.693656,-23,-13,256
1743496855.729656,20,40,164
1743496855.764656,38,-63,206
1743496855.7996562,24,-37,84
1743496855.8356562,32,0,204
1743496855.870656,-27,36,100
1743496855.906656,-33,-55,66
1743496855.941656,26,-59,130
1743496855.977656,16,58,50
1743496856.012656,14,-63,142
1743496856.047656,0,34,134
1743496856.083656,-27,-45,152
1743496856.1186562,82,50,56
1743496856.1546562,-35,-15,244
1743496856.189656,-39,26,86
1743496856.225656,22,-41,44
1743496856.260656,-9,-13,138
1743496856.295656,32,8,-91
1743496856.331656,20,-5,92
1743496856.366656,-21,26,162
1743496856.402656,-61,-27,36
1743496856.4376562,-23,-11,164
1743496856.473656,18,54,174
1743496856.508656,58,-13,136
1743496856.543656,-65,-17,64
1743496856.579656,96,-47,182
1743496856.614656,54,22,200
1743496856.650656,-47,86,168
1743496856.685656,12,62,60
1743496856.721656,4,-21,64
1743496856.757656,50,38,74
1743496856.793656,48,36,78
1743496856.829656,28,28,278
1743496856.864656,-27,-59,244
1743496856.899656,16,12,148
1743496856.935656,-15,-77,136
1743496856.971656,4,-23,118
1743496857.0066562,44,6,190
1743496857.042656,12,22,184
1743496857.077656,32,-49,70
1743496857.112656,10,-65,38
1743496857.147656,-81,-1,180
1743496857.183656,-13,-15,114
1743496857.219656,30,20,86
1743496857.254656,-13,-3,181
1743496857.290656,136,6,92
1743496857.325656,-11,38,130
1743496857.360656,64,-35,144
1743496857.395656,-17,-11,96
1743496857.431656,28,20,131
1743496857.467656,14,-7,193
1743496857.502656,28,42,108
1743496857.538656,68,20,47
1743496857.573656,0,30,93
1743496857.6086562,-3,10,209
1743496857.643656,84,-5,145
1743496857.679656,14,-11,115
1743496857.715656,8,-31,69
1743496857.750656,29,-17,141
1743496857.786656,-57,14,119
1743496857.821656,46,6,73
1743496857.856656,-53,54,203
1743496857.8916562,92,-39,133
1743496857.927656,66,64,113
1743496857.963656,-5,36,35
1743496857.998656,44,10,203
1743496858.034656,-1,-33,169
1743496858.069656,80,8,47
1743496858.104656,100,-5,117
1743496858.139656,-9,16,119
1743496858.175656,12,-53,47
1743496858.211656,-49,-51,127
1743496858.246656,28,4,101
1743496858.282656,16,38,205
1743496858.317656,-85,-37,69
1743496858.352656,90,-55,19
1743496858.387656,37,-17,169
1743496858.423656,-60,-21,159
1743496858.459656,-28,-53,73
1743496858.494656,31,28,185
1743496858.530656,-50,78,131
1743496858.565656,-14,4,163
1743496858.600656,-38,24,235
1743496858.635656,1,22,155
1743496858.671656,-26,28,71
1743496858.707656,-36,50,139
1743496858.742656,-82,54,287
1743496858.778656,-32,46,185
1743496858.813656,-102,112,109
1743496858.848656,-60,34,95
1743496858.883656,33,40,68
1743496858.919656,-68,-7,77
1743496858.955656,-60,-41,159
1743496858.990656,27,20,149
1743496859.0266562,-50,10,104
1743496859.061656,13,-9,178
1743496859.096656,51,-57,12
1743496859.1316562,21,92,160
1743496859.167656,6,-13,158
1743496859.203656,33,22,28
1743496859.238656,-52,-35,92
1743496859.274656,-7,-45,164
1743496859.309656,117,10,314
1743496859.344656,-21,42,104
1743496859.379656,-73,-3,122
1743496859.415656,10,8,114
1743496859.451656,38,28,166
1743496859.486656,45,-9,134
1743496859.522656,-35,-119,226
1743496859.557656,96,-101,175
1743496859.592656,-32,42,156
1743496859.627656,-23,80,3
1743496859.663656,2,10,99
1743496859.699656,-94,-67,67
1743496859.734656,-50,-87,91
1743496859.770656,-36,32,59
1743496859.805656,67,-17,63
1743496859.840656,55,54,293
1743496859.875656,-26,32,205
1743496859.911656,-14,8,-4
1743496859.9476562,-47,52,128
1743496859.982656,-33,0,244
1743496860.018656,-63,-15,132
1743496860.053656,14,16,204
1743496860.088656,24,-35,58
1743496860.123656,-41,-21,70
1743496860.159656,8,-55,166
1743496860.195656,110,58,56
1743496860.230656,-29,-21,72
1743496860.2666562,28,12,174
1743496860.301656,-15,14,114
1743496860.336656,60,-35,40
1743496860.371656,-9,-15,62
1743496860.407656,-77,-27,86
1743496860.443656,12,32,164
1743496860.478656,18,2,154
1743496860.514656,-3,-55,106
1743496860.5496562,10,-63,124
1743496860.584656,-31,4,96
1743496860.619656,58,-37,218
1743496860.655656,-13,-1,164
1743496860.691656,0,-1,84
1743496860.726656,62,24,156
1743496860.762656,-49,-57,56
1743496860.797656,-7,-5,276
1743496860.832656,14,2,146
1743496860.867656,-113,-21,108
1743496860.903656,54,-17,94
1743496860.939656,-83,28,186
1743496860.974656,12,96,156
1743496861.010656,22,60,90
1743496861.045656,36,80,116
1743496861.080656,52,-7,166
1743496861.115656,-1,-25,162
1743496861.1516562,70,18,28
1743496861.1876562,2,52,-21
1743496861.222656,-5,58,84
1743496861.258656,-29,80,150
1743496861.293656,52,-33,174
1743496861.328656,-27,16,198
1743496861.363656,-49,76,144
1743496861.399656,-7,-7,126
1743496861.435656,-25,108,234
1743496861.4706562,-39,-25,210
1743496861.5066562,-13,-7,226
1743496861.541656,-81,-7,154
1743496861.576656,32,-15,224
1743496861.611656,14,42,128
1743496861.647656,10,36,48
1743496861.683656,-1,46,152
1743496861.718656,-9,-41,38
1743496861.754656,52,28,240
1743496861.7896562,24,2,116
1743496861.824656,0,52,172
1743496861.859656,38,-63,112
1743496861.895656,-23,-35,116
1743496861.931656,28,-9,66
1743496861.966656,-3,-73,120
1743496862.002656,28,-11,192
1743496862.037656,-3,66,160
1743496862.0726562,54,32,144
1743496862.107656,-41,24,140
1743496862.143656,2,6,118
1743496862.179656,8,-5,74
1743496862.214656,-63,2,112
1743496862.250656,-29,18,138
1743496862.285656,34,-57,116
1743496862.320656,-67,-5,108
1743496862.356656,-31,46,84
1743496862.3916562,-5,34,130
1743496862.427656,-1,24,35
1743496862.462656,-25,34,77
1743496862.498656,-83,14,137
1743496862.533656,78,2,221
1743496862.575656,-33,13,291
1743496862.611656,40,-43,127
1743496862.647656,-99,-61,9
1743496862.683656,-23,0,103
1743496862.718656,26,4,90
1743496862.754656,-49,-35,194
1743496862.7896562,2,82,216
1743496862.824656,10,-9,215
1743496862.860656,44,-61,157
1743496862.895656,138,10,165
1743496862.931656,58,30,133
1743496862.966656,-129,14,187
1743496863.002656,24,-55,177
1743496863.037656,20,-9,129
1743496863.0726562,-27,4,181
1743496863.1086562,-9,36,115
1743496863.143656,-61,46,145
1743496863.179656,28,12,15
1743496863.214656,12,28,95
1743496863.250656,10,-11,123
1743496863.285656,18,-43,-8
1743496863.320656,58,16,155
1743496863.356656,20,-7,277
1743496863.3916562,-77,-77,115
1743496863.427656,-3,-11,157
1743496863.462656,-7,22,223
1743496863.498656,2,32,97
1743496863.533656,-45,14,259
1743496863.568656,34,-83,101
1743496863.604656,4,0,145
1743496863.639656,-65,28,73
1743496863.675656,61,-1,117
1743496863.7106562,29,26,53
1743496863.746656,5,60,169
1743496863.781656,-126,-1,53
1743496863.816656,-4,2,83
1743496863.852656,-26,44,71
1743496863.887656,31,16,179
1743496863.923656,13,-9,103
1743496863.958656,41,-29,241
1743496863.994656,-100,70,189
1743496864.0296562,41,-37,121
1743496864.064656,55,-17,127
1743496864.100656,-26,-15,77
1743496864.135656,-13,70,85
1743496864.171656,13,-81,91
1743496864.206656,28,10,201
1743496864.242656,-126,-87,147
1743496864.277656,-32,-75,171
1743496864.3126562,-79,-7,197
1743496864.348656,-27,-55,187
1743496864.383656,-24,-53,205
1743496864.419656,-10,28,83
1743496864.454656,-94,48,133
1743496864.490656,45,-37,155
1743496864.525656,-70,16,117
1743496864.560656,63,8,67
1743496864.596656,-6,0,157
1743496864.6316562,9,52,137
1743496864.667656,69,52,161
1743496864.702656,55,-51,157
1743496864.738656,41,-15,125
1743496864.773656,-14,8,81
1743496864.808656,-52,20,185
1743496864.844656,4,-23,-32
1743496864.879656,4,-31,91
1743496864.915656,54,-13,177
1743496864.950656,46,-21,63
1743496864.986656,-3,18,141
1743496865.021656,-11,-81,43
1743496865.056656,112,6,189
1743496865.092656,-21,24,149
1743496865.127656,-31,24,203
1743496865.163656,34,26,211
1743496865.198656,-31,-23,203
1743496865.234656,94,66,231
1743496865.269656,-45,44,117
1743496865.304656,122,-43,121
1743496865.340656,34,-15,175
1743496865.375656,-15,-37,154
1743496865.411656,56,12,182
1743496865.446656,-21,6,180
1743496865.482656,-1,-37,122
1743496865.517656,-19,12,98
1743496865.552656,42,-55,116
1743496865.588656,6,-25,208
1743496865.623656,-23,18,44
1743496865.659656,66,-3,158
1743496865.694656,4,22,80
1743496865.730656,-19,6,126
1743496865.765656,0,90,201
1743496865.800656,-5,42,146
1743496865.836656,26,-21,200
1743496865.871656,16,42,66
1743496865.907656,-37,-29,-3
1743496865.942656,-59,-41,114
1743496865.978656,-5,-22,144
1743496866.013656,-51,17,160
1743496866.048656,-5,-8,14
1743496866.084656,-29,8,130
1743496866.119656,-31,0,222
1743496866.155656,-21,-27,142
1743496866.190656,4,-6,82
1743496866.226656,42,-25,98
1743496866.262656,34,20,210
1743496866.298656,30,78,90
1743496866.334656,54,0,130
1743496866.370656,-21,0,110
1743496866.406656,14,-47,118
1743496866.442656,30,81,-91
1743496866.478656,26,-45,144
1743496866.513656,-43,1,110
1743496866.548656,-43,-18,86
1743496866.584656,-39,80,38
1743496866.620656,-67,-2,110
1743496866.655656,44,53,172
1743496866.691656,36,15,52
1743496866.726656,80,-3,174
1743496866.761656,-37,24,174
1743496866.796656,24,-33,218
1743496866.832656,68,-57,236
1743496866.8686562,-39,-61,38
1743496866.903656,4,-55,44
1743496866.939656,14,-6,172
1743496866.974656,-19,60,128
1743496867.009656,54,-18,178
1743496867.044656,-11,3,124
1743496867.080656,-43,48,168
1743496867.116656,-53,17,231
1743496867.1516562,-35,65,127
1743496867.1876562,-17,123,75
1743496867.222656,-51,-6,53
1743496867.257656,98,-36,255
1743496867.292656,-19,6,157
1743496867.328656,70,4,259
1743496867.364656,22,2,233
1743496867.399656,-39,21,199
1743496867.435656,-15,-30,135
1743496867.4706562,30,-27,185
1743496867.505656,-7,-45,145
1743496867.540656,-13,16,237
1743496867.576656,-77,-9,-34
1743496867.612656,18,36,105
1743496867.647656,52,-51,21
1743496867.683656,-3,4,193
1743496867.718656,-11,-47,225
1743496867.753656,-7,-43,49
1743496867.788656,56,32,157
1743496867.824656,-73,62,163
1743496867.860656,-9,22,189
1743496867.895656,42,-31,179
1743496867.931656,38,96,107
1743496867.966656,-57,-25,71
1743496868.001656,20,-1,227
1743496868.036656,-25,-3,129
1743496868.0726562,-55,-5,207
1743496868.1086562,-19,54,59
1743496868.143656,-69,-38,73
1743496868.179656,59,-20,157
1743496868.214656,8,51,43
1743496868.249656,23,47,247
1743496868.284656,-32,-6,203
1743496868.320656,32,-21,73
1743496868.356656,10,6,175
1743496868.3916562,0,-38,111
1743496868.427656,-25,41,65
1743496868.462656,90,-9,151
1743496868.497656,0,-55,125
1743496868.532656,7,-13,147
1743496868.568656,-34,-1,165
1743496868.604656,-22,-25,7
1743496868.639656,-60,128,75
1743496868.675656,9,-63,197
1743496868.7106562,-42,-11,219
1743496868.745656,-14,-11,131
1743496868.780656,51,78,51
1743496868.816656,-4,-25,113
1743496868.852656,77,-9,145
1743496868.887656,29,-43,191
1743496868.923656,41,64,163
1743496868.958656,15,4,31
1743496868.9936562,-40,38,77
1743496869.028656,-38,-39,121
1743496869.064656,3,12,111
1743496869.100656,-68,46,180
1743496869.135656,57,33,56
1743496869.171656,1,-9,7
1743496869.207656,-24,24,112
1743496869.2436562,-10,-13,245
1743496869.278656,-18,-63,76
1743496869.313656,27,8,214
1743496869.348656,22,-35,71
1743496869.384656,-25,-3,173
1743496869.420656,40,-15,233
1743496869.455656,72,52,74
1743496869.491656,16,8,132
1743496869.5266562,-98,12,166
1743496869.561656,69,-37,148
1743496869.596656,55,4,200
1743496869.632656,0,-65,72
1743496869.668656,33,-71,62
1743496869.703656,49,-3,136
1743496869.739656,-12,-37,118
1743496869.774656,41,34,74
1743496869.809656,-12,36,204
1743496869.844656,15,-21,42
1743496869.880656,15,-53,176
1743496869.916656,47,-17,158
1743496869.951656,25,28,110
1743496869.987656,5,64,174
1743496870.022656,-46,-33,164
1743496870.057656,37,66,66
1743496870.092656,51,-43,286
1743496870.128656,39,-1,86
1743496870.1646562,-16,-11,84
1743496870.199656,21,62,234
1743496870.235656,-24,54,146
1743496870.270656,-56,8,140
1743496870.305656,29,5,70
1743496870.340656,-66,-39,164
1743496870.376656,51,-19,138
1743496870.412656,-42,2,142
1743496870.4476562,41,84,104
1743496870.4836562,-42,-36,110
1743496870.518656,63,-113,104
1743496870.553656,85,60,78
1743496870.588656,-23,34,178
1743496870.624656,22,58,152
1743496870.660656,-15,84,136
1743496870.695656,-13,80,108
1743496870.731656,-59,-87,170
1743496870.7666562,22,30,48
1743496870.801656,-53,2,164
1743496870.836656,-73,-51,104
1743496870.872656,36,4,-79
1743496870.908656,60,28,124
1743496870.943656,2,-49,102
1743496870.979656,82,28,162
1743496871.014656,-13,4,196
1743496871.0496562,16,-69,16
1743496871.084656,30,-3,140
1743496871.120656,10,30,40
1743496871.156656,58,-41,78
1743496871.191656,-9,-40,146
1743496871.227656,52,44,-15
1743496871.262656,10,-31,12
1743496871.297656,59,-94,192
1743496871.332656,-5,49,118
1743496871.3686562,16,1,6
1743496871.4046562,-5,-16,216
1743496871.439656,-9,3,94
1743496871.475656,76,-15,74
1743496871.510656,-5,-22,102
1743496871.545656,-45,40,122
1743496871.580656,-11,-23,212
1743496871.616656,-63,-1,82
1743496871.652656,-51,102,66
1743496871.6876562,86,6,152
1743496871.723656,2,-11,148
1743496871.758656,0,-71,100
1743496871.793656,76,4,168
1743496871.828656,22,-25,120
1743496871.864656,-45,-9,150
1743496871.900656,64,0,230
1743496871.935656,-21,8,138
1743496871.971656,44,-37,108
1743496872.0066562,16,-61,106
1743496872.041656,22,-31,166
1743496872.076656,-25,36,132
1743496872.112656,16,-1,230
1743496872.148656,-9,2,222
1743496872.183656,10,36,102
1743496872.219656,2,-25,100
1743496872.254656,-37,-41,170
1743496872.2896562,-7,-5,292
1743496872.325656,30,-31,134
1743496872.360656,-53,-35,-21
1743496872.396656,-1,-25,170
1743496872.431656,-3,42,156
1743496872.467656,-3,24,130
1743496872.502656,-83,-41,146
1743496872.537656,-127,22,126
1743496872.580656,14,-9,156
1743496872.616656,18,-3,164
1743496872.652656,14,-41,192
1743496872.6876562,35,84,220
1743496872.723656,-46,-3,182
1743496872.758656,40,34,252
1743496872.793656,-4,-3,156
1743496872.829656,-33,-15,192
1743496872.864656,-64,-45,180
1743496872.900656,-37,38,90
1743496872.935656,2,-13,18
1743496872.971656,-39,22,116
1743496873.0066562,-5,-29,136
1743496873.041656,28,2,168
1743496873.077656,-29,82,100
1743496873.112656,82,44,152
1743496873.148656,14,-15,68
1743496873.183656,18,-3,128
1743496873.219656,-3,-69,216
1743496873.254656,84,4,30
1743496873.2896562,24,32,190
1743496873.325656,4,38,30
1743496873.360656,4,-58,110
1743496873.396656,26,-3,150
1743496873.431656,10,2,231
1743496873.467656,2,44,157
1743496873.502656,56,30,145
1743496873.537656,8,-19,71
1743496873.573656,22,12,-24
1743496873.6086562,-31,-11,133
1743496873.644656,12,0,115
1743496873.679656,44,20,253
1743496873.715656,18,-63,41
1743496873.750656,44,-7,221
1743496873.785656,10,0,135
1743496873.821656,-55,-45,165
1743496873.856656,20,-19,77
1743496873.892656,33,49,211
1743496873.927656,34,-1,169
1743496873.963656,24,20,69
1743496873.998656,22,72,181
1743496874.033656,-61,-5,101
1743496874.069656,-31,68,141
1743496874.104656,58,-19,89
1743496874.140656,-45,14,265
1743496874.175656,30,2,99
1743496874.211656,-11,36,123
1743496874.246656,106,-21,93
1743496874.281656,0,22,163
1743496874.317656,54,2,161
1743496874.352656,6,-25,57
1743496874.388656,-43,16,245
1743496874.423656,18,18,176
1743496874.459656,98,-39,75
1743496874.494656,-23,-7,16
1743496874.5296562,-15,32,99
1743496874.565656,92,14,21
1743496874.600656,-5,12,51
1743496874.636656,-39,80,19
1743496874.671656,28,-47,113
1743496874.707656,-59,-13,141
1743496874.742656,26,-21,67
1743496874.777656,-35,22,148
1743496874.813656,6,-31,205
1743496874.848656,46,-15,100
1743496874.884656,-3,-11,226
1743496874.919656,56,16,172
1743496874.955656,-47,-5,180
1743496874.990656,40,54,174
1743496875.025656,-63,18,94
1743496875.061656,-29,14,138
1743496875.096656,64,10,106
1743496875.132656,-87,-3,52
1743496875.167656,18,36,152
1743496875.203656,12,-51,92
1743496875.238656,-47,-5,18
1743496875.273656,24,26,6
1743496875.309656,62,-67,158
1743496875.344656,66,44,-3
1743496875.380656,11,24,46
1743496875.415656,-10,6,136
1743496875.451656,25,88,120
1743496875.486656,-4,-25,42
1743496875.521656,0,26,122
1743496875.557656,49,-19,48
1743496875.592656,-68,30,124
1743496875.628656,81,-3,26
1743496875.663656,49,27,160
1743496875.699656,5,26,44
1743496875.735656,-108,43,184
1743496875.770656,79,-54,136
1743496875.805656,-64,37,104
1743496875.841656,0,-24,156
1743496875.877656,53,65,-9
1743496875.912656,1,-80,204
1743496875.948656,-36,-62,26
1743496875.9836562,19,103,110
1743496876.018656,-94,-26,158
1743496876.053656,-36,5,80
1743496876.089656,3,-38,44
1743496876.125656,60,-88,102
1743496876.160656,44,-54,54
1743496876.196656,-56,-52,94
1743496876.231656,2,-24,238
1743496876.2666562,16,0,180
1743496876.301656,-3,91,168
1743496876.337656,-35,-26,220
1743496876.373656,-25,-80,76
1743496876.408656,6,-26,74
1743496876.444656,42,0,280
1743496876.479656,108,8,100
1743496876.514656,14,-23,172
1743496876.5496562,-103,-33,92
1743496876.5856562,-3,88,138
1743496876.621656,36,56,90
1743496876.656656,-69,40,162
1743496876.692656,-21,-13,64
1743496876.727656,0,14,240
1743496876.762656,14,-73,90
1743496876.797656,-31,-17,128
1743496876.833656,10,32,154
1743496876.869656,-27,-13,166
1743496876.9046562,0,72,240
1743496876.940656,36,-49,118
1743496876.975656,6,-7,100
1743496877.010656,20,24,158
1743496877.045656,-25,-5,140
1743496877.081656,-61,20,170
1743496877.117656,-25,-49,84
1743496877.152656,16,19,188
1743496877.188656,38,-20,154
1743496877.223656,6,-60,150
1743496877.258656,-23,-24,108
1743496877.293656,8,1,226
1743496877.329656,54,1,64
1743496877.365656,-5,-16,180
1743496877.400656,-31,-57,122
1743496877.436656,-7,22,206
1743496877.471656,22,40,150
1743496877.5066562,-33,16,76
1743496877.541656,-45,81,88
1743496877.577656,-3,-15,168
1743496877.613656,0,-9,75
1743496877.648656,-19,0,70
1743496877.684656,32,-41,133
1743496877.719656,82,-33,279
1743496877.754656,30,-43,185
1743496877.7896562,28,-45,77
1743496877.825656,-17,58,119
1743496877.861656,-55,40,160
1743496877.896656,-43,-1,81
1743496877.932656,30,46,77
1743496877.967656,4,-9,103
1743496878.002656,-15,14,227
1743496878.037656,-37,-7,57
1743496878.073656,76,44,115
1743496878.109656,50,18,139
1743496878.144656,4,64,71
1743496878.180656,-19,50,35
1743496878.215656,8,40,225
1743496878.250656,-61,-19,111
1743496878.285656,40,18,193
1743496878.321656,22,-3,167
1743496878.357656,12,56,179
1743496878.392656,30,56,-10
1743496878.428656,66,-5,163
1743496878.463656,30,30,169
1743496878.498656,-5,-53,123
1743496878.533656,12,10,141
1743496878.569656,68,-25,169
1743496878.605656,-19,-75,-10
1743496878.640656,74,44,243
1743496878.676656,18,-33,145
1743496878.711656,-3,14,189
1743496878.746656,48,0,61
1743496878.781656,-133,6,-2
1743496878.817656,70,-9,-22
1743496878.853656,44,-77,69
1743496878.888656,74,-11,97
1743496878.9246562,30,-45,147
1743496878.959656,14,-35,157
1743496878.994656,72,-39,97
1743496879.0296562,-49,-33,69
1743496879.065656,-45,-55,173
1743496879.101656,42,-93,157
1743496879.136656,26,-25,175
1743496879.172656,-113,-21,77
1743496879.207656,58,-17,81
1743496879.242656,30,22,153
1743496879.277656,-29,60,133
1743496879.313656,22,-7,111
1743496879.349656,-37,-65,57
1743496879.384656,-55,-65,123
1743496879.420656,82,4,-12
1743496879.455656,74,-11,193
1743496879.490656,-61,26,129
1743496879.525656,-59,-51,235
1743496879.561656,18,-1,289
1743496879.597656,-45,21,101
1743496879.632656,2,-16,121
1743496879.668656,106,15,139
1743496879.703656,-57,-32,99
1743496879.738656,24,-24,129
1743496879.773656,-69,0,127
1743496879.809656,24,-76,79
1743496879.8456562,30,33,137
1743496879.880656,64,65,181
1743496879.916656,34,34,111
1743496879.951656,38,-99,167
1743496879.986656,0,-5,155
1743496880.021656,18,-75,235
1743496880.057656,-3,-13,139
1743496880.093656,20,83,139
1743496880.128656,46,-13,179
1743496880.1646562,-49,87,209
1743496880.199656,-43,86,193
1743496880.234656,-51,-44,-14
1743496880.269656,-13,4,103
1743496880.305656,52,77,81
1743496880.341656,-33,11,209
1743496880.376656,-40,-46,209
1743496880.412656,-67,7,169
1743496880.4476562,-24,13,124
1743496880.482656,-38,-68,94
1743496880.517656,51,-21,64
1743496880.553656,-30,-88,290
1743496880.589656,-14,56,58
1743496880.624656,11,-1,130
1743496880.660656,61,-23,176
1743496880.695656,-24,62,208
1743496880.730656,-24,-25,142
1743496880.765656,35,20,148
1743496880.801656,-25,30,68
1743496880.837656,-112,6,146
1743496880.872656,13,-7,76
1743496880.908656,-71,-33,184
1743496880.943656,37,-17,188
1743496880.978656,-38,-6,96
1743496881.013656,0,-21,182
1743496881.0496562,-38,-25,88
1743496881.0856562,-37,-67,94
1743496881.120656,120,44,126
1743496881.156656,4,-75,126
1743496881.191656,14,-79,42
1743496881.226656,38,-35,192
1743496881.261656,64,-41,210
1743496881.297656,4,32,156
1743496881.333656,-33,24,190
1743496881.3686562,122,-35,146
1743496881.4046562,68,16,70
1743496881.439656,-17,-27,102
1743496881.474656,8,-55,100
1743496881.509656,-9,-89,110
1743496881.545656,-25,-33,16
1743496881.581656,8,22,160
1743496881.616656,8,-31,66
1743496881.652656,-19,0,148
1743496881.6876562,-49,-9,128
1743496881.722656,40,84,104
1743496881.758656,24,60,132
1743496881.793656,6,2,48
1743496881.829656,-23,24,110
1743496881.864656,-73,-25,112
1743496881.900656,56,-51,194
1743496881.935656,52,-119,210
1743496881.9706562,76,-77,156
1743496882.0066562,20,0,128
1743496882.041656,-11,52,6
1743496882.077656,114,34,228
1743496882.112656,18,14,110
1743496882.148656,-41,-7,-13
1743496882.183656,98,-7,160
1743496882.218656,-45,-27,222
1743496882.254656,24,78,60
1743496882.2896562,-13,10,216
1743496882.325656,24,2,200
1743496882.360656,9,36,11
1743496882.396656,61,-39,153
1743496882.431656,87,-83,112
1743496882.466656,61,30,238
1743496882.502656,-42,0,115
1743496882.537656,35,4,65
1743496882.573656,59,12,167
1743496882.615656,-54,-45,75
1743496882.652656,39,-34,75
1743496882.6876562,-90,-64,29
1743496882.722656,-6,-26,191
1743496882.758656,-14,-123,137
1743496882.793656,-14,16,49
1743496882.829656,11,-29,125
1743496882.864656,23,107,49
1743496882.900656,-12,24,29
1743496882.935656,-52,0,197
1743496882.9706562,0,6,239
1743496883.0066562,-47,-69,167
1743496883.041656,-37,-11,79
1743496883.077656,60,-17,143
1743496883.112656,-43,67,111
1743496883.148656,30,-56,123
1743496883.183656,-41,21,43
1743496883.218656,-43,44,227
1743496883.254656,26,43,183
1743496883.2896562,-87,21,111
1743496883.325656,-5,39,109
1743496883.360656,-31,-4,163
1743496883.396656,-85,-44,165
1743496883.431656,32,-10,269
1743496883.466656,0,-20,53
1743496883.502656,-41,11,77
1743496883.537656,-31,43,213
1743496883.573656,-61,-24,101
1743496883.6086562,20,-34,99
1743496883.644656,36,35,193
1743496883.679656,6,-24,61
1743496883.714656,58,15,141
1743496883.750656,-13,-84,175
1743496883.785656,4,-4,53
1743496883.821656,26,-16,233
1743496883.856656,-55,35,203
1743496883.892656,-15,-16,157
1743496883.927656,2,5,177
1743496883.962656,-77,-28,233
1743496883.998656,-31,0,149
1743496884.033656,-25,17,211
1743496884.069656,24,-44,135
1743496884.104656,-93,3,81
1743496884.140656,-47,41,215
1743496884.175656,40,15,151
1743496884.2106562,8,37,97
1743496884.246656,-45,13,203
1743496884.281656,-71,-106,57
1743496884.317656,-3,-72,185
1743496884.352656,4,-26,137
1743496884.388656,24,-12,105
1743496884.423656,70,3,85
1743496884.458656,-69,-30,159
1743496884.494656,0,-66,125
1743496884.5296562,68,-36,71
1743496884.565656,10,-48,185
1743496884.600656,22,105,-6
1743496884.636656,4,-2,145
1743496884.671656,-71,-17,73
1743496884.706656,28,50,77
1743496884.742656,2,-59,229
1743496884.777656,86,8,181
1743496884.813656,4,62,169
1743496884.848656,-11,0,119
1743496884.884656,-59,16,145
1743496884.919656,10,-17,143
1743496884.954656,18,-5,79
1743496884.990656,-79,48,109
1743496885.025656,32,-5,41
1743496885.061656,54,-17,109
1743496885.096656,-11,12,61
1743496885.132656,36,8,95
1743496885.167656,6,-39,139
1743496885.202656,82,-39,135
1743496885.238656,10,-35,117
1743496885.273656,36,-29,219
1743496885.309656,32,50,157
1743496885.344656,14,-63,121
1743496885.379656,-23,-47,65
1743496885.4146562,20,0,217
1743496885.450656,38,-59,123
1743496885.486656,-15,-13,129
1743496885.521656,-37,3,81
1743496885.557656,-11,-19,75
1743496885.592656,-45,-2,123
1743496885.627656,24,-46,119
1743496885.662656,2,24,79
1743496885.698656,4,45,133
1743496885.734656,10,-46,141
1743496885.769656,-45,41,99
1743496885.805656,22,15,151
1743496885.840656,-35,11,177
1743496885.875656,0,9,217
1743496885.910656,-35,-34,71
1743496885.946656,-61,35,73
1743496885.982656,-3,31,205
1743496886.017656,-29,22,223
1743496886.053656,-11,-43,161
1743496886.088656,-19,28,29
1743496886.123656,54,0,107
1743496886.158656,46,26,49
1743496886.194656,116,-1,31
1743496886.230656,6,6,133
1743496886.265656,8,-27,109
1743496886.301656,-13,18,135
1743496886.336656,-17,0,223
1743496886.371656,64,10,71
1743496886.406656,-3,22,187
1743496886.442656,-3,-57,191
1743496886.478656,-27,0,147
1743496886.513656,-25,28,139
1743496886.5496562,33,-10,135
1743496886.584656,26,42,123
1743496886.619656,-21,-41,-38
1743496886.6546562,64,-49,177
1743496886.690656,-55,90,131
1743496886.726656,66,34,37
1743496886.761656,18,-67,97
1743496886.797656,-7,-13,99
1743496886.832656,54,18,233
1743496886.867656,34,4,99
1743496886.902656,-35,-43,64
1743496886.938656,74,-5,162
1743496886.974656,-37,-57,90
1743496887.009656,-9,12,136
1743496887.045656,16,-13,154
1743496887.080656,-27,-29,82
1743496887.115656,-13,-127,126
1743496887.150656,-13,58,92
1743496887.186656,-1,16,146
1743496887.222656,48,-13,62
1743496887.257656,38,-9,100
1743496887.293656,8,-1,104
1743496887.328656,68,60,34
1743496887.363656,36,-25,18
1743496887.398656,140,54,202
1743496887.434656,74,-21,144
1743496887.4706562,-125,8,156
1743496887.505656,-107,-19,110
1743496887.541656,56,74,182
1743496887.576656,18,2,166
1743496887.611656,-1,-33,-55
1743496887.646656,-45,42,128
1743496887.682656,-37,-25,-55
1743496887.718656,16,-3,208
1743496887.753656,-75,-37,196
1743496887.7896562,18,4,208
1743496887.824656,8,-25,174
1743496887.859656,-43,-65,82
1743496887.894656,-7,-17,70
1743496887.930656,-35,48,48
1743496887.966656,36,18,32
1743496888.001656,-57,-25,128
1743496888.037656,-33,-25,140
1743496888.0726562,22,-27,70
1743496888.107656,54,-23,74
1743496888.142656,-9,32,122
1743496888.178656,68,30,74
1743496888.214656,42,-39,90
1743496888.249656,26,-23,120
1743496888.285656,32,16,118
1743496888.320656,-19,-1,122
1743496888.355656,-27,-11,110
1743496888.390656,62,-55,-5
1743496888.426656,22,2,104
1743496888.462656,-59,27,206
1743496888.497656,8,-47,142
1743496888.533656,64,2,136
1743496888.568656,-23,-30,106
1743496888.603656,42,-31,162
1743496888.638656,0,-25,84
1743496888.6746562,66,-27,106
1743496888.7106562,0,12,90
1743496888.745656,-1,-19,58
1743496888.781656,0,14,62
1743496888.816656,-39,4,219
1743496888.851656,-67,10,87
1743496888.886656,-21,50,205
1743496888.922656,88,-13,65
1743496888.958656,36,50,131
1743496888.9936562,10,-51,218
1743496889.0296562,-13,44,24
1743496889.064656,-29,-11,126
1743496889.099656,14,-17,202
1743496889.134656,2,-15,170
1743496889.170656,138,-53,182
1743496889.206656,8,-7,40
1743496889.241656,0,36,204
1743496889.277656,-51,-19,166
1743496889.3126562,-59,-7,98
1743496889.347656,98,-31,176
1743496889.382656,50,26,232
1743496889.418656,-35,18,138
1743496889.454656,-19,56,144
1743496889.489656,-28,-29,174
1743496889.525656,69,34,182
1743496889.560656,-2,38,18
1743496889.5956562,18,-19,106
1743496889.630656,40,6,130
1743496889.666656,-15,-27,200
1743496889.702656,26,62,121
1743496889.737656,2,6,95
1743496889.773656,-87,76,43
1743496889.808656,30,62,107
1743496889.843656,-19,-89,99
1743496889.878656,-32,66,177
1743496889.9146562,44,-39,139
1743496889.950656,-46,-87,137
1743496889.985656,24,14,161
1743496890.021656,35,-45,123
1743496890.056656,8,-63,207
1743496890.091656,2,36,133
1743496890.126656,-17,56,189
1743496890.162656,64,-49,5
1743496890.198656,69,-43,103
1743496890.2336562,71,-1,51
1743496890.269656,-25,30,121
1743496890.304656,34,24,45
1743496890.339656,-59,0,173
1743496890.374656,44,-1,135
1743496890.410656,-19,27,121
1743496890.446656,52,43,157
1743496890.481656,-75,-5,109
1743496890.517656,54,15,107
1743496890.552656,-76,-52,161
1743496890.587656,-91,21,49
1743496890.622656,-27,-40,107
1743496890.658656,34,19,7
1743496890.694656,49,-26,71
1743496890.729656,-6,-48,93
1743496890.765656,-16,-68,135
1743496890.800656,-74,-5,89
1743496890.8356562,17,-29,49
1743496890.870656,7,22,67
1743496890.906656,1,-4,49
1743496890.942656,9,-40,139
1743496890.977656,-2,-42,131
1743496891.013656,-65,-20,133
1743496891.048656,-1,37,39
1743496891.083656,4,-14,109
1743496891.1186562,34,-76,-12
1743496891.1546562,-49,0,133
1743496891.190656,-57,19,121
1743496891.225656,-15,-14,129
1743496891.261656,34,-44,91
1743496891.296656,-71,31,183
1743496891.331656,-43,-26,175
1743496891.367656,-73,13,201
1743496891.402656,62,-26,73
1743496891.438656,-23,-44,163
1743496891.473656,44,-16,71
1743496891.509656,-11,51,155
1743496891.544656,32,-26,31
1743496891.579656,64,-42,217
1743496891.615656,20,-38,129
1743496891.650656,-31,-14,105
1743496891.686656,2,-8,57
1743496891.721656,-5,37,209
1743496891.757656,17,-5,125
1743496891.792656,43,-3,87
1743496891.827656,67,-25,247
1743496891.863656,-36,14,97
1743496891.898656,15,-23,121
1743496891.934656,-10,10,21
1743496891.969656,51,-29,169
1743496892.005656,-37,10,115
1743496892.040656,38,-83,115
1743496892.075656,-29,50,151
1743496892.111656,-69,-7,167
1743496892.146656,-3,-33,151
1743496892.182656,-15,-35,167
1743496892.217656,-21,8,133
1743496892.253656,20,18,141
1743496892.288656,54,54,149
1743496892.323656,60,30,133
1743496892.359656,36,-59,161
1743496892.394656,-29,-57,110
1743496892.430656,36,-14,208
1743496892.465656,-96,20,170
1743496892.501656,-78,-113,60
1743496892.536656,15,12,86
1743496892.571656,18,48,56
1743496892.607656,-13,-7,246
1743496892.649656,48,-41,186
1743496892.686656,42,-17,230
1743496892.721656,4,-85,146
1743496892.757656,-19,-7,104
1743496892.792656,-17,-3,222
1743496892.827656,62,38,68
1743496892.863656,86,88,160
1743496892.898656,-47,-59,262
1743496892.934656,44,-7,64
1743496892.969656,8,-15,134
1743496893.005656,-61,-21,184
1743496893.040656,28,18,218
1743496893.075656,-15,-43,132
1743496893.111656,-19,6,164
1743496893.146656,-15,94,154
1743496893.182656,14,14,190
1743496893.217656,16,-79,94
1743496893.253656,56,8,96
1743496893.288656,-55,46,128
1743496893.323656,24,-13,192
1743496893.359656,44,-7,86
1743496893.394656,22,-1,60
1743496893.430656,-5,66,108
1743496893.465656,4,4,158
1743496893.501656,18,6,88
1743496893.536656,48,32,206
1743496893.571656,-7,-1,70
1743496893.607656,-17,6,108
1743496893.642656,10,-35,102
1743496893.678656,-5,6,18
1743496893.713656,12,8,104
1743496893.749656,-77,102,106
1743496893.784656,-7,-29,200
1743496893.819656,34,-37,90
1743496893.855656,10,20,120
1743496893.890656,16,62,184
1743496893.926656,-33,-35,188
1743496893.961656,24,-3,110
1743496893.997656,14,38,44
1743496894.032656,-1,-3,84
1743496894.067656,-13,58,110
1743496894.103656,-29,36,88
1743496894.138656,-1,72,46
1743496894.1746562,28,40,196
1743496894.209656,-3,-31,98
1743496894.245656,52,112,108
1743496894.280656,120,-5,84
1743496894.315656,-13,-3,174
1743496894.351656,-3,18,106
1743496894.386656,34,-13,130
1743496894.422656,10,20,104
1743496894.457656,-9,-45,36
1743496894.4936562,64,27,178
1743496894.528656,24,-46,112
1743496894.563656,-29,-90,262
1743496894.599656,34,43,288
1743496894.634656,114,-38,120
1743496894.670656,66,9,182
1743496894.705656,-67,-16,152
1743496894.741656,0,11,140
1743496894.777656,-7,-26,142
1743496894.813656,-27,-40,166
1743496894.849656,93,93,128
1743496894.885656,-14,-22,62
1743496894.921656,37,21,88
1743496894.957656,46,41,114
1743496894.9936562,-58,-2,132
1743496895.028656,55,3,40
1743496895.063656,123,-46,150
1743496895.099656,67,-38,90
1743496895.135656,11,29,42
1743496895.170656,-62,-26,76
1743496895.206656,81,-27,22
1743496895.241656,-18,4,148
1743496895.2766562,-10,32,100
1743496895.311656,39,-41,136
1743496895.347656,-80,26,102
1743496895.383656,0,-3,78
1743496895.418656,55,48,215
1743496895.454656,-2,-65,127
1743496895.489656,13,-29,62
1743496895.524656,-38,-9,115
1743496895.559656,49,18,57
1743496895.5956562,-6,32,109
1743496895.6316562,15,18,95
1743496895.666656,-78,-35,187
1743496895.702656,1,63,87
1743496895.737656,13,-54,171
1743496895.772656,17,-14,231
1743496895.807656,-12,35,107
1743496895.843656,-6,71,141
1743496895.879656,31,-43,93
1743496895.9146562,-60,-87,77
1743496895.950656,-72,20,265
1743496895.985656,-20,-47,177
1743496896.020656,-2,-5,109
1743496896.055656,-56,58,147
1743496896.091656,-4,26,187
1743496896.127656,13,-23,193
1743496896.162656,-32,-35,61
1743496896.198656,11,20,79
1743496896.2336562,-52,-3,165
1743496896.268656,95,-47,115
1743496896.303656,-12,-64,181
1743496896.339656,-18,-24,187
1743496896.375656,65,69,37
1743496896.410656,0,49,87
1743496896.446656,-52,23,191
1743496896.481656,-28,5,19
1743496896.5166562,-60,-39,111
1743496896.551656,37,44,53
1743496896.587656,61,-39,131
1743496896.623656,-94,18,85
1743496896.658656,-54,-17,191
1743496896.694656,13,16,137
1743496896.729656,-26,-79,53
1743496896.764656,-72,-59,107
1743496896.7996562,65,20,95
1743496896.8356562,-45,-19,213
1743496896.871656,36,48,25
1743496896.906656,30,20,109
1743496896.942656,-1,-47,133
1743496896.977656,-17,-19,125
1743496897.012656,10,-59,151
1743496897.047656,14,-1,15
1743496897.083656,28,-29,31
1743496897.119656,50,-15,195
1743496897.1546562,40,2,137
1743496897.190656,24,10,97
1743496897.225656,32,-37,111
1743496897.260656,-19,22,141
1743496897.295656,58,-37,69
1743496897.331656,-3,72,103
1743496897.367656,-19,6,151
1743496897.402656,32,-61,167
1743496897.438656,10,13,181
1743496897.473656,-7,-28,-6
1743496897.508656,-107,0,-14
1743496897.543656,76,22,57
1743496897.579656,-45,68,131
1743496897.615656,-57,-31,279
1743496897.650656,42,46,21
1743496897.686656,-1,58,71
1743496897.721656,-53,-33,187
1743496897.7566562,32,36,125
1743496897.791656,104,48,165
1743496897.827656,58,-99,71
1743496897.863656,4,-11,125
1743496897.898656,-25,56,91
1743496897.934656,64,-49,69
1743496897.969656,-3,-23,159
1743496898.004656,-21,26,97
1743496898.0396562,12,-9,107
1743496898.075656,-7,-9,85
1743496898.111656,42,-41,259
1743496898.146656,48,-26,19
1743496898.182656,-41,12,269
1743496898.217656,-135,113,101
1743496898.252656,48,-2,163
1743496898.287656,32,13,247
1743496898.323656,0,17,179
1743496898.359656,18,23,275
1743496898.394656,84,-21,165
1743496898.430656,42,-83,63
1743496898.465656,6,24,87
1743496898.500656,66,124,93
1743496898.535656,-7,-5,-36
1743496898.571656,-17,10,121
1743496898.607656,24,52,5
1743496898.642656,-41,28,163
1743496898.678656,-3,64,113
1743496898.713656,91,10,55
1743496898.748656,-46,-37,115
1743496898.783656,37,28,107
1743496898.819656,7,76,32
1743496898.855656,43,-21,204
1743496898.890656,17,-29,104
1743496898.926656,56,44,150
1743496898.961656,28,28,-47
1743496898.996656,26,-15,169
1743496899.031656,-18,38,122
1743496899.067656,59,2,130
1743496899.103656,-36,-10,60
1743496899.138656,-26,7,140
1743496899.1746562,-26,0,161
1743496899.209656,35,-24,169
1743496899.244656,-84,-25,150
1743496899.2796562,55,-53,70
1743496899.315656,-24,2,230
1743496899.351656,45,11,224
1743496899.386656,3,21,201
1743496899.422656,31,4,-21
1743496899.457656,-38,-48,153
1743496899.492656,-10,-116,171
1743496899.527656,15,9,146
1743496899.563656,101,-24,231
1743496899.599656,-2,-3,-30
1743496899.634656,39,28,96
1743496899.670656,51,10,184
1743496899.705656,-52,-63,100
1743496899.740656,33,40,140
1743496899.775656,-24,6,78
1743496899.811656,-80,-5,44
1743496899.847656,-2,-47,104
1743496899.882656,31,-33,98
1743496899.918656,-40,36,104
1743496899.953656,-72,-29,62
1743496899.988656,-38,42,128
1743496900.023656,9,34,110
1743496900.059656,0,-73,222
1743496900.0956562,19,-55,114
1743496900.130656,-54,28,112
1743496900.166656,26,-23,184
1743496900.201656,50,-5,320
1743496900.236656,-27,-15,128
1743496900.271656,-38,18,90
1743496900.307656,-46,74,130
1743496900.343656,69,-35,170
1743496900.378656,53,70,102
1743496900.4146562,-34,26,70
1743496900.449656,25,68,176
1743496900.484656,69,-29,14
1743496900.519656,-8,56,138
1743496900.555656,45,-3,54
1743496900.591656,55,6,106
1743496900.626656,-24,70,96
1743496900.662656,-9,-9,82
1743496900.6976562,-48,-53,214
1743496900.732656,-60,8,190
1743496900.767656,-40,4,172
1743496900.803656,-38,-43,192
1743496900.839656,-68,0,76
1743496900.874656,43,46,152
1743496900.910656,17,-23,24
1743496900.945656,-14,36,172
1743496900.980656,8,60,242
1743496901.0166562,-5,-33,132
1743496901.051656,-23,120,122
1743496901.087656,60,28,-13
1743496901.122656,-69,4,68
1743496901.158656,-9,-83,84
1743496901.193656,0,-41,234
1743496901.228656,18,0,124
1743496901.264656,-45,0,-17
1743496901.2996562,-57,-97,140
1743496901.3356562,-29,10,224
1743496901.370656,-53,2,106
1743496901.406656,-3,-11,154
1743496901.441656,-27,-21,172
1743496901.476656,-45,8,122
1743496901.512656,2,-27,42
1743496901.547656,-43,34,126
1743496901.583656,-91,-3,128
1743496901.6186562,54,-25,280
1743496901.6546562,12,-29,205
1743496901.689656,56,-19,65
1743496901.724656,20,-39,187
1743496901.760656,12,8,137
1743496901.795656,16,-21,167
1743496901.831656,34,48,139
1743496901.866656,-59,82,67
1743496901.902656,-51,-29,119
1743496901.9376562,-15,13,139
1743496901.972656,-19,-46,231
1743496902.008656,4,-29,165
1743496902.043656,-49,54,175
1743496902.079656,-17,22,181
1743496902.114656,0,54,93
1743496902.150656,60,-44,191
1743496902.185656,40,-52,115
1743496902.2206562,-3,57,143
1743496902.2566562,-33,-34,147
1743496902.291656,62,39,277
1743496902.327656,-71,27,247
1743496902.362656,4,-16,229
1743496902.398656,92,-58,50
1743496902.433656,24,-26,222
1743496902.468656,-121,0,102
1743496902.504656,-31,37,168
1743496902.5396562,14,-2,90
1743496902.575656,-29,-5,86
1743496902.610656,-89,41,88
1743496902.652656,-23,-100,160
1743496902.688656,-47,7,117
1743496902.724656,-13,21,136
1743496902.760656,64,-32,94
1743496902.795656,-55,3,188
1743496902.831656,53,25,94
1743496902.866656,-26,63,184
1743496902.902656,25,-26,141
1743496902.9376562,-78,33,162
1743496902.972656,0,23,30
1743496903.008656,43,-10,49
1743496903.043656,99,21,8
1743496903.079656,12,-78,150
1743496903.114656,-25,-60,122
1743496903.150656,-11,49,194
1743496903.185656,-43,45,208
1743496903.2206562,-31,-4,126
1743496903.2566562,-23,-14,22
1743496903.291656,-7,-14,82
1743496903.327656,-29,18,184
1743496903.362656,80,21,64
1743496903.398656,24,0,86
1743496903.433656,-25,-21,196
1743496903.468656,-14,-3,72
1743496903.504656,-86,12,182
1743496903.5396562,-28,-13,204
1743496903.575656,-22,-37,110
1743496903.610656,9,60,212
1743496903.646656,-10,24,118
1743496903.681656,13,103,218
1743496903.716656,15,-46,126
1743496903.752656,37,35,32
1743496903.787656,-23,-62,210
1743496903.823656,-45,-62,190
1743496903.8586562,-9,32,146
1743496903.894656,20,-17,102
1743496903.929656,38,25,106
1743496903.964656,11,18,60
1743496904.000656,65,34,112
1743496904.035656,-9,-45,146
1743496904.071656,-57,20,134
1743496904.106656,30,34,168
1743496904.142656,60,-27,186
1743496904.177656,-65,-37,138
1743496904.212656,54,-11,156
1743496904.248656,-63,22,68
1743496904.283656,14,-11,30
1743496904.319656,-53,-1,110
1743496904.354656,20,10,136
1743496904.390656,70,9,202
1743496904.426656,-39,24,218
1743496904.461656,-9,-9,-33
1743496904.496656,52,-3,274
1743496904.532656,-43,-13,132
1743496904.568656,-106,-83,132
1743496904.603656,30,36,122
1743496904.639656,-13,-39,88
1743496904.6746562,18,6,84
1743496904.709656,42,18,284
1743496904.744656,-59,40,58
1743496904.780656,-1,38,142
1743496904.816656,-57,12,228
1743496904.851656,6,-9,92
1743496904.887656,-9,52,216
1743496904.922656,-9,32,146
1743496904.957656,80,-47,86
1743496904.992656,-33,13,222
1743496905.028656,-71,-7,52
1743496905.064656,26,62,76
1743496905.099656,42,18,230
1743496905.135656,0,1,16
1743496905.170656,-39,7,168
1743496905.205656,56,-8,182
1743496905.240656,88,33,212
1743496905.2766562,-65,-42,212
1743496905.3126562,-7,-4,142
1743496905.347656,-54,-90,116
1743496905.383656,38,-32,170
1743496905.418656,52,13,178
1743496905.453656,48,-48,60
1743496905.488656,-21,7,116
1743496905.524656,36,-6,52
1743496905.560656,-51,-10,142
1743496905.5956562,2,31,98
1743496905.6316562,36,43,224
1743496905.666656,18,41,62
1743496905.701656,-85,9,188
1743496905.736656,114,51,184
1743496905.772656,-59,-82,176
1743496905.808656,-60,31,102
1743496905.843656,-30,-26,80
1743496905.879656,-109,27,94
1743496905.9146562,-13,21,240
1743496905.949656,88,17,218
1743496905.984656,10,0,142
1743496906.020656,26,-20,180
1743496906.056656,37,-16,16
1743496906.091656,47,-8,54
1743496906.127656,-60,13,188
1743496906.162656,-12,-22,172
1743496906.1976562,-2,-40,254
1743496906.232656,-16,-120,74
1743496906.268656,55,-4,148
1743496906.304656,-18,-12,102
1743496906.339656,-12,-94,86
1743496906.375656,28,-70,210
1743496906.410656,-5,33,172
1743496906.445656,-8,3,72
1743496906.480656,38,43,228
1743496906.5166562,-87,-80,132
1743496906.552656,12,33,72
1743496906.587656,12,-56,146
1743496906.623656,74,21,282
1743496906.658656,-5,23,228
1743496906.693656,-3,-28,132
1743496906.728656,-29,-40,200
1743496906.764656,16,5,148
1743496906.800656,-31,21,248
1743496906.8356562,-29,-10,140
1743496906.871656,-13,7,86
1743496906.906656,74,17,-9
1743496906.941656,4,19,44
1743496906.976656,-43,-26,116
1743496907.012656,40,-32,144
1743496907.048656,6,47,182
1743496907.083656,-35,19,168
1743496907.119656,46,33,56
1743496907.1546562,-50,47,176
1743496907.189656,-53,-16,170
1743496907.224656,-18,-50,88
1743496907.260656,-29,-59,162
1743496907.296656,50,-12,112
1743496907.331656,47,-12,158
1743496907.367656,-24,4,88
1743496907.402656,-16,6,116
1743496907.4376562,83,-33,256
1743496907.472656,0,45,106
1743496907.508656,-24,59,92
1743496907.544656,-6,21,170
1743496907.579656,-9,-19,52
1743496907.615656,-43,-21,212
1743496907.650656,36,-55,112
1743496907.685656,-15,0,94
1743496907.7206562,30,-88,130
1743496907.7566562,-15,29,242
1743496907.792656,18,45,116
1743496907.827656,-45,1,82
1743496907.863656,40,40,174
1743496907.898656,-39,-19,98
1743496907.933656,-35,-21,74
1743496907.968656,-21,12,46
1743496908.004656,62,-7,-45
1743496908.040656,-75,42,104
1743496908.075656,8,-21,12
1743496908.111656,-27,-9,138
1743496908.146656,52,-57,214
1743496908.181656,-27,-51,186
1743496908.216656,-17,-1,162
1743496908.252656,-1,-9,274
1743496908.288656,-57,-41,226
1743496908.323656,10,-9,177
1743496908.359656,-79,12,238
1743496908.394656,74,-59,216
1743496908.429656,12,10,124
1743496908.464656,8,70,160
1743496908.500656,70,48,288
1743496908.536656,52,16,104
1743496908.571656,18,-55,48
1743496908.607656,-15,42,116
1743496908.642656,-37,-35,98
1743496908.677656,86,-27,26
1743496908.712656,-45,-47,136
1743496908.748656,-13,20,46
1743496908.784656,-61,-11,97
1743496908.819656,-27,-47,146
1743496908.855656,-49,40,167
1743496908.890656,-5,-33,57
1743496908.925656,80,50,115
1743496908.9606562,50,50,39
1743496908.996656,12,62,151
1743496909.032656,26,-29,183
1743496909.067656,10,-19,213
1743496909.103656,-9,4,63
1743496909.138656,-17,-55,267
1743496909.173656,118,-27,147
1743496909.209656,2,-25,135
1743496909.244656,28,2,225
1743496909.280656,102,10,251
1743496909.315656,70,58,197
1743496909.351656,56,-11,293
1743496909.386656,-35,12,179
1743496909.421656,22,-9,107
1743496909.456656,-45,-21,159
1743496909.492656,-5,-65,63
1743496909.528656,-7,-15,159
1743496909.563656,-53,2,161
1743496909.599656,-73,24,185
1743496909.634656,-5,-33,207
1743496909.669656,98,52,125
1743496909.704656,48,0,87
1743496909.740656,-53,82,141
1743496909.7766562,44,-41,-30
1743496909.811656,-32,36,237
1743496909.847656,32,35,187
1743496909.882656,4,23,97
1743496909.917656,-97,7,61
1743496909.952656,-17,20,179
1743496909.988656,12,32,81
1743496910.024656,-29,16,179
1743496910.059656,26,22,189
1743496910.0956562,48,12,237
1743496910.130656,-55,48,115
1743496910.165656,8,39,169
1743496910.200656,-17,30,43
1743496910.236656,6,-37,11
1743496910.272656,14,-29,121
1743496910.307656,38,-3,115
1743496910.343656,-23,3,127
1743496910.378656,8,-21,99
1743496910.413656,30,53,57
1743496910.449656,-61,-16,209
1743496910.484656,22,-28,201
1743496910.520656,0,35,215
1743496910.555656,0,-24,107
1743496910.591656,-31,-2,93
1743496910.626656,-71,13,137
1743496910.661656,14,-86,55
1743496910.6976562,-65,41,115
1743496910.732656,-45,43,127
1743496910.768656,2,-34,123
1743496910.803656,54,31,33
1743496910.839656,-7,-70,213
1743496910.874656,-13,17,47
1743496910.909656,46,7,183
1743496910.945656,-19,-18,181
1743496910.980656,-15,-56,183
1743496911.0166562,20,65,147
1743496911.051656,-9,60,165
1743496911.087656,-57,-7,165
1743496911.122656,-21,42,141
1743496911.157656,-57,18,145
1743496911.193656,-29,14,139
1743496911.228656,28,62,119
1743496911.264656,-91,36,101
1743496911.2996562,-51,-31,127
1743496911.3356562,-33,-11,229
1743496911.370656,-7,12,103
1743496911.405656,-37,-1,123
1743496911.441656,6,26,127
1743496911.476656,-15,36,147
1743496911.512656,38,14,13
1743496911.547656,24,-49,117
1743496911.583656,22,12,179
1743496911.6186562,-19,8,163
1743496911.653656,-55,12,63
1743496911.689656,6,32,213
1743496911.724656,20,28,195
1743496911.760656,34,-1,147
1743496911.795656,-19,-35,39
1743496911.831656,22,-17,143
1743496911.866656,21,93,151
1743496911.9016562,-51,4,79
1743496911.9376562,-8,-2,81
1743496911.972656,-88,47,124
1743496912.008656,81,59,137
1743496912.043656,35,-46,109
1743496912.079656,13,0,209
1743496912.114656,-12,93,161
1743496912.149656,49,65,187
1743496912.185656,37,-36,169
1743496912.2206562,-56,0,65
1743496912.2566562,-70,15,113
1743496912.291656,41,-48,171
1743496912.327656,-40,83,37
1743496912.362656,47,-20,247
1743496912.397656,37,-6,19
1743496912.433656,45,-56,25
1743496912.468656,-46,-98,144
1743496912.504656,-6,59,80
1743496912.5396562,35,101,144
1743496912.575656,-34,-62,92
1743496912.610656,43,-16,324
1743496912.645656,3,-2,154
1743496912.688656,1,117,54
1743496912.724656,-23,-35,144
1743496912.760656,59,70,66
1743496912.795656,-28,42,302
1743496912.831656,-50,51,108
1743496912.866656,4,-35,154
1743496912.9016562,-7,-45,302
1743496912.9376562,8,-22,114
1743496912.972656,-39,-26,218
1743496913.008656,6,-83,138
1743496913.043656,38,72,150
1743496913.079656,-9,39,38
1743496913.114656,26,-10,104
1743496913.149656,-27,-35,158
1743496913.185656,74,-19,226
1743496913.2206562,68,16,120
1743496913.2566562,-15,-11,131
1743496913.291656,58,-55,122
1743496913.327656,-101,-5,149
1743496913.362656,2,84,289
1743496913.397656,-39,-31,270
1743496913.433656,32,-45,122
1743496913.468656,-21,42,159
1743496913.504656,-25,-11,115
1743496913.5396562,40,24,105
1743496913.575656,-51,28,161
1743496913.610656,10,-9,77
1743496913.645656,-65,4,163
1743496913.681656,18,-27,98
1743496913.716656,59,14,150
1743496913.752656,30,-27,58
1743496913.787656,-53,48,127
1743496913.823656,26,-5,215
1743496913.859656,-35,38,137
1743496913.895656,88,-47,165
1743496913.931656,-27,4,143
1743496913.966656,6,-17,195
1743496914.001656,10,46,61
1743496914.037656,60,12,179
1743496914.073656,10,-21,93
1743496914.1086562,-63,-11,15
1743496914.144656,28,36,1
1743496914.179656,-73,-13,207
1743496914.214656,-31,22,225
1743496914.249656,24,24,173
1743496914.285656,-49,70,155
1743496914.321656,-5,-109,147
1743496914.356656,-46,-11,-44
1743496914.392656,41,9,65
1743496914.427656,13,-26,197
1743496914.462656,-64,8,27
1743496914.497656,20,34,77
1743496914.533656,17,28,219
1743496914.569656,-50,-27,15
1743496914.604656,41,10,177
1743496914.640656,-6,-47,149
1743496914.675656,-16,-9,141
1743496914.7106562,-36,22,147
1743496914.745656,13,26,43
1743496914.781656,-32,48,29
1743496914.817656,-42,40,201
1743496914.852656,-16,-17,141
1743496914.888656,11,23,135
1743496914.923656,-50,-28,165
1743496914.958656,15,-4,143
1743496914.9936562,-24,35,181
1743496915.0296562,45,-34,259
1743496915.065656,69,-8,135
1743496915.100656,39,-44,201
1743496915.136656,27,-28,97
1743496915.171656,0,-64,137
1743496915.206656,8,-6,115
1743496915.241656,-71,2,111
1743496915.277656,75,-78,47
1743496915.313656,7,-46,185
1743496915.348656,-5,2,167
1743496915.384656,64,-101,-23
1743496915.419656,19,1,14
1743496915.454656,-20,-30,74
1743496915.489656,-36,-44,88
1743496915.525656,-26,33,104
1743496915.561656,-21,2,72
1743496915.596656,106,-2,176
1743496915.632656,3,31,134
1743496915.667656,-28,-42,260
1743496915.702656,-34,5,298
1743496915.737656,-22,-52,112
1743496915.773656,-4,51,220
1743496915.809656,21,-30,94
1743496915.844656,23,-78,144
1743496915.880656,33,3,222
1743496915.915656,9,-15,190
1743496915.950656,-12,-4,162
1743496915.985656,1,-9,130
1743496916.021656,-24,16,140
1743496916.057656,71,28,140
1743496916.092656,87,-63,136
1743496916.128656,32,58,156
1743496916.163656,-23,-85,156
1743496916.198656,-51,14,192
1743496916.2336562,-37,28,130
1743496916.269656,52,28,58
1743496916.305656,-5,52,142
1743496916.340656,-61,32,240
1743496916.376656,-31,10,136
1743496916.411656,-25,6,158
1743496916.446656,10,44,172
1743496916.481656,-114,-57,104
1743496916.517656,-108,66,118
1743496916.553656,-4,76,66
1743496916.588656,23,24,122
1743496916.624656,-38,4,182
1743496916.659656,29,-39,186
1743496916.694656,-18,-71,-55
1743496916.729656,-128,18,42
1743496916.765656,71,-25,102
1743496916.801656,-61,34,106
1743496916.836656,60,-83,168
1743496916.872656,40,-23,-37
1743496916.907656,0,-67,190
1743496916.942656,84,20,106
1743496916.977656,-13,2,102
1743496917.013656,18,64,124
1743496917.0496562,-7,-31,132
1743496917.084656,-35,-59,150
1743496917.120656,-35,-13,92
1743496917.155656,46,-7,154
1743496917.190656,-7,18,180
1743496917.225656,2,-81,290
1743496917.261656,-11,-5,276
1743496917.297656,40,28,200
1743496917.332656,28,-17,198
1743496917.3686562,20,-69,202
1743496917.403656,29,18,120
1743496917.438656,-96,-55,214
1743496917.473656,-30,-43,76
1743496917.509656,-4,0,120
1743496917.545656,29,80,166
1743496917.580656,15,-19,258
1743496917.616656,-12,8,56
1743496917.6516562,5,-75,106
1743496917.686656,11,-18,170
1743496917.721656,-12,-5,130
1743496917.757656,-15,-6,132
1743496917.793656,-75,-28,90
1743496917.828656,46,23,208
1743496917.864656,-21,0,88
1743496917.899656,28,41,122
1743496917.934656,-39,51,202
1743496917.969656,10,7,144
1743496918.005656,-3,21,98
1743496918.041656,46,-16,52
1743496918.076656,-39,-16,84
1743496918.112656,-57,-68,-17
1743496918.147656,-29,25,26
1743496918.182656,-3,-66,232
1743496918.217656,-33,15,146
1743496918.253656,-32,55,160
1743496918.2896562,10,-16,102
1743496918.324656,40,15,130
1743496918.360656,-53,-44,242
1743496918.395656,-85,-26,96
1743496918.430656,44,71,118
1743496918.465656,66,-98,222
1743496918.501656,-4,-26,182
1743496918.537656,-94,-44,124
1743496918.5726562,56,-24,176
1743496918.6086562,8,-52,162
1743496918.643656,-65,121,90
1743496918.678656,18,-42,208
1743496918.713656,8,25,220
1743496918.749656,26,27,170
1743496918.785656,-21,-4,94
1743496918.820656,-3,-12,270
1743496918.856656,32,-34,144
1743496918.8916562,52,-60,76
1743496918.926656,2,41,122
1743496918.961656,-33,21,112
1743496918.997656,-1,33,116
1743496919.033656,60,21,242
1743496919.068656,-7,-12,182
1743496919.104656,26,-42,130
1743496919.139656,40,0,204
1743496919.1746562,-23,-4,146
1743496919.209656,-17,9,104
1743496919.245656,12,-24,110
1743496919.281656,-32,-32,133
1743496919.316656,41,31,211
1743496919.352656,-52,-18,139
1743496919.387656,-20,43,143
1743496919.422656,-40,59,70
1743496919.458656,-5,-24,235
1743496919.4936562,-91,33,163
1743496919.5296562,0,-4,121
1743496919.564656,12,35,73
1743496919.600656,66,29,179
1743496919.635656,-27,31,233
1743496919.670656,72,-28,53
1743496919.705656,32,29,197
1743496919.741656,-16,-30,153
1743496919.777656,11,-24,99
1743496919.8126562,-44,37,143
1743496919.848656,-8,-20,89
1743496919.883656,-48,51,125
1743496919.918656,29,-36,129
1743496919.954656,-126,-1,143
1743496919.989656,5,44,161
1743496920.025656,-82,-4,51
1743496920.060656,-24,16,45
1743496920.096656,9,-66,183
1743496920.1316562,43,-44,235
1743496920.166656,19,-16,33
1743496920.202656,61,13,131
1743496920.237656,-16,-18,131
1743496920.273656,29,0,167
1743496920.308656,-2,-8,193
1743496920.344656,-6,-2,109
1743496920.379656,-14,4,124
1743496920.4146562,-10,-11,92
1743496920.450656,27,22,15
1743496920.485656,-61,-19,202
1743496920.521656,14,-63,112
1743496920.556656,24,36,-31
1743496920.592656,-43,-15,148
1743496920.627656,70,-7,178
1743496920.662656,10,48,114
1743496920.698656,0,-79,170
1743496920.7336562,4,8,-17
1743496920.769656,-11,28,156
1743496920.804656,22,-23,40
1743496920.840656,36,50,212
1743496920.875656,-7,82,56
1743496920.910656,2,-53,94
1743496920.946656,28,78,102
1743496920.981656,-39,-15,136
1743496921.017656,24,24,236
1743496921.052656,-1,0,174
1743496921.088656,-59,-31,214
1743496921.123656,112,-63,176
1743496921.158656,46,8,103
1743496921.194656,-65,8,221
1743496921.229656,-19,92,177
1743496921.265656,-39,-3,171
1743496921.300656,30,34,149
1743496921.336656,-70,-35,17
1743496921.371656,28,-15,119
1743496921.406656,66,0,47
1743496921.442656,29,-54,97
1743496921.477656,49,52,147
1743496921.513656,69,-19,65
1743496921.548656,3,49,129
1743496921.584656,-54,-1,97
1743496921.619656,-20,32,33
1743496921.6546562,13,-97,157
1743496921.690656,-36,-11,183
1743496921.725656,-38,26,153
1743496921.761656,-24,-82,101
1743496921.796656,43,-26,-32
1743496921.832656,75,5,255
1743496921.867656,23,19,89
1743496921.902656,-2,25,261
1743496921.938656,1,17,209
1743496921.973656,30,5,0
1743496922.009656,84,-12,161
1743496922.044656,26,16,147
1743496922.080656,-35,-11,139
1743496922.115656,37,8,137
1743496922.150656,113,4,29
1743496922.186656,21,2,131
1743496922.221656,-12,34,105
1743496922.257656,13,-49,247
1743496922.292656,-158,38,185
1743496922.328656,-24,50,103
1743496922.363656,13,8,147
1743496922.398656,-22,-43,198
1743496922.434656,129,-21,121
1743496922.469656,27,-51,227
1743496922.505656,5,-39,98
1743496922.540656,19,84,90
1743496922.576656,41,-33,146
1743496922.611656,-31,-71,112
1743496922.646656,22,20,148
1743496922.689656,-110,36,66
1743496922.725656,63,28,182
1743496922.761656,-14,4,168
1743496922.796656,-70,-5,38
1743496922.832656,-122,-1,174
1743496922.867656,43,-27,174
1743496922.902656,-36,36,36
1743496922.938656,-24,-17,144
1743496922.973656,-48,20,114
1743496923.009656,25,-3,158
1743496923.044656,13,-49,152
1743496923.080656,69,38,130
1743496923.115656,-43,-25,182
1743496923.150656,-19,64,62
1743496923.186656,6,-63,226
1743496923.221656,-67,-23,152
1743496923.257656,-45,96,180
1743496923.292656,48,-45,116
1743496923.328656,68,-5,122
1743496923.364656,-9,32,208
1743496923.400656,20,0,96
1743496923.436656,-49,-29,54
1743496923.472656,-71,-11,38
1743496923.508656,52,-91,52
1743496923.543656,-9,16,152
1743496923.578656,54,52,46
1743496923.614656,-53,-47,182
1743496923.650656,18,48,172
1743496923.685656,26,14,264
1743496923.721656,-3,-39,240
1743496923.7566562,-3,74,162
1743496923.791656,2,-137,282
1743496923.826656,12,-35,122
1743496923.862656,-91,-11,126
1743496923.898656,100,38,166
1743496923.933656,46,-31,112
1743496923.969656,104,-45,106
1743496924.004656,-15,-15,142
1743496924.0396562,38,8,98
1743496924.074656,32,-50,160
1743496924.110656,14,22,180
1743496924.146656,-7,-149,92
1743496924.181656,28,-15,212
1743496924.217656,-37,2,41
1743496924.252656,-3,-25,161
1743496924.287656,-35,-25,167
1743496924.3226562,5,38,127
1743496924.3586562,53,30,211
1743496924.394656,17,34,217
1743496924.429656,17,-7,101
1743496924.465656,-60,75,137
1743496924.500656,-14,-10,203
1743496924.535656,25,65,119
1743496924.570656,-102,-52,101
1743496924.606656,61,-14,165
1743496924.642656,-44,-33,59
1743496924.677656,9,-31,203
1743496924.713656,-51,-99,219
1743496924.748656,-37,12,179
1743496924.783656,17,-1,125
1743496924.818656,35,-5,141
1743496924.854656,3,14,83
1743496924.890656,-48,-39,161
1743496924.925656,23,-35,147
1743496924.961656,-42,-13,183
1743496924.996656,-140,112,291
1743496925.031656,-64,-37,77
1743496925.066656,-15,8,87
1743496925.102656,22,18,115
1743496925.138656,-57,2,261
1743496925.173656,80,26,118
1743496925.209656,-41,-17,196
1743496925.244656,-25,-17,102
1743496925.2796562,54,-25,64
1743496925.314656,46,-49,292
1743496925.350656,8,-17,122
1743496925.386656,-15,-67,50
1743496925.421656,82,-25,156
1743496925.457656,52,94,58
1743496925.492656,-17,0,182
1743496925.527656,22,14,92
1743496925.5626562,12,-25,152
1743496925.598656,-37,-71,-43
1743496925.634656,-57,98,152
1743496925.669656,-17,11,218
1743496925.705656,-7,0,174
1743496925.740656,56,66,44
1743496925.775656,48,-45,194
1743496925.810656,-6,6,184
1743496925.846656,37,-107,58
1743496925.882656,11,44,128
1743496925.917656,-25,-5,212
1743496925.953656,26,28,22
1743496925.988656,62,-69,264
1743496926.023656,-3,-59,161
1743496926.058656,42,31,124
1743496926.094656,0,4,170
1743496926.130656,118,54,80
1743496926.165656,-15,14,244
1743496926.201656,-89,-5,124
1743496926.236656,-1,30,138
1743496926.271656,-15,-7,188
1743496926.306656,24,35,186
1743496926.342656,58,-74,116
1743496926.378656,-43,0,84
1743496926.413656,16,17,80
1743496926.449656,-57,23,136
1743496926.484656,42,1,72
1743496926.519656,-55,43,56
1743496926.554656,1,97,164
1743496926.590656,35,-16,190
1743496926.626656,23,1,56
1743496926.661656,-37,-22,230
1743496926.6976562,-32,-32,112
1743496926.732656,-49,45,150
1743496926.767656,4,27,28
1743496926.802656,11,11,78
1743496926.838656,-49,-54,166
1743496926.874656,38,43,22
1743496926.909656,24,43,156
1743496926.945656,-25,5,148
1743496926.980656,30,-70,32
1743496927.015656,-45,35,146
1743496927.050656,52,81,86
1743496927.086656,-48,77,46
1743496927.122656,11,49,200
1743496927.157656,-4,-68,52
1743496927.193656,57,47,120
1743496927.228656,-2,89,108
1743496927.263656,-48,23,116
1743496927.298656,91,-82,130
1743496927.334656,-24,-38,110
1743496927.370656,83,-16,82
1743496927.405656,-6,-22,108
1743496927.441656,101,-8,146
1743496927.476656,-29,-34,128
1743496927.511656,6,-8,162
1743496927.546656,-43,33,42
1743496927.582656,40,-38,58
1743496927.6186562,64,35,80
1743496927.653656,0,75,180
1743496927.689656,-7,-56,146
1743496927.724656,-81,-56,250
1743496927.759656,30,1,-3
1743496927.794656,10,3,78
1743496927.830656,14,-19,28
1743496927.866656,-19,-17,166
1743496927.9016562,-21,66,130
1743496927.9376562,32,22,164
1743496927.972656,-11,-33,244
1743496928.007656,8,-9,196
1743496928.042656,-85,16,109
1743496928.078656,-35,-9,93
1743496928.114656,26,-1,91
1743496928.149656,-31,-11,166
1743496928.185656,-7,16,139
1743496928.2206562,56,22,113
1743496928.255656,40,-39,103
1743496928.290656,36,-19,101
1743496928.326656,-15,4,147
1743496928.362656,72,-35,211
1743496928.397656,2,54,241
1743496928.433656,-23,-1,-52
1743496928.468656,79,18,75
1743496928.503656,21,-57,169
1743496928.538656,-16,52,139
1743496928.574656,-19,-35,81
1743496928.610656,6,-27,87
1743496928.645656,16,32,87
1743496928.681656,-49,-15,91
1743496928.716656,66,36,249
1743496928.751656,56,44,65
1743496928.786656,-65,0,97
1743496928.8226562,-19,-53,155
1743496928.8586562,42,-21,187
1743496928.893656,12,-61,105
1743496928.929656,-65,-41,49
1743496928.964656,-47,24,11
1743496928.999656,-11,5,161
1743496929.034656,-51,15,87
1743496929.070656,16,25,71
1743496929.106656,-79,1,173
1743496929.1416562,92,19,181
1743496929.177656,2,53,69
1743496929.212656,12,3,227
1743496929.247656,0,14,-12
1743496929.282656,82,-58,3
1743496929.318656,-107,27,131
1743496929.354656,25,-38,139
1743496929.389656,-24,20,43
1743496929.425656,27,29,97
1743496929.4606562,5,-12,189
1743496929.495656,-5,-24,89
1743496929.531656,-31,-1,221
1743496929.566656,-46,13,145
1743496929.602656,63,3,211
1743496929.637656,45,11,111
1743496929.673656,-42,-61,83
1743496929.708656,59,-11,147
1743496929.7436562,11,-69,87
1743496929.7796562,8,-37,121
1743496929.814656,-73,-73,31
1743496929.850656,4,-1,109
1743496929.885656,0,-39,39
1743496929.921656,39,46,295
1743496929.956656,-93,0,159
1743496929.991656,34,46,77
1743496930.027656,90,-89,55
1743496930.0626562,24,0,195
1743496930.098656,-5,12,327
1743496930.133656,42,-3,95
1743496930.169656,46,54,121
1743496930.204656,4,26,9
1743496930.239656,22,40,187
1743496930.275656,72,28,239
1743496930.310656,-15,4,261
1743496930.346656,-9,18,85
1743496930.3816562,-7,-15,129
1743496930.417656,-75,110,167
1743496930.452656,114,-25,77
1743496930.487656,-29,-51,79
1743496930.523656,88,-7,85
1743496930.558656,18,-49,235
1743496930.594656,48,62,107
1743496930.629656,-69,-29,85
1743496930.665656,-39,-23,189
1743496930.700656,22,8,271
1743496930.735656,32,-51,91
1743496930.771656,54,22,161
1743496930.806656,-51,6,111
1743496930.842656,-75,22,199
1743496930.877656,-7,55,153
1743496930.913656,-21,-40,-6
1743496930.948656,-63,23,41
1743496930.9836562,-63,123,149
1743496931.019656,-33,61,61
1743496931.054656,-9,-6,101
1743496931.090656,-27,11,159
1743496931.125656,0,-26,169
1743496931.161656,0,35,171
1743496931.196656,76,-14,101
1743496931.231656,-37,0,151
1743496931.267656,64,12,273
1743496931.302656,34,-15,127
1743496931.338656,-9,-31,169
1743496931.373656,10,58,175
1743496931.409656,58,-24,219
1743496931.444656,-31,11,123
1743496931.479656,6,1,195
1743496931.515656,-21,-12,207
1743496931.550656,-41,23,49
1743496931.586656,6,-12,113
1743496931.621656,-21,45,85
1743496931.656656,28,-42,105
1743496931.691656,-53,-31,121
1743496931.727656,20,-27,79
1743496931.763656,60,64,175
1743496931.798656,-19,-61,157
1743496931.834656,-27,-23,69
1743496931.869656,-11,28,101
1743496931.905656,-21,-38,125
1743496931.940656,32,62,67
1743496931.975656,-81,-20,201
1743496932.011656,12,41,211
1743496932.046656,42,-37,143
1743496932.082656,4,-46,-32
1743496932.117656,50,17,141
1743496932.153656,30,-25,243
1743496932.188656,12,-4,97
1743496932.223656,30,24,253
1743496932.259656,-49,-99,259
1743496932.294656,-45,19,193
1743496932.330656,-13,0,75
1743496932.365656,-9,-21,37
1743496932.4016562,-65,-14,163
1743496932.436656,22,85,155
1743496932.471656,14,-62,183
1743496932.507656,38,-4,199
1743496932.542656,38,13,179
1743496932.578656,-25,39,3
1743496932.613656,80,125,243
1743496932.649656,-11,-86,29
1743496932.691656,0,75,245
1743496932.727656,60,37,99
1743496932.763656,-79,3,141
1743496932.798656,-69,7,201
1743496932.834656,-55,-27,77
1743496932.869656,38,-11,99
1743496932.905656,-47,-67,65
1743496932.941656,-11,-79,149
1743496932.977656,10,14,119
1743496933.013656,8,16,109
1743496933.048656,36,32,201
1743496933.083656,-24,-11,137
1743496933.119656,70,12,73
1743496933.155656,66,68,181
1743496933.190656,102,0,115
1743496933.226656,76,4,121
1743496933.261656,48,-49,119
1743496933.296656,-9,-9,186
1743496933.331656,38,18,196
1743496933.367656,-53,-49,232
1743496933.403656,76,-25,131
1743496933.438656,-9,-75,163
1743496933.474656,14,48,87
1743496933.509656,-17,14,85
1743496933.544656,40,54,161
1743496933.579656,24,0,169
1743496933.615656,-25,28,109
1743496933.6516562,-87,48,108
1743496933.686656,-84,50,126
1743496933.722656,-23,26,162
1743496933.757656,-1,8,187
1743496933.792656,-13,-91,107
1743496933.827656,-11,-57,129
1743496933.863656,-79,-33,30
1743496933.899656,-41,50,40
1743496933.934656,-21,24,202
1743496933.9706562,14,16,182
1743496934.005656,-19,-11,192
1743496934.040656,-61,-59,76
1743496934.075656,46,28,174
1743496934.111656,-71,56,136
1743496934.147656,-37,18,168
1743496934.182656,-47,-23,144
1743496934.218656,-19,-53,104
1743496934.253656,18,40,112
1743496934.288656,-37,0,116
1743496934.323656,50,-9,212
1743496934.359656,44,18,110
1743496934.395656,-109,-57,174
1743496934.430656,-97,14,84
1743496934.466656,-3,-97,186
1743496934.501656,-71,-15,164
1743496934.536656,-81,0,124
1743496934.571656,-21,40,192
1743496934.607656,80,-5,148
1743496934.643656,16,-49,178
1743496934.678656,24,-11,78
1743496934.714656,-25,-73,134
1743496934.749656,-39,-57,92
1743496934.784656,38,-45,98
1743496934.819656,8,-51,34
1743496934.855656,-105,-75,66
1743496934.8916562,10,16,116
1743496934.926656,-69,-49,218
1743496934.962656,-7,-67,254
1743496934.997656,-49,-17,190
1743496935.032656,19,10,64
1743496935.067656,35,12,94
1743496935.103656,-28,7,116
1743496935.139656,-50,72,270
1743496935.1746562,-92,-8,52
1743496935.2106562,-15,-93,138
1743496935.245656,114,-15,42
1743496935.280656,-45,-30,126
1743496935.315656,-19,95,166
1743496935.351656,24,-14,62
1743496935.387656,0,57,28
1743496935.422656,-17,80,124
1743496935.458656,-3,-57,68
1743496935.4936562,32,2,-5
1743496935.528656,36,32,88
1743496935.563656,-15,3,156
1743496935.599656,14,-59,250
1743496935.635656,-69,-11,62
1743496935.670656,16,-53,142
1743496935.706656,-51,18,148
1743496935.741656,44,-5,144
1743496935.7766562,-25,-55,102
1743496935.811656,4,-9,98
1743496935.847656,60,-26,82
1743496935.883656,54,-26,66
1743496935.918656,0,3,42
1743496935.954656,22,-42,142
1743496935.989656,6,45,306
1743496936.024656,-87,9,152
1743496936.059656,-3,18,134
1743496936.0956562,8,-17,132
1743496936.1316562,-95,-25,114
1743496936.166656,-79,-41,162
1743496936.202656,42,65,114
1743496936.237656,76,35,90
1743496936.272656,58,19,98
1743496936.307656,50,63,192
1743496936.343656,-5,53,218
1743496936.379656,54,1,112
1743496936.4146562,-5,-32,28
1743496936.450656,-7,3,166
1743496936.485656,-85,29,140
1743496936.520656,-61,39,140
1743496936.555656,20,51,310
1743496936.591656,-15,19,190
1743496936.627656,54,-52,66
1743496936.662656,22,23,166
1743496936.698656,-37,-50,66
1743496936.7336562,46,29,60
1743496936.768656,-21,-20,186
1743496936.803656,-3,53,47
1743496936.839656,66,1,184
1743496936.875656,-3,-63,158
1743496936.910656,28,40,160
1743496936.946656,-85,-25,144
1743496936.981656,22,-27,64
1743496937.0166562,-27,-17,54
1743496937.051656,98,24,138
1743496937.087656,24,-41,140
1743496937.123656,8,-9,154
1743496937.158656,27,-43,162
1743496937.194656,-9,-69,158
1743496937.229656,-56,26,171
1743496937.264656,16,14,166
1743496937.2996562,27,38,120
1743496937.3356562,66,-51,75
1743496937.371656,-27,-9,128
1743496937.406656,-59,6,150
1743496937.442656,-55,-1,240
1743496937.477656,-95,14,164
1743496937.512656,-21,-5,120
1743496937.547656,-1,28,180
1743496937.583656,-81,19,94
1743496937.619656,-23,-9,182
1743496937.6546562,18,36,162
1743496937.690656,36,6,174
1743496937.725656,-9,32,178
1743496937.760656,62,-4,66
1743496937.795656,-5,46,58
1743496937.831656,-27,56,70
1743496937.867656,-21,-67,222
1743496937.902656,36,-57,203
1743496937.938656,47,-11,-26
1743496937.973656,56,38,179
1743496938.008656,58,38,63
1743496938.043656,-84,-63,9
1743496938.079656,12,8,153
1743496938.115656,16,2,123
1743496938.150656,-5,-15,195
1743496938.186656,-5,-23,143
1743496938.221656,-51,22,137
1743496938.2566562,82,0,123
1743496938.291656,6,46,155
1743496938.327656,28,68,179
1743496938.363656,2,12,81
1743496938.398656,0,-3,163
1743496938.434656,-17,36,-4
1743496938.469656,32,54,173
1743496938.504656,30,22,189
1743496938.5396562,-39,6,57
1743496938.575656,26,-35,99
1743496938.611656,60,-1,133
1743496938.646656,-55,36,219
1743496938.682656,2,-85,97
1743496938.717656,56,18,107
1743496938.752656,28,8,175
1743496938.787656,-21,-27,143
1743496938.823656,94,90,71
1743496938.859656,18,20,95
1743496938.894656,-19,12,113
1743496938.930656,22,50,63
1743496938.965656,40,-19,37
1743496939.000656,68,-9,139
1743496939.036656,-37,24,165
1743496939.071656,41,-21,95
1743496939.107656,25,34,47
1743496939.142656,-23,-121,121
1743496939.178656,36,46,123
1743496939.213656,24,-63,69
1743496939.248656,104,-1,191
1743496939.284656,-71,-19,195
1743496939.319656,-39,-51,87
1743496939.355656,-39,16,93
1743496939.390656,70,-37,97
1743496939.426656,-29,26,19
1743496939.461656,-27,28,73
1743496939.496656,32,-47,135
1743496939.532656,12,18,129
1743496939.567656,-21,46,193
1743496939.603656,-15,-12,161
1743496939.638656,50,-68,241
1743496939.6746562,-117,-5,225
1743496939.709656,-131,-13,53
1743496939.744656,-117,2,139
1743496939.780656,-61,26,213
1743496939.815656,-51,-33,145
1743496939.851656,20,-47,149
1743496939.886656,-25,98,193
1743496939.922656,0,8,115
1743496939.957656,2,-51,161
1743496939.992656,2,-25,197
1743496940.028656,-87,-7,229
1743496940.063656,38,50,115
1743496940.099656,6,2,181
1743496940.134656,-51,-15,145
1743496940.170656,-19,-44,135
1743496940.205656,-75,0,303
1743496940.240656,52,-22,77
1743496940.2766562,82,7,129
1743496940.311656,-37,9,105
1743496940.347656,64,45,89
1743496940.382656,-33,-56,79
1743496940.418656,-15,-29,137
1743496940.453656,38,54,171
1743496940.488656,-85,-76,151
1743496940.524656,-37,-1,125
1743496940.559656,74,-14,23
1743496940.5956562,8,37,143
1743496940.630656,-19,5,133
1743496940.666656,30,15,133
1743496940.701656,46,7,177
1743496940.736656,0,-30,261
1743496940.772656,-5,21,19
1743496940.807656,104,25,135
1743496940.843656,56,-50,115
1743496940.878656,-27,31,77
1743496940.9146562,31,-12,185
1743496940.949656,-71,39,65
1743496940.984656,-34,-23,135
1743496941.020656,77,-17,41
1743496941.055656,51,-3,167
1743496941.091656,1,84,73
1743496941.126656,-34,44,217
1743496941.162656,-95,32,67
1743496941.1976562,42,-8,73
1743496941.232656,20,2,21
1743496941.268656,-35,-17,217
1743496941.303656,-53,-7,103
1743496941.339656,-47,18,273
1743496941.374656,36,-5,113
1743496941.410656,-1,20,79
1743496941.445656,62,70,137
1743496941.480656,22,-13,257
1743496941.5166562,-43,42,137
1743496941.551656,-7,18,71
1743496941.587656,-43,-13,119
1743496941.622656,-59,70,229
1743496941.658656,36,48,173
1743496941.693656,-65,84,87
1743496941.728656,0,4,107
1743496941.764656,-77,38,193
1743496941.7996562,-31,28,181
1743496941.8356562,-79,42,103
1743496941.870656,-21,-61,233
1743496941.905656,6,-27,121
1743496941.940656,36,10,191
1743496941.976656,-83,-11,151
1743496942.012656,4,-25,165
1743496942.047656,0,32,9
1743496942.083656,-29,4,115
1743496942.1186562,-29,-47,217
1743496942.1546562,-37,4,59
1743496942.189656,18,26,199
1743496942.224656,-85,-19,209
1743496942.260656,8,-3,281
1743496942.295656,-43,-19,141
1743496942.331656,28,66,219
1743496942.366656,-43,12,221
1743496942.402656,-49,-51,187
1743496942.438656,58,-3,79
1743496942.474656,14,-75,147
1743496942.510656,36,-3,153
1743496942.545656,54,52,181
1743496942.580656,22,-43,149
1743496942.616656,-5,0,55
1743496942.652656,-97,78,205
1743496942.694656,44,-9,95
1743496942.731656,-51,-9,119
1743496942.7666562,-15,-17,97
1743496942.801656,-41,-55,129
1743496942.836656,34,-7,45
1743496942.872656,-13,14,-56
1743496942.908656,-73,-33,155
1743496942.943656,28,40,112
1743496942.979656,50,118,94
1743496943.014656,104,-1,87
1743496943.0496562,52,-53,163
1743496943.084656,-9,-37,159
1743496943.120656,-41,-19,176
1743496943.156656,-9,-41,178
1743496943.191656,-51,-29,180
1743496943.227656,-11,-33,204
1743496943.262656,-27,-23,106
1743496943.297656,-26,120,146
1743496943.332656,99,56,138
1743496943.3686562,44,-29,110
1743496943.4046562,-29,2,110
1743496943.439656,28,24,56
1743496943.475656,64,18,170
1743496943.510656,32,-41,132
1743496943.545656,16,14,120
1743496943.580656,52,17,256
1743496943.616656,-21,-4,68
1743496943.652656,62,-22,-43
1743496943.6876562,44,-1,98
1743496943.723656,-55,-24,154
1743496943.758656,16,43,248
1743496943.793656,50,36,254
1743496943.828656,-31,60,30
1743496943.864656,82,-35,34
1743496943.900656,-31,-65,-39
1743496943.935656,-37,-25,206
1743496943.971656,34,10,110
1743496944.0066562,-95,-5,146
1743496944.041656,110,-1,74
1743496944.076656,26,-15,118
1743496944.112656,-43,-7,130
1743496944.148656,22,-15,130
1743496944.183656,36,14,130
1743496944.219656,46,-3,206
1743496944.254656,70,-7,148
1743496944.2896562,82,-17,132
1743496944.324656,-19,68,98
1743496944.360656,40,46,206
1743496944.396656,-49,-27,104
1743496944.431656,-7,-21,146
1743496944.467656,0,20,186
1743496944.502656,2,-79,260
1743496944.537656,36,-9,98
1743496944.5726562,52,-5,262
1743496944.6086562,-43,42,130
1743496944.644656,43,38,146
1743496944.679656,-25,20,32
1743496944.715656,32,62,118
1743496944.750656,16,-25,82
1743496944.785656,-7,10,270
1743496944.820656,-4,27,192
1743496944.856656,-19,18,210
1743496944.892656,-67,-61,186
1743496944.927656,-11,60,70
1743496944.963656,6,50,144
1743496944.998656,22,-27,112
1743496945.033656,-47,28,160
1743496945.068656,-31,-49,236
1743496945.104656,36,-25,154
1743496945.140656,-33,-29,312
1743496945.175656,0,-63,142
1743496945.211656,-31,17,98
1743496945.246656,-47,-38,120
1743496945.281656,-13,-52,162
1743496945.316656,-57,-8,98
1743496945.352656,28,63,98
1743496945.388656,80,-7,110
1743496945.423656,8,-23,160
1743496945.459656,-35,-27,78
1743496945.494656,0,46,92
1743496945.5296562,-21,-33,186
1743496945.564656,18,10,178
1743496945.600656,52,12,116
1743496945.636656,-23,36,121
1743496945.671656,-39,16,31
1743496945.707656,34,-1,163
1743496945.742656,10,-53,67
1743496945.777656,-33,60,215
1743496945.8126562,-63,-23,149
1743496945.848656,-71,-23,85
1743496945.884656,-65,-1,165
1743496945.919656,20,30,171
1743496945.955656,0,56,139
1743496945.990656,74,-31,75
1743496946.025656,-23,-17,37
1743496946.060656,50,-8,261
1743496946.096656,92,-30,197
1743496946.132656,-33,53,145
1743496946.167656,4,51,177
1743496946.203656,8,-16,115
1743496946.238656,-39,89,193
1743496946.273656,2,34,81
1743496946.308656,-7,-21,109
1743496946.344656,12,-11,85
1743496946.380656,-21,-25,129
1743496946.415656,-15,10,93
1743496946.451656,26,-25,153
1743496946.486656,-41,26,241
1743496946.523656,42,8,173
1743496946.558656,14,10,87
1743496946.593656,26,6,125
1743496946.628656,-27,-9,205
1743496946.6646562,-35,90,109
1743496946.700656,-25,-37,115
1743496946.735656,-1,-11,45
1743496946.771656,-3,4,99
1743496946.806656,72,6,121
1743496946.841656,-69,92,87
1743496946.876656,-11,-13,143
1743496946.912656,50,14,209
1743496946.948656,-57,-41,101
1743496946.9836562,54,-45,197
1743496947.019656,100,-27,187
1743496947.054656,50,16,141
1743496947.089656,44,4,160
1743496947.124656,0,-11,248
1743496947.160656,-25,12,162
1743496947.196656,22,78,174
1743496947.231656,-47,-7,52
1743496947.267656,-1,36,154
1743496947.302656,12,-3,80
1743496947.337656,-21,-17,142
1743496947.372656,-9,68,142
1743496947.408656,36,12,32
1743496947.444656,8,6,20
1743496947.479656,28,-21,126
1743496947.515656,-71,-41,234
1743496947.550656,-27,64,210
1743496947.5856562,18,26,246
1743496947.620656,40,22,46
1743496947.656656,52,-1,132
1743496947.692656,-17,-24,86
1743496947.727656,32,31,70
1743496947.763656,80,59,138
1743496947.798656,52,41,132
1743496947.833656,-1,-41,130
1743496947.8686562,-23,35,164
1743496947.9046562,-83,-34,228
1743496947.940656,54,25,122
1743496947.975656,10,-100,138
1743496948.011656,94,21,112
1743496948.046656,5,-28,80
1743496948.081656,-81,-28,170
1743496948.116656,14,-14,222
1743496948.152656,60,1,54
1743496948.188656,62,57,190
1743496948.223656,74,25,70
1743496948.259656,-138,-32,68
1743496948.294656,-67,-8,48
1743496948.329656,2,-17,204
1743496948.364656,2,8,108
1743496948.400656,-45,24,126
1743496948.436656,54,28,150
1743496948.471656,6,82,152
1743496948.507656,-105,-25,90
1743496948.542656,38,-41,160
1743496948.577656,-5,8,142
1743496948.613656,96,-19,190
1743496948.648656,-59,-93,-29
1743496948.684656,-23,-25,196
1743496948.719656,11,-37,150
1743496948.755656,20,60,-5
1743496948.790656,-6,-17,192
1743496948.825656,-28,24,-7
1743496948.861656,29,0,146
1743496948.896656,-46,-3,104
1743496948.932656,-18,-3,134
1743496948.967656,25,-75,140
1743496949.003656,-20,6,-37
1743496949.038656,11,-23,42
1743496949.073656,4,2,90
1743496949.109656,-6,-5,48
1743496949.144656,-15,34,84
1743496949.180656,-2,54,206
1743496949.215656,117,-15,170
1743496949.251656,13,-9,182
1743496949.286656,3,34,78
1743496949.321656,-34,-41,78
1743496949.357656,10,32,186
1743496949.392656,-43,-7,20
1743496949.428656,22,-13,60
1743496949.463656,4,-19,-15
1743496949.499656,-51,46,152
1743496949.534656,70,34,180
1743496949.569656,48,-3,130
1743496949.605656,36,44,96
1743496949.640656,-25,54,82
1743496949.676656,74,64,194
1743496949.711656,-43,8,102
1743496949.747656,-17,68,64
1743496949.782656,18,-33,144
1743496949.817656,-7,36,192
1743496949.853656,-91,-9,140
1743496949.888656,-17,86,168
1743496949.9246562,-29,-21,104
1743496949.959656,70,-39,38
1743496949.995656,32,88,6
1743496950.030656,-9,78,156
1743496950.065656,40,-99,120
1743496950.101656,38,-25,184
1743496950.136656,2,98,142
1743496950.172656,-15,61,154
1743496950.207656,-39,23,136
1743496950.2436562,30,4,228
1743496950.278656,-27,26,100
1743496950.313656,36,20,98
1743496950.349656,2,30,150
1743496950.384656,-59,-27,138
1743496950.420656,14,24,176
1743496950.455656,-13,14,116
1743496950.491656,-13,26,72
1743496950.5266562,20,14,196
1743496950.561656,-99,4,164
1743496950.597656,66,28,212
1743496950.632656,-7,48,152
1743496950.668656,14,42,90
1743496950.703656,-15,-47,172
1743496950.739656,56,-1,116
1743496950.774656,32,-3,128
1743496950.809656,-101,78,2
1743496950.8456562,-17,62,168
1743496950.880656,-57,4,44
1743496950.916656,6,-33,70
1743496950.951656,-15,-7,114
1743496950.987656,-17,-65,38
1743496951.022656,-37,-41,162
1743496951.057656,-17,-25,152
1743496951.093656,58,54,130
1743496951.128656,12,20,114
1743496951.1646562,-53,0,150
1743496951.199656,20,-141,136
1743496951.235656,0,14,144
1743496951.270656,-57,-37,106
1743496951.305656,36,32,128
1743496951.341656,22,10,48
1743496951.376656,32,-49,-24
1743496951.412656,12,-31,137
1743496951.4476562,-63,-1,165
1743496951.4836562,-19,4,131
1743496951.518656,14,-63,177
1743496951.553656,-29,17,163
1743496951.589656,-43,-55,83
1743496951.624656,66,-19,133
1743496951.660656,-13,-25,117
1743496951.695656,58,-17,125
1743496951.731656,2,-7,137
1743496951.7666562,-29,-7,155
1743496951.801656,-41,-61,185
1743496951.837656,50,2,185
1743496951.872656,8,-11,157
1743496951.908656,-27,-25,80
1743496951.943656,-57,46,84
1743496951.979656,-39,-31,86
1743496952.015656,2,2,168
1743496952.050656,82,-21,182
1743496952.0856562,-15,-53,208
1743496952.121656,4,14,22
1743496952.157656,-21,-7,132
1743496952.192656,-49,0,226
1743496952.228656,-55,-65,146
1743496952.263656,-31,-13,84
1743496952.298656,-1,-17,137
1743496952.333656,18,-19,166
1743496952.369656,0,56,164
1743496952.405656,-22,-19,116
1743496952.440656,29,-45,143
1743496952.476656,84,18,179
1743496952.511656,-8,22,170
1743496952.546656,-8,-18,5
1743496952.581656,-102,39,57
1743496952.617656,-52,9,81
1743496952.653656,-110,2,247
1743496952.695656,25,64,123
1743496952.732656,51,-45,151
1743496952.767656,93,32,165
1743496952.802656,-50,20,167
1743496952.837656,-2,-67,161
1743496952.873656,-20,-5,51
1743496952.909656,53,46,11
1743496952.944656,25,42,185
1743496952.980656,-50,22,95
1743496953.015656,51,-43,131
1743496953.050656,35,-11,205
1743496953.0856562,63,-1,101
1743496953.121656,-3,-33,229
1743496953.157656,42,-43,201
1743496953.192656,-20,38,171
1743496953.228656,85,-11,93
1743496953.263656,-12,48,93
1743496953.298656,-4,-35,257
1743496953.333656,36,36,121
1743496953.369656,26,-35,175
1743496953.405656,48,-11,151
1743496953.440656,90,32,179
1743496953.476656,46,39,53
1743496953.511656,-1,73,133
1743496953.546656,-51,-84,109
1743496953.581656,-7,11,203
1743496953.617656,-23,-36,171
1743496953.653656,3,-36,81
1743496953.688656,36,-33,81
1743496953.724656,-25,1,267
1743496953.759656,44,-106,95
1743496953.794656,-31,45,167
1743496953.829656,21,30,166
1743496953.865656,-18,0,194
1743496953.9016562,-62,8,116
1743496953.936656,37,-25,24
1743496953.972656,-46,-99,158
1743496954.007656,-88,54,130
1743496954.042656,16,-1,106
1743496954.077656,-45,2,262
1743496954.113656,10,-13,6
1743496954.149656,-87,34,176
1743496954.184656,28,32,250
1743496954.2206562,0,-21,100
1743496954.255656,18,50,130
1743496954.290656,26,4,174
1743496954.325656,30,2,124
1743496954.361656,-59,-89,208
1743496954.397656,-23,-51,226
1743496954.432656,64,-49,198
1743496954.468656,-41,-89,200
1743496954.503656,-55,-5,62
1743496954.538656,12,18,110
1743496954.573656,-9,-41,-3
1743496954.609656,-27,42,114
1743496954.645656,92,-19,248
1743496954.680656,-37,10,56
1743496954.716656,-5,10,66
1743496954.751656,-81,-79,78
1743496954.786656,48,-1,16
1743496954.821656,52,16,30
1743496954.857656,20,4,250
1743496954.893656,52,44,106
1743496954.928656,-1,-9,158
1743496954.964656,62,38,160
1743496954.999656,48,-19,222
1743496955.034656,-59,32,206
1743496955.069656,-75,-45,122
1743496955.105656,36,22,210
1743496955.1416562,68,16,324
1743496955.176656,20,-1,30
1743496955.212656,6,-83,158
1743496955.247656,-7,52,218
1743496955.282656,48,-21,140
1743496955.317656,26,-30,98
1743496955.353656,-3,28,90
1743496955.389656,94,-64,112
1743496955.4246562,6,33,10
1743496955.4606562,-31,15,38
1743496955.495656,60,-77,112
1743496955.530656,58,58,238
1743496955.565656,66,-17,180
1743496955.601656,-1,-69,270
1743496955.637656,-45,-23,252
1743496955.672656,12,-11,250
1743496955.708656,-89,6,156
1743496955.7436562,42,16,178
1743496955.778656,-71,-11,152
1743496955.813656,-7,-3,98
1743496955.849656,6,46,180
1743496955.885656,34,-11,142
1743496955.920656,100,42,126
1743496955.956656,-31,-35,86
1743496955.991656,80,16,252
1743496956.0266562,18,18,8
1743496956.061656,-43,38,100
1743496956.097656,-17,-43,160
1743496956.133656,126,6,108
1743496956.168656,40,70,66
1743496956.204656,-29,-97,58
1743496956.239656,-25,26,117
1743496956.274656,36,12,125
1743496956.309656,2,30,113
1743496956.3456562,86,-21,23
1743496956.3816562,-31,24,153
1743496956.416656,-7,-31,107
1743496956.452656,-37,-31,99
1743496956.487656,-39,-29,149
1743496956.522656,90,66,89
1743496956.557656,-49,-39,135
1743496956.593656,-55,-45,21
1743496956.629656,36,-55,161
1743496956.6646562,-13,-27,233
1743496956.700656,-43,14,155
1743496956.735656,-5,-17,97
1743496956.770656,-19,-91,21
1743496956.805656,47,1,205
1743496956.841656,51,51,237
1743496956.877656,-40,-50,115
1743496956.912656,56,-78,179
1743496956.948656,-37,-18,261
1743496956.9836562,18,-48,77
1743496957.018656,-77,1,151
1743496957.053656,60,7,247
1743496957.089656,96,-20,155
1743496957.125656,-1,53,99
1743496957.160656,8,-4,141
1743496957.196656,0,-82,253
1743496957.231656,-11,25,67
1743496957.2666562,48,-14,101
1743496957.301656,34,-34,158
1743496957.337656,16,41,178
1743496957.373656,14,-16,208
1743496957.408656,30,103,136
1743496957.444656,20,-42,136
1743496957.479656,-27,9,96
1743496957.514656,-53,13,16
1743496957.5496562,-71,3,98
1743496957.5856562,-87,49,84
1743496957.621656,-57,92,300
1743496957.656656,10,70,78
1743496957.692656,44,36,138
1743496957.727656,-35,50,152
1743496957.762656,-21,-35,146
1743496957.797656,-7,8,123
1743496957.833656,-41,52,79
1743496957.869656,68,-39,167
1743496957.9046562,74,26,99
1743496957.940656,18,34,111
1743496957.975656,-23,-29,119
1743496958.010656,-5,40,13
1743496958.046656,-49,-37,201
1743496958.081656,50,6,11
1743496958.117656,6,-61,129
1743496958.152656,-9,42,197
1743496958.188656,-45,-11,83
1743496958.223656,24,-51,157
1743496958.258656,-75,-11,109
1743496958.294656,-25,-21,77
1743496958.329656,38,6,47
1743496958.365656,22,54,59
1743496958.400656,-25,-9,93
1743496958.436656,-85,30,69
1743496958.471656,-119,18,-36
1743496958.5066562,-25,-2,173
1743496958.542656,0,-55,225
1743496958.577656,-27,-69,153
1743496958.613656,38,-69,123
1743496958.648656,-5,61,257
1743496958.684656,30,13,217
1743496958.719656,-57,-80,185
1743496958.754656,-57,-44,241
1743496958.790656,-73,-18,133
1743496958.825656,40,-8,85
1743496958.861656,-7,-44,89
1743496958.896656,26,21,143
1743496958.932656,6,-5,135
1743496958.967656,-1,5,107
1743496959.002656,34,-132,12
1743496959.038656,-25,-44,160
1743496959.073656,-5,-6,110
1743496959.109656,34,-29,128
1743496959.144656,-43,22,110
1743496959.180656,-25,-4,158
1743496959.215656,50,1,138
1743496959.250656,-83,-68,186
1743496959.286656,54,-32,82
1743496959.321656,0,-22,56
1743496959.357656,10,-38,158
1743496959.392656,24,-29,6
1743496959.428656,80,51,86
1743496959.463656,82,4,130
1743496959.498656,-23,39,150
1743496959.534656,-25,-60,222
1743496959.569656,-29,5,181
1743496959.605656,-7,-42,123
1743496959.640656,-33,-30,88
1743496959.676656,4,-8,48
1743496959.711656,-85,-23,162
1743496959.746656,8,28,33
1743496959.782656,0,9,205
1743496959.817656,42,32,141
1743496959.853656,-55,-80,83
1743496959.888656,-7,-24,155
1743496959.9246562,-29,-19,85
1743496959.959656,50,24,31
1743496959.994656,22,8,201
1743496960.030656,20,-20,95
1743496960.065656,-3,67,91
1743496960.101656,-75,7,33
1743496960.136656,-25,-54,185
1743496960.172656,-23,35,47
1743496960.207656,12,23,179
1743496960.242656,36,33,225
1743496960.278656,-61,-20,235
1743496960.313656,-87,-34,57
1743496960.349656,78,-20,229
1743496960.384656,-39,3,147
1743496960.420656,44,-84,141
1743496960.455656,8,2,137
1743496960.490656,-37,56,207
1743496960.5266562,-37,-17,25
1743496960.561656,-55,-53,151
1743496960.597656,20,-41,155
1743496960.632656,-27,32,75
1743496960.668656,36,-37,173
1743496960.703656,-3,-61,167
1743496960.738656,16,63,159
1743496960.774656,-89,19,75
1743496960.809656,8,33,201
1743496960.8456562,-67,-27,95
1743496960.880656,54,-41,111
1743496960.916656,16,4,131
1743496960.951656,58,-9,161
1743496960.986656,70,68,187
1743496961.022656,22,30,107
1743496961.057656,-9,4,207
1743496961.093656,-39,46,181
1743496961.128656,-27,-41,167
1743496961.1646562,-9,0,135
1743496961.199656,-109,74,101
1743496961.234656,-1,-29,73
1743496961.270656,-3,-41,139
1743496961.305656,41,-44,207
1743496961.341656,38,28,153
1743496961.376656,10,-57,15
1743496961.412656,-29,56,29
1743496961.448656,23,-44,-14
1743496961.484656,-13,-44,137
1743496961.520656,58,-16,153
1743496961.555656,-33,58,125
1743496961.590656,18,18,157
1743496961.626656,48,-2,31
1743496961.662656,76,-83,159
1743496961.6976562,38,-13,125
1743496961.7336562,-23,-41,69
1743496961.768656,6,18,107
1743496961.803656,-57,-55,117
1743496961.838656,32,36,197
1743496961.874656,44,-55,41
1743496961.910656,60,-83,223
1743496961.945656,30,2,125
1743496961.981656,-41,22,179
1743496962.0166562,-13,0,149
1743496962.051656,4,-11,151
1743496962.086656,-11,36,59
1743496962.122656,84,22,139
1743496962.158656,-9,-45,81
1743496962.193656,62,-39,213
1743496962.229656,-23,-25,141
1743496962.264656,6,76,171
1743496962.2996562,-39,18,45
1743496962.334656,36,-39,213
1743496962.370656,24,-65,155
1743496962.406656,48,-12,411
1743496962.441656,70,-30,171
1743496962.477656,106,-52,63
1743496962.512656,-71,-18,119
1743496962.547656,-53,17,235
1743496962.582656,18,34,211
1743496962.6186562,-73,32,119
1743496962.6546562,28,-3,101
1743496962.696656,-21,-33,67
1743496962.7336562,60,89,67
1743496962.768656,8,-7,89
1743496962.803656,-39,-19,205
1743496962.838656,2,48,197
1743496962.874656,-35,-3,147
1743496962.910656,2,-57,69
1743496962.945656,6,8,207
1743496962.981656,22,-9,125
1743496963.0166562,32,10,129
1743496963.051656,-39,62,107
1743496963.086656,-23,50,39
1743496963.122656,-5,40,69
1743496963.158656,22,-41,101
1743496963.193656,-67,56,140
1743496963.229656,30,76,54
1743496963.264656,78,10,191
1743496963.2996562,-27,44,74
1743496963.334656,-3,56,246
1743496963.370656,-107,-49,106
1743496963.406656,48,40,208
1743496963.441656,-37,-38,164
1743496963.477656,-25,15,164
1743496963.512656,-1,-84,158
1743496963.547656,18,29,208
1743496963.582656,-49,-26,206
1743496963.6186562,2,35,192
1743496963.6546562,2,3,88
1743496963.689656,54,-36,226
1743496963.725656,-29,43,6
1743496963.760656,4,-34,96
1743496963.795656,18,-6,98
1743496963.830656,-15,-36,178
1743496963.866656,-47,-6,110
1743496963.902656,-11,-36,202
1743496963.9376562,20,-26,110
1743496963.973656,6,-72,168
1743496964.008656,-31,79,54
1743496964.043656,-37,-15,176
1743496964.078656,-21,-25,66
1743496964.114656,16,-53,181
1743496964.150656,10,18,171
1743496964.185656,6,-43,71
1743496964.221656,-5,38,63
1743496964.2566562,22,-83,167
1743496964.291656,-55,16,187
1743496964.326656,8,12,103
1743496964.362656,-29,6,211
1743496964.398656,-15,-39,75
1743496964.433656,26,-61,119
1743496964.469656,-7,0,199
1743496964.504656,-67,24,191
1743496964.5396562,-63,-41,159
1743496964.574656,72,2,115
1743496964.610656,28,-5,105
1743496964.646656,72,2,173
1743496964.681656,-15,-37,93
1743496964.717656,-15,-59,141
1743496964.752656,-17,-9,39
1743496964.787656,26,-21,121
1743496964.8226562,40,46,143
1743496964.8586562,-89,-75,177
1743496964.894656,-25,-3,161
1743496964.929656,-39,62,139
1743496964.965656,12,78,91
1743496965.000656,58,16,153
1743496965.035656,-13,-11,115
1743496965.070656,52,24,177
1743496965.106656,52,0,11
1743496965.142656,-57,-33,119
1743496965.177656,30,-49,163
1743496965.213656,24,30,269
1743496965.248656,-11,-31,195
1743496965.283656,70,-31,155
1743496965.318656,-1,36,205
1743496965.354656,-41,-33,179
1743496965.390656,30,-5,211
1743496965.425656,70,-23,61
1743496965.461656,114,31,137
1743496965.496656,-63,17,197
1743496965.531656,-105,49,231
1743496965.566656,-11,-34,99
1743496965.602656,-69,33,141
1743496965.638656,0,73,97
1743496965.673656,-41,-40,227
1743496965.709656,-65,28,117
1743496965.744656,-51,22,85
1743496965.7796562,48,-55,55
1743496965.814656,6,-61,167
1743496965.850656,48,-15,91
1743496965.886656,74,-52,203
1743496965.921656,-33,-24,201
1743496965.957656,62,-36,97
1743496965.992656,-87,-46,201
1743496966.027656,-87,15,103
1743496966.0626562,-33,-54,123
1743496966.098656,8,-66,223
1743496966.134656,-51,-106,209
1743496966.169656,-9,0,147
1743496966.205656,-9,-3,187
1743496966.240656,-79,-41,227
1743496966.275656,74,3,157
1743496966.311656,106,45,249
1743496966.346656,14,-28,189
1743496966.382656,-11,-4,165
1743496966.417656,-27,-64,177
1743496966.453656,-11,-26,25
1743496966.488656,58,35,269
1743496966.523656,-59,-24,127
1743496966.558656,16,39,195
1743496966.594656,-39,33,255
1743496966.630656,40,-8,225
1743496966.665656,-9,-28,113
1743496966.701656,20,-38,91
1743496966.736656,-21,-48,91
1743496966.771656,8,73,177
1743496966.806656,62,3,117
1743496966.842656,-91,-46,214
1743496966.878656,74,-6,102
1743496966.913656,46,-4,104
1743496966.949656,-57,-40,242
1743496966.984656,-5,41,0
1743496967.019656,4,27,92
1743496967.054656,-13,-22,115
1743496967.090656,14,-60,74
1743496967.126656,6,46,16
1743496967.161656,-49,-48,210
1743496967.1976562,62,-14,192
1743496967.232656,-36,-38,108
1743496967.267656,37,16,100
1743496967.302656,-76,29,194
1743496967.338656,25,-2,70
1743496967.374656,-8,-30,100
1743496967.409656,75,63,90
1743496967.445656,22,-58,134
1743496967.480656,-1,-100,176
1743496967.515656,30,21,184
1743496967.551656,5,-40,116
1743496967.586656,-41,-14,82
1743496967.622656,-47,15,106
1743496967.657656,12,9,54
1743496967.693656,-11,-8,122
1743496967.728656,-51,0,100
1743496967.763656,0,19,156
1743496967.7996562,-35,-18,126
1743496967.834656,48,-24,70
1743496967.870656,-45,27,138
1743496967.905656,-65,0,230
1743496967.941656,-41,13,108
1743496967.976656,34,101,218
1743496968.011656,-69,-62,124
1743496968.047656,-29,65,136
1743496968.082656,10,31,118
1743496968.1186562,-41,59,98
1743496968.153656,40,35,38
1743496968.189656,16,-8,168
1743496968.224656,-35,-10,46
1743496968.259656,2,-22,276
1743496968.295656,-9,-2,82
1743496968.330656,22,-52,124
1743496968.366656,0,-32,184
1743496968.4016562,-77,-40,138
1743496968.4376562,46,-24,174
1743496968.472656,0,33,200
1743496968.507656,-83,-14,156
1743496968.543656,-7,-34,138
1743496968.578656,44,33,96
1743496968.614656,-7,77,102
1743496968.649656,-13,25,40
1743496968.685656,-9,-24,114
1743496968.7206562,-31,-4,92
1743496968.755656,-11,11,144
1743496968.791656,-7,-64,142
1743496968.826656,-27,49,0
1743496968.862656,-65,1,102
1743496968.897656,10,-46,62
1743496968.933656,72,-24,148
1743496968.968656,-33,-58,196
1743496969.003656,-25,0,52
1743496969.0396562,28,-18,188
1743496969.074656,-29,0,44
1743496969.110656,-45,-46,164
1743496969.145656,60,0,62
1743496969.181656,-17,17,70
1743496969.216656,4,39,82
1743496969.251656,-3,-22,112
1743496969.287656,44,-30,88
1743496969.3226562,-5,-12,116
1743496969.3586562,-7,13,110
1743496969.393656,92,-40,232
1743496969.429656,-3,-14,148
1743496969.464656,0,-40,218
1743496969.499656,14,-72,68
1743496969.535656,106,15,98
1743496969.570656,-65,-38,178
1743496969.606656,-1,45,160
1743496969.6416562,50,43,19
1743496969.677656,-31,-62,51
1743496969.712656,-93,65,225
1743496969.747656,78,59,131
1743496969.783656,56,-10,101
1743496969.818656,18,0,75
1743496969.854656,20,-62,37
1743496969.889656,-55,-34,121
1743496969.925656,-45,89,175
1743496969.9606562,-13,1,157
1743496969.995656,38,-64,143
1743496970.031656,42,21,109
1743496970.066656,-9,13,73
1743496970.102656,-33,-6,143
1743496970.137656,-15,-38,179
1743496970.173656,-43,3,133
1743496970.208656,34,-7,191
1743496970.2436562,-7,30,115
1743496970.2796562,-5,-15,103
1743496970.314656,8,96,103
1743496970.350656,-75,28,77
1743496970.385656,14,6,75
1743496970.421656,-1,-11,213
1743496970.456656,-35,23,127
1743496970.491656,22,64,171
1743496970.527656,-29,-13,177
1743496970.5626562,0,-89,93
1743496970.598656,-61,42,165
1743496970.633656,78,50,165
1743496970.669656,-127,52,137
1743496970.704656,-5,-9,149
1743496970.739656,-43,8,203
1743496970.775656,-25,-29,49
1743496970.810656,-39,-71,273
1743496970.846656,62,-19,223
1743496970.8816562,12,42,11
1743496970.917656,-39,-19,91
1743496970.953656,42,-51,123
1743496970.989656,-19,54,119
1743496971.025656,18,-59,127
1743496971.060656,-65,-3,227
1743496971.0956562,114,-31,225
1743496971.1316562,-29,-13,85
1743496971.167656,20,34,199
1743496971.202656,104,16,157
1743496971.238656,46,48,245
1743496971.273656,-19,-49,141
1743496971.308656,-29,-5,145
1743496971.343656,-67,-33,243
1743496971.379656,10,78,177
1743496971.415656,88,-3,119
1743496971.450656,-11,-13,145
1743496971.486656,-17,58,103
1743496971.521656,26,6,49
1743496971.556656,42,-55,107
1743496971.591656,-53,-29,43
1743496971.627656,4,18,63
1743496971.663656,8,12,95
1743496971.698656,-13,50,65
1743496971.734656,76,30,83
1743496971.769656,96,-29,150
1743496971.804656,86,7,82
1743496971.839656,-3,-7,76
1743496971.875656,2,-29,162
1743496971.911656,-47,-32,222
1743496971.946656,24,43,-17
1743496971.982656,-51,11,89
1743496972.017656,12,37,187
1743496972.052656,-95,-78,33
1743496972.087656,28,41,179
1743496972.123656,32,-44,119
1743496972.159656,-11,39,139
1743496972.194656,-45,7,176
1743496972.230656,-23,37,122
1743496972.265656,8,27,140
1743496972.300656,16,-2,150
1743496972.3356562,-15,-58,114
1743496972.371656,-59,35,30
1743496972.407656,-79,69,132
1743496972.442656,-11,-62,198
1743496972.478656,28,7,136
1743496972.513656,40,15,104
1743496972.548656,-13,-36,40
1743496972.583656,42,1,62
1743496972.619656,48,-25,194
1743496972.655656,-47,-24,88
1743496972.6976562,-1,0,100
1743496972.734656,-109,-46,152
1743496972.769656,12,33,188
1743496972.804656,30,0,140
1743496972.839656,-16,63,132
1743496972.875656,-10,27,18
1743496972.911656,22,-14,202
1743496972.946656,-51,-70,104
1743496972.982656,0,51,90
1743496973.017656,12,15,97
1743496973.052656,68,-58,85
1743496973.087656,4,-7,99
1743496973.123656,-3,-9,256
1743496973.159656,36,60,131
1743496973.194656,6,-31,137
1743496973.230656,36,-31,79
1743496973.265656,-7,-71,85
1743496973.300656,-3,-85,87
1743496973.3356562,-19,18,165
1743496973.371656,-49,-55,153
1743496973.407656,-27,38,253
1743496973.442656,32,12,267
1743496973.478656,-31,132,189
1743496973.513656,26,2,183
1743496973.548656,-53,-21,115
1743496973.583656,60,-7,141
1743496973.619656,-37,84,129
1743496973.655656,-31,46,193
1743496973.690656,-49,-9,161
1743496973.726656,30,-57,139
1743496973.761656,-5,-35,21
1743496973.796656,72,-3,193
1743496973.831656,26,-3,159
1743496973.867656,-13,8,109
1743496973.903656,-5,-3,129
1743496973.938656,-9,64,181
1743496973.974656,-51,24,69
1743496974.009656,-45,-19,63
1743496974.044656,-73,-47,201
1743496974.079656,-33,-51,151
1743496974.115656,-23,20,124
1743496974.1516562,-57,-49,206
1743496974.186656,22,142,184
1743496974.222656,-1,8,72
1743496974.257656,-47,-21,72
1743496974.292656,28,-33,202
1743496974.327656,-15,84,176
1743496974.363656,-33,-73,234
1743496974.399656,10,66,232
1743496974.434656,-8,14,132
1743496974.4706562,-5,-7,110
1743496974.505656,80,-63,166
1743496974.540656,-17,-9,138
1743496974.575656,84,-23,112
1743496974.611656,-63,6,166
1743496974.647656,-35,15,144
1743496974.682656,0,-20,78
1743496974.718656,48,-125,150
1743496974.753656,64,-17,124
1743496974.788656,-71,42,180
1743496974.823656,-61,-49,148
1743496974.859656,22,19,52
1743496974.895656,-49,-24,168
1743496974.930656,-23,76,106
1743496974.966656,-47,-98,90
1743496975.001656,6,-37,120
1743496975.036656,20,-69,206
1743496975.071656,-75,14,72
1743496975.107656,22,18,32
1743496975.143656,12,-9,28
1743496975.178656,34,-19,148
1743496975.214656,8,18,106
1743496975.249656,110,4,100
1743496975.284656,30,22,252
1743496975.319656,28,64,168
1743496975.355656,-45,26,6
1743496975.3916562,58,-35,94
1743496975.426656,28,6,-19
1743496975.462656,-11,18,104
1743496975.497656,39,72,96
1743496975.532656,98,-79,280
1743496975.567656,14,-21,30
1743496975.603656,22,8,204
1743496975.639656,-13,-29,98
1743496975.6746562,24,34,16
1743496975.7106562,-15,-7,138
1743496975.745656,32,-30,-13
1743496975.780656,30,-33,104
1743496975.815656,-25,42,156
1743496975.851656,-29,-43,52
1743496975.887656,50,-25,150
1743496975.922656,12,-5,26
1743496975.958656,34,44,164
1743496975.9936562,66,36,98
1743496976.028656,-93,58,114
1743496976.063656,0,-37,194
1743496976.099656,16,-13,98
1743496976.135656,20,12,82
1743496976.170656,-13,14,188
1743496976.206656,-11,-13,126
1743496976.241656,22,-57,166
1743496976.2766562,22,-59,84
1743496976.311656,-19,-15,150
1743496976.347656,-25,-75,238
1743496976.383656,-11,0,90
1743496976.418656,-43,-115,126
1743496976.454656,-15,52,150
1743496976.489656,68,-27,204
1743496976.524656,-19,-7,152
1743496976.560656,6,-17,204
1743496976.5956562,2,-77,148
1743496976.6316562,50,-24,88
1743496976.666656,-9,-56,100
1743496976.702656,-9,-24,124
1743496976.737656,-1,0,94
1743496976.772656,18,-41,262
1743496976.807656,-25,-97,76
1743496976.843656,16,28,124
1743496976.879656,12,-21,-1
1743496976.9146562,6,-37,114
1743496976.950656,26,-21,108
1743496976.985656,22,-41,8
1743496977.020656,-1,-35,190
1743496977.056656,-117,-39,160
1743496977.091656,-21,-39,160
1743496977.127656,-49,4,40
1743496977.162656,-65,26,158
1743496977.198656,-3,-3,84
1743496977.2336562,8,-11,176
1743496977.268656,-33,-25,100
1743496977.304656,-39,-13,284
1743496977.339656,-5,-75,145
1743496977.375656,-5,62,123
1743496977.410656,-33,-21,213
1743496977.446656,19,-7,85
1743496977.481656,39,18,181
1743496977.5166562,-57,-47,133
1743496977.552656,-93,71,181
1743496977.587656,-16,5,131
1743496977.623656,-38,-15,237
1743496977.658656,0,-3,107
1743496977.694656,23,-20,103
1743496977.729656,-47,23,63
1743496977.764656,20,15,171
1743496977.800656,47,1,219
1743496977.8356562,9,17,117
1743496977.871656,-26,-36,213
1743496977.906656,-40,31,217
1743496977.942656,68,0,117
1743496977.977656,72,17,55
1743496978.012656,-17,51,111
1743496978.048656,36,-32,137
1743496978.083656,-47,55,167
1743496978.119656,14,-48,187
1743496978.1546562,-31,1,39
1743496978.190656,-47,0,265
1743496978.225656,-15,-51,97
1743496978.260656,42,-46,191
1743496978.296656,-3,-112,229
1743496978.331656,-35,47,197
1743496978.367656,90,-10,151
1743496978.402656,4,43,167
1743496978.438656,-1,-36,105
1743496978.473656,78,-28,15
1743496978.508656,24,30,197
1743496978.544656,-61,58,165
1743496978.579656,-31,-9,175
1743496978.615656,20,-21,117
1743496978.650656,-33,8,87
1743496978.686656,72,0,141
1743496978.721656,-127,11,77
1743496978.7566562,10,26,137
1743496978.792656,22,-3,169
1743496978.827656,-47,-54,63
1743496978.863656,14,-51,71
1743496978.898656,-59,42,263
1743496978.934656,-5,80,69
1743496978.969656,60,-41,159
1743496979.004656,-85,-15,51
1743496979.040656,8,-23,193
1743496979.075656,-17,-11,189
1743496979.111656,62,6,39
1743496979.146656,40,-33,55
1743496979.182656,-37,16,117
1743496979.217656,-75,-9,177
1743496979.252656,-33,18,317
1743496979.288656,-29,20,113
1743496979.323656,0,-1,119
1743496979.359656,12,-23,73
1743496979.394656,-19,70,225
1743496979.430656,10,-24,31
1743496979.465656,-33,-8,197
1743496979.500656,14,-42,75
1743496979.536656,57,-100,217
1743496979.571656,-38,87,-8
1743496979.607656,-18,0,137
1743496979.642656,-8,-18,75
1743496979.678656,-56,33,51
1743496979.713656,47,-14,157
1743496979.748656,-6,-2,59
1743496979.784656,-24,15,151
1743496979.819656,58,-14,137
1743496979.855656,-6,-18,97
1743496979.890656,95,-152,107
1743496979.926656,-73,-22,71
1743496979.961656,72,3,-54
1743496979.996656,-37,3,105
1743496980.032656,-47,0,125
1743496980.067656,-19,-72,105
1743496980.103656,-1,28,285
1743496980.138656,-54,69,43
1743496980.1746562,60,5,161
1743496980.209656,-92,3,151
1743496980.244656,-68,-12,265
1743496980.280656,-22,70,157
1743496980.315656,-50,2,199
1743496980.351656,23,-1,67
1743496980.386656,-9,10,173
1743496980.422656,1,-23,77
1743496980.457656,27,6,169
1743496980.492656,43,28,129
1743496980.528656,-16,-19,165
1743496980.563656,-58,54,-18
1743496980.599656,-37,-43,121
1743496980.634656,8,-15,115
1743496980.669656,16,42,117
1743496980.704656,58,89,93
1743496980.740656,14,32,125
1743496980.7766562,-17,-33,133
1743496980.811656,-65,56,77
1743496980.847656,-23,-37,199
1743496980.882656,84,-5,175
1743496980.917656,0,16,203
1743496980.952656,-52,-27,111
1743496980.988656,29,-7,227
1743496981.024656,36,-83,205
1743496981.059656,38,-7,141
1743496981.0956562,-67,-51,191
1743496981.130656,-45,66,91
1743496981.165656,6,-83,117
1743496981.200656,6,-31,119
1743496981.237656,-33,32,181
1743496981.272656,76,-95,257
1743496981.308656,56,32,137
1743496981.344656,60,-81,153
1743496981.379656,4,26,181
1743496981.415656,-89,26,263
1743496981.450656,-77,4,193
1743496981.485656,-3,8,189
1743496981.520656,50,62,159
1743496981.556656,108,-33,-3
1743496981.592656,4,-3,144
1743496981.627656,44,-29,204
1743496981.663656,-25,-33,84
1743496981.698656,28,-7,182
1743496981.7336562,-43,-39,172
1743496981.768656,-7,-69,102
1743496981.804656,-23,28,186
1743496981.840656,6,0,48
1743496981.875656,-1,4,150
1743496981.911656,8,24,102
1743496981.946656,24,14,98
1743496981.981656,52,-33,126
1743496982.0166562,-15,-23,120
1743496982.052656,82,34,86
1743496982.088656,-11,12,148
1743496982.123656,-43,-29,68
1743496982.159656,-41,14,70
1743496982.194656,-51,12,180
1743496982.229656,-51,0,98
1743496982.264656,-27,-71,92
1743496982.300656,8,-61,228
1743496982.336656,-47,40,186
1743496982.371656,-15,-67,116
1743496982.407656,100,36,106
1743496982.442656,-71,10,162
1743496982.477656,-17,-17,148
1743496982.512656,-63,46,194
1743496982.548656,-29,44,154
1743496982.584656,-57,36,148
1743496982.619656,48,-53,120
1743496982.655656,-21,-61,150
1743496982.690656,-65,17,112
1743496982.732656,2,47,192
1743496982.768656,90,5,42
1743496982.804656,-19,47,254
1743496982.840656,-3,8,160
1743496982.875656,-37,-49,98
1743496982.911656,0,50,108
1743496982.946656,0,-24,178
1743496982.981656,-1,-35,135
1743496983.0166562,-3,-19,141
1743496983.052656,-5,70,248
1743496983.088656,-5,-55,187
1743496983.123656,60,30,159
1743496983.159656,-1,-71,160
1743496983.194656,12,-71,261
1743496983.229656,-75,26,255
1743496983.264656,-3,28,184
1743496983.300656,40,68,163
1743496983.336656,74,-61,177
1743496983.371656,-21,2,187
1743496983.407656,70,90,105
1743496983.442656,-17,-15,81
1743496983.477656,10,8,119
1743496983.512656,-19,-17,135
1743496983.548656,68,28,73
1743496983.584656,-5,-53,135
1743496983.619656,-53,-39,183
1743496983.655656,-37,20,97
1743496983.690656,-9,-93,97
1743496983.725656,24,6,169
1743496983.760656,-67,-19,263
1743496983.796656,-27,58,121
1743496983.832656,-35,-37,177
1743496983.867656,-59,58,185
1743496983.903656,0,-65,111
1743496983.938656,-35,-21,123
1743496983.973656,-81,10,103
1743496984.008656,64,12,27
1743496984.044656,-1,-5,259
1743496984.080656,-25,-31,60
1743496984.115656,-45,-20,110
1743496984.1516562,-7,24,18
1743496984.186656,16,-10,180
1743496984.221656,-13,66,148
1743496984.2566562,44,-17,68
1743496984.292656,-35,-33,119
1743496984.328656,66,48,129
1743496984.363656,22,-65,37
1743496984.399656,4,20,90
1743496984.434656,-41,-21,222
1743496984.469656,-51,-38,212
1743496984.504656,-17,-55,114
1743496984.540656,6,68,-22
1743496984.576656,-7,-45,195
1743496984.611656,-27,53,165
1743496984.647656,-51,-37,97
1743496984.682656,-35,-76,97
1743496984.717656,-9,-32,79
1743496984.752656,-7,65,123
1743496984.788656,4,-80,143
1743496984.824656,68,15,211
1743496984.859656,46,6,51
1743496984.895656,44,-16,91
1743496984.930656,-25,-47,75
1743496984.965656,-27,32,83
1743496985.000656,-115,0,111
1743496985.036656,64,-1,277
1743496985.0726562,60,70,125
1743496985.107656,-55,56,77
1743496985.143656,44,38,91
1743496985.178656,28,-59,211
1743496985.213656,42,36,233
1743496985.248656,88,42,3
1743496985.284656,-39,20,55
1743496985.320656,76,26,111
1743496985.355656,-39,-5,249
1743496985.3916562,2,-109,179
1743496985.426656,36,72,97
1743496985.461656,-37,-1,61
1743496985.496656,20,-7,189
1743496985.532656,12,0,131
1743496985.568656,-7,4,145
1743496985.603656,24,6,103
1743496985.639656,-121,14,195
1743496985.6746562,-1,24,99
1743496985.709656,44,-17,97
1743496985.744656,10,8,175
1743496985.780656,-15,46,97
1743496985.816656,-7,10,215
1743496985.851656,4,56,185
1743496985.887656,2,-17,237
1743496985.922656,50,24,87
1743496985.957656,46,6,133
1743496985.992656,44,60,131
1743496986.028656,-11,42,187
1743496986.064656,-5,-11,195
1743496986.099656,-13,-65,53
1743496986.135656,32,8,151
1743496986.170656,-147,86,77
1743496986.205656,30,74,149
1743496986.240656,-9,34,59
1743496986.2766562,-59,-23,195
1743496986.3126562,40,-63,59
1743496986.347656,74,-27,-38
1743496986.383656,56,-17,121
1743496986.418656,-11,66,117
1743496986.453656,98,62,187
1743496986.489656,-7,32,125
1743496986.524656,-43,30,161
1743496986.560656,0,42,135
1743496986.5956562,4,62,223
1743496986.6316562,-15,-27,91
1743496986.666656,-13,-55,273
1743496986.701656,20,0,213
1743496986.737656,-9,-69,133
1743496986.772656,-98,32,43
1743496986.808656,-72,-53,59
1743496986.843656,47,-15,49
1743496986.879656,15,18,71
1743496986.9146562,-48,-3,45
1743496986.949656,64,30,235
1743496986.985656,-69,6,-82
1743496987.020656,58,6,211
1743496987.056656,-13,52,189
1743496987.091656,29,-41,113
1743496987.127656,57,-43,189
1743496987.162656,-34,0,55
1743496987.1976562,-38,-9,151
1743496987.2336562,-58,-7,145
1743496987.268656,-64,-43,135
1743496987.304656,3,-47,53
1743496987.339656,7,96,115
1743496987.375656,5,-19,229
1743496987.410656,21,4,215
1743496987.445656,0,11,281
1743496987.481656,-10,11,121
1743496987.5166562,25,-28,163
1743496987.552656,45,9,163
1743496987.587656,-62,-4,75
1743496987.623656,-2,47,49
1743496987.658656,-40,-24,67
1743496987.693656,35,-6,67
1743496987.729656,-14,-10,175
1743496987.764656,-4,9,112
1743496987.800656,-14,-40,170
1743496987.8356562,64,3,126
1743496987.871656,-1,-20,238
1743496987.906656,2,-48,38
1743496987.941656,90,47,36
1743496987.977656,31,3,202
1743496988.012656,-7,3,134
1743496988.048656,-79,-32,18
1743496988.083656,3,-32,62
1743496988.119656,21,79,258
1743496988.1546562,-66,9,236
1743496988.189656,-78,-6,50
1743496988.225656,-54,-62,78
1743496988.260656,-4,-2,20
1743496988.296656,13,31,82
1743496988.331656,-8,83,124
1743496988.367656,-8,49,42
1743496988.402656,-22,33,74
1743496988.4376562,-18,21,138
1743496988.473656,25,13,144
1743496988.508656,45,-16,214
1743496988.544656,-46,-50,124
1743496988.579656,-78,-18,16
1743496988.615656,85,4,178
1743496988.650656,19,-55,134
1743496988.685656,-30,-30,248
1743496988.721656,-36,18,108
1743496988.7566562,-26,63,126
1743496988.792656,-38,56,136
1743496988.827656,12,-63,198
1743496988.863656,-15,-59,60
1743496988.898656,4,-9,52
1743496988.933656,4,-41,148
1743496988.969656,-71,88,116
1743496989.004656,-19,-49,80
1743496989.040656,51,80,56
1743496989.075656,-97,-15,102
1743496989.111656,-75,40,191
1743496989.146656,-13,62,277
1743496989.181656,84,-7,163
1743496989.217656,14,-37,129
1743496989.252656,-35,-79,103
1743496989.288656,36,-33,161
1743496989.323656,-33,-27,225
1743496989.359656,-81,34,125
1743496989.394656,-25,-17,133
1743496989.429656,46,-31,121
1743496989.465656,-39,-9,175
1743496989.500656,80,64,183
1743496989.536656,-27,52,89
1743496989.571656,32,-35,139
1743496989.607656,8,50,143
1743496989.642656,-5,-1,111
1743496989.677656,-25,36,271
1743496989.713656,-38,24,155
1743496989.748656,-35,-13,-10
1743496989.784656,12,42,111
1743496989.819656,-25,-13,125
1743496989.854656,84,-29,233
1743496989.889656,50,74,69
1743496989.925656,14,54,127
1743496989.961656,-33,-25,67
1743496989.996656,-45,-45,95
1743496990.032656,8,-47,41
1743496990.067656,52,-25,101
1743496990.102656,34,-23,109
1743496990.137656,-11,62,201
1743496990.173656,-35,114,159
1743496990.209656,10,20,71
1743496990.244656,22,4,237
1743496990.280656,26,46,181
1743496990.315656,54,-63,143
1743496990.350656,48,82,195
1743496990.385656,50,4,187
1743496990.421656,12,-33,179
1743496990.457656,-45,28,179
1743496990.492656,-9,24,177
1743496990.528656,32,4,97
1743496990.563656,34,-65,169
1743496990.598656,-3,-67,87
1743496990.633656,-19,72,107
1743496990.669656,32,4,39
1743496990.705656,22,12,39
1743496990.740656,3,48,41
1743496990.7766562,40,6,105
1743496990.811656,62,52,205
1743496990.846656,-65,-21,107
1743496990.8816562,-9,-19,235
1743496990.917656,4,48,181
1743496990.953656,-27,82,197
1743496990.988656,20,-15,43
1743496991.024656,-41,-9,-4
1743496991.059656,36,-19,77
1743496991.094656,-99,-43,43
1743496991.129656,-79,-39,61
1743496991.165656,14,-7,197
1743496991.201656,2,10,21
1743496991.236656,-75,66,111
1743496991.272656,56,-31,175
1743496991.307656,20,-27,135
1743496991.342656,-57,-15,141
1743496991.377656,-45,-57,199
1743496991.413656,48,26,111
1743496991.449656,-27,-19,77
1743496991.484656,14,-129,205
1743496991.520656,26,-25,143
1743496991.555656,50,2,115
1743496991.590656,-57,26,251
1743496991.625656,-9,-49,115
1743496991.661656,-45,16,105
1743496991.6976562,-27,-41,91
1743496991.732656,14,16,55
1743496991.768656,-63,-23,139
1743496991.803656,24,28,205
1743496991.838656,-31,-13,117
1743496991.873656,-79,48,75
1743496991.909656,-9,10,83
1743496991.945656,36,-21,185
1743496991.980656,-3,0,179
1743496992.0166562,8,-85,101
1743496992.051656,22,22,157
1743496992.086656,8,-75,163
1743496992.121656,-61,-47,127
1743496992.157656,-57,-29,63
1743496992.193656,22,36,125
1743496992.228656,2,-37,147
1743496992.264656,26,-31,47
1743496992.2996562,6,42,63
1743496992.334656,-23,24,77
1743496992.369656,24,30,-4
1743496992.405656,-13,-35,143
1743496992.441656,38,14,57
1743496992.476656,-5,60,163
1743496992.512656,-43,-53,175
1743496992.547656,-19,22,203
1743496992.582656,48,20,159
1743496992.617656,48,-9,125
1743496992.653656,-19,-25,9
1743496992.689656,28,-53,99
1743496992.724656,2,54,203
1743496992.767656,-37,8,215
1743496992.803656,28,-19,77
1743496992.838656,-71,40,201
1743496992.873656,-67,28,195
1743496992.909656,72,-7,113
1743496992.945656,-79,28,127
1743496992.980656,20,-59,199
1743496993.0166562,-11,42,67
1743496993.051656,-23,28,229
1743496993.086656,18,-7,173
1743496993.121656,-75,6,99
1743496993.157656,18,42,187
1743496993.193656,-23,48,185
1743496993.228656,-27,-45,97
1743496993.264656,-11,30,191
1743496993.2996562,-67,12,93
1743496993.334656,24,-13,189
1743496993.369656,-29,44,103
1743496993.405656,-27,-13,101
1743496993.441656,-43,24,91
1743496993.476656,-33,-29,125
1743496993.512656,-63,0,81
1743496993.547656,14,-6,93
1743496993.582656,-7,25,121
1743496993.617656,40,-2,37
1743496993.653656,-15,-43,229
1743496993.689656,22,-65,165
1743496993.724656,-45,-47,67
1743496993.760656,-61,16,167
1743496993.795656,84,-45,149
1743496993.830656,52,-57,125
1743496993.865656,-25,-35,81
1743496993.9016562,8,-11,53
1743496993.9376562,-39,-13,189
1743496993.972656,-3,-17,91
1743496994.008656,14,-47,107
1743496994.043656,44,-71,193
1743496994.078656,10,-19,169
1743496994.113656,0,-7,183
1743496994.149656,102,-1,95
1743496994.185656,-23,6,145
1743496994.2206562,-19,-11,35
1743496994.2566562,-13,58,199
1743496994.291656,10,20,89
1743496994.326656,31,34,153
1743496994.361656,14,0,96
1743496994.397656,50,30,158
1743496994.433656,15,-5,196
1743496994.468656,19,64,122
1743496994.504656,7,32,86
1743496994.5396562,53,10,158
1743496994.574656,-26,32,184
1743496994.609656,21,24,244
1743496994.645656,85,-1,220
1743496994.681656,-40,-73,72
1743496994.716656,69,14,170
1743496994.752656,-42,32,158
1743496994.787656,27,20,30
1743496994.8226562,31,108,2
1743496994.857656,47,-103,246
1743496994.893656,55,-15,186
1743496994.929656,-40,54,124
1743496994.964656,-36,-41,62
1743496995.000656,22,68,182
1743496995.035656,78,-71,200
1743496995.070656,-13,62,116
1743496995.106656,-9,26,202
1743496995.1416562,-29,0,160
1743496995.177656,24,-55,42
1743496995.212656,38,-9,100
1743496995.248656,0,-21,288
1743496995.283656,58,44,138
1743496995.318656,28,-23,70
1743496995.353656,30,30,142
1743496995.389656,96,-9,58
1743496995.425656,-99,-39,206
1743496995.4606562,8,-17,132
1743496995.496656,12,-33,186
1743496995.531656,-45,-41,18
1743496995.566656,98,-49,110
1743496995.601656,26,42,132
1743496995.637656,-1,-7,118
1743496995.673656,-33,-49,118
1743496995.708656,48,-9,132
1743496995.744656,-81,60,112
1743496995.7796562,8,38,226
1743496995.814656,28,36,176
1743496995.849656,26,-7,108
1743496995.885656,-95,22,96
1743496995.921656,-9,-101,124
1743496995.956656,4,20,116
1743496995.992656,-7,-33,192
1743496996.027656,28,-5,208
1743496996.0626562,-33,-29,16
1743496996.098656,-55,26,98
1743496996.133656,30,0,154
1743496996.169656,54,-89,144
1743496996.204656,-31,88,306
1743496996.240656,-21,-33,104
1743496996.275656,82,-65,64
1743496996.310656,20,12,124
1743496996.346656,-3,-23,64
1743496996.3816562,36,-53,96
1743496996.417656,24,16,138
1743496996.452656,0,-31,190
1743496996.488656,26,8,96
1743496996.523656,10,50,90
1743496996.558656,4,12,82
1743496996.594656,12,72,224
1743496996.629656,-31,24,132
1743496996.665656,-3,28,168
1743496996.700656,28,-87,110
1743496996.736656,4,-3,-11
1743496996.771656,-57,26,180
1743496996.806656,-9,58,190
1743496996.842656,38,-59,186
1743496996.877656,10,52,42
1743496996.913656,36,-59,184
1743496996.948656,-29,-11,244
1743496996.984656,-25,52,-15
1743496997.019656,-11,28,156
1743496997.054656,84,35,118
1743496997.090656,12,-72,-21
1743496997.125656,90,-50,196
1743496997.161656,-9,15,56
1743496997.196656,-9,-1,40
1743496997.232656,-85,54,66
1743496997.267656,26,-5,208
1743496997.302656,-17,-4,86
1743496997.338656,-47,5,54
1743496997.373656,60,-10,226
1743496997.409656,-27,-46,228
1743496997.444656,-33,65,56
1743496997.480656,-15,36,68
1743496997.515656,-17,-18,150
1743496997.550656,-85,-86,52
1743496997.586656,-33,-13,192
1743496997.621656,-15,49,156
1743496997.657656,-14,-12,298
1743496997.692656,-50,-12,66
1743496997.728656,-13,22,86
1743496997.763656,-35,23,76
1743496997.798656,48,-7,76
1743496997.834656,10,8,98
1743496997.869656,4,8,72
1743496997.905656,60,-55,84
1743496997.940656,-24,-95,39
1743496997.976656,14,12,115
1743496998.011656,-15,12,157
1743496998.046656,-23,-45,183
1743496998.082656,-61,28,178
1743496998.117656,-13,-15,55
1743496998.153656,30,30,142
1743496998.188656,-33,27,215
1743496998.224656,-51,15,12
1743496998.259656,-7,-2,188
1743496998.294656,44,17,98
1743496998.330656,60,21,222
1743496998.365656,6,31,97
1743496998.4016562,-21,13,220
1743496998.436656,4,-46,100
1743496998.472656,70,51,197
1743496998.507656,-5,93,49
1743496998.542656,4,-32,-66
1743496998.578656,-53,29,173
1743496998.613656,90,-72,123
1743496998.649656,126,-66,119
1743496998.684656,-40,19,85
1743496998.7206562,-48,13,175
1743496998.755656,45,-26,135
1743496998.790656,-18,-52,73
1743496998.826656,5,-96,253
1743496998.861656,-40,-13,95
1743496998.897656,-46,-40,101
1743496998.932656,-52,72,93
1743496998.968656,-44,-57,185
1743496999.003656,15,-41,205
1743496999.038656,57,42,225
1743496999.074656,11,-37,-8
1743496999.109656,43,44,151
1743496999.145656,-74,-108,87
1743496999.180656,-16,-70,79
1743496999.216656,-6,103,29
1743496999.251656,-53,6,17
1743496999.286656,-59,70,21
1743496999.3226562,-31,-1,91
1743496999.357656,-5,-53,181
1743496999.393656,-33,44,5
1743496999.428656,0,22,105
1743496999.464656,40,90,343
1743496999.500656,16,9,111
1743496999.536656,-41,-12,145
1743496999.5726562,12,-20,75
1743496999.6086562,-32,-48,79
1743496999.644656,-52,75,77
1743496999.679656,-59,23,19
1743496999.714656,4,-38,93
1743496999.750656,-91,41,47
1743496999.786656,92,15,153
1743496999.821656,0,21,65
1743496999.857656,16,23,209
1743496999.892656,-33,-50,83
1743496999.927656,34,-18,81
1743496999.962656,-33,77,217
1743496999.998656,52,29,109
1743497000.034656,-117,-14,171
1743497000.069656,-33,-2,239
1743497000.105656,-29,-44,147
1743497000.140656,10,-8,211
1743497000.175656,-3,-28,131
1743497000.2106562,-67,-4,43
1743497000.246656,20,0,65
1743497000.282656,0,5,213
1743497000.317656,-37,-34,167
1743497000.353656,-41,50,91
1743497000.388656,46,-15,49
1743497000.423656,-67,20,211
1743497000.458656,-45,-55,69
1743497000.494656,10,2,97
1743497000.530656,0,-81,139
1743497000.565656,0,24,125
1743497000.601656,-7,-25,75
1743497000.636656,24,-11,169
1743497000.671656,-7,-35,159
1743497000.706656,-16,-37,243
1743497000.742656,24,38,107
1743497000.778656,-11,-37,133
1743497000.813656,-15,-41,199
1743497000.849656,-23,-20,83
1743497000.884656,50,-61,167
1743497000.919656,-51,-44,227
1743497000.954656,-21,27,165
1743497000.990656,36,-6,-54
1743497001.0266562,-17,69,115
1743497001.061656,22,-18,69
1743497001.097656,-43,25,233
1743497001.132656,0,27,71
1743497001.167656,48,5,143
1743497001.202656,-41,-40,223
1743497001.238656,18,16,163
1743497001.274656,-33,-7,193
1743497001.309656,-27,-71,41
1743497001.3456562,6,22,133
1743497001.380656,38,-44,109
1743497001.415656,-27,66,133
1743497001.450656,-95,-6,109
1743497001.486656,18,29,169
1743497001.522656,-3,1,141
1743497001.557656,-49,5,121
1743497001.593656,-35,-34,219
1743497001.628656,-53,-2,131
1743497001.663656,24,-62,99
1743497001.698656,-21,-62,189
1743497001.734656,22,8,117
1743497001.770656,68,-55,223
1743497001.805656,10,0,105
1743497001.841656,-103,27,103
1743497001.876656,-37,22,97
1743497001.911656,108,60,203
1743497001.946656,30,-7,107
1743497001.982656,-121,10,137
1743497002.018656,4,16,21
1743497002.053656,30,42,137
1743497002.089656,-69,-5,111
1743497002.124656,36,-36,21
1743497002.159656,6,5,39
1743497002.194656,-11,-26,95
1743497002.230656,-63,-20,127
1743497002.2666562,18,9,215
1743497002.301656,-19,-60,208
1743497002.337656,1,-42,43
1743497002.372656,57,7,39
1743497002.407656,0,5,5
1743497002.442656,-8,34,194
1743497002.478656,7,-9,200
1743497002.514656,-44,57,130
1743497002.5496562,31,61,30
1743497002.5856562,35,29,60
1743497002.620656,-36,-4,40
1743497002.655656,47,-4,74
1743497002.690656,-2,-4,118
1743497002.726656,25,-22,138
1743497002.769656,-98,19,236
1743497002.805656,109,69,98
1743497002.841656,67,25,104
1743497002.876656,-37,37,204
1743497002.911656,90,41,126
1743497002.946656,56,-14,126
1743497002.982656,-41,59,124
1743497003.018656,20,37,218
1743497003.053656,7,17,126
1743497003.089656,-62,49,206
1743497003.124656,40,25,132
1743497003.159656,4,-54,200
1743497003.194656,-29,33,100
1743497003.230656,-43,-47,168
1743497003.2666562,62,-7,96
1743497003.301656,-49,8,118
1743497003.337656,22,-51,82
1743497003.372656,-7,-1,-1
1743497003.407656,21,-71,146
1743497003.442656,-11,-45,0
1743497003.478656,42,-9,66
1743497003.514656,-1,-25,144
1743497003.5496562,-37,-9,50
1743497003.5856562,-17,-29,186
1743497003.620656,-41,-11,202
1743497003.655656,-27,-25,178
1743497003.690656,17,2,98
1743497003.726656,22,0,212
1743497003.762656,-29,4,160
1743497003.797656,-39,34,162
1743497003.833656,-97,18,176
1743497003.8686562,18,8,22
1743497003.903656,40,46,134
1743497003.938656,16,-77,18
1743497003.974656,26,2,74
1743497004.010656,-49,56,142
1743497004.045656,-45,16,118
1743497004.081656,-31,10,82
1743497004.116656,2,-42,72
1743497004.1516562,-31,30,118
1743497004.186656,-5,10,122
1743497004.222656,-57,20,176
1743497004.258656,24,10,96
1743497004.293656,-39,46,104
1743497004.329656,30,30,82
1743497004.364656,8,-11,206
1743497004.399656,40,-11,72
1743497004.434656,76,14,70
1743497004.4706562,-61,40,114
1743497004.5066562,76,80,118
1743497004.541656,14,22,18
1743497004.577656,8,-55,188
1743497004.612656,-24,38,116
1743497004.647656,-30,-45,64
1743497004.682656,-77,-3,188
1743497004.718656,40,34,168
1743497004.754656,37,16,172
1743497004.7896562,45,-7,90
1743497004.825656,53,-55,210
1743497004.860656,-30,-25,-25
1743497004.895656,-113,-17,148
1743497004.930656,-15,32,188
1743497004.966656,-29,-47,116
1743497005.002656,120,-62,104
1743497005.037656,-37,1,192
1743497005.073656,-31,-34,142
1743497005.1086562,56,11,94
1743497005.143656,8,-20,44
1743497005.178656,-21,-55,94
1743497005.214656,8,78,48
1743497005.250656,66,-35,162
1743497005.285656,-25,41,104
1743497005.321656,18,34,144
1743497005.356656,-19,44,168
1743497005.3916562,-27,2,114
1743497005.426656,-45,-77,202
1743497005.462656,-73,-15,96
1743497005.498656,-9,14,58
1743497005.533656,-65,10,30
1743497005.569656,-75,96,158
1743497005.604656,-63,-49,198
1743497005.639656,62,-75,92
1743497005.675656,-11,16,120
1743497005.7106562,-41,-11,96
1743497005.746656,40,-21,256
1743497005.781656,-21,6,290
1743497005.817656,-5,30,60
1743497005.852656,-5,-9,148
1743497005.887656,158,28,58
1743497005.923656,24,-21,-39
1743497005.958656,26,-3,100
1743497005.994656,10,-1,136
1743497006.0296562,60,24,20
1743497006.065656,-77,14,210
1743497006.100656,-15,12,164
1743497006.135656,10,18,192
1743497006.171656,42,10,184
1743497006.206656,-85,-13,166
1743497006.242656,-13,-87,204
1743497006.277656,4,-41,150
1743497006.313656,-25,-21,44
1743497006.348656,2,-71,146
1743497006.383656,46,-21,42
1743497006.419656,94,-69,268
1743497006.454656,-15,2,130
1743497006.490656,106,12,128
1743497006.525656,10,-3,216
1743497006.561656,-95,14,162
1743497006.596656,-5,-27,16
1743497006.6316562,-17,-15,200
1743497006.667656,46,56,238
1743497006.702656,-53,-1,122
1743497006.738656,-11,22,154
1743497006.773656,-9,46,110
1743497006.809656,-49,-45,112
1743497006.844656,26,-39,198
1743497006.879656,2,8,180
1743497006.915656,-45,-15,166
1743497006.950656,64,-9,184
1743497006.986656,-37,18,92
1743497007.021656,-25,4,262
1743497007.057656,10,-63,104
1743497007.092656,10,28,164
1743497007.127656,-8,-13,96
1743497007.163656,-9,13,10
1743497007.198656,34,43,128
1743497007.234656,-5,-13,206
1743497007.269656,-65,-11,122
1743497007.305656,-7,54,156
1743497007.340656,30,-9,84
1743497007.375656,52,68,198
1743497007.411656,14,-4,58
1743497007.446656,22,8,188
1743497007.482656,-49,36,204
1743497007.517656,-11,8,106
1743497007.553656,24,-15,104
1743497007.588656,12,64,116
1743497007.623656,20,24,176
1743497007.659656,28,52,159
1743497007.694656,74,17,315
1743497007.730656,17,-36,17
1743497007.765656,24,25,147
1743497007.801656,-19,25,75
1743497007.836656,-73,17,107
1743497007.871656,-31,23,211
1743497007.907656,16,41,125
1743497007.942656,16,-18,277
1743497007.978656,42,-32,141
1743497008.013656,6,60,229
1743497008.0496562,2,14,139
1743497008.084656,-49,6,215
1743497008.119656,52,-21,121
1743497008.155656,18,-36,181
1743497008.190656,-27,19,217
1743497008.226656,64,43,79
1743497008.261656,4,33,131
1743497008.297656,58,-55,115
1743497008.332656,-47,16,41
1743497008.367656,-53,-55,39
1743497008.403656,-71,-49,123
1743497008.438656,-33,26,81
1743497008.474656,28,30,251
1743497008.509656,34,16,143
1743497008.545656,-31,-8,127
1743497008.580656,-23,-9,119
1743497008.615656,-25,-62,157
1743497008.6516562,-41,-46,113
1743497008.686656,50,-30,51
1743497008.722656,34,75,47
1743497008.757656,30,75,150
1743497008.793656,-5,5,211
1743497008.828656,-25,33,231
1743497008.863656,64,5,163
1743497008.899656,-19,25,64
1743497008.934656,-7,13,170
1743497008.9706562,50,-36,222
1743497009.005656,-65,39,206
1743497009.041656,30,-34,158
1743497009.077656,18,17,76
1743497009.112656,16,1,168
1743497009.147656,16,0,82
1743497009.183656,87,-82,48
1743497009.219656,7,-32,68
1743497009.254656,-18,-6,268
1743497009.290656,-48,-58,144
1743497009.325656,19,-54,52
1743497009.360656,10,51,114
1743497009.395656,13,15,94
1743497009.431656,-18,11,130
1743497009.467656,5,21,158
1743497009.502656,30,-26,136
1743497009.538656,14,11,134
1743497009.573656,0,-20,194
1743497009.6086562,2,-8,196
1743497009.643656,-37,31,20
1743497009.679656,38,21,112
1743497009.715656,-11,-26,252
1743497009.750656,36,7,150
1743497009.786656,10,29,30
1743497009.821656,-57,-34,108
1743497009.856656,-29,-58,100
1743497009.8916562,-19,10,82
1743497009.927656,-29,-55,138
1743497009.963656,-39,-13,140
1743497009.998656,110,-17,138
1743497010.034656,-11,-21,152
1743497010.069656,-29,-95,178
1743497010.104656,20,6,182
1743497010.139656,-89,92,36
1743497010.175656,86,56,114
1743497010.211656,34,-7,160
1743497010.246656,-51,20,162
1743497010.282656,32,-41,158
1743497010.317656,28,-27,162
1743497010.352656,-43,-43,48
1743497010.387656,54,26,300
1743497010.423656,-43,-25,110
1743497010.459656,-31,-23,68
1743497010.494656,-85,6,114
1743497010.530656,-29,56,118
1743497010.565656,14,54,210
1743497010.600656,-35,-21,88
1743497010.635656,25,-31,104
1743497010.671656,28,-17,142
1743497010.707656,68,-37,188
1743497010.742656,14,-73,196
1743497010.778656,-7,-59,2
1743497010.813656,-29,-37,108
1743497010.848656,-9,50,152
1743497010.883656,18,0,148
1743497010.919656,-75,-31,192
1743497010.955656,62,-27,78
1743497010.990656,16,-9,149
1743497011.0266562,98,2,93
1743497011.061656,0,-19,181
1743497011.096656,-67,50,149
1743497011.1316562,-47,-91,165
1743497011.167656,88,2,133
1743497011.203656,-5,-37,163
1743497011.238656,-37,-13,41
1743497011.274656,80,56,129
1743497011.309656,12,57,257
1743497011.344656,18,-18,219
1743497011.379656,-57,-28,-6
1743497011.415656,20,9,217
1743497011.451656,-37,-20,263
1743497011.486656,-33,57,107
1743497011.522656,48,25,101
1743497011.557656,96,-53,137
1743497011.592656,-49,-56,85
1743497011.627656,-7,-32,51
1743497011.663656,-25,77,109
1743497011.699656,56,-26,133
1743497011.734656,-53,35,13
1743497011.770656,52,74,87
1743497011.805656,-7,-11,169
1743497011.840656,-23,-33,113
1743497011.875656,-21,54,157
1743497011.911656,52,-1,175
1743497011.9476562,-5,-57,135
1743497011.982656,6,26,153
1743497012.018656,-27,-45,85
1743497012.053656,-85,-57,59
1743497012.088656,-21,18,149
1743497012.123656,6,16,161
1743497012.159656,-17,4,171
1743497012.195656,-25,10,207
1743497012.230656,28,-57,115
1743497012.2666562,18,38,183
1743497012.301656,66,4,107
1743497012.336656,64,0,135
1743497012.371656,120,-5,211
1743497012.407656,36,2,43
1743497012.443656,-57,-61,95
1743497012.478656,10,34,215
1743497012.514656,22,-11,165
1743497012.5496562,16,24,207
1743497012.584656,8,4,103
1743497012.619656,-1,18,49
1743497012.655656,-5,6,97
1743497012.691656,36,34,139
1743497012.726656,10,-21,217
1743497012.762656,28,0,37
1743497012.804656,30,50,115
1743497012.840656,34,-65,71
1743497012.875656,-11,46,137
1743497012.911656,-51,30,165
1743497012.9476562,22,-29,307
1743497012.982656,28,-28,229
1743497013.018656,-47,-12,123
1743497013.053656,-87,-57,245
1743497013.088656,-11,6,87
1743497013.123656,26,7,141
1743497013.159656,-1,41,185
1743497013.195656,50,13,117
1743497013.230656,-55,5,69
1743497013.2666562,-39,-22,163
1743497013.301656,32,9,175
1743497013.336656,-95,-52,117
1743497013.371656,62,21,107
1743497013.407656,12,43,91
1743497013.443656,-125,-66,49
1743497013.478656,4,0,295
1743497013.514656,12,-12,127
1743497013.5496562,-21,36,49
1743497013.584656,-23,-27,119
1743497013.619656,-65,-39,53
1743497013.655656,-49,-21,159
1743497013.691656,-43,4,103
1743497013.726656,36,53,115
1743497013.762656,-29,-26,341
1743497013.797656,8,28,85
1743497013.832656,-73,7,91
1743497013.867656,30,60,5
1743497013.903656,-5,-61,119
1743497013.939656,6,87,121
1743497013.974656,12,-29,11
1743497014.010656,-47,89,77
1743497014.045656,-51,0,149
1743497014.080656,-5,-116,209
1743497014.115656,90,-12,189
1743497014.1516562,-61,5,121
1743497014.1876562,42,45,139
1743497014.222656,12,-12,37
1743497014.258656,94,101,169
1743497014.293656,-45,39,145
1743497014.328656,-15,-2,65
1743497014.363656,10,0,229
1743497014.399656,8,47,107
1743497014.435656,26,-36,81
1743497014.4706562,-45,9,107
1743497014.5066562,-23,21,185
1743497014.541656,-39,-28,229
1743497014.576656,-17,-10,191
1743497014.611656,4,11,111
1743497014.647656,-53,27,129
1743497014.683656,-23,17,149
1743497014.718656,28,31,71
1743497014.754656,-13,37,49
1743497014.7896562,24,-22,183
1743497014.824656,-43,23,198
1743497014.859656,32,13,54
1743497014.895656,54,65,-14
1743497014.931656,-55,-56,81
1743497014.966656,-7,21,55
1743497015.002656,-87,1,97
1743497015.037656,-37,16,119
1743497015.0726562,58,-87,179
1743497015.1086562,-29,-44,65
1743497015.143656,0,26,60
1743497015.179656,48,42,72
1743497015.214656,-67,66,48
1743497015.250656,22,22,-23
1743497015.285656,18,32,58
1743497015.320656,-15,-15,202
1743497015.356656,-61,-51,84
1743497015.3916562,-147,-21,76
1743497015.427656,8,-11,118
1743497015.462656,-9,-25,168
1743497015.498656,12,-37,194
1743497015.533656,-10,-65,72
1743497015.568656,32,48,126
1743497015.604656,-45,16,172
1743497015.639656,-49,-17,224
1743497015.675656,-57,4,108
1743497015.7106562,8,14,144
1743497015.746656,20,-5,242
1743497015.781656,-1,32,54
1743497015.816656,40,6,198
1743497015.852656,4,36,316
1743497015.887656,44,70,126
1743497015.923656,-9,-43,100
1743497015.958656,56,22,182
1743497015.994656,16,-31,156
1743497016.0296562,8,14,222
1743497016.064656,2,68,44
1743497016.100656,6,20,36
1743497016.135656,-17,34,130
1743497016.171656,-39,-23,220
1743497016.206656,-33,-21,108
1743497016.242656,66,42,80
1743497016.277656,56,18,18
1743497016.3126562,24,-11,222
1743497016.348656,112,-61,64
1743497016.383656,38,12,194
1743497016.419656,48,44,140
1743497016.454656,28,32,184
1743497016.490656,22,-43,108
1743497016.525656,-11,0,38
1743497016.560656,44,-91,190
1743497016.596656,4,44,-45
1743497016.6316562,-2,-13,102
1743497016.667656,8,4,176
1743497016.702656,-42,-25,172
1743497016.738656,77,22,156
1743497016.773656,70,-31,172
1743497016.808656,24,44,70
1743497016.844656,-5,40,36
1743497016.879656,26,-5,66
1743497016.915656,30,40,172
1743497016.950656,46,-25,196
1743497016.986656,-5,-7,104
1743497017.021656,-17,-55,166
1743497017.056656,3,-9,118
1743497017.092656,15,22,29
1743497017.127656,-4,56,101
1743497017.163656,9,12,35
1743497017.198656,17,36,48
1743497017.234656,-30,-33,98
1743497017.269656,41,-33,184
1743497017.304656,11,4,76
1743497017.340656,47,-11,144
1743497017.375656,-32,2,168
1743497017.411656,-74,-85,240
1743497017.446656,9,34,114
1743497017.482656,-50,64,39
1743497017.517656,9,-8,219
1743497017.552656,45,0,113
1743497017.588656,-52,-35,143
1743497017.623656,25,-79,59
1743497017.659656,87,-61,121
1743497017.694656,51,-57,77
1743497017.730656,-28,12,147
1743497017.765656,-34,-99,143
1743497017.800656,-40,44,193
1743497017.836656,17,-49,5
1743497017.871656,-14,-21,269
1743497017.907656,-49,10,243
1743497017.942656,28,-1,171
1743497017.978656,110,-23,99
1743497018.013656,-83,-53,201
1743497018.048656,54,18,73
1743497018.084656,-73,38,89
1743497018.119656,-11,6,153
1743497018.155656,-27,68,77
1743497018.190656,-5,-11,109
1743497018.226656,110,-31,151
1743497018.261656,-39,-55,125
1743497018.296656,-9,40,119
1743497018.332656,46,-25,179
1743497018.367656,64,32,55
1743497018.403656,-21,-73,95
1743497018.438656,-9,-13,97
1743497018.474656,12,44,255
1743497018.509656,-1,10,147
1743497018.544656,12,50,39
1743497018.580656,62,54,111
1743497018.615656,28,7,155
1743497018.6516562,-57,-23,361
1743497018.686656,-43,62,147
1743497018.721656,-19,-13,155
1743497018.7566562,-77,28,93
1743497018.792656,-7,-9,73
1743497018.828656,-17,-77,83
1743497018.863656,14,-73,67
1743497018.899656,-99,20,3
1743497018.934656,-7,-21,135
1743497018.969656,20,50,157
1743497019.004656,-45,-33,129
1743497019.040656,-105,-63,161
1743497019.076656,40,-15,157
1743497019.111656,18,38,181
1743497019.147656,-1,-53,143
1743497019.182656,4,40,135
1743497019.217656,-15,104,27
1743497019.252656,-59,-23,23
1743497019.288656,108,-49,101
1743497019.324656,12,59,83
1743497019.359656,58,3,207
1743497019.395656,-53,-14,139
1743497019.430656,42,21,221
1743497019.465656,34,23,149
1743497019.500656,-29,15,133
1743497019.536656,-11,-76,187
1743497019.5726562,19,33,205
1743497019.607656,26,-12,65
1743497019.643656,-39,-46,205
1743497019.678656,12,81,309
1743497019.713656,-17,15,101
1743497019.748656,22,9,175
1743497019.784656,70,23,31
1743497019.820656,-19,-64,167
1743497019.855656,56,-90,187
1743497019.8916562,-11,-35,133
1743497019.926656,-59,-35,227
1743497019.961656,16,10,33
1743497019.996656,-3,-9,175
1743497020.032656,18,-31,93
1743497020.068656,58,2,141
1743497020.103656,-43,6,13
1743497020.139656,16,-26,91
1743497020.1746562,0,33,139
1743497020.209656,-69,29,169
1743497020.244656,16,9,111
1743497020.280656,-39,1,153
1743497020.316656,20,21,285
1743497020.351656,18,59,155
1743497020.387656,-41,12,227
1743497020.422656,-13,-5,119
1743497020.457656,-27,26,93
1743497020.492656,64,18,125
1743497020.528656,48,6,69
1743497020.564656,18,-25,151
1743497020.599656,42,62,15
1743497020.635656,-51,8,119
1743497020.670656,56,-43,261
1743497020.705656,30,-29,203
1743497020.740656,18,32,193
1743497020.7766562,52,-33,177
1743497020.8126562,86,-85,113
1743497020.847656,-43,-21,132
1743497020.883656,84,16,112
1743497020.918656,-15,46,174
1743497020.953656,70,-11,156
1743497020.988656,22,10,42
1743497021.024656,16,34,152
1743497021.060656,12,28,48
1743497021.0956562,0,14,194
1743497021.1316562,48,-33,150
1743497021.166656,-69,-21,84
1743497021.201656,38,-47,182
1743497021.236656,-41,10,182
1743497021.272656,-41,-5,-1
1743497021.308656,-67,-17,206
1743497021.343656,-13,48,196
1743497021.379656,-51,20,72
1743497021.4146562,62,58,70
1743497021.449656,48,38,108
1743497021.484656,80,-7,84
1743497021.520656,-85,30,52
1743497021.556656,24,-5,188
1743497021.591656,-21,28,152
1743497021.627656,28,10,2
1743497021.662656,52,18,124
1743497021.6976562,-45,-17,44
1743497021.732656,66,-43,178
1743497021.768656,34,-7,186
1743497021.804656,34,-57,112
1743497021.839656,20,-1,136
1743497021.875656,8,-87,192
1743497021.910656,-55,46,70
1743497021.945656,-41,-31,98
1743497021.980656,8,-59,130
1743497022.0166562,-13,20,258
1743497022.052656,22,12,-15
1743497022.087656,6,10,174
1743497022.123656,-3,-93,110
1743497022.158656,54,18,156
1743497022.193656,42,40,60
1743497022.228656,-45,48,208
1743497022.264656,88,-29,62
1743497022.300656,-25,-1,34
1743497022.3356562,40,-37,104
1743497022.371656,-9,12,86
1743497022.406656,-33,-38,170
1743497022.441656,-45,-20,112
1743497022.476656,16,21,96
1743497022.512656,-97,-36,210
1743497022.548656,-19,-39,162
1743497022.583656,-45,-33,64
1743497022.619656,9,-67,78
1743497022.6546562,-25,-85,242
1743497022.689656,21,-39,292
1743497022.724656,-12,16,228
1743497022.760656,-9,10,4
1743497022.796656,-21,-19,126
1743497022.838656,-1,-45,100
1743497022.875656,-3,38,178
1743497022.910656,1,50,164
1743497022.945656,-85,6,154
1743497022.980656,26,-3,160
1743497023.0166562,-42,-21,28
1743497023.052656,50,28,156
1743497023.087656,33,36,-11
1743497023.123656,36,-27,174
1743497023.158656,-105,0,-25
1743497023.193656,66,-13,142
1743497023.228656,-17,-5,178
1743497023.264656,-97,-37,136
1743497023.300656,22,10,150
1743497023.3356562,12,2,156
1743497023.371656,-39,-39,10
1743497023.406656,-5,4,8
1743497023.441656,8,-30,96
1743497023.476656,-67,-76,158
1743497023.512656,51,-22,142
1743497023.548656,-19,36,77
1743497023.583656,10,0,172
1743497023.619656,-31,3,88
1743497023.6546562,-42,-6,86
1743497023.689656,-31,-32,68
1743497023.724656,12,-72,20
1743497023.760656,-19,67,48
1743497023.796656,-1,-28,208
1743497023.831656,28,-24,238
1743497023.867656,54,-36,110
1743497023.902656,-17,31,208
1743497023.9376562,-13,14,78
1743497023.972656,20,2,90
1743497024.008656,14,12,132
1743497024.044656,-11,-25,230
1743497024.079656,38,16,68
1743497024.115656,-107,26,84
1743497024.150656,14,-57,154
1743497024.185656,20,-23,233
1743497024.2206562,32,-31,293
1743497024.2566562,-9,22,137
1743497024.292656,12,50,199
1743497024.327656,-43,0,45
1743497024.363656,-17,34,11
1743497024.398656,-3,24,133
1743497024.433656,52,-31,105
1743497024.468656,-15,-66,167
1743497024.504656,-27,17,31
1743497024.540656,96,-22,289
1743497024.575656,-53,-16,159
1743497024.611656,-37,-65,241
1743497024.646656,-75,-59,205
1743497024.681656,-15,8,187
1743497024.717656,-27,2,56
1743497024.752656,-75,4,69
1743497024.788656,-79,-65,105
1743497024.823656,20,44,227
1743497024.859656,-5,-55,155
1743497024.894656,8,-35,119
1743497024.929656,20,26,155
1743497024.965656,54,-65,315
1743497025.000656,16,-27,75
1743497025.036656,10,72,180
1743497025.071656,60,8,177
1743497025.107656,92,-13,167
1743497025.142656,28,-75,233
1743497025.177656,-43,-47,213
1743497025.213656,-29,18,31
1743497025.248656,100,-59,97
1743497025.284656,-13,36,171
1743497025.319656,-1,80,139
1743497025.355656,52,-32,153
1743497025.390656,-3,-14,185
1743497025.425656,-59,-10,111
1743497025.461656,72,-32,49
1743497025.496656,94,13,201
1743497025.532656,-39,58,131
1743497025.567656,-11,-28,157
1743497025.603656,12,-37,105
1743497025.638656,68,-23,115
1743497025.673656,42,-40,-22
1743497025.709656,-43,-1,133
1743497025.744656,-19,60,181
1743497025.780656,28,-13,131
1743497025.815656,0,-47,93
1743497025.851656,64,-31,77
1743497025.886656,0,-69,109
1743497025.921656,83,-27,171
1743497025.957656,0,-71,119
1743497025.992656,-68,12,85
1743497026.028656,17,-5,217
1743497026.063656,0,-31,227
1743497026.099656,-15,-55,199
1743497026.134656,78,-63,145
1743497026.169656,24,12,157
1743497026.205656,32,0,175
1743497026.240656,58,-3,129
1743497026.2766562,-94,2,231
1743497026.311656,73,48,129
1743497026.347656,39,72,47
1743497026.382656,9,-43,101
1743497026.417656,58,0,295
1743497026.453656,-77,12,151
1743497026.488656,10,56,73
1743497026.524656,-47,14,53
1743497026.559656,-21,4,167
1743497026.5956562,-9,2,121
1743497026.630656,16,0,191
1743497026.665656,-47,14,135
1743497026.701656,32,-57,161
1743497026.736656,-17,56,161
1743497026.772656,6,-91,109
1743497026.807656,-47,-31,149
1743497026.843656,-43,-23,167
1743497026.878656,46,14,-22
1743497026.913656,-1,37,161
1743497026.949656,-59,-60,149
1743497026.984656,14,47,287
1743497027.020656,55,0,237
1743497027.055656,-83,13,259
1743497027.091656,-77,-22,199
1743497027.126656,-55,-32,291
1743497027.161656,22,-75,41
1743497027.1976562,-23,-69,55
1743497027.232656,48,-53,181
1743497027.268656,-17,-61,131
1743497027.303656,124,10,69
1743497027.339656,48,-15,243
1743497027.374656,30,12,153
1743497027.409656,6,16,37
1743497027.445656,-21,44,99
1743497027.480656,18,10,181
1743497027.5166562,-27,-13,93
1743497027.551656,74,24,5
1743497027.587656,0,-13,127
1743497027.622656,-5,-3,85
1743497027.657656,102,10,-38
1743497027.693656,70,-7,103
1743497027.728656,-15,-3,89
1743497027.764656,-23,4,239
1743497027.7996562,40,-9,165
1743497027.8356562,-25,16,257
1743497027.870656,-69,8,199
1743497027.905656,-25,38,139
1743497027.941656,-27,-41,171
1743497027.976656,26,62,203
1743497028.012656,-5,17,183
1743497028.047656,132,0,79
1743497028.083656,48,-10,29
1743497028.119656,-21,51,75
1743497028.1546562,-9,-38,157
1743497028.189656,-57,41,67
1743497028.225656,66,-18,191
1743497028.261656,-101,53,93
1743497028.296656,-33,53,147
1743497028.332656,28,15,57
1743497028.367656,78,-110,39
1743497028.402656,-29,-2,-48
1743497028.4376562,28,-8,123
1743497028.473656,-53,-46,93
1743497028.509656,28,7,205
1743497028.544656,58,-8,111
1743497028.580656,108,39,133
1743497028.615656,62,15,177
1743497028.650656,-43,103,195
1743497028.685656,92,-16,179
1743497028.721656,36,-28,225
1743497028.757656,0,9,219
1743497028.792656,46,29,59
1743497028.828656,4,57,193
1743497028.863656,30,-34,229
1743497028.898656,42,-6,173
1743497028.933656,42,31,249
1743497028.969656,-49,-52,85
1743497029.005656,28,51,161
1743497029.040656,24,-48,21
1743497029.076656,-13,25,51
1743497029.111656,20,-8,95
1743497029.146656,94,75,139
1743497029.181656,-33,5,109
1743497029.217656,72,33,123
1743497029.253656,26,83,137
1743497029.288656,36,13,149
1743497029.324656,-79,-12,175
1743497029.359656,-21,18,207
1743497029.394656,28,-20,57
1743497029.429656,76,-4,191
1743497029.465656,56,26,155
1743497029.501656,-19,-9,59
1743497029.536656,-93,16,183
1743497029.5726562,14,24,75
1743497029.607656,80,-21,135
1743497029.642656,-67,6,139
1743497029.677656,22,-19,217
1743497029.713656,-41,-63,133
1743497029.749656,-29,30,89
1743497029.784656,18,6,145
1743497029.820656,-37,-59,9
1743497029.855656,-55,24,17
1743497029.890656,44,-53,219
1743497029.925656,-3,-19,137
1743497029.961656,38,16,137
1743497029.997656,-27,-51,123
1743497030.032656,68,-9,199
1743497030.068656,0,-7,171
1743497030.103656,-35,-73,177
1743497030.138656,30,-25,1
1743497030.173656,-33,-37,69
1743497030.209656,56,-21,125
1743497030.245656,-31,46,111
1743497030.280656,-13,38,155
1743497030.316656,-19,2,273
1743497030.351656,-77,38,109
1743497030.386656,6,19,173
1743497030.421656,-71,-24,97
1743497030.457656,-11,7,229
1743497030.4936562,-7,1,77
1743497030.528656,52,-14,129
1743497030.564656,32,-60,129
1743497030.599656,18,41,191
1743497030.634656,-35,59,241
1743497030.669656,12,30,89
1743497030.705656,60,-19,219
1743497030.741656,12,78,119
1743497030.7766562,10,-51,75
1743497030.8126562,-93,90,153
1743497030.847656,6,50,0
1743497030.882656,50,34,219
1743497030.917656,6,-17,195
1743497030.953656,-39,52,245
1743497030.989656,-54,16,225
1743497031.024656,21,48,75
1743497031.060656,-30,30,155
1743497031.0956562,49,-1,171
1743497031.130656,9,-69,75
1743497031.165656,0,20,133
1743497031.201656,16,28,175
1743497031.237656,-33,20,219
1743497031.272656,-1,-21,27
1743497031.308656,-114,50,181
1743497031.343656,-66,-49,193
1743497031.378656,1,22,147
1743497031.413656,25,-47,115
1743497031.449656,-42,-69,75
1743497031.485656,15,-75,205
1743497031.520656,141,-71,161
1743497031.556656,55,68,135
1743497031.591656,-64,-59,177
1743497031.626656,3,-17,139
1743497031.661656,-66,28,151
1743497031.6976562,17,-3,263
1743497031.7336562,-14,8,167
1743497031.768656,33,-59,77
1743497031.804656,9,-43,217
1743497031.839656,29,-51,139
1743497031.874656,-2,-49,223
1743497031.909656,7,22,-42
1743497031.945656,25,-45,65
1743497031.981656,33,2,149
1743497032.0166562,-42,58,63
1743497032.052656,3,-3,235
1743497032.087656,-36,76,175
1743497032.122656,-2,-63,127
1743497032.157656,95,-49,53
1743497032.193656,51,14,175
1743497032.229656,53,24,265
1743497032.264656,-44,8,85
1743497032.300656,-52,8,171
1743497032.3356562,47,-65,37
1743497032.370656,-74,-37,135
1743497032.405656,31,-55,-28
1743497032.441656,-10,-61,219
1743497032.477656,11,-61,181
1743497032.512656,-30,-63,29
1743497032.548656,-36,44,231
1743497032.583656,37,30,55
1743497032.6186562,11,6,101
1743497032.653656,-8,-35,7
1743497032.689656,35,67,99
1743497032.725656,-2,-71,111
1743497032.760656,13,12,1
1743497032.796656,-10,-49,149
1743497032.831656,-32,98,169
1743497032.873656,-44,24,177
1743497032.909656,41,-59,57
1743497032.945656,-6,18,143
1743497032.981656,11,20,211
1743497033.0166562,-48,-9,113
1743497033.052656,21,-59,113
1743497033.087656,57,16,57
1743497033.122656,47,24,197
1743497033.157656,19,-93,191
1743497033.193656,-54,-51,23
1743497033.229656,41,-19,121
1743497033.264656,-34,-53,161
1743497033.300656,7,-22,161
1743497033.3356562,3,-90,197
1743497033.370656,45,62,151
1743497033.405656,37,18,137
1743497033.441656,-74,44,147
1743497033.477656,2,-13,221
1743497033.512656,-25,-67,139
1743497033.548656,-25,12,79
1743497033.583656,70,13,191
1743497033.6186562,26,-52,317
1743497033.653656,56,-28,201
1743497033.689656,130,-4,233
1743497033.725656,-17,-93,113
1743497033.760656,-75,-6,145
1743497033.796656,62,22,195
1743497033.831656,-71,22,39
1743497033.866656,58,36,105
1743497033.9016562,40,60,103
1743497033.9376562,-77,-57,75
1743497033.973656,-5,10,129
1743497034.008656,-15,-25,153
1743497034.044656,28,44,5
1743497034.079656,4,2,97
1743497034.114656,2,12,133
1743497034.150656,42,10,191
1743497034.185656,12,76,39
1743497034.221656,-11,-46,167
1743497034.2566562,6,-26,93
1743497034.292656,-17,23,29
1743497034.327656,-39,105,81
1743497034.362656,18,-38,245
1743497034.398656,8,17,109
1743497034.433656,-29,-50,225
1743497034.469656,52,-2,131
1743497034.504656,-25,-62,95
1743497034.540656,32,7,145
1743497034.575656,26,25,187
1743497034.610656,-67,-11,171
1743497034.646656,-9,-6,83
1743497034.681656,34,7,245
1743497034.717656,18,-2,101
1743497034.752656,-44,13,97
1743497034.788656,-46,-28,155
1743497034.823656,54,-22,263
1743497034.8586562,-25,-48,183
1743497034.894656,58,-6,175
1743497034.929656,64,8,119
1743497034.965656,-5,-15,89
1743497035.000656,-39,-19,149
1743497035.036656,38,-10,149
1743497035.071656,14,24,73
1743497035.106656,52,-32,101
1743497035.142656,-21,67,195
1743497035.177656,-57,-5,59
1743497035.213656,60,8,177
1743497035.248656,-32,4,137
1743497035.284656,3,-17,265
1743497035.319656,-42,-1,131
1743497035.354656,-5,-45,121
1743497035.390656,-19,10,163
1743497035.425656,13,-9,89
1743497035.461656,29,-17,173
1743497035.496656,19,-71,227
1743497035.532656,27,14,129
1743497035.567656,-4,-19,127
1743497035.602656,97,0,197
1743497035.638656,17,2,194
1743497035.673656,103,-85,136
1743497035.709656,-40,-31,-3
1743497035.744656,0,-53,200
1743497035.780656,31,-45,150
1743497035.815656,-66,-37,40
1743497035.850656,25,-37,218
1743497035.886656,-9,-95,206
1743497035.921656,14,26,170
1743497035.957656,-37,-59,146
1743497035.992656,54,3,126
1743497036.028656,-59,64,178
1743497036.063656,-43,12,24
1743497036.098656,-7,-15,188
1743497036.134656,0,0,146
1743497036.169656,22,-87,164
1743497036.205656,38,50,142
1743497036.240656,8,-23,38
1743497036.2766562,-45,12,36
1743497036.311656,-5,2,212
1743497036.346656,6,8,140
1743497036.382656,42,58,32
1743497036.417656,121,14,90
1743497036.453656,48,-49,94
1743497036.488656,17,-46,124
1743497036.524656,-10,-24,60
1743497036.559656,-53,63,26
1743497036.594656,-13,-23,210
1743497036.630656,70,34,150
1743497036.665656,4,103,146
1743497036.701656,88,-2,102
1743497036.736656,-83,27,112
1743497036.772656,-7,7,130
1743497036.807656,68,5,116
1743497036.842656,-21,-38,162
1743497036.878656,72,-83,16
1743497036.913656,-13,-47,194
1743497036.949656,-13,21,96
1743497036.984656,14,53,170
1743497037.020656,56,14,118
1743497037.055656,-27,-53,146
1743497037.090656,-45,22,100
1743497037.126656,58,5,104
1743497037.161656,-15,-54,170
1743497037.1976562,132,8,222
1743497037.232656,82,-52,42
1743497037.268656,28,-11,116
1743497037.303656,-7,-3,134
1743497037.338656,-5,14,162
1743497037.374656,6,74,172
1743497037.409656,36,-7,236
1743497037.445656,-57,-47,54
1743497037.480656,-17,44,150
1743497037.5166562,14,-63,54
1743497037.551656,-47,-67,156
1743497037.586656,-33,14,86
1743497037.622656,-1,-69,146
1743497037.657656,-39,4,100
1743497037.693656,14,-43,152
1743497037.728656,-83,64,144
1743497037.765656,-21,76,56
1743497037.800656,-9,32,-3
1743497037.8356562,-29,18,68
1743497037.870656,-5,8,162
1743497037.906656,54,20,-1
1743497037.942656,-10,18,92
1743497037.977656,81,-37,216
1743497038.013656,102,-43,172
1743497038.048656,89,28,134
1743497038.083656,19,-7,126
1743497038.1186562,-96,-47,106
1743497038.1546562,-46,2,210
1743497038.190656,26,22,160
1743497038.225656,-33,24,142
1743497038.261656,34,84,150
1743497038.296656,34,34,108
1743497038.331656,-7,-13,200
1743497038.366656,-3,26,72
1743497038.402656,0,-59,76
1743497038.438656,12,-61,166
1743497038.473656,-13,42,40
1743497038.509656,-17,8,-1
1743497038.544656,26,56,222
1743497038.579656,-9,-37,46
1743497038.614656,-7,-29,154
1743497038.650656,-1,-33,176
1743497038.686656,-33,-55,82
1743497038.721656,10,52,120
1743497038.757656,18,-15,98
1743497038.792656,-17,70,128
1743497038.827656,24,-29,0
1743497038.862656,-23,0,172
1743497038.898656,50,-25,190
1743497038.934656,-57,30,40
1743497038.969656,-27,2,112
1743497039.005656,40,55,224
1743497039.040656,34,-28,46
1743497039.075656,74,38,110
1743497039.110656,-31,-39,248
1743497039.146656,22,-6,206
1743497039.182656,-11,-25,136
1743497039.217656,-69,-17,204
1743497039.253656,-37,-31,160
1743497039.288656,0,-43,126
1743497039.323656,106,112,104
1743497039.3586562,-59,18,90
1743497039.394656,14,2,86
1743497039.430656,-21,30,242
1743497039.465656,0,-21,160
1743497039.501656,-51,-9,130
1743497039.536656,-75,6,116
1743497039.571656,34,-25,108
1743497039.606656,-89,30,92
1743497039.642656,-9,-47,234
1743497039.678656,18,-31,60
1743497039.713656,48,86,142
1743497039.749656,0,-17,92
1743497039.784656,20,8,152
1743497039.819656,24,10,104
1743497039.854656,-43,108,98
1743497039.890656,-27,24,108
1743497039.926656,24,8,100
1743497039.961656,44,-89,150
1743497039.997656,132,44,90
1743497040.032656,-14,40,186
1743497040.067656,51,2,132
1743497040.102656,-40,-29,140
1743497040.138656,3,18,220
1743497040.1746562,43,-65,186
1743497040.209656,-41,-3,136
1743497040.245656,2,-13,104
1743497040.280656,-21,-15,106
1743497040.315656,-9,32,136
1743497040.350656,-15,40,130
1743497040.386656,-35,-7,186
1743497040.422656,14,-17,150
1743497040.457656,10,48,124
1743497040.4936562,58,24,160
1743497040.528656,44,-57,146
1743497040.563656,0,44,148
1743497040.598656,-31,-9,236
1743497040.634656,-43,-47,104
1743497040.670656,8,-71,64
1743497040.705656,4,-11,102
1743497040.741656,26,12,56
1743497040.7766562,24,43,28
1743497040.811656,20,1,116
1743497040.846656,-57,118,66
1743497040.882656,-47,-55,42
1743497040.918656,20,-11,152
1743497040.953656,-41,-27,60
1743497040.989656,-17,38,168
1743497041.024656,70,-59,86
1743497041.059656,24,-71,130
1743497041.094656,44,-5,164
1743497041.130656,-7,14,60
1743497041.166656,62,-7,154
1743497041.201656,32,26,92
1743497041.237656,6,-15,42
1743497041.272656,-23,-3,200
1743497041.307656,-25,2,198
1743497041.342656,-5,42,112
1743497041.378656,-19,-34,160
1743497041.4146562,-47,12,78
1743497041.449656,-9,14,124
1743497041.485656,38,2,112
1743497041.520656,-19,56,144
1743497041.555656,-61,44,108
1743497041.590656,-43,-1,100
1743497041.626656,18,40,134
1743497041.662656,-57,-73,212
1743497041.6976562,2,-23,170
1743497041.7336562,-35,34,60
1743497041.768656,-55,-19,74
1743497041.803656,-5,-29,144
1743497041.838656,48,-5,58
1743497041.874656,-83,5,182
1743497041.910656,54,0,52
1743497041.945656,40,17,96
1743497041.981656,74,-36,154
1743497042.0166562,34,-8,210
1743497042.051656,38,55,122
1743497042.086656,-7,27,204
1743497042.122656,36,33,154
1743497042.158656,-3,37,162
1743497042.193656,0,15,84
1743497042.229656,34,51,136
1743497042.264656,26,31,118
1743497042.2996562,-37,-24,224
1743497042.334656,-33,27,92
1743497042.370656,12,-40,188
1743497042.406656,-21,-39,138
1743497042.441656,-13,-109,166
1743497042.477656,-5,-11,-5
1743497042.512656,-7,-7,132
1743497042.547656,10,-17,110
1743497042.582656,56,22,156
1743497042.6186562,-19,-55,6
1743497042.6546562,44,172,102
1743497042.689656,-17,56,64
1743497042.725656,22,34,118
1743497042.760656,-39,6,238
1743497042.795656,86,78,190
1743497042.830656,22,-25,74
1743497042.866656,-79,-23,98
1743497042.909656,26,48,108
1743497042.945656,92,10,74
1743497042.981656,-15,-87,166
1743497043.0166562,52,-11,190
1743497043.051656,14,-3,184
1743497043.086656,18,6,150
1743497043.122656,-15,-15,128
1743497043.158656,0,8,210
1743497043.193656,-33,-5,76
1743497043.229656,-71,-59,160
1743497043.264656,-41,-17,68
1743497043.2996562,-23,12,158
1743497043.334656,68,-145,228
1743497043.370656,-21,46,72
1743497043.406656,80,-15,98
1743497043.441656,-31,16,168
1743497043.477656,-21,56,71
1743497043.512656,-55,-3,131
1743497043.547656,-41,-61,75
1743497043.582656,-67,-89,99
1743497043.6186562,14,-49,309
1743497043.6546562,54,-3,3
1743497043.689656,-85,6,135
1743497043.725656,-53,4,147
1743497043.760656,72,12,153
1743497043.795656,-31,-107,149
1743497043.831656,80,42,207
1743497043.866656,-9,-31,55
1743497043.902656,-43,-7,101
1743497043.9376562,-9,-51,211
1743497043.973656,-63,-10,145
1743497044.008656,-109,-4,85
1743497044.043656,38,-45,83
1743497044.079656,-63,-5,117
1743497044.114656,-15,38,171
1743497044.150656,-71,32,1
1743497044.185656,16,6,101
1743497044.221656,-37,-31,109
1743497044.2566562,-41,36,105
1743497044.291656,4,18,89
1743497044.327656,6,6,55
1743497044.362656,28,26,97
1743497044.398656,-3,2,151
1743497044.433656,4,0,233
1743497044.469656,8,-19,237
1743497044.504656,-43,-75,41
1743497044.5396562,14,58,75
1743497044.575656,18,20,197
1743497044.610656,16,14,95
1743497044.646656,-31,-21,251
1743497044.681656,-43,-20,137
1743497044.717656,36,13,17
1743497044.752656,-51,-20,101
1743497044.787656,-75,-42,-36
1743497044.823656,34,41,191
1743497044.8586562,-3,-29,119
1743497044.894656,-15,-17,241
1743497044.929656,-137,8,195
1743497044.965656,66,-55,177
1743497045.000656,-41,48,145
1743497045.035656,-45,-33,65
1743497045.071656,64,-5,147
1743497045.106656,80,-5,111
1743497045.142656,14,-3,97
1743497045.177656,20,20,61
1743497045.213656,14,18,181
1743497045.248656,72,22,69
1743497045.283656,-19,-19,-32
1743497045.319656,88,68,-10
1743497045.354656,26,-85,69
1743497045.390656,-23,-43,151
1743497045.425656,-41,-23,297
1743497045.461656,22,-71,99
1743497045.496656,30,14,159
1743497045.531656,90,-55,-16
1743497045.567656,-55,32,135
1743497045.602656,-73,22,115
1743497045.638656,103,-45,150
1743497045.673656,-39,-23,58
1743497045.709656,23,-57,8
1743497045.744656,13,44,176
1743497045.7796562,6,22,196
1743497045.815656,0,-133,108
1743497045.850656,-1,-57,122
1743497045.886656,38,74,52
1743497045.921656,-7,14,160
1743497045.957656,52,-5,134
1743497045.992656,66,42,154
1743497046.027656,-5,-41,38
1743497046.063656,32,16,186
1743497046.098656,-28,4,180
1743497046.134656,17,66,152
1743497046.169656,105,56,96
1743497046.205656,-14,18,100
1743497046.240656,3,-21,110
1743497046.275656,95,-2,148
1743497046.311656,73,-34,38
1743497046.346656,77,42,84
1743497046.382656,83,34,82
1743497046.417656,20,3,68
1743497046.453656,14,24,198
1743497046.489656,72,106,104
1743497046.525656,77,-35,142
1743497046.560656,11,-5,68
1743497046.5956562,-16,-61,88
1743497046.6316562,-52,-13,16
1743497046.666656,11,-41,198
1743497046.702656,-70,60,216
1743497046.737656,63,-19,140
1743497046.773656,-46,60,80
1743497046.808656,-18,12,82
1743497046.843656,-66,10,208
1743497046.879656,51,-33,78
1743497046.9146562,-32,-1,88
1743497046.950656,21,14,94
1743497046.985656,-8,-25,222
1743497047.021656,-26,36,20
1743497047.056656,-34,-19,162
1743497047.091656,-18,-11,134
1743497047.127656,17,56,226
1743497047.162656,43,6,38
1743497047.198656,-14,40,248
1743497047.2336562,-114,56,142
1743497047.268656,-50,6,114
1743497047.303656,54,-49,126
1743497047.339656,6,-9,104
1743497047.375656,23,40,106
1743497047.410656,-26,66,138
1743497047.446656,-32,-15,128
1743497047.481656,1,-3,94
1743497047.5166562,13,-17,96
1743497047.551656,-34,14,138
1743497047.587656,17,-109,184
1743497047.623656,21,30,160
1743497047.658656,29,-25,88
1743497047.694656,-20,-19,-19
1743497047.729656,-15,-49,228
1743497047.764656,-21,-29,16
1743497047.7996562,62,12,44
1743497047.8356562,18,16,146
1743497047.871656,-65,0,138
1743497047.906656,-15,0,128
1743497047.942656,-33,60,196
1743497047.977656,22,-5,210
1743497048.012656,-69,46,224
1743497048.047656,10,-71,202
1743497048.083656,6,-7,154
1743497048.119656,-17,-29,136
1743497048.1546562,-5,-15,164
1743497048.190656,-5,12,57
1743497048.225656,-33,-55,71
1743497048.260656,-137,-9,142
1743497048.295656,20,-31,94
1743497048.331656,-99,26,202
1743497048.367656,50,44,222
1743497048.402656,-23,18,158
1743497048.438656,0,-71,196
1743497048.473656,82,66,164
1743497048.508656,-45,-19,142
1743497048.543656,-13,-31,186
1743497048.579656,4,-13,158
1743497048.615656,-55,-29,58
1743497048.650656,-45,-53,228
1743497048.686656,0,-15,128
1743497048.721656,-19,34,126
1743497048.7566562,14,-9,130
1743497048.791656,-21,-29,58
1743497048.827656,10,-35,118
1743497048.863656,92,16,60
1743497048.898656,-49,2,137
1743497048.934656,-13,-7,249
1743497048.969656,30,-27,137
1743497049.004656,20,6,119
1743497049.0396562,-63,-15,55
1743497049.075656,-31,10,187
1743497049.111656,18,24,191
1743497049.146656,-17,-37,163
1743497049.182656,12,-34,127
1743497049.217656,-7,21,69
1743497049.252656,16,-28,163
1743497049.287656,8,31,107
1743497049.323656,-89,131,169
1743497049.359656,2,-20,13
1743497049.394656,-53,-32,99
1743497049.430656,40,-20,99
1743497049.465656,10,23,218
1743497049.500656,24,-22,140
1743497049.535656,-19,13,38
1743497049.571656,-7,39,114
1743497049.607656,48,17,164
1743497049.642656,32,55,114
1743497049.678656,24,0,156
1743497049.713656,-29,-48,114
1743497049.748656,-25,27,110
1743497049.783656,102,-12,24
1743497049.819656,-3,12,258
1743497049.855656,-40,-3,38
1743497049.890656,-56,30,148
1743497049.926656,6,55,116
1743497049.961656,22,0,106
1743497049.996656,-9,-20,62
1743497050.031656,2,16,55
1743497050.067656,42,-31,43
1743497050.103656,26,-79,239
1743497050.138656,-11,-101,121
1743497050.1746562,14,-37,172
1743497050.209656,-45,78,176
1743497050.244656,44,26,129
1743497050.2796562,98,34,143
1743497050.315656,-43,96,149
1743497050.351656,-85,0,242
1743497050.386656,16,10,78
1743497050.422656,68,4,184
1743497050.457656,-5,46,52
1743497050.492656,-27,46,200
1743497050.527656,6,-39,164
1743497050.563656,-21,-7,180
1743497050.599656,13,-3,-23
1743497050.634656,-79,0,104
1743497050.670656,25,-19,180
1743497050.705656,67,-21,80
1743497050.740656,-4,-21,141
1743497050.775656,-6,8,175
1743497050.811656,41,-3,85
1743497050.847656,-10,-9,85
1743497050.882656,-6,-59,11
1743497050.918656,9,-13,107
1743497050.953656,11,6,175
1743497050.988656,-60,26,103
1743497051.023656,15,-13,203
1743497051.059656,-52,50,149
1743497051.0956562,-6,76,119
1743497051.130656,-60,30,77
1743497051.166656,55,36,83
1743497051.201656,18,16,57
1743497051.236656,91,-46,227
1743497051.271656,-23,119,241
1743497051.307656,26,-104,73
1743497051.343656,-87,-44,135
1743497051.378656,59,3,169
1743497051.4146562,82,1,51
1743497051.449656,23,9,189
1743497051.484656,30,-18,169
1743497051.519656,62,17,47
1743497051.555656,22,3,195
1743497051.591656,16,23,83
1743497051.626656,-27,-38,171
1743497051.662656,-25,71,47
1743497051.6976562,16,7,-2
1743497051.732656,-21,53,123
1743497051.767656,-1,37,119
1743497051.803656,68,-30,73
1743497051.839656,42,-34,-12
1743497051.874656,50,-72,159
1743497051.910656,10,-54,117
1743497051.945656,-49,0,-4
1743497051.980656,-57,-60,111
1743497052.015656,99,-62,95
1743497052.051656,12,-8,141
1743497052.087656,52,29,103
1743497052.122656,-31,25,169
1743497052.158656,-21,-72,175
1743497052.193656,-49,3,83
1743497052.228656,52,-70,125
1743497052.263656,14,11,205
1743497052.2996562,18,55,129
1743497052.3356562,-9,-30,15
1743497052.370656,22,-36,135
1743497052.406656,68,85,193
1743497052.441656,-73,-16,77
1743497052.476656,44,-18,-2
1743497052.511656,-19,43,121
1743497052.547656,-37,45,151
1743497052.583656,-67,-26,-46
1743497052.6186562,-3,21,103
1743497052.6546562,-37,5,77
1743497052.689656,-17,57,5
1743497052.724656,-81,59,211
1743497052.759656,46,-34,101
1743497052.795656,64,35,15
1743497052.831656,-9,-10,211
1743497052.866656,14,-24,221
1743497052.902656,-61,39,123
1743497052.944656,-27,-14,77
1743497052.980656,-37,5,149
1743497053.015656,78,22,127
1743497053.051656,-31,-63,129
1743497053.087656,34,-5,145
1743497053.122656,-17,12,65
1743497053.158656,-15,-37,173
1743497053.193656,-11,-1,193
1743497053.228656,-15,-33,207
1743497053.264656,-23,12,139
1743497053.2996562,-23,57,91
1743497053.3356562,-35,-48,175
1743497053.370656,24,6,123
1743497053.406656,-23,-67,67
1743497053.441656,-43,-30,203
1743497053.476656,46,-80,153
1743497053.512656,-13,57,161
1743497053.547656,-47,-54,181
1743497053.583656,-61,97,147
1743497053.6186562,18,-24,37
1743497053.6546562,27,31,141
1743497053.689656,-14,-22,99
1743497053.724656,-56,-58,89
1743497053.760656,-57,25,97
1743497053.795656,40,-38,305
1743497053.831656,-9,15,-10
1743497053.866656,92,-40,53
1743497053.902656,-135,13,107
1743497053.9376562,-27,-7,275
1743497053.972656,-18,60,163
1743497054.008656,-19,30,195
1743497054.043656,-31,-9,227
1743497054.079656,40,6,-22
1743497054.114656,26,-20,147
1743497054.150656,76,-21,149
1743497054.185656,-67,-23,287
1743497054.2206562,-57,80,67
1743497054.2566562,108,-43,183
1743497054.291656,-71,-19,123
1743497054.327656,-107,-5,169
1743497054.362656,22,0,197
1743497054.398656,-7,16,111
1743497054.433656,-119,4,107
1743497054.468656,100,74,181
1743497054.504656,-125,60,167
1743497054.5396562,86,16,99
1743497054.575656,12,72,105
1743497054.610656,46,-55,35
1743497054.646656,70,36,75
1743497054.681656,2,8,155
1743497054.716656,48,-21,67
1743497054.752656,-32,-13,61
1743497054.787656,46,-31,63
1743497054.823656,-79,2,125
1743497054.8586562,-27,-29,145
1743497054.894656,50,38,69
1743497054.929656,6,-75,93
1743497054.964656,56,128,135
1743497055.000656,20,-25,89
1743497055.035656,10,-13,121
1743497055.071656,-35,58,137
1743497055.106656,20,24,139
1743497055.142656,-7,-17,107
1743497055.177656,64,-13,77
1743497055.212656,-13,-25,253
1743497055.248656,-81,12,219
1743497055.283656,42,12,169
1743497055.319656,6,-41,95
1743497055.354656,96,26,151
1743497055.390656,13,4,63
1743497055.425656,-18,14,257
1743497055.4606562,34,2,163
1743497055.496656,66,-65,29
1743497055.531656,30,-59,207
1743497055.567656,32,39,191
1743497055.602656,-37,-14,129
1743497055.638656,-63,22,149
1743497055.673656,38,20,35
1743497055.708656,-7,24,241
1743497055.744656,66,17,178
1743497055.7796562,-11,-14,94
1743497055.815656,-53,69,260
1743497055.850656,-61,48,8
1743497055.886656,-47,-3,130
1743497055.921656,20,-28,26
1743497055.956656,-5,-23,104
1743497055.992656,52,-21,68
1743497056.027656,34,-17,70
1743497056.063656,-57,13,156
1743497056.098656,0,-56,-19
1743497056.134656,-42,-76,102
1743497056.169656,-39,1,60
1743497056.204656,-19,27,126
1743497056.240656,46,-74,16
1743497056.275656,6,-6,82
1743497056.311656,0,49,214
1743497056.346656,-13,-30,142
1743497056.382656,-59,-24,48
1743497056.417656,62,-16,48
1743497056.452656,-40,11,202
1743497056.488656,0,15,172
1743497056.523656,8,19,-59
1743497056.559656,-50,8,120
1743497056.594656,49,5,58
1743497056.630656,113,3,116
1743497056.666656,77,-5,22
1743497056.702656,29,46,-35
1743497056.738656,4,-45,128
1743497056.774656,67,-67,82
1743497056.810656,19,-47,76
1743497056.8456562,5,-68,160
1743497056.880656,-44,-8,88
1743497056.916656,33,-66,162
1743497056.952656,-54,52,124
1743497056.987656,-2,-56,200
1743497057.023656,-55,12,134
1743497057.058656,16,-39,120
1743497057.093656,-35,10,176
1743497057.128656,32,-31,182
1743497057.1646562,40,-27,74
1743497057.200656,26,40,62
1743497057.235656,32,34,11
1743497057.271656,-32,39,85
1743497057.306656,-51,28,155
1743497057.341656,10,8,101
1743497057.376656,58,46,17
1743497057.412656,-87,-107,235
1743497057.448656,30,0,157
1743497057.4836562,-42,-97,41
1743497057.519656,33,12,129
1743497057.554656,13,-17,111
1743497057.589656,81,38,233
1743497057.624656,3,-41,255
1743497057.660656,-42,20,185
1743497057.696656,15,-11,145
1743497057.731656,49,26,41
1743497057.767656,17,20,71
1743497057.802656,-62,-35,185
1743497057.837656,-28,-67,267
1743497057.872656,99,-13,161
1743497057.908656,-84,6,149
1743497057.944656,-6,46,251
1743497057.979656,73,-43,27
1743497058.015656,31,-19,181
1743497058.050656,-18,11,187
1743497058.0856562,0,-24,137
1743497058.120656,-72,-80,139
1743497058.156656,35,50,253
1743497058.192656,-37,-47,73
1743497058.227656,-75,20,149
1743497058.263656,-15,12,87
1743497058.298656,20,-7,149
1743497058.333656,-127,-1,-26
1743497058.3686562,-21,76,91
1743497058.4046562,14,50,135
1743497058.440656,-29,-81,19
1743497058.475656,56,-7,93
1743497058.511656,-23,-23,131
1743497058.546656,-49,44,47
1743497058.581656,-49,6,231
1743497058.616656,32,-95,167
1743497058.652656,-39,-1,149
1743497058.688656,40,18,123
1743497058.723656,-11,-9,265
1743497058.759656,120,4,107
1743497058.794656,18,-5,115
1743497058.829656,-1,-33,67
1743497058.864656,-67,-31,75
1743497058.900656,-15,30,105
1743497058.936656,36,29,141
1743497058.971656,-7,-20,197
1743497059.007656,-135,96,157
1743497059.042656,-56,43,203
1743497059.077656,0,-14,71
1743497059.112656,-3,61,269
1743497059.148656,26,-6,61
1743497059.184656,40,16,179
1743497059.219656,78,-12,21
1743497059.255656,6,-82,223
1743497059.290656,22,-51,119
1743497059.325656,4,-23,169
1743497059.360656,46,16,211
1743497059.396656,8,-1,91
1743497059.432656,-1,-15,-50
1743497059.467656,12,56,273
1743497059.503656,-65,-45,137
1743497059.538656,-107,46,213
1743497059.573656,99,-49,223
1743497059.6086562,45,-93,61
1743497059.644656,21,-43,67
1743497059.680656,-11,32,147
1743497059.715656,86,-27,149
1743497059.751656,-19,32,81
1743497059.786656,4,-5,105
1743497059.821656,-20,26,117
1743497059.856656,-76,-15,25
1743497059.892656,-22,28,89
1743497059.928656,47,-33,183
1743497059.963656,-42,16,131
1743497059.999656,-2,8,169
1743497060.034656,-30,-49,119
1743497060.069656,0,-27,85
1743497060.104656,-123,44,171
1743497060.140656,-51,4,293
1743497060.176656,14,-27,85
1743497060.211656,-47,36,83
1743497060.247656,-93,-17,43
1743497060.282656,-55,24,131
1743497060.317656,-3,26,237
1743497060.352656,18,36,147
1743497060.388656,14,52,153
1743497060.4246562,-45,-11,245
1743497060.459656,-45,8,89
1743497060.495656,8,46,0
1743497060.530656,-21,-17,263
1743497060.565656,-21,-51,187
1743497060.600656,-35,22,-12
1743497060.636656,88,-7,269
1743497060.672656,46,-13,133
1743497060.707656,-19,36,115
1743497060.7436562,-5,-49,147
1743497060.778656,68,36,211
1743497060.813656,0,98,145
1743497060.848656,40,-79,135
1743497060.884656,-55,18,27
1743497060.920656,28,-31,71
1743497060.955656,58,-1,123
1743497060.991656,-7,4,69
1743497061.0266562,-39,18,177
1743497061.061656,-15,-17,131
1743497061.096656,-35,53,141
1743497061.132656,-21,53,47
1743497061.168656,54,-15,99
1743497061.203656,16,-63,207
1743497061.239656,-3,34,149
1743497061.274656,-17,29,119
1743497061.309656,-27,36,131
1743497061.344656,-3,2,133
1743497061.380656,8,26,177
1743497061.416656,-21,-11,153
1743497061.451656,28,-37,193
1743497061.487656,98,60,221
1743497061.522656,2,-21,113
1743497061.557656,-85,-33,141
1743497061.592656,-5,48,83
1743497061.628656,18,-35,125
1743497061.6646562,-33,8,173
1743497061.699656,32,-5,225
1743497061.735656,56,-31,133
1743497061.770656,-37,16,157
1743497061.805656,22,81,-24
1743497061.840656,-5,-22,93
1743497061.876656,-25,-36,165
1743497061.912656,70,1,183
1743497061.9476562,-63,48,141
1743497061.9836562,40,-49,131
1743497062.018656,-27,-7,51
1743497062.053656,44,-59,71
1743497062.088656,-23,6,283
1743497062.124656,40,14,3
1743497062.160656,38,32,37
1743497062.195656,76,-25,45
1743497062.231656,42,44,125
1743497062.2666562,-53,-57,112
1743497062.301656,60,32,136
1743497062.336656,-121,6,216
1743497062.372656,14,22,146
1743497062.408656,-11,54,100
1743497062.443656,37,-47,84
1743497062.479656,-29,-31,76
1743497062.514656,16,22,-29
1743497062.5496562,-51,-25,186
1743497062.584656,74,-42,62
1743497062.620656,-29,3,52
1743497062.656656,12,1,122
1743497062.691656,8,15,152
1743497062.727656,-19,9,24
1743497062.762656,-17,15,14
1743497062.797656,-36,35,66
1743497062.833656,27,-18,66
1743497062.8686562,-26,26,138
1743497062.9046562,29,-13,70
1743497062.946656,-68,-29,138
1743497062.9836562,-28,50,48
1743497063.018656,27,80,148
1743497063.053656,-48,18,134
1743497063.089656,13,72,126
1743497063.124656,-10,34,102
1743497063.160656,25,-24,130
1743497063.195656,-30,-44,172
1743497063.231656,35,-27,190
1743497063.2666562,57,-65,74
1743497063.301656,-8,-63,174
1743497063.337656,-87,2,220
1743497063.372656,30,-30,214
1743497063.408656,42,-52,52
1743497063.443656,-13,-46,134
1743497063.479656,-137,1,162
1743497063.514656,54,12,52
1743497063.5496562,-95,61,190
1743497063.5856562,-15,-10,220
1743497063.620656,28,-8,170
1743497063.656656,-55,68,224
1743497063.691656,92,-21,204
1743497063.727656,-5,-34,180
1743497063.762656,6,-55,122
1743497063.797656,-73,-11,194
1743497063.833656,-87,-41,56
1743497063.8686562,-29,44,100
1743497063.9046562,52,-5,176
1743497063.939656,-79,68,130
1743497063.975656,4,-17,-79
1743497064.010656,-1,-11,236
1743497064.045656,66,26,98
1743497064.081656,46,-17,108
1743497064.116656,-29,-31,108
1743497064.152656,-133,-11,206
1743497064.1876562,-57,-13,138
1743497064.223656,-1,-39,18
1743497064.258656,38,-19,210
1743497064.293656,6,-75,106
1743497064.329656,14,56,66
1743497064.364656,-29,-55,132
1743497064.400656,-41,-3,124
1743497064.435656,-113,-9,164
1743497064.471656,-67,46,156
1743497064.5066562,-5,0,64
1743497064.541656,8,-1,188
1743497064.577656,-41,-51,146
1743497064.612656,-55,-7,-35
1743497064.648656,68,-17,108
1743497064.683656,22,-15,174
1743497064.719656,-54,-17,102
1743497064.754656,-9,-43,164
1743497064.7896562,74,22,76
1743497064.825656,-13,-6,94
1743497064.860656,14,23,92
1743497064.896656,34,-14,34
1743497064.931656,-17,-74,88
1743497064.967656,54,29,66
1743497065.002656,34,-58,88
1743497065.037656,46,15,78
1743497065.073656,14,-62,100
1743497065.1086562,70,-108,148
1743497065.144656,28,-40,110
1743497065.179656,-3,-70,22
1743497065.215656,40,-10,138
1743497065.250656,-31,-36,140
1743497065.285656,-7,-17,56
1743497065.321656,16,-9,154
1743497065.356656,46,8,166
1743497065.392656,-53,6,118
1743497065.427656,28,-59,256
1743497065.463656,-39,-69,-19
1743497065.498656,-27,26,248
1743497065.533656,52,-13,158
1743497065.569656,10,-43,216
1743497065.604656,18,60,-45
1743497065.640656,114,28,122
1743497065.675656,-115,-58,100
1743497065.711656,72,82,156
1743497065.746656,32,-15,290
1743497065.781656,36,6,40
1743497065.817656,-17,-13,210
1743497065.852656,0,95,140
1743497065.888656,-1,-3,192
1743497065.923656,-27,35,44
1743497065.959656,-77,16,96
1743497065.994656,30,14,70
1743497066.0296562,58,-5,22
1743497066.065656,16,48,98
1743497066.100656,-25,28,206
1743497066.136656,-3,61,176
1743497066.171656,-3,-27,168
1743497066.207656,-41,42,116
1743497066.2436562,96,28,140
1743497066.2796562,-39,46,102
1743497066.315656,-35,31,134
1743497066.350656,-1,-5,128
1743497066.385656,-11,-49,248
1743497066.421656,-101,-47,86
1743497066.457656,-9,58,49
1743497066.492656,48,14,73
1743497066.528656,64,82,91
1743497066.563656,-19,-15,73
1743497066.598656,-21,44,137
1743497066.633656,-67,-8,185
1743497066.669656,42,-38,95
1743497066.705656,-61,45,223
1743497066.740656,28,-36,213
1743497066.7766562,30,3,139
1743497066.811656,-19,1,95
1743497066.846656,-7,-30,157
1743497066.8816562,12,1,167
1743497066.917656,-40,37,91
1743497066.953656,-55,7,153
1743497066.988656,69,-11,281
1743497067.024656,-56,94,187
1743497067.059656,29,31,123
1743497067.094656,-66,20,163
1743497067.129656,-8,39,-54
1743497067.165656,55,87,163
1743497067.201656,15,-64,203
1743497067.236656,43,59,241
1743497067.272656,19,29,151
1743497067.307656,-8,-33,139
1743497067.342656,15,-29,91
1743497067.377656,69,-11,13
1743497067.413656,-26,55,65
1743497067.449656,26,52,79
1743497067.484656,-101,44,139
1743497067.520656,-47,24,139
1743497067.555656,6,18,141
1743497067.590656,2,-63,79
1743497067.625656,48,-35,127
1743497067.661656,2,-59,149
1743497067.6976562,-17,-7,183
1743497067.732656,-19,30,117
1743497067.768656,0,-25,135
1743497067.803656,26,36,241
1743497067.838656,98,-41,249
1743497067.873656,-41,40,135
1743497067.909656,-11,10,77
1743497067.945656,60,-61,71
1743497067.980656,-45,-5,213
1743497068.0166562,-51,-59,181
1743497068.051656,52,54,223
1743497068.086656,-9,-67,197
1743497068.121656,70,62,109
1743497068.157656,-97,10,113
1743497068.193656,28,-33,185
1743497068.228656,-45,0,145
1743497068.264656,20,-5,147
1743497068.2996562,-13,82,145
1743497068.334656,0,-9,27
1743497068.369656,8,14,151
1743497068.405656,36,54,159
1743497068.441656,-45,54,197
1743497068.476656,4,-23,129
1743497068.512656,-19,76,128
1743497068.547656,-41,-27,176
1743497068.582656,48,4,46
1743497068.617656,-33,2,128
1743497068.653656,34,2,138
1743497068.689656,18,4,102
1743497068.724656,-65,40,208
1743497068.760656,-33,36,112
1743497068.795656,-31,38,116
1743497068.830656,20,20,206
1743497068.865656,-1,-49,108
1743497068.9016562,-87,-20,74
1743497068.9376562,-73,-11,-1
1743497068.972656,24,-21,170
1743497069.008656,40,24,110
1743497069.043656,12,-57,74
1743497069.078656,-25,-47,106
1743497069.113656,28,-67,66
1743497069.149656,18,28,202
1743497069.185656,-31,-37,146
1743497069.2206562,36,12,30
1743497069.2566562,10,94,110
1743497069.291656,48,49,26
1743497069.326656,26,4,28
1743497069.361656,-61,49,32
1743497069.397656,12,-42,10
1743497069.433656,8,17,132
1743497069.468656,34,-17,92
1743497069.504656,-49,64,224
1743497069.5396562,-67,41,108
1743497069.574656,-3,-4,206
1743497069.609656,16,-3,80
1743497069.645656,-25,-15,172
1743497069.681656,-37,-20,-19
1743497069.716656,60,-72,98
1743497069.752656,12,-30,136
1743497069.787656,-27,-70,68
1743497069.8226562,64,-20,184
1743497069.857656,60,-14,136
1743497069.893656,8,29,77
1743497069.929656,30,-43,255
1743497069.964656,102,58,127
1743497070.000656,48,-19,180
1743497070.035656,60,-60,207
1743497070.070656,30,-29,5
1743497070.105656,-39,34,105
1743497070.1416562,62,-14,127
1743497070.177656,40,-34,165
1743497070.212656,-33,-16,135
1743497070.248656,4,14,111
1743497070.283656,-39,4,223
1743497070.318656,32,-12,39
1743497070.353656,38,-50,63
1743497070.389656,-13,-10,81
1743497070.425656,44,71,61
1743497070.4606562,-3,45,107
1743497070.496656,-23,-2,267
1743497070.531656,-25,-9,95
1743497070.566656,10,43,85
1743497070.601656,-59,41,103
1743497070.637656,52,-52,209
1743497070.673656,22,-54,147
1743497070.708656,-89,-30,221
1743497070.744656,-61,25,153
1743497070.7796562,-33,45,21
1743497070.814656,30,59,19
1743497070.849656,22,-39,139
1743497070.885656,20,-49,73
1743497070.921656,8,-57,135
1743497070.956656,-49,-13,195
1743497070.992656,0,-35,45
1743497071.027656,20,32,65
1743497071.0626562,18,12,277
1743497071.097656,10,42,229
1743497071.133656,34,-63,87
1743497071.169656,24,6,183
1743497071.204656,-55,-11,133
1743497071.240656,-9,18,217
1743497071.275656,-11,-55,189
1743497071.310656,62,-7,189
1743497071.3456562,30,-59,-60
1743497071.3816562,28,-13,101
1743497071.417656,16,-25,91
1743497071.452656,-71,-17,229
1743497071.488656,-47,-7,237
1743497071.523656,24,-49,117
1743497071.558656,62,-35,139
1743497071.593656,-23,-49,117
1743497071.629656,52,14,137
1743497071.665656,-79,18,75
1743497071.700656,34,14,193
1743497071.736656,-69,10,163
1743497071.771656,-45,0,135
1743497071.806656,-21,58,71
1743497071.841656,20,-45,135
1743497071.877656,-85,14,231
1743497071.913656,-9,2,247
1743497071.948656,-59,44,23
1743497071.984656,-19,-87,91
1743497072.019656,-63,0,85
1743497072.054656,-41,12,109
1743497072.089656,52,20,201
1743497072.125656,54,-43,49
1743497072.161656,34,14,115
1743497072.196656,6,6,167
1743497072.232656,36,6,207
1743497072.267656,14,-11,125
1743497072.302656,-39,-36,61
1743497072.338656,8,62,55
1743497072.373656,-45,-95,107
1743497072.409656,52,-49,21
1743497072.444656,-53,4,89
1743497072.480656,60,28,69
1743497072.515656,-59,38,169
1743497072.550656,72,6,183
1743497072.586656,14,14,111
1743497072.621656,-79,70,181
1743497072.657656,72,34,215
1743497072.692656,40,-23,105
1743497072.728656,12,-53,169
1743497072.763656,-39,-51,155
1743497072.798656,-3,48,221
1743497072.834656,80,24,213
1743497072.869656,-23,2,247
1743497072.905656,44,-49,121
1743497072.9476562,-37,-35,167
1743497072.984656,46,12,179
1743497073.019656,-3,-43,107
1743497073.054656,0,8,99
1743497073.090656,-27,80,65
1743497073.125656,-57,-23,181
1743497073.161656,-53,16,35
1743497073.196656,36,2,219
1743497073.232656,26,-82,281
1743497073.267656,4,0,163
1743497073.302656,36,2,279
1743497073.338656,44,-59,91
1743497073.373656,0,-17,221
1743497073.409656,30,20,43
1743497073.444656,36,44,69
1743497073.480656,-91,44,159
1743497073.515656,12,-37,113
1743497073.550656,-43,58,239
1743497073.586656,-35,-11,139
1743497073.621656,2,-45,89
1743497073.657656,-15,-5,5
1743497073.692656,-3,-1,11
1743497073.728656,48,52,223
1743497073.763656,-39,-29,109
1743497073.798656,36,54,137
1743497073.834656,92,34,99
1743497073.869656,60,10,169
1743497073.905656,-5,-1,119
1743497073.940656,-1,54,67
1743497073.976656,-71,-21,77
1743497074.011656,4,-19,155
1743497074.046656,-39,30,67
1743497074.082656,30,-43,213
1743497074.117656,4,-17,167
1743497074.153656,-91,76,33
1743497074.188656,88,-43,135
1743497074.224656,-93,44,215
1743497074.259656,42,-3,223
1743497074.294656,40,52,139
1743497074.330656,-1,-1,118
1743497074.365656,-49,-83,38
1743497074.4016562,-41,-65,138
1743497074.436656,10,-3,108
1743497074.472656,4,4,116
1743497074.507656,88,-19,164
1743497074.542656,4,-5,174
1743497074.578656,4,24,184
1743497074.613656,20,2,-1
1743497074.649656,-3,30,146
1743497074.684656,-58,-9,66
1743497074.7206562,14,34,78
1743497074.755656,42,-3,144
1743497074.790656,20,54,156
1743497074.826656,-31,66,230
1743497074.861656,64,24,-13
1743497074.897656,96,-31,80
1743497074.932656,26,-13,164
1743497074.968656,-17,-41,198
1743497075.003656,-3,-79,86
1743497075.040656,-15,-5,142
1743497075.075656,62,-25,162
1743497075.110656,3,51,166
1743497075.146656,-37,50,120
1743497075.181656,34,-85,62
1743497075.217656,52,62,98
1743497075.252656,-7,-3,150
1743497075.288656,56,46,98
1743497075.323656,-167,-41,18
1743497075.3586562,4,-7,186
1743497075.394656,-13,36,-11
1743497075.429656,-21,54,148
1743497075.465656,-43,50,206
1743497075.500656,6,32,232
1743497075.536656,60,5,146
1743497075.5726562,-25,1,222
1743497075.6086562,18,-2,144
1743497075.643656,-35,5,132
1743497075.678656,-33,5,82
1743497075.714656,-41,33,78
1743497075.749656,8,-38,118
1743497075.785656,0,-34,82
1743497075.820656,-11,-32,162
1743497075.855656,10,-44,10
1743497075.890656,-7,93,170
1743497075.926656,-19,13,244
1743497075.962656,66,63,102
1743497075.997656,-39,-16,158
1743497076.033656,-17,47,132
1743497076.068656,-3,-12,100
1743497076.103656,-43,-32,172
1743497076.138656,-45,35,184
1743497076.1746562,-95,-68,194
1743497076.2106562,-53,-14,136
1743497076.245656,-57,61,166
1743497076.281656,-91,-41,212
1743497076.316656,-35,1,66
1743497076.351656,-37,45,168
1743497076.386656,42,4,222
1743497076.422656,-29,-37,160
1743497076.458656,2,50,168
1743497076.4936562,-15,4,168
1743497076.5296562,-29,-71,222
1743497076.564656,38,-29,138
1743497076.599656,76,66,116
1743497076.634656,8,48,62
1743497076.670656,-51,-15,152
1743497076.706656,-39,-19,96
1743497076.741656,-15,-15,176
1743497076.777656,38,18,156
1743497076.8126562,-58,12,201
1743497076.847656,-51,-31,223
1743497076.882656,88,20,189
1743497076.918656,-69,21,75
1743497076.954656,8,-60,121
1743497076.989656,-61,0,213
1743497077.025656,40,48,227
1743497077.060656,-53,-39,107
1743497077.0956562,50,6,147
1743497077.130656,88,-13,137
1743497077.166656,4,32,85
1743497077.202656,30,-21,117
1743497077.237656,44,32,79
1743497077.273656,52,-15,145
1743497077.308656,76,-23,153
1743497077.343656,24,26,83
1743497077.378656,16,50,143
1743497077.4146562,-45,-91,253
1743497077.450656,-45,4,83
1743497077.485656,18,-1,121
1743497077.521656,-41,86,125
1743497077.556656,14,18,173
1743497077.591656,8,-109,79
1743497077.626656,20,0,115
1743497077.662656,-5,4,129
1743497077.698656,0,-21,141
1743497077.7336562,-27,-23,111
1743497077.769656,70,-11,179
1743497077.804656,-1,35,79
1743497077.839656,-19,-19,63
1743497077.874656,-35,62,159
1743497077.910656,8,69,259
1743497077.946656,72,23,135
1743497077.981656,100,35,195
1743497078.017656,-11,1,133
1743497078.052656,-33,-36,107
1743497078.087656,-41,9,43
1743497078.122656,22,-60,125
1743497078.158656,-55,5,147
1743497078.194656,-73,45,165
1743497078.229656,40,62,65
1743497078.265656,-7,-13,127
1743497078.300656,2,28,113
1743497078.3356562,-23,-62,91
1743497078.370656,-73,58,85
1743497078.406656,0,-15,151
1743497078.442656,-37,-7,92
1743497078.477656,-67,0,144
1743497078.513656,-5,-7,152
1743497078.548656,-99,-17,104
1743497078.583656,-33,22,140
1743497078.6186562,106,-71,142
1743497078.6546562,4,-7,198
1743497078.690656,8,-17,196
1743497078.725656,-119,38,244
1743497078.761656,62,-3,168
1743497078.796656,-39,12,54
1743497078.831656,10,-15,134
1743497078.866656,52,-1,210
1743497078.902656,-23,-37,156
1743497078.938656,-47,-51,158
1743497078.973656,92,-11,172
1743497079.009656,-79,48,194
1743497079.044656,96,-16,110
1743497079.079656,-77,0,204
1743497079.114656,58,-54,184
1743497079.150656,26,9,282
1743497079.186656,-28,7,222
1743497079.221656,7,-20,194
1743497079.257656,16,-55,76
1743497079.292656,-49,8,98
1743497079.327656,4,28,128
1743497079.362656,-15,-45,174
1743497079.398656,38,22,164
1743497079.434656,8,-57,-35
1743497079.469656,34,-15,70
1743497079.505656,-51,-29,0
1743497079.540656,-27,-63,38
1743497079.575656,6,-3,70
1743497079.610656,24,-41,136
1743497079.646656,20,0,80
1743497079.682656,-29,-17,180
1743497079.717656,24,18,122
1743497079.753656,66,8,130
1743497079.788656,-100,-24,78
1743497079.823656,-47,-87,138
1743497079.8586562,-61,28,60
1743497079.894656,0,-9,178
1743497079.930656,20,-65,228
1743497079.965656,-23,-27,80
1743497080.001656,-17,32,208
1743497080.036656,-10,-5,172
1743497080.071656,19,-63,104
1743497080.106656,25,76,102
1743497080.142656,-22,-61,136
1743497080.178656,35,-9,162
1743497080.213656,-38,24,124
1743497080.249656,71,-1,118
1743497080.284656,61,62,126
1743497080.319656,-16,24,90
1743497080.354656,-42,28,172
1743497080.390656,-28,-21,212
1743497080.426656,3,-51,150
1743497080.461656,23,36,152
1743497080.497656,65,8,74
1743497080.532656,27,-11,12
1743497080.567656,59,-47,166
1743497080.602656,25,-25,136
1743497080.638656,5,44,106
1743497080.6746562,-104,30,172
1743497080.709656,-42,-63,14
1743497080.745656,-18,0,-3
1743497080.780656,-92,22,120
1743497080.815656,39,50,16
1743497080.850656,-8,-17,136
1743497080.886656,33,33,158
1743497080.922656,-16,55,104
1743497080.957656,-8,15,230
1743497080.9936562,-40,13,176
1743497081.028656,1,-64,100
1743497081.063656,23,-54,120
1743497081.098656,31,5,100
1743497081.134656,13,33,126
1743497081.170656,-10,-56,96
1743497081.205656,-62,-16,260
1743497081.241656,11,65,18
1743497081.2766562,47,-72,164
1743497081.311656,-48,41,74
1743497081.346656,-68,3,136
1743497081.382656,17,-12,112
1743497081.418656,91,41,50
1743497081.453656,-102,41,94
1743497081.489656,-24,1,146
1743497081.524656,-2,-72,46
1743497081.559656,-10,17,15
1743497081.594656,-10,37,73
1743497081.630656,107,-14,79
1743497081.666656,17,47,203
1743497081.701656,41,-68,51
1743497081.737656,5,0,125
1743497081.772656,-24,21,139
1743497081.807656,5,-6,153
1743497081.843656,10,-2,147
1743497081.878656,-59,9,71
1743497081.9146562,32,23,31
1743497081.949656,-29,65,149
1743497081.985656,10,-33,177
1743497082.020656,-19,-30,161
1743497082.055656,-67,10,107
1743497082.091656,-33,-11,189
1743497082.126656,74,52,171
1743497082.162656,14,6,165
1743497082.1976562,68,38,29
1743497082.2336562,28,-33,149
1743497082.268656,74,-1,63
1743497082.303656,6,22,47
1743497082.339656,-11,64,139
1743497082.374656,24,-29,43
1743497082.410656,84,6,187
1743497082.445656,16,-37,103
1743497082.481656,24,-57,171
1743497082.5166562,30,30,187
1743497082.551656,-65,-37,137
1743497082.587656,-19,42,43
1743497082.622656,-23,-7,239
1743497082.658656,-33,24,145
1743497082.693656,-33,2,71
1743497082.729656,30,-117,41
1743497082.764656,-11,-7,121
1743497082.7996562,14,-23,123
1743497082.8356562,-1,12,13
1743497082.870656,98,-3,179
1743497082.906656,100,12,185
1743497082.948656,-17,14,135
1743497082.985656,-18,54,95
1743497083.020656,-26,-3,89
1743497083.055656,50,-61,-12
1743497083.091656,-39,-55,153
1743497083.126656,46,6,29
1743497083.162656,130,-19,43
1743497083.1976562,20,-7,99
1743497083.2336562,98,-23,49
1743497083.268656,-15,24,123
1743497083.303656,74,-59,183
1743497083.339656,44,-17,63
1743497083.374656,66,-33,173
1743497083.410656,44,24,103
1743497083.445656,64,-1,31
1743497083.481656,-33,10,89
1743497083.5166562,22,-49,179
1743497083.551656,-67,-5,257
1743497083.587656,126,-3,21
1743497083.622656,-23,-39,123
1743497083.658656,-33,30,89
1743497083.693656,-13,10,157
1743497083.729656,32,38,159
1743497083.764656,-39,-33,185
1743497083.7996562,-27,-61,131
1743497083.8356562,-9,0,159
1743497083.870656,-39,12,131
1743497083.906656,26,32,155
1743497083.941656,26,-9,153
1743497083.977656,-45,-27,195
1743497084.012656,88,-35,103
1743497084.047656,-19,50,163
1743497084.083656,56,-27,63
1743497084.1186562,10,-33,59
1743497084.1546562,-15,62,29
1743497084.189656,-83,16,254
1743497084.225656,4,-53,114
1743497084.260656,-11,24,156
1743497084.295656,-27,-33,120
1743497084.331656,30,-59,50
1743497084.366656,30,-17,186
1743497084.402656,-17,20,236
1743497084.4376562,26,44,128
1743497084.473656,10,-47,78
1743497084.508656,-99,-7,88
1743497084.543656,-63,48,76
1743497084.579656,28,-53,116
1743497084.614656,38,-33,-43
1743497084.650656,-5,-13,122
1743497084.685656,-38,-57,202
1743497084.721656,53,-19,90
1743497084.7566562,29,0,70
1743497084.791656,11,-25,252
1743497084.827656,3,32,140
1743497084.862656,-38,-29,216
1743497084.898656,43,-17,198
1743497084.933656,95,-29,212
1743497084.969656,-50,-33,104
1743497085.004656,-14,20,174
1743497085.0396562,-32,8,164
1743497085.075656,-40,4,92
1743497085.110656,-76,-5,162
1743497085.146656,-4,-41,166
1743497085.181656,13,-91,152
1743497085.217656,-62,-65,68
1743497085.253656,-14,-29,128
1743497085.2896562,-16,-49,74
1743497085.325656,0,-21,110
1743497085.360656,73,-74,92
1743497085.395656,25,-30,86
1743497085.431656,57,9,-1
1743497085.467656,55,-68,64
1743497085.502656,69,-90,104
1743497085.538656,-116,47,78
1743497085.573656,17,49,184
1743497085.6086562,-22,-26,172
1743497085.643656,-5,2,160
1743497085.679656,-5,0,62
1743497085.715656,-43,18,149
1743497085.750656,-49,-71,76
1743497085.786656,8,-55,226
1743497085.821656,3,-57,168
1743497085.856656,-51,54,220
1743497085.8916562,12,18,122
1743497085.927656,36,28,162
1743497085.963656,34,-15,165
1743497085.998656,38,-43,139
1743497086.034656,-49,-27,120
1743497086.069656,-13,50,214
1743497086.104656,48,24,96
1743497086.139656,42,-17,152
1743497086.175656,42,-1,154
1743497086.211656,-3,-1,162
1743497086.246656,66,42,206
1743497086.282656,30,-22,44
1743497086.317656,16,-64,148
1743497086.352656,14,-31,176
1743497086.387656,-27,-42,206
1743497086.423656,64,31,128
1743497086.459656,-23,-6,162
1743497086.494656,61,-30,300
1743497086.530656,-18,25,134
1743497086.565656,-6,-42,122
1743497086.600656,17,-35,142
1743497086.635656,37,20,52
1743497086.671656,-24,-61,274
1743497086.707656,-36,10,182
1743497086.742656,-48,2,118
1743497086.778656,-16,40,127
1743497086.813656,-4,-47,123
1743497086.848656,15,2,135
1743497086.883656,-26,-41,111
1743497086.919656,-14,34,53
1743497086.955656,0,42,145
1743497086.990656,57,52,97
1743497087.0266562,49,-29,139
1743497087.061656,55,-23,93
1743497087.096656,0,-65,251
1743497087.1316562,-9,101,211
1743497087.167656,-13,-68,15
1743497087.203656,11,69,163
1743497087.238656,29,-16,163
1743497087.274656,28,-55,211
1743497087.309656,36,-15,125
1743497087.344656,-29,-3,239
1743497087.379656,32,76,257
1743497087.415656,-85,-17,55
1743497087.451656,4,22,77
1743497087.486656,-1,-73,325
1743497087.522656,-35,2,51
1743497087.557656,-51,-9,193
1743497087.592656,-39,-91,187
1743497087.627656,30,-71,63
1743497087.663656,-111,16,149
1743497087.699656,-21,18,143
1743497087.734656,18,-55,143
1743497087.770656,34,-3,157
1743497087.805656,-45,12,145
1743497087.840656,-13,-47,223
1743497087.875656,6,-29,203
1743497087.911656,-13,-29,159
1743497087.9476562,38,-33,165
1743497087.982656,20,-21,109
1743497088.018656,10,22,169
1743497088.053656,-43,58,161
1743497088.088656,-9,24,199
1743497088.123656,0,22,179
1743497088.159656,-39,59,15
1743497088.195656,28,-21,197
1743497088.230656,-11,-11,161
1743497088.2666562,-13,14,155
1743497088.301656,-50,-9,171
1743497088.336656,21,0,173
1743497088.371656,88,28,217
1743497088.407656,44,36,103
1743497088.443656,9,-107,123
1743497088.478656,17,24,121
1743497088.514656,29,-5,165
1743497088.5496562,-52,48,91
1743497088.584656,27,-11,67
1743497088.619656,-11,6,111
1743497088.655656,6,86,89
1743497088.691656,50,26,75
1743497088.726656,38,48,11
1743497088.762656,-105,36,61
1743497088.797656,18,-23,103
1743497088.832656,66,-9,-2
1743497088.867656,-25,66,95
1743497088.903656,140,-25,71
1743497088.939656,-54,-36,135
1743497088.974656,4,75,163
1743497089.010656,6,-20,173
1743497089.045656,-7,-72,15
1743497089.080656,-13,8,157
1743497089.115656,14,-9,189
1743497089.1516562,22,61,177
1743497089.1876562,22,-42,131
1743497089.222656,-123,-46,109
1743497089.258656,-5,53,89
1743497089.293656,-23,21,171
1743497089.328656,48,59,51
1743497089.363656,-55,61,285
1743497089.399656,20,13,193
1743497089.435656,46,15,81
1743497089.4706562,-5,35,165
1743497089.5066562,-29,44,139
1743497089.541656,-3,26,203
1743497089.576656,12,26,139
1743497089.611656,-33,0,131
1743497089.647656,12,28,103
1743497089.683656,-27,18,65
1743497089.718656,-35,16,255
1743497089.754656,6,-8,111
1743497089.7896562,52,-77,283
1743497089.824656,-45,18,253
1743497089.859656,4,14,191
1743497089.895656,-31,-17,161
1743497089.931656,32,-9,157
1743497089.966656,68,30,169
1743497090.002656,28,22,207
1743497090.037656,66,54,17
1743497090.0726562,-15,-5,107
1743497090.107656,30,-21,199
1743497090.143656,-31,46,145
1743497090.179656,-79,12,7
1743497090.214656,38,-45,121
1743497090.250656,22,34,131
1743497090.285656,28,38,103
1743497090.320656,10,4,133
1743497090.355656,-45,-47,205
1743497090.3916562,58,-49,151
1743497090.427656,-89,-43,171
1743497090.462656,12,-29,111
1743497090.498656,36,-35,73
1743497090.533656,4,4,115
1743497090.568656,-71,52,127
1743497090.603656,10,-3,113
1743497090.639656,34,-7,225
1743497090.675656,-45,12,89
1743497090.7106562,-29,-69,105
1743497090.746656,-33,40,129
1743497090.781656,-49,-11,161
1743497090.816656,86,68,31
1743497090.851656,32,-27,135
1743497090.887656,60,34,181
1743497090.923656,-5,24,107
1743497090.958656,0,60,53
1743497090.994656,-11,60,35
1743497091.0296562,-157,-3,81
1743497091.064656,26,42,71
1743497091.099656,-27,-31,233
1743497091.135656,-3,64,155
1743497091.171656,-1,88,143
1743497091.206656,2,14,83
1743497091.242656,58,30,71
1743497091.277656,0,6,183
1743497091.3126562,100,-77,103
1743497091.348656,56,-15,197
1743497091.383656,-37,-7,89
1743497091.419656,56,0,83
1743497091.454656,66,0,109
1743497091.490656,-47,-59,247
1743497091.5266562,52,-17,121
1743497091.5626562,-1,-45,150
1743497091.597656,-25,4,150
1743497091.632656,102,20,100
1743497091.668656,-17,-3,120
1743497091.703656,-11,-3,159
1743497091.739656,74,-33,278
1743497091.774656,-57,-3,56
1743497091.810656,18,42,162
1743497091.8456562,16,16,236
1743497091.880656,30,70,112
1743497091.916656,-25,-23,116
1743497091.951656,-27,-127,62
1743497091.987656,-64,12,20
1743497092.022656,91,-73,114
1743497092.058656,-20,46,88
1743497092.093656,-22,24,68
1743497092.128656,-21,4,114
1743497092.1646562,-45,-31,184
1743497092.199656,34,-9,184
1743497092.235656,60,46,46
1743497092.270656,-27,24,82
1743497092.306656,28,28,108
1743497092.341656,56,-55,142
1743497092.376656,-33,-37,306
1743497092.412656,50,8,142
1743497092.4476562,28,-29,104
1743497092.4836562,10,16,240
1743497092.518656,-27,40,276
1743497092.554656,18,22,62
1743497092.589656,-75,-57,222
1743497092.624656,4,64,80
1743497092.660656,-23,-5,22
1743497092.695656,-27,82,216
1743497092.731656,-5,-61,110
1743497092.7666562,-25,-21,162
1743497092.802656,2,-29,2
1743497092.837656,34,-31,118
1743497092.872656,36,-21,74
1743497092.908656,-10,-17,106
1743497092.950656,-71,12,190
1743497092.987656,-50,10,84
1743497093.022656,-56,3,80
1743497093.058656,-58,3,164
1743497093.093656,47,11,226
1743497093.128656,35,33,88
1743497093.1646562,35,9,90
1743497093.199656,5,27,114
1743497093.235656,0,10,214
1743497093.270656,10,44,84
1743497093.306656,-11,-65,56
1743497093.341656,4,116,218
1743497093.376656,42,-31,156
1743497093.412656,16,-15,186
1743497093.4476562,0,28,244
1743497093.4836562,16,68,178
1743497093.518656,34,-47,174
1743497093.554656,4,-35,194
1743497093.589656,12,13,90
1743497093.624656,18,23,136
1743497093.660656,-50,37,166
1743497093.695656,-40,7,110
1743497093.731656,-73,58,52
1743497093.7666562,-9,-17,104
1743497093.802656,0,-51,18
1743497093.837656,-19,20,170
1743497093.872656,0,64,146
1743497093.908656,0,-31,114
1743497093.943656,4,-15,190
1743497093.979656,-105,15,184
1743497094.014656,18,-31,218
1743497094.050656,22,-71,210
1743497094.0856562,4,-77,-25
1743497094.120656,-67,-7,100
1743497094.156656,48,16,164
1743497094.191656,-53,-13,164
1743497094.227656,-105,36,204
1743497094.262656,24,-65,286
1743497094.298656,56,-7,221
1743497094.333656,40,24,31
1743497094.3686562,16,-47,161
1743497094.4046562,-39,-33,149
1743497094.439656,-35,-45,79
1743497094.475656,-19,2,237
1743497094.510656,-45,-35,208
1743497094.546656,32,20,81
1743497094.581656,-85,34,45
1743497094.616656,-95,-39,75
1743497094.652656,28,-17,205
1743497094.6876562,-11,-23,169
1743497094.723656,22,46,57
1743497094.758656,10,-57,87
1743497094.794656,36,-3,127
1743497094.830656,88,-67,193
1743497094.866656,-3,62,135
1743497094.902656,16,74,105
1743497094.9376562,24,-5,151
1743497094.972656,-9,-5,133
1743497095.008656,0,-23,181
1743497095.044656,60,62,61
1743497095.079656,60,-95,183
1743497095.115656,34,-57,85
1743497095.150656,26,-51,39
1743497095.185656,-55,66,153
1743497095.2206562,44,-13,93
1743497095.2566562,92,42,185
1743497095.292656,116,72,117
1743497095.327656,46,0,11
1743497095.363656,-3,0,147
1743497095.398656,60,-21,97
1743497095.433656,48,52,39
1743497095.468656,8,-27,133
1743497095.504656,18,-61,147
1743497095.540656,6,26,125
1743497095.575656,-75,-33,71
1743497095.611656,-31,74,103
1743497095.646656,106,-37,61
1743497095.681656,-64,-63,175
1743497095.716656,-8,18,101
1743497095.752656,-11,-1,165
1743497095.788656,8,66,279
1743497095.823656,-43,60,51
1743497095.859656,-15,56,33
1743497095.894656,-36,10,117
1743497095.929656,-50,-13,135
1743497095.964656,2,40,185
1743497096.000656,-1,24,17
1743497096.036656,14,-19,255
1743497096.071656,32,66,133
1743497096.107656,16,90,127
1743497096.142656,4,-21,163
1743497096.177656,-1,-5,129
1743497096.212656,-1,-13,45
1743497096.248656,6,-17,153
1743497096.284656,44,-15,131
1743497096.319656,-13,70,109
1743497096.355656,-25,104,111
1743497096.390656,10,-21,253
1743497096.425656,2,42,141
1743497096.4606562,32,58,201
1743497096.496656,52,38,165
1743497096.532656,102,-25,63
1743497096.567656,-11,11,97
1743497096.603656,28,-64,209
1743497096.638656,14,-20,177
1743497096.673656,36,15,141
1743497096.708656,22,-4,91
1743497096.744656,70,-38,211
1743497096.780656,56,47,145
1743497096.815656,-3,-32,265
1743497096.852656,-37,83,159
1743497096.887656,0,-18,175
1743497096.923656,-21,0,103
1743497096.958656,30,-4,198
1743497096.9936562,52,-24,189
1743497097.028656,-45,43,137
1743497097.064656,-49,29,165
1743497097.100656,-29,24,127
1743497097.135656,-5,42,81
1743497097.171656,50,-53,97
1743497097.206656,106,26,157
1743497097.241656,-15,1,121
1743497097.2766562,-51,-29,191
1743497097.3126562,-15,14,193
1743497097.348656,64,8,187
1743497097.383656,-19,24,199
1743497097.419656,-5,-35,139
1743497097.454656,28,-9,33
1743497097.489656,50,-31,121
1743497097.524656,74,22,123
1743497097.560656,-49,-29,193
1743497097.596656,-47,-43,108
1743497097.6316562,-13,-15,177
1743497097.667656,13,-69,-56
1743497097.702656,5,28,198
1743497097.737656,89,-19,88
1743497097.772656,-6,-19,26
1743497097.808656,1,-53,242
1743497097.844656,21,-25,156
1743497097.879656,-20,68,8
1743497097.915656,-18,26,80
1743497097.950656,-28,-35,68
1743497097.985656,35,-13,134
1743497098.020656,13,-49,98
1743497098.056656,63,56,86
1743497098.092656,-10,-7,106
1743497098.127656,-26,-47,27
1743497098.163656,21,-65,34
1743497098.198656,-70,-41,100
1743497098.2336562,-10,36,94
1743497098.268656,-28,50,156
1743497098.304656,35,-5,120
1743497098.340656,-8,-31,52
1743497098.375656,-8,0,168
1743497098.411656,0,18,184
1743497098.446656,33,26,86
1743497098.481656,61,4,120
1743497098.5166562,65,14,136
1743497098.552656,51,-7,216
1743497098.588656,-24,-69,134
1743497098.623656,-90,-33,240
1743497098.659656,61,-23,158
1743497098.694656,7,76,102
1743497098.729656,39,-39,48
1743497098.764656,-22,48,166
1743497098.800656,-4,-47,168
1743497098.836656,-28,12,92
1743497098.871656,79,-49,130
1743497098.907656,75,-15,158
1743497098.942656,-4,-3,76
1743497098.977656,-74,-7,216
1743497099.012656,-20,34,212
1743497099.048656,-30,-31,52
1743497099.084656,25,-23,54
1743497099.119656,59,-13,152
1743497099.155656,-18,24,106
1743497099.190656,43,20,142
1743497099.225656,-22,30,186
1743497099.260656,-76,-47,194
1743497099.296656,-30,50,148
1743497099.332656,-46,0,4
1743497099.367656,-16,42,42
1743497099.403656,23,0,112
1743497099.438656,30,34,138
1743497099.473656,-101,-17,92
1743497099.508656,-17,-37,96
1743497099.544656,-4,12,114
1743497099.580656,-13,-41,100
1743497099.616656,-15,34,116
1743497099.652656,21,-22,150
1743497099.6876562,27,-44,242
1743497099.723656,9,29,96
1743497099.758656,-25,26,-59
1743497099.793656,24,-9,84
1743497099.828656,-15,-31,76
1743497099.864656,-21,2,164
1743497099.900656,64,-7,-1
1743497099.935656,-45,-27,130
1743497099.971656,-49,28,74
1743497100.0066562,44,8,168
1743497100.041656,-43,16,148
1743497100.076656,6,12,178
1743497100.112656,32,24,112
1743497100.148656,68,-37,144
1743497100.183656,-17,12,168
1743497100.219656,44,-69,82
1743497100.254656,30,-19,152
1743497100.2896562,4,18,114
1743497100.324656,34,-19,-43
1743497100.360656,-37,22,206
1743497100.396656,-67,38,94
1743497100.431656,44,-61,16
1743497100.467656,30,-37,22
1743497100.502656,38,56,206
1743497100.537656,16,-53,160
1743497100.5726562,-3,-105,154
1743497100.6086562,-19,-9,154
1743497100.644656,-15,0,158
1743497100.679656,-29,-59,108
1743497100.715656,-91,-29,52
1743497100.750656,8,-35,242
1743497100.785656,-32,24,76
1743497100.821656,-39,0,86
1743497100.856656,-12,-19,64
1743497100.892656,0,20,186
1743497100.927656,-18,52,78
1743497100.963656,-66,0,158
1743497100.998656,-42,-25,154
1743497101.033656,9,-31,77
1743497101.069656,75,-43,158
1743497101.104656,47,44,102
1743497101.140656,-62,-15,146
1743497101.175656,-18,66,174
1743497101.211656,65,-33,148
1743497101.246656,-34,64,114
1743497101.281656,-30,32,172
1743497101.317656,-32,14,130
1743497101.352656,-71,-15,62
1743497101.388656,27,-57,206
1743497101.423656,7,0,162
1743497101.459656,-8,-23,249
1743497101.494656,-52,-27,153
1743497101.5296562,53,73,115
1743497101.565656,79,-49,175
1743497101.600656,99,49,205
1743497101.636656,7,25,231
1743497101.671656,-36,-92,101
1743497101.707656,-20,23,91
1743497101.742656,73,-28,95
1743497101.777656,69,-51,99
1743497101.813656,59,4,213
1743497101.848656,66,28,77
1743497101.884656,52,92,171
1743497101.919656,-9,22,207
1743497101.955656,-11,-7,277
1743497101.990656,-67,-67,151
1743497102.025656,68,-9,135
1743497102.061656,12,-5,257
1743497102.096656,42,-41,169
1743497102.132656,-70,-17,123
1743497102.167656,3,-87,65
1743497102.203656,-27,-57,165
1743497102.238656,-29,48,223
1743497102.273656,8,-45,249
1743497102.309656,58,85,213
1743497102.344656,17,3,175
1743497102.380656,60,38,251
1743497102.415656,71,36,165
1743497102.451656,21,-25,175
1743497102.486656,34,8,61
1743497102.521656,28,26,189
1743497102.557656,8,-3,53
1743497102.592656,37,-47,145
1743497102.628656,-31,-43,149
1743497102.663656,33,8,167
1743497102.699656,-12,-45,99
1743497102.734656,97,-33,101
1743497102.769656,40,-33,59
1743497102.805656,27,26,143
1743497102.840656,31,18,199
1743497102.876656,53,6,101
1743497102.911656,85,-71,177
1743497102.953656,3,-22,228
1743497102.989656,-46,-34,144
1743497103.025656,13,79,70
1743497103.061656,-40,8,22
1743497103.096656,61,6,216
1743497103.132656,-98,-43,156
1743497103.167656,5,-35,44
1743497103.203656,-4,-33,67
1743497103.238656,-10,-21,97
1743497103.273656,47,-41,165
1743497103.309656,101,12,235
1743497103.344656,11,50,72
1743497103.380656,-2,44,111
1743497103.415656,-12,-7,55
1743497103.450656,-8,-53,27
1743497103.485656,31,-39,149
1743497103.521656,5,-11,94
1743497103.557656,49,14,130
1743497103.592656,99,-11,68
1743497103.628656,-12,66,59
1743497103.663656,-68,8,131
1743497103.699656,9,70,160
1743497103.734656,-56,1,209
1743497103.769656,1,-59,152
1743497103.805656,-106,5,109
1743497103.840656,-16,-24,201
1743497103.876656,15,-33,185
1743497103.911656,7,8,209
1743497103.9476562,57,-8,207
1743497103.982656,27,-66,83
1743497104.017656,53,15,101
1743497104.053656,1,11,247
1743497104.088656,-30,61,305
1743497104.124656,21,-3,39
1743497104.159656,-30,17,111
1743497104.195656,59,-16,109
1743497104.231656,39,33,139
1743497104.267656,-64,-46,79
1743497104.303656,17,9,151
1743497104.339656,-47,-34,87
1743497104.375656,10,65,151
1743497104.410656,1,-14,131
1743497104.445656,56,-76,135
1743497104.481656,-41,-14,59
1743497104.517656,-43,21,51
1743497104.552656,0,-20,205
1743497104.588656,-13,-82,147
1743497104.623656,-39,-24,95
1743497104.658656,-23,-48,99
1743497104.693656,46,7,143
1743497104.729656,16,-38,121
1743497104.765656,50,13,177
1743497104.800656,68,-82,237
1743497104.836656,-55,-48,197
1743497104.871656,72,41,141
1743497104.906656,30,-18,95
1743497104.941656,-51,-30,-92
1743497104.977656,22,43,241
1743497105.013656,-45,-20,163
1743497105.048656,34,3,201
1743497105.084656,-83,29,71
1743497105.119656,-97,-46,100
1743497105.1546562,50,11,182
1743497105.189656,-29,-18,166
1743497105.225656,70,-12,158
1743497105.261656,-35,87,104
1743497105.296656,-23,-16,84
1743497105.332656,46,25,136
1743497105.367656,0,-18,190
1743497105.402656,30,25,150
1743497105.4376562,-41,59,68
1743497105.473656,2,33,66
1743497105.509656,-49,-6,122
1743497105.544656,-39,-2,156
1743497105.580656,58,-26,42
1743497105.615656,-3,7,42
1743497105.650656,-1,-4,2
1743497105.685656,62,27,142
1743497105.721656,2,77,170
1743497105.757656,28,-20,226
1743497105.792656,-47,51,82
1743497105.828656,16,-64,142
1743497105.863656,10,23,98
1743497105.898656,54,55,234
1743497105.933656,-27,-18,120
1743497105.969656,108,-16,78
1743497106.005656,12,47,77
1743497106.040656,-51,5,165
1743497106.076656,-17,42,179
1743497106.111656,24,94,55
1743497106.146656,-11,-1,129
1743497106.181656,60,-27,163
1743497106.217656,22,49,157
1743497106.253656,158,40,27
1743497106.288656,-31,1,173
1743497106.324656,30,11,189
1743497106.359656,-37,-22,79
1743497106.394656,31,83,125
1743497106.429656,-83,67,100
1743497106.465656,78,-95,125
1743497106.501656,31,20,-73
1743497106.536656,-22,-2,154
1743497106.5726562,-12,-12,210
1743497106.607656,-106,15,150
1743497106.642656,-38,-16,102
1743497106.677656,-28,24,150
1743497106.713656,39,24,41
1743497106.749656,5,50,195
1743497106.784656,39,70,227
1743497106.820656,37,-37,175
1743497106.855656,-18,-79,177
1743497106.890656,-90,32,101
1743497106.925656,61,42,163
1743497106.961656,-32,-38,67
1743497106.997656,-28,57,217
1743497107.032656,55,62,147
1743497107.068656,-102,-13,79
1743497107.103656,-12,1,173
1743497107.138656,-20,-44,189
1743497107.173656,-8,-14,123
1743497107.209656,59,0,41
1743497107.245656,0,32,123
1743497107.280656,5,32,39
1743497107.316656,-50,-29,141
1743497107.351656,21,-81,77
1743497107.386656,-34,82,135
1743497107.421656,15,-25,55
1743497107.457656,-28,4,89
1743497107.4936562,21,-67,181
1743497107.528656,-2,88,105
1743497107.564656,-2,2,61
1743497107.599656,-68,24,143
1743497107.634656,25,46,-24
1743497107.669656,-41,-41,79
1743497107.705656,-3,44,131
1743497107.741656,22,0,83
1743497107.7766562,-55,10,79
1743497107.8126562,-11,36,209
1743497107.847656,-63,-7,225
1743497107.882656,18,4,155
1743497107.917656,26,46,161
1743497107.953656,68,62,151
1743497107.989656,6,-44,65
1743497108.024656,-3,37,7
1743497108.060656,-27,3,171
1743497108.0956562,50,-70,243
1743497108.130656,38,51,135
1743497108.165656,52,57,183
1743497108.201656,-1,41,103
1743497108.237656,-11,-21,123
1743497108.272656,-7,58,225
1743497108.308656,60,12,147
1743497108.343656,-27,-11,155
1743497108.378656,-59,-3,267
1743497108.413656,-1,-15,97
1743497108.449656,14,15,-4
1743497108.485656,8,9,129
1743497108.520656,32,-40,151
1743497108.556656,98,-58,225
1743497108.591656,54,-80,59
1743497108.626656,62,-8,275
1743497108.661656,-23,47,35
1743497108.6976562,20,-2,167
1743497108.7336562,-27,-16,25
1743497108.768656,22,-42,-28
1743497108.804656,40,-46,63
1743497108.839656,102,-60,85
1743497108.874656,-53,-49,137
1743497108.909656,-81,32,227
1743497108.945656,58,-8,75
1743497108.981656,-29,-91,177
1743497109.0166562,50,20,59
1743497109.052656,78,40,125
1743497109.087656,-59,64,133
1743497109.122656,42,44,33
1743497109.157656,62,32,-10
1743497109.193656,-49,-1,141
1743497109.229656,32,-13,65
1743497109.264656,54,51,61
1743497109.300656,14,-10,97
1743497109.3356562,4,57,195
1743497109.370656,-41,63,87
1743497109.405656,72,85,141
1743497109.441656,32,53,93
1743497109.477656,-33,57,33
1743497109.512656,-1,19,251
1743497109.548656,-13,53,191
1743497109.583656,78,-65,17
1743497109.6186562,44,-43,99
1743497109.653656,-97,-17,167
1743497109.689656,20,2,175
1743497109.725656,-45,88,45
1743497109.760656,58,-47,77
1743497109.796656,42,-73,133
1743497109.831656,-41,22,97
1743497109.866656,8,2,137
1743497109.9016562,-59,-19,115
1743497109.9376562,12,30,15
1743497109.973656,-27,42,95
1743497110.008656,-7,-111,201
1743497110.044656,18,16,-18
1743497110.079656,96,45,105
1743497110.114656,12,-16,163
1743497110.149656,10,36,39
1743497110.185656,48,18,125
1743497110.221656,44,42,241
1743497110.2566562,24,62,191
1743497110.292656,-89,90,163
1743497110.327656,-131,72,105
1743497110.362656,-73,-35,171
1743497110.398656,60,18,115
1743497110.433656,42,-21,77
1743497110.469656,8,28,157
1743497110.504656,-21,-15,119
1743497110.540656,24,22,217
1743497110.575656,18,-21,235
1743497110.610656,8,34,251
1743497110.646656,-55,6,89
1743497110.681656,-87,42,159
1743497110.717656,70,38,77
1743497110.752656,50,-21,213
1743497110.788656,18,-57,109
1743497110.823656,50,-3,231
1743497110.8586562,-19,-9,1
1743497110.894656,0,-83,153
1743497110.929656,-53,-15,129
1743497110.965656,-3,8,183
1743497111.000656,2,36,149
1743497111.036656,-25,24,137
1743497111.071656,24,-77,27
1743497111.106656,-17,76,169
1743497111.142656,48,-21,145
1743497111.177656,8,26,155
1743497111.213656,9,10,141
1743497111.248656,25,-17,153
1743497111.284656,-16,4,51
1743497111.319656,7,6,17
1743497111.354656,-22,86,141
1743497111.390656,-93,-43,157
1743497111.425656,66,2,125
1743497111.461656,-49,-5,85
1743497111.496656,-31,24,209
1743497111.532656,-7,-52,87
1743497111.567656,108,-18,265
1743497111.602656,6,5,219
1743497111.638656,86,-30,105
1743497111.673656,-39,3,203
1743497111.709656,18,3,141
1743497111.744656,31,17,51
1743497111.780656,7,-72,127
1743497111.815656,65,31,29
1743497111.850656,-52,19,169
1743497111.886656,-36,-24,151
1743497111.921656,-10,-2,-18
1743497111.957656,55,79,233
1743497111.992656,-24,21,161
1743497112.028656,-88,59,133
1743497112.063656,17,49,147
1743497112.098656,-2,-2,195
1743497112.134656,69,23,165
1743497112.169656,-32,-2,55
1743497112.205656,34,23,141
1743497112.240656,14,-70,235
1743497112.2766562,-1,23,79
1743497112.311656,-55,41,161
1743497112.346656,6,39,175
1743497112.382656,18,1,169
1743497112.417656,-7,-6,71
1743497112.453656,76,27,31
1743497112.488656,4,-22,167
1743497112.524656,-23,-36,135
1743497112.559656,-31,31,115
1743497112.594656,-9,47,91
1743497112.630656,76,7,111
1743497112.665656,48,-22,137
1743497112.701656,-103,14,105
1743497112.736656,-10,35,51
1743497112.772656,49,-52,91
1743497112.807656,47,-74,225
1743497112.842656,-46,11,253
1743497112.878656,17,-57,121
1743497112.913656,-4,-2,133
1743497112.956656,11,-3,43
1743497112.992656,-44,2,139
1743497113.028656,7,92,245
1743497113.063656,-28,-67,111
1743497113.098656,41,52,143
1743497113.134656,-16,55,85
1743497113.169656,-86,-53,81
1743497113.205656,-28,105,7
1743497113.240656,9,-27,161
1743497113.2766562,-28,34,135
1743497113.311656,-94,56,59
1743497113.346656,-24,-9,187
1743497113.382656,-50,-47,63
1743497113.417656,25,-73,233
1743497113.453656,-32,48,147
1743497113.488656,-12,-39,47
1743497113.524656,-50,44,189
1743497113.559656,28,26,197
1743497113.594656,-15,-21,81
1743497113.630656,-87,-19,155
1743497113.665656,8,0,169
1743497113.701656,34,28,111
1743497113.736656,-43,39,167
1743497113.772656,-23,-32,189
1743497113.808656,-63,-15,105
1743497113.844656,56,-17,275
1743497113.880656,40,-77,109
1743497113.916656,-19,14,129
1743497113.952656,-81,-9,9
1743497113.987656,-35,-27,179
1743497114.022656,4,26,111
1743497114.058656,-19,-67,145
1743497114.094656,40,-15,57
1743497114.129656,26,30,99
1743497114.165656,-101,-22,97
1743497114.200656,46,19,133
1743497114.235656,-41,37,47
1743497114.270656,-5,35,129
1743497114.306656,-21,19,153
1743497114.342656,34,13,175
1743497114.377656,50,37,209
1743497114.413656,-39,-56,123
1743497114.448656,32,7,145
1743497114.4836562,-105,-4,129
1743497114.518656,-55,71,265
1743497114.554656,48,57,181
1743497114.590656,18,-40,135
1743497114.625656,-39,31,127
1743497114.661656,40,36,117
1743497114.696656,58,2,187
1743497114.731656,-7,44,237
1743497114.7666562,26,-3,51
1743497114.802656,14,30,117
1743497114.838656,-29,10,213
1743497114.873656,4,127,163
1743497114.909656,32,-12,165
1743497114.944656,42,-32,-10
1743497114.979656,-27,-14,81
1743497115.014656,-11,15,201
1743497115.050656,-17,-40,7
1743497115.086656,78,-50,139
1743497115.121656,-55,-38,23
1743497115.157656,30,-42,16
1743497115.192656,-41,-20,132
1743497115.227656,20,-30,12
1743497115.262656,-81,-27,236
1743497115.298656,-7,-17,206
1743497115.334656,-75,-11,58
1743497115.369656,-53,-27,48
1743497115.405656,50,-72,122
1743497115.440656,18,-7,42
1743497115.475656,-51,25,42
1743497115.510656,26,1,82
1743497115.546656,24,9,180
1743497115.582656,18,25,158
1743497115.617656,-21,19,56
1743497115.653656,-17,13,158
1743497115.688656,22,-6,66
1743497115.723656,-3,-14,134
1743497115.758656,-1,-42,128
1743497115.794656,52,-114,124
1743497115.830656,44,33,128
1743497115.865656,-105,-12,214
1743497115.9016562,2,-42,202
1743497115.936656,74,-34,138
1743497115.971656,-49,23,-5
1743497116.0066562,42,7,226
1743497116.042656,-3,27,94
1743497116.078656,22,61,70
1743497116.113656,-21,19,128
1743497116.149656,24,49,198
1743497116.184656,48,-9,44
1743497116.219656,12,23,46
1743497116.254656,-109,25,96
1743497116.290656,90,37,-41
1743497116.326656,72,103,144
1743497116.361656,-73,-46,200
1743497116.397656,12,0,198
1743497116.432656,84,43,146
1743497116.467656,-9,43,110
1743497116.502656,-23,-12,196
1743497116.538656,-35,-4,130
1743497116.574656,82,15,224
1743497116.609656,32,-28,100
1743497116.645656,-87,-37,10
1743497116.680656,64,-112,74
1743497116.715656,28,5,139
1743497116.750656,82,0,107
1743497116.786656,-13,-24,187
1743497116.8226562,-37,-2,117
1743497116.857656,-11,-50,143
1743497116.893656,48,-32,-14
1743497116.928656,-77,11,35
1743497116.963656,16,-10,75
1743497116.998656,36,71,265
1743497117.034656,58,33,119
1743497117.070656,-29,53,127
1743497117.105656,40,-88,43
1743497117.1416562,-21,31,185
1743497117.176656,-27,33,193
1743497117.211656,0,-18,103
1743497117.246656,4,37,133
1743497117.282656,46,-2,57
1743497117.318656,-39,-28,163
1743497117.353656,0,-92,175
1743497117.389656,-27,-68,201
1743497117.4246562,-99,-18,195
1743497117.459656,38,-52,183
1743497117.494656,18,-50,117
1743497117.530656,18,-8,55
1743497117.566656,-87,5,181
1743497117.601656,120,-2,163
1743497117.637656,62,-84,121
1743497117.672656,-47,-12,115
1743497117.707656,56,41,135
1743497117.742656,-17,7,1
1743497117.778656,-37,51,109
1743497117.814656,-55,-20,97
1743497117.849656,-69,-50,233
1743497117.885656,-19,-42,227
1743497117.920656,-33,33,91
1743497117.955656,28,13,21
1743497117.990656,12,-20,106
1743497118.0266562,6,13,182
1743497118.0626562,-9,1,222
1743497118.097656,38,6,206
1743497118.133656,18,-3,64
1743497118.168656,-17,-23,108
1743497118.203656,-3,12,20
1743497118.238656,-25,40,244
1743497118.274656,26,-41,38
1743497118.310656,28,66,70
1743497118.3456562,-42,-49,140
1743497118.3816562,49,22,174
1743497118.416656,0,0,74
1743497118.451656,3,-31,190
1743497118.486656,9,-37,106
1743497118.522656,-20,52,192
1743497118.558656,31,32,2
1743497118.593656,3,-73,46
1743497118.629656,57,-28,132
1743497118.6646562,-64,13,214
1743497118.699656,-44,-69,88
1743497118.734656,-24,-13,100
1743497118.770656,-6,-5,214
1743497118.806656,11,26,-15
1743497118.841656,0,-47,14
1743497118.877656,103,-79,86
1743497118.912656,63,-24,162
1743497118.9476562,27,-57,94
1743497118.982656,-66,14,94
1743497119.018656,-46,-37,140
1743497119.054656,75,12,160
1743497119.089656,0,-71,114
1743497119.125656,1,6,188
1743497119.160656,-44,-39,134
1743497119.195656,-32,26,64
1743497119.230656,83,-3,208
1743497119.2666562,-46,-49,112
1743497119.302656,-26,50,214
1743497119.337656,-18,-11,246
1743497119.373656,15,-15,206
1743497119.408656,-2,-41,74
1743497119.443656,63,-61,214
1743497119.478656,-18,-53,112
1743497119.514656,19,34,204
1743497119.550656,-56,4,96
1743497119.5856562,0,6,86
1743497119.621656,-18,-11,182
1743497119.656656,-44,78,186
1743497119.691656,0,-19,102
1743497119.726656,9,-33,88
1743497119.762656,-10,-39,188
1743497119.798656,59,-47,126
1743497119.833656,51,8,78
1743497119.869656,53,-71,214
1743497119.9046562,1,-11,176
1743497119.939656,5,-27,118
1743497119.975656,-56,-33,138
1743497120.010656,-98,58,192
1743497120.046656,87,6,124
1743497120.081656,-32,-3,96
1743497120.117656,45,-21,214
1743497120.152656,13,-85,66
1743497120.1876562,47,40,130
1743497120.223656,9,20,160
1743497120.258656,31,-35,108
1743497120.294656,52,-33,60
1743497120.329656,-14,54,240
1743497120.365656,-13,-56,78
1743497120.400656,50,-41,92
1743497120.435656,-3,46,250
1743497120.471656,46,-41,32
1743497120.5066562,70,46,180
1743497120.542656,28,12,202
1743497120.577656,-11,41,138
1743497120.613656,64,0,122
1743497120.648656,32,-18,152
1743497120.683656,-3,10,58
1743497120.719656,-73,-33,128
1743497120.754656,74,32,238
1743497120.790656,-27,-61,122
1743497120.825656,-25,-23,76
1743497120.861656,-57,-11,94
1743497120.896656,36,-8,94
1743497120.931656,-115,11,86
1743497120.967656,-35,-22,134
1743497121.002656,66,-59,248
1743497121.038656,-33,-31,186
1743497121.073656,-19,-85,96
1743497121.109656,2,46,50
1743497121.144656,-11,-27,116
1743497121.179656,54,50,202
1743497121.215656,-67,-29,188
1743497121.250656,-85,2,108
1743497121.286656,-17,62,84
1743497121.321656,-47,24,12
1743497121.357656,34,0,132
1743497121.392656,4,42,108
1743497121.429656,-21,-73,134
1743497121.464656,14,26,152
1743497121.499656,-63,4,212
1743497121.535656,48,-39,240
1743497121.570656,76,-43,16
1743497121.606656,44,-3,116
1743497121.6416562,-35,32,188
1743497121.677656,-69,4,242
1743497121.712656,16,-29,138
1743497121.747656,84,22,136
1743497121.783656,8,-59,136
1743497121.818656,-31,16,134
1743497121.854656,56,40,128
1743497121.889656,34,-63,256
1743497121.925656,16,-1,258
1743497121.9606562,8,-24,118
1743497121.995656,18,21,46
1743497122.031656,-71,20,166
1743497122.066656,8,-16,118
1743497122.102656,-19,2,66
1743497122.137656,-153,25,160
1743497122.173656,32,34,156
1743497122.208656,104,49,90
1743497122.2436562,18,-39,94
1743497122.2796562,12,103,144
1743497122.314656,-75,-40,98
1743497122.350656,2,-10,50
1743497122.385656,2,-26,142
1743497122.421656,-97,39,170
1743497122.456656,-54,-36,106
1743497122.491656,0,53,130
1743497122.527656,35,-20,6
1743497122.5626562,59,31,126
1743497122.598656,-92,33,148
1743497122.633656,-64,-10,76
1743497122.669656,-55,5,76
1743497122.704656,29,-14,70
1743497122.739656,-37,-20,134
1743497122.775656,38,49,94
1743497122.810656,-41,4,4
1743497122.846656,32,-39,188
1743497122.8816562,161,42,170
1743497122.917656,-10,-67,244
1743497122.959656,0,-25,58
1743497122.995656,-6,16,138
1743497123.031656,39,12,164
1743497123.066656,-30,-15,-49
1743497123.102656,13,38,106
1743497123.137656,55,38,142
1743497123.173656,-14,82,140
1743497123.208656,-4,-31,82
1743497123.2436562,9,16,124
1743497123.2796562,-90,-11,178
1743497123.314656,3,4,158
1743497123.350656,79,8,143
1743497123.385656,35,-31,24
1743497123.421656,-56,-83,250
1743497123.457656,39,-25,11
1743497123.492656,89,-47,58
1743497123.527656,1,72,132
1743497123.563656,67,-11,147
1743497123.599656,-12,-37,199
1743497123.634656,37,-63,73
1743497123.670656,-28,10,67
1743497123.705656,37,-23,133
1743497123.740656,25,-9,99
1743497123.775656,-38,-63,65
1743497123.811656,0,74,263
1743497123.847656,90,-45,85
1743497123.882656,-51,-7,249
1743497123.918656,30,-17,121
1743497123.953656,72,20,115
1743497123.988656,-43,28,41
1743497124.023656,10,-25,0
1743497124.059656,-43,11,93
1743497124.0956562,-27,87,115
1743497124.130656,-27,5,191
1743497124.166656,-3,32,97
1743497124.201656,-43,10,197
1743497124.236656,8,24,205
1743497124.271656,36,-45,113
1743497124.307656,14,-55,159
1743497124.343656,38,46,143
1743497124.378656,-23,-21,67
1743497124.4146562,42,20,197
1743497124.449656,36,44,73
1743497124.484656,44,24,43
1743497124.519656,-11,-25,67
1743497124.555656,-69,32,81
1743497124.591656,8,-9,215
1743497124.626656,-43,8,199
1743497124.662656,-9,38,81
1743497124.6976562,34,-31,115
1743497124.732656,-31,12,213
1743497124.767656,-17,-39,79
1743497124.803656,-41,-27,197
1743497124.839656,20,22,201
1743497124.874656,-13,-75,41
1743497124.910656,-43,24,159
1743497124.945656,6,44,107
1743497124.980656,-17,59,51
1743497125.015656,0,25,181
1743497125.051656,96,-34,151
1743497125.087656,-35,-5,121
1743497125.122656,-17,13,107
1743497125.158656,32,-47,179
1743497125.193656,4,-58,155
1743497125.228656,-11,-31,117
1743497125.263656,32,-69,103
1743497125.2996562,-19,26,141
1743497125.3356562,-41,-30,175
1743497125.370656,-39,-62,65
1743497125.406656,28,29,85
1743497125.441656,24,-16,1
1743497125.476656,4,12,123
1743497125.511656,-27,52,179
1743497125.547656,-47,6,-34
1743497125.583656,4,-37,195
1743497125.6186562,18,34,175
1743497125.6546562,12,-15,225
1743497125.689656,-51,-5,139
1743497125.724656,-79,26,185
1743497125.759656,6,66,77
1743497125.795656,-9,22,191
1743497125.831656,66,-47,87
1743497125.866656,-15,52,129
1743497125.902656,-73,15,119
1743497125.9376562,-37,68,165
1743497125.972656,-3,100,101
1743497126.007656,-9,20,303
1743497126.043656,-57,-55,103
1743497126.079656,-23,5,21
1743497126.114656,-69,-28,157
1743497126.150656,38,17,163
1743497126.185656,-110,-3,137
1743497126.2206562,-7,3,143
1743497126.255656,-20,-67,157
1743497126.291656,67,-33,131
1743497126.327656,-30,-29,137
1743497126.362656,48,-15,225
1743497126.398656,6,-49,35
1743497126.433656,-61,6,159
1743497126.468656,13,-11,193
1743497126.503656,-12,-1,223
1743497126.5396562,-45,58,99
1743497126.575656,23,42,131
1743497126.610656,4,24,139
1743497126.646656,-47,-61,99
1743497126.681656,-22,-11,35
1743497126.716656,-26,-15,71
1743497126.751656,33,14,59
1743497126.787656,51,6,173
1743497126.823656,-16,76,157
1743497126.8586562,39,-45,173
1743497126.894656,-36,-51,62
1743497126.929656,21,-47,82
1743497126.964656,45,-5,124
1743497126.999656,5,16,226
1743497127.035656,75,-35,54
1743497127.071656,-50,-62,48
1743497127.106656,22,40,84
1743497127.142656,32,-12,154
1743497127.177656,11,-86,104
1743497127.212656,34,-53,54
1743497127.247656,-72,-37,130
1743497127.283656,-76,42,102
1743497127.319656,67,68,-29
1743497127.354656,-34,-17,146
1743497127.390656,-12,8,87
1743497127.425656,59,22,253
1743497127.4606562,79,-71,147
1743497127.495656,-106,-25,142
1743497127.531656,-22,22,146
1743497127.567656,18,22,20
1743497127.602656,-39,28,136
1743497127.638656,-33,12,124
1743497127.673656,-33,14,216
1743497127.708656,36,8,190
1743497127.7436562,50,-5,136
1743497127.7796562,-35,20,116
1743497127.815656,128,-26,68
1743497127.850656,74,18,134
1743497127.886656,-1,36,206
1743497127.921656,114,-48,184
1743497127.956656,-9,71,112
1743497127.991656,24,3,102
1743497128.027656,-83,-20,110
1743497128.063656,-37,19,72
1743497128.098656,54,-14,44
1743497128.134656,52,25,150
1743497128.169656,-45,-28,60
1743497128.204656,28,69,76
1743497128.239656,96,-38,20
1743497128.275656,-9,39,198
1743497128.311656,60,-28,90
1743497128.346656,-11,24,204
1743497128.382656,4,-21,-1
1743497128.417656,22,-49,144
1743497128.452656,-7,30,71
1743497128.487656,-17,-6,117
1743497128.523656,6,91,94
1743497128.559656,58,41,88
1743497128.594656,-23,-66,138
1743497128.630656,-21,0,95
1743497128.665656,20,-39,213
1743497128.700656,-67,-44,193
1743497128.735656,34,57,93
1743497128.771656,-47,68,105
1743497128.807656,-81,-31,124
1743497128.842656,-43,-25,190
1743497128.878656,-37,16,92
1743497128.913656,-39,-9,104
1743497128.948656,16,26,164
1743497128.9836562,-85,-17,132
1743497129.019656,-31,24,104
1743497129.055656,34,88,104
1743497129.090656,-41,-11,4
1743497129.126656,-73,-61,190
1743497129.161656,-43,48,142
1743497129.196656,-1,92,96
1743497129.231656,44,23,143
1743497129.267656,2,-29,101
1743497129.303656,-21,8,95
1743497129.338656,2,-17,107
1743497129.374656,-39,-61,57
1743497129.409656,-31,40,214
1743497129.444656,-79,-5,99
1743497129.480656,12,19,85
1743497129.515656,-31,34,103
1743497129.551656,42,-11,134
1743497129.586656,42,41,110
1743497129.622656,6,27,74
1743497129.657656,-37,39,130
1743497129.692656,-49,-70,194
1743497129.728656,112,51,113
1743497129.763656,-23,-12,109
1743497129.7996562,-11,-24,149
1743497129.834656,78,-20,43
1743497129.870656,-14,-40,151
1743497129.905656,-98,-86,135
1743497129.940656,12,69,41
1743497129.976656,42,-22,229
1743497130.011656,-55,-40,219
1743497130.047656,37,-48,21
1743497130.082656,41,49,131
1743497130.1186562,27,49,143
1743497130.153656,-2,-30,179
1743497130.188656,31,-54,90
1743497130.224656,13,51,190
1743497130.259656,-54,-24,104
1743497130.295656,-36,9,12
1743497130.330656,45,-72,276
1743497130.366656,-10,-70,160
1743497130.4016562,9,-38,108
1743497130.436656,10,-34,66
1743497130.472656,-3,79,188
1743497130.507656,-17,33,82
1743497130.543656,-3,11,66
1743497130.578656,-33,30,26
1743497130.614656,-45,-30,30
1743497130.649656,20,-6,210
1743497130.684656,-3,13,118
1743497130.7206562,-1,33,248
1743497130.755656,-3,62,158
1743497130.791656,-39,-6,190
1743497130.826656,10,-18,204
1743497130.862656,36,-36,180
1743497130.897656,6,7,94
1743497130.932656,-7,-10,30
1743497130.968656,6,-2,122
1743497131.003656,-73,-39,158
1743497131.0396562,60,22,104
1743497131.074656,16,44,152
1743497131.110656,156,-60,134
1743497131.145656,36,-9,122
1743497131.180656,63,4,88
1743497131.216656,-60,-29,70
1743497131.251656,35,-67,176
1743497131.287656,-50,-37,132
1743497131.3226562,15,48,158
1743497131.3586562,9,2,188
1743497131.393656,-22,4,198
1743497131.428656,51,140,146
1743497131.464656,-40,6,116
1743497131.499656,-4,-53,142
1743497131.535656,-42,-11,90
1743497131.570656,0,15,176
1743497131.606656,-33,69,162
1743497131.6416562,34,27,220
1743497131.676656,21,51,182
1743497131.712656,0,47,66
1743497131.747656,42,37,94
1743497131.783656,-39,9,132
1743497131.818656,58,15,260
1743497131.854656,78,-52,226
1743497131.889656,-49,-56,106
1743497131.9246562,28,45,238
1743497131.9606562,-71,13,-61
1743497131.995656,70,25,126
1743497132.031656,-60,41,80
1743497132.066656,-107,-36,118
1743497132.102656,10,21,80
1743497132.137656,-3,21,66
1743497132.172656,-47,7,104
1743497132.208656,44,-20,90
1743497132.2436562,94,37,196
1743497132.2796562,4,12,102
1743497132.314656,-69,32,146
1743497132.349656,-11,28,228
1743497132.384656,-30,-55,106
1743497132.420656,-4,8,246
1743497132.456656,-58,36,0
1743497132.491656,5,-13,70
1743497132.527656,-50,-3,90
1743497132.5626562,-40,54,122
1743497132.598656,59,26,-21
1743497132.633656,69,0,104
1743497132.668656,0,-25,192
1743497132.704656,23,18,90
1743497132.739656,-36,14,234
1743497132.775656,25,-5,66
1743497132.810656,63,14,156
1743497132.846656,17,46,188
1743497132.882656,39,6,70
1743497132.918656,-14,-31,168
1743497132.9606562,69,-9,136
1743497132.996656,-56,52,210
1743497133.032656,-48,-11,254
1743497133.067656,-12,-27,40
1743497133.103656,17,-77,54
1743497133.138656,-2,68,184
1743497133.173656,19,-57,200
1743497133.208656,29,14,286
1743497133.244656,-16,-59,210
1743497133.280656,17,20,12
1743497133.315656,-10,-3,26
1743497133.351656,-38,8,132
1743497133.386656,13,-77,-17
1743497133.421656,-32,18,174
1743497133.456656,-16,44,178
1743497133.492656,-62,-29,148
1743497133.528656,25,-13,110
1743497133.563656,-6,8,232
1743497133.599656,-16,-29,70
1743497133.634656,11,-5,122
1743497133.669656,17,-3,-5
1743497133.704656,17,10,130
1743497133.740656,-52,40,280
1743497133.7766562,19,20,44
1743497133.811656,-16,-81,52
1743497133.847656,41,18,82
1743497133.882656,-60,-27,182
1743497133.917656,-106,18,106
1743497133.952656,-24,32,160
1743497133.988656,61,52,18
1743497134.024656,-2,8,242
1743497134.059656,67,18,150
1743497134.0956562,-61,10,30
1743497134.130656,-9,56,246
1743497134.165656,-21,-35,294
1743497134.200656,-35,-21,220
1743497134.236656,-15,-75,156
1743497134.272656,-3,-55,134
1743497134.307656,-9,106,236
1743497134.343656,16,-9,102
1743497134.378656,38,-51,216
1743497134.413656,60,54,28
1743497134.448656,34,58,232
1743497134.484656,94,-35,134
1743497134.520656,38,-89,-47
1743497134.555656,40,10,60
1743497134.591656,-39,42,138
1743497134.626656,-23,-35,166
1743497134.661656,-35,-89,188
1743497134.696656,-7,-61,196
1743497134.732656,6,-5,76
1743497134.768656,-45,24,62
1743497134.803656,20,-37,204
1743497134.839656,-43,-1,106
1743497134.874656,62,38,228
1743497134.909656,0,32,168
1743497134.944656,-33,8,184
1743497134.980656,-19,64,20
1743497135.0166562,-37,-13,254
1743497135.051656,14,-37,176
1743497135.087656,10,46,60
1743497135.122656,-127,33,188
1743497135.157656,-25,-22,82
1743497135.192656,26,-68,58
1743497135.228656,-1,35,264
1743497135.264656,12,23,136
1743497135.2996562,-73,-34,106
1743497135.3356562,-53,7,170
1743497135.370656,-13,21,244
1743497135.405656,16,1,208
1743497135.440656,26,77,46
1743497135.476656,98,-38,186
1743497135.512656,-27,27,78
1743497135.547656,-33,17,94
1743497135.583656,-65,-24,114
1743497135.6186562,-17,-68,142
1743497135.653656,-9,-40,62
1743497135.688656,18,65,142
1743497135.724656,-11,-52,100
1743497135.760656,-33,39,82
1743497135.795656,-13,37,118
1743497135.831656,34,-46,-3
1743497135.867656,-75,49,238
1743497135.903656,16,-26,60
1743497135.938656,34,-24,-1
1743497135.973656,-39,-8,24
1743497136.008656,78,39,212
1743497136.044656,41,-4,216
1743497136.080656,-42,-73,78
1743497136.115656,27,56,42
1743497136.1516562,-30,2,120
1743497136.186656,27,26,170
1743497136.221656,31,4,74
1743497136.2566562,63,18,210
1743497136.292656,-46,16,224
1743497136.328656,33,-31,158
1743497136.363656,61,0,28
1743497136.399656,-34,0,132
1743497136.434656,0,40,120
1743497136.469656,-38,-33,36
1743497136.504656,3,-107,162
1743497136.540656,9,-1,72
1743497136.576656,-24,40,66
1743497136.611656,59,-51,56
1743497136.647656,-26,34,116
1743497136.682656,41,30,138
1743497136.717656,-64,-3,142
1743497136.752656,5,90,126
1743497136.788656,-18,22,116
1743497136.824656,-74,-23,96
1743497136.859656,31,48,132
1743497136.895656,35,0,60
1743497136.930656,-18,4,-13
1743497136.965656,23,-39,146
1743497137.000656,-36,-13,144
1743497137.036656,-8,68,2
1743497137.0726562,55,-45,118
1743497137.107656,49,-77,120
1743497137.143656,82,53,94
1743497137.178656,22,-26,320
1743497137.213656,16,-40,34
1743497137.248656,-27,71,182
1743497137.284656,-37,-64,114
1743497137.320656,14,-34,82
1743497137.355656,-17,3,206
1743497137.3916562,42,0,92
1743497137.426656,-67,-80,130
1743497137.461656,-9,-40,156
1743497137.496656,-33,-28,116
1743497137.532656,88,-62,42
1743497137.568656,-33,13,118
1743497137.603656,62,-19,216
1743497137.639656,-54,-87,228
1743497137.6746562,-20,-69,152
1743497137.709656,-42,-53,-59
1743497137.744656,14,18,152
1743497137.780656,2,-41,110
1743497137.816656,-117,78,144
1743497137.851656,44,-30,264
1743497137.887656,10,-36,84
1743497137.922656,38,33,224
1743497137.957656,0,28,56
1743497137.992656,-5,-97,68
1743497138.028656,48,33,166
1743497138.064656,-33,-66,140
1743497138.099656,58,3,90
1743497138.135656,2,5,64
1743497138.170656,12,93,172
1743497138.205656,-25,-32,96
1743497138.240656,-21,-40,182
1743497138.2766562,4,-88,292
1743497138.3126562,14,35,154
1743497138.347656,28,57,50
1743497138.383656,-21,-36,240
1743497138.418656,-7,-10,170
1743497138.453656,-3,27,6
1743497138.488656,6,89,78
1743497138.524656,70,-40,100
1743497138.560656,-19,-2,136
1743497138.5956562,68,35,102
1743497138.6316562,16,-2,120
1743497138.666656,-21,87,52
1743497138.701656,-17,23,224
1743497138.737656,44,3,86
1743497138.772656,36,71,46
1743497138.808656,-23,9,48
1743497138.843656,114,-40,86
1743497138.879656,-111,9,224
1743497138.9146562,36,-48,164
1743497138.949656,62,17,142
1743497138.985656,-23,67,4
1743497139.020656,4,-44,188
1743497139.056656,26,-72,102
1743497139.091656,0,-4,106
1743497139.127656,-15,-42,94
1743497139.162656,-65,9,176
1743497139.1976562,48,57,138
1743497139.2336562,-1,-26,146
1743497139.268656,46,-2,209
1743497139.304656,48,-18,139
1743497139.339656,-65,73,123
1743497139.375656,-13,-8,165
1743497139.410656,82,21,89
1743497139.445656,-15,-20,117
1743497139.481656,-15,-18,127
1743497139.5166562,10,49,239
1743497139.552656,-31,-90,171
1743497139.587656,-11,-70,129
1743497139.623656,-151,3,39
1743497139.658656,14,-70,137
1743497139.693656,28,47,147
1743497139.729656,86,1,81
1743497139.764656,14,-10,113
1743497139.800656,6,-2,51
1743497139.8356562,28,-1,53
1743497139.871656,-79,-31,161
1743497139.906656,-28,-1,197
1743497139.941656,62,30,239
1743497139.977656,-29,0,185
1743497140.012656,-11,44,101
1743497140.048656,-45,-19,127
1743497140.083656,16,-35,77
1743497140.119656,-11,26,23
1743497140.1546562,28,-27,195
1743497140.189656,8,38,0
1743497140.225656,2,-41,155
1743497140.260656,-37,-66,137
1743497140.296656,-15,54,75
1743497140.331656,72,-17,211
1743497140.367656,-21,51,85
1743497140.402656,-1,21,91
1743497140.4376562,38,-20,139
1743497140.473656,-23,-78,101
1743497140.508656,-7,-14,185
1743497140.544656,2,-7,127
1743497140.579656,-63,52,127
1743497140.615656,4,-7,147
1743497140.650656,-13,-21,185
1743497140.685656,-15,-5,183
1743497140.721656,10,-25,123
1743497140.7566562,-39,-31,235
1743497140.792656,10,-21,135
1743497140.827656,124,-47,171
1743497140.863656,50,-81,207
1743497140.898656,-5,2,131
1743497140.933656,42,34,149
1743497140.969656,-25,-19,135
1743497141.004656,58,34,99
1743497141.040656,80,14,137
1743497141.075656,-69,40,151
1743497141.111656,48,14,47
1743497141.146656,-39,-69,283
1743497141.181656,18,70,109
1743497141.217656,0,-39,231
1743497141.252656,-21,-97,37
1743497141.288656,-43,0,87
1743497141.323656,-69,22,155
1743497141.359656,-7,38,-14
1743497141.394656,8,-15,87
1743497141.429656,-3,-39,169
1743497141.465656,-19,58,107
1743497141.500656,-51,-11,179
1743497141.536656,-51,20,179
1743497141.571656,-19,18,101
1743497141.607656,92,38,19
1743497141.642656,-60,42,241
1743497141.677656,27,-29,213
1743497141.713656,-13,5,137
1743497141.748656,25,-47,59
1743497141.784656,4,-11,121
1743497141.819656,-7,-11,197
1743497141.855656,-45,67,53
1743497141.890656,-5,-18,204
1743497141.925656,-45,21,215
1743497141.961656,-19,31,46
1743497141.996656,38,-16,36
1743497142.032656,52,0,108
1743497142.067656,18,-16,72
1743497142.103656,23,-84,98
1743497142.138656,50,-18,164
1743497142.173656,13,-24,268
1743497142.209656,28,-22,174
1743497142.244656,36,7,276
1743497142.280656,-17,-20,80
1743497142.315656,-23,101,190
1743497142.350656,41,0,160
1743497142.385656,77,45,150
1743497142.421656,9,-12,134
1743497142.457656,39,55,144
1743497142.492656,25,-12,86
1743497142.528656,-14,-1,78
1743497142.563656,16,67,46
1743497142.598656,81,12,74
1743497142.633656,-36,52,38
1743497142.669656,49,30,176
1743497142.705656,85,40,192
1743497142.740656,-4,73,152
1743497142.7766562,-34,-8,46
1743497142.811656,-12,-12,178
1743497142.846656,-22,-46,122
1743497142.8816562,5,0,44
1743497142.917656,-22,22,110
1743497142.953656,-70,-67,-9
1743497142.995656,13,-98,54
1743497143.032656,49,-56,46
1743497143.067656,-18,29,166
1743497143.102656,27,-18,136
1743497143.137656,-38,-30,152
1743497143.173656,-36,65,168
1743497143.209656,35,0,44
1743497143.244656,-72,71,241
1743497143.280656,39,-30,203
1743497143.315656,0,57,129
1743497143.350656,27,77,143
1743497143.385656,49,52,193
1743497143.421656,-37,5,193
1743497143.457656,13,36,273
1743497143.492656,-6,-27,51
1743497143.528656,-16,60,175
1743497143.563656,29,-55,105
1743497143.598656,89,8,171
1743497143.633656,31,44,185
1743497143.669656,-20,88,219
1743497143.705656,63,-15,71
1743497143.740656,11,-25,197
1743497143.7766562,-20,-47,125
1743497143.811656,13,86,189
1743497143.846656,47,12,173
1743497143.8816562,-4,24,99
1743497143.917656,51,-7,259
1743497143.953656,-38,12,179
1743497143.988656,55,52,167
1743497144.024656,57,10,105
1743497144.059656,33,-49,115
1743497144.094656,23,62,231
1743497144.129656,79,-17,99
1743497144.165656,-26,38,105
1743497144.201656,15,6,107
1743497144.236656,-74,68,193
1743497144.272656,-20,28,131
1743497144.307656,-26,-75,11
1743497144.342656,1,32,37
1743497144.377656,88,-53,209
1743497144.413656,59,-27,41
1743497144.449656,-36,32,133
1743497144.484656,-6,-35,93
1743497144.520656,-1,-55,145
1743497144.555656,-3,38,83
1743497144.590656,-61,64,169
1743497144.625656,8,47,23
1743497144.661656,32,-67,175
1743497144.6976562,-5,48,101
1743497144.732656,-141,44,197
1743497144.768656,-9,-3,279
1743497144.803656,-25,-51,67
1743497144.838656,-5,-130,131
1743497144.873656,28,41,35
1743497144.909656,96,47,233
1743497144.945656,20,-42,89
1743497144.980656,46,-36,209
1743497145.0166562,8,65,55
1743497145.051656,-15,7,127
1743497145.086656,20,-24,147
1743497145.121656,76,-92,153
1743497145.157656,-47,-10,173
1743497145.193656,14,37,113
1743497145.228656,-141,-56,177
1743497145.264656,12,29,217
1743497145.2996562,76,45,83
1743497145.334656,54,3,145
1743497145.369656,12,-54,267
1743497145.405656,-63,-40,105
1743497145.441656,44,103,235
1743497145.476656,-45,-14,93
1743497145.512656,56,-36,45
1743497145.547656,50,19,99
1743497145.582656,14,-48,99
1743497145.617656,4,-74,221
1743497145.653656,70,85,43
1743497145.689656,8,-16,279
1743497145.724656,34,-22,101
1743497145.760656,2,-18,113
1743497145.795656,8,-28,71
1743497145.830656,-37,19,127
1743497145.865656,-11,-8,21
1743497145.9016562,-43,35,171
1743497145.9376562,-29,-70,99
1743497145.972656,8,47,159
1743497146.008656,8,-44,139
1743497146.043656,4,-20,169
1743497146.078656,-1,39,63
1743497146.113656,-5,-92,161
1743497146.149656,-3,-14,247
1743497146.185656,-7,49,207
1743497146.2206562,-3,7,25
1743497146.2566562,42,29,125
1743497146.291656,-67,36,215
1743497146.326656,-1,102,9
1743497146.361656,-35,72,167
1743497146.397656,-29,50,153
1743497146.433656,2,24,115
1743497146.468656,-1,10,43
1743497146.504656,-77,-13,161
1743497146.5396562,-13,58,47
1743497146.574656,-1,-3,251
1743497146.609656,22,-22,115
1743497146.645656,68,-2,59
1743497146.681656,46,57,197
1743497146.716656,42,-12,177
1743497146.752656,-13,11,223
1743497146.787656,-7,-26,95
1743497146.8226562,-3,0,105
1743497146.857656,-137,-8,35
1743497146.893656,0,61,163
1743497146.929656,-7,-20,201
1743497146.964656,6,-20,149
1743497147.000656,112,51,209
1743497147.035656,56,31,105
1743497147.070656,38,-6,5
1743497147.105656,68,1,203
1743497147.1416562,-37,-19,65
1743497147.177656,6,-25,157
1743497147.212656,-41,46,99
1743497147.248656,-29,-24,129
1743497147.283656,-1,0,119
1743497147.318656,12,69,207
1743497147.353656,49,17,187
1743497147.389656,57,5,123
1743497147.425656,23,11,73
1743497147.4606562,-29,33,125
1743497147.496656,-50,1,149
1743497147.531656,-151,-4,137
1743497147.566656,-37,3,169
1743497147.601656,-71,-54,193
1743497147.637656,24,-16,175
1743497147.673656,70,13,223
1743497147.708656,46,-8,147
1743497147.744656,-67,13,101
1743497147.7796562,-3,-66,105
1743497147.814656,34,-6,49
1743497147.849656,-27,-34,137
1743497147.885656,38,-8,133
1743497147.921656,4,53,103
1743497147.956656,-11,49,161
1743497147.992656,-15,13,109
1743497148.027656,-3,37,215
1743497148.0626562,86,33,71
1743497148.097656,38,-10,33
1743497148.133656,-79,61,71
1743497148.169656,56,5,189
1743497148.204656,-61,-12,303
1743497148.240656,18,-10,149
1743497148.275656,0,37,107
1743497148.310656,20,-10,67
1743497148.3456562,60,-44,177
1743497148.3816562,-49,-16,93
1743497148.417656,38,9,65
1743497148.452656,12,-8,221
1743497148.488656,-7,59,216
1743497148.523656,6,74,54
1743497148.558656,60,14,109
1743497148.594656,-61,-5,132
1743497148.629656,62,29,79
1743497148.665656,-15,-8,140
1743497148.700656,40,13,109
1743497148.736656,8,-37,112
1743497148.771656,-9,-46,99
1743497148.806656,-81,6,264
1743497148.842656,32,24,215
1743497148.877656,-51,24,146
1743497148.913656,50,17,159
1743497148.948656,-81,-48,58
1743497148.984656,12,103,-79
1743497149.019656,60,19,110
1743497149.054656,-61,47,122
1743497149.090656,84,19,32
1743497149.125656,-119,10,138
1743497149.161656,-49,-70,218
1743497149.196656,44,71,164
1743497149.232656,90,45,256
1743497149.267656,68,-56,90
1743497149.302656,-33,44,84
1743497149.338656,26,3,332
1743497149.373656,52,3,82
1743497149.409656,-51,-16,160
1743497149.444656,18,-6,66
1743497149.480656,-33,0,86
1743497149.515656,30,11,84
1743497149.550656,-11,-56,154
1743497149.586656,4,13,19
1743497149.621656,0,26,73
1743497149.657656,32,-11,139
1743497149.692656,4,-5,235
1743497149.728656,114,67,212
1743497149.763656,6,-25,124
1743497149.798656,-25,25,-5
1743497149.834656,34,0,182
1743497149.869656,-23,5,240
1743497149.905656,-1,-20,156
1743497149.940656,82,-21,234
1743497149.976656,60,44,118
1743497150.011656,-29,77,226
1743497150.046656,4,-2,92
1743497150.082656,-49,12,72
1743497150.117656,-15,-23,178
1743497150.153656,72,-49,190
1743497150.188656,98,40,52
1743497150.224656,46,-19,208
1743497150.259656,2,40,200
1743497150.294656,72,-1,170
1743497150.330656,26,-3,70
1743497150.365656,22,-15,236
1743497150.4016562,74,-30,134
1743497150.436656,16,-34,128
1743497150.472656,-27,-28,164
1743497150.507656,14,-1,70
1743497150.542656,-27,-41,158
1743497150.578656,-11,-4,122
1743497150.613656,36,-27,150
1743497150.649656,106,47,110
1743497150.684656,46,-42,76
1743497150.7206562,-27,55,88
1743497150.755656,-25,75,188
1743497150.790656,22,17,188
1743497150.826656,52,47,98
1743497150.861656,0,59,56
1743497150.897656,42,27,66
1743497150.932656,-39,-26,74
1743497150.968656,18,0,256
1743497151.003656,52,35,82
1743497151.038656,-45,0,138
1743497151.074656,-51,41,79
1743497151.109656,4,61,95
1743497151.145656,6,9,216
1743497151.180656,-39,-8,138
1743497151.216656,12,0,162
1743497151.251656,-21,0,50
1743497151.286656,-51,70,96
1743497151.3226562,-43,0,126
1743497151.357656,66,49,158
1743497151.393656,-91,-44,224
1743497151.428656,0,-2,76
1743497151.464656,40,127,226
1743497151.499656,12,-20,106
1743497151.534656,68,-4,14
1743497151.570656,-55,-8,38
1743497151.605656,56,-26,200
1743497151.6416562,-3,55,192
1743497151.676656,14,-12,138
1743497151.712656,-37,39,200
1743497151.747656,0,37,134
1743497151.782656,34,6,102
1743497151.818656,-9,-41,190
1743497151.853656,0,-6,218
1743497151.889656,-67,-3,204
1743497151.9246562,-33,30,214
1743497151.9606562,-61,75,240
1743497151.996656,32,-16,100
1743497152.031656,0,12,146
1743497152.066656,55,88,158
1743497152.102656,50,-8,226
1743497152.138656,-23,-54,208
1743497152.173656,26,31,94
1743497152.209656,-49,7,216
1743497152.244656,22,25,96
1743497152.2796562,106,29,156
1743497152.314656,-17,33,92
1743497152.350656,46,-30,100
1743497152.386656,-67,-24,168
1743497152.421656,16,41,104
1743497152.457656,-57,-10,168
1743497152.492656,56,-87,86
1743497152.527656,-53,4,254
1743497152.5626562,-12,14,46
1743497152.598656,14,-2,110
1743497152.634656,-23,19,18
1743497152.669656,-13,-8,88
1743497152.705656,83,-2,112
1743497152.740656,77,-60,282
1743497152.775656,37,5,148
1743497152.810656,15,-18,70
1743497152.846656,-38,-44,184
1743497152.882656,26,-78,110
1743497152.917656,30,13,242
1743497152.953656,-25,-74,156
1743497152.988656,4,1,214
1743497153.030656,-11,55,120
1743497153.066656,-9,9,134
1743497153.102656,-9,7,186
1743497153.138656,-63,-70,126
1743497153.173656,-123,29,30
1743497153.209656,22,71,138
1743497153.244656,38,-16,144
1743497153.2796562,-26,-59,200
1743497153.314656,4,21,144
1743497153.350656,-1,19,108
1743497153.386656,15,-1,56
1743497153.421656,45,-11,246
1743497153.457656,-60,36,198
1743497153.492656,-8,-91,78
1743497153.527656,-12,-7,70
1743497153.5626562,-30,30,60
1743497153.598656,109,-3,130
1743497153.634656,-38,31,108
1743497153.669656,43,19,246
1743497153.705656,23,-62,188
1743497153.740656,87,29,92
1743497153.775656,53,49,280
1743497153.810656,141,29,66
1743497153.846656,31,11,130
1743497153.882656,99,48,106
1743497153.917656,-26,-20,152
1743497153.953656,-6,41,86
1743497153.988656,-94,-4,-29
1743497154.023656,59,-50,256
1743497154.058656,-16,-22,76
1743497154.094656,-76,-2,216
1743497154.130656,1,79,62
1743497154.165656,-66,-28,116
1743497154.201656,25,-4,114
1743497154.236656,-13,15,86
1743497154.271656,-38,42,192
1743497154.306656,11,56,300
1743497154.342656,-11,-64,120
1743497154.378656,7,8,114
1743497154.413656,22,25,94
1743497154.449656,49,-33,-57
1743497154.484656,35,-43,202
1743497154.519656,-24,-11,98
1743497154.554656,129,-5,110
1743497154.590656,34,72,-1
1743497154.626656,28,134,96
1743497154.661656,0,10,28
1743497154.6976562,28,-55,282
1743497154.732656,16,22,262
1743497154.767656,84,4,66
1743497154.802656,-41,-37,200
1743497154.838656,44,-71,190
1743497154.874656,-87,22,140
1743497154.909656,-93,-31,12
1743497154.945656,-41,24,96
1743497154.980656,-25,-29,196
1743497155.015656,-105,-13,180
1743497155.050656,96,-41,102
1743497155.086656,38,10,170
1743497155.122656,-61,22,154
1743497155.157656,27,-9,140
1743497155.193656,11,28,56
1743497155.228656,88,52,134
1743497155.263656,-61,10,120
1743497155.298656,-29,40,164
1743497155.334656,32,-47,154
1743497155.370656,4,42,52
1743497155.405656,-105,38,124
1743497155.441656,-55,62,104
1743497155.476656,12,47,108
1743497155.511656,84,57,152
1743497155.546656,34,35,198
1743497155.582656,-11,-36,140
1743497155.6186562,-67,39,134
1743497155.653656,20,15,50
1743497155.689656,-25,23,64
1743497155.724656,-85,31,96
1743497155.759656,-3,-12,152
1743497155.794656,-35,-90,104
1743497155.830656,-15,-38,206
1743497155.866656,-31,-54,98
1743497155.9016562,-75,-22,286
1743497155.9376562,-19,29,138
1743497155.972656,-11,-12,106
1743497156.007656,10,3,196
1743497156.042656,14,-10,156
1743497156.078656,-21,85,166
1743497156.114656,-31,9,250
1743497156.149656,24,13,136
1743497156.185656,98,-2,26
1743497156.2206562,-67,45,56
1743497156.255656,16,-28,68
1743497156.290656,64,-40,164
1743497156.326656,18,-6,112
1743497156.362656,34,10,118
1743497156.397656,-61,26,194
1743497156.433656,6,69,-1
1743497156.468656,8,7,86
1743497156.503656,74,-48,292
1743497156.538656,16,73,58
1743497156.574656,10,-8,90
1743497156.610656,28,-40,20
1743497156.645656,36,-14,108
1743497156.681656,16,-1,130
1743497156.716656,24,-3,-11
1743497156.751656,0,-67,96
1743497156.786656,-15,4,52
1743497156.8226562,62,-7,104
1743497156.8586562,-75,68,104
1743497156.893656,-121,96,100
1743497156.929656,16,70,180
1743497156.964656,58,-57,178
1743497156.999656,76,30,66
1743497157.034656,-67,40,228
1743497157.070656,62,-21,150
1743497157.106656,16,-45,126
1743497157.1416562,8,72,8
1743497157.177656,-43,8,110
1743497157.212656,67,24,68
1743497157.247656,4,56,120
1743497157.282656,-64,10,150
1743497157.318656,0,4,78
1743497157.354656,17,-59,170
1743497157.389656,-10,-65,128
1743497157.425656,-6,-43,42
1743497157.4606562,39,-29,122
1743497157.495656,59,-75,54
1743497157.530656,-26,84,228
1743497157.566656,73,82,120
1743497157.602656,-28,8,51
1743497157.637656,25,-53,192
1743497157.673656,25,-45,180
1743497157.708656,5,12,168
1743497157.7436562,-48,62,106
1743497157.778656,-66,32,210
1743497157.814656,61,-1,113
1743497157.850656,-32,-51,53
1743497157.885656,53,8,167
1743497157.921656,-12,-41,60
1743497157.956656,-12,-3,186
1743497157.991656,47,24,83
1743497158.027656,21,34,127
1743497158.0626562,-80,-25,31
1743497158.098656,-30,72,217
1743497158.133656,-10,16,163
1743497158.169656,-18,-19,183
1743497158.204656,-7,4,167
1743497158.239656,8,68,155
1743497158.275656,12,-21,81
1743497158.310656,-19,-11,-112
1743497158.346656,116,-49,133
1743497158.3816562,54,56,75
1743497158.417656,20,-59,223
1743497158.452656,-5,24,67
1743497158.487656,-10,26,289
1743497158.523656,-38,-15,75
1743497158.558656,119,-113,63
1743497158.594656,-80,70,191
1743497158.629656,-2,-31,143
1743497158.665656,21,18,209
1743497158.700656,41,26,187
1743497158.735656,25,66,51
1743497158.771656,63,40,185
1743497158.806656,-4,-23,97
1743497158.842656,1,28,135
1743497158.877656,43,14,97
1743497158.913656,73,-51,157
1743497158.948656,43,60,39
1743497158.9836562,15,-27,123
1743497159.019656,33,2,31
1743497159.054656,-8,-29,-34
1743497159.090656,83,-23,203
1743497159.125656,37,-39,135
1743497159.161656,63,-23,141
1743497159.196656,21,-29,199
1743497159.231656,51,-38,165
1743497159.267656,11,-36,91
1743497159.302656,-56,34,189
1743497159.338656,-12,14,159
1743497159.373656,0,-33,75
1743497159.409656,-88,12,165
1743497159.444656,-6,-28,141
1743497159.479656,53,16,233
1743497159.515656,61,-17,145
1743497159.550656,0,20,121
1743497159.586656,31,-31,97
1743497159.621656,33,13,133
1743497159.657656,43,-58,185
1743497159.692656,-28,33,23
1743497159.727656,-32,1,195
1743497159.763656,-64,27,159
1743497159.798656,-22,-46,193
1743497159.834656,39,65,87
1743497159.869656,-50,67,277
1743497159.905656,-4,-56,267
1743497159.940656,-38,27,123
1743497159.975656,45,41,83
1743497160.011656,7,-20,117
1743497160.046656,63,-12,173
1743497160.082656,-26,-54,55
1743497160.117656,-28,45,217
1743497160.153656,-2,17,181
1743497160.188656,-14,-18,20
1743497160.223656,-28,-20,44
1743497160.259656,19,-76,-1
1743497160.294656,-5,-24,218
1743497160.330656,11,31,56
1743497160.365656,13,-34,196
1743497160.4016562,83,-42,126
1743497160.436656,-10,-34,216
1743497160.471656,1,-78,182
1743497160.507656,-84,-70,156
1743497160.542656,66,-26,160
1743497160.578656,-10,-31,124
1743497160.613656,26,63,164
1743497160.649656,15,77,66
1743497160.684656,20,-14,-1
1743497160.719656,-42,-21,150
1743497160.755656,-9,55,0
1743497160.790656,3,-36,180
1743497160.826656,-8,7,174
1743497160.861656,-42,75,34
1743497160.897656,22,0,236
1743497160.932656,-10,-4,198
1743497160.967656,-26,43,112
1743497161.003656,-56,31,62
1743497161.038656,-76,-16,136
1743497161.074656,-48,-10,184
1743497161.109656,-10,-123,70
1743497161.145656,-50,-27,104
1743497161.180656,-16,-30,210
1743497161.215656,-4,-20,70
1743497161.251656,53,9,182
1743497161.286656,-18,-52,98
1743497161.3226562,87,71,152
1743497161.357656,-56,-46,176
1743497161.393656,-8,-56,140
1743497161.429656,7,23,136
1743497161.464656,3,25,154
1743497161.499656,-8,73,160
1743497161.535656,-12,7,18
1743497161.571656,-24,-36,16
1743497161.606656,59,-54,20
1743497161.642656,21,1,110
1743497161.677656,13,29,214
1743497161.712656,-42,-67,82
1743497161.747656,1,18,184
1743497161.783656,-6,-2,166
1743497161.819656,3,25,88
1743497161.854656,15,7,156
1743497161.890656,37,-28,36
1743497161.925656,-42,63,178
1743497161.9606562,-16,41,54
1743497161.995656,19,13,158
1743497162.031656,-68,15,80
1743497162.067656,49,45,10
1743497162.102656,-82,-16,88
1743497162.138656,-8,-6,142
1743497162.173656,91,-4,16
1743497162.208656,9,3,166
1743497162.2436562,37,-26,116
1743497162.2796562,25,0,50
1743497162.315656,-8,-6,96
1743497162.350656,3,31,96
1743497162.386656,43,7,62
1743497162.421656,-24,-18,163
1743497162.456656,-4,-46,171
1743497162.492656,-30,-16,229
1743497162.528656,-38,-50,139
1743497162.563656,0,-28,215
1743497162.599656,-6,59,121
1743497162.635656,-6,-28,179
1743497162.670656,-6,61,149
1743497162.706656,-62,27,169
1743497162.741656,-46,9,53
1743497162.7766562,109,3,105
1743497162.811656,-24,-44,61
1743497162.847656,45,7,133
1743497162.883656,-38,29,103
1743497162.918656,101,11,35
1743497162.954656,1,15,109
1743497162.989656,0,49,259
1743497163.031656,-39,5,105
1743497163.067656,-29,-58,117
1743497163.103656,-29,-4,155
1743497163.139656,-39,-10,207
1743497163.1746562,-45,57,143
1743497163.2106562,-31,37,115
1743497163.245656,-25,1,185
1743497163.280656,30,19,99
1743497163.315656,-7,3,191
1743497163.351656,-67,-16,79
1743497163.387656,-5,62,187
1743497163.422656,48,-33,195
1743497163.458656,10,-51,75
1743497163.4936562,62,78,73
1743497163.528656,68,-39,121
1743497163.563656,54,-45,63
1743497163.599656,-35,76,169
1743497163.635656,-5,-5,139
1743497163.670656,34,-15,135
1743497163.706656,-33,-21,213
1743497163.741656,30,29,99
1743497163.7766562,56,-4,159
1743497163.811656,22,-12,49
1743497163.847656,34,-26,93
1743497163.883656,-41,11,55
1743497163.918656,-7,-38,131
1743497163.954656,-55,41,109
1743497163.989656,91,-47,61
1743497164.024656,-66,-25,123
1743497164.059656,-82,2,183
1743497164.0956562,19,58,181
1743497164.1316562,-66,18,241
1743497164.166656,51,44,81
1743497164.202656,-54,-31,15
1743497164.237656,-102,38,153
1743497164.272656,-64,46,123
1743497164.307656,-39,-20,169
1743497164.343656,-39,11,103
1743497164.379656,-24,-56,139
1743497164.4146562,35,-47,189
1743497164.450656,-28,-11,61
1743497164.485656,61,66,77
1743497164.520656,-46,-63,121
1743497164.555656,47,28,123
1743497164.591656,-44,-45,255
1743497164.627656,33,6,97
1743497164.662656,-24,-83,229
1743497164.698656,47,32,125
1743497164.7336562,51,48,177
1743497164.768656,-6,-57,149
1743497164.803656,-16,26,105
1743497164.839656,-58,-25,35
1743497164.875656,0,-1,223
1743497164.910656,25,-47,79
1743497164.946656,43,36,103
1743497164.981656,21,48,161
1743497165.0166562,81,60,127
1743497165.051656,0,-17,95
1743497165.087656,19,-27,135
1743497165.123656,77,-15,227
1743497165.158656,-35,50,171
1743497165.194656,-25,4,101
1743497165.229656,70,18,187
1743497165.264656,-124,54,173
1743497165.2996562,31,26,131
1743497165.3356562,11,-19,107
1743497165.371656,25,44,155
1743497165.406656,57,-3,139
1743497165.442656,49,2,13
1743497165.477656,-8,40,215
1743497165.512656,65,-27,25
1743497165.547656,3,-7,189
1743497165.583656,31,-17,101
1743497165.619656,-21,-21,149
1743497165.6546562,-53,52,93
1743497165.690656,-13,-23,131
1743497165.725656,-31,94,329
1743497165.760656,46,-69,117
1743497165.795656,14,-23,149
1743497165.831656,-17,70,55
1743497165.867656,46,-13,43
1743497165.902656,-49,-71,-10
1743497165.938656,-11,-21,107
1743497165.973656,-19,28,69
1743497166.008656,-45,88,159
1743497166.043656,-57,-39,-8
1743497166.079656,-79,-65,197
1743497166.115656,-3,14,37
1743497166.150656,50,-19,239
1743497166.186656,32,-13,173
1743497166.221656,52,54,123
1743497166.2566562,38,-49,135
1743497166.291656,8,8,173
1743497166.327656,-3,-53,193
1743497166.363656,-17,-51,205
1743497166.398656,-37,42,-4
1743497166.434656,-95,-33,75
1743497166.469656,20,20,125
1743497166.504656,-25,-12,163
1743497166.5396562,-87,-1,17
1743497166.575656,-17,-33,271
1743497166.611656,-11,-39,103
1743497166.646656,24,34,196
1743497166.682656,90,40,132
1743497166.717656,-17,-13,169
1743497166.752656,-65,-69,169
1743497166.787656,26,-7,41
1743497166.823656,-29,56,45
1743497166.859656,64,-47,-35
1743497166.894656,-5,32,84
1743497166.930656,35,52,142
1743497166.965656,-32,40,52
1743497167.000656,103,-117,218
1743497167.035656,53,6,180
1743497167.071656,-12,-55,204
1743497167.107656,17,14,104
1743497167.142656,-47,20,74
1743497167.178656,-85,-67,86
1743497167.213656,-125,-33,-55
1743497167.248656,8,6,126
1743497167.283656,90,16,122
1743497167.319656,34,-3,6
1743497167.355656,-7,16,100
1743497167.390656,-39,66,152
1743497167.426656,-27,66,124
1743497167.461656,6,58,168
1743497167.496656,-34,70,126
1743497167.532656,-28,-23,100
1743497167.567656,-24,-9,102
1743497167.603656,56,32,114
1743497167.638656,-3,22,176
1743497167.6746562,-70,52,148
1743497167.709656,-25,46,83
1743497167.744656,-55,50,227
1743497167.780656,36,36,98
1743497167.815656,22,-15,98
1743497167.851656,-41,8,98
1743497167.886656,20,22,174
1743497167.922656,-40,-19,60
1743497167.957656,-17,32,38
1743497167.992656,-19,-19,62
1743497168.028656,18,-33,166
1743497168.063656,22,2,78
1743497168.099656,-27,-40,112
1743497168.134656,2,61,182
1743497168.170656,94,-108,142
1743497168.205656,-61,19,182
1743497168.240656,-15,43,244
1743497168.2766562,50,-11,200
1743497168.311656,-89,-49,130
1743497168.347656,4,46,156
1743497168.382656,42,54,-3
1743497168.418656,-7,46,88
1743497168.453656,42,-5,46
1743497168.488656,12,2,80
1743497168.524656,-69,-17,228
1743497168.559656,-109,82,42
1743497168.5956562,-45,-3,116
1743497168.630656,-31,30,188
1743497168.666656,-23,72,142
1743497168.701656,-7,10,90
1743497168.736656,6,-57,52
1743497168.772656,-3,34,144
1743497168.807656,6,-27,140
1743497168.843656,34,20,52
1743497168.878656,-17,60,156
1743497168.9146562,-7,-61,118
1743497168.949656,-7,20,224
1743497168.984656,-37,-33,98
1743497169.020656,-63,28,148
1743497169.055656,36,84,242
1743497169.091656,36,-99,96
1743497169.126656,13,-1,178
1743497169.162656,-73,24,184
1743497169.1976562,-63,-37,138
1743497169.232656,-59,2,70
1743497169.268656,-49,34,140
1743497169.303656,-9,6,148
1743497169.339656,2,0,184
1743497169.374656,-39,-59,186
1743497169.410656,60,58,132
1743497169.445656,2,-57,134
1743497169.480656,20,-31,136
1743497169.5166562,-67,-3,144
1743497169.551656,70,-21,144
1743497169.587656,-27,26,94
1743497169.622656,-45,16,206
1743497169.658656,100,32,68
1743497169.693656,-59,-35,108
1743497169.728656,100,-47,66
1743497169.764656,32,6,104
1743497169.7996562,-87,48,202
1743497169.8356562,-85,44,54
1743497169.870656,-39,52,96
1743497169.906656,52,40,198
1743497169.941656,46,-25,178
1743497169.976656,-67,-101,82
1743497170.012656,-59,-22,214
1743497170.047656,-55,-57,216
1743497170.083656,-23,104,201
1743497170.1186562,-9,-1,255
1743497170.1546562,-15,24,189
1743497170.189656,26,28,197
1743497170.224656,-71,40,65
1743497170.260656,-5,-48,114
1743497170.295656,54,-61,154
1743497170.331656,32,-17,118
1743497170.366656,5,58,36
1743497170.402656,-57,-7,192
1743497170.4376562,-15,20,118
1743497170.472656,10,36,244
1743497170.508656,24,-33,76
1743497170.543656,58,-79,64
1743497170.579656,-23,-69,214
1743497170.614656,52,-7,122
1743497170.650656,36,-53,144
1743497170.685656,54,-13,182
1743497170.7206562,34,-57,118
1743497170.7566562,2,1,124
1743497170.791656,-57,35,106
1743497170.827656,-63,-20,250
1743497170.862656,44,-38,64
1743497170.898656,58,95,98
1743497170.934656,52,-13,148
1743497170.9706562,-7,40,156
1743497171.0066562,24,21,104
1743497171.042656,-33,1,110
1743497171.078656,24,51,228
1743497171.113656,-43,21,148
1743497171.148656,76,3,208
1743497171.184656,-13,21,86
1743497171.2206562,-23,41,30
1743497171.255656,-7,-14,162
1743497171.291656,16,19,36
1743497171.326656,-20,-28,202
1743497171.361656,-70,-37,42
1743497171.396656,-28,22,28
1743497171.432656,-54,-25,150
1743497171.468656,-6,18,80
1743497171.503656,33,-13,130
1743497171.5396562,51,-49,230
1743497171.574656,17,-11,196
1743497171.609656,-78,34,130
1743497171.644656,-56,-41,162
1743497171.680656,23,-3,174
1743497171.716656,55,2,198
1743497171.751656,-80,56,98
1743497171.787656,0,22,140
1743497171.8226562,-22,-7,172
1743497171.857656,-33,18,148
1743497171.892656,-2,-57,140
1743497171.928656,-56,32,174
1743497171.964656,-29,33,202
1743497171.999656,-64,0,63
1743497172.035656,99,22,101
1743497172.070656,11,36,168
1743497172.105656,-40,24,71
1743497172.140656,3,-57,139
1743497172.176656,-38,-15,195
1743497172.212656,15,-5,101
1743497172.247656,55,-37,87
1743497172.283656,-74,8,83
1743497172.318656,43,-9,91
1743497172.353656,-46,52,209
1743497172.388656,119,-5,123
1743497172.4246562,-14,-43,163
1743497172.4606562,9,-31,187
1743497172.495656,73,-3,105
1743497172.531656,43,10,211
1743497172.566656,5,-39,-8
1743497172.601656,3,20,51
1743497172.636656,-4,4,-44
1743497172.672656,1,22,65
1743497172.708656,-42,-101,161
1743497172.7436562,-17,9,101
1743497172.7796562,-46,-56,173
1743497172.814656,-70,9,119
1743497172.849656,10,49,181
1743497172.884656,-29,-26,239
1743497172.920656,-23,-14,93
1743497172.956656,-40,-79,157
1743497172.991656,31,0,183
1743497173.034656,53,18,99
1743497173.070656,-120,-13,67
1743497173.105656,-24,6,279
1743497173.140656,-48,38,87
1743497173.176656,3,38,205
1743497173.212656,-38,-23,159
1743497173.247656,33,84,89
1743497173.283656,39,-21,45
1743497173.318656,31,-39,187
1743497173.353656,54,0,212
1743497173.388656,20,58,78
1743497173.4246562,-5,84,94
1743497173.4606562,-23,-7,104
1743497173.495656,38,-3,226
1743497173.531656,24,102,198
1743497173.566656,-45,106,212
1743497173.601656,-39,-37,220
1743497173.636656,58,-97,112
1743497173.672656,-59,-33,72
1743497173.708656,-7,-73,264
1743497173.7436562,-83,0,130
1743497173.7796562,-31,6,138
1743497173.814656,48,-81,26
1743497173.849656,46,-33,140
1743497173.884656,54,-5,126
1743497173.920656,-3,4,118
1743497173.956656,6,42,118
1743497173.991656,-45,40,72
1743497174.027656,6,-73,130
1743497174.0626562,58,-10,198
1743497174.097656,60,46,158
1743497174.132656,-29,70,220
1743497174.168656,-87,32,166
1743497174.204656,-61,76,34
1743497174.239656,-19,-43,186
1743497174.275656,42,38,10
1743497174.310656,72,12,148
1743497174.3456562,-1,16,224
1743497174.380656,-29,20,106
1743497174.416656,-5,28,118
1743497174.452656,-77,-5,140
1743497174.487656,-39,-37,232
1743497174.523656,-36,-55,178
1743497174.558656,37,26,78
1743497174.593656,15,-33,160
1743497174.628656,3,2,138
1743497174.6646562,-12,14,220
1743497174.700656,47,-53,138
1743497174.735656,63,-1,94
1743497174.771656,34,42,16
1743497174.806656,33,-25,182
1743497174.841656,34,8,62
1743497174.876656,12,-17,100
1743497174.912656,64,50,208
1743497174.948656,34,-33,174
1743497174.9836562,-51,-9,184
1743497175.019656,16,36,242
1743497175.054656,50,12,144
1743497175.089656,-39,10,160
1743497175.124656,35,58,156
1743497175.160656,19,76,142
1743497175.196656,-16,-17,70
1743497175.231656,13,-11,100
1743497175.267656,-46,-31,20
1743497175.302656,-50,44,254
1743497175.337656,26,14,178
1743497175.372656,-18,-39,186
1743497175.408656,10,-5,-9
1743497175.444656,-21,-70,120
1743497175.479656,2,71,108
1743497175.515656,-53,-6,36
1743497175.550656,-17,-58,146
1743497175.5856562,24,-54,140
1743497175.620656,56,-74,138
1743497175.656656,30,43,150
1743497175.692656,-15,-48,176
1743497175.727656,-63,21,114
1743497175.763656,26,71,168
1743497175.798656,15,-23,80
1743497175.833656,-40,36,128
1743497175.8686562,40,-12,286
1743497175.9046562,0,-37,146
1743497175.940656,-38,-13,76
1743497175.975656,-2,46,210
1743497176.011656,13,-71,146
1743497176.046656,21,-53,198
1743497176.081656,11,-23,200
1743497176.116656,-100,72,144
1743497176.152656,17,-16,90
1743497176.188656,-67,11,166
1743497176.223656,50,-82,108
1743497176.259656,-12,29,-87
1743497176.294656,-45,7,170
1743497176.329656,10,-56,146
1743497176.364656,46,23,154
1743497176.400656,28,41,78
1743497176.436656,-43,13,146
1743497176.471656,-32,-13,168
1743497176.507656,24,1,230
1743497176.542656,0,63,104
1743497176.577656,128,35,114
1743497176.612656,-89,-36,178
1743497176.648656,-31,-74,84
1743497176.684656,-103,83,168
1743497176.719656,-5,-34,238
1743497176.755656,-9,-25,152
1743497176.790656,-41,16,114
1743497176.825656,8,0,168
1743497176.860656,-12,30,276
1743497176.896656,9,-33,114
1743497176.932656,70,23,176
1743497176.967656,9,6,92
1743497177.003656,35,-61,180
1743497177.038656,37,-57,162
1743497177.073656,-57,112,146
1743497177.109656,106,20,182
1743497177.144656,22,2,218
1743497177.180656,-21,46,170
1743497177.215656,-103,0,142
1743497177.251656,-11,44,234
1743497177.286656,-81,-95,146
1743497177.321656,56,2,40
1743497177.357656,-21,-101,234
1743497177.392656,-13,-11,92
1743497177.428656,38,-17,188
1743497177.463656,18,-47,76
1743497177.499656,-3,-39,214
1743497177.534656,28,-11,136
1743497177.569656,4,30,46
1743497177.605656,-33,18,190
1743497177.640656,-93,-19,14
1743497177.676656,104,-75,210
1743497177.711656,-61,26,142
1743497177.747656,-7,10,88
1743497177.782656,-39,36,168
1743497177.817656,6,-27,30
1743497177.853656,-69,-3,74
1743497177.888656,-9,32,98
1743497177.9246562,-56,50,146
1743497177.959656,-9,74,-23
1743497177.995656,-47,54,150
1743497178.030656,22,-51,130
1743497178.065656,74,-93,154
1743497178.101656,-33,82,52
1743497178.136656,-29,52,208
1743497178.172656,-23,-43,176
1743497178.207656,-21,0,174
1743497178.2436562,-61,-11,34
1743497178.278656,-97,16,56
1743497178.313656,-29,30,212
1743497178.349656,-93,16,186
1743497178.384656,56,36,100
1743497178.420656,-79,18,172
1743497178.455656,-51,0,134
1743497178.491656,16,26,138
1743497178.5266562,-29,38,-35
1743497178.561656,-3,52,76
1743497178.597656,-43,42,172
1743497178.632656,24,-37,154
1743497178.668656,122,42,178
1743497178.703656,0,-13,46
1743497178.739656,84,-1,232
1743497178.774656,-77,-7,182
1743497178.809656,24,-17,102
1743497178.8456562,30,60,158
1743497178.880656,44,34,74
1743497178.916656,36,20,64
1743497178.951656,-11,-9,20
1743497178.987656,-41,60,90
1743497179.022656,-15,-15,200
1743497179.057656,94,-27,110
1743497179.093656,-3,-85,142
1743497179.128656,-65,54,140
1743497179.1646562,-1,52,144
1743497179.199656,-113,34,118
1743497179.235656,-25,-9,134
1743497179.270656,42,118,240
1743497179.305656,26,-71,-3
1743497179.341656,30,22,186
1743497179.376656,46,26,38
1743497179.412656,12,38,232
1743497179.4476562,-69,-31,110
1743497179.4836562,-17,-41,246
1743497179.518656,-31,-17,-5
1743497179.553656,-13,-21,136
1743497179.589656,6,-57,168
1743497179.624656,18,-61,98
1743497179.660656,10,-75,118
1743497179.695656,-11,46,136
1743497179.731656,-13,28,102
1743497179.7666562,-27,-31,90
1743497179.801656,-7,-5,208
1743497179.837656,-41,-21,144
1743497179.872656,-35,74,104
1743497179.908656,-3,-37,136
1743497179.943656,-39,-15,84
1743497179.979656,30,-23,28
1743497180.014656,-13,-30,66
1743497180.0496562,42,-28,178
1743497180.0856562,-29,-6,154
1743497180.120656,74,25,212
1743497180.156656,-17,-28,128
1743497180.191656,2,65,242
1743497180.227656,24,-30,136
1743497180.262656,84,-8,58
1743497180.297656,-41,39,224
1743497180.333656,-59,-58,254
1743497180.3686562,2,-66,226
1743497180.4046562,-7,-55,210
1743497180.439656,-47,-19,116
1743497180.475656,5,-37,84
1743497180.511656,-93,-11,82
1743497180.547656,38,1,130
1743497180.583656,-55,47,-11
1743497180.6186562,8,-86,280
1743497180.653656,24,9,210
1743497180.689656,2,-8,178
1743497180.725656,36,-7,38
1743497180.760656,-61,57,88
1743497180.796656,-7,-65,150
1743497180.831656,46,18,110
1743497180.866656,36,8,154
1743497180.9016562,-19,2,106
1743497180.9376562,-21,28,185
1743497180.973656,2,39,79
1743497181.008656,-23,32,183
1743497181.044656,42,-49,-6
1743497181.079656,-9,46,225
1743497181.114656,-53,-69,227
1743497181.149656,6,-61,185
1743497181.185656,-33,34,133
1743497181.221656,-1,48,65
1743497181.2566562,16,-1,163
1743497181.292656,-29,42,165
1743497181.327656,90,18,145
1743497181.362656,14,18,95
1743497181.397656,-57,-33,175
1743497181.433656,10,32,141
1743497181.469656,86,-39,95
1743497181.504656,20,-49,141
1743497181.540656,32,-37,202
1743497181.575656,34,-42,247
1743497181.610656,132,67,95
1743497181.645656,96,7,45
1743497181.681656,28,13,233
1743497181.717656,-61,-21,215
1743497181.752656,32,-11,141
1743497181.788656,64,0,121
1743497181.823656,16,28,161
1743497181.8586562,62,34,105
1743497181.893656,-21,-9,97
1743497181.929656,-41,4,185
1743497181.965656,29,54,53
1743497182.000656,0,4,165
1743497182.036656,-12,92,47
1743497182.071656,-54,24,247
1743497182.106656,-7,-10,-28
1743497182.1416562,-93,-90,147
1743497182.177656,12,-38,101
1743497182.213656,22,-10,87
1743497182.248656,-25,65,257
1743497182.284656,50,-16,221
1743497182.319656,16,-6,69
1743497182.354656,-51,-6,111
1743497182.389656,16,31,197
1743497182.425656,46,-54,91
1743497182.461656,64,-60,299
1743497182.496656,-13,27,67
1743497182.532656,-131,-64,127
1743497182.567656,8,5,57
1743497182.602656,42,5,163
1743497182.637656,106,-2,149
1743497182.673656,-29,1,-2
1743497182.709656,-31,-18,193
1743497182.744656,-13,-30,51
1743497182.780656,-95,39,89
1743497182.815656,56,-60,257
1743497182.850656,12,15,81
1743497182.885656,66,-6,89
1743497182.921656,66,-26,51
1743497182.957656,16,21,187
1743497182.992656,-91,0,149
1743497183.035656,0,-22,103
1743497183.071656,-3,-24,49
1743497183.106656,24,73,127
1743497183.1416562,-39,7,189
1743497183.177656,-57,37,53
1743497183.213656,-23,11,209
1743497183.248656,80,117,303
1743497183.284656,32,11,155
1743497183.319656,92,43,221
1743497183.354656,-9,7,115
1743497183.389656,-21,-6,137
1743497183.425656,82,-4,103
1743497183.461656,14,29,211
1743497183.496656,6,-44,129
1743497183.532656,-77,-42,155
1743497183.567656,-21,-26,239
1743497183.602656,22,-58,85
1743497183.637656,-51,-22,37
1743497183.673656,-33,-30,129
1743497183.709656,-17,19,33
1743497183.744656,0,21,91
1743497183.780656,0,-26,241
1743497183.815656,14,17,182
1743497183.850656,20,-30,110
1743497183.885656,-47,33,142
1743497183.921656,74,-12,146
1743497183.957656,36,67,52
1743497183.992656,-51,38,175
1743497184.028656,13,26,178
1743497184.063656,39,32,166
1743497184.098656,51,8,115
1743497184.133656,106,40,49
1743497184.169656,34,40,133
1743497184.205656,32,74,91
1743497184.240656,31,-11,197
1743497184.2766562,-64,48,93
1743497184.311656,-36,-39,175
1743497184.346656,-54,-71,175
1743497184.3816562,-70,8,121
1743497184.417656,105,-9,55
1743497184.453656,-28,-35,270
1743497184.488656,-26,4,116
1743497184.524656,51,44,174
1743497184.559656,1,-21,46
1743497184.594656,-33,78,164
1743497184.629656,3,36,146
1743497184.665656,-12,30,168
1743497184.701656,-20,-63,160
1743497184.736656,1,32,182
1743497184.772656,67,-29,110
1743497184.807656,-12,-93,200
1743497184.842656,63,22,130
1743497184.877656,-26,-11,146
1743497184.913656,22,10,282
1743497184.949656,-17,20,87
1743497184.984656,64,-23,109
1743497185.020656,-34,-47,151
1743497185.055656,44,6,147
1743497185.090656,-15,19,123
1743497185.125656,4,6,163
1743497185.161656,68,-13,197
1743497185.1976562,-37,8,121
1743497185.232656,64,26,43
1743497185.268656,-55,20,111
1743497185.303656,24,10,132
1743497185.338656,22,-9,171
1743497185.373656,42,-15,177
1743497185.409656,10,-14,211
1743497185.445656,-57,89,81
1743497185.480656,88,26,193
1743497185.5166562,8,-23,111
1743497185.551656,-29,-19,179
1743497185.586656,14,-14,89
1743497185.621656,0,37,119
1743497185.657656,-3,-70,71
1743497185.693656,36,-15,209
1743497185.728656,16,4,101
1743497185.764656,-29,28,177
1743497185.7996562,-7,-31,162
1743497185.834656,14,-3,206
1743497185.869656,-1,-11,192
1743497185.905656,-7,40,130
1743497185.941656,-59,58,52
1743497185.976656,-43,-5,152
1743497186.012656,-65,36,92
1743497186.047656,70,-27,190
1743497186.082656,-1,-32,58
1743497186.117656,6,-39,132
1743497186.153656,-113,56,42
1743497186.189656,22,14,96
1743497186.224656,-39,14,268
1743497186.260656,30,6,70
1743497186.295656,-27,-73,150
1743497186.330656,72,11,124
1743497186.365656,14,47,144
1743497186.4016562,44,39,190
1743497186.4376562,-81,-24,80
1743497186.472656,-39,31,166
1743497186.508656,-19,-14,136
1743497186.543656,46,-4,88
1743497186.578656,-29,13,154
1743497186.614656,60,-18,110
1743497186.649656,52,-1,142
1743497186.685656,14,3,170
1743497186.7206562,26,-6,130
1743497186.7566562,26,7,206
1743497186.791656,-119,5,60
1743497186.826656,40,-95,174
1743497186.862656,18,-53,90
1743497186.897656,84,33,272
1743497186.933656,70,6,86
1743497186.968656,-5,-7,110
1743497187.004656,-30,-5,208
1743497187.0396562,-36,-97,12
1743497187.074656,-22,-69,178
1743497187.110656,5,-29,144
1743497187.145656,-8,46,18
1743497187.181656,-24,-53,78
1743497187.216656,7,50,162
1743497187.252656,35,-27,186
1743497187.287656,-18,22,162
1743497187.3226562,-108,46,134
1743497187.3586562,43,-115,158
1743497187.393656,12,6,16
1743497187.429656,57,-55,126
1743497187.464656,-40,2,136
1743497187.500656,-78,52,216
1743497187.535656,-66,-53,120
1743497187.570656,-58,-11,144
1743497187.606656,27,-7,78
1743497187.6416562,-62,-45,176
1743497187.677656,-60,18,88
1743497187.712656,19,-79,86
1743497187.748656,-34,-33,102
1743497187.783656,1,16,210
1743497187.818656,59,18,130
1743497187.854656,29,14,158
1743497187.889656,11,24,236
1743497187.925656,1,8,98
1743497187.9606562,-20,46,76
1743497187.996656,55,-7,90
1743497188.031656,47,-51,200
1743497188.066656,-50,-9,96
1743497188.102656,29,-3,118
1743497188.137656,-38,6,258
1743497188.173656,-96,-7,154
1743497188.208656,-46,-29,136
1743497188.244656,-54,-37,156
1743497188.2796562,15,46,198
1743497188.314656,19,68,222
1743497188.350656,-42,-41,206
1743497188.385656,-12,-21,192
1743497188.421656,-80,4,152
1743497188.456656,7,4,110
1743497188.492656,43,-7,194
1743497188.527656,27,66,110
1743497188.5626562,-42,-73,148
1743497188.598656,27,32,120
1743497188.633656,-28,22,234
1743497188.669656,27,-41,190
1743497188.704656,-50,-21,176
1743497188.740656,35,-65,166
1743497188.775656,-24,-81,30
1743497188.810656,-76,16,102
1743497188.846656,3,-1,16
1743497188.8816562,-54,30,132
1743497188.917656,39,-3,64
1743497188.952656,-82,42,136
1743497188.988656,7,20,168
1743497189.023656,51,62,158
1743497189.058656,109,-17,70
1743497189.094656,75,-31,62
1743497189.129656,3,-49,90
1743497189.165656,0,-23,54
1743497189.200656,19,0,142
1743497189.236656,1,2,176
1743497189.271656,-66,18,70
1743497189.306656,57,-37,100
1743497189.342656,3,-69,84
1743497189.377656,-96,18,118
1743497189.413656,39,-63,152
1743497189.448656,-20,12,112
1743497189.484656,-12,-15,114
1743497189.519656,-18,-41,10
1743497189.554656,-6,6,124
1743497189.590656,3,4,82
1743497189.625656,49,68,208
1743497189.661656,25,-29,94
1743497189.696656,-30,26,200
1743497189.732656,-28,40,38
1743497189.767656,9,-35,244
1743497189.802656,-38,2,142
1743497189.838656,61,52,180
1743497189.873656,57,4,100
1743497189.909656,-16,18,114
1743497189.944656,25,26,132
1743497189.980656,-16,12,110
1743497190.0166562,35,-39,120
1743497190.051656,-2,10,64
1743497190.086656,3,14,252
1743497190.122656,-60,-17,60
1743497190.158656,-16,4,106
1743497190.193656,-38,-7,254
1743497190.229656,19,-15,230
1743497190.264656,-32,-15,204
1743497190.2996562,-22,-13,120
1743497190.334656,-6,-11,276
1743497190.370656,5,-41,206
1743497190.406656,-68,-1,74
1743497190.441656,29,-1,164
1743497190.477656,43,42,220
1743497190.512656,-40,28,92
1743497190.547656,-54,2,166
1743497190.582656,-8,24,160
1743497190.6186562,-8,0,196
1743497190.6546562,-8,-5,144
1743497190.689656,21,14,120
1743497190.725656,57,42,226
1743497190.760656,-50,-63,186
1743497190.795656,-34,46,208
1743497190.830656,5,-3,86
1743497190.866656,-52,-63,266
1743497190.902656,11,-17,164
1743497190.9376562,55,-47,154
1743497190.973656,11,-37,116
1743497191.008656,-46,30,224
1743497191.043656,45,72,178
1743497191.078656,17,-7,144
1743497191.114656,-40,-63,112
1743497191.150656,-58,4,98
1743497191.185656,-24,-79,182
1743497191.221656,-54,12,148
1743497191.2566562,-26,38,90
1743497191.291656,-12,-71,70
1743497191.326656,31,-57,112
1743497191.362656,-6,2,96
1743497191.398656,21,22,88
1743497191.433656,-56,64,78
1743497191.469656,-14,-61,138
1743497191.504656,9,6,188
1743497191.5396562,79,-11,102
1743497191.574656,45,-1,2
1743497191.610656,-40,56,-5
1743497191.646656,5,-15,150
1743497191.681656,-4,-25,120
1743497191.717656,11,-5,160
1743497191.752656,-4,30,52
1743497191.787656,13,-21,136
1743497191.8226562,-6,52,88
1743497191.8586562,59,14,160
1743497191.894656,-2,90,150
1743497191.929656,-4,28,110
1743497191.965656,-39,-17,52
1743497192.000656,-56,11,92
1743497192.035656,13,-61,144
1743497192.070656,0,0,84
1743497192.106656,-44,-7,236
1743497192.142656,59,-17,96
1743497192.177656,32,-55,138
1743497192.213656,42,-37,48
1743497192.248656,-47,-77,208
1743497192.283656,60,9,72
1743497192.318656,-59,-69,116
1743497192.354656,33,93,210
1743497192.390656,-4,23,152
1743497192.425656,-9,-30,62
1743497192.461656,3,0,26
1743497192.496656,35,-24,224
1743497192.531656,-20,-8,202
1743497192.566656,23,-52,180
1743497192.602656,-14,-6,160
1743497192.638656,35,-59,-9
1743497192.673656,50,121,70
1743497192.709656,26,77,160
1743497192.744656,-45,3,14
1743497192.7796562,22,-15,102
1743497192.814656,22,-30,192
1743497192.850656,12,19,96
1743497192.886656,32,9,86
1743497192.921656,-39,-54,206
1743497192.957656,-46,-32,90
1743497192.992656,-28,-56,202
1743497193.027656,-60,7,208
1743497193.070656,-36,-96,280
1743497193.106656,-40,-46,208
1743497193.142656,-2,47,90
1743497193.177656,5,-26,198
1743497193.213656,-14,31,86
1743497193.248656,-24,65,248
1743497193.283656,57,-36,106
1743497193.318656,-50,-62,128
1743497193.354656,-42,-44,156
1743497193.390656,23,23,30
1743497193.425656,-50,17,84
1743497193.461656,61,27,-9
1743497193.496656,-32,-10,160
1743497193.531656,9,-62,120
1743497193.566656,133,43,238
1743497193.602656,31,-32,66
1743497193.638656,21,9,102
1743497193.673656,7,-8,72
1743497193.709656,-18,-82,159
1743497193.744656,109,-38,133
1743497193.7796562,-2,-32,169
1743497193.814656,-44,11,175
1743497193.850656,-16,-6,21
1743497193.886656,29,-30,8
1743497193.921656,33,45,24
1743497193.957656,-44,41,-5
1743497193.992656,-18,12,180
1743497194.027656,29,20,26
1743497194.0626562,-20,40,180
1743497194.098656,47,8,92
1743497194.134656,11,-45,241
1743497194.169656,-38,-29,101
1743497194.205656,79,-5,151
1743497194.240656,-40,-35,113
1743497194.275656,-102,12,175
1743497194.310656,45,52,305
1743497194.346656,-16,8,21
1743497194.382656,70,96,175
1743497194.417656,70,-51,141
1743497194.453656,28,6,103
1743497194.488656,10,50,231
1743497194.523656,-51,-25,45
1743497194.558656,-43,-35,125
1743497194.594656,110,54,81
1743497194.630656,54,-41,89
1743497194.665656,-11,30,237
1743497194.701656,-15,-17,203
1743497194.736656,28,-27,267
1743497194.771656,36,-65,93
1743497194.806656,-19,-9,193
1743497194.842656,-71,32,125
1743497194.878656,-47,58,195
1743497194.913656,62,-27,117
1743497194.949656,42,82,165
1743497194.984656,16,14,67
1743497195.019656,-77,0,59
1743497195.054656,-81,28,-6
1743497195.090656,26,26,315
1743497195.126656,-43,-31,177
1743497195.161656,8,56,91
1743497195.1976562,-33,4,87
1743497195.232656,20,90,143
1743497195.267656,-59,52,41
1743497195.302656,60,-19,177
1743497195.338656,2,-3,95
1743497195.374656,-3,-1,183
1743497195.409656,-7,-19,231
1743497195.445656,-17,18,233
1743497195.480656,-1,64,167
1743497195.515656,32,-21,111
1743497195.550656,90,64,45
1743497195.586656,-35,16,19
1743497195.622656,2,-9,165
1743497195.657656,10,-62,13
1743497195.693656,12,40,219
1743497195.728656,-53,18,141
1743497195.763656,68,23,169
1743497195.798656,38,-2,237
1743497195.834656,-65,59,87
1743497195.870656,4,-71,143
1743497195.905656,46,2,55
1743497195.941656,22,38,111
1743497195.976656,14,24,35
1743497196.011656,2,18,127
1743497196.046656,44,-59,271
1743497196.082656,6,-57,155
1743497196.1186562,-61,80,149
1743497196.153656,-19,128,275
1743497196.189656,8,28,75
1743497196.224656,26,-59,81
1743497196.259656,-57,-31,63
1743497196.295656,-13,-13,199
1743497196.330656,-67,-42,139
1743497196.366656,6,-19,133
1743497196.4016562,30,32,131
1743497196.4376562,15,-3,123
1743497196.472656,-84,-13,91
1743497196.507656,22,-31,67
1743497196.543656,-37,50,37
1743497196.578656,-11,-31,245
1743497196.614656,-39,-49,59
1743497196.649656,-27,-17,103
1743497196.685656,-7,-25,241
1743497196.7206562,10,-5,183
1743497196.755656,10,-99,119
1743497196.791656,14,60,147
1743497196.826656,-19,-23,159
1743497196.862656,24,-23,105
1743497196.897656,-11,50,11
1743497196.933656,-49,-31,77
1743497196.968656,48,-33,99
1743497197.003656,-5,14,111
1743497197.0396562,-29,30,185
1743497197.074656,-108,24,183
1743497197.110656,-55,-22,33
1743497197.145656,2,17,179
1743497197.181656,50,21,151
1743497197.216656,13,92,95
1743497197.251656,9,-3,237
1743497197.287656,14,-28,97
1743497197.3226562,-5,-10,117
1743497197.3586562,-23,13,217
1743497197.393656,44,-106,97
1743497197.429656,-33,65,181
1743497197.464656,-41,0,147
1743497197.499656,-41,15,115
1743497197.535656,-17,13,1
1743497197.570656,60,27,85
1743497197.606656,-99,-22,201
1743497197.6416562,10,25,159
1743497197.677656,76,35,77
1743497197.712656,-63,-38,107
1743497197.747656,26,5,133
1743497197.783656,57,121,27
1743497197.818656,-7,9,99
1743497197.854656,2,-52,115
1743497197.889656,-1,11,133
1743497197.925656,32,-62,37
1743497197.9606562,-7,-66,153
1743497197.995656,34,-11,69
1743497198.031656,-23,-47,189
1743497198.066656,-55,-35,215
1743497198.102656,18,101,65
1743497198.137656,66,2,101
1743497198.173656,19,-35,133
1743497198.208656,41,-25,59
1743497198.2436562,-33,6,179
1743497198.2796562,0,25,211
1743497198.314656,-23,-28,149
1743497198.350656,44,-10,121
1743497198.385656,24,-42,85
1743497198.421656,8,-64,115
1743497198.456656,-23,49,193
1743497198.491656,4,-86,189
1743497198.527656,18,-13,203
1743497198.5626562,14,-40,171
1743497198.598656,-17,-51,139
1743497198.633656,-29,105,157
1743497198.669656,8,20,121
1743497198.704656,-13,16,145
1743497198.739656,0,32,147
1743497198.775656,22,40,61
1743497198.810656,-47,34,121
1743497198.846656,-43,44,129
1743497198.8816562,32,12,37
1743497198.917656,50,28,117
1743497198.952656,10,67,127
1743497198.987656,-51,42,111
1743497199.023656,-37,-7,175
1743497199.058656,-39,-26,127
1743497199.094656,-11,-5,201
1743497199.129656,40,14,301
1743497199.165656,19,2,-46
1743497199.200656,1,-61,165
1743497199.235656,19,-59,91
1743497199.271656,-10,19,115
1743497199.306656,27,8,177
1743497199.342656,-70,18,57
1743497199.377656,-53,-1,7
1743497199.413656,-45,-19,135
1743497199.449656,54,-41,357
1743497199.485656,-35,46,15
1743497199.521656,2,42,5
1743497199.557656,-13,-17,215
1743497199.593656,62,-49,39
1743497199.629656,28,62,49
1743497199.665656,50,90,157
1743497199.701656,24,-99,183
1743497199.737656,-7,-81,33
1743497199.773656,100,2,111
1743497199.809656,70,20,135
1743497199.844656,0,-51,123
1743497199.879656,48,14,213
1743497199.915656,16,-7,267
1743497199.951656,41,-41,141
1743497199.986656,-13,2,177
1743497200.022656,-5,34,85
1743497200.057656,6,28,65
1743497200.092656,-21,8,233
1743497200.127656,-43,22,89
1743497200.163656,60,-3,75
1743497200.199656,-55,-37,101
1743497200.234656,4,2,-2
1743497200.270656,-29,-19,9
1743497200.305656,2,38,163
1743497200.340656,-11,-51,183
1743497200.375656,-11,62,227
1743497200.411656,32,-31,133
1743497200.4476562,-3,-33,35
1743497200.482656,30,8,131
1743497200.518656,8,64,229
1743497200.553656,25,6,171
1743497200.588656,-5,18,53
1743497200.623656,26,-42,95
1743497200.659656,-14,14,151
1743497200.695656,-12,0,171
1743497200.730656,-5,18,150
1743497200.7666562,92,118,224
1743497200.801656,44,-55,46
1743497200.836656,-103,-59,100
1743497200.871656,34,-81,34
1743497200.907656,-23,-45,232
1743497200.943656,54,64,200
1743497200.978656,-69,2,54
1743497201.014656,-37,-53,89
1743497201.0496562,0,2,15
1743497201.084656,-13,-43,205
1743497201.119656,-41,-11,34
1743497201.155656,-71,-5,8
1743497201.191656,18,-3,170
1743497201.226656,66,-31,133
1743497201.262656,-23,-41,144
1743497201.297656,52,-37,231
1743497201.332656,-39,-61,45
1743497201.367656,-7,36,116
1743497201.403656,-21,0,182
1743497201.439656,70,40,-72
1743497201.474656,-11,-61,109
1743497201.510656,-9,10,141
1743497201.545656,-93,62,49
1743497201.580656,44,-23,223
1743497201.615656,28,8,77
1743497201.6516562,-13,-57,217
1743497201.6876562,-59,108,79
1743497201.722656,-3,-33,99
1743497201.758656,62,-33,103
1743497201.793656,-85,-17,55
1743497201.828656,58,-5,95
1743497201.863656,0,4,153
1743497201.899656,42,-5,241
1743497201.935656,18,102,173
1743497201.9706562,-13,-49,153
1743497202.0066562,14,12,105
1743497202.041656,14,24,75
1743497202.076656,40,-33,151
1743497202.111656,10,-31,39
1743497202.147656,42,-19,97
1743497202.183656,104,68,79
1743497202.218656,-33,48,169
1743497202.254656,10,-33,13
1743497202.2896562,0,32,215
1743497202.324656,24,38,103
1743497202.359656,0,-6,165
1743497202.395656,24,-52,117
1743497202.431656,-3,-14,41
1743497202.466656,16,5,135
1743497202.502656,-47,23,143
1743497202.537656,56,-4,141
1743497202.5726562,-63,63,49
1743497202.607656,0,21,111
1743497202.643656,84,21,61
1743497202.679656,94,-70,225
1743497202.714656,-3,31,205
1743497202.750656,-29,-26,153
1743497202.785656,-109,15,57
1743497202.820656,-21,5,99
1743497202.855656,-109,-18,153
1743497202.8916562,-29,-80,125
1743497202.927656,37,0,213
1743497202.962656,45,7,103
1743497202.998656,-94,-51,177
1743497203.033656,17,-20,94
1743497203.075656,29,5,68
1743497203.111656,35,-64,321
1743497203.147656,23,59,85
1743497203.183656,-68,-18,49
1743497203.218656,-52,-52,119
1743497203.254656,-44,-40,115
1743497203.2896562,-38,-2,25
1743497203.324656,103,21,227
1743497203.359656,33,-16,167
1743497203.395656,77,21,75
1743497203.431656,-1,-2,77
1743497203.466656,-22,37,273
1743497203.502656,-58,-4,103
1743497203.537656,1,53,71
1743497203.5726562,73,9,45
1743497203.607656,23,87,119
1743497203.643656,11,-30,341
1743497203.679656,-40,39,171
1743497203.714656,15,35,199
1743497203.750656,51,-30,75
1743497203.785656,-3,-4,103
1743497203.820656,21,-22,95
1743497203.855656,-98,51,217
1743497203.8916562,-22,-20,153
1743497203.927656,-15,5,127
1743497203.962656,4,31,29
1743497203.998656,20,9,203
1743497204.033656,64,3,133
1743497204.068656,49,-8,226
1743497204.103656,35,21,209
1743497204.139656,71,21,173
1743497204.175656,-2,47,161
1743497204.2106562,57,3,91
1743497204.246656,-44,9,72
1743497204.281656,16,39,265
1743497204.316656,26,-74,159
1743497204.351656,30,23,268
1743497204.387656,-12,71,54
1743497204.423656,49,55,80
1743497204.458656,-5,51,156
1743497204.494656,-25,15,74
1743497204.5296562,-57,45,124
1743497204.564656,-19,9,216
1743497204.599656,-67,-16,186
1743497204.635656,-1,-6,82
1743497204.671656,83,25,156
1743497204.706656,-42,43,106
1743497204.742656,57,11,218
1743497204.777656,-67,27,-17
1743497204.8126562,-8,31,-15
1743497204.847656,7,27,52
1743497204.883656,25,-20,196
1743497204.919656,15,47,86
1743497204.954656,49,-8,98
1743497204.990656,19,-32,70
1743497205.025656,51,-13,164
1743497205.060656,-38,20,150
1743497205.0956562,67,-77,142
1743497205.1316562,-52,-5,192
1743497205.167656,-84,14,200
1743497205.202656,21,26,66
1743497205.238656,-58,34,112
1743497205.273656,82,-33,58
1743497205.308656,-5,40,158
1743497205.343656,-40,1,100
1743497205.379656,5,63,139
1743497205.415656,-56,37,114
1743497205.450656,89,-32,143
1743497205.486656,35,1,123
1743497205.521656,35,-44,11
1743497205.556656,14,45,185
1743497205.592656,23,-35,163
1743497205.627656,-24,4,23
1743497205.663656,82,-21,159
1743497205.698656,82,18,57
1743497205.734656,-13,20,107
1743497205.769656,-17,-29,100
1743497205.804656,-25,35,162
1743497205.840656,16,28,62
1743497205.875656,2,31,42
1743497205.911656,6,-36,190
1743497205.946656,16,3,72
1743497205.982656,52,25,114
1743497206.017656,-7,5,54
1743497206.052656,-115,11,98
1743497206.088656,96,51,110
1743497206.123656,20,16,92
1743497206.159656,-39,-58,134
1743497206.194656,6,27,24
1743497206.230656,68,4,148
1743497206.265656,28,-34,34
1743497206.300656,-103,28,148
1743497206.336656,-107,-41,46
1743497206.371656,0,42,168
1743497206.407656,26,-15,178
1743497206.442656,-9,6,142
1743497206.478656,-41,-39,108
1743497206.513656,-61,-9,110
1743497206.548656,-15,-27,124
1743497206.584656,30,-11,126
1743497206.619656,-83,32,162
1743497206.655656,-23,14,176
1743497206.690656,6,-45,66
1743497206.726656,38,-19,136
1743497206.761656,-7,8,70
1743497206.796656,20,14,92
1743497206.832656,84,54,148
1743497206.867656,58,4,126
1743497206.903656,-29,-21,60
1743497206.938656,34,-23,134
1743497206.974656,70,-40,72
1743497207.009656,26,-18,76
1743497207.044656,4,-6,108
1743497207.080656,16,33,76
1743497207.115656,-69,-34,92
1743497207.1516562,46,31,144
1743497207.186656,-29,-16,128
1743497207.222656,-27,-50,174
1743497207.257656,-41,-4,78
1743497207.292656,-33,29,376
1743497207.328656,-5,9,194
1743497207.363656,34,-36,142
1743497207.399656,-9,-32,31
1743497207.434656,46,-49,193
1743497207.4706562,10,-31,-74
1743497207.505656,56,-51,63
1743497207.540656,22,-19,109
1743497207.576656,-9,24,109
1743497207.611656,-71,-9,101
1743497207.647656,-21,-17,111
1743497207.682656,-7,22,47
1743497207.718656,-17,43,115
1743497207.753656,24,52,101
1743497207.788656,-27,-105,121
1743497207.824656,76,52,115
1743497207.859656,-7,22,123
1743497207.895656,-13,-35,175
1743497207.930656,8,-9,249
1743497207.966656,24,2,161
1743497208.001656,-51,-57,101
1743497208.036656,3,16,45
1743497208.0726562,4,62,89
1743497208.107656,42,-33,277
1743497208.143656,54,-47,117
1743497208.178656,28,10,129
1743497208.214656,-5,36,195
1743497208.249656,-11,12,173
1743497208.284656,-17,32,289
1743497208.320656,10,-19,193
1743497208.355656,44,-52,157
1743497208.3916562,-57,-57,171
1743497208.426656,28,44,163
1743497208.462656,-119,24,93
1743497208.497656,16,38,155
1743497208.532656,86,18,175
1743497208.568656,16,-23,33
1743497208.603656,46,-7,101
1743497208.639656,-13,-13,195
1743497208.6746562,-23,50,129
1743497208.7106562,53,25,41
1743497208.745656,-57,7,159
1743497208.780656,6,-11,93
1743497208.816656,18,40,169
1743497208.851656,-25,-33,79
1743497208.887656,-3,100,111
1743497208.922656,56,-5,163
1743497208.958656,-23,28,259
1743497208.9936562,4,-13,125
1743497209.028656,-83,-11,107
1743497209.064656,-51,-3,217
1743497209.099656,28,-31,223
1743497209.135656,-29,-89,149
1743497209.170656,-77,24,89
1743497209.205656,-11,2,149
1743497209.240656,-53,18,79
1743497209.2766562,-15,-1,207
1743497209.3126562,82,4,233
1743497209.347656,-10,-7,67
1743497209.383656,-56,-49,-4
1743497209.418656,-46,-57,97
1743497209.453656,19,-38,201
1743497209.488656,-150,115,157
1743497209.524656,-72,44,257
1743497209.560656,-34,42,215
1743497209.5956562,-55,-45,165
1743497209.6316562,-29,-15,123
1743497209.666656,-9,-41,223
1743497209.701656,-21,-37,23
1743497209.736656,24,26,141
1743497209.772656,12,18,37
1743497209.808656,26,14,177
1743497209.843656,-45,6,177
1743497209.879656,42,-7,47
1743497209.9146562,-19,-25,71
1743497209.949656,20,-9,175
1743497209.984656,18,62,121
1743497210.020656,68,48,203
1743497210.056656,0,48,65
1743497210.091656,-67,24,57
1743497210.127656,46,-89,192
1743497210.162656,16,24,176
1743497210.1976562,-15,36,64
1743497210.232656,-43,64,154
1743497210.268656,46,-23,-7
1743497210.304656,-25,-29,-13
1743497210.339656,-57,10,64
1743497210.375656,24,-35,170
1743497210.410656,-33,-25,192
1743497210.445656,64,88,224
1743497210.480656,20,-1,250
1743497210.5166562,2,-29,300
1743497210.552656,56,-1,136
1743497210.587656,48,64,84
1743497210.623656,34,32,98
1743497210.658656,2,-69,162
1743497210.693656,-13,-102,166
1743497210.728656,-77,-67,26
1743497210.764656,-17,39,92
1743497210.800656,-5,57,122
1743497210.8356562,30,-32,174
1743497210.871656,18,71,140
1743497210.906656,-67,-22,98
1743497210.941656,2,31,170
1743497210.976656,-13,29,192
1743497211.012656,-57,1,42
1743497211.048656,72,17,46
1743497211.083656,14,15,90
1743497211.119656,-21,-32,94
1743497211.1546562,26,-4,260
1743497211.189656,-21,39,176
1743497211.224656,42,-52,32
1743497211.260656,6,37,106
1743497211.296656,0,49,144
1743497211.331656,-31,-30,106
1743497211.367656,-35,17,80
1743497211.402656,38,-4,72
1743497211.4376562,31,-10,223
1743497211.472656,21,7,203
1743497211.508656,42,9,145
1743497211.544656,-18,-4,159
1743497211.579656,-52,5,125
1743497211.615656,-20,19,89
1743497211.650656,-63,0,127
1743497211.685656,54,-28,127
1743497211.7206562,-49,-36,91
1743497211.7566562,4,-56,159
1743497211.792656,-46,-34,251
1743497211.827656,-101,5,115
1743497211.863656,-60,-20,161
1743497211.898656,-36,25,115
1743497211.933656,-64,-8,251
1743497211.968656,-8,-58,187
1743497212.004656,1,-60,57
1743497212.040656,-54,67,137
1743497212.075656,43,31,29
1743497212.111656,-28,31,155
1743497212.146656,3,67,39
1743497212.181656,3,-34,119
1743497212.216656,13,-46,93
1743497212.252656,-14,62,11
1743497212.288656,-82,-15,243
1743497212.323656,-16,-42,149
1743497212.359656,-46,-33,241
1743497212.394656,-5,30,133
1743497212.429656,-85,-5,123
1743497212.464656,-4,26,97
1743497212.500656,-110,16,85
1743497212.536656,-14,3,31
1743497212.571656,-44,-12,43
1743497212.607656,-23,-21,125
1743497212.642656,-53,-5,149
1743497212.677656,-88,12,89
1743497212.712656,27,16,17
1743497212.748656,-42,-39,187
1743497212.784656,35,16,227
1743497212.819656,25,-41,33
1743497212.855656,21,-1,101
1743497212.890656,5,-5,167
1743497212.925656,34,-25,155
1743497212.9606562,-5,30,23
1743497212.996656,-11,-29,133
1743497213.032656,-13,-61,5
1743497213.067656,20,38,143
1743497213.110656,-13,-67,57
1743497213.146656,-25,54,133
1743497213.181656,16,8,91
1743497213.216656,-77,-23,209
1743497213.252656,-49,34,63
1743497213.288656,-27,-1,49
1743497213.323656,-19,-13,219
1743497213.359656,-28,4,167
1743497213.394656,-141,62,143
1743497213.429656,-23,18,-14
1743497213.464656,-24,17,193
1743497213.500656,13,-34,151
1743497213.536656,-104,33,139
1743497213.571656,-20,17,135
1743497213.607656,-16,-28,113
1743497213.642656,-22,-54,35
1743497213.677656,-10,-6,85
1743497213.712656,35,29,97
1743497213.748656,7,-82,67
1743497213.784656,-58,-60,225
1743497213.819656,9,-8,245
1743497213.855656,-45,21,139
1743497213.890656,-1,-48,259
1743497213.925656,-1,28,73
1743497213.9606562,-27,8,159
1743497213.996656,42,21,121
1743497214.032656,14,23,165
1743497214.067656,34,-54,87
1743497214.103656,20,13,149
1743497214.138656,6,27,65
1743497214.173656,-39,49,99
1743497214.208656,15,-31,213
1743497214.244656,83,46,139
1743497214.280656,0,-3,69
1743497214.315656,-62,42,185
1743497214.351656,32,19,149
1743497214.386656,16,29,131
1743497214.421656,2,57,99
1743497214.456656,52,37,167
1743497214.492656,70,73,159
1743497214.528656,-1,11,231
1743497214.563656,76,51,69
1743497214.599656,87,8,159
1743497214.634656,-6,-13,63
1743497214.669656,21,37,-6
1743497214.704656,-12,60,127
1743497214.740656,73,30,91
1743497214.7766562,51,23,115
1743497214.811656,47,3,167
1743497214.847656,-70,-23,179
1743497214.882656,23,-19,53
1743497214.917656,-4,-39,187
1743497214.952656,39,45,87
1743497214.988656,51,54,157
1743497215.024656,-16,-15,179
1743497215.059656,-61,18,175
1743497215.0956562,-30,76,0
1743497215.130656,-20,88,123
1743497215.165656,79,-35,35
1743497215.201656,-20,70,97
1743497215.236656,39,-11,0
1743497215.272656,15,-19,63
1743497215.307656,9,-9,113
1743497215.343656,12,-54,121
1743497215.378656,-27,-14,213
1743497215.413656,-1,23,85
1743497215.449656,-10,57,121
1743497215.484656,6,-16,159
1743497215.520656,-31,49,99
1743497215.555656,32,37,85
1743497215.591656,-5,-10,179
1743497215.626656,2,-20,71
1743497215.661656,32,5,69
1743497215.6976562,74,-14,33
1743497215.732656,46,7,131
1743497215.768656,62,63,201
1743497215.803656,38,55,49
1743497215.839656,16,-2,133
1743497215.874656,32,45,137
1743497215.909656,8,85,233
1743497215.945656,32,0,181
1743497215.980656,38,-12,45
1743497216.0166562,14,13,169
1743497216.051656,-96,-39,187
1743497216.087656,0,70,45
1743497216.122656,-6,-38,175
1743497216.157656,5,-35,55
1743497216.193656,23,-43,81
1743497216.228656,-44,-33,95
1743497216.264656,45,-47,107
1743497216.2996562,21,-45,37
1743497216.3356562,-4,-5,109
1743497216.370656,-46,70,119
1743497216.405656,33,50,97
1743497216.441656,-106,32,123
1743497216.476656,0,-5,120
1743497216.512656,0,32,154
1743497216.547656,-44,-85,69
1743497216.583656,17,-19,201
1743497216.6186562,13,-51,119
1743497216.653656,27,-19,177
1743497216.689656,111,-31,41
1743497216.724656,3,14,77
1743497216.760656,-66,36,175
1743497216.795656,-36,8,79
1743497216.831656,-12,-39,117
1743497216.866656,-20,-15,95
1743497216.9016562,33,-49,259
1743497216.9376562,-43,-7,235
1743497216.972656,7,6,13
1743497217.008656,20,10,-72
1743497217.043656,-20,-13,205
1743497217.079656,51,-47,125
1743497217.114656,-20,-45,1
1743497217.149656,-8,-69,141
1743497217.185656,-26,14,133
1743497217.2206562,-6,-59,15
1743497217.2566562,-10,14,115
1743497217.291656,118,42,97
1743497217.327656,55,0,61
1743497217.362656,-48,74,129
1743497217.397656,71,-53,133
1743497217.433656,22,-21,117
1743497217.468656,-5,-31,213
1743497217.504656,-56,-19,71
1743497217.5396562,59,-21,165
1743497217.575656,-33,32,295
1743497217.610656,4,-47,113
1743497217.645656,-93,-35,59
1743497217.681656,28,-3,63
1743497217.716656,-17,20,275
1743497217.752656,56,24,101
1743497217.787656,12,74,151
1743497217.823656,-65,40,181
1743497217.8586562,-31,-29,85
1743497217.893656,-3,-87,151
1743497217.929656,30,-33,123
1743497217.964656,-3,-63,57
1743497218.000656,11,70,65
1743497218.035656,-8,50,165
1743497218.071656,33,-25,143
1743497218.106656,17,-7,179
1743497218.1416562,95,-69,35
1743497218.177656,11,-17,79
1743497218.212656,-41,-11,155
1743497218.248656,-41,-5,147
1743497218.283656,6,26,123
1743497218.319656,-147,-7,193
1743497218.354656,-55,-53,153
1743497218.389656,6,38,193
1743497218.425656,-22,-7,255
1743497218.4606562,27,0,191
1743497218.496656,21,-49,133
1743497218.531656,-6,-83,159
1743497218.567656,17,28,143
1743497218.603656,45,-73,67
1743497218.639656,0,-63,153
1743497218.675656,6,-31,207
1743497218.711656,13,98,159
1743497218.747656,37,-27,153
1743497218.782656,-9,36,183
1743497218.817656,21,4,125
1743497218.853656,81,4,123
1743497218.889656,3,2,67
1743497218.9246562,2,-65,93
1743497218.9606562,-13,-3,107
1743497218.995656,-93,10,37
1743497219.030656,-57,-69,107
1743497219.065656,-45,61,269
1743497219.101656,25,53,83
1743497219.137656,54,-20,177
1743497219.172656,28,-38,183
1743497219.208656,47,-41,-7
1743497219.2436562,91,-33,222
1743497219.278656,-58,52,58
1743497219.313656,-36,-5,164
1743497219.349656,-88,-23,200
1743497219.385656,-22,64,78
1743497219.420656,-42,2,156
1743497219.456656,7,-51,108
1743497219.491656,35,-51,42
1743497219.5266562,73,2,176
1743497219.561656,67,-31,196
1743497219.597656,23,38,158
1743497219.633656,-4,-17,144
1743497219.668656,0,2,74
1743497219.704656,7,-7,90
1743497219.739656,47,-7,38
1743497219.774656,-18,52,188
1743497219.809656,-50,-29,216
1743497219.8456562,29,-21,144
1743497219.8816562,5,40,178
1743497219.916656,-26,-37,138
1743497219.952656,-40,-21,160
1743497219.987656,-60,62,110
1743497220.022656,75,-57,120
1743497220.057656,49,68,134
1743497220.093656,-54,-1,138
1743497220.129656,39,26,36
1743497220.1646562,93,16,190
1743497220.200656,31,-11,116
1743497220.235656,-11,14,124
1743497220.270656,-81,50,58
1743497220.305656,-77,63,214
1743497220.341656,65,0,58
1743497220.377656,-16,8,128
1743497220.412656,33,62,142
1743497220.448656,31,6,92
1743497220.4836562,-64,-49,96
1743497220.518656,-54,42,156
1743497220.553656,1,-37,144
1743497220.589656,-16,-15,138
1743497220.625656,45,-15,60
1743497220.660656,77,8,120
1743497220.696656,-6,-11,178
1743497220.731656,-38,24,134
1743497220.7666562,-92,-57,76
1743497220.801656,63,58,72
1743497220.837656,-40,-17,124
1743497220.873656,0,70,92
1743497220.908656,9,-29,132
1743497220.944656,-37,-37,70
1743497220.979656,-24,-79,96
1743497221.014656,14,44,146
1743497221.0496562,38,-7,146
1743497221.0856562,24,-39,130
1743497221.121656,30,-49,136
1743497221.156656,10,52,140
1743497221.192656,-73,-29,48
1743497221.227656,4,-67,100
1743497221.262656,33,-43,34
1743497221.297656,67,-59,126
1743497221.333656,-37,-49,178
1743497221.369656,-29,-9,118
1743497221.4046562,-35,-53,154
1743497221.440656,-33,-27,52
1743497221.475656,-69,-45,114
1743497221.510656,46,18,168
1743497221.545656,20,-19,212
1743497221.581656,-55,4,108
1743497221.617656,-39,6,106
1743497221.652656,-107,-35,76
1743497221.688656,32,82,18
1743497221.723656,-23,-45,228
1743497221.758656,-9,-37,252
1743497221.793656,70,-54,149
1743497221.829656,-15,-33,116
1743497221.865656,-31,46,124
1743497221.900656,24,18,49
1743497221.936656,-63,-17,111
1743497221.971656,38,38,153
1743497222.0066562,94,-13,143
1743497222.041656,42,20,107
1743497222.077656,-35,12,113
1743497222.113656,34,10,189
1743497222.148656,-11,-1,143
1743497222.184656,0,-51,175
1743497222.219656,26,24,197
1743497222.254656,-37,-27,163
1743497222.2896562,18,-27,131
1743497222.325656,46,8,301
1743497222.361656,-53,-79,137
1743497222.396656,12,-19,85
1743497222.432656,60,-3,147
1743497222.467656,52,-41,251
1743497222.502656,-9,-43,41
1743497222.537656,-47,-23,163
1743497222.573656,-8,-5,211
1743497222.609656,33,40,195
1743497222.644656,45,-73,185
1743497222.680656,-40,14,224
1743497222.715656,21,-29,30
1743497222.750656,-22,-27,262
1743497222.785656,81,38,108
1743497222.821656,-52,-27,146
1743497222.857656,1,-57,74
1743497222.892656,53,-1,178
1743497222.928656,41,10,206
1743497222.963656,-64,-1,104
1743497222.998656,-12,-31,144
1743497223.033656,1,30,228
1743497223.069656,-12,-17,122
1743497223.112656,-18,-21,94
1743497223.148656,45,54,106
1743497223.184656,43,-75,80
1743497223.219656,-52,-11,78
1743497223.254656,-22,-27,192
1743497223.2896562,17,34,140
1743497223.325656,25,-47,152
1743497223.361656,-34,-9,46
1743497223.396656,-4,-23,104
1743497223.432656,-28,-31,198
1743497223.467656,98,50,98
1743497223.502656,38,-51,128
1743497223.537656,-55,22,70
1743497223.573656,-29,6,92
1743497223.609656,16,-61,124
1743497223.644656,-1,54,168
1743497223.680656,11,20,300
1743497223.715656,13,-7,160
1743497223.750656,63,13,82
1743497223.785656,71,41,196
1743497223.821656,25,-34,106
1743497223.857656,-78,35,150
1743497223.892656,1,-40,196
1743497223.928656,-12,-21,80
1743497223.963656,-20,-33,94
1743497223.998656,-40,32,174
1743497224.033656,-38,-30,134
1743497224.069656,15,-29,168
1743497224.105656,27,-10,176
1743497224.140656,11,-64,30
1743497224.176656,-8,-74,94
1743497224.211656,-20,0,78
1743497224.246656,-85,-28,204
1743497224.281656,-31,39,26
1743497224.317656,-32,3,86
1743497224.353656,15,-32,168
1743497224.388656,-76,-36,132
1743497224.4246562,-57,5,114
1743497224.459656,50,37,232
1743497224.494656,-46,13,142
1743497224.5296562,-56,29,182
1743497224.565656,24,1,142
1743497224.601656,-13,-96,176
1743497224.636656,-45,1,194
1743497224.672656,47,-24,120
1743497224.707656,-24,-38,140
1743497224.742656,5,15,-17
1743497224.778656,-56,-62,248
1743497224.813656,29,11,24
1743497224.849656,65,1,156
1743497224.884656,-40,27,-47
1743497224.920656,1,11,112
1743497224.955656,1,-76,120
1743497224.990656,-2,-20,124
1743497225.0266562,23,67,188
1743497225.061656,-32,-22,232
1743497225.097656,-62,33,156
1743497225.132656,21,59,186
1743497225.168656,41,13,96
1743497225.203656,11,-10,124
1743497225.238656,89,29,92
1743497225.274656,-54,-6,120
1743497225.309656,45,29,158
1743497225.3456562,10,-7,58
1743497225.380656,30,15,124
1743497225.416656,14,14,232
1743497225.451656,106,-55,246
1743497225.486656,45,56,286
1743497225.522656,-33,-41,184
1743497225.557656,12,30,198
1743497225.593656,-34,-59,90
1743497225.628656,82,10,122
1743497225.6646562,-3,-37,22
1743497225.699656,82,54,260
1743497225.734656,6,41,142
1743497225.770656,63,5,178
1743497225.805656,83,21,118
1743497225.841656,33,0,200
1743497225.876656,-30,-5,10
1743497225.912656,48,-21,58
1743497225.9476562,1,-112,146
1743497225.982656,-40,5,178
1743497226.018656,-4,-34,210
1743497226.053656,-35,61,132
1743497226.089656,-23,-36,134
1743497226.124656,142,-32,182
1743497226.160656,-50,-48,62
1743497226.195656,-21,-44,180
1743497226.230656,-21,17,262
1743497226.2666562,59,5,146
1743497226.301656,39,-32,246
1743497226.337656,17,-60,94
1743497226.372656,-14,-2,86
1743497226.408656,15,-14,192
1743497226.443656,21,-42,86
1743497226.478656,29,-22,178
1743497226.514656,13,-102,102
1743497226.5496562,-53,0,142
1743497226.5856562,-50,63,226
1743497226.620656,-27,55,70
1743497226.656656,-95,13,130
1743497226.691656,30,-38,72
1743497226.726656,21,-40,242
1743497226.762656,5,35,246
1743497226.797656,21,41,178
1743497226.833656,3,-18,206
1743497226.8686562,-72,-30,138
1743497226.9046562,-28,-86,120
1743497226.939656,-52,-92,118
1743497226.974656,-28,23,106
1743497227.010656,7,-36,142
1743497227.045656,-12,-16,104
1743497227.081656,-70,37,224
1743497227.116656,42,35,130
1743497227.152656,-57,59,76
1743497227.1876562,-69,-56,116
1743497227.222656,4,45,162
1743497227.258656,2,-26,66
1743497227.293656,22,19,132
1743497227.329656,-11,-62,158
1743497227.364656,-17,-52,158
1743497227.400656,10,49,66
1743497227.435656,10,-10,226
1743497227.4706562,0,9,104
1743497227.5066562,30,-66,104
1743497227.541656,8,-54,142
1743497227.577656,-25,-10,164
1743497227.612656,-23,-26,144
1743497227.648656,80,-44,160
1743497227.683656,10,23,194
1743497227.718656,46,-8,292
1743497227.754656,18,-38,72
1743497227.7896562,-7,-22,213
1743497227.825656,20,-2,78
1743497227.860656,44,-10,172
1743497227.896656,-49,-36,202
1743497227.931656,-35,-56,127
1743497227.966656,20,15,143
1743497228.002656,18,55,193
1743497228.037656,-53,101,201
1743497228.073656,58,-18,231
1743497228.1086562,-79,41,141
1743497228.144656,50,41,79
1743497228.180656,-35,-44,119
1743497228.216656,-23,-30,63
1743497228.252656,-3,-42,117
1743497228.287656,48,-8,49
1743497228.3226562,-75,-22,221
1743497228.3586562,-9,67,167
1743497228.394656,2,-34,123
1743497228.429656,0,-32,129
1743497228.465656,-25,15,159
1743497228.500656,26,25,101
1743497228.535656,54,37,157
1743497228.570656,10,-38,315
1743497228.606656,82,13,89
1743497228.642656,56,-66,73
1743497228.677656,26,-2,101
1743497228.713656,58,101,145
1743497228.748656,8,69,189
1743497228.783656,30,37,83
1743497228.818656,24,-56,219
1743497228.854656,24,27,101
1743497228.890656,58,15,151
1743497228.925656,-17,29,65
1743497228.961656,48,-40,55
1743497228.996656,78,-14,211
1743497229.031656,14,23,167
1743497229.066656,-17,-48,59
1743497229.102656,45,-14,37
1743497229.138656,-10,-1,129
1743497229.173656,-34,24,113
1743497229.209656,57,52,55
1743497229.244656,-2,26,71
1743497229.2796562,-20,-77,121
1743497229.314656,7,82,195
1743497229.350656,0,-29,189
1743497229.386656,11,78,57
1743497229.421656,79,74,93
1743497229.457656,2,44,145
1743497229.492656,3,12,131
1743497229.527656,-11,28,151
1743497229.5626562,-23,-11,19
1743497229.598656,-43,39,73
1743497229.634656,104,-18,165
1743497229.669656,-39,41,75
1743497229.705656,-57,49,39
1743497229.740656,16,-44,175
1743497229.775656,15,-6,137
1743497229.810656,1,-50,63
1743497229.846656,9,-38,179
1743497229.882656,29,7,291
1743497229.917656,71,19,77
1743497229.953656,-21,17,173
1743497229.988656,7,-58,51
1743497230.023656,-42,-30,123
1743497230.058656,53,25,85
1743497230.094656,51,57,123
1743497230.130656,7,53,177
1743497230.165656,49,15,223
1743497230.201656,29,-74,181
1743497230.236656,-24,0,149
1743497230.271656,-39,-24,93
1743497230.306656,70,-80,187
1743497230.342656,-89,29,99
1743497230.378656,78,9,51
1743497230.413656,-17,-60,123
1743497230.449656,-28,19,203
1743497230.484656,54,67,167
1743497230.519656,-58,11,115
1743497230.554656,3,29,65
1743497230.590656,1,15,103
1743497230.626656,98,-44,91
1743497230.661656,24,-68,135
1743497230.6976562,22,-8,139
1743497230.732656,-31,47,31
1743497230.767656,-17,-32,185
1743497230.802656,56,17,141
1743497230.838656,-70,3,141
1743497230.874656,1,-6,91
1743497230.909656,47,55,51
1743497230.945656,-36,-6,165
1743497230.980656,-40,41,123
1743497231.015656,-26,12,227
1743497231.050656,9,1,127
1743497231.086656,25,27,83
1743497231.122656,33,31,259
1743497231.157656,13,-28,167
1743497231.193656,-3,15,185
1743497231.228656,-28,28,207
1743497231.263656,-41,34,89
1743497231.298656,-40,18,215
1743497231.334656,0,32,157
1743497231.370656,-10,-13,99
1743497231.405656,19,6,135
1743497231.441656,67,48,141
1743497231.476656,-15,-37,153
1743497231.511656,12,-51,67
1743497231.546656,-69,-69,111
1743497231.582656,3,-27,91
1743497231.6186562,-14,-23,189
1743497231.653656,69,-83,143
1743497231.689656,8,22,111
1743497231.724656,38,2,201
1743497231.759656,18,28,139
1743497231.794656,-29,68,93
1743497231.830656,-3,-29,55
1743497231.866656,-55,68,109
1743497231.9016562,74,-15,147
1743497231.9376562,-67,28,105
1743497231.972656,-13,6,1
1743497232.007656,8,26,79
1743497232.042656,-23,54,153
1743497232.078656,22,-69,191
1743497232.114656,-13,64,168
1743497232.149656,64,-15,57
1743497232.185656,40,-60,180
1743497232.2206562,-13,-2,184
1743497232.255656,52,-100,118
1743497232.290656,54,-2,54
1743497232.326656,-31,29,68
1743497232.362656,-11,49,104
1743497232.397656,-71,-20,70
1743497232.433656,-23,29,158
1743497232.468656,28,63,190
1743497232.503656,26,-8,262
1743497232.538656,-1,-54,60
1743497232.574656,56,-2,140
1743497232.610656,-1,25,106
1743497232.645656,16,49,-11
1743497232.681656,-45,-100,84
1743497232.716656,70,57,184
1743497232.751656,-107,59,162
1743497232.787656,54,-24,266
1743497232.8226562,-49,-62,140
1743497232.8586562,22,-40,304
1743497232.893656,-71,57,48
1743497232.929656,30,51,154
1743497232.964656,74,-50,110
1743497232.999656,-21,-2,152
1743497233.034656,28,37,50
1743497233.070656,16,-30,188
1743497233.113656,38,-8,208
1743497233.149656,-37,7,114
1743497233.185656,-63,-16,120
1743497233.2206562,-31,-26,170
1743497233.255656,10,-4,176
1743497233.290656,-59,41,226
1743497233.326656,-43,-30,108
1743497233.362656,-17,-85,132
1743497233.397656,-23,0,230
1743497233.433656,74,-38,248
1743497233.468656,12,43,166
1743497233.503656,-47,-20,86
1743497233.538656,-21,-22,144
1743497233.574656,-71,-8,248
1743497233.610656,16,33,34
1743497233.645656,-25,-60,206
1743497233.681656,-13,43,202
1743497233.716656,-37,47,106
1743497233.751656,10,34,174
1743497233.786656,-23,-13,64
1743497233.8226562,-33,16,206
1743497233.8586562,30,30,44
1743497233.893656,-95,52,162
1743497233.929656,-43,-22,96
1743497233.964656,-5,69,64
1743497233.999656,6,-40,208
1743497234.034656,-1,-2,56
1743497234.070656,-27,-28,88
1743497234.106656,-1,19,104
1743497234.1416562,-117,11,156
1743497234.177656,-27,-26,122
1743497234.212656,-35,43,220
1743497234.247656,82,-24,144
1743497234.283656,-17,25,184
1743497234.318656,36,-72,76
1743497234.354656,-25,-34,122
1743497234.389656,60,41,142
1743497234.425656,48,-3,106
1743497234.4606562,52,8,84
1743497234.495656,-21,22,194
1743497234.531656,-15,-3,218
1743497234.566656,-41,4,100
1743497234.602656,-29,16,160
1743497234.637656,54,42,188
1743497234.673656,12,-9,16
1743497234.708656,48,-9,182
1743497234.7436562,36,-29,134
1743497234.7796562,-101,52,82
1743497234.814656,78,10,288
1743497234.850656,58,-73,146
1743497234.885656,-5,38,208
1743497234.921656,10,10,126
1743497234.956656,-45,26,74
1743497234.991656,-59,-7,216
1743497235.027656,74,20,110
1743497235.0626562,-21,0,158
1743497235.098656,42,-17,146
1743497235.133656,-21,16,124
1743497235.169656,60,-13,144
1743497235.204656,16,-19,156
1743497235.239656,-19,74,101
1743497235.275656,94,42,69
1743497235.310656,-17,34,189
1743497235.346656,20,45,184
1743497235.3816562,-13,-62,142
1743497235.417656,-55,3,54
1743497235.452656,16,93,126
1743497235.487656,84,73,257
1743497235.523656,-53,13,205
1743497235.558656,-11,-80,175
1743497235.594656,-17,79,79
1743497235.629656,-31,-90,177
1743497235.665656,28,-55,153
1743497235.700656,8,-53,93
1743497235.735656,8,4,67
1743497235.771656,6,9,57
1743497235.806656,86,-28,195
1743497235.842656,50,-3,151
1743497235.877656,8,8,9
1743497235.913656,-1,10,143
1743497235.948656,18,-19,107
1743497235.9836562,2,34,69
1743497236.019656,-47,36,167
1743497236.054656,40,104,43
1743497236.090656,-51,-23,109
1743497236.125656,42,-3,105
1743497236.161656,14,6,127
1743497236.196656,-35,31,287
1743497236.231656,18,-20,153
1743497236.267656,46,-52,117
1743497236.302656,82,45,137
1743497236.338656,-77,-50,107
1743497236.373656,56,-104,203
1743497236.409656,-35,-19,125
1743497236.444656,20,2,159
1743497236.479656,18,-35,171
1743497236.515656,-75,0,85
1743497236.550656,24,18,137
1743497236.586656,30,-26,83
1743497236.621656,-55,11,179
1743497236.657656,-56,-34,17
1743497236.692656,8,-81,205
1743497236.727656,-71,51,165
1743497236.763656,-19,-34,195
1743497236.798656,62,-54,137
1743497236.834656,-5,-14,169
1743497236.869656,14,49,73
1743497236.905656,-7,-102,127
1743497236.940656,-7,19,195
1743497236.975656,-13,7,19
1743497237.011656,36,15,257
1743497237.046656,2,3,73
1743497237.082656,26,47,151
1743497237.117656,-7,7,49
1743497237.153656,30,-10,135
1743497237.188656,-9,-8,61
1743497237.223656,0,-16,177
1743497237.259656,56,-18,173
1743497237.294656,-3,-16,315
1743497237.330656,-27,-30,193
1743497237.365656,66,1,125
1743497237.4016562,38,-28,57
1743497237.436656,4,-26,189
1743497237.471656,-7,19,101
1743497237.507656,48,-2,-52
1743497237.542656,48,33,95
1743497237.578656,-17,7,159
1743497237.613656,52,-10,163
1743497237.649656,26,-12,213
1743497237.685656,-9,-40,131
1743497237.721656,62,23,151
1743497237.757656,-25,-42,189
1743497237.792656,22,13,57
1743497237.827656,-11,59,43
1743497237.863656,64,-20,113
1743497237.899656,2,-64,31
1743497237.934656,-23,-4,153
1743497237.9706562,-5,53,191
1743497238.005656,28,-14,181
1743497238.040656,36,-24,147
1743497238.075656,-3,-4,225
1743497238.111656,-23,-58,195
1743497238.147656,-5,21,235
1743497238.182656,162,33,199
1743497238.218656,30,-10,83
1743497238.253656,-11,-4,83
1743497238.288656,12,41,123
1743497238.323656,-61,45,103
1743497238.359656,-65,-26,194
1743497238.395656,-55,-18,145
1743497238.430656,6,103,151
1743497238.466656,-40,-38,151
1743497238.501656,63,59,123
1743497238.536656,-80,11,177
1743497238.571656,-12,-40,71
1743497238.607656,-6,-16,181
1743497238.643656,-56,-4,151
1743497238.678656,-18,71,56
1743497238.714656,57,-20,32
1743497238.749656,13,-16,91
1743497238.784656,-16,-66,129
1743497238.819656,53,-28,177
1743497238.855656,79,47,45
1743497238.8916562,-50,-2,31
1743497238.926656,35,19,124
1743497238.962656,123,-12,146
1743497238.997656,37,-14,56
1743497239.032656,-2,67,134
1743497239.067656,-12,-42,140
1743497239.103656,-22,-20,88
1743497239.139656,-104,0,216
1743497239.1746562,-46,15,92
1743497239.2106562,99,0,144
1743497239.245656,-138,-83,186
1743497239.280656,35,24,172
1743497239.315656,-16,-27,100
1743497239.351656,21,4,166
1743497239.387656,11,-15,176
1743497239.422656,15,-23,128
1743497239.458656,-30,-38,132
1743497239.4936562,23,0,138
1743497239.528656,37,23,208
1743497239.563656,59,-35,254
1743497239.599656,-2,-7,112
1743497239.635656,-32,-27,98
1743497239.670656,15,78,214
1743497239.706656,15,20,150
1743497239.741656,1,38,184
1743497239.7766562,-28,38,132
1743497239.811656,5,-47,76
1743497239.847656,-2,-35,54
1743497239.883656,60,22,120
1743497239.918656,-29,-23,116
1743497239.954656,37,24,192
1743497239.989656,-10,-29,184
1743497240.024656,24,-3,144
1743497240.059656,-17,-11,198
1743497240.0956562,-5,10,-37
1743497240.1316562,-23,16,76
1743497240.166656,-21,52,128
1743497240.202656,9,2,22
1743497240.237656,29,38,308
1743497240.272656,-4,8,22
1743497240.307656,59,26,246
1743497240.343656,-60,-35,248
1743497240.379656,-6,-7,148
1743497240.4146562,93,-37,156
1743497240.450656,-8,58,46
1743497240.485656,77,38,158
1743497240.520656,-92,8,182
1743497240.555656,55,-63,164
1743497240.591656,-10,-24,106
1743497240.627656,9,59,140
1743497240.662656,65,26,22
1743497240.698656,53,-9,40
1743497240.7336562,0,4,206
1743497240.768656,-102,-47,204
1743497240.803656,5,21,212
1743497240.839656,-6,61,14
1743497240.875656,47,21,160
1743497240.910656,-6,-1,206
1743497240.946656,11,-46,158
1743497240.981656,25,42,40
1743497241.0166562,0,-47,134
1743497241.051656,-64,24,98
1743497241.087656,-44,14,112
1743497241.123656,-14,-1,116
1743497241.158656,33,32,100
1743497241.194656,21,-13,120
1743497241.229656,45,-9,182
1743497241.264656,13,-57,102
1743497241.2996562,-12,38,226
1743497241.3356562,-52,-7,32
1743497241.371656,35,-51,96
1743497241.406656,83,24,198
1743497241.442656,-14,-9,-15
1743497241.477656,-54,-63,92
1743497241.512656,-66,22,122
1743497241.547656,-22,8,98
1743497241.583656,1,-75,100
1743497241.619656,-88,-71,66
1743497241.6546562,23,-93,124
1743497241.690656,0,-31,212
1743497241.725656,-24,24,121
1743497241.760656,3,-25,301
1743497241.795656,51,28,91
1743497241.831656,3,-25,187
1743497241.867656,-24,-105,201
1743497241.902656,-56,34,115
1743497241.938656,41,66,97
1743497241.973656,-56,12,211
1743497242.008656,-46,2,155
1743497242.043656,-10,-17,119
1743497242.079656,-34,-37,155
1743497242.115656,5,10,135
1743497242.150656,27,-31,111
1743497242.186656,77,32,43
1743497242.221656,-10,46,127
1743497242.2566562,-16,-41,13
1743497242.291656,65,16,139
1743497242.327656,-30,-137,65
1743497242.363656,-6,70,75
1743497242.398656,49,78,161
1743497242.434656,-32,70,137
1743497242.469656,41,-37,179
1743497242.504656,-6,-77,87
1743497242.5396562,-46,16,165
1743497242.575656,49,2,17
1743497242.611656,-10,10,239
1743497242.646656,-28,-13,111
1743497242.682656,53,0,157
1743497242.717656,0,-39,93
1743497242.752656,-34,-69,181
1743497242.787656,35,8,179
1743497242.823656,-66,-57,195
1743497242.859656,-76,-15,79
1743497242.894656,-30,56,231
1743497242.930656,16,64,165
1743497242.965656,-23,62,49
1743497243.000656,114,-3,45
1743497243.036656,-7,-9,73
1743497243.071656,10,46,151
1743497243.114656,-35,84,149
1743497243.150656,38,-25,209
1743497243.186656,17,-71,107
1743497243.221656,-41,-37,165
1743497243.2566562,42,-105,17
1743497243.291656,-1,-57,121
1743497243.327656,-87,-19,81
1743497243.363656,-15,-29,107
1743497243.398656,10,26,203
1743497243.434656,-95,42,153
1743497243.469656,-67,32,-12
1743497243.504656,18,10,99
1743497243.5396562,-61,-33,169
1743497243.575656,70,-29,1
1743497243.611656,92,-45,203
1743497243.646656,24,26,119
1743497243.682656,15,42,43
1743497243.717656,-27,48,109
1743497243.752656,31,-7,213
1743497243.788656,22,-85,207
1743497243.823656,26,4,147
1743497243.859656,-83,-13,87
1743497243.894656,12,50,257
1743497243.930656,-71,-7,105
1743497243.965656,14,-75,161
1743497244.000656,28,-75,141
1743497244.036656,18,-135,171
1743497244.071656,-19,-11,215
1743497244.107656,-57,108,97
1743497244.142656,-47,-31,211
1743497244.178656,26,-37,169
1743497244.213656,-13,-34,75
1743497244.248656,-71,49,125
1743497244.284656,66,39,97
1743497244.319656,0,-79,187
1743497244.355656,48,-83,169
1743497244.390656,-31,21,137
1743497244.426656,-61,-19,-14
1743497244.461656,56,21,107
1743497244.496656,36,80,85
1743497244.532656,42,49,81
1743497244.567656,-27,-46,95
1743497244.603656,-65,34,147
1743497244.638656,-3,-63,203
1743497244.6746562,32,-55,125
1743497244.709656,74,32,127
1743497244.744656,4,70,213
1743497244.780656,-25,-13,167
1743497244.815656,24,-27,129
1743497244.851656,-63,38,209
1743497244.886656,0,6,83
1743497244.922656,10,-31,61
1743497244.957656,34,10,157
1743497244.992656,-5,-27,83
1743497245.028656,-21,-15,163
1743497245.063656,-105,-1,137
1743497245.099656,16,-14,189
1743497245.134656,6,-16,159
1743497245.170656,-53,11,155
1743497245.205656,94,31,21
1743497245.240656,-21,17,107
1743497245.2766562,-35,1,85
1743497245.311656,-72,-20,245
1743497245.347656,-21,-16,53
1743497245.382656,-40,13,259
1743497245.418656,45,0,77
1743497245.453656,-15,29,171
1743497245.488656,-33,-10,89
1743497245.524656,46,25,187
1743497245.559656,68,-16,225
1743497245.5956562,6,11,195
1743497245.630656,-23,69,27
1743497245.666656,-1,41,193
1743497245.701656,-9,19,153
1743497245.736656,4,60,223
1743497245.772656,20,28,27
1743497245.807656,16,58,185
1743497245.843656,4,30,49
1743497245.878656,52,28,233
1743497245.9146562,-57,58,225
1743497245.949656,20,8,103
1743497245.984656,102,34,115
1743497246.020656,8,14,29
1743497246.055656,42,77,27
1743497246.091656,36,7,161
1743497246.126656,-57,51,167
1743497246.162656,-94,-2,153
1743497246.1976562,-14,75,191
1743497246.232656,61,-30,113
1743497246.268656,107,-14,189
1743497246.303656,3,43,131
1743497246.339656,73,-78,31
1743497246.374656,-48,17,205
1743497246.410656,9,-20,79
1743497246.445656,-43,24,37
1743497246.480656,-5,22,133
1743497246.5166562,-17,54,145
1743497246.551656,-57,36,129
1743497246.587656,-26,-51,72
1743497246.622656,-101,34,110
1743497246.658656,-13,44,114
1743497246.693656,-63,28,158
1743497246.728656,-9,-87,118
1743497246.764656,74,108,136
1743497246.7996562,-21,0,-1
1743497246.8356562,66,-99,90
1743497246.870656,8,36,26
1743497246.906656,-3,38,166
1743497246.941656,72,-29,202
1743497246.976656,44,26,86
1743497247.012656,-19,-51,248
1743497247.047656,-25,-79,70
1743497247.083656,14,6,52
1743497247.1186562,-19,-67,112
1743497247.1546562,-21,-27,108
1743497247.190656,4,-61,246
1743497247.226656,-55,66,78
1743497247.262656,-101,-39,120
1743497247.297656,-37,26,76
1743497247.332656,42,-4,44
1743497247.3686562,58,-6,164
1743497247.4046562,-3,3,172
1743497247.439656,60,11,98
1743497247.475656,-35,-40,212
1743497247.510656,-61,31,194
1743497247.545656,68,30,76
1743497247.580656,20,2,154
1743497247.616656,8,18,160
1743497247.652656,36,18,150
1743497247.6876562,78,22,70
1743497247.723656,-3,18,56
1743497247.758656,-27,78,164
1743497247.793656,-7,34,234
1743497247.828656,94,8,164
1743497247.864656,32,10,10
1743497247.900656,-43,-77,38
1743497247.935656,-49,34,140
1743497247.971656,-15,-53,78
1743497248.0066562,30,10,78
1743497248.041656,28,16,102
1743497248.076656,86,-61,226
1743497248.112656,16,49,86
1743497248.148656,-49,15,236
1743497248.183656,-71,-4,140
1743497248.219656,18,10,88
1743497248.254656,0,-23,16
1743497248.2896562,34,20,40
1743497248.324656,-35,-27,62
1743497248.360656,26,11,119
1743497248.396656,-21,37,157
1743497248.431656,-17,-8,139
1743497248.467656,-35,25,177
1743497248.502656,-21,-38,51
1743497248.537656,56,-8,163
1743497248.5726562,42,5,237
1743497248.6086562,70,15,203
1743497248.644656,-85,17,237
1743497248.679656,-21,27,123
1743497248.715656,-33,1,157
1743497248.750656,30,-22,133
1743497248.785656,-47,-66,165
1743497248.820656,32,27,157
1743497248.856656,40,-14,169
1743497248.892656,-71,71,135
1743497248.927656,-55,97,111
1743497248.963656,-83,-32,63
1743497248.998656,-45,47,193
1743497249.033656,68,51,119
1743497249.068656,50,5,155
1743497249.104656,-1,39,-34
1743497249.140656,-77,-14,269
1743497249.175656,-9,15,-12
1743497249.211656,-27,-48,177
1743497249.246656,14,59,123
1743497249.281656,-27,27,85
1743497249.316656,36,-22,107
1743497249.352656,-1,-30,75
1743497249.388656,18,1,139
1743497249.423656,56,65,163
1743497249.459656,0,-56,185
1743497249.494656,52,-36,179
1743497249.5296562,10,31,149
1743497249.564656,78,-66,193
1743497249.600656,14,33,303
1743497249.636656,58,-56,101
1743497249.671656,-57,33,95
1743497249.707656,-159,-36,95
1743497249.742656,12,-12,193
1743497249.777656,44,-80,139
1743497249.8126562,24,-12,191
1743497249.848656,30,31,231
1743497249.884656,28,-26,139
1743497249.919656,124,-14,139
1743497249.955656,88,-10,143
1743497249.990656,32,-68,81
1743497250.025656,-74,-24,125
1743497250.060656,-5,-42,273
1743497250.096656,8,-10,155
1743497250.132656,-25,-26,95
1743497250.167656,10,13,235
1743497250.203656,-71,0,249
1743497250.238656,-49,0,180
1743497250.273656,56,-78,171
1743497250.308656,46,-50,91
1743497250.344656,64,-12,171
1743497250.380656,-71,-2,60
1743497250.415656,-53,-76,178
1743497250.451656,74,-107,244
1743497250.486656,0,-9,208
1743497250.521656,20,-59,162
1743497250.556656,-21,34,150
1743497250.592656,112,42,226
1743497250.628656,-87,-65,218
1743497250.663656,10,0,109
1743497250.699656,-35,22,184
1743497250.734656,90,12,-11
1743497250.769656,-15,-9,170
1743497250.804656,38,0,146
1743497250.840656,-29,-17,116
1743497250.876656,34,58,116
1743497250.911656,-19,70,124
1743497250.9476562,-79,-31,56
1743497250.982656,-25,34,20
1743497251.017656,-17,-59,152
1743497251.052656,18,-61,136
1743497251.088656,-49,28,154
1743497251.124656,66,-29,188
1743497251.159656,8,-21,30
1743497251.195656,0,-33,82
1743497251.230656,99,2,190
1743497251.265656,67,-17,124
1743497251.300656,-9,-49,116
1743497251.336656,-17,-9,80
1743497251.372656,47,-41,148
1743497251.407656,-7,-1,26
1743497251.443656,-29,34,174
1743497251.478656,40,34,156
1743497251.513656,58,-55,74
1743497251.548656,-18,-31,164
1743497251.584656,-14,-101,206
1743497251.620656,-63,94,52
1743497251.655656,-53,-15,94
1743497251.691656,42,-19,132
1743497251.726656,16,60,202
1743497251.761656,1,-49,90
1743497251.796656,27,-35,218
1743497251.832656,45,-19,56
1743497251.8686562,22,-29,60
1743497251.903656,57,-35,172
1743497251.939656,-40,-5,166
1743497251.974656,13,-29,98
1743497252.009656,27,-17,180
1743497252.044656,42,-37,150
1743497252.080656,26,-5,76
1743497252.116656,-59,-19,138
1743497252.1516562,12,-19,56
1743497252.1876562,-9,-25,72
1743497252.222656,18,-59,122
1743497252.257656,-23,18,140
1743497252.292656,6,-16,108
1743497252.328656,8,-30,152
1743497252.364656,-1,-1,54
1743497252.399656,42,-21,80
1743497252.435656,-37,-3,74
1743497252.4706562,-1,-5,236
1743497252.505656,-107,-1,-61
1743497252.540656,-17,-99,130
1743497252.576656,-47,40,118
1743497252.612656,-23,8,136
1743497252.647656,8,48,20
1743497252.683656,-11,-62,174
1743497252.718656,-31,5,94
1743497252.753656,10,-50,50
1743497252.788656,102,5,156
1743497252.824656,-35,41,168
1743497252.860656,-19,0,16
1743497252.895656,22,-42,216
1743497252.931656,-77,0,148
1743497252.966656,-19,55,188
1743497253.001656,-9,-38,100
1743497253.036656,-65,-84,104
1743497253.0726562,26,-38,208
1743497253.115656,92,-36,36
1743497253.1516562,18,35,66
1743497253.1876562,52,13,170
1743497253.222656,32,-2,122
1743497253.257656,14,123,150
1743497253.293656,-5,-6,88
1743497253.328656,36,-24,126
1743497253.364656,28,-12,228
1743497253.399656,-19,-70,142
1743497253.435656,-57,35,200
1743497253.4706562,-5,0,172
1743497253.505656,30,-42,102
1743497253.541656,26,37,224
1743497253.576656,22,43,132
1743497253.612656,44,7,78
1743497253.647656,-9,-44,206
1743497253.683656,-21,21,188
1743497253.718656,16,49,152
1743497253.753656,22,-20,128
1743497253.7896562,-35,61,136
1743497253.824656,0,7,180
1743497253.860656,4,-2,64
1743497253.895656,24,-62,116
1743497253.931656,14,33,226
1743497253.966656,6,-28,190
1743497254.001656,58,-20,102
1743497254.037656,42,21,120
1743497254.0726562,4,5,158
1743497254.1086562,16,27,-3
1743497254.143656,-57,59,262
1743497254.179656,38,57,44
1743497254.214656,18,-48,116
1743497254.249656,56,-32,102
1743497254.285656,8,-60,194
1743497254.320656,-7,33,168
1743497254.356656,38,91,82
1743497254.3916562,-71,25,106
1743497254.427656,-35,-2,208
1743497254.462656,14,-68,168
1743497254.497656,-6,-52,102
1743497254.533656,-23,27,74
1743497254.568656,24,-34,134
1743497254.604656,-55,23,242
1743497254.639656,28,31,118
1743497254.675656,-9,-26,22
1743497254.7106562,10,67,192
1743497254.745656,-41,0,280
1743497254.781656,-3,45,112
1743497254.816656,24,57,56
1743497254.852656,-39,41,200
1743497254.887656,26,-68,82
1743497254.923656,-19,23,124
1743497254.958656,28,-52,-5
1743497254.9936562,14,-16,128
1743497255.0296562,-81,75,190
1743497255.064656,6,-42,150
1743497255.100656,44,-18,148
1743497255.135656,-13,51,182
1743497255.171656,-37,-44,194
1743497255.206656,28,-16,132
1743497255.241656,14,17,162
1743497255.277656,34,35,50
1743497255.3126562,-19,-50,246
1743497255.348656,62,-76,-47
1743497255.383656,-47,-18,120
1743497255.419656,-29,-46,128
1743497255.454656,-18,-78,150
1743497255.489656,-31,-38,-31
1743497255.525656,16,15,124
1743497255.560656,-25,-2,222
1743497255.596656,56,-24,28
1743497255.6316562,124,-52,68
1743497255.667656,-23,-10,164
1743497255.702656,40,-2,154
1743497255.737656,-13,-32,134
1743497255.773656,-35,-96,-31
1743497255.808656,-17,-128,30
1743497255.844656,17,-24,176
1743497255.879656,8,57,56
1743497255.915656,-44,-30,212
1743497255.950656,44,47,120
1743497255.985656,-15,30,14
1743497256.021656,50,-15,90
1743497256.056656,-7,-49,66
1743497256.092656,-23,22,26
1743497256.127656,-59,59,132
1743497256.163656,-65,-16,42
1743497256.198656,-17,-7,100
1743497256.2336562,-5,-5,3
1743497256.269656,-55,-5,133
1743497256.304656,48,10,155
1743497256.340656,12,70,259
1743497256.375656,-27,16,105
1743497256.411656,8,-69,-8
1743497256.446656,-87,4,121
1743497256.481656,-11,74,-38
1743497256.517656,46,48,163
1743497256.552656,-55,-41,191
1743497256.588656,16,-13,161
1743497256.623656,8,-51,71
1743497256.659656,-49,-13,219
1743497256.695656,-9,30,127
1743497256.731656,40,-15,177
1743497256.767656,-107,-33,145
1743497256.802656,-19,-45,107
1743497256.837656,-27,-7,175
1743497256.873656,36,6,29
1743497256.909656,-13,-69,109
1743497256.944656,16,-7,117
1743497256.980656,-69,19,121
1743497257.015656,28,28,71
1743497257.050656,68,-5,159
1743497257.0856562,52,-65,33
1743497257.121656,-57,-3,267
1743497257.157656,-17,10,111
1743497257.192656,30,-27,67
1743497257.228656,-81,22,137
1743497257.263656,-81,-9,153
1743497257.298656,38,-7,149
1743497257.333656,-41,98,195
1743497257.369656,72,-13,121
1743497257.405656,-75,-7,145
1743497257.440656,-99,-41,0
1743497257.476656,38,-29,167
1743497257.511656,13,10,261
1743497257.546656,3,-3,135
1743497257.581656,-64,78,97
1743497257.617656,23,84,17
1743497257.653656,-51,84,129
1743497257.688656,-3,-7,121
1743497257.724656,30,-81,145
1743497257.759656,-37,6,127
1743497257.794656,-32,-25,176
1743497257.829656,106,-5,142
1743497257.865656,82,-63,110
1743497257.9016562,-44,-21,192
1743497257.936656,-54,-83,224
1743497257.972656,-15,-51,80
1743497258.007656,22,18,196
1743497258.042656,2,2,150
1743497258.077656,-23,16,-21
1743497258.113656,6,-37,210
1743497258.149656,-13,-7,80
1743497258.184656,-123,34,162
1743497258.2206562,-83,-19,72
1743497258.255656,2,82,204
1743497258.290656,2,24,46
1743497258.325656,68,-19,90
1743497258.361656,62,88,278
1743497258.397656,-3,-23,-37
1743497258.432656,-85,50,156
1743497258.468656,46,-9,188
1743497258.503656,62,-21,134
1743497258.538656,-65,70,184
1743497258.573656,28,44,140
1743497258.609656,8,2,112
1743497258.645656,-21,-31,56
1743497258.680656,18,-35,174
1743497258.716656,7,28,58
1743497258.751656,-69,-7,186
1743497258.786656,48,-3,106
1743497258.821656,-47,-13,34
1743497258.857656,70,-18,270
1743497258.893656,64,-4,122
1743497258.928656,24,-2,74
1743497258.964656,-13,81,104
1743497258.999656,-43,-27,88
1743497259.034656,-7,16,72
1743497259.069656,-25,-17,160
1743497259.105656,62,26,132
1743497259.1416562,-83,-3,148
1743497259.176656,38,12,112
1743497259.212656,-101,-7,50
1743497259.247656,-55,-9,150
1743497259.282656,-123,14,138
1743497259.317656,-47,-45,106
1743497259.353656,32,58,192
1743497259.389656,-13,-65,116
1743497259.4246562,-35,42,168
1743497259.4606562,-25,-17,-3
1743497259.495656,-91,22,158
1743497259.530656,-7,12,141
1743497259.565656,-61,-7,55
1743497259.601656,32,74,225
1743497259.637656,26,-59,171
1743497259.672656,58,6,103
1743497259.708656,6,12,221
1743497259.7436562,38,-23,165
1743497259.778656,78,22,123
1743497259.813656,26,-59,169
1743497259.849656,-17,60,-46
1743497259.885656,22,21,113
1743497259.920656,38,-26,153
1743497259.956656,32,14,155
1743497259.991656,-61,58,167
1743497260.0266562,-59,-7,113
1743497260.061656,-61,6,65
1743497260.097656,-7,64,185
1743497260.133656,88,12,163
1743497260.168656,-47,20,53
1743497260.204656,-27,-13,115
1743497260.239656,-11,-21,97
1743497260.274656,-35,-51,173
1743497260.309656,122,-31,39
1743497260.3456562,-9,8,153
1743497260.3816562,24,12,69
1743497260.416656,28,-3,141
1743497260.452656,3,-47,125
1743497260.487656,-18,56,127
1743497260.522656,37,-61,101
1743497260.557656,-52,-41,99
1743497260.593656,-28,-15,219
1743497260.629656,0,-21,205
1743497260.6646562,26,-15,263
1743497260.700656,28,72,49
1743497260.735656,-53,8,131
1743497260.770656,105,-17,21
1743497260.805656,-48,-33,211
1743497260.841656,77,50,107
1743497260.877656,49,-43,93
1743497260.912656,-54,8,161
1743497260.948656,-32,-31,199
1743497260.9836562,51,-5,-44
1743497261.018656,31,-91,235
1743497261.053656,63,-39,109
1743497261.089656,21,16,139
1743497261.125656,0,28,107
1743497261.160656,-72,-49,69
1743497261.196656,-8,-11,199
1743497261.231656,-6,34,105
1743497261.2666562,1,-109,41
1743497261.301656,31,-7,141
1743497261.337656,-56,-65,139
1743497261.373656,-60,18,159
1743497261.408656,5,-13,129
1743497261.444656,-2,-3,123
1743497261.479656,-12,-17,59
1743497261.514656,11,-15,99
1743497261.5496562,9,11,-28
1743497261.5856562,41,3,133
1743497261.621656,23,-7,169
1743497261.656656,-64,-39,95
1743497261.692656,-30,45,77
1743497261.727656,53,-32,33
1743497261.762656,-58,-100,23
1743497261.797656,-40,61,57
1743497261.833656,-50,53,67
1743497261.869656,153,-58,71
1743497261.9046562,11,-10,149
1743497261.940656,5,7,179
1743497261.975656,-6,-65,115
1743497262.010656,3,-54,150
1743497262.045656,-56,-42,158
1743497262.081656,111,7,218
1743497262.117656,51,-28,98
1743497262.152656,37,35,88
1743497262.188656,33,-38,90
1743497262.223656,-8,-98,98
1743497262.258656,69,13,66
1743497262.293656,-76,19,144
1743497262.329656,34,-4,180
1743497262.365656,-44,-36,144
1743497262.400656,41,29,126
1743497262.436656,-22,9,182
1743497262.471656,9,17,-53
1743497262.5066562,-97,4,240
1743497262.541656,35,60,32
1743497262.577656,-42,-21,58
1743497262.613656,-26,-15,116
1743497262.648656,15,-39,24
1743497262.684656,-42,-5,106
1743497262.719656,22,-59,158
1743497262.754656,-29,-9,115
1743497262.790656,-25,-11,137
1743497262.825656,-15,40,95
1743497262.861656,-15,-13,209
1743497262.896656,12,14,168
1743497262.932656,54,22,108
1743497262.967656,-35,8,178
1743497263.002656,-27,70,162
1743497263.038656,-17,-7,100
1743497263.073656,-63,-27,92
1743497263.116656,24,0,88
1743497263.152656,44,-9,112
1743497263.188656,-13,-27,-37
1743497263.223656,42,-55,130
1743497263.258656,22,20,82
1743497263.294656,-17,-29,80
1743497263.329656,-49,54,124
1743497263.365656,-7,6,56
1743497263.400656,40,20,176
1743497263.436656,4,34,132
1743497263.471656,-13,6,20
1743497263.5066562,-33,-31,248
1743497263.542656,58,20,138
1743497263.577656,2,-1,232
1743497263.613656,34,-9,194
1743497263.648656,-49,-21,244
1743497263.684656,18,16,112
1743497263.719656,-21,-16,134
1743497263.754656,24,-37,50
1743497263.790656,-3,28,230
1743497263.825656,34,-23,72
1743497263.861656,-11,-57,200
1743497263.896656,-29,2,168
1743497263.932656,92,-57,146
1743497263.967656,30,16,144
1743497264.002656,-43,16,200
1743497264.038656,-49,-7,134
1743497264.073656,24,14,38
1743497264.109656,-31,-3,154
1743497264.144656,74,-31,108
1743497264.180656,-45,14,102
1743497264.215656,50,9,138
1743497264.250656,74,-40,162
1743497264.286656,-1,-6,165
1743497264.321656,16,7,115
1743497264.357656,-35,-35,119
1743497264.392656,-23,56,73
1743497264.428656,46,3,77
1743497264.463656,-9,57,97
1743497264.498656,-17,-32,97
1743497264.534656,58,-34,-20
1743497264.569656,78,-6,101
1743497264.605656,18,-4,191
1743497264.640656,-27,42,101
1743497264.676656,-5,-10,229
1743497264.711656,16,-1,201
1743497264.746656,-25,-17,151
1743497264.782656,16,-32,97
1743497264.817656,-47,-52,87
1743497264.853656,-27,66,231
1743497264.888656,-32,22,65
1743497264.9246562,-10,16,41
1743497264.959656,25,40,205
1743497264.994656,-40,-61,141
1743497265.030656,-38,-9,181
1743497265.065656,-72,2,99
1743497265.101656,-98,-3,79
1743497265.136656,-32,-69,261
1743497265.172656,-10,-13,75
1743497265.207656,-124,18,181
1743497265.242656,-52,4,31
1743497265.278656,-23,14,103
1743497265.313656,32,22,23
1743497265.349656,-19,52,115
1743497265.384656,-19,32,191
1743497265.420656,2,44,313
1743497265.455656,38,-47,29
1743497265.490656,76,-5,93
1743497265.5266562,20,-3,167
1743497265.561656,56,48,113
1743497265.597656,6,-79,219
1743497265.632656,24,-7,105
1743497265.668656,2,-21,175
1743497265.703656,-9,-91,109
1743497265.738656,38,10,1
1743497265.774656,98,-3,173
1743497265.809656,-15,48,41
1743497265.8456562,-13,92,137
1743497265.880656,48,20,105
1743497265.916656,38,0,199
1743497265.951656,-21,-43,11
1743497265.986656,-33,-89,235
1743497266.022656,-13,57,123
1743497266.057656,6,-33,107
1743497266.093656,6,10,95
1743497266.128656,78,-57,163
1743497266.1646562,7,58,69
1743497266.199656,-58,-7,137
1743497266.234656,20,-55,125
1743497266.270656,-120,6,107
1743497266.305656,41,16,1
1743497266.341656,-10,-41,151
1743497266.376656,-62,-51,153
1743497266.412656,23,22,61
1743497266.448656,97,-9,153
1743497266.4836562,42,66,213
1743497266.518656,-17,-3,201
1743497266.554656,-75,-13,55
1743497266.590656,70,46,65
1743497266.625656,30,-33,91
1743497266.661656,20,-8,165
1743497266.696656,12,10,31
1743497266.731656,30,44,53
1743497266.7666562,-13,-48,117
1743497266.802656,18,-25,195
1743497266.838656,26,-40,135
1743497266.873656,-55,-35,37
1743497266.909656,80,-17,129
1743497266.944656,32,26,65
1743497266.979656,-99,22,89
1743497267.014656,32,-39,53
1743497267.050656,54,-9,215
1743497267.086656,78,76,179
1743497267.121656,-31,-27,173
1743497267.157656,-17,-33,175
1743497267.192656,-27,-71,43
1743497267.227656,6,-37,167
1743497267.262656,8,-25,196
1743497267.298656,2,-43,6
1743497267.334656,-65,76,60
1743497267.369656,-7,-3,96
1743497267.405656,20,8,124
1743497267.440656,8,27,198
1743497267.475656,-17,-34,288
1743497267.510656,40,14,196
1743497267.546656,16,-72,164
1743497267.582656,12,-46,220
1743497267.617656,-5,65,200
1743497267.653656,48,-2,272
1743497267.688656,58,3,48
1743497267.723656,28,-4,142
1743497267.758656,6,-38,164
1743497267.794656,-11,7,44
1743497267.830656,42,35,174
1743497267.865656,-33,101,204
1743497267.9016562,-47,89,104
1743497267.936656,-55,55,132
1743497267.971656,-33,31,204
1743497268.0066562,0,27,164
1743497268.042656,-29,-50,276
1743497268.078656,72,9,168
1743497268.113656,2,15,104
1743497268.149656,2,15,52
1743497268.184656,102,36,152
1743497268.219656,6,-83,108
1743497268.254656,48,46,150
1743497268.290656,-25,48,124
1743497268.326656,-1,-23,38
1743497268.361656,-29,46,148
1743497268.397656,76,-37,116
1743497268.432656,4,-9,38
1743497268.467656,-13,24,104
1743497268.502656,-33,-17,144
1743497268.538656,16,34,54
1743497268.574656,-151,-31,142
1743497268.609656,-81,86,120
1743497268.645656,12,-25,212
1743497268.680656,-29,4,136
1743497268.715656,-85,86,14
1743497268.750656,8,-37,196
1743497268.786656,26,44,274
1743497268.8226562,-21,-21,126
1743497268.857656,-25,-39,124
1743497268.893656,-37,14,58
1743497268.928656,-11,4,120
1743497268.963656,-55,-51,92
1743497268.998656,-93,60,20
1743497269.034656,14,-43,92
1743497269.070656,14,18,104
1743497269.105656,4,0,-11
1743497269.1416562,-25,-1,156
1743497269.176656,-47,-41,200
1743497269.211656,50,-23,136
1743497269.246656,20,12,220
1743497269.282656,-7,-23,202
1743497269.318656,-11,-35,84
1743497269.353656,-53,44,134
1743497269.389656,48,68,164
1743497269.4246562,56,50,58
1743497269.459656,-29,-29,188
1743497269.494656,-23,4,136
1743497269.530656,-37,2,124
1743497269.566656,-21,-31,80
1743497269.601656,32,-15,36
1743497269.637656,14,44,142
1743497269.672656,-21,-97,2
1743497269.707656,16,20,208
1743497269.742656,78,4,268
1743497269.778656,-53,-41,72
1743497269.814656,28,50,146
1743497269.849656,-21,-3,156
1743497269.885656,30,-65,260
1743497269.920656,-41,20,122
1743497269.955656,26,16,58
1743497269.990656,16,-25,126
1743497270.0266562,-57,-39,74
1743497270.0626562,12,-37,194
1743497270.097656,-23,-43,192
1743497270.133656,40,66,150
1743497270.168656,-81,-9,88
1743497270.203656,-3,-21,56
1743497270.238656,-25,-9,232
1743497270.274656,-109,34,256
1743497270.310656,10,-89,184
1743497270.3456562,-37,28,206
1743497270.3816562,15,-99,60
1743497270.416656,37,-19,162
1743497270.451656,25,-25,176
1743497270.486656,21,-53,128
1743497270.522656,13,30,0
1743497270.558656,17,42,272
1743497270.593656,-18,-9,160
1743497270.629656,-42,8,54
1743497270.6646562,-78,20,230
1743497270.699656,105,0,158
1743497270.734656,21,-5,104
1743497270.770656,-48,-63,150
1743497270.806656,43,68,76
1743497270.841656,-2,40,148
1743497270.877656,-26,30,76
1743497270.912656,-40,-51,80
1743497270.9476562,37,-31,144
1743497270.982656,28,4,146
1743497271.018656,-55,0,82
1743497271.054656,22,-13,224
1743497271.089656,52,-19,128
1743497271.125656,-13,-1,216
1743497271.160656,-111,-45,78
1743497271.195656,8,50,164
1743497271.230656,-70,5,34
1743497271.2666562,31,-7,182
1743497271.302656,27,-34,68
1743497271.337656,-63,-64,154
1743497271.373656,-77,24,76
1743497271.408656,30,-92,56
1743497271.443656,82,102,168
1743497271.478656,-7,88,198
1743497271.514656,-17,34,196
1743497271.550656,-143,4,124
1743497271.5856562,48,-23,244
1743497271.621656,-1,46,72
1743497271.656656,34,80,128
1743497271.691656,-11,39,216
1743497271.726656,-1,-36,106
1743497271.762656,40,-22,66
1743497271.798656,36,-25,60
1743497271.833656,-53,-31,108
1743497271.869656,56,42,230
1743497271.9046562,102,72,136
1743497271.939656,-41,24,82
1743497271.974656,-43,12,90
1743497272.010656,-35,12,230
1743497272.046656,14,-63,176
1743497272.081656,42,-3,120
1743497272.117656,70,12,240
1743497272.152656,-31,2,138
1743497272.1876562,-45,-47,76
1743497272.222656,-11,-83,98
1743497272.258656,-53,-63,162
1743497272.294656,4,24,-17
1743497272.329656,-19,4,126
1743497272.365656,-49,-27,194
1743497272.400656,-55,56,192
1743497272.435656,14,8,146
1743497272.471656,4,-3,106
1743497272.5066562,62,42,72
1743497272.542656,20,-51,48
1743497272.577656,42,0,118
1743497272.613656,20,-31,-13
1743497272.648656,-33,-49,106
1743497272.683656,-9,4,142
1743497272.719656,6,29,138
1743497272.754656,-85,19,36
1743497272.790656,-19,29,182
1743497272.825656,2,75,88
1743497272.861656,22,13,74
1743497272.896656,-29,5,178
1743497272.931656,-19,-24,232
1743497272.967656,80,45,124
1743497273.002656,-45,37,146
1743497273.038656,14,19,106
1743497273.073656,-83,-10,76
1743497273.109656,-41,-18,58
1743497273.1516562,-43,43,62
1743497273.1876562,-27,35,-21
1743497273.223656,-41,-12,82
1743497273.258656,-43,31,104
1743497273.294656,24,17,114
1743497273.329656,0,-40,160
1743497273.365656,-1,35,304
1743497273.400656,26,21,170
1743497273.435656,42,93,160
1743497273.471656,-39,-32,176
1743497273.5066562,54,26,156
1743497273.542656,-15,26,144
1743497273.577656,42,-15,172
1743497273.613656,24,9,88
1743497273.648656,-83,-14,142
1743497273.683656,-49,11,142
1743497273.719656,50,19,98
1743497273.754656,-69,0,216
1743497273.790656,8,21,72
1743497273.825656,46,-34,192
1743497273.861656,16,-28,74
1743497273.896656,-19,-12,102
1743497273.931656,44,37,150
1743497273.967656,-16,-62,118
1743497274.002656,15,-22,108
1743497274.038656,-64,24,-15
1743497274.073656,-48,0,78
1743497274.109656,11,42,210
1743497274.144656,5,50,204
1743497274.179656,-24,-39,244
1743497274.215656,-52,30,100
1743497274.250656,79,34,90
1743497274.286656,37,-31,76
1743497274.321656,-34,-15,142
1743497274.357656,-40,-49,178
1743497274.392656,33,28,148
1743497274.427656,47,-37,78
1743497274.463656,-62,64,262
1743497274.498656,65,32,214
1743497274.534656,-98,46,120
1743497274.569656,-72,-57,168
1743497274.605656,7,-57,172
1743497274.640656,71,12,182
1743497274.675656,-20,-11,168
1743497274.711656,95,-13,108
1743497274.746656,55,54,186
1743497274.782656,17,22,80
1743497274.817656,-12,-81,118
1743497274.853656,21,52,244
1743497274.888656,11,6,102
1743497274.923656,-40,-49,96
1743497274.959656,31,-41,154
1743497274.994656,11,-27,-13
1743497275.030656,-84,-42,150
1743497275.065656,-66,-48,40
1743497275.101656,-2,-16,-51
1743497275.136656,119,51,216
1743497275.171656,31,-6,150
1743497275.207656,113,51,134
1743497275.242656,-45,9,80
1743497275.278656,12,-20,132
1743497275.313656,-3,11,140
1743497275.349656,-5,5,140
1743497275.384656,-11,59,54
1743497275.419656,-63,-84,170
1743497275.455656,-63,-24,192
1743497275.490656,25,27,-5
1743497275.5266562,-14,35,116
1743497275.561656,17,3,194
1743497275.597656,-24,-22,112
1743497275.632656,33,-34,84
1743497275.667656,19,-34,196
1743497275.703656,33,-50,158
1743497275.738656,-53,7,50
1743497275.774656,-47,-44,100
1743497275.809656,-21,-66,260
1743497275.8456562,-67,15,178
1743497275.8816562,-13,-12,212
1743497275.916656,20,33,216
1743497275.951656,76,57,74
1743497275.987656,112,0,152
1743497276.023656,-15,-44,198
1743497276.058656,-9,59,206
1743497276.094656,22,41,156
1743497276.129656,-23,49,78
1743497276.1646562,2,-4,120
1743497276.199656,-35,11,94
1743497276.235656,-17,-8,78
1743497276.271656,4,-32,108
1743497276.306656,108,6,88
1743497276.342656,-35,-17,94
1743497276.377656,-125,44,238
1743497276.412656,-35,14,62
1743497276.4476562,-37,40,88
1743497276.4836562,73,-59,66
1743497276.519656,7,-15,86
1743497276.554656,1,48,108
1743497276.590656,-52,20,50
1743497276.625656,-36,48,126
1743497276.660656,7,-90,136
1743497276.695656,69,-30,158
1743497276.731656,67,3,166
1743497276.767656,10,0,82
1743497276.802656,27,11,102
1743497276.838656,57,-20,174
1743497276.873656,15,-52,194
1743497276.908656,21,-7,62
1743497276.943656,55,-9,148
1743497276.979656,-8,61,8
1743497277.015656,-2,17,112
1743497277.050656,5,9,130
1743497277.086656,-20,33,206
1743497277.121656,-22,8,184
1743497277.156656,-17,-51,136
1743497277.191656,6,-69,124
1743497277.227656,58,-75,286
1743497277.263656,-63,8,92
1743497277.298656,90,-53,114
1743497277.334656,2,36,204
1743497277.369656,26,-10,224
1743497277.4046562,-43,-31,46
1743497277.439656,58,-115,190
1743497277.475656,-103,66,280
1743497277.511656,-31,24,91
1743497277.546656,-21,-19,197
1743497277.582656,-19,-9,81
1743497277.617656,16,37,107
1743497277.652656,-11,39,55
1743497277.6876562,-25,25,207
1743497277.723656,-21,65,81
1743497277.759656,26,0,127
1743497277.794656,-5,-54,103
1743497277.830656,-47,23,107
1743497277.865656,-5,-8,159
1743497277.900656,-65,45,97
1743497277.935656,-1,53,113
1743497277.971656,-105,3,157
1743497278.007656,31,9,145
1743497278.042656,-76,-98,43
1743497278.078656,-24,1,125
1743497278.113656,-40,53,-76
1743497278.148656,-4,71,79
1743497278.183656,-22,7,33
1743497278.219656,0,-2,83
1743497278.255656,9,-62,201
1743497278.290656,63,33,187
1743497278.326656,39,59,141
1743497278.361656,-32,0,235
1743497278.396656,-24,91,57
1743497278.431656,3,3,259
1743497278.467656,-54,-2,167
1743497278.503656,-40,27,153
1743497278.538656,21,-20,139
1743497278.574656,-18,-36,143
1743497278.609656,-26,-32,221
1743497278.644656,23,5,1
1743497278.679656,-44,3,205
1743497278.715656,25,-18,177
1743497278.751656,55,13,171
1743497278.786656,77,-54,151
1743497278.8226562,37,-74,163
1743497278.857656,-18,-42,157
1743497278.892656,39,-44,205
1743497278.927656,11,49,269
1743497278.963656,97,-9,71
1743497278.999656,29,7,187
1743497279.034656,-36,-3,127
1743497279.070656,39,-61,147
1743497279.105656,-20,102,277
1743497279.140656,-14,-89,71
1743497279.175656,-8,-9,139
1743497279.211656,7,50,135
1743497279.247656,41,-9,141
1743497279.282656,31,0,191
1743497279.318656,111,-7,157
1743497279.353656,-64,-63,219
1743497279.388656,5,-49,69
1743497279.423656,-42,-3,55
1743497279.459656,-40,27,273
1743497279.495656,-48,-33,209
1743497279.530656,85,-19,175
1743497279.566656,-36,7,185
1743497279.601656,-22,-80,123
1743497279.636656,24,-40,165
1743497279.671656,82,17,213
1743497279.707656,-71,-10,203
1743497279.7436562,-71,47,199
1743497279.778656,20,-4,137
1743497279.814656,-11,-15,153
1743497279.849656,88,-13,151
1743497279.884656,-47,0,93
1743497279.919656,-29,-9,167
1743497279.955656,6,46,55
1743497279.991656,2,-3,95
1743497280.0266562,-43,10,161
1743497280.0626562,47,-30,169
1743497280.097656,-25,37,203
1743497280.132656,21,15,75
1743497280.167656,-63,-48,147
1743497280.203656,-17,-27,265
1743497280.239656,34,-25,193
1743497280.274656,-173,-25,208
1743497280.310656,-51,1,38
1743497280.3456562,21,107,158
1743497280.380656,35,35,134
1743497280.415656,-14,15,146
1743497280.451656,23,23,112
1743497280.487656,-24,-1,120
1743497280.522656,-12,51,12
1743497280.558656,-2,3,6
1743497280.593656,37,-42,178
1743497280.628656,33,-58,136
1743497280.663656,11,5,112
1743497280.699656,43,89,220
1743497280.735656,1,13,152
1743497280.770656,29,13,144
1743497280.806656,-66,51,114
1743497280.841656,23,23,104
1743497280.876656,33,-64,54
1743497280.911656,15,-42,138
1743497280.9476562,-68,-12,214
1743497280.9836562,-46,77,158
1743497281.018656,89,59,194
1743497281.054656,-28,-16,136
1743497281.089656,91,-6,86
1743497281.124656,-38,-84,214
1743497281.159656,-6,34,96
1743497281.195656,-60,19,60
1743497281.231656,57,-15,76
1743497281.2666562,-40,-17,52
1743497281.302656,25,44,160
1743497281.337656,-79,34,172
1743497281.372656,16,18,146
1743497281.407656,-51,22,82
1743497281.443656,-9,-73,204
1743497281.479656,-51,56,26
1743497281.514656,-53,20,90
1743497281.550656,10,-49,198
1743497281.5856562,38,58,184
1743497281.620656,-7,18,152
1743497281.655656,18,-53,160
1743497281.691656,-107,60,24
1743497281.727656,30,-71,144
1743497281.762656,44,-11,130
1743497281.798656,-35,-43,68
1743497281.833656,50,-1,122
1743497281.8686562,-29,16,8
1743497281.9046562,-5,2,74
1743497281.939656,22,8,101
1743497281.975656,14,-21,273
1743497282.010656,-47,2,167
1743497282.046656,4,14,167
1743497282.081656,-11,14,117
1743497282.116656,-11,-25,71
1743497282.152656,14,28,133
1743497282.1876562,24,-17,157
1743497282.223656,26,1,151
1743497282.258656,68,35,159
1743497282.294656,-77,-18,77
1743497282.329656,-23,44,75
1743497282.364656,16,21,113
1743497282.400656,68,-25,221
1743497282.435656,-1,-7,99
1743497282.471656,44,58,99
1743497282.5066562,-43,26,157
1743497282.542656,-63,42,5
1743497282.577656,-11,-9,93
1743497282.612656,62,-33,21
1743497282.648656,34,-1,9
1743497282.683656,4,82,211
1743497282.719656,34,32,135
1743497282.754656,48,42,231
1743497282.790656,-37,-19,101
1743497282.825656,66,-33,107
1743497282.860656,12,10,95
1743497282.896656,20,44,179
1743497282.931656,-59,20,195
1743497282.967656,-37,62,91
1743497283.002656,28,44,156
1743497283.038656,20,44,194
1743497283.073656,-41,38,116
1743497283.1086562,4,-59,52
1743497283.144656,8,22,236
1743497283.186656,110,-61,270
1743497283.223656,18,-5,248
1743497283.258656,20,38,88
1743497283.294656,6,22,180
1743497283.329656,18,9,124
1743497283.364656,-41,35,176
1743497283.400656,52,-38,214
1743497283.435656,-9,-37,124
1743497283.471656,128,20,22
1743497283.5066562,40,-29,162
1743497283.542656,-31,-15,154
1743497283.577656,-11,100,168
1743497283.612656,-79,30,138
1743497283.648656,-77,-3,192
1743497283.683656,-65,-81,168
1743497283.719656,44,32,88
1743497283.754656,10,-23,34
1743497283.790656,12,34,46
1743497283.825656,-52,22,218
1743497283.860656,-6,-15,246
1743497283.896656,7,-63,84
1743497283.931656,-56,-11,104
1743497283.967656,17,24,262
1743497284.002656,67,42,64
1743497284.038656,-8,-37,54
1743497284.073656,-33,-17,158
1743497284.1086562,-52,50,20
1743497284.144656,-14,52,180
1743497284.179656,0,-25,152
1743497284.215656,25,-29,182
1743497284.250656,39,16,92
1743497284.286656,89,-23,168
1743497284.321656,-26,52,66
1743497284.356656,35,-31,180
1743497284.392656,-22,-71,176
1743497284.427656,-6,-33,136
1743497284.463656,155,-13,168
1743497284.498656,-4,-69,152
1743497284.534656,-4,-125,134
1743497284.569656,39,-31,96
1743497284.604656,-112,-31,201
1743497284.640656,-8,-35,147
1743497284.675656,135,-9,119
1743497284.711656,7,14,153
1743497284.746656,109,60,135
1743497284.782656,-36,-11,79
1743497284.817656,-54,18,201
1743497284.852656,23,-20,193
1743497284.888656,-28,-32,221
1743497284.923656,-70,-32,159
1743497284.959656,-16,17,109
1743497284.994656,19,3,77
1743497285.030656,53,-28,215
1743497285.065656,13,-12,43
1743497285.100656,17,21,-12
1743497285.136656,41,17,127
1743497285.172656,-48,8,149
1743497285.208656,57,24,65
1743497285.2436562,93,-35,161
1743497285.2796562,-16,-19,93
1743497285.314656,33,-47,199
1743497285.350656,39,-105,57
1743497285.386656,71,20,143
1743497285.422656,41,4,41
1743497285.458656,67,6,169
1743497285.4936562,-32,-19,131
1743497285.528656,-6,-69,153
1743497285.564656,7,-25,65
1743497285.600656,-20,38,77
1743497285.635656,-64,20,11
1743497285.671656,-56,22,109
1743497285.706656,-38,-64,133
1743497285.741656,57,25,165
1743497285.7766562,21,44,81
1743497285.8126562,77,38,139
1743497285.848656,-54,10,123
1743497285.883656,-8,70,93
1743497285.919656,-58,-23,39
1743497285.954656,-50,36,133
1743497285.989656,-48,0,211
1743497286.024656,-12,0,165
1743497286.060656,43,-31,105
1743497286.096656,53,28,53
1743497286.1316562,-14,28,43
1743497286.167656,51,28,93
1743497286.202656,-58,-15,117
1743497286.237656,-22,4,73
1743497286.272656,65,48,227
1743497286.308656,-66,22,165
1743497286.344656,-4,-137,79
1743497286.379656,25,50,205
1743497286.415656,33,12,45
1743497286.450656,49,70,115
1743497286.485656,-20,5,217
1743497286.520656,-8,1,117
1743497286.556656,-12,-50,275
1743497286.592656,-40,-22,23
1743497286.627656,-38,34,87
1743497286.663656,-14,-16,153
1743497286.698656,-84,17,129
1743497286.7336562,23,-49,161
1743497286.768656,21,-8,267
1743497286.804656,73,8,89
1743497286.840656,7,12,107
1743497286.875656,-10,-3,116
1743497286.911656,1,-8,110
1743497286.946656,5,57,124
1743497286.981656,-60,2,62
1743497287.0166562,45,1,46
1743497287.052656,13,75,208
1743497287.088656,41,-20,118
1743497287.123656,-18,24,142
1743497287.159656,71,-35,66
1743497287.194656,-108,-47,132
1743497287.229656,23,-90,198
1743497287.264656,-26,48,48
1743497287.300656,-48,54,98
1743497287.336656,-14,-29,84
1743497287.371656,-98,-5,126
1743497287.407656,-74,18,198
1743497287.442656,13,24,42
1743497287.477656,-32,-3,92
1743497287.512656,89,-61,52
1743497287.548656,-14,-13,154
1743497287.584656,-28,-137,152
1743497287.619656,13,-15,96
1743497287.655656,98,-39,0
1743497287.690656,-83,-7,172
1743497287.725656,8,-67,106
1743497287.760656,-34,60,102
1743497287.796656,9,-41,74
1743497287.832656,94,-49,32
1743497287.867656,-9,74,170
1743497287.903656,-17,0,182
1743497287.938656,40,-39,96
1743497287.973656,46,-35,138
1743497288.008656,-63,8,90
1743497288.044656,-53,-21,118
1743497288.080656,24,-27,142
1743497288.115656,40,76,26
1743497288.1516562,10,-9,164
1743497288.186656,72,6,230
1743497288.221656,-111,-9,100
1743497288.2566562,2,10,132
1743497288.292656,-17,-3,156
1743497288.328656,30,-37,148
1743497288.363656,-37,-31,104
1743497288.399656,-49,-47,104
1743497288.434656,16,-67,32
1743497288.469656,32,-25,282
1743497288.504656,-19,-42,166
1743497288.540656,-37,5,86
1743497288.576656,-1,-24,162
1743497288.611656,24,62,154
1743497288.647656,32,16,112
1743497288.682656,-27,-21,150
1743497288.717656,28,-45,200
1743497288.752656,-85,52,102
1743497288.788656,32,-7,126
1743497288.824656,-27,40,186
1743497288.859656,76,46,120
1743497288.895656,-21,-49,148
1743497288.930656,-27,94,44
1743497288.965656,14,-25,162
1743497289.000656,-43,-11,120
1743497289.036656,66,54,106
1743497289.0726562,26,-17,58
1743497289.107656,28,48,86
1743497289.143656,18,10,52
1743497289.178656,24,-47,104
1743497289.213656,2,20,126
1743497289.248656,-65,82,140
1743497289.284656,-41,-58,122
1743497289.320656,8,12,108
1743497289.355656,-9,21,146
1743497289.3916562,-63,-68,114
1743497289.426656,-17,11,156
1743497289.461656,50,0,54
1743497289.496656,-53,77,88
1743497289.532656,-5,-34,156
1743497289.568656,22,25,164
1743497289.603656,18,-18,90
1743497289.639656,-51,7,38
1743497289.6746562,44,31,122
1743497289.709656,12,97,110
1743497289.744656,0,-40,218
1743497289.780656,-15,0,10
1743497289.816656,26,45,152
1743497289.851656,38,-71,110
1743497289.887656,58,-70,174
1743497289.922656,-19,-25,24
1743497289.957656,12,3,84
1743497289.992656,-13,-60,140
1743497290.028656,38,-30,158
1743497290.064656,46,66,164
1743497290.099656,-61,84,162
1743497290.135656,-9,34,60
1743497290.170656,-51,-11,224
1743497290.205656,-1,-23,56
1743497290.240656,-11,-35,134
1743497290.2766562,-31,-67,288
1743497290.3126562,-32,28,124
1743497290.347656,78,-11,170
1743497290.383656,-64,4,152
1743497290.418656,-62,12,120
1743497290.453656,1,10,86
1743497290.488656,-62,50,52
1743497290.524656,-10,-41,106
1743497290.560656,-24,4,162
1743497290.5956562,-60,4,16
1743497290.6316562,-38,-69,194
1743497290.666656,-4,14,104
1743497290.701656,99,42,94
1743497290.736656,25,20,148
1743497290.772656,-16,104,118
1743497290.808656,33,24,62
1743497290.843656,63,-53,110
1743497290.879656,-22,-7,210
1743497290.9146562,33,42,84
1743497290.949656,53,0,180
1743497290.984656,-22,-9,154
1743497291.020656,51,-5,26
1743497291.056656,1,18,186
1743497291.091656,63,56,198
1743497291.127656,-4,40,164
1743497291.162656,-4,-3,68
1743497291.1976562,53,0,90
1743497291.232656,11,-1,192
1743497291.268656,-56,-9,180
1743497291.304656,0,-47,178
1743497291.339656,-4,6,112
1743497291.375656,33,16,120
1743497291.410656,75,22,172
1743497291.445656,7,-60,122
1743497291.481656,23,7,170
1743497291.5166562,-36,31,176
1743497291.552656,-38,-90,292
1743497291.587656,41,13,260
1743497291.623656,-16,86,74
1743497291.658656,-54,-20,136
1743497291.693656,15,-10,74
1743497291.729656,-24,1,250
1743497291.764656,-4,37,74
1743497291.800656,7,-62,258
1743497291.8356562,-82,49,130
1743497291.871656,-9,-52,134
1743497291.906656,-53,43,176
1743497291.941656,-7,105,-27
1743497291.977656,-31,-18,202
1743497292.012656,35,-4,114
1743497292.048656,23,31,182
1743497292.083656,-13,17,132
1743497292.119656,-9,17,144
1743497292.1546562,42,-21,268
1743497292.189656,36,22,206
1743497292.225656,28,22,2
1743497292.260656,-23,26,106
1743497292.296656,86,-22,206
1743497292.331656,-11,-42,140
1743497292.367656,0,29,50
1743497292.402656,-63,7,54
1743497292.4376562,-37,-33,16
1743497292.473656,-9,29,158
1743497292.508656,56,-14,174
1743497292.544656,-21,-41,180
1743497292.579656,-17,4,138
1743497292.615656,-37,58,142
1743497292.650656,-21,10,140
1743497292.685656,36,12,68
1743497292.721656,-11,-41,126
1743497292.7566562,4,57,86
1743497292.792656,-37,-4,230
1743497292.827656,-23,31,82
1743497292.863656,0,-3,106
1743497292.898656,32,2,76
1743497292.933656,-69,26,164
1743497292.969656,8,-57,202
1743497293.004656,34,50,150
1743497293.040656,-19,-103,122
1743497293.075656,-57,66,62
1743497293.111656,-31,30,246
1743497293.146656,16,26,50
1743497293.188656,4,-21,94
1743497293.225656,-57,-41,78
1743497293.260656,-25,4,172
1743497293.296656,30,110,180
1743497293.331656,36,-71,112
1743497293.367656,-3,6,156
1743497293.402656,-79,8,150
1743497293.4376562,-17,2,92
1743497293.473656,20,-25,200
1743497293.508656,-25,-77,152
1743497293.544656,36,12,62
1743497293.579656,-9,-85,184
1743497293.615656,-65,-33,144
1743497293.650656,46,36,158
1743497293.685656,72,24,148
1743497293.721656,-117,-137,178
1743497293.7566562,-35,20,167
1743497293.792656,40,-9,205
1743497293.827656,-39,-33,151
1743497293.863656,74,-13,202
1743497293.898656,20,-47,216
1743497293.933656,30,34,158
1743497293.969656,16,0,292
1743497294.004656,38,-15,258
1743497294.040656,-11,90,204
1743497294.075656,32,24,172
1743497294.111656,-23,22,154
1743497294.146656,-5,-1,134
1743497294.181656,-19,-13,127
1743497294.217656,26,52,183
1743497294.252656,8,-25,151
1743497294.288656,8,-69,139
1743497294.323656,-61,-79,107
1743497294.359656,-33,-29,67
1743497294.394656,50,-23,55
1743497294.429656,16,-33,139
1743497294.465656,78,-43,107
1743497294.500656,-5,-25,155
1743497294.536656,-15,4,245
1743497294.571656,60,-19,185
1743497294.607656,12,-57,197
1743497294.642656,-23,66,133
1743497294.677656,-31,0,107
1743497294.713656,-13,-19,53
1743497294.748656,-4,32,187
1743497294.784656,63,56,103
1743497294.819656,34,-49,73
1743497294.855656,56,64,157
1743497294.8916562,66,50,151
1743497294.927656,55,-5,133
1743497294.963656,67,-11,67
1743497294.998656,-3,22,173
1743497295.033656,26,14,133
1743497295.069656,22,42,171
1743497295.105656,-13,-5,187
1743497295.140656,-37,62,115
1743497295.176656,-29,24,177
1743497295.211656,18,-45,163
1743497295.246656,22,83,167
1743497295.281656,-65,5,97
1743497295.317656,-127,-20,97
1743497295.353656,-9,-67,3
1743497295.388656,136,-17,129
1743497295.4246562,26,-70,53
1743497295.459656,-39,11,159
1743497295.494656,-13,-48,147
1743497295.5296562,-27,-57,29
1743497295.565656,-31,-11,75
1743497295.601656,54,-24,79
1743497295.636656,36,3,-32
1743497295.672656,112,41,207
1743497295.707656,24,-8,137
1743497295.742656,30,-36,241
1743497295.777656,8,27,137
1743497295.813656,-33,13,201
1743497295.849656,8,-12,121
1743497295.884656,54,-8,153
1743497295.920656,-25,-20,137
1743497295.955656,24,-22,169
1743497295.990656,42,-62,107
1743497296.025656,-25,-40,129
1743497296.061656,36,37,225
1743497296.097656,-5,37,87
1743497296.132656,16,-22,47
1743497296.168656,50,23,217
1743497296.203656,-19,65,189
1743497296.238656,102,-36,109
1743497296.273656,-23,-22,113
1743497296.309656,20,5,93
1743497296.3456562,20,-6,153
1743497296.380656,4,-40,110
1743497296.416656,-31,-38,88
1743497296.451656,40,5,104
1743497296.486656,-67,-20,100
1743497296.521656,40,-22,116
1743497296.557656,14,-10,290
1743497296.593656,7,19,166
1743497296.628656,-2,-52,234
1743497296.6646562,-60,-26,98
1743497296.699656,5,-36,118
1743497296.734656,10,-72,104
1743497296.769656,25,-13,106
1743497296.805656,17,-18,76
1743497296.841656,-45,54,280
1743497296.876656,-9,28,102
1743497296.912656,52,-33,68
1743497296.9476562,-39,-37,96
1743497296.982656,-77,82,158
1743497297.017656,-77,-11,40
1743497297.053656,0,-27,108
1743497297.089656,-35,60,66
1743497297.124656,34,16,134
1743497297.160656,10,-3,164
1743497297.195656,-59,-73,86
1743497297.230656,44,-7,76
1743497297.265656,-29,-13,164
1743497297.301656,41,-37,210
1743497297.337656,-25,24,158
1743497297.372656,-27,22,26
1743497297.408656,76,0,158
1743497297.443656,20,-79,116
1743497297.478656,34,-13,176
1743497297.513656,-93,-47,102
1743497297.5496562,10,42,82
1743497297.5856562,24,68,166
1743497297.620656,-3,-73,122
1743497297.656656,-21,0,110
1743497297.691656,-3,44,10
1743497297.726656,-41,40,136
1743497297.761656,-71,-3,0
1743497297.797656,-61,-17,130
1743497297.833656,54,-23,96
1743497297.8686562,12,-41,98
1743497297.9046562,-27,22,226
1743497297.939656,-49,38,134
1743497297.974656,-7,-21,166
1743497298.009656,-71,-25,46
1743497298.045656,-31,36,146
1743497298.081656,-15,24,54
1743497298.116656,4,-15,176
1743497298.152656,-62,12,150
1743497298.1876562,-50,-27,80
1743497298.222656,27,-61,198
1743497298.257656,-22,-1,68
1743497298.293656,-14,28,210
1743497298.329656,-40,-77,210
1743497298.364656,51,-48,172
1743497298.400656,-92,-24,38
1743497298.435656,-24,-8,36
1743497298.4706562,-12,17,-15
1743497298.505656,-30,0,52
1743497298.541656,-82,-30,156
1743497298.577656,-54,-18,210
1743497298.612656,5,-64,38
1743497298.648656,89,38,56
1743497298.683656,-40,-66,176
1743497298.718656,-38,-77,165
1743497298.753656,-18,-22,165
1743497298.7896562,-4,-32,253
1743497298.825656,-66,23,121
1743497298.860656,-76,-12,127
1743497298.896656,11,52,201
1743497298.931656,-26,-29,166
1743497298.966656,49,-15,119
1743497299.001656,-82,-29,163
1743497299.037656,11,-51,201
1743497299.073656,-24,-47,161
1743497299.1086562,5,-7,119
1743497299.144656,-80,-2,137
1743497299.179656,55,16,69
1743497299.214656,79,8,117
1743497299.249656,25,34,79
1743497299.285656,9,-17,201
1743497299.321656,-4,-37,169
1743497299.356656,-94,-67,55
1743497299.392656,13,8,49
1743497299.427656,9,-7,121
1743497299.462656,-20,10,225
1743497299.497656,47,64,93
1743497299.533656,15,-43,169
1743497299.569656,51,2,155
1743497299.604656,25,-31,55
1743497299.640656,-10,50,109
1743497299.675656,21,-19,69
1743497299.7106562,5,24,199
1743497299.745656,27,52,-58
1743497299.781656,31,57,125
1743497299.817656,-23,-2,9
1743497299.852656,18,10,117
1743497299.888656,-1,8,73
1743497299.923656,3,-7,183
1743497299.958656,-84,-35,-40
1743497299.9936562,-30,-45,167
1743497300.0296562,-60,6,49
1743497300.065656,-18,-21,113
1743497300.100656,0,-27,225
1743497300.136656,-44,48,191
1743497300.171656,69,38,19
1743497300.206656,41,24,243
1743497300.241656,-74,-3,213
1743497300.277656,25,-15,159
1743497300.313656,41,12,15
1743497300.348656,-6,-45,171
1743497300.384656,19,44,135
1743497300.419656,-58,22,203
1743497300.454656,-40,28,149
1743497300.489656,43,-31,267
1743497300.525656,-50,-39,181
1743497300.561656,57,4,231
1743497300.596656,-86,-27,7
1743497300.632656,33,-13,119
1743497300.667656,-36,52,127
1743497300.702656,0,0,133
1743497300.737656,41,-73,135
1743497300.773656,-76,46,135
1743497300.809656,-44,-21,167
1743497300.844656,21,100,5
1743497300.880656,-30,48,56
1743497300.915656,5,66,8
1743497300.950656,15,-17,58
1743497300.986656,41,-39,170
1743497301.021656,-36,32,56
1743497301.057656,11,18,104
1743497301.092656,-18,8,100
1743497301.128656,3,4,260
1743497301.163656,-102,-21,142
1743497301.198656,-36,8,74
1743497301.234656,-28,48,50
1743497301.269656,43,24,122
1743497301.305656,-42,-17,128
1743497301.340656,3,4,76
1743497301.376656,-28,50,96
1743497301.411656,-44,34,162
1743497301.446656,-64,102,136
1743497301.482656,-2,-43,102
1743497301.517656,-10,8,4
1743497301.553656,65,-11,164
1743497301.588656,55,-73,50
1743497301.624656,9,-21,120
1743497301.659656,37,-25,185
1743497301.694656,-32,8,150
1743497301.730656,23,-45,130
1743497301.765656,61,26,194
1743497301.801656,59,58,90
1743497301.836656,-2,-37,68
1743497301.872656,-26,14,174
1743497301.907656,-74,18,34
1743497301.942656,-56,2,328
1743497301.978656,67,-41,162
1743497302.013656,39,66,130
1743497302.0496562,33,-7,104
1743497302.084656,-84,-43,172
1743497302.120656,-140,28,-15
1743497302.155656,25,28,248
1743497302.190656,-10,10,222
1743497302.226656,39,-27,66
1743497302.261656,-30,20,226
1743497302.297656,-86,-19,98
1743497302.332656,-45,-31,224
1743497302.3686562,-75,21,170
1743497302.403656,-73,-40,186
1743497302.438656,-10,-10,132
1743497302.474656,-9,-36,204
1743497302.509656,10,97,200
1743497302.545656,-47,3,100
1743497302.580656,-33,71,82
1743497302.616656,-7,-62,144
1743497302.6516562,54,29,62
1743497302.686656,6,-37,180
1743497302.722656,-65,-1,64
1743497302.757656,54,-49,70
1743497302.793656,72,-10,186
1743497302.828656,-3,37,100
1743497302.864656,72,41,264
1743497302.899656,45,-96,200
1743497302.934656,51,-18,50
1743497302.9706562,35,-56,76
1743497303.005656,-2,7,144
1743497303.041656,31,-24,20
1743497303.076656,-28,-11,-11
1743497303.112656,48,-53,0
1743497303.147656,-58,24,54
1743497303.189656,89,-67,96
1743497303.226656,-12,-90,34
1743497303.261656,-29,-26,28
1743497303.297656,26,-32,146
1743497303.332656,8,-12,24
1743497303.3686562,-15,-36,238
1743497303.403656,50,47,176
1743497303.438656,-13,11,140
1743497303.474656,-13,52,58
1743497303.509656,120,20,20
1743497303.545656,14,-9,142
1743497303.580656,-45,-10,124
1743497303.616656,6,27,218
1743497303.6516562,19,79,134
1743497303.686656,13,-13,154
1743497303.722656,-20,-115,178
1743497303.757656,9,44,156
1743497303.793656,-62,-73,124
1743497303.828656,-48,70,106
1743497303.864656,23,-1,88
1743497303.899656,-4,-105,220
1743497303.934656,51,-3,248
1743497303.9706562,79,-27,166
1743497304.005656,-36,42,72
1743497304.041656,-62,6,152
1743497304.076656,23,-3,138
1743497304.112656,0,-11,142
1743497304.147656,19,46,86
1743497304.182656,-2,34,142
1743497304.218656,-2,-17,120
1743497304.253656,-26,30,102
1743497304.2896562,-10,-3,10
1743497304.324656,41,44,168
1743497304.360656,41,-3,72
1743497304.396656,61,-15,92
1743497304.432656,-30,-9,236
1743497304.468656,-40,10,174
1743497304.504656,-44,-17,294
1743497304.540656,-10,24,130
1743497304.575656,19,32,60
1743497304.610656,-52,-19,158
1743497304.646656,-40,71,280
1743497304.682656,113,-10,228
1743497304.717656,33,-3,88
1743497304.753656,47,-28,214
1743497304.788656,47,-72,152
1743497304.823656,-40,17,216
1743497304.8586562,11,9,216
1743497304.894656,-20,19,-11
1743497304.930656,-64,27,46
1743497304.965656,25,-46,183
1743497305.001656,-64,-20,140
1743497305.036656,-8,25,144
1743497305.071656,133,-28,48
1743497305.106656,-92,57,90
1743497305.142656,77,5,140
1743497305.178656,-8,29,172
1743497305.213656,7,-36,127
1743497305.249656,-4,-31,205
1743497305.284656,-46,-27,131
1743497305.319656,35,-71,119
1743497305.354656,-26,-15,183
1743497305.390656,9,8,259
1743497305.426656,-59,-29,97
1743497305.461656,-43,-33,225
1743497305.497656,14,34,125
1743497305.532656,-19,6,225
1743497305.567656,-19,-1,105
1743497305.602656,-21,-37,71
1743497305.638656,-9,-27,145
1743497305.6746562,-25,16,199
1743497305.709656,-7,40,81
1743497305.745656,-51,-17,213
1743497305.780656,-9,20,67
1743497305.815656,-29,-9,101
1743497305.850656,14,-23,229
1743497305.886656,14,66,-16
1743497305.922656,-53,-23,81
1743497305.957656,28,12,117
1743497305.9936562,-45,46,-16
1743497306.028656,34,-35,181
1743497306.063656,-49,6,79
1743497306.098656,32,62,159
1743497306.134656,-23,2,227
1743497306.170656,2,28,5
1743497306.205656,2,14,57
1743497306.241656,-37,66,5
1743497306.2766562,34,16,59
1743497306.311656,32,10,23
1743497306.346656,64,-35,115
1743497306.382656,-25,-43,175
1743497306.418656,8,2,155
1743497306.453656,8,-39,45
1743497306.489656,18,24,169
1743497306.524656,-21,-5,97
1743497306.559656,42,-15,133
1743497306.594656,-61,-57,143
1743497306.630656,-31,-25,25
1743497306.666656,40,92,95
1743497306.701656,0,34,147
1743497306.737656,-81,14,129
1743497306.772656,38,-3,209
1743497306.807656,66,-24,37
1743497306.842656,36,17,33
1743497306.878656,-65,3,187
1743497306.9146562,-83,69,245
1743497306.949656,12,11,103
1743497306.985656,-11,-40,133
1743497307.020656,70,1,117
1743497307.055656,2,-6,319
1743497307.090656,-13,9,118
1743497307.126656,48,15,202
1743497307.162656,16,1,198
1743497307.1976562,-85,-13,170
1743497307.2336562,-39,-10,39
1743497307.268656,40,-30,259
1743497307.303656,-19,-10,48
1743497307.338656,70,-52,106
1743497307.374656,22,-7,78
1743497307.410656,24,21,50
1743497307.445656,-19,-16,130
1743497307.481656,-31,-116,130
1743497307.5166562,-39,25,80
1743497307.551656,-87,-12,98
1743497307.586656,88,83,96
1743497307.622656,-1,43,34
1743497307.658656,-7,7,74
1743497307.693656,62,-54,88
1743497307.729656,-85,25,258
1743497307.764656,-23,57,-83
1743497307.7996562,-3,19,66
1743497307.834656,-45,3,246
1743497307.870656,-69,-26,218
1743497307.906656,-17,-12,82
1743497307.941656,130,-64,110
1743497307.977656,-77,49,164
1743497308.012656,38,-28,134
1743497308.047656,8,-2,196
1743497308.082656,14,-38,150
1743497308.1186562,-5,17,204
1743497308.1546562,20,-56,154
1743497308.189656,-7,47,144
1743497308.225656,-32,6,162
1743497308.260656,21,-18,101
1743497308.295656,47,34,8
1743497308.330656,24,-7,101
1743497308.366656,-47,38,171
1743497308.402656,10,96,75
1743497308.4376562,62,22,93
1743497308.473656,-17,2,61
1743497308.508656,-13,-15,181
1743497308.543656,-16,47,125
1743497308.578656,37,28,155
1743497308.614656,64,98,201
1743497308.650656,14,-17,237
1743497308.685656,61,-5,207
1743497308.721656,-6,-21,53
1743497308.7566562,25,2,169
1743497308.791656,-24,-5,93
1743497308.826656,89,56,231
1743497308.862656,0,-37,33
1743497308.898656,-37,28,209
1743497308.933656,22,-7,241
1743497308.969656,-65,-37,137
1743497309.004656,38,80,-2
1743497309.0396562,-25,-61,171
1743497309.074656,-31,-41,77
1743497309.110656,-17,12,117
1743497309.146656,30,56,90
1743497309.181656,-63,-43,182
1743497309.217656,76,-45,268
1743497309.252656,12,30,78
1743497309.287656,-61,-19,136
1743497309.3226562,-41,52,158
1743497309.3586562,-23,-7,314
1743497309.394656,18,-67,56
1743497309.429656,34,12,176
1743497309.465656,-93,16,218
1743497309.500656,-7,10,24
1743497309.535656,48,10,136
1743497309.570656,50,16,166
1743497309.606656,12,-81,138
1743497309.642656,-7,48,80
1743497309.677656,-1,-5,145
1743497309.713656,-35,-45,165
1743497309.748656,-25,-23,218
1743497309.783656,34,30,34
1743497309.818656,-5,10,156
1743497309.854656,-73,-39,130
1743497309.890656,-55,26,-15
1743497309.925656,-87,24,270
1743497309.961656,32,-7,132
1743497309.996656,-3,-25,152
1743497310.031656,-31,-13,182
1743497310.066656,-21,48,130
1743497310.102656,38,-59,72
1743497310.138656,-17,-25,324
1743497310.173656,30,52,196
1743497310.209656,2,58,42
1743497310.244656,30,22,72
1743497310.2796562,44,2,102
1743497310.314656,8,22,104
1743497310.350656,-17,60,156
1743497310.386656,28,-35,112
1743497310.421656,28,24,148
1743497310.457656,-73,-79,174
1743497310.492656,-35,-25,78
1743497310.527656,-13,-3,104
1743497310.563656,16,4,168
1743497310.598656,12,-51,30
1743497310.634656,-25,-9,184
1743497310.669656,-15,38,272
1743497310.705656,18,10,130
1743497310.740656,-23,52,216
1743497310.775656,52,4,64
1743497310.811656,16,-55,134
1743497310.846656,-15,-7,4
1743497310.882656,72,-37,118
1743497310.917656,-47,-47,216
1743497310.953656,-17,22,140
1743497310.988656,-63,-25,236
1743497311.023656,16,12,34
1743497311.059656,-15,34,196
1743497311.094656,12,-65,156
1743497311.130656,-13,-27,140
1743497311.165656,14,16,38
1743497311.201656,-27,-13,68
1743497311.236656,14,46,10
1743497311.271656,-47,-23,180
1743497311.307656,-5,24,160
1743497311.342656,18,14,300
1743497311.378656,-27,-5,28
1743497311.413656,12,40,112
1743497311.449656,-55,-29,44
1743497311.484656,-7,-69,64
1743497311.519656,-37,-9,56
1743497311.555656,-47,30,164
1743497311.590656,-7,-47,80
1743497311.626656,-9,59,76
1743497311.661656,50,-42,182
1743497311.6976562,36,-26,96
1743497311.732656,18,-29,198
1743497311.767656,24,-67,196
1743497311.803656,14,-91,74
1743497311.838656,16,13,18
1743497311.874656,-59,-42,76
1743497311.909656,62,13,168
1743497311.945656,-77,-47,148
1743497311.980656,-1,23,146
1743497312.015656,-35,21,0
1743497312.051656,124,17,210
1743497312.086656,-1,-71,134
1743497312.122656,-5,22,70
1743497312.157656,-63,-13,0
1743497312.193656,28,6,280
1743497312.228656,-19,30,216
1743497312.263656,-37,0,194
1743497312.2996562,-59,49,194
1743497312.334656,4,21,128
1743497312.370656,64,7,68
1743497312.405656,34,7,104
1743497312.441656,-31,35,88
1743497312.476656,-11,-12,146
1743497312.511656,66,0,296
1743497312.547656,6,25,194
1743497312.582656,-19,53,170
1743497312.6186562,12,15,124
1743497312.653656,-15,-42,94
1743497312.689656,-25,47,48
1743497312.724656,22,7,136
1743497312.759656,42,91,148
1743497312.795656,-5,15,151
1743497312.830656,-3,-40,215
1743497312.866656,2,-26,177
1743497312.9016562,60,-17,227
1743497312.9376562,46,-17,61
1743497312.972656,30,46,103
1743497313.007656,-11,74,89
1743497313.043656,-41,14,169
1743497313.078656,2,24,177
1743497313.114656,28,96,141
1743497313.149656,54,-3,209
1743497313.191656,48,-49,69
1743497313.227656,2,38,227
1743497313.263656,38,30,53
1743497313.2996562,72,-19,85
1743497313.334656,12,46,21
1743497313.370656,7,22,217
1743497313.405656,67,16,137
1743497313.441656,-26,16,157
1743497313.476656,69,54,35
1743497313.511656,29,7,129
1743497313.547656,-16,27,207
1743497313.582656,-1,-8,-46
1743497313.6186562,67,21,113
1743497313.653656,-30,11,101
1743497313.689656,-42,-34,143
1743497313.724656,29,-24,121
1743497313.759656,-66,-44,103
1743497313.795656,-44,13,149
1743497313.830656,21,-48,103
1743497313.866656,63,67,213
1743497313.9016562,33,81,183
1743497313.9376562,-58,15,197
1743497313.973656,-8,53,43
1743497314.008656,21,10,51
1743497314.043656,-88,38,227
1743497314.079656,53,-19,135
1743497314.115656,11,16,219
1743497314.150656,51,6,147
1743497314.186656,-4,0,193
1743497314.221656,57,-99,134
1743497314.2566562,55,-21,118
1743497314.291656,-6,52,132
1743497314.327656,13,16,32
1743497314.363656,29,34,193
1743497314.398656,-18,38,101
1743497314.434656,-14,-39,112
1743497314.469656,7,-1,88
1743497314.504656,0,-85,100
1743497314.5396562,-20,12,174
1743497314.575656,-2,-35,138
1743497314.611656,13,-87,193
1743497314.646656,61,34,63
1743497314.682656,-46,-47,130
1743497314.717656,-54,76,162
1743497314.752656,11,-17,146
1743497314.787656,-34,8,24
1743497314.823656,-12,-1,176
1743497314.859656,-14,-1,100
1743497314.894656,-32,38,92
1743497314.930656,-22,22,46
1743497314.965656,33,40,100
1743497315.000656,-96,36,78
1743497315.035656,-4,-39,116
1743497315.071656,-50,36,176
1743497315.107656,-34,36,114
1743497315.142656,66,4,186
1743497315.178656,-55,-5,142
1743497315.213656,34,60,120
1743497315.248656,4,-1,226
1743497315.283656,-87,-23,58
1743497315.319656,-31,-9,114
1743497315.355656,10,18,-25
1743497315.390656,-3,-13,88
1743497315.426656,16,10,110
1743497315.461656,-1,6,176
1743497315.496656,97,83,112
1743497315.531656,-7,-33,210
1743497315.567656,44,-43,116
1743497315.603656,-41,50,90
1743497315.638656,22,28,106
1743497315.6746562,26,45,126
1743497315.709656,-15,-90,94
1743497315.744656,6,-62,142
1743497315.7796562,-31,27,226
1743497315.815656,-41,-2,58
1743497315.851656,55,11,186
1743497315.886656,-14,-84,222
1743497315.922656,-38,-82,50
1743497315.957656,-77,-6,210
1743497315.992656,-3,11,195
1743497316.027656,10,9,113
1743497316.063656,12,-30,173
1743497316.099656,34,27,214
1743497316.134656,-129,7,204
1743497316.170656,-73,-58,182
1743497316.205656,4,23,182
1743497316.240656,-43,111,165
1743497316.275656,50,-37,15
1743497316.311656,-99,-38,89
1743497316.347656,41,-20,218
1743497316.382656,-82,65,122
1743497316.418656,49,-22,156
1743497316.453656,-18,0,80
1743497316.488656,97,-64,18
1743497316.523656,19,5,34
1743497316.559656,-2,3,142
1743497316.5956562,-26,71,132
1743497316.630656,-10,15,180
1743497316.666656,-88,-33,116
1743497316.701656,-32,-25,6
1743497316.736656,-14,-63,48
1743497316.771656,-84,6,273
1743497316.807656,-26,68,189
1743497316.843656,53,2,253
1743497316.878656,-22,24,157
1743497316.9146562,15,46,42
1743497316.949656,3,0,184
1743497316.984656,3,20,213
1743497317.019656,27,10,97
1743497317.055656,-76,22,79
1743497317.091656,31,50,63
1743497317.126656,-26,-19,49
1743497317.162656,-84,-35,87
1743497317.1976562,37,6,93
1743497317.232656,57,44,289
1743497317.267656,-24,-59,57
1743497317.303656,31,-7,213
1743497317.339656,-10,12,135
1743497317.374656,87,6,153
1743497317.410656,-10,2,81
1743497317.445656,-42,68,105
1743497317.480656,-54,-71,113
1743497317.515656,-24,30,73
1743497317.551656,93,58,127
1743497317.587656,29,-39,115
1743497317.622656,39,12,143
1743497317.658656,41,-45,133
1743497317.693656,91,6,171
1743497317.728656,29,0,97
1743497317.763656,-86,-33,103
1743497317.7996562,47,-13,139
1743497317.8356562,-16,-63,117
1743497317.870656,7,-23,93
1743497317.906656,9,-86,53
1743497317.941656,71,15,53
1743497317.976656,-6,3,85
1743497318.011656,33,-13,75
1743497318.047656,-34,44,105
1743497318.083656,-26,-49,169
1743497318.1186562,17,34,81
1743497318.1546562,55,-51,53
1743497318.189656,27,40,165
1743497318.224656,13,-3,55
1743497318.259656,-42,-19,103
1743497318.295656,-90,-53,163
1743497318.331656,-61,3,143
1743497318.366656,-41,43,165
1743497318.402656,-54,-2,237
1743497318.4376562,-12,34,143
1743497318.472656,-45,-1,241
1743497318.507656,-63,0,123
1743497318.543656,-31,30,147
1743497318.579656,-36,-27,157
1743497318.614656,-20,82,211
1743497318.650656,-20,-109,165
1743497318.685656,11,133,181
1743497318.7206562,9,-38,99
1743497318.755656,-11,-17,107
1743497318.791656,-7,26,167
1743497318.827656,-7,65,203
1743497318.862656,126,-80,135
1743497318.898656,4,-62,165
1743497318.933656,-17,-22,77
1743497318.968656,-5,41,71
1743497319.003656,-9,47,121
1743497319.0396562,-21,-10,121
1743497319.075656,32,53,219
1743497319.110656,-25,-16,159
1743497319.146656,8,-36,265
1743497319.181656,56,13,197
1743497319.216656,4,-54,177
1743497319.251656,-21,77,81
1743497319.287656,-49,-12,179
1743497319.323656,84,-78,195
1743497319.3586562,2,43,199
1743497319.394656,54,-52,113
1743497319.429656,10,43,121
1743497319.464656,18,7,185
1743497319.499656,-13,-65,151
1743497319.535656,16,-27,145
1743497319.571656,70,-27,183
1743497319.606656,6,-95,139
1743497319.642656,54,-7,181
1743497319.677656,-41,2,281
1743497319.712656,16,0,289
1743497319.747656,-105,0,51
1743497319.783656,10,54,161
1743497319.819656,-58,-49,107
1743497319.854656,39,62,129
1743497319.890656,-53,2,131
1743497319.925656,-41,22,163
1743497319.9606562,-24,-67,243
1743497319.995656,-32,44,89
1743497320.031656,29,-57,105
1743497320.067656,21,-37,203
1743497320.102656,15,-1,167
1743497320.138656,47,40,175
1743497320.173656,32,76,207
1743497320.208656,-20,52,121
1743497320.244656,-2,-1,237
1743497320.2796562,-26,4,95
1743497320.315656,101,26,87
1743497320.350656,63,0,137
1743497320.386656,-52,35,283
1743497320.421656,35,31,125
1743497320.456656,-68,21,87
1743497320.492656,39,-34,39
1743497320.527656,-44,-1,91
1743497320.563656,45,21,137
1743497320.598656,-15,-64,111
1743497320.634656,-3,-78,65
1743497320.669656,-67,37,111
1743497320.704656,-67,-28,235
1743497320.740656,-57,-18,61
1743497320.775656,-7,-56,99
1743497320.811656,12,63,203
1743497320.846656,-19,5,119
1743497320.882656,-15,-16,95
1743497320.917656,0,41,75
1743497320.952656,4,1,95
1743497320.988656,54,1,39
1743497321.023656,42,141,195
1743497321.059656,36,-8,147
1743497321.094656,-49,27,203
1743497321.130656,102,-6,97
1743497321.165656,68,-26,127
1743497321.200656,72,-62,163
1743497321.236656,-50,61,95
1743497321.271656,71,-31,167
1743497321.307656,-14,-3,172
1743497321.342656,16,36,70
1743497321.378656,-13,-11,92
1743497321.413656,-10,-65,96
1743497321.448656,29,34,160
1743497321.484656,-12,30,-3
1743497321.519656,17,-33,116
1743497321.555656,-58,-125,156
1743497321.590656,-60,20,88
1743497321.626656,24,74,160
1743497321.661656,104,-27,112
1743497321.696656,-13,16,190
1743497321.732656,-59,10,116
1743497321.767656,0,26,157
1743497321.803656,-56,16,97
1743497321.838656,49,70,88
1743497321.874656,-30,-7,17
1743497321.909656,-24,-21,217
1743497321.944656,-39,-29,96
1743497321.980656,36,19,106
1743497322.015656,14,51,177
1743497322.051656,-19,-34,125
1743497322.086656,18,-29,196
1743497322.122656,12,-147,4
1743497322.157656,5,-43,109
1743497322.192656,-40,34,137
1743497322.228656,11,-87,135
1743497322.263656,55,42,83
1743497322.2996562,-31,54,116
1743497322.334656,60,-41,162
1743497322.370656,12,28,94
1743497322.405656,-49,-1,238
1743497322.440656,-21,-21,48
1743497322.476656,39,-33,220
1743497322.511656,-6,4,162
1743497322.547656,105,50,170
1743497322.582656,-30,66,94
1743497322.6186562,-8,-14,210
1743497322.653656,99,-56,96
1743497322.688656,4,-50,96
1743497322.724656,26,19,68
1743497322.759656,-5,-19,108
1743497322.795656,26,3,190
1743497322.830656,30,46,240
1743497322.866656,46,-45,150
1743497322.9016562,-3,-64,204
1743497322.936656,-15,-38,12
1743497322.972656,64,17,160
1743497323.007656,-15,-36,280
1743497323.043656,-41,-16,60
1743497323.078656,2,27,88
1743497323.114656,-21,7,188
1743497323.149656,16,-30,148
1743497323.184656,-75,10,134
1743497323.227656,-11,80,184
1743497323.263656,48,-49,186
1743497323.2996562,-9,-23,192
1743497323.334656,-79,58,196
1743497323.370656,24,2,58
1743497323.406656,114,64,34
1743497323.442656,-17,50,60
1743497323.478656,-73,66,218
1743497323.514656,-29,-27,58
1743497323.550656,-29,64,122
1743497323.586656,-31,18,206
1743497323.622656,8,-95,-7
1743497323.657656,-73,-7,186
1743497323.692656,-7,-57,180
1743497323.728656,-29,12,154
1743497323.764656,52,102,142
1743497323.7996562,28,-70,42
1743497323.8356562,-77,21,192
1743497323.870656,14,-36,194
1743497323.905656,2,-15,94
1743497323.940656,-3,28,198
1743497323.976656,100,5,108
1743497324.012656,70,77,-63
1743497324.047656,-15,-14,-11
1743497324.083656,44,0,122
1743497324.1186562,10,5,130
1743497324.153656,10,27,214
1743497324.188656,-23,-56,50
1743497324.224656,-67,-104,80
1743497324.260656,-27,-54,148
1743497324.295656,-39,31,26
1743497324.331656,72,-66,174
1743497324.366656,83,-55,44
1743497324.4016562,43,-25,140
1743497324.436656,-135,53,104
1743497324.472656,52,-6,68
1743497324.508656,4,-72,86
1743497324.543656,-13,45,118
1743497324.579656,2,-18,110
1743497324.614656,2,-28,140
1743497324.649656,-3,33,108
1743497324.684656,14,-30,56
1743497324.7206562,68,-54,118
1743497324.7566562,-19,31,270
1743497324.791656,-27,-10,90
1743497324.827656,38,0,104
1743497324.862656,-31,19,210
1743497324.897656,76,25,160
1743497324.932656,40,15,286
1743497324.968656,20,13,90
1743497325.004656,38,-46,242
1743497325.0396562,-1,-15,140
1743497325.075656,44,105,122
1743497325.110656,-17,28,162
1743497325.145656,-27,66,142
1743497325.180656,22,-49,-111
1743497325.216656,-25,-2,174
1743497325.252656,32,37,256
1743497325.287656,-25,-72,118
1743497325.323656,12,77,86
1743497325.3586562,-37,-54,66
1743497325.393656,38,-20,150
1743497325.428656,36,-36,94
1743497325.464656,54,-18,-9
1743497325.500656,-11,-58,228
1743497325.535656,-19,13,194
1743497325.571656,-27,-71,120
1743497325.606656,4,13,194
1743497325.6416562,-19,74,106
1743497325.676656,14,6,196
1743497325.712656,-93,-71,90
1743497325.748656,-27,-7,96
1743497325.783656,8,-27,86
1743497325.819656,10,13,178
1743497325.854656,-13,19,130
1743497325.889656,-49,-45,116
1743497325.9246562,-11,46,40
1743497325.9606562,32,44,156
1743497325.996656,-1,-51,142
1743497326.031656,20,4,210
1743497326.067656,-15,20,46
1743497326.102656,-39,-23,162
1743497326.137656,12,-101,130
1743497326.172656,-73,-17,130
1743497326.208656,24,-13,4
1743497326.244656,-39,-21,140
1743497326.2796562,-37,-7,142
1743497326.315656,-15,-23,184
1743497326.350656,-55,28,106
1743497326.385656,36,48,22
1743497326.420656,-59,54,192
1743497326.456656,46,62,206
1743497326.492656,-57,0,56
1743497326.527656,-111,54,144
1743497326.563656,-15,17,243
1743497326.598656,20,35,127
1743497326.633656,-9,-11,143
1743497326.668656,-25,-101,166
1743497326.704656,-5,-49,178
1743497326.740656,-33,48,148
1743497326.775656,-51,6,98
1743497326.811656,-63,72,46
1743497326.846656,-1,-51,68
1743497326.8816562,-35,16,144
1743497326.916656,22,-11,136
1743497326.952656,-63,4,90
1743497326.988656,-41,40,94
1743497327.023656,-1,48,264
1743497327.059656,-67,-45,130
1743497327.094656,-15,-17,27
1743497327.129656,12,-27,75
1743497327.1646562,-53,28,-12
1743497327.200656,-95,66,170
1743497327.236656,-105,-89,177
1743497327.271656,112,24,227
1743497327.307656,18,60,181
1743497327.342656,12,28,191
1743497327.377656,46,0,147
1743497327.412656,-25,6,129
1743497327.448656,4,-29,137
1743497327.484656,20,-1,191
1743497327.519656,-19,22,61
1743497327.555656,-11,74,105
1743497327.590656,26,10,209
1743497327.625656,6,45,131
1743497327.660656,-8,-5,263
1743497327.696656,-58,60,127
1743497327.732656,-54,-11,187
1743497327.767656,-36,12,75
1743497327.803656,29,-8,103
1743497327.838656,17,-67,65
1743497327.873656,34,41,201
1743497327.908656,-36,-12,247
1743497327.944656,-59,-64,53
1743497327.980656,0,15,73
1743497328.015656,26,-10,65
1743497328.051656,-45,1,157
1743497328.086656,20,63,159
1743497328.121656,0,100,157
1743497328.156656,-40,-4,239
1743497328.192656,-24,33,27
1743497328.228656,-58,63,219
1743497328.263656,-18,48,113
1743497328.2996562,46,51,71
1743497328.334656,-21,11,145
1743497328.369656,-25,75,73
1743497328.4046562,-49,-6,95
1743497328.440656,34,-52,81
1743497328.476656,20,-34,113
1743497328.511656,0,1,153
1743497328.547656,-91,54,97
1743497328.582656,32,-20,161
1743497328.617656,-115,1,141
1743497328.652656,26,24,131
1743497328.688656,84,20,127
1743497328.724656,18,74,117
1743497328.759656,-79,-34,67
1743497328.795656,-31,-44,67
1743497328.830656,-45,12,95
1743497328.865656,102,-11,7
1743497328.900656,58,70,271
1743497328.936656,12,2,71
1743497328.972656,-39,-39,113
1743497329.007656,-3,-33,135
1743497329.043656,-49,-37,87
1743497329.078656,4,32,21
1743497329.113656,72,34,155
1743497329.148656,10,14,211
1743497329.184656,36,14,208
1743497329.2206562,12,-13,20
1743497329.255656,10,28,60
1743497329.291656,-33,14,158
1743497329.326656,14,36,108
1743497329.361656,-33,26,126
1743497329.396656,74,-21,116
1743497329.432656,-7,-3,34
1743497329.468656,-71,28,152
1743497329.503656,100,-87,184
1743497329.5396562,76,52,106
1743497329.574656,-9,6,182
1743497329.609656,56,46,144
1743497329.645656,-13,51,132
1743497329.680656,-17,0,152
1743497329.716656,56,64,40
1743497329.751656,-41,-33,98
1743497329.787656,50,20,186
1743497329.8226562,-57,96,42
1743497329.857656,-49,64,4
1743497329.893656,-3,68,236
1743497329.928656,22,66,230
1743497329.964656,0,3,99
1743497329.999656,-27,83,263
1743497330.035656,-87,-55,136
1743497330.070656,14,34,143
1743497330.105656,44,-51,119
1743497330.1416562,46,-17,271
1743497330.176656,-51,28,182
1743497330.212656,52,-29,159
1743497330.247656,6,6,57
1743497330.283656,-41,-7,65
1743497330.318656,12,6,149
1743497330.353656,76,-9,137
1743497330.389656,-87,16,137
1743497330.4246562,8,-95,81
1743497330.4606562,42,-55,113
1743497330.495656,14,-57,27
1743497330.531656,62,18,141
1743497330.566656,-17,-79,98
1743497330.601656,-31,-61,74
1743497330.637656,10,40,50
1743497330.672656,26,20,136
1743497330.708656,68,30,110
1743497330.7436562,32,92,162
1743497330.7796562,-43,-63,276
1743497330.814656,2,24,96
1743497330.849656,-25,-5,84
1743497330.885656,46,20,178
1743497330.920656,-41,-71,84
1743497330.956656,4,-1,186
1743497330.991656,-29,26,146
1743497331.027656,72,-25,64
1743497331.0626562,-23,-11,156
1743497331.097656,-17,62,78
1743497331.133656,0,-11,206
1743497331.168656,84,20,144
1743497331.204656,-45,56,42
1743497331.239656,-7,-3,160
1743497331.275656,-57,-39,80
1743497331.310656,-13,-17,25
1743497331.3456562,-65,-13,145
1743497331.3816562,38,-71,179
1743497331.416656,-31,-37,179
1743497331.452656,100,-43,151
1743497331.487656,80,-25,221
1743497331.523656,-21,6,195
1743497331.558656,-27,16,253
1743497331.593656,20,-47,83
1743497331.629656,-23,-43,65
1743497331.6646562,-19,38,155
1743497331.700656,-19,-13,112
1743497331.735656,76,-5,126
1743497331.771656,-53,80,84
1743497331.806656,118,-13,102
1743497331.841656,28,-37,232
1743497331.877656,-21,58,144
1743497331.912656,18,-39,8
1743497331.948656,-9,-39,138
1743497331.9836562,40,26,100
1743497332.019656,18,-55,170
1743497332.054656,30,-5,178
1743497332.089656,12,-19,69
1743497332.125656,-37,-15,151
1743497332.160656,-35,-47,115
1743497332.196656,42,40,149
1743497332.231656,-9,72,217
1743497332.267656,2,38,135
1743497332.302656,20,36,171
1743497332.337656,6,36,79
1743497332.373656,4,-27,175
1743497332.408656,-91,-29,155
1743497332.444656,102,62,75
1743497332.479656,20,-49,155
1743497332.515656,20,-21,91
1743497332.550656,-73,-46,77
1743497332.5856562,44,29,59
1743497332.621656,-7,15,34
1743497332.656656,0,5,114
1743497332.692656,-13,7,236
1743497332.727656,4,-78,226
1743497332.763656,6,91,206
1743497332.798656,16,9,36
1743497332.833656,-67,55,88
1743497332.869656,16,-6,300
1743497332.9046562,-3,7,46
1743497332.940656,-47,15,172
1743497332.975656,0,37,142
1743497333.011656,-17,69,174
1743497333.047656,-35,0,-55
1743497333.082656,0,31,266
1743497333.117656,72,-8,186
1743497333.153656,-13,43,194
1743497333.189656,-37,9,102
1743497333.231656,36,-18,98
1743497333.268656,2,-12,216
1743497333.303656,68,-10,106
1743497333.338656,0,4,104
1743497333.373656,46,15,28
1743497333.409656,-23,45,218
1743497333.445656,28,29,110
1743497333.480656,-15,21,130
1743497333.5166562,-13,18,150
1743497333.551656,-45,13,108
1743497333.586656,-81,73,120
1743497333.621656,86,9,144
1743497333.657656,-11,-3,132
1743497333.693656,-55,29,224
1743497333.728656,-8,17,194
1743497333.764656,3,-28,86
1743497333.7996562,-24,59,68
1743497333.834656,37,27,184
1743497333.869656,-93,-30,60
1743497333.905656,-37,17,82
1743497333.941656,-53,-32,98
1743497333.976656,-29,-28,84
1743497334.012656,10,9,230
1743497334.047656,-47,39,76
1743497334.082656,56,45,156
1743497334.117656,30,1,128
1743497334.153656,-11,49,94
1743497334.189656,30,25,142
1743497334.224656,-13,-56,156
1743497334.260656,12,-54,66
1743497334.295656,48,-70,14
1743497334.330656,50,41,98
1743497334.365656,16,22,68
1743497334.4016562,-17,-41,24
1743497334.4376562,-19,-49,162
1743497334.472656,18,-7,218
1743497334.508656,20,-61,30
1743497334.543656,-5,-11,204
1743497334.578656,6,2,188
1743497334.613656,24,-27,136
1743497334.649656,-45,-19,84
1743497334.685656,-23,-65,184
1743497334.7206562,56,26,146
1743497334.7566562,10,8,56
1743497334.791656,56,-1,178
1743497334.826656,-35,44,252
1743497334.861656,-9,-23,304
1743497334.897656,66,-5,118
1743497334.933656,-3,-3,104
1743497334.968656,64,-19,154
1743497335.004656,-63,-89,50
1743497335.0396562,-27,106,96
1743497335.074656,-29,78,132
1743497335.109656,5,36,170
1743497335.145656,-6,36,220
1743497335.181656,-27,30,76
1743497335.216656,-65,2,50
1743497335.252656,92,36,132
1743497335.287656,-29,20,254
1743497335.3226562,10,54,154
1743497335.357656,48,-23,196
1743497335.393656,14,-21,161
1743497335.429656,-25,14,127
1743497335.464656,-47,31,139
1743497335.500656,4,35,57
1743497335.535656,-7,17,82
1743497335.570656,-29,51,33
1743497335.605656,-17,13,171
1743497335.6416562,42,-16,15
1743497335.677656,-11,-14,79
1743497335.712656,-35,-60,259
1743497335.748656,36,-72,107
1743497335.783656,42,-24,109
1743497335.818656,-69,31,171
1743497335.853656,-55,1,173
1743497335.889656,62,-30,267
1743497335.925656,56,-6,123
1743497335.9606562,66,-78,73
1743497335.996656,14,29,249
1743497336.031656,26,-68,143
1743497336.066656,58,91,59
1743497336.101656,42,73,135
1743497336.137656,4,37,179
1743497336.173656,38,-16,171
1743497336.208656,-35,-38,157
1743497336.244656,38,-22,47
1743497336.2796562,110,-14,189
1743497336.314656,-31,-20,255
1743497336.349656,-31,31,27
1743497336.385656,-15,9,169
1743497336.421656,32,39,77
1743497336.456656,-33,41,127
1743497336.492656,6,49,195
1743497336.527656,-19,15,221
1743497336.5626562,38,-6,151
1743497336.597656,-73,-10,201
1743497336.633656,36,23,-38
1743497336.669656,54,-40,103
1743497336.704656,-35,-12,79
1743497336.740656,18,12,235
1743497336.775656,60,-27,79
1743497336.810656,32,-3,95
1743497336.8456562,12,-61,147
1743497336.8816562,-19,48,225
1743497336.917656,6,24,111
1743497336.952656,-7,-55,179
1743497336.988656,18,46,37
1743497337.023656,-60,-11,113
1743497337.058656,-99,-15,135
1743497337.093656,42,70,51
1743497337.129656,64,-29,69
1743497337.165656,-43,46,155
1743497337.200656,24,-11,183
1743497337.236656,-56,-61,141
1743497337.271656,15,-79,111
1743497337.306656,-40,58,101
1743497337.341656,-70,-15,157
1743497337.377656,-36,10,111
1743497337.413656,83,50,89
1743497337.448656,-2,-9,111
1743497337.484656,-28,6,235
1743497337.519656,3,32,213
1743497337.554656,5,8,107
1743497337.589656,75,58,183
1743497337.625656,-40,-21,133
1743497337.661656,-32,34,61
1743497337.696656,-78,12,137
1743497337.732656,-6,-1,181
1743497337.767656,-52,-21,0
1743497337.802656,15,38,163
1743497337.837656,99,-15,105
1743497337.873656,-54,-29,233
1743497337.909656,61,32,149
1743497337.944656,-52,-29,93
1743497337.980656,-70,-3,185
1743497338.015656,-22,-21,83
1743497338.050656,25,50,145
1743497338.0856562,-10,26,101
1743497338.121656,-40,51,149
1743497338.157656,-24,60,51
1743497338.192656,7,-11,283
1743497338.228656,1,-39,87
1743497338.263656,-4,-18,209
1743497338.298656,-80,-12,267
1743497338.333656,15,-22,43
1743497338.369656,1,1,113
1743497338.405656,-34,-24,153
1743497338.440656,-8,-18,209
1743497338.476656,-21,-34,197
1743497338.511656,13,-31,-34
1743497338.546656,35,-16,207
1743497338.581656,-48,-5,97
1743497338.617656,-58,-67,205
1743497338.653656,31,-5,169
1743497338.688656,-11,72,87
1743497338.724656,6,23,183
1743497338.759656,8,7,187
1743497338.794656,-21,-44,155
1743497338.829656,28,-32,143
1743497338.865656,8,-14,109
1743497338.9016562,-13,-16,201
1743497338.936656,30,51,109
1743497338.972656,-9,-38,187
1743497339.007656,36,29,115
1743497339.042656,-101,-2,189
1743497339.078656,8,-16,179
1743497339.113656,-38,71,219
1743497339.149656,33,-32,101
1743497339.184656,18,77,135
1743497339.2206562,21,-24,277
1743497339.255656,109,-18,73
1743497339.290656,-54,-50,63
1743497339.326656,-18,-38,181
1743497339.361656,-60,-44,95
1743497339.397656,11,-40,229
1743497339.432656,-25,-6,203
1743497339.468656,22,3,159
1743497339.503656,-7,-44,61
1743497339.538656,66,55,139
1743497339.574656,60,49,63
1743497339.609656,0,43,83
1743497339.645656,32,43,157
1743497339.680656,39,-10,73
1743497339.716656,-54,5,97
1743497339.751656,53,-10,103
1743497339.786656,85,-36,191
1743497339.8226562,35,-30,151
1743497339.857656,11,-14,91
1743497339.893656,19,-32,133
1743497339.928656,-24,-32,183
1743497339.964656,-26,-4,211
1743497339.999656,67,-22,117
1743497340.034656,19,43,165
1743497340.070656,5,69,155
1743497340.105656,37,-54,129
1743497340.1416562,-6,-23,257
1743497340.176656,71,-7,247
1743497340.212656,39,-49,213
1743497340.247656,-12,18,187
1743497340.282656,17,-3,149
1743497340.318656,41,14,111
1743497340.353656,19,-1,57
1743497340.389656,-44,-59,93
1743497340.4246562,-84,-19,219
1743497340.4606562,47,-11,137
1743497340.495656,-50,-32,123
1743497340.530656,3,39,273
1743497340.566656,-6,45,113
1743497340.601656,-4,7,55
1743497340.637656,11,1,219
1743497340.672656,0,-82,151
1743497340.708656,19,53,-104
1743497340.7436562,133,-50,131
1743497340.778656,-74,41,105
1743497340.814656,37,-24,111
1743497340.849656,-18,-78,131
1743497340.885656,-81,29,151
1743497340.920656,-53,47,31
1743497340.956656,80,-27,165
1743497340.991656,-41,-5,73
1743497341.0266562,64,62,171
1743497341.0626562,2,-37,163
1743497341.097656,-1,-15,159
1743497341.133656,13,28,177
1743497341.168656,11,-61,113
1743497341.204656,16,-19,193
1743497341.239656,12,16,151
1743497341.274656,-23,26,163
1743497341.310656,-25,-17,81
1743497341.3456562,-7,4,111
1743497341.3816562,-45,-19,145
1743497341.416656,40,-3,219
1743497341.452656,-3,-25,213
1743497341.487656,-45,54,188
1743497341.522656,18,-47,14
1743497341.558656,24,0,226
1743497341.593656,-21,-99,124
1743497341.629656,-19,-59,140
1743497341.6646562,-51,-27,190
1743497341.700656,110,58,98
1743497341.735656,-15,14,112
1743497341.770656,16,-73,194
1743497341.806656,80,44,-39
1743497341.841656,-61,44,58
1743497341.877656,-57,-39,134
1743497341.912656,-19,18,114
1743497341.948656,-51,-1,142
1743497341.9836562,-35,-55,96
1743497342.018656,3,-15,86
1743497342.054656,-45,-39,116
1743497342.089656,-13,44,174
1743497342.125656,4,-33,48
1743497342.160656,-115,-27,68
1743497342.196656,-61,-59,118
1743497342.231656,-3,-37,152
1743497342.2666562,28,28,122
1743497342.302656,-19,-61,32
1743497342.337656,66,8,48
1743497342.373656,69,54,264
1743497342.408656,-30,-29,146
1743497342.444656,10,-1,288
1743497342.480656,16,16,160
1743497342.5166562,-19,-5,88
1743497342.552656,-1,42,190
1743497342.588656,20,28,260
1743497342.624656,24,16,132
1743497342.660656,-63,-15,126
1743497342.696656,14,-31,172
1743497342.731656,-7,-35,80
1743497342.7666562,26,-5,18
1743497342.802656,-17,4,104
1743497342.838656,-11,-29,160
1743497342.873656,8,-15,102
1743497342.909656,44,-21,128
1743497342.944656,-101,-89,96
1743497342.979656,74,-19,40
1743497343.014656,-31,6,152
1743497343.050656,54,22,92
1743497343.086656,4,4,80
1743497343.121656,0,18,124
1743497343.157656,-61,-71,134
1743497343.192656,-35,0,100
1743497343.234656,-79,-63,150
1743497343.270656,22,30,138
1743497343.306656,40,-25,166
1743497343.342656,-3,10,84
1743497343.377656,-23,8,20
1743497343.413656,50,34,52
1743497343.448656,20,18,106
1743497343.4836562,-31,64,198
1743497343.518656,-31,52,182
1743497343.554656,0,-7,74
1743497343.590656,84,-45,86
1743497343.625656,42,-7,152
1743497343.661656,38,-31,112
1743497343.696656,-45,-47,176
1743497343.731656,28,-9,94
1743497343.7666562,-5,-70,196
1743497343.802656,110,-14,170
1743497343.838656,-17,58,130
1743497343.873656,56,2,150
1743497343.909656,14,-4,144
1743497343.944656,24,-8,142
1743497343.979656,-75,33,58
1743497344.014656,-87,35,160
1743497344.050656,32,41,198
1743497344.086656,66,39,76
1743497344.121656,12,3,132
1743497344.157656,-5,-16,150
1743497344.192656,-13,51,120
1743497344.227656,-65,-12,98
1743497344.262656,-53,-52,146
1743497344.298656,0,-82,144
1743497344.334656,64,13,170
1743497344.369656,-31,-10,158
1743497344.405656,-117,49,183
1743497344.440656,-5,-24,11
1743497344.475656,-27,45,157
1743497344.510656,150,-70,177
1743497344.546656,-4,-10,213
1743497344.582656,-3,47,117
1743497344.617656,-41,0,109
1743497344.653656,-95,29,181
1743497344.688656,8,-26,63
1743497344.723656,-81,-34,-22
1743497344.758656,2,3,207
1743497344.794656,6,24,35
1743497344.830656,2,-25,127
1743497344.865656,10,2,153
1743497344.9016562,-53,-29,101
1743497344.936656,26,38,-4
1743497344.971656,110,20,221
1743497345.0066562,30,34,51
1743497345.042656,-21,58,195
1743497345.078656,-17,-17,77
1743497345.113656,10,42,35
1743497345.149656,100,20,125
1743497345.184656,-43,-1,193
1743497345.219656,-1,20,165
1743497345.254656,14,-19,181
1743497345.290656,62,-5,121
1743497345.326656,-51,56,255
1743497345.361656,54,-5,33
1743497345.397656,-75,-19,219
1743497345.432656,-3,46,171
1743497345.467656,76,68,283
1743497345.502656,18,-83,63
1743497345.538656,32,-75,23
1743497345.574656,14,22,139
1743497345.609656,-5,20,171
1743497345.645656,32,-35,51
1743497345.680656,-131,-45,249
1743497345.715656,22,18,121
1743497345.750656,-45,-23,77
1743497345.786656,-113,68,79
1743497345.8226562,-19,-77,193
1743497345.857656,12,-29,157
1743497345.893656,64,-53,97
1743497345.928656,-49,-57,175
1743497345.963656,18,12,117
1743497345.998656,128,48,93
1743497346.034656,-43,-7,167
1743497346.070656,-7,8,121
1743497346.105656,-7,22,51
1743497346.1416562,-77,30,-6
1743497346.176656,12,28,95
1743497346.211656,63,20,133
1743497346.246656,-68,24,173
1743497346.282656,-26,-51,107
1743497346.318656,14,-9,77
1743497346.353656,46,-29,141
1743497346.389656,4,8,93
1743497346.4246562,-45,8,163
1743497346.459656,-48,-33,155
1743497346.494656,-12,38,163
1743497346.530656,-50,-7,163
1743497346.566656,7,-55,183
1743497346.601656,165,-125,93
1743497346.637656,18,-1,171
1743497346.672656,7,64,103
1743497346.707656,-70,-21,273
1743497346.742656,-45,58,191
1743497346.778656,-56,-35,177
1743497346.814656,-16,56,189
1743497346.849656,-40,20,103
1743497346.885656,17,-55,121
1743497346.920656,67,-27,121
1743497346.955656,65,-73,211
1743497346.990656,-14,32,3
1743497347.0266562,-2,27,235
1743497347.0626562,29,9,151
1743497347.097656,-10,25,141
1743497347.133656,47,-66,215
1743497347.168656,-2,-25,95
1743497347.203656,1,-49,145
1743497347.238656,55,58,217
1743497347.274656,-36,46,147
1743497347.310656,-28,2,23
1743497347.3456562,-42,6,125
1743497347.3816562,-34,-25,135
1743497347.416656,9,50,107
1743497347.451656,71,12,209
1743497347.486656,27,76,107
1743497347.522656,57,-105,217
1743497347.558656,-84,-9,235
1743497347.593656,37,14,77
1743497347.629656,-4,6,219
1743497347.6646562,13,26,81
1743497347.699656,-2,-35,-8
1743497347.734656,-54,36,89
1743497347.770656,-62,34,135
1743497347.806656,-30,48,153
1743497347.841656,-40,22,131
1743497347.877656,-18,6,142
1743497347.912656,33,2,31
1743497347.9476562,7,-93,167
1743497347.982656,3,46,89
1743497348.018656,-44,34,77
1743497348.054656,57,-1,83
1743497348.089656,-6,12,121
1743497348.125656,-20,0,243
1743497348.160656,-24,-47,129
1743497348.195656,-94,58,43
1743497348.230656,-12,54,109
1743497348.2666562,-4,-21,118
1743497348.302656,-18,34,62
1743497348.337656,29,-35,114
1743497348.373656,65,38,46
1743497348.408656,-58,-21,78
1743497348.443656,-28,-17,90
1743497348.478656,-8,-55,154
1743497348.514656,-2,-73,202
1743497348.550656,81,-29,232
1743497348.5856562,13,2,172
1743497348.621656,69,-67,215
1743497348.656656,-44,-21,219
1743497348.691656,-18,-13,148
1743497348.727656,39,32,148
1743497348.762656,-108,2,162
1743497348.798656,38,-33,124
1743497348.833656,-31,2,114
1743497348.869656,-13,-15,110
1743497348.9046562,16,-57,122
1743497348.939656,16,-57,102
1743497348.975656,-75,-23,144
1743497349.010656,33,-63,154
1743497349.046656,63,16,176
1743497349.081656,-74,0,216
1743497349.117656,-20,-21,162
1743497349.152656,85,-45,134
1743497349.1876562,7,48,52
1743497349.223656,25,-11,66
1743497349.258656,-20,8,12
1743497349.294656,21,58,66
1743497349.329656,0,-25,106
1743497349.365656,-42,42,220
1743497349.400656,-68,28,80
1743497349.435656,21,64,152
1743497349.471656,33,2,132
1743497349.5066562,-52,-65,136
1743497349.542656,-42,36,134
1743497349.577656,-60,40,244
1743497349.613656,-2,-3,64
1743497349.648656,59,-55,92
1743497349.683656,-6,-11,130
1743497349.719656,-10,-51,214
1743497349.754656,-26,-17,68
1743497349.790656,-4,-21,132
1743497349.825656,-50,55,200
1743497349.861656,-2,4,24
1743497349.896656,-12,1,82
1743497349.931656,-56,33,132
1743497349.967656,-30,5,110
1743497350.002656,43,-1,154
1743497350.038656,35,12,-5
1743497350.073656,13,64,200
1743497350.109656,-46,-15,74
1743497350.144656,79,-15,160
1743497350.179656,127,-51,62
1743497350.215656,87,10,168
1743497350.250656,-4,-5,126
1743497350.286656,-32,-9,182
1743497350.321656,-18,-47,122
1743497350.357656,-2,20,102
1743497350.392656,-82,4,260
1743497350.427656,-22,-59,134
1743497350.463656,-40,-31,138
1743497350.498656,-22,-55,106
1743497350.534656,75,0,132
1743497350.569656,-4,90,206
1743497350.605656,-48,-41,72
1743497350.640656,15,-47,52
1743497350.675656,-10,-37,110
1743497350.711656,7,-69,96
1743497350.746656,15,-65,196
1743497350.782656,-38,-27,176
1743497350.817656,33,-23,88
1743497350.853656,-30,12,190
1743497350.888656,-16,-7,186
1743497350.923656,-38,0,64
1743497350.959656,11,18,180
1743497350.994656,25,-39,0
1743497351.030656,-16,-13,130
1743497351.065656,19,-37,142
1743497351.101656,-20,-51,138
1743497351.136656,-90,-45,106
1743497351.171656,19,54,142
1743497351.207656,35,-37,130
1743497351.242656,-98,14,108
1743497351.278656,-32,22,258
1743497351.313656,-6,12,138
1743497351.349656,43,82,148
1743497351.384656,-60,32,16
1743497351.419656,-14,-13,130
1743497351.455656,-2,22,114
1743497351.490656,73,4,268
1743497351.5266562,-50,-69,214
1743497351.561656,41,-37,218
1743497351.597656,20,-101,184
1743497351.632656,-25,-55,148
1743497351.667656,-17,46,236
1743497351.703656,-65,-35,128
1743497351.738656,-1,12,72
1743497351.774656,-9,-29,66
1743497351.809656,102,134,100
1743497351.844656,86,-31,260
1743497351.879656,-19,36,118
1743497351.915656,46,28,234
1743497351.951656,-25,0,40
1743497351.986656,-61,40,186
1743497352.022656,52,-83,34
1743497352.057656,88,2,216
1743497352.093656,50,12,196
1743497352.129656,-11,-5,58
1743497352.1646562,12,-19,130
1743497352.199656,52,-49,164
1743497352.235656,-89,16,106
1743497352.271656,-5,6,114
1743497352.306656,48,78,100
1743497352.342656,-25,18,92
1743497352.377656,52,-21,132
1743497352.412656,10,46,154
1743497352.4476562,56,-93,156
1743497352.4836562,-55,128,92
1743497352.519656,6,-1,216
1743497352.554656,50,-21,58
1743497352.590656,-67,18,32
1743497352.625656,-5,-34,96
1743497352.660656,40,-39,202
1743497352.695656,18,-1,178
1743497352.731656,8,-39,160
1743497352.767656,26,8,168
1743497352.802656,-13,28,176
1743497352.838656,-47,12,92
1743497352.873656,16,18,68
1743497352.908656,24,60,126
1743497352.943656,20,54,-27
1743497352.979656,-35,-17,200
1743497353.015656,44,-47,200
1743497353.050656,4,-9,44
1743497353.086656,30,34,124
1743497353.121656,50,8,64
1743497353.156656,-7,-5,206
1743497353.191656,-27,-51,4
1743497353.227656,12,58,42
1743497353.270656,3,-37,214
1743497353.306656,135,2,194
1743497353.342656,3,14,160
1743497353.377656,32,-1,144
1743497353.412656,-41,-87,128
1743497353.4476562,26,-7,88
1743497353.4836562,-17,10,56
1743497353.519656,-35,-33,84
1743497353.554656,4,-105,106
1743497353.590656,-15,8,160
1743497353.625656,8,24,104
1743497353.660656,13,-13,254
1743497353.695656,-46,-17,66
1743497353.731656,-40,-13,79
1743497353.767656,46,18,97
1743497353.802656,4,6,339
1743497353.838656,40,-9,134
1743497353.873656,-25,16,78
1743497353.908656,-29,-27,56
1743497353.943656,100,-91,174
1743497353.979656,-2,-89,254
1743497354.015656,-12,78,70
1743497354.050656,-27,-19,20
1743497354.086656,4,-33,76
1743497354.121656,-9,-85,220
1743497354.156656,74,56,159
1743497354.191656,24,40,228
1743497354.227656,38,-3,224
1743497354.263656,-120,-41,105
1743497354.298656,87,-67,151
1743497354.334656,-50,-11,143
1743497354.369656,33,34,155
1743497354.4046562,41,-65,189
1743497354.439656,-56,22,-12
1743497354.475656,25,22,121
1743497354.511656,77,-31,273
1743497354.546656,-42,68,239
1743497354.582656,-6,-29,81
1743497354.617656,29,-77,127
1743497354.652656,-38,64,115
1743497354.6876562,7,18,117
1743497354.723656,43,50,25
1743497354.759656,11,32,111
1743497354.794656,-42,-89,195
1743497354.830656,37,33,137
1743497354.865656,-2,-16,203
1743497354.900656,-58,-16,63
1743497354.935656,49,-60,87
1743497354.971656,19,-1,177
1743497355.007656,55,-44,145
1743497355.042656,-32,-68,269
1743497355.078656,23,-16,85
1743497355.114656,-18,31,141
1743497355.150656,-26,-15,109
1743497355.185656,-84,44,75
1743497355.2206562,-10,-17,189
1743497355.255656,89,-61,57
1743497355.291656,-62,-21,139
1743497355.327656,91,94,129
1743497355.362656,63,56,207
1743497355.398656,-24,6,149
1743497355.433656,1,-81,95
1743497355.468656,-20,36,99
1743497355.503656,-12,-21,151
1743497355.5396562,15,40,239
1743497355.575656,-12,44,119
1743497355.610656,93,14,147
1743497355.646656,7,66,109
1743497355.681656,13,-11,31
1743497355.716656,25,16,139
1743497355.751656,43,14,75
1743497355.787656,37,10,113
1743497355.823656,-20,-57,169
1743497355.8586562,49,-71,115
1743497355.894656,37,10,159
1743497355.929656,125,-21,63
1743497355.964656,0,-59,61
1743497355.999656,-8,-81,125
1743497356.035656,83,-33,69
1743497356.071656,105,-53,51
1743497356.106656,-16,90,151
1743497356.142656,-22,0,59
1743497356.177656,-42,98,157
1743497356.212656,53,14,135
1743497356.247656,57,-38,127
1743497356.283656,-58,3,93
1743497356.319656,95,-52,103
1743497356.354656,-2,42,149
1743497356.390656,129,-7,127
1743497356.425656,-12,-25,55
1743497356.4606562,17,4,155
1743497356.495656,9,34,23
1743497356.531656,33,74,117
1743497356.567656,-6,-5,135
1743497356.602656,67,0,123
1743497356.638656,19,32,93
1743497356.673656,59,-44,85
1743497356.708656,1,-32,89
1743497356.7436562,57,57,21
1743497356.7796562,-20,-10,39
1743497356.815656,5,-140,15
1743497356.850656,-40,-6,205
1743497356.886656,35,-28,141
1743497356.921656,81,-64,148
1743497356.956656,-28,97,188
1743497356.991656,-38,-16,178
1743497357.027656,27,21,-61
1743497357.063656,21,0,182
1743497357.098656,-6,35,66
1743497357.134656,-36,-28,210
1743497357.169656,-26,23,156
1743497357.204656,0,75,202
1743497357.240656,49,-6,144
1743497357.275656,55,-2,148
1743497357.311656,14,39,142
1743497357.346656,-100,45,136
1743497357.382656,11,-22,88
1743497357.417656,25,-12,68
1743497357.452656,35,3,154
1743497357.487656,-20,19,276
1743497357.523656,19,0,142
1743497357.559656,-46,-6,94
1743497357.594656,-52,-38,148
1743497357.630656,-74,9,112
1743497357.665656,19,55,14
1743497357.700656,105,29,86
1743497357.735656,-3,45,192
1743497357.771656,24,25,182
1743497357.807656,-61,37,34
1743497357.842656,48,10,104
1743497357.878656,-15,-9,70
1743497357.913656,22,44,212
1743497357.948656,-7,-27,92
1743497357.9836562,-53,-29,162
1743497358.019656,54,26,186
1743497358.055656,-1,94,-7
1743497358.090656,44,-57,36
1743497358.126656,-9,-55,90
1743497358.161656,-7,52,142
1743497358.196656,2,-33,14
1743497358.232656,-41,10,66
1743497358.267656,-19,30,174
1743497358.303656,62,44,50
1743497358.338656,18,-49,126
1743497358.374656,-21,-1,184
1743497358.409656,10,30,124
1743497358.444656,-23,37,112
1743497358.480656,6,-8,64
1743497358.515656,-67,-10,2
1743497358.551656,-1,49,96
1743497358.586656,-7,43,204
1743497358.622656,44,-2,218
1743497358.657656,-29,63,102
1743497358.692656,-33,45,154
1743497358.728656,-49,-24,143
1743497358.763656,50,11,201
1743497358.7996562,-31,133,80
1743497358.834656,28,-12,96
1743497358.870656,14,-64,133
1743497358.905656,-95,53,83
1743497358.940656,6,-74,15
1743497358.976656,-11,35,165
1743497359.011656,-71,-4,201
1743497359.047656,-41,-10,83
1743497359.082656,-83,-72,109
1743497359.1186562,-77,-16,307
1743497359.153656,-93,-56,79
1743497359.188656,-51,-52,193
1743497359.224656,-31,37,95
1743497359.259656,8,-34,19
1743497359.295656,-25,-24,137
1743497359.330656,-33,-10,289
1743497359.366656,32,-28,63
1743497359.4016562,32,-28,91
1743497359.436656,17,-4,21
1743497359.472656,29,19,161
1743497359.507656,-72,-22,127
1743497359.543656,-20,57,161
1743497359.578656,1,-34,119
1743497359.614656,35,21,135
1743497359.649656,19,-38,113
1743497359.684656,-50,-10,161
1743497359.7206562,0,-56,61
1743497359.755656,39,-12,157
1743497359.791656,-8,-6,143
1743497359.826656,-26,1,129
1743497359.862656,-12,67,71
1743497359.897656,29,29,209
1743497359.932656,3,-12,109
1743497359.968656,19,-22,191
1743497360.003656,15,13,135
1743497360.0396562,111,0,111
1743497360.074656,29,0,125
1743497360.110656,-11,-44,131
1743497360.145656,-71,-14,-30
1743497360.180656,18,85,189
1743497360.216656,64,67,177
1743497360.251656,-19,-78,55
1743497360.287656,38,35,121
1743497360.3226562,-50,-60,137
1743497360.3586562,36,23,127
1743497360.393656,27,-22,105
1743497360.428656,-12,43,175
1743497360.464656,-72,-14,247
1743497360.499656,-12,85,145
1743497360.535656,-44,0,77
1743497360.570656,-20,-2,151
1743497360.606656,-14,-36,141
1743497360.6416562,14,43,143
1743497360.676656,-86,17,199
1743497360.712656,-30,-26,55
1743497360.747656,87,-108,143
1743497360.783656,70,-30,53
1743497360.818656,8,25,123
1743497360.854656,-9,29,157
1743497360.889656,3,-24,115
1743497360.9246562,41,91,61
1743497360.9606562,1,33,143
1743497360.995656,25,1,121
1743497361.031656,47,-34,99
1743497361.066656,13,19,156
1743497361.102656,-12,43,194
1743497361.137656,0,17,252
1743497361.172656,-6,41,220
1743497361.208656,-24,-14,170
1743497361.2436562,9,3,90
1743497361.2796562,57,47,60
1743497361.314656,11,5,-15
1743497361.350656,-82,23,105
1743497361.385656,-54,15,106
1743497361.420656,-34,-14,-21
1743497361.456656,-18,-10,192
1743497361.491656,-22,-32,148
1743497361.527656,-57,33,156
1743497361.5626562,-1,-28,220
1743497361.598656,-80,-28,234
1743497361.634656,-67,-54,-23
1743497361.670656,-58,-20,186
1743497361.706656,41,17,214
1743497361.741656,-26,63,70
1743497361.7766562,53,-28,126
1743497361.8126562,-88,0,72
1743497361.848656,49,29,80
1743497361.883656,-16,-2,230
1743497361.919656,3,-22,86
1743497361.954656,15,21,66
1743497361.989656,-80,5,124
1743497362.024656,-70,-38,172
1743497362.060656,0,-58,196
1743497362.096656,21,-34,70
1743497362.1316562,81,-48,164
1743497362.167656,67,-10,266
1743497362.202656,-40,-10,130
1743497362.237656,51,29,130
1743497362.272656,53,-16,260
1743497362.308656,43,-38,188
1743497362.344656,33,1,100
1743497362.379656,-12,-26,252
1743497362.415656,92,6,114
1743497362.450656,38,-45,146
1743497362.485656,92,-45,252
1743497362.520656,64,52,66
1743497362.556656,16,-31,112
1743497362.592656,28,-7,190
1743497362.627656,26,-31,72
1743497362.663656,-1,-67,182
1743497362.698656,0,-3,180
1743497362.7336562,-17,62,72
1743497362.768656,14,0,278
1743497362.804656,-69,136,152
1743497362.840656,-33,94,170
1743497362.875656,-37,24,72
1743497362.911656,-9,-33,156
1743497362.946656,-33,-29,238
1743497362.981656,4,54,180
1743497363.0166562,-5,40,62
1743497363.052656,68,-51,132
1743497363.088656,-53,-23,100
1743497363.123656,-17,4,172
1743497363.159656,10,-31,104
1743497363.194656,-5,12,80
1743497363.229656,52,38,196
1743497363.272656,68,-109,130
1743497363.308656,-75,4,164
1743497363.344656,16,5,142
1743497363.379656,34,66,108
1743497363.415656,36,23,52
1743497363.450656,22,3,200
1743497363.485656,10,-6,228
1743497363.520656,24,-52,94
1743497363.556656,-73,-32,154
1743497363.592656,-37,-34,196
1743497363.627656,68,-56,202
1743497363.663656,22,57,118
1743497363.698656,-25,-18,152
1743497363.7336562,90,-4,250
1743497363.768656,60,15,134
1743497363.804656,70,25,142
1743497363.840656,66,-24,50
1743497363.875656,-50,1,138
1743497363.911656,39,25,266
1743497363.946656,-13,-28,90
1743497363.981656,-3,11,152
1743497364.0166562,-5,13,230
1743497364.052656,2,23,256
1743497364.088656,30,18,154
1743497364.123656,-6,-79,100
1743497364.159656,-34,-47,144
1743497364.194656,-58,-33,154
1743497364.229656,53,8,132
1743497364.264656,19,36,188
1743497364.300656,105,14,140
1743497364.336656,5,92,158
1743497364.371656,-15,34,52
1743497364.407656,-78,-7,108
1743497364.442656,22,-4,226
1743497364.477656,-31,-68,160
1743497364.512656,-33,41,210
1743497364.548656,25,31,132
1743497364.584656,-20,-32,118
1743497364.619656,91,-16,100
1743497364.655656,-20,-74,132
1743497364.690656,51,65,16
1743497364.725656,15,-30,92
1743497364.760656,-52,-56,22
1743497364.796656,-53,41,78
1743497364.832656,38,-36,86
1743497364.867656,-89,29,62
1743497364.903656,96,45,106
1743497364.938656,-95,9,116
1743497364.973656,38,11,-17
1743497365.008656,-47,-16,172
1743497365.044656,12,49,162
1743497365.080656,-15,-1,192
1743497365.115656,6,1,160
1743497365.1516562,6,32,255
1743497365.186656,-57,-55,143
1743497365.221656,-65,12,55
1743497365.2566562,-69,27,121
1743497365.292656,24,-30,65
1743497365.328656,50,51,89
1743497365.363656,76,-110,73
1743497365.399656,39,2,89
1743497365.434656,15,44,147
1743497365.469656,49,-81,85
1743497365.504656,48,-5,69
1743497365.540656,-21,105,164
1743497365.576656,36,-16,43
1743497365.611656,-31,56,71
1743497365.647656,-69,31,97
1743497365.682656,46,37,15
1743497365.717656,42,10,99
1743497365.752656,-24,38,181
1743497365.788656,17,-79,113
1743497365.824656,53,72,182
1743497365.859656,2,8,104
1743497365.895656,24,4,97
1743497365.930656,10,28,172
1743497365.965656,6,-43,110
1743497366.000656,31,0,124
1743497366.036656,-19,-63,74
1743497366.0726562,78,16,251
1743497366.107656,-26,-43,213
1743497366.143656,-40,50,99
1743497366.178656,-32,2,163
1743497366.213656,-48,-61,195
1743497366.248656,-21,-35,69
1743497366.284656,4,-11,105
1743497366.320656,-17,-29,147
1743497366.355656,16,-33,145
1743497366.3916562,30,10,89
1743497366.426656,-33,-25,109
1743497366.461656,62,6,45
1743497366.496656,-53,-41,49
1743497366.532656,24,-41,-58
1743497366.568656,-21,-9,65
1743497366.603656,-46,-39,81
1743497366.639656,3,-11,73
1743497366.6746562,-86,-29,83
1743497366.709656,-22,-13,211
1743497366.744656,-29,16,47
1743497366.780656,62,8,137
1743497366.816656,-5,-41,17
1743497366.851656,6,-1,53
1743497366.887656,-33,-17,115
1743497366.922656,34,-57,165
1743497366.957656,-63,22,51
1743497366.992656,52,-7,59
1743497367.028656,36,22,73
1743497367.064656,56,82,105
1743497367.099656,2,-15,219
1743497367.135656,16,26,43
1743497367.170656,32,23,107
1743497367.205656,-17,16,237
1743497367.240656,42,-15,219
1743497367.2766562,11,100,171
1743497367.3126562,3,-34,15
1743497367.347656,79,-34,147
1743497367.383656,-38,15,61
1743497367.418656,103,-24,125
1743497367.453656,-8,65,133
1743497367.489656,9,-4,185
1743497367.524656,17,-56,103
1743497367.560656,25,47,131
1743497367.5956562,5,37,157
1743497367.6316562,15,29,69
1743497367.666656,59,11,157
1743497367.701656,-20,-32,101
1743497367.737656,51,49,91
1743497367.772656,-54,3,135
1743497367.808656,9,-23,37
1743497367.843656,75,56,155
1743497367.879656,-106,-21,103
1743497367.9146562,85,-41,129
1743497367.949656,99,-85,127
1743497367.985656,67,16,125
1743497368.020656,7,-39,69
1743497368.056656,13,68,117
1743497368.091656,-38,18,161
1743497368.127656,-14,-1,133
1743497368.162656,87,38,93
1743497368.1976562,47,8,231
1743497368.2336562,-2,16,175
1743497368.268656,-10,34,113
1743497368.304656,41,-29,121
1743497368.339656,19,30,121
1743497368.375656,9,76,99
1743497368.410656,-12,50,103
1743497368.445656,39,-15,199
1743497368.481656,-6,2,169
1743497368.5166562,13,14,201
1743497368.552656,23,76,161
1743497368.587656,0,-47,187
1743497368.623656,39,40,89
1743497368.658656,65,-1,143
1743497368.693656,3,-43,51
1743497368.729656,17,-25,207
1743497368.764656,55,52,127
1743497368.800656,-30,-7,100
1743497368.836656,39,18,-18
1743497368.872656,43,-17,153
1743497368.907656,7,52,163
1743497368.943656,-72,98,207
1743497368.978656,-4,42,73
1743497369.013656,-86,-19,183
1743497369.0496562,-30,-57,65
1743497369.084656,-58,-5,51
1743497369.120656,51,10,101
1743497369.155656,-38,2,99
1743497369.191656,-26,22,100
1743497369.226656,0,-1,34
1743497369.261656,0,-35,98
1743497369.297656,35,-85,149
1743497369.332656,-78,44,193
1743497369.3686562,-72,-27,29
1743497369.403656,-14,26,181
1743497369.439656,37,4,99
1743497369.475656,47,-19,-22
1743497369.511656,-40,-29,91
1743497369.546656,-24,12,33
1743497369.581656,0,6,155
1743497369.617656,-32,-15,101
1743497369.652656,3,-25,83
1743497369.688656,-10,-81,129
1743497369.723656,-36,84,137
1743497369.759656,23,44,137
1743497369.794656,37,34,253
1743497369.829656,15,-43,183
1743497369.865656,-68,10,71
1743497369.900656,-76,34,186
1743497369.936656,29,-11,104
1743497369.971656,31,-13,178
1743497370.007656,37,33,116
1743497370.042656,3,29,32
1743497370.077656,48,21,58
1743497370.113656,12,13,216
1743497370.148656,16,9,146
1743497370.184656,60,23,98
1743497370.219656,-95,31,198
1743497370.255656,6,7,34
1743497370.290656,-17,17,194
1743497370.325656,-45,71,74
1743497370.361656,10,-28,118
1743497370.396656,72,91,76
1743497370.432656,21,-24,182
1743497370.467656,-14,-18,172
1743497370.503656,-38,-4,104
1743497370.538656,-12,25,80
1743497370.573656,3,18,101
1743497370.609656,51,16,117
1743497370.644656,-89,3,294
1743497370.680656,17,7,150
1743497370.715656,9,6,85
1743497370.751656,-26,-5,137
1743497370.786656,-36,-55,187
1743497370.821656,0,2,267
1743497370.857656,0,-17,51
1743497370.892656,15,-115,121
1743497370.928656,73,12,109
1743497370.963656,95,-13,120
1743497370.999656,-96,6,150
1743497371.034656,-89,-35,148
1743497371.069656,-50,-41,198
1743497371.105656,63,46,222
1743497371.140656,60,42,179
1743497371.176656,-7,-17,124
1743497371.211656,-37,-102,170
1743497371.246656,69,19,178
1743497371.281656,77,-50,60
1743497371.317656,28,-10,116
1743497371.353656,-63,-72,130
1743497371.388656,-47,43,104
1743497371.4246562,69,101,58
1743497371.459656,-18,29,224
1743497371.494656,13,-32,152
1743497371.5296562,-44,-18,58
1743497371.565656,-48,31,70
1743497371.601656,5,-18,114
1743497371.636656,1,-30,62
1743497371.672656,-20,35,214
1743497371.707656,-40,-16,172
1743497371.742656,-66,-12,292
1743497371.777656,82,1,248
1743497371.813656,-1,-58,148
1743497371.849656,-61,-36,166
1743497371.884656,-53,-24,100
1743497371.920656,-105,-2,208
1743497371.955656,-51,27,216
1743497371.990656,-1,15,168
1743497372.025656,-21,45,100
1743497372.061656,-103,-44,142
1743497372.097656,36,-28,94
1743497372.132656,58,-4,84
1743497372.168656,-3,-1,18
1743497372.203656,10,10,250
1743497372.238656,6,-25,130
1743497372.273656,-3,-27,202
1743497372.309656,-49,-61,140
1743497372.3456562,40,-37,138
1743497372.380656,-19,-25,78
1743497372.416656,24,-3,198
1743497372.451656,18,-35,182
1743497372.486656,10,44,38
1743497372.521656,-9,-27,218
1743497372.557656,-47,-51,196
1743497372.593656,-105,-5,184
1743497372.628656,-17,1,36
1743497372.6646562,2,-34,138
1743497372.699656,-35,29,246
1743497372.734656,-83,-88,96
1743497372.769656,-15,-21,94
1743497372.805656,-21,-11,204
1743497372.841656,-13,54,86
1743497372.876656,62,68,166
1743497372.912656,62,-51,172
1743497372.9476562,-47,-2,192
1743497372.982656,102,-9,144
1743497373.017656,-3,-2,194
1743497373.053656,-11,15,128
1743497373.089656,-47,-55,154
1743497373.124656,26,-27,96
1743497373.160656,66,46,160
1743497373.195656,-55,-67,92
1743497373.230656,110,68,64
1743497373.273656,-19,-31,186
1743497373.309656,44,20,102
1743497373.3456562,-47,-45,132
1743497373.380656,-9,16,146
1743497373.416656,38,-21,134
1743497373.451656,-99,0,190
1743497373.486656,36,10,46
1743497373.521656,-15,10,174
1743497373.557656,70,32,-9
1743497373.593656,-59,-35,136
1743497373.628656,-97,26,76
1743497373.6646562,20,-17,82
1743497373.699656,60,-31,200
1743497373.734656,-29,32,100
1743497373.769656,-49,-27,100
1743497373.805656,-4,56,272
1743497373.841656,128,60,122
1743497373.876656,-19,0,160
1743497373.912656,112,10,82
1743497373.9476562,-15,-1,180
1743497373.982656,-21,42,124
1743497374.017656,72,-3,200
1743497374.053656,-39,-1,148
1743497374.089656,-45,0,146
1743497374.124656,24,-3,246
1743497374.160656,76,-25,224
1743497374.195656,-1,34,138
1743497374.230656,10,-5,218
1743497374.265656,10,8,88
1743497374.301656,-35,12,254
1743497374.337656,-21,-7,270
1743497374.372656,-13,-25,166
1743497374.408656,36,-49,52
1743497374.443656,40,-9,164
1743497374.478656,-79,54,128
1743497374.513656,8,30,158
1743497374.5496562,19,-23,72
1743497374.5856562,-57,-17,153
1743497374.620656,60,6,155
1743497374.656656,-15,-51,133
1743497374.691656,-45,-9,57
1743497374.726656,62,-9,79
1743497374.761656,111,52,133
1743497374.797656,31,60,153
1743497374.833656,33,-69,181
1743497374.8686562,5,14,145
1743497374.9046562,27,16,147
1743497374.939656,25,-7,255
1743497374.974656,-6,-25,37
1743497375.009656,6,-95,159
1743497375.045656,54,-29,97
1743497375.081656,-54,2,35
1743497375.116656,-23,20,103
1743497375.152656,-20,40,119
1743497375.1876562,-6,56,-60
1743497375.222656,-42,0,109
1743497375.257656,57,-57,61
1743497375.293656,-12,-43,157
1743497375.329656,47,6,-10
1743497375.364656,-30,-13,191
1743497375.400656,77,40,223
1743497375.435656,-132,-7,175
1743497375.4706562,5,-13,125
1743497375.505656,-14,-5,-26
1743497375.541656,-10,-27,81
1743497375.577656,81,12,223
1743497375.612656,-134,-7,151
1743497375.648656,-120,-41,123
1743497375.683656,-18,10,147
1743497375.718656,-34,-13,141
1743497375.753656,-6,-61,201
1743497375.7896562,3,28,183
1743497375.825656,-82,-27,81
1743497375.860656,11,50,215
1743497375.896656,29,-9,95
1743497375.931656,57,-61,19
1743497375.966656,7,2,113
1743497376.001656,15,-57,97
1743497376.037656,49,-11,51
1743497376.073656,0,34,229
1743497376.1086562,5,36,143
1743497376.144656,-2,16,81
1743497376.179656,-52,-1,85
1743497376.214656,31,42,185
1743497376.249656,-14,-39,145
1743497376.285656,-18,-9,259
1743497376.321656,-40,28,7
1743497376.356656,49,-65,163
1743497376.392656,5,-95,83
1743497376.427656,-26,48,49
1743497376.462656,-42,-61,245
1743497376.497656,-18,-21,151
1743497376.533656,-62,24,25
1743497376.569656,21,-33,73
1743497376.604656,37,30,109
1743497376.640656,-48,-16,119
1743497376.675656,-98,-36,47
1743497376.7106562,-26,7,233
1743497376.745656,-92,-52,245
1743497376.781656,-62,3,295
1743497376.817656,-50,-8,213
1743497376.852656,53,3,13
1743497376.888656,29,-36,107
1743497376.923656,89,15,175
1743497376.958656,7,81,127
1743497376.9936562,31,33,39
1743497377.0296562,-32,-36,89
1743497377.065656,5,-34,155
1743497377.100656,52,-2,181
1743497377.136656,52,-60,71
1743497377.171656,16,-30,247
1743497377.206656,-39,5,161
1743497377.242656,79,-28,249
1743497377.277656,-8,49,185
1743497377.313656,43,0,219
1743497377.348656,-12,23,113
1743497377.384656,73,109,159
1743497377.419656,11,-16,29
1743497377.454656,-12,-42,81
1743497377.490656,-24,-56,143
1743497377.525656,45,81,123
1743497377.561656,63,-28,77
1743497377.596656,-56,5,151
1743497377.632656,-26,-27,139
1743497377.667656,-8,0,189
1743497377.702656,-58,-31,90
1743497377.738656,115,-39,137
1743497377.773656,-22,-11,49
1743497377.809656,-34,14,195
1743497377.844656,67,-30,245
1743497377.880656,67,-13,105
1743497377.915656,9,-15,113
1743497377.950656,21,72,81
1743497377.986656,45,-39,303
1743497378.021656,-30,-5,145
1743497378.057656,7,-65,167
1743497378.092656,-54,28,149
1743497378.128656,47,-39,115
1743497378.163656,28,4,175
1743497378.198656,-2,-43,249
1743497378.234656,10,-53,187
1743497378.269656,14,-9,95
1743497378.305656,54,52,181
1743497378.340656,38,-21,199
1743497378.376656,46,-23,45
1743497378.411656,6,2,86
1743497378.446656,-15,38,158
1743497378.482656,-17,44,166
1743497378.517656,-63,14,54
1743497378.553656,16,54,138
1743497378.588656,-63,14,218
1743497378.624656,-47,-13,74
1743497378.659656,-37,38,60
1743497378.694656,42,32,116
1743497378.730656,-7,8,122
1743497378.765656,34,22,160
1743497378.801656,4,-29,232
1743497378.836656,52,-61,122
1743497378.872656,16,-25,210
1743497378.907656,12,-3,20
1743497378.942656,-21,-39,142
1743497378.978656,10,-3,140
1743497379.013656,68,-59,138
1743497379.0496562,88,14,106
1743497379.084656,-9,28,124
1743497379.120656,8,-59,130
1743497379.155656,88,-43,128
1743497379.190656,58,74,50
1743497379.226656,0,6,176
1743497379.261656,-23,14,46
1743497379.297656,38,38,172
1743497379.332656,10,-83,224
1743497379.3686562,-11,-19,96
1743497379.403656,74,-67,68
1743497379.438656,-3,-53,184
1743497379.474656,28,6,42
1743497379.509656,-17,58,160
1743497379.545656,-29,72,100
1743497379.580656,-3,66,66
1743497379.616656,18,28,108
1743497379.6516562,-41,86,150
1743497379.686656,70,52,86
1743497379.722656,48,-31,230
1743497379.757656,-27,10,80
1743497379.793656,38,-19,76
1743497379.828656,2,50,222
1743497379.864656,-47,46,158
1743497379.899656,-19,-7,90
1743497379.934656,30,32,214
1743497379.9706562,28,36,272
1743497380.005656,-23,-45,198
1743497380.041656,-13,-29,192
1743497380.076656,22,2,150
1743497380.112656,-25,26,170
1743497380.147656,-39,14,104
1743497380.182656,118,-31,140
1743497380.218656,-17,-5,166
1743497380.253656,0,12,148
1743497380.2896562,-17,-41,100
1743497380.324656,20,8,180
1743497380.360656,-19,8,172
1743497380.395656,20,62,80
1743497380.430656,-19,-37,126
1743497380.466656,-5,22,164
1743497380.501656,-31,80,200
1743497380.537656,24,32,160
1743497380.5726562,28,-7,144
1743497380.6086562,-19,-23,218
1743497380.644656,-15,-81,182
1743497380.680656,70,-33,238
1743497380.716656,82,6,144
1743497380.751656,-79,38,70
1743497380.786656,2,16,168
1743497380.8226562,-12,44,166
1743497380.8586562,41,70,168
1743497380.893656,-34,58,172
1743497380.929656,-30,58,98
1743497380.964656,7,-53,164
1743497380.999656,-24,38,176
1743497381.034656,-40,-29,172
1743497381.070656,-26,-9,126
1743497381.106656,-48,-51,246
1743497381.1416562,-34,-53,2
1743497381.177656,61,56,166
1743497381.212656,19,-9,144
1743497381.247656,-66,16,302
1743497381.282656,31,-27,252
1743497381.318656,41,0,166
1743497381.354656,-80,26,160
1743497381.389656,-38,-1,-7
1743497381.425656,-2,-3,138
1743497381.4606562,-18,-101,290
1743497381.495656,29,-31,-47
1743497381.530656,89,-15,126
1743497381.566656,45,-7,180
1743497381.602656,5,-17,180
1743497381.637656,65,-15,164
1743497381.673656,38,16,122
1743497381.708656,38,82,32
1743497381.7436562,-27,12,24
1743497381.778656,24,-61,72
1743497381.814656,50,-41,92
1743497381.850656,-39,-9,212
1743497381.885656,22,40,166
1743497381.921656,30,26,232
1743497381.956656,-17,-13,150
1743497381.991656,-71,14,108
1743497382.0266562,58,-25,20
1743497382.0626562,-75,4,104
1743497382.098656,-29,-7,184
1743497382.133656,-31,-23,34
1743497382.169656,40,72,142
1743497382.204656,-15,16,-21
1743497382.239656,-49,-7,36
1743497382.274656,42,22,66
1743497382.310656,-19,-5,131
1743497382.346656,-12,28,126
1743497382.3816562,-7,32,84
1743497382.417656,84,0,153
1743497382.452656,-19,12,179
1743497382.487656,-57,-9,157
1743497382.522656,-51,-33,-18
1743497382.558656,-21,-17,-2
1743497382.594656,0,48,173
1743497382.629656,4,34,139
1743497382.665656,-103,12,179
1743497382.700656,-1,-3,77
1743497382.735656,56,-35,45
1743497382.770656,22,46,-24
1743497382.806656,42,70,109
1743497382.842656,22,46,183
1743497382.877656,-87,100,99
1743497382.913656,-21,26,111
1743497382.948656,-9,12,133
1743497382.9836562,-21,90,185
1743497383.018656,-37,40,173
1743497383.054656,-57,-31,37
1743497383.090656,36,88,135
1743497383.125656,28,32,147
1743497383.161656,-31,54,25
1743497383.196656,-9,28,89
1743497383.231656,34,-9,243
1743497383.274656,78,18,45
1743497383.310656,14,-25,157
1743497383.346656,-35,-21,169
1743497383.3816562,12,50,213
1743497383.417656,-17,-45,227
1743497383.452656,-31,-9,125
1743497383.487656,-7,-43,179
1743497383.522656,-59,26,77
1743497383.558656,48,26,103
1743497383.594656,-91,10,109
1743497383.629656,38,0,209
1743497383.665656,16,74,123
1743497383.700656,-73,30,141
1743497383.735656,-47,18,91
1743497383.770656,-29,56,93
1743497383.806656,-35,-55,211
1743497383.842656,28,72,127
1743497383.877656,12,48,13
1743497383.913656,-29,-29,147
1743497383.948656,56,60,7
1743497383.9836562,-43,12,111
1743497384.018656,8,40,121
1743497384.054656,0,-7,115
1743497384.090656,-35,-79,169
1743497384.125656,2,-17,217
1743497384.161656,-7,-55,153
1743497384.196656,6,-9,309
1743497384.231656,0,-11,241
1743497384.2666562,0,44,183
1743497384.302656,42,30,57
1743497384.338656,36,0,215
1743497384.373656,-55,28,129
1743497384.409656,46,8,103
1743497384.444656,14,-2,113
1743497384.479656,-84,27,93
1743497384.514656,48,-50,161
1743497384.550656,40,-42,103
1743497384.586656,-9,25,263
1743497384.621656,-40,111,203
1743497384.657656,6,-46,17
1743497384.692656,54,-8,67
1743497384.727656,0,15,151
1743497384.762656,-19,-30,87
1743497384.798656,-117,7,187
1743497384.834656,-51,75,102
1743497384.869656,-15,-30,182
1743497384.905656,-9,-38,96
1743497384.940656,-11,-102,126
1743497384.975656,-19,38,126
1743497385.010656,-15,30,116
1743497385.046656,-37,8,210
1743497385.082656,26,16,76
1743497385.117656,42,36,250
1743497385.153656,-29,20,72
1743497385.188656,-19,-11,26
1743497385.223656,12,-13,250
1743497385.258656,10,-19,88
1743497385.294656,-21,28,150
1743497385.330656,64,0,200
1743497385.365656,-71,32,162
1743497385.4016562,-53,-27,196
1743497385.436656,-1,-3,214
1743497385.471656,16,-17,132
1743497385.5066562,-13,66,176
1743497385.542656,30,30,108
1743497385.578656,80,-17,150
1743497385.613656,-57,2,168
1743497385.649656,-69,-45,230
1743497385.684656,18,6,-27
1743497385.719656,4,2,180
1743497385.754656,8,10,220
1743497385.790656,-9,-13,198
1743497385.826656,0,-9,140
1743497385.861656,8,24,52
1743497385.897656,0,-25,206
1743497385.932656,-15,-35,112
1743497385.967656,-1,26,158
1743497386.002656,18,64,98
1743497386.038656,-5,-39,120
1743497386.074656,26,42,66
1743497386.109656,-79,-73,198
1743497386.145656,30,-23,212
1743497386.180656,38,-51,66
1743497386.215656,-1,36,168
1743497386.250656,20,64,170
1743497386.286656,2,64,138
1743497386.3226562,0,-53,92
1743497386.357656,-53,18,160
1743497386.393656,-39,-9,168
1743497386.428656,34,-43,160
1743497386.463656,-29,6,224
1743497386.498656,-23,32,166
1743497386.534656,36,-7,90
1743497386.570656,56,-59,156
1743497386.605656,-25,6,200
1743497386.6416562,-75,2,226
1743497386.676656,-79,-55,96
1743497386.711656,58,32,128
1743497386.747656,56,14,92
1743497386.782656,-19,46,109
1743497386.818656,-65,6,104
1743497386.853656,-91,-31,78
1743497386.889656,0,36,152
1743497386.9246562,40,-3,96
1743497386.959656,-21,-25,126
1743497386.995656,6,64,254
1743497387.030656,-23,26,256
1743497387.066656,-5,22,32
1743497387.101656,-11,-63,234
1743497387.137656,-3,66,26
1743497387.172656,-27,16,132
1743497387.207656,44,-25,74
1743497387.2436562,-59,0,158
1743497387.278656,-77,-31,120
1743497387.314656,94,28,68
1743497387.349656,72,-1,136
1743497387.385656,-27,-13,42
1743497387.420656,-33,62,170
1743497387.455656,-37,10,38
1743497387.491656,-69,4,134
1743497387.5266562,14,16,124
1743497387.5626562,84,40,128
1743497387.597656,-17,43,90
1743497387.633656,-21,65,114
1743497387.668656,-1,-52,268
1743497387.703656,-17,17,171
1743497387.739656,-29,-44,150
1743497387.774656,48,-84,182
1743497387.810656,-13,27,164
1743497387.8456562,-73,-10,56
1743497387.8816562,-25,-52,276
1743497387.916656,-17,29,140
1743497387.951656,-57,35,102
1743497387.987656,-29,25,52
1743497388.022656,-39,11,2
1743497388.058656,-35,17,134
1743497388.093656,-96,-30,122
1743497388.129656,57,-6,104
1743497388.1646562,-16,-3,152
1743497388.199656,17,-10,244
1743497388.235656,73,-6,136
1743497388.270656,25,-16,12
1743497388.306656,-28,15,198
1743497388.341656,55,33,160
1743497388.377656,33,-22,124
1743497388.412656,83,37,200
1743497388.4476562,137,65,124
1743497388.4836562,-6,11,69
1743497388.518656,-10,3,147
1743497388.554656,35,33,151
1743497388.589656,7,104,139
1743497388.625656,67,-2,113
1743497388.660656,49,-102,103
1743497388.695656,29,-16,129
1743497388.731656,47,5,183
1743497388.7666562,19,-20,143
1743497388.802656,-22,99,105
1743497388.837656,-32,-10,79
1743497388.873656,79,-66,277
1743497388.908656,-14,41,161
1743497388.943656,41,-56,211
1743497388.979656,-42,-50,193
1743497389.014656,-20,-54,169
1743497389.050656,3,39,101
1743497389.0856562,0,23,3
1743497389.121656,-4,63,89
1743497389.156656,81,53,175
1743497389.191656,-38,-54,31
1743497389.227656,-16,-22,189
1743497389.262656,-36,-14,68
1743497389.298656,-22,15,166
1743497389.333656,-44,-22,88
1743497389.369656,27,-18,176
1743497389.4046562,57,-42,88
1743497389.439656,-32,21,55
1743497389.475656,-10,-37,199
1743497389.510656,5,-27,145
1743497389.546656,-40,-47,212
1743497389.581656,-44,44,47
1743497389.617656,23,-8,265
1743497389.652656,67,-36,81
1743497389.6876562,63,2,151
1743497389.723656,23,-1,151
1743497389.758656,-66,48,145
1743497389.794656,77,10,108
1743497389.829656,-12,-19,158
1743497389.865656,69,-1,-27
1743497389.900656,1,10,164
1743497389.935656,-66,2,264
1743497389.971656,48,42,14
1743497390.0066562,-57,112,174
1743497390.042656,26,114,167
1743497390.077656,48,-3,83
1743497390.113656,28,52,153
1743497390.149656,14,16,141
1743497390.185656,-1,-41,137
1743497390.221656,34,8,187
1743497390.257656,14,12,37
1743497390.293656,-25,0,219
1743497390.328656,54,36,107
1743497390.363656,-45,-25,177
1743497390.399656,112,-5,189
1743497390.435656,-27,48,35
1743497390.4706562,-67,16,75
1743497390.5066562,-27,-9,151
1743497390.541656,54,38,39
1743497390.576656,-1,20,157
1743497390.611656,-39,-67,65
1743497390.647656,12,58,207
1743497390.683656,12,-35,163
1743497390.718656,-29,-45,143
1743497390.754656,-13,2,191
1743497390.7896562,48,18,97
1743497390.824656,-36,-23,61
1743497390.859656,51,8,155
1743497390.895656,25,-7,163
1743497390.931656,23,72,167
1743497390.966656,-34,-5,161
1743497391.002656,-10,-13,97
1743497391.037656,27,24,135
1743497391.0726562,88,-15,161
1743497391.107656,26,8,83
1743497391.143656,-49,32,135
1743497391.179656,-21,-1,191
1743497391.214656,-19,-35,105
1743497391.250656,-6,30,185
1743497391.285656,-25,-19,133
1743497391.320656,-43,-31,215
1743497391.355656,58,-35,49
1743497391.3916562,28,-63,247
1743497391.427656,24,8,33
1743497391.462656,34,45,153
1743497391.498656,4,-60,159
1743497391.533656,-87,-24,209
1743497391.568656,0,7,253
1743497391.603656,-3,-22,149
1743497391.639656,-3,48,35
1743497391.675656,36,-3,157
1743497391.7106562,66,66,153
1743497391.746656,-15,96,121
1743497391.781656,102,-75,137
1743497391.816656,6,42,27
1743497391.851656,42,90,103
1743497391.887656,32,70,55
1743497391.923656,76,46,185
1743497391.958656,-131,28,103
1743497391.994656,-61,52,119
1743497392.0296562,4,-73,23
1743497392.064656,100,44,95
1743497392.099656,-89,2,91
1743497392.135656,11,-7,241
1743497392.171656,15,-5,45
1743497392.206656,-79,-67,237
1743497392.242656,-31,-33,93
1743497392.277656,-25,54,251
1743497392.3126562,-29,-11,105
1743497392.347656,30,-61,129
1743497392.383656,22,-11,125
1743497392.419656,-87,-19,147
1743497392.454656,106,-27,215
1743497392.490656,-55,-103,83
1743497392.525656,16,10,109
1743497392.560656,4,48,149
1743497392.5956562,68,8,169
1743497392.6316562,-86,6,155
1743497392.667656,7,18,112
1743497392.702656,21,-7,50
1743497392.738656,81,40,296
1743497392.773656,-26,-5,225
1743497392.808656,-62,6,27
1743497392.843656,-14,26,127
1743497392.879656,-15,4,135
1743497392.915656,-19,62,164
1743497392.950656,-41,-21,135
1743497392.986656,-57,24,191
1743497393.021656,-19,43,87
1743497393.056656,-117,15,221
1743497393.091656,56,15,35
1743497393.127656,14,14,115
1743497393.163656,-109,32,265
1743497393.198656,6,56,67
1743497393.234656,-49,6,184
1743497393.2766562,32,34,34
1743497393.3126562,82,24,154
1743497393.347656,72,-49,162
1743497393.383656,10,-3,142
1743497393.419656,14,36,84
1743497393.454656,-3,-33,202
1743497393.490656,20,14,72
1743497393.525656,-83,-13,155
1743497393.560656,8,8,64
1743497393.5956562,28,-19,210
1743497393.6316562,-3,4,132
1743497393.667656,32,-9,176
1743497393.702656,22,-29,196
1743497393.738656,-21,87,92
1743497393.773656,-2,28,168
1743497393.808656,-4,81,186
1743497393.843656,51,-66,52
1743497393.879656,72,-38,136
1743497393.915656,-36,-22,140
1743497393.950656,20,27,0
1743497393.986656,-105,35,8
1743497394.021656,-15,53,158
1743497394.056656,112,14,134
1743497394.091656,-1,92,164
1743497394.127656,-35,-63,74
1743497394.163656,64,44,118
1743497394.198656,28,-53,72
1743497394.234656,-53,50,66
1743497394.269656,-19,46,136
1743497394.304656,-31,48,70
1743497394.339656,54,42,36
1743497394.375656,-79,32,170
1743497394.411656,-17,-35,142
1743497394.446656,0,-63,130
1743497394.482656,0,-11,88
1743497394.517656,2,-81,74
1743497394.552656,-43,-59,64
1743497394.587656,-57,-13,52
1743497394.623656,-65,52,160
1743497394.659656,12,-19,116
1743497394.694656,26,104,44
1743497394.730656,-51,54,-15
1743497394.765656,-35,-19,216
1743497394.800656,-9,38,98
1743497394.8356562,28,16,122
1743497394.871656,116,8,158
1743497394.907656,14,-13,116
1743497394.942656,14,24,132
1743497394.978656,8,54,154
1743497395.013656,-13,-43,14
1743497395.048656,-45,4,98
1743497395.083656,-99,-75,188
1743497395.119656,33,-73,312
1743497395.155656,55,8,20
1743497395.190656,56,22,282
1743497395.226656,-19,18,74
1743497395.261656,-55,-35,186
1743497395.296656,53,-1,122
1743497395.331656,-27,-15,198
1743497395.367656,-31,-65,234
1743497395.403656,40,2,178
1743497395.438656,-54,-63,248
1743497395.474656,-11,-35,76
1743497395.509656,-40,-25,52
1743497395.544656,-48,28,132
1743497395.579656,-42,14,136
1743497395.615656,-54,22,176
1743497395.6516562,1,-5,106
1743497395.686656,-14,-5,142
1743497395.722656,-82,-105,128
1743497395.757656,37,-61,172
1743497395.792656,49,38,190
1743497395.827656,59,-1,38
1743497395.863656,11,-5,68
1743497395.899656,17,-35,138
1743497395.934656,-38,90,232
1743497395.9706562,43,-5,174
1743497396.005656,-28,-15,78
1743497396.040656,-52,8,186
1743497396.076656,-70,20,170
1743497396.111656,-4,12,120
1743497396.147656,-32,-37,88
1743497396.182656,3,54,10
1743497396.218656,-42,26,108
1743497396.253656,15,-11,176
1743497396.288656,79,50,240
1743497396.324656,11,-5,254
1743497396.359656,13,24,238
1743497396.395656,-28,-89,136
1743497396.430656,-4,-61,138
1743497396.466656,-94,58,166
1743497396.501656,25,14,180
1743497396.536656,17,10,130
1743497396.5726562,1,38,124
1743497396.607656,-54,16,102
1743497396.643656,-34,-17,196
1743497396.678656,5,0,120
1743497396.714656,17,-7,206
1743497396.749656,17,-31,132
1743497396.784656,73,-11,152
1743497396.820656,51,-65,256
1743497396.855656,43,-43,210
1743497396.8916562,69,4,108
1743497396.926656,69,-35,2
1743497396.962656,-36,-33,62
1743497396.997656,61,8,104
1743497397.032656,-34,-31,138
1743497397.068656,-42,42,190
1743497397.103656,7,86,250
1743497397.139656,-6,12,52
1743497397.1746562,5,-5,156
1743497397.2106562,-2,-17,194
1743497397.245656,-80,-35,238
1743497397.280656,-2,-15,140
1743497397.316656,15,-27,82
1743497397.351656,51,30,222
1743497397.387656,-16,36,108
1743497397.422656,83,-135,148
1743497397.458656,-14,-55,108
1743497397.4936562,29,-45,204
1743497397.528656,-30,-13,144
1743497397.564656,-28,-11,178
1743497397.599656,29,12,140
1743497397.635656,-42,-63,164
1743497397.670656,-80,-11,176
1743497397.706656,97,12,66
1743497397.741656,23,27,125
1743497397.7766562,19,70,109
1743497397.8126562,-8,32,91
1743497397.847656,83,8,84
1743497397.883656,23,20,165
1743497397.918656,-12,26,81
1743497397.954656,-30,-21,47
1743497397.989656,0,-21,97
1743497398.024656,-18,-24,191
1743497398.060656,-8,-42,173
1743497398.0956562,-2,38,145
1743497398.1316562,-32,52,99
1743497398.166656,11,24,185
1743497398.202656,-30,-46,143
1743497398.237656,43,-18,141
1743497398.272656,73,29,95
1743497398.308656,85,-18,97
1743497398.343656,57,13,139
1743497398.379656,85,31,117
1743497398.4146562,-14,69,235
1743497398.450656,-102,-18,119
1743497398.485656,63,35,229
1743497398.520656,-10,-82,247
1743497398.556656,79,-62,203
1743497398.591656,83,-80,133
1743497398.627656,-30,-52,133
1743497398.662656,-10,7,103
1743497398.698656,-30,-24,57
1743497398.7336562,21,57,107
1743497398.768656,-22,-48,247
1743497398.804656,41,-74,53
1743497398.839656,-22,13,157
1743497398.875656,27,-32,161
1743497398.910656,69,3,195
1743497398.946656,-14,-24,143
1743497398.981656,65,-28,205
1743497399.0166562,-66,53,101
1743497399.052656,21,0,129
1743497399.087656,107,-10,217
1743497399.123656,53,-12,261
1743497399.158656,23,-6,169
1743497399.194656,65,73,21
1743497399.229656,-48,29,41
1743497399.264656,45,1,93
1743497399.300656,87,37,117
1743497399.3356562,31,19,31
1743497399.371656,-18,15,215
1743497399.406656,-40,3,121
1743497399.441656,19,29,107
1743497399.476656,-22,-6,131
1743497399.512656,51,-38,273
1743497399.548656,-36,19,105
1743497399.583656,-10,-26,121
1743497399.619656,35,-36,67
1743497399.6546562,-22,-18,75
1743497399.689656,-30,7,157
1743497399.724656,-30,-20,231
1743497399.760656,37,-23,179
1743497399.796656,-38,50,123
1743497399.831656,43,2,133
1743497399.867656,20,-37,33
1743497399.902656,-21,-41,233
1743497399.9376562,12,-29,173
1743497399.972656,0,68,89
1743497400.008656,13,-19,187
1743497400.044656,19,54,161
1743497400.079656,57,6,143
1743497400.115656,0,-3,341
1743497400.150656,37,0,81
1743497400.185656,53,40,107
1743497400.2206562,29,38,109
1743497400.2566562,5,6,99
1743497400.292656,57,22,157
1743497400.327656,-84,8,93
1743497400.363656,46,54,183
1743497400.398656,62,42,145
1743497400.433656,6,-11,135
1743497400.468656,0,68,111
1743497400.504656,112,-69,31
1743497400.540656,56,22,79
1743497400.575656,-31,-73,33
1743497400.611656,20,-1,201
1743497400.646656,26,8,269
1743497400.681656,4,-43,197
1743497400.716656,78,-5,241
1743497400.752656,33,-19,67
1743497400.788656,-50,-1,127
1743497400.823656,-80,23,181
1743497400.859656,-2,-17,129
1743497400.894656,-18,-23,251
1743497400.929656,-76,72,144
1743497400.964656,11,100,268
1743497401.000656,43,-5,148
1743497401.036656,9,56,104
1743497401.071656,19,30,223
1743497401.107656,-54,-11,23
1743497401.142656,-8,22,43
1743497401.177656,53,-21,158
1743497401.212656,-14,68,149
1743497401.248656,-16,20,187
1743497401.284656,29,-17,185
1743497401.319656,0,-51,169
1743497401.355656,-108,26,285
1743497401.390656,-42,38,223
1743497401.425656,15,-59,161
1743497401.4606562,77,-39,39
1743497401.496656,-94,22,151
1743497401.532656,-12,-5,83
1743497401.567656,-32,16,115
1743497401.603656,55,-43,153
1743497401.638656,7,36,253
1743497401.673656,-26,-21,125
1743497401.708656,43,34,85
1743497401.744656,-8,60,177
1743497401.780656,133,28,103
1743497401.815656,47,38,51
1743497401.851656,51,0,27
1743497401.886656,47,-49,61
1743497401.921656,-42,-105,29
1743497401.956656,65,28,137
1743497401.992656,5,-23,97
1743497402.028656,35,-63,117
1743497402.063656,-22,-21,121
1743497402.099656,-36,-33,108
1743497402.134656,-36,-1,184
1743497402.169656,-76,-25,198
1743497402.204656,83,4,150
1743497402.240656,-40,42,152
1743497402.2766562,1,24,136
1743497402.311656,5,-75,138
1743497402.347656,-4,-41,146
1743497402.382656,-132,-31,132
1743497402.417656,74,-43,6
1743497402.452656,19,46,158
1743497402.488656,9,-43,206
1743497402.524656,-18,46,300
1743497402.559656,5,14,116
1743497402.5956562,-46,-29,84
1743497402.630656,-4,-33,220
1743497402.665656,95,-57,44
1743497402.700656,61,26,152
1743497402.736656,79,-7,30
1743497402.772656,-38,-81,238
1743497402.807656,-68,4,258
1743497402.843656,-36,28,160
1743497402.878656,-60,-13,48
1743497402.913656,27,2,-13
1743497402.948656,41,27,104
1743497402.984656,-6,-28,112
1743497403.020656,-28,7,154
1743497403.055656,-9,7,104
1743497403.091656,0,-20,130
1743497403.126656,44,-36,46
1743497403.161656,-20,-56,54
1743497403.196656,30,3,170
1743497403.232656,-73,-30,114
1743497403.268656,-3,-10,26
1743497403.310656,34,-24,148
1743497403.347656,78,-8,104
1743497403.382656,-29,5,114
1743497403.417656,-5,57,176
1743497403.452656,-41,27,104
1743497403.488656,-31,-34,146
1743497403.524656,-19,41,206
1743497403.559656,8,21,298
1743497403.5956562,-23,55,156
1743497403.630656,62,-76,184
1743497403.665656,-5,11,84
1743497403.700656,-27,-48,152
1743497403.736656,-21,-8,24
1743497403.772656,-29,45,150
1743497403.807656,-7,33,208
1743497403.843656,10,-8,200
1743497403.878656,-27,33,84
1743497403.913656,-63,40,138
1743497403.948656,-61,-78,182
1743497403.984656,0,-15,148
1743497404.020656,28,-41,190
1743497404.055656,-63,10,156
1743497404.091656,-63,16,240
1743497404.126656,-39,47,116
1743497404.161656,-3,0,194
1743497404.196656,102,7,124
1743497404.232656,20,37,86
1743497404.268656,8,40,8
1743497404.303656,-71,0,88
1743497404.339656,-13,-36,120
1743497404.374656,-59,8,86
1743497404.409656,2,42,188
1743497404.444656,20,-1,164
1743497404.480656,30,-87,154
1743497404.5166562,-19,-15,270
1743497404.551656,4,0,150
1743497404.587656,12,-1,210
1743497404.622656,74,18,164
1743497404.657656,-9,21,150
1743497404.692656,28,27,60
1743497404.728656,22,-50,174
1743497404.764656,8,19,82
1743497404.7996562,0,-45,150
1743497404.8356562,-3,-13,224
1743497404.870656,-11,52,24
1743497404.905656,14,-51,86
1743497404.940656,-1,70,28
1743497404.976656,-15,-65,218
1743497405.012656,-21,26,186
1743497405.047656,50,16,86
1743497405.083656,21,18,140
1743497405.1186562,-24,4,136
1743497405.153656,-18,-77,150
1743497405.188656,7,-71,146
1743497405.224656,-14,-15,128
1743497405.260656,-63,78,124
1743497405.295656,-47,-69,8
1743497405.331656,72,20,144
1743497405.366656,24,50,110
1743497405.4016562,-17,-39,108
1743497405.436656,-47,-20,118
1743497405.472656,50,-16,132
1743497405.508656,34,0,76
1743497405.543656,18,21,130
1743497405.579656,32,21,154
1743497405.614656,-29,23,148
1743497405.649656,2,-24,108
1743497405.684656,18,-26,138
1743497405.7206562,-15,5,214
1743497405.7566562,50,0,128
1743497405.791656,12,3,124
1743497405.827656,62,39,130
1743497405.862656,-21,33,168
1743497405.897656,-63,33,92
1743497405.933656,-30,-34,200
1743497405.968656,-12,1,216
1743497406.004656,29,-49,158
1743497406.0396562,-18,58,136
1743497406.075656,95,34,230
1743497406.110656,94,68,250
1743497406.145656,-56,-53,162
1743497406.181656,-29,30,132
1743497406.216656,-26,-1,196
1743497406.252656,-29,20,32
1743497406.287656,14,-15,84
1743497406.323656,-13,58,176
1743497406.3586562,46,158,90
1743497406.393656,-95,78,154
1743497406.429656,42,10,128
1743497406.464656,52,18,181
1743497406.500656,-29,-47,153
1743497406.535656,50,-39,131
1743497406.571656,-5,-27,194
1743497406.606656,58,32,166
1743497406.6416562,-13,-48,118
1743497406.677656,-7,-27,132
1743497406.712656,36,-23,126
1743497406.748656,62,30,138
1743497406.783656,8,16,88
1743497406.819656,74,-51,172
1743497406.854656,92,32,106
1743497406.889656,18,40,162
1743497406.925656,6,22,144
1743497406.9606562,2,6,196
1743497406.996656,-110,-51,58
1743497407.031656,27,4,138
1743497407.067656,43,-15,180
1743497407.102656,8,72,65
1743497407.137656,-59,44,231
1743497407.173656,13,2,105
1743497407.208656,21,-11,95
1743497407.244656,21,30,145
1743497407.2796562,13,-3,-8
1743497407.315656,39,-81,53
1743497407.350656,43,38,185
1743497407.385656,25,-23,189
1743497407.421656,-22,-79,199
1743497407.456656,-80,-25,183
1743497407.492656,67,26,105
1743497407.527656,-80,46,55
1743497407.563656,57,-17,170
1743497407.598656,0,-51,51
1743497407.633656,-46,-19,-37
1743497407.669656,-60,-1,216
1743497407.704656,19,4,125
1743497407.740656,15,34,175
1743497407.775656,-48,-31,221
1743497407.811656,-48,-25,135
1743497407.846656,55,48,0
1743497407.8816562,-31,-1,95
1743497407.917656,-13,-15,111
1743497407.952656,-19,-11,207
1743497407.988656,18,8,57
1743497408.023656,42,4,117
1743497408.059656,-79,-1,121
1743497408.094656,136,36,155
1743497408.129656,-135,-21,151
1743497408.165656,90,-43,185
1743497408.200656,-11,-11,133
1743497408.236656,-35,-13,151
1743497408.271656,-11,-23,181
1743497408.307656,26,-49,105
1743497408.342656,34,22,49
1743497408.377656,-37,26,163
1743497408.413656,38,48,103
1743497408.448656,28,-17,169
1743497408.484656,-11,-33,145
1743497408.519656,-39,20,223
1743497408.555656,-69,-21,51
1743497408.590656,-3,-65,51
1743497408.625656,40,-93,133
1743497408.661656,32,18,229
1743497408.696656,-19,34,265
1743497408.732656,28,38,177
1743497408.767656,60,-3,197
1743497408.803656,-15,30,155
1743497408.838656,-33,-33,63
1743497408.873656,14,-31,297
1743497408.909656,52,24,33
1743497408.944656,-5,4,273
1743497408.980656,-7,-37,155
1743497409.015656,-57,-17,27
1743497409.051656,-25,10,119
1743497409.086656,-83,-5,93
1743497409.121656,-31,-17,137
1743497409.157656,70,-59,227
1743497409.192656,-9,-5,163
1743497409.228656,4,-17,117
1743497409.263656,-21,-25,101
1743497409.2996562,90,120,111
1743497409.3356562,4,-11,73
1743497409.371656,12,46,139
1743497409.407656,-57,-17,205
1743497409.442656,10,-3,109
1743497409.477656,46,8,191
1743497409.513656,28,-35,95
1743497409.5496562,2,-27,215
1743497409.584656,-33,100,43
1743497409.620656,20,-79,183
1743497409.655656,28,-49,0
1743497409.690656,-11,-17,195
1743497409.725656,32,-67,151
1743497409.761656,-19,-25,177
1743497409.797656,-19,-36,131
1743497409.832656,-49,49,111
1743497409.8686562,12,7,23
1743497409.903656,-37,5,185
1743497409.938656,-63,-34,157
1743497409.973656,4,57,-30
1743497410.009656,6,21,177
1743497410.045656,-37,-62,155
1743497410.080656,2,3,43
1743497410.116656,-51,21,165
1743497410.1516562,10,-28,159
1743497410.186656,26,13,101
1743497410.221656,-11,43,171
1743497410.257656,-55,-26,117
1743497410.293656,-9,42,177
1743497410.328656,-25,-49,119
1743497410.364656,-19,-1,119
1743497410.399656,32,-31,206
1743497410.434656,92,-65,152
1743497410.469656,62,20,-18
1743497410.505656,-39,8,103
1743497410.541656,-3,-12,92
1743497410.576656,-79,-88,70
1743497410.612656,-59,-80,66
1743497410.647656,-73,43,144
1743497410.682656,0,36,172
1743497410.717656,-41,-29,196
1743497410.753656,-1,-71,-9
1743497410.7896562,20,8,240
1743497410.824656,58,-5,74
1743497410.860656,-15,-7,34
1743497410.895656,56,22,116
1743497410.930656,54,-19,96
1743497410.965656,-19,-1,140
1743497411.001656,140,-17,64
1743497411.037656,-51,-23,16
1743497411.0726562,-97,24,158
1743497411.1086562,-21,4,164
1743497411.143656,-41,-81,68
1743497411.178656,-11,-23,152
1743497411.213656,26,-1,212
1743497411.249656,-21,66,158
1743497411.285656,48,38,129
1743497411.320656,40,-91,235
1743497411.356656,98,-47,109
1743497411.3916562,18,-9,87
1743497411.426656,38,44,237
1743497411.461656,22,20,129
1743497411.497656,-51,64,63
1743497411.533656,36,-19,129
1743497411.568656,50,14,159
1743497411.604656,-47,16,113
1743497411.639656,22,-1,167
1743497411.6746562,78,-17,141
1743497411.709656,12,34,189
1743497411.745656,-55,-15,241
1743497411.781656,46,-9,75
1743497411.816656,-3,-55,173
1743497411.852656,-34,-63,205
1743497411.887656,-14,-47,209
1743497411.922656,40,-11,189
1743497411.957656,8,-3,85
1743497411.9936562,-35,36,75
1743497412.0296562,-27,-49,211
1743497412.064656,47,24,51
1743497412.100656,19,4,121
1743497412.135656,-56,50,191
1743497412.170656,131,22,157
1743497412.205656,-4,-1,3
1743497412.241656,-9,-25,-20
1743497412.277656,-19,-35,139
1743497412.3126562,-45,-53,187
1743497412.348656,-17,-17,65
1743497412.383656,66,46,199
1743497412.418656,14,-21,-54
1743497412.453656,74,-43,177
1743497412.489656,-32,10,175
1743497412.525656,10,-65,215
1743497412.560656,19,18,229
1743497412.596656,-51,-61,223
1743497412.6316562,-65,-25,115
1743497412.666656,-83,-1,111
1743497412.701656,12,-71,73
1743497412.737656,10,18,177
1743497412.773656,-13,2,53
1743497412.808656,86,0,65
1743497412.844656,-41,-35,145
1743497412.879656,38,80,251
1743497412.9146562,-6,-9,105
1743497412.949656,31,-1,143
1743497412.985656,13,42,205
1743497413.021656,-8,32,139
1743497413.056656,57,-63,107
1743497413.092656,45,-63,147
1743497413.127656,43,36,217
1743497413.162656,13,-35,239
1743497413.1976562,21,24,91
1743497413.2336562,-74,-27,77
1743497413.269656,73,28,171
1743497413.311656,3,-33,249
1743497413.348656,15,68,201
1743497413.383656,-18,-43,27
1743497413.418656,3,12,123
1743497413.453656,109,2,85
1743497413.489656,-20,44,235
1743497413.525656,69,16,187
1743497413.560656,23,-11,45
1743497413.596656,-22,4,183
1743497413.6316562,43,50,23
1743497413.666656,-12,-19,149
1743497413.701656,-106,-51,117
1743497413.737656,105,-51,157
1743497413.773656,-6,36,95
1743497413.808656,-60,1,31
1743497413.844656,-10,-20,159
1743497413.879656,77,-19,109
1743497413.9146562,55,9,141
1743497413.949656,31,-2,37
1743497413.985656,1,5,175
1743497414.021656,-10,-26,79
1743497414.056656,-82,53,211
1743497414.092656,56,-65,119
1743497414.127656,97,45,175
1743497414.162656,37,-10,277
1743497414.1976562,10,-20,125
1743497414.2336562,51,-38,61
1743497414.269656,-54,-52,207
1743497414.304656,61,51,43
1743497414.340656,-34,-56,95
1743497414.375656,-20,33,-28
1743497414.410656,23,-46,107
1743497414.445656,-58,-14,85
1743497414.481656,-20,-59,195
1743497414.517656,51,25,81
1743497414.552656,35,-57,115
1743497414.588656,7,-21,95
1743497414.623656,-18,-45,133
1743497414.658656,-76,26,98
1743497414.693656,29,-36,216
1743497414.729656,-74,11,22
1743497414.765656,9,-89,98
1743497414.800656,5,76,70
1743497414.836656,-10,-7,56
1743497414.871656,-8,6,92
1743497414.906656,-14,-46,264
1743497414.941656,21,-25,226
1743497414.977656,29,-33,250
1743497415.013656,-76,48,126
1743497415.048656,-28,94,114
1743497415.084656,-32,12,97
1743497415.119656,-8,-75,157
1743497415.1546562,-22,-57,93
1743497415.189656,31,-25,49
1743497415.225656,-30,2,107
1743497415.261656,-36,0,177
1743497415.296656,37,-29,33
1743497415.332656,27,32,72
1743497415.367656,57,18,220
1743497415.402656,-66,-9,150
1743497415.438656,-12,28,160
1743497415.473656,-44,-53,126
1743497415.509656,31,-51,54
1743497415.544656,57,-3,42
1743497415.580656,23,-31,128
1743497415.615656,-52,-17,212
1743497415.650656,51,-43,48
1743497415.686656,-32,76,166
1743497415.721656,-26,10,196
1743497415.757656,101,48,-19
1743497415.792656,-36,-1,112
1743497415.828656,-1,4,82
1743497415.863656,-41,-27,108
1743497415.898656,8,-39,66
1743497415.934656,22,2,58
1743497415.969656,-25,46,170
1743497416.005656,30,-13,192
1743497416.040656,-33,30,152
1743497416.076656,-15,-21,158
1743497416.111656,28,-17,168
1743497416.146656,-7,4,84
1743497416.182656,-43,44,98
1743497416.217656,-65,-7,146
1743497416.253656,36,20,174
1743497416.288656,-47,-27,116
1743497416.324656,44,16,158
1743497416.359656,82,-45,56
1743497416.394656,10,2,234
1743497416.430656,48,-41,14
1743497416.465656,-3,-35,62
1743497416.501656,-25,-45,214
1743497416.536656,20,-27,254
1743497416.5726562,-55,-19,222
1743497416.607656,4,-47,194
1743497416.642656,-31,38,154
1743497416.678656,-17,-33,24
1743497416.713656,106,2,198
1743497416.749656,-49,-19,200
1743497416.784656,42,8,96
1743497416.820656,-47,-25,102
1743497416.855656,-31,8,130
1743497416.890656,16,-11,112
1743497416.926656,-7,96,98
1743497416.961656,-3,64,86
1743497416.997656,-3,60,138
1743497417.032656,16,12,182
1743497417.068656,116,-77,106
1743497417.103656,-15,-53,230
1743497417.138656,50,-43,70
1743497417.1746562,-25,58,28
1743497417.209656,-39,34,118
1743497417.245656,-61,-29,170
1743497417.280656,18,12,114
1743497417.316656,-15,36,152
1743497417.351656,-15,58,242
1743497417.386656,42,54,110
1743497417.422656,-81,-51,176
1743497417.457656,10,-8,234
1743497417.4936562,0,34,100
1743497417.528656,-34,54,168
1743497417.564656,-21,52,178
1743497417.599656,-33,-43,92
1743497417.634656,-81,-53,98
1743497417.670656,-47,24,182
1743497417.705656,85,-49,160
1743497417.741656,62,26,218
1743497417.7766562,14,0,156
1743497417.8126562,-1,-25,128
1743497417.847656,122,-45,200
1743497417.882656,-29,16,110
1743497417.918656,-27,10,154
1743497417.953656,8,68,106
1743497417.989656,18,8,96
1743497418.024656,68,-8,160
1743497418.060656,20,-19,42
1743497418.0956562,56,-23,170
1743497418.130656,-5,-1,86
1743497418.166656,34,-75,94
1743497418.201656,14,-79,134
1743497418.237656,70,18,196
1743497418.272656,14,58,148
1743497418.308656,-15,-33,158
1743497418.343656,-39,18,106
1743497418.378656,22,-17,134
1743497418.4146562,-63,84,186
1743497418.449656,-5,16,70
1743497418.485656,54,-11,152
1743497418.520656,36,-129,178
1743497418.556656,16,-54,52
1743497418.591656,-13,39,220
1743497418.626656,45,-6,174
1743497418.662656,29,0,374
1743497418.6976562,-78,30,132
1743497418.7336562,-21,-17,44
1743497418.768656,-35,-31,144
1743497418.803656,-10,40,58
1743497418.838656,-48,-39,142
1743497418.874656,22,-35,112
1743497418.910656,-17,50,148
1743497418.945656,28,-31,144
1743497418.981656,2,36,128
1743497419.0166562,48,-43,154
1743497419.051656,16,10,152
1743497419.086656,-69,-7,168
1743497419.122656,54,-3,198
1743497419.158656,-1,-83,-67
1743497419.193656,-67,-3,178
1743497419.229656,2,24,136
1743497419.264656,-11,-75,100
1743497419.2996562,-57,-37,174
1743497419.334656,-3,32,88
1743497419.370656,-1,4,176
1743497419.406656,-59,-3,106
1743497419.441656,-7,28,96
1743497419.477656,74,22,236
1743497419.512656,-31,-33,202
1743497419.547656,-55,14,82
1743497419.582656,10,40,238
1743497419.6186562,60,-3,62
1743497419.6546562,-19,24,88
1743497419.689656,-41,50,206
1743497419.725656,28,14,138
1743497419.760656,2,-21,108
1743497419.795656,-23,46,166
1743497419.830656,-19,-41,94
1743497419.866656,-37,-39,240
1743497419.902656,-37,-11,108
1743497419.9376562,90,-33,70
1743497419.973656,70,-29,136
1743497420.008656,-71,10,102
1743497420.043656,6,-29,178
1743497420.078656,-31,-43,212
1743497420.114656,26,-91,170
1743497420.150656,-5,-19,58
1743497420.185656,-23,31,158
1743497420.221656,8,55,106
1743497420.2566562,2,85,154
1743497420.291656,8,16,64
1743497420.326656,-3,-13,106
1743497420.362656,32,-25,112
1743497420.398656,-130,-7,134
1743497420.433656,5,-3,64
1743497420.469656,38,91,168
1743497420.504656,-67,-22,192
1743497420.5396562,29,-55,114
1743497420.574656,-18,30,40
1743497420.610656,-48,-47,230
1743497420.646656,-6,-73,132
1743497420.681656,-32,-31,216
1743497420.717656,-44,44,136
1743497420.752656,33,-27,130
1743497420.787656,-36,-71,178
1743497420.8226562,19,-1,128
1743497420.8586562,33,60,90
1743497420.894656,-84,-25,124
1743497420.929656,-16,-22,42
1743497420.965656,-96,21,194
1743497421.000656,45,15,138
1743497421.035656,-28,45,132
1743497421.070656,3,11,234
1743497421.106656,-2,27,150
1743497421.142656,-32,47,82
1743497421.177656,45,-38,106
1743497421.213656,45,53,116
1743497421.248656,-11,-8,34
1743497421.283656,0,13,126
1743497421.318656,146,-20,144
1743497421.354656,78,3,78
1743497421.390656,63,-2,12
1743497421.425656,-2,-56,200
1743497421.461656,18,-66,64
1743497421.496656,-33,11,38
1743497421.531656,-9,7,76
1743497421.566656,0,85,118
1743497421.602656,-27,-22,180
1743497421.638656,-11,-10,314
1743497421.673656,-25,27,60
1743497421.709656,2,79,194
1743497421.744656,48,3,112
1743497421.7796562,12,59,176
1743497421.814656,8,17,162
1743497421.850656,70,17,228
1743497421.886656,-97,-16,184
1743497421.921656,4,-36,106
1743497421.957656,52,31,66
1743497421.992656,44,-10,158
1743497422.027656,-37,-62,132
1743497422.0626562,-59,0,156
1743497422.098656,-39,-6,156
1743497422.134656,-17,-30,82
1743497422.169656,-49,77,200
1743497422.205656,2,-28,82
1743497422.240656,-11,11,158
1743497422.275656,18,-56,76
1743497422.310656,82,55,260
1743497422.346656,32,25,62
1743497422.382656,12,-16,126
1743497422.417656,76,75,70
1743497422.453656,-23,37,108
1743497422.488656,10,-6,42
1743497422.523656,-89,13,274
1743497422.558656,-81,-80,76
1743497422.594656,4,19,148
1743497422.630656,2,-24,142
1743497422.665656,-43,21,134
1743497422.701656,-19,-48,84
1743497422.736656,22,33,96
1743497422.771656,58,45,192
1743497422.806656,-79,27,194
1743497422.842656,54,-70,242
1743497422.878656,68,91,86
1743497422.913656,76,77,12
1743497422.949656,-51,19,81
1743497422.984656,-15,-50,9
1743497423.019656,-37,57,73
1743497423.054656,80,0,205
1743497423.090656,-48,19,85
1743497423.126656,31,-34,111
1743497423.161656,35,41,93
1743497423.1976562,-4,-38,129
1743497423.232656,91,1,93
1743497423.267656,-51,-34,175
1743497423.302656,10,21,49
1743497423.3456562,2,-2,207
1743497423.382656,4,73,233
1743497423.417656,8,73,161
1743497423.453656,14,11,201
1743497423.488656,-45,123,167
1743497423.523656,24,-18,131
1743497423.558656,-51,19,141
1743497423.594656,20,17,202
1743497423.630656,16,83,153
1743497423.665656,88,19,21
1743497423.701656,-163,15,79
1743497423.736656,76,7,59
1743497423.771656,48,-24,139
1743497423.806656,-41,7,117
1743497423.842656,-67,-36,57
1743497423.878656,41,-6,171
1743497423.913656,-59,-38,127
1743497423.949656,65,51,267
1743497423.984656,8,77,187
1743497424.019656,-38,-26,303
1743497424.054656,-10,-28,103
1743497424.090656,0,23,91
1743497424.126656,3,23,109
1743497424.161656,8,-66,125
1743497424.1976562,-51,21,229
1743497424.232656,58,-10,231
1743497424.267656,-21,55,129
1743497424.302656,12,-16,135
1743497424.339656,34,37,85
1743497424.374656,19,-52,237
1743497424.410656,15,45,109
1743497424.446656,47,-52,235
1743497424.481656,43,49,159
1743497424.517656,7,57,101
1743497424.552656,47,29,47
1743497424.587656,13,87,121
1743497424.622656,-32,19,129
1743497424.658656,55,-52,211
1743497424.694656,99,17,153
1743497424.729656,39,-46,79
1743497424.765656,135,19,139
1743497424.800656,0,51,169
1743497424.8356562,17,-36,125
1743497424.871656,19,15,157
1743497424.906656,-8,-50,95
1743497424.942656,43,45,109
1743497424.977656,35,9,159
1743497425.013656,7,-14,69
1743497425.048656,41,-35,75
1743497425.083656,-20,-44,219
1743497425.119656,49,-36,59
1743497425.1546562,-66,-24,195
1743497425.190656,3,-42,53
1743497425.225656,87,1,179
1743497425.261656,101,-18,229
1743497425.296656,-12,20,93
1743497425.331656,-47,-13,126
1743497425.367656,26,-40,144
1743497425.402656,-5,41,38
1743497425.438656,58,64,96
1743497425.473656,-25,68,122
1743497425.509656,8,-23,196
1743497425.544656,8,0,142
1743497425.579656,38,2,194
1743497425.615656,26,12,210
1743497425.650656,48,26,204
1743497425.686656,-99,2,154
1743497425.721656,-1,-89,110
1743497425.757656,4,6,92
1743497425.792656,-23,-25,174
1743497425.827656,-35,64,196
1743497425.863656,8,-37,144
1743497425.898656,37,38,128
1743497425.934656,-84,-3,90
1743497425.969656,2,-53,94
1743497426.005656,-39,-25,146
1743497426.040656,-27,-49,172
1743497426.075656,-45,-58,68
1743497426.111656,44,-8,74
1743497426.146656,86,23,196
1743497426.182656,70,-32,54
1743497426.217656,-7,-10,252
1743497426.253656,12,44,138
1743497426.288656,44,-93,134
1743497426.323656,-25,-53,156
1743497426.359656,-21,52,158
1743497426.394656,-27,-42,170
1743497426.430656,-49,43,68
1743497426.465656,48,-24,104
1743497426.501656,-9,105,150
1743497426.536656,-45,15,174
1743497426.571656,0,-8,206
1743497426.607656,98,107,166
1743497426.642656,4,13,126
1743497426.678656,-33,-42,266
1743497426.713656,54,-30,214
1743497426.749656,86,7,112
1743497426.784656,10,-32,100
1743497426.819656,22,-82,58
1743497426.855656,38,-10,296
1743497426.890656,2,-70,92
1743497426.926656,-51,-30,40
1743497426.961656,0,13,60
1743497426.997656,6,-62,86
1743497427.032656,-3,-12,220
1743497427.067656,-73,63,150
1743497427.103656,-71,53,46
1743497427.138656,-21,-50,88
1743497427.1746562,18,11,134
1743497427.209656,100,-70,214
1743497427.245656,8,-42,120
1743497427.280656,-33,55,44
1743497427.315656,-37,-42,48
1743497427.351656,110,-42,172
1743497427.386656,-41,43,156
1743497427.422656,-19,-20,86
1743497427.457656,36,58,176
1743497427.4936562,-48,-3,180
1743497427.528656,3,26,140
1743497427.563656,-4,57,160
1743497427.599656,-18,53,188
1743497427.634656,43,-5,80
1743497427.670656,7,-40,132
1743497427.705656,1,73,148
1743497427.741656,-32,17,34
1743497427.7766562,0,29,146
1743497427.811656,3,19,180
1743497427.847656,-24,9,190
1743497427.882656,81,17,34
1743497427.918656,57,27,144
1743497427.953656,135,25,70
1743497427.989656,-42,9,150
1743497428.024656,15,-22,82
1743497428.059656,43,0,134
1743497428.0956562,-10,17,80
1743497428.130656,63,-68,102
1743497428.166656,-82,-10,162
1743497428.201656,13,13,216
1743497428.237656,-25,0,108
1743497428.272656,24,-2,228
1743497428.307656,-9,-70,30
1743497428.343656,-21,59,84
1743497428.378656,43,35,96
1743497428.4146562,55,33,68
1743497428.449656,-24,-36,28
1743497428.484656,-6,-58,92
1743497428.519656,-58,-18,82
1743497428.555656,-8,13,24
1743497428.591656,-6,-34,120
1743497428.626656,3,-12,104
1743497428.662656,25,-8,168
1743497428.6976562,79,-54,120
1743497428.732656,-51,3,94
1743497428.767656,12,43,192
1743497428.803656,42,-24,158
1743497428.839656,-45,-12,122
1743497428.874656,-17,-4,86
1743497428.910656,-1,39,88
1743497428.945656,-11,59,168
1743497428.980656,-17,-18,226
1743497429.015656,55,-84,110
1743497429.051656,29,-10,66
1743497429.087656,15,51,238
1743497429.122656,-22,31,142
1743497429.158656,-17,-32,186
1743497429.193656,67,-6,144
1743497429.228656,83,-16,258
1743497429.263656,65,7,144
1743497429.2996562,-11,-150,46
1743497429.3356562,22,59,-1
1743497429.370656,-7,51,192
1743497429.406656,-23,-10,188
1743497429.441656,-11,-34,68
1743497429.476656,6,7,66
1743497429.511656,-21,5,176
1743497429.547656,36,5,178
1743497429.583656,-17,15,144
1743497429.6186562,-43,21,70
1743497429.6546562,-39,-8,60
1743497429.689656,116,43,112
1743497429.724656,-17,-34,42
1743497429.759656,-12,-2,144
1743497429.795656,47,-8,40
1743497429.831656,-50,-7,118
1743497429.866656,-58,-75,214
1743497429.902656,16,-67,96
1743497429.9376562,-17,-43,94
1743497429.972656,-51,-63,260
1743497430.007656,-5,12,192
1743497430.043656,-19,-37,74
1743497430.079656,36,-43,60
1743497430.114656,-7,-11,82
1743497430.150656,86,26,110
1743497430.185656,-19,50,260
1743497430.2206562,10,-55,128
1743497430.255656,-12,4,280
1743497430.291656,-50,52,64
1743497430.327656,-24,-9,138
1743497430.362656,-34,-19,98
1743497430.398656,-60,-75,188
1743497430.433656,27,20,96
1743497430.468656,-20,56,48
1743497430.503656,-52,-13,180
1743497430.5396562,-30,-19,180
1743497430.575656,-30,-19,142
1743497430.610656,-14,20,118
1743497430.646656,-36,42,216
1743497430.681656,-50,84,108
1743497430.716656,-34,-45,186
1743497430.751656,31,12,144
1743497430.787656,31,-11,142
1743497430.823656,-2,14,192
1743497430.8586562,-42,-55,142
1743497430.894656,43,-5,132
1743497430.929656,55,-95,162
1743497430.964656,-86,58,42
1743497430.999656,-8,16,144
1743497431.035656,-6,82,122
1743497431.071656,25,48,148
1743497431.106656,-78,40,236
1743497431.142656,-52,-11,6
1743497431.177656,0,-45,70
1743497431.212656,-18,-25,168
1743497431.247656,-4,-61,218
1743497431.283656,41,-58,38
1743497431.319656,-34,4,232
1743497431.354656,117,18,208
1743497431.390656,61,34,156
1743497431.425656,63,13,160
1743497431.4606562,-14,-17,122
1743497431.495656,53,-18,156
1743497431.531656,39,5,218
1743497431.567656,-22,-10,66
1743497431.602656,0,39,134
1743497431.638656,-24,-108,272
1743497431.673656,-82,-2,96
1743497431.708656,-27,108,14
1743497431.7436562,31,-18,236
1743497431.7796562,3,77,218
1743497431.815656,39,33,248
1743497431.850656,3,41,56
1743497431.886656,-58,1,32
1743497431.921656,-100,-26,84
1743497431.956656,-10,3,164
1743497431.991656,13,15,208
1743497432.027656,-6,69,184
1743497432.063656,-81,-14,94
1743497432.098656,-65,13,188
1743497432.134656,2,122,254
1743497432.169656,38,-45,142
1743497432.204656,-75,-8,46
1743497432.239656,-45,-6,178
1743497432.275656,-19,-18,178
1743497432.311656,-5,33,216
1743497432.346656,14,43,112
1743497432.382656,16,40,216
1743497432.417656,60,-65,-47
1743497432.452656,78,32,162
1743497432.487656,12,-67,90
1743497432.523656,26,-49,74
1743497432.559656,66,4,92
1743497432.594656,-43,54,52
1743497432.630656,80,58,184
1743497432.665656,26,58,214
1743497432.700656,14,-7,156
1743497432.735656,32,12,-3
1743497432.771656,12,18,342
1743497432.807656,-13,-3,108
1743497432.842656,24,58,112
1743497432.878656,45,8,128
1743497432.913656,77,-33,82
1743497432.948656,-48,40,82
1743497432.9836562,-18,-47,206
1743497433.019656,13,-41,140
1743497433.055656,11,-15,178
1743497433.090656,53,20,128
1743497433.126656,-20,-19,146
1743497433.161656,9,-19,316
1743497433.196656,47,-13,54
1743497433.231656,45,-17,220
1743497433.267656,19,-17,42
1743497433.303656,-22,-19,126
1743497433.3456562,-8,-73,86
1743497433.382656,13,12,194
1743497433.417656,23,34,164
1743497433.452656,-48,-23,130
1743497433.487656,15,36,104
1743497433.523656,5,-25,196
1743497433.559656,87,68,280
1743497433.594656,51,-69,144
1743497433.630656,9,-15,84
1743497433.665656,-68,-53,136
1743497433.700656,13,-67,138
1743497433.735656,17,12,122
1743497433.771656,27,66,114
1743497433.807656,77,48,118
1743497433.842656,-8,20,154
1743497433.878656,27,-7,282
1743497433.913656,19,-15,102
1743497433.948656,31,60,160
1743497433.9836562,-32,32,78
1743497434.019656,0,56,142
1743497434.055656,-22,56,130
1743497434.090656,-58,22,102
1743497434.126656,91,-33,88
1743497434.161656,25,24,68
1743497434.196656,-12,26,102
1743497434.231656,-18,6,26
1743497434.267656,26,34,96
1743497434.303656,19,26,232
1743497434.338656,-26,82,126
1743497434.374656,68,34,238
1743497434.409656,0,-29,252
1743497434.444656,-41,98,172
1743497434.480656,-135,-9,154
1743497434.515656,24,64,16
1743497434.551656,-102,33,246
1743497434.586656,-6,-8,90
1743497434.622656,-46,1,180
1743497434.657656,19,-57,118
1743497434.692656,45,9,248
1743497434.728656,33,1,132
1743497434.763656,-26,-21,82
1743497434.7996562,31,-75,186
1743497434.834656,51,-35,110
1743497434.870656,24,1,188
1743497434.905656,20,49,144
1743497434.940656,-33,-16,60
1743497434.976656,-13,49,82
1743497435.011656,-47,55,136
1743497435.047656,-41,-36,222
1743497435.082656,-35,13,244
1743497435.1186562,48,-70,198
1743497435.153656,6,-58,110
1743497435.188656,30,-24,90
1743497435.224656,-11,-30,130
1743497435.259656,-59,-16,126
1743497435.295656,-9,0,-11
1743497435.330656,6,43,140
1743497435.366656,16,37,228
1743497435.4016562,30,-10,120
1743497435.436656,-3,-22,70
1743497435.472656,62,-23,218
1743497435.507656,34,-28,172
1743497435.543656,-3,80,74
1743497435.578656,10,19,124
1743497435.614656,30,41,186
1743497435.649656,42,23,94
1743497435.684656,8,25,134
1743497435.7206562,30,-22,72
1743497435.755656,-41,-28,140
1743497435.791656,18,77,26
1743497435.826656,38,55,208
1743497435.862656,-13,43,71
1743497435.897656,-69,45,-6
1743497435.932656,38,1,150
1743497435.968656,28,-28,122
1743497436.003656,-7,-18,252
1743497436.0396562,-21,5,126
1743497436.074656,-35,-2,76
1743497436.110656,26,-42,118
1743497436.145656,-35,-56,86
1743497436.180656,14,11,124
1743497436.216656,26,41,57
1743497436.251656,-5,7,127
1743497436.287656,20,-10,227
1743497436.3226562,26,-32,53
1743497436.3586562,38,59,183
1743497436.393656,-9,-14,79
1743497436.428656,54,-18,95
1743497436.464656,62,-30,67
1743497436.499656,-35,41,33
1743497436.535656,-33,3,223
1743497436.570656,50,47,229
1743497436.606656,-11,-96,195
1743497436.6416562,16,-16,181
1743497436.676656,72,27,193
1743497436.712656,-33,85,183
1743497436.747656,60,3,105
1743497436.783656,-17,3,145
1743497436.818656,88,-34,61
1743497436.854656,-113,31,121
1743497436.889656,8,-16,101
1743497436.9246562,-61,20,173
1743497436.9606562,-53,9,53
1743497436.995656,0,33,151
1743497437.031656,-59,3,71
1743497437.066656,-19,27,43
1743497437.102656,0,9,193
1743497437.137656,38,47,175
1743497437.172656,2,-34,119
1743497437.208656,0,9,205
1743497437.2436562,18,-42,41
1743497437.2796562,42,7,199
1743497437.314656,-63,47,53
1743497437.350656,-89,-18,55
1743497437.385656,-29,-28,141
1743497437.420656,26,7,203
1743497437.456656,2,-10,205
1743497437.491656,56,77,123
1743497437.527656,32,55,21
1743497437.5626562,60,57,127
1743497437.598656,-5,-56,181
1743497437.633656,28,-16,187
1743497437.668656,-35,51,-36
1743497437.704656,-47,-2,125
1743497437.739656,-7,-12,87
1743497437.775656,68,-4,161
1743497437.810656,92,-100,49
1743497437.846656,56,-4,157
1743497437.882656,-27,37,219
1743497437.917656,-15,-22,43
1743497437.952656,0,-14,65
1743497437.988656,-69,-6,223
1743497438.024656,-11,-32,77
1743497438.059656,-71,57,87
1743497438.0956562,30,31,81
1743497438.130656,45,57,133
1743497438.165656,86,31,171
1743497438.200656,-27,57,125
1743497438.236656,-61,-2,97
1743497438.272656,52,-60,83
1743497438.307656,6,19,157
1743497438.343656,-12,0,9
1743497438.378656,51,71,65
1743497438.413656,51,-2,75
1743497438.448656,-22,-5,79
1743497438.484656,3,-13,151
1743497438.520656,87,-27,107
1743497438.555656,63,-25,167
1743497438.591656,35,30,243
1743497438.626656,-18,-25,41
1743497438.661656,19,22,83
1743497438.696656,41,-31,207
1743497438.732656,-38,142,185
1743497438.768656,-16,-7,67
1743497438.803656,-16,12,161
1743497438.839656,-56,-99,167
1743497438.874656,13,-1,27
1743497438.909656,39,32,253
1743497438.944656,5,-13,115
1743497438.980656,13,-5,145
1743497439.0166562,21,-5,193
1743497439.051656,29,-23,44
1743497439.087656,33,70,134
1743497439.122656,67,-65,139
1743497439.157656,-72,-7,58
1743497439.192656,-74,56,0
1743497439.228656,29,-27,122
1743497439.264656,-68,-13,70
1743497439.2996562,9,16,141
1743497439.3356562,29,16,97
1743497439.370656,-12,10,249
1743497439.405656,-34,-7,65
1743497439.440656,-70,-37,119
1743497439.476656,-76,22,145
1743497439.512656,-48,48,115
1743497439.547656,35,58,17
1743497439.583656,57,16,141
1743497439.6186562,47,24,21
1743497439.653656,-30,40,93
1743497439.688656,-62,12,77
1743497439.724656,55,38,61
1743497439.760656,22,-31,167
1743497439.795656,7,-59,117
1743497439.831656,-37,-64,241
1743497439.866656,76,-36,78
1743497439.9016562,-35,2,92
1743497439.936656,-32,8,139
1743497439.972656,23,-59,51
1743497440.008656,46,11,139
1743497440.043656,-9,-10,173
1743497440.079656,-71,30,105
1743497440.114656,61,-17,247
1743497440.149656,-42,-33,75
1743497440.184656,11,34,251
1743497440.2206562,98,4,167
1743497440.2566562,-15,26,5
1743497440.291656,36,68,189
1743497440.327656,32,28,125
1743497440.362656,4,30,175
1743497440.397656,-3,-21,223
1743497440.432656,72,2,95
1743497440.468656,-7,-13,43
1743497440.504656,-53,-9,213
1743497440.5396562,-11,84,31
1743497440.575656,40,36,58
1743497440.610656,-19,60,94
1743497440.645656,18,56,202
1743497440.680656,26,2,140
1743497440.716656,-47,16,158
1743497440.752656,-65,-41,-7
1743497440.787656,-51,-13,182
1743497440.823656,-57,12,186
1743497440.8586562,-45,6,80
1743497440.893656,4,-27,78
1743497440.928656,28,11,0
1743497440.964656,64,-38,110
1743497441.000656,-1,-26,112
1743497441.035656,8,-14,214
1743497441.071656,-41,22,52
1743497441.106656,-17,37,228
1743497441.1416562,34,0,222
1743497441.176656,-5,-4,182
1743497441.212656,-11,-16,106
1743497441.248656,20,15,84
1743497441.283656,52,15,138
1743497441.319656,-39,-10,188
1743497441.354656,22,-4,224
1743497441.389656,4,-35,48
1743497441.4246562,-55,-23,142
1743497441.4606562,-49,25,200
1743497441.496656,-11,11,174
1743497441.531656,-13,-96,124
1743497441.567656,-33,-18,-39
1743497441.602656,-23,53,130
1743497441.637656,-43,79,186
1743497441.672656,-117,69,144
1743497441.708656,18,13,120
1743497441.744656,8,15,214
1743497441.7796562,26,23,104
1743497441.815656,6,13,32
1743497441.850656,46,-80,80
1743497441.885656,18,13,170
1743497441.920656,128,-8,168
1743497441.956656,34,-27,164
1743497441.992656,68,18,264
1743497442.027656,37,-62,130
1743497442.063656,41,-3,129
1743497442.098656,-2,-61,65
1743497442.133656,-12,1,156
1743497442.168656,105,11,98
1743497442.204656,15,10,54
1743497442.240656,-42,71,212
1743497442.275656,35,31,92
1743497442.311656,-74,-65,177
1743497442.346656,-20,-17,105
1743497442.3816562,-30,20,195
1743497442.416656,29,-41,115
1743497442.452656,13,-96,87
1743497442.488656,-80,47,160
1743497442.523656,-12,47,98
1743497442.559656,-28,-30,132
1743497442.594656,-41,-44,76
1743497442.629656,-6,-106,83
1743497442.6646562,2,13,53
1743497442.700656,46,-70,123
1743497442.736656,-85,37,81
1743497442.771656,-23,25,127
1743497442.807656,-75,50,183
1743497442.842656,15,-16,55
1743497442.877656,31,9,167
1743497442.912656,-42,-23,189
1743497442.948656,-16,-15,139
1743497442.984656,23,-57,86
1743497443.019656,45,-17,100
1743497443.055656,-2,12,122
1743497443.090656,-39,52,204
1743497443.125656,-23,26,76
1743497443.160656,49,-69,192
1743497443.196656,-44,-39,84
1743497443.232656,47,48,188
1743497443.267656,-18,22,32
1743497443.303656,-32,26,220
1743497443.338656,31,-7,92
1743497443.380656,0,18,222
1743497443.416656,7,78,224
1743497443.452656,-94,-9,128
1743497443.488656,117,-45,258
1743497443.523656,21,-51,248
1743497443.559656,5,-63,-1
1743497443.594656,21,-21,118
1743497443.629656,-38,-3,70
1743497443.6646562,0,40,78
1743497443.700656,-10,-35,142
1743497443.736656,1,-7,72
1743497443.771656,55,40,202
1743497443.807656,1,64,160
1743497443.842656,5,34,140
1743497443.877656,-18,2,118
1743497443.913656,109,-7,116
1743497443.948656,17,0,72
1743497443.984656,3,-33,140
1743497444.019656,15,32,140
1743497444.055656,-92,4,158
1743497444.090656,-12,-11,136
1743497444.125656,-56,-85,176
1743497444.161656,89,42,110
1743497444.196656,-76,-46,240
1743497444.232656,7,12,198
1743497444.267656,1,45,122
1743497444.303656,13,32,230
1743497444.338656,-22,0,50
1743497444.373656,-12,20,208
1743497444.409656,-32,22,220
1743497444.444656,-36,-27,66
1743497444.480656,-37,-13,112
1743497444.515656,-57,14,98
1743497444.551656,12,-85,146
1743497444.586656,110,-49,89
1743497444.621656,42,-27,184
1743497444.657656,132,42,252
1743497444.692656,-25,-81,18
1743497444.728656,4,62,90
1743497444.763656,0,0,162
1743497444.7996562,54,4,22
1743497444.834656,82,-1,24
1743497444.869656,-91,-9,104
1743497444.905656,-41,46,178
1743497444.940656,-61,-25,266
1743497444.976656,-15,-13,42
1743497445.011656,16,62,100
1743497445.047656,-37,-37,182
1743497445.082656,-37,-23,156
1743497445.117656,14,0,30
1743497445.153656,-21,-1,170
1743497445.188656,78,-25,52
1743497445.224656,22,0,132
1743497445.259656,-7,-13,120
1743497445.295656,14,18,40
1743497445.330656,-41,52,232
1743497445.365656,-27,-53,240
1743497445.4016562,48,44,106
1743497445.436656,18,44,182
1743497445.472656,-5,12,48
1743497445.507656,-17,10,254
1743497445.543656,-89,16,218
1743497445.578656,-21,4,-9
1743497445.613656,-37,52,-17
1743497445.649656,16,82,186
1743497445.684656,-63,16,86
1743497445.7206562,-31,38,106
1743497445.755656,62,-11,28
1743497445.791656,84,36,160
1743497445.826656,-31,36,50
1743497445.861656,-47,-29,124
1743497445.897656,28,30,268
1743497445.932656,-37,12,148
1743497445.968656,14,104,40
1743497446.003656,-49,36,148
1743497446.0396562,14,8,196
1743497446.074656,28,-49,190
1743497446.109656,-21,82,88
1743497446.145656,26,12,106
1743497446.180656,24,-7,118
1743497446.216656,-73,-1,236
1743497446.251656,-55,-39,100
1743497446.287656,-103,-36,114
1743497446.3226562,-9,53,256
1743497446.357656,-21,-28,178
1743497446.393656,35,81,170
1743497446.428656,-9,-52,134
1743497446.464656,-39,21,176
1743497446.499656,-4,23,128
1743497446.535656,-7,-18,194
1743497446.570656,101,-30,124
1743497446.605656,-6,-22,84
1743497446.6416562,8,79,234
1743497446.676656,-75,-20,126
1743497446.712656,0,41,224
1743497446.747656,40,51,130
1743497446.783656,2,19,196
1743497446.818656,-24,37,178
1743497446.853656,-11,-12,64
1743497446.889656,-41,-6,76
1743497446.9246562,10,-6,220
1743497446.9606562,24,81,230
1743497446.995656,4,-16,128
1743497447.031656,14,55,156
1743497447.066656,-31,-34,120
1743497447.101656,-79,37,148
1743497447.137656,14,17,156
1743497447.172656,-19,13,58
1743497447.208656,-5,13,194
1743497447.2436562,23,-16,23
1743497447.2796562,-29,33,143
1743497447.315656,-2,-4,73
1743497447.351656,61,13,99
1743497447.387656,23,3,107
1743497447.423656,57,3,289
1743497447.459656,7,-14,181
1743497447.495656,21,-36,78
1743497447.531656,-78,111,124
1743497447.566656,-64,-68,136
1743497447.601656,-112,51,277
1743497447.637656,-48,63,193
1743497447.673656,23,16,141
1743497447.708656,-8,45,95
1743497447.744656,55,77,65
1743497447.7796562,-32,-13,187
1743497447.814656,20,0,217
1743497447.849656,-71,-33,105
1743497447.885656,34,-37,117
1743497447.921656,12,70,181
1743497447.956656,19,-18,73
1743497447.992656,69,1,205
1743497448.027656,65,91,45
1743497448.0626562,-24,8,79
1743497448.097656,-24,60,115
1743497448.133656,-14,56,59
1743497448.169656,-14,-2,69
1743497448.204656,5,-31,141
1743497448.240656,5,-37,117
1743497448.275656,-40,-43,191
1743497448.310656,-24,98,131
1743497448.3456562,-26,-27,137
1743497448.3816562,81,26,105
1743497448.417656,13,-43,39
1743497448.452656,-30,26,119
1743497448.488656,-64,-9,179
1743497448.523656,59,-71,117
1743497448.558656,48,-15,135
1743497448.593656,49,-17,59
1743497448.629656,58,-67,161
1743497448.665656,52,20,45
1743497448.700656,81,-5,45
1743497448.736656,-9,-5,129
1743497448.771656,-23,2,107
1743497448.806656,28,-25,123
1743497448.841656,20,-31,159
1743497448.877656,38,30,177
1743497448.913656,-17,0,211
1743497448.948656,28,-19,147
1743497448.984656,16,42,57
1743497449.019656,-43,-17,119
1743497449.054656,14,-33,119
1743497449.089656,108,-51,15
1743497449.125656,-67,-37,197
1743497449.161656,100,-91,149
1743497449.196656,28,-21,62
1743497449.232656,38,-9,134
1743497449.267656,8,-67,180
1743497449.302656,26,46,284
1743497449.337656,-45,-31,212
1743497449.373656,20,0,160
1743497449.409656,8,8,44
1743497449.444656,16,78,-9
1743497449.480656,-23,10,-15
1743497449.515656,80,38,136
1743497449.550656,-37,36,108
1743497449.5856562,68,-49,160
1743497449.621656,54,-21,168
1743497449.657656,12,46,252
1743497449.692656,6,10,212
1743497449.728656,-11,-3,54
1743497449.763656,-57,-85,66
1743497449.798656,-27,-11,210
1743497449.833656,54,32,160
1743497449.869656,-29,-27,18
1743497449.905656,52,26,96
1743497449.940656,-27,-9,152
1743497449.976656,-51,0,154
1743497450.011656,-11,36,228
1743497450.046656,10,-7,102
1743497450.081656,-39,-23,202
1743497450.117656,38,16,70
1743497450.153656,-63,22,36
1743497450.188656,-23,-31,158
1743497450.224656,6,-9,146
1743497450.259656,-59,56,188
1743497450.294656,18,28,256
1743497450.329656,-71,-41,74
1743497450.365656,-95,38,76
1743497450.4016562,-13,-15,42
1743497450.436656,-21,-4,184
1743497450.472656,16,-62,96
1743497450.507656,-53,0,166
1743497450.542656,-21,29,260
1743497450.577656,12,33,174
1743497450.613656,-51,-60,196
1743497450.649656,52,-30,12
1743497450.684656,-51,25,68
1743497450.7206562,18,11,106
1743497450.755656,52,104,-29
1743497450.790656,20,-112,226
1743497450.825656,74,-48,160
1743497450.861656,2,-12,162
1743497450.897656,26,19,76
1743497450.932656,-23,13,110
1743497450.968656,-21,95,100
1743497451.003656,-85,87,72
1743497451.038656,4,0,172
1743497451.073656,-11,-11,142
1743497451.109656,-13,-34,0
1743497451.145656,-17,4,96
1743497451.180656,30,28,108
1743497451.216656,30,-23,214
1743497451.251656,-31,-59,100
1743497451.286656,-3,-37,44
1743497451.321656,8,-59,42
1743497451.357656,18,2,0
1743497451.393656,22,24,140
1743497451.428656,-5,-29,138
1743497451.464656,-25,4,126
1743497451.499656,8,-47,116
1743497451.534656,18,-87,126
1743497451.569656,8,-11,140
1743497451.605656,-23,-27,110
1743497451.6416562,54,16,148
1743497451.676656,-47,-15,178
1743497451.712656,46,0,140
1743497451.747656,-63,66,162
1743497451.782656,28,58,38
1743497451.817656,18,-65,16
1743497451.853656,18,-23,202
1743497451.889656,58,-11,106
1743497451.9246562,-79,102,190
1743497451.9606562,-22,18,146
1743497451.995656,-18,4,126
1743497452.030656,45,16,66
1743497452.065656,31,8,262
1743497452.101656,-28,26,106
1743497452.137656,-16,-53,70
1743497452.172656,-2,-11,80
1743497452.208656,-32,-9,92
1743497452.2436562,5,-19,140
1743497452.278656,37,6,118
1743497452.313656,-36,12,210
1743497452.349656,67,-51,112
1743497452.385656,-30,-13,158
1743497452.420656,-16,-23,156
1743497452.456656,1,-33,100
1743497452.491656,79,-129,193
1743497452.5266562,-58,38,148
1743497452.561656,29,39,240
1743497452.597656,-4,-54,136
1743497452.633656,27,3,149
1743497452.668656,29,51,73
1743497452.704656,27,21,27
1743497452.739656,47,81,145
1743497452.774656,7,58,185
1743497452.809656,41,-37,125
1743497452.8456562,-64,-4,2
1743497452.8816562,89,-39,136
1743497452.916656,-60,25,-1
1743497452.952656,-16,-20,84
1743497452.987656,-51,-56,173
1743497453.022656,-49,125,32
1743497453.057656,-37,13,56
1743497453.093656,7,-34,154
1743497453.129656,35,43,269
1743497453.1646562,47,55,16
1743497453.200656,79,11,73
1743497453.235656,-26,39,157
1743497453.270656,-18,45,97
1743497453.305656,-20,27,131
1743497453.341656,33,-16,149
1743497453.384656,-38,-19,169
1743497453.420656,35,53,83
1743497453.456656,-14,2,151
1743497453.491656,-28,0,157
1743497453.5266562,31,-47,7
1743497453.5626562,-56,14,83
1743497453.597656,-34,70,241
1743497453.633656,-8,28,71
1743497453.668656,-12,-5,63
1743497453.704656,61,4,63
1743497453.739656,47,54,249
1743497453.774656,21,8,173
1743497453.810656,51,30,195
1743497453.8456562,-38,-49,275
1743497453.8816562,67,-41,31
1743497453.916656,-76,-97,85
1743497453.952656,-26,-29,167
1743497453.987656,-6,18,69
1743497454.022656,-18,30,85
1743497454.058656,17,-89,183
1743497454.093656,-20,-43,153
1743497454.129656,25,6,315
1743497454.1646562,5,-3,129
1743497454.200656,5,-29,75
1743497454.235656,35,32,157
1743497454.270656,13,66,99
1743497454.306656,-106,-31,104
1743497454.341656,37,24,164
1743497454.377656,-12,46,148
1743497454.412656,-18,12,200
1743497454.448656,83,-59,98
1743497454.4836562,-2,-15,142
1743497454.518656,35,2,130
1743497454.554656,-22,-27,160
1743497454.589656,-22,16,140
1743497454.625656,-14,100,76
1743497454.660656,-4,-5,264
1743497454.696656,-20,-63,198
1743497454.731656,77,74,214
1743497454.7666562,-28,-49,194
1743497454.802656,-56,16,88
1743497454.837656,61,-37,-3
1743497454.873656,93,-13,140
1743497454.908656,-72,-71,50
1743497454.944656,1,-53,130
1743497454.979656,-68,74,60
1743497455.014656,-22,42,160
1743497455.050656,-61,-49,158
1743497455.0856562,-24,50,160
1743497455.121656,9,44,-7
1743497455.156656,-10,12,142
1743497455.192656,59,34,28
1743497455.227656,65,42,122
1743497455.262656,-90,92,200
1743497455.298656,31,-31,88
1743497455.333656,-31,-41,186
1743497455.369656,-39,16,156
1743497455.4046562,79,40,104
1743497455.440656,-36,61,152
1743497455.475656,39,92,-5
1743497455.510656,-38,-9,160
1743497455.546656,5,-33,138
1743497455.581656,3,-43,174
1743497455.617656,41,-57,198
1743497455.652656,-98,-17,66
1743497455.688656,37,-23,100
1743497455.723656,-32,38,62
1743497455.758656,-54,94,130
1743497455.794656,13,86,152
1743497455.829656,-26,26,208
1743497455.865656,47,42,48
1743497455.900656,1,54,182
1743497455.936656,-62,-53,176
1743497455.971656,-36,-3,110
1743497456.0066562,5,62,170
1743497456.042656,57,-43,120
1743497456.077656,-26,-55,153
1743497456.113656,1,-31,283
1743497456.148656,-32,-25,189
1743497456.184656,-32,-7,163
1743497456.219656,39,66,53
1743497456.254656,31,-27,91
1743497456.290656,-126,-31,49
1743497456.325656,21,-69,151
1743497456.361656,-14,-101,169
1743497456.396656,-74,-19,155
1743497456.432656,29,-43,147
1743497456.467656,47,66,279
1743497456.502656,-68,-5,171
1743497456.538656,-34,-27,27
1743497456.573656,-24,-57,149
1743497456.609656,-48,1,171
1743497456.644656,49,-18,93
1743497456.680656,-61,-36,113
1743497456.715656,-43,-80,139
1743497456.750656,-43,31,31
1743497456.786656,-69,54,255
1743497456.821656,-35,94,59
1743497456.857656,-11,-13,51
1743497456.892656,-21,-101,187
1743497456.928656,24,-45,179
1743497456.964656,20,0,119
1743497456.999656,-38,-41,103
1743497457.034656,-78,38,133
1743497457.070656,29,-63,147
1743497457.106656,1,-31,207
1743497457.1416562,-58,-13,163
1743497457.177656,-14,-1,83
1743497457.212656,-14,-9,135
1743497457.247656,0,-17,53
1743497457.282656,-16,-55,133
1743497457.318656,-2,-47,137
1743497457.354656,65,-3,109
1743497457.389656,59,8,107
1743497457.425656,-44,30,119
1743497457.4606562,-26,36,193
1743497457.495656,35,-86,23
1743497457.530656,-24,-47,163
1743497457.566656,44,46,207
1743497457.602656,-11,150,197
1743497457.637656,-81,25,49
1743497457.673656,-31,39,165
1743497457.708656,-38,8,155
1743497457.7436562,-69,32,121
1743497457.778656,-6,-5,155
1743497457.814656,56,-80,141
1743497457.850656,73,-87,61
1743497457.885656,40,-36,157
1743497457.921656,38,-56,165
1743497457.956656,54,54,105
1743497457.991656,-11,-18,239
1743497458.0266562,-19,-22,119
1743497458.0626562,-7,-46,189
1743497458.098656,-35,20,229
1743497458.133656,2,-30,221
1743497458.169656,44,51,165
1743497458.204656,-15,55,153
1743497458.239656,4,-33,149
1743497458.274656,4,-1,157
1743497458.310656,58,-109,159
1743497458.346656,50,-53,109
1743497458.3816562,16,-53,121
1743497458.417656,-15,48,165
1743497458.452656,38,-69,203
1743497458.487656,-59,-17,39
1743497458.522656,22,6,59
1743497458.558656,58,-5,33
1743497458.594656,-33,-59,107
1743497458.629656,-7,34,193
1743497458.665656,14,-19,249
1743497458.700656,-41,8,191
1743497458.735656,20,-1,157
1743497458.770656,-63,-41,131
1743497458.806656,-31,2,191
1743497458.842656,-95,-27,51
1743497458.877656,-9,38,339
1743497458.913656,50,-51,83
1743497458.948656,56,62,235
1743497458.9836562,10,6,221
1743497459.018656,72,38,155
1743497459.054656,36,-25,139
1743497459.090656,-51,50,151
1743497459.125656,12,10,7
1743497459.161656,-31,26,175
1743497459.196656,-73,22,93
1743497459.231656,-27,-89,132
1743497459.2666562,-17,8,85
1743497459.302656,-43,30,69
1743497459.338656,58,-21,73
1743497459.373656,-29,52,165
1743497459.409656,-21,-27,213
1743497459.444656,-31,22,80
1743497459.479656,-7,16,192
1743497459.514656,18,-39,164
1743497459.550656,-35,30,206
1743497459.586656,66,-1,132
1743497459.621656,-83,32,126
1743497459.657656,68,58,160
1743497459.692656,10,-35,234
1743497459.727656,-51,-13,100
1743497459.762656,-19,4,70
1743497459.798656,20,12,114
1743497459.834656,-9,60,236
1743497459.869656,-11,20,112
1743497459.905656,14,-35,258
1743497459.940656,-11,-27,182
1743497459.975656,38,14,164
1743497460.010656,-65,-43,148
1743497460.046656,-79,-5,128
1743497460.082656,-7,20,176
1743497460.117656,8,42,66
1743497460.153656,-11,42,166
1743497460.188656,4,10,124
1743497460.223656,-41,-29,94
1743497460.258656,52,-27,146
1743497460.294656,-93,34,100
1743497460.330656,38,22,254
1743497460.365656,12,26,158
1743497460.4016562,30,-47,258
1743497460.436656,66,96,76
1743497460.471656,-67,30,216
1743497460.5066562,54,-35,266
1743497460.542656,26,-27,172
1743497460.578656,44,2,66
1743497460.613656,20,-45,106
1743497460.649656,-3,-19,138
1743497460.684656,-73,18,158
1743497460.719656,-35,-31,184
1743497460.754656,-9,44,122
1743497460.790656,-1,2,44
1743497460.826656,14,56,210
1743497460.861656,40,36,164
1743497460.897656,18,4,136
1743497460.932656,42,-57,193
1743497460.967656,-31,-71,185
1743497461.002656,-3,-21,64
1743497461.038656,0,14,148
1743497461.074656,-53,-7,202
1743497461.109656,66,-9,214
1743497461.145656,-85,-19,123
1743497461.180656,80,18,212
1743497461.215656,-5,6,253
1743497461.250656,108,56,149
1743497461.286656,32,-35,177
1743497461.3226562,58,-25,161
1743497461.357656,68,-31,111
1743497461.393656,-69,10,165
1743497461.428656,-21,-3,103
1743497461.463656,110,-43,147
1743497461.498656,-105,20,165
1743497461.534656,-23,-37,193
1743497461.570656,-49,18,219
1743497461.605656,42,4,37
1743497461.6416562,-35,54,141
1743497461.676656,-93,36,157
1743497461.711656,-31,-15,189
1743497461.746656,-37,70,61
1743497461.782656,-15,-45,21
1743497461.818656,-47,-41,143
1743497461.853656,-55,-5,117
1743497461.889656,-17,18,211
1743497461.9246562,-19,49,113
1743497461.959656,102,24,293
1743497461.994656,-131,-14,69
1743497462.030656,-47,3,171
1743497462.066656,6,-14,107
1743497462.101656,6,47,101
1743497462.137656,-15,-11,65
1743497462.172656,-27,24,93
1743497462.207656,-51,12,99
1743497462.242656,-19,-27,49
1743497462.278656,30,-23,179
1743497462.314656,62,-3,157
1743497462.349656,-73,-33,161
1743497462.385656,-3,32,259
1743497462.420656,28,-53,165
1743497462.455656,-59,10,131
1743497462.490656,16,68,117
1743497462.5266562,50,10,93
1743497462.5626562,14,-1,269
1743497462.597656,-63,2,219
1743497462.633656,-13,-12,161
1743497462.668656,6,-21,191
1743497462.703656,14,10,179
1743497462.738656,-21,-9,199
1743497462.774656,14,-1,221
1743497462.810656,-13,28,65
1743497462.8456562,-39,-17,21
1743497462.8816562,-49,72,195
1743497462.916656,-3,-51,275
1743497462.951656,-23,-19,97
1743497462.987656,-17,20,145
1743497463.022656,-9,5,107
1743497463.058656,4,-67,181
1743497463.093656,-5,58,143
1743497463.129656,14,48,123
1743497463.1646562,42,24,133
1743497463.199656,36,-7,7
1743497463.235656,-107,-43,99
1743497463.270656,20,48,135
1743497463.306656,26,-13,149
1743497463.341656,-67,-25,141
1743497463.377656,16,-7,113
1743497463.419656,-23,26,161
1743497463.455656,-77,8,175
1743497463.491656,-16,-49,119
1743497463.5266562,-44,-37,99
1743497463.5626562,-26,-21,89
1743497463.597656,-26,-47,81
1743497463.633656,-18,-8,181
1743497463.668656,-42,-46,149
1743497463.703656,57,39,133
1743497463.739656,-10,62,55
1743497463.774656,71,2,71
1743497463.810656,-74,20,155
1743497463.8456562,63,44,219
1743497463.8816562,54,38,131
1743497463.916656,30,-15,73
1743497463.951656,-7,4,99
1743497463.987656,58,8,287
1743497464.022656,-9,-43,215
1743497464.058656,-91,48,169
1743497464.093656,50,-11,107
1743497464.129656,12,-15,-42
1743497464.1646562,-11,22,201
1743497464.199656,24,18,187
1743497464.235656,-47,24,41
1743497464.270656,16,-5,133
1743497464.306656,-19,82,53
1743497464.341656,16,22,93
1743497464.377656,-23,50,149
1743497464.412656,-13,6,221
1743497464.4476562,-27,18,31
1743497464.4836562,54,-37,227
1743497464.518656,-7,48,323
1743497464.554656,-15,-81,265
1743497464.589656,-9,42,-52
1743497464.625656,-37,24,83
1743497464.660656,-1,22,179
1743497464.695656,-1,42,149
1743497464.731656,42,22,123
1743497464.7666562,54,-63,86
1743497464.802656,-35,64,180
1743497464.837656,4,-3,68
1743497464.873656,-43,-11,56
1743497464.908656,20,-95,216
1743497464.943656,-23,8,116
1743497464.979656,-15,54,134
1743497465.014656,28,-3,208
1743497465.050656,4,-23,174
1743497465.0856562,-31,-5,292
1743497465.121656,-67,40,102
1743497465.156656,-25,-27,128
1743497465.191656,42,46,128
1743497465.227656,56,32,106
1743497465.262656,40,62,170
1743497465.298656,-89,-11,330
1743497465.333656,-3,18,178
1743497465.369656,32,44,100
1743497465.4046562,94,110,198
1743497465.439656,4,-55,220
1743497465.475656,-15,8,220
1743497465.510656,-17,22,148
1743497465.546656,30,-21,238
1743497465.581656,28,-13,186
1743497465.617656,30,16,192
1743497465.652656,-29,-7,0
1743497465.6876562,34,-19,68
1743497465.723656,-21,-61,60
1743497465.758656,22,52,206
1743497465.794656,46,48,72
1743497465.829656,-67,8,130
1743497465.865656,-59,68,166
1743497465.900656,52,26,178
1743497465.935656,-69,32,134
1743497465.971656,-25,8,134
1743497466.0066562,6,28,80
1743497466.042656,-9,22,198
1743497466.077656,54,6,132
1743497466.113656,38,28,172
1743497466.148656,-1,2,162
1743497466.183656,42,-3,248
1743497466.219656,34,68,98
1743497466.254656,-29,26,-9
1743497466.290656,-23,-105,86
1743497466.325656,42,12,134
1743497466.360656,44,32,108
1743497466.395656,82,2,350
1743497466.431656,-37,28,32
1743497466.467656,6,4,114
1743497466.502656,-49,78,176
1743497466.538656,8,-65,154
1743497466.573656,-1,6,132
1743497466.6086562,-13,-43,120
1743497466.643656,-55,50,116
1743497466.679656,86,12,176
1743497466.715656,-7,66,210
1743497466.750656,-39,-67,90
1743497466.786656,-41,28,128
1743497466.821656,-53,-5,144
1743497466.856656,60,0,152
1743497466.8916562,-69,20,108
1743497466.927656,-59,32,172
1743497466.963656,-11,-37,142
1743497466.998656,-61,102,180
1743497467.034656,-99,6,190
1743497467.069656,28,-27,224
1743497467.104656,-35,6,104
1743497467.139656,28,30,70
1743497467.175656,24,-7,152
1743497467.211656,-45,-1,144
1743497467.246656,86,-59,182
1743497467.282656,-37,0,166
1743497467.317656,10,-15,164
1743497467.352656,-5,-13,136
1743497467.387656,-5,24,250
1743497467.423656,-7,-25,26
1743497467.459656,-33,90,128
1743497467.494656,8,-55,40
1743497467.530656,-7,-9,182
1743497467.565656,-25,-3,180
1743497467.600656,112,-9,200
1743497467.635656,22,-61,144
1743497467.671656,-23,-35,152
1743497467.707656,-25,-63,70
1743497467.742656,26,-7,106
1743497467.778656,60,-17,42
1743497467.813656,-25,-5,48
1743497467.848656,-9,2,144
1743497467.883656,-75,78,30
1743497467.919656,42,-59,70
1743497467.955656,37,46,162
1743497467.990656,6,-43,168
1743497468.0266562,-114,11,180
1743497468.061656,-66,3,-93
1743497468.096656,1,71,122
1743497468.1316562,41,51,74
1743497468.167656,-44,-28,94
1743497468.203656,-52,-86,20
1743497468.238656,17,-96,190
1743497468.274656,37,-12,130
1743497468.309656,5,-42,70
1743497468.344656,107,11,186
1743497468.379656,-30,29,156
1743497468.415656,-4,-38,90
1743497468.451656,58,11,208
1743497468.486656,-65,-23,166
1743497468.522656,-39,-4,150
1743497468.557656,30,-35,-7
1743497468.592656,42,-14,80
1743497468.627656,-91,27,58
1743497468.663656,-17,-32,72
1743497468.699656,-27,-32,98
1743497468.734656,26,-50,-57
1743497468.770656,-39,-70,138
1743497468.805656,-31,29,234
1743497468.840656,-23,-12,163
1743497468.875656,44,63,145
1743497468.911656,26,-24,55
1743497468.9476562,-23,-52,221
1743497468.982656,-19,25,91
1743497469.018656,-101,29,101
1743497469.053656,-15,25,189
1743497469.088656,0,-84,257
1743497469.123656,26,51,137
1743497469.159656,22,59,51
1743497469.195656,88,55,97
1743497469.230656,2,-5,169
1743497469.2666562,40,-39,151
1743497469.301656,16,0,179
1743497469.336656,-85,-21,47
1743497469.371656,-91,0,87
1743497469.407656,-3,24,25
1743497469.443656,60,-37,45
1743497469.478656,70,-33,87
1743497469.514656,10,8,105
1743497469.5496562,56,-1,153
1743497469.584656,2,46,127
1743497469.619656,-19,-31,127
1743497469.655656,30,-45,91
1743497469.691656,88,-11,163
1743497469.726656,22,44,81
1743497469.762656,-49,-87,79
1743497469.797656,-15,52,75
1743497469.832656,66,-1,145
1743497469.867656,26,-19,9
1743497469.903656,-93,-77,173
1743497469.939656,-45,26,81
1743497469.974656,-7,4,177
1743497470.010656,-54,20,67
1743497470.045656,55,-7,51
1743497470.080656,1,12,39
1743497470.115656,-68,-17,117
1743497470.1516562,13,-37,179
1743497470.1876562,-16,-9,107
1743497470.222656,5,76,61
1743497470.258656,-12,-27,183
1743497470.293656,11,54,133
1743497470.328656,-34,51,113
1743497470.363656,-2,12,113
1743497470.399656,47,-47,221
1743497470.435656,79,-23,67
1743497470.4706562,-43,66,93
1743497470.5066562,1,-45,45
1743497470.541656,-42,26,231
1743497470.576656,8,80,103
1743497470.611656,-9,50,179
1743497470.647656,2,-41,83
1743497470.683656,-5,-29,183
1743497470.718656,10,-1,129
1743497470.754656,10,21,151
1743497470.7896562,-49,17,117
1743497470.824656,-51,29,165
1743497470.859656,36,69,27
1743497470.895656,-33,2,191
1743497470.931656,0,-17,143
1743497470.966656,36,-45,181
1743497471.002656,10,52,193
1743497471.037656,-19,26,71
1743497471.0726562,44,-7,205
1743497471.107656,-9,1,141
1743497471.143656,-15,-15,183
1743497471.179656,-3,-69,277
1743497471.214656,18,59,173
1743497471.250656,12,-31,127
1743497471.285656,-27,-5,135
1743497471.320656,-33,36,229
1743497471.355656,-11,-15,269
1743497471.3916562,12,-21,165
1743497471.427656,-39,24,109
1743497471.462656,10,-105,145
1743497471.498656,-25,8,251
1743497471.533656,-5,-37,269
1743497471.568656,-59,52,209
1743497471.603656,30,12,219
1743497471.639656,-41,-7,257
1743497471.675656,-17,-71,3
1743497471.7106562,24,-35,81
1743497471.746656,-43,44,113
1743497471.781656,-115,-21,79
1743497471.816656,-61,44,253
1743497471.851656,-97,-19,107
1743497471.887656,4,-1,101
1743497471.923656,8,12,201
1743497471.958656,-13,-21,143
1743497471.994656,34,-33,237
1743497472.0296562,-28,64,115
1743497472.064656,14,24,149
1743497472.099656,-91,26,231
1743497472.135656,-7,60,129
1743497472.171656,76,-21,157
1743497472.206656,72,42,99
1743497472.242656,10,-11,110
1743497472.277656,70,-9,21
1743497472.3126562,44,32,159
1743497472.348656,-73,-43,125
1743497472.383656,48,-69,91
1743497472.419656,55,-29,112
1743497472.454656,43,-33,132
1743497472.490656,87,-9,134
1743497472.525656,-8,-55,102
1743497472.560656,-2,-31,214
1743497472.596656,0,-27,208
1743497472.6316562,20,26,54
1743497472.667656,-85,70,126
1743497472.702656,10,10,92
1743497472.738656,40,22,48
1743497472.773656,35,-25,178
1743497472.808656,-60,-7,100
1743497472.844656,-14,44,216
1743497472.879656,21,4,182
1743497472.915656,22,-47,198
1743497472.950656,-3,0,68
1743497472.986656,48,6,170
1743497473.021656,56,2,122
1743497473.056656,-15,-55,180
1743497473.092656,40,14,22
1743497473.127656,-3,-67,32
1743497473.163656,40,-9,86
1743497473.198656,-21,-13,156
1743497473.234656,-1,-5,150
1743497473.269656,10,-17,276
1743497473.304656,72,54,92
1743497473.340656,-31,26,94
1743497473.375656,30,0,154
1743497473.411656,4,-3,-23
1743497473.453656,-49,-19,68
1743497473.490656,54,-2,128
1743497473.525656,2,9,174
1743497473.560656,80,21,114
1743497473.596656,-1,-16,188
1743497473.6316562,-15,-8,168
1743497473.667656,-57,-18,292
1743497473.702656,10,56,142
1743497473.738656,12,16,100
1743497473.773656,-26,-82,2
1743497473.808656,27,19,90
1743497473.844656,-38,59,54
1743497473.879656,-10,-16,54
1743497473.915656,3,105,146
1743497473.950656,-52,-46,154
1743497473.986656,-50,-44,200
1743497474.021656,-26,27,68
1743497474.056656,-20,-26,180
1743497474.092656,-6,-6,144
1743497474.127656,23,-2,94
1743497474.163656,-58,49,256
1743497474.198656,15,-30,154
1743497474.234656,29,19,250
1743497474.269656,15,55,228
1743497474.304656,11,-2,156
1743497474.340656,15,-64,76
1743497474.375656,65,49,88
1743497474.411656,-31,-51,124
1743497474.446656,-83,-41,126
1743497474.482656,-33,-10,212
1743497474.517656,-23,2,72
1743497474.552656,-19,24,222
1743497474.588656,-43,58,160
1743497474.623656,-17,-11,62
1743497474.659656,-27,12,114
1743497474.694656,-35,14,220
1743497474.730656,12,-51,90
1743497474.765656,-5,24,126
1743497474.800656,-13,-13,208
1743497474.836656,90,-69,28
1743497474.871656,18,-7,120
1743497474.907656,42,-47,38
1743497474.942656,12,-9,254
1743497474.978656,-47,-11,148
1743497475.013656,2,-19,78
1743497475.048656,0,22,92
1743497475.084656,-1,-51,22
1743497475.119656,-9,-23,238
1743497475.155656,16,-39,134
1743497475.190656,18,40,174
1743497475.226656,-3,-49,8
1743497475.261656,46,78,134
1743497475.296656,-5,66,218
1743497475.332656,80,30,102
1743497475.367656,-31,24,78
1743497475.403656,0,58,162
1743497475.438656,80,-47,188
1743497475.474656,-79,-27,146
1743497475.509656,42,26,98
1743497475.544656,-13,102,174
1743497475.580656,-17,22,142
1743497475.615656,16,-21,116
1743497475.6516562,-23,-63,126
1743497475.686656,-9,-11,84
1743497475.722656,-13,-103,238
1743497475.757656,-15,34,192
1743497475.792656,88,26,70
1743497475.828656,42,-21,138
1743497475.863656,36,-15,98
1743497475.899656,-29,-25,48
1743497475.934656,-29,-45,188
1743497475.9706562,-97,20,170
1743497476.0066562,-7,-49,122
1743497476.042656,34,-43,120
1743497476.078656,-5,4,110
1743497476.113656,58,-27,174
1743497476.148656,-11,10,246
1743497476.184656,-93,30,148
1743497476.2206562,-7,-7,104
1743497476.255656,-73,36,176
1743497476.291656,-23,16,112
1743497476.326656,46,-29,244
1743497476.361656,-37,16,158
1743497476.396656,4,30,288
1743497476.432656,-21,2,162
1743497476.468656,18,-27,160
1743497476.503656,-77,-1,294
1743497476.5396562,32,46,32
1743497476.574656,30,26,162
1743497476.609656,24,32,176
1743497476.644656,41,-47,124
1743497476.680656,15,-19,148
1743497476.716656,-9,32,4
1743497476.751656,36,-13,156
1743497476.787656,124,-15,130
1743497476.8226562,-37,-19,158
1743497476.857656,-77,-23,56
1743497476.892656,5,-7,52
1743497476.928656,-101,2,142
1743497476.964656,-17,-17,72
1743497476.999656,-51,56,104
1743497477.035656,-2,-9,66
1743497477.070656,81,64,160
1743497477.105656,-37,-55,146
1743497477.140656,-81,-13,26
1743497477.176656,-3,2,220
1743497477.212656,-7,18,92
1743497477.247656,-53,40,224
1743497477.283656,-61,28,-51
1743497477.318656,59,20,150
1743497477.353656,-4,0,116
1743497477.388656,92,42,-21
1743497477.4246562,83,-39,184
1743497477.4606562,19,-7,136
1743497477.495656,41,-49,142
1743497477.531656,11,32,140
1743497477.566656,89,-5,116
1743497477.601656,55,22,108
1743497477.636656,-33,-29,200
1743497477.672656,-87,-3,182
1743497477.708656,41,18,62
1743497477.7436562,-16,28,98
1743497477.7796562,-32,74,108
1743497477.814656,21,-9,128
1743497477.849656,15,54,202
1743497477.884656,-10,52,128
1743497477.920656,-22,14,172
1743497477.956656,-2,44,120
1743497477.991656,1,-27,34
1743497478.027656,-10,-29,96
1743497478.0626562,5,-7,178
1743497478.097656,-34,50,60
1743497478.132656,9,-57,94
1743497478.168656,43,40,230
1743497478.204656,-22,-3,148
1743497478.239656,31,48,-13
1743497478.275656,21,-35,132
1743497478.310656,47,35,-15
1743497478.3456562,-47,-67,166
1743497478.380656,-35,-69,116
1743497478.416656,30,14,-23
1743497478.452656,-10,-51,312
1743497478.487656,15,-41,208
1743497478.523656,13,8,38
1743497478.558656,-76,-59,134
1743497478.593656,-22,-25,88
1743497478.628656,-12,-33,98
1743497478.6646562,41,-17,216
1743497478.700656,-52,-17,136
1743497478.735656,-14,28,146
1743497478.771656,1,4,38
1743497478.806656,-38,-75,158
1743497478.841656,15,-25,42
1743497478.876656,-23,-27,184
1743497478.912656,-17,36,68
1743497478.948656,-15,28,190
1743497478.9836562,13,-21,96
1743497479.019656,-4,47,206
1743497479.054656,-38,-12,204
1743497479.089656,99,91,72
1743497479.124656,7,45,52
1743497479.160656,-34,55,144
1743497479.196656,-48,0,92
1743497479.231656,1,-12,-23
1743497479.267656,23,9,72
1743497479.302656,20,25,178
1743497479.337656,52,-16,134
1743497479.372656,44,33,106
1743497479.408656,-27,9,-29
1743497479.444656,16,-26,104
1743497479.479656,112,51,168
1743497479.515656,86,-14,114
1743497479.550656,-15,-58,212
1743497479.5856562,100,-72,138
1743497479.620656,-41,-18,92
1743497479.656656,-24,41,4
1743497479.692656,-3,-42,144
1743497479.727656,-52,-34,139
1743497479.763656,-69,41,194
1743497479.798656,-11,55,93
1743497479.833656,-5,-54,51
1743497479.8686562,28,-36,213
1743497479.9046562,-45,69,51
1743497479.940656,10,-12,93
1743497479.975656,28,43,157
1743497480.011656,26,69,157
1743497480.046656,-7,-8,215
1743497480.081656,54,33,175
1743497480.116656,-83,23,237
1743497480.152656,-41,-54,132
1743497480.188656,24,-60,49
1743497480.223656,-39,-4,99
1743497480.259656,24,17,187
1743497480.294656,-35,45,-22
1743497480.329656,42,35,103
1743497480.364656,27,-48,77
1743497480.400656,-66,29,87
1743497480.436656,-38,-8,177
1743497480.471656,28,-34,127
1743497480.507656,13,61,93
1743497480.542656,-69,35,29
1743497480.577656,98,59,157
1743497480.612656,16,15,53
1743497480.648656,0,13,97
1743497480.684656,-7,15,211
1743497480.719656,18,91,25
1743497480.755656,44,-60,87
1743497480.790656,20,49,-2
1743497480.825656,86,21,169
1743497480.860656,110,-16,167
1743497480.896656,44,11,130
1743497480.932656,18,1,84
1743497480.967656,-15,-32,107
1743497481.003656,-37,79,63
1743497481.038656,78,17,161
1743497481.073656,0,-36,173
1743497481.1086562,-35,-65,165
1743497481.144656,30,-97,245
1743497481.180656,30,34,-30
1743497481.215656,-11,20,91
1743497481.251656,-25,-39,107
1743497481.286656,58,-31,133
1743497481.321656,56,-11,39
1743497481.356656,40,-45,122
1743497481.392656,-7,-59,124
1743497481.428656,24,-6,160
1743497481.463656,-27,-16,174
1743497481.499656,6,-42,124
1743497481.534656,76,-30,134
1743497481.569656,10,0,64
1743497481.604656,24,5,154
1743497481.640656,-11,-48,76
1743497481.676656,34,77,248
1743497481.711656,-27,11,234
1743497481.747656,44,19,80
1743497481.782656,2,0,128
1743497481.817656,0,9,186
1743497481.852656,70,23,106
1743497481.888656,-59,-48,80
1743497481.9246562,58,49,126
1743497481.959656,22,-20,54
1743497481.995656,23,-10,38
1743497482.030656,23,17,204
1743497482.065656,-100,-6,68
1743497482.101656,38,13,140
1743497482.136656,-21,15,184
1743497482.172656,-57,-2,164
1743497482.207656,0,3,104
1743497482.2436562,-57,75,145
1743497482.278656,-5,-2,166
1743497482.313656,-39,9,42
1743497482.349656,-18,13,132
1743497482.384656,-21,-44,142
1743497482.420656,-46,19,110
1743497482.455656,26,15,242
1743497482.491656,-5,53,142
1743497482.5266562,-56,-22,168
1743497482.561656,12,51,182
1743497482.597656,0,-14,98
1743497482.632656,-39,21,134
1743497482.668656,5,-24,226
1743497482.703656,-2,99,128
1743497482.739656,17,-26,236
1743497482.774656,-52,-18,144
1743497482.809656,-2,-2,138
1743497482.8456562,58,41,154
1743497482.880656,-13,25,64
1743497482.916656,-15,-16,38
1743497482.951656,-81,65,94
1743497482.987656,75,29,39
1743497483.022656,35,-46,119
1743497483.057656,11,-6,143
1743497483.093656,-12,-60,75
1743497483.128656,-77,17,173
1743497483.1646562,-28,-16,163
1743497483.199656,-24,19,41
1743497483.235656,-2,-4,137
1743497483.270656,-4,35,185
1743497483.305656,-22,-52,49
1743497483.341656,21,-32,165
1743497483.376656,19,-4,51
1743497483.412656,-30,48,51
1743497483.454656,23,-29,11
1743497483.491656,-18,8,159
1743497483.5266562,41,56,155
1743497483.561656,-4,-1,183
1743497483.597656,17,-30,185
1743497483.632656,7,-44,129
1743497483.668656,-14,-4,189
1743497483.703656,73,57,203
1743497483.739656,-50,-37,161
1743497483.774656,67,-35,181
1743497483.809656,-10,-47,107
1743497483.8456562,35,-29,31
1743497483.880656,21,-21,139
1743497483.916656,-40,60,191
1743497483.951656,65,40,121
1743497483.987656,-16,44,71
1743497484.022656,-38,-97,113
1743497484.057656,5,-31,179
1743497484.093656,31,18,93
1743497484.128656,-22,-5,239
1743497484.1646562,-26,-37,93
1743497484.199656,-24,52,23
1743497484.235656,61,-49,189
1743497484.270656,43,22,129
1743497484.305656,9,-17,107
1743497484.341656,-4,-15,141
1743497484.376656,69,50,35
1743497484.412656,19,-57,157
1743497484.4476562,-28,-5,89
1743497484.4836562,7,4,117
1743497484.518656,9,86,101
1743497484.553656,-54,18,47
1743497484.589656,5,-89,117
1743497484.624656,43,-13,85
1743497484.660656,-60,6,115
1743497484.695656,-16,4,269
1743497484.731656,-14,-65,137
1743497484.7666562,-46,-13,175
1743497484.801656,-62,-19,201
1743497484.837656,-56,4,17
1743497484.872656,13,-33,39
1743497484.908656,-4,-53,67
1743497484.943656,-34,-69,71
1743497484.979656,-86,-103,123
1743497485.014656,41,58,129
1743497485.0496562,31,26,131
1743497485.0856562,33,62,97
1743497485.120656,-20,-29,19
1743497485.156656,83,30,277
1743497485.191656,47,14,187
1743497485.227656,-12,0,-6
1743497485.262656,3,-41,151
1743497485.297656,3,69,9
1743497485.333656,-23,-39,141
1743497485.3686562,9,-73,-14
1743497485.4046562,-35,31,61
1743497485.439656,19,-18,107
1743497485.475656,12,49,199
1743497485.511656,18,-54,137
1743497485.547656,42,31,91
1743497485.583656,56,39,247
1743497485.619656,-97,47,85
1743497485.655656,-61,27,87
1743497485.690656,-17,-62,129
1743497485.725656,-68,28,85
1743497485.761656,41,-15,31
1743497485.797656,4,-26,143
1743497485.832656,31,-51,79
1743497485.8686562,40,-59,87
1743497485.903656,-29,56,63
1743497485.938656,22,-63,155
1743497485.973656,6,0,247
1743497486.009656,4,14,161
1743497486.045656,-59,54,131
1743497486.080656,6,-33,83
1743497486.116656,-31,34,159
1743497486.1516562,-27,-9,211
1743497486.186656,26,-7,101
1743497486.221656,28,-1,143
1743497486.257656,112,18,211
1743497486.293656,-43,12,191
1743497486.328656,28,42,91
1743497486.364656,26,64,198
1743497486.399656,6,34,176
1743497486.434656,12,36,152
1743497486.469656,-69,20,58
1743497486.505656,-39,-15,46
1743497486.541656,-5,-11,-55
1743497486.576656,-71,8,114
1743497486.612656,78,-7,166
1743497486.647656,52,34,136
1743497486.682656,2,6,156
1743497486.717656,34,26,150
1743497486.753656,20,70,246
1743497486.7896562,10,8,112
1743497486.824656,-75,26,64
1743497486.860656,30,20,192
1743497486.895656,-39,36,156
1743497486.930656,36,64,208
1743497486.965656,-23,-3,62
1743497487.001656,0,16,168
1743497487.037656,-23,54,174
1743497487.0726562,16,48,40
1743497487.1086562,-55,66,120
1743497487.143656,-73,-11,90
1743497487.178656,-9,-43,166
1743497487.213656,20,-35,114
1743497487.249656,-33,-3,142
1743497487.285656,64,-9,238
1743497487.320656,6,-33,38
1743497487.356656,-47,96,64
1743497487.3916562,-39,16,184
1743497487.426656,-19,32,-9
1743497487.461656,-41,16,134
1743497487.497656,22,22,94
1743497487.533656,8,6,36
1743497487.568656,42,46,160
1743497487.604656,-45,74,220
1743497487.639656,-15,12,92
1743497487.6746562,44,28,110
1743497487.709656,-41,-1,56
1743497487.745656,28,24,92
1743497487.781656,-65,48,142
1743497487.816656,-15,6,122
1743497487.852656,2,-33,170
1743497487.887656,-73,-9,122
1743497487.922656,8,-53,158
1743497487.957656,-35,-33,106
1743497487.9936562,-15,0,132
1743497488.0296562,-7,38,162
1743497488.064656,-13,-13,230
1743497488.100656,6,14,202
1743497488.135656,4,-33,146
1743497488.170656,-7,4,176
1743497488.205656,-19,-41,168
1743497488.241656,30,0,136
1743497488.277656,-29,14,116
1743497488.3126562,-35,-33,230
1743497488.348656,-9,24,64
1743497488.383656,-63,52,244
1743497488.418656,-25,38,138
1743497488.453656,34,-39,92
1743497488.489656,64,-45,94
1743497488.525656,28,-41,262
1743497488.560656,-33,71,64
1743497488.596656,-27,-50,164
1743497488.6316562,-55,52,212
1743497488.666656,44,18,152
1743497488.701656,43,4,102
1743497488.737656,43,-19,182
1743497488.773656,-6,84,54
1743497488.808656,-8,-45,24
1743497488.844656,-44,-29,268
1743497488.879656,67,1,82
1743497488.9146562,65,-61,94
1743497488.949656,11,0,104
1743497488.985656,53,3,126
1743497489.021656,55,1,164
1743497489.056656,51,8,104
1743497489.092656,11,14,60
1743497489.127656,69,17,174
1743497489.162656,-38,-49,178
1743497489.1976562,30,34,144
1743497489.2336562,28,-109,108
1743497489.269656,-3,-61,134
1743497489.304656,72,-39,238
1743497489.340656,-58,52,228
1743497489.375656,-54,-45,178
1743497489.410656,26,-31,94
1743497489.445656,-90,-31,244
1743497489.481656,-44,38,142
1743497489.517656,15,-49,64
1743497489.552656,81,-73,52
1743497489.588656,31,-71,96
1743497489.623656,39,18,118
1743497489.658656,15,56,330
1743497489.693656,27,30,74
1743497489.729656,77,-27,150
1743497489.765656,7,-9,186
1743497489.800656,-30,-45,160
1743497489.836656,-58,58,58
1743497489.871656,-70,62,210
1743497489.906656,-6,30,154
1743497489.941656,29,-105,146
1743497489.977656,-4,-21,151
1743497490.013656,-20,4,271
1743497490.048656,-76,34,157
1743497490.084656,5,13,159
1743497490.119656,-10,-22,235
1743497490.1546562,-8,-4,87
1743497490.189656,47,9,185
1743497490.225656,-48,-59,165
1743497490.261656,19,50,-2
1743497490.296656,-44,-47,103
1743497490.332656,35,-28,127
1743497490.367656,31,8,-18
1743497490.402656,-104,-65,37
1743497490.4376562,-40,-39,217
1743497490.473656,3,14,163
1743497490.509656,55,10,93
1743497490.544656,-28,-62,161
1743497490.580656,47,17,149
1743497490.615656,23,-74,111
1743497490.650656,-62,5,179
1743497490.685656,17,-74,57
1743497490.721656,-30,-4,53
1743497490.757656,-60,-94,119
1743497490.792656,-16,-31,63
1743497490.828656,-12,2,185
1743497490.863656,-18,-75,75
1743497490.898656,-48,8,141
1743497490.933656,65,-9,103
1743497490.969656,37,-27,303
1743497491.005656,37,40,147
1743497491.040656,-20,-19,181
1743497491.076656,-58,18,107
1743497491.111656,-52,6,95
1743497491.146656,-48,14,101
1743497491.181656,-84,15,221
1743497491.217656,-56,67,121
1743497491.253656,13,-50,93
1743497491.288656,17,31,133
1743497491.324656,15,31,115
1743497491.359656,-54,73,137
1743497491.394656,37,19,163
1743497491.430656,-74,39,121
1743497491.465656,-2,-48,175
1743497491.501656,5,1,159
1743497491.536656,29,-30,109
1743497491.5726562,5,15,55
1743497491.607656,31,-40,107
1743497491.642656,71,18,259
1743497491.678656,26,66,23
1743497491.713656,6,-51,249
1743497491.749656,4,-59,115
1743497491.784656,52,18,129
1743497491.820656,-41,-21,147
1743497491.855656,-3,-41,159
1743497491.890656,6,-19,165
1743497491.926656,18,-73,41
1743497491.961656,-37,-57,149
1743497491.997656,16,-13,123
1743497492.032656,40,-51,77
1743497492.068656,-51,-31,13
1743497492.103656,-9,-21,159
1743497492.138656,28,-13,199
1743497492.1746562,36,36,121
1743497492.209656,88,38,155
1743497492.245656,-27,-57,71
1743497492.280656,10,26,175
1743497492.316656,-5,-7,103
1743497492.351656,8,-59,85
1743497492.386656,40,-53,225
1743497492.422656,2,-61,43
1743497492.457656,-63,34,213
1743497492.4936562,-40,10,171
1743497492.528656,79,28,101
1743497492.564656,-50,0,93
1743497492.599656,-98,-51,121
1743497492.634656,3,-77,-20
1743497492.670656,29,-7,163
1743497492.705656,43,-13,165
1743497492.741656,-64,16,149
1743497492.7766562,-48,24,153
1743497492.8126562,14,-13,185
1743497492.847656,3,-51,23
1743497492.882656,-6,-41,37
1743497492.918656,29,-77,159
1743497492.953656,1,-63,247
1743497492.989656,31,28,257
1743497493.024656,15,20,129
1743497493.060656,59,-23,129
1743497493.0956562,-36,-29,31
1743497493.130656,67,32,199
1743497493.166656,7,-65,221
1743497493.201656,-36,0,95
1743497493.237656,-42,-59,173
1743497493.272656,5,-75,89
1743497493.308656,-66,4,127
1743497493.343656,49,-21,217
1743497493.378656,31,-21,87
1743497493.4146562,1,-27,209
1743497493.456656,-18,6,193
1743497493.4936562,-54,-39,117
1743497493.528656,-86,12,109
1743497493.564656,-22,-19,85
1743497493.599656,-48,32,106
1743497493.634656,-130,-51,12
1743497493.670656,102,24,100
1743497493.705656,-51,46,162
1743497493.741656,-1,-25,128
1743497493.7766562,22,7,130
1743497493.8126562,18,-72,76
1743497493.847656,42,-30,180
1743497493.882656,32,-8,82
1743497493.918656,50,-10,104
1743497493.953656,-9,59,58
1743497493.989656,30,-34,46
1743497494.024656,-55,-44,198
1743497494.060656,14,-8,86
1743497494.0956562,22,-34,128
1743497494.130656,96,-14,190
1743497494.166656,6,-34,116
1743497494.201656,0,-26,212
1743497494.237656,14,-18,130
1743497494.272656,-3,-52,-5
1743497494.308656,-29,1,184
1743497494.343656,22,-9,174
1743497494.378656,44,7,142
1743497494.4146562,93,-2,166
1743497494.449656,28,37,66
1743497494.485656,-17,39,30
1743497494.520656,34,-50,216
1743497494.556656,-95,-58,94
1743497494.591656,62,47,96
1743497494.626656,-9,59,68
1743497494.662656,-29,-24,148
1743497494.6976562,-35,44,120
1743497494.7336562,-4,-17,98
1743497494.768656,-14,0,134
1743497494.804656,29,72,214
1743497494.839656,21,2,104
1743497494.874656,19,20,44
1743497494.910656,67,-53,160
1743497494.945656,-44,-21,172
1743497494.981656,-10,12,94
1743497495.0166562,-18,16,260
1743497495.052656,-30,46,206
1743497495.088656,-4,46,124
1743497495.124656,-38,-5,170
1743497495.160656,-14,-7,132
1743497495.195656,49,-11,98
1743497495.230656,33,42,156
1743497495.2666562,-16,-21,158
1743497495.302656,39,6,226
1743497495.337656,-25,-19,130
1743497495.373656,20,-47,-25
1743497495.408656,-89,16,220
1743497495.443656,14,-17,114
1743497495.478656,40,-49,144
1743497495.514656,-1,-33,126
1743497495.550656,-39,-1,128
1743497495.5856562,102,56,332
1743497495.621656,-9,-9,62
1743497495.656656,-9,76,68
1743497495.691656,4,-53,124
1743497495.726656,-39,-27,176
1743497495.762656,-37,14,58
1743497495.798656,20,46,98
1743497495.833656,78,60,182
1743497495.869656,-1,-7,22
1743497495.9046562,-21,-9,158
1743497495.939656,-1,22,126
1743497495.974656,44,126,120
1743497496.010656,128,-65,196
1743497496.046656,-51,2,116
1743497496.081656,-15,-3,146
1743497496.117656,-93,-1,140
1743497496.152656,-17,26,154
1743497496.1876562,-21,-23,144
1743497496.222656,-31,-3,146
1743497496.258656,-11,-31,44
1743497496.294656,90,44,66
1743497496.329656,-49,2,104
1743497496.365656,-1,4,104
1743497496.400656,-15,54,58
1743497496.435656,-39,-7,38
1743497496.4706562,32,20,40
1743497496.5066562,48,0,16
1743497496.542656,12,2,240
1743497496.577656,66,10,114
1743497496.613656,24,22,208
1743497496.648656,-53,-1,176
1743497496.683656,-17,-47,42
1743497496.718656,-9,41,86
1743497496.754656,0,17,236
1743497496.790656,-89,59,162
1743497496.825656,-11,-24,192
1743497496.861656,-67,41,126
1743497496.896656,10,15,136
1743497496.931656,-59,-50,128
1743497496.966656,2,-22,140
1743497497.002656,24,-68,132
1743497497.038656,-1,-18,82
1743497497.073656,-19,41,240
1743497497.109656,2,19,148
1743497497.144656,-33,25,64
1743497497.179656,-59,65,128
1743497497.214656,-19,10,112
1743497497.250656,38,-27,166
1743497497.286656,-61,43,126
1743497497.321656,6,41,152
1743497497.357656,62,-14,160
1743497497.392656,60,11,74
1743497497.427656,-45,-8,140
1743497497.462656,34,31,238
1743497497.498656,6,-16,84
1743497497.534656,22,-4,176
1743497497.569656,-25,26,152
1743497497.605656,42,62,40
1743497497.640656,134,54,152
1743497497.675656,-125,-53,266
1743497497.7106562,-29,-69,180
1743497497.746656,66,8,174
1743497497.782656,16,50,132
1743497497.817656,-49,-49,202
1743497497.853656,4,2,140
1743497497.888656,-15,16,218
1743497497.923656,-61,-25,106
1743497497.958656,-13,68,126
1743497497.994656,86,-33,100
1743497498.030656,-29,78,90
1743497498.065656,-21,-37,148
1743497498.101656,-57,10,28
1743497498.136656,8,22,144
1743497498.171656,6,42,144
1743497498.206656,-3,-33,154
1743497498.242656,-1,20,184
1743497498.278656,-25,28,250
1743497498.313656,-39,42,100
1743497498.349656,-51,24,142
1743497498.384656,-47,-17,80
1743497498.419656,2,54,102
1743497498.454656,8,42,202
1743497498.490656,14,8,170
1743497498.5266562,38,12,128
1743497498.561656,32,16,170
1743497498.597656,14,64,72
1743497498.632656,6,-33,-69
1743497498.667656,0,-35,148
1743497498.702656,42,24,214
1743497498.738656,-1,-25,112
1743497498.774656,-3,-59,130
1743497498.809656,-43,-19,36
1743497498.8456562,-11,-49,98
1743497498.880656,50,12,124
1743497498.915656,36,-19,92
1743497498.950656,-13,-9,146
1743497498.986656,62,56,272
1743497499.022656,24,78,156
1743497499.057656,-13,12,158
1743497499.093656,-75,-17,86
1743497499.128656,12,4,172
1743497499.163656,54,-47,152
1743497499.198656,-29,-95,102
1743497499.234656,-17,-1,200
1743497499.270656,16,-23,128
1743497499.305656,50,-9,118
1743497499.341656,-71,-11,122
1743497499.376656,20,8,160
1743497499.411656,82,4,132
1743497499.446656,-31,94,246
1743497499.482656,-49,-3,166
1743497499.518656,-93,-65,80
1743497499.553656,10,-11,196
1743497499.589656,-31,16,108
1743497499.624656,12,-17,160
1743497499.659656,14,-23,176
1743497499.694656,4,-58,86
1743497499.730656,50,35,118
1743497499.7666562,16,18,196
1743497499.801656,6,-24,140
1743497499.837656,50,-9,58
1743497499.872656,-47,-35,118
1743497499.907656,-13,34,130
1743497499.942656,56,14,232
1743497499.978656,-23,-23,122
1743497500.014656,-13,18,150
1743497500.0496562,18,34,116
1743497500.0856562,38,46,56
1743497500.120656,-81,14,166
1743497500.155656,16,32,232
1743497500.190656,-29,66,162
1743497500.226656,38,-53,146
1743497500.262656,-43,34,18
1743497500.297656,-29,22,208
1743497500.333656,24,20,210
1743497500.3686562,-29,-59,128
1743497500.403656,-13,94,180
1743497500.438656,-55,2,54
1743497500.474656,0,48,146
1743497500.510656,62,74,12
1743497500.545656,-29,8,64
1743497500.581656,34,8,38
1743497500.616656,0,-29,152
1743497500.6516562,-1,-21,204
1743497500.686656,38,44,106
1743497500.722656,7,24,146
1743497500.758656,-2,64,186
1743497500.793656,73,16,194
1743497500.829656,67,56,78
1743497500.864656,-62,6,108
1743497500.899656,-2,-43,196
1743497500.934656,58,-43,194
1743497500.9706562,-32,26,68
1743497501.0066562,-8,-41,44
1743497501.041656,-3,16,28
1743497501.077656,6,16,176
1743497501.112656,-33,-3,108
1743497501.147656,-10,-21,60
1743497501.183656,-22,-5,60
1743497501.218656,-56,-17,156
1743497501.254656,-60,44,2
1743497501.2896562,-67,64,126
1743497501.325656,-99,-71,46
1743497501.360656,40,-5,212
1743497501.395656,12,20,174
1743497501.431656,6,16,22
1743497501.466656,4,-45,136
1743497501.502656,46,72,154
1743497501.537656,42,-85,112
1743497501.573656,10,4,130
1743497501.6086562,18,26,132
1743497501.643656,-69,-47,196
1743497501.679656,-57,20,108
1743497501.714656,-39,-39,137
1743497501.750656,34,26,81
1743497501.785656,-61,-7,25
1743497501.821656,-27,-31,141
1743497501.856656,-3,10,174
1743497501.8916562,-65,-11,47
1743497501.927656,-5,-77,139
1743497501.962656,-5,74,115
1743497501.998656,-149,-23,173
1743497502.033656,32,-71,99
1743497502.069656,38,-29,95
1743497502.104656,-129,-31,119
1743497502.139656,66,40,125
1743497502.175656,74,16,75
1743497502.2106562,10,-3,151
1743497502.246656,38,-19,117
1743497502.281656,-37,12,245
1743497502.317656,66,-77,203
1743497502.352656,-71,-19,141
1743497502.387656,-21,-101,113
1743497502.423656,-3,44,141
1743497502.458656,12,-9,241
1743497502.494656,26,108,265
1743497502.5296562,16,44,101
1743497502.565656,20,50,157
1743497502.600656,-21,-95,121
1743497502.635656,-15,-21,89
1743497502.671656,-23,42,159
1743497502.706656,80,12,109
1743497502.742656,60,50,105
1743497502.777656,28,-1,167
1743497502.813656,30,40,103
1743497502.848656,22,-47,105
1743497502.883656,-5,28,47
1743497502.919656,20,-47,257
1743497502.954656,14,-65,67
1743497502.990656,-23,50,39
1743497503.025656,-17,-7,79
1743497503.061656,30,6,171
1743497503.096656,-51,62,123
1743497503.1316562,100,56,145
1743497503.167656,24,40,171
1743497503.202656,-55,-5,21
1743497503.238656,4,34,149
1743497503.273656,-9,-91,129
1743497503.309656,6,-69,177
1743497503.344656,-45,-23,129
1743497503.379656,60,42,101
1743497503.415656,-15,18,187
1743497503.457656,-43,28,259
1743497503.494656,2,-17,92
1743497503.5296562,-5,48,38
1743497503.565656,-15,-115,111
1743497503.600656,10,12,154
1743497503.635656,-105,50,196
1743497503.671656,-63,44,164
1743497503.706656,-7,0,150
1743497503.742656,-91,36,214
1743497503.777656,-23,20,138
1743497503.813656,-7,16,224
1743497503.848656,-25,0,90
1743497503.883656,-53,-19,156
1743497503.919656,-1,16,-27
1743497503.954656,-45,-11,144
1743497503.990656,-13,-37,124
1743497504.025656,100,26,78
1743497504.061656,-81,22,28
1743497504.096656,6,-5,202
1743497504.1316562,-9,70,94
1743497504.167656,28,-25,96
1743497504.202656,-15,-17,132
1743497504.238656,-19,78,120
1743497504.273656,44,-1,152
1743497504.309656,-55,-19,72
1743497504.344656,-15,-39,102
1743497504.379656,-29,68,142
1743497504.415656,0,-3,248
1743497504.450656,-78,-77,246
1743497504.486656,26,-73,84
1743497504.521656,-12,20,208
1743497504.557656,-28,-117,114
1743497504.593656,-10,-87,120
1743497504.628656,-100,-13,150
1743497504.663656,-22,-77,172
1743497504.699656,43,-39,102
1743497504.735656,3,-15,164
1743497504.770656,-36,32,38
1743497504.806656,-48,-5,94
1743497504.841656,-6,26,220
1743497504.876656,-2,54,174
1743497504.911656,71,-23,144
1743497504.9476562,-34,12,234
1743497504.9836562,-40,-49,160
1743497505.018656,26,44,146
1743497505.054656,-12,-31,40
1743497505.089656,-38,-81,112
1743497505.124656,-10,-59,74
1743497505.159656,-61,46,142
1743497505.195656,13,-21,34
1743497505.231656,5,34,138
1743497505.2666562,-16,40,220
1743497505.302656,-12,34,216
1743497505.337656,35,-45,162
1743497505.372656,53,-47,88
1743497505.407656,-42,36,192
1743497505.443656,9,-51,77
1743497505.479656,-34,74,109
1743497505.514656,47,-41,215
1743497505.550656,27,-21,91
1743497505.5856562,-24,38,117
1743497505.620656,-46,-1,13
1743497505.655656,1,-9,209
1743497505.691656,-76,-7,75
1743497505.727656,59,-19,35
1743497505.762656,-56,-21,125
1743497505.798656,-6,14,99
1743497505.833656,34,42,203
1743497505.8686562,2,10,77
1743497505.903656,33,14,39
1743497505.939656,-16,-27,141
1743497505.975656,-44,16,147
1743497506.010656,-10,26,147
1743497506.046656,-28,-27,195
1743497506.081656,-30,-7,81
1743497506.116656,-6,32,185
1743497506.1516562,11,-42,223
1743497506.1876562,59,-11,115
1743497506.223656,-108,6,233
1743497506.258656,-14,-9,21
1743497506.294656,-16,14,173
1743497506.329656,53,14,181
1743497506.364656,-14,-3,79
1743497506.399656,13,-11,101
1743497506.435656,53,-61,121
1743497506.471656,-4,-33,203
1743497506.5066562,13,62,171
1743497506.542656,-50,-33,91
1743497506.577656,31,-11,99
1743497506.612656,39,-3,141
1743497506.647656,19,18,9
1743497506.683656,21,26,257
1743497506.719656,145,-17,231
1743497506.754656,53,-19,173
1743497506.790656,-30,-7,105
1743497506.825656,37,-11,23
1743497506.860656,-28,-19,193
1743497506.895656,-10,-11,161
1743497506.931656,-50,-13,177
1743497506.967656,45,-89,207
1743497507.002656,45,-73,197
1743497507.038656,-10,12,217
1743497507.073656,57,-73,31
1743497507.1086562,-6,4,165
1743497507.143656,25,42,205
1743497507.179656,93,-5,217
1743497507.215656,-40,12,51
1743497507.250656,-18,-67,57
1743497507.286656,0,-59,189
1743497507.321656,86,28,235
1743497507.356656,-40,22,167
1743497507.3916562,86,62,41
1743497507.427656,-4,-27,189
1743497507.463656,5,44,5
1743497507.498656,31,52,151
1743497507.534656,-48,-37,121
1743497507.569656,-8,-19,73
1743497507.604656,3,-1,105
1743497507.639656,19,-79,125
1743497507.675656,91,-31,83
1743497507.711656,-4,36,223
1743497507.746656,13,24,207
1743497507.782656,3,16,59
1743497507.817656,-26,44,143
1743497507.852656,-14,-47,77
1743497507.887656,19,0,29
1743497507.923656,27,26,115
1743497507.959656,11,6,67
1743497507.994656,-30,54,139
1743497508.030656,15,-47,203
1743497508.065656,19,4,121
1743497508.100656,79,-41,119
1743497508.135656,13,72,195
1743497508.171656,39,6,121
1743497508.207656,7,-111,123
1743497508.242656,-18,88,93
1743497508.278656,27,-3,231
1743497508.313656,25,-45,165
1743497508.348656,23,-33,71
1743497508.383656,53,-33,183
1743497508.419656,31,-37,169
1743497508.455656,-26,-53,125
1743497508.490656,-44,26,63
1743497508.5266562,25,-15,109
1743497508.561656,-22,-5,123
1743497508.596656,-47,4,165
1743497508.6316562,-59,40,35
1743497508.667656,36,10,173
1743497508.703656,90,36,129
1743497508.738656,-5,65,77
1743497508.774656,-48,-36,141
1743497508.809656,33,27,87
1743497508.844656,-72,-20,91
1743497508.879656,25,29,113
1743497508.915656,-26,25,221
1743497508.951656,22,-30,131
1743497508.986656,61,-18,97
1743497509.022656,-28,23,167
1743497509.057656,47,-28,149
1743497509.092656,-106,-21,113
1743497509.127656,-48,-14,131
1743497509.163656,47,32,29
1743497509.199656,-9,54,103
1743497509.234656,-63,2,175
1743497509.270656,-7,28,39
1743497509.305656,-5,14,131
1743497509.340656,-17,22,187
1743497509.375656,30,24,89
1743497509.411656,-49,-21,151
1743497509.4476562,-31,-39,167
1743497509.482656,-11,-93,123
1743497509.518656,16,92,195
1743497509.553656,68,36,61
1743497509.588656,-17,-4,93
1743497509.623656,-23,-44,45
1743497509.659656,36,31,113
1743497509.695656,-19,-44,145
1743497509.730656,-33,95,101
1743497509.7666562,-7,-30,149
1743497509.801656,-49,17,149
1743497509.836656,-21,43,193
1743497509.871656,-49,-48,235
1743497509.907656,6,31,107
1743497509.943656,-17,3,211
1743497509.978656,-3,-44,145
1743497510.014656,-5,-20,103
1743497510.0496562,-7,45,145
1743497510.084656,32,19,217
1743497510.119656,12,37,173
1743497510.155656,22,19,167
1743497510.191656,-83,-34,99
1743497510.226656,102,-12,227
1743497510.262656,-5,19,187
1743497510.297656,-19,47,191
1743497510.332656,-5,5,94
1743497510.367656,-75,39,151
1743497510.403656,-61,17,300
1743497510.439656,20,-4,172
1743497510.474656,-41,-72,117
1743497510.510656,-21,101,20
1743497510.545656,-5,27,26
1743497510.580656,-3,-58,24
1743497510.616656,-63,33,158
1743497510.6516562,22,19,154
1743497510.6876562,-51,77,142
1743497510.722656,-5,-4,96
1743497510.758656,-27,-32,80
1743497510.793656,24,91,93
1743497510.828656,16,51,195
1743497510.864656,16,89,186
1743497510.899656,20,-12,68
1743497510.935656,-38,63,-49
1743497510.9706562,-70,-34,88
1743497511.0066562,31,-52,74
1743497511.041656,53,0,144
1743497511.076656,-24,-18,186
1743497511.112656,51,71,162
1743497511.147656,63,-6,86
1743497511.183656,-10,23,54
1743497511.218656,-40,-98,128
1743497511.254656,43,3,160
1743497511.2896562,0,-16,106
1743497511.324656,-88,-10,116
1743497511.360656,45,23,114
1743497511.395656,-4,-46,159
1743497511.431656,-14,-18,177
1743497511.466656,-82,-20,205
1743497511.502656,53,71,85
1743497511.537656,-22,25,173
1743497511.5726562,-22,-32,85
1743497511.6086562,-84,-34,76
1743497511.643656,81,-42,222
1743497511.679656,53,-28,258
1743497511.714656,-38,1,224
1743497511.750656,-8,-10,210
1743497511.785656,-58,63,274
1743497511.820656,-44,3,216
1743497511.856656,21,33,176
1743497511.8916562,61,1,164
1743497511.927656,-28,-68,28
1743497511.962656,-8,-18,-33
1743497511.998656,-48,59,176
1743497512.033656,33,7,170
1743497512.068656,9,-55,0
1743497512.104656,39,-13,154
1743497512.139656,23,14,166
1743497512.175656,-96,-13,118
1743497512.2106562,73,-63,160
1743497512.246656,31,-34,136
1743497512.281656,-97,53,186
1743497512.316656,-5,-26,6
1743497512.352656,-31,62,206
1743497512.387656,8,-50,234
1743497512.423656,16,-15,244
1743497512.458656,6,-32,188
1743497512.494656,52,-44,106
1743497512.5296562,-1,-6,174
1743497512.564656,-21,33,136
1743497512.600656,104,-30,156
1743497512.635656,56,87,148
1743497512.671656,0,-26,4
1743497512.706656,-81,7,260
1743497512.742656,-11,-8,120
1743497512.777656,34,-6,76
1743497512.8126562,-45,-42,242
1743497512.848656,-31,5,82
1743497512.883656,-17,41,28
1743497512.919656,24,-113,96
1743497512.954656,34,34,42
1743497512.990656,38,-51,124
1743497513.025656,-85,37,150
1743497513.060656,22,36,204
1743497513.096656,72,-18,132
1743497513.1316562,-25,-22,140
1743497513.167656,72,52,118
1743497513.202656,-41,-23,130
1743497513.238656,-11,68,30
1743497513.273656,50,-5,186
1743497513.308656,38,26,172
1743497513.344656,68,-15,160
1743497513.379656,18,24,238
1743497513.415656,114,72,78
1743497513.450656,42,24,118
1743497513.492656,-13,16,150
1743497513.528656,46,-19,186
1743497513.564656,-45,28,210
1743497513.600656,50,-43,188
1743497513.635656,-89,16,132
1743497513.671656,26,-29,70
1743497513.706656,-67,78,36
1743497513.742656,-7,-7,208
1743497513.777656,8,28,204
1743497513.8126562,-11,52,204
1743497513.848656,18,2,64
1743497513.883656,42,-23,134
1743497513.919656,-7,34,48
1743497513.954656,-31,8,116
1743497513.990656,2,16,142
1743497514.0266562,12,-23,166
1743497514.061656,48,-3,144
1743497514.096656,34,22,158
1743497514.132656,-7,16,56
1743497514.168656,46,-41,172
1743497514.203656,-45,2,50
1743497514.239656,-31,-9,132
1743497514.274656,34,-71,198
1743497514.309656,-49,10,44
1743497514.344656,-7,24,170
1743497514.380656,-73,14,108
1743497514.416656,54,-3,78
1743497514.451656,18,42,186
1743497514.487656,-47,86,168
1743497514.522656,16,-41,116
1743497514.557656,-27,30,98
1743497514.592656,-45,20,130
1743497514.628656,-31,-83,186
1743497514.6646562,-21,42,124
1743497514.699656,-26,-43,122
1743497514.735656,0,64,44
1743497514.770656,5,-29,178
1743497514.805656,-42,46,192
1743497514.840656,-26,-9,86
1743497514.876656,9,20,168
1743497514.912656,89,0,164
1743497514.9476562,43,20,54
1743497514.9836562,12,88,128
1743497515.018656,-41,-103,90
1743497515.053656,-103,40,190
1743497515.088656,-45,-45,128
1743497515.124656,48,14,116
1743497515.160656,-6,2,68
1743497515.195656,8,-9,34
1743497515.231656,-65,26,124
1743497515.2666562,-1,-3,264
1743497515.301656,34,40,162
1743497515.336656,32,32,-9
1743497515.372656,28,0,202
1743497515.408656,8,28,96
1743497515.443656,30,-3,114
1743497515.479656,8,-67,148
1743497515.514656,2,18,158
1743497515.5496562,10,-13,178
1743497515.584656,-79,46,130
1743497515.620656,-23,8,124
1743497515.656656,19,52,184
1743497515.691656,14,-32,228
1743497515.727656,44,-32,156
1743497515.762656,0,-14,74
1743497515.797656,-29,-20,144
1743497515.832656,-37,-4,78
1743497515.8686562,24,83,24
1743497515.9046562,24,-67,80
1743497515.939656,8,54,102
1743497515.975656,36,-13,82
1743497516.010656,32,-34,44
1743497516.045656,-11,-15,164
1743497516.080656,32,-16,116
1743497516.116656,90,-42,144
1743497516.152656,58,-40,166
1743497516.1876562,4,68,170
1743497516.223656,12,26,152
1743497516.258656,32,-17,132
1743497516.293656,62,70,214
1743497516.328656,6,4,146
1743497516.364656,-5,-19,184
1743497516.400656,8,-59,116
1743497516.435656,24,-35,126
1743497516.471656,36,2,68
1743497516.5066562,50,16,132
1743497516.541656,-69,10,280
1743497516.576656,-51,-77,72
1743497516.612656,-23,104,114
1743497516.648656,10,22,102
1743497516.683656,-1,-29,206
1743497516.719656,4,-67,180
1743497516.754656,40,-21,124
1743497516.7896562,-49,-13,56
1743497516.824656,-15,6,286
1743497516.860656,-67,20,144
1743497516.896656,10,-39,122
1743497516.931656,20,-15,118
1743497516.967656,6,-61,188
1743497517.002656,8,-49,154
1743497517.037656,62,32,86
1743497517.0726562,-9,48,96
1743497517.1086562,-7,22,192
1743497517.144656,6,34,202
1743497517.179656,38,-29,168
1743497517.215656,-3,30,52
1743497517.250656,10,8,160
1743497517.285656,-55,-3,222
1743497517.320656,22,0,192
1743497517.356656,-7,-33,86
1743497517.392656,60,74,190
1743497517.427656,-9,14,218
1743497517.463656,102,-3,80
1743497517.498656,38,2,170
1743497517.533656,-63,-33,190
1743497517.568656,-45,-59,198
1743497517.604656,18,34,126
1743497517.640656,44,46,134
1743497517.675656,56,-41,48
1743497517.711656,-55,-1,64
1743497517.746656,-135,-21,72
1743497517.781656,-5,20,166
1743497517.816656,-9,26,32
1743497517.852656,-7,-13,10
1743497517.888656,74,-41,182
1743497517.923656,-29,22,104
1743497517.959656,48,22,99
1743497517.994656,-29,-23,135
1743497518.0296562,130,-53,44
1743497518.064656,32,-51,196
1743497518.100656,-61,18,137
1743497518.136656,-33,60,171
1743497518.171656,-19,42,0
1743497518.207656,18,48,19
1743497518.242656,134,102,75
1743497518.277656,33,-3,51
1743497518.3126562,19,44,71
1743497518.348656,2,46,57
1743497518.384656,-46,-69,125
1743497518.419656,-6,6,177
1743497518.455656,-7,0,163
1743497518.490656,18,-43,39
1743497518.525656,-35,-89,199
1743497518.560656,-41,-7,177
1743497518.596656,-71,68,177
1743497518.632656,28,66,151
1743497518.667656,26,-33,135
1743497518.703656,47,44,101
1743497518.738656,-112,8,181
1743497518.773656,-24,-103,119
1743497518.808656,-78,60,71
1743497518.844656,-16,46,-22
1743497518.880656,-18,-25,225
1743497518.915656,-6,-77,115
1743497518.951656,93,14,63
1743497518.986656,-22,-83,85
1743497519.021656,33,12,77
1743497519.056656,43,0,-42
1743497519.092656,51,-69,135
1743497519.128656,41,28,129
1743497519.163656,0,26,245
1743497519.199656,-68,14,155
1743497519.234656,5,-9,87
1743497519.269656,27,-63,77
1743497519.304656,-44,72,9
1743497519.340656,13,-57,157
1743497519.376656,67,-31,175
1743497519.411656,-40,68,107
1743497519.4476562,-16,-3,69
1743497519.482656,-16,-31,57
1743497519.517656,-50,-63,137
1743497519.552656,-18,2,161
1743497519.588656,19,60,97
1743497519.624656,-18,88,29
1743497519.659656,15,-11,17
1743497519.695656,-44,-31,61
1743497519.730656,21,14,190
1743497519.765656,35,48,187
1743497519.800656,-40,-1,145
1743497519.836656,-40,-59,180
1743497519.872656,-88,-7,178
1743497519.907656,-21,62,164
1743497519.943656,38,-12,122
1743497519.978656,15,-30,156
1743497520.013656,-18,19,128
1743497520.048656,5,-30,44
1743497520.084656,7,45,222
1743497520.120656,61,11,24
1743497520.155656,-60,-16,166
1743497520.191656,-4,49,82
1743497520.226656,7,-14,284
1743497520.261656,-18,-68,130
1743497520.297656,41,-24,46
1743497520.332656,-49,-66,134
1743497520.3686562,-16,-44,-23
1743497520.403656,24,57,256
1743497520.439656,-70,81,184
1743497520.474656,1,19,160
1743497520.509656,19,17,18
1743497520.545656,-20,0,152
1743497520.580656,15,-14,116
1743497520.616656,61,-24,144
1743497520.6516562,-108,-38,148
1743497520.6876562,-14,-78,228
1743497520.722656,-62,-46,176
1743497520.757656,-46,47,106
1743497520.793656,-96,29,196
1743497520.828656,9,1,180
1743497520.864656,3,25,122
1743497520.899656,21,-22,344
1743497520.935656,-76,21,124
1743497520.9706562,35,-36,124
1743497521.005656,-54,7,120
1743497521.041656,-14,71,108
1743497521.076656,63,-24,138
1743497521.112656,1,39,104
1743497521.147656,-34,1,56
1743497521.183656,3,-16,130
1743497521.218656,-4,-2,124
1743497521.253656,73,15,70
1743497521.2896562,-10,7,96
1743497521.324656,47,3,170
1743497521.360656,-20,23,134
1743497521.395656,19,5,62
1743497521.431656,1,-52,170
1743497521.466656,-40,-6,170
1743497521.501656,-6,-64,134
1743497521.537656,-58,-54,86
1743497521.5726562,43,-20,176
1743497521.6086562,-28,-10,134
1743497521.643656,-12,-88,146
1743497521.679656,-30,-4,164
1743497521.714656,11,-30,148
1743497521.749656,37,-34,78
1743497521.785656,73,29,112
1743497521.820656,69,25,84
1743497521.856656,29,21,248
1743497521.8916562,-14,-2,162
1743497521.927656,-18,-78,210
1743497521.962656,0,-14,122
1743497521.997656,-62,17,158
1743497522.033656,25,3,36
1743497522.068656,-16,79,102
1743497522.104656,7,-45,104
1743497522.139656,-68,-59,154
1743497522.175656,-30,-75,146
1743497522.2106562,23,-57,164
1743497522.245656,-28,-7,210
1743497522.281656,17,-53,178
1743497522.316656,15,-33,136
1743497522.352656,-70,-33,200
1743497522.387656,-12,36,192
1743497522.423656,-82,-49,28
1743497522.458656,-138,-35,50
1743497522.4936562,-106,-11,110
1743497522.5296562,15,-15,196
1743497522.564656,13,-63,224
1743497522.600656,33,-51,56
1743497522.635656,19,14,58
1743497522.671656,-26,34,100
1743497522.706656,-30,-11,152
1743497522.741656,57,-13,-15
1743497522.777656,-62,-1,96
1743497522.8126562,37,-71,142
1743497522.848656,71,12,126
1743497522.883656,25,-47,52
1743497522.919656,19,-13,212
1743497522.954656,21,-21,104
1743497522.989656,15,-65,122
1743497523.025656,63,-45,114
1743497523.060656,31,-25,188
1743497523.096656,33,0,82
1743497523.1316562,61,26,96
1743497523.167656,-2,24,122
1743497523.202656,-10,16,248
1743497523.237656,23,-17,140
1743497523.273656,21,16,-1
1743497523.308656,45,-17,136
1743497523.344656,43,-16,162
1743497523.379656,23,-58,108
1743497523.415656,-30,65,134
1743497523.450656,-26,39,2
1743497523.485656,7,-43,134
1743497523.528656,17,-15,180
1743497523.564656,-46,-25,98
1743497523.600656,-50,-47,204
1743497523.635656,61,-19,106
1743497523.671656,39,-37,158
1743497523.707656,-8,-49,94
1743497523.7436562,-20,-9,138
1743497523.7796562,7,-5,66
1743497523.814656,-8,-18,114
1743497523.849656,-36,141,112
1743497523.885656,11,5,84
1743497523.921656,-50,-16,208
1743497523.956656,-4,-24,148
1743497523.992656,67,-56,124
1743497524.027656,-22,25,136
1743497524.0626562,27,-2,144
1743497524.097656,53,3,106
1743497524.133656,85,-68,104
1743497524.169656,87,26,224
1743497524.204656,-26,46,216
1743497524.240656,-8,-47,168
1743497524.275656,-42,-25,220
1743497524.310656,47,-11,96
1743497524.3456562,-4,38,140
1743497524.3816562,-110,12,98
1743497524.417656,9,9,56
1743497524.452656,-48,18,224
1743497524.488656,-6,-76,62
1743497524.523656,-14,-33,196
1743497524.558656,-94,0,-27
1743497524.593656,47,-15,258
1743497524.629656,-36,8,214
1743497524.665656,33,-15,214
1743497524.700656,-12,18,104
1743497524.736656,39,-69,38
1743497524.771656,19,-63,70
1743497524.806656,-34,-37,20
1743497524.841656,-18,38,192
1743497524.877656,11,-11,162
1743497524.913656,5,-7,98
1743497524.948656,63,-27,222
1743497524.984656,-4,-43,60
1743497525.019656,-54,8,202
1743497525.054656,3,6,178
1743497525.089656,-2,40,168
1743497525.125656,81,38,-13
1743497525.161656,57,-27,140
1743497525.196656,63,24,210
1743497525.232656,13,58,108
1743497525.267656,61,6,118
1743497525.302656,-4,-21,78
1743497525.337656,-6,2,230
1743497525.373656,-94,-13,130
1743497525.409656,13,144,158
1743497525.444656,-36,16,146
1743497525.480656,-26,26,168
1743497525.515656,-51,-3,202
1743497525.550656,27,-26,46
1743497525.5856562,-66,-17,54
1743497525.621656,39,67,270
1743497525.657656,29,47,48
1743497525.692656,5,-18,130
1743497525.728656,-34,59,210
1743497525.763656,-22,15,136
1743497525.798656,111,-12,-5
1743497525.833656,-28,-26,190
1743497525.869656,-22,-2,128
1743497525.905656,37,-30,216
1743497525.940656,-52,-10,90
1743497525.976656,10,-20,172
1743497526.011656,24,33,236
1743497526.046656,10,35,246
1743497526.081656,-28,-40,136
1743497526.117656,-46,-4,98
1743497526.153656,-68,9,244
1743497526.188656,-38,-28,212
1743497526.224656,-40,77,100
1743497526.259656,17,-6,190
1743497526.294656,-48,9,142
1743497526.329656,3,31,36
1743497526.365656,3,-28,14
1743497526.4016562,0,9,28
1743497526.436656,-36,-38,84
1743497526.472656,-18,1,84
1743497526.507656,15,-54,190
1743497526.542656,-74,11,234
1743497526.577656,57,-56,126
1743497526.613656,9,-80,89
1743497526.649656,27,-170,62
1743497526.684656,41,-28,126
1743497526.7206562,-58,25,60
1743497526.755656,-20,-20,14
1743497526.790656,37,47,174
1743497526.825656,33,-14,113
1743497526.861656,-38,9,128
1743497526.897656,-4,-64,166
1743497526.932656,9,-26,128
1743497526.968656,49,-28,111
1743497527.003656,-8,-6,179
1743497527.038656,33,31,15
1743497527.073656,23,-30,230
1743497527.109656,9,19,180
1743497527.145656,7,-28,110
1743497527.180656,-6,-30,89
1743497527.216656,15,-38,179
1743497527.251656,29,21,191
1743497527.286656,-18,-8,129
1743497527.321656,-28,79,139
1743497527.357656,17,-20,169
1743497527.393656,25,-72,175
1743497527.428656,-52,17,131
1743497527.464656,-18,-64,263
1743497527.499656,0,-36,113
1743497527.534656,59,-43,91
1743497527.569656,75,15,47
1743497527.605656,39,99,133
1743497527.6416562,-76,-58,175
1743497527.676656,23,-67,225
1743497527.712656,-32,0,7
1743497527.747656,25,-13,187
1743497527.782656,69,-6,59
1743497527.817656,5,-2,71
1743497527.853656,27,-10,51
1743497527.889656,-42,61,143
1743497527.9246562,-18,37,159
1743497527.9606562,-86,-50,199
1743497527.995656,-13,-2,203
1743497528.030656,25,4,105
1743497528.065656,-8,44,255
1743497528.101656,87,-20,61
1743497528.137656,16,55,69
1743497528.172656,-66,-55,151
1743497528.208656,-58,-3,87
1743497528.2436562,4,60,19
1743497528.280656,-49,2,235
1743497528.315656,6,6,147
1743497528.350656,-43,38,57
1743497528.385656,30,4,47
1743497528.421656,10,-17,201
1743497528.457656,-26,42,41
1743497528.492656,-4,-19,119
1743497528.528656,-36,-37,143
1743497528.563656,33,-33,131
1743497528.598656,-78,16,171
1743497528.633656,1,10,133
1743497528.669656,-41,42,35
1743497528.705656,31,-51,275
1743497528.740656,-32,29,141
1743497528.7766562,65,13,133
1743497528.811656,-32,58,123
1743497528.846656,-2,69,263
1743497528.8816562,-64,42,21
1743497528.917656,51,-56,141
1743497528.953656,-24,-4,61
1743497528.988656,-2,63,223
1743497529.024656,-19,-20,173
1743497529.059656,-2,-6,59
1743497529.094656,20,0,107
1743497529.129656,74,13,247
1743497529.165656,-5,-2,161
1743497529.201656,-29,-12,137
1743497529.236656,14,-12,145
1743497529.272656,4,53,143
1743497529.307656,-9,-50,93
1743497529.342656,98,35,27
1743497529.377656,-32,-14,87
1743497529.413656,-6,-4,153
1743497529.449656,-44,-13,109
1743497529.484656,-46,1,107
1743497529.520656,-10,-33,95
1743497529.555656,39,40,93
1743497529.590656,-34,-47,103
1743497529.625656,-30,-29,193
1743497529.661656,-19,-23,133
1743497529.6976562,26,38,140
1743497529.732656,-82,44,170
1743497529.768656,39,-55,236
1743497529.803656,51,-13,76
1743497529.838656,-42,48,218
1743497529.874656,7,78,108
1743497529.909656,81,-45,122
1743497529.945656,35,28,155
1743497529.980656,11,20,128
1743497530.0166562,7,64,107
1743497530.051656,67,-15,118
1743497530.086656,-16,36,144
1743497530.122656,29,42,162
1743497530.157656,3,12,174
1743497530.193656,19,20,200
1743497530.228656,15,18,172
1743497530.264656,63,0,128
1743497530.2996562,65,10,54
1743497530.334656,-30,10,78
1743497530.370656,85,36,118
1743497530.405656,45,-17,106
1743497530.441656,79,-19,76
1743497530.476656,-76,18,182
1743497530.512656,19,-74,96
1743497530.547656,-26,-47,72
1743497530.582656,-56,-21,168
1743497530.6186562,3,16,156
1743497530.653656,93,-19,68
1743497530.689656,35,-5,212
1743497530.724656,39,20,150
1743497530.760656,29,-41,130
1743497530.795656,67,-25,164
1743497530.830656,35,-23,184
1743497530.866656,51,-33,-9
1743497530.9016562,-24,22,46
1743497530.9376562,63,-17,258
1743497530.972656,95,-11,120
1743497531.008656,19,80,108
1743497531.043656,49,0,80
1743497531.078656,17,-13,76
1743497531.114656,37,2,220
1743497531.149656,-42,-35,100
1743497531.185656,-27,-21,164
1743497531.2206562,4,80,120
1743497531.2566562,86,-49,86
1743497531.291656,36,58,124
1743497531.326656,-5,-15,184
1743497531.362656,-5,50,274
1743497531.397656,-69,48,158
1743497531.433656,68,-19,140
1743497531.468656,102,-23,196
1743497531.504656,22,-5,74
1743497531.5396562,12,-13,156
1743497531.574656,104,8,88
1743497531.610656,0,-13,194
1743497531.645656,-1,-33,146
1743497531.681656,76,-15,146
1743497531.716656,85,44,84
1743497531.752656,21,36,118
1743497531.787656,-24,26,292
1743497531.8226562,0,-23,200
1743497531.8586562,-77,80,130
1743497531.893656,-55,-39,208
1743497531.929656,-49,-81,12
1743497531.964656,28,24,70
1743497532.000656,69,-31,208
1743497532.035656,-8,64,46
1743497532.070656,-24,-59,136
1743497532.106656,-20,-3,44
1743497532.1416562,-8,-25,148
1743497532.177656,-4,24,66
1743497532.212656,-44,40,-5
1743497532.248656,27,16,188
1743497532.283656,3,44,250
1743497532.318656,19,80,118
1743497532.354656,-46,-73,14
1743497532.389656,-18,56,168
1743497532.425656,-42,14,66
1743497532.4606562,3,-29,154
1743497532.496656,-28,-13,-9
1743497532.531656,11,10,64
1743497532.566656,-6,-17,42
1743497532.602656,37,40,70
1743497532.637656,19,-47,140
1743497532.673656,29,-13,202
1743497532.708656,-6,-63,84
1743497532.744656,23,-9,188
1743497532.7796562,-94,50,190
1743497532.814656,-42,-25,6
1743497532.850656,25,26,50
1743497532.885656,-40,12,136
1743497532.921656,0,52,90
1743497532.956656,21,-27,202
1743497532.992656,-8,-15,26
1743497533.027656,5,-13,24
1743497533.0626562,9,25,270
1743497533.098656,-14,73,190
1743497533.133656,85,25,74
1743497533.169656,49,-4,284
1743497533.204656,71,80,140
1743497533.240656,-48,-82,110
1743497533.2766562,-23,2,10
1743497533.311656,-25,34,54
1743497533.346656,-42,-47,170
1743497533.382656,-16,9,64
1743497533.418656,55,-30,6
1743497533.453656,-27,31,172
1743497533.489656,-89,3,216
1743497533.531656,4,-22,72
1743497533.567656,-11,21,18
1743497533.602656,-47,25,88
1743497533.638656,-101,-22,120
1743497533.6746562,10,-2,72
1743497533.709656,18,59,128
1743497533.745656,22,87,66
1743497533.780656,-21,17,22
1743497533.815656,76,49,72
1743497533.850656,-7,39,174
1743497533.886656,10,101,136
1743497533.922656,-33,-20,36
1743497533.957656,20,31,220
1743497533.9936562,-25,-4,66
1743497534.028656,22,23,140
1743497534.063656,0,-30,160
1743497534.098656,66,-34,232
1743497534.134656,14,81,162
1743497534.170656,-11,1,252
1743497534.205656,-71,69,198
1743497534.241656,-31,-48,224
1743497534.2766562,20,-34,84
1743497534.311656,18,19,22
1743497534.346656,-3,17,124
1743497534.382656,46,31,52
1743497534.418656,16,-40,68
1743497534.453656,22,3,50
1743497534.489656,-33,-34,90
1743497534.524656,30,89,78
1743497534.559656,30,45,184
1743497534.594656,84,27,214
1743497534.630656,110,54,-3
1743497534.666656,44,18,212
1743497534.701656,-1,30,76
1743497534.737656,12,-23,166
1743497534.772656,-21,-30,134
1743497534.807656,50,-6,104
1743497534.842656,2,-90,96
1743497534.878656,58,-37,142
1743497534.9146562,-75,32,104
1743497534.949656,-79,-1,128
1743497534.985656,-61,-3,134
1743497535.020656,12,10,126
1743497535.055656,-95,44,-27
1743497535.090656,-41,46,188
1743497535.126656,0,-1,256
1743497535.162656,-52,-33,160
1743497535.1976562,0,12,186
1743497535.2336562,-40,4,12
1743497535.268656,-21,-47,196
1743497535.303656,-50,54,112
1743497535.338656,50,-55,98
1743497535.374656,-62,-79,157
1743497535.410656,-26,2,-22
1743497535.445656,-82,-45,219
1743497535.481656,-4,-81,57
1743497535.5166562,-74,-115,27
1743497535.551656,55,8,231
1743497535.586656,-34,46,175
1743497535.622656,-32,12,252
1743497535.658656,33,24,232
1743497535.693656,29,44,102
1743497535.729656,39,78,97
1743497535.764656,-74,20,104
1743497535.7996562,15,2,140
1743497535.834656,-86,34,74
1743497535.870656,39,60,142
1743497535.906656,15,-7,250
1743497535.941656,77,-63,198
1743497535.977656,-32,-7,110
1743497536.012656,-38,12,142
1743497536.047656,47,-43,86
1743497536.082656,-118,48,136
1743497536.1186562,67,110,134
1743497536.1546562,7,-9,130
1743497536.189656,-16,-50,110
1743497536.225656,21,53,120
1743497536.260656,49,-44,170
1743497536.295656,15,-20,76
1743497536.330656,-52,-98,146
1743497536.366656,-30,-14,132
1743497536.402656,-6,39,-15
1743497536.4376562,5,17,154
1743497536.473656,63,35,180
1743497536.508656,15,-14,150
1743497536.543656,123,11,22
1743497536.578656,-50,23,56
1743497536.614656,-82,31,88
1743497536.650656,-36,-14,176
1743497536.685656,79,35,-5
1743497536.721656,-6,21,78
1743497536.7566562,21,39,121
1743497536.791656,-50,34,9
1743497536.826656,5,-47,221
1743497536.862656,19,-25,74
1743497536.898656,-70,-25,244
1743497536.933656,-58,-25,138
1743497536.969656,-87,-93,165
1743497537.004656,-1,-15,97
1743497537.0396562,12,20,273
1743497537.074656,42,-20,239
1743497537.110656,0,-14,127
1743497537.146656,-17,78,281
1743497537.181656,100,30,117
1743497537.217656,12,-19,187
1743497537.252656,28,60,175
1743497537.287656,50,56,159
1743497537.3226562,-24,10,97
1743497537.3586562,56,4,160
1743497537.394656,1,6,192
1743497537.429656,-10,-17,68
1743497537.465656,39,42,175
1743497537.500656,-40,2,145
1743497537.535656,-22,14,117
1743497537.570656,17,20,201
1743497537.606656,3,-59,191
1743497537.642656,29,-33,-6
1743497537.677656,-26,0,61
1743497537.713656,-4,-5,187
1743497537.748656,-42,54,119
1743497537.783656,-19,-5,28
1743497537.819656,68,-37,143
1743497537.854656,66,-19,7
1743497537.890656,8,2,191
1743497537.925656,-13,58,81
1743497537.961656,120,58,221
1743497537.996656,-55,18,163
1743497538.031656,85,15,127
1743497538.066656,-26,-29,65
1743497538.102656,9,0,105
1743497538.138656,1,-7,55
1743497538.173656,33,34,185
1743497538.209656,-6,-79,139
1743497538.244656,33,-51,47
1743497538.2796562,109,4,83
1743497538.314656,44,40,229
1743497538.350656,80,-19,31
1743497538.386656,78,-21,149
1743497538.421656,16,-35,235
1743497538.457656,-53,-11,191
1743497538.492656,-15,18,101
1743497538.527656,10,43,305
1743497538.5626562,20,-54,185
1743497538.598656,-19,-62,275
1743497538.634656,2,-54,109
1743497538.669656,4,20,173
1743497538.705656,18,14,115
1743497538.740656,-19,25,159
1743497538.775656,-25,2,15
1743497538.810656,4,34,119
1743497538.846656,-23,11,181
1743497538.882656,72,43,63
1743497538.917656,0,25,173
1743497538.953656,72,29,117
1743497538.988656,-29,-21,113
1743497539.023656,-91,4,101
1743497539.058656,-51,2,-46
1743497539.094656,10,32,87
1743497539.130656,34,43,121
1743497539.165656,-61,80,67
1743497539.201656,-59,33,233
1743497539.236656,30,19,119
1743497539.271656,-1,9,77
1743497539.307656,30,-14,221
1743497539.342656,-1,-4,129
1743497539.378656,-19,-8,171
1743497539.413656,-29,53,165
1743497539.449656,-9,-28,101
1743497539.484656,-85,-15,173
1743497539.519656,-61,24,-8
1743497539.555656,2,2,117
1743497539.590656,-55,22,215
1743497539.626656,18,1,173
1743497539.661656,-11,-10,96
1743497539.6976562,14,12,97
1743497539.732656,8,6,155
1743497539.767656,-59,63,119
1743497539.803656,6,-34,105
1743497539.838656,28,1,109
1743497539.874656,-31,3,229
1743497539.909656,32,-44,151
1743497539.945656,35,-16,71
1743497539.980656,-8,41,150
1743497540.015656,-54,-38,124
1743497540.051656,-12,-16,136
1743497540.086656,-16,24,120
1743497540.122656,95,47,156
1743497540.157656,19,-34,150
1743497540.193656,-38,-14,64
1743497540.228656,81,27,60
1743497540.263656,-6,25,154
1743497540.2996562,9,-12,112
1743497540.334656,5,5,150
1743497540.370656,35,15,220
1743497540.405656,23,-13,64
1743497540.441656,57,-44,-1
1743497540.476656,1,-20,-21
1743497540.511656,61,5,204
1743497540.547656,55,-60,164
1743497540.582656,19,-37,94
1743497540.6186562,-2,85,116
1743497540.653656,13,-36,106
1743497540.689656,-13,-88,190
1743497540.724656,-7,58,208
1743497540.759656,32,-69,128
1743497540.795656,-13,74,110
1743497540.830656,-59,6,188
1743497540.866656,20,-39,148
1743497540.9016562,-27,36,70
1743497540.9376562,22,8,168
1743497540.972656,28,-18,106
1743497541.007656,-29,-20,108
1743497541.043656,-9,-8,118
1743497541.078656,-35,51,208
1743497541.114656,-75,-26,138
1743497541.149656,-13,29,118
1743497541.185656,30,-4,58
1743497541.2206562,-7,97,104
1743497541.255656,-53,-88,186
1743497541.291656,-65,9,214
1743497541.326656,28,-98,190
1743497541.362656,-25,17,186
1743497541.397656,-53,75,142
1743497541.433656,-67,75,122
1743497541.468656,-37,21,128
1743497541.503656,-71,5,92
1743497541.5396562,-51,79,244
1743497541.574656,-32,-32,84
1743497541.610656,14,9,218
1743497541.645656,62,41,182
1743497541.681656,50,-52,92
1743497541.716656,-21,-48,116
1743497541.751656,8,-82,108
1743497541.787656,32,-60,32
1743497541.8226562,36,91,128
1743497541.8586562,-13,19,120
1743497541.893656,-73,61,206
1743497541.929656,-19,54,284
1743497541.964656,-17,12,242
1743497541.999656,44,2,50
1743497542.035656,84,-20,114
1743497542.070656,-49,52,110
1743497542.106656,34,-46,106
1743497542.1416562,14,-65,182
1743497542.177656,-9,34,52
1743497542.212656,2,-23,24
1743497542.247656,-31,48,94
1743497542.283656,-9,-15,74
1743497542.318656,-27,10,192
1743497542.354656,-49,22,148
1743497542.389656,-23,-71,236
1743497542.425656,-61,60,38
1743497542.4606562,26,62,98
1743497542.495656,-38,-71,-35
1743497542.531656,-46,6,58
1743497542.566656,8,40,124
1743497542.602656,49,-5,184
1743497542.637656,-6,34,164
1743497542.673656,29,-13,136
1743497542.709656,-50,-57,114
1743497542.745656,-2,-5,132
1743497542.781656,-70,18,18
1743497542.816656,19,8,266
1743497542.851656,65,10,92
1743497542.887656,-5,110,194
1743497542.923656,-25,78,130
1743497542.958656,3,30,232
1743497542.994656,-123,-27,172
1743497543.0296562,94,56,142
1743497543.064656,12,-33,128
1743497543.099656,20,-33,128
1743497543.135656,-91,-61,112
1743497543.171656,80,8,120
1743497543.206656,-5,-51,112
1743497543.242656,-8,-31,172
1743497543.277656,-29,-7,110
1743497543.3126562,-14,-27,124
1743497543.347656,-37,-59,68
1743497543.383656,27,-23,234
1743497543.419656,-13,-39,120
1743497543.454656,20,20,58
1743497543.490656,-41,-33,104
1743497543.532656,28,-51,26
1743497543.568656,86,28,120
1743497543.603656,-33,8,166
1743497543.639656,-75,-27,136
1743497543.675656,-29,6,104
1743497543.7106562,-57,-31,100
1743497543.746656,58,56,222
1743497543.781656,20,30,142
1743497543.816656,-21,-25,136
1743497543.851656,82,-69,166
1743497543.887656,16,-49,184
1743497543.923656,2,-44,116
1743497543.958656,10,-12,164
1743497543.994656,78,37,120
1743497544.0296562,110,-20,154
1743497544.064656,18,-44,-1
1743497544.099656,-47,-20,158
1743497544.135656,0,-13,106
1743497544.171656,56,40,100
1743497544.206656,14,5,146
1743497544.242656,52,-78,190
1743497544.277656,52,-28,74
1743497544.3126562,30,-83,134
1743497544.347656,-15,-27,83
1743497544.383656,2,-19,127
1743497544.419656,84,6,196
1743497544.454656,-33,-53,192
1743497544.490656,-57,16,-19
1743497544.525656,-11,-29,18
1743497544.560656,-17,-39,232
1743497544.5956562,4,9,182
1743497544.6316562,8,3,182
1743497544.667656,34,19,142
1743497544.702656,6,-2,10
1743497544.738656,-21,43,96
1743497544.773656,-13,-16,32
1743497544.808656,32,-52,46
1743497544.843656,46,-10,178
1743497544.879656,0,9,282
1743497544.915656,2,-8,34
1743497544.950656,-15,49,52
1743497544.986656,29,-16,52
1743497545.021656,1,13,40
1743497545.056656,93,25,130
1743497545.091656,5,39,132
1743497545.127656,79,-60,110
1743497545.163656,65,21,106
1743497545.198656,35,13,198
1743497545.234656,45,7,190
1743497545.269656,11,-58,184
1743497545.304656,-24,7,230
1743497545.339656,81,11,222
1743497545.375656,63,-10,42
1743497545.411656,-6,-58,212
1743497545.446656,9,-20,144
1743497545.482656,49,35,172
1743497545.517656,35,25,103
1743497545.552656,0,-12,162
1743497545.587656,58,-4,182
1743497545.623656,28,23,218
1743497545.659656,-53,-74,88
1743497545.694656,18,-16,152
1743497545.730656,-6,5,-7
1743497545.765656,65,-86,188
1743497545.800656,13,-22,102
1743497545.8356562,45,-68,224
1743497545.871656,-10,43,178
1743497545.907656,-46,-46,62
1743497545.942656,29,5,145
1743497545.978656,35,-44,188
1743497546.013656,-2,-58,192
1743497546.048656,25,-6,93
1743497546.083656,23,61,180
1743497546.119656,53,-104,72
1743497546.155656,31,5,146
1743497546.190656,45,43,62
1743497546.226656,-32,-12,78
1743497546.261656,101,-76,156
1743497546.296656,7,-26,176
1743497546.331656,65,-32,48
1743497546.367656,-22,-18,90
1743497546.403656,17,-106,206
1743497546.438656,59,-34,84
1743497546.474656,-52,53,110
1743497546.509656,43,-2,168
1743497546.544656,-42,73,76
1743497546.579656,-42,-14,70
1743497546.615656,-116,85,142
1743497546.6516562,9,23,148
1743497546.686656,-48,-78,216
1743497546.722656,-6,-16,178
1743497546.757656,37,-15,106
1743497546.792656,-48,12,128
1743497546.827656,-4,-67,18
1743497546.863656,-2,-5,142
1743497546.899656,-84,46,204
1743497546.934656,27,32,140
1743497546.9706562,49,-5,134
1743497547.005656,-4,-89,138
1743497547.040656,-22,-59,116
1743497547.075656,-24,11,248
1743497547.111656,-22,37,150
1743497547.147656,12,-120,94
1743497547.182656,-37,21,116
1743497547.218656,-47,-70,140
1743497547.253656,-21,7,24
1743497547.288656,-9,11,206
1743497547.323656,46,35,98
1743497547.359656,-63,-46,100
1743497547.395656,-59,3,52
1743497547.430656,-9,-50,126
1743497547.466656,68,-12,230
1743497547.501656,-45,48,76
1743497547.536656,0,51,156
1743497547.571656,12,15,212
1743497547.607656,-3,-54,146
1743497547.643656,74,-58,154
1743497547.678656,-75,19,187
1743497547.714656,-15,-34,203
1743497547.749656,-13,51,171
1743497547.784656,42,19,11
1743497547.819656,12,5,157
1743497547.855656,-27,11,117
1743497547.8916562,44,55,194
1743497547.926656,116,-36,40
1743497547.962656,2,15,180
1743497547.997656,38,47,168
1743497548.032656,-53,29,204
1743497548.068656,2,15,203
1743497548.103656,-31,-108,207
1743497548.139656,12,-52,161
1743497548.1746562,32,-14,125
1743497548.2106562,-87,-14,197
1743497548.245656,8,75,77
1743497548.280656,4,-24,179
1743497548.315656,42,-22,155
1743497548.351656,-7,-64,89
1743497548.387656,18,47,161
1743497548.422656,10,-32,-40
1743497548.458656,16,31,125
1743497548.4936562,-39,-6,229
1743497548.528656,-77,13,-10
1743497548.563656,-47,-18,193
1743497548.599656,-55,-14,103
1743497548.635656,50,-2,21
1743497548.670656,78,-8,85
1743497548.706656,14,61,161
1743497548.741656,52,35,225
1743497548.7766562,10,7,249
1743497548.8126562,-9,-18,67
1743497548.847656,-9,-24,107
1743497548.883656,-3,57,129
1743497548.918656,18,-58,49
1743497548.954656,2,-2,21
1743497548.989656,-1,3,63
1743497549.024656,-1,61,-8
1743497549.060656,8,15,111
1743497549.0956562,36,-10,179
1743497549.1316562,18,29,99
1743497549.166656,-9,-20,131
1743497549.202656,-20,37,99
1743497549.237656,-27,51,57
1743497549.272656,70,0,211
1743497549.308656,-31,-47,115
1743497549.343656,52,-1,249
1743497549.379656,44,42,79
1743497549.4146562,-3,-45,85
1743497549.450656,42,56,139
1743497549.485656,68,-73,195
1743497549.520656,-11,4,95
1743497549.556656,-53,-35,301
1743497549.591656,38,-131,169
1743497549.627656,62,-21,191
1743497549.662656,-11,-19,141
1743497549.698656,46,-105,241
1743497549.7336562,-29,26,39
1743497549.768656,-2,48,111
1743497549.804656,-3,-37,181
1743497549.839656,-57,76,235
1743497549.875656,-71,20,167
1743497549.910656,-19,72,49
1743497549.946656,-83,28,21
1743497549.981656,-25,20,61
1743497550.0166562,51,-19,151
1743497550.052656,-2,-7,118
1743497550.087656,-64,-69,27
1743497550.123656,27,6,135
1743497550.158656,-36,39,214
1743497550.194656,1,-14,120
1743497550.229656,57,69,94
1743497550.264656,25,-2,168
1743497550.300656,-12,-74,87
1743497550.3356562,-12,-10,173
1743497550.371656,15,15,-38
1743497550.406656,17,-28,133
1743497550.442656,29,61,69
1743497550.477656,29,43,153
1743497550.512656,-32,-26,199
1743497550.548656,-28,11,102
1743497550.583656,-40,19,166
1743497550.619656,41,7,166
1743497550.6546562,19,-34,123
1743497550.690656,-38,-32,80
1743497550.725656,7,-34,174
1743497550.760656,-16,-44,183
1743497550.796656,39,-14,325
1743497550.831656,81,-14,219
1743497550.867656,-10,9,175
1743497550.902656,-54,25,45
1743497550.938656,53,11,96
1743497550.973656,51,23,45
1743497551.008656,81,-48,187
1743497551.044656,-2,-38,119
1743497551.079656,-58,-20,111
1743497551.115656,17,0,95
1743497551.150656,-48,38,151
1743497551.186656,7,-59,115
1743497551.221656,43,63,166
1743497551.2566562,49,-18,142
1743497551.292656,0,-10,180
1743497551.327656,13,-14,150
1743497551.363656,-30,-22,190
1743497551.398656,31,-2,120
1743497551.434656,7,25,266
1743497551.469656,46,13,164
1743497551.504656,-38,-16,56
1743497551.540656,74,9,124
1743497551.575656,-48,-40,194
1743497551.611656,48,67,116
1743497551.646656,-16,34,80
1743497551.682656,31,32,68
1743497551.717656,-32,-37,150
1743497551.752656,37,44,150
1743497551.788656,-2,2,106
1743497551.823656,-50,100,160
1743497551.859656,-132,20,200
1743497551.894656,17,46,268
1743497551.930656,-32,0,182
1743497551.965656,55,-7,140
1743497552.000656,5,26,38
1743497552.036656,-26,12,-37
1743497552.071656,19,-23,170
1743497552.107656,21,-11,36
1743497552.142656,-60,24,94
1743497552.178656,-28,24,198
1743497552.214656,37,-57,150
1743497552.250656,-8,14,144
1743497552.286656,-18,54,88
1743497552.3226562,15,-13,92
1743497552.3586562,-96,-29,162
1743497552.393656,1,-33,66
1743497552.428656,-40,-15,58
1743497552.464656,77,-34,44
1743497552.500656,-71,-70,252
1743497552.535656,-9,7,196
1743497552.571656,-17,-10,50
1743497552.606656,-43,-24,80
1743497552.6416562,-83,-76,162
1743497552.676656,18,17,118
1743497552.712656,-15,-4,50
1743497552.748656,-35,13,164
1743497552.783656,-43,-6,188
1743497552.819656,138,47,218
1743497552.854656,60,41,246
1743497552.889656,-7,-8,116
1743497552.9246562,-19,51,174
1743497552.9606562,-23,7,104
1743497552.996656,26,-46,136
1743497553.031656,24,39,88
1743497553.067656,-29,15,74
1743497553.102656,-57,25,44
1743497553.137656,-75,-36,148
1743497553.172656,4,5,64
1743497553.208656,64,-70,132
1743497553.244656,38,-6,154
1743497553.2796562,64,-4,58
1743497553.315656,46,21,130
1743497553.350656,-25,-36,118
1743497553.385656,34,7,116
1743497553.420656,-41,-26,138
1743497553.456656,50,61,130
1743497553.492656,1,55,104
1743497553.534656,-46,-40,184
1743497553.571656,38,45,167
1743497553.606656,14,21,175
1743497553.6416562,24,-65,87
1743497553.676656,-11,-104,167
1743497553.712656,-73,-66,173
1743497553.748656,13,73,37
1743497553.783656,-52,-18,11
1743497553.819656,-22,-2,253
1743497553.854656,-22,-76,33
1743497553.889656,71,31,151
1743497553.9246562,97,51,83
1743497553.9606562,-16,-42,101
1743497553.996656,61,-42,177
1743497554.031656,-76,-52,187
1743497554.067656,25,22,67
1743497554.102656,-6,25,131
1743497554.137656,73,12,197
1743497554.172656,19,4,45
1743497554.208656,-46,-7,123
1743497554.244656,37,-41,117
1743497554.2796562,-32,-17,63
1743497554.315656,-88,-13,77
1743497554.350656,-24,-23,309
1743497554.385656,129,8,17
1743497554.420656,31,-5,1
1743497554.456656,79,-21,43
1743497554.492656,27,40,177
1743497554.527656,67,43,99
1743497554.563656,23,-11,93
1743497554.598656,-21,14,93
1743497554.633656,-56,28,175
1743497554.668656,30,-5,193
1743497554.704656,-17,-19,117
1743497554.740656,59,10,49
1743497554.775656,-112,18,169
1743497554.811656,43,8,113
1743497554.846656,-12,-84,153
1743497554.8816562,-12,-56,167
1743497554.916656,55,-42,113
1743497554.952656,-18,19,137
1743497554.988656,19,1,173
1743497555.023656,55,-66,153
1743497555.059656,-28,7,187
1743497555.094656,37,0,157
1743497555.129656,-18,39,185
1743497555.1646562,23,3,157
1743497555.200656,25,-18,233
1743497555.236656,-4,11,85
1743497555.271656,-14,24,143
1743497555.307656,15,-1,101
1743497555.342656,59,28,207
1743497555.377656,-10,-57,115
1743497555.412656,-10,8,93
1743497555.448656,19,36,139
1743497555.484656,-70,52,21
1743497555.519656,0,3,151
1743497555.555656,-15,-16,127
1743497555.590656,84,27,123
1743497555.625656,118,1,69
1743497555.660656,-63,13,83
1743497555.696656,-19,68,145
1743497555.732656,-21,12,201
1743497555.767656,-33,6,81
1743497555.803656,-43,-57,167
1743497555.838656,-27,16,95
1743497555.873656,32,-7,37
1743497555.908656,-41,-13,139
1743497555.944656,59,-43,153
1743497555.980656,12,48,125
1743497556.015656,19,40,55
1743497556.051656,-26,-1,77
1743497556.086656,-8,4,169
1743497556.121656,3,-21,137
1743497556.156656,43,-13,153
1743497556.192656,-9,-25,195
1743497556.228656,23,-77,165
1743497556.263656,-17,-25,79
1743497556.2996562,55,12,175
1743497556.334656,-5,-30,175
1743497556.369656,-43,-1,185
1743497556.4046562,-9,-23,-4
1743497556.440656,-104,-1,1
1743497556.476656,13,6,71
1743497556.511656,31,30,105
1743497556.547656,8,-49,135
1743497556.582656,-32,2,143
1743497556.617656,81,32,223
1743497556.652656,65,-13,93
1743497556.688656,-8,8,261
1743497556.724656,8,106,165
1743497556.759656,12,-59,161
1743497556.795656,-3,-25,157
1743497556.830656,84,-87,111
1743497556.865656,64,-5,31
1743497556.900656,-55,-39,125
1743497556.936656,-9,0,175
1743497556.972656,-15,2,147
1743497557.007656,-10,28,117
1743497557.043656,16,-61,-20
1743497557.078656,-27,4,45
1743497557.113656,16,30,243
1743497557.148656,56,-37,215
1743497557.184656,0,-31,45
1743497557.2206562,-13,54,224
1743497557.255656,-15,-21,156
1743497557.291656,42,46,62
1743497557.326656,84,-33,166
1743497557.361656,-17,-29,168
1743497557.396656,-30,-3,168
1743497557.432656,-91,-45,144
1743497557.468656,4,28,210
1743497557.503656,-17,0,142
1743497557.5396562,-51,-43,210
1743497557.574656,50,48,84
1743497557.609656,40,-29,114
1743497557.644656,40,-5,108
1743497557.680656,-13,16,28
1743497557.716656,-67,-9,84
1743497557.751656,20,-29,54
1743497557.787656,-25,6,60
1743497557.8226562,-18,20,134
1743497557.857656,3,-5,176
1743497557.892656,-59,6,58
1743497557.928656,10,-15,132
1743497557.964656,-15,22,164
1743497557.999656,-39,-23,214
1743497558.035656,2,-63,114
1743497558.070656,82,72,250
1743497558.105656,-27,56,94
1743497558.140656,-23,82,110
1743497558.176656,16,-3,164
1743497558.212656,106,20,178
1743497558.247656,50,46,126
1743497558.283656,-1,-23,62
1743497558.318656,-23,36,274
1743497558.353656,0,82,160
1743497558.389656,2,-7,154
1743497558.4246562,20,34,182
1743497558.4606562,48,42,30
1743497558.495656,30,10,104
1743497558.531656,-3,-9,132
1743497558.566656,-31,54,82
1743497558.601656,-25,100,184
1743497558.637656,-109,8,236
1743497558.672656,62,2,182
1743497558.708656,-21,8,210
1743497558.7436562,-45,50,230
1743497558.7796562,-7,36,180
1743497558.814656,-11,-41,104
1743497558.849656,-19,-7,122
1743497558.885656,32,38,80
1743497558.920656,-21,-44,56
1743497558.956656,4,41,216
1743497558.991656,32,-42,46
1743497559.027656,46,16,140
1743497559.0626562,-5,-1,88
1743497559.097656,-9,-7,228
1743497559.133656,-25,-23,162
1743497559.168656,-45,-47,114
1743497559.204656,42,-59,170
1743497559.239656,8,24,134
1743497559.275656,-19,-39,184
1743497559.310656,32,12,174
1743497559.3456562,14,32,204
1743497559.3816562,44,6,58
1743497559.416656,60,-10,192
1743497559.452656,-11,-17,52
1743497559.487656,48,30,212
1743497559.523656,-13,42,244
1743497559.558656,10,-5,126
1743497559.593656,-3,-29,100
1743497559.629656,36,35,96
1743497559.6646562,-33,-73,206
1743497559.700656,24,58,118
1743497559.735656,8,26,60
1743497559.771656,-103,-45,126
1743497559.806656,12,-28,134
1743497559.841656,-55,-6,-41
1743497559.877656,-25,-10,52
1743497559.912656,26,41,138
1743497559.948656,-13,-6,182
1743497559.9836562,18,11,62
1743497560.019656,32,-15,110
1743497560.054656,-57,-35,92
1743497560.089656,-45,50,150
1743497560.125656,-22,-18,152
1743497560.160656,12,11,212
1743497560.196656,-48,27,200
1743497560.231656,-4,-36,122
1743497560.267656,-6,45,158
1743497560.303656,25,-36,246
1743497560.339656,-28,45,68
1743497560.374656,40,-50,110
1743497560.409656,-8,41,102
1743497560.445656,-4,-8,132
1743497560.480656,25,-16,-1
1743497560.5166562,26,3,132
1743497560.551656,0,-8,112
1743497560.587656,22,17,164
1743497560.622656,98,5,214
1743497560.657656,36,19,88
1743497560.693656,-21,67,176
1743497560.728656,-41,0,110
1743497560.764656,14,25,232
1743497560.7996562,-53,-102,72
1743497560.8356562,-53,-16,252
1743497560.870656,22,17,136
1743497560.905656,34,-16,150
1743497560.941656,48,-28,240
1743497560.976656,22,39,106
1743497561.012656,-9,-18,154
1743497561.047656,46,67,22
1743497561.083656,-67,51,130
1743497561.1186562,12,75,144
1743497561.153656,-69,57,80
1743497561.189656,18,63,128
1743497561.224656,-3,13,144
1743497561.260656,24,53,180
1743497561.295656,-43,39,128
1743497561.331656,16,7,250
1743497561.366656,-13,31,168
1743497561.4016562,82,-104,126
1743497561.4376562,46,-28,134
1743497561.472656,8,-12,114
1743497561.508656,-21,21,70
1743497561.543656,-67,22,154
1743497561.579656,-85,-3,172
1743497561.614656,68,-32,360
1743497561.649656,-63,-9,102
1743497561.685656,-1,-101,112
1743497561.7206562,-27,69,58
1743497561.7566562,-27,-16,174
1743497561.791656,-11,59,172
1743497561.827656,-89,39,102
1743497561.863656,-31,39,116
1743497561.899656,52,-18,122
1743497561.935656,-3,-98,204
1743497561.9706562,50,1,198
1743497562.005656,-29,-18,128
1743497562.041656,34,1,-9
1743497562.077656,22,-48,78
1743497562.112656,-5,0,104
1743497562.148656,14,-26,84
1743497562.183656,40,-42,228
1743497562.218656,-61,39,110
1743497562.253656,-23,-56,188
1743497562.2896562,-55,-20,168
1743497562.325656,6,-16,214
1743497562.360656,-113,35,115
1743497562.396656,8,-4,85
1743497562.431656,8,63,97
1743497562.466656,-89,-4,101
1743497562.501656,-35,27,227
1743497562.537656,102,-40,151
1743497562.573656,64,29,177
1743497562.6086562,2,-24,209
1743497562.644656,-39,15,79
1743497562.679656,-17,17,195
1743497562.714656,-43,43,131
1743497562.749656,126,17,73
1743497562.785656,-75,39,109
1743497562.821656,-37,63,173
1743497562.856656,-49,11,109
1743497562.892656,10,-12,167
1743497562.927656,30,25,151
1743497562.962656,-15,-20,79
1743497562.997656,-95,13,89
1743497563.033656,-35,-4,173
1743497563.069656,72,81,83
1743497563.104656,20,1,101
1743497563.140656,-11,-58,79
1743497563.175656,-87,-42,185
1743497563.2106562,-55,-16,83
1743497563.245656,-47,-50,239
1743497563.281656,-49,-36,165
1743497563.317656,2,-8,159
1743497563.352656,32,-5,159
1743497563.388656,-39,55,41
1743497563.423656,58,60,25
1743497563.458656,73,-28,257
1743497563.4936562,-3,64,179
1743497563.536656,92,32,173
1743497563.573656,2,72,157
1743497563.6086562,56,-45,56
1743497563.644656,3,8,172
1743497563.679656,23,4,86
1743497563.714656,5,-1,138
1743497563.749656,-10,38,202
1743497563.785656,-64,34,132
1743497563.821656,0,-65,80
1743497563.856656,13,32,260
1743497563.892656,-4,-7,44
1743497563.927656,4,-77,236
1743497563.962656,2,40,34
1743497563.997656,-35,-5,88
1743497564.033656,-81,-11,68
1743497564.069656,-43,-13,125
1743497564.104656,-63,-81,162
1743497564.140656,-31,-33,-30
1743497564.175656,-46,56,165
1743497564.2106562,-11,50,196
1743497564.245656,18,54,60
1743497564.281656,-17,-45,148
1743497564.317656,62,10,131
1743497564.352656,-53,-57,152
1743497564.388656,12,-17,182
1743497564.423656,70,30,120
1743497564.458656,22,56,56
1743497564.4936562,-19,18,172
1743497564.530656,58,-79,190
1743497564.565656,-9,-14,124
1743497564.601656,-54,-10,130
1743497564.637656,-3,68,-5
1743497564.672656,-15,-54,160
1743497564.708656,-28,12,92
1743497564.7436562,-20,44,200
1743497564.778656,33,-51,52
1743497564.813656,-68,-13,110
1743497564.849656,1,12,228
1743497564.885656,-76,-17,-7
1743497564.920656,11,70,36
1743497564.956656,-24,-7,234
1743497564.991656,-2,-13,78
1743497565.0266562,-8,-37,52
1743497565.061656,-22,-5,218
1743497565.097656,35,-25,224
1743497565.133656,-44,20,64
1743497565.168656,15,20,128
1743497565.204656,-12,-26,64
1743497565.239656,43,47,148
1743497565.274656,-40,-6,102
1743497565.309656,19,-30,60
1743497565.3456562,-10,-10,104
1743497565.3816562,37,23,184
1743497565.416656,-78,-24,116
1743497565.452656,-14,-12,250
1743497565.487656,13,9,142
1743497565.522656,33,13,24
1743497565.557656,3,19,136
1743497565.593656,-82,-23,28
1743497565.629656,43,-37,196
1743497565.6646562,-62,-77,232
1743497565.700656,5,54,46
1743497565.735656,-60,-71,198
1743497565.770656,33,48,126
1743497565.805656,25,24,42
1743497565.841656,-48,-35,186
1743497565.877656,57,18,176
1743497565.912656,47,-17,171
1743497565.948656,37,-15,14
1743497565.9836562,33,37,62
1743497566.018656,33,-23,133
1743497566.053656,49,40,308
1743497566.089656,17,20,120
1743497566.125656,-54,2,14
1743497566.160656,-46,-67,44
1743497566.196656,59,40,146
1743497566.231656,51,-23,214
1743497566.2666562,-18,60,7
1743497566.301656,35,-59,173
1743497566.337656,77,-35,149
1743497566.373656,21,30,139
1743497566.408656,-30,-7,204
1743497566.444656,-36,-15,207
1743497566.479656,-44,-17,204
1743497566.514656,35,-63,124
1743497566.5496562,-84,48,-28
1743497566.5856562,109,-20,53
1743497566.621656,57,11,-14
1743497566.656656,61,-76,108
1743497566.692656,-19,-16,130
1743497566.727656,29,17,150
1743497566.762656,-30,-24,158
1743497566.797656,1,-32,210
1743497566.833656,57,55,-11
1743497566.869656,39,-10,180
1743497566.9046562,-32,19,72
1743497566.940656,-56,43,214
1743497566.975656,3,-36,230
1743497567.010656,-36,37,138
1743497567.045656,-8,-31,192
1743497567.081656,25,3,214
1743497567.117656,9,-48,44
1743497567.152656,-64,-22,102
1743497567.188656,23,-14,52
1743497567.223656,43,-59,154
1743497567.258656,-74,30,156
1743497567.293656,-40,29,32
1743497567.329656,-14,-13,76
1743497567.365656,15,-37,154
1743497567.400656,31,82,126
1743497567.436656,0,-1,110
1743497567.471656,-62,46,110
1743497567.5066562,7,30,30
1743497567.541656,41,26,134
1743497567.577656,9,-13,118
1743497567.613656,-14,62,76
1743497567.648656,13,-73,84
1743497567.684656,-96,30,178
1743497567.719656,-34,-17,26
1743497567.754656,27,6,236
1743497567.790656,-18,38,174
1743497567.825656,-12,80,162
1743497567.861656,55,-49,90
1743497567.896656,-2,-35,150
1743497567.932656,-22,12,124
1743497567.967656,-32,-61,168
1743497568.002656,-46,36,76
1743497568.038656,57,44,148
1743497568.073656,11,18,244
1743497568.109656,73,-87,192
1743497568.144656,-9,38,48
1743497568.180656,-77,-55,100
1743497568.215656,-85,40,164
1743497568.250656,-32,-23,184
1743497568.286656,2,-13,136
1743497568.321656,18,-57,150
1743497568.357656,-51,-7,178
1743497568.392656,88,-1,194
1743497568.428656,-43,-71,-55
1743497568.463656,-6,48,274
1743497568.498656,-8,26,26
1743497568.534656,-72,-25,78
1743497568.569656,79,-1,304
1743497568.605656,7,19,114
1743497568.640656,1,-93,186
1743497568.676656,-26,-80,114
1743497568.711656,15,-6,180
1743497568.746656,-32,-10,128
1743497568.782656,41,0,166
1743497568.817656,-58,13,166
1743497568.853656,11,10,166
1743497568.888656,-4,6,94
1743497568.9246562,-44,-68,84
1743497568.959656,77,-62,94
1743497568.994656,3,47,108
1743497569.030656,15,63,174
1743497569.065656,5,-36,72
1743497569.101656,9,11,78
1743497569.136656,-48,-6,278
1743497569.172656,-16,-32,150
1743497569.207656,41,-16,34
1743497569.242656,-60,71,164
1743497569.278656,-32,-64,66
1743497569.313656,-62,17,72
1743497569.349656,-66,-42,119
1743497569.384656,-16,-30,161
1743497569.420656,23,0,175
1743497569.455656,-64,-42,164
1743497569.490656,35,-39,195
1743497569.5266562,-40,-26,129
1743497569.561656,43,3,75
1743497569.597656,37,-33,175
1743497569.632656,83,-14,67
1743497569.668656,-26,-97,160
1743497569.703656,45,22,15
1743497569.738656,9,-30,101
1743497569.774656,27,20,171
1743497569.809656,-18,-59,191
1743497569.8456562,-18,-10,3
1743497569.880656,-2,-32,115
1743497569.916656,11,21,179
1743497569.951656,-24,-34,174
1743497569.986656,13,-34,123
1743497570.022656,11,-59,143
1743497570.057656,-20,-31,97
1743497570.093656,9,6,155
1743497570.128656,-30,-67,57
1743497570.1646562,57,98,87
1743497570.199656,13,-31,171
1743497570.234656,-42,10,143
1743497570.270656,-4,78,111
1743497570.305656,-68,12,55
1743497570.341656,23,4,149
1743497570.376656,-32,-13,115
1743497570.412656,-36,14,225
1743497570.4476562,-22,10,233
1743497570.482656,-22,-49,131
1743497570.518656,-56,32,119
1743497570.553656,25,4,47
1743497570.589656,-58,-73,107
1743497570.624656,15,36,87
1743497570.660656,-92,2,151
1743497570.695656,95,22,267
1743497570.730656,-22,38,7
1743497570.7666562,-26,12,151
1743497570.801656,3,52,135
1743497570.837656,39,36,143
1743497570.872656,-38,-27,125
1743497570.908656,5,-23,187
1743497570.943656,23,-3,65
1743497570.978656,-18,6,25
1743497571.014656,-10,-21,121
1743497571.0496562,47,-7,9
1743497571.0856562,-8,-19,133
1743497571.120656,43,12,45
1743497571.156656,-68,10,229
1743497571.191656,1,32,111
1743497571.226656,-16,24,119
1743497571.262656,25,16,161
1743497571.297656,-32,-7,179
1743497571.333656,-6,57,215
1743497571.3686562,-32,31,93
1743497571.4046562,-28,76,105
1743497571.440656,-60,-16,107
1743497571.475656,-32,1,165
1743497571.510656,-40,0,97
1743497571.546656,39,19,115
1743497571.582656,1,-22,135
1743497571.617656,87,-6,49
1743497571.653656,17,-26,79
1743497571.688656,-38,-12,129
1743497571.723656,-4,-32,11
1743497571.758656,-70,-72,227
1743497571.794656,15,33,237
1743497571.830656,27,-36,91
1743497571.865656,5,-2,221
1743497571.9016562,33,13,131
1743497571.936656,-8,33,43
1743497571.971656,115,-20,35
1743497572.0066562,1,-28,177
1743497572.042656,-2,61,27
1743497572.078656,51,-34,177
1743497572.113656,-18,65,115
1743497572.149656,73,-10,221
1743497572.184656,-28,53,51
1743497572.219656,-30,-42,199
1743497572.254656,7,19,223
1743497572.290656,-82,25,57
1743497572.326656,151,7,197
1743497572.361656,79,45,199
1743497572.397656,43,7,211
1743497572.432656,-10,-23,119
1743497572.467656,-52,18,189
1743497572.502656,89,-39,248
1743497572.538656,-48,-61,10
1743497572.574656,-4,-30,164
1743497572.609656,-24,39,108
1743497572.645656,33,47,182
1743497572.680656,115,-54,-5
1743497572.715656,-4,-20,146
1743497572.750656,33,-40,56
1743497572.786656,15,-27,76
1743497572.8226562,-28,-65,172
1743497572.857656,5,-15,92
1743497572.893656,3,78,132
1743497572.928656,0,21,182
1743497572.963656,55,-50,212
1743497572.998656,69,-106,146
1743497573.034656,51,-24,124
1743497573.070656,-32,-20,182
1743497573.105656,53,-100,116
1743497573.1416562,-66,45,130
1743497573.176656,49,35,88
1743497573.211656,-96,85,100
1743497573.246656,55,17,256
1743497573.282656,29,-30,84
1743497573.318656,-44,23,98
1743497573.353656,35,-42,224
1743497573.389656,67,3,92
1743497573.4246562,7,45,126
1743497573.459656,19,-6,32
1743497573.494656,25,11,90
1743497573.537656,-106,-36,90
1743497573.574656,-4,31,104
1743497573.609656,-84,-58,66
1743497573.645656,-18,-28,156
1743497573.680656,-40,47,290
1743497573.715656,53,1,74
1743497573.750656,9,-22,39
1743497573.786656,17,9,58
1743497573.8226562,105,53,45
1743497573.857656,-64,31,207
1743497573.893656,-22,-10,59
1743497573.928656,-10,25,138
1743497573.963656,69,43,45
1743497573.998656,-47,33,209
1743497574.034656,-44,-52,153
1743497574.070656,27,0,159
1743497574.105656,-20,50,83
1743497574.1416562,-42,-1,139
1743497574.176656,-44,-19,153
1743497574.211656,-40,62,125
1743497574.246656,63,-25,85
1743497574.282656,13,-13,269
1743497574.318656,-98,-89,171
1743497574.353656,-30,22,127
1743497574.389656,-52,-1,183
1743497574.4246562,-12,-37,61
1743497574.459656,5,-67,155
1743497574.494656,83,12,171
1743497574.530656,95,-21,101
1743497574.566656,9,50,141
1743497574.601656,-8,-31,11
1743497574.637656,-100,-75,73
1743497574.672656,115,-23,95
1743497574.707656,33,10,31
1743497574.742656,7,12,129
1743497574.778656,7,2,1
1743497574.814656,-26,6,115
1743497574.849656,-52,34,75
1743497574.885656,9,-17,183
1743497574.920656,-8,18,269
1743497574.955656,-18,68,139
1743497574.990656,19,-29,61
1743497575.0266562,47,-35,185
1743497575.0626562,23,42,137
1743497575.097656,59,6,235
1743497575.133656,-26,33,77
1743497575.168656,33,0,75
1743497575.203656,-3,-10,143
1743497575.238656,-55,7,171
1743497575.274656,68,21,147
1743497575.310656,54,23,117
1743497575.3456562,-75,-30,163
1743497575.3816562,-15,29,285
1743497575.416656,28,63,155
1743497575.451656,18,-38,91
1743497575.486656,-71,-2,75
1743497575.522656,14,13,173
1743497575.558656,-30,41,204
1743497575.593656,35,-44,17
1743497575.629656,43,-54,113
1743497575.6646562,18,23,155
1743497575.699656,-7,25,94
1743497575.734656,-21,-40,14
1743497575.770656,38,59,130
1743497575.806656,126,13,131
1743497575.841656,-37,11,158
1743497575.877656,-76,-102,132
1743497575.912656,-54,-14,62
1743497575.9476562,-48,-34,38
1743497575.982656,-79,57,142
1743497576.018656,158,1,160
1743497576.054656,4,61,122
1743497576.089656,16,-40,198
1743497576.125656,40,67,158
1743497576.160656,10,-18,106
1743497576.195656,56,79,274
1743497576.230656,30,-50,186
1743497576.2666562,112,-40,90
1743497576.302656,-43,53,134
1743497576.337656,-60,-2,188
1743497576.373656,25,-22,152
1743497576.408656,21,-30,132
1743497576.443656,-16,67,198
1743497576.478656,0,-20,170
1743497576.514656,-18,-38,172
1743497576.550656,6,-10,18
1743497576.5856562,-10,-16,224
1743497576.621656,5,-12,160
1743497576.656656,64,69,22
1743497576.691656,-1,3,162
1743497576.726656,-27,43,120
1743497576.762656,-97,35,64
1743497576.798656,-5,35,42
1743497576.833656,-9,-36,44
1743497576.869656,54,-74,110
1743497576.9046562,26,9,130
1743497576.939656,6,0,146
1743497576.974656,-11,1,0
1743497577.010656,-49,-20,98
1743497577.046656,98,-24,220
1743497577.081656,-39,19,108
1743497577.117656,40,1,134
1743497577.152656,-55,-54,182
1743497577.1876562,16,-36,72
1743497577.222656,-21,-84,204
1743497577.258656,32,49,174
1743497577.294656,26,51,78
1743497577.329656,22,9,190
1743497577.365656,-61,-14,246
1743497577.400656,32,-6,140
1743497577.435656,46,0,100
1743497577.471656,6,29,102
1743497577.5066562,-51,75,244
1743497577.542656,-57,7,132
1743497577.577656,26,27,186
1743497577.613656,-15,13,198
1743497577.648656,20,95,236
1743497577.683656,14,-14,110
1743497577.719656,28,19,164
1743497577.754656,7,-54,166
1743497577.790656,9,-32,32
1743497577.825656,3,-10,62
1743497577.861656,31,-12,82
1743497577.896656,17,29,114
1743497577.931656,23,57,204
1743497577.967656,43,3,138
1743497578.002656,39,3,116
1743497578.038656,-20,-4,132
1743497578.073656,-42,9,120
1743497578.109656,31,-12,178
1743497578.144656,-18,-8,74
1743497578.179656,-52,5,176
1743497578.215656,3,-46,-7
1743497578.250656,25,1,144
1743497578.286656,11,-10,98
1743497578.321656,25,32,166
1743497578.357656,-22,17,6
1743497578.392656,25,-74,230
1743497578.427656,59,50,120
1743497578.463656,1,46,192
1743497578.498656,81,-39,255
1743497578.534656,-34,28,193
1743497578.569656,-60,20,129
1743497578.605656,-34,40,113
1743497578.640656,-2,2,83
1743497578.675656,-70,18,259
1743497578.711656,-107,-28,113
1743497578.746656,102,-17,177
1743497578.782656,31,-85,205
1743497578.817656,-12,4,109
1743497578.853656,38,-37,209
1743497578.888656,-51,-13,63
1743497578.923656,-49,38,197
1743497578.959656,4,68,123
1743497578.994656,4,9,57
1743497579.030656,82,-28,251
1743497579.065656,-109,-36,73
1743497579.101656,-19,-56,107
1743497579.136656,22,95,91
1743497579.171656,-5,-6,49
1743497579.207656,-35,27,93
1743497579.242656,26,5,13
1743497579.278656,36,-8,99
1743497579.313656,42,-14,247
1743497579.349656,-59,-60,67
1743497579.384656,-15,-6,139
1743497579.419656,-1,-18,85
1743497579.455656,-17,-76,143
1743497579.490656,8,7,263
1743497579.5266562,-39,-44,147
1743497579.561656,-57,21,19
1743497579.597656,20,-8,216
1743497579.632656,38,31,174
1743497579.667656,18,1,49
1743497579.703656,72,-10,165
1743497579.738656,-19,27,191
1743497579.774656,-17,33,45
1743497579.809656,0,-10,101
1743497579.8456562,74,-48,131
1743497579.880656,58,81,16
1743497579.915656,20,43,154
1743497579.951656,24,-4,21
1743497579.986656,34,41,111
1743497580.022656,38,-38,97
1743497580.057656,46,15,209
1743497580.093656,-29,-16,241
1743497580.128656,-5,51,179
1743497580.163656,-17,3,59
1743497580.199656,16,-2,119
1743497580.234656,-77,-4,133
1743497580.270656,0,-50,63
1743497580.305656,16,19,123
1743497580.341656,-39,3,109
1743497580.376656,-73,-16,189
1743497580.411656,12,29,157
1743497580.4476562,52,21,131
1743497580.482656,24,-62,141
1743497580.518656,54,-20,85
1743497580.553656,6,-12,95
1743497580.589656,-39,-38,175
1743497580.624656,6,-36,21
1743497580.659656,34,5,83
1743497580.695656,-49,-6,145
1743497580.730656,-17,-36,107
1743497580.7666562,2,-18,185
1743497580.801656,54,61,133
1743497580.837656,22,1,81
1743497580.872656,26,43,123
1743497580.907656,16,-86,75
1743497580.943656,100,15,71
1743497580.978656,10,-8,139
1743497581.014656,-55,43,209
1743497581.0496562,-24,15,7
1743497581.084656,11,-42,67
1743497581.119656,36,-16,155
1743497581.155656,-24,39,213
1743497581.191656,-38,1,193
1743497581.226656,-92,-40,235
1743497581.262656,27,-12,57
1743497581.297656,-46,-34,195
1743497581.332656,29,-14,47
1743497581.367656,115,-30,125
1743497581.403656,3,-46,123
1743497581.439656,69,-12,201
1743497581.474656,-44,17,85
1743497581.510656,0,-16,119
1743497581.545656,39,-42,63
1743497581.580656,-74,31,177
1743497581.615656,-35,35,19
1743497581.6516562,-33,23,139
1743497581.6876562,47,-42,103
1743497581.722656,-40,21,141
1743497581.758656,19,-10,189
1743497581.793656,-22,17,79
1743497581.828656,19,-86,147
1743497581.863656,-78,-44,111
1743497581.899656,-38,-24,155
1743497581.935656,-24,-4,69
1743497581.9706562,89,-12,205
1743497582.0066562,-42,-6,85
1743497582.041656,-69,-32,117
1743497582.076656,-3,73,105
1743497582.111656,9,-44,127
1743497582.147656,61,-4,121
1743497582.183656,10,-48,81
1743497582.218656,-37,7,105
1743497582.254656,-42,-42,169
1743497582.2896562,-54,-44,173
1743497582.324656,-56,-34,113
1743497582.359656,50,-6,197
1743497582.395656,-8,67,171
1743497582.431656,-65,-12,143
1743497582.466656,-30,51,179
1743497582.502656,39,29,117
1743497582.537656,-28,41,141
1743497582.5726562,-6,21,235
1743497582.607656,-32,-120,109
1743497582.643656,9,29,39
1743497582.679656,75,45,143
1743497582.714656,27,35,119
1743497582.750656,11,-44,165
1743497582.785656,-2,35,149
1743497582.820656,127,-8,81
1743497582.855656,67,-28,109
1743497582.8916562,-86,-12,155
1743497582.927656,-60,0,63
1743497582.962656,39,23,125
1743497582.998656,63,29,199
1743497583.033656,37,-36,171
1743497583.068656,-20,-18,171
1743497583.103656,-38,-10,153
1743497583.139656,55,9,65
1743497583.175656,57,-2,105
1743497583.2106562,33,41,251
1743497583.246656,11,-74,179
1743497583.281656,77,-22,177
1743497583.316656,-10,39,-1
1743497583.351656,57,-8,166
1743497583.387656,69,-34,226
1743497583.423656,-58,35,96
1743497583.458656,-18,1,216
1743497583.494656,-32,-40,228
1743497583.5296562,-6,79,128
1743497583.571656,-76,6,90
1743497583.607656,-38,18,198
1743497583.643656,33,-12,144
1743497583.679656,-62,-13,186
1743497583.714656,-38,-9,254
1743497583.750656,-28,0,150
1743497583.785656,-6,15,106
1743497583.820656,35,49,212
1743497583.855656,-24,51,174
1743497583.8916562,-20,5,176
1743497583.927656,45,61,128
1743497583.962656,129,-36,210
1743497583.998656,11,-32,192
1743497584.033656,-18,29,172
1743497584.068656,-24,-50,150
1743497584.103656,35,12,80
1743497584.139656,25,6,112
1743497584.175656,19,-51,62
1743497584.2106562,31,22,176
1743497584.246656,-28,0,68
1743497584.281656,103,-31,130
1743497584.316656,97,24,32
1743497584.351656,-26,-1,56
1743497584.387656,7,-53,210
1743497584.423656,1,94,100
1743497584.458656,-44,-37,134
1743497584.494656,-4,11,136
1743497584.5296562,-8,5,58
1743497584.564656,65,-2,108
1743497584.599656,-11,-18,166
1743497584.635656,6,25,54
1743497584.671656,-23,-26,146
1743497584.706656,-8,-57,150
1743497584.742656,11,22,236
1743497584.777656,61,-27,212
1743497584.8126562,-92,-59,210
1743497584.847656,-32,-23,150
1743497584.883656,-78,6,40
1743497584.919656,23,-45,24
1743497584.954656,-30,-33,92
1743497584.990656,21,86,222
1743497585.025656,75,-55,170
1743497585.060656,-42,-63,132
1743497585.0956562,13,-53,248
1743497585.1316562,47,32,218
1743497585.167656,-80,12,304
1743497585.202656,47,-45,70
1743497585.238656,53,20,166
1743497585.273656,-50,24,216
1743497585.308656,7,-35,232
1743497585.343656,13,-15,214
1743497585.379656,-6,10,166
1743497585.415656,-16,76,114
1743497585.450656,9,-75,190
1743497585.486656,-32,-95,100
1743497585.521656,-56,-31,128
1743497585.556656,-62,68,212
1743497585.591656,49,22,124
1743497585.627656,67,-5,98
1743497585.663656,5,-31,30
1743497585.698656,-10,-91,198
1743497585.734656,-88,56,80
1743497585.769656,65,12,128
1743497585.804656,15,-19,176
1743497585.839656,3,52,108
1743497585.875656,-62,36,58
1743497585.911656,5,58,106
1743497585.946656,55,10,84
1743497585.982656,-10,-67,104
1743497586.017656,-10,64,164
1743497586.052656,91,-27,164
1743497586.087656,-34,-9,-19
1743497586.123656,-108,80,92
1743497586.159656,-44,62,180
1743497586.194656,23,28,294
1743497586.230656,21,-25,254
1743497586.265656,35,34,186
1743497586.300656,-18,-33,220
1743497586.3356562,41,-29,108
1743497586.371656,3,-47,94
1743497586.407656,-2,-41,162
1743497586.442656,37,-57,58
1743497586.478656,45,-37,76
1743497586.513656,47,0,128
1743497586.548656,3,34,182
1743497586.583656,-48,90,174
1743497586.619656,-10,-47,160
1743497586.655656,-22,68,152
1743497586.690656,89,-25,260
1743497586.726656,-26,2,106
1743497586.761656,53,0,96
1743497586.796656,15,0,134
1743497586.831656,-2,-17,104
1743497586.867656,-18,20,148
1743497586.903656,-44,-23,138
1743497586.938656,5,66,158
1743497586.974656,69,-5,188
1743497587.009656,45,28,178
1743497587.044656,15,-23,116
1743497587.080656,33,-3,66
1743497587.115656,-20,38,140
1743497587.1516562,-34,-23,218
1743497587.186656,65,24,220
1743497587.222656,15,-4,208
1743497587.257656,-4,-23,136
1743497587.292656,-32,8,198
1743497587.328656,-26,20,74
1743497587.363656,-74,50,82
1743497587.399656,119,-27,144
1743497587.434656,-26,38,118
1743497587.4706562,9,-27,90
1743497587.505656,9,25,272
1743497587.540656,-22,29,144
1743497587.576656,39,-24,-11
1743497587.611656,97,-12,154
1743497587.647656,-24,24,120
1743497587.682656,29,14,174
1743497587.718656,99,44,68
1743497587.753656,-40,49,120
1743497587.788656,-32,9,90
1743497587.824656,9,-27,92
1743497587.859656,-28,-23,114
1743497587.895656,7,16,240
1743497587.930656,27,8,128
1743497587.966656,89,-23,192
1743497588.001656,9,36,142
1743497588.036656,-80,-54,120
1743497588.0726562,31,61,122
1743497588.107656,97,-22,136
1743497588.143656,3,49,168
1743497588.178656,-10,73,130
1743497588.214656,71,25,182
1743497588.249656,-70,35,-9
1743497588.284656,9,-72,94
1743497588.320656,-20,-3,158
1743497588.355656,-30,-53,146
1743497588.3916562,1,86,164
1743497588.426656,61,0,94
1743497588.462656,-24,-27,8
1743497588.497656,-34,26,168
1743497588.532656,13,-32,154
1743497588.568656,-18,33,103
1743497588.603656,-10,20,147
1743497588.639656,31,-5,125
1743497588.6746562,35,-15,153
1743497588.7106562,-22,12,165
1743497588.745656,55,16,81
1743497588.780656,1,74,197
1743497588.816656,-76,-7,63
1743497588.851656,35,-25,17
1743497588.887656,5,-61,219
1743497588.922656,-66,-13,27
1743497588.958656,-20,-25,-10
1743497588.9936562,5,-25,195
1743497589.028656,45,14,177
1743497589.064656,-32,6,137
1743497589.099656,25,-43,153
1743497589.135656,35,-30,59
1743497589.170656,-38,11,125
1743497589.206656,-24,-20,83
1743497589.241656,39,-14,5
1743497589.2766562,-50,49,141
1743497589.3126562,-14,-49,151
1743497589.347656,95,106,139
1743497589.383656,-48,24,99
1743497589.418656,-52,14,61
1743497589.454656,13,22,159
1743497589.489656,-28,-21,157
1743497589.524656,-20,8,81
1743497589.560656,75,14,151
1743497589.5956562,11,6,187
1743497589.6316562,-54,40,129
1743497589.666656,21,-25,161
1743497589.702656,-50,20,149
1743497589.737656,-56,-5,127
1743497589.772656,-18,-49,123
1743497589.808656,-42,32,23
1743497589.843656,-54,20,119
1743497589.879656,53,0,103
1743497589.9146562,-48,-27,139
1743497589.950656,-70,60,277
1743497589.985656,-100,28,13
1743497590.020656,47,14,21
1743497590.056656,-26,-9,71
1743497590.091656,41,-59,33
1743497590.127656,53,-25,217
1743497590.162656,21,24,53
1743497590.198656,0,-27,107
1743497590.2336562,13,-71,145
1743497590.268656,1,-77,75
1743497590.304656,0,44,183
1743497590.339656,-36,-23,237
1743497590.375656,36,20,175
1743497590.410656,51,2,115
1743497590.446656,-62,-25,97
1743497590.482656,65,-59,79
1743497590.517656,-24,-27,-24
1743497590.552656,43,40,65
1743497590.588656,3,-11,175
1743497590.624656,-44,52,167
1743497590.659656,-6,0,171
1743497590.695656,25,-83,67
1743497590.730656,29,16,145
1743497590.765656,-14,8,197
1743497590.800656,21,32,133
1743497590.836656,-6,24,115
1743497590.872656,-46,2,141
1743497590.907656,-12,-15,157
1743497590.943656,19,-21,101
1743497590.978656,25,-13,171
1743497591.013656,-46,-29,193
1743497591.048656,-6,-5,159
1743497591.084656,-60,-15,173
1743497591.120656,25,42,149
1743497591.155656,19,32,47
1743497591.191656,-20,-79,153
1743497591.226656,109,-13,73
1743497591.261656,7,-27,113
1743497591.296656,31,-5,17
1743497591.332656,55,-57,141
1743497591.3686562,35,-25,83
1743497591.403656,-32,-21,111
1743497591.439656,-40,-63,139
1743497591.474656,-14,16,165
1743497591.509656,-68,24,165
1743497591.544656,-14,12,65
1743497591.580656,93,-25,149
1743497591.616656,-2,-121,119
1743497591.6516562,1,2,129
1743497591.6876562,-40,-129,207
1743497591.722656,-50,28,251
1743497591.757656,13,0,251
1743497591.792656,25,-3,153
1743497591.828656,-48,-89,133
1743497591.864656,35,-27,171
1743497591.899656,7,20,162
1743497591.935656,-62,40,120
1743497591.9706562,-40,50,164
1743497592.005656,67,18,88
1743497592.040656,-30,14,176
1743497592.076656,-102,20,126
1743497592.112656,-78,36,208
1743497592.147656,-24,4,174
1743497592.183656,17,12,66
1743497592.218656,53,36,170
1743497592.253656,-6,30,78
1743497592.288656,59,4,144
1743497592.324656,49,-19,78
1743497592.360656,101,20,78
1743497592.395656,39,72,66
1743497592.431656,-54,38,102
1743497592.466656,-24,-21,166
1743497592.501656,11,0,120
1743497592.536656,-4,-59,146
1743497592.5726562,35,-21,126
1743497592.6086562,19,-97,48
1743497592.643656,43,12,134
1743497592.679656,37,-65,16
1743497592.714656,-10,26,72
1743497592.749656,-28,-59,100
1743497592.784656,37,-29,18
1743497592.820656,1,36,196
1743497592.856656,43,6,68
1743497592.8916562,-26,42,162
1743497592.927656,-102,50,116
1743497592.962656,51,-39,22
1743497592.997656,39,72,146
1743497593.032656,77,-5,132
1743497593.068656,-18,8,10
1743497593.104656,-22,38,130
1743497593.139656,-28,42,180
1743497593.175656,-36,-51,169
1743497593.2106562,9,20,211
1743497593.245656,5,-55,226
1743497593.280656,57,44,18
1743497593.316656,45,48,124
1743497593.352656,51,-51,178
1743497593.387656,-4,-55,226
1743497593.423656,-56,-15,130
1743497593.458656,3,-43,142
1743497593.4936562,-34,-17,68
1743497593.528656,-24,-33,130
1743497593.564656,39,26,4
1743497593.607656,-68,4,191
1743497593.643656,47,50,115
1743497593.679656,-36,-17,176
1743497593.714656,99,2,90
1743497593.749656,-8,-135,139
1743497593.784656,3,-51,151
1743497593.820656,-64,20,111
1743497593.856656,47,18,143
1743497593.8916562,-8,28,107
1743497593.927656,-4,0,208
1743497593.962656,1,4,97
1743497593.997656,-12,-69,103
1743497594.032656,87,-37,204
1743497594.068656,47,-29,89
1743497594.104656,71,54,139
1743497594.139656,37,0,199
1743497594.175656,29,4,109
1743497594.2106562,-2,10,109
1743497594.245656,15,-45,197
1743497594.280656,-26,94,127
1743497594.316656,61,28,145
1743497594.352656,-34,2,155
1743497594.387656,65,-13,211
1743497594.423656,15,28,63
1743497594.458656,15,-55,183
1743497594.4936562,71,20,157
1743497594.528656,69,24,145
1743497594.564656,19,-19,45
1743497594.600656,45,6,141
1743497594.635656,-54,-41,207
1743497594.671656,61,64,139
1743497594.706656,85,8,141
1743497594.741656,-32,56,73
1743497594.7766562,113,5,183
1743497594.8126562,-42,-7,83
1743497594.848656,83,18,25
1743497594.883656,39,30,127
1743497594.919656,-12,42,101
1743497594.954656,0,25,125
1743497594.989656,-22,27,37
1743497595.024656,59,0,161
1743497595.060656,-40,22,39
1743497595.096656,-36,-25,9
1743497595.1316562,17,-5,39
1743497595.167656,31,14,129
1743497595.202656,45,78,15
1743497595.237656,-62,-11,227
1743497595.272656,19,6,127
1743497595.308656,-48,38,-18
1743497595.344656,-26,-73,71
1743497595.379656,-38,-45,125
1743497595.415656,-18,24,123
1743497595.450656,-1,8,223
1743497595.485656,-9,64,1
1743497595.520656,20,20,35
1743497595.556656,25,-3,135
1743497595.592656,-66,18,-42
1743497595.627656,-70,-39,99
1743497595.663656,-14,58,113
1743497595.698656,-66,28,191
1743497595.7336562,33,60,87
1743497595.768656,-92,-11,103
1743497595.804656,13,62,83
1743497595.840656,-66,-11,185
1743497595.875656,23,43,207
1743497595.911656,-32,-14,69
1743497595.946656,37,21,137
1743497595.981656,0,19,155
1743497596.0166562,19,-52,-24
1743497596.052656,-24,54,229
1743497596.088656,119,51,211
1743497596.123656,-26,-22,73
1743497596.159656,59,17,273
1743497596.194656,-6,32,69
1743497596.229656,3,28,243
1743497596.264656,-34,38,153
1743497596.300656,29,-35,167
1743497596.336656,-16,-15,29
1743497596.371656,-50,-5,99
1743497596.407656,69,64,155
1743497596.442656,-116,18,17
1743497596.477656,-48,-9,191
1743497596.513656,21,-13,31
1743497596.548656,1,48,47
1743497596.584656,97,-51,179
1743497596.619656,29,8,169
1743497596.655656,-24,58,-16
1743497596.690656,-28,-43,135
1743497596.725656,15,-71,127
1743497596.761656,7,-30,83
1743497596.796656,-46,9,175
1743497596.832656,-4,9,159
1743497596.867656,-2,21,143
1743497596.903656,-4,-30,43
1743497596.938656,1,41,0
1743497596.973656,55,-31,85
1743497597.009656,-28,0,151
1743497597.044656,-6,-6,61
1743497597.080656,-58,-11,103
1743497597.115656,-4,-35,9
1743497597.1516562,37,61,143
1743497597.186656,5,-36,75
1743497597.221656,-30,-6,137
1743497597.257656,-14,0,177
1743497597.292656,-76,-50,203
1743497597.328656,85,-22,111
1743497597.363656,-8,-3,51
1743497597.399656,-14,-17,119
1743497597.434656,-96,-4,153
1743497597.469656,-22,15,99
1743497597.505656,-64,-58,71
1743497597.540656,75,39,63
1743497597.576656,47,35,36
1743497597.611656,107,-58,144
1743497597.647656,51,-36,88
1743497597.682656,-36,-50,120
1743497597.717656,39,11,66
1743497597.753656,-50,-36,48
1743497597.788656,15,-40,36
1743497597.824656,-4,17,0
1743497597.859656,-14,87,162
1743497597.895656,-8,-18,180
1743497597.930656,-82,-18,166
1743497597.965656,-48,15,214
1743497598.001656,0,-64,182
1743497598.036656,29,-22,194
1743497598.0726562,1,39,156
1743497598.107656,31,31,114
1743497598.143656,-38,9,172
1743497598.178656,-28,33,98
1743497598.213656,-22,-26,10
1743497598.249656,11,-36,56
1743497598.284656,-2,13,150
1743497598.320656,27,105,56
1743497598.355656,57,25,124
1743497598.3916562,-54,41,252
1743497598.426656,-26,9,86
1743497598.461656,-92,25,174
1743497598.497656,25,-112,96
1743497598.532656,-8,19,152
1743497598.568656,-16,-64,130
1743497598.603656,57,9,84
1743497598.639656,-30,0,126
1743497598.6746562,45,-38,134
1743497598.709656,-24,51,256
1743497598.745656,47,-26,38
1743497598.780656,-46,11,88
1743497598.816656,85,35,308
1743497598.851656,-6,-2,166
1743497598.887656,-2,27,168
1743497598.922656,-2,-46,90
1743497598.957656,95,-12,138
1743497598.9936562,63,31,350
1743497599.028656,-54,45,76
1743497599.064656,35,41,96
1743497599.099656,33,31,136
1743497599.135656,89,-90,150
1743497599.170656,-32,-2,112
1743497599.205656,-42,-56,124
1743497599.241656,35,9,64
1743497599.2766562,21,-20,6
1743497599.3126562,75,47,76
1743497599.347656,-30,-18,116
1743497599.383656,-72,17,156
1743497599.418656,53,-4,216
1743497599.453656,51,-6,34
1743497599.489656,-16,-102,72
1743497599.524656,49,-30,226
1743497599.560656,-38,83,110
1743497599.5956562,-54,34,196
1743497599.6316562,31,-4,80
1743497599.666656,-6,47,184
1743497599.701656,-2,-42,156
1743497599.737656,25,-50,70
1743497599.772656,-20,7,176
1743497599.808656,-8,-30,128
1743497599.843656,43,63,106
1743497599.879656,-72,-10,64
1743497599.915656,5,-10,174
1743497599.951656,85,49,174
1743497599.987656,43,-62,118
1743497600.023656,-10,23,50
1743497600.059656,-48,-52,110
1743497600.0956562,45,-40,140
1743497600.1316562,91,39,178
1743497600.166656,85,41,166
1743497600.201656,-16,-57,104
1743497600.237656,-14,33,138
1743497600.273656,7,-31,-39
1743497600.308656,83,20,88
1743497600.344656,53,26,146
1743497600.379656,-14,12,214
1743497600.4146562,23,29,96
1743497600.449656,37,-34,98
1743497600.485656,-26,29,110
1743497600.521656,21,-18,150
1743497600.556656,41,7,122
1743497600.592656,-80,-90,112
1743497600.627656,-6,37,80
1743497600.662656,25,43,138
1743497600.6976562,3,21,178
1743497600.7336562,-4,-2,266
1743497600.769656,-27,-74,252
1743497600.804656,20,-20,20
1743497600.840656,-77,-30,78
1743497600.875656,49,-16,150
1743497600.910656,-31,-28,160
1743497600.945656,12,95,158
1743497600.981656,-1,17,74
1743497601.017656,-31,37,102
1743497601.052656,34,-22,188
1743497601.088656,38,-52,232
1743497601.123656,-21,-32,120
1743497601.158656,6,-68,198
1743497601.193656,76,-30,190
1743497601.229656,46,19,146
1743497601.265656,-37,-32,104
1743497601.300656,-27,-30,248
1743497601.336656,28,19,184
1743497601.371656,101,-10,90
1743497601.406656,-12,-26,30
1743497601.441656,-48,17,156
1743497601.477656,-30,-12,220
1743497601.513656,21,5,202
1743497601.548656,-37,-44,210
1743497601.584656,-59,55,202
1743497601.619656,120,53,289
1743497601.6546562,-27,-40,113
1743497601.689656,-36,-4,145
1743497601.725656,69,13,23
1743497601.761656,-54,49,99
1743497601.796656,19,31,93
1743497601.832656,3,-36,67
1743497601.867656,23,59,25
1743497601.902656,-94,51,99
1743497601.9376562,-60,-12,149
1743497601.973656,-6,3,71
1743497602.009656,-46,-90,59
1743497602.044656,-22,-10,93
1743497602.080656,41,7,127
1743497602.115656,-12,-2,115
1743497602.150656,1,19,119
1743497602.185656,-28,7,3
1743497602.221656,7,21,125
1743497602.257656,-36,31,135
1743497602.292656,27,53,151
1743497602.328656,45,-32,107
1743497602.363656,29,1,175
1743497602.398656,-2,-46,59
1743497602.433656,3,88,229
1743497602.469656,5,69,141
1743497602.505656,7,63,173
1743497602.540656,75,23,81
1743497602.576656,-24,-30,81
1743497602.611656,-20,-12,167
1743497602.646656,7,3,217
1743497602.681656,-32,-10,97
1743497602.717656,-34,1,91
1743497602.753656,-16,1,71
1743497602.788656,13,-10,127
1743497602.824656,37,-54,55
1743497602.859656,73,21,169
1743497602.894656,-26,8,179
1743497602.929656,11,-22,165
1743497602.965656,-38,-81,45
1743497603.001656,-34,-3,143
1743497603.036656,59,3,191
1743497603.0726562,17,-51,75
1743497603.107656,-12,32,71
1743497603.142656,21,-19,123
1743497603.177656,-18,30,121
1743497603.213656,55,2,137
1743497603.249656,-12,18,71
1743497603.284656,-42,24,127
1743497603.320656,-46,-75,219
1743497603.355656,0,-9,167
1743497603.390656,63,-17,119
1743497603.425656,-94,-23,91
1743497603.461656,-24,-3,149
1743497603.497656,19,10,0
1743497603.532656,-134,-37,113
1743497603.568656,-54,-37,173
1743497603.610656,15,-31,109
1743497603.646656,-60,-19,85
1743497603.681656,-43,74,45
1743497603.717656,107,54,193
1743497603.753656,9,-45,49
1743497603.788656,49,-11,111
1743497603.824656,37,-9,201
1743497603.859656,-88,-33,159
1743497603.894656,35,-27,201
1743497603.929656,55,28,191
1743497603.965656,-78,-13,145
1743497604.001656,47,24,179
1743497604.036656,-24,-33,143
1743497604.0726562,33,8,187
1743497604.107656,71,-85,91
1743497604.142656,-18,46,125
1743497604.177656,-16,-45,133
1743497604.213656,-4,10,157
1743497604.249656,41,22,125
1743497604.284656,-28,66,275
1743497604.320656,33,54,89
1743497604.355656,13,-5,139
1743497604.390656,17,-63,189
1743497604.425656,27,-23,173
1743497604.461656,-14,-73,87
1743497604.497656,11,4,55
1743497604.532656,-48,20,91
1743497604.568656,-12,-7,161
1743497604.603656,37,-105,173
1743497604.638656,79,18,97
1743497604.673656,17,-35,101
1743497604.709656,-120,-11,-28
1743497604.745656,7,0,11
1743497604.780656,39,34,155
1743497604.816656,-24,50,189
1743497604.851656,37,34,137
1743497604.886656,53,-9,155
1743497604.921656,-46,-53,241
1743497604.957656,-62,36,179
1743497604.9936562,0,-27,187
1743497605.028656,1,-1,259
1743497605.064656,77,-66,73
1743497605.099656,95,12,157
1743497605.134656,49,32,83
1743497605.170656,1,-59,229
1743497605.205656,-2,42,13
1743497605.241656,19,16,59
1743497605.2766562,79,55,147
1743497605.3126562,-96,-5,171
1743497605.347656,23,54,71
1743497605.382656,3,40,157
1743497605.417656,-36,50,141
1743497605.453656,35,-39,121
1743497605.489656,-50,42,173
1743497605.524656,49,2,75
1743497605.560656,-34,-91,243
1743497605.5956562,-10,-51,133
1743497605.630656,-8,0,167
1743497605.665656,29,-67,63
1743497605.701656,-26,-5,57
1743497605.737656,-42,64,263
1743497605.772656,31,-37,109
1743497605.808656,29,16,45
1743497605.843656,-16,4,99
1743497605.878656,-34,-87,43
1743497605.913656,67,68,175
1743497605.949656,-12,24,181
1743497605.985656,33,76,147
1743497606.020656,5,-35,205
1743497606.056656,1,6,107
1743497606.091656,-54,-45,235
1743497606.126656,79,52,135
1743497606.162656,11,54,163
1743497606.1976562,51,14,71
1743497606.2336562,57,-17,1
1743497606.268656,9,-73,9
1743497606.304656,17,20,139
1743497606.339656,57,-15,169
1743497606.374656,-8,2,39
1743497606.410656,-58,22,57
1743497606.445656,27,48,93
1743497606.481656,-90,-35,179
1743497606.5166562,-66,-51,115
1743497606.552656,13,22,91
1743497606.587656,7,24,251
1743497606.622656,1,-31,99
1743497606.658656,57,-47,143
1743497606.693656,39,24,79
1743497606.729656,35,-11,35
1743497606.764656,109,-35,137
1743497606.800656,53,-105,79
1743497606.8356562,21,-31,203
1743497606.870656,0,-55,7
1743497606.906656,19,27,187
1743497606.941656,-8,-48,173
1743497606.977656,33,-6,219
1743497607.012656,54,39,143
1743497607.048656,76,-38,242
1743497607.083656,42,-58,53
1743497607.1186562,-8,51,93
1743497607.1546562,29,45,139
1743497607.189656,9,0,127
1743497607.225656,65,75,-77
1743497607.260656,-46,-46,170
1743497607.296656,-33,-24,186
1743497607.331656,-44,-26,48
1743497607.366656,47,-62,36
1743497607.402656,-1,-6,132
1743497607.4376562,-25,-100,198
1743497607.473656,-61,-44,184
1743497607.508656,-5,39,108
1743497607.544656,74,17,128
1743497607.579656,0,-54,120
1743497607.614656,-8,79,100
1743497607.650656,29,-12,50
1743497607.685656,7,-48,160
1743497607.721656,-98,-18,84
1743497607.7566562,77,-32,210
1743497607.792656,-59,0,124
1743497607.827656,-7,-44,170
1743497607.862656,-37,5,172
1743497607.898656,42,-62,96
1743497607.933656,-3,21,200
1743497607.969656,-25,29,144
1743497608.004656,8,41,104
1743497608.040656,8,-72,154
1743497608.075656,-51,11,108
1743497608.110656,-19,37,210
1743497608.146656,78,25,98
1743497608.181656,54,-6,62
1743497608.217656,-39,-56,124
1743497608.252656,-75,-46,200
1743497608.288656,-11,17,88
1743497608.323656,-29,33,130
1743497608.3586562,18,33,44
1743497608.394656,68,-2,192
1743497608.429656,0,3,78
1743497608.465656,-3,-6,96
1743497608.500656,2,81,18
1743497608.536656,-31,9,72
1743497608.571656,10,73,96
1743497608.606656,4,47,160
1743497608.642656,64,3,152
1743497608.677656,-37,-50,2
1743497608.713656,20,-62,108
1743497608.748656,46,-34,130
1743497608.784656,-13,27,102
1743497608.819656,12,25,94
1743497608.854656,-7,101,110
1743497608.890656,45,49,88
1743497608.925656,-104,-48,252
1743497608.961656,-60,31,60
1743497608.996656,13,17,190
1743497609.032656,119,1,156
1743497609.067656,27,71,104
1743497609.102656,-34,-52,104
1743497609.138656,13,57,126
1743497609.173656,59,-66,246
1743497609.209656,103,-20,148
1743497609.244656,45,9,50
1743497609.280656,-82,69,126
1743497609.315656,29,39,102
1743497609.350656,-26,-30,92
1743497609.386656,1,1,224
1743497609.421656,23,0,106
1743497609.457656,47,-16,26
1743497609.492656,-134,-28,120
1743497609.528656,37,99,124
1743497609.564656,57,-76,102
1743497609.599656,21,7,136
1743497609.634656,-4,39,206
1743497609.670656,-26,55,156
1743497609.706656,-106,35,162
1743497609.741656,0,25,76
1743497609.777656,82,-56,280
1743497609.8126562,47,3,176
1743497609.847656,67,-28,108
1743497609.882656,33,-82,200
1743497609.918656,-14,15,122
1743497609.954656,-80,-50,216
1743497609.989656,-22,-2,202
1743497610.025656,-22,-78,150
1743497610.060656,51,-32,62
1743497610.0956562,-80,-42,162
1743497610.130656,3,-30,180
1743497610.166656,13,-34,110
1743497610.202656,29,37,188
1743497610.237656,-36,48,92
1743497610.273656,63,2,80
1743497610.308656,-204,-62,194
1743497610.343656,27,27,106
1743497610.378656,13,29,124
1743497610.4146562,-12,-1,198
1743497610.450656,27,41,120
1743497610.485656,27,-94,100
1743497610.521656,-18,41,112
1743497610.556656,25,-66,196
1743497610.591656,-64,-4,54
1743497610.626656,-60,14,118
1743497610.662656,71,74,120
1743497610.698656,-76,-91,128
1743497610.7336562,25,-9,184
1743497610.769656,-22,-15,134
1743497610.804656,-36,102,104
1743497610.839656,-50,18,134
1743497610.874656,-8,-15,208
1743497610.910656,-12,-35,128
1743497610.946656,43,-29,28
1743497610.981656,-34,-37,222
1743497611.017656,-20,-41,116
1743497611.052656,-4,-21,104
1743497611.087656,21,20,140
1743497611.122656,69,16,90
1743497611.158656,39,-53,114
1743497611.194656,-44,24,204
1743497611.229656,-2,-47,74
1743497611.265656,5,-85,172
1743497611.300656,-24,66,238
1743497611.3356562,-116,-49,246
1743497611.370656,15,18,222
1743497611.406656,-110,-63,220
1743497611.442656,29,-11,84
1743497611.477656,-66,-71,168
1743497611.513656,37,26,88
1743497611.548656,-44,-41,38
1743497611.583656,17,34,104
1743497611.6186562,-18,46,10
1743497611.6546562,-8,-51,198
1743497611.690656,15,-47,124
1743497611.725656,93,42,174
1743497611.761656,-40,-31,158
1743497611.796656,55,38,214
1743497611.831656,-8,-38,88
1743497611.866656,0,20,118
1743497611.902656,-26,40,120
1743497611.938656,-28,4,186
1743497611.973656,81,86,240
1743497612.009656,-130,50,214
1743497612.044656,-18,15,140
1743497612.079656,0,-4,174
1743497612.114656,0,17,126
1743497612.150656,-158,-24,122
1743497612.186656,-28,78,136
1743497612.221656,51,-25,82
1743497612.257656,1,10,90
1743497612.292656,-20,-9,182
1743497612.327656,37,24,128
1743497612.362656,-28,-7,242
1743497612.398656,11,-67,144
1743497612.434656,3,38,230
1743497612.469656,-58,-19,154
1743497612.505656,109,82,68
1743497612.540656,-98,26,230
1743497612.575656,-108,12,186
1743497612.610656,51,54,42
1743497612.646656,1,22,70
1743497612.682656,49,42,150
1743497612.717656,-52,48,98
1743497612.753656,-46,-89,104
1743497612.788656,-48,-29,132
1743497612.823656,35,-15,130
1743497612.8586562,31,-41,100
1743497612.894656,55,-19,78
1743497612.930656,71,-59,258
1743497612.965656,5,68,98
1743497613.001656,-20,46,72
1743497613.036656,37,38,50
1743497613.071656,-22,-45,74
1743497613.106656,59,34,26
1743497613.142656,-8,-23,240
1743497613.178656,-40,-17,142
1743497613.213656,89,22,206
1743497613.249656,-10,24,136
1743497613.284656,13,12,184
1743497613.319656,-22,20,72
1743497613.354656,-26,52,200
1743497613.390656,-8,0,164
1743497613.426656,-56,-67,36
1743497613.461656,-58,-65,164
1743497613.497656,-10,-41,278
1743497613.532656,21,-25,118
1743497613.567656,-54,20,42
1743497613.602656,-38,-41,177
1743497613.645656,-32,46,58
1743497613.682656,19,-29,168
1743497613.717656,-32,40,124
1743497613.753656,-100,36,230
1743497613.788656,15,-31,138
1743497613.823656,25,8,220
1743497613.8586562,-26,-18,48
1743497613.894656,-52,-7,126
1743497613.930656,13,-1,82
1743497613.965656,-14,-59,147
1743497614.001656,29,28,140
1743497614.036656,-16,59,62
1743497614.071656,-48,-19,83
1743497614.106656,-62,42,119
1743497614.142656,-44,-88,231
1743497614.178656,-58,-40,55
1743497614.213656,-56,-20,75
1743497614.249656,-23,79,195
1743497614.284656,0,-16,73
1743497614.319656,152,-84,97
1743497614.354656,-37,19,161
1743497614.390656,-42,85,233
1743497614.426656,5,17,75
1743497614.461656,11,0,157
1743497614.497656,-54,-10,175
1743497614.532656,63,13,115
1743497614.567656,-24,15,108
1743497614.602656,13,41,116
1743497614.638656,89,73,208
1743497614.6746562,41,25,97
1743497614.709656,21,-4,129
1743497614.745656,-26,9,161
1743497614.780656,15,-46,147
1743497614.815656,10,31,131
1743497614.850656,20,43,155
1743497614.886656,52,-18,229
1743497614.922656,-19,59,53
1743497614.957656,-59,-92,201
1743497614.9936562,-73,93,205
1743497615.028656,40,-26,89
1743497615.063656,46,-64,155
1743497615.098656,-67,-18,269
1743497615.134656,8,71,167
1743497615.170656,27,17,179
1743497615.205656,44,-44,225
1743497615.241656,8,57,107
1743497615.2766562,-9,-8,143
1743497615.311656,18,-12,187
1743497615.346656,-49,35,151
1743497615.382656,-27,29,191
1743497615.418656,-26,59,-10
1743497615.453656,-39,-42,165
1743497615.489656,-49,-2,121
1743497615.524656,-6,61,61
1743497615.559656,22,27,153
1743497615.5956562,25,19,191
1743497615.630656,1,-28,243
1743497615.666656,-35,21,225
1743497615.701656,22,-18,185
1743497615.737656,57,91,13
1743497615.772656,5,59,123
1743497615.807656,-24,-46,-18
1743497615.843656,7,-8,57
1743497615.878656,-48,17,181
1743497615.9146562,28,-16,195
1743497615.949656,-80,-88,157
1743497615.985656,35,-24,139
1743497616.020656,-18,3,125
1743497616.055656,11,49,151
1743497616.091656,13,-16,-4
1743497616.126656,109,-2,107
1743497616.162656,9,-88,183
1743497616.1976562,-6,-70,7
1743497616.2336562,19,34,167
1743497616.268656,31,8,0
1743497616.303656,-71,13,235
1743497616.339656,-48,71,187
1743497616.374656,-32,1,59
1743497616.410656,-74,-38,117
1743497616.445656,-58,3,153
1743497616.481656,55,-28,151
1743497616.5166562,-140,0,65
1743497616.551656,9,-8,91
1743497616.587656,27,-4,51
1743497616.622656,29,5,81
1743497616.658656,71,21,178
1743497616.693656,-26,3,188
1743497616.729656,41,-18,74
1743497616.764656,57,-54,184
1743497616.7996562,35,73,96
1743497616.8356562,21,-20,162
1743497616.870656,-74,-42,188
1743497616.906656,39,-30,148
1743497616.941656,-60,-78,42
1743497616.977656,15,-4,218
1743497617.012656,-75,19,162
1743497617.047656,36,-24,134
1743497617.083656,-41,-46,172
1743497617.1186562,-29,11,212
1743497617.1546562,18,-24,178
1743497617.189656,8,-46,130
1743497617.225656,2,63,198
1743497617.260656,-33,41,56
1743497617.295656,-77,0,202
1743497617.331656,-11,0,220
1743497617.366656,62,-36,282
1743497617.402656,-7,-20,124
1743497617.4376562,-77,31,236
1743497617.473656,6,7,116
1743497617.508656,-9,43,190
1743497617.543656,-61,-74,16
1743497617.579656,32,-14,148
1743497617.614656,-59,-10,74
1743497617.650656,4,-8,84
1743497617.685656,64,27,130
1743497617.721656,18,9,160
1743497617.7566562,52,-12,208
1743497617.791656,38,17,108
1743497617.827656,40,-6,182
1743497617.862656,56,61,72
1743497617.898656,-37,-6,152
1743497617.933656,66,-38,160
1743497617.969656,72,-18,132
1743497618.004656,0,43,218
1743497618.0396562,72,65,166
1743497618.075656,-9,109,216
1743497618.110656,24,-46,164
1743497618.146656,52,3,154
1743497618.181656,-11,97,152
1743497618.217656,68,-2,32
1743497618.252656,-81,-2,122
1743497618.287656,26,-14,132
1743497618.323656,-83,1,154
1743497618.3586562,-19,-54,228
1743497618.394656,-41,-38,52
1743497618.429656,64,35,158
1743497618.465656,36,-76,76
1743497618.500656,10,-16,204
1743497618.535656,12,37,212
1743497618.571656,-15,-28,132
1743497618.606656,22,41,72
1743497618.642656,-11,-30,126
1743497618.677656,20,33,172
1743497618.713656,-21,21,142
1743497618.748656,-45,35,160
1743497618.783656,-61,-43,128
1743497618.819656,6,-26,108
1743497618.854656,2,-58,64
1743497618.890656,20,14,14
1743497618.925656,12,16,196
1743497618.961656,38,6,198
1743497618.997656,-27,2,180
1743497619.033656,16,46,66
1743497619.069656,106,-15,164
1743497619.104656,10,20,180
1743497619.139656,52,-45,150
1743497619.175656,-7,-63,208
1743497619.211656,68,24,64
1743497619.246656,-21,-37,170
1743497619.282656,-19,22,94
1743497619.317656,38,60,72
1743497619.352656,42,44,188
1743497619.387656,50,-41,114
1743497619.423656,6,-73,120
1743497619.459656,-57,-15,202
1743497619.494656,60,39,216
1743497619.530656,80,-12,234
1743497619.565656,54,34,192
1743497619.600656,84,26,124
1743497619.635656,0,35,70
1743497619.671656,-39,46,118
1743497619.707656,-7,66,200
1743497619.742656,-17,6,70
1743497619.778656,-3,60,80
1743497619.813656,-53,4,138
1743497619.848656,38,-33,152
1743497619.883656,-33,0,192
1743497619.919656,-55,34,188
1743497619.955656,-29,-31,100
1743497619.990656,-17,-17,58
1743497620.0266562,-19,-1,146
1743497620.061656,-4,-99,56
1743497620.096656,-18,60,132
1743497620.1316562,3,52,-37
1743497620.167656,17,-1,66
1743497620.203656,21,36,128
1743497620.238656,-50,18,-15
1743497620.274656,-82,2,88
1743497620.309656,5,-23,102
1743497620.344656,13,-55,206
1743497620.379656,3,-47,264
1743497620.415656,-18,40,132
1743497620.451656,-70,-61,100
1743497620.486656,27,14,86
1743497620.522656,9,80,143
1743497620.557656,13,-5,167
1743497620.592656,29,34,180
1743497620.627656,-36,-17,222
1743497620.663656,-18,-1,167
1743497620.699656,15,-31,66
1743497620.734656,-80,42,128
1743497620.770656,75,82,260
1743497620.805656,-18,38,90
1743497620.840656,-114,44,103
1743497620.875656,-72,-37,190
1743497620.911656,-50,50,158
1743497620.9476562,-38,-35,122
1743497620.982656,-96,36,182
1743497621.018656,27,-17,100
1743497621.053656,-68,40,180
1743497621.088656,-40,-31,112
1743497621.123656,-24,-37,58
1743497621.159656,13,-51,176
1743497621.195656,-38,52,64
1743497621.230656,3,48,106
1743497621.2666562,-66,-27,138
1743497621.301656,-52,8,144
1743497621.336656,-40,-21,124
1743497621.371656,43,-43,196
1743497621.407656,17,-17,100
1743497621.443656,-72,56,124
1743497621.478656,-30,-21,100
1743497621.514656,83,-3,194
1743497621.5496562,19,16,138
1743497621.584656,-26,100,216
1743497621.619656,-2,-71,164
1743497621.655656,21,-33,42
1743497621.691656,47,26,214
1743497621.726656,33,24,108
1743497621.762656,-56,16,106
1743497621.797656,19,12,112
1743497621.832656,-52,50,130
1743497621.867656,63,54,108
1743497621.903656,-42,8,164
1743497621.939656,0,8,152
1743497621.974656,51,-35,136
1743497622.010656,-48,-11,88
1743497622.045656,-76,-9,270
1743497622.082656,-42,14,134
1743497622.117656,19,-33,120
1743497622.152656,39,26,182
1743497622.1876562,-48,-87,164
1743497622.223656,5,23,180
1743497622.259656,-104,-3,152
1743497622.294656,-24,-77,112
1743497622.330656,-30,44,178
1743497622.365656,21,67,204
1743497622.400656,-16,16,144
1743497622.435656,-96,40,166
1743497622.471656,-18,64,232
1743497622.507656,35,-1,127
1743497622.542656,9,32,129
1743497622.578656,-54,52,120
1743497622.613656,-100,-68,224
1743497622.648656,-16,53,158
1743497622.683656,-50,40,142
1743497622.719656,-46,-37,122
1743497622.755656,-36,20,232
1743497622.790656,51,32,244
1743497622.826656,9,22,237
1743497622.861656,-60,50,14
1743497622.896656,-56,4,161
1743497622.931656,-18,38,95
1743497622.967656,87,26,77
1743497623.003656,-42,34,211
1743497623.038656,-12,22,187
1743497623.074656,22,78,109
1743497623.109656,-77,0,215
1743497623.144656,-13,-5,155
1743497623.179656,-91,-15,23
1743497623.215656,86,16,171
1743497623.251656,24,-25,125
1743497623.286656,62,-71,89
1743497623.3226562,14,-3,105
1743497623.357656,10,-157,143
1743497623.392656,20,18,123
1743497623.427656,16,-79,99
1743497623.463656,43,-27,89
1743497623.499656,-39,2,127
1743497623.534656,41,-87,185
1743497623.570656,133,42,43
1743497623.605656,-26,-87,229
1743497623.647656,-16,-57,97
1743497623.683656,21,0,139
1743497623.719656,-64,32,115
1743497623.755656,-4,14,195
1743497623.790656,-48,-3,99
1743497623.826656,-10,28,91
1743497623.861656,39,58,189
1743497623.896656,20,-33,5
1743497623.931656,-28,38,81
1743497623.967656,-30,12,135
1743497624.003656,19,106,155
1743497624.038656,25,-23,139
1743497624.074656,1,52,155
1743497624.109656,79,30,135
1743497624.144656,29,84,175
1743497624.179656,1,38,127
1743497624.215656,-50,-19,197
1743497624.251656,11,42,55
1743497624.286656,15,52,103
1743497624.3226562,-6,-7,159
1743497624.357656,19,-51,81
1743497624.392656,-28,-3,45
1743497624.427656,59,26,213
1743497624.463656,-26,-35,217
1743497624.499656,41,-69,135
1743497624.534656,-24,-3,173
1743497624.570656,29,26,43
1743497624.605656,-58,-59,129
1743497624.640656,39,-11,185
1743497624.675656,-26,-41,111
1743497624.711656,31,68,161
1743497624.747656,5,58,245
1743497624.782656,39,10,149
1743497624.818656,-14,20,83
1743497624.853656,-24,-93,291
1743497624.888656,53,34,175
1743497624.923656,73,18,109
1743497624.959656,23,4,169
1743497624.995656,-8,-25,171
1743497625.030656,-52,12,257
1743497625.066656,1,-17,225
1743497625.101656,49,24,197
1743497625.136656,31,-7,139
1743497625.172656,-42,-17,184
1743497625.207656,-2,24,150
1743497625.2436562,75,0,169
1743497625.278656,31,12,129
1743497625.314656,35,-35,215
1743497625.349656,-4,64,185
1743497625.384656,87,6,71
1743497625.420656,-12,-77,137
1743497625.455656,-52,-29,177
1743497625.491656,41,-17,153
1743497625.5266562,-36,30,213
1743497625.5626562,51,-61,211
1743497625.597656,7,42,279
1743497625.632656,-34,34,205
1743497625.668656,17,-27,189
1743497625.703656,-46,24,257
1743497625.739656,69,16,273
1743497625.774656,-24,18,33
1743497625.810656,-40,13,147
1743497625.8456562,-16,-2,159
1743497625.880656,61,-10,31
1743497625.916656,31,15,53
1743497625.951656,-46,37,175
1743497625.987656,5,-14,55
1743497626.022656,19,-18,291
1743497626.058656,59,-42,11
1743497626.093656,37,17,181
1743497626.128656,-8,27,85
1743497626.1646562,-28,5,157
1743497626.199656,-60,19,259
1743497626.235656,-68,-51,135
1743497626.270656,59,43,153
1743497626.306656,77,45,197
1743497626.341656,61,-42,225
1743497626.376656,-80,-24,127
1743497626.412656,-4,35,133
1743497626.4476562,0,-35,199
1743497626.4836562,0,35,193
1743497626.518656,37,-32,171
1743497626.554656,-52,-36,109
1743497626.589656,51,-40,209
1743497626.624656,-18,31,61
1743497626.660656,3,11,135
1743497626.695656,41,-22,139
1743497626.731656,3,14,121
1743497626.7666562,-2,-10,93
1743497626.802656,41,-4,33
1743497626.837656,-38,29,157
1743497626.872656,-50,41,29
1743497626.908656,35,-24,159
1743497626.943656,-62,35,41
1743497626.979656,65,-6,139
1743497627.014656,29,-20,125
1743497627.050656,-14,-12,57
1743497627.0856562,0,-22,169
1743497627.120656,-14,13,71
1743497627.156656,95,29,165
1743497627.191656,-70,49,81
1743497627.227656,5,-52,167
1743497627.262656,5,33,109
1743497627.298656,-34,-32,145
1743497627.333656,-34,-18,173
1743497627.3686562,-62,-5,145
1743497627.4046562,31,52,87
1743497627.439656,-4,30,159
1743497627.475656,45,0,183
1743497627.510656,97,8,71
1743497627.546656,-58,42,163
1743497627.581656,27,-83,179
1743497627.616656,17,-1,165
1743497627.652656,85,68,67
1743497627.6876562,3,2,199
1743497627.723656,-12,-39,183
1743497627.758656,59,-63,123
1743497627.794656,17,67,103
1743497627.829656,-12,2,15
1743497627.864656,21,-45,133
1743497627.900656,-4,-14,173
1743497627.935656,1,-24,153
1743497627.971656,35,-36,89
1743497628.0066562,-40,30,37
1743497628.042656,-96,70,103
1743497628.077656,-30,17,187
1743497628.112656,-66,49,139
1743497628.148656,-34,-2,57
1743497628.183656,89,73,75
1743497628.219656,15,5,245
1743497628.254656,-42,17,211
1743497628.290656,81,-16,117
1743497628.325656,105,-2,99
1743497628.360656,75,15,91
1743497628.396656,103,27,177
1743497628.431656,73,-66,87
1743497628.467656,65,33,109
1743497628.502656,0,41,213
1743497628.538656,-64,-8,113
1743497628.574656,-34,-40,101
1743497628.610656,5,-48,127
1743497628.646656,14,-12,153
1743497628.682656,55,31,123
1743497628.718656,45,-28,53
1743497628.753656,61,-26,117
1743497628.788656,-88,-10,53
1743497628.824656,97,-72,155
1743497628.860656,-30,-32,199
1743497628.895656,61,-72,277
1743497628.931656,-6,-34,189
1743497628.966656,51,-42,169
1743497629.001656,-6,13,221
1743497629.036656,-4,-78,61
1743497629.0726562,91,41,133
1743497629.1086562,33,5,155
1743497629.143656,45,-72,71
1743497629.179656,1,41,149
1743497629.214656,7,-13,161
1743497629.249656,5,-46,117
1743497629.284656,9,45,103
1743497629.320656,-12,-8,187
1743497629.356656,-12,-50,143
1743497629.3916562,53,17,175
1743497629.427656,-50,-24,247
1743497629.462656,97,75,153
1743497629.497656,-16,19,203
1743497629.532656,51,-32,199
1743497629.568656,-54,0,119
1743497629.604656,-20,-34,87
1743497629.639656,93,35,99
1743497629.675656,75,-14,57
1743497629.7106562,-26,65,111
1743497629.745656,13,61,57
1743497629.780656,19,-2,135
1743497629.816656,45,55,137
1743497629.852656,47,7,135
1743497629.887656,51,27,47
1743497629.923656,-100,29,43
1743497629.958656,-16,21,167
1743497629.9936562,69,-46,131
1743497630.028656,-24,-64,147
1743497630.064656,29,-30,221
1743497630.100656,9,103,205
1743497630.135656,-60,-52,83
1743497630.172656,-52,-36,201
1743497630.207656,23,-26,167
1743497630.2436562,59,-74,83
1743497630.278656,-84,-14,83
1743497630.313656,7,-14,229
1743497630.348656,87,-8,239
1743497630.384656,-98,-66,115
1743497630.420656,-16,-64,89
1743497630.455656,7,-48,-34
1743497630.491656,-28,-32,207
1743497630.5266562,51,65,123
1743497630.561656,47,-8,-32
1743497630.596656,-32,-24,95
1743497630.632656,23,-50,207
1743497630.668656,-42,-48,45
1743497630.703656,-36,-22,119
1743497630.739656,1,-24,-18
1743497630.774656,37,11,175
1743497630.809656,-112,45,7
1743497630.844656,-51,23,93
1743497630.880656,35,-30,75
1743497630.916656,71,101,113
1743497630.951656,51,-40,129
1743497630.987656,23,-44,123
1743497631.022656,70,-50,215
1743497631.057656,10,-80,187
1743497631.092656,-25,81,155
1743497631.128656,-13,-16,143
1743497631.1646562,42,-32,133
1743497631.199656,-3,-48,205
1743497631.235656,-33,-14,179
1743497631.270656,-65,43,245
1743497631.305656,0,-60,203
1743497631.340656,48,7,41
1743497631.376656,-9,-48,49
1743497631.412656,58,-46,145
1743497631.4476562,-3,37,79
1743497631.4836562,-5,3,59
1743497631.518656,50,9,101
1743497631.553656,-7,-46,143
1743497631.588656,-3,-6,153
1743497631.624656,58,-14,155
1743497631.660656,35,-32,221
1743497631.695656,17,11,87
1743497631.731656,-50,53,189
1743497631.7666562,85,15,-22
1743497631.801656,43,-32,105
1743497631.836656,-78,-22,111
1743497631.872656,-12,0,179
1743497631.908656,9,-10,69
1743497631.943656,27,69,53
1743497631.979656,-42,5,171
1743497632.014656,9,89,23
1743497632.0496562,-10,-91,133
1743497632.084656,17,24,197
1743497632.120656,-56,12,153
1743497632.156656,-30,-22,145
1743497632.191656,19,-11,77
1743497632.227656,-70,-62,67
1743497632.262656,1,-22,219
1743497632.297656,33,29,217
1743497632.332656,-6,23,185
1743497632.3686562,59,39,33
1743497632.4046562,-22,-58,99
1743497632.439656,7,-12,183
1743497632.475656,25,-74,181
1743497632.510656,-4,40,117
1743497632.545656,21,-21,35
1743497632.580656,15,82,179
1743497632.616656,-16,-7,111
1743497632.652656,-70,50,57
1743497632.6876562,47,40,51
1743497632.723656,-38,-53,115
1743497632.758656,-4,-53,15
1743497632.793656,-8,12,11
1743497632.828656,-26,44,233
1743497632.864656,89,-24,101
1743497632.900656,-24,55,187
1743497632.935656,-32,91,-4
1743497632.971656,-24,-36,223
1743497633.0066562,-26,59,117
1743497633.041656,89,-42,169
1743497633.076656,5,33,53
1743497633.112656,51,87,185
1743497633.148656,15,5,73
1743497633.183656,-24,-108,169
1743497633.219656,-22,-68,157
1743497633.254656,51,-32,145
1743497633.2896562,47,63,91
1743497633.324656,13,1,107
1743497633.360656,-34,0,253
1743497633.396656,13,39,95
1743497633.431656,147,19,123
1743497633.467656,-54,11,123
1743497633.502656,-4,-94,11
1743497633.537656,-36,-20,137
1743497633.5726562,-16,7,81
1743497633.6086562,-4,49,229
1743497633.6516562,-50,-14,35
1743497633.6876562,-60,-26,101
1743497633.723656,0,69,87
1743497633.758656,-14,-58,129
1743497633.793656,73,27,127
1743497633.828656,-42,11,175
1743497633.864656,19,33,47
1743497633.900656,-20,-8,187
1743497633.935656,-86,7,101
1743497633.971656,45,15,187
1743497634.0066562,-16,-1,71
1743497634.041656,73,-101,159
1743497634.076656,-32,-1,209
1743497634.112656,42,-41,115
1743497634.148656,-113,40,167
1743497634.183656,-18,40,103
1743497634.219656,0,26,197
1743497634.254656,-3,-9,179
1743497634.2896562,-5,64,85
1743497634.324656,-19,18,169
1743497634.360656,18,-63,47
1743497634.396656,-80,14,151
1743497634.431656,-27,-17,139
1743497634.467656,14,4,237
1743497634.502656,12,-77,7
1743497634.537656,17,58,287
1743497634.5726562,28,-23,127
1743497634.6086562,-9,-5,115
1743497634.644656,17,28,123
1743497634.679656,5,16,69
1743497634.715656,69,8,211
1743497634.750656,-75,-57,151
1743497634.785656,-2,36,169
1743497634.821656,25,-13,147
1743497634.856656,-14,24,163
1743497634.892656,79,-5,227
1743497634.927656,31,-9,167
1743497634.963656,43,-43,91
1743497634.998656,33,2,161
1743497635.033656,-12,62,65
1743497635.069656,65,8,71
1743497635.104656,1,70,31
1743497635.140656,-24,-61,193
1743497635.175656,35,26,29
1743497635.211656,-76,-17,99
1743497635.246656,-22,-55,119
1743497635.281656,-16,-19,181
1743497635.317656,-58,-5,27
1743497635.352656,-86,-47,175
1743497635.388656,5,-9,75
1743497635.423656,-60,8,159
1743497635.459656,-36,-75,183
1743497635.494656,-6,-47,215
1743497635.5296562,-6,-11,97
1743497635.565656,17,-13,271
1743497635.600656,29,-21,281
1743497635.636656,-18,16,71
1743497635.671656,-50,-5,65
1743497635.707656,3,-7,37
1743497635.742656,15,36,193
1743497635.777656,-26,0,139
1743497635.813656,-6,-69,215
1743497635.848656,-32,10,215
1743497635.884656,25,-3,117
1743497635.919656,75,-21,97
1743497635.955656,-110,-15,51
1743497635.990656,23,-1,135
1743497636.025656,-42,-23,135
1743497636.061656,17,48,137
1743497636.096656,25,-33,147
1743497636.132656,31,-55,121
1743497636.167656,-70,14,199
1743497636.203656,-68,-35,115
1743497636.238656,-88,-29,115
1743497636.273656,-28,-47,289
1743497636.309656,0,-59,181
1743497636.344656,5,7,81
1743497636.380656,-18,-4,151
1743497636.415656,-48,-34,191
1743497636.451656,-42,-8,187
1743497636.486656,31,-14,67
1743497636.521656,13,49,173
1743497636.557656,19,29,103
1743497636.592656,1,34,81
1743497636.628656,57,42,163
1743497636.663656,-62,24,153
1743497636.699656,31,-53,171
1743497636.734656,-32,-51,47
1743497636.769656,17,24,73
1743497636.805656,-28,-26,85
1743497636.840656,19,-44,127
1743497636.876656,-20,15,87
1743497636.911656,-18,9,139
1743497636.9476562,-8,-10,413
1743497636.982656,-4,2,137
1743497637.017656,-78,-2,71
1743497637.053656,3,-36,65
1743497637.088656,9,25,185
1743497637.124656,25,26,233
1743497637.159656,-38,-13,171
1743497637.195656,-6,-3,280
1743497637.230656,-38,-41,152
1743497637.265656,3,-31,150
1743497637.301656,105,-18,182
1743497637.336656,-96,58,112
1743497637.372656,5,-11,164
1743497637.407656,5,-47,96
1743497637.443656,-34,79,110
1743497637.478656,-52,-20,104
1743497637.513656,13,37,16
1743497637.5496562,1,-34,156
1743497637.584656,-12,21,130
1743497637.620656,-14,-36,56
1743497637.655656,11,0,168
1743497637.691656,15,-34,120
1743497637.726656,-4,-45,76
1743497637.761656,-14,-7,170
1743497637.797656,-40,-3,116
1743497637.832656,1,-42,250
1743497637.8686562,9,37,92
1743497637.903656,3,-55,178
1743497637.939656,89,-7,166
1743497637.974656,-38,96,52
1743497638.009656,-60,-63,204
1743497638.045656,-50,-65,224
1743497638.080656,89,36,156
1743497638.116656,81,-17,54
1743497638.1516562,-90,-69,150
1743497638.186656,-16,22,248
1743497638.221656,-36,20,208
1743497638.257656,-58,24,78
1743497638.293656,-2,90,56
1743497638.328656,-10,34,140
1743497638.364656,-42,12,136
1743497638.399656,-42,-51,210
1743497638.434656,17,-33,200
1743497638.469656,1,-41,146
1743497638.505656,23,-23,206
1743497638.541656,-16,-35,158
1743497638.576656,13,-35,282
1743497638.612656,24,44,113
1743497638.647656,-33,-11,71
1743497638.682656,-12,122,175
1743497638.717656,29,-57,139
1743497638.753656,-88,60,0
1743497638.7896562,5,-93,125
1743497638.824656,7,-49,113
1743497638.860656,-72,28,179
1743497638.895656,41,46,125
1743497638.930656,-18,-29,259
1743497638.965656,-20,-51,109
1743497639.001656,21,4,119
1743497639.037656,45,-61,115
1743497639.0726562,47,-41,205
1743497639.1086562,47,-31,205
1743497639.143656,-60,-1,127
1743497639.178656,-48,-79,45
1743497639.213656,-8,-85,43
1743497639.249656,37,54,127
1743497639.285656,11,10,93
1743497639.320656,101,-1,47
1743497639.356656,55,-9,103
1743497639.3916562,21,13,225
1743497639.426656,-26,24,233
1743497639.461656,61,-12,-26
1743497639.497656,1,-58,315
1743497639.533656,15,57,245
1743497639.568656,1,-6,125
1743497639.604656,77,51,191
1743497639.639656,-60,57,63
1743497639.6746562,61,37,133
1743497639.709656,29,-40,61
1743497639.745656,59,0,15
1743497639.781656,75,-10,99
1743497639.816656,-42,33,101
1743497639.852656,-8,-42,149
1743497639.887656,-80,27,171
1743497639.922656,33,79,253
1743497639.957656,-2,-42,45
1743497639.9936562,-2,89,149
1743497640.0296562,17,5,111
1743497640.064656,0,-77,209
1743497640.100656,-44,60,163
1743497640.135656,-16,25,123
1743497640.170656,-20,0,87
1743497640.205656,-2,-4,133
1743497640.241656,-12,27,233
1743497640.277656,-90,-47,193
1743497640.3126562,35,12,97
1743497640.348656,133,0,77
1743497640.383656,-84,-43,73
1743497640.418656,19,20,13
1743497640.453656,17,18,87
1743497640.489656,-22,32,217
1743497640.525656,15,22,157
1743497640.560656,29,8,237
1743497640.596656,-16,-5,63
1743497640.6316562,0,-25,71
1743497640.666656,47,-39,137
1743497640.701656,33,2,90
1743497640.737656,-6,22,124
1743497640.773656,53,38,142
1743497640.808656,7,-49,24
1743497640.844656,89,50,180
1743497640.879656,7,64,-27
1743497640.9146562,-130,-35,268
1743497640.949656,5,-27,26
1743497640.985656,59,-23,160
1743497641.021656,-34,29,254
1743497641.056656,-4,-16,138
1743497641.092656,-2,73,132
1743497641.127656,15,-8,58
1743497641.162656,-108,-68,174
1743497641.1976562,-14,1,16
1743497641.2336562,5,6,208
1743497641.269656,-18,-73,32
1743497641.304656,45,-11,184
1743497641.340656,27,18,130
1743497641.375656,-70,33,-43
1743497641.410656,-28,-2,80
1743497641.445656,19,80,124
1743497641.481656,19,-68,148
1743497641.517656,13,-16,100
1743497641.552656,-78,-78,92
1743497641.588656,25,33,188
1743497641.623656,-86,7,136
1743497641.658656,-82,-12,140
1743497641.693656,69,-56,158
1743497641.729656,-54,23,142
1743497641.765656,23,-60,136
1743497641.800656,-38,45,140
1743497641.836656,27,15,50
1743497641.871656,-54,27,182
1743497641.906656,-52,19,100
1743497641.941656,43,19,62
1743497641.977656,65,-10,89
1743497642.013656,-20,17,115
1743497642.048656,-50,65,155
1743497642.084656,31,35,197
1743497642.119656,-36,-31,109
1743497642.1546562,57,48,-22
1743497642.189656,-62,28,157
1743497642.225656,-34,-39,189
1743497642.261656,71,88,133
1743497642.296656,29,16,97
1743497642.332656,39,-27,139
1743497642.367656,-36,12,163
1743497642.402656,81,37,165
1743497642.4376562,49,17,191
1743497642.473656,21,-64,65
1743497642.509656,-30,35,169
1743497642.544656,-46,-12,135
1743497642.580656,8,-4,65
1743497642.615656,64,38,199
1743497642.650656,-5,35,169
1743497642.685656,42,-17,157
1743497642.721656,10,120,163
1743497642.757656,-8,-39,125
1743497642.792656,51,4,253
1743497642.828656,-56,-47,113
1743497642.863656,44,38,113
1743497642.898656,56,4,19
1743497642.933656,-79,-33,175
1743497642.969656,6,42,211
1743497643.005656,-1,16,139
1743497643.040656,-55,1,107
1743497643.076656,-23,4,57
1743497643.111656,-3,36,125
1743497643.146656,-97,18,263
1743497643.181656,-7,38,257
1743497643.217656,-91,52,143
1743497643.253656,0,-39,143
1743497643.288656,-13,42,127
1743497643.324656,100,-15,55
1743497643.359656,32,16,175
1743497643.394656,74,-4,119
1743497643.429656,24,-28,107
1743497643.465656,32,57,157
1743497643.501656,-39,51,87
1743497643.536656,-7,-24,125
1743497643.5726562,-37,11,169
1743497643.607656,-43,27,107
1743497643.642656,6,-10,51
1743497643.685656,-26,-14,111
1743497643.721656,-46,53,187
1743497643.757656,17,29,183
1743497643.792656,-58,-11,211
1743497643.828656,77,46,171
1743497643.863656,31,6,237
1743497643.898656,-12,-7,0
1743497643.933656,43,76,235
1743497643.969656,59,-7,143
1743497644.005656,50,-3,55
1743497644.040656,72,-67,141
1743497644.076656,-7,-101,203
1743497644.111656,30,8,169
1743497644.146656,52,-45,23
1743497644.182656,50,44,151
1743497644.217656,34,6,85
1743497644.253656,-131,-19,159
1743497644.288656,-35,-17,253
1743497644.324656,6,-18,81
1743497644.359656,8,-48,57
1743497644.394656,-25,2,251
1743497644.430656,-45,36,129
1743497644.465656,0,39,123
1743497644.501656,-16,-62,151
1743497644.536656,65,64,109
1743497644.5726562,-22,28,131
1743497644.607656,15,42,261
1743497644.642656,17,-49,119
1743497644.678656,-42,48,109
1743497644.713656,1,34,155
1743497644.749656,-26,14,69
1743497644.784656,0,0,159
1743497644.820656,11,44,137
1743497644.855656,59,-47,131
1743497644.890656,37,70,199
1743497644.926656,-3,20,73
1743497644.961656,-27,34,57
1743497644.997656,65,14,95
1743497645.032656,3,8,85
1743497645.068656,1,8,113
1743497645.103656,5,-55,133
1743497645.138656,-26,36,-8
1743497645.1746562,36,16,183
1743497645.209656,13,-15,135
1743497645.245656,-14,-7,137
1743497645.280656,49,-117,45
1743497645.316656,-50,-3,213
1743497645.351656,41,-11,99
1743497645.386656,-33,-23,211
1743497645.422656,-29,-25,135
1743497645.457656,-51,-3,-42
1743497645.4936562,-55,26,90
1743497645.528656,-31,-67,58
1743497645.564656,-69,-43,106
1743497645.599656,-83,20,146
1743497645.634656,-21,10,46
1743497645.670656,-19,34,112
1743497645.705656,-41,-31,214
1743497645.741656,42,12,94
1743497645.7766562,-39,-37,120
1743497645.8126562,29,-11,116
1743497645.847656,29,78,213
1743497645.882656,45,54,258
1743497645.918656,3,44,168
1743497645.953656,17,10,138
1743497645.989656,39,58,153
1743497646.024656,-20,-60,222
1743497646.060656,13,-19,114
1743497646.0956562,9,22,160
1743497646.130656,-18,46,244
1743497646.166656,-98,-29,158
1743497646.201656,33,44,246
1743497646.237656,15,-33,46
1743497646.272656,-20,-30,48
1743497646.308656,11,73,184
1743497646.343656,-8,-24,88
1743497646.378656,-32,51,90
1743497646.4146562,59,-8,110
1743497646.449656,-24,23,234
1743497646.485656,31,-66,158
1743497646.520656,-6,89,74
1743497646.556656,19,-8,132
1743497646.591656,17,79,-143
1743497646.626656,1,-24,160
1743497646.662656,-44,23,94
1743497646.6976562,-66,15,44
1743497646.7336562,9,-76,102
1743497646.768656,81,21,182
1743497646.804656,27,0,142
1743497646.839656,-40,-36,176
1743497646.874656,87,-16,256
1743497646.910656,-6,1,156
1743497646.945656,-58,-26,160
1743497646.981656,19,-18,228
1743497647.0166562,7,47,4
1743497647.052656,-56,-54,166
1743497647.087656,27,-38,160
1743497647.122656,25,-26,128
1743497647.158656,-10,-10,154
1743497647.193656,17,47,86
1743497647.229656,23,-22,130
1743497647.264656,-28,-48,130
1743497647.300656,27,-14,162
1743497647.3356562,-16,5,264
1743497647.370656,-4,27,52
1743497647.406656,9,25,96
1743497647.441656,35,89,186
1743497647.477656,-8,33,146
1743497647.512656,33,89,156
1743497647.548656,-26,7,156
1743497647.584656,-40,81,176
1743497647.620656,29,-102,146
1743497647.656656,-24,-16,188
1743497647.692656,-66,39,82
1743497647.728656,-10,-70,104
1743497647.763656,75,71,206
1743497647.798656,11,-21,102
1743497647.834656,11,36,166
1743497647.870656,-4,-19,168
1743497647.905656,51,16,116
1743497647.941656,29,6,116
1743497647.976656,11,-21,228
1743497648.011656,-44,36,170
1743497648.046656,-46,38,14
1743497648.082656,29,84,160
1743497648.1186562,-80,68,-37
1743497648.153656,-8,-44,160
1743497648.189656,21,-9,112
1743497648.224656,17,-1,176
1743497648.259656,-70,-61,177
1743497648.294656,-48,-33,11
1743497648.330656,-20,-52,183
1743497648.366656,-28,43,177
1743497648.4016562,-28,73,95
1743497648.4376562,11,73,209
1743497648.472656,-10,-52,131
1743497648.507656,23,15,143
1743497648.542656,-8,-11,87
1743497648.578656,-50,-59,174
1743497648.614656,21,4,150
1743497648.649656,13,-77,130
1743497648.685656,15,-5,148
1743497648.7206562,75,18,54
1743497648.755656,-32,8,158
1743497648.790656,-58,-3,162
1743497648.826656,47,52,44
1743497648.862656,-40,-3,146
1743497648.897656,13,31,176
1743497648.933656,39,-46,146
1743497648.968656,23,-48,112
1743497649.003656,-12,-2,-49
1743497649.038656,7,-8,138
1743497649.074656,-34,17,146
1743497649.110656,25,-44,90
1743497649.145656,-30,-10,66
1743497649.181656,-50,5,94
1743497649.216656,69,63,154
1743497649.251656,55,37,42
1743497649.286656,-47,85,-13
1743497649.3226562,-69,19,44
1743497649.3586562,12,57,60
1743497649.393656,-9,4,88
1743497649.429656,-29,0,116
1743497649.464656,10,-15,76
1743497649.499656,10,-37,38
1743497649.534656,17,-27,172
1743497649.570656,13,-7,178
1743497649.606656,51,11,224
1743497649.6416562,19,-66,14
1743497649.677656,-16,-2,4
1743497649.712656,103,-28,100
1743497649.747656,0,8,36
1743497649.782656,29,0,222
1743497649.818656,61,7,158
1743497649.854656,-12,55,16
1743497649.889656,-8,-39,192
1743497649.925656,45,-36,166
1743497649.9606562,11,5,116
1743497649.995656,33,49,172
1743497650.030656,51,-48,190
1743497650.066656,3,9,116
1743497650.102656,61,29,192
1743497650.137656,11,-28,106
1743497650.173656,-4,51,72
1743497650.208656,21,-26,168
1743497650.2436562,19,51,74
1743497650.278656,7,-12,122
1743497650.314656,15,-24,204
1743497650.350656,41,15,156
1743497650.385656,73,-36,150
1743497650.421656,28,57,96
1743497650.456656,24,-40,110
1743497650.491656,56,65,116
1743497650.5266562,-25,-22,112
1743497650.5626562,66,-26,92
1743497650.598656,-29,-8,118
1743497650.633656,18,-70,236
1743497650.669656,32,-28,24
1743497650.704656,-93,39,120
1743497650.739656,-39,65,134
1743497650.774656,-40,-6,170
1743497650.810656,-6,79,179
1743497650.846656,-34,0,123
1743497650.8816562,91,-2,170
1743497650.917656,11,13,106
1743497650.952656,-24,13,237
1743497650.987656,-40,-12,105
1743497651.022656,5,75,125
1743497651.058656,53,-10,-18
1743497651.094656,7,37,193
1743497651.129656,-12,23,-38
1743497651.165656,73,39,161
1743497651.200656,-26,39,149
1743497651.235656,-30,-2,159
1743497651.270656,47,-34,155
1743497651.306656,-76,5,17
1743497651.342656,-6,-30,131
1743497651.377656,-54,7,259
1743497651.413656,1,15,-50
1743497651.448656,17,-14,133
1743497651.4836562,-41,-24,133
1743497651.518656,-41,-20,157
1743497651.554656,8,-22,127
1743497651.590656,-19,23,45
1743497651.625656,-97,35,91
1743497651.661656,-51,35,119
1743497651.696656,48,63,335
1743497651.731656,-67,-8,121
1743497651.7666562,80,63,9
1743497651.802656,-23,42,89
1743497651.838656,-30,-7,99
1743497651.873656,13,11,163
1743497651.909656,-56,18,139
1743497651.944656,75,-28,115
1743497651.979656,75,-72,77
1743497652.014656,65,-35,99
1743497652.050656,-68,37,161
1743497652.086656,-22,7,217
1743497652.121656,9,-54,173
1743497652.157656,105,-86,85
1743497652.192656,-2,-58,199
1743497652.227656,-52,53,139
1743497652.262656,45,-50,175
1743497652.298656,31,29,141
1743497652.334656,47,75,149
1743497652.369656,-4,-56,169
1743497652.405656,-28,-23,141
1743497652.440656,45,-36,185
1743497652.475656,-2,37,115
1743497652.511656,5,-74,95
1743497652.546656,5,-55,39
1743497652.582656,87,-65,131
1743497652.617656,17,22,115
1743497652.653656,5,62,121
1743497652.688656,-32,-35,231
1743497652.723656,-16,14,183
1743497652.758656,65,78,223
1743497652.794656,1,-59,33
1743497652.830656,13,-29,169
1743497652.865656,-20,64,129
1743497652.9016562,0,0,125
1743497652.936656,-10,-29,215
1743497652.971656,-114,-23,239
1743497653.007656,31,-11,113
1743497653.043656,79,-13,197
1743497653.078656,-52,12,141
1743497653.114656,-36,-33,232
1743497653.150656,-34,22,196
1743497653.185656,19,100,96
1743497653.221656,-42,2,166
1743497653.2566562,57,-21,124
1743497653.291656,118,24,152
1743497653.326656,-1,-31,100
1743497653.362656,53,-49,206
1743497653.398656,-50,-9,114
1743497653.433656,3,0,156
1743497653.469656,-28,-15,66
1743497653.504656,81,62,124
1743497653.5396562,-114,-29,48
1743497653.574656,-34,-23,162
1743497653.610656,3,32,144
1743497653.646656,-74,-73,202
1743497653.688656,23,12,208
1743497653.725656,58,66,158
1743497653.760656,6,3,92
1743497653.795656,2,-20,144
1743497653.831656,2,-19,126
1743497653.866656,-20,-119,162
1743497653.902656,29,-81,114
1743497653.9376562,-6,34,124
1743497653.973656,-6,64,110
1743497654.008656,-44,4,70
1743497654.043656,-37,10,90
1743497654.079656,66,4,162
1743497654.114656,-15,20,70
1743497654.150656,-39,100,89
1743497654.185656,18,-17,85
1743497654.221656,18,22,123
1743497654.2566562,-37,20,155
1743497654.291656,88,20,111
1743497654.327656,-11,-11,11
1743497654.362656,22,-76,77
1743497654.398656,17,-37,103
1743497654.433656,-26,12,79
1743497654.469656,43,-4,173
1743497654.504656,21,-6,101
1743497654.5396562,53,2,243
1743497654.575656,5,-18,155
1743497654.610656,-62,-30,173
1743497654.646656,-46,-11,111
1743497654.681656,-38,76,127
1743497654.717656,21,46,193
1743497654.752656,-16,-5,235
1743497654.787656,-16,37,-10
1743497654.823656,28,74,157
1743497654.8586562,-10,15,107
1743497654.894656,-35,81,71
1743497654.929656,60,32,239
1743497654.965656,36,5,149
1743497655.000656,-77,5,163
1743497655.035656,20,65,-2
1743497655.071656,72,-20,45
1743497655.106656,-51,-20,97
1743497655.142656,28,-38,25
1743497655.177656,70,26,217
1743497655.213656,-49,-49,179
1743497655.248656,-81,52,181
1743497655.283656,58,-37,75
1743497655.319656,36,-25,161
1743497655.354656,-17,6,121
1743497655.390656,-69,16,-6
1743497655.425656,-37,50,103
1743497655.461656,24,78,293
1743497655.496656,46,-9,41
1743497655.531656,16,82,239
1743497655.567656,14,-9,155
1743497655.602656,-33,68,5
1743497655.638656,0,-21,143
1743497655.673656,46,36,77
1743497655.709656,-9,-64,155
1743497655.744656,40,-20,53
1743497655.7796562,-47,14,21
1743497655.815656,16,-7,131
1743497655.850656,64,-31,65
1743497655.886656,46,-51,151
1743497655.921656,28,-59,101
1743497655.957656,-42,19,41
1743497655.992656,-35,45,243
1743497656.027656,-14,59,99
1743497656.063656,63,-68,83
1743497656.098656,16,15,131
1743497656.134656,-32,-6,173
1743497656.169656,49,77,171
1743497656.205656,-26,-73,239
1743497656.240656,-43,27,125
1743497656.275656,2,66,157
1743497656.311656,42,43,191
1743497656.346656,-37,-20,75
1743497656.382656,-43,24,95
1743497656.417656,12,12,203
1743497656.453656,-75,-19,151
1743497656.488656,-11,-52,225
1743497656.523656,-17,-57,91
1743497656.559656,-81,38,115
1743497656.594656,106,52,165
1743497656.630656,12,-21,107
1743497656.665656,18,-3,23
1743497656.701656,-37,-19,163
1743497656.736656,-41,55,261
1743497656.771656,18,17,189
1743497656.807656,70,-25,81
1743497656.842656,-27,-21,141
1743497656.878656,-35,-27,143
1743497656.913656,30,-33,231
1743497656.949656,18,26,137
1743497656.984656,-91,-19,153
1743497657.019656,62,-1,149
1743497657.055656,-21,92,153
1743497657.090656,-53,2,159
1743497657.126656,-3,-85,-50
1743497657.161656,52,-41,157
1743497657.1976562,-119,-7,155
1743497657.2336562,-7,-31,161
1743497657.269656,-75,-23,57
1743497657.305656,-33,-63,193
1743497657.340656,32,2,113
1743497657.375656,-19,-67,143
1743497657.411656,-113,65,175
1743497657.4476562,66,109,163
1743497657.482656,-13,-18,249
1743497657.518656,-45,-54,157
1743497657.553656,-34,-32,139
1743497657.588656,81,9,99
1743497657.623656,57,5,73
1743497657.659656,0,-52,103
1743497657.695656,7,37,47
1743497657.730656,-4,17,99
1743497657.7666562,-64,25,109
1743497657.801656,63,59,207
1743497657.836656,53,13,119
1743497657.871656,-47,-68,117
1743497657.907656,93,43,169
1743497657.943656,34,-6,107
1743497657.978656,-49,36,75
1743497658.014656,-67,16,175
1743497658.0496562,-65,12,73
1743497658.084656,30,-53,59
1743497658.119656,69,14,169
1743497658.155656,-58,16,133
1743497658.191656,5,30,205
1743497658.226656,3,32,183
1743497658.262656,-4,2,173
1743497658.297656,41,80,163
1743497658.332656,-33,0,121
1743497658.367656,28,-1,103
1743497658.403656,46,-5,89
1743497658.439656,48,-65,91
1743497658.474656,32,-101,71
1743497658.510656,10,-33,173
1743497658.545656,46,-71,131
1743497658.580656,10,20,87
1743497658.615656,20,-23,155
1743497658.6516562,-25,-21,81
1743497658.6876562,48,92,213
1743497658.722656,-63,36,171
1743497658.758656,8,-39,183
1743497658.793656,-37,76,53
1743497658.828656,34,58,173
1743497658.863656,-33,-11,157
1743497658.899656,-47,27,63
1743497658.935656,-27,-24,109
1743497658.9706562,42,-114,71
1743497659.0066562,-65,21,153
1743497659.041656,-11,86,185
1743497659.076656,-5,58,129
1743497659.111656,66,-19,71
1743497659.147656,0,40,127
1743497659.183656,-23,-15,145
1743497659.218656,-9,38,45
1743497659.254656,-37,54,89
1743497659.2896562,4,-21,61
1743497659.324656,36,16,143
1743497659.359656,-27,24,45
1743497659.395656,0,-15,115
1743497659.431656,0,16,129
1743497659.466656,21,14,123
1743497659.502656,0,-23,125
1743497659.537656,-76,-11,139
1743497659.5726562,13,-17,181
1743497659.607656,29,64,75
1743497659.643656,-52,-109,163
1743497659.679656,-42,50,89
1743497659.714656,-82,-15,63
1743497659.750656,77,-51,101
1743497659.785656,-26,14,179
1743497659.820656,-12,-59,45
1743497659.855656,84,-11,45
1743497659.8916562,-70,58,-52
1743497659.927656,-14,22,181
1743497659.962656,7,-49,129
1743497659.998656,-14,-19,139
1743497660.033656,-66,-15,-50
1743497660.068656,25,2,169
1743497660.103656,-74,-27,189
1743497660.139656,127,-33,159
1743497660.175656,91,-39,111
1743497660.2106562,32,26,125
1743497660.246656,81,28,211
1743497660.281656,1,10,93
1743497660.316656,-14,-73,119
1743497660.351656,37,-37,101
1743497660.387656,-72,28,169
1743497660.423656,-2,-67,15
1743497660.458656,-68,-1,151
1743497660.494656,25,64,215
1743497660.5296562,-20,18,239
1743497660.564656,-88,64,183
1743497660.599656,45,18,61
1743497660.635656,-108,-43,113
1743497660.671656,55,10,111
1743497660.706656,-38,56,205
1743497660.742656,75,-69,133
1743497660.777656,-10,-9,265
1743497660.8126562,-16,-33,159
1743497660.847656,-92,14,365
1743497660.883656,-4,-27,293
1743497660.919656,-82,-39,177
1743497660.954656,47,-23,167
1743497660.990656,3,-57,91
1743497661.025656,55,-55,99
1743497661.060656,41,-69,97
1743497661.0956562,-10,4,205
1743497661.1316562,-40,-41,199
1743497661.167656,25,22,55
1743497661.202656,1,40,119
1743497661.238656,-20,62,71
1743497661.273656,32,-59,75
1743497661.308656,-38,26,125
1743497661.343656,109,108,161
1743497661.379656,-20,28,73
1743497661.415656,-74,-7,145
1743497661.450656,63,-37,155
1743497661.486656,-48,80,151
1743497661.521656,-38,14,131
1743497661.556656,7,58,159
1743497661.591656,19,13,141
1743497661.627656,95,1,151
1743497661.663656,-4,-71,123
1743497661.698656,-86,-57,231
1743497661.734656,-48,14,99
1743497661.769656,-34,-65,111
1743497661.804656,21,44,73
1743497661.839656,-2,6,175
1743497661.875656,63,-29,141
1743497661.911656,-14,-3,149
1743497661.946656,0,-79,123
1743497661.982656,-56,36,59
1743497662.017656,-8,-37,199
1743497662.052656,-98,-33,29
1743497662.087656,63,20,109
1743497662.123656,27,-21,93
1743497662.159656,-23,-9,135
1743497662.194656,48,56,119
1743497662.230656,-49,34,175
1743497662.265656,56,-45,159
1743497662.300656,-59,-67,179
1743497662.3356562,-23,27,29
1743497662.371656,15,-24,71
1743497662.407656,10,2,83
1743497662.442656,33,-51,85
1743497662.478656,61,-11,123
1743497662.513656,-20,4,45
1743497662.548656,97,68,179
1743497662.583656,57,6,67
1743497662.619656,-74,28,197
1743497662.655656,81,60,91
1743497662.690656,35,-27,193
1743497662.726656,-24,44,71
1743497662.761656,10,-9,55
1743497662.796656,-7,26,209
1743497662.831656,-35,-39,187
1743497662.867656,-49,40,143
1743497662.903656,-19,-67,139
1743497662.938656,8,-31,135
1743497662.974656,-23,20,173
1743497663.009656,-23,30,57
1743497663.044656,80,-49,177
1743497663.079656,-25,40,215
1743497663.115656,44,18,95
1743497663.1516562,108,-25,293
1743497663.186656,-23,-35,167
1743497663.222656,-101,-23,151
1743497663.257656,-5,-9,169
1743497663.292656,36,-11,103
1743497663.328656,30,40,105
1743497663.363656,-43,40,65
1743497663.399656,100,10,223
1743497663.434656,46,-13,183
1743497663.4706562,-29,-31,217
1743497663.505656,26,-15,119
1743497663.540656,32,44,167
1743497663.576656,-27,34,-28
1743497663.611656,42,-17,267
1743497663.647656,40,-18,71
1743497663.689656,24,123,121
1743497663.726656,-103,37,145
1743497663.761656,-93,79,189
1743497663.796656,-23,-32,145
1743497663.832656,10,-7,151
1743497663.867656,-20,12,175
1743497663.903656,51,4,81
1743497663.938656,20,33,257
1743497663.974656,42,31,71
1743497664.009656,-11,-36,161
1743497664.044656,-51,-50,99
1743497664.080656,-9,-1,215
1743497664.115656,42,12,69
1743497664.1516562,58,-61,187
1743497664.186656,55,-93,147
1743497664.222656,13,93,191
1743497664.257656,41,-87,65
1743497664.292656,103,-29,147
1743497664.328656,-11,-37,157
1743497664.363656,-39,68,147
1743497664.399656,0,-33,117
1743497664.434656,4,-34,141
1743497664.4706562,78,43,121
1743497664.505656,60,-18,25
1743497664.540656,-57,3,85
1743497664.576656,-49,-70,141
1743497664.611656,20,-26,107
1743497664.647656,-9,-30,193
1743497664.682656,28,-4,157
1743497664.718656,-65,55,292
1743497664.753656,-3,35,176
1743497664.788656,-33,-40,104
1743497664.824656,12,-12,72
1743497664.859656,8,-20,122
1743497664.895656,47,-36,146
1743497664.930656,-119,49,234
1743497664.966656,-56,-40,142
1743497665.001656,9,-58,134
1743497665.036656,-50,57,202
1743497665.0726562,52,61,132
1743497665.107656,24,-33,162
1743497665.143656,46,-54,30
1743497665.178656,12,3,106
1743497665.214656,12,43,146
1743497665.249656,14,-14,254
1743497665.284656,16,-34,210
1743497665.320656,-41,-16,36
1743497665.355656,-15,1,72
1743497665.3916562,10,17,108
1743497665.426656,20,51,48
1743497665.462656,-13,-8,90
1743497665.497656,-7,71,212
1743497665.532656,-61,-26,178
1743497665.568656,-15,-26,46
1743497665.603656,-21,-2,102
1743497665.639656,-87,9,92
1743497665.6746562,110,-16,150
1743497665.7106562,0,67,204
1743497665.745656,50,-42,158
1743497665.780656,-3,-10,242
1743497665.816656,-3,-52,174
1743497665.851656,-11,41,240
1743497665.887656,4,23,88
1743497665.922656,-89,-52,102
1743497665.958656,4,-4,90
1743497665.9936562,-41,5,146
1743497666.028656,30,31,152
1743497666.064656,-33,51,138
1743497666.099656,30,33,192
1743497666.135656,12,57,166
1743497666.170656,-9,9,278
1743497666.206656,-65,-8,160
1743497666.241656,12,27,174
1743497666.2766562,-47,-14,160
1743497666.3126562,78,43,108
1743497666.347656,24,65,4
1743497666.383656,18,17,226
1743497666.418656,38,-54,26
1743497666.454656,-77,51,144
1743497666.489656,58,-36,20
1743497666.524656,20,-6,222
1743497666.560656,10,31,32
1743497666.5956562,-121,9,126
1743497666.6316562,-68,15,50
1743497666.666656,6,59,164
1743497666.702656,-28,35,98
1743497666.738656,-20,63,156
1743497666.773656,-32,7,102
1743497666.808656,-32,7,164
1743497666.844656,13,39,28
1743497666.880656,15,-22,18
1743497666.915656,13,0,108
1743497666.951656,67,-19,144
1743497666.986656,-42,33,90
1743497667.021656,75,16,76
1743497667.056656,59,-1,232
1743497667.092656,1,6,162
1743497667.128656,37,-11,134
1743497667.163656,21,-61,70
1743497667.199656,-16,-33,118
1743497667.234656,83,20,130
1743497667.269656,-28,-91,216
1743497667.304656,-38,22,142
1743497667.340656,-18,10,58
1743497667.376656,3,52,154
1743497667.411656,47,34,194
1743497667.4476562,-80,-31,119
1743497667.482656,-40,0,198
1743497667.517656,41,58,203
1743497667.552656,-48,10,208
1743497667.588656,-8,6,178
1743497667.624656,5,10,83
1743497667.659656,87,-53,93
1743497667.695656,79,14,49
1743497667.730656,-44,24,245
1743497667.765656,-60,14,191
1743497667.800656,-10,44,91
1743497667.836656,43,-55,105
1743497667.872656,-34,-15,157
1743497667.907656,-44,-59,105
1743497667.943656,13,14,51
1743497667.978656,0,-9,125
1743497668.013656,35,-27,49
1743497668.048656,-36,80,139
1743497668.084656,33,28,45
1743497668.120656,-52,-29,71
1743497668.155656,119,-51,65
1743497668.191656,21,-63,155
1743497668.226656,39,-13,77
1743497668.261656,-76,44,61
1743497668.296656,-28,-51,161
1743497668.332656,65,-49,59
1743497668.3686562,-20,-43,161
1743497668.403656,13,-5,237
1743497668.439656,5,-7,139
1743497668.474656,0,-25,231
1743497668.509656,-42,-15,187
1743497668.544656,-62,-39,0
1743497668.580656,21,-29,75
1743497668.616656,35,-41,77
1743497668.6516562,-6,-5,113
1743497668.6876562,-42,-25,105
1743497668.722656,27,22,159
1743497668.757656,-38,-3,215
1743497668.792656,-100,0,167
1743497668.828656,67,-33,167
1743497668.864656,-26,4,73
1743497668.899656,23,-15,187
1743497668.935656,-80,20,119
1743497668.9706562,33,24,191
1743497669.005656,-78,26,141
1743497669.040656,-102,72,205
1743497669.076656,-6,26,33
1743497669.112656,-34,-43,141
1743497669.147656,-26,-11,119
1743497669.183656,81,26,149
1743497669.218656,7,-39,263
1743497669.253656,-18,32,215
1743497669.288656,-2,38,143
1743497669.324656,9,-24,201
1743497669.360656,-64,23,79
1743497669.395656,0,5,203
1743497669.431656,59,3,205
1743497669.466656,-14,-28,187
1743497669.501656,29,-52,135
1743497669.536656,-4,-27,121
1743497669.5726562,-48,-47,113
1743497669.6086562,91,-57,301
1743497669.643656,95,-3,152
1743497669.679656,-18,8,35
1743497669.714656,0,-15,241
1743497669.749656,9,-93,63
1743497669.784656,-40,14,141
1743497669.820656,-32,50,157
1743497669.856656,66,-3,55
1743497669.8916562,-24,16,175
1743497669.927656,-26,-12,89
1743497669.962656,-3,-13,29
1743497669.997656,6,48,9
1743497670.032656,-6,-25,35
1743497670.068656,27,-10,191
1743497670.104656,-49,82,157
1743497670.139656,29,88,159
1743497670.175656,-27,4,141
1743497670.2106562,32,-5,5
1743497670.245656,-37,-7,91
1743497670.280656,54,-15,19
1743497670.316656,42,8,199
1743497670.352656,44,46,289
1743497670.387656,-9,-23,35
1743497670.423656,102,0,151
1743497670.458656,16,-35,155
1743497670.4936562,30,26,65
1743497670.528656,74,50,95
1743497670.564656,40,28,107
1743497670.600656,-35,30,177
1743497670.635656,-75,24,95
1743497670.671656,30,-31,183
1743497670.706656,96,0,199
1743497670.741656,-33,-1,109
1743497670.7766562,-51,-15,91
1743497670.8126562,-47,18,117
1743497670.848656,24,44,181
1743497670.883656,-47,8,131
1743497670.919656,-1,50,187
1743497670.954656,150,14,27
1743497670.989656,40,44,127
1743497671.024656,70,40,125
1743497671.060656,-51,-31,125
1743497671.096656,-6,-73,123
1743497671.1316562,-3,-25,177
1743497671.167656,54,74,51
1743497671.202656,-49,-5,121
1743497671.237656,68,-23,145
1743497671.272656,18,-23,131
1743497671.308656,-8,-35,221
1743497671.344656,19,-55,149
1743497671.379656,49,-35,39
1743497671.415656,53,10,171
1743497671.450656,43,20,143
1743497671.485656,5,6,111
1743497671.520656,9,38,57
1743497671.556656,27,26,327
1743497671.592656,31,-65,81
1743497671.627656,-16,36,-14
1743497671.663656,-10,-27,119
1743497671.698656,-10,-4,171
1743497671.7336562,43,-51,203
1743497671.768656,29,34,97
1743497671.804656,-22,-51,77
1743497671.840656,11,20,127
1743497671.875656,-2,60,181
1743497671.911656,-32,86,241
1743497671.946656,3,-83,119
1743497671.981656,5,18,171
1743497672.0166562,-4,4,111
1743497672.052656,-24,54,125
1743497672.088656,49,-63,189
1743497672.123656,-88,42,169
1743497672.159656,19,-27,147
1743497672.194656,67,24,121
1743497672.229656,-72,-87,237
1743497672.264656,35,14,209
1743497672.300656,-76,-45,27
1743497672.336656,-16,-57,105
1743497672.371656,0,-7,133
1743497672.407656,-10,-85,237
1743497672.442656,-32,-31,77
1743497672.477656,-62,-61,129
1743497672.512656,27,-9,-30
1743497672.548656,-46,37,88
1743497672.584656,89,-50,70
1743497672.619656,-28,-10,60
1743497672.655656,27,-36,48
1743497672.690656,3,-42,90
1743497672.725656,-34,-16,150
1743497672.761656,95,-31,158
1743497672.796656,-100,-26,238
1743497672.832656,0,-82,160
1743497672.867656,-60,37,188
1743497672.903656,37,-53,52
1743497672.938656,-60,-91,16
1743497672.973656,-32,26,80
1743497673.009656,17,-23,156
1743497673.044656,-38,34,82
1743497673.080656,9,-1,40
1743497673.115656,-12,-55,44
1743497673.1516562,9,2,90
1743497673.186656,15,-49,138
1743497673.221656,-36,28,192
1743497673.257656,-54,-51,60
1743497673.292656,17,-47,150
1743497673.328656,41,-41,74
1743497673.363656,47,6,202
1743497673.399656,-44,-81,170
1743497673.434656,-22,-11,186
1743497673.469656,45,-19,112
1743497673.505656,-14,-17,80
1743497673.540656,-22,14,216
1743497673.576656,-48,-39,78
1743497673.611656,21,-41,60
1743497673.647656,7,-23,110
1743497673.682656,-18,-3,238
1743497673.724656,-10,-11,156
1743497673.761656,23,44,130
1743497673.796656,27,-7,66
1743497673.832656,-57,4,196
1743497673.867656,-83,24,72
1743497673.903656,-1,16,80
1743497673.938656,-17,28,176
1743497673.973656,-47,-37,196
1743497674.009656,-13,-15,114
1743497674.044656,20,16,68
1743497674.080656,-27,22,132
1743497674.115656,36,-15,34
1743497674.1516562,61,0,176
1743497674.186656,-39,8,208
1743497674.221656,-3,22,46
1743497674.257656,-57,-7,134
1743497674.292656,-67,-31,34
1743497674.328656,49,24,150
1743497674.363656,0,-7,92
1743497674.399656,17,88,210
1743497674.434656,-108,38,166
1743497674.469656,77,40,172
1743497674.505656,-24,-69,66
1743497674.540656,-71,42,130
1743497674.576656,-31,-5,151
1743497674.611656,14,-1,95
1743497674.647656,92,-23,45
1743497674.682656,-59,80,60
1743497674.717656,0,-31,158
1743497674.753656,-47,-15,214
1743497674.788656,-43,2,116
1743497674.824656,74,-87,258
1743497674.859656,2,8,179
1743497674.895656,76,-33,247
1743497674.930656,10,-19,69
1743497674.965656,-63,-47,103
1743497675.001656,-41,-13,223
1743497675.036656,14,-33,-12
1743497675.0726562,74,-25,129
1743497675.107656,57,16,147
1743497675.143656,-3,-41,217
1743497675.178656,-81,-41,73
1743497675.213656,43,-15,91
1743497675.249656,7,-17,117
1743497675.284656,47,-11,159
1743497675.320656,9,34,35
1743497675.355656,39,-17,99
1743497675.3916562,-56,16,163
1743497675.426656,51,-25,25
1743497675.461656,-44,-31,49
1743497675.497656,15,24,305
1743497675.532656,23,8,163
1743497675.568656,5,-25,25
1743497675.603656,3,-39,227
1743497675.639656,3,74,79
1743497675.6746562,-50,58,167
1743497675.709656,-30,12,33
1743497675.745656,5,46,137
1743497675.780656,-14,46,257
1743497675.816656,-14,106,93
1743497675.851656,37,32,159
1743497675.887656,19,44,101
1743497675.922656,17,-80,135
1743497675.957656,-32,6,133
1743497675.9936562,3,-61,91
1743497676.028656,-34,13,177
1743497676.064656,0,3,145
1743497676.099656,57,63,207
1743497676.135656,9,24,115
1743497676.170656,7,18,209
1743497676.205656,-22,12,149
1743497676.241656,-71,8,193
1743497676.2766562,22,36,191
1743497676.3126562,102,-47,147
1743497676.347656,-16,28,178
1743497676.383656,-32,30,110
1743497676.419656,19,-81,146
1743497676.455656,47,7,52
1743497676.491656,47,19,12
1743497676.5266562,55,-20,184
1743497676.561656,-96,117,164
1743497676.597656,-32,-34,160
1743497676.633656,-16,-50,108
1743497676.668656,48,-14,100
1743497676.704656,-5,43,202
1743497676.739656,-9,-18,110
1743497676.774656,-11,-50,88
1743497676.809656,0,-20,138
1743497676.8456562,-2,-42,124
1743497676.8816562,57,-82,254
1743497676.916656,29,-34,-11
1743497676.952656,-8,25,34
1743497676.987656,-16,58,124
1743497677.022656,39,48,138
1743497677.057656,3,-13,114
1743497677.093656,-28,-49,54
1743497677.129656,-30,-17,118
1743497677.1646562,-10,-70,144
1743497677.200656,-20,-12,124
1743497677.235656,5,-6,60
1743497677.270656,33,-14,72
1743497677.305656,-10,25,36
1743497677.341656,-48,-23,118
1743497677.377656,11,44,-47
1743497677.412656,-32,36,72
1743497677.448656,59,84,152
1743497677.4836562,45,0,200
1743497677.518656,-6,42,176
1743497677.553656,47,54,210
1743497677.589656,-14,-3,152
1743497677.625656,0,18,142
1743497677.660656,57,30,52
1743497677.696656,0,-3,124
1743497677.731656,-92,-23,202
1743497677.7666562,61,41,132
1743497677.801656,61,109,182
1743497677.837656,-66,45,180
1743497677.873656,-18,-48,104
1743497677.908656,27,3,98
1743497677.944656,-26,-30,232
1743497677.979656,127,-48,98
1743497678.014656,25,-28,172
1743497678.0496562,31,-48,126
1743497678.0856562,-24,11,236
1743497678.121656,73,-10,88
1743497678.156656,5,-18,262
1743497678.192656,33,9,168
1743497678.227656,49,-36,82
1743497678.262656,-2,-16,116
1743497678.297656,9,-56,186
1743497678.333656,-32,-14,162
1743497678.369656,17,-50,138
1743497678.4046562,-26,39,52
1743497678.440656,27,1,84
1743497678.475656,23,65,100
1743497678.510656,-64,-58,106
1743497678.545656,-52,1,144
1743497678.581656,-24,-26,124
1743497678.617656,0,-16,170
1743497678.652656,5,43,120
1743497678.688656,5,55,34
1743497678.723656,-6,-12,166
1743497678.758656,-40,-50,126
1743497678.793656,31,27,98
1743497678.829656,19,19,88
1743497678.865656,29,-13,62
1743497678.900656,-42,4,88
1743497678.936656,6,34,124
1743497678.971656,46,-27,242
1743497679.0066562,30,-63,200
1743497679.041656,-49,32,98
1743497679.077656,10,50,168
1743497679.113656,-41,-53,60
1743497679.148656,30,-57,80
1743497679.184656,-25,60,236
1743497679.219656,54,-5,124
1743497679.254656,74,-35,280
1743497679.2896562,-15,-11,-9
1743497679.325656,-14,38,120
1743497679.361656,18,48,202
1743497679.396656,28,26,130
1743497679.432656,10,76,100
1743497679.467656,60,-53,98
1743497679.502656,50,-139,66
1743497679.537656,-68,52,28
1743497679.573656,-8,-3,-3
1743497679.609656,-48,22,56
1743497679.644656,7,52,122
1743497679.680656,-18,-25,180
1743497679.715656,93,-75,170
1743497679.750656,14,-15,72
1743497679.785656,-57,32,70
1743497679.821656,20,-36,190
1743497679.857656,10,-90,124
1743497679.892656,44,12,156
1743497679.928656,-11,-37,182
1743497679.963656,-43,-11,128
1743497679.998656,34,30,114
1743497680.033656,-29,75,254
1743497680.069656,-59,15,158
1743497680.105656,24,25,116
1743497680.140656,10,13,88
1743497680.176656,-11,35,164
1743497680.211656,70,18,-19
1743497680.246656,18,-17,78
1743497680.281656,-55,34,210
1743497680.317656,43,-30,160
1743497680.353656,87,-62,132
1743497680.388656,0,-6,180
1743497680.4246562,-22,47,92
1743497680.459656,-4,51,162
1743497680.494656,14,-60,-9
1743497680.5296562,-1,-2,14
1743497680.565656,81,-14,148
1743497680.601656,20,41,134
1743497680.636656,34,-44,52
1743497680.672656,4,-58,150
1743497680.707656,80,-22,-43
1743497680.742656,0,11,140
1743497680.777656,38,49,300
1743497680.813656,42,16,254
1743497680.849656,2,10,192
1743497680.884656,-9,40,98
1743497680.920656,34,-75,40
1743497680.955656,8,-19,142
1743497680.990656,10,-17,68
1743497681.025656,-27,-35,190
1743497681.061656,64,-17,142
1743497681.097656,-41,-45,152
1743497681.132656,-67,-59,176
1743497681.168656,-3,12,184
1743497681.203656,60,-75,134
1743497681.238656,-11,-27,64
1743497681.273656,98,116,146
1743497681.309656,57,-39,128
1743497681.3456562,15,14,144
1743497681.380656,-28,-55,-49
1743497681.416656,-11,35,80
1743497681.451656,-3,2,-23
1743497681.486656,-95,81,294
1743497681.521656,-1,-136,118
1743497681.557656,102,8,126
1743497681.593656,18,-3,96
1743497681.628656,-99,-41,174
1743497681.6646562,-39,-19,136
1743497681.699656,10,16,180
1743497681.734656,14,-14,134
1743497681.769656,10,25,90
1743497681.805656,22,0,106
1743497681.841656,26,65,108
1743497681.876656,13,-50,142
1743497681.912656,88,4,176
1743497681.9476562,-1,-33,12
1743497681.982656,-45,8,22
1743497682.017656,-3,43,134
1743497682.053656,46,11,68
1743497682.089656,-49,14,268
1743497682.124656,50,-17,154
1743497682.160656,24,28,172
1743497682.195656,-23,60,268
1743497682.230656,26,28,114
1743497682.265656,60,5,-13
1743497682.301656,14,-31,204
1743497682.337656,-53,54,158
1743497682.372656,-39,-77,134
1743497682.408656,22,-3,-7
1743497682.443656,-11,58,200
1743497682.478656,16,-1,164
1743497682.514656,52,-5,182
1743497682.5496562,-29,-21,202
1743497682.5856562,38,8,42
1743497682.620656,-43,136,-9
1743497682.656656,-17,34,72
1743497682.691656,-5,4,100
1743497682.726656,-37,10,102
1743497682.762656,-17,-21,58
1743497682.797656,-29,42,132
1743497682.833656,78,16,176
1743497682.8686562,-137,24,134
1743497682.9046562,37,28,204
1743497682.939656,-115,31,204
1743497682.974656,33,-22,180
1743497683.010656,93,5,388
1743497683.045656,33,53,128
1743497683.081656,-18,6,118
1743497683.116656,47,43,186
1743497683.152656,29,-6,210
1743497683.1876562,0,69,142
1743497683.222656,13,-62,106
1743497683.258656,23,-50,130
1743497683.293656,95,31,124
1743497683.329656,29,11,150
1743497683.364656,59,6,226
1743497683.400656,49,-45,154
1743497683.435656,73,34,164
1743497683.4706562,27,26,14
1743497683.5066562,0,-33,152
1743497683.541656,-14,6,88
1743497683.577656,49,12,112
1743497683.612656,-30,4,98
1743497683.648656,55,2,40
1743497683.683656,43,50,120
1743497683.725656,-26,4,130
1743497683.762656,-76,-27,214
1743497683.797656,-2,-33,74
1743497683.833656,-22,54,96
1743497683.8686562,21,-43,120
1743497683.9046562,-66,-67,133
1743497683.939656,47,-27,114
1743497683.974656,65,-53,61
1743497684.010656,27,14,229
1743497684.045656,-24,40,211
1743497684.081656,13,18,249
1743497684.116656,53,64,143
1743497684.152656,-74,-59,11
1743497684.1876562,87,-49,123
1743497684.222656,67,-31,155
1743497684.258656,31,14,119
1743497684.293656,17,-45,97
1743497684.329656,-32,-69,195
1743497684.364656,0,-25,117
1743497684.400656,-18,-21,45
1743497684.435656,-46,22,149
1743497684.4706562,-68,46,-10
1743497684.5066562,47,20,133
1743497684.541656,19,-77,71
1743497684.577656,-14,-23,151
1743497684.612656,-24,90,139
1743497684.648656,75,-59,173
1743497684.683656,-4,-77,159
1743497684.718656,1,30,51
1743497684.754656,0,-23,117
1743497684.7896562,91,28,21
1743497684.825656,27,48,131
1743497684.860656,-30,-23,59
1743497684.896656,-38,78,165
1743497684.931656,-76,-67,119
1743497684.966656,-40,-47,151
1743497685.002656,51,-59,147
1743497685.037656,-44,32,237
1743497685.073656,-78,8,113
1743497685.1086562,-44,26,227
1743497685.144656,-38,2,9
1743497685.179656,-6,-31,137
1743497685.214656,-26,46,225
1743497685.250656,59,-35,137
1743497685.285656,-56,-61,101
1743497685.321656,23,-29,163
1743497685.356656,15,82,129
1743497685.392656,37,-55,85
1743497685.427656,73,22,121
1743497685.462656,-10,20,229
1743497685.498656,-4,-23,171
1743497685.533656,-40,120,203
1743497685.569656,25,-41,105
1743497685.604656,59,-55,179
1743497685.640656,-6,-29,77
1743497685.675656,-4,-87,135
1743497685.7106562,35,18,147
1743497685.746656,-66,-3,107
1743497685.781656,37,-25,157
1743497685.817656,-6,36,87
1743497685.852656,19,-5,277
1743497685.888656,-8,-19,111
1743497685.9246562,7,-57,27
1743497685.959656,77,-31,143
1743497685.994656,55,10,307
1743497686.030656,39,-9,137
1743497686.066656,13,4,213
1743497686.101656,-24,-31,77
1743497686.137656,61,-7,141
1743497686.172656,30,-51,163
1743497686.207656,8,-11,149
1743497686.242656,70,8,157
1743497686.278656,-21,-51,99
1743497686.314656,2,-53,99
1743497686.349656,-39,-27,47
1743497686.385656,22,-7,181
1743497686.420656,-19,80,227
1743497686.455656,-49,18,109
1743497686.490656,12,-25,161
1743497686.5266562,-31,-15,191
1743497686.5626562,-33,-11,151
1743497686.597656,16,30,41
1743497686.633656,2,62,165
1743497686.668656,-29,68,83
1743497686.703656,-11,-43,223
1743497686.738656,32,12,59
1743497686.774656,36,-33,151
1743497686.810656,-87,52,179
1743497686.8456562,68,44,111
1743497686.8816562,63,8,75
1743497686.916656,-98,0,133
1743497686.951656,33,62,65
1743497686.986656,-18,-7,121
1743497687.022656,37,40,17
1743497687.058656,41,0,95
1743497687.093656,21,14,163
1743497687.129656,-29,-57,189
1743497687.1646562,-21,34,107
1743497687.199656,-13,-7,126
1743497687.234656,46,32,-17
1743497687.270656,24,-77,66
1743497687.306656,40,-27,200
1743497687.341656,-31,20,176
1743497687.377656,-53,-1,148
1743497687.412656,17,22,314
1743497687.4476562,31,30,132
1743497687.482656,9,-23,150
1743497687.518656,0,50,2
1743497687.554656,-9,48,56
1743497687.589656,-42,8,120
1743497687.625656,55,-3,52
1743497687.660656,73,-85,160
1743497687.695656,-34,26,144
1743497687.730656,-74,-1,114
1743497687.7666562,-4,-35,166
1743497687.802656,-8,24,80
1743497687.837656,-18,-57,24
1743497687.873656,-86,-45,258
1743497687.908656,-24,-7,154
1743497687.943656,55,22,146
1743497687.978656,-31,-1,150
1743497688.014656,16,68,162
1743497688.050656,87,38,170
1743497688.0856562,-6,-25,156
1743497688.121656,-70,3,162
1743497688.156656,-8,-18,180
1743497688.191656,10,153,190
1743497688.226656,21,-52,220
1743497688.262656,30,13,54
1743497688.298656,4,0,150
1743497688.333656,64,-14,240
1743497688.369656,-107,-20,154
1743497688.4046562,-37,17,166
1743497688.439656,34,35,256
1743497688.474656,-31,59,224
1743497688.510656,30,49,140
1743497688.546656,42,40,168
1743497688.581656,-41,7,290
1743497688.617656,64,-22,236
1743497688.652656,110,-10,138
1743497688.6876562,0,18,112
1743497688.722656,58,-9,82
1743497688.758656,-49,-11,76
1743497688.794656,48,50,126
1743497688.829656,16,-95,172
1743497688.865656,-41,-3,148
1743497688.900656,5,88,100
1743497688.935656,-18,-16,166
1743497688.9706562,55,3,226
1743497689.0066562,-16,21,34
1743497689.042656,-58,-29,164
1743497689.077656,51,-13,122
1743497689.113656,39,-19,152
1743497689.148656,-38,17,120
1743497689.183656,33,6,48
1743497689.218656,103,-18,78
1743497689.254656,-10,-16,126
1743497689.290656,-4,-16,218
1743497689.325656,-6,25,34
1743497689.361656,13,3,106
1743497689.396656,33,15,164
1743497689.431656,7,-50,172
1743497689.466656,-118,-44,134
1743497689.502656,29,3,176
1743497689.538656,19,19,88
1743497689.573656,-14,-54,266
1743497689.609656,11,47,92
1743497689.644656,15,37,138
1743497689.679656,25,9,48
1743497689.714656,7,-40,172
1743497689.750656,-36,-66,110
1743497689.786656,55,-20,186
1743497689.821656,29,-18,140
1743497689.857656,-70,1,98
1743497689.892656,5,13,60
1743497689.927656,47,50,280
1743497689.962656,11,48,0
1743497689.998656,-6,-21,254
1743497690.034656,52,50,124
1743497690.069656,57,12,124
1743497690.105656,-51,10,136
1743497690.140656,140,88,116
1743497690.175656,-19,-13,116
1743497690.2106562,76,-5,154
1743497690.246656,-39,22,342
1743497690.282656,58,-61,134
1743497690.317656,26,-7,84
1743497690.353656,14,-27,64
1743497690.388656,-53,138,184
1743497690.423656,-61,6,200
1743497690.458656,12,-59,134
1743497690.494656,-23,18,212
1743497690.530656,2,14,76
1743497690.565656,96,-11,114
1743497690.601656,-5,2,134
1743497690.636656,24,-5,214
1743497690.671656,60,-5,112
1743497690.706656,-33,-55,134
1743497690.742656,16,-27,-33
1743497690.778656,-79,-19,208
1743497690.813656,8,6,190
1743497690.849656,-85,-11,140
1743497690.884656,8,-15,102
1743497690.919656,94,-57,100
1743497690.954656,31,2,150
1743497690.990656,-12,14,114
1743497691.0266562,25,-39,146
1743497691.061656,9,-25,132
1743497691.097656,-28,-37,156
1743497691.132656,-30,38,68
1743497691.167656,-107,-1,120
1743497691.202656,-9,-28,198
1743497691.238656,21,1,196
1743497691.274656,-11,-9,68
1743497691.309656,-64,5,212
1743497691.3456562,53,67,236
1743497691.380656,-24,-10,178
1743497691.415656,9,-30,214
1743497691.450656,63,3,188
1743497691.486656,12,-19,138
1743497691.522656,19,22,58
1743497691.557656,41,-3,166
1743497691.593656,35,2,246
1743497691.628656,26,0,82
1743497691.663656,-18,56,20
1743497691.698656,29,0,4
1743497691.734656,-86,-13,-5
1743497691.770656,16,32,136
1743497691.805656,92,50,202
1743497691.841656,5,-24,44
1743497691.876656,35,-40,142
1743497691.911656,19,25,60
1743497691.9476562,63,-52,268
1743497691.982656,15,-18,206
1743497692.018656,27,43,172
1743497692.053656,41,15,208
1743497692.089656,27,-56,140
1743497692.124656,-53,-38,116
1743497692.159656,-65,18,116
1743497692.195656,29,18,92
1743497692.230656,-22,-27,46
1743497692.2666562,33,16,166
1743497692.301656,-94,0,172
1743497692.337656,-2,9,88
1743497692.372656,29,-6,158
1743497692.407656,-10,3,156
1743497692.443656,-94,3,92
1743497692.478656,-64,9,189
1743497692.514656,93,0,77
1743497692.5496562,1,-42,145
1743497692.5856562,55,-16,115
1743497692.620656,-18,7,117
1743497692.655656,-20,9,277
1743497692.691656,-14,35,185
1743497692.726656,21,-12,121
1743497692.762656,-42,-12,167
1743497692.797656,-53,-54,125
1743497692.833656,49,-10,193
1743497692.8686562,11,-2,235
1743497692.903656,-16,37,223
1743497692.939656,-59,17,141
1743497692.974656,-9,-26,137
1743497693.010656,-25,-6,173
1743497693.045656,-23,-14,117
1743497693.081656,-27,92,91
1743497693.116656,-15,-7,173
1743497693.1516562,-35,-37,119
1743497693.1876562,27,-57,151
1743497693.222656,-88,-11,107
1743497693.258656,47,-15,113
1743497693.293656,-6,12,153
1743497693.329656,3,-29,183
1743497693.364656,53,-35,123
1743497693.399656,81,16,107
1743497693.435656,-12,26,85
1743497693.4706562,-36,24,139
1743497693.5066562,15,-35,141
1743497693.541656,-60,26,193
1743497693.577656,101,34,107
1743497693.612656,69,-41,77
1743497693.647656,-60,26,191
1743497693.683656,-18,40,173
1743497693.718656,-24,44,77
1743497693.761656,5,-20,59
1743497693.797656,-50,78,81
1743497693.833656,-80,-35,267
1743497693.8686562,-30,28,103
1743497693.903656,67,64,179
1743497693.939656,-22,-45,225
1743497693.974656,47,-45,107
1743497694.010656,8,20,-30
1743497694.045656,-63,-12,241
1743497694.081656,-27,-4,159
1743497694.116656,58,-35,113
1743497694.1516562,-4,90,123
1743497694.1876562,-20,-1,195
1743497694.222656,-26,-57,167
1743497694.258656,-120,26,205
1743497694.293656,41,-45,199
1743497694.329656,-16,-31,75
1743497694.364656,-46,-23,49
1743497694.399656,-22,17,71
1743497694.435656,27,-92,111
1743497694.4706562,9,7,175
1743497694.5066562,19,69,163
1743497694.541656,4,37,179
1743497694.577656,-7,71,167
1743497694.612656,-59,-4,217
1743497694.647656,-25,34,41
1743497694.683656,32,-36,291
1743497694.718656,10,1,145
1743497694.754656,22,-41,203
1743497694.7896562,-9,-54,119
1743497694.825656,-79,-66,215
1743497694.860656,24,-24,197
1743497694.895656,-9,5,209
1743497694.931656,-39,-4,219
1743497694.966656,8,-8,121
1743497695.002656,24,35,119
1743497695.037656,86,9,85
1743497695.073656,-17,81,121
1743497695.1086562,-49,-34,79
1743497695.143656,54,51,263
1743497695.179656,58,43,31
1743497695.214656,-37,25,115
1743497695.250656,-81,21,143
1743497695.285656,-5,7,53
1743497695.321656,-53,31,89
1743497695.357656,22,19,165
1743497695.393656,-1,19,101
1743497695.429656,-11,-20,67
1743497695.464656,-45,13,183
1743497695.499656,86,-10,191
1743497695.535656,4,-26,197
1743497695.571656,26,-45,185
1743497695.606656,22,104,221
1743497695.642656,-25,-4,137
1743497695.677656,98,-36,189
1743497695.712656,-17,-54,37
1743497695.747656,-7,-48,139
1743497695.783656,34,39,91
1743497695.819656,16,-48,99
1743497695.854656,-35,-4,85
1743497695.890656,44,-16,183
1743497695.925656,16,25,109
1743497695.9606562,16,35,148
1743497695.995656,73,-18,56
1743497696.031656,97,33,96
1743497696.067656,7,1,168
1743497696.102656,52,51,108
1743497696.138656,-44,-12,50
1743497696.173656,131,59,16
1743497696.208656,-4,37,122
1743497696.2436562,22,11,114
1743497696.2796562,-135,117,224
1743497696.315656,26,-34,62
1743497696.350656,-55,-10,190
1743497696.386656,2,33,120
1743497696.421656,74,31,174
1743497696.456656,44,-6,270
1743497696.491656,30,85,140
1743497696.527656,10,13,102
1743497696.563656,-1,3,124
1743497696.598656,124,27,128
1743497696.634656,-17,33,236
1743497696.669656,6,-36,72
1743497696.704656,2,-60,266
1743497696.739656,2,-96,168
1743497696.775656,-9,29,216
1743497696.811656,-49,-56,114
1743497696.846656,40,-12,18
1743497696.882656,-35,27,10
1743497696.917656,-25,21,100
1743497696.952656,52,-26,94
1743497696.987656,0,51,54
1743497697.023656,30,-78,156
1743497697.059656,14,0,190
1743497697.094656,-13,27,156
1743497697.130656,28,43,54
1743497697.165656,-51,-66,194
1743497697.200656,36,-32,86
1743497697.235656,-93,7,148
1743497697.271656,-51,77,186
1743497697.307656,-19,19,200
1743497697.342656,-7,49,66
1743497697.378656,26,27,148
1743497697.413656,26,87,8
1743497697.448656,-41,-78,248
1743497697.4836562,6,37,54
1743497697.519656,60,-16,56
1743497697.555656,2,-14,110
1743497697.590656,0,-12,92
1743497697.626656,46,-6,82
1743497697.661656,58,-8,98
1743497697.696656,100,1,98
1743497697.731656,0,-42,138
1743497697.767656,-84,39,98
1743497697.803656,67,57,82
1743497697.838656,9,-8,246
1743497697.874656,23,15,154
1743497697.909656,13,19,134
1743497697.944656,43,19,158
1743497697.979656,19,41,174
1743497698.015656,43,-22,106
1743497698.051656,-72,7,156
1743497698.086656,9,1,220
1743497698.122656,51,15,166
1743497698.157656,-32,51,88
1743497698.192656,21,7,156
1743497698.227656,27,-10,188
1743497698.263656,47,93,158
1743497698.2996562,-120,53,146
1743497698.334656,-54,33,216
1743497698.370656,53,75,172
1743497698.405656,-4,23,150
1743497698.440656,23,0,122
1743497698.475656,29,11,148
1743497698.511656,-22,0,76
1743497698.547656,15,27,132
1743497698.582656,69,45,-23
1743497698.6186562,-60,-38,42
1743497698.653656,51,67,64
1743497698.688656,-20,-14,78
1743497698.723656,27,-36,114
1743497698.759656,-14,17,54
1743497698.795656,-84,19,-7
1743497698.830656,61,91,70
1743497698.866656,-40,-32,144
1743497698.9016562,-28,55,50
1743497698.936656,83,-38,200
1743497698.971656,21,-14,36
1743497699.007656,9,81,152
1743497699.043656,3,-28,78
1743497699.078656,61,-54,242
1743497699.114656,-68,25,178
1743497699.149656,13,39,172
1743497699.184656,23,-4,12
1743497699.219656,5,45,112
1743497699.255656,-34,-62,28
1743497699.291656,-8,9,166
1743497699.326656,-34,-42,198
1743497699.362656,0,9,204
1743497699.397656,-44,39,176
1743497699.432656,-66,71,88
1743497699.467656,-22,9,208
1743497699.503656,33,9,200
1743497699.5396562,-54,7,86
1743497699.574656,-26,-8,200
1743497699.610656,43,-24,154
1743497699.645656,15,21,234
1743497699.680656,-26,43,176
1743497699.715656,27,-42,292
1743497699.751656,25,-30,166
1743497699.787656,1,61,182
1743497699.8226562,-70,5,200
1743497699.8586562,64,-34,236
1743497699.893656,-24,23,12
1743497699.928656,28,21,178
1743497699.963656,32,-14,242
1743497699.999656,0,17,100
1743497700.035656,-57,-10,216
1743497700.070656,-77,-4,116
1743497700.106656,-47,6,186
1743497700.1416562,78,19,98
1743497700.176656,32,-26,204
1743497700.211656,-27,22,94
1743497700.247656,20,-64,44
1743497700.283656,50,-28,296
1743497700.318656,2,0,162
1743497700.354656,110,-34,84
1743497700.389656,-53,-34,134
1743497700.4246562,20,-36,96
1743497700.459656,-35,-38,186
1743497700.495656,4,11,-27
1743497700.531656,6,-20,168
1743497700.566656,20,-44,158
1743497700.602656,78,-37,96
1743497700.637656,38,-60,138
1743497700.672656,44,75,58
1743497700.707656,70,-102,146
1743497700.7436562,-32,18,146
1743497700.7796562,7,-6,80
1743497700.814656,75,22,-7
1743497700.850656,5,-6,102
1743497700.885656,-62,15,226
1743497700.920656,-6,51,106
1743497700.955656,-43,32,84
1743497700.991656,-43,39,242
1743497701.027656,12,67,210
1743497701.0626562,2,-42,244
1743497701.098656,19,-8,150
1743497701.133656,61,-24,160
1743497701.168656,17,-10,84
1743497701.203656,31,57,36
1743497701.239656,-22,43,120
1743497701.275656,-46,87,126
1743497701.310656,-20,-12,144
1743497701.346656,25,-2,122
1743497701.3816562,119,-7,100
1743497701.416656,1,-11,178
1743497701.452656,-80,4,120
1743497701.487656,-2,-67,126
1743497701.523656,13,-59,109
1743497701.558656,23,16,102
1743497701.594656,-26,4,161
1743497701.629656,33,10,153
1743497701.6646562,35,-11,77
1743497701.700656,-74,-23,131
1743497701.735656,-66,-5,152
1743497701.771656,-4,55,180
1743497701.806656,37,11,140
1743497701.842656,43,53,10
1743497701.877656,85,-38,130
1743497701.912656,-22,20,100
1743497701.948656,-30,-33,152
1743497701.9836562,3,68,178
1743497702.019656,11,16,238
1743497702.054656,43,-31,152
1743497702.090656,73,-9,76
1743497702.125656,-8,-9,94
1743497702.162656,-86,32,150
1743497702.1976562,-24,14,58
1743497702.232656,-48,-53,188
1743497702.268656,11,47,128
1743497702.303656,11,25,244
1743497702.339656,7,91,88
1743497702.374656,39,0,123
1743497702.410656,-12,15,172
1743497702.445656,41,0,180
1743497702.480656,13,17,178
1743497702.5166562,37,48,62
1743497702.551656,-14,-35,210
1743497702.587656,79,-22,138
1743497702.622656,7,35,108
1743497702.658656,-36,25,298
1743497702.693656,-34,-68,213
1743497702.728656,-30,-32,166
1743497702.764656,11,79,95
1743497702.7996562,5,3,92
1743497702.8356562,41,13,60
1743497702.870656,-2,-20,94
1743497702.906656,21,-12,90
1743497702.941656,41,-72,166
1743497702.976656,-46,1,195
1743497703.012656,6,-44,107
1743497703.047656,-81,-68,129
1743497703.083656,-25,12,33
1743497703.1186562,35,-19,135
1743497703.1546562,14,30,127
1743497703.189656,33,-23,71
1743497703.224656,35,-43,141
1743497703.260656,57,-101,187
1743497703.295656,0,-29,221
1743497703.331656,17,-31,0
1743497703.366656,-60,14,137
1743497703.402656,63,-47,60
1743497703.4376562,-36,32,87
1743497703.472656,-14,44,67
1743497703.508656,-18,-9,123
1743497703.543656,-54,30,75
1743497703.579656,91,-37,33
1743497703.614656,5,-1,217
1743497703.650656,-56,26,79
1743497703.685656,-42,-37,159
1743497703.7206562,5,18,41
1743497703.763656,-28,16,117
1743497703.7996562,19,18,61
1743497703.8356562,13,-29,139
1743497703.870656,-8,36,191
1743497703.906656,5,8,143
1743497703.941656,-52,22,-32
1743497703.976656,31,-27,83
1743497704.012656,-66,10,181
1743497704.047656,-40,-13,149
1743497704.083656,-62,22,69
1743497704.1186562,-36,-45,205
1743497704.1546562,-26,14,165
1743497704.189656,-4,2,215
1743497704.224656,9,46,117
1743497704.260656,11,-83,253
1743497704.295656,-62,16,133
1743497704.331656,21,-9,142
1743497704.366656,-42,-9,293
1743497704.402656,51,-25,123
1743497704.4376562,0,-5,1
1743497704.472656,-76,14,145
1743497704.508656,-46,-19,25
1743497704.543656,69,-3,119
1743497704.579656,53,98,235
1743497704.614656,-78,-1,43
1743497704.650656,0,32,173
1743497704.685656,-70,-70,127
1743497704.7206562,39,47,157
1743497704.7566562,73,39,141
1743497704.791656,-64,-34,253
1743497704.827656,13,19,169
1743497704.862656,9,-36,105
1743497704.898656,71,13,167
1743497704.934656,97,-26,75
1743497704.9706562,-14,-106,131
1743497705.0066562,21,21,147
1743497705.042656,-6,-22,129
1743497705.078656,-40,71,135
1743497705.113656,71,19,229
1743497705.148656,101,-44,139
1743497705.184656,-16,-10,125
1743497705.2206562,49,-31,-46
1743497705.255656,27,-9,143
1743497705.291656,23,22,181
1743497705.326656,83,-19,117
1743497705.361656,3,26,171
1743497705.396656,-14,-15,125
1743497705.432656,55,-9,113
1743497705.468656,-61,28,97
1743497705.503656,-5,2,133
1743497705.5396562,-29,6,129
1743497705.574656,25,26,45
1743497705.609656,-58,47,193
1743497705.644656,-10,-44,111
1743497705.680656,20,9,195
1743497705.716656,70,42,201
1743497705.751656,35,38,11
1743497705.787656,79,-67,163
1743497705.8226562,31,15,123
1743497705.857656,21,5,127
1743497705.892656,-46,27,97
1743497705.928656,-34,61,115
1743497705.964656,-4,5,71
1743497705.999656,9,-30,155
1743497706.035656,1,-34,197
1743497706.070656,-122,-42,179
1743497706.105656,0,-4,215
1743497706.140656,13,-44,201
1743497706.176656,-66,-14,119
1743497706.212656,11,27,15
1743497706.247656,29,23,175
1743497706.283656,-40,1,54
1743497706.318656,25,35,204
1743497706.353656,7,-2,58
1743497706.388656,35,-9,104
1743497706.4246562,61,28,50
1743497706.4606562,5,-45,128
1743497706.495656,43,-35,-43
1743497706.531656,48,8,82
1743497706.566656,-63,-37,138
1743497706.601656,-20,-91,82
1743497706.636656,-26,12,100
1743497706.672656,21,102,42
1743497706.708656,53,-1,220
1743497706.7436562,-25,4,114
1743497706.7796562,-42,0,110
1743497706.814656,-32,43,54
1743497706.849656,-30,60,106
1743497706.884656,-34,-20,28
1743497706.920656,47,3,56
1743497706.956656,13,-6,110
1743497706.991656,15,-62,126
1743497707.027656,31,7,84
1743497707.0626562,-32,17,154
1743497707.097656,49,-68,182
1743497707.132656,87,-38,206
1743497707.168656,59,33,168
1743497707.204656,67,-66,114
1743497707.239656,19,-12,80
1743497707.275656,41,-48,140
1743497707.310656,-16,-14,48
1743497707.3456562,65,-28,76
1743497707.380656,-64,73,192
1743497707.416656,21,-22,8
1743497707.452656,41,-70,134
1743497707.487656,17,-34,122
1743497707.523656,27,19,30
1743497707.558656,29,21,138
1743497707.593656,39,17,242
1743497707.628656,39,25,62
1743497707.6646562,0,65,162
1743497707.700656,-42,0,124
1743497707.735656,57,-58,98
1743497707.771656,21,25,80
1743497707.806656,-14,-32,78
1743497707.841656,-128,73,226
1743497707.876656,31,11,172
1743497707.912656,7,-26,162
1743497707.948656,127,0,232
1743497707.9836562,25,-10,126
1743497708.019656,-58,1,66
1743497708.054656,23,-48,130
1743497708.089656,89,15,168
1743497708.124656,-44,-18,250
1743497708.160656,-54,-20,150
1743497708.196656,19,-36,132
1743497708.231656,1,-42,198
1743497708.267656,-24,-30,132
1743497708.302656,69,-16,84
1743497708.337656,-18,5,10
1743497708.372656,43,51,170
1743497708.408656,9,69,74
1743497708.444656,21,17,100
1743497708.479656,43,-32,142
1743497708.515656,-6,45,38
1743497708.550656,57,15,26
1743497708.5856562,107,19,122
1743497708.620656,59,-36,192
1743497708.656656,23,-28,164
1743497708.692656,-16,11,54
1743497708.727656,11,21,172
1743497708.763656,-66,27,184
1743497708.798656,5,-22,132
1743497708.833656,-30,3,8
1743497708.8686562,43,57,106
1743497708.9046562,51,-10,82
1743497708.940656,-50,-8,138
1743497708.975656,35,3,98
1743497709.011656,49,17,152
1743497709.046656,39,45,124
1743497709.081656,-8,-28,250
1743497709.116656,3,23,220
1743497709.152656,-2,-18,68
1743497709.188656,-34,-12,186
1743497709.223656,153,-38,126
1743497709.259656,93,-32,106
1743497709.294656,-12,-14,134
1743497709.329656,-64,-66,210
1743497709.364656,37,9,142
1743497709.400656,-14,-46,98
1743497709.436656,-58,13,46
1743497709.471656,41,3,108
1743497709.507656,5,-30,192
1743497709.542656,53,17,144
1743497709.577656,0,-28,154
1743497709.613656,-52,9,90
1743497709.648656,5,0,174
1743497709.684656,39,-44,104
1743497709.719656,27,7,128
1743497709.755656,-104,23,88
1743497709.790656,1,7,132
1743497709.825656,31,-20,210
1743497709.860656,13,-11,238
1743497709.896656,-14,47,158
1743497709.932656,57,-12,138
1743497709.967656,13,-4,154
1743497710.003656,-64,-56,180
1743497710.038656,13,-28,30
1743497710.073656,-58,-6,152
1743497710.1086562,1,-6,166
1743497710.144656,43,61,130
1743497710.180656,1,48,202
1743497710.215656,13,-8,214
1743497710.251656,37,-16,200
1743497710.286656,0,-10,106
1743497710.321656,-50,-34,60
1743497710.356656,15,-20,46
1743497710.392656,-48,-59,136
1743497710.428656,-36,13,172
1743497710.463656,-2,-10,16
1743497710.499656,-34,25,62
1743497710.534656,29,93,150
1743497710.569656,29,-54,144
1743497710.604656,65,-6,230
1743497710.640656,45,0,262
1743497710.676656,-32,-32,100
1743497710.711656,81,-62,168
1743497710.747656,-34,33,128
1743497710.782656,63,-28,188
1743497710.817656,-48,11,122
1743497710.852656,35,33,100
1743497710.888656,-20,13,156
1743497710.9246562,-50,15,48
1743497710.959656,53,-28,24
1743497710.995656,57,-76,124
1743497711.030656,17,-16,100
1743497711.065656,21,31,86
1743497711.101656,25,-12,202
1743497711.136656,-16,49,232
1743497711.172656,-14,41,100
1743497711.207656,-24,-52,198
1743497711.2436562,-2,-46,22
1743497711.278656,11,0,166
1743497711.313656,33,47,82
1743497711.349656,-22,-58,4
1743497711.384656,103,15,102
1743497711.420656,15,1,71
1743497711.455656,-30,27,41
1743497711.491656,-6,-6,179
1743497711.5266562,-42,-36,157
1743497711.561656,21,-14,65
1743497711.597656,15,31,201
1743497711.632656,-94,1,17
1743497711.668656,-4,19,159
1743497711.703656,-60,51,199
1743497711.739656,39,-20,191
1743497711.774656,-58,-42,113
1743497711.809656,-38,-58,37
1743497711.8456562,37,-40,157
1743497711.880656,85,27,75
1743497711.916656,-76,-110,185
1743497711.951656,-2,55,185
1743497711.987656,-88,25,73
1743497712.022656,31,-2,143
1743497712.057656,-66,-12,1
1743497712.093656,13,-40,57
1743497712.128656,-54,-8,107
1743497712.1646562,19,0,77
1743497712.199656,39,-28,27
1743497712.235656,37,-66,37
1743497712.270656,-20,7,175
1743497712.305656,-18,-96,195
1743497712.341656,63,-6,175
1743497712.376656,37,-28,151
1743497712.412656,43,23,143
1743497712.4476562,-60,9,103
1743497712.4836562,-56,55,257
1743497712.518656,111,37,237
1743497712.553656,-100,47,125
1743497712.589656,35,67,199
1743497712.624656,35,39,101
1743497712.660656,39,29,97
1743497712.695656,-14,79,113
1743497712.731656,-72,35,99
1743497712.7666562,33,13,241
1743497712.801656,15,-50,121
1743497712.837656,63,-30,241
1743497712.872656,31,87,197
1743497712.908656,25,30,45
1743497712.943656,5,56,51
1743497712.979656,52,-49,157
1743497713.014656,4,6,179
1743497713.0496562,50,-29,143
1743497713.0856562,17,-15,181
1743497713.120656,11,-15,219
1743497713.156656,38,22,181
1743497713.191656,-40,-1,59
1743497713.227656,77,-65,31
1743497713.262656,73,23,207
1743497713.297656,0,-10,127
1743497713.333656,-26,-44,91
1743497713.3686562,65,9,127
1743497713.4046562,19,49,139
1743497713.439656,45,22,285
1743497713.475656,73,29,137
1743497713.510656,-28,39,109
1743497713.545656,9,-37,173
1743497713.581656,35,23,25
1743497713.616656,17,-9,159
1743497713.652656,41,-52,131
1743497713.6876562,25,5,221
1743497713.723656,-18,28,97
1743497713.765656,-64,16,91
1743497713.801656,-58,-37,53
1743497713.837656,39,20,-2
1743497713.872656,11,20,95
1743497713.908656,91,-39,53
1743497713.943656,89,-88,117
1743497713.979656,-18,-13,57
1743497714.014656,15,68,209
1743497714.0496562,-22,-55,239
1743497714.0856562,93,6,105
1743497714.120656,3,44,161
1743497714.156656,-32,-39,117
1743497714.191656,2,34,125
1743497714.227656,-41,-22,127
1743497714.262656,-59,-7,193
1743497714.297656,33,-7,235
1743497714.333656,27,0,103
1743497714.3686562,-20,18,257
1743497714.4046562,-96,-23,93
1743497714.439656,-72,-11,129
1743497714.475656,71,-15,51
1743497714.511656,25,-46,217
1743497714.547656,67,-8,99
1743497714.583656,0,-38,43
1743497714.6186562,-45,53,195
1743497714.653656,-5,-30,171
1743497714.689656,50,-28,97
1743497714.725656,-12,-4,133
1743497714.760656,-23,7,229
1743497714.796656,-35,61,135
1743497714.831656,56,15,65
1743497714.866656,-19,61,125
1743497714.9016562,12,-35,104
1743497714.9376562,76,37,62
1743497714.973656,20,18,112
1743497715.008656,-31,-62,144
1743497715.044656,6,47,122
1743497715.079656,24,8,96
1743497715.114656,22,46,204
1743497715.149656,36,39,190
1743497715.185656,2,23,166
1743497715.221656,0,47,142
1743497715.2566562,-9,49,54
1743497715.292656,12,-56,224
1743497715.327656,-85,-2,162
1743497715.362656,-81,-54,90
1743497715.397656,-63,-16,208
1743497715.433656,-89,-14,136
1743497715.469656,-69,-26,80
1743497715.504656,84,13,56
1743497715.540656,-23,1,114
1743497715.575656,24,3,26
1743497715.610656,-47,25,120
1743497715.645656,12,8,86
1743497715.681656,22,16,176
1743497715.717656,-45,24,210
1743497715.752656,-29,48,244
1743497715.788656,66,30,-5
1743497715.823656,-21,28,198
1743497715.8586562,12,76,128
1743497715.893656,104,-97,212
1743497715.929656,22,-33,134
1743497715.965656,-39,-3,108
1743497716.000656,-5,-15,212
1743497716.036656,2,-37,101
1743497716.071656,96,-15,72
1743497716.106656,-47,24,158
1743497716.1416562,-13,-31,66
1743497716.177656,22,2,130
1743497716.213656,-35,28,134
1743497716.248656,-59,-47,120
1743497716.284656,-12,-25,218
1743497716.319656,-35,24,98
1743497716.354656,-13,18,124
1743497716.389656,-11,14,128
1743497716.425656,36,46,102
1743497716.461656,60,24,14
1743497716.496656,61,-33,86
1743497716.532656,4,-97,180
1743497716.567656,-8,18,192
1743497716.602656,-14,56,156
1743497716.637656,32,10,160
1743497716.673656,7,-26,70
1743497716.709656,1,31,164
1743497716.744656,24,-40,200
1743497716.780656,161,-43,92
1743497716.815656,-82,33,120
1743497716.850656,3,-70,60
1743497716.885656,-82,-14,38
1743497716.921656,13,-4,112
1743497716.957656,87,29,238
1743497716.992656,5,-18,154
1743497717.028656,25,-16,54
1743497717.063656,-108,91,58
1743497717.098656,-82,35,116
1743497717.133656,-87,-40,158
1743497717.169656,12,97,130
1743497717.205656,-55,0,194
1743497717.240656,8,-32,172
1743497717.2766562,86,-45,112
1743497717.311656,-59,-5,136
1743497717.346656,-17,34,64
1743497717.3816562,-51,-41,86
1743497717.417656,-23,56,154
1743497717.453656,12,52,166
1743497717.488656,70,46,68
1743497717.524656,-21,42,124
1743497717.559656,72,-21,186
1743497717.594656,35,-57,36
1743497717.629656,-32,21,35
1743497717.665656,31,34,61
1743497717.701656,49,-73,155
1743497717.736656,-19,12,191
1743497717.772656,-42,32,161
1743497717.807656,43,-1,15
1743497717.842656,-18,-21,87
1743497717.877656,-18,-31,107
1743497717.913656,61,-21,9
1743497717.949656,-26,-39,87
1743497717.984656,-14,-49,113
1743497718.020656,-22,34,161
1743497718.055656,82,30,103
1743497718.090656,-3,42,55
1743497718.125656,-27,-49,93
1743497718.161656,26,62,235
1743497718.1976562,-8,14,103
1743497718.232656,7,24,147
1743497718.268656,65,30,329
1743497718.303656,4,-9,91
1743497718.338656,-17,0,95
1743497718.373656,-78,8,113
1743497718.409656,-66,-69,151
1743497718.445656,19,-47,109
1743497718.480656,37,34,1
1743497718.5166562,1,-15,155
1743497718.551656,27,40,121
1743497718.586656,-32,-41,167
1743497718.621656,-14,64,151
1743497718.657656,9,-7,37
1743497718.693656,-8,-27,65
1743497718.728656,-20,-53,29
1743497718.764656,-34,52,95
1743497718.7996562,69,-27,65
1743497718.834656,31,0,199
1743497718.869656,-10,-103,187
1743497718.905656,-6,24,77
1743497718.941656,-19,-9,109
1743497718.976656,-27,0,91
1743497719.012656,-20,38,87
1743497719.047656,9,4,231
1743497719.082656,15,18,59
1743497719.117656,17,52,87
1743497719.153656,31,-47,124
1743497719.189656,43,-17,134
1743497719.224656,-8,6,-27
1743497719.260656,27,0,94
1743497719.295656,-12,-19,212
1743497719.330656,71,28,178
1743497719.365656,31,38,114
1743497719.4016562,-38,-3,104
1743497719.4376562,-10,-1,260
1743497719.472656,-22,20,162
1743497719.508656,33,-33,176
1743497719.543656,13,-5,62
1743497719.578656,-124,-7,160
1743497719.613656,-20,36,84
1743497719.649656,-20,6,134
1743497719.685656,62,4,96
1743497719.7206562,-45,-45,202
1743497719.7566562,-17,-15,142
1743497719.791656,6,-33,48
1743497719.826656,58,8,174
1743497719.862656,-39,-35,220
1743497719.897656,50,24,158
1743497719.933656,62,-9,86
1743497719.968656,94,-5,228
1743497720.004656,7,104,158
1743497720.0396562,-2,14,60
1743497720.074656,-30,56,112
1743497720.109656,11,16,160
1743497720.145656,111,-33,290
1743497720.181656,-52,-61,146
1743497720.216656,-4,-43,2
1743497720.252656,-24,-69,140
1743497720.287656,43,20,130
1743497720.3226562,-38,40,132
1743497720.357656,-44,-53,88
1743497720.393656,-22,36,196
1743497720.429656,13,56,130
1743497720.464656,-10,-31,114
1743497720.500656,23,40,8
1743497720.535656,2,12,138
1743497720.570656,-14,-13,82
1743497720.606656,12,28,178
1743497720.6416562,-13,-35,114
1743497720.677656,43,-31,264
1743497720.712656,-30,-83,42
1743497720.748656,-49,-5,136
1743497720.783656,-35,-15,176
1743497720.818656,28,-23,99
1743497720.854656,-45,92,255
1743497720.889656,-31,-1,166
1743497720.925656,-88,-75,110
1743497720.9606562,-13,2,160
1743497720.996656,-45,90,126
1743497721.031656,-51,-43,64
1743497721.066656,24,-11,130
1743497721.102656,-11,-29,206
1743497721.137656,27,24,152
1743497721.173656,-16,-1,178
1743497721.208656,1,48,136
1743497721.244656,27,22,96
1743497721.2796562,-6,-31,256
1743497721.314656,-96,-7,122
1743497721.350656,24,44,141
1743497721.385656,-4,0,143
1743497721.421656,-14,-43,118
1743497721.456656,-50,56,115
1743497721.492656,7,-47,128
1743497721.527656,-16,42,191
1743497721.5626562,59,-23,121
1743497721.598656,-8,-69,97
1743497721.633656,16,82,215
1743497721.669656,-51,30,139
1743497721.704656,-39,28,131
1743497721.740656,-43,-1,-16
1743497721.775656,43,54,157
1743497721.810656,-14,-15,93
1743497721.846656,16,10,93
1743497721.8816562,-9,-35,-8
1743497721.917656,-35,28,107
1743497721.952656,-9,-37,45
1743497721.988656,-19,8,155
1743497722.023656,20,12,197
1743497722.058656,4,-7,131
1743497722.094656,6,0,119
1743497722.129656,-17,-37,237
1743497722.165656,-39,-5,73
1743497722.200656,-19,32,179
1743497722.236656,14,12,159
1743497722.271656,-27,50,125
1743497722.306656,-39,0,203
1743497722.342656,-33,-43,231
1743497722.377656,32,-11,149
1743497722.413656,7,30,125
1743497722.448656,-4,-33,165
1743497722.484656,-4,-43,161
1743497722.519656,8,-13,81
1743497722.554656,-69,-43,61
1743497722.590656,2,-35,107
1743497722.625656,12,16,201
1743497722.661656,69,-15,93
1743497722.696656,19,50,97
1743497722.732656,34,10,197
1743497722.767656,-53,10,121
1743497722.802656,0,-1,213
1743497722.838656,84,40,81
1743497722.873656,4,32,77
1743497722.909656,6,-59,161
1743497722.944656,-45,62,-44
1743497722.980656,4,42,-32
1743497723.015656,68,56,53
1743497723.050656,73,14,197
1743497723.086656,-15,52,201
1743497723.121656,-64,33,243
1743497723.157656,-36,-10,185
1743497723.192656,41,7,85
1743497723.228656,67,-62,279
1743497723.263656,0,49,131
1743497723.298656,115,-38,85
1743497723.334656,9,10,95
1743497723.369656,-34,-71,133
1743497723.405656,-34,-97,85
1743497723.440656,17,12,171
1743497723.476656,-4,18,77
1743497723.511656,-48,-63,277
1743497723.546656,31,50,149
1743497723.582656,41,-55,227
1743497723.617656,11,-29,113
1743497723.653656,5,-71,251
1743497723.688656,21,24,55
1743497723.724656,-24,-25,107
1743497723.7666562,-8,62,123
1743497723.802656,39,34,179
1743497723.838656,109,-5,111
1743497723.873656,29,-41,121
1743497723.909656,-36,0,221
1743497723.944656,3,22,83
1743497723.980656,31,-65,167
1743497724.015656,25,-13,-26
1743497724.050656,-52,-47,81
1743497724.086656,-8,-58,27
1743497724.121656,6,8,31
1743497724.157656,13,8,155
1743497724.192656,113,-37,177
1743497724.227656,-28,38,155
1743497724.262656,-96,-23,181
1743497724.298656,1,19,101
1743497724.334656,35,17,143
1743497724.369656,-28,-44,117
1743497724.405656,35,-40,133
1743497724.440656,17,0,137
1743497724.475656,-40,-28,29
1743497724.510656,-36,-76,37
1743497724.546656,19,5,68
1743497724.582656,1,-24,220
1743497724.617656,37,-24,134
1743497724.653656,5,-16,142
1743497724.688656,41,-22,128
1743497724.723656,0,-40,104
1743497724.758656,59,-32,38
1743497724.794656,-24,40,156
1743497724.830656,19,-11,144
1743497724.865656,0,-49,126
1743497724.9016562,-1,-29,136
1743497724.936656,42,-37,146
1743497724.971656,34,-39,208
1743497725.0066562,-23,-5,116
1743497725.042656,-29,-39,126
1743497725.078656,32,16,178
1743497725.113656,56,10,116
1743497725.149656,24,2,88
1743497725.184656,112,54,74
1743497725.219656,14,38,106
1743497725.254656,-59,-97,234
1743497725.290656,10,-75,92
1743497725.326656,56,-1,114
1743497725.361656,124,-5,58
1743497725.397656,-7,-89,184
1743497725.432656,54,-37,292
1743497725.467656,26,-5,124
1743497725.502656,92,-23,160
1743497725.538656,-92,26,78
1743497725.574656,59,18,174
1743497725.609656,25,-21,34
1743497725.645656,-64,-21,192
1743497725.680656,-22,-57,58
1743497725.715656,7,-35,184
1743497725.750656,67,-31,80
1743497725.786656,33,28,202
1743497725.8226562,-44,60,100
1743497725.857656,-12,-31,182
1743497725.893656,-24,84,110
1743497725.928656,71,4,144
1743497725.963656,21,-31,92
1743497725.998656,-68,26,195
1743497726.034656,-22,-23,163
1743497726.070656,-26,-45,143
1743497726.105656,-100,12,133
1743497726.1416562,-76,26,63
1743497726.176656,-4,12,137
1743497726.211656,0,14,237
1743497726.246656,-36,16,227
1743497726.282656,15,34,115
1743497726.318656,33,-63,159
1743497726.353656,9,-89,25
1743497726.389656,-36,38,23
1743497726.4246562,-20,6,237
1743497726.459656,73,24,247
1743497726.494656,59,14,53
1743497726.530656,99,4,167
1743497726.566656,65,26,165
1743497726.601656,-4,4,159
1743497726.637656,61,34,47
1743497726.672656,-56,-11,81
1743497726.707656,-28,28,137
1743497726.742656,-6,14,39
1743497726.778656,19,0,83
1743497726.814656,55,-37,135
1743497726.849656,-38,64,-84
1743497726.885656,-18,-45,149
1743497726.920656,-10,-83,145
1743497726.955656,-8,-33,191
1743497726.990656,0,-87,145
1743497727.0266562,9,2,191
1743497727.0626562,63,54,201
1743497727.097656,-26,34,123
1743497727.133656,45,100,111
1743497727.168656,-70,4,151
1743497727.203656,37,80,205
1743497727.238656,45,44,125
1743497727.274656,47,10,209
1743497727.310656,-86,28,137
1743497727.3456562,55,-33,219
1743497727.3816562,33,-55,178
1743497727.416656,51,12,121
1743497727.451656,-24,-37,79
1743497727.486656,-56,34,34
1743497727.522656,-30,-17,108
1743497727.558656,53,16,92
1743497727.593656,-76,52,272
1743497727.629656,-4,-51,152
1743497727.6646562,5,-51,252
1743497727.699656,17,32,106
1743497727.734656,-54,-33,228
1743497727.770656,41,-11,-15
1743497727.806656,73,-11,80
1743497727.841656,15,44,124
1743497727.877656,0,34,140
1743497727.912656,41,0,110
1743497727.9476562,-14,-7,152
1743497727.982656,3,18,60
1743497728.018656,-42,-59,120
1743497728.054656,-20,-21,110
1743497728.089656,13,-27,42
1743497728.125656,61,-23,204
1743497728.160656,9,24,92
1743497728.195656,-38,-61,20
1743497728.230656,53,16,144
1743497728.2666562,-46,-55,142
1743497728.302656,-10,26,220
1743497728.337656,-22,-5,218
1743497728.373656,-122,-35,220
1743497728.408656,-84,-71,100
1743497728.443656,-74,16,180
1743497728.478656,-40,-45,-1
1743497728.514656,-16,-39,216
1743497728.550656,59,-21,242
1743497728.5856562,-24,32,106
1743497728.621656,29,-13,104
1743497728.656656,29,-51,10
1743497728.691656,14,38,80
1743497728.726656,-36,0,154
1743497728.762656,7,44,220
1743497728.798656,15,2,160
1743497728.833656,23,34,38
1743497728.869656,11,-27,136
1743497728.9046562,41,10,224
1743497728.939656,-40,26,222
1743497728.974656,65,2,94
1743497729.010656,-12,-37,84
1743497729.046656,-34,48,126
1743497729.081656,-12,25,150
1743497729.117656,-30,-32,182
1743497729.152656,101,-22,160
1743497729.1876562,57,-20,132
1743497729.222656,-10,-48,22
1743497729.258656,17,-88,140
1743497729.294656,23,5,200
1743497729.329656,31,-14,168
1743497729.365656,-12,45,160
1743497729.400656,87,-2,74
1743497729.435656,13,-94,86
1743497729.4706562,27,-18,102
1743497729.5066562,51,-48,188
1743497729.542656,53,77,184
1743497729.577656,-54,67,70
1743497729.613656,0,35,238
1743497729.648656,-46,33,122
1743497729.683656,15,15,146
1743497729.718656,1,-18,104
1743497729.754656,3,0,244
1743497729.790656,1,-48,222
1743497729.825656,-18,-22,120
1743497729.861656,-8,-14,170
1743497729.896656,9,27,100
1743497729.931656,-70,-12,320
1743497729.966656,-60,27,110
1743497730.002656,-32,37,106
1743497730.038656,-90,57,122
1743497730.073656,-44,25,144
1743497730.109656,41,-30,70
1743497730.144656,-8,-20,170
1743497730.179656,-24,71,134
1743497730.215656,-10,-60,164
1743497730.250656,81,39,140
1743497730.286656,27,35,100
1743497730.3226562,65,-22,104
1743497730.3586562,49,145,62
1743497730.393656,3,55,56
1743497730.429656,-34,3,140
1743497730.464656,-74,67,98
1743497730.499656,-46,-48,34
1743497730.535656,19,-120,160
1743497730.570656,45,53,192
1743497730.606656,33,-38,126
1743497730.6416562,0,-42,78
1743497730.677656,49,-22,36
1743497730.712656,-20,23,112
1743497730.747656,49,-14,110
1743497730.783656,-6,-2,162
1743497730.818656,27,-76,120
1743497730.854656,-70,83,36
1743497730.889656,8,53,148
1743497730.925656,50,-16,204
1743497730.9606562,98,-34,88
1743497730.995656,54,-14,206
1743497731.031656,-2,25,180
1743497731.066656,-1,35,148
1743497731.102656,26,7,102
1743497731.137656,80,-50,166
1743497731.173656,19,-10,126
1743497731.208656,-22,35,204
1743497731.2436562,-34,9,200
1743497731.2796562,-46,49,104
1743497731.314656,-34,-22,190
1743497731.350656,69,57,142
1743497731.385656,29,15,236
1743497731.421656,-14,-18,142
1743497731.456656,19,15,168
1743497731.491656,3,-40,204
1743497731.527656,81,79,114
1743497731.5626562,21,-36,152
1743497731.598656,-22,-42,110
1743497731.633656,23,-64,84
1743497731.669656,49,41,234
1743497731.704656,13,-22,246
1743497731.739656,39,-36,144
1743497731.775656,37,-12,160
1743497731.810656,11,15,116
1743497731.846656,13,1,218
1743497731.8816562,29,37,90
1743497731.917656,-24,-12,192
1743497731.952656,105,-29,82
1743497731.987656,-20,-29,138
1743497732.023656,-20,-27,102
1743497732.058656,41,-35,136
1743497732.094656,-50,-81,38
1743497732.129656,13,-47,72
1743497732.165656,-26,10,17
1743497732.200656,21,-25,101
1743497732.235656,33,-5,79
1743497732.271656,-12,-1,265
1743497732.306656,99,-57,132
1743497732.342656,29,26,152
1743497732.377656,35,66,166
1743497732.413656,-46,14,138
1743497732.448656,0,-6,208
1743497732.4836562,-18,-16,159
1743497732.519656,7,29,23
1743497732.554656,17,1,125
1743497732.590656,43,-22,175
1743497732.625656,-62,-14,39
1743497732.661656,-6,17,163
1743497732.696656,-6,0,135
1743497732.731656,91,17,135
1743497732.767656,67,-29,127
1743497732.802656,-22,15,79
1743497732.838656,-12,13,139
1743497732.873656,-50,36,93
1743497732.909656,-54,24,221
1743497732.944656,19,-27,189
1743497732.979656,11,30,127
1743497733.015656,3,26,3
1743497733.050656,-24,7,223
1743497733.086656,-44,-2,145
1743497733.121656,33,-6,185
1743497733.157656,-26,-108,173
1743497733.192656,13,31,125
1743497733.227656,-4,7,41
1743497733.263656,-90,17,67
1743497733.298656,31,-34,107
1743497733.334656,41,26,107
1743497733.369656,37,-5,81
1743497733.4046562,0,-62,221
1743497733.439656,19,46,177
1743497733.475656,-46,-52,121
1743497733.511656,67,40,113
1743497733.546656,-30,-13,221
1743497733.582656,-32,-39,95
1743497733.617656,-10,-27,155
1743497733.652656,-10,-5,207
1743497733.6876562,45,-23,89
1743497733.723656,-10,40,191
1743497733.759656,-16,-25,159
1743497733.801656,41,-1,141
1743497733.838656,65,-31,199
1743497733.873656,-18,14,109
1743497733.908656,105,-39,223
1743497733.943656,13,-6,113
1743497733.979656,28,30,106
1743497734.015656,-39,20,102
1743497734.050656,18,44,32
1743497734.086656,-39,10,161
1743497734.121656,-13,56,117
1743497734.156656,50,8,191
1743497734.191656,-55,-69,199
1743497734.227656,18,-46,187
1743497734.263656,-3,1,135
1743497734.298656,50,25,137
1743497734.334656,24,-16,93
1743497734.369656,-11,-40,53
1743497734.4046562,-9,-18,55
1743497734.439656,-77,9,163
1743497734.475656,86,-12,233
1743497734.511656,24,-18,273
1743497734.546656,14,-38,53
1743497734.582656,132,-11,77
1743497734.617656,64,60,161
1743497734.652656,11,18,53
1743497734.6876562,19,92,171
1743497734.723656,25,23,53
1743497734.759656,-72,103,207
1743497734.794656,-40,-76,145
1743497734.830656,-44,-35,149
1743497734.865656,-4,-46,19
1743497734.900656,63,37,85
1743497734.935656,23,55,125
1743497734.971656,-60,73,119
1743497735.007656,12,-28,183
1743497735.042656,-15,-21,129
1743497735.078656,21,65,199
1743497735.113656,31,47,179
1743497735.148656,42,-8,195
1743497735.183656,-9,-56,131
1743497735.219656,50,-49,109
1743497735.255656,4,-9,195
1743497735.290656,18,46,151
1743497735.326656,-3,26,137
1743497735.361656,-27,2,181
1743497735.396656,-47,14,239
1743497735.431656,-35,-23,199
1743497735.467656,-13,-36,11
1743497735.503656,57,22,137
1743497735.538656,29,26,135
1743497735.574656,-44,-5,29
1743497735.609656,-2,-6,67
1743497735.644656,-3,-30,103
1743497735.679656,-105,-8,123
1743497735.715656,88,27,169
1743497735.751656,-13,-4,109
1743497735.786656,-51,-8,147
1743497735.8226562,23,61,81
1743497735.857656,45,27,153
1743497735.892656,-13,-54,145
1743497735.927656,-46,43,69
1743497735.963656,-44,-10,115
1743497735.999656,-6,-12,107
1743497736.034656,5,26,141
1743497736.070656,27,-30,83
1743497736.105656,67,-6,135
1743497736.140656,65,-13,209
1743497736.175656,73,-35,123
1743497736.211656,29,18,73
1743497736.247656,48,-24,305
1743497736.282656,1,-16,93
1743497736.318656,-12,-16,143
1743497736.353656,15,-62,-50
1743497736.388656,79,-12,107
1743497736.423656,7,-46,107
1743497736.459656,21,-38,159
1743497736.495656,7,-38,105
1743497736.530656,-10,1,161
1743497736.566656,0,15,183
1743497736.601656,-34,-8,85
1743497736.636656,91,65,19
1743497736.671656,-4,-18,49
1743497736.707656,-6,-12,129
1743497736.7436562,-24,-14,133
1743497736.778656,31,-68,171
1743497736.814656,-22,57,143
1743497736.849656,31,-62,95
1743497736.884656,-2,-26,167
1743497736.919656,9,-10,61
1743497736.955656,17,-14,157
1743497736.991656,29,-18,226
1743497737.0266562,75,-14,136
1743497737.0626562,57,17,215
1743497737.097656,-78,89,91
1743497737.132656,-50,61,221
1743497737.167656,67,7,227
1743497737.203656,17,27,115
1743497737.239656,41,15,55
1743497737.274656,57,-36,112
1743497737.310656,-2,3,117
1743497737.3456562,31,-56,157
1743497737.380656,15,81,183
1743497737.415656,71,77,69
1743497737.451656,13,29,113
1743497737.487656,-16,3,171
1743497737.522656,-42,-32,138
1743497737.558656,-91,-52,130
1743497737.593656,-13,-50,88
1743497737.628656,34,5,172
1743497737.663656,-18,-14,138
1743497737.699656,43,-18,46
1743497737.735656,-24,-32,180
1743497737.770656,-9,-18,146
1743497737.806656,-8,-48,22
1743497737.841656,7,99,128
1743497737.876656,17,7,8
1743497737.911656,-42,0,144
1743497737.9476562,15,43,140
1743497737.9836562,-32,15,176
1743497738.018656,17,-50,56
1743497738.054656,-9,22,226
1743497738.089656,70,-20,198
1743497738.124656,32,-60,98
1743497738.159656,-43,-58,238
1743497738.195656,-11,45,92
1743497738.231656,-13,-40,206
1743497738.2666562,-19,47,114
1743497738.302656,-15,69,22
1743497738.337656,-5,51,6
1743497738.372656,-1,62,46
1743497738.408656,-85,18,182
1743497738.443656,62,-3,104
1743497738.479656,28,-85,44
1743497738.514656,-3,-65,144
1743497738.550656,-63,44,182
1743497738.5856562,-15,-67,204
1743497738.620656,-27,-1,202
1743497738.655656,-25,8,82
1743497738.691656,-57,-27,116
1743497738.727656,-15,24,104
1743497738.762656,-75,-79,0
1743497738.798656,-85,20,110
1743497738.833656,-23,10,254
1743497738.8686562,4,-13,152
1743497738.903656,32,-9,152
1743497738.939656,48,-33,230
1743497738.975656,-23,-17,146
1743497739.010656,-1,18,210
1743497739.046656,88,2,218
1743497739.081656,-37,0,100
1743497739.116656,-42,46,220
1743497739.1516562,-16,52,186
1743497739.1876562,14,50,210
1743497739.223656,48,-51,104
1743497739.258656,-55,-39,234
1743497739.294656,56,30,76
1743497739.329656,-7,24,218
1743497739.364656,-65,6,144
1743497739.399656,34,36,276
1743497739.436656,40,20,188
1743497739.471656,40,6,296
1743497739.507656,11,-5,122
1743497739.543656,55,28,156
1743497739.578656,-14,8,160
1743497739.614656,41,-21,142
1743497739.649656,1,28,74
1743497739.684656,53,18,222
1743497739.7206562,-2,44,142
1743497739.755656,55,44,120
1743497739.791656,17,0,158
1743497739.826656,-34,54,230
1743497739.862656,5,4,130
1743497739.897656,-52,-27,98
1743497739.932656,-32,-45,244
1743497739.968656,-8,51,96
1743497740.003656,73,21,222
1743497740.0396562,13,-16,172
1743497740.074656,-40,17,26
1743497740.110656,-26,85,192
1743497740.145656,-94,-8,104
1743497740.180656,39,11,98
1743497740.216656,11,25,210
1743497740.251656,-56,53,138
1743497740.287656,13,25,72
1743497740.3226562,61,-18,86
1743497740.3586562,5,-70,102
1743497740.393656,-52,35,-73
1743497740.428656,-16,-50,180
1743497740.464656,-48,-72,64
1743497740.499656,-26,-22,154
1743497740.535656,21,-16,2
1743497740.570656,35,21,242
1743497740.606656,25,7,18
1743497740.6416562,51,5,-13
1743497740.676656,43,33,160
1743497740.712656,-2,-2,112
1743497740.747656,-8,-18,206
1743497740.783656,43,-6,65
1743497740.818656,-36,-16,147
1743497740.854656,61,75,163
1743497740.889656,51,-44,153
1743497740.9246562,-4,15,259
1743497740.9606562,-56,-22,219
1743497740.995656,-44,-46,87
1743497741.031656,-24,3,53
1743497741.066656,59,-34,127
1743497741.102656,-6,23,167
1743497741.137656,-32,-10,157
1743497741.172656,95,41,159
1743497741.208656,29,31,165
1743497741.2436562,45,-52,157
1743497741.2796562,-18,-2,75
1743497741.314656,73,-38,79
1743497741.350656,53,45,143
1743497741.385656,91,-34,215
1743497741.420656,33,9,145
1743497741.456656,3,55,75
1743497741.491656,41,37,85
1743497741.527656,0,61,99
1743497741.5626562,-26,-30,123
1743497741.598656,25,-32,119
1743497741.633656,-26,7,19
1743497741.668656,-54,75,225
1743497741.704656,-44,-4,131
1743497741.739656,21,31,103
1743497741.775656,5,-130,61
1743497741.810656,-54,39,179
1743497741.846656,45,17,73
1743497741.8816562,-12,-40,275
1743497741.916656,-66,-18,29
1743497741.952656,0,37,147
1743497741.987656,59,3,241
1743497742.023656,73,13,203
1743497742.058656,49,-90,69
1743497742.094656,49,50,149
1743497742.129656,-76,16,35
1743497742.1646562,-58,-7,69
1743497742.200656,-55,-42,187
1743497742.235656,44,31,141
1743497742.271656,-43,81,193
1743497742.306656,-65,-16,7
1743497742.342656,34,109,239
1743497742.377656,6,67,5
1743497742.412656,-29,93,71
1743497742.448656,-13,-12,169
1743497742.4836562,-9,55,169
1743497742.519656,-25,-74,201
1743497742.554656,28,9,189
1743497742.590656,-5,9,15
1743497742.625656,-21,19,81
1743497742.660656,46,31,145
1743497742.696656,24,-28,149
1743497742.731656,142,55,1
1743497742.767656,-39,-6,281
1743497742.802656,22,-84,105
1743497742.838656,-101,39,149
1743497742.873656,34,-49,165
1743497742.908656,42,42,137
1743497742.944656,41,-39,59
1743497742.979656,9,24,115
1743497743.015656,-32,8,91
1743497743.050656,-18,-37,79
1743497743.086656,-22,28,215
1743497743.122656,61,-49,123
1743497743.158656,23,34,67
1743497743.194656,-24,-3,43
1743497743.229656,19,4,213
1743497743.264656,49,28,11
1743497743.300656,-22,74,77
1743497743.336656,-4,-55,95
1743497743.371656,7,24,139
1743497743.407656,15,-15,21
1743497743.442656,-16,-3,221
1743497743.477656,-28,-3,85
1743497743.512656,-30,-9,139
1743497743.548656,21,-25,235
1743497743.584656,49,48,201
1743497743.619656,21,64,222
1743497743.655656,-8,-9,114
1743497743.690656,-26,50,150
1743497743.725656,-2,-23,220
1743497743.760656,-10,38,250
1743497743.803656,19,-23,4
1743497743.840656,31,27,194
1743497743.875656,35,75,109
1743497743.911656,1,-6,127
1743497743.946656,-46,-8,-4
1743497743.981656,9,33,75
1743497744.0166562,-10,13,214
1743497744.052656,-64,55,105
1743497744.088656,57,-22,-16
1743497744.123656,0,23,87
1743497744.159656,12,-54,65
1743497744.194656,80,-66,192
1743497744.229656,-59,3,167
1743497744.264656,-85,31,272
1743497744.300656,0,15,26
1743497744.336656,42,-56,139
1743497744.371656,0,-34,98
1743497744.407656,62,-22,157
1743497744.442656,34,-16,129
1743497744.477656,-61,27,217
1743497744.512656,-15,0,100
1743497744.548656,96,41,48
1743497744.584656,28,21,122
1743497744.619656,30,-16,-57
1743497744.655656,12,-22,108
1743497744.690656,-44,35,66
1743497744.725656,-36,5,104
1743497744.761656,85,0,184
1743497744.797656,65,-16,194
1743497744.832656,-4,17,132
1743497744.8686562,-58,-46,36
1743497744.9046562,-52,83,90
1743497744.939656,77,-6,134
1743497744.975656,-16,69,132
1743497745.010656,-36,27,138
1743497745.045656,7,9,144
1743497745.080656,-50,-36,108
1743497745.116656,-88,50,62
1743497745.152656,-32,-5,76
1743497745.1876562,-2,-27,136
1743497745.223656,-42,-23,36
1743497745.258656,3,36,178
1743497745.293656,57,4,200
1743497745.328656,-40,58,118
1743497745.364656,71,16,76
1743497745.400656,-18,12,126
1743497745.435656,13,32,94
1743497745.471656,23,20,108
1743497745.5066562,41,-107,90
1743497745.541656,-50,-29,86
1743497745.576656,-30,-7,188
1743497745.612656,-14,6,182
1743497745.648656,-16,-31,216
1743497745.683656,-70,-3,-25
1743497745.719656,-22,-3,56
1743497745.754656,5,-23,190
1743497745.7896562,-24,-41,144
1743497745.824656,75,-45,96
1743497745.860656,79,34,134
1743497745.896656,7,24,278
1743497745.931656,7,-47,108
1743497745.967656,27,-19,110
1743497746.002656,-10,-59,144
1743497746.037656,-14,10,168
1743497746.0726562,-26,49,288
1743497746.1086562,-92,51,176
1743497746.144656,15,5,164
1743497746.179656,87,17,68
1743497746.215656,-44,-6,204
1743497746.250656,55,-40,160
1743497746.285656,43,-48,48
1743497746.320656,-2,-64,44
1743497746.356656,0,-30,100
1743497746.392656,-66,-32,306
1743497746.427656,-42,-6,28
1743497746.463656,-58,65,144
1743497746.498656,-20,81,172
1743497746.533656,43,-18,154
1743497746.568656,-38,13,194
1743497746.604656,-34,57,112
1743497746.640656,-58,-31,128
1743497746.675656,-5,0,160
1743497746.711656,8,18,178
1743497746.746656,22,21,150
1743497746.781656,-71,18,166
1743497746.816656,-9,-11,164
1743497746.852656,-47,-49,100
1743497746.888656,52,-39,34
1743497746.923656,-41,-59,120
1743497746.959656,-69,-9,108
1743497746.994656,22,-41,194
1743497747.0296562,-41,18,192
1743497747.064656,30,0,192
1743497747.100656,20,-27,256
1743497747.136656,0,-1,162
1743497747.171656,78,16,114
1743497747.207656,-17,29,152
1743497747.242656,-7,20,146
1743497747.277656,2,22,274
1743497747.3126562,65,-7,146
1743497747.348656,40,-49,222
1743497747.384656,12,72,204
1743497747.419656,-5,14,280
1743497747.455656,26,118,152
1743497747.490656,-12,28,134
1743497747.525656,-24,-57,62
1743497747.560656,42,-77,-43
1743497747.596656,-17,-51,248
1743497747.632656,-37,28,100
1743497747.667656,-37,-51,80
1743497747.703656,6,61,212
1743497747.738656,20,29,96
1743497747.773656,42,22,8
1743497747.808656,70,44,154
1743497747.844656,-75,83,182
1743497747.880656,79,-30,148
1743497747.915656,25,39,138
1743497747.951656,6,-38,96
1743497747.986656,-71,27,70
1743497748.021656,98,-34,64
1743497748.056656,84,51,216
1743497748.092656,2,31,76
1743497748.128656,-61,-44,226
1743497748.163656,-5,47,216
1743497748.199656,46,67,256
1743497748.234656,46,29,178
1743497748.269656,-11,-30,20
1743497748.304656,-77,-30,130
1743497748.340656,-71,5,216
1743497748.376656,-5,-20,68
1743497748.411656,50,-22,100
1743497748.4476562,28,-16,154
1743497748.482656,70,45,130
1743497748.517656,5,31,206
1743497748.552656,-88,39,108
1743497748.588656,33,-58,98
1743497748.624656,-10,17,76
1743497748.659656,33,21,48
1743497748.695656,-18,-70,170
1743497748.730656,55,-78,48
1743497748.765656,-2,11,184
1743497748.800656,-88,-2,118
1743497748.836656,17,69,276
1743497748.872656,41,43,144
1743497748.907656,27,43,128
1743497748.943656,69,-36,204
1743497748.978656,51,-42,232
1743497749.013656,-70,41,206
1743497749.048656,11,29,158
1743497749.084656,131,-10,152
1743497749.120656,1,-30,186
1743497749.155656,55,-24,68
1743497749.191656,31,33,132
1743497749.226656,-22,-46,140
1743497749.261656,-62,-30,218
1743497749.297656,-42,7,102
1743497749.332656,-26,-10,174
1743497749.3686562,-90,-26,38
1743497749.403656,19,0,242
1743497749.439656,29,-28,183
1743497749.474656,-24,-2,3
1743497749.509656,-48,-10,64
1743497749.545656,95,-108,-10
1743497749.580656,55,-66,91
1743497749.616656,15,53,277
1743497749.6516562,-34,-30,103
1743497749.6876562,-4,-94,129
1743497749.722656,129,-2,205
1743497749.757656,-8,-66,111
1743497749.793656,-28,5,171
1743497749.828656,25,-30,195
1743497749.864656,-20,-84,39
1743497749.899656,3,-28,213
1743497749.935656,-36,19,107
1743497749.9706562,53,-10,55
1743497750.005656,77,-20,133
1743497750.041656,91,113,175
1743497750.076656,13,-28,61
1743497750.112656,-92,-4,79
1743497750.147656,-38,23,13
1743497750.183656,65,109,73
1743497750.218656,-36,1,159
1743497750.253656,-83,17,121
1743497750.2896562,37,-48,131
1743497750.324656,-15,-44,139
1743497750.360656,-24,7,217
1743497750.395656,29,-8,91
1743497750.431656,59,-24,-42
1743497750.466656,-14,7,153
1743497750.501656,75,59,119
1743497750.537656,-20,13,37
1743497750.5726562,-34,37,147
1743497750.6086562,-58,47,185
1743497750.643656,15,-14,173
1743497750.679656,-6,-28,65
1743497750.714656,1,-8,17
1743497750.749656,-46,-62,41
1743497750.785656,0,43,183
1743497750.820656,-39,-22,119
1743497750.856656,71,-56,191
1743497750.8916562,0,-88,89
1743497750.927656,-8,1,93
1743497750.962656,33,-78,107
1743497750.997656,9,77,31
1743497751.033656,21,-80,167
1743497751.068656,57,1,133
1743497751.104656,-32,-46,33
1743497751.139656,15,-14,65
1743497751.175656,-10,-96,11
1743497751.2106562,43,35,125
1743497751.245656,-4,45,225
1743497751.281656,21,-42,251
1743497751.316656,-16,-8,67
1743497751.352656,25,29,203
1743497751.387656,77,-22,65
1743497751.423656,3,-10,67
1743497751.458656,33,29,237
1743497751.4936562,47,11,97
1743497751.5296562,79,-46,123
1743497751.564656,5,3,147
1743497751.600656,-74,11,125
1743497751.635656,-2,17,147
1743497751.671656,37,7,53
1743497751.706656,45,-11,139
1743497751.741656,39,-33,133
1743497751.777656,0,10,185
1743497751.8126562,71,8,119
1743497751.848656,-12,-33,213
1743497751.883656,-66,-23,65
1743497751.919656,23,16,173
1743497751.954656,-22,-43,85
1743497751.989656,9,6,51
1743497752.025656,-8,96,45
1743497752.060656,26,42,61
1743497752.096656,65,-1,211
1743497752.1316562,-44,4,117
1743497752.167656,-50,8,131
1743497752.202656,4,8,161
1743497752.237656,-9,104,207
1743497752.273656,21,-5,51
1743497752.308656,19,12,31
1743497752.344656,-28,-45,123
1743497752.379656,22,14,175
1743497752.415656,-82,32,177
1743497752.450656,25,50,95
1743497752.485656,-30,-41,259
1743497752.521656,43,-41,177
1743497752.556656,-75,78,143
1743497752.592656,24,22,129
1743497752.627656,48,4,141
1743497752.663656,-35,34,105
1743497752.699656,4,40,77
1743497752.734656,-5,40,163
1743497752.769656,-41,-37,47
1743497752.805656,-29,-27,47
1743497752.841656,20,12,109
1743497752.876656,19,80,201
1743497752.912656,38,-17,183
1743497752.9476562,-37,-41,29
1743497752.982656,15,-15,115
1743497753.017656,16,-21,115
1743497753.053656,20,50,125
1743497753.089656,80,-21,135
1743497753.124656,-85,-9,61
1743497753.160656,8,-51,67
1743497753.195656,-16,-25,139
1743497753.230656,-62,2,203
1743497753.265656,-88,28,257
1743497753.301656,-10,16,113
1743497753.337656,27,4,177
1743497753.372656,35,68,173
1743497753.408656,-42,-101,-4
1743497753.443656,-58,20,269
1743497753.478656,-24,-7,141
1743497753.513656,71,76,63
1743497753.5496562,0,-21,177
1743497753.5856562,35,10,141
1743497753.620656,17,0,107
1743497753.656656,-48,-71,183
1743497753.691656,-26,-57,-12
1743497753.726656,-42,20,143
1743497753.761656,-12,-27,49
1743497753.804656,27,40,105
1743497753.841656,99,34,117
1743497753.876656,-52,-5,265
1743497753.912656,-60,-61,63
1743497753.9476562,-12,-39,175
1743497753.982656,19,42,131
1743497754.017656,25,6,113
1743497754.053656,-67,-9,127
1743497754.089656,-17,50,51
1743497754.124656,-84,30,31
1743497754.160656,11,0,93
1743497754.195656,40,10,115
1743497754.230656,66,44,159
1743497754.265656,47,-13,217
1743497754.301656,-16,-45,271
1743497754.337656,2,0,169
1743497754.372656,18,-29,121
1743497754.408656,14,28,155
1743497754.443656,-17,28,15
1743497754.478656,-47,2,211
1743497754.513656,-81,8,95
1743497754.5496562,-35,-9,147
1743497754.5856562,16,15,97
1743497754.620656,-9,27,133
1743497754.656656,-37,-41,49
1743497754.691656,19,-63,121
1743497754.726656,-6,38,133
1743497754.761656,-22,-23,165
1743497754.797656,25,-1,139
1743497754.833656,-30,-95,253
1743497754.8686562,-46,26,129
1743497754.9046562,13,-55,93
1743497754.939656,101,110,81
1743497754.974656,3,42,25
1743497755.009656,39,-33,81
1743497755.045656,0,-31,117
1743497755.081656,5,58,135
1743497755.116656,3,-45,157
1743497755.152656,23,-81,47
1743497755.1876562,57,-25,207
1743497755.222656,33,-33,99
1743497755.257656,-16,0,143
1743497755.293656,-56,-37,91
1743497755.329656,27,14,67
1743497755.364656,-32,-33,197
1743497755.400656,37,88,171
1743497755.435656,-12,12,111
1743497755.4706562,5,-9,57
1743497755.505656,25,84,139
1743497755.541656,-50,0,95
1743497755.577656,-40,28,133
1743497755.612656,-110,28,39
1743497755.648656,9,-3,125
1743497755.683656,-12,58,267
1743497755.718656,25,-7,183
1743497755.753656,-54,108,157
1743497755.7896562,-10,-45,115
1743497755.825656,-44,10,99
1743497755.860656,23,-69,221
1743497755.896656,129,0,225
1743497755.931656,-20,-17,181
1743497755.966656,-114,-21,117
1743497756.001656,55,-3,211
1743497756.037656,-80,0,-12
1743497756.073656,-2,26,183
1743497756.1086562,-32,40,211
1743497756.144656,-20,22,105
1743497756.179656,-10,-69,113
1743497756.214656,77,-5,231
1743497756.249656,17,-13,119
1743497756.285656,-8,16,83
1743497756.321656,-20,28,143
1743497756.356656,47,70,165
1743497756.392656,23,-65,-2
1743497756.427656,0,56,241
1743497756.462656,-18,68,203
1743497756.497656,3,-51,181
1743497756.533656,-22,-5,113
1743497756.569656,-2,66,207
1743497756.604656,0,10,67
1743497756.640656,11,8,139
1743497756.675656,39,18,43
1743497756.7106562,31,-29,93
1743497756.745656,19,-19,111
1743497756.781656,-80,-1,123
1743497756.817656,-50,14,21
1743497756.852656,69,-21,93
1743497756.888656,-66,-49,115
1743497756.923656,7,-39,119
1743497756.958656,-78,-35,-4
1743497756.9936562,-48,-39,121
1743497757.0296562,9,30,123
1743497757.065656,57,-3,133
1743497757.100656,-74,36,99
1743497757.136656,-62,74,149
1743497757.171656,-56,76,127
1743497757.206656,-36,-11,43
1743497757.241656,-8,50,137
1743497757.277656,-58,-99,105
1743497757.313656,19,78,139
1743497757.348656,-36,-11,41
1743497757.384656,3,58,117
1743497757.419656,-72,-11,115
1743497757.454656,-20,-5,253
1743497757.489656,-54,-27,199
1743497757.525656,-20,-11,195
1743497757.561656,11,42,83
1743497757.596656,0,70,41
1743497757.632656,33,68,-44
1743497757.667656,-26,16,31
1743497757.702656,-48,34,109
1743497757.737656,29,-7,25
1743497757.773656,-76,-101,135
1743497757.809656,-4,-13,103
1743497757.844656,-46,-73,31
1743497757.880656,-20,-37,235
1743497757.915656,11,-103,55
1743497757.950656,-24,50,229
1743497757.985656,43,34,97
1743497758.021656,1,-39,181
1743497758.057656,-8,38,55
1743497758.092656,49,22,199
1743497758.128656,-20,-23,151
1743497758.163656,1,42,191
1743497758.198656,0,12,137
1743497758.2336562,-30,-1,91
1743497758.269656,-34,-55,183
1743497758.305656,11,-45,131
1743497758.340656,-46,-41,183
1743497758.376656,29,58,27
1743497758.411656,11,32,161
1743497758.446656,21,-19,33
1743497758.481656,-86,4,201
1743497758.517656,35,66,169
1743497758.553656,43,-19,169
1743497758.588656,31,52,77
1743497758.624656,-24,34,161
1743497758.659656,-62,-13,109
1743497758.694656,-50,-1,85
1743497758.730656,13,36,113
1743497758.765656,105,-109,67
1743497758.801656,-46,4,141
1743497758.836656,65,36,243
1743497758.872656,7,-37,165
1743497758.907656,15,-5,117
1743497758.942656,-52,-9,181
1743497758.978656,23,44,99
1743497759.013656,44,-82,125
1743497759.0496562,9,-40,169
1743497759.084656,-28,38,201
1743497759.120656,93,25,-36
1743497759.155656,99,17,217
1743497759.190656,-72,-8,-6
1743497759.226656,0,37,133
1743497759.261656,-62,29,221
1743497759.297656,35,-94,53
1743497759.332656,-24,51,163
1743497759.3686562,-2,-47,115
1743497759.403656,69,10,101
1743497759.438656,-26,-9,87
1743497759.474656,67,-4,87
1743497759.509656,-14,8,273
1743497759.545656,-32,-37,153
1743497759.580656,-84,8,171
1743497759.616656,-52,-73,83
1743497759.6516562,-34,-25,41
1743497759.686656,-14,41,207
1743497759.722656,-38,7,17
1743497759.757656,21,18,37
1743497759.793656,-30,58,61
1743497759.828656,-26,30,27
1743497759.864656,-8,-5,165
1743497759.899656,-30,-75,105
1743497759.934656,-26,-23,131
1743497759.9706562,-30,-25,157
1743497760.005656,-44,30,127
1743497760.041656,29,0,249
1743497760.076656,-46,-75,97
1743497760.112656,-14,14,95
1743497760.147656,0,42,149
1743497760.182656,-32,-99,86
1743497760.218656,0,-33,132
1743497760.253656,59,-9,200
1743497760.2896562,45,-33,74
1743497760.324656,-66,12,148
1743497760.360656,13,16,126
1743497760.395656,11,-33,72
1743497760.430656,-128,70,76
1743497760.466656,7,-37,36
1743497760.501656,37,-25,136
1743497760.537656,-30,-27,32
1743497760.5726562,-8,-19,234
1743497760.6086562,91,-7,194
1743497760.643656,-10,-37,18
1743497760.678656,-166,-57,152
1743497760.714656,-16,26,214
1743497760.749656,-6,-67,204
1743497760.785656,-66,-73,112
1743497760.820656,-56,-23,140
1743497760.855656,-68,18,150
1743497760.890656,51,44,86
1743497760.926656,-71,-39,164
1743497760.962656,18,8,152
1743497760.997656,-10,-29,134
1743497761.033656,22,78,200
1743497761.068656,9,18,14
1743497761.104656,-34,-3,282
1743497761.139656,-28,-15,254
1743497761.1746562,-28,-23,216
1743497761.2106562,-58,22,48
1743497761.245656,-30,22,150
1743497761.281656,-28,-25,220
1743497761.316656,-38,36,154
1743497761.352656,29,-33,98
1743497761.387656,-38,16,156
1743497761.422656,25,-85,60
1743497761.458656,-66,-27,44
1743497761.4936562,85,20,20
1743497761.5296562,-36,-62,216
1743497761.564656,17,-10,128
1743497761.600656,-68,-34,60
1743497761.635656,-118,-33,146
1743497761.670656,-58,-9,108
1743497761.706656,69,70,94
1743497761.741656,41,-41,254
1743497761.777656,7,56,144
1743497761.8126562,89,-17,172
1743497761.848656,-22,12,150
1743497761.883656,-18,-23,126
1743497761.918656,27,62,76
1743497761.954656,-68,6,180
1743497761.989656,-64,-55,270
1743497762.025656,103,-21,144
1743497762.060656,-24,0,46
1743497762.096656,9,0,178
1743497762.132656,-16,-13,274
1743497762.168656,0,30,124
1743497762.204656,31,18,-5
1743497762.240656,-126,-45,82
1743497762.2766562,-20,10,39
1743497762.3126562,-5,60,115
1743497762.348656,-87,-19,223
1743497762.383656,-5,16,107
1743497762.418656,-97,-49,113
1743497762.454656,-7,-11,213
1743497762.490656,78,-15,189
1743497762.525656,10,50,167
1743497762.561656,-9,4,195
1743497762.596656,-5,-61,161
1743497762.6316562,-49,64,197
1743497762.666656,-41,36,205
1743497762.702656,-25,16,149
1743497762.738656,-25,62,125
1743497762.773656,-9,6,147
1743497762.809656,66,-33,221
1743497762.844656,-5,-27,159
1743497762.879656,2,-3,105
1743497762.9146562,-57,2,17
1743497762.950656,-5,10,175
1743497762.986656,88,14,209
1743497763.021656,-21,-47,173
1743497763.057656,88,-7,43
1743497763.092656,6,20,99
1743497763.127656,6,-9,103
1743497763.162656,40,-81,155
1743497763.198656,26,20,171
1743497763.234656,-107,-63,115
1743497763.269656,-51,-29,129
1743497763.305656,-25,26,183
1743497763.340656,26,48,173
1743497763.375656,-73,58,141
1743497763.410656,-17,16,141
1743497763.446656,24,-1,193
1743497763.482656,-31,28,233
1743497763.517656,-25,-31,183
1743497763.553656,44,18,-16
1743497763.588656,-75,38,123
1743497763.623656,22,-43,23
1743497763.658656,-75,23,209
1743497763.694656,-9,17,131
1743497763.730656,-68,-21,159
1743497763.765656,0,-53,85
1743497763.808656,-55,-15,243
1743497763.844656,-35,68,241
1743497763.879656,-55,84,187
1743497763.9146562,6,-18,195
1743497763.950656,-25,-58,117
1743497763.986656,36,-112,163
1743497764.021656,14,13,123
1743497764.057656,28,9,69
1743497764.092656,-15,-12,39
1743497764.127656,-5,29,111
1743497764.162656,-101,-39,123
1743497764.198656,61,43,103
1743497764.234656,35,47,143
1743497764.269656,-29,19,169
1743497764.305656,50,-56,241
1743497764.340656,-105,-2,103
1743497764.375656,-1,-54,55
1743497764.410656,-17,9,103
1743497764.446656,-59,22,149
1743497764.482656,55,60,149
1743497764.517656,15,-77,93
1743497764.553656,44,-124,119
1743497764.588656,-69,-20,41
1743497764.623656,52,-10,133
1743497764.658656,6,-16,82
1743497764.694656,2,53,244
1743497764.730656,-11,93,103
1743497764.765656,52,-22,120
1743497764.801656,104,9,196
1743497764.836656,-23,-28,6
1743497764.871656,50,15,176
1743497764.906656,-17,-10,234
1743497764.942656,10,88,46
1743497764.978656,28,32,82
1743497765.013656,28,58,170
1743497765.0496562,60,31,120
1743497765.084656,86,43,84
1743497765.119656,74,61,116
1743497765.1546562,-59,57,184
1743497765.190656,52,-12,82
1743497765.226656,36,-122,50
1743497765.261656,-21,35,196
1743497765.297656,55,-6,232
1743497765.332656,29,0,-39
1743497765.367656,11,61,126
1743497765.402656,-32,83,128
1743497765.438656,5,-46,104
1743497765.474656,-24,-30,22
1743497765.509656,29,-4,164
1743497765.545656,71,25,40
1743497765.580656,28,-32,150
1743497765.615656,9,81,62
1743497765.650656,-21,5,138
1743497765.686656,-39,51,94
1743497765.722656,78,0,188
1743497765.757656,57,-24,86
1743497765.793656,-29,33,144
1743497765.828656,-17,-16,198
1743497765.863656,-29,19,104
1743497765.898656,-126,61,132
1743497765.934656,3,5,120
1743497765.9706562,-20,51,18
1743497766.005656,-50,-28,90
1743497766.041656,-12,-78,140
1743497766.076656,27,21,46
1743497766.111656,-31,-8,202
1743497766.146656,-25,23,216
1743497766.182656,0,0,94
1743497766.218656,24,9,124
1743497766.253656,18,45,110
1743497766.2896562,22,75,136
1743497766.324656,50,-32,76
1743497766.359656,-62,7,100
1743497766.394656,-14,15,202
1743497766.430656,-6,43,144
1743497766.466656,1,-24,178
1743497766.501656,127,5,194
1743497766.537656,33,55,46
1743497766.5726562,29,21,14
1743497766.607656,27,0,248
1743497766.642656,101,-52,254
1743497766.678656,71,65,104
1743497766.714656,102,-38,40
1743497766.749656,-81,39,106
1743497766.785656,102,37,212
1743497766.820656,-48,11,214
1743497766.855656,-47,-46,92
1743497766.890656,-5,0,66
1743497766.926656,-69,21,182
1743497766.962656,-11,-30,102
1743497766.997656,-35,-34,68
1743497767.033656,-33,-2,134
1743497767.068656,70,63,114
1743497767.103656,12,53,116
1743497767.138656,6,-68,136
1743497767.1746562,-7,-18,138
1743497767.2106562,56,41,270
1743497767.245656,-45,-38,86
1743497767.281656,-2,-86,178
1743497767.316656,-77,-88,148
1743497767.351656,-40,-4,146
1743497767.386656,62,31,116
1743497767.422656,-18,-28,280
1743497767.458656,-16,21,194
1743497767.4936562,1,37,22
1743497767.5296562,6,-4,84
1743497767.564656,-7,53,136
1743497767.599656,-58,45,66
1743497767.634656,19,83,152
1743497767.670656,-12,3,86
1743497767.706656,-1,-10,172
1743497767.741656,-9,11,128
1743497767.777656,-121,53,228
1743497767.8126562,52,3,-15
1743497767.847656,-61,-48,58
1743497767.882656,-23,17,138
1743497767.918656,76,23,134
1743497767.954656,-43,25,168
1743497767.989656,-63,-46,138
1743497768.025656,14,13,204
1743497768.060656,-35,-50,114
1743497768.0956562,-5,-72,156
1743497768.130656,-33,19,174
1743497768.166656,-99,1,150
1743497768.202656,14,23,22
1743497768.237656,-5,69,236
1743497768.273656,16,35,94
1743497768.308656,-61,65,166
1743497768.343656,-43,3,178
1743497768.379656,-15,-34,126
1743497768.4146562,18,-10,122
1743497768.450656,-32,29,124
1743497768.485656,-40,79,184
1743497768.521656,-48,-20,122
1743497768.556656,25,-12,82
1743497768.591656,69,-8,100
1743497768.627656,-34,-18,130
1743497768.662656,-28,-6,130
1743497768.698656,-26,27,84
1743497768.7336562,-8,-48,124
1743497768.769656,-16,35,80
1743497768.804656,-20,14,152
1743497768.839656,21,37,116
1743497768.875656,11,-72,170
1743497768.910656,-60,-8,128
1743497768.946656,-36,19,126
1743497768.981656,15,-70,140
1743497769.017656,-68,-42,118
1743497769.052656,33,43,112
1743497769.087656,-12,-36,212
1743497769.123656,31,-94,-5
1743497769.158656,-28,0,108
1743497769.194656,-6,-22,110
1743497769.229656,7,-58,-9
1743497769.265656,5,1,244
1743497769.300656,-40,-20,144
1743497769.3356562,35,-12,144
1743497769.371656,-28,-8,198
1743497769.406656,0,9,84
1743497769.442656,-28,45,98
1743497769.477656,59,-14,164
1743497769.513656,-84,21,156
1743497769.548656,-20,13,168
1743497769.583656,57,-20,246
1743497769.619656,25,-42,206
1743497769.6546562,23,-40,168
1743497769.690656,-20,23,190
1743497769.725656,-36,0,224
1743497769.761656,-24,-28,112
1743497769.796656,-36,45,56
1743497769.831656,-8,23,118
1743497769.867656,9,-46,126
1743497769.902656,33,19,194
1743497769.938656,-10,-36,166
1743497769.973656,21,29,208
1743497770.009656,-52,-38,42
1743497770.044656,0,-16,134
1743497770.079656,11,30,68
1743497770.115656,109,-35,112
1743497770.150656,5,46,146
1743497770.186656,33,-57,46
1743497770.221656,-28,14,42
1743497770.257656,-7,38,78
1743497770.292656,7,-3,146
1743497770.327656,63,82,270
1743497770.363656,-26,-35,120
1743497770.398656,127,-27,182
1743497770.434656,-42,16,84
1743497770.469656,-26,-59,4
1743497770.505656,73,22,121
1743497770.540656,38,50,179
1743497770.575656,-10,6,18
1743497770.611656,-38,-57,152
1743497770.646656,-10,40,82
1743497770.682656,32,30,22
1743497770.717656,6,0,166
1743497770.753656,-43,-6,110
1743497770.788656,-83,23,122
1743497770.823656,22,-12,158
1743497770.859656,40,-40,152
1743497770.894656,-1,-28,218
1743497770.930656,8,-46,94
1743497770.965656,-35,41,46
1743497771.001656,60,-32,244
1743497771.036656,22,-12,92
1743497771.071656,-43,11,210
1743497771.107656,-37,41,159
1743497771.142656,8,0,106
1743497771.178656,-65,-44,115
1743497771.213656,22,-36,161
1743497771.249656,-5,51,181
1743497771.284656,30,9,89
1743497771.319656,4,-18,221
1743497771.355656,-15,3,151
1743497771.390656,-57,-74,96
1743497771.426656,16,57,185
1743497771.461656,8,35,114
1743497771.497656,40,143,129
1743497771.532656,-59,53,129
1743497771.567656,-13,95,34
1743497771.603656,-19,-6,162
1743497771.638656,-9,7,56
1743497771.6746562,-19,-6,156
1743497771.709656,8,-12,118
1743497771.745656,28,13,91
1743497771.781656,-37,19,118
1743497771.817656,22,-68,136
1743497771.853656,12,3,130
1743497771.888656,128,-40,140
1743497771.923656,4,17,64
1743497771.959656,-42,31,100
1743497771.995656,-24,3,154
1743497772.030656,9,47,234
1743497772.066656,-18,-26,142
1743497772.101656,55,-40,158
1743497772.136656,5,9,66
1743497772.171656,-26,-90,126
1743497772.207656,-16,43,104
1743497772.2436562,-22,-56,86
1743497772.278656,-48,15,54
1743497772.314656,-56,27,68
1743497772.349656,-68,36,172
1743497772.384656,3,2,146
1743497772.419656,-4,-51,126
1743497772.455656,-40,-21,58
1743497772.491656,-54,28,248
1743497772.5266562,27,26,114
1743497772.5626562,-32,-55,118
1743497772.597656,73,62,210
1743497772.632656,0,-40,160
1743497772.667656,101,9,116
1743497772.703656,57,-40,100
1743497772.739656,-44,89,190
1743497772.774656,57,-66,280
1743497772.810656,49,-24,74
1743497772.8456562,1,33,186
1743497772.880656,-27,-36,158
1743497772.915656,-51,61,172
1743497772.951656,-23,-22,148
1743497772.987656,28,55,230
1743497773.022656,11,67,102
1743497773.058656,-28,-62,185
1743497773.093656,-50,69,92
1743497773.128656,-26,7,98
1743497773.163656,35,-28,76
1743497773.199656,105,-50,4
1743497773.235656,79,5,319
1743497773.270656,7,-30,83
1743497773.306656,51,29,109
1743497773.341656,31,-26,153
1743497773.376656,-32,-8,139
1743497773.411656,9,49,157
1743497773.4476562,1,-48,107
1743497773.4836562,35,-12,47
1743497773.518656,-18,43,201
1743497773.554656,-62,15,145
1743497773.589656,-74,57,141
1743497773.624656,-56,43,165
1743497773.659656,23,-10,175
1743497773.695656,17,-76,167
1743497773.731656,-80,7,125
1743497773.7666562,19,65,135
1743497773.809656,-44,-48,103
1743497773.8456562,21,1,129
1743497773.880656,13,-3,175
1743497773.915656,17,-8,241
1743497773.951656,-22,-66,107
1743497773.987656,-8,1,247
1743497774.022656,29,25,151
1743497774.058656,-58,-68,213
1743497774.093656,-72,-100,171
1743497774.128656,-62,-30,75
1743497774.163656,51,-102,155
1743497774.199656,81,-62,155
1743497774.235656,59,33,155
1743497774.270656,-70,-128,161
1743497774.306656,-10,-38,201
1743497774.341656,71,19,109
1743497774.376656,-58,19,99
1743497774.411656,-50,-28,41
1743497774.4476562,29,-2,79
1743497774.4836562,31,-16,155
1743497774.518656,-32,3,125
1743497774.554656,41,67,141
1743497774.589656,-18,11,77
1743497774.624656,-62,9,63
1743497774.659656,-26,17,121
1743497774.695656,-2,55,199
1743497774.731656,51,25,73
1743497774.7666562,53,51,267
1743497774.802656,17,29,77
1743497774.837656,83,-10,221
1743497774.872656,-22,-10,139
1743497774.907656,97,17,101
1743497774.943656,43,41,105
1743497774.979656,-48,39,67
1743497775.014656,7,3,97
1743497775.050656,-48,33,69
1743497775.0856562,-62,-46,163
1743497775.120656,15,47,98
1743497775.155656,1,-39,166
1743497775.191656,3,-13,146
1743497775.227656,-2,3,76
1743497775.262656,45,-108,234
1743497775.298656,81,-24,114
1743497775.333656,-24,-10,114
1743497775.3686562,-24,1,110
1743497775.403656,-40,-4,48
1743497775.439656,61,-56,176
1743497775.475656,31,15,58
1743497775.510656,29,-72,260
1743497775.546656,-42,-4,92
1743497775.581656,27,-82,150
1743497775.616656,-38,0,260
1743497775.6516562,33,-34,156
1743497775.6876562,-32,-29,98
1743497775.723656,31,-1,112
1743497775.758656,63,78,228
1743497775.794656,-60,-1,34
1743497775.829656,-82,86,256
1743497775.864656,3,-29,102
1743497775.899656,-11,46,108
1743497775.935656,-9,-3,216
1743497775.971656,-45,4,36
1743497776.0066562,-15,-5,84
1743497776.042656,-13,42,182
1743497776.077656,6,90,206
1743497776.112656,-61,58,4
1743497776.147656,20,-37,126
1743497776.183656,-3,-71,86
1743497776.219656,-49,-5,112
1743497776.254656,-17,16,50
1743497776.290656,8,30,64
1743497776.325656,12,0,152
1743497776.360656,-39,8,104
1743497776.395656,86,18,38
1743497776.431656,4,-55,136
1743497776.467656,-27,-21,69
1743497776.502656,4,2,157
1743497776.538656,-3,54,41
1743497776.573656,52,28,119
1743497776.6086562,30,-27,39
1743497776.643656,-63,-3,151
1743497776.679656,-13,-19,135
1743497776.715656,4,30,149
1743497776.750656,46,-1,83
1743497776.786656,4,34,167
1743497776.821656,20,-51,103
1743497776.856656,-17,28,93
1743497776.8916562,86,18,97
1743497776.927656,-39,-43,159
1743497776.963656,-21,46,303
1743497776.998656,18,4,95
1743497777.034656,76,-29,117
1743497777.069656,-61,28,125
1743497777.104656,-51,58,63
1743497777.139656,-37,34,127
1743497777.175656,20,10,123
1743497777.211656,-101,76,135
1743497777.246656,18,-15,125
1743497777.282656,-81,30,217
1743497777.317656,44,-5,129
1743497777.352656,-21,8,193
1743497777.387656,-25,-45,133
1743497777.423656,40,10,195
1743497777.459656,20,-87,92
1743497777.494656,-21,2,162
1743497777.530656,2,-9,102
1743497777.565656,28,6,226
1743497777.600656,32,-13,134
1743497777.635656,-11,86,10
1743497777.671656,51,-11,228
1743497777.707656,-21,-65,132
1743497777.742656,-31,-51,154
1743497777.778656,28,-35,94
1743497777.813656,50,4,128
1743497777.848656,78,-67,-21
1743497777.884656,-51,-21,98
1743497777.919656,14,-11,32
1743497777.955656,-11,-47,72
1743497777.990656,42,6,148
1743497778.0266562,-5,42,120
1743497778.061656,34,58,150
1743497778.096656,-1,-1,54
1743497778.132656,12,12,108
1743497778.167656,-69,2,70
1743497778.203656,12,56,164
1743497778.238656,-27,-3,70
1743497778.274656,-111,-55,142
1743497778.309656,-17,56,88
1743497778.344656,6,14,204
1743497778.380656,-47,-27,188
1743497778.415656,0,-31,120
1743497778.451656,-50,4,86
1743497778.486656,12,24,110
1743497778.522656,51,-23,114
1743497778.557656,49,-63,190
1743497778.592656,41,30,256
1743497778.628656,-96,-51,124
1743497778.663656,37,-97,48
1743497778.699656,17,8,244
1743497778.734656,3,-19,168
1743497778.770656,-32,-84,160
1743497778.805656,-40,28,132
1743497778.840656,-48,-11,320
1743497778.876656,37,6,96
1743497778.911656,25,46,66
1743497778.9476562,-22,-7,124
1743497778.982656,47,-23,124
1743497779.018656,37,83,112
1743497779.053656,5,63,90
1743497779.088656,-38,7,54
1743497779.124656,31,-32,60
1743497779.159656,38,35,58
1743497779.195656,77,-52,54
1743497779.230656,99,25,80
1743497779.2666562,19,-45,54
1743497779.301656,-80,26,56
1743497779.336656,15,58,156
1743497779.372656,-86,-39,90
1743497779.407656,-54,-35,124
1743497779.443656,-34,-35,176
1743497779.478656,29,-61,74
1743497779.514656,-94,10,196
1743497779.5496562,-12,22,110
1743497779.584656,-24,48,118
1743497779.620656,95,-47,126
1743497779.655656,25,24,116
1743497779.691656,-6,18,140
1743497779.726656,-26,-45,196
1743497779.762656,71,6,62
1743497779.797656,-6,70,70
1743497779.832656,63,10,76
1743497779.8686562,-28,48,250
1743497779.903656,-70,-55,90
1743497779.939656,97,-19,196
1743497779.974656,67,34,74
1743497780.010656,47,-29,186
1743497780.045656,-4,-19,240
1743497780.080656,-18,14,158
1743497780.116656,-2,-9,188
1743497780.1516562,21,-1,154
1743497780.1876562,15,-14,48
1743497780.222656,-12,-12,146
1743497780.258656,49,7,202
1743497780.293656,0,-54,162
1743497780.328656,-72,87,120
1743497780.364656,38,47,136
1743497780.399656,-92,-58,146
1743497780.435656,3,5,182
1743497780.4706562,16,-68,176
1743497780.5066562,-2,-32,86
1743497780.541656,0,33,46
1743497780.576656,-14,-68,148
1743497780.612656,-26,0,166
1743497780.647656,-18,71,38
1743497780.683656,57,11,2
1743497780.718656,9,-44,184
1743497780.754656,65,-34,174
1743497780.7896562,-18,-86,128
1743497780.824656,39,7,136
1743497780.860656,-60,-120,254
1743497780.895656,11,-12,164
1743497780.931656,27,-2,118
1743497780.966656,43,23,80
1743497781.002656,-26,-2,12
1743497781.037656,-28,13,188
1743497781.0726562,35,0,114
1743497781.1086562,11,-24,52
1743497781.143656,3,-30,220
1743497781.179656,-74,-27,70
1743497781.214656,81,73,50
1743497781.250656,-20,27,116
1743497781.286656,13,41,192
1743497781.3226562,-26,-70,212
1743497781.3586562,77,-56,40
1743497781.393656,15,-64,96
1743497781.428656,-8,-4,192
1743497781.464656,-36,-23,78
1743497781.500656,73,-39,180
1743497781.535656,-40,18,148
1743497781.571656,-4,-13,178
1743497781.606656,-52,-46,212
1743497781.6416562,29,25,64
1743497781.676656,-22,15,150
1743497781.712656,29,21,188
1743497781.748656,13,17,160
1743497781.783656,-20,-62,166
1743497781.819656,41,-34,128
1743497781.854656,79,-18,98
1743497781.889656,-32,-52,188
1743497781.9246562,15,-30,98
1743497781.9606562,79,-70,168
1743497781.996656,-76,-36,78
1743497782.031656,1,-68,124
1743497782.067656,-14,-30,80
1743497782.102656,39,25,22
1743497782.137656,25,79,130
1743497782.172656,47,-28,92
1743497782.208656,-22,23,46
1743497782.244656,-10,115,116
1743497782.2796562,7,25,24
1743497782.315656,-72,35,24
1743497782.350656,30,-34,152
1743497782.385656,12,-98,24
1743497782.420656,-16,13,188
1743497782.456656,-56,3,144
1743497782.492656,-12,-26,112
1743497782.527656,3,-56,50
1743497782.563656,53,7,24
1743497782.598656,-4,-44,84
1743497782.633656,-92,-32,188
1743497782.668656,-24,-86,104
1743497782.704656,-38,13,84
1743497782.740656,31,71,202
1743497782.775656,27,-62,182
1743497782.811656,63,33,108
1743497782.846656,-16,25,160
1743497782.8816562,-76,11,124
1743497782.916656,-30,9,150
1743497782.952656,13,17,148
1743497782.988656,-64,36,48
1743497783.023656,12,52,178
1743497783.059656,-35,-1,204
1743497783.094656,58,45,72
1743497783.129656,10,12,164
1743497783.1646562,-52,16,190
1743497783.200656,37,22,116
1743497783.236656,47,16,156
1743497783.271656,-18,-15,122
1743497783.307656,-6,28,46
1743497783.342656,-8,35,202
1743497783.377656,1,-39,176
1743497783.412656,-6,16,160
1743497783.448656,-44,66,162
1743497783.484656,1,82,134
1743497783.519656,41,-67,144
1743497783.555656,-20,-25,148
1743497783.590656,29,34,14
1743497783.625656,71,14,136
1743497783.660656,-20,-13,76
1743497783.696656,9,6,122
1743497783.732656,21,26,114
1743497783.767656,-42,6,170
1743497783.810656,27,10,72
1743497783.846656,-14,34,18
1743497783.8816562,-6,-29,188
1743497783.916656,15,32,80
1743497783.952656,-38,18,166
1743497783.988656,-14,6,156
1743497784.023656,11,-57,62
1743497784.059656,-8,76,54
1743497784.094656,41,-20,44
1743497784.129656,-64,-32,160
1743497784.1646562,-14,-12,138
1743497784.200656,-60,31,24
1743497784.236656,11,25,112
1743497784.271656,-66,21,138
1743497784.307656,-68,15,38
1743497784.342656,57,-22,176
1743497784.377656,59,85,100
1743497784.412656,-6,-5,204
1743497784.448656,-8,-34,118
1743497784.484656,-5,0,12
1743497784.519656,27,41,192
1743497784.555656,19,-12,114
1743497784.590656,-37,-10,6
1743497784.625656,-37,-48,194
1743497784.660656,17,13,110
1743497784.696656,-84,-42,218
1743497784.732656,-24,83,162
1743497784.767656,-14,-2,115
1743497784.803656,-68,59,120
1743497784.838656,-38,67,152
1743497784.873656,-12,-38,127
1743497784.908656,-30,-20,151
1743497784.944656,-32,105,265
1743497784.980656,-36,15,117
1743497785.015656,-14,-30,71
1743497785.051656,23,-34,157
1743497785.086656,-24,7,55
1743497785.121656,-30,-44,159
1743497785.156656,21,51,109
1743497785.192656,53,3,12
1743497785.228656,15,13,139
1743497785.263656,-30,-24,3
1743497785.2996562,61,-32,103
1743497785.334656,-28,25,78
1743497785.369656,9,11,134
1743497785.4046562,-54,37,199
1743497785.440656,29,-28,275
1743497785.476656,0,5,145
1743497785.511656,-36,1,143
1743497785.547656,-2,-10,171
1743497785.582656,15,-10,17
1743497785.617656,-13,-48,230
1743497785.652656,2,79,-17
1743497785.688656,11,-20,192
1743497785.724656,15,0,85
1743497785.759656,-14,19,249
1743497785.795656,21,-2,125
1743497785.830656,-34,-6,223
1743497785.865656,-36,9,81
1743497785.900656,-32,-65,113
1743497785.936656,22,-30,143
1743497785.972656,-33,47,61
1743497786.007656,-25,-20,113
1743497786.043656,-3,-52,171
1743497786.078656,-32,-8,123
1743497786.113656,-20,73,165
1743497786.148656,-90,31,95
1743497786.184656,-28,-30,35
1743497786.2206562,49,19,13
1743497786.255656,-22,101,57
1743497786.291656,3,-74,99
1743497786.326656,-72,-14,49
1743497786.361656,31,9,111
1743497786.396656,50,-72,157
1743497786.432656,13,21,161
1743497786.468656,-14,-52,0
1743497786.503656,-8,71,147
1743497786.5396562,21,13,49
1743497786.574656,17,-18,189
1743497786.609656,-10,0,183
1743497786.644656,13,-8,117
1743497786.680656,-12,15,63
1743497786.716656,-12,-22,101
1743497786.751656,-22,-6,93
1743497786.787656,-2,-46,129
1743497786.8226562,-18,-60,59
1743497786.857656,1,-16,149
1743497786.892656,-12,15,117
1743497786.928656,-40,-42,185
1743497786.964656,-10,7,153
1743497786.999656,17,-46,167
1743497787.035656,43,-32,51
1743497787.070656,11,-20,61
1743497787.105656,19,39,161
1743497787.140656,35,75,239
1743497787.176656,-28,26,29
1743497787.212656,-14,4,217
1743497787.247656,11,-25,157
1743497787.283656,49,-39,129
1743497787.318656,-6,-9,141
1743497787.353656,3,-21,117
1743497787.389656,41,-15,25
1743497787.4246562,13,-61,167
1743497787.4606562,0,-53,0
1743497787.495656,-24,-21,97
1743497787.531656,55,-25,119
1743497787.566656,-26,42,69
1743497787.601656,-32,-27,159
1743497787.637656,21,10,143
1743497787.672656,0,-7,141
1743497787.708656,-40,-9,109
1743497787.7436562,-28,-35,81
1743497787.7796562,-18,-51,61
1743497787.814656,35,-25,147
1743497787.849656,23,-5,157
1743497787.885656,-64,4,155
1743497787.920656,3,-11,197
1743497787.956656,-28,6,145
1743497787.991656,-36,14,119
1743497788.027656,-30,6,199
1743497788.0626562,9,-19,153
1743497788.097656,75,50,245
1743497788.133656,9,-43,81
1743497788.168656,13,16,215
1743497788.204656,31,12,33
1743497788.239656,-10,-19,133
1743497788.275656,-30,70,135
1743497788.310656,-22,38,174
1743497788.3456562,39,-47,136
1743497788.3816562,0,-7,149
1743497788.416656,-28,16,124
1743497788.452656,37,64,54
1743497788.487656,21,14,160
1743497788.523656,29,-11,164
1743497788.558656,7,86,250
1743497788.593656,-18,32,196
1743497788.629656,-56,44,30
1743497788.6646562,-94,68,104
1743497788.700656,45,14,66
1743497788.735656,-32,36,214
1743497788.771656,27,-59,182
1743497788.806656,37,12,150
1743497788.841656,-48,-5,96
1743497788.877656,65,0,68
1743497788.912656,-74,-47,125
1743497788.948656,11,20,318
1743497788.9836562,-14,8,122
1743497789.019656,61,14,212
1743497789.054656,-104,18,138
1743497789.089656,-40,-89,216
1743497789.125656,-36,-31,152
1743497789.160656,1,36,180
1743497789.196656,-174,-59,140
1743497789.231656,27,78,132
1743497789.267656,-14,-33,156
1743497789.302656,-34,4,72
1743497789.337656,-4,0,88
1743497789.373656,-14,21,124
1743497789.408656,-4,-28,142
1743497789.444656,27,-15,34
1743497789.479656,59,-39,54
1743497789.515656,55,30,220
1743497789.550656,35,-23,124
1743497789.5856562,-76,-27,72
1743497789.621656,3,4,66
1743497789.656656,-54,-23,88
1743497789.692656,-34,38,146
1743497789.727656,-24,-3,130
1743497789.763656,-50,-19,156
1743497789.798656,15,-9,114
1743497789.833656,-12,18,170
1743497789.869656,-80,20,156
1743497789.9046562,43,82,170
1743497789.940656,-36,72,236
1743497789.975656,-44,54,212
1743497790.011656,55,14,98
1743497790.046656,-22,6,190
1743497790.081656,103,68,152
1743497790.117656,69,56,116
1743497790.152656,-30,-59,176
1743497790.188656,1,-91,60
1743497790.223656,3,10,130
1743497790.259656,75,-17,218
1743497790.294656,-92,-73,70
1743497790.329656,69,34,126
1743497790.365656,-18,-21,194
1743497790.400656,-14,-43,232
1743497790.436656,-48,16,154
1743497790.471656,-52,24,-3
1743497790.507656,123,-37,158
1743497790.542656,51,-31,212
1743497790.577656,-2,-27,180
1743497790.613656,-18,-11,146
1743497790.648656,-62,-27,22
1743497790.684656,25,68,26
1743497790.719656,109,42,12
1743497790.755656,77,-11,162
1743497790.791656,0,-45,98
1743497790.827656,35,-33,44
1743497790.863656,-12,-47,92
1743497790.898656,-8,36,152
1743497790.933656,107,12,180
1743497790.969656,13,54,114
1743497791.005656,33,36,100
1743497791.040656,63,70,8
1743497791.076656,103,-15,32
1743497791.111656,5,-39,60
1743497791.146656,1,-49,48
1743497791.181656,-24,3,134
1743497791.217656,-10,7,90
1743497791.253656,53,-34,148
1743497791.288656,8,-4,146
1743497791.324656,-37,-44,144
1743497791.359656,12,-44,142
1743497791.394656,-51,-26,76
1743497791.429656,84,-28,128
1743497791.465656,4,49,128
1743497791.501656,-1,29,118
1743497791.536656,80,-20,218
1743497791.5726562,-44,15,138
1743497791.607656,41,-32,100
1743497791.642656,51,-10,128
1743497791.677656,55,-6,116
1743497791.713656,27,-58,122
1743497791.749656,-4,-48,42
1743497791.784656,-88,26,150
1743497791.820656,19,-15,52
1743497791.855656,17,-19,-11
1743497791.890656,-168,-11,118
1743497791.925656,-12,56,78
1743497791.961656,39,14,86
1743497791.997656,-6,-23,138
1743497792.032656,-30,14,198
1743497792.068656,33,-69,108
1743497792.103656,-40,-7,50
1743497792.138656,-18,30,188
1743497792.1746562,19,24,94
1743497792.2106562,-26,9,206
1743497792.245656,-2,-25,144
1743497792.281656,33,49,76
1743497792.317656,-10,-16,92
1743497792.352656,29,-22,218
1743497792.388656,29,13,50
1743497792.423656,-17,-38,120
1743497792.458656,46,37,68
1743497792.4936562,-73,-4,130
1743497792.5296562,-59,-22,100
1743497792.565656,58,-14,66
1743497792.600656,-13,35,140
1743497792.636656,-1,75,144
1743497792.671656,62,53,116
1743497792.706656,0,1,112
1743497792.741656,-39,-82,76
1743497792.777656,-75,-10,138
1743497792.813656,6,13,222
1743497792.848656,-53,-63,140
1743497792.884656,-35,-14,170
1743497792.919656,93,19,56
1743497792.954656,-61,-16,120
1743497792.989656,58,79,100
1743497793.025656,-7,57,58
1743497793.061656,68,35,154
1743497793.096656,26,-16,130
1743497793.132656,-83,-24,52
1743497793.167656,-69,109,128
1743497793.202656,-17,9,88
1743497793.237656,14,15,38
1743497793.273656,-15,37,180
1743497793.309656,-51,-18,14
1743497793.344656,26,-4,140
1743497793.380656,18,-48,184
1743497793.415656,20,55,134
1743497793.450656,-55,-64,114
1743497793.485656,46,15,248
1743497793.521656,26,-12,88
1743497793.557656,-23,43,104
1743497793.592656,38,-2,174
1743497793.628656,76,25,140
1743497793.663656,26,39,96
1743497793.698656,-43,-16,172
1743497793.7336562,-21,-26,108
1743497793.769656,-37,87,196
1743497793.8126562,-29,-42,184
1743497793.848656,62,-8,96
1743497793.884656,34,9,182
1743497793.919656,-49,-14,206
1743497793.954656,-53,1,125
1743497793.989656,-23,-2,259
1743497794.025656,-59,-12,65
1743497794.061656,-15,-58,197
1743497794.096656,-23,71,209
1743497794.132656,-105,47,185
1743497794.167656,-115,0,37
1743497794.202656,95,57,207
1743497794.237656,17,11,167
1743497794.273656,-14,-18,91
1743497794.309656,-12,-10,95
1743497794.344656,143,59,43
1743497794.380656,-82,-26,171
1743497794.415656,-16,11,203
1743497794.450656,-44,-16,85
1743497794.485656,-2,-32,83
1743497794.521656,1,27,59
1743497794.557656,49,-10,102
1743497794.592656,1,-22,-23
1743497794.628656,63,9,60
1743497794.663656,65,31,248
1743497794.698656,61,-14,151
1743497794.7336562,-74,-10,164
1743497794.769656,87,61,111
1743497794.805656,-64,-14,91
1743497794.840656,-62,-11,53
1743497794.876656,9,-24,149
1743497794.911656,13,-40,179
1743497794.946656,39,63,135
1743497794.981656,97,72,37
1743497795.017656,19,-13,111
1743497795.053656,-2,-10,205
1743497795.088656,-80,-35,151
1743497795.124656,99,30,85
1743497795.159656,75,30,35
1743497795.194656,-32,4,51
1743497795.229656,-34,32,147
1743497795.265656,11,34,129
1743497795.301656,-44,18,137
1743497795.336656,-10,-7,157
1743497795.372656,-12,-15,93
1743497795.407656,-30,8,107
1743497795.442656,-56,106,87
1743497795.477656,-74,9,165
1743497795.513656,1,-8,191
1743497795.5496562,0,29,275
1743497795.584656,-12,5,73
1743497795.620656,91,37,175
1743497795.655656,43,0,103
1743497795.690656,-16,-2,187
1743497795.725656,-70,-2,111
1743497795.761656,-20,25,219
1743497795.797656,-26,1,255
1743497795.832656,-18,-60,140
1743497795.8686562,45,-10,60
1743497795.903656,57,9,244
1743497795.938656,39,-4,196
1743497795.973656,69,-4,262
1743497796.009656,31,-68,155
1743497796.045656,51,-16,5
1743497796.080656,-78,-8,123
1743497796.116656,35,-38,229
1743497796.1516562,-18,1,109
1743497796.186656,37,53,133
1743497796.221656,25,9,149
1743497796.257656,11,23,217
1743497796.293656,25,37,161
1743497796.328656,21,37,225
1743497796.364656,-62,-37,195
1743497796.399656,27,-7,103
1743497796.434656,-38,-17,111
1743497796.469656,-76,32,-18
1743497796.505656,-86,-26,13
1743497796.541656,-10,-37,81
1743497796.576656,-54,-2,211
1743497796.612656,79,-51,117
1743497796.647656,-94,-39,149
1743497796.682656,69,18,269
1743497796.717656,-50,36,173
1743497796.753656,-36,28,147
1743497796.7896562,-34,-9,215
1743497796.824656,13,10,225
1743497796.860656,-14,6,169
1743497796.895656,-40,50,127
1743497796.930656,59,80,65
1743497796.966656,27,74,185
1743497797.001656,-32,-1,201
1743497797.037656,-106,18,181
1743497797.0726562,3,-1,147
1743497797.1086562,47,24,251
1743497797.143656,-22,50,167
1743497797.178656,31,62,113
1743497797.214656,73,-47,55
1743497797.249656,-82,-11,151
1743497797.285656,39,-15,139
1743497797.320656,31,22,65
1743497797.356656,23,-15,59
1743497797.3916562,7,-33,147
1743497797.426656,-12,-69,167
1743497797.462656,-86,106,121
1743497797.497656,29,-67,117
1743497797.533656,-2,1,127
1743497797.568656,-62,14,153
1743497797.604656,-12,-55,145
1743497797.639656,31,-43,107
1743497797.6746562,21,60,137
1743497797.7106562,-22,2,97
1743497797.745656,-80,-69,111
1743497797.781656,19,-53,173
1743497797.816656,9,10,203
1743497797.852656,61,-9,115
1743497797.887656,-56,134,93
1743497797.922656,-46,-13,63
1743497797.958656,-50,-79,148
1743497797.9936562,69,-3,32
1743497798.0296562,10,34,82
1743497798.064656,46,40,140
1743497798.100656,56,-17,52
1743497798.135656,-39,-85,24
1743497798.170656,-87,-35,144
1743497798.206656,-63,-9,118
1743497798.241656,-12,104,140
1743497798.277656,32,-17,205
1743497798.3126562,-8,72,68
1743497798.348656,-44,70,145
1743497798.383656,-44,-61,13
1743497798.418656,-27,-27,188
1743497798.454656,10,12,153
1743497798.489656,42,-1,35
1743497798.525656,6,10,143
1743497798.560656,-89,-13,175
1743497798.596656,-11,-25,89
1743497798.6316562,-46,-5,-60
1743497798.666656,41,-41,175
1743497798.702656,23,68,13
1743497798.737656,-78,-13,231
1743497798.773656,17,32,185
1743497798.808656,-86,-15,243
1743497798.844656,-24,54,199
1743497798.879656,-22,-31,237
1743497798.9146562,-48,20,168
1743497798.950656,-14,34,144
1743497798.985656,55,-9,98
1743497799.021656,-40,20,240
1743497799.056656,-36,-15,42
1743497799.092656,57,24,66
1743497799.127656,15,58,144
1743497799.162656,-68,24,172
1743497799.198656,66,84,98
1743497799.2336562,19,-30,92
1743497799.269656,-73,67,168
1743497799.304656,-77,2,116
1743497799.340656,-63,11,-21
1743497799.375656,-15,27,72
1743497799.410656,-34,17,96
1743497799.446656,59,-59,58
1743497799.481656,25,30,178
1743497799.517656,81,80,16
1743497799.552656,-32,-1,104
1743497799.588656,-4,25,70
1743497799.623656,13,-24,108
1743497799.658656,-62,-44,160
1743497799.694656,-20,57,186
1743497799.729656,-10,-37,98
1743497799.765656,17,5,220
1743497799.800656,39,44,102
1743497799.836656,-82,-8,146
1743497799.871656,59,15,202
1743497799.906656,-22,-36,52
1743497799.942656,3,19,62
1743497799.977656,9,-8,240
1743497800.013656,-56,-71,184
1743497800.048656,67,-33,152
1743497800.083656,-16,4,92
1743497800.1186562,15,75,210
1743497800.1546562,25,-34,180
1743497800.190656,-22,-20,128
1743497800.225656,86,15,180
1743497800.261656,-37,3,130
1743497800.296656,28,25,96
1743497800.332656,38,5,166
1743497800.3686562,30,13,218
1743497800.4046562,-19,-40,298
1743497800.440656,-71,-26,162
1743497800.475656,-33,17,80
1743497800.510656,-81,-18,164
1743497800.546656,66,53,156
1743497800.582656,-19,3,4
1743497800.617656,-54,31,214
1743497800.653656,-20,51,188
1743497800.688656,71,75,126
1743497800.723656,-20,-42,118
1743497800.758656,-48,1,116
1743497800.794656,7,3,84
1743497800.830656,-68,-26,130
1743497800.865656,-56,25,204
1743497800.9016562,45,-34,28
1743497800.936656,-12,-60,110
1743497800.971656,-30,25,114
1743497801.0066562,9,-36,158
1743497801.042656,-68,13,110
1743497801.078656,7,33,138
1743497801.113656,-50,27,262
1743497801.149656,-54,-20,84
1743497801.184656,59,37,12
1743497801.219656,-14,39,92
1743497801.254656,9,13,66
1743497801.290656,-86,1,112
1743497801.326656,1,-10,126
1743497801.361656,-66,-32,8
1743497801.397656,-16,-28,2
1743497801.432656,-78,25,154
1743497801.467656,-62,-34,224
1743497801.502656,15,-24,190
1743497801.538656,49,63,146
1743497801.574656,-48,11,90
1743497801.609656,69,35,232
1743497801.645656,-22,-21,86
1743497801.680656,-24,46,130
1743497801.715656,9,-31,71
1743497801.750656,-36,-24,81
1743497801.786656,63,-14,167
1743497801.8226562,63,23,221
1743497801.857656,15,43,187
1743497801.893656,-40,29,109
1743497801.928656,15,33,247
1743497801.963656,-70,-6,67
1743497801.998656,113,43,63
1743497802.034656,55,33,191
1743497802.070656,-6,47,89
1743497802.105656,-2,-27,119
1743497802.1416562,17,12,87
1743497802.176656,7,-7,147
1743497802.211656,27,-17,153
1743497802.246656,-14,26,63
1743497802.282656,-2,-53,153
1743497802.318656,-34,-25,105
1743497802.353656,-16,-55,175
1743497802.389656,-10,12,45
1743497802.4246562,1,6,109
1743497802.459656,23,41,129
1743497802.494656,21,4,81
1743497802.530656,27,-107,95
1743497802.566656,-60,-19,165
1743497802.601656,-2,-23,213
1743497802.637656,31,10,125
1743497802.672656,37,-55,147
1743497802.707656,1,56,155
1743497802.742656,-12,-1,139
1743497802.778656,-30,-27,77
1743497802.814656,27,52,223
1743497802.849656,-40,-15,55
1743497802.885656,-30,38,207
1743497802.920656,-2,72,173
1743497802.955656,87,-21,181
1743497802.990656,-28,-41,17
1743497803.0266562,17,-35,215
1743497803.0626562,11,-19,111
1743497803.097656,-28,6,111
1743497803.133656,-54,-41,163
1743497803.168656,-6,26,181
1743497803.203656,-79,34,71
1743497803.238656,-11,14,175
1743497803.274656,33,-9,215
1743497803.310656,47,-12,161
1743497803.3456562,-18,-81,137
1743497803.3816562,7,-1,153
1743497803.416656,-16,26,103
1743497803.451656,-104,-8,163
1743497803.486656,35,11,153
1743497803.522656,-10,-10,39
1743497803.558656,-72,47,55
1743497803.593656,102,-52,159
1743497803.629656,8,4,137
1743497803.6646562,37,-21,99
1743497803.699656,32,34,235
1743497803.734656,118,6,167
1743497803.770656,-19,2,65
1743497803.813656,-43,38,117
1743497803.849656,26,34,137
1743497803.885656,-45,-31,185
1743497803.920656,20,-19,135
1743497803.955656,20,-55,71
1743497803.990656,-9,-3,99
1743497804.0266562,46,50,55
1743497804.0626562,26,30,125
1743497804.097656,38,-29,89
1743497804.133656,-37,28,77
1743497804.168656,34,-67,183
1743497804.203656,52,60,83
1743497804.238656,18,-15,105
1743497804.274656,26,-37,101
1743497804.310656,56,0,243
1743497804.3456562,2,-39,53
1743497804.3816562,0,8,99
1743497804.416656,8,32,149
1743497804.451656,-22,-35,159
1743497804.486656,-3,-5,119
1743497804.522656,36,-75,131
1743497804.558656,-5,-65,155
1743497804.593656,20,-97,167
1743497804.629656,-53,-29,135
1743497804.6646562,-65,14,45
1743497804.699656,-29,46,173
1743497804.734656,0,16,47
1743497804.770656,50,26,53
1743497804.806656,-7,-13,111
1743497804.841656,-65,-13,159
1743497804.877656,2,-33,169
1743497804.912656,-15,18,85
1743497804.9476562,36,38,145
1743497804.982656,-62,-51,75
1743497805.018656,77,-37,47
1743497805.054656,15,16,141
1743497805.089656,115,-7,73
1743497805.125656,-8,-24,115
1743497805.160656,41,-49,49
1743497805.195656,-36,-17,47
1743497805.230656,-16,0,124
1743497805.2666562,65,18,81
1743497805.302656,87,50,77
1743497805.337656,-12,0,202
1743497805.373656,-10,-16,104
1743497805.408656,-78,-28,106
1743497805.443656,57,57,220
1743497805.478656,5,-10,156
1743497805.514656,19,41,50
1743497805.550656,-70,31,42
1743497805.5856562,-6,-10,160
1743497805.621656,-16,19,121
1743497805.656656,7,3,148
1743497805.691656,-30,55,30
1743497805.726656,91,25,243
1743497805.762656,5,11,113
1743497805.798656,-36,-20,231
1743497805.833656,11,-78,183
1743497805.869656,1,-32,199
1743497805.9046562,87,-4,91
1743497805.939656,69,93,175
1743497805.974656,3,-6,249
1743497806.010656,39,13,63
1743497806.046656,-40,11,129
1743497806.081656,-102,5,89
1743497806.117656,21,-80,183
1743497806.152656,1,17,227
1743497806.1876562,-18,23,101
1743497806.222656,19,-54,59
1743497806.258656,-74,-2,93
1743497806.294656,-36,17,81
1743497806.329656,35,-74,59
1743497806.365656,-18,-5,127
1743497806.400656,-46,-58,219
1743497806.435656,41,-21,95
1743497806.471656,47,-13,153
1743497806.5066562,41,-23,222
1743497806.542656,-42,-57,72
1743497806.577656,-70,-35,140
1743497806.614656,-14,18,148
1743497806.649656,13,6,24
1743497806.685656,-28,-24,97
1743497806.7206562,23,41,88
1743497806.755656,-24,-17,132
1743497806.791656,-88,-19,258
1743497806.826656,25,4,46
1743497806.862656,17,-52,38
1743497806.897656,-2,-50,158
1743497806.933656,-40,11,180
1743497806.968656,-36,-10,98
1743497807.003656,61,47,90
1743497807.0396562,5,15,262
1743497807.074656,-96,105,128
1743497807.110656,-64,-6,104
1743497807.145656,67,-22,220
1743497807.181656,-64,27,38
1743497807.216656,-98,27,2
1743497807.251656,9,41,-9
1743497807.287656,-19,29,84
1743497807.3226562,-41,-2,138
1743497807.3586562,82,-44,186
1743497807.393656,66,-44,178
1743497807.429656,-69,-42,198
1743497807.464656,32,-14,144
1743497807.499656,-87,71,122
1743497807.535656,-37,-18,68
1743497807.570656,90,-50,114
1743497807.606656,-43,37,106
1743497807.6416562,22,63,176
1743497807.677656,10,31,46
1743497807.712656,-21,7,62
1743497807.747656,-57,-30,150
1743497807.783656,-143,43,176
1743497807.818656,-51,5,156
1743497807.854656,-25,-16,170
1743497807.889656,-69,-10,78
1743497807.925656,-129,-34,242
1743497807.9606562,-1,-16,172
1743497807.995656,62,52,32
1743497808.031656,-27,36,186
1743497808.066656,-65,-40,118
1743497808.102656,2,19,48
1743497808.137656,4,-10,266
1743497808.173656,-1,-18,200
1743497808.208656,-3,83,122
1743497808.2436562,60,29,62
1743497808.2796562,-75,63,128
1743497808.314656,-49,37,248
1743497808.350656,-23,47,140
1743497808.385656,18,-32,156
1743497808.421656,6,-8,192
1743497808.456656,88,-4,84
1743497808.491656,-85,41,6
1743497808.527656,56,-46,64
1743497808.5626562,2,-38,46
1743497808.598656,0,12,52
1743497808.633656,-5,18,28
1743497808.669656,-1,-67,138
1743497808.704656,-15,3,100
1743497808.739656,18,-54,86
1743497808.775656,-21,31,52
1743497808.810656,-5,-42,122
1743497808.846656,-12,79,98
1743497808.8816562,-46,-12,112
1743497808.917656,-14,-26,154
1743497808.952656,7,-80,142
1743497808.987656,-10,-68,104
1743497809.023656,-48,-58,158
1743497809.058656,-24,-76,224
1743497809.094656,-2,9,118
1743497809.129656,-80,-68,182
1743497809.165656,17,33,28
1743497809.200656,29,29,90
1743497809.235656,63,-62,182
1743497809.271656,-20,-26,162
1743497809.306656,-18,-12,174
1743497809.342656,61,-76,66
1743497809.377656,-32,-62,156
1743497809.413656,-6,31,222
1743497809.448656,17,-2,146
1743497809.4836562,-4,-44,186
1743497809.519656,-13,75,146
1743497809.554656,47,-120,-57
1743497809.590656,45,-81,130
1743497809.625656,3,12,146
1743497809.660656,-16,44,146
1743497809.695656,-17,-23,194
1743497809.731656,-33,-99,78
1743497809.767656,60,-9,106
1743497809.802656,10,-19,168
1743497809.838656,29,44,90
1743497809.873656,6,-51,166
1743497809.909656,19,18,66
1743497809.945656,-78,16,150
1743497809.981656,-28,-43,148
1743497810.017656,-48,-13,62
1743497810.052656,25,-23,138
1743497810.087656,-50,2,174
1743497810.123656,-30,-17,174
1743497810.159656,-32,-44,126
1743497810.194656,-20,35,128
1743497810.230656,37,-6,88
1743497810.265656,-74,59,193
1743497810.300656,-102,53,82
1743497810.3356562,39,-12,243
1743497810.371656,-94,-26,87
1743497810.407656,105,-62,171
1743497810.442656,-34,85,283
1743497810.478656,29,5,127
1743497810.513656,-42,-76,97
1743497810.548656,1,-28,123
1743497810.583656,-4,7,181
1743497810.619656,15,17,173
1743497810.655656,73,-30,71
1743497810.690656,1,41,79
1743497810.726656,-18,27,225
1743497810.761656,19,-16,231
1743497810.796656,-16,-30,155
1743497810.831656,13,17,101
1743497810.867656,5,39,151
1743497810.903656,47,-1,105
1743497810.938656,9,-15,105
1743497810.974656,45,34,187
1743497811.009656,-52,2,179
1743497811.044656,27,-103,143
1743497811.079656,3,8,125
1743497811.115656,-32,-5,191
1743497811.1516562,-34,-29,95
1743497811.186656,125,30,157
1743497811.222656,23,2,247
1743497811.257656,-6,34,187
1743497811.292656,19,0,97
1743497811.327656,-106,25,177
1743497811.363656,-68,47,135
1743497811.399656,-72,-56,209
1743497811.434656,27,-44,141
1743497811.4706562,-40,-10,265
1743497811.505656,39,1,79
1743497811.540656,25,-54,75
1743497811.575656,79,3,283
1743497811.611656,7,-48,181
1743497811.647656,71,1,133
1743497811.682656,-22,53,101
1743497811.718656,-56,11,-2
1743497811.753656,41,-74,117
1743497811.788656,-90,-40,85
1743497811.823656,-8,17,175
1743497811.859656,37,-6,-12
1743497811.895656,-40,1,87
1743497811.930656,33,-2,137
1743497811.966656,103,7,-22
1743497812.001656,3,55,159
1743497812.036656,41,-16,109
1743497812.071656,-22,17,109
1743497812.107656,43,-26,115
1743497812.143656,7,-48,183
1743497812.178656,81,51,71
1743497812.214656,-16,-58,127
1743497812.249656,19,-28,139
1743497812.284656,-34,67,137
1743497812.319656,21,-80,135
1743497812.355656,67,-86,129
1743497812.3916562,35,87,147
1743497812.426656,-92,23,87
1743497812.462656,15,99,195
1743497812.497656,-82,-14,75
1743497812.532656,9,25,81
1743497812.567656,49,-54,181
1743497812.603656,-52,-32,171
1743497812.639656,-36,-20,185
1743497812.6746562,55,-24,22
1743497812.7106562,-26,-4,138
1743497812.745656,-16,-36,139
1743497812.780656,-12,35,111
1743497812.815656,-66,-79,255
1743497812.851656,-10,-44,222
1743497812.887656,-32,17,141
1743497812.922656,-26,28,161
1743497812.958656,59,18,137
1743497812.9936562,-42,62,193
1743497813.028656,-60,-63,189
1743497813.063656,23,13,157
1743497813.099656,-4,3,178
1743497813.135656,5,-12,166
1743497813.170656,17,25,223
1743497813.206656,85,85,150
1743497813.241656,-30,-4,71
1743497813.2766562,59,-36,117
1743497813.311656,15,71,93
1743497813.347656,61,-6,135
1743497813.383656,-14,1,225
1743497813.418656,-34,-26,159
1743497813.454656,77,53,140
1743497813.489656,23,59,26
1743497813.524656,-66,0,126
1743497813.559656,11,-52,36
1743497813.5956562,-52,59,60
1743497813.6316562,-26,-4,140
1743497813.666656,15,-8,70
1743497813.702656,51,-36,154
1743497813.737656,-36,17,80
1743497813.772656,-6,11,66
1743497813.815656,-10,-26,28
1743497813.851656,-12,-60,156
1743497813.887656,57,7,100
1743497813.922656,-46,-8,170
1743497813.958656,77,-28,42
1743497813.9936562,21,-42,84
1743497814.028656,5,-60,186
1743497814.063656,35,-46,50
1743497814.099656,-92,-48,103
1743497814.135656,-10,39,99
1743497814.170656,99,39,117
1743497814.206656,111,34,203
1743497814.241656,95,75,279
1743497814.2766562,11,7,-10
1743497814.311656,-56,-42,157
1743497814.347656,101,37,241
1743497814.383656,51,19,161
1743497814.418656,63,-8,245
1743497814.454656,-36,45,113
1743497814.489656,-12,35,7
1743497814.524656,-9,9,257
1743497814.559656,67,-64,129
1743497814.5956562,-4,-34,175
1743497814.6316562,33,-10,183
1743497814.666656,3,5,115
1743497814.702656,17,1,149
1743497814.737656,1,-2,205
1743497814.772656,5,79,257
1743497814.807656,11,-22,213
1743497814.843656,7,-44,147
1743497814.879656,-2,-21,159
1743497814.9146562,0,0,231
1743497814.950656,61,122,169
1743497814.985656,29,-113,79
1743497815.020656,-6,-43,141
1743497815.055656,27,2,127
1743497815.091656,7,-15,289
1743497815.127656,46,47,26
1743497815.162656,-59,-18,101
1743497815.198656,-23,-6,203
1743497815.2336562,4,15,103
1743497815.268656,30,-40,104
1743497815.303656,52,-48,106
1743497815.339656,110,-2,209
1743497815.375656,-9,-37,139
1743497815.410656,44,9,152
1743497815.446656,90,-3,218
1743497815.481656,-31,58,300
1743497815.5166562,-55,-37,128
1743497815.551656,6,16,198
1743497815.587656,-11,-22,132
1743497815.623656,6,-26,206
1743497815.658656,78,15,6
1743497815.694656,22,-14,154
1743497815.729656,-37,-48,222
1743497815.764656,8,-2,102
1743497815.7996562,28,75,234
1743497815.8356562,-75,11,102
1743497815.871656,-21,-6,146
1743497815.906656,3,-39,212
1743497815.942656,-13,-24,130
1743497815.977656,42,-50,114
1743497816.012656,2,-28,190
1743497816.048656,-16,8,168
1743497816.083656,19,60,106
1743497816.119656,-49,-52,168
1743497816.1546562,-47,11,148
1743497816.190656,12,7,212
1743497816.225656,42,5,106
1743497816.260656,-77,-16,36
1743497816.296656,-35,39,158
1743497816.331656,21,-7,168
1743497816.367656,-29,-14,44
1743497816.402656,36,-20,86
1743497816.438656,51,-59,134
1743497816.473656,-10,-23,46
1743497816.508656,-60,-51,92
1743497816.544656,13,-75,-5
1743497816.579656,47,-45,78
1743497816.615656,55,20,60
1743497816.650656,-50,0,100
1743497816.686656,21,-1,66
1743497816.721656,-8,-11,158
1743497816.7566562,71,-13,240
1743497816.792656,47,-19,144
1743497816.827656,55,-19,154
1743497816.863656,-30,-17,188
1743497816.898656,-58,-59,222
1743497816.934656,-74,10,44
1743497816.969656,20,-22,194
1743497817.004656,-26,26,88
1743497817.040656,-37,35,90
1743497817.075656,-33,-6,150
1743497817.111656,2,17,165
1743497817.146656,18,-16,53
1743497817.182656,-5,23,103
1743497817.217656,-17,75,107
1743497817.252656,3,-1,27
1743497817.288656,-54,-7,-66
1743497817.323656,83,-7,143
1743497817.359656,17,-39,223
1743497817.394656,39,-51,165
1743497817.430656,33,1,101
1743497817.465656,15,-48,167
1743497817.500656,9,41,95
1743497817.536656,-26,-42,85
1743497817.571656,33,1,115
1743497817.607656,-6,-4,149
1743497817.642656,-44,43,41
1743497817.678656,13,-58,117
1743497817.713656,-44,29,177
1743497817.748656,-64,11,103
1743497817.784656,-18,-66,177
1743497817.819656,21,35,53
1743497817.855656,-90,17,3
1743497817.890656,19,43,289
1743497817.926656,-62,-5,121
1743497817.961656,-34,-1,205
1743497817.996656,69,-16,105
1743497818.032656,67,-33,79
1743497818.067656,-4,8,77
1743497818.103656,57,-16,217
1743497818.138656,3,-72,63
1743497818.1746562,-40,-24,185
1743497818.209656,1,3,101
1743497818.244656,27,45,279
1743497818.280656,-56,-12,133
1743497818.315656,5,12,175
1743497818.351656,13,-11,181
1743497818.386656,35,-56,163
1743497818.422656,-6,49,127
1743497818.457656,-68,-36,81
1743497818.492656,-48,91,175
1743497818.528656,7,-92,139
1743497818.563656,-14,-29,91
1743497818.599656,-28,-32,47
1743497818.634656,-46,51,207
1743497818.670656,-20,-100,51
1743497818.705656,-54,-4,35
1743497818.740656,-2,0,129
1743497818.7766562,67,23,133
1743497818.811656,11,-26,9
1743497818.847656,101,7,155
1743497818.882656,11,-52,175
1743497818.918656,-50,-48,102
1743497818.953656,-10,135,214
1743497818.988656,83,-4,114
1743497819.024656,53,11,152
1743497819.059656,39,41,164
1743497819.0956562,-8,31,120
1743497819.130656,45,-50,122
1743497819.166656,0,-30,124
1743497819.201656,54,-40,178
1743497819.236656,42,25,154
1743497819.272656,12,-23,130
1743497819.307656,-13,-44,80
1743497819.343656,-31,27,130
1743497819.378656,-73,81,0
1743497819.4146562,44,5,158
1743497819.450656,38,-38,132
1743497819.486656,2,91,202
1743497819.522656,-11,-33,130
1743497819.558656,88,0,82
1743497819.594656,-11,-35,62
1743497819.629656,8,4,162
1743497819.6646562,-5,-119,158
1743497819.700656,-35,-47,138
1743497819.736656,18,14,136
1743497819.771656,4,-5,134
1743497819.807656,-12,-51,30
1743497819.842656,31,-33,134
1743497819.877656,51,8,242
1743497819.912656,47,-29,120
1743497819.948656,-29,-23,88
1743497819.984656,-102,40,158
1743497820.019656,17,6,132
1743497820.055656,74,40,190
1743497820.090656,-2,24,158
1743497820.125656,-10,-1,168
1743497820.160656,-27,22,148
1743497820.196656,14,48,186
1743497820.232656,-73,4,106
1743497820.267656,14,8,112
1743497820.303656,-9,-7,228
1743497820.338656,52,-77,192
1743497820.373656,-101,-33,230
1743497820.408656,36,2,226
1743497820.444656,-21,-23,154
1743497820.480656,20,50,98
1743497820.515656,30,38,124
1743497820.551656,-55,54,78
1743497820.586656,12,44,106
1743497820.621656,32,-94,108
1743497820.656656,-17,-16,160
1743497820.692656,-21,-12,138
1743497820.728656,16,77,6
1743497820.763656,-27,-13,120
1743497820.7996562,-23,-41,198
1743497820.834656,92,-39,158
1743497820.869656,-19,-1,152
1743497820.9046562,-49,16,162
1743497820.940656,-21,6,178
1743497820.976656,-11,-17,124
1743497821.011656,-53,17,174
1743497821.047656,-5,12,188
1743497821.082656,-5,29,62
1743497821.117656,-1,34,174
1743497821.152656,52,-39,184
1743497821.188656,30,-33,216
1743497821.224656,-49,-69,122
1743497821.259656,30,-15,132
1743497821.295656,12,-17,198
1743497821.330656,44,48,26
1743497821.365656,-27,-77,110
1743497821.400656,16,14,200
1743497821.436656,6,16,214
1743497821.472656,-1,-25,30
1743497821.507656,60,-39,-11
1743497821.543656,48,-79,160
1743497821.578656,52,26,52
1743497821.613656,-43,48,216
1743497821.648656,24,48,152
1743497821.684656,-37,-14,10
1743497821.7206562,48,-42,56
1743497821.755656,16,31,130
1743497821.791656,-5,53,100
1743497821.826656,30,-50,116
1743497821.861656,-55,85,30
1743497821.896656,34,35,98
1743497821.932656,50,29,70
1743497821.968656,-63,-16,112
1743497822.003656,-55,-2,176
1743497822.0396562,30,-10,270
1743497822.074656,12,-68,178
1743497822.109656,2,0,66
1743497822.144656,2,-52,86
1743497822.180656,-79,13,94
1743497822.216656,-47,43,198
1743497822.251656,-55,53,116
1743497822.287656,-15,-34,190
1743497822.3226562,24,-64,136
1743497822.357656,-41,79,180
1743497822.392656,-101,9,80
1743497822.428656,38,85,242
1743497822.464656,-55,-62,318
1743497822.499656,36,97,140
1743497822.535656,-21,17,162
1743497822.570656,16,-4,188
1743497822.605656,-87,-6,194
1743497822.640656,-11,-22,196
1743497822.676656,20,3,68
1743497822.712656,-79,9,66
1743497822.747656,-44,-64,-5
1743497822.783656,27,63,92
1743497822.818656,35,13,94
1743497822.853656,-14,57,234
1743497822.888656,0,63,160
1743497822.9246562,-25,47,192
1743497822.9606562,78,9,90
1743497822.995656,-56,-42,178
1743497823.031656,-11,-8,106
1743497823.066656,-8,-48,138
1743497823.101656,99,-58,116
1743497823.136656,25,19,134
1743497823.172656,20,-92,196
1743497823.208656,24,-12,80
1743497823.2436562,-20,0,59
1743497823.2796562,-18,16,194
1743497823.314656,45,24,100
1743497823.349656,11,58,143
1743497823.384656,-26,-51,110
1743497823.420656,23,12,123
1743497823.456656,-20,56,165
1743497823.491656,85,-66,87
1743497823.527656,5,-38,99
1743497823.5626562,27,59,105
1743497823.597656,39,81,153
1743497823.632656,-14,-20,153
1743497823.668656,-58,-26,79
1743497823.704656,37,-34,103
1743497823.739656,9,7,153
1743497823.775656,3,-32,187
1743497823.817656,35,-24,93
1743497823.853656,27,1,93
1743497823.888656,21,29,77
1743497823.9246562,-4,1,257
1743497823.9606562,17,81,61
1743497823.995656,0,57,41
1743497824.031656,81,27,35
1743497824.066656,67,25,183
1743497824.101656,43,-70,143
1743497824.136656,11,-8,47
1743497824.172656,43,-16,19
1743497824.208656,-26,23,193
1743497824.2436562,-12,19,93
1743497824.2796562,39,-32,201
1743497824.314656,89,-94,213
1743497824.349656,71,-62,241
1743497824.384656,-86,-90,181
1743497824.420656,-30,67,31
1743497824.456656,61,-4,183
1743497824.491656,113,15,97
1743497824.527656,49,25,229
1743497824.5626562,61,19,231
1743497824.597656,13,-9,123
1743497824.632656,23,-5,185
1743497824.668656,-28,-1,29
1743497824.704656,57,28,259
1743497824.739656,-22,32,111
1743497824.775656,-8,28,91
1743497824.810656,17,-45,139
1743497824.8456562,17,0,225
1743497824.880656,-56,26,215
1743497824.916656,129,22,211
1743497824.952656,43,-18,161
1743497824.987656,57,43,181
1743497825.023656,99,43,151
1743497825.058656,-34,6,73
1743497825.093656,19,12,77
1743497825.128656,11,40,61
1743497825.1646562,25,-31,179
1743497825.200656,-8,14,43
1743497825.235656,-8,6,151
1743497825.271656,129,-19,161
1743497825.306656,111,-43,93
1743497825.341656,-16,36,121
1743497825.376656,151,10,307
1743497825.412656,-32,-69,113
1743497825.448656,11,-61,79
1743497825.4836562,19,0,163
1743497825.519656,-32,30,213
1743497825.554656,47,-7,5
1743497825.589656,51,8,161
1743497825.625656,53,-15,205
1743497825.660656,-44,26,87
1743497825.696656,-42,22,89
1743497825.731656,-12,-5,67
1743497825.767656,-10,-49,155
1743497825.802656,-12,22,115
1743497825.837656,-80,-17,83
1743497825.873656,-112,-7,125
1743497825.908656,-40,-13,181
1743497825.944656,-6,12,131
1743497825.979656,47,-5,81
1743497826.015656,35,-95,101
1743497826.050656,-32,24,79
1743497826.0856562,-46,-21,121
1743497826.121656,51,-80,142
1743497826.156656,41,-58,204
1743497826.192656,7,42,158
1743497826.227656,57,5,223
1743497826.263656,-10,30,7
1743497826.298656,59,-77,92
1743497826.333656,-4,23,56
1743497826.369656,27,-59,119
1743497826.4046562,-48,-21,183
1743497826.440656,-36,-26,116
1743497826.475656,-56,-10,86
1743497826.511656,-52,77,178
1743497826.546656,-28,-76,158
1743497826.581656,63,-30,188
1743497826.617656,-10,-4,54
1743497826.652656,41,61,266
1743497826.688656,17,41,214
1743497826.723656,-10,-8,132
1743497826.759656,19,19,74
1743497826.794656,33,-4,12
1743497826.829656,-22,41,108
1743497826.865656,-42,5,136
1743497826.900656,-4,21,96
1743497826.936656,-40,32,200
1743497826.971656,9,8,164
1743497827.007656,37,-41,142
1743497827.042656,5,28,186
1743497827.077656,3,-87,20
1743497827.113656,-4,124,84
1743497827.148656,59,-29,-33
1743497827.184656,-68,24,236
1743497827.219656,21,2,118
1743497827.255656,7,20,74
1743497827.290656,-44,-23,172
1743497827.325656,41,46,186
1743497827.361656,127,-5,236
1743497827.396656,17,24,162
1743497827.432656,0,34,58
1743497827.467656,-82,-1,94
1743497827.503656,-86,14,196
1743497827.538656,9,-109,200
1743497827.573656,11,68,38
1743497827.609656,-18,-3,60
1743497827.644656,0,32,100
1743497827.680656,85,-7,146
1743497827.715656,-4,28,112
1743497827.751656,-71,-45,30
1743497827.786656,2,46,162
1743497827.821656,-9,-89,178
1743497827.857656,14,20,28
1743497827.892656,-1,-13,30
1743497827.928656,-39,2,142
1743497827.963656,-27,-55,-7
1743497827.999656,38,58,90
1743497828.034656,20,-49,172
1743497828.069656,-7,-17,258
1743497828.105656,-43,-41,16
1743497828.140656,12,6,80
1743497828.176656,18,44,300
1743497828.211656,36,-24,26
1743497828.247656,29,-39,200
1743497828.282656,-67,-4,70
1743497828.317656,50,-22,268
1743497828.353656,43,76,120
1743497828.388656,-26,0,138
1743497828.4246562,-20,24,144
1743497828.459656,17,-9,180
1743497828.495656,39,-23,174
1743497828.530656,-40,-37,136
1743497828.565656,5,8,176
1743497828.601656,79,10,210
1743497828.636656,-44,34,96
1743497828.672656,-74,36,56
1743497828.707656,34,16,120
1743497828.7436562,46,-67,120
1743497828.778656,1,24,112
1743497828.813656,-56,-25,62
1743497828.849656,-13,26,140
1743497828.884656,86,18,148
1743497828.920656,24,33,232
1743497828.955656,-47,-4,116
1743497828.991656,12,-21,180
1743497829.027656,3,-35,140
1743497829.063656,-27,50,218
1743497829.099656,12,92,232
1743497829.134656,-59,-19,168
1743497829.169656,10,24,136
1743497829.205656,-83,4,-53
1743497829.241656,-31,8,176
1743497829.2766562,47,18,152
1743497829.3126562,-2,-57,40
1743497829.347656,-32,-39,200
1743497829.382656,3,28,220
1743497829.417656,31,50,128
1743497829.453656,11,2,148
1743497829.489656,-62,56,206
1743497829.524656,3,-41,88
1743497829.560656,17,60,160
1743497829.5956562,-51,32,196
1743497829.630656,22,-1,188
1743497829.665656,24,-69,204
1743497829.701656,-39,-73,112
1743497829.737656,-28,-27,180
1743497829.772656,15,12,76
1743497829.808656,47,-63,138
1743497829.843656,87,-9,60
1743497829.878656,-20,12,204
1743497829.913656,-9,26,162
1743497829.949656,-17,62,182
1743497829.985656,6,-19,104
1743497830.020656,8,-81,168
1743497830.056656,16,30,166
1743497830.091656,-21,-1,224
1743497830.126656,26,-19,132
1743497830.161656,-53,-15,188
1743497830.1976562,-15,0,136
1743497830.2336562,-36,-13,214
1743497830.268656,87,-43,128
1743497830.304656,-2,22,146
1743497830.339656,7,6,204
1743497830.374656,51,-3,192
1743497830.409656,-60,52,126
1743497830.445656,9,-61,188
1743497830.481656,73,-29,124
1743497830.5166562,25,-17,128
1743497830.552656,73,60,96
1743497830.587656,9,62,116
1743497830.622656,-66,108,122
1743497830.657656,43,-13,68
1743497830.693656,17,36,128
1743497830.729656,17,12,134
1743497830.764656,5,22,278
1743497830.800656,9,-15,142
1743497830.8356562,53,-29,220
1743497830.870656,0,-43,98
1743497830.905656,-8,30,86
1743497830.941656,-36,-19,198
1743497830.977656,37,-15,172
1743497831.012656,73,-75,74
1743497831.048656,59,-13,226
1743497831.083656,-24,-49,140
1743497831.1186562,-8,-49,60
1743497831.153656,7,-13,66
1743497831.190656,-26,-19,145
1743497831.225656,47,-33,241
1743497831.261656,79,-3,299
1743497831.297656,-18,-11,70
1743497831.332656,-72,42,216
1743497831.3686562,-28,-17,110
1743497831.403656,-78,-53,134
1743497831.438656,21,64,174
1743497831.473656,-16,-25,181
1743497831.509656,19,26,305
1743497831.545656,-50,24,205
1743497831.580656,-56,64,98
1743497831.616656,-18,-23,165
1743497831.6516562,3,-29,11
1743497831.686656,-122,16,84
1743497831.721656,23,-73,254
1743497831.757656,-10,16,109
1743497831.793656,-54,-63,169
1743497831.828656,-42,38,203
1743497831.864656,25,-31,69
1743497831.899656,1,122,207
1743497831.934656,11,4,171
1743497831.969656,53,-45,93
1743497832.005656,15,-37,35
1743497832.041656,-60,54,219
1743497832.076656,19,-19,183
1743497832.112656,-52,8,81
1743497832.147656,5,-19,115
1743497832.182656,-26,62,181
1743497832.217656,-47,-59,175
1743497832.253656,-94,30,119
1743497832.2896562,-33,40,121
1743497832.324656,-63,46,33
1743497832.360656,-25,-29,47
1743497832.395656,0,-79,155
1743497832.430656,-61,-31,89
1743497832.465656,21,-43,251
1743497832.501656,59,-3,81
1743497832.537656,6,-69,17
1743497832.5726562,-16,-41,101
1743497832.6086562,-24,-139,179
1743497832.643656,93,10,209
1743497832.678656,30,-83,1
1743497832.713656,-57,2,161
1743497832.749656,-71,-25,235
1743497832.785656,15,-15,129
1743497832.820656,69,6,87
1743497832.856656,-12,22,197
1743497832.8916562,67,-111,51
1743497832.926656,-36,-7,85
1743497832.961656,-124,28,101
1743497832.997656,-78,4,75
1743497833.033656,19,10,155
1743497833.068656,33,20,59
1743497833.104656,13,-73,161
1743497833.139656,35,66,65
1743497833.1746562,11,104,181
1743497833.209656,51,-21,291
1743497833.245656,43,0,155
1743497833.281656,-2,-23,195
1743497833.316656,59,-21,147
1743497833.352656,49,-47,47
1743497833.387656,-10,-5,179
1743497833.422656,-32,-19,213
1743497833.457656,-60,24,79
1743497833.4936562,29,-7,-24
1743497833.5296562,-66,14,183
1743497833.564656,11,-33,243
1743497833.600656,51,26,-8
1743497833.635656,-120,14,127
1743497833.670656,11,84,45
1743497833.705656,23,-17,143
1743497833.741656,-6,-25,177
1743497833.777656,81,-17,129
1743497833.819656,-56,24,221
1743497833.856656,-10,-1,97
1743497833.8916562,-14,2,69
1743497833.926656,-24,-11,223
1743497833.961656,-20,96,95
1743497833.997656,-46,66,225
1743497834.033656,5,-85,169
1743497834.068656,77,26,271
1743497834.104656,37,-49,147
1743497834.139656,-12,14,97
1743497834.1746562,93,32,149
1743497834.209656,-52,-5,219
1743497834.245656,-46,-55,207
1743497834.281656,-6,-23,183
1743497834.316656,15,-26,159
1743497834.352656,-56,16,25
1743497834.387656,11,4,115
1743497834.422656,45,20,207
1743497834.457656,-48,-31,307
1743497834.4936562,13,-65,25
1743497834.5296562,-46,-21,109
1743497834.564656,43,-67,67
1743497834.600656,-8,-35,161
1743497834.635656,33,64,133
1743497834.670656,21,18,153
1743497834.705656,25,5,107
1743497834.741656,59,41,67
1743497834.777656,-28,12,111
1743497834.8126562,-46,0,107
1743497834.848656,-62,52,83
1743497834.883656,-20,-45,153
1743497834.918656,3,76,131
1743497834.953656,15,-13,317
1743497834.989656,23,0,111
1743497835.025656,-30,16,143
1743497835.060656,35,50,147
1743497835.096656,49,24,111
1743497835.1316562,-96,10,167
1743497835.166656,59,-21,191
1743497835.202656,1,-16,201
1743497835.237656,64,13,93
1743497835.273656,65,1,78
1743497835.308656,48,-12,198
1743497835.344656,16,37,178
1743497835.379656,118,-52,226
1743497835.4146562,68,-106,88
1743497835.450656,-73,-88,186
1743497835.485656,-5,-22,272
1743497835.521656,62,-42,184
1743497835.556656,15,1,180
1743497835.592656,56,49,30
1743497835.627656,-22,-12,138
1743497835.662656,35,-20,70
1743497835.698656,-34,-28,218
1743497835.7336562,-58,27,26
1743497835.769656,0,-12,230
1743497835.804656,35,-2,224
1743497835.840656,-62,67,130
1743497835.875656,73,0,92
1743497835.910656,13,25,-5
1743497835.946656,0,0,160
1743497835.981656,-16,-26,118
1743497836.017656,-8,61,4
1743497836.052656,15,-90,94
1743497836.088656,-8,13,110
1743497836.123656,37,89,252
1743497836.158656,11,17,188
1743497836.194656,8,35,128
1743497836.229656,-50,63,116
1743497836.265656,3,-60,188
1743497836.300656,-21,-14,156
1743497836.336656,34,29,164
1743497836.371656,-27,11,112
1743497836.406656,-11,85,220
1743497836.442656,56,-4,132
1743497836.477656,-13,-10,30
1743497836.513656,24,-74,38
1743497836.548656,-45,21,214
1743497836.584656,-57,0,70
1743497836.619656,60,13,160
1743497836.6546562,-63,67,96
1743497836.690656,10,-2,84
1743497836.725656,-23,-82,40
1743497836.761656,-43,25,172
1743497836.796656,22,-62,170
1743497836.832656,4,37,180
1743497836.867656,15,-10,98
1743497836.902656,-24,-68,98
1743497836.938656,-6,-60,144
1743497836.973656,121,-60,18
1743497837.009656,29,57,160
1743497837.044656,-30,33,158
1743497837.080656,17,29,0
1743497837.115656,0,25,168
1743497837.150656,15,-12,108
1743497837.186656,-37,35,104
1743497837.221656,32,-24,86
1743497837.257656,75,-16,86
1743497837.292656,-11,17,160
1743497837.328656,100,-62,224
1743497837.363656,19,27,190
1743497837.398656,-3,15,212
1743497837.434656,21,-10,62
1743497837.469656,-11,63,42
1743497837.505656,7,31,162
1743497837.540656,-28,-60,162
1743497837.576656,23,-50,52
1743497837.611656,-2,-10,16
1743497837.646656,86,5,154
1743497837.682656,77,21,106
1743497837.717656,77,0,148
1743497837.753656,33,-56,146
1743497837.788656,-56,-54,238
1743497837.824656,-10,-14,188
1743497837.859656,24,-34,36
1743497837.894656,18,-20,242
1743497837.930656,101,55,156
1743497837.965656,28,11,174
1743497838.001656,20,15,112
1743497838.036656,20,21,212
1743497838.0726562,54,-54,86
1743497838.107656,4,19,30
1743497838.142656,-51,-8,276
1743497838.178656,16,41,188
1743497838.213656,-5,23,156
1743497838.249656,39,19,-7
1743497838.284656,-62,-6,160
1743497838.320656,-57,3,144
1743497838.355656,-69,-12,84
1743497838.390656,38,15,56
1743497838.426656,30,8,202
1743497838.461656,58,-55,54
1743497838.497656,-65,-94,70
1743497838.532656,6,-42,42
1743497838.568656,0,-24,42
1743497838.604656,54,69,80
1743497838.640656,30,-8,274
1743497838.676656,-31,57,132
1743497838.711656,-25,25,282
1743497838.746656,34,47,14
1743497838.782656,-57,15,250
1743497838.818656,70,-18,188
1743497838.853656,-1,-14,132
1743497838.889656,12,79,82
1743497838.9246562,-57,-16,80
1743497838.959656,-25,19,158
1743497838.994656,24,-40,220
1743497839.030656,40,5,158
1743497839.066656,0,53,68
1743497839.101656,68,15,128
1743497839.137656,-68,-24,98
1743497839.172656,-29,-10,114
1743497839.207656,48,5,-29
1743497839.242656,74,43,132
1743497839.278656,24,69,64
1743497839.314656,48,-36,62
1743497839.349656,-41,25,58
1743497839.385656,-42,-16,132
1743497839.420656,-32,73,122
1743497839.455656,25,19,34
1743497839.490656,46,87,178
1743497839.5266562,-43,-42,-29
1743497839.5626562,34,-32,98
1743497839.597656,-13,11,134
1743497839.633656,-29,79,106
1743497839.668656,30,39,90
1743497839.703656,58,-96,284
1743497839.738656,2,-2,146
1743497839.774656,18,-4,41
1743497839.810656,-51,-18,89
1743497839.8456562,-85,-20,187
1743497839.8816562,-53,-56,211
1743497839.916656,-17,-26,101
1743497839.951656,-13,-36,135
1743497839.986656,-15,9,125
1743497840.022656,-47,79,235
1743497840.058656,15,-10,61
1743497840.093656,-40,67,223
1743497840.129656,-28,-53,79
1743497840.1646562,-92,-57,99
1743497840.199656,-5,-34,149
1743497840.234656,-2,6,165
1743497840.270656,-52,-10,37
1743497840.306656,-58,67,71
1743497840.341656,45,45,187
1743497840.377656,-16,45,55
1743497840.412656,27,-14,196
1743497840.4476562,31,-46,84
1743497840.482656,-48,-30,22
1743497840.518656,23,-10,198
1743497840.554656,27,9,42
1743497840.589656,-90,-31,56
1743497840.625656,79,-73,124
1743497840.660656,-72,-11,131
1743497840.695656,-76,-67,181
1743497840.730656,113,-81,117
1743497840.7666562,13,8,183
1743497840.802656,-14,-25,27
1743497840.837656,-64,40,85
1743497840.873656,69,-38,101
1743497840.908656,39,-30,101
1743497840.943656,31,-20,163
1743497840.978656,-34,39,151
1743497841.014656,-64,-25,57
1743497841.050656,-10,-69,97
1743497841.0856562,21,-79,165
1743497841.121656,-56,44,77
1743497841.156656,5,0,161
1743497841.191656,69,24,213
1743497841.226656,51,18,87
1743497841.262656,35,-9,95
1743497841.298656,-34,48,119
1743497841.333656,3,8,69
1743497841.369656,-48,6,193
1743497841.4046562,29,70,179
1743497841.439656,-44,-59,229
1743497841.474656,13,30,227
1743497841.510656,17,-33,121
1743497841.546656,15,-105,147
1743497841.581656,15,-31,113
1743497841.617656,53,-41,185
1743497841.652656,-8,80,243
1743497841.6876562,-26,-17,51
1743497841.722656,113,-15,45
1743497841.758656,55,86,49
1743497841.794656,15,-50,105
1743497841.829656,57,-4,149
1743497841.865656,37,51,123
1743497841.900656,59,51,125
1743497841.935656,17,-28,157
1743497841.9706562,-26,4,165
1743497842.0066562,-18,27,27
1743497842.042656,-50,-27,109
1743497842.077656,-2,-24,43
1743497842.113656,111,-4,51
1743497842.148656,-84,-36,179
1743497842.183656,-8,-40,191
1743497842.218656,9,13,45
1743497842.254656,3,0,11
1743497842.290656,-7,-30,143
1743497842.325656,36,-18,197
1743497842.361656,-11,3,125
1743497842.396656,35,17,287
1743497842.431656,6,13,33
1743497842.466656,-27,-28,67
1743497842.502656,-7,-16,193
1743497842.538656,51,39,65
1743497842.573656,-12,5,257
1743497842.609656,-10,35,135
1743497842.644656,11,45,119
1743497842.679656,-12,-20,247
1743497842.714656,-38,53,87
1743497842.750656,75,21,93
1743497842.786656,61,8,183
1743497842.821656,-38,-72,135
1743497842.857656,-64,-22,-40
1743497842.892656,-20,-31,7
1743497842.927656,15,40,193
1743497842.962656,47,30,205
1743497842.998656,-16,-55,137
1743497843.034656,43,-31,223
1743497843.069656,-66,70,153
1743497843.105656,45,12,153
1743497843.140656,-58,-40,151
1743497843.175656,-44,-38,201
1743497843.2106562,-8,31,61
1743497843.246656,-124,-53,219
1743497843.282656,23,-42,131
1743497843.317656,55,-34,153
1743497843.353656,17,-14,147
1743497843.388656,-44,39,91
1743497843.423656,37,-19,-10
1743497843.458656,29,-28,105
1743497843.494656,59,-24,153
1743497843.530656,3,-22,109
1743497843.565656,45,-49,125
1743497843.601656,-12,-38,87
1743497843.636656,9,-120,75
1743497843.671656,-6,-2,113
1743497843.706656,-15,-60,79
1743497843.742656,-40,31,115
1743497843.778656,11,-62,243
1743497843.820656,13,11,187
1743497843.857656,-53,17,105
1743497843.892656,31,5,201
1743497843.927656,11,20,147
1743497843.962656,89,94,159
1743497843.998656,-5,15,147
1743497844.034656,-49,33,169
1743497844.069656,-41,13,201
1743497844.105656,-86,-13,247
1743497844.140656,1,-8,45
1743497844.175656,19,11,123
1743497844.2106562,-46,63,185
1743497844.246656,-2,-26,149
1743497844.282656,63,27,109
1743497844.317656,-48,-54,135
1743497844.353656,-46,23,113
1743497844.388656,-48,-70,113
1743497844.423656,-64,-39,151
1743497844.458656,-14,72,115
1743497844.494656,41,30,267
1743497844.530656,21,38,189
1743497844.565656,15,-73,15
1743497844.601656,-32,-15,29
1743497844.636656,-32,-11,87
1743497844.671656,27,36,75
1743497844.706656,19,-13,153
1743497844.742656,29,62,163
1743497844.778656,-14,38,79
1743497844.813656,9,-17,107
1743497844.849656,89,30,121
1743497844.884656,-22,9,121
1743497844.919656,-50,5,241
1743497844.955656,35,52,183
1743497844.990656,-8,-73,75
1743497845.0266562,-23,48,73
1743497845.061656,64,-9,255
1743497845.097656,32,-17,165
1743497845.132656,-51,28,204
1743497845.167656,-33,-9,105
1743497845.203656,-79,-1,177
1743497845.238656,80,24,210
1743497845.274656,-7,-39,20
1743497845.309656,-13,-49,185
1743497845.3456562,37,-63,219
1743497845.380656,61,-101,90
1743497845.415656,95,2,154
1743497845.451656,-62,36,130
1743497845.486656,-2,-5,216
1743497845.522656,-42,-45,88
1743497845.557656,-18,16,202
1743497845.593656,73,-27,92
1743497845.628656,45,28,124
1743497845.663656,3,-43,154
1743497845.699656,1,-15,188
1743497845.734656,35,-95,120
1743497845.770656,45,-25,174
1743497845.805656,-68,-5,130
1743497845.841656,-36,-5,122
1743497845.876656,15,-1,112
1743497845.911656,33,26,202
1743497845.9476562,33,0,158
1743497845.982656,-80,18,210
1743497846.018656,17,-15,94
1743497846.053656,29,-21,72
1743497846.089656,-50,-29,142
1743497846.124656,-120,-93,100
1743497846.159656,0,-23,184
1743497846.195656,7,6,96
1743497846.230656,-44,14,40
1743497846.2666562,39,-29,168
1743497846.301656,43,-49,132
1743497846.337656,-2,-25,132
1743497846.372656,-26,-17,106
1743497846.407656,-14,-13,18
1743497846.443656,19,43,200
1743497846.478656,19,-55,70
1743497846.514656,-28,12,94
1743497846.5496562,71,-34,142
1743497846.5856562,-12,-11,94
1743497846.620656,-30,8,66
1743497846.655656,-64,17,174
1743497846.691656,0,0,144
1743497846.726656,11,-42,56
1743497846.762656,0,-1,46
1743497846.797656,-20,-3,52
1743497846.833656,53,58,66
1743497846.8686562,-30,-45,212
1743497846.903656,-2,-98,152
1743497846.939656,23,-21,151
1743497846.974656,-10,-33,105
1743497847.010656,7,-36,64
1743497847.045656,-42,29,188
1743497847.081656,7,13,142
1743497847.116656,9,91,32
1743497847.1516562,1,-52,132
1743497847.1876562,13,-4,26
1743497847.222656,51,33,160
1743497847.258656,1,-28,94
1743497847.293656,53,-16,106
1743497847.329656,-35,-33,170
1743497847.364656,-51,16,174
1743497847.399656,-55,-57,4
1743497847.435656,-27,-49,70
1743497847.4706562,-19,-69,148
1743497847.5066562,-55,12,184
1743497847.541656,44,18,144
1743497847.577656,-18,8,70
1743497847.612656,-36,32,132
1743497847.647656,11,-7,172
1743497847.683656,65,4,150
1743497847.718656,-40,2,98
1743497847.754656,-32,-43,107
1743497847.7896562,39,-21,75
1743497847.825656,-16,-29,7
1743497847.860656,-64,2,258
1743497847.895656,113,-7,202
1743497847.931656,-58,36,112
1743497847.966656,-48,14,148
1743497848.002656,33,0,138
1743497848.037656,-20,34,72
1743497848.073656,-62,-25,94
1743497848.109656,33,34,134
1743497848.145656,45,-31,132
1743497848.181656,99,14,102
1743497848.216656,-80,-5,162
1743497848.251656,-36,-21,164
1743497848.287656,0,-5,128
1743497848.323656,23,18,268
1743497848.3586562,41,48,128
1743497848.394656,-14,-17,278
1743497848.429656,-174,26,144
1743497848.464656,59,36,156
1743497848.499656,1,-55,144
1743497848.535656,-4,30,172
1743497848.571656,-20,-59,214
1743497848.606656,5,16,66
1743497848.642656,-44,-71,172
1743497848.677656,41,18,146
1743497848.712656,-20,66,230
1743497848.747656,-30,10,106
1743497848.783656,7,-33,188
1743497848.819656,-1,16,188
1743497848.854656,-67,-43,126
1743497848.890656,25,78,88
1743497848.925656,81,-81,140
1743497848.9606562,-36,4,70
1743497848.995656,67,48,136
1743497849.031656,-28,28,118
1743497849.067656,-73,-11,158
1743497849.102656,-118,-11,178
1743497849.138656,33,-103,56
1743497849.173656,23,-19,72
1743497849.208656,57,34,60
1743497849.2436562,77,22,66
1743497849.2796562,16,20,188
1743497849.315656,-68,14,182
1743497849.350656,51,106,206
1743497849.386656,65,-15,-35
1743497849.421656,41,-9,140
1743497849.456656,61,-9,136
1743497849.491656,-54,30,140
1743497849.527656,13,4,228
1743497849.563656,-66,-55,44
1743497849.598656,-14,-23,34
1743497849.634656,33,77,68
1743497849.669656,0,25,110
1743497849.704656,-106,-54,122
1743497849.739656,21,-27,132
1743497849.775656,-14,64,178
1743497849.811656,-60,26,142
1743497849.846656,-14,-57,134
1743497849.882656,-52,42,50
1743497849.917656,67,-15,178
1743497849.952656,53,-53,142
1743497849.987656,-60,-23,134
1743497850.023656,51,-14,174
1743497850.059656,81,75,88
1743497850.094656,-18,0,242
1743497850.130656,3,41,142
1743497850.165656,-24,31,154
1743497850.200656,11,-28,26
1743497850.235656,-46,-16,88
1743497850.271656,-24,85,168
1743497850.307656,-2,-20,144
1743497850.342656,-138,-46,110
1743497850.378656,-55,22,172
1743497850.413656,2,46,168
1743497850.448656,8,12,42
1743497850.4836562,-31,42,160
1743497850.519656,-19,-3,232
1743497850.555656,-15,83,96
1743497850.590656,12,-24,128
1743497850.626656,-9,5,64
1743497850.661656,-81,43,170
1743497850.696656,3,19,110
1743497850.731656,-86,-6,64
1743497850.767656,37,-146,158
1743497850.803656,23,0,140
1743497850.838656,-29,-76,28
1743497850.874656,-31,21,78
1743497850.909656,42,135,156
1743497850.944656,-57,41,222
1743497850.979656,-35,0,90
1743497851.015656,74,-14,-87
1743497851.051656,-79,-10,84
1743497851.086656,68,-80,100
1743497851.122656,-1,-4,170
1743497851.157656,44,-24,146
1743497851.192656,78,-116,102
1743497851.227656,10,-2,28
1743497851.263656,36,55,154
1743497851.2996562,84,89,120
1743497851.334656,92,-62,170
1743497851.370656,28,17,138
1743497851.405656,-15,1,74
1743497851.440656,34,-34,20
1743497851.475656,-7,-14,68
1743497851.511656,8,43,138
1743497851.547656,-35,-22,76
1743497851.582656,-9,69,132
1743497851.6186562,18,1,174
1743497851.653656,58,-18,134
1743497851.688656,32,0,150
1743497851.723656,-49,35,104
1743497851.759656,70,3,184
1743497851.795656,-75,-26,108
1743497851.830656,48,5,208
1743497851.866656,-1,-2,132
1743497851.9016562,-39,21,122
1743497851.936656,10,-44,134
1743497851.971656,40,53,200
1743497852.007656,-13,27,92
1743497852.043656,10,-28,158
1743497852.078656,-33,-12,92
1743497852.114656,14,18,70
1743497852.149656,28,28,40
1743497852.184656,-15,-65,78
1743497852.219656,-3,4,172
1743497852.255656,16,-75,104
1743497852.291656,-25,42,144
1743497852.326656,80,-27,78
1743497852.362656,24,-83,180
1743497852.397656,20,2,44
1743497852.432656,-10,8,156
1743497852.467656,-8,-27,66
1743497852.503656,33,16,68
1743497852.5396562,-92,-37,144
1743497852.574656,3,58,70
1743497852.610656,-76,2,186
1743497852.645656,49,-17,40
1743497852.680656,67,-1,-37
1743497852.715656,49,-53,156
1743497852.751656,21,8,88
1743497852.787656,-22,-32,90
1743497852.8226562,93,-17,130
1743497852.8586562,39,30,136
1743497852.893656,7,30,196
1743497852.928656,-40,-17,188
1743497852.963656,61,-3,106
1743497852.999656,-48,-1,280
1743497853.035656,-26,8,78
1743497853.070656,-118,116,184
1743497853.106656,-62,-135,264
1743497853.1416562,-8,-12,124
1743497853.176656,63,9,190
1743497853.211656,-12,30,142
1743497853.247656,79,36,138
1743497853.283656,-4,-51,48
1743497853.318656,-14,44,58
1743497853.354656,-26,-33,106
1743497853.389656,59,-61,146
1743497853.4246562,-60,-21,54
1743497853.459656,-34,-17,-9
1743497853.495656,-10,-23,138
1743497853.531656,65,-53,208
1743497853.566656,-14,36,144
1743497853.602656,-8,20,108
1743497853.637656,37,60,146
1743497853.672656,-18,30,154
1743497853.707656,31,58,170
1743497853.7436562,41,28,82
1743497853.7796562,-50,-49,70
1743497853.821656,23,46,100
1743497853.8586562,-18,-1,166
1743497853.893656,-42,-57,174
1743497853.928656,-36,-1,82
1743497853.963656,23,-21,122
1743497853.999656,35,-31,22
1743497854.035656,37,52,166
1743497854.070656,47,4,144
1743497854.106656,41,72,8
1743497854.1416562,-86,36,80
1743497854.176656,7,19,192
1743497854.212656,-48,-63,86
1743497854.247656,-32,-59,12
1743497854.283656,-85,48,88
1743497854.318656,-3,-87,66
1743497854.354656,6,12,126
1743497854.389656,-11,-49,214
1743497854.4246562,-13,52,68
1743497854.4606562,-33,-9,94
1743497854.495656,-57,-35,88
1743497854.531656,-34,58,136
1743497854.566656,31,88,120
1743497854.602656,-26,50,296
1743497854.637656,-10,-1,226
1743497854.672656,21,-117,32
1743497854.708656,-14,-7,60
1743497854.7436562,-18,12,244
1743497854.7796562,15,6,174
1743497854.814656,0,22,28
1743497854.850656,11,74,86
1743497854.885656,-64,40,32
1743497854.920656,-46,30,216
1743497854.956656,19,-7,84
1743497854.991656,61,30,36
1743497855.027656,3,14,112
1743497855.0626562,-8,-85,64
1743497855.098656,-46,60,10
1743497855.133656,9,-63,86
1743497855.168656,-36,-5,200
1743497855.204656,21,-19,148
1743497855.239656,39,120,178
1743497855.275656,-6,-15,212
1743497855.310656,-38,-53,234
1743497855.346656,19,52,60
1743497855.3816562,55,-43,106
1743497855.416656,1,32,130
1743497855.452656,-38,-15,190
1743497855.487656,33,-19,172
1743497855.523656,40,54,174
1743497855.558656,53,-35,102
1743497855.594656,-3,28,154
1743497855.629656,88,-3,268
1743497855.6646562,-7,20,112
1743497855.700656,22,78,182
1743497855.735656,34,-31,16
1743497855.771656,80,12,136
1743497855.806656,-33,-17,248
1743497855.842656,24,-3,104
1743497855.877656,4,24,144
1743497855.912656,-55,2,274
1743497855.948656,-15,52,104
1743497855.9836562,-111,120,84
1743497856.019656,24,8,124
1743497856.054656,-11,68,182
1743497856.090656,0,16,86
1743497856.125656,34,114,172
1743497856.160656,-33,14,62
1743497856.196656,-25,26,116
1743497856.231656,0,10,84
1743497856.267656,24,70,62
1743497856.302656,-43,-23,188
1743497856.338656,-11,50,142
1743497856.373656,46,-65,252
1743497856.408656,24,-21,108
1743497856.444656,8,24,170
1743497856.479656,-49,-23,78
1743497856.515656,-65,-1,119
1743497856.550656,64,-1,91
1743497856.586656,-3,-53,177
1743497856.621656,-13,12,201
1743497856.656656,-51,34,131
1743497856.692656,0,-58,187
1743497856.727656,12,26,95
1743497856.763656,-27,28,177
1743497856.798656,18,10,47
1743497856.834656,-29,-43,193
1743497856.869656,-9,38,113
1743497856.9046562,28,16,185
1743497856.940656,-5,36,51
1743497856.975656,30,66,141
1743497857.011656,6,32,27
1743497857.046656,16,46,39
1743497857.082656,-17,32,191
1743497857.1186562,44,96,69
1743497857.1546562,-17,64,49
1743497857.189656,-25,-31,211
1743497857.224656,-27,34,239
1743497857.260656,73,46,133
1743497857.295656,-60,-17,43
1743497857.331656,7,-49,123
1743497857.366656,-30,22,131
1743497857.402656,1,34,-8
1743497857.4376562,-80,-1,97
1743497857.472656,-40,8,243
1743497857.508656,1,90,91
1743497857.543656,-26,-25,-24
1743497857.579656,-8,-67,201
1743497857.614656,23,61,299
1743497857.650656,-14,-17,105
1743497857.686656,-54,10,99
1743497857.722656,-10,38,149
1743497857.758656,-66,-33,69
1743497857.794656,39,-7,147
1743497857.830656,17,-15,175
1743497857.866656,-60,56,127
1743497857.902656,-16,-21,65
1743497857.9376562,43,-5,125
1743497857.972656,-22,44,205
1743497858.008656,53,42,1
1743497858.044656,-4,-61,39
1743497858.079656,32,-36,207
1743497858.115656,-24,77,143
1743497858.150656,81,0,103
1743497858.185656,-56,7,43
1743497858.2206562,23,-12,281
1743497858.2566562,49,-28,205
1743497858.292656,65,47,115
1743497858.327656,19,-20,123
1743497858.363656,11,21,201
1743497858.398656,-18,-16,157
1743497858.433656,99,-78,53
1743497858.468656,-30,13,103
1743497858.504656,63,23,55
1743497858.540656,37,-40,87
1743497858.575656,15,19,239
1743497858.611656,0,-28,151
1743497858.646656,28,15,193
1743497858.681656,-25,9,143
1743497858.716656,-109,45,83
1743497858.752656,-5,-58,181
1743497858.788656,22,-60,81
1743497858.823656,52,-4,73
1743497858.859656,2,25,155
1743497858.894656,54,-34,125
1743497858.929656,-37,-48,199
1743497858.964656,8,-10,81
1743497859.000656,-15,-26,147
1743497859.036656,-9,-4,61
1743497859.071656,-95,7,155
1743497859.107656,86,-4,89
1743497859.142656,18,-4,133
1743497859.177656,-5,-4,127
1743497859.212656,64,-44,129
1743497859.248656,30,44,139
1743497859.284656,76,-57,107
1743497859.319656,72,83,203
1743497859.355656,-127,51,119
1743497859.390656,38,37,103
1743497859.425656,14,-18,125
1743497859.4606562,-39,9,93
1743497859.496656,12,9,161
1743497859.532656,56,1,191
1743497859.567656,-9,95,95
1743497859.603656,68,3,79
1743497859.638656,34,-20,167
1743497859.673656,-11,5,263
1743497859.708656,-17,0,45
1743497859.744656,-15,13,159
1743497859.780656,-24,25,173
1743497859.815656,-14,-46,175
1743497859.851656,-24,-24,197
1743497859.886656,39,-22,107
1743497859.921656,71,55,41
1743497859.956656,-52,73,95
1743497859.992656,61,15,95
1743497860.028656,9,3,131
1743497860.063656,39,-22,135
1743497860.099656,9,49,157
1743497860.134656,33,69,153
1743497860.169656,67,-36,143
1743497860.204656,7,-42,291
1743497860.240656,-12,-46,19
1743497860.2766562,-22,-42,149
1743497860.311656,39,13,165
1743497860.347656,51,25,123
1743497860.382656,75,29,87
1743497860.417656,-36,0,133
1743497860.452656,-18,-66,163
1743497860.488656,-24,-34,193
1743497860.524656,-16,-40,235
1743497860.559656,27,15,41
1743497860.5956562,19,-2,113
1743497860.630656,-38,-46,123
1743497860.665656,-16,-60,213
1743497860.700656,35,-36,111
1743497860.736656,19,19,141
1743497860.772656,-24,21,97
1743497860.807656,-78,63,121
1743497860.843656,13,-7,173
1743497860.878656,-24,-15,67
1743497860.913656,27,7,221
1743497860.948656,129,11,161
1743497860.984656,73,35,129
1743497861.020656,69,34,127
1743497861.055656,17,55,141
1743497861.091656,-14,-24,69
1743497861.126656,25,31,137
1743497861.161656,-4,-14,86
1743497861.196656,25,43,64
1743497861.232656,33,7,44
1743497861.268656,-12,11,192
1743497861.303656,11,1,76
1743497861.339656,33,-58,162
1743497861.374656,7,-38,122
1743497861.409656,6,13,146
1743497861.444656,24,-54,103
1743497861.480656,-37,27,160
1743497861.5166562,24,-42,102
1743497861.551656,-25,15,168
1743497861.587656,-31,-34,86
1743497861.622656,-7,25,82
1743497861.657656,48,-4,112
1743497861.692656,32,51,298
1743497861.728656,53,61,-75
1743497861.764656,-29,-10,134
1743497861.7996562,10,-2,116
1743497861.8356562,36,-70,160
1743497861.870656,72,19,148
1743497861.905656,-59,61,102
1743497861.940656,-55,39,180
1743497861.976656,-25,-38,242
1743497862.012656,-39,23,70
1743497862.047656,-25,-54,136
1743497862.083656,6,-40,118
1743497862.1186562,68,-14,102
1743497862.153656,0,-10,120
1743497862.188656,2,9,146
1743497862.224656,-59,-22,96
1743497862.260656,26,45,98
1743497862.295656,20,9,294
1743497862.331656,-27,-30,48
1743497862.366656,84,45,138
1743497862.4016562,50,-36,82
1743497862.436656,-47,-42,142
1743497862.472656,18,-16,106
1743497862.508656,-5,-12,188
1743497862.543656,-17,-34,176
1743497862.579656,38,-56,260
1743497862.614656,-25,0,130
1743497862.649656,26,-26,40
1743497862.684656,8,53,216
1743497862.7206562,-111,13,158
1743497862.7566562,36,63,140
1743497862.791656,-25,-12,212
1743497862.827656,-37,-36,120
1743497862.862656,-53,33,194
1743497862.897656,-19,61,184
1743497862.932656,30,-52,174
1743497862.968656,64,5,78
1743497863.004656,51,-22,146
1743497863.0396562,-64,21,52
1743497863.075656,-10,-34,112
1743497863.110656,21,1,170
1743497863.145656,13,-50,252
1743497863.180656,-58,5,126
1743497863.216656,-8,-4,128
1743497863.252656,26,67,184
1743497863.287656,30,49,54
1743497863.323656,-6,-38,80
1743497863.3586562,-44,-42,68
1743497863.393656,61,-50,108
1743497863.428656,111,17,118
1743497863.464656,53,-6,156
1743497863.500656,-18,41,194
1743497863.535656,33,-68,118
1743497863.571656,-22,-110,126
1743497863.606656,61,47,154
1743497863.6416562,-36,6,58
1743497863.676656,-58,90,112
1743497863.712656,27,10,38
1743497863.748656,50,-69,128
1743497863.783656,-18,-14,128
1743497863.826656,-69,-14,52
1743497863.862656,32,31,182
1743497863.897656,-22,27,194
1743497863.933656,50,-26,110
1743497863.968656,-52,39,-17
1743497864.004656,9,-58,158
1743497864.0396562,6,-30,252
1743497864.075656,-29,35,162
1743497864.110656,60,47,208
1743497864.145656,39,23,78
1743497864.181656,118,7,172
1743497864.216656,-45,-24,96
1743497864.252656,-21,55,52
1743497864.287656,44,5,82
1743497864.323656,4,21,102
1743497864.3586562,74,5,138
1743497864.393656,-39,-26,137
1743497864.429656,-40,5,215
1743497864.464656,-24,-56,158
1743497864.500656,-49,-30,106
1743497864.535656,-3,3,-35
1743497864.571656,-53,-50,174
1743497864.606656,-45,-8,80
1743497864.6416562,-72,-14,138
1743497864.677656,-62,-32,224
1743497864.712656,19,-28,90
1743497864.748656,79,17,150
1743497864.783656,57,117,160
1743497864.819656,85,77,162
1743497864.854656,-32,5,94
1743497864.889656,-68,-62,148
1743497864.925656,5,-20,80
1743497864.9606562,-74,40,132
1743497864.996656,-58,-1,144
1743497865.031656,-8,-11,134
1743497865.067656,67,61,140
1743497865.102656,27,-8,122
1743497865.137656,-8,0,84
1743497865.173656,-80,11,214
1743497865.208656,45,-20,110
1743497865.244656,79,-52,52
1743497865.2796562,25,11,128
1743497865.315656,-28,-86,60
1743497865.350656,-4,67,94
1743497865.385656,53,7,170
1743497865.421656,33,-72,144
1743497865.456656,-36,65,176
1743497865.492656,13,-22,48
1743497865.527656,-96,-24,38
1743497865.563656,-70,-20,60
1743497865.598656,7,-42,110
1743497865.633656,-46,-36,214
1743497865.669656,-30,-78,174
1743497865.704656,-64,57,94
1743497865.740656,-30,-10,136
1743497865.775656,51,19,146
1743497865.811656,-34,15,206
1743497865.846656,-8,31,205
1743497865.8816562,-64,39,191
1743497865.917656,17,-88,116
1743497865.952656,-40,23,138
1743497865.988656,-52,-10,148
1743497866.023656,63,29,128
1743497866.059656,-26,3,131
1743497866.094656,5,57,212
1743497866.129656,-30,-10,246
1743497866.165656,-4,61,310
1743497866.200656,3,-18,104
1743497866.236656,-8,-90,106
1743497866.271656,11,57,106
1743497866.307656,-24,17,154
1743497866.342656,55,-46,178
1743497866.377656,-54,2,226
1743497866.413656,-74,32,184
1743497866.448656,-24,-24,124
1743497866.484656,35,40,132
1743497866.519656,1,22,98
1743497866.555656,-40,3,206
1743497866.590656,11,-1,4
1743497866.625656,51,24,96
1743497866.661656,29,-59,276
1743497866.696656,43,-54,172
1743497866.732656,0,-15,136
1743497866.767656,14,47,132
1743497866.803656,56,-79,130
1743497866.838656,-24,-30,44
1743497866.873656,41,73,134
1743497866.909656,-18,49,168
1743497866.944656,3,-46,194
1743497866.980656,-92,-22,76
1743497867.015656,-2,0,142
1743497867.051656,25,29,36
1743497867.086656,17,-94,92
1743497867.121656,-28,57,34
1743497867.157656,54,41,182
1743497867.192656,-11,-24,282
1743497867.228656,16,-46,144
1743497867.263656,44,-10,70
1743497867.2996562,-41,55,94
1743497867.3356562,4,-68,64
1743497867.370656,-43,49,60
1743497867.405656,-15,7,124
1743497867.441656,36,61,120
1743497867.477656,34,-36,178
1743497867.512656,-7,-12,158
1743497867.548656,-44,-58,40
1743497867.583656,-52,-6,136
1743497867.6186562,-88,-18,170
1743497867.653656,-36,59,236
1743497867.689656,-62,13,94
1743497867.725656,-36,37,102
1743497867.760656,-2,-16,134
1743497867.796656,51,-26,280
1743497867.831656,-170,35,50
1743497867.866656,71,-6,260
1743497867.9016562,-20,17,112
1743497867.9376562,-62,-34,128
1743497867.973656,-2,5,110
1743497868.008656,1,-50,174
1743497868.044656,-24,-14,116
1743497868.079656,3,-66,122
1743497868.114656,103,-12,146
1743497868.149656,21,-28,192
1743497868.185656,-16,35,84
1743497868.221656,19,-34,70
1743497868.2566562,85,-48,90
1743497868.292656,-10,7,72
1743497868.327656,53,-22,116
1743497868.362656,-8,27,-51
1743497868.397656,71,11,102
1743497868.433656,-2,25,188
1743497868.469656,3,19,110
1743497868.504656,-66,1,232
1743497868.540656,9,-118,116
1743497868.575656,11,1,58
1743497868.610656,55,-28,20
1743497868.645656,-26,33,238
1743497868.681656,-32,-132,128
1743497868.717656,25,31,154
1743497868.752656,119,65,144
1743497868.788656,49,69,246
1743497868.823656,-72,-28,14
1743497868.8586562,-4,7,76
1743497868.893656,65,15,234
1743497868.929656,-83,9,150
1743497868.965656,15,-10,76
1743497869.000656,95,-34,166
1743497869.036656,33,33,196
1743497869.071656,-4,-40,154
1743497869.106656,75,-8,118
1743497869.1416562,-42,73,82
1743497869.177656,-10,-2,100
1743497869.213656,15,-26,112
1743497869.248656,79,15,106
1743497869.284656,67,25,126
1743497869.319656,93,-4,218
1743497869.354656,-18,-62,174
1743497869.389656,-20,53,94
1743497869.425656,43,85,92
1743497869.461656,85,13,160
1743497869.496656,-7,-26,176
1743497869.532656,36,-102,192
1743497869.567656,38,-4,250
1743497869.602656,-39,0,136
1743497869.637656,12,-64,131
1743497869.673656,38,-78,197
1743497869.709656,16,75,59
1743497869.744656,22,-4,197
1743497869.780656,14,-14,239
1743497869.815656,-55,-68,107
1743497869.850656,11,65,133
1743497869.885656,-56,5,141
1743497869.921656,16,49,55
1743497869.957656,-19,31,217
1743497869.992656,-70,-68,127
1743497870.028656,-22,-34,127
1743497870.063656,-8,-72,163
1743497870.098656,-46,55,133
1743497870.133656,13,21,141
1743497870.169656,-26,-26,71
1743497870.205656,73,50,149
1743497870.240656,59,-19,119
1743497870.2766562,5,34,1
1743497870.311656,17,54,55
1743497870.346656,43,8,163
1743497870.3816562,-78,4,135
1743497870.417656,11,63,189
1743497870.453656,-92,-4,47
1743497870.488656,69,16,145
1743497870.524656,0,87,201
1743497870.559656,-38,45,245
1743497870.594656,-72,-52,93
1743497870.629656,-24,-40,89
1743497870.665656,63,41,153
1743497870.701656,-22,-18,121
1743497870.736656,101,-40,137
1743497870.772656,-92,9,121
1743497870.807656,0,-50,93
1743497870.842656,-104,33,211
1743497870.877656,1,-16,233
1743497870.913656,27,55,163
1743497870.949656,-38,3,177
1743497870.984656,-64,31,185
1743497871.020656,9,5,27
1743497871.055656,73,-48,89
1743497871.090656,-72,-50,213
1743497871.125656,5,-44,169
1743497871.161656,27,-84,125
1743497871.1976562,9,-22,139
1743497871.232656,-2,-18,55
1743497871.268656,-64,27,121
1743497871.303656,71,9,85
1743497871.338656,17,19,175
1743497871.373656,0,51,309
1743497871.409656,47,68,119
1743497871.445656,37,-10,33
1743497871.480656,-22,1,265
1743497871.5166562,-54,29,229
1743497871.551656,35,5,59
1743497871.586656,-54,21,167
1743497871.621656,5,-32,75
1743497871.657656,-8,-26,207
1743497871.693656,31,-56,59
1743497871.728656,1,1,67
1743497871.764656,55,-30,35
1743497871.7996562,3,-26,99
1743497871.834656,-28,47,189
1743497871.869656,6,-22,201
1743497871.905656,-39,-20,149
1743497871.941656,-25,-20,65
1743497871.976656,-5,-34,199
1743497872.012656,52,37,89
1743497872.047656,35,-16,95
1743497872.082656,-8,0,117
1743497872.117656,-63,61,61
1743497872.153656,80,-4,173
1743497872.189656,-29,-60,115
1743497872.224656,54,29,129
1743497872.260656,-73,-56,185
1743497872.295656,28,-10,67
1743497872.330656,-18,-20,37
1743497872.365656,-100,37,75
1743497872.4016562,-122,-54,193
1743497872.4376562,17,-42,297
1743497872.472656,15,81,193
1743497872.508656,-76,51,171
1743497872.543656,93,-12,107
1743497872.578656,33,35,129
1743497872.613656,-18,53,39
1743497872.649656,-48,-52,87
1743497872.685656,39,0,115
1743497872.7206562,-44,-78,117
1743497872.7566562,-12,-58,169
1743497872.791656,-44,-46,147
1743497872.826656,-20,29,131
1743497872.861656,-48,-42,235
1743497872.897656,-106,-8,175
1743497872.933656,29,-32,87
1743497872.968656,73,1,115
1743497873.004656,-8,-40,217
1743497873.0396562,-22,5,51
1743497873.074656,-94,63,119
1743497873.110656,49,31,61
1743497873.145656,11,93,193
1743497873.181656,43,-18,95
1743497873.216656,-24,-54,101
1743497873.252656,-18,29,101
1743497873.287656,-40,-44,109
1743497873.3226562,-18,-30,169
1743497873.3586562,119,27,67
1743497873.393656,-18,3,187
1743497873.429656,87,55,275
1743497873.464656,35,53,95
1743497873.500656,7,-24,129
1743497873.535656,31,-24,143
1743497873.570656,-10,17,145
1743497873.606656,35,17,53
1743497873.6416562,9,-8,49
1743497873.677656,-50,23,131
1743497873.712656,-4,-34,-80
1743497873.748656,41,-90,173
1743497873.783656,107,41,157
1743497873.818656,-29,57,231
1743497873.861656,-57,71,117
1743497873.897656,8,-16,17
1743497873.933656,-57,5,157
1743497873.968656,56,28,161
1743497874.004656,-32,-26,167
1743497874.0396562,45,13,75
1743497874.074656,17,-34,185
1743497874.110656,42,23,59
1743497874.145656,-23,17,137
1743497874.181656,42,69,127
1743497874.216656,-5,1,73
1743497874.252656,48,21,97
1743497874.287656,36,11,243
1743497874.3226562,54,-14,105
1743497874.3586562,28,-30,117
1743497874.393656,-57,-12,47
1743497874.429656,0,49,121
1743497874.464656,-33,7,277
1743497874.500656,30,-14,93
1743497874.535656,-19,-44,145
1743497874.570656,-17,-68,165
1743497874.606656,14,-56,101
1743497874.6416562,28,13,89
1743497874.677656,50,-54,191
1743497874.712656,4,15,301
1743497874.748656,-1,-52,175
1743497874.783656,50,-12,217
1743497874.818656,-17,27,165
1743497874.854656,0,-20,-6
1743497874.889656,-39,-32,129
1743497874.925656,38,-46,190
1743497874.9606562,84,3,108
1743497874.996656,24,-34,84
1743497875.031656,22,-12,129
1743497875.066656,20,-20,87
1743497875.102656,-7,-6,59
1743497875.137656,-61,-40,161
1743497875.173656,-17,-8,133
1743497875.208656,52,27,113
1743497875.244656,-1,-68,103
1743497875.2796562,-21,-28,119
1743497875.314656,14,-32,153
1743497875.350656,16,33,43
1743497875.385656,-41,-18,167
1743497875.421656,62,39,281
1743497875.456656,-27,-36,89
1743497875.492656,52,-24,213
1743497875.527656,-119,0,189
1743497875.5626562,6,-38,141
1743497875.598656,-27,-24,43
1743497875.633656,0,-4,57
1743497875.669656,50,-54,165
1743497875.704656,28,19,237
1743497875.740656,96,-34,137
1743497875.775656,-4,-8,19
1743497875.810656,-58,29,249
1743497875.846656,18,-34,159
1743497875.8816562,-6,41,181
1743497875.917656,-45,-30,103
1743497875.952656,-7,25,-50
1743497875.988656,-32,19,119
1743497876.023656,3,-46,123
1743497876.058656,-38,-14,155
1743497876.094656,13,39,115
1743497876.129656,-18,75,171
1743497876.165656,23,25,55
1743497876.200656,17,79,167
1743497876.236656,-50,-44,137
1743497876.271656,-10,45,183
1743497876.306656,91,21,71
1743497876.342656,21,-6,195
1743497876.377656,-48,-52,21
1743497876.413656,3,18,243
1743497876.448656,73,-53,147
1743497876.484656,9,4,25
1743497876.519656,-46,56,57
1743497876.554656,-58,-57,119
1743497876.590656,-28,22,251
1743497876.625656,-50,18,29
1743497876.661656,23,-3,191
1743497876.696656,9,81,145
1743497876.732656,-16,-11,113
1743497876.768656,89,29,183
1743497876.804656,-4,38,57
1743497876.840656,9,-23,-50
1743497876.876656,-12,40,83
1743497876.912656,-50,44,83
1743497876.948656,-2,20,239
1743497876.984656,-2,16,77
1743497877.019656,-116,50,11
1743497877.054656,-112,22,85
1743497877.090656,-44,34,175
1743497877.126656,43,-9,217
1743497877.161656,7,-89,85
1743497877.1976562,35,40,195
1743497877.232656,21,-61,225
1743497877.267656,19,48,155
1743497877.302656,39,6,189
1743497877.338656,25,24,137
1743497877.374656,39,2,121
1743497877.409656,-44,88,181
1743497877.445656,-52,-5,261
1743497877.480656,15,3,83
1743497877.515656,-8,-26,177
1743497877.550656,9,11,128
1743497877.586656,-54,47,246
1743497877.622656,21,-42,161
1743497877.657656,-42,-3,134
1743497877.693656,51,40,236
1743497877.728656,-22,6,210
1743497877.763656,-30,-19,80
1743497877.798656,-104,-3,152
1743497877.834656,-22,-9,104
1743497877.870656,57,-61,76
1743497877.905656,1,-35,22
1743497877.941656,-6,40,188
1743497877.976656,0,-5,118
1743497878.011656,-18,-43,46
1743497878.046656,83,-53,194
1743497878.082656,-33,6,138
1743497878.1186562,38,-3,188
1743497878.153656,-11,-7,2
1743497878.189656,41,-61,126
1743497878.224656,-74,40,124
1743497878.259656,21,-43,38
1743497878.294656,-2,-15,84
1743497878.330656,9,-49,108
1743497878.366656,33,-49,100
1743497878.4016562,29,-7,104
1743497878.4376562,-47,-29,144
1743497878.472656,-12,-27,78
1743497878.507656,-6,-7,90
1743497878.542656,11,6,154
1743497878.578656,-4,6,204
1743497878.614656,31,-5,82
1743497878.649656,-10,-21,24
1743497878.685656,-38,66,144
1743497878.7206562,-112,-75,200
1743497878.755656,76,34,190
1743497878.790656,8,22,108
1743497878.826656,-45,-69,204
1743497878.862656,14,78,64
1743497878.897656,7,18,120
1743497878.933656,13,-13,130
1743497878.968656,-102,50,122
1743497879.003656,-12,2,120
1743497879.038656,32,-19,56
1743497879.074656,-17,12,94
1743497879.110656,-39,18,30
1743497879.145656,-45,54,130
1743497879.181656,-44,56,58
1743497879.216656,-17,30,138
1743497879.251656,30,-33,116
1743497879.286656,33,30,208
1743497879.3226562,23,36,240
1743497879.3586562,44,56,208
1743497879.393656,3,-67,202
1743497879.429656,-94,46,146
1743497879.464656,-34,72,120
1743497879.499656,77,13,164
1743497879.534656,-22,-23,140
1743497879.570656,1,45,164
1743497879.606656,-112,-51,126
1743497879.6416562,37,-47,238
1743497879.677656,47,-23,130
1743497879.712656,45,36,68
1743497879.747656,63,6,104
1743497879.782656,-94,30,164
1743497879.818656,-76,-65,90
1743497879.854656,53,9,76
1743497879.889656,-90,27,112
1743497879.925656,35,-34,40
1743497879.9606562,-78,8,98
1743497879.995656,47,9,112
1743497880.030656,-64,-18,-75
1743497880.066656,-76,-20,128
1743497880.102656,-50,-18,126
1743497880.137656,31,-62,132
1743497880.173656,-28,-36,206
1743497880.208656,-2,-113,196
1743497880.2436562,-32,-9,188
1743497880.278656,-4,-9,140
1743497880.314656,25,-51,106
1743497880.350656,13,-67,118
1743497880.385656,69,34,212
1743497880.421656,103,-5,142
1743497880.456656,-20,14,148
1743497880.491656,21,8,120
1743497880.5266562,-74,38,154
1743497880.5626562,35,-51,144
1743497880.598656,9,40,218
1743497880.633656,-16,64,164
1743497880.669656,7,-71,10
1743497880.704656,-18,18,58
1743497880.739656,-20,32,186
1743497880.774656,-16,-47,158
1743497880.810656,-20,-59,172
1743497880.846656,1,-53,38
1743497880.8816562,43,6,200
1743497880.917656,15,14,78
1743497880.952656,13,28,182
1743497880.987656,19,82,208
1743497881.022656,-54,-11,152
1743497881.058656,-78,40,116
1743497881.094656,-66,24,90
1743497881.129656,63,12,76
1743497881.165656,-36,-71,182
1743497881.200656,-24,-19,194
1743497881.235656,-32,12,206
1743497881.270656,63,-35,92
1743497881.306656,51,46,164
1743497881.342656,11,-5,96
1743497881.377656,-64,16,60
1743497881.413656,37,28,100
1743497881.448656,-4,-67,54
1743497881.4836562,15,42,214
1743497881.518656,43,-9,192
1743497881.554656,71,36,80
1743497881.590656,37,-9,194
1743497881.625656,-8,-39,144
1743497881.661656,-10,72,248
1743497881.696656,19,-47,124
1743497881.731656,-42,-21,292
1743497881.7666562,-32,-1,150
1743497881.802656,-42,-75,122
1743497881.838656,57,-39,176
1743497881.873656,63,-17,124
1743497881.909656,-32,24,164
1743497881.944656,-44,18,160
1743497881.979656,39,-37,96
1743497882.014656,-12,18,204
1743497882.050656,-6,46,78
1743497882.086656,-32,-51,286
1743497882.121656,17,24,98
1743497882.157656,-51,-9,114
1743497882.192656,4,80,50
1743497882.227656,39,-49,184
1743497882.262656,59,-125,24
1743497882.298656,5,-13,52
1743497882.334656,-26,68,-15
1743497882.369656,-22,-29,54
1743497882.405656,-2,-29,256
1743497882.440656,101,50,116
1743497882.475656,85,-15,112
1743497882.510656,0,-15,196
1743497882.546656,65,22,16
1743497882.582656,-48,18,136
1743497882.617656,-64,-29,122
1743497882.653656,15,68,126
1743497882.688656,9,-19,0
1743497882.723656,41,-47,174
1743497882.758656,3,62,152
1743497882.794656,-52,-33,100
1743497882.830656,-28,94,120
1743497882.865656,37,18,38
1743497882.9016562,35,-5,34
1743497882.936656,25,-25,274
1743497882.971656,-18,50,46
1743497883.007656,-40,-23,92
1743497883.042656,11,-49,126
1743497883.078656,33,-11,188
1743497883.113656,63,60,64
1743497883.149656,5,18,64
1743497883.184656,-100,-23,220
1743497883.219656,-2,-65,234
1743497883.255656,-16,4,114
1743497883.290656,-50,-41,188
1743497883.326656,-12,-13,100
1743497883.361656,37,-21,60
1743497883.397656,-36,-55,108
1743497883.432656,29,12,166
1743497883.467656,-4,-35,158
1743497883.503656,-50,36,202
1743497883.538656,0,-11,246
1743497883.574656,3,28,122
1743497883.609656,-48,42,230
1743497883.645656,37,78,114
1743497883.680656,27,54,150
1743497883.715656,-16,-1,186
1743497883.751656,77,-15,44
1743497883.786656,-12,22,144
1743497883.8226562,-94,-41,172
1743497883.864656,1,78,28
1743497883.9016562,-54,-91,122
1743497883.936656,-38,0,100
1743497883.971656,-76,17,222
1743497884.007656,-8,-42,204
1743497884.042656,29,45,242
1743497884.078656,-16,17,30
1743497884.113656,-46,-14,106
1743497884.149656,-6,5,172
1743497884.184656,59,-34,70
1743497884.219656,-40,-4,72
1743497884.255656,53,-10,186
1743497884.290656,-52,-10,186
1743497884.326656,-58,-14,138
1743497884.361656,-4,-4,172
1743497884.397656,-94,-56,-73
1743497884.432656,15,1,154
1743497884.467656,-22,-14,175
1743497884.503656,-4,55,249
1743497884.538656,-46,-16,161
1743497884.574656,-76,55,197
1743497884.609656,-56,85,133
1743497884.645656,-38,-24,117
1743497884.680656,-32,31,227
1743497884.715656,0,-2,79
1743497884.751656,-58,-2,11
1743497884.786656,-38,-36,13
1743497884.8226562,-4,-42,-6
1743497884.857656,39,-22,123
1743497884.893656,-56,47,131
1743497884.928656,55,75,179
1743497884.963656,27,24,91
1743497884.999656,-46,-11,103
1743497885.034656,15,-28,131
1743497885.070656,23,1,169
1743497885.105656,-7,19,221
1743497885.1416562,55,-6,141
1743497885.176656,-39,43,21
1743497885.211656,-139,-30,105
1743497885.247656,54,51,191
1743497885.282656,32,-9,129
1743497885.318656,14,-9,81
1743497885.353656,-75,30,259
1743497885.389656,0,12,93
1743497885.4246562,70,-43,121
1743497885.459656,6,-35,105
1743497885.495656,8,10,87
1743497885.530656,-59,56,201
1743497885.566656,-29,-17,127
1743497885.601656,60,27,81
1743497885.637656,70,-28,57
1743497885.672656,8,-70,223
1743497885.707656,-7,-10,189
1743497885.7436562,-49,49,47
1743497885.778656,64,27,109
1743497885.814656,30,-74,229
1743497885.849656,32,69,95
1743497885.885656,-35,0,-18
1743497885.920656,22,23,161
1743497885.955656,-20,-62,131
1743497885.991656,-52,7,73
1743497886.0266562,5,-6,129
1743497886.0626562,1,-4,171
1743497886.097656,55,-10,9
1743497886.133656,11,0,135
1743497886.168656,-22,-34,185
1743497886.203656,-14,9,33
1743497886.239656,39,61,161
1743497886.274656,-28,17,125
1743497886.310656,5,-2,161
1743497886.3456562,9,-74,99
1743497886.3816562,-26,21,97
1743497886.417656,-36,91,153
1743497886.453656,-46,9,63
1743497886.489656,-4,119,217
1743497886.524656,-42,-30,199
1743497886.559656,5,-10,143
1743497886.5956562,-76,-34,161
1743497886.6316562,7,-82,195
1743497886.666656,33,-45,27
1743497886.702656,-16,-83,49
1743497886.737656,31,-41,39
1743497886.772656,-34,34,221
1743497886.807656,9,-43,133
1743497886.843656,67,54,113
1743497886.879656,-46,-25,95
1743497886.9146562,-44,-69,31
1743497886.950656,-68,-67,195
1743497886.985656,41,-5,-2
1743497887.020656,49,96,133
1743497887.055656,65,34,21
1743497887.091656,9,64,75
1743497887.127656,-92,52,265
1743497887.162656,15,0,145
1743497887.198656,9,-5,92
1743497887.2336562,15,-9,69
1743497887.268656,-38,-39,329
1743497887.303656,-2,38,86
1743497887.339656,17,38,200
1743497887.375656,31,-54,114
1743497887.410656,-34,12,144
1743497887.446656,-44,-27,156
1743497887.481656,-30,-37,134
1743497887.5166562,-34,-55,220
1743497887.551656,5,-21,108
1743497887.587656,-28,28,4
1743497887.623656,-116,26,196
1743497887.658656,23,-53,150
1743497887.694656,-50,60,168
1743497887.729656,-14,-45,88
1743497887.764656,27,66,172
1743497887.7996562,19,-41,102
1743497887.8356562,-52,-11,140
1743497887.871656,9,-95,172
1743497887.906656,65,-35,162
1743497887.942656,-24,-53,132
1743497887.977656,45,4,176
1743497888.012656,-26,34,78
1743497888.047656,-8,24,190
1743497888.083656,-8,-39,18
1743497888.119656,13,40,266
1743497888.1546562,-94,38,168
1743497888.190656,-56,44,82
1743497888.225656,-4,-23,192
1743497888.260656,109,-11,94
1743497888.295656,-4,-27,116
1743497888.331656,11,-87,188
1743497888.367656,-62,20,186
1743497888.402656,-104,23,100
1743497888.438656,-50,7,170
1743497888.473656,-5,7,100
1743497888.508656,36,21,108
1743497888.543656,-41,-46,100
1743497888.579656,59,59,254
1743497888.615656,-10,13,80
1743497888.650656,45,49,92
1743497888.686656,43,-18,82
1743497888.721656,55,-36,196
1743497888.7566562,-82,-32,190
1743497888.791656,-52,61,114
1743497888.827656,19,-42,148
1743497888.863656,67,-16,28
1743497888.898656,-4,-20,154
1743497888.934656,-90,26,120
1743497888.969656,43,63,124
1743497889.004656,23,44,264
1743497889.0396562,-18,40,154
1743497889.075656,-30,-17,200
1743497889.111656,71,-27,172
1743497889.146656,-96,-31,230
1743497889.182656,9,38,122
1743497889.217656,29,10,164
1743497889.254656,55,6,140
1743497889.2896562,9,80,110
1743497889.324656,37,38,168
1743497889.359656,53,8,154
1743497889.395656,31,44,112
1743497889.431656,19,-17,150
1743497889.466656,-36,30,94
1743497889.502656,5,8,124
1743497889.537656,17,4,162
1743497889.5726562,33,-133,58
1743497889.607656,-72,28,102
1743497889.643656,-8,36,66
1743497889.679656,-6,-13,316
1743497889.714656,-6,-15,82
1743497889.750656,97,8,162
1743497889.785656,-76,-5,154
1743497889.820656,-30,18,252
1743497889.855656,-78,44,158
1743497889.8916562,-8,10,236
1743497889.927656,-12,26,218
1743497889.962656,39,-5,68
1743497889.998656,-16,-23,178
1743497890.033656,-36,-17,140
1743497890.068656,-92,-7,120
1743497890.103656,65,-29,186
1743497890.139656,13,26,70
1743497890.175656,37,26,142
1743497890.2106562,37,-9,16
1743497890.246656,-26,66,108
1743497890.281656,37,0,182
1743497890.316656,27,18,130
1743497890.351656,-16,-51,12
1743497890.387656,61,-27,126
1743497890.423656,-44,20,148
1743497890.458656,69,-105,168
1743497890.494656,-86,16,88
1743497890.5296562,31,-53,218
1743497890.564656,23,19,16
1743497890.599656,-74,55,226
1743497890.635656,-34,11,146
1743497890.671656,3,55,146
1743497890.706656,39,-8,150
1743497890.742656,-40,25,22
1743497890.777656,9,25,148
1743497890.8126562,-40,-42,160
1743497890.847656,-46,-7,136
1743497890.883656,15,46,106
1743497890.919656,7,4,106
1743497890.954656,121,6,180
1743497890.990656,-2,-91,114
1743497891.025656,91,-37,42
1743497891.060656,5,-3,202
1743497891.0956562,33,4,164
1743497891.1316562,59,72,192
1743497891.167656,1,2,90
1743497891.202656,-28,78,174
1743497891.238656,-10,-3,192
1743497891.273656,-76,16,128
1743497891.308656,45,34,96
1743497891.343656,-6,-13,224
1743497891.379656,-10,-33,102
1743497891.415656,39,56,48
1743497891.450656,55,8,248
1743497891.486656,0,36,216
1743497891.521656,-52,-25,230
1743497891.556656,-18,12,108
1743497891.591656,-16,-23,152
1743497891.627656,-16,24,66
1743497891.663656,55,4,260
1743497891.698656,83,-83,200
1743497891.734656,-8,34,156
1743497891.769656,-38,12,158
1743497891.804656,-24,-11,154
1743497891.839656,55,-43,90
1743497891.875656,-72,34,110
1743497891.911656,-12,-27,166
1743497891.946656,1,54,72
1743497891.982656,79,40,122
1743497892.017656,-26,76,150
1743497892.052656,-76,-19,90
1743497892.087656,-32,30,190
1743497892.123656,-144,24,156
1743497892.159656,21,-57,95
1743497892.194656,49,-7,125
1743497892.230656,21,-59,41
1743497892.265656,-8,-21,108
1743497892.300656,-44,14,188
1743497892.3356562,-44,94,140
1743497892.371656,23,-17,52
1743497892.407656,25,66,190
1743497892.442656,-16,18,138
1743497892.478656,59,8,164
1743497892.513656,-8,4,132
1743497892.548656,49,-5,146
1743497892.584656,45,-17,268
1743497892.619656,-8,76,-17
1743497892.655656,-54,-9,146
1743497892.690656,51,-55,110
1743497892.726656,111,-35,188
1743497892.761656,9,56,150
1743497892.796656,65,-21,184
1743497892.832656,-44,-15,168
1743497892.867656,-32,-58,100
1743497892.903656,9,33,222
1743497892.938656,3,-35,74
1743497892.974656,3,-31,194
1743497893.009656,-58,-130,26
1743497893.044656,21,21,92
1743497893.080656,-52,-10,26
1743497893.115656,59,-10,142
1743497893.1516562,-110,51,118
1743497893.186656,-56,49,96
1743497893.222656,0,-112,204
1743497893.257656,5,-30,26
1743497893.292656,-56,-48,120
1743497893.328656,-12,9,62
1743497893.363656,-62,-2,230
1743497893.399656,1,19,170
1743497893.434656,25,33,146
1743497893.4706562,-104,-40,198
1743497893.505656,-44,-46,148
1743497893.540656,165,15,62
1743497893.576656,-52,-6,44
1743497893.611656,45,-34,206
1743497893.647656,-52,31,90
1743497893.682656,-38,-40,178
1743497893.718656,-12,1,84
1743497893.753656,-52,11,44
1743497893.788656,-70,19,140
1743497893.824656,83,45,178
1743497893.866656,33,35,192
1743497893.903656,-44,1,206
1743497893.938656,57,39,162
1743497893.974656,0,23,208
1743497894.009656,-28,-10,146
1743497894.044656,62,27,152
1743497894.080656,10,55,170
1743497894.115656,-13,19,128
1743497894.1516562,108,61,240
1743497894.186656,-71,-40,72
1743497894.222656,0,93,94
1743497894.257656,-52,-76,66
1743497894.292656,7,-38,236
1743497894.328656,0,9,196
1743497894.363656,-85,-10,36
1743497894.399656,-19,-2,199
1743497894.434656,54,-6,183
1743497894.4706562,21,-8,55
1743497894.505656,59,45,145
1743497894.540656,47,-64,175
1743497894.576656,-45,-2,77
1743497894.611656,-65,-68,95
1743497894.647656,52,-24,165
1743497894.682656,-65,17,85
1743497894.718656,-77,19,189
1743497894.753656,-88,-24,145
1743497894.788656,27,3,19
1743497894.824656,75,7,177
1743497894.859656,21,5,205
1743497894.895656,9,11,265
1743497894.930656,1,-11,15
1743497894.966656,53,-3,179
1743497895.001656,-76,4,181
1743497895.036656,-24,-9,189
1743497895.0726562,77,-3,145
1743497895.107656,83,-61,25
1743497895.143656,15,14,45
1743497895.178656,7,24,93
1743497895.214656,-22,-55,45
1743497895.249656,-62,10,73
1743497895.284656,89,46,111
1743497895.320656,5,-28,237
1743497895.355656,31,37,163
1743497895.3916562,39,-26,189
1743497895.426656,-68,45,105
1743497895.462656,-86,-30,165
1743497895.497656,-2,37,151
1743497895.532656,51,-4,119
1743497895.568656,9,-10,151
1743497895.603656,97,-80,151
1743497895.639656,13,79,215
1743497895.6746562,-30,21,95
1743497895.7106562,21,-22,163
1743497895.745656,31,-30,53
1743497895.780656,69,39,217
1743497895.816656,87,-36,179
1743497895.851656,47,-44,159
1743497895.887656,9,-10,155
1743497895.922656,-56,-6,107
1743497895.958656,27,-4,97
1743497895.994656,0,-8,99
1743497896.0296562,12,9,131
1743497896.064656,-39,-26,75
1743497896.100656,78,-8,251
1743497896.136656,8,-34,77
1743497896.171656,-21,5,103
1743497896.207656,37,15,149
1743497896.242656,37,-29,197
1743497896.277656,-38,59,45
1743497896.3126562,-92,-10,71
1743497896.348656,19,1,37
1743497896.384656,-12,-24,103
1743497896.419656,-52,43,147
1743497896.455656,53,43,75
1743497896.490656,47,45,137
1743497896.525656,37,91,161
1743497896.560656,51,-54,279
1743497896.596656,53,41,87
1743497896.632656,13,-26,17
1743497896.667656,25,-34,33
1743497896.703656,5,-90,113
1743497896.738656,-8,35,127
1743497896.773656,-112,17,209
1743497896.808656,-40,69,97
1743497896.844656,95,13,99
1743497896.880656,47,35,171
1743497896.915656,-28,-6,133
1743497896.951656,71,-8,71
1743497896.986656,-2,-72,63
1743497897.021656,-8,-2,165
1743497897.056656,-54,-32,95
1743497897.092656,79,-52,179
1743497897.128656,21,25,199
1743497897.163656,-52,15,7
1743497897.199656,19,39,155
1743497897.234656,0,-66,29
1743497897.269656,21,17,65
1743497897.304656,-60,41,259
1743497897.340656,-88,75,197
1743497897.376656,-58,3,-22
1743497897.411656,-22,-25,117
1743497897.4476562,41,52,129
1743497897.482656,-2,20,77
1743497897.517656,17,12,25
1743497897.552656,-24,-3,139
1743497897.588656,-44,-49,119
1743497897.624656,83,-24,119
1743497897.659656,77,35,123
1743497897.695656,-44,-22,153
1743497897.730656,-44,55,81
1743497897.765656,-64,-14,191
1743497897.800656,-6,45,213
1743497897.836656,19,83,149
1743497897.872656,67,-36,295
1743497897.907656,83,45,177
1743497897.943656,95,-16,59
1743497897.978656,47,-44,83
1743497898.013656,-38,-16,235
1743497898.048656,-2,49,119
1743497898.084656,23,15,113
1743497898.120656,67,-102,85
1743497898.155656,87,3,123
1743497898.191656,-74,39,63
1743497898.226656,-42,37,55
1743497898.261656,-10,35,139
1743497898.296656,1,43,165
1743497898.332656,-56,-48,139
1743497898.3686562,49,17,241
1743497898.403656,45,-38,157
1743497898.439656,81,11,107
1743497898.474656,81,-6,55
1743497898.509656,-16,21,149
1743497898.544656,-38,-24,107
1743497898.580656,41,-54,71
1743497898.616656,-32,-2,213
1743497898.6516562,-34,-6,69
1743497898.6876562,-28,0,53
1743497898.722656,15,-54,103
1743497898.757656,15,-82,143
1743497898.792656,-68,-32,47
1743497898.828656,-32,65,55
1743497898.864656,23,9,81
1743497898.899656,1,-18,55
1743497898.935656,-44,0,125
1743497898.9706562,7,3,147
1743497899.005656,-60,26,127
1743497899.040656,-52,-7,103
1743497899.076656,19,-36,229
1743497899.112656,27,-2,141
1743497899.147656,1,67,165
1743497899.183656,-26,88,3
1743497899.218656,-50,48,75
1743497899.253656,5,-81,181
1743497899.288656,-22,-33,79
1743497899.324656,99,52,103
1743497899.360656,0,2,155
1743497899.395656,-8,90,113
1743497899.431656,1,28,145
1743497899.466656,47,-5,179
1743497899.501656,-26,-85,131
1743497899.536656,-86,40,161
1743497899.5726562,-68,-9,159
1743497899.6086562,95,16,-34
1743497899.643656,129,32,147
1743497899.679656,11,-3,99
1743497899.714656,13,60,63
1743497899.749656,-49,-8,177
1743497899.784656,-67,29,213
1743497899.820656,5,49,115
1743497899.856656,-14,-14,201
1743497899.8916562,29,13,109
1743497899.927656,5,31,131
1743497899.962656,11,-6,63
1743497899.997656,-74,-10,181
1743497900.032656,63,-12,173
1743497900.068656,41,-57,125
1743497900.104656,73,56,129
1743497900.139656,19,72,85
1743497900.175656,61,20,-8
1743497900.2106562,15,36,89
1743497900.245656,1,-57,113
1743497900.280656,9,-21,111
1743497900.316656,-26,-23,63
1743497900.352656,33,-27,173
1743497900.387656,59,48,191
1743497900.423656,-50,-19,53
1743497900.458656,5,-47,47
1743497900.4936562,-14,-45,147
1743497900.528656,15,8,157
1743497900.564656,34,-20,93
1743497900.600656,21,17,127
1743497900.635656,62,-38,137
1743497900.671656,2,-24,141
1743497900.706656,9,-1,207
1743497900.741656,-16,-29,241
1743497900.7766562,-31,44,41
1743497900.8126562,60,-57,107
1743497900.848656,6,-49,87
1743497900.883656,4,-5,149
1743497900.919656,-11,-28,187
1743497900.954656,-23,0,123
1743497900.989656,-21,-72,159
1743497901.024656,-5,67,107
1743497901.060656,26,27,179
1743497901.096656,88,5,133
1743497901.1316562,-45,43,281
1743497901.167656,44,65,31
1743497901.202656,98,67,189
1743497901.237656,-5,0,215
1743497901.272656,-34,-34,147
1743497901.308656,-54,45,199
1743497901.344656,-52,3,113
1743497901.379656,-10,-44,103
1743497901.415656,17,-26,321
1743497901.450656,9,-30,89
1743497901.485656,7,-28,91
1743497901.520656,-40,17,131
1743497901.556656,27,3,111
1743497901.592656,97,-30,189
1743497901.627656,37,-4,59
1743497901.663656,-76,35,47
1743497901.698656,-20,-28,131
1743497901.7336562,-40,15,105
1743497901.768656,41,0,139
1743497901.804656,47,-14,271
1743497901.840656,-48,25,105
1743497901.875656,-84,59,91
1743497901.911656,-16,-14,169
1743497901.946656,21,11,171
1743497901.981656,11,-8,161
1743497902.017656,54,-12,87
1743497902.052656,33,51,109
1743497902.088656,-18,-18,123
1743497902.123656,35,-18,137
1743497902.159656,-14,-56,173
1743497902.194656,57,-26,111
1743497902.229656,-12,-18,87
1743497902.265656,-58,45,189
1743497902.300656,19,39,173
1743497902.336656,3,-8,171
1743497902.371656,-42,-22,113
1743497902.407656,132,27,235
1743497902.442656,52,-66,69
1743497902.477656,34,79,137
1743497902.513656,63,17,57
1743497902.548656,3,27,133
1743497902.584656,11,33,225
1743497902.619656,3,-4,191
1743497902.655656,3,-42,169
1743497902.690656,-38,-30,105
1743497902.725656,-26,-98,183
1743497902.761656,-10,-48,157
1743497902.796656,-2,-28,87
1743497902.832656,-4,11,207
1743497902.867656,1,-52,149
1743497902.903656,-20,83,145
1743497902.938656,48,17,145
1743497902.973656,16,-2,129
1743497903.009656,-64,63,199
1743497903.044656,-18,-54,105
1743497903.080656,-66,39,107
1743497903.115656,-34,13,151
1743497903.1516562,-36,25,73
1743497903.186656,-8,38,197
1743497903.221656,-78,-45,161
1743497903.257656,-54,10,223
1743497903.292656,-44,-67,195
1743497903.328656,13,104,55
1743497903.363656,-2,110,147
1743497903.399656,27,-7,131
1743497903.434656,-24,38,111
1743497903.469656,-76,-9,145
1743497903.505656,-64,54,73
1743497903.540656,23,6,119
1743497903.576656,85,40,43
1743497903.611656,7,-21,231
1743497903.647656,-29,-5,163
1743497903.682656,0,36,105
1743497903.717656,-51,-7,99
1743497903.753656,-54,-57,149
1743497903.788656,89,-21,25
1743497903.824656,-66,-75,65
1743497903.859656,65,70,105
1743497903.9016562,-25,-5,131
1743497903.9376562,8,56,185
1743497903.973656,-20,24,165
1743497904.009656,44,56,193
1743497904.044656,-10,-19,37
1743497904.080656,19,-7,141
1743497904.115656,-113,-11,313
1743497904.1516562,37,124,141
1743497904.186656,29,8,61
1743497904.221656,-10,6,130
1743497904.257656,5,-7,112
1743497904.292656,45,-23,134
1743497904.328656,11,-31,146
1743497904.363656,26,-45,184
1743497904.399656,-1,24,122
1743497904.434656,-45,-25,62
1743497904.469656,10,-33,84
1743497904.505656,30,-75,80
1743497904.540656,44,-45,224
1743497904.576656,-27,-50,158
1743497904.611656,94,-35,128
1743497904.647656,-113,-37,-27
1743497904.682656,76,-12,148
1743497904.717656,50,-6,210
1743497904.753656,42,25,102
1743497904.788656,-33,-16,262
1743497904.824656,80,53,192
1743497904.859656,16,107,50
1743497904.895656,-49,-25,70
1743497904.930656,25,12,154
1743497904.965656,-37,8,160
1743497905.001656,32,-46,162
1743497905.036656,51,-59,238
1743497905.0726562,56,15,152
1743497905.107656,-2,70,170
1743497905.143656,-36,-35,146
1743497905.178656,-82,-27,96
1743497905.213656,-12,22,162
1743497905.249656,18,-19,226
1743497905.284656,82,48,164
1743497905.320656,22,-13,62
1743497905.355656,-17,118,134
1743497905.3916562,-33,114,176
1743497905.427656,-61,-13,102
1743497905.463656,24,46,146
1743497905.499656,-19,74,132
1743497905.535656,-27,52,188
1743497905.570656,26,94,172
1743497905.605656,-10,-69,196
1743497905.6416562,31,-23,98
1743497905.676656,20,-30,216
1743497905.712656,-69,9,98
1743497905.747656,44,19,142
1743497905.782656,-75,-10,180
1743497905.817656,-2,-3,124
1743497905.853656,-49,-70,124
1743497905.889656,90,5,170
1743497905.9246562,-37,15,110
1743497905.9606562,-33,43,82
1743497905.995656,19,26,132
1743497906.030656,4,77,276
1743497906.065656,-41,17,126
1743497906.101656,82,-26,222
1743497906.137656,14,43,36
1743497906.172656,68,27,154
1743497906.208656,40,-30,256
1743497906.2436562,-43,57,160
1743497906.278656,104,-90,98
1743497906.313656,-60,-3,92
1743497906.349656,44,-79,158
1743497906.385656,44,15,70
1743497906.420656,44,39,102
1743497906.456656,-9,31,138
1743497906.491656,-13,59,58
1743497906.5266562,28,43,158
1743497906.561656,24,-2,-13
1743497906.597656,25,8,224
1743497906.633656,13,-5,32
1743497906.668656,7,-117,232
1743497906.704656,18,12,308
1743497906.739656,-37,-15,188
1743497906.774656,24,-59,116
1743497906.809656,-21,-5,114
1743497906.8456562,24,28,134
1743497906.8816562,50,-41,82
1743497906.916656,-25,70,252
1743497906.952656,-49,18,110
1743497906.987656,26,-45,126
1743497907.022656,4,6,96
1743497907.057656,-17,-7,154
1743497907.093656,56,-51,-25
1743497907.129656,19,12,64
1743497907.1646562,14,31,122
1743497907.200656,-29,-12,21
1743497907.235656,15,34,53
1743497907.270656,23,10,137
1743497907.305656,3,64,224
1743497907.341656,-44,22,70
1743497907.377656,-16,-13,-9
1743497907.412656,57,4,76
1743497907.448656,-30,16,60
1743497907.4836562,19,8,-53
1743497907.518656,33,34,153
1743497907.553656,17,27,110
1743497907.589656,31,56,82
1743497907.625656,1,75,212
1743497907.660656,-82,37,112
1743497907.696656,135,60,88
1743497907.731656,-16,-1,216
1743497907.7666562,-44,-21,52
1743497907.801656,11,-5,168
1743497907.837656,7,-14,124
1743497907.873656,41,-10,76
1743497907.908656,35,34,118
1743497907.944656,-36,-25,126
1743497907.979656,-54,-19,140
1743497908.014656,-44,-29,228
1743497908.0496562,35,35,252
1743497908.0856562,81,49,254
1743497908.121656,51,45,78
1743497908.156656,25,11,274
1743497908.192656,45,19,218
1743497908.227656,15,-42,40
1743497908.262656,-42,35,236
1743497908.297656,49,57,158
1743497908.333656,79,-14,76
1743497908.369656,49,51,70
1743497908.4046562,77,19,34
1743497908.440656,-4,29,34
1743497908.475656,-12,41,190
1743497908.510656,63,-120,184
1743497908.545656,29,15,-11
1743497908.581656,25,-48,148
1743497908.617656,25,-14,170
1743497908.652656,15,61,190
1743497908.688656,-50,71,184
1743497908.723656,7,-88,122
1743497908.758656,-20,119,158
1743497908.793656,59,3,146
1743497908.829656,7,53,168
1743497908.865656,-24,29,216
1743497908.900656,-14,-22,228
1743497908.936656,-46,-8,208
1743497908.971656,69,5,182
1743497909.0066562,39,-32,102
1743497909.041656,5,0,122
1743497909.077656,49,19,206
1743497909.113656,5,-12,162
1743497909.148656,-52,-24,112
1743497909.184656,9,21,50
1743497909.219656,-34,-100,154
1743497909.254656,25,-6,104
1743497909.2896562,99,-20,202
1743497909.325656,-42,-8,12
1743497909.361656,-12,-64,236
1743497909.396656,-60,47,164
1743497909.432656,63,-12,176
1743497909.467656,43,-38,142
1743497909.502656,11,-58,24
1743497909.537656,-66,31,142
1743497909.573656,5,29,160
1743497909.609656,-22,19,198
1743497909.644656,89,-8,74
1743497909.680656,39,-16,186
1743497909.715656,-40,-20,120
1743497909.750656,-20,17,118
1743497909.785656,-42,-8,170
1743497909.821656,-26,15,-5
1743497909.857656,71,47,204
1743497909.892656,-40,25,248
1743497909.928656,57,81,214
1743497909.963656,-26,5,214
1743497909.998656,83,-6,96
1743497910.033656,-10,-37,146
1743497910.069656,35,-62,136
1743497910.105656,15,-56,200
1743497910.140656,25,49,123
1743497910.176656,0,25,77
1743497910.211656,47,-30,169
1743497910.246656,17,21,129
1743497910.281656,135,-52,251
1743497910.317656,-40,-56,107
1743497910.353656,3,-16,179
1743497910.388656,-56,7,145
1743497910.4246562,-30,23,17
1743497910.459656,-110,35,165
1743497910.494656,93,43,83
1743497910.5296562,-26,-41,181
1743497910.565656,-28,-20,149
1743497910.601656,59,29,211
1743497910.636656,-16,-34,173
1743497910.672656,29,-50,155
1743497910.707656,-14,14,57
1743497910.742656,17,37,175
1743497910.777656,59,-4,119
1743497910.813656,45,11,57
1743497910.849656,-50,-40,237
1743497910.884656,5,23,161
1743497910.920656,-32,-34,53
1743497910.955656,-42,27,75
1743497910.990656,49,-4,243
1743497911.025656,-8,45,121
1743497911.061656,-70,66,49
1743497911.097656,-12,13,23
1743497911.132656,-26,-6,255
1743497911.168656,45,11,115
1743497911.203656,-26,43,219
1743497911.238656,57,-44,45
1743497911.273656,-14,-8,37
1743497911.309656,-56,61,153
1743497911.3456562,1,-8,77
1743497911.380656,55,43,243
1743497911.416656,-74,55,135
1743497911.451656,-46,11,117
1743497911.486656,83,67,103
1743497911.521656,9,9,97
1743497911.557656,-66,-78,103
1743497911.593656,-8,29,99
1743497911.628656,3,-26,145
1743497911.6646562,37,41,177
1743497911.699656,35,-36,173
1743497911.734656,-60,-102,91
1743497911.770656,35,-10,145
1743497911.805656,-68,-26,137
1743497911.841656,-84,27,57
1743497911.876656,35,-72,171
1743497911.912656,-156,-22,97
1743497911.9476562,-64,-2,159
1743497911.982656,-74,-34,155
1743497912.018656,-16,33,83
1743497912.053656,83,-26,43
1743497912.089656,-30,-54,219
1743497912.124656,57,-4,177
1743497912.160656,83,35,59
1743497912.195656,-30,25,205
1743497912.230656,-10,135,133
1743497912.2666562,-14,27,115
1743497912.301656,35,-24,127
1743497912.337656,21,29,71
1743497912.372656,57,17,77
1743497912.408656,-38,-56,141
1743497912.443656,-14,-82,137
1743497912.478656,33,3,203
1743497912.514656,-8,37,95
1743497912.5496562,-14,-14,7
1743497912.5856562,23,45,245
1743497912.620656,-74,-64,39
1743497912.656656,-66,-52,89
1743497912.691656,23,-18,131
1743497912.726656,33,0,107
1743497912.762656,55,-18,-12
1743497912.797656,65,-8,101
1743497912.833656,73,-4,211
1743497912.8686562,57,-4,173
1743497912.9046562,-40,25,207
1743497912.939656,-28,-72,151
1743497912.974656,27,57,85
1743497913.010656,17,-82,177
1743497913.045656,7,65,215
1743497913.081656,-58,-10,121
1743497913.116656,15,25,117
1743497913.152656,19,-20,259
1743497913.1876562,23,67,139
1743497913.222656,-48,-60,211
1743497913.258656,-66,-88,119
1743497913.293656,45,-8,135
1743497913.329656,-22,-64,143
1743497913.364656,75,-84,79
1743497913.400656,81,41,99
1743497913.435656,-74,-50,131
1743497913.4706562,-44,-14,57
1743497913.5066562,1,41,267
1743497913.541656,9,-42,45
1743497913.577656,67,3,195
1743497913.612656,23,87,215
1743497913.648656,67,39,141
1743497913.683656,-96,15,181
1743497913.718656,31,53,89
1743497913.754656,49,15,109
1743497913.7896562,23,-2,179
1743497913.825656,-18,25,31
1743497913.860656,65,35,55
1743497913.902656,-20,49,79
1743497913.938656,-34,21,133
1743497913.974656,93,-94,61
1743497914.010656,55,-16,91
1743497914.045656,-2,32,133
1743497914.081656,57,-83,205
1743497914.116656,33,-23,295
1743497914.152656,37,4,43
1743497914.1876562,5,-39,-24
1743497914.222656,-70,56,195
1743497914.258656,11,-13,147
1743497914.293656,-32,50,125
1743497914.329656,-14,-82,151
1743497914.364656,-68,-80,181
1743497914.400656,15,17,47
1743497914.435656,-74,-50,253
1743497914.4706562,-54,-126,105
1743497914.5066562,101,7,129
1743497914.541656,9,43,157
1743497914.577656,45,-42,71
1743497914.612656,85,-80,61
1743497914.648656,14,45,235
1743497914.683656,22,0,197
1743497914.718656,95,-19,117
1743497914.754656,-36,52,101
1743497914.7896562,63,26,21
1743497914.825656,-20,56,213
1743497914.860656,-36,6,213
1743497914.896656,19,-19,23
1743497914.932656,59,28,191
1743497914.968656,-28,58,141
1743497915.004656,1,-49,177
1743497915.040656,0,-5,155
1743497915.076656,39,28,91
1743497915.112656,105,-33,163
1743497915.148656,21,-17,173
1743497915.184656,33,6,9
1743497915.2206562,-34,84,-14
1743497915.255656,-28,36,217
1743497915.290656,-46,4,225
1743497915.326656,-24,22,167
1743497915.362656,1,-63,7
1743497915.397656,-26,-39,119
1743497915.433656,-108,-39,27
1743497915.468656,5,72,167
1743497915.503656,-40,10,25
1743497915.538656,-14,6,169
1743497915.574656,-24,26,101
1743497915.610656,-20,48,37
1743497915.645656,11,84,163
1743497915.681656,23,40,85
1743497915.716656,-34,18,169
1743497915.751656,-4,22,59
1743497915.786656,-18,4,103
1743497915.8226562,9,-3,135
1743497915.8586562,-72,8,133
1743497915.893656,17,-51,129
1743497915.929656,59,-23,121
1743497915.964656,55,8,215
1743497915.999656,31,64,61
1743497916.034656,-80,22,167
1743497916.070656,77,30,59
1743497916.106656,5,-29,167
1743497916.1416562,121,-9,107
1743497916.177656,13,8,129
1743497916.212656,-18,-29,235
1743497916.247656,-62,26,145
1743497916.282656,-36,54,127
1743497916.318656,0,34,29
1743497916.354656,-56,-97,211
1743497916.389656,5,-11,157
1743497916.425656,-92,-19,119
1743497916.4606562,-8,-25,199
1743497916.495656,-4,26,89
1743497916.530656,-10,-21,105
1743497916.566656,-26,-29,231
1743497916.602656,81,24,41
1743497916.637656,-22,-29,229
1743497916.673656,7,24,109
1743497916.708656,-64,-3,47
1743497916.7436562,5,-15,45
1743497916.778656,-42,-5,157
1743497916.814656,79,-19,177
1743497916.850656,11,2,183
1743497916.885656,47,-5,143
1743497916.921656,11,-37,215
1743497916.956656,83,30,191
1743497916.991656,23,-35,-4
1743497917.0266562,29,22,249
1743497917.0626562,63,-9,215
1743497917.098656,-10,76,135
1743497917.133656,53,-53,147
1743497917.169656,7,-35,193
1743497917.204656,-18,26,-8
1743497917.239656,-24,-39,127
1743497917.274656,-18,-5,83
1743497917.310656,-54,-23,181
1743497917.346656,-4,-29,163
1743497917.3816562,-4,14,21
1743497917.417656,-24,-11,147
1743497917.452656,1,-9,91
1743497917.487656,7,-25,179
1743497917.522656,-42,-17,77
1743497917.558656,65,28,-20
1743497917.594656,55,58,147
1743497917.629656,19,10,53
1743497917.665656,29,-13,93
1743497917.700656,-44,24,151
1743497917.735656,49,18,193
1743497917.770656,-30,-7,85
1743497917.806656,-34,-23,149
1743497917.842656,0,4,51
1743497917.877656,-72,-51,175
1743497917.913656,-14,62,161
1743497917.948656,-24,-19,57
1743497917.9836562,-114,-3,71
1743497918.018656,3,-33,-14
1743497918.054656,47,-27,133
1743497918.090656,27,-93,49
1743497918.125656,105,0,145
1743497918.161656,36,-5,79
1743497918.196656,20,70,197
1743497918.231656,-30,12,79
1743497918.2666562,19,16,51
1743497918.302656,-7,-39,99
1743497918.338656,28,-27,103
1743497918.373656,-26,14,121
1743497918.409656,-65,-53,187
1743497918.444656,-36,38,151
1743497918.479656,-2,-7,105
1743497918.514656,63,-13,61
1743497918.550656,35,76,107
1743497918.586656,23,-1,169
1743497918.621656,31,-9,71
1743497918.657656,-6,-37,137
1743497918.692656,19,66,101
1743497918.727656,-62,-23,139
1743497918.762656,25,-7,3
1743497918.798656,51,54,223
1743497918.834656,-6,-51,149
1743497918.869656,53,2,137
1743497918.905656,-54,58,157
1743497918.940656,-6,-47,205
1743497918.975656,7,32,153
1743497919.010656,-70,24,92
1743497919.046656,-54,18,62
1743497919.082656,57,-9,106
1743497919.117656,61,-47,62
1743497919.153656,-82,84,152
1743497919.188656,-6,-51,202
1743497919.223656,11,40,64
1743497919.258656,-70,-47,120
1743497919.294656,-2,-81,110
1743497919.330656,9,64,68
1743497919.365656,-36,74,140
1743497919.4016562,1,-39,162
1743497919.436656,31,38,114
1743497919.471656,-64,74,218
1743497919.5066562,43,-11,80
1743497919.542656,-64,54,160
1743497919.578656,15,-37,212
1743497919.613656,31,22,110
1743497919.649656,-2,28,166
1743497919.684656,3,-69,188
1743497919.719656,13,18,102
1743497919.754656,43,0,130
1743497919.790656,-16,-3,138
1743497919.826656,87,-89,198
1743497919.861656,27,4,196
1743497919.897656,-36,-49,180
1743497919.932656,-18,12,190
1743497919.967656,25,-13,124
1743497920.002656,17,-3,102
1743497920.038656,-16,62,54
1743497920.074656,113,-1,182
1743497920.109656,19,66,76
1743497920.145656,1,40,146
1743497920.180656,-56,10,214
1743497920.215656,-26,-5,46
1743497920.250656,13,-23,144
1743497920.286656,17,10,138
1743497920.3226562,-14,40,114
1743497920.357656,43,-49,178
1743497920.393656,-26,106,74
1743497920.428656,0,-23,248
1743497920.463656,5,42,128
1743497920.498656,-52,-27,150
1743497920.534656,-22,-5,162
1743497920.570656,-122,42,54
1743497920.605656,5,36,140
1743497920.6416562,-4,32,36
1743497920.676656,20,-11,142
1743497920.711656,42,-1,144
1743497920.746656,-39,-13,92
1743497920.782656,28,30,190
1743497920.818656,-83,-57,146
1743497920.853656,14,26,234
1743497920.889656,34,-37,180
1743497920.9246562,26,-27,244
1743497920.959656,-107,-21,266
1743497920.994656,52,22,114
1743497921.030656,-20,18,226
1743497921.066656,27,12,122
1743497921.101656,65,22,210
1743497921.137656,81,-7,-1
1743497921.172656,0,20,260
1743497921.207656,7,4,64
1743497921.2436562,-22,-37,128
1743497921.278656,-40,-13,130
1743497921.314656,-54,2,-23
1743497921.349656,-26,-1,28
1743497921.385656,-54,-3,182
1743497921.420656,3,12,158
1743497921.455656,13,-31,110
1743497921.491656,-44,-17,134
1743497921.5266562,-32,-39,266
1743497921.5626562,-36,-51,140
1743497921.597656,-36,-77,154
1743497921.633656,11,-17,182
1743497921.668656,-60,-61,112
1743497921.703656,47,30,90
1743497921.739656,-16,-23,202
1743497921.774656,-62,-55,196
1743497921.810656,-20,112,280
1743497921.8456562,-52,-39,154
1743497921.8816562,-8,-5,194
1743497921.916656,-68,52,156
1743497921.951656,0,2,152
1743497921.987656,71,-25,54
1743497922.022656,25,-93,234
1743497922.058656,23,-21,96
1743497922.093656,67,-75,154
1743497922.129656,15,10,52
1743497922.1646562,-88,-11,6
1743497922.199656,73,-13,182
1743497922.235656,-2,36,177
1743497922.270656,-18,8,259
1743497922.306656,-108,20,67
1743497922.341656,-28,12,91
1743497922.377656,-24,-28,207
1743497922.412656,89,52,183
1743497922.4476562,99,16,125
1743497922.4836562,-72,18,103
1743497922.518656,-4,-37,-20
1743497922.554656,-56,10,121
1743497922.589656,-66,-39,151
1743497922.625656,-40,-11,241
1743497922.660656,63,-2,167
1743497922.695656,15,-69,233
1743497922.731656,-20,-5,165
1743497922.7666562,29,-61,77
1743497922.802656,-2,32,213
1743497922.837656,-4,10,133
1743497922.873656,45,18,175
1743497922.908656,21,-5,127
1743497922.943656,1,-25,99
1743497922.979656,25,74,191
1743497923.014656,11,-21,131
1743497923.050656,55,62,171
1743497923.0856562,-22,-27,229
1743497923.121656,13,-56,143
1743497923.156656,-38,12,183
1743497923.191656,-8,-5,207
1743497923.227656,-66,-39,233
1743497923.262656,-26,4,105
1743497923.298656,57,-9,127
1743497923.333656,-48,-9,205
1743497923.369656,-20,8,67
1743497923.4046562,-32,30,137
1743497923.439656,75,-13,203
1743497923.475656,43,-18,61
1743497923.510656,43,-69,81
1743497923.546656,-4,25,21
1743497923.581656,-20,-33,215
1743497923.617656,39,10,167
1743497923.652656,-42,-76,139
1743497923.6876562,3,-12,115
1743497923.723656,57,-50,133
1743497923.758656,-36,-51,219
1743497923.794656,13,-3,93
1743497923.829656,57,-24,197
1743497923.864656,43,-14,65
1743497923.907656,-64,11,19
1743497923.943656,15,-3,123
1743497923.979656,41,2,103
1743497924.014656,27,-12,95
1743497924.050656,13,87,143
1743497924.0856562,-40,15,217
1743497924.121656,-2,-20,123
1743497924.156656,-18,-16,137
1743497924.191656,-34,-14,95
1743497924.227656,47,-48,105
1743497924.262656,-6,-4,205
1743497924.298656,-24,21,103
1743497924.333656,13,-8,47
1743497924.369656,31,-80,117
1743497924.4046562,73,-6,211
1743497924.439656,23,13,111
1743497924.475656,15,-66,141
1743497924.510656,141,3,141
1743497924.546656,-52,8,171
1743497924.581656,-52,8,109
1743497924.617656,1,-76,211
1743497924.653656,-48,-48,141
1743497924.689656,39,-14,213
1743497924.725656,-20,63,139
1743497924.761656,1,-54,89
1743497924.797656,15,17,161
1743497924.832656,35,59,93
1743497924.867656,49,1,155
1743497924.903656,39,-14,73
1743497924.939656,45,-58,69
1743497924.974656,49,55,49
1743497925.010656,33,15,131
1743497925.045656,-8,-76,19
1743497925.080656,29,92,76
1743497925.115656,23,38,142
1743497925.1516562,-64,36,160
1743497925.1876562,-82,54,62
1743497925.222656,-64,20,154
1743497925.258656,-110,-69,104
1743497925.293656,9,-48,134
1743497925.328656,11,-26,210
1743497925.363656,25,39,70
1743497925.399656,-2,13,150
1743497925.435656,-88,71,150
1743497925.4706562,-2,-18,188
1743497925.5066562,-4,-8,94
1743497925.541656,-20,57,102
1743497925.576656,-8,-23,80
1743497925.611656,37,80,130
1743497925.647656,7,-52,40
1743497925.683656,-12,15,112
1743497925.718656,1,-32,100
1743497925.754656,9,5,168
1743497925.7896562,-20,-76,174
1743497925.824656,41,0,184
1743497925.859656,97,37,134
1743497925.895656,-52,-84,162
1743497925.931656,-16,-18,96
1743497925.966656,-66,-32,94
1743497926.002656,-22,21,136
1743497926.037656,-68,-46,224
1743497926.0726562,105,-24,120
1743497926.107656,1,73,176
1743497926.143656,19,3,176
1743497926.179656,-12,7,56
1743497926.214656,9,83,106
1743497926.250656,-4,-76,46
1743497926.285656,-6,51,12
1743497926.320656,-6,-12,94
1743497926.355656,45,59,160
1743497926.3916562,103,25,128
1743497926.427656,25,-10,58
1743497926.462656,31,39,104
1743497926.498656,1,119,118
1743497926.533656,27,77,210
1743497926.568656,43,-26,152
1743497926.603656,35,-26,176
1743497926.639656,1,-8,64
1743497926.675656,-44,37,144
1743497926.7106562,-58,-24,166
1743497926.746656,-56,-38,40
1743497926.781656,-16,-20,188
1743497926.816656,43,49,96
1743497926.851656,97,49,106
1743497926.887656,-28,-10,190
1743497926.923656,5,39,138
1743497926.958656,-32,9,170
1743497926.994656,15,29,210
1743497927.0296562,-28,47,182
1743497927.064656,-4,-46,54
1743497927.099656,39,19,88
1743497927.135656,-18,-34,90
1743497927.171656,-22,7,2
1743497927.206656,59,-74,256
1743497927.242656,-16,33,164
1743497927.277656,-8,-36,116
1743497927.3126562,29,-6,106
1743497927.347656,57,37,198
1743497927.383656,-54,49,70
1743497927.419656,5,31,122
1743497927.454656,61,7,112
1743497927.490656,-8,45,82
1743497927.525656,51,-12,130
1743497927.560656,15,27,106
1743497927.5956562,15,0,152
1743497927.6316562,-48,17,138
1743497927.667656,49,-48,138
1743497927.702656,-10,53,136
1743497927.738656,-30,-40,162
1743497927.773656,-28,51,236
1743497927.808656,-42,35,100
1743497927.843656,-4,7,118
1743497927.879656,19,0,50
1743497927.915656,25,11,142
1743497927.950656,57,67,188
1743497927.986656,-26,-4,94
1743497928.021656,37,-2,30
1743497928.056656,109,-38,10
1743497928.091656,47,-10,106
1743497928.127656,19,-58,110
1743497928.163656,3,5,20
1743497928.198656,-56,13,102
1743497928.234656,103,74,148
1743497928.269656,61,-12,130
1743497928.304656,17,17,106
1743497928.339656,-102,11,156
1743497928.375656,35,-18,120
1743497928.411656,-22,35,-7
1743497928.446656,-4,9,210
1743497928.482656,37,2,188
1743497928.517656,-8,-84,90
1743497928.552656,-20,55,114
1743497928.587656,-84,-26,168
1743497928.623656,-14,-10,62
1743497928.659656,31,37,134
1743497928.694656,7,75,140
1743497928.730656,17,-16,136
1743497928.765656,-16,-14,116
1743497928.800656,13,3,92
1743497928.8356562,-18,17,126
1743497928.871656,5,-102,214
1743497928.907656,37,35,90
1743497928.942656,21,73,52
1743497928.978656,-8,-38,62
1743497929.013656,1,-32,150
1743497929.048656,-50,-30,168
1743497929.083656,1,81,166
1743497929.119656,1,10,98
1743497929.155656,17,60,188
1743497929.190656,33,-15,90
1743497929.226656,13,-33,184
1743497929.261656,0,-27,224
1743497929.296656,29,-7,86
1743497929.331656,-16,-15,134
1743497929.367656,13,-9,158
1743497929.403656,15,2,208
1743497929.438656,-12,82,98
1743497929.474656,29,12,178
1743497929.509656,-22,-1,112
1743497929.544656,1,82,178
1743497929.579656,-44,-33,42
1743497929.615656,29,-17,228
1743497929.6516562,-54,-13,212
1743497929.686656,9,62,100
1743497929.722656,-4,12,184
1743497929.757656,31,40,-43
1743497929.792656,-18,-9,56
1743497929.827656,-52,44,190
1743497929.863656,11,-35,68
1743497929.899656,-64,-71,48
1743497929.934656,-22,-41,200
1743497929.9706562,29,44,214
1743497930.005656,-2,16,60
1743497930.040656,-64,-89,108
1743497930.075656,25,30,206
1743497930.111656,-40,-21,148
1743497930.147656,0,82,140
1743497930.182656,33,6,-45
1743497930.218656,-74,14,198
1743497930.253656,11,-63,134
1743497930.288656,-62,-21,30
1743497930.323656,-98,36,56
1743497930.359656,-10,50,162
1743497930.395656,57,-109,80
1743497930.430656,41,-51,124
1743497930.466656,13,6,166
1743497930.501656,-126,-45,176
1743497930.536656,-18,26,52
1743497930.571656,-28,-61,48
1743497930.607656,-16,16,218
1743497930.643656,-44,54,178
1743497930.678656,-122,-37,70
1743497930.714656,0,16,30
1743497930.749656,-20,22,114
1743497930.784656,-56,36,96
1743497930.820656,57,60,106
1743497930.855656,-6,4,206
1743497930.8916562,-18,76,192
1743497930.926656,-90,64,76
1743497930.962656,-54,-3,84
1743497930.997656,31,-47,210
1743497931.032656,5,4,22
1743497931.068656,23,0,210
1743497931.103656,5,-11,226
1743497931.139656,13,-47,180
1743497931.1746562,5,-59,96
1743497931.2106562,13,-17,114
1743497931.245656,17,-29,28
1743497931.280656,-24,58,176
1743497931.316656,31,8,132
1743497931.351656,-72,-93,90
1743497931.387656,-22,-48,70
1743497931.422656,53,8,74
1743497931.458656,-26,106,90
1743497931.4936562,41,-49,148
1743497931.528656,55,-73,130
1743497931.564656,-6,2,112
1743497931.599656,29,26,110
1743497931.635656,29,10,120
1743497931.670656,111,-22,146
1743497931.706656,-48,-20,216
1743497931.741656,99,-40,124
1743497931.7766562,-8,39,84
1743497931.8126562,-2,51,50
1743497931.847656,-68,-10,126
1743497931.883656,-2,21,132
1743497931.918656,-48,-28,196
1743497931.954656,5,-44,220
1743497931.989656,-42,-40,170
1743497932.024656,-44,23,132
1743497932.060656,-8,9,128
1743497932.0956562,79,69,214
1743497932.1316562,-22,-22,84
1743497932.166656,47,55,84
1743497932.202656,137,-28,50
1743497932.237656,-28,89,174
1743497932.272656,-60,-10,188
1743497932.308656,11,35,160
1743497932.343656,-8,-14,146
1743497932.379656,79,-16,124
1743497932.4146562,25,-94,152
1743497932.450656,-2,3,196
1743497932.485656,59,-52,138
1743497932.520656,-110,15,200
1743497932.556656,21,27,162
1743497932.591656,-62,7,216
1743497932.627656,107,-22,225
1743497932.662656,-42,-44,111
1743497932.698656,49,-34,88
1743497932.7336562,5,0,198
1743497932.768656,-62,-12,248
1743497932.804656,-46,-45,80
1743497932.839656,5,-12,166
1743497932.875656,19,3,56
1743497932.910656,-76,-2,120
1743497932.946656,-108,17,248
1743497932.981656,33,31,207
1743497933.0166562,65,17,104
1743497933.052656,15,3,191
1743497933.087656,-18,-50,80
1743497933.123656,-52,-24,145
1743497933.158656,87,-16,51
1743497933.194656,-46,-47,57
1743497933.229656,9,22,59
1743497933.264656,-16,-7,151
1743497933.300656,-18,-29,181
1743497933.3356562,-14,38,59
1743497933.371656,-20,-71,135
1743497933.406656,-74,50,37
1743497933.442656,-16,58,113
1743497933.477656,-50,26,127
1743497933.512656,-54,-11,91
1743497933.548656,11,94,185
1743497933.583656,77,26,133
1743497933.619656,-64,-17,151
1743497933.6546562,33,82,123
1743497933.690656,-86,-53,213
1743497933.725656,105,-7,213
1743497933.760656,-40,59,31
1743497933.796656,-26,-19,157
1743497933.831656,-40,-27,125
1743497933.867656,-32,-39,31
1743497933.909656,-2,2,35
1743497933.946656,29,22,161
1743497933.981656,35,24,-12
1743497934.0166562,45,-1,51
1743497934.052656,-26,-9,191
1743497934.087656,41,-7,49
1743497934.123656,29,58,107
1743497934.158656,37,58,53
1743497934.194656,19,44,109
1743497934.230656,-64,-13,125
1743497934.2666562,49,58,155
1743497934.302656,31,27,89
1743497934.337656,-6,48,241
1743497934.372656,21,108,181
1743497934.408656,91,-11,89
1743497934.444656,5,-63,81
1743497934.479656,-34,-41,121
1743497934.515656,13,-61,129
1743497934.550656,-10,-3,149
1743497934.5856562,25,46,83
1743497934.620656,9,58,127
1743497934.656656,23,2,91
1743497934.692656,-34,18,155
1743497934.727656,33,8,103
1743497934.763656,-54,50,159
1743497934.798656,-6,14,113
1743497934.833656,-26,80,99
1743497934.8686562,15,-15,125
1743497934.9046562,19,2,155
1743497934.940656,-76,20,139
1743497934.975656,-50,40,145
1743497935.011656,-26,-43,211
1743497935.046656,-60,-7,167
1743497935.081656,-62,60,231
1743497935.116656,-4,28,119
1743497935.152656,-6,-17,121
1743497935.188656,37,-49,137
1743497935.223656,9,20,141
1743497935.259656,-2,-53,37
1743497935.294656,-20,20,189
1743497935.329656,19,-1,105
1743497935.364656,7,26,77
1743497935.400656,117,-70,75
1743497935.436656,19,-62,207
1743497935.471656,73,-54,27
1743497935.507656,-72,-22,73
1743497935.542656,-20,-70,133
1743497935.577656,5,43,195
1743497935.612656,-14,13,141
1743497935.648656,-44,13,185
1743497935.684656,7,17,215
1743497935.719656,21,13,99
1743497935.755656,47,17,163
1743497935.790656,-26,43,139
1743497935.825656,-62,-30,243
1743497935.860656,-26,-4,181
1743497935.896656,1,-12,33
1743497935.932656,-12,-32,223
1743497935.967656,35,63,35
1743497936.003656,-2,-16,133
1743497936.038656,-18,41,115
1743497936.073656,-24,1,179
1743497936.1086562,-40,39,101
1743497936.144656,-62,-66,219
1743497936.180656,9,38,187
1743497936.215656,13,1,285
1743497936.251656,15,21,65
1743497936.286656,1,-2,93
1743497936.321656,63,9,137
1743497936.356656,7,37,85
1743497936.392656,-24,101,233
1743497936.428656,105,37,61
1743497936.463656,-6,-57,193
1743497936.499656,-80,57,107
1743497936.534656,43,55,157
1743497936.569656,-18,-30,101
1743497936.604656,-28,-15,251
1743497936.640656,-60,19,173
1743497936.676656,-30,-72,210
1743497936.711656,-18,-58,52
1743497936.747656,107,11,92
1743497936.782656,41,-54,104
1743497936.817656,23,-12,214
1743497936.852656,-54,29,31
1743497936.888656,5,-26,109
1743497936.9246562,9,21,165
1743497936.959656,-18,5,205
1743497936.995656,-30,-18,97
1743497937.030656,31,19,126
1743497937.065656,-48,5,73
1743497937.100656,47,9,124
1743497937.136656,27,43,200
1743497937.172656,27,-68,76
1743497937.207656,17,31,94
1743497937.2436562,33,-54,122
1743497937.278656,-8,-12,78
1743497937.313656,-16,53,272
1743497937.348656,49,1,132
1743497937.384656,-66,-2,-11
1743497937.420656,-10,-11,60
1743497937.455656,19,-3,80
1743497937.491656,-30,-56,180
1743497937.5266562,-72,5,102
1743497937.561656,-40,6,80
1743497937.596656,9,-23,128
1743497937.632656,29,2,196
1743497937.668656,-4,-17,208
1743497937.703656,137,48,190
1743497937.739656,-4,-31,182
1743497937.774656,-24,4,180
1743497937.809656,17,-8,122
1743497937.844656,11,-16,128
1743497937.880656,-18,67,218
1743497937.916656,-8,-20,169
1743497937.951656,1,-17,112
1743497937.987656,-22,12,74
1743497938.022656,29,-31,50
1743497938.057656,25,16,200
1743497938.092656,3,14,78
1743497938.128656,-26,54,120
1743497938.1646562,-60,-45,54
1743497938.199656,53,-93,44
1743497938.235656,83,-11,126
1743497938.270656,-30,-11,70
1743497938.305656,-2,-53,122
1743497938.340656,107,-49,156
1743497938.376656,19,-17,144
1743497938.412656,-34,-1,190
1743497938.4476562,53,-29,148
1743497938.4836562,7,-49,118
1743497938.518656,7,-67,80
1743497938.553656,-10,-43,192
1743497938.588656,5,50,194
1743497938.624656,-14,-17,68
1743497938.660656,35,-21,92
1743497938.695656,-26,-19,230
1743497938.731656,7,-33,30
1743497938.7666562,57,-63,174
1743497938.801656,33,-93,130
1743497938.836656,-68,40,64
1743497938.872656,-102,18,76
1743497938.908656,37,2,92
1743497938.943656,89,-49,100
1743497938.979656,-66,34,104
1743497939.014656,-40,-41,116
1743497939.0496562,1,0,128
1743497939.084656,-28,4,174
1743497939.120656,37,-27,60
1743497939.156656,-30,-21,152
1743497939.191656,-30,72,8
1743497939.227656,-2,-11,46
1743497939.262656,-22,-15,222
1743497939.297656,81,-17,150
1743497939.332656,47,-15,98
1743497939.3686562,-32,-35,118
1743497939.4046562,-6,10,268
1743497939.439656,-64,-19,222
1743497939.475656,-50,-19,128
1743497939.510656,37,44,66
1743497939.545656,-38,-13,50
1743497939.580656,-65,14,86
1743497939.616656,17,10,184
1743497939.652656,-116,-11,134
1743497939.6876562,-4,11,204
1743497939.723656,-42,-34,216
1743497939.758656,-12,-29,316
1743497939.793656,-20,46,128
1743497939.828656,-54,28,34
1743497939.864656,-25,36,166
1743497939.900656,-37,2,178
1743497939.935656,-99,-19,32
1743497939.971656,4,22,28
1743497940.0066562,-57,-29,110
1743497940.041656,-25,-89,200
1743497940.076656,-17,10,148
1743497940.112656,8,0,-45
1743497940.148656,64,26,226
1743497940.183656,6,24,250
1743497940.219656,8,42,160
1743497940.254656,-33,-59,146
1743497940.2896562,-57,-27,92
1743497940.325656,-68,-1,122
1743497940.360656,-22,-67,196
1743497940.396656,-38,58,132
1743497940.431656,3,-47,168
1743497940.467656,53,-11,80
1743497940.502656,-2,-11,54
1743497940.537656,19,6,170
1743497940.573656,-11,26,152
1743497940.6086562,-31,-37,146
1743497940.644656,40,29,124
1743497940.679656,-63,-6,196
1743497940.715656,-33,23,184
1743497940.750656,20,20,166
1743497940.785656,52,94,194
1743497940.821656,-53,39,32
1743497940.856656,66,-60,20
1743497940.892656,42,-18,70
1743497940.927656,12,-32,64
1743497940.963656,30,-26,112
1743497940.998656,-39,12,234
1743497941.033656,18,-83,92
1743497941.069656,38,24,124
1743497941.104656,83,68,238
1743497941.140656,-40,38,82
1743497941.175656,-32,-27,138
1743497941.211656,-2,-27,146
1743497941.246656,-64,20,132
1743497941.281656,-58,-13,128
1743497941.317656,-50,-5,194
1743497941.352656,-1,56,142
1743497941.388656,8,20,130
1743497941.423656,-53,16,38
1743497941.459656,30,14,160
1743497941.494656,-37,-89,140
1743497941.5296562,2,8,52
1743497941.565656,8,-11,40
1743497941.600656,68,-5,142
1743497941.636656,-27,-9,102
1743497941.671656,34,4,162
1743497941.707656,-11,10,222
1743497941.742656,54,-49,166
1743497941.777656,-11,-17,226
1743497941.813656,-35,-9,160
1743497941.848656,-69,-17,166
1743497941.884656,2,-33,142
1743497941.919656,-23,-29,198
1743497941.955656,-29,16,154
1743497941.990656,28,-85,4
1743497942.025656,52,28,182
1743497942.061656,-13,14,178
1743497942.096656,30,-39,138
1743497942.132656,58,-19,100
1743497942.167656,-31,-23,42
1743497942.203656,4,-25,226
1743497942.238656,-139,30,140
1743497942.273656,46,-17,172
1743497942.309656,-49,70,140
1743497942.344656,10,20,280
1743497942.380656,-25,-9,130
1743497942.415656,-37,48,148
1743497942.451656,-15,38,72
1743497942.486656,-55,10,10
1743497942.521656,6,-47,110
1743497942.557656,30,-7,152
1743497942.592656,-35,16,38
1743497942.628656,-3,40,98
1743497942.663656,-69,-33,188
1743497942.699656,-44,-33,60
1743497942.734656,-60,26,110
1743497942.769656,32,-91,78
1743497942.805656,-25,-23,160
1743497942.840656,23,-69,92
1743497942.876656,70,10,60
1743497942.911656,54,-17,120
1743497942.9476562,17,34,198
1743497942.982656,41,-47,110
1743497943.017656,51,-7,50
1743497943.053656,-10,-5,226
1743497943.088656,-20,-21,306
1743497943.124656,9,74,154
1743497943.159656,53,-53,180
1743497943.195656,45,-7,146
1743497943.230656,-19,-31,130
1743497943.265656,-37,58,92
1743497943.301656,48,-63,100
1743497943.336656,16,34,178
1743497943.372656,-101,4,118
1743497943.407656,-3,-5,170
1743497943.443656,-35,48,102
1743497943.478656,48,18,154
1743497943.513656,-69,-21,78
1743497943.5496562,-73,44,226
1743497943.584656,37,-39,158
1743497943.620656,14,26,194
1743497943.655656,8,2,232
1743497943.691656,-29,38,138
1743497943.727656,36,134,142
1743497943.763656,-11,-9,138
1743497943.7996562,-77,62,106
1743497943.8356562,-23,18,186
1743497943.871656,8,-73,108
1743497943.913656,24,30,60
1743497943.949656,-79,-23,198
1743497943.985656,0,38,128
1743497944.021656,-31,-51,110
1743497944.056656,-5,-25,94
1743497944.092656,-95,-61,226
1743497944.127656,-25,30,64
1743497944.162656,26,-61,155
1743497944.1976562,118,24,75
1743497944.2336562,46,-17,115
1743497944.269656,-1,32,147
1743497944.304656,46,-85,229
1743497944.340656,70,-5,165
1743497944.375656,8,-7,169
1743497944.410656,12,18,203
1743497944.445656,-19,-25,239
1743497944.481656,58,-29,203
1743497944.517656,38,-3,101
1743497944.552656,-61,58,255
1743497944.588656,-63,0,107
1743497944.623656,-109,14,143
1743497944.658656,-9,0,67
1743497944.693656,14,30,177
1743497944.729656,-17,0,69
1743497944.765656,4,22,143
1743497944.800656,36,20,103
1743497944.836656,-8,38,15
1743497944.871656,-33,24,111
1743497944.906656,-33,-1,107
1743497944.941656,77,-9,143
1743497944.977656,-24,-37,129
1743497945.013656,-16,80,179
1743497945.048656,-60,-37,197
1743497945.084656,35,6,137
1743497945.119656,-36,-11,137
1743497945.1546562,-84,36,121
1743497945.189656,-38,38,131
1743497945.225656,23,-53,149
1743497945.261656,-42,-21,187
1743497945.296656,-56,18,103
1743497945.332656,21,38,145
1743497945.367656,-8,71,81
1743497945.402656,75,-55,73
1743497945.4376562,-20,-44,117
1743497945.473656,49,89,67
1743497945.509656,-10,23,161
1743497945.544656,27,-80,23
1743497945.580656,29,-50,165
1743497945.615656,-74,29,115
1743497945.650656,57,13,189
1743497945.685656,13,81,97
1743497945.721656,23,-62,99
1743497945.757656,-36,19,81
1743497945.792656,9,41,133
1743497945.828656,19,-32,81
1743497945.863656,-10,-42,127
1743497945.898656,-14,9,191
1743497945.933656,-26,51,109
1743497945.969656,-64,15,93
1743497946.005656,73,1,147
1743497946.040656,13,-16,101
1743497946.076656,41,33,119
1743497946.111656,-32,51,117
1743497946.146656,57,1,203
1743497946.181656,59,-96,173
1743497946.217656,47,-2,163
1743497946.253656,-16,-4,95
1743497946.288656,-26,-30,61
1743497946.324656,-28,25,175
1743497946.359656,21,-52,143
1743497946.394656,-4,52,223
1743497946.429656,-88,-6,229
1743497946.465656,23,-54,203
1743497946.501656,-18,57,79
1743497946.536656,35,-6,149
1743497946.5726562,17,-4,61
1743497946.607656,7,-8,193
1743497946.642656,13,7,41
1743497946.677656,-28,-34,51
1743497946.713656,-4,5,167
1743497946.749656,7,97,147
1743497946.784656,-32,37,155
1743497946.820656,-36,7,131
1743497946.855656,-76,47,63
1743497946.890656,41,-38,185
1743497946.925656,71,15,165
1743497946.961656,33,3,109
1743497946.997656,-6,27,181
1743497947.032656,15,0,147
1743497947.068656,79,46,263
1743497947.103656,7,16,23
1743497947.138656,39,52,177
1743497947.173656,-4,-31,-28
1743497947.209656,-76,-27,85
1743497947.245656,27,-23,127
1743497947.280656,39,16,245
1743497947.316656,-84,32,139
1743497947.351656,7,48,127
1743497947.386656,-10,4,229
1743497947.421656,0,-25,103
1743497947.457656,19,-43,163
1743497947.4936562,-52,22,321
1743497947.528656,29,-41,31
1743497947.564656,-82,-21,65
1743497947.599656,-30,-89,177
1743497947.634656,-92,-53,131
1743497947.669656,11,6,65
1743497947.705656,-16,58,99
1743497947.741656,-12,-43,143
1743497947.7766562,77,98,187
1743497947.8126562,-10,-33,179
1743497947.847656,65,50,67
1743497947.882656,-40,-33,63
1743497947.917656,-36,40,41
1743497947.953656,-14,-15,137
1743497947.989656,15,20,87
1743497948.024656,-54,-47,-6
1743497948.060656,0,80,109
1743497948.0956562,41,-59,47
1743497948.130656,-18,-39,135
1743497948.165656,1,58,165
1743497948.201656,15,46,63
1743497948.237656,-4,26,177
1743497948.272656,0,0,157
1743497948.308656,51,-15,117
1743497948.343656,-28,44,105
1743497948.378656,105,-27,107
1743497948.413656,9,20,127
1743497948.449656,-34,38,193
1743497948.485656,-10,-35,89
1743497948.520656,17,4,177
1743497948.556656,-26,94,121
1743497948.591656,-18,-23,115
1743497948.626656,51,-53,39
1743497948.661656,-24,72,143
1743497948.6976562,101,52,205
1743497948.7336562,-14,-37,201
1743497948.768656,5,40,63
1743497948.804656,3,20,59
1743497948.839656,-26,-57,169
1743497948.874656,45,-45,135
1743497948.909656,27,30,91
1743497948.945656,-2,-13,9
1743497948.981656,-34,-9,137
1743497949.0166562,21,12,51
1743497949.052656,7,-39,139
1743497949.087656,21,-5,105
1743497949.122656,27,34,95
1743497949.157656,59,18,191
1743497949.193656,1,-21,103
1743497949.229656,19,-9,5
1743497949.264656,-104,-43,191
1743497949.300656,-30,8,233
1743497949.3356562,31,-91,83
1743497949.370656,3,22,135
1743497949.405656,19,60,57
1743497949.441656,9,-3,149
1743497949.477656,19,-47,137
1743497949.512656,-10,26,85
1743497949.548656,19,-57,215
1743497949.583656,-44,-7,169
1743497949.6186562,43,8,171
1743497949.653656,-4,-19,79
1743497949.689656,-84,38,21
1743497949.725656,-22,102,195
1743497949.760656,-64,-43,287
1743497949.796656,-56,34,197
1743497949.831656,-64,-59,5
1743497949.866656,-4,-3,199
1743497949.902656,57,-11,173
1743497949.9376562,99,18,63
1743497949.973656,-84,68,111
1743497950.008656,-40,73,181
1743497950.044656,67,76,-4
1743497950.079656,35,1,147
1743497950.114656,19,-11,-40
1743497950.150656,123,8,183
1743497950.185656,-18,12,41
1743497950.221656,45,-41,223
1743497950.2566562,35,34,131
1743497950.292656,-54,70,193
1743497950.327656,-4,-9,123
1743497950.362656,-76,-21,167
1743497950.398656,-80,-87,110
1743497950.433656,23,-43,242
1743497950.469656,0,-13,112
1743497950.504656,-20,-21,96
1743497950.540656,9,-23,58
1743497950.575656,25,6,162
1743497950.610656,-66,30,214
1743497950.646656,71,8,122
1743497950.681656,29,-41,106
1743497950.717656,25,-21,167
1743497950.752656,-30,-39,79
1743497950.788656,-48,8,161
1743497950.823656,55,-63,214
1743497950.8586562,13,-31,143
1743497950.894656,7,64,162
1743497950.929656,37,-57,144
1743497950.965656,39,-7,162
1743497951.000656,-46,22,32
1743497951.036656,17,-13,214
1743497951.071656,-52,-11,138
1743497951.106656,-26,48,266
1743497951.142656,69,-1,120
1743497951.177656,37,-25,160
1743497951.213656,19,5,298
1743497951.248656,77,-35,206
1743497951.284656,-36,38,-3
1743497951.319656,-34,66,294
1743497951.354656,-4,-1,-1
1743497951.390656,-40,-1,102
1743497951.425656,1,-3,90
1743497951.461656,13,-61,138
1743497951.496656,25,-5,40
1743497951.532656,-5,-13,98
1743497951.567656,-49,36,-59
1743497951.602656,30,94,190
1743497951.638656,-18,-51,12
1743497951.673656,0,-25,188
1743497951.709656,3,17,30
1743497951.744656,-54,4,178
1743497951.780656,-36,1,160
1743497951.815656,21,-16,206
1743497951.850656,-18,18,234
1743497951.886656,-64,-14,222
1743497951.921656,35,23,96
1743497951.957656,31,0,132
1743497951.992656,13,55,204
1743497952.028656,-50,-5,94
1743497952.063656,-10,2,46
1743497952.098656,-12,72,68
1743497952.134656,29,-27,76
1743497952.169656,-14,-1,50
1743497952.205656,41,19,90
1743497952.240656,61,16,106
1743497952.2766562,27,-3,152
1743497952.311656,31,-79,170
1743497952.346656,17,34,124
1743497952.382656,-78,30,110
1743497952.417656,-4,16,100
1743497952.453656,-4,20,192
1743497952.488656,-24,48,44
1743497952.524656,-38,-17,-49
1743497952.559656,103,12,78
1743497952.594656,-8,12,214
1743497952.630656,-18,-29,66
1743497952.665656,-12,10,72
1743497952.701656,43,-67,126
1743497952.736656,17,50,164
1743497952.772656,-41,-25,172
1743497952.807656,49,-11,-1
1743497952.842656,-10,-31,100
1743497952.878656,7,-9,158
1743497952.913656,-28,26,224
1743497952.949656,51,48,112
1743497952.984656,-8,-31,156
1743497953.020656,-18,50,150
1743497953.055656,-48,26,18
1743497953.090656,-40,28,128
1743497953.126656,21,-27,132
1743497953.161656,27,38,138
1743497953.1976562,-44,-5,66
1743497953.232656,-14,0,190
1743497953.268656,27,82,86
1743497953.304656,0,-7,104
1743497953.340656,-16,46,204
1743497953.376656,55,-11,182
1743497953.411656,55,-33,122
1743497953.446656,27,-16,122
1743497953.482656,-28,31,150
1743497953.518656,43,-71,146
1743497953.553656,-34,-53,180
1743497953.589656,-4,24,148
1743497953.624656,-32,-95,138
1743497953.659656,-64,-7,196
1743497953.694656,-52,-9,214
1743497953.730656,59,28,224
1743497953.7666562,21,2,98
1743497953.801656,13,20,52
1743497953.837656,-78,-27,154
1743497953.872656,-36,20,94
1743497953.9146562,-92,-13,148
1743497953.950656,17,5,130
1743497953.986656,11,-28,94
1743497954.022656,91,25,192
1743497954.057656,-8,-16,84
1743497954.093656,-20,-18,198
1743497954.128656,67,-16,32
1743497954.163656,35,-51,202
1743497954.198656,-44,76,100
1743497954.234656,-7,0,72
1743497954.270656,-10,62,250
1743497954.305656,67,-9,226
1743497954.341656,-10,-47,170
1743497954.376656,13,-33,56
1743497954.411656,29,28,80
1743497954.446656,33,2,190
1743497954.482656,17,52,216
1743497954.518656,25,72,176
1743497954.553656,33,-11,208
1743497954.589656,-30,12,38
1743497954.624656,33,26,128
1743497954.659656,1,-77,256
1743497954.694656,-4,-8,138
1743497954.730656,87,19,116
1743497954.7666562,157,-20,56
1743497954.801656,67,-46,118
1743497954.837656,-40,45,146
1743497954.872656,11,-22,148
1743497954.907656,49,-36,74
1743497954.942656,27,25,104
1743497954.978656,21,-20,132
1743497955.014656,17,-4,252
1743497955.0496562,-84,37,112
1743497955.0856562,-48,-8,94
1743497955.120656,19,-26,110
1743497955.155656,5,-14,108
1743497955.190656,15,11,102
1743497955.226656,-44,59,220
1743497955.262656,-92,-30,54
1743497955.297656,23,13,210
1743497955.333656,-18,-81,46
1743497955.3686562,85,96,184
1743497955.403656,-36,-7,216
1743497955.438656,-6,22,118
1743497955.474656,83,86,96
1743497955.510656,-52,36,144
1743497955.545656,-6,-33,170
1743497955.581656,29,-37,126
1743497955.616656,3,-7,108
1743497955.6516562,27,22,54
1743497955.686656,-44,42,136
1743497955.722656,5,-75,224
1743497955.758656,21,24,104
1743497955.793656,-20,56,190
1743497955.829656,-6,-50,268
1743497955.864656,47,57,198
1743497955.899656,-54,-83,244
1743497955.934656,-78,-103,178
1743497955.9706562,79,76,32
1743497956.0066562,9,4,132
1743497956.041656,17,16,260
1743497956.077656,-18,-9,320
1743497956.112656,-38,30,144
1743497956.147656,-36,28,148
1743497956.182656,-44,4,216
1743497956.218656,1,-39,76
1743497956.254656,-86,-35,14
1743497956.2896562,-82,40,172
1743497956.325656,-4,28,84
1743497956.360656,11,24,62
1743497956.395656,1,-19,58
1743497956.430656,-26,30,146
1743497956.466656,65,28,289
1743497956.502656,39,-69,177
1743497956.537656,29,72,95
1743497956.573656,49,14,67
1743497956.6086562,-6,-43,123
1743497956.643656,5,28,57
1743497956.678656,-20,-35,151
1743497956.714656,61,52,201
1743497956.750656,-28,-3,73
1743497956.785656,7,40,229
1743497956.821656,11,20,113
1743497956.856656,-94,-13,167
1743497956.8916562,-10,-15,127
1743497956.926656,-46,-39,95
1743497956.962656,45,-29,25
1743497956.998656,-30,-28,99
1743497957.033656,-24,13,57
1743497957.069656,31,-58,249
1743497957.104656,31,8,159
1743497957.139656,69,-50,143
1743497957.1746562,69,25,103
1743497957.2106562,-46,-38,105
1743497957.246656,-28,34,185
1743497957.281656,21,36,249
1743497957.317656,59,19,175
1743497957.352656,-64,-27,153
1743497957.387656,51,-33,99
1743497957.422656,41,-29,51
1743497957.458656,39,-45,101
1743497957.494656,33,28,215
1743497957.5296562,21,-29,159
1743497957.565656,-6,-49,157
1743497957.600656,55,-27,145
1743497957.635656,27,12,167
1743497957.670656,11,24,69
1743497957.706656,-58,-9,23
1743497957.742656,7,-69,151
1743497957.777656,31,-7,167
1743497957.813656,89,14,161
1743497957.848656,-32,-70,203
1743497957.883656,-66,-24,185
1743497957.918656,33,39,247
1743497957.954656,-16,17,185
1743497957.990656,-6,-63,103
1743497958.025656,-22,21,233
1743497958.061656,-44,8,209
1743497958.096656,39,-19,83
1743497958.1316562,-4,-27,63
1743497958.166656,1,53,225
1743497958.202656,35,14,131
1743497958.238656,39,98,197
1743497958.273656,69,-21,67
1743497958.309656,-86,-35,171
1743497958.344656,-24,-11,241
1743497958.379656,-60,1,131
1743497958.4146562,-62,7,185
1743497958.450656,-60,-6,89
1743497958.486656,-40,-45,41
1743497958.521656,-32,-1,201
1743497958.557656,0,-1,79
1743497958.592656,19,-49,253
1743497958.627656,29,51,125
1743497958.662656,-90,11,147
1743497958.698656,97,-24,165
1743497958.734656,-22,-45,81
1743497958.769656,55,112,183
1743497958.805656,0,23,95
1743497958.840656,-50,11,39
1743497958.875656,33,5,181
1743497958.910656,-28,9,153
1743497958.946656,15,3,213
1743497958.982656,5,49,105
1743497959.017656,7,-8,153
1743497959.053656,7,-16,177
1743497959.088656,-24,-52,181
1743497959.123656,31,-54,61
1743497959.158656,-2,17,73
1743497959.194656,9,17,267
1743497959.230656,43,-78,165
1743497959.265656,13,-118,231
1743497959.301656,-24,-10,157
1743497959.336656,53,-6,169
1743497959.371656,21,-44,143
1743497959.407656,-108,-48,89
1743497959.442656,-6,15,161
1743497959.478656,56,39,147
1743497959.513656,101,49,161
1743497959.5496562,55,39,-18
1743497959.584656,31,-52,89
1743497959.619656,40,41,85
1743497959.655656,28,23,95
1743497959.690656,-7,-36,203
1743497959.726656,6,-18,7
1743497959.761656,26,-48,73
1743497959.797656,22,99,67
1743497959.832656,3,-22,211
1743497959.867656,102,3,81
1743497959.903656,-29,-6,127
1743497959.938656,-11,25,193
1743497959.974656,8,35,183
1743497960.009656,-26,-10,81
1743497960.045656,-50,47,165
1743497960.080656,51,9,137
1743497960.115656,-54,9,189
1743497960.1516562,35,-18,45
1743497960.186656,-93,-88,279
1743497960.222656,16,-20,89
1743497960.257656,-62,35,173
1743497960.293656,-8,27,153
1743497960.328656,-8,-32,69
1743497960.363656,33,-42,199
1743497960.399656,-74,44,305
1743497960.434656,-52,23,129
1743497960.4706562,35,23,63
1743497960.505656,-44,37,31
1743497960.541656,57,-18,255
1743497960.576656,-24,9,155
1743497960.611656,-8,53,203
1743497960.647656,55,-38,177
1743497960.682656,25,57,173
1743497960.718656,85,-19,207
1743497960.753656,45,48,-12
1743497960.7896562,61,-15,143
1743497960.824656,41,17,77
1743497960.859656,-34,67,177
1743497960.895656,75,25,79
1743497960.930656,-28,-22,191
1743497960.966656,15,17,143
1743497961.001656,39,28,195
1743497961.037656,15,-3,201
1743497961.0726562,-18,-27,123
1743497961.107656,-30,-67,221
1743497961.143656,19,0,187
1743497961.178656,-6,6,129
1743497961.214656,-22,-17,123
1743497961.249656,29,54,25
1743497961.285656,49,48,165
1743497961.320656,23,-65,65
1743497961.355656,-86,-11,-30
1743497961.3916562,-30,28,201
1743497961.426656,39,-21,175
1743497961.462656,-46,-43,149
1743497961.497656,29,50,133
1743497961.533656,-4,28,207
1743497961.568656,81,-23,71
1743497961.603656,-52,26,183
1743497961.639656,-100,-21,81
1743497961.6746562,-4,17,137
1743497961.7106562,27,49,199
1743497961.745656,-68,-8,117
1743497961.781656,27,-34,85
1743497961.816656,39,53,129
1743497961.851656,13,-60,193
1743497961.887656,-34,3,63
1743497961.922656,37,-18,115
1743497961.958656,27,9,165
1743497961.9936562,-2,-18,31
1743497962.0296562,-46,11,233
1743497962.064656,-16,101,167
1743497962.099656,-14,-18,127
1743497962.135656,-76,25,171
1743497962.170656,25,25,191
1743497962.206656,0,-32,255
1743497962.241656,-38,-14,109
1743497962.277656,21,0,121
1743497962.3126562,35,-6,37
1743497962.347656,33,-80,17
1743497962.383656,-44,11,187
1743497962.418656,51,-8,167
1743497962.454656,-24,13,159
1743497962.489656,-12,-66,123
1743497962.525656,-10,11,177
1743497962.560656,-32,-44,157
1743497962.5956562,-42,-53,195
1743497962.6316562,-60,48,27
1743497962.666656,89,28,247
1743497962.702656,-8,-9,89
1743497962.737656,-34,50,111
1743497962.773656,31,64,205
1743497962.809656,23,-117,161
1743497962.8456562,-54,-23,197
1743497962.8816562,-26,40,229
1743497962.916656,47,60,155
1743497962.951656,-32,46,95
1743497962.987656,-8,-23,109
1743497963.023656,-52,-17,109
1743497963.058656,59,8,115
1743497963.094656,-4,-7,59
1743497963.129656,47,70,153
1743497963.1646562,-8,-49,227
1743497963.199656,45,-51,129
1743497963.235656,-6,66,47
1743497963.271656,41,-43,259
1743497963.306656,-12,-10,43
1743497963.342656,19,-2,241
1743497963.377656,21,3,173
1743497963.412656,-72,-66,117
1743497963.4476562,-58,-42,245
1743497963.4836562,-24,-10,181
1743497963.519656,-34,17,201
1743497963.554656,-2,-3,91
1743497963.590656,71,-1,113
1743497963.625656,41,92,111
1743497963.660656,-14,-30,89
1743497963.695656,41,31,109
1743497963.731656,-40,-12,215
1743497963.767656,-46,13,139
1743497963.802656,33,-30,125
1743497963.838656,-54,40,157
1743497963.873656,7,0,187
1743497963.915656,-38,44,187
1743497963.951656,-18,4,196
1743497963.987656,51,94,176
1743497964.023656,31,-20,101
1743497964.058656,27,-8,-12
1743497964.094656,17,62,37
1743497964.129656,37,-17,85
1743497964.1646562,-4,-38,55
1743497964.199656,-28,1,113
1743497964.235656,47,34,99
1743497964.271656,-2,-27,179
1743497964.306656,-52,-21,169
1743497964.342656,15,-39,138
1743497964.377656,-54,20,134
1743497964.412656,-64,32,220
1743497964.4476562,-4,-24,74
1743497964.4836562,45,7,144
1743497964.519656,-10,-2,144
1743497964.554656,-14,19,104
1743497964.590656,-30,41,174
1743497964.625656,-86,29,228
1743497964.660656,71,-32,58
1743497964.695656,9,15,80
1743497964.731656,-72,1,38
1743497964.767656,49,7,126
1743497964.802656,25,13,98
1743497964.838656,-26,-10,362
1743497964.873656,27,65,122
1743497964.908656,13,-78,52
1743497964.943656,7,11,76
1743497964.979656,-12,23,108
1743497965.015656,19,-10,194
1743497965.050656,-66,-44,62
1743497965.086656,31,7,122
1743497965.121656,11,33,88
1743497965.156656,-20,61,72
1743497965.191656,-18,-18,188
1743497965.227656,13,-66,208
1743497965.263656,-8,-26,96
1743497965.298656,-32,3,210
1743497965.334656,19,-32,250
1743497965.369656,-44,7,154
1743497965.4046562,67,-66,82
1743497965.439656,-28,-36,198
1743497965.475656,19,3,144
1743497965.511656,-12,-60,32
1743497965.546656,99,-38,148
1743497965.582656,-24,13,79
1743497965.617656,-12,25,173
1743497965.652656,-18,-34,31
1743497965.6876562,-46,-28,117
1743497965.723656,-36,-78,233
1743497965.759656,19,-8,223
1743497965.794656,43,-42,89
1743497965.830656,-74,37,163
1743497965.865656,-36,-55,97
1743497965.900656,93,3,9
1743497965.935656,0,25,187
1743497965.971656,-40,-14,21
1743497966.007656,9,69,125
1743497966.042656,-16,-14,265
1743497966.078656,21,55,195
1743497966.113656,-18,-54,223
1743497966.148656,-4,-12,97
1743497966.183656,91,-4,105
1743497966.219656,23,31,3
1743497966.255656,63,70,251
1743497966.290656,21,64,171
1743497966.326656,51,13,169
1743497966.361656,-14,38,283
1743497966.396656,-40,-3,155
1743497966.431656,35,-30,101
1743497966.467656,73,19,79
1743497966.503656,51,-60,229
1743497966.538656,17,6,179
1743497966.574656,-48,14,35
1743497966.609656,-22,40,103
1743497966.644656,-38,58,181
1743497966.679656,41,-2,65
1743497966.715656,-18,15,223
1743497966.751656,27,33,203
1743497966.786656,107,-5,145
1743497966.8226562,39,-19,39
1743497966.857656,-42,96,121
1743497966.892656,-22,12,253
1743497966.927656,-24,-15,105
1743497966.963656,45,-93,117
1743497966.999656,25,12,159
1743497967.034656,41,-15,45
1743497967.070656,-14,0,121
1743497967.105656,-12,-15,237
1743497967.140656,-16,4,207
1743497967.175656,125,-71,137
1743497967.211656,5,56,83
1743497967.247656,-60,26,67
1743497967.282656,87,-33,175
1743497967.318656,69,10,117
1743497967.353656,83,30,151
1743497967.388656,-24,-49,127
1743497967.423656,-46,-35,169
1743497967.459656,79,-11,71
1743497967.495656,45,-49,269
1743497967.530656,-20,32,9
1743497967.566656,41,36,225
1743497967.601656,97,-7,105
1743497967.636656,-64,-47,129
1743497967.671656,-58,2,199
1743497967.707656,-34,28,85
1743497967.7436562,49,98,81
1743497967.778656,0,-5,281
1743497967.814656,-28,-37,121
1743497967.849656,-28,-13,85
1743497967.884656,-26,26,135
1743497967.919656,11,-27,227
1743497967.955656,33,-65,73
1743497967.991656,97,14,169
1743497968.0266562,-76,74,71
1743497968.0626562,39,14,81
1743497968.097656,-54,-37,87
1743497968.132656,35,-15,233
1743497968.167656,-6,-17,-16
1743497968.203656,-82,40,183
1743497968.239656,77,-39,177
1743497968.274656,-58,-85,167
1743497968.310656,-68,-7,31
1743497968.3456562,-6,-19,141
1743497968.380656,-6,-51,193
1743497968.415656,-50,-23,115
1743497968.451656,-8,32,147
1743497968.487656,45,2,87
1743497968.522656,25,10,71
1743497968.558656,-2,46,59
1743497968.593656,-94,18,25
1743497968.628656,11,-53,191
1743497968.663656,-34,-113,-12
1743497968.699656,3,70,189
1743497968.735656,-10,-12,45
1743497968.770656,43,-3,115
1743497968.806656,-64,-3,169
1743497968.841656,55,-17,59
1743497968.876656,-44,28,63
1743497968.911656,-32,-79,185
1743497968.9476562,9,-23,201
1743497968.9836562,33,54,87
1743497969.018656,27,-103,131
1743497969.054656,7,32,135
1743497969.089656,-30,-7,91
1743497969.124656,39,4,167
1743497969.160656,-32,18,147
1743497969.195656,-40,32,77
1743497969.231656,-50,66,59
1743497969.2666562,19,-91,129
1743497969.302656,-12,10,214
1743497969.337656,45,-67,235
1743497969.372656,51,-119,21
1743497969.408656,-66,20,16
1743497969.443656,-60,46,160
1743497969.479656,31,-15,154
1743497969.514656,11,76,48
1743497969.550656,33,-31,156
1743497969.5856562,-32,-17,104
1743497969.620656,5,-29,42
1743497969.656656,35,-59,240
1743497969.691656,19,-67,128
1743497969.727656,-42,20,138
1743497969.762656,0,-69,38
1743497969.798656,-20,-7,44
1743497969.833656,-28,-51,184
1743497969.8686562,-30,-21,74
1743497969.9046562,-84,-53,54
1743497969.939656,33,44,156
1743497969.975656,7,34,124
1743497970.010656,83,20,92
1743497970.046656,29,-5,100
1743497970.081656,79,18,214
1743497970.116656,5,36,142
1743497970.152656,-64,24,26
1743497970.1876562,0,15,178
1743497970.223656,-66,19,226
1743497970.258656,-52,53,34
1743497970.294656,-60,11,0
1743497970.329656,-60,41,112
1743497970.364656,23,-14,184
1743497970.400656,-20,61,98
1743497970.435656,-28,89,18
1743497970.471656,-54,21,160
1743497970.5066562,3,61,30
1743497970.542656,-24,49,164
1743497970.577656,1,29,124
1743497970.612656,-4,-10,136
1743497970.648656,9,-16,64
1743497970.683656,-10,-44,124
1743497970.719656,39,3,196
1743497970.754656,1,-64,106
1743497970.790656,1,-2,210
1743497970.825656,45,-12,60
1743497970.860656,7,-6,78
1743497970.896656,-80,7,82
1743497970.931656,69,-20,52
1743497970.967656,-50,85,122
1743497971.002656,11,-30,264
1743497971.038656,-6,-37,186
1743497971.073656,89,-22,318
1743497971.1086562,104,0,162
1743497971.144656,47,-15,70
1743497971.179656,3,-38,140
1743497971.215656,-56,-50,162
1743497971.250656,-8,29,142
1743497971.286656,7,-36,130
1743497971.321656,53,29,118
1743497971.356656,-96,78,110
1743497971.392656,77,10,98
1743497971.427656,27,8,118
1743497971.463656,1,25,98
1743497971.498656,11,-19,82
1743497971.534656,83,-45,126
1743497971.569656,-30,-7,88
1743497971.604656,-26,78,120
1743497971.640656,-18,-5,198
1743497971.675656,-16,-75,124
1743497971.711656,-52,12,246
1743497971.746656,-16,-41,62
1743497971.782656,91,6,218
1743497971.817656,41,56,92
1743497971.852656,-50,34,82
1743497971.888656,-16,-17,18
1743497971.923656,-68,2,174
1743497971.959656,45,-45,166
1743497971.994656,-38,12,156
1743497972.030656,-40,56,134
1743497972.065656,-38,9,92
1743497972.100656,35,-8,242
1743497972.136656,-69,-26,120
1743497972.171656,68,3,274
1743497972.207656,15,7,82
1743497972.242656,17,-2,192
1743497972.278656,19,-16,216
1743497972.314656,21,61,168
1743497972.350656,53,-51,96
1743497972.386656,-31,30,144
1743497972.422656,30,24,6
1743497972.458656,-43,-17,198
1743497972.494656,-35,72,148
1743497972.530656,-61,-85,268
1743497972.565656,20,-43,272
1743497972.600656,50,-35,84
1743497972.636656,-38,-51,168
1743497972.672656,-80,2,52
1743497972.707656,11,0,180
1743497972.7436562,-22,46,72
1743497972.778656,79,-27,204
1743497972.813656,83,56,78
1743497972.848656,-75,12,190
1743497972.884656,39,-12,138
1743497972.920656,-34,-73,104
1743497972.955656,-54,-31,100
1743497972.991656,21,2,234
1743497973.0266562,39,-7,122
1743497973.061656,23,-35,56
1743497973.096656,33,-37,236
1743497973.132656,-2,-90,48
1743497973.168656,-36,49,214
1743497973.203656,25,23,112
1743497973.239656,7,25,-3
1743497973.274656,29,-60,182
1743497973.309656,-6,27,100
1743497973.344656,-2,53,78
1743497973.380656,27,-8,148
1743497973.416656,-2,-76,172
1743497973.451656,61,11,192
1743497973.487656,47,75,206
1743497973.522656,3,-48,184
1743497973.557656,-84,31,252
1743497973.592656,13,31,82
1743497973.628656,-12,1,122
1743497973.6646562,-64,23,214
1743497973.699656,-26,11,126
1743497973.735656,-28,37,104
1743497973.770656,-22,-28,230
1743497973.805656,71,13,-11
1743497973.840656,51,13,-121
1743497973.876656,-22,-6,118
1743497973.919656,-54,3,208
1743497973.955656,53,35,202
1743497973.991656,41,-2,170
1743497974.0266562,23,-42,-5
1743497974.061656,-10,23,118
1743497974.096656,17,-30,128
1743497974.132656,79,-34,164
1743497974.168656,79,65,120
1743497974.203656,-46,-10,192
1743497974.239656,-102,-20,48
1743497974.274656,-28,31,50
1743497974.309656,29,33,250
1743497974.344656,37,-60,88
1743497974.380656,-4,25,76
1743497974.416656,-24,-68,196
1743497974.451656,-54,-26,124
1743497974.487656,-4,-30,152
1743497974.522656,7,15,132
1743497974.557656,-54,53,162
1743497974.592656,51,19,126
1743497974.628656,-8,-25,144
1743497974.6646562,27,-9,-7
1743497974.699656,43,19,198
1743497974.735656,-100,-25,248
1743497974.770656,-50,-19,96
1743497974.805656,-16,-44,94
1743497974.840656,-54,-43,68
1743497974.876656,-20,17,118
1743497974.912656,13,-26,80
1743497974.9476562,-16,-5,224
1743497974.9836562,-6,42,204
1743497975.018656,-36,18,144
1743497975.053656,13,-67,96
1743497975.088656,-48,11,124
1743497975.124656,47,55,50
1743497975.160656,25,-19,176
1743497975.195656,23,42,110
1743497975.231656,-18,27,96
1743497975.2666562,-6,-36,118
1743497975.301656,-6,21,78
1743497975.336656,29,1,156
1743497975.372656,-8,21,-1
1743497975.408656,17,47,122
1743497975.443656,31,-18,30
1743497975.479656,63,-8,150
1743497975.514656,-20,-10,182
1743497975.5496562,63,43,238
1743497975.584656,35,21,140
1743497975.620656,-10,37,122
1743497975.656656,-40,-6,68
1743497975.691656,-8,-14,184
1743497975.727656,49,-28,142
1743497975.762656,-24,83,94
1743497975.797656,29,-72,200
1743497975.832656,19,27,60
1743497975.8686562,-22,1,76
1743497975.9046562,-72,-36,166
1743497975.939656,41,45,220
1743497975.975656,-24,-21,158
1743497976.010656,45,15,258
1743497976.045656,35,1,256
1743497976.080656,45,-54,130
1743497976.116656,27,21,244
1743497976.152656,45,-22,238
1743497976.1876562,1,-10,134
1743497976.223656,-30,33,148
1743497976.258656,11,-20,144
1743497976.293656,41,-16,96
1743497976.328656,17,-6,50
1743497976.364656,-20,-9,204
1743497976.400656,-10,39,62
1743497976.435656,-40,-41,140
1743497976.471656,-40,-8,130
1743497976.5066562,7,53,112
1743497976.541656,67,65,174
1743497976.576656,-6,-26,106
1743497976.612656,9,-42,92
1743497976.648656,-22,63,148
1743497976.683656,-26,-18,196
1743497976.719656,-14,33,132
1743497976.754656,35,43,50
1743497976.7896562,-122,-4,48
1743497976.824656,3,15,152
1743497976.860656,-40,79,202
1743497976.896656,-96,-40,114
1743497976.931656,3,15,16
1743497976.967656,-18,-24,202
1743497977.002656,-16,-56,180
1743497977.037656,33,-28,146
1743497977.0726562,-58,-4,198
1743497977.1086562,75,-8,140
1743497977.144656,-32,-28,-29
1743497977.179656,-20,-18,178
1743497977.215656,3,21,82
1743497977.250656,41,-52,208
1743497977.285656,17,-6,222
1743497977.320656,-32,-64,178
1743497977.356656,49,11,136
1743497977.392656,57,-20,122
1743497977.427656,55,59,74
1743497977.463656,55,-20,236
1743497977.498656,39,27,76
1743497977.533656,-12,35,244
1743497977.568656,-18,-62,282
1743497977.604656,-6,-44,134
1743497977.640656,0,11,188
1743497977.675656,-22,-70,77
1743497977.711656,-82,-16,147
1743497977.746656,71,-32,163
1743497977.781656,-44,23,131
1743497977.816656,1,-92,79
1743497977.852656,-16,13,61
1743497977.888656,63,35,102
1743497977.923656,21,-16,176
1743497977.959656,-74,19,59
1743497977.994656,-48,33,99
1743497978.0296562,47,-30,129
1743497978.064656,97,-40,209
1743497978.100656,25,-28,77
1743497978.136656,-100,25,117
1743497978.171656,105,-74,141
1743497978.207656,-24,61,55
1743497978.242656,-16,31,245
1743497978.277656,-6,65,55
1743497978.3126562,9,-20,123
1743497978.348656,-14,0,163
1743497978.384656,21,95,231
1743497978.419656,71,-18,109
1743497978.455656,-74,17,49
1743497978.490656,-48,13,241
1743497978.525656,59,83,202
1743497978.561656,53,5,94
1743497978.596656,43,31,4
1743497978.632656,-16,-12,144
1743497978.667656,23,29,183
1743497978.703656,-28,7,105
1743497978.738656,-20,-96,179
1743497978.773656,25,-10,135
1743497978.809656,41,-30,95
1743497978.844656,19,1,157
1743497978.880656,-26,-50,105
1743497978.915656,57,13,147
1743497978.951656,47,21,175
1743497978.986656,-36,-52,217
1743497979.021656,51,-70,7
1743497979.057656,-72,-6,229
1743497979.092656,131,51,189
1743497979.128656,-76,-54,155
1743497979.163656,33,91,97
1743497979.199656,65,-24,163
1743497979.234656,25,19,119
1743497979.269656,-24,11,61
1743497979.305656,29,43,157
1743497979.340656,151,-58,15
1743497979.376656,-26,0,61
1743497979.411656,-16,39,73
1743497979.4476562,33,33,125
1743497979.482656,9,-46,115
1743497979.517656,15,33,55
1743497979.553656,9,-12,157
1743497979.588656,23,-32,17
1743497979.624656,33,13,35
1743497979.659656,5,-60,171
1743497979.695656,-26,43,167
1743497979.730656,-88,21,217
1743497979.765656,39,-24,145
1743497979.801656,-34,45,31
1743497979.836656,13,7,139
1743497979.872656,51,-6,175
1743497979.907656,115,37,103
1743497979.943656,11,-70,117
1743497979.978656,-22,73,157
1743497980.013656,-6,11,151
1743497980.0496562,-28,13,19
1743497980.084656,-70,-62,229
1743497980.120656,-86,-14,-3
1743497980.155656,63,15,70
1743497980.191656,-6,41,157
1743497980.226656,13,-2,130
1743497980.261656,-52,41,111
1743497980.297656,23,-6,69
1743497980.332656,31,-70,122
1743497980.3686562,-36,-30,112
1743497980.403656,-18,-40,90
1743497980.439656,23,5,187
1743497980.474656,141,69,3
1743497980.509656,27,51,-50
1743497980.545656,-4,-52,265
1743497980.580656,47,37,171
1743497980.616656,-4,-34,89
1743497980.6516562,-24,17,83
1743497980.6876562,-8,29,155
1743497980.722656,63,51,83
1743497980.757656,61,31,187
1743497980.793656,29,5,139
1743497980.828656,27,27,197
1743497980.864656,49,43,58
1743497980.899656,143,67,150
1743497980.935656,33,-12,96
1743497980.9706562,-32,15,140
1743497981.005656,5,-48,128
1743497981.041656,-38,-10,120
1743497981.076656,1,59,218
1743497981.112656,59,25,100
1743497981.147656,51,13,130
1743497981.183656,1,27,92
1743497981.218656,47,1,122
1743497981.253656,-82,25,116
1743497981.2896562,23,-16,124
1743497981.324656,-68,13,64
1743497981.360656,1,-4,166
1743497981.395656,-66,-84,152
1743497981.431656,33,25,210
1743497981.466656,-40,29,-47
1743497981.501656,0,33,76
1743497981.537656,11,-56,228
1743497981.5726562,1,-20,-11
1743497981.6086562,-32,-42,118
1743497981.643656,-62,-56,164
1743497981.679656,63,55,120
1743497981.714656,53,21,152
1743497981.749656,3,-54,42
1743497981.785656,-18,7,224
1743497981.820656,-8,-28,192
1743497981.856656,31,-4,180
1743497981.8916562,33,9,174
1743497981.927656,25,-12,132
1743497981.963656,41,15,180
1743497981.999656,61,9,156
1743497982.035656,1,35,222
1743497982.070656,61,-18,124
1743497982.105656,1,11,100
1743497982.1416562,-16,0,96
1743497982.177656,9,-130,154
1743497982.212656,-30,-32,58
1743497982.248656,-4,-1,158
1743497982.283656,-18,55,72
1743497982.318656,-18,14,94
1743497982.353656,7,-76,142
1743497982.389656,9,-6,94
1743497982.425656,-18,-42,116
1743497982.4606562,11,-5,44
1743497982.496656,-72,23,38
1743497982.531656,29,17,126
1743497982.566656,3,-4,170
1743497982.601656,63,-118,196
1743497982.637656,-77,43,178
1743497982.673656,36,89,122
1743497982.708656,-29,-10,58
1743497982.744656,-51,57,62
1743497982.7796562,46,-16,118
1743497982.814656,27,13,180
1743497982.849656,-16,-22,174
1743497982.885656,-14,-16,174
1743497982.921656,-50,-6,168
1743497982.956656,-10,-39,126
1743497982.992656,-8,-65,92
1743497983.027656,75,36,196
1743497983.0626562,-20,-11,82
1743497983.097656,139,32,180
1743497983.133656,-10,18,72
1743497983.169656,37,58,154
1743497983.204656,-112,24,112
1743497983.240656,-40,-38,182
1743497983.275656,-42,15,176
1743497983.310656,21,-41,50
1743497983.3456562,-14,23,164
1743497983.3816562,-28,-45,184
1743497983.417656,-12,41,138
1743497983.452656,19,13,128
1743497983.488656,-60,34,192
1743497983.523656,7,-41,154
1743497983.558656,3,17,200
1743497983.593656,25,22,20
1743497983.629656,-20,4,82
1743497983.665656,-22,-43,68
1743497983.700656,15,57,274
1743497983.736656,19,20,70
1743497983.771656,-10,-11,240
1743497983.806656,11,9,90
1743497983.841656,3,-7,176
1743497983.877656,-32,-45,174
1743497983.920656,55,-65,150
1743497983.956656,-42,55,230
1743497983.992656,-16,54,-27
1743497984.027656,47,-24,110
1743497984.0626562,75,-1,168
1743497984.097656,-52,-41,38
1743497984.133656,38,-29,204
1743497984.169656,6,-13,122
1743497984.204656,31,-9,118
1743497984.240656,2,-7,90
1743497984.275656,-34,14,226
1743497984.310656,31,-55,22
1743497984.3456562,-34,-19,190
1743497984.3816562,65,36,84
1743497984.417656,-78,32,126
1743497984.452656,25,-43,84
1743497984.488656,-14,60,148
1743497984.523656,11,0,140
1743497984.558656,17,-13,260
1743497984.593656,91,-3,106
1743497984.629656,1,22,104
1743497984.665656,3,-1,66
1743497984.700656,13,40,260
1743497984.736656,-54,-57,206
1743497984.771656,43,-27,50
1743497984.806656,5,22,154
1743497984.841656,-18,6,76
1743497984.877656,-64,30,52
1743497984.913656,27,-5,334
1743497984.948656,39,28,20
1743497984.984656,5,28,22
1743497985.019656,69,-13,150
1743497985.054656,3,-23,18
1743497985.089656,-54,-57,142
1743497985.125656,23,74,50
1743497985.161656,-60,52,44
1743497985.196656,41,26,12
1743497985.232656,-50,26,222
1743497985.267656,39,8,94
1743497985.302656,41,-9,82
1743497985.337656,7,-35,74
1743497985.373656,3,10,26
1743497985.409656,-2,-37,111
1743497985.444656,121,-51,148
1743497985.480656,91,-51,252
1743497985.515656,-26,8,236
1743497985.550656,19,-27,156
1743497985.5856562,5,0,174
1743497985.621656,-18,46,72
1743497985.657656,53,-41,108
1743497985.692656,39,-33,260
1743497985.728656,-46,20,183
1743497985.763656,75,-39,107
1743497985.798656,-26,10,291
1743497985.833656,39,28,125
1743497985.869656,83,14,193
1743497985.905656,63,-65,189
1743497985.940656,-12,22,169
1743497985.976656,-28,-43,35
1743497986.011656,13,34,161
1743497986.046656,-10,40,103
1743497986.081656,-6,-49,109
1743497986.117656,39,-31,37
1743497986.153656,13,-55,131
1743497986.188656,19,12,181
1743497986.224656,41,-53,75
1743497986.259656,-26,22,275
1743497986.294656,-62,-31,37
1743497986.329656,-82,24,69
1743497986.365656,21,25,215
1743497986.4016562,-40,-24,67
1743497986.436656,-48,-36,73
1743497986.472656,-62,-34,239
1743497986.507656,-5,-39,101
1743497986.542656,-105,-31,13
1743497986.577656,43,32,49
1743497986.613656,71,25,205
1743497986.649656,-40,-18,132
1743497986.684656,67,-58,200
1743497986.7206562,-94,-10,30
1743497986.755656,-12,7,116
1743497986.790656,-6,57,182
1743497986.826656,1,9,163
1743497986.861656,-70,3,223
1743497986.897656,11,-24,183
1743497986.932656,29,-6,119
1743497986.968656,-26,-63,103
1743497987.003656,23,54,221
1743497987.038656,0,-69,89
1743497987.073656,-26,14,115
1743497987.109656,9,0,207
1743497987.145656,-4,-31,111
1743497987.180656,53,110,125
1743497987.216656,-46,-19,185
1743497987.251656,-78,-35,181
1743497987.286656,3,-17,27
1743497987.321656,33,0,133
1743497987.357656,-52,-33,-28
1743497987.393656,-4,-57,277
1743497987.428656,3,62,157
1743497987.464656,-12,-35,75
1743497987.499656,-132,-19,169
1743497987.534656,49,-35,59
1743497987.569656,-41,-31,153
1743497987.605656,-17,10,-4
1743497987.6416562,18,24,141
1743497987.676656,-53,52,133
1743497987.712656,4,2,21
1743497987.747656,-34,-11,293
1743497987.782656,25,-33,235
1743497987.817656,-21,-5,59
1743497987.853656,-30,-41,177
1743497987.889656,12,68,109
1743497987.9246562,34,-15,129
1743497987.9606562,52,0,145
1743497987.995656,-33,44,97
1743497988.030656,-35,22,161
1743497988.066656,-17,-21,85
1743497988.101656,54,40,93
1743497988.137656,20,-25,97
1743497988.172656,-17,-7,145
1743497988.208656,0,-7,67
1743497988.2436562,-79,16,143
1743497988.278656,18,-13,147
1743497988.314656,33,-71,99
1743497988.349656,11,-19,137
1743497988.385656,7,-15,111
1743497988.420656,35,6,109
1743497988.456656,-6,0,113
1743497988.491656,11,-95,101
1743497988.5266562,-14,38,237
1743497988.5626562,31,-15,113
1743497988.597656,-50,-19,193
1743497988.633656,43,-27,-22
1743497988.668656,-22,24,197
1743497988.704656,-30,-51,117
1743497988.739656,3,-2,55
1743497988.774656,3,-10,115
1743497988.810656,11,13,127
1743497988.8456562,-34,35,59
1743497988.8816562,61,-14,115
1743497988.916656,25,83,21
1743497988.952656,73,41,125
1743497988.987656,57,-60,123
1743497989.022656,-82,-42,81
1743497989.058656,19,-70,81
1743497989.093656,-24,73,189
1743497989.129656,0,14,197
1743497989.1646562,-8,-35,203
1743497989.200656,-23,-19,147
1743497989.235656,-27,46,67
1743497989.270656,-22,-3,249
1743497989.306656,7,-57,247
1743497989.341656,39,-23,161
1743497989.377656,-25,-17,141
1743497989.412656,21,40,205
1743497989.448656,-36,10,121
1743497989.4836562,65,-7,177
1743497989.518656,32,32,105
1743497989.554656,-29,-23,115
1743497989.589656,37,-45,101
1743497989.625656,-30,-11,73
1743497989.660656,-54,12,129
1743497989.696656,-40,6,65
1743497989.731656,-64,26,163
1743497989.7666562,-24,-11,201
1743497989.802656,13,-103,229
1743497989.837656,21,-3,145
1743497989.873656,69,-3,-82
1743497989.908656,69,58,157
1743497989.944656,-6,52,95
1743497989.979656,-26,18,149
1743497990.014656,-26,0,303
1743497990.050656,107,28,175
1743497990.0856562,9,-5,93
1743497990.122656,53,-5,79
1743497990.157656,35,-65,117
1743497990.193656,81,-15,173
1743497990.228656,-12,14,169
1743497990.264656,-4,-31,285
1743497990.2996562,31,-61,137
1743497990.334656,35,-29,145
1743497990.370656,61,-53,249
1743497990.405656,43,38,169
1743497990.441656,35,-31,97
1743497990.476656,49,42,77
1743497990.512656,-32,-1,157
1743497990.547656,-2,-47,103
1743497990.582656,-2,-45,187
1743497990.6186562,41,-35,165
1743497990.653656,-34,-73,121
1743497990.689656,7,-13,227
1743497990.724656,31,-43,59
1743497990.760656,-22,-53,49
1743497990.795656,16,6,183
1743497990.830656,81,12,243
1743497990.866656,0,-41,29
1743497990.9016562,47,78,143
1743497990.9376562,-16,10,219
1743497990.972656,-41,10,259
1743497991.008656,27,-9,-14
1743497991.043656,11,0,169
1743497991.078656,-72,-9,113
1743497991.114656,19,16,169
1743497991.149656,3,14,99
1743497991.185656,-44,18,73
1743497991.2206562,43,60,141
1743497991.2566562,-58,-1,217
1743497991.291656,-78,24,159
1743497991.326656,-46,-71,283
1743497991.362656,-28,-37,215
1743497991.397656,0,-33,77
1743497991.433656,14,70,113
1743497991.468656,-54,-5,115
1743497991.504656,-38,10,147
1743497991.540656,55,68,117
1743497991.576656,65,-17,79
1743497991.612656,-2,38,95
1743497991.647656,-22,-7,87
1743497991.682656,-2,16,207
1743497991.718656,41,-3,0
1743497991.754656,75,-55,107
1743497991.7896562,25,-33,-42
1743497991.825656,-30,-13,103
1743497991.860656,-13,48,147
1743497991.895656,-16,6,137
1743497991.930656,-20,-79,125
1743497991.966656,-28,-27,89
1743497992.002656,-18,12,113
1743497992.037656,0,66,131
1743497992.073656,-62,-25,131
1743497992.1086562,0,-35,105
1743497992.143656,-22,-1,143
1743497992.178656,33,-57,53
1743497992.214656,-6,-9,109
1743497992.250656,75,-33,195
1743497992.285656,-44,-35,-26
1743497992.321656,17,20,-50
1743497992.356656,75,-15,145
1743497992.3916562,53,8,69
1743497992.426656,-34,50,133
1743497992.462656,21,42,49
1743497992.498656,-112,-37,-24
1743497992.533656,-28,42,127
1743497992.569656,-66,-37,93
1743497992.604656,55,-67,97
1743497992.639656,11,10,117
1743497992.6746562,9,10,107
1743497992.7106562,35,-9,151
1743497992.746656,7,-35,193
1743497992.781656,-8,-1,111
1743497992.817656,0,-15,147
1743497992.852656,-16,12,171
1743497992.887656,-54,14,79
1743497992.922656,-20,-23,143
1743497992.958656,-16,-41,131
1743497992.994656,29,40,101
1743497993.0296562,25,-17,75
1743497993.065656,7,-45,105
1743497993.100656,1,0,95
1743497993.135656,55,-59,15
1743497993.170656,11,-35,135
1743497993.206656,35,-39,95
1743497993.242656,25,-59,53
1743497993.277656,41,-57,91
1743497993.313656,83,28,95
1743497993.348656,67,44,331
1743497993.383656,-30,18,93
1743497993.418656,-6,90,85
1743497993.454656,19,44,225
1743497993.490656,-32,-23,243
1743497993.525656,23,32,75
1743497993.561656,-4,46,109
1743497993.596656,-32,-57,183
1743497993.6316562,25,-11,77
1743497993.666656,-54,54,177
1743497993.702656,1,38,145
1743497993.738656,-28,-9,85
1743497993.773656,-88,6,121
1743497993.809656,-4,-71,71
1743497993.844656,73,-43,229
1743497993.879656,-40,-9,123
1743497993.922656,74,-19,95
1743497993.958656,-38,-41,144
1743497993.994656,7,30,126
1743497994.0296562,-58,-49,138
1743497994.065656,9,-61,123
1743497994.100656,45,-23,176
1743497994.135656,0,-19,86
1743497994.170656,25,26,78
1743497994.206656,39,-81,117
1743497994.242656,-40,12,161
1743497994.277656,77,34,42
1743497994.313656,67,-35,136
1743497994.348656,7,-83,222
1743497994.383656,-38,-29,208
1743497994.418656,5,-30,128
1743497994.4546561,21,-17,107
1743497994.4906561,0,56,103
1743497994.525656,-24,12,5
1743497994.561656,67,-3,179
1743497994.596656,-68,-1,223
1743497994.6316562,-24,-17,205
1743497994.666656,-22,38,214
1743497994.702656,-12,26,173
1743497994.738656,-50,14,33
1743497994.7736561,-44,14,156
1743497994.8096561,-28,32,117
1743497994.844656,-24,-47,187
1743497994.879656,-10,8,89
1743497994.9146562,-34,-71,74
1743497994.950656,-12,-5,36
1743497994.986656,57,38,192
1743497995.021656,-22,36,176
1743497995.057656,-32,18,58
1743497995.0926561,31,48,236
1743497995.127656,-36,-57,146
1743497995.162656,-48,-63,144
1743497995.198656,-2,-33,230
1743497995.234656,-18,68,240
1743497995.269656,85,-13,216
1743497995.305656,35,-33,86
1743497995.340656,21,14,132
1743497995.3756561,31,-7,110
1743497995.410656,15,-73,98
1743497995.446656,55,-25,126
1743497995.482656,-18,30,68
1743497995.517656,-18,12,42
1743497995.553656,49,-47,24
1743497995.588656,-48,32,22
1743497995.623656,49,-5,164
1743497995.6586561,57,-5,106
1743497995.6946561,73,-7,216
1743497995.7306561,-2,51,72
1743497995.765656,-2,15,222
1743497995.801656,45,-15,72
1743497995.836656,59,6,58
1743497995.871656,39,-21,88
1743497995.906656,-30,42,168
1743497995.942656,27,-53,162
1743497995.978656,-60,-17,176
1743497996.0136561,-74,28,120
1743497996.0496562,67,-48,132
1743497996.084656,47,-52,174
1743497996.119656,29,-13,244
1743497996.1546562,13,79,36
1743497996.190656,49,29,58
1743497996.226656,-88,-48,56
1743497996.261656,13,38,228
1743497996.297656,65,0,92
1743497996.3326561,-42,-45,64
1743497996.367656,-10,4,80
1743497996.402656,25,-49,190
1743497996.438656,-22,-21,32
1743497996.474656,-4,18,96
1743497996.509656,11,-37,102
1743497996.545656,57,-13,160
1743497996.580656,-40,70,126
1743497996.6156561,59,-5,124
1743497996.650656,-50,0,84
1743497996.686656,-74,33,142
1743497996.722656,3,25,46
1743497996.757656,-24,-96,154
1743497996.793656,-90,39,104
1743497996.828656,-2,-14,44
1743497996.863656,17,-4,108
1743497996.8986561,-20,-34,170
1743497996.9346561,-24,-10,214
1743497996.9706562,21,27,150
1743497997.005656,-36,-40,204
1743497997.041656,13,-42,126
1743497997.076656,-38,83,174
1743497997.111656,-32,-6,88
1743497997.146656,45,-10,128
1743497997.182656,37,1,12
1743497997.218656,43,-48,96
1743497997.2536561,17,17,110
1743497997.2896562,83,77,118
1743497997.324656,69,-36,90
1743497997.359656,3,87,88
1743497997.394656,-26,-8,252
1743497997.430656,33,-41,108
1743497997.466656,9,10,242
1743497997.501656,-122,10,72
1743497997.537656,57,26,210
1743497997.5726562,-72,64,120
1743497997.607656,-44,-19,74
1743497997.643656,13,32,172
1743497997.678656,-88,-46,204
1743497997.714656,69,-72,132
1743497997.749656,-70,-50,154
1743497997.785656,27,-44,150
1743497997.820656,-64,-71,212
1743497997.8556561,-8,65,96
1743497997.8916562,-14,-16,48
1743497997.926656,3,-60,124
1743497997.962656,37,-44,74
1743497997.997656,23,-17,176
1743497998.0336561,-10,10,156
1743497998.068656,-22,-11,160
1743497998.103656,3,52,152
1743497998.139656,17,-33,174
1743497998.1746562,9,40,70
1743497998.2106562,-100,-29,64
1743497998.245656,123,36,48
1743497998.281656,-74,-27,86
1743497998.316656,17,-8,340
1743497998.351656,45,-18,128
1743497998.387656,-6,15,146
1743497998.422656,21,-16,80
1743497998.458656,-32,-92,160
1743497998.4936562,49,49,38
1743497998.5296562,5,-36,218
1743497998.564656,-8,13,296
1743497998.599656,-16,9,48
1743497998.635656,3,-30,186
1743497998.670656,-8,-42,132
1743497998.706656,3,-2,120
1743497998.741656,69,-48,172
1743497998.777656,-30,33,156
1743497998.8126562,35,31,130
1743497998.847656,-4,87,90
1743497998.883656,21,-28,126
1743497998.918656,7,-24,78
1743497998.9546561,-12,15,220
1743497998.989656,51,-72,198
1743497999.025656,-24,12,102
1743497999.060656,-92,-51,222
1743497999.0956562,-42,-9,44
1743497999.1316562,23,-3,106
1743497999.166656,-96,14,102
1743497999.202656,1,61,148
1743497999.237656,0,-20,34
1743497999.2736561,3,-58,36
1743497999.308656,-28,-51,130
1743497999.343656,-16,30,156
1743497999.379656,-36,4,154
1743497999.4146562,25,-33,88
1743497999.450656,-6,-3,180
1743497999.485656,-62,-1,172
1743497999.521656,49,-19,-11
1743497999.5566561,103,76,264
1743497999.591656,-46,32,84
1743497999.627656,19,16,148
1743497999.662656,5,-89,4
1743497999.698656,25,38,126
1743497999.7336562,-54,-15,12
1743497999.769656,15,76,146
1743497999.804656,19,6,202
1743497999.839656,109,58,50
1743497999.8756561,71,20,162
1743497999.910656,-2,64,48
1743497999.946656,-16,24,166
1743497999.981656,-10,8,102
